0.999156892 0.001994033 -0.041008014 -0.049470581 -0.002133872 0.999992073 -0.003366577 -0.005049037 0.041000977 0.003451244 0.999153137 0.449989438
0.998535931 0.001989504 -0.054056235 -0.071284592 -0.002209772 0.999989510 -0.004015344 -0.007152949 0.054047678 0.004128918 0.998529732 0.560930490
0.997550130 0.001921526 -0.069930352 -0.021908874 -0.002252546 0.999986649 -0.004655028 -0.000749738 0.069920495 0.004801145 0.997541010 0.156989902
0.996075690 0.000641833 -0.088503972 -0.117182642 -0.001019615 0.999990582 -0.004223391 -0.008255005 0.088500433 0.004297057 0.996066868 0.819688618
0.994132817 -0.000584988 -0.108164556 -0.147099555 0.000118377 0.999990642 -0.004320271 -0.011354919 0.108166091 0.004282119 0.994123638 0.962361038
0.991410136 -0.001099896 -0.130785257 -0.064088181 0.000462197 0.999987841 -0.004906184 -0.004974520 0.130789042 0.004803590 0.991398573 0.393124312
0.988088191 0.002668116 -0.153866172 -0.089708716 -0.003609349 0.999976456 -0.005838201 -0.008630458 0.153846949 0.006324014 0.988074422 0.481376708
0.983975053 0.006991600 -0.178169176 -0.173908100 -0.008434006 0.999937475 -0.007339589 -0.017066915 0.178106755 0.008724653 0.983972490 0.829683959
0.978784978 0.009908754 -0.204650387 -0.359786004 -0.011882463 0.999893963 -0.008417650 -0.032873757 0.204545274 0.010670822 0.978798926 1.578069210
0.972321630 0.010645473 -0.233403906 -0.409596562 -0.012972292 0.999880254 -0.008436203 -0.036374733 0.233286172 0.011230489 0.972343206 1.700730205
0.964495301 0.012675171 -0.263795942 -0.442569911 -0.015387259 0.999847889 -0.008217316 -0.036888961 0.263651639 0.011984660 0.964543402 1.775776744
0.955434442 0.014464954 -0.294848830 -0.589210033 -0.017351253 0.999823630 -0.007175142 -0.042106964 0.294692993 0.011971375 0.955516994 2.089003325
0.944420815 0.016576555 -0.328320324 -0.659252107 -0.019573784 0.999791563 -0.005826021 -0.045437068 0.328155249 0.011928693 0.944548488 2.228215933
0.932468116 0.019074224 -0.360748231 -0.783120692 -0.022568990 0.999730229 -0.005476917 -0.048204198 0.360546499 0.013248776 0.932647169 2.436758041
0.918963552 0.021764046 -0.393741727 -0.855884910 -0.025657479 0.999660015 -0.004626479 -0.050038747 0.393507123 0.014353985 0.919209480 2.550802708
0.903538346 0.023103978 -0.427884132 -0.984605551 -0.027388534 0.999617457 -0.003859574 -0.052402083 0.427631259 0.015206393 0.903825402 2.745204449
0.885811925 0.018302573 -0.463683426 -1.136310220 -0.023186907 0.999719381 -0.004834764 -0.048695948 0.463464886 0.015034077 0.885987699 2.961932898
0.865401983 0.013441427 -0.500897944 -1.269311786 -0.018520219 0.999815106 -0.005167698 -0.051701449 0.500735879 0.013748875 0.865490913 3.136160135
0.841282308 0.014895028 -0.540390730 -1.394316554 -0.018888637 0.999819756 -0.001847423 -0.055577401 0.540265858 0.011761448 0.841412187 3.277441740
0.813133776 0.020695807 -0.581708789 -1.598576546 -0.023911774 0.999711692 0.002142597 -0.063980587 0.581585467 0.012167472 0.813394248 3.476444006
0.781364441 0.024067365 -0.623610854 -1.768214941 -0.027726984 0.999608099 0.003837416 -0.064574085 0.623458803 0.014292426 0.781725526 3.633664608
0.746738136 0.023346219 -0.664708257 -1.992987514 -0.026610149 0.999632299 0.005215554 -0.073521197 0.664585650 0.013793333 0.747084796 3.810435295
0.707580805 0.018444981 -0.706391692 -2.183656693 -0.020104436 0.999780059 0.005967532 -0.072299272 0.706346512 0.009979096 0.707795978 3.970479488
0.666729391 0.015677601 -0.745135009 -2.440555573 -0.015793081 0.999851406 0.006905541 -0.071572877 0.745132565 0.007163850 0.666877925 4.140584469
0.622901559 0.014821965 -0.782159925 -2.677672386 -0.012975384 0.999878645 0.008614329 -0.068702385 0.782192588 0.004782947 0.623018324 4.284621239
0.571330428 0.018054629 -0.820521414 -2.759789467 -0.012829510 0.999832213 0.013066947 -0.059416637 0.820619881 0.003061343 0.571466208 4.201012611
0.521416366 0.018032087 -0.853111863 -3.048731565 -0.010751751 0.999836087 0.014561975 -0.051163793 0.853234768 0.001579594 0.521524787 4.332530975
0.470036238 0.020559223 -0.882407665 -3.338763475 -0.010824883 0.999787748 0.017527925 -0.053715043 0.882580698 0.001313201 0.470159024 4.438773155
0.415947914 0.022833109 -0.909101784 -3.683921814 -0.009103542 0.999739170 0.020944363 -0.055122308 0.909342825 -0.000435718 0.416047335 4.560763359
0.361819595 0.025120884 -0.931909621 -4.021142006 -0.009724115 0.999684215 0.023172397 -0.048245743 0.932197332 0.000677769 0.361949652 4.639030457
0.307345927 0.028536100 -0.951169908 -4.405014038 -0.006877731 0.999590695 0.027766421 -0.050843075 0.951572955 -0.001992007 0.307416469 4.725667953
0.255505502 0.030269923 -0.966333687 -4.795177937 -0.003030836 0.999529898 0.030508410 -0.044054300 0.966802895 -0.004866267 0.255477130 4.783099174
0.206414655 0.031495936 -0.977957606 -5.240400314 -0.000486661 0.999484956 0.032086525 -0.045400470 0.978464603 -0.006147195 0.206323639 4.824124336
0.158638939 0.031875536 -0.986822009 -5.651935577 -0.002419733 0.999488294 0.031895682 -0.034085557 0.987333655 -0.002672051 0.158634916 4.863392830
0.116760790 0.031026226 -0.992675364 -6.150959492 -0.004317478 0.999518335 0.030732267 -0.008243456 0.993150711 0.000697529 0.116838500 4.881653786
0.079480641 0.030704962 -0.996363461 -6.578257084 -0.005011756 0.999525189 0.030402614 -0.009192646 0.996823788 0.002577112 0.079596788 4.880667210
0.045328774 0.027402155 -0.998596311 -7.109606266 -0.004665933 0.999618590 0.027218413 0.008103222 0.998961210 0.003425605 0.045439336 4.879201412
0.014623189 0.025316391 -0.999572456 -7.579600334 -0.003246253 0.999675274 0.025271505 0.007284135 0.999887764 0.002875315 0.014700629 4.856509209
-0.011761498 0.023229659 -0.999660969 -8.143140793 -0.003504030 0.999722958 0.023272328 0.016032875 0.999924660 0.003776560 -0.011676844 4.829966068
-0.032089621 0.020985803 -0.999264657 -8.635805130 -0.004126526 0.999768198 0.021128895 0.029754639 0.999476433 0.004801510 -0.031995587 4.788597107
-0.047801480 0.020333426 -0.998649895 -9.234042168 -0.004099433 0.999780416 0.020552667 0.040442884 0.998848438 0.005076346 -0.047707625 4.740665913
-0.061008580 0.020644553 -0.997923732 -9.750126839 -0.002685477 0.999779165 0.020847110 0.047665596 0.998133659 0.003951754 -0.060939658 4.697698593
-0.071481138 0.022150654 -0.997196019 -10.373314857 -0.003385312 0.999742270 0.022449877 0.048598334 0.997436285 0.004980562 -0.071387723 4.656208992
-0.077142648 0.022962509 -0.996755600 -10.923542023 -0.005351643 0.999710858 0.023444772 0.056217894 0.997005641 0.007142873 -0.076997459 4.587463856
-0.080918394 0.023897136 -0.996434152 -11.597814560 -0.005536715 0.999686360 0.024424758 0.065725446 0.996705294 0.007493384 -0.080760710 4.515809536
-0.082659438 0.024721727 -0.996271133 -12.161270142 -0.003345099 0.999679804 0.025083845 0.071415707 0.996572256 0.005406042 -0.082550265 4.467720032
-0.081000805 0.027051836 -0.996346831 -12.848320007 -0.001247274 0.999628067 0.027242325 0.080552757 0.996713281 0.003449367 -0.080936939 4.403483391
-0.080358371 0.029044230 -0.996342719 -13.454304695 -0.001931075 0.999568999 0.029294025 0.092774451 0.996764183 0.004278033 -0.080267645 4.358570099
-0.078821510 0.028897455 -0.996469796 -14.162909508 -0.004369123 0.999560237 0.029332675 0.101215988 0.996879160 0.006665745 -0.078660592 4.298307419
-0.077174723 0.026469402 -0.996666133 -14.791035652 -0.005811125 0.999618590 0.026997784 0.111151695 0.997000754 0.007875297 -0.076991446 4.240715981
-0.076182604 0.026038891 -0.996753812 -15.528921127 -0.006188617 0.999627352 0.026586955 0.128867507 0.997074664 0.008193991 -0.075993069 4.186993122
-0.074319027 0.028881963 -0.996816218 -16.212764740 -0.005488743 0.999553561 0.029370502 0.142910004 0.997219384 0.007654054 -0.074127316 4.127751350
-0.072879143 0.032040700 -0.996825993 -16.968822479 -0.006422668 0.999448061 0.032594554 0.155917645 0.997320056 0.008777745 -0.072633125 4.073750496
-0.070988655 0.034443825 -0.996882260 -17.673765182 -0.007394753 0.999358058 0.035055947 0.161756814 0.997449756 0.009860273 -0.070688367 4.016273975
-0.069516890 0.033882726 -0.997005224 -18.451276779 -0.009824106 0.999351263 0.034647446 0.172740847 0.997532427 0.012203267 -0.069138929 3.960371494
-0.067350790 0.030885387 -0.997251213 -19.186815262 -0.011709504 0.999427378 0.031743612 0.192622095 0.997660637 0.013815277 -0.066950582 3.889587402
-0.065589324 0.030107642 -0.997392416 -19.992549896 -0.012599212 0.999439955 0.030997990 0.211313754 0.997767210 0.014599494 -0.065173261 3.822600365
-0.064387925 0.032378517 -0.997399509 -20.745660782 -0.010006025 0.999402165 0.033089496 0.227179289 0.997874796 0.012110567 -0.064025447 3.776900768
-0.063214123 0.034378029 -0.997407675 -21.552780151 -0.007810904 0.999358714 0.034940332 0.242968440 0.997969449 0.009999380 -0.062905073 3.718408585
-0.061924990 0.036241449 -0.997422636 -22.337181091 -0.006822580 0.999301791 0.036733318 0.256920516 0.998057425 0.009079706 -0.061634492 3.663231850
-0.061546128 0.031614292 -0.997603476 -23.162506104 -0.006443366 0.999464869 0.032070801 0.270044744 0.998083413 0.008401758 -0.061309490 3.605749130
-0.061226409 0.024592251 -0.997820854 -23.936098099 -0.005607734 0.999672234 0.024981970 0.282881737 0.998108208 0.007125071 -0.061068427 3.558856964
-0.061316829 0.020118728 -0.997915566 -24.778896332 -0.002012392 0.999792337 0.020280214 0.294658780 0.998116314 0.003251717 -0.061263613 3.500453949
-0.062147673 0.020689121 -0.997852504 -25.575101852 -0.001306854 0.999782503 0.020810528 0.307152539 0.998066127 0.002597373 -0.062107120 3.455221176
-0.062338002 0.027963590 -0.997663319 -26.421987534 -0.001075439 0.999604881 0.028085206 0.318542361 0.998054504 0.002823703 -0.062283300 3.394071817
-0.062741853 0.034925796 -0.997418523 -27.283388138 -0.002606886 0.999378324 0.035158403 0.330253661 0.998026431 0.004806059 -0.062611803 3.327221632
-0.063214414 0.040310934 -0.997185469 -28.060935974 -0.004441442 0.999162614 0.040672410 0.339120090 0.997990072 0.007000026 -0.062982433 3.279749155
-0.063215293 0.040793266 -0.997165859 -28.903388977 -0.006410832 0.999127030 0.041279908 0.349972069 0.997979343 0.009002185 -0.062898584 3.206968307
-0.063304327 0.036954924 -0.997309864 -29.768232346 -0.006036784 0.999281645 0.037411168 0.372659862 0.997975945 0.008388837 -0.063035771 3.130697727
-0.064532265 0.034337219 -0.997324705 -30.543199539 -0.005770024 0.999378324 0.034781273 0.386434197 0.997898936 0.007999102 -0.064294010 3.096759319
-0.064802177 0.035562459 -0.997264266 -31.374523163 -0.007848789 0.999315739 0.036145631 0.396901131 0.997867286 0.010169631 -0.064478725 3.030434132
-0.064010680 0.037687324 -0.997237325 -32.250637054 -0.008160193 0.999233484 0.038286544 0.417285740 0.997915804 0.010588397 -0.063654087 2.937788963
-0.065002836 0.036790319 -0.997206688 -33.002559662 -0.010512556 0.999239385 0.037550580 0.410938859 0.997829735 0.012924087 -0.064566635 2.930974007
-0.064282350 0.031886410 -0.997422218 -33.846977234 -0.011289054 0.999402225 0.032677267 0.422621608 0.997868001 0.013360524 -0.063883953 2.850236416
-0.063787386 0.027209571 -0.997592568 -34.686912537 -0.011948798 0.999535799 0.028026596 0.446693361 0.997892022 0.013707777 -0.063432656 2.770811319
-0.063751295 0.027981700 -0.997573435 -35.387699127 -0.012608724 0.999504447 0.028841645 0.456936002 0.997886181 0.014416819 -0.063366883 2.756266594
-0.063445553 0.030813642 -0.997509480 -36.222652435 -0.012087834 0.999426126 0.031641684 0.457044244 0.997912169 0.014065250 -0.063036665 2.697525740
-0.063413091 0.035499323 -0.997355759 -37.063236237 -0.011121308 0.999279916 0.036274914 0.471331418 0.997925460 0.013392203 -0.062972620 2.648199797
-0.062650740 0.040909257 -0.997196734 -37.777793884 -0.010938115 0.999071300 0.041673377 0.485310555 0.997975528 0.013518317 -0.062145099 2.598716259
-0.062837012 0.044009052 -0.997053027 -38.616622925 -0.011168749 0.998933613 0.044795949 0.498405457 0.997961283 0.013950678 -0.062278491 2.527370691
-0.062401500 0.043575041 -0.997099459 -39.457576752 -0.010601292 0.998961091 0.044319868 0.525361776 0.997994840 0.013336166 -0.061874725 2.458718538
-0.063101895 0.039286409 -0.997233510 -40.126899719 -0.010159267 0.999147773 0.040004667 0.541624308 0.997955501 0.012655534 -0.062648997 2.439893246
-0.063057005 0.034587435 -0.997410476 -40.943649292 -0.010536183 0.999320507 0.035319779 0.566425979 0.997954309 0.012736061 -0.062649749 2.382295370
-0.062575363 0.032395791 -0.997514307 -41.772724152 -0.014806421 0.999332845 0.033383690 0.571986377 0.997930408 0.016858613 -0.062053964 2.308493376
-0.063434519 0.030925002 -0.997506797 -42.441917419 -0.018630333 0.999308944 0.032165635 0.576650083 0.997812033 0.020624297 -0.062814556 2.267622471
-0.063874073 0.028883364 -0.997539937 -43.251846313 -0.016142270 0.999420464 0.029971436 0.585464358 0.997827411 0.018016959 -0.063370809 2.201285601
-0.065209374 0.025393331 -0.997548461 -44.074657440 -0.012690919 0.999574244 0.026274506 0.592278659 0.997790933 0.014373153 -0.064859353 2.144086361
-0.066104636 0.023587804 -0.997533858 -44.713638306 -0.008336966 0.999672532 0.024190852 0.601286411 0.997777879 0.009915536 -0.065886341 2.109197855
-0.067974254 0.027372671 -0.997311473 -45.529026031 -0.008349275 0.999572873 0.028003808 0.603059590 0.997652173 0.010230363 -0.067716673 2.047515631
-0.069493882 0.032997720 -0.997036457 -46.363918304 -0.005713735 0.999423206 0.033474967 0.618382752 0.997565985 0.008023109 -0.069265261 1.975868940
-0.072193593 0.037003972 -0.996704102 -46.955463409 -0.003814740 0.999293923 0.037376445 0.622905850 0.997383356 0.006500506 -0.072001472 1.953517199
-0.073932566 0.036517680 -0.996594489 -47.769931793 -0.003793633 0.999311805 0.036898676 0.628651023 0.997256041 0.006508725 -0.073743157 1.885998964
-0.074363276 0.032606531 -0.996698081 -48.575641632 -0.007439649 0.999419272 0.033250634 0.636515796 0.997203469 0.009887708 -0.074077517 1.798802137
-0.076175280 0.028524933 -0.996686339 -49.124557495 -0.011991457 0.999492168 0.029521734 0.650545180 0.997022271 0.014200546 -0.075794548 1.767258167
-0.077543750 0.027172690 -0.996618569 -49.929244995 -0.016105883 0.999463916 0.028503422 0.660037398 0.996858776 0.018261684 -0.077064529 1.683897018
-0.078361668 0.028127832 -0.996528089 -50.733558655 -0.017677119 0.999405444 0.029599085 0.665324211 0.996768236 0.019935180 -0.077817857 1.597231150
-0.079631835 0.029990695 -0.996373117 -51.221721649 -0.017667225 0.999347866 0.031492233 0.664840221 0.996667743 0.020110935 -0.079050049 1.587180614
-0.080039874 0.029501613 -0.996354997 -52.007965088 -0.019351920 0.999327600 0.031144224 0.675206006 0.996603787 0.021774165 -0.079415128 1.504366875
-0.080888763 0.029220739 -0.996294737 -52.805339813 -0.019572696 0.999330878 0.030898888 0.684547663 0.996530890 0.021999545 -0.080262706 1.424068451
-0.083404571 0.031237595 -0.996026039 -53.137680054 -0.017826144 0.999301910 0.032833040 0.684608817 0.996356308 0.020493735 -0.082789496 1.463926315
-0.084104918 0.033498839 -0.995893598 -53.931446075 -0.016725115 0.999246538 0.035024080 0.703754187 0.996316493 0.019602137 -0.083481267 1.391727924
-0.084031239 0.037374094 -0.995761991 -54.703964233 -0.016940907 0.999098361 0.038928945 0.728966236 0.996319056 0.020140363 -0.083322331 1.317603111
-0.085471667 0.040454466 -0.995518982 -55.024398804 -0.017434258 0.998961627 0.042091209 0.708982944 0.996188045 0.020953745 -0.084677622 1.317620277
-0.086436167 0.040123664 -0.995449066 -55.772109985 -0.017016277 0.998983502 0.041743662 0.726980209 0.996112108 0.020547003 -0.085665531 1.245718002
-0.086804949 0.037714314 -0.995511115 -56.504943848 -0.016811350 0.999085426 0.039315604 0.740965366 0.996083498 0.020148672 -0.086091504 1.179549217
-0.087264799 0.034454029 -0.995589197 -57.225818634 -0.016068775 0.999222994 0.035988234 0.752916336 0.996055484 0.019138407 -0.086643353 1.110711575
-0.086764500 0.031481411 -0.995731294 -57.937164307 -0.017128125 0.999305725 0.033086896 0.760413289 0.996081531 0.019925777 -0.086165018 1.032606125
-0.086318642 0.029225737 -0.995838821 -58.627567291 -0.017390300 0.999373078 0.030836839 0.773360014 0.996115804 0.019979730 -0.085756280 0.971617699
-0.088437445 0.030680066 -0.995609105 -58.550102234 -0.019781074 0.999274373 0.032550108 0.721356511 0.995885253 0.022572860 -0.087766372 1.091300964
-0.083970547 0.031609964 -0.995966733 -59.228214264 -0.020072509 0.999240339 0.033406187 0.729140401 0.996266007 0.022796683 -0.083272234 1.021934032
-0.078454137 0.032332670 -0.996393383 -59.883255005 -0.019321835 0.999236941 0.033946309 0.747329712 0.996730387 0.021915369 -0.077769533 0.967981815
-0.071741544 0.033660579 -0.996855199 -60.510665894 -0.018160239 0.999220610 0.035047408 0.752768397 0.997257888 0.020617479 -0.071074329 0.918023109
-0.063338019 0.035461463 -0.997361958 -61.116813660 -0.019091332 0.999142647 0.036737181 0.747184515 0.997809470 0.021367827 -0.062606692 0.871894121
-0.056796163 0.038561925 -0.997640729 -61.146251678 -0.020925371 0.998988330 0.039805304 0.728718638 0.998166442 0.023136795 -0.055931777 1.013809443
-0.042268857 0.039879169 -0.998310030 -61.725170135 -0.024119671 0.998871088 0.040922821 0.738783240 0.998815060 0.025808671 -0.041259266 0.985943794
-0.024486415 0.040545590 -0.998877525 -62.293766022 -0.025236046 0.998833716 0.041162435 0.755704999 0.999381602 0.026215643 -0.023434643 0.981208205
-0.003197603 0.041286174 -0.999142170 -62.831253052 -0.026317064 0.998797834 0.041356161 0.769013286 0.999648571 0.026426727 -0.002107225 0.992838144
0.022553530 0.042606838 -0.998837352 -63.340606689 -0.025985731 0.998778939 0.042017587 0.760430455 0.999407887 0.025007872 0.023633167 0.999913931
0.051721569 0.042365503 -0.997762442 -63.812995911 -0.024426999 0.998854578 0.041145634 0.756073594 0.998362839 0.022244230 0.052697208 1.033793688
0.079620734 0.040376656 -0.996007204 -63.666900635 -0.023279862 0.998982251 0.038636260 0.791875362 0.996553361 0.020110663 0.080479652 1.163878679
0.116194703 0.040347967 -0.992406607 -64.110198975 -0.023096288 0.999014139 0.037912406 0.804769754 0.992957890 0.018515686 0.117012024 1.249318123
0.157600209 0.040792868 -0.986660063 -64.539497375 -0.022878129 0.999029100 0.037649903 0.799762130 0.987237990 0.016639303 0.158380449 1.313667297
0.202394634 0.042084426 -0.978399396 -64.950981140 -0.021398574 0.999027669 0.038545154 0.794084430 0.979070306 0.013135019 0.203098387 1.415067673
0.250173688 0.041328926 -0.967318475 -65.347282410 -0.018821798 0.999107301 0.037819304 0.792386293 0.968017995 0.008745278 0.250728250 1.547631264
0.299741000 0.036678858 -0.953315258 -65.713592529 -0.011068402 0.999327183 0.034969036 0.788608074 0.953956425 0.000070021 0.299945295 1.697334290
0.345932573 0.031950328 -0.937715352 -65.548652649 -0.004909759 0.999468029 0.032243144 0.782803297 0.938246548 -0.006549995 0.345905423 1.754476547
0.397591114 0.027259903 -0.917157710 -65.908142090 -0.000142095 0.999560416 0.029647486 0.792097449 0.917562664 -0.011657253 0.397420257 1.946979523
0.449123472 0.026273580 -0.893083274 -66.300819397 -0.000942035 0.999580920 0.028932884 0.807576358 0.893469214 -0.012153125 0.448960006 2.171863556
0.493683368 0.026037751 -0.869251847 -66.392234802 0.000978137 0.999534369 0.030495793 0.795386672 0.869641185 -0.015905511 0.493428081 2.286520004
0.538803637 0.022168055 -0.842139661 -66.737365723 0.008442897 0.999461353 0.031711105 0.797565818 0.842389166 -0.024196155 0.538326204 2.553462982
0.582671165 0.015422553 -0.812561631 -67.068283081 0.018613966 0.999304414 0.032314654 0.808914542 0.812494814 -0.033953812 0.581978858 2.845134735
0.624265432 0.010892528 -0.781136274 -67.147209167 0.020021006 0.999351263 0.029935727 0.799192429 0.780955613 -0.034326982 0.623642325 2.953084946
0.665443063 0.006332583 -0.746421754 -67.383392334 0.016514370 0.999594271 0.023203220 0.800261974 0.746265888 -0.027767105 0.665068567 3.193454742
0.706334770 -0.001328727 -0.707876682 -67.676559448 0.013191102 0.999849200 0.011285593 0.810135901 0.707754970 -0.017309077 0.706245840 3.520107269
0.745668054 -0.002838010 -0.666311502 -67.827056885 0.007297420 0.999965668 0.003907392 0.803801477 0.666277647 -0.007775973 0.745663285 3.734058380
0.783181787 -0.003480107 -0.621782959 -68.096931458 0.005118435 0.999986529 0.000850145 0.801858544 0.621771574 -0.003848374 0.783189178 4.119579315
0.818123639 -0.004007950 -0.575028419 -68.263366699 0.004449562 0.999989927 -0.000639304 0.793093383 0.575025201 -0.002035595 0.818133175 4.392812729
0.849544942 -0.003215977 -0.527506590 -68.515899658 0.001701368 0.999992967 -0.003356481 0.796184063 0.527513683 0.001953998 0.849544287 4.849319458
0.876766205 -0.001126652 -0.480915457 -68.665115356 0.000115123 0.999997735 -0.002132833 0.782141566 0.480916798 0.001814631 0.876764297 5.156202316
0.898932934 0.004458347 -0.438063443 -68.905479431 -0.005704463 0.999982595 -0.001528681 0.777369380 0.438049048 0.003873098 0.898942709 5.680967331
0.917547226 0.009316894 -0.397517622 -69.040458679 -0.011563518 0.999927819 -0.003254826 0.769146442 0.397458553 0.007583160 0.917588711 6.023197174
0.932046294 0.014038394 -0.362067133 -69.265121460 -0.016012298 0.999868751 -0.002451619 0.766790509 0.361985147 0.008082550 0.932148814 6.592067719
0.942826509 0.014510727 -0.332967877 -69.383651733 -0.015587817 0.999878287 -0.000563553 0.757016897 0.332919240 0.005721572 0.942938030 6.999984741
0.950717211 0.014861314 -0.309702784 -69.573753357 -0.015519771 0.999879479 0.000337769 0.752729535 0.309670508 0.004485394 0.950833380 7.631580353
0.957245409 0.014290072 -0.288923502 -69.703666687 -0.014209202 0.999896169 0.002377420 0.747192800 0.288927525 0.001829597 0.957349181 8.077362061
0.962500155 0.016909471 -0.270753771 -69.909683228 -0.016299527 0.999857008 0.004501349 0.742693484 0.270791203 0.000080611 0.962638199 8.765577316
0.966441929 0.021996168 -0.255941659 -70.024261475 -0.021083537 0.999757826 0.006309348 0.734890878 0.256018460 -0.000701462 0.966671646 9.223548889
0.969806433 0.025679259 -0.242520466 -70.220642090 -0.024537070 0.999669075 0.007729457 0.725976050 0.242638707 -0.001545335 0.970115483 9.936864853
0.973018229 0.024806812 -0.229390919 -70.398994446 -0.023673879 0.999690235 0.007689972 0.714020252 0.229510605 -0.002051910 0.973303974 10.663312912
0.975815535 0.024088468 -0.217264548 -70.455856323 -0.023166202 0.999708593 0.006791317 0.715894043 0.217364818 -0.001593878 0.976089120 11.066793442
0.978831887 0.024935978 -0.203141421 -70.589622498 -0.024004519 0.999687016 0.007048213 0.713817418 0.203253582 -0.002022703 0.979124010 11.720182419
0.981712162 0.026084496 -0.188576058 -70.760726929 -0.025106817 0.999656081 0.007571789 0.708336532 0.188708708 -0.002698771 0.982029378 12.517640114
0.983882308 0.026377439 -0.176860929 -70.850708008 -0.025933381 0.999652028 0.004822241 0.697669387 0.176926598 -0.000157917 0.984224021 13.067687988
0.985739291 0.026947116 -0.166108102 -71.000717163 -0.027418310 0.999623954 -0.000543764 0.686725736 0.166030973 0.005090414 0.986107469 13.897209167
0.987275720 0.024652218 -0.157095060 -71.080543518 -0.026050756 0.999637127 -0.006849436 0.684412122 0.156869203 0.010854727 0.987559736 14.460743904
0.988421321 0.023858475 -0.149846569 -71.213920593 -0.025198946 0.999657571 -0.007053047 0.674207270 0.149626985 0.010747357 0.988684118 15.330388069
0.989428163 0.026477378 -0.142586917 -71.308303833 -0.026904738 0.999637425 -0.001069667 0.661985278 0.142506897 0.004894625 0.989781737 15.908463478
0.990033388 0.031430766 -0.137280986 -71.461311340 -0.030785779 0.999502659 0.006819509 0.643456697 0.137427047 -0.002525240 0.990508676 16.808710098
0.990519643 0.032514662 -0.133467853 -71.529281616 -0.031375628 0.999451041 0.010629089 0.635243356 0.133740216 -0.006340683 0.990996063 17.377346039
0.991088450 0.031638216 -0.129393801 -71.666984558 -0.030646207 0.999483645 0.009651017 0.620779097 0.129632339 -0.005599582 0.991546273 18.252761841
0.991454303 0.031393778 -0.126620993 -71.791343689 -0.030583557 0.999497354 0.008338235 0.620503902 0.126819134 -0.004394456 0.991916120 19.129596710
0.991746783 0.029734626 -0.124715954 -71.821197510 -0.028605917 0.999532163 0.010831668 0.613037169 0.124979675 -0.007174659 0.992133379 19.554977417
0.992150009 0.027710635 -0.121943869 -71.944297791 -0.026331425 0.999569952 0.012907501 0.607855082 0.122249089 -0.009595222 0.992453098 20.441768646
0.992534339 0.025237350 -0.119325668 -72.007781982 -0.023654930 0.999612689 0.014659393 0.602823853 0.119649403 -0.011727310 0.992746949 21.011131287
0.992896616 0.024973284 -0.116330475 -72.128440857 -0.023887036 0.999657094 0.010722625 0.594163179 0.116558380 -0.007867666 0.993152678 21.877956390
0.992952883 0.026811123 -0.115436830 -72.187316895 -0.026550874 0.999640226 0.003791762 0.589614213 0.115496978 -0.000700092 0.993307590 22.439311981
0.993133962 0.027317805 -0.113747917 -72.304489136 -0.027920950 0.999603212 -0.003712432 0.574153244 0.113601372 0.006862891 0.993502676 23.301147461
0.993241131 0.027768981 -0.112698019 -72.366508484 -0.028818483 0.999554992 -0.007693818 0.563536108 0.112434223 0.010889607 0.993599474 23.867275238
0.993434012 0.029413680 -0.110560142 -72.474830627 -0.030257698 0.999524295 -0.005963621 0.541423678 0.110332139 0.009269759 0.993851483 24.727825165
0.993594050 0.032711562 -0.108169898 -72.542724609 -0.033131637 0.999448776 -0.002088109 0.526137412 0.108041964 0.005658582 0.994130254 25.296821594
0.993730605 0.036311377 -0.105739847 -72.650489807 -0.036218598 0.999339938 0.002798151 0.507396936 0.105771668 0.001049140 0.994389832 26.144359589
0.994058728 0.033933781 -0.103421129 -72.710952759 -0.033678319 0.999423802 0.004215860 0.504832447 0.103504606 -0.000707764 0.994628668 26.724370956
0.994212806 0.031140655 -0.102815568 -72.795326233 -0.030833609 0.999514043 0.004574720 0.482116818 0.102908060 -0.001378072 0.994689822 27.562438965
0.994428098 0.029420532 -0.101228431 -72.864532471 -0.029145604 0.999566376 0.004194149 0.477743149 0.101307921 -0.001220416 0.994854391 28.131698608
0.994553924 0.028624566 -0.100214556 -72.961021423 -0.028495075 0.999590218 0.002723627 0.463793039 0.100251451 0.000146826 0.994962156 28.994001389
0.994632781 0.026994089 -0.099886298 -73.007049561 -0.027012059 0.999634385 0.001172784 0.456468791 0.099881455 0.001531645 0.994998217 29.531909943
0.994740248 0.026182247 -0.099027850 -73.105339050 -0.026182832 0.999656200 0.001293917 0.444169879 0.099027701 0.001305719 0.995083869 30.404081345
0.994688332 0.029646263 -0.098572262 -73.158538818 -0.029576750 0.999560177 0.002166711 0.437073827 0.098593153 0.000760245 0.995127559 30.953149796
0.994694114 0.028549995 -0.098835550 -73.252899170 -0.028564394 0.999591112 0.001269632 0.423148900 0.098831385 0.001560281 0.995103002 31.830459595
0.994551182 0.028750531 -0.100206211 -73.312126160 -0.028771590 0.999585271 0.001235280 0.415045619 0.100200154 0.001654543 0.994965971 32.384590149
0.994359434 0.026212350 -0.102773108 -73.411170959 -0.026172003 0.999655902 0.001741229 0.399360359 0.102783374 0.000958372 0.994703352 33.285766602
0.994026840 0.028641745 -0.105310269 -73.477729797 -0.028632537 0.999588847 0.001599571 0.391896367 0.105312765 0.001425282 0.994438052 33.838027954
0.993593395 0.032297708 -0.108300559 -73.593383789 -0.032340642 0.999476016 0.001360430 0.378820032 0.108287737 0.002150794 0.994117200 34.739334106
0.993284106 0.031943940 -0.111203127 -73.653396606 -0.032542109 0.999463975 -0.003567832 0.369772732 0.111029528 0.007162657 0.993791282 35.286842346
0.992937088 0.032978032 -0.113966204 -73.770210266 -0.033957291 0.999401093 -0.006661444 0.349796206 0.113678262 0.010484383 0.993462324 36.202659607
0.992730916 0.032330580 -0.115930922 -73.888092041 -0.033545323 0.999400735 -0.008542057 0.337116778 0.115585268 0.012368907 0.993220508 37.114700317
0.992481589 0.032152709 -0.118095331 -73.931816101 -0.033242907 0.999420941 -0.007272828 0.328672051 0.117793083 0.011143981 0.992975652 37.507057190
0.992258310 0.031443633 -0.120144956 -74.059623718 -0.032444786 0.999453187 -0.006385338 0.306811720 0.119878456 0.010233978 0.992735922 38.451217651
0.992111981 0.030343503 -0.121626727 -74.193344116 -0.031140929 0.999504149 -0.004660419 0.283883512 0.121425018 0.008411227 0.992564976 39.383590698
0.991858482 0.029351205 -0.123916186 -74.201736450 -0.029728765 0.999557316 -0.001198541 0.289677829 0.123826154 0.004872658 0.992291927 39.760917664
0.991794825 0.029254235 -0.124447711 -74.338249207 -0.029075600 0.999571919 0.003251815 0.275898874 0.124489576 0.000393260 0.992220759 40.724670410
0.991872013 0.029791664 -0.123702385 -74.470428467 -0.029350432 0.999554694 0.005388128 0.256442308 0.123807825 -0.001713614 0.992304683 41.695892334
0.991963446 0.031598121 -0.122516215 -74.497131348 -0.031108314 0.999498665 0.005909136 0.252694368 0.122641489 -0.002050374 0.992448926 42.067470551
0.992197573 0.031598043 -0.120605245 -74.629821777 -0.031268045 0.999500275 0.004628158 0.242318779 0.120691232 -0.000820955 0.992689788 43.059703827
0.992546856 0.029105114 -0.118337676 -74.774871826 -0.029118722 0.999574602 0.001614388 0.238402769 0.118334316 0.001843486 0.992972136 44.055496216
0.992641151 0.025537604 -0.118369542 -74.766387939 -0.025691090 0.999669909 0.000229308 0.227999508 0.118336312 0.002813422 0.992969573 44.383487701
0.992909431 0.024407981 -0.116340451 -74.902816772 -0.024618363 0.999696910 -0.000371527 0.219980970 0.116296105 0.003233003 0.993209302 45.382514954
0.993066430 0.021310711 -0.115606524 -75.024543762 -0.021184456 0.999772906 0.002320827 0.203100249 0.115629725 0.000144325 0.993292391 46.374347687
0.992914498 0.020368481 -0.117071502 -74.991828918 -0.020114552 0.999792039 0.003350204 0.224120185 0.117115401 -0.000971627 0.993117750 46.707244873
0.993118942 0.019101314 -0.115541399 -75.144935608 -0.018913284 0.999817431 0.002723533 0.221877992 0.115572341 -0.000519526 0.993298888 47.685871124
0.993265450 0.021301191 -0.113885820 -75.282646179 -0.021465857 0.999769509 -0.000219597 0.195667803 0.113854900 0.002662774 0.993493795 48.668724060
0.992975473 0.024274312 -0.115803644 -75.248641968 -0.025074707 0.999670744 -0.005459680 0.182779819 0.115632974 0.008325069 0.993257046 48.984809875
0.992979825 0.025143739 -0.115580939 -75.370620728 -0.026540983 0.999591887 -0.010565597 0.154586136 0.115268119 0.013559055 0.993241847 49.961273193
0.992949605 0.029590694 -0.114784881 -75.508415222 -0.031663604 0.999366105 -0.016277660 0.123526990 0.114230439 0.019797398 0.993256986 50.937896729
0.992973626 0.029879410 -0.114501074 -75.510391235 -0.032103345 0.999329090 -0.017627949 0.117816687 0.113897547 0.021179955 0.993266702 51.226570129
0.993092000 0.027400834 -0.114094839 -75.630455017 -0.028953696 0.999509037 -0.011975139 0.094561934 0.113710679 0.015195876 0.993397713 52.202987671
0.993005872 0.027187712 -0.114891566 -75.747222900 -0.027733428 0.999610364 -0.003153794 0.069362968 0.114761055 0.006318075 0.993373036 53.171623230
0.992756665 0.026416250 -0.117201902 -75.755805969 -0.026138570 0.999650598 0.003905930 0.064062670 0.117264152 -0.000814148 0.993100405 53.465560913
0.992540061 0.024200475 -0.119493134 -75.888412476 -0.024220495 0.999705672 0.001284983 0.047649354 0.119489081 0.001618786 0.992834210 54.442504883
0.992337227 0.019392462 -0.122027278 -75.988616943 -0.019720040 0.999804497 -0.001477232 0.024842419 0.121974774 0.003872294 0.992525637 55.377944946
0.991870105 0.017408943 -0.126058772 -76.003204346 -0.018010594 0.999831259 -0.003634495 0.024644434 0.125974223 0.005875340 0.992016137 55.650142670
0.991436899 0.019381693 -0.129141048 -76.127235413 -0.020265350 0.999779403 -0.005531903 -0.006031215 0.129005328 0.008101621 0.991610825 56.580032349
0.990925133 0.020881154 -0.132782698 -76.192649841 -0.022358511 0.999703407 -0.009644719 -0.010251045 0.132541910 0.012526013 0.991098344 57.076160431
0.990408063 0.021283332 -0.136524737 -76.335998535 -0.023262769 0.999645829 -0.012919541 -0.035699368 0.136201441 0.015971564 0.990552366 58.012557983
0.989959955 0.023239251 -0.139425173 -76.491333008 -0.025834979 0.999524415 -0.016836260 -0.070609808 0.138967618 0.020269271 0.990089417 58.943580627
0.989069879 0.026798686 -0.144992039 -76.482421875 -0.029578509 0.999417007 -0.017050222 -0.081543684 0.144450605 0.021152504 0.989285827 59.181636810
0.988419354 0.030898696 -0.148568451 -76.642745972 -0.033566412 0.999316573 -0.015481829 -0.108822584 0.147988528 0.020289445 0.988780916 60.117397308
0.987644315 0.033297788 -0.153133914 -76.694625854 -0.035188522 0.999334037 -0.009652518 -0.125477910 0.152710542 0.014921810 0.988158345 60.563953400
0.987029076 0.033939600 -0.156912997 -76.855850220 -0.035050817 0.999376178 -0.004319225 -0.149637789 0.156668544 0.009763130 0.987603009 61.484962463
0.986077070 0.032657176 -0.163050994 -76.903991699 -0.033214491 0.999448001 -0.000692426 -0.162393764 0.162938416 0.006098444 0.986617327 61.916587830
0.985051215 0.032599259 -0.169148698 -77.078285217 -0.033005450 0.999455035 0.000410486 -0.180681229 0.169069916 0.005178483 0.985590339 62.817142487
0.983947337 0.030843429 -0.175773531 -77.129203796 -0.030695658 0.999522448 0.003560183 -0.182845801 0.175799429 0.001892451 0.984424174 63.205627441
0.982733190 0.032497168 -0.182151929 -77.304786682 -0.032514464 0.999467075 0.002892119 -0.194653764 0.182148799 0.003080391 0.983266175 64.089096069
0.981359720 0.035857901 -0.188804880 -77.376144409 -0.036085654 0.999346137 0.002232179 -0.205006495 0.188761503 0.004622576 0.982012033 64.461311340
0.980190098 0.037035458 -0.194565803 -77.563285828 -0.037952617 0.999279022 -0.000986889 -0.228583694 0.194388971 0.008351618 0.980889082 65.319763184
0.978919208 0.035442434 -0.201148957 -77.631057739 -0.037072487 0.999303043 -0.004341233 -0.226840705 0.200854957 0.011706810 0.979551077 65.682250977
0.977768898 0.036252022 -0.206527546 -77.821449280 -0.038134139 0.999259353 -0.005138297 -0.250394851 0.206188351 0.012899816 0.978427351 66.540367126
0.976577938 0.038666092 -0.211661026 -77.896522522 -0.039751366 0.999209285 -0.000873095 -0.247391835 0.211459920 0.009266462 0.977342725 66.905235291
0.975246370 0.039686516 -0.217530221 -78.103836060 -0.039935738 0.999197006 0.003252227 -0.268375605 0.217484593 0.005515507 0.976048112 67.770614624
0.973698735 0.039292350 -0.224425912 -78.164840698 -0.039071515 0.999221742 0.005426673 -0.272631854 0.224464476 0.003484715 0.974475980 68.107131958
0.972109437 0.036740713 -0.231632113 -78.368614197 -0.037433930 0.999298155 0.001403293 -0.281417042 0.231521130 0.007306747 0.972802341 68.956993103
0.970254779 0.034065679 -0.239677295 -78.598541260 -0.036450084 0.999320269 -0.005521335 -0.294962913 0.239326268 0.014093358 0.970836878 69.804344177
0.967721224 0.031062195 -0.250101417 -78.587966919 -0.033963326 0.999396443 -0.007291381 -0.303269207 0.249724001 0.015550301 0.968192101 69.864250183
0.965114772 0.031156624 -0.259967059 -78.831344604 -0.033423789 0.999432027 -0.004303871 -0.325361431 0.259685308 0.012842814 0.965607822 70.682220459
0.961840451 0.031308524 -0.271813899 -78.911041260 -0.031989049 0.999486387 0.001928098 -0.331488371 0.271734715 0.006840548 0.962347806 71.034576416
0.958512008 0.033019681 -0.283133328 -79.179412842 -0.031644341 0.999454737 0.009430883 -0.341239274 0.283290356 -0.000080047 0.959034204 71.866409302
0.954978049 0.035245717 -0.294575393 -79.258972168 -0.032927617 0.999375343 0.012827137 -0.342586040 0.294843525 -0.002549967 0.955542147 72.177932739
0.951369882 0.037847575 -0.305716932 -79.535476685 -0.037014093 0.999278247 0.008524807 -0.356719673 0.305818975 0.003205588 0.952084303 72.970779419
0.947541714 0.036964390 -0.317487478 -79.818733215 -0.039058182 0.999236941 -0.000230149 -0.367802709 0.317236692 0.012618558 0.948262453 73.764183044
0.943450451 0.035124827 -0.329647541 -79.828018188 -0.039274726 0.999210835 -0.005935607 -0.348094702 0.329178959 0.018546771 0.944085419 73.819122314
0.939369380 0.034758493 -0.341141105 -80.133766174 -0.037366509 0.999301016 -0.001075070 -0.360979557 0.340865344 0.013757141 0.940011561 74.618995667
0.934935093 0.036086489 -0.352978617 -80.234901428 -0.036241408 0.999324024 0.006172383 -0.360560596 0.352962643 0.007021666 0.935611010 74.917793274
0.930566251 0.036933832 -0.364255786 -80.567146301 -0.035137985 0.999315679 0.011558734 -0.368539453 0.364433348 0.002043045 0.931227207 75.710494995
0.925637901 0.033814132 -0.376896590 -80.672622681 -0.032392256 0.999424100 0.010111946 -0.375381589 0.377021402 0.002848531 0.926200211 75.997390747
0.921032906 0.031646557 -0.388197094 -81.015075684 -0.031895090 0.999474287 0.005805040 -0.384149790 0.388176799 0.007034947 0.921558201 76.781883240
0.917528212 0.027901487 -0.396690458 -81.367202759 -0.030664101 0.999529600 -0.000622203 -0.401751220 0.396486461 0.012735044 0.917952299 77.557861328
0.914278865 0.023439186 -0.404406786 -81.365463257 -0.028542915 0.999570847 -0.006594984 -0.399114132 0.404078573 0.017572599 0.914555430 77.578262329
0.911170363 0.022970874 -0.411389232 -81.736816406 -0.029131709 0.999537587 -0.008711202 -0.409261703 0.410998821 0.019921858 0.911418080 78.363250732
0.907515109 0.028224211 -0.419069827 -81.865158081 -0.035042234 0.999348998 -0.008579778 -0.421151876 0.418554872 0.022471424 0.907913446 78.636497498
0.904136658 0.029020432 -0.426256508 -82.254257202 -0.034919549 0.999371886 -0.006028859 -0.447857976 0.425813824 0.020335600 0.904582262 79.412269592
0.900616407 0.029581485 -0.433606803 -82.647933960 -0.032614846 0.999467850 0.000443447 -0.456509084 0.433389217 0.013742644 0.901102006 80.208999634
0.897128463 0.032275148 -0.440589219 -82.644889832 -0.031794444 0.999458492 0.008474950 -0.450016916 0.440624177 0.006405172 0.897668839 80.227973938
0.894199908 0.042457454 -0.445649981 -83.073608398 -0.040008035 0.999088049 0.014907570 -0.460677028 0.445876569 0.004499234 0.895083129 81.004180908
0.890913069 0.048755288 -0.451549411 -83.204788208 -0.048365310 0.998752534 0.012413216 -0.464951038 0.451591343 0.010780234 0.892159760 81.273490906
0.888439655 0.044785090 -0.456803441 -83.625938416 -0.047755256 0.998846352 0.005047602 -0.470342815 0.456502497 0.017330274 0.889553308 82.052749634
0.886050761 0.037121005 -0.462099612 -83.747924805 -0.043248393 0.999060750 -0.002670693 -0.470974863 0.461566448 0.022351433 0.886824012 82.311676025
0.884205818 0.037450723 -0.465593696 -84.181289673 -0.044121597 0.999020338 -0.003433332 -0.477839589 0.465008974 0.023578515 0.884991884 83.087753296
0.881383836 0.044295821 -0.470319420 -84.314704895 -0.048992641 0.998796582 0.002256322 -0.491936207 0.469853401 0.021053506 0.882493377 83.357040405
0.878551126 0.047083564 -0.475322098 -84.752937317 -0.049843919 0.998733819 0.006802795 -0.508839786 0.475040615 0.017715314 0.879785538 84.135269165
0.876096427 0.043489359 -0.480170578 -85.186813354 -0.047065534 0.998881280 0.004595765 -0.522258997 0.479833215 0.018573152 0.877163112 84.907516479
0.873259664 0.041060820 -0.485521793 -85.175819397 -0.047693066 0.998861194 -0.001306602 -0.524108648 0.484915257 0.024297031 0.874223590 84.917152405
0.871001661 0.037518110 -0.489845276 -85.639862061 -0.047543302 0.998836815 -0.008034850 -0.532710314 0.488974035 0.030287232 0.871772468 85.695106506
0.867975712 0.039067026 -0.495067537 -85.767272949 -0.050108656 0.998702824 -0.009042685 -0.545881629 0.494072199 0.032655999 0.868807435 85.945114136
0.865741193 0.041900598 -0.498734981 -86.230102539 -0.051168017 0.998677909 -0.004918553 -0.563063264 0.497869551 0.029777475 0.866740644 86.718177795
0.863273621 0.043937385 -0.502820075 -86.373687744 -0.052227888 0.998632252 -0.002405770 -0.576851726 0.502026737 0.028338065 0.864387691 86.973289490
0.860533595 0.044601589 -0.507437170 -86.834960938 -0.052638501 0.998612463 -0.001492794 -0.595842183 0.506666601 0.027995333 0.861687362 87.737976074
0.857845008 0.042849883 -0.512119055 -86.972633362 -0.051290840 0.998681009 -0.002355355 -0.602540970 0.511342585 0.028287550 0.858911216 87.992652893
