0.999826789 -0.002463269 0.018445423 -0.168733895 0.002526978 0.999990940 -0.003431428 -0.067290045 -0.018436803 0.003477439 0.999823928 1.839711070
0.999849677 -0.003055762 0.017066000 -0.109401993 0.003139612 0.999983132 -0.004888605 -0.086041883 -0.017050773 0.004941452 0.999842405 2.726415873
0.999837697 -0.004838861 0.017356055 -0.093873188 0.004961184 0.999963105 -0.007011820 -0.110227615 -0.017321488 0.007096786 0.999824643 3.579571486
0.999847949 -0.006408378 0.016218539 -0.031344444 0.006568642 0.999929965 -0.009847719 -0.110142782 -0.016154295 0.009952753 0.999819934 4.458545685
0.999865770 -0.006587946 0.014998948 0.035092145 0.006752769 0.999917090 -0.010964810 -0.127905861 -0.014925466 0.011064620 0.999827385 5.345785141
0.999885678 -0.006573760 0.013618591 0.031620599 0.006714345 0.999924362 -0.010303150 -0.143198177 -0.013549830 0.010393415 0.999854147 5.842092991
0.999883235 -0.007187724 0.013485518 0.127779216 0.007324943 0.999921620 -0.010153607 -0.199924380 -0.013411480 0.010251201 0.999857485 7.141812325
0.999879301 -0.005987572 0.014342736 0.155583069 0.006181003 0.999890089 -0.013480362 -0.220197141 -0.014260445 0.013567384 0.999806225 8.046311378
0.999911606 -0.004431382 0.012537971 0.157034829 0.004645417 0.999843121 -0.017093742 -0.225801319 -0.012460254 0.017150471 0.999775231 8.223575592
0.999926686 -0.002174168 0.011913239 0.288531840 0.002419845 0.999783874 -0.020646842 -0.289000064 -0.011865775 0.020674165 0.999715805 9.880438805
0.999950469 -0.000492926 0.009947333 0.289660424 0.000699204 0.999784529 -0.020744339 -0.294609696 -0.009934967 0.020750267 0.999735296 10.114064217
0.999946475 0.003601821 0.009697433 0.454307973 -0.003464676 0.999894321 -0.014122211 -0.360724390 -0.009747274 0.014087851 0.999853194 11.820597649
0.999957025 0.003825467 0.008443613 0.455593497 -0.003799534 0.999988139 -0.003085148 -0.372436762 -0.008455316 0.003052929 0.999959528 12.113176346
0.999937594 0.006680602 0.008950427 0.575910985 -0.006710157 0.999972165 0.003276109 -0.440399766 -0.008928291 -0.003335968 0.999954462 13.875620842
0.999926388 0.009445329 0.007611611 0.571096420 -0.009465201 0.999951899 0.002578841 -0.453254730 -0.007586886 -0.002650701 0.999967575 14.238220215
0.999882698 0.012713983 0.008541330 0.683339894 -0.012665246 0.999903321 -0.005736247 -0.461384743 -0.008613428 0.005627393 0.999947011 15.907843590
0.999896049 0.012750628 0.006739339 0.687025487 -0.012672384 0.999853253 -0.011528132 -0.465799630 -0.006885336 0.011441527 0.999910831 16.342063904
0.999906123 0.011976565 0.006658619 0.814666390 -0.011905416 0.999872625 -0.010624394 -0.484894544 -0.006785014 0.010544124 0.999921381 18.050296783
0.999916196 0.011051680 0.006754019 0.806842685 -0.011040607 0.999937594 -0.001674698 -0.493353218 -0.006772107 0.001599991 0.999975801 18.591159821
0.999919415 0.010765581 0.006724441 0.925755024 -0.010797239 0.999930739 0.004689150 -0.511947691 -0.006673494 -0.004761379 0.999966323 20.329122543
0.999933779 0.009575238 0.006388459 0.919061065 -0.009620783 0.999928296 0.007136665 -0.517491817 -0.006319667 -0.007197657 0.999954045 20.948942184
0.999924898 0.009852009 0.007274569 1.038442731 -0.009887481 0.999939322 0.004856489 -0.510988355 -0.007226282 -0.004928056 0.999961674 22.596235275
0.999926984 0.009330154 0.007676536 1.036015034 -0.009347711 0.999953866 0.002254386 -0.514357328 -0.007655143 -0.002325983 0.999967992 23.287004471
0.999896228 0.012009324 0.007959135 1.031170487 -0.012001649 0.999927402 -0.001011300 -0.521265745 -0.007970705 0.000915669 0.999967813 24.002735138
0.999900222 0.011577144 0.008082615 1.298412919 -0.011518787 0.999907553 -0.007229511 -0.545452118 -0.008165564 0.007135682 0.999941170 26.152011871
0.999928653 0.008450821 0.008429124 1.310067415 -0.008338192 0.999876738 -0.013308586 -0.561638474 -0.008540554 0.013237348 0.999875903 26.908874512
0.999872327 0.011683553 0.010888871 1.443188071 -0.011463257 0.999732614 -0.020078909 -0.582226157 -0.011120551 0.019951524 0.999739051 28.684976578
0.999859214 0.013419968 0.010071069 1.448771119 -0.013205388 0.999690592 -0.021079026 -0.602556229 -0.010350832 0.020943066 0.999727011 29.543617249
0.999851882 0.014593918 0.009112053 1.683774114 -0.014400913 0.999677837 -0.020899285 -0.673807383 -0.009414116 0.020764964 0.999740064 31.345119476
0.999836385 0.015909482 0.008601475 1.683246374 -0.015716163 0.999632359 -0.022093907 -0.708808005 -0.008949811 0.021955106 0.999718904 32.249137878
0.999793947 0.018693469 0.007915463 1.687647820 -0.018498141 0.999539137 -0.024069812 -0.742760599 -0.008361758 0.023918426 0.999679029 33.199848175
0.999692619 0.024212969 0.005330522 2.090464592 -0.024072416 0.999397099 -0.025017671 -0.876983166 -0.005933056 0.024881659 0.999672771 35.488590240
0.999642134 0.026220277 0.005318114 2.072235584 -0.026078548 0.999342978 -0.025166845 -0.913187325 -0.005974499 0.025019148 0.999669075 36.433681488
0.999625325 0.026912043 0.005003613 2.066577911 -0.026779389 0.999330699 -0.024917712 -0.956596553 -0.005670849 0.024774378 0.999676943 37.408508301
0.999603510 0.028044563 0.002481302 2.460067511 -0.027971530 0.999277353 -0.025733711 -1.053593278 -0.003201198 0.025654102 0.999665678 39.663303375
0.999578655 0.028960284 0.001900354 2.446270943 -0.028904514 0.999276280 -0.024724577 -1.090838909 -0.002615008 0.024659233 0.999692440 40.656181335
0.999568939 0.029343816 0.000859379 2.455503702 -0.029316690 0.999311268 -0.022747524 -1.133808494 -0.001526288 0.022712529 0.999740779 41.660461426
0.999437630 0.033324901 -0.003735984 2.967283964 -0.033396505 0.999219418 -0.021102417 -1.231549501 0.003029831 0.021215312 0.999770284 43.708862305
0.999412179 0.033993542 -0.004469045 2.960429430 -0.034083646 0.999178410 -0.021927016 -1.272040129 0.003720002 0.022066439 0.999749541 44.730628967
0.999392331 0.034401204 -0.005623586 2.960576773 -0.034522619 0.999135852 -0.023145061 -1.304578900 0.004822509 0.023325128 0.999716222 45.758609772
0.999020636 0.043648895 -0.007248496 3.247120380 -0.043821562 0.998709559 -0.025670955 -1.301686525 0.006118627 0.025963452 0.999644101 47.142440796
0.999047875 0.042826578 -0.008329201 3.235545635 -0.043010715 0.998801708 -0.023351267 -1.339849710 0.007319162 0.023687270 0.999692619 48.189399719
0.999042630 0.043150391 -0.007194934 3.380986691 -0.043277420 0.998890936 -0.018548775 -1.424067974 0.006386571 0.018842388 0.999802053 49.337394714
0.999044418 0.042965509 -0.008010691 3.369520426 -0.043087855 0.998946607 -0.015782764 -1.469723821 0.007324141 0.016112836 0.999843359 50.396572113
0.999065220 0.042296872 -0.008920372 3.353399038 -0.042431559 0.998979390 -0.015492762 -1.504732490 0.008255975 0.015856782 0.999840140 51.470905304
0.999107122 0.040015291 -0.013556560 3.771396637 -0.040240418 0.999049425 -0.016761923 -1.589942336 0.012872936 0.017292481 0.999767482 52.868240356
0.999050379 0.040915564 -0.014971033 3.752568245 -0.041180987 0.998991847 -0.017872471 -1.614181042 0.014224675 0.018472020 0.999728143 53.963947296
0.999053299 0.040599134 -0.015628217 3.722307205 -0.040859982 0.999024510 -0.016749870 -1.642364621 0.014932938 0.017372580 0.999737501 55.010349274
0.998638630 0.050520621 -0.012978259 4.047366142 -0.050683212 0.998636305 -0.012519894 -1.784342527 0.012328049 0.013160627 0.999837518 55.966003418
0.998632789 0.050491396 -0.013533105 4.011195660 -0.050627090 0.998668790 -0.009878360 -1.822157621 0.013016313 0.010549994 0.999859631 57.060165405
0.998572946 0.051525533 -0.014040213 3.986206532 -0.051673964 0.998609662 -0.010421721 -1.846908569 0.013483709 0.011132360 0.999847174 58.139636993
0.998464406 0.053280503 -0.015162567 3.959177732 -0.053491030 0.998472512 -0.013834985 -1.890536785 0.014402274 0.014624801 0.999789298 59.206741333
0.998350501 0.054805152 -0.017110433 4.636257648 -0.055004176 0.998421252 -0.011385605 -2.189970732 0.016459435 0.012307960 0.999788761 60.142650604
0.998346746 0.054754838 -0.017488748 4.595050335 -0.054966200 0.998418093 -0.011842294 -2.219247341 0.016812662 0.012783996 0.999776900 61.236587524
0.998292446 0.055959661 -0.016756533 4.562318802 -0.056131192 0.998373985 -0.009947258 -2.242944717 0.016172634 0.010870827 0.999810040 62.309230804
0.997815907 0.057757016 -0.032054629 5.533329964 -0.057763726 0.998330057 0.000717529 -2.584378719 0.032042544 0.001135637 0.999485791 63.491100311
0.997906029 0.056343030 -0.031764492 5.468330383 -0.056293055 0.998411298 0.002466139 -2.610543251 0.031852975 -0.000672853 0.999492288 64.587913513
0.997955441 0.055054355 -0.032465369 5.448452473 -0.055072539 0.998482347 0.000334722 -2.607634306 0.032434523 0.001453914 0.999472857 65.622764587
0.998027623 0.042674631 -0.046040535 6.078670979 -0.042974088 0.999060810 -0.005533844 -2.479811668 0.045761146 0.007501483 0.998924255 67.650238037
0.998021781 0.042858522 -0.045998357 6.027215958 -0.043254267 0.999034822 -0.007642413 -2.509458542 0.045626428 0.009616923 0.998912334 68.692924500
0.998073518 0.041612130 -0.046015531 5.962797165 -0.042111356 0.999063492 -0.009933299 -2.542110443 0.045559093 0.011851944 0.998891354 69.783576965
0.997899413 0.034927558 -0.054559849 6.418623924 -0.035701126 0.999274373 -0.013268117 -2.590559483 0.054056831 0.015188093 0.998422265 71.314910889
0.997969389 0.032857236 -0.054563995 6.359118462 -0.033701751 0.999324799 -0.014630003 -2.629626274 0.054046441 0.016439198 0.998403072 72.383445740
0.997933090 0.027853295 -0.057911973 6.513054848 -0.028739557 0.999481320 -0.014527227 -2.613228798 0.057477303 0.016161563 0.998215914 73.620407104
0.997975528 0.025700275 -0.058176540 6.446546555 -0.026275529 0.999612927 -0.009144657 -2.637438536 0.057918992 0.010654762 0.998264372 74.705268860
0.997827530 0.021554817 -0.062253959 6.604302406 -0.021837547 0.999754071 -0.003864702 -2.650041342 0.062155340 0.005215783 0.998052835 75.675262451
0.997874200 0.019910466 -0.062053449 6.522963047 -0.020152340 0.999791563 -0.003274298 -2.678564072 0.061975319 0.004517863 0.998067439 76.765213013
0.997681439 0.015724016 -0.066215262 6.653129101 -0.016028671 0.999863267 -0.004072226 -2.750033855 0.066142172 0.005124122 0.997796953 77.756874084
0.997691214 0.014344105 -0.066379495 6.569952488 -0.014841272 0.999865413 -0.007002738 -2.778824091 0.066270098 0.007971723 0.997769773 78.836738586
0.997468233 0.015180854 -0.069473542 6.653328419 -0.016031578 0.999803007 -0.011704110 -2.784322500 0.069282167 0.012788244 0.997515142 79.806869507
0.997495294 0.014763711 -0.069172792 6.558519840 -0.015887063 0.999750316 -0.015717901 -2.822250128 0.068923436 0.016777482 0.997480929 80.879379272
0.997418165 0.017281501 -0.069702126 6.606822014 -0.018537764 0.999676466 -0.017416857 -2.819712162 0.069378585 0.018664010 0.997415781 81.796348572
0.997418284 0.021327429 -0.068571478 6.500923157 -0.022344561 0.999650896 -0.014100458 -2.853572845 0.068246812 0.015596252 0.997546554 82.881225586
0.997040570 0.020739032 -0.074026734 6.625213146 -0.021554166 0.999715388 -0.010229423 -2.917575598 0.073793516 0.011794735 0.997203708 83.885360718
0.997047544 0.020577595 -0.073977783 6.537285805 -0.021325549 0.999729097 -0.009334780 -2.948644638 0.073765643 0.010884836 0.997216165 84.961509705
0.996814728 0.016485211 -0.078029610 6.633015156 -0.017195204 0.999816537 -0.008435838 -2.976094484 0.077876233 0.009750701 0.996915340 85.980850220
0.996761203 0.015609814 -0.078888871 6.547663212 -0.016175998 0.999847710 -0.006542955 -3.015917063 0.078774728 0.007797868 0.996861935 87.037399292
0.996603608 0.012539010 -0.081387602 6.595299244 -0.013077976 0.999896109 -0.006092522 -3.004931688 0.081302725 0.007136215 0.996663868 88.053642273
0.996480763 0.011623247 -0.083011508 6.515944481 -0.012046004 0.999916911 -0.004593710 -3.033141613 0.082951210 0.005577500 0.996537983 89.138938904
0.996491790 0.010168123 -0.083070114 6.403538704 -0.010666690 0.999927759 -0.005560147 -3.068792820 0.083007559 0.006426723 0.996528149 90.213485718
0.995837271 0.009852469 -0.090614766 6.615904808 -0.010685218 0.999905050 -0.008709433 -3.130661249 0.090520360 0.009641413 0.995847881 91.219909668
0.995792329 0.010430068 -0.091043413 6.499911308 -0.011450299 0.999877393 -0.010690833 -3.161933661 0.090920739 0.011688319 0.995789528 92.301467896
0.995311439 0.011110051 -0.096081816 6.577260971 -0.011992595 0.999890983 -0.008612731 -3.212310314 0.095975637 0.009724621 0.995336294 93.365875244
0.995292962 0.012579069 -0.096091889 6.451378822 -0.013068301 0.999904633 -0.004463611 -3.239176750 0.096026570 0.005698361 0.995362580 94.442787170
0.995059848 0.012216898 -0.098522305 6.432549477 -0.012329257 0.999923766 -0.000531659 -3.257434130 0.098508306 0.001743737 0.995134652 95.282096863
0.995009184 0.014021304 -0.098793380 6.302061081 -0.014083206 0.999900699 0.000070804 -3.282880306 0.098784573 0.001320875 0.995107889 96.356674194
0.994799852 0.012675080 -0.101057880 6.292898178 -0.012883776 0.999915957 -0.001412686 -3.312684536 0.101031467 0.002707343 0.994879484 97.194229126
0.994752944 0.012719817 -0.101512738 6.173362732 -0.013033623 0.999912083 -0.002428615 -3.334168911 0.101472914 0.003738947 0.994831204 98.246284485
0.994490981 0.011555166 -0.104182929 6.159515381 -0.011730027 0.999930620 -0.001065832 -3.384511948 0.104163393 0.002282031 0.994557500 99.108688354
0.994417131 0.010210879 -0.105025083 6.040526390 -0.010315500 0.999946713 -0.000452984 -3.413183451 0.105014868 0.001533844 0.994469464 100.123344421
0.994230866 0.008631604 -0.106912792 6.003417969 -0.008610388 0.999962747 0.000660054 -3.431616783 0.106914505 0.000264305 0.994268119 101.005134583
0.994134068 0.008498374 -0.107820876 5.892255783 -0.008176435 0.999960661 0.003427620 -3.457606554 0.107845783 -0.002525932 0.994164348 101.986373901
0.994017959 0.006899385 -0.108998723 5.827440262 -0.006406229 0.999967635 0.004873964 -3.484206915 0.109028824 -0.004146540 0.994029880 102.780174255
0.993786812 0.006078572 -0.111134104 5.711635590 -0.005564745 0.999972343 0.004933083 -3.498681784 0.111161031 -0.004284001 0.993793070 103.733642578
0.993340492 0.004292868 -0.115135074 5.653794289 -0.003798387 0.999982655 0.004513860 -3.530373096 0.115152448 -0.004046474 0.993339539 104.486099243
0.992977858 0.003385142 -0.118252069 5.527201653 -0.002960921 0.999988675 0.003762936 -3.548601151 0.118263461 -0.003386379 0.992976427 105.377563477
0.992480040 0.003235017 -0.122364283 5.466097832 -0.002726807 0.999987006 0.004320517 -3.569855213 0.122376643 -0.003954362 0.992475808 106.123382568
0.992145240 0.004570456 -0.125008374 5.336189270 -0.003951197 0.999978721 0.005201255 -3.590476274 0.125029460 -0.004666466 0.992141962 106.972534180
0.991773009 0.004357590 -0.127934784 5.232710838 -0.003578936 0.999973714 0.006315604 -3.597603798 0.127958938 -0.005805777 0.991762459 107.715370178
0.991387904 0.005328022 -0.130849957 5.112778664 -0.004343735 0.999960184 0.007806541 -3.614869833 0.130886331 -0.007170935 0.991371393 108.513862610
0.991261959 0.007479757 -0.131696939 4.960062027 -0.006477986 0.999946713 0.008033435 -3.617443562 0.131750032 -0.007110111 0.991257370 109.245483398
0.990866363 0.009132345 -0.134538680 4.851257324 -0.008054205 0.999931037 0.008555721 -3.635348797 0.134607539 -0.007393979 0.990871370 109.992210388
0.990546584 0.011526081 -0.136691660 4.725757599 -0.010665248 0.999918520 0.007028358 -3.647140741 0.136761501 -0.005504071 0.990588725 110.714660645
0.990338683 0.011482641 -0.138193190 4.588799477 -0.011077949 0.999931931 0.003697257 -3.664401531 0.138226241 -0.002130639 0.990398347 111.349617004
0.989989579 0.014130432 -0.140430391 4.477550507 -0.014256767 0.999898434 0.000106429 -3.679449320 0.140417635 0.001896720 0.990090489 112.000930786
0.989663601 0.015399132 -0.142578587 4.374865532 -0.015911723 0.999870420 -0.002455600 -3.697792292 0.142522320 0.004698890 0.989780426 112.627761841
0.989586174 0.016655911 -0.142975569 4.266966820 -0.017320000 0.999844253 -0.003401391 -3.712114811 0.142896652 0.005842306 0.989720345 113.184440613
0.989732504 0.018876076 -0.141680449 4.162958145 -0.019474968 0.999806404 -0.002841526 -3.731962681 0.141599372 0.005571573 0.989908278 113.752914429
0.990085661 0.023054816 -0.138559982 4.068974495 -0.023434712 0.999724805 -0.001110739 -3.752908468 0.138496235 0.004346841 0.990353405 114.308326721
0.990712464 0.025751419 -0.133512780 4.001131058 -0.025960024 0.999662995 0.000178418 -3.766593456 0.133472368 0.003289234 0.991047084 114.833160400
0.991615593 0.025936835 -0.126593560 3.929561615 -0.025884714 0.999662817 0.002057008 -3.777812958 0.126604199 0.001237076 0.991952479 115.286750793
0.992760360 0.026087264 -0.117245696 3.877946854 -0.025726425 0.999658465 0.004590231 -3.794275284 0.117325388 -0.001540688 0.993092239 115.781906128
0.994195342 0.026335565 -0.104317777 3.810352325 -0.025926655 0.999649942 0.005274122 -3.794826746 0.104420170 -0.002538896 0.994529963 116.303268433
0.995385587 0.024516588 -0.092771471 3.790642738 -0.024047254 0.999691904 0.006173721 -3.817658901 0.092894219 -0.003914334 0.995668292 116.648696899
0.996679485 0.024137657 -0.077765882 3.763638496 -0.023800474 0.999703050 0.005259977 -3.827969551 0.077869728 -0.003391646 0.996957719 117.073974609
0.997959435 0.022776073 -0.059651941 3.745593548 -0.022680530 0.999740183 0.002278321 -3.837764263 0.059688330 -0.000920736 0.998216689 117.493400574
0.999017477 0.022176819 -0.038369630 3.737683296 -0.022273418 0.999749780 -0.002091821 -3.852225780 0.038313616 0.002944387 0.999261439 117.901741028
0.999702752 0.018914951 -0.015382700 3.747716427 -0.019016035 0.999798417 -0.006451692 -3.865917206 0.015257550 0.006742291 0.999860883 118.226615906
0.999798536 0.016463762 0.011484914 3.773107529 -0.016362077 0.999826610 -0.008892635 -3.879539967 -0.011629333 0.008702924 0.999894559 118.615768433
0.999048769 0.013844208 0.041351076 3.806836128 -0.013412061 0.999852777 -0.010709875 -3.882460594 -0.041493259 0.010145083 0.999087334 118.989578247
0.997244060 0.011129621 0.073351823 3.864541531 -0.010285387 0.999876678 -0.011877105 -3.902694941 -0.073474966 0.011089919 0.997235358 119.373794556
0.993975043 0.007683487 0.109336928 3.903882980 -0.006306252 0.999896467 -0.012936477 -3.923120022 -0.109425008 0.012169022 0.993920565 119.686225891
0.989067614 0.004329084 0.147399157 3.989220619 -0.002341927 0.999904037 -0.013652348 -3.932014465 -0.147444144 0.013157891 0.988982916 120.048637390
0.982144117 0.002115949 0.188117892 4.069189072 0.000507496 0.999903262 -0.013896491 -3.950222492 -0.188129097 0.013743820 0.982048213 120.377601624
0.973087251 0.002936214 0.230418384 4.169569016 0.000531678 0.999887526 -0.014986890 -3.962980747 -0.230436444 0.014706053 0.972976208 120.721984863
0.960766494 0.004381490 0.277323991 4.231590271 -0.000399835 0.999896049 -0.014412339 -3.982333183 -0.277358323 0.013736002 0.960668385 120.972198486
0.946564078 0.004368846 0.322486281 4.365657806 -0.000213258 0.999916553 -0.012920301 -3.994153023 -0.322515815 0.012161115 0.946485937 121.288406372
0.929552436 0.004169457 0.368666381 4.512592316 0.000320188 0.999926567 -0.012116055 -4.000060081 -0.368689835 0.011380544 0.929482758 121.613403320
0.908381104 0.002456636 0.418135941 4.642784119 0.003398941 0.999906242 -0.013258699 -4.006350040 -0.418129325 0.013465169 0.908287704 121.940551758
0.886880755 0.002955270 0.461989045 4.832992554 0.004667399 0.999871135 -0.015356024 -4.018444061 -0.461974889 0.015775245 0.886752784 122.223419189
0.862529635 0.004905436 0.505982637 5.024673462 0.004993790 0.999821723 -0.018205870 -4.036608696 -0.505981803 0.018229872 0.862351477 122.502700806
0.834915817 0.009305300 0.550298989 5.236049652 0.003593718 0.999743640 -0.022357605 -4.051308632 -0.550365806 0.020644335 0.834668338 122.798965454
0.796385527 0.014814132 0.604607880 5.393260956 0.001162178 0.999660611 -0.026024552 -4.073739052 -0.604788184 0.021428239 0.796097994 123.241050720
0.761515141 0.019541580 0.647852659 5.643871307 -0.001611261 0.999599397 -0.028257599 -4.089508533 -0.648145080 0.020474726 0.761241496 123.518424988
0.725290418 0.020241121 0.688145399 5.925743103 -0.000923725 0.999595404 -0.028428528 -4.110623837 -0.688442469 0.019983282 0.725015640 123.762817383
0.683641255 0.017609406 0.729605675 6.182735443 0.002353837 0.999650538 -0.026332617 -4.132589340 -0.729814410 0.019719437 0.683360755 124.035446167
0.642451763 0.015719110 0.766164899 6.499965668 0.003970629 0.999707878 -0.023840109 -4.137835503 -0.766315877 0.018358275 0.642201602 124.252273560
0.597166359 0.014212510 0.801991463 6.776729584 0.003706839 0.999783397 -0.020477815 -4.158516884 -0.802108765 0.015201510 0.596984327 124.452575684
0.551944137 0.011325841 0.833804190 7.135547638 0.005405485 0.999838173 -0.017159345 -4.169950485 -0.833863556 0.013978113 0.551793456 124.643737793
0.502630174 0.007761437 0.864466608 7.396930695 0.005626296 0.999909163 -0.012248802 -4.202236176 -0.864483178 0.011020366 0.502540827 124.777526855
0.453124344 0.007569682 0.891415119 7.774356842 0.003187872 0.999943793 -0.010111740 -4.221286297 -0.891441584 0.007423596 0.453074843 124.931388855
0.403114587 0.012960140 0.915057719 8.084548950 -0.002229007 0.999910831 -0.013179971 -4.237513542 -0.915146649 0.003273369 0.403107464 125.069938660
0.354094058 0.018042434 0.935035825 8.511753082 -0.002901250 0.999830425 -0.018194016 -4.246742249 -0.935205221 0.003729619 0.354086310 125.207275391
0.308778703 0.019648405 0.950930953 8.844066620 -0.002380628 0.999799371 -0.019885123 -4.264608860 -0.951130927 0.003876287 0.308763534 125.296951294
0.268498838 0.019368736 0.963085294 9.313486099 0.004088131 0.999765873 -0.021246156 -4.276429176 -0.963271379 0.009641784 0.268356770 125.391799927
0.234657854 0.018146925 0.971908629 9.712984085 0.012148585 0.999692917 -0.021598855 -4.294301987 -0.972002089 0.016875654 0.234365344 125.459930420
0.204245776 0.019733306 0.978720725 10.219673157 0.015685333 0.999602497 -0.023427648 -4.302176952 -0.978793979 0.020136554 0.203855067 125.552352905
0.176327571 0.018770922 0.984152615 10.760688782 0.012762792 0.999690533 -0.021353951 -4.320098877 -0.984248817 0.016325824 0.176033467 125.650421143
0.152223974 0.014851496 0.988234401 11.152093887 0.006737176 0.999848366 -0.016063804 -4.335550785 -0.988322973 0.009103209 0.152100816 125.708587646
0.128500670 0.011440016 0.991643429 11.739518166 0.001324215 0.999930739 -0.011707220 -4.352093697 -0.991708517 0.002817538 0.128476590 125.791831970
0.106499635 0.008562730 0.994275987 12.237705231 0.005637806 0.999941647 -0.009215407 -4.367618084 -0.994296610 0.006586968 0.106445149 125.832992554
0.085302271 0.008924662 0.996315122 12.870182991 0.013121225 0.999863148 -0.010079855 -4.388887882 -0.996268630 0.013932705 0.085173488 125.888214111
0.068941124 0.010273553 0.997567832 13.409188271 0.017426537 0.999781966 -0.011500693 -4.413632393 -0.997468412 0.018177019 0.068747073 125.902328491
0.054834262 0.015228819 0.998379350 14.100357056 0.017848810 0.999709010 -0.016229417 -4.427320957 -0.998335838 0.018709803 0.054546487 125.942008972
0.044077095 0.020081222 0.998826265 14.716056824 0.014824147 0.999674737 -0.020752460 -4.442893505 -0.998918056 0.015721459 0.043765076 125.977920532
0.037851028 0.019274136 0.999097466 15.457883835 0.016656104 0.999662817 -0.019916063 -4.468572617 -0.999144435 0.017394919 0.037517238 126.003524780
0.034750536 0.016246280 0.999263883 16.155639648 0.022397052 0.999604166 -0.017030697 -4.483736992 -0.999144971 0.022972394 0.034372907 126.045417786
0.035571422 0.013975404 0.999269366 16.925807953 0.023358390 0.999617517 -0.014811776 -4.518631458 -0.999094069 0.023868194 0.035231370 126.060218811
0.036997180 0.013954290 0.999217927 17.675889969 0.022838185 0.999629557 -0.014805648 -4.530662060 -0.999054492 0.023368090 0.036664777 126.122306824
0.038402818 0.014348345 0.999159276 18.499177933 0.019106558 0.999703646 -0.015090524 -4.560646057 -0.999079645 0.019670019 0.038117282 126.171958923
0.039283950 0.015478372 0.999108195 19.289417267 0.017869964 0.999709129 -0.016190315 -4.582577705 -0.999068260 0.018490048 0.038995929 126.220581055
0.039847206 0.016379725 0.999071479 20.129802704 0.017397098 0.999702692 -0.017083943 -4.602832317 -0.999054372 0.018061696 0.039550394 126.273963928
0.040713817 0.015765991 0.999046445 21.000488281 0.016830994 0.999722838 -0.016462572 -4.634252548 -0.999029040 0.017485196 0.040437169 126.325920105
0.041526888 0.014968819 0.999025226 21.889223099 0.015605593 0.999756098 -0.015628451 -4.647823811 -0.999015510 0.016239382 0.041283153 126.365531921
0.041338526 0.013180261 0.999058247 22.805099487 0.016274471 0.999771595 -0.013863066 -4.687841892 -0.999012649 0.016832227 0.041114580 126.429412842
0.040452987 0.010700340 0.999124110 23.727542877 0.016639289 0.999796808 -0.011381243 -4.718438148 -0.999042928 0.017085122 0.040266726 126.479187012
0.039324753 0.009171708 0.999184370 24.665077209 0.014361491 0.999849379 -0.009743035 -4.746067047 -0.999123275 0.014732910 0.039187107 126.535095215
0.038264878 0.008308074 0.999233067 25.623300552 0.013273577 0.999872923 -0.008821696 -4.762946129 -0.999179423 0.013600953 0.038149737 126.580970764
0.037078068 0.005793539 0.999295592 26.569461823 0.015521742 0.999859393 -0.006372729 -4.785024643 -0.999191821 0.015747091 0.036982913 126.623512268
0.036078140 0.004108355 0.999340594 27.536911011 0.017154189 0.999841750 -0.004729716 -4.803545475 -0.999201775 0.017313510 0.036001947 126.667274475
0.034251556 0.003406293 0.999407351 28.524280548 0.014241628 0.999891043 -0.003896029 -4.834093094 -0.999311745 0.014366630 0.034199301 126.714614868
0.033144355 0.008430377 0.999414921 29.512880325 0.011305065 0.999897361 -0.008809364 -4.853925228 -0.999386668 0.011590429 0.033045635 126.767532349
0.032570194 0.012888126 0.999386311 30.496112823 0.012863122 0.999828637 -0.013313042 -4.876938820 -0.999386668 0.013288833 0.032398827 126.811096191
0.031541519 0.014852675 0.999392092 31.483440399 0.013150128 0.999796808 -0.015273720 -4.897470474 -0.999415874 0.013623883 0.031339794 126.847915649
0.030013567 0.012643602 0.999469519 32.504425049 0.009402993 0.999872148 -0.012931064 -4.931452751 -0.999505162 0.009786110 0.029890846 126.899299622
0.028599752 0.008565630 0.999554217 33.508277893 0.006360050 0.999941528 -0.008750927 -4.964646816 -0.999570668 0.006607484 0.028543601 126.948722839
0.028391063 0.003216014 0.999591768 34.526165009 0.004702681 0.999983311 -0.003350843 -4.997534275 -0.999585748 0.004795896 0.028375465 126.992027283
0.028093724 -0.002146628 0.999603093 35.515735626 0.001304184 0.999996841 0.002110817 -5.020239353 -0.999604404 0.001244361 0.028096437 127.037658691
0.027830606 -0.003699453 0.999605894 36.532081604 -0.001432213 0.999992013 0.003740757 -5.044987202 -0.999611616 -0.001535761 0.027825084 127.089973450
0.028930962 0.003386607 0.999575734 37.564895630 0.000777046 0.999993920 -0.003410514 -5.069687366 -0.999581099 0.000875388 0.028928149 127.125747681
0.031159312 0.013575214 0.999422252 38.540679932 0.004079242 0.999897718 -0.013708852 -5.102510929 -0.999506056 0.004504044 0.031100743 127.139785767
0.030830065 0.019376194 0.999336839 39.522159576 0.005600543 0.999793053 -0.019557819 -5.114941597 -0.999508917 0.006199800 0.030715164 127.203590393
0.031425737 0.013440986 0.999415696 40.582389832 0.006053887 0.999888718 -0.013637707 -5.154764175 -0.999487698 0.006478924 0.031340867 127.260978699
0.032729574 0.005845871 0.999447107 41.574218750 0.009287456 0.999938071 -0.006152884 -5.186964512 -0.999421060 0.009483701 0.032673251 127.294532776
0.033079363 0.003250732 0.999447405 42.573429108 0.010132723 0.999942183 -0.003587713 -5.206560135 -0.999401271 0.010245804 0.033044517 127.344856262
0.032699600 0.003610263 0.999458730 43.627304077 0.008060912 0.999959946 -0.003875806 -5.238591194 -0.999432683 0.008183280 0.032669187 127.393424988
0.031937897 0.004908750 0.999477804 44.578701019 0.005203667 0.999973536 -0.005077465 -5.264474869 -0.999476314 0.005363114 0.031911504 127.438995361
0.029589927 0.004660869 0.999551237 45.567253113 0.003318259 0.999983132 -0.004761114 -5.294126987 -0.999556601 0.003457648 0.029573958 127.493614197
0.026952771 0.005020001 0.999624014 46.661052704 0.000836775 0.999986947 -0.005044388 -5.319063663 -0.999636352 0.000972424 0.026948217 127.548179626
0.025148179 0.005511109 0.999668479 47.632434845 0.000317623 0.999984682 -0.005520844 -5.343605995 -0.999683678 0.000456359 0.025146045 127.584899902
0.022482613 0.006044545 0.999728978 48.569595337 -0.001764791 0.999980450 -0.006006379 -5.365342140 -0.999745727 -0.001629269 0.022492839 127.635467529
0.019874573 0.004944938 0.999790251 49.655769348 -0.004459017 0.999978244 -0.004857228 -5.401824951 -0.999792516 -0.004361543 0.019896185 127.685348511
0.018112009 0.004034938 0.999827802 50.593013763 -0.004449476 0.999982238 -0.003954958 -5.412252903 -0.999826014 -0.004377077 0.018129637 127.711906433
0.015360918 0.003281159 0.999876618 51.659881592 -0.005801466 0.999978065 -0.003192366 -5.469504356 -0.999865115 -0.005751716 0.015379616 127.751968384
0.013789739 0.004893766 0.999892950 52.590755463 -0.004779648 0.999976993 -0.004828259 -5.484179020 -0.999893427 -0.004712560 0.013812816 127.777381897
0.013196293 0.004725653 0.999901831 53.524387360 -0.004939809 0.999976933 -0.004660815 -5.516177177 -0.999900639 -0.004877823 0.013219338 127.783798218
0.010944924 0.002964585 0.999935687 54.601299286 -0.003703142 0.999988854 -0.002924209 -5.543980598 -0.999933183 -0.003670898 0.010955777 127.833992004
0.009598332 0.002629207 0.999950469 55.529460907 -0.003356888 0.999990940 -0.002597092 -5.564711571 -0.999948263 -0.003331793 0.009607072 127.849334717
0.008060272 0.001701452 0.999966085 56.543426514 -0.005145973 0.999985337 -0.001660006 -5.599677086 -0.999954402 -0.005132421 0.008068904 127.881454468
0.007051070 0.001706548 0.999973714 57.442859650 -0.006573241 0.999977052 -0.001660204 -5.607417107 -0.999953568 -0.006561365 0.007062126 127.900428772
0.006134721 -0.000136200 0.999981165 58.330078125 -0.007634209 0.999970913 0.000183032 -5.642466545 -0.999952018 -0.007635192 0.006133502 127.921249390
0.004823321 -0.000661571 0.999988198 59.346050262 -0.007969148 0.999967992 0.000699995 -5.668720722 -0.999956548 -0.007972433 0.004817892 127.952674866
0.005068966 0.001842428 0.999985516 60.183624268 -0.008025798 0.999966145 -0.001801710 -5.689809799 -0.999954879 -0.008016550 0.005083579 127.960998535
0.004355330 0.004825162 0.999978900 61.142467499 -0.007633416 0.999959350 -0.004791822 -5.708404064 -0.999961257 -0.007612387 0.004391983 127.988487244
0.004384154 0.006641930 0.999968350 61.986801147 -0.009727931 0.999930918 -0.006599032 -5.729478836 -0.999942958 -0.009698694 0.004448461 128.003936768
0.003706602 0.007371693 0.999965966 62.927814484 -0.009829981 0.999924779 -0.007334954 -5.755315781 -0.999944746 -0.009802459 0.003778789 128.033065796
0.004562344 0.007162326 0.999963880 63.741947174 -0.008137863 0.999941528 -0.007125037 -5.776392460 -0.999956429 -0.008105064 0.004620360 128.030380249
0.003471160 0.006169611 0.999974966 64.680259705 -0.008614057 0.999944031 -0.006139519 -5.811479568 -0.999956787 -0.008592527 0.003524110 128.059631348
0.002992307 0.006814496 0.999972284 65.515151978 -0.012394231 0.999900222 -0.006776917 -5.828489780 -0.999918640 -0.012373609 0.003076468 128.082855225
0.002966853 0.006638963 0.999973536 66.422035217 -0.015138030 0.999863684 -0.006593319 -5.862448215 -0.999881029 -0.015118064 0.003066951 128.106155396
0.003152278 0.005011114 0.999982476 67.223213196 -0.013268800 0.999899626 -0.004968870 -5.892175674 -0.999907017 -0.013252900 0.003218453 128.118530273
0.001490444 0.004961602 0.999986589 68.144081116 -0.013255786 0.999899924 -0.004941416 -5.904471397 -0.999911010 -0.013248244 0.001556063 128.141738892
-0.001920983 0.004983630 0.999985695 68.956161499 -0.016808046 0.999846220 -0.005015224 -5.915407658 -0.999856889 -0.016817441 -0.001836925 128.155990601
-0.006759708 0.004240606 0.999968171 69.742233276 -0.020603860 0.999778152 -0.004379081 -5.944511414 -0.999764800 -0.020632805 -0.006670836 128.153259277
-0.012786696 0.007901384 0.999887049 70.691665649 -0.017017895 0.999822259 -0.008118500 -5.971220016 -0.999773502 -0.017119776 -0.012649953 128.152862549
-0.019007336 0.011021014 0.999758661 71.482490540 -0.014337218 0.999833465 -0.011294418 -5.978645325 -0.999716520 -0.014548429 -0.018846150 128.138885498
-0.026450658 0.011803226 0.999580443 72.395439148 -0.015855569 0.999799609 -0.012225379 -6.025072575 -0.999524355 -0.016172286 -0.026258208 128.122344971
-0.032564446 0.011017641 0.999408901 73.207527161 -0.019515110 0.999741673 -0.011657183 -6.047357082 -0.999279082 -0.019883184 -0.032341011 128.109786987
-0.037639238 0.009797183 0.999243379 74.014732361 -0.020175090 0.999740779 -0.010562008 -6.075288296 -0.999087632 -0.020557372 -0.037431814 128.078491211
-0.042885844 0.010470477 0.999024987 74.991516113 -0.023164937 0.999665856 -0.011471611 -6.103155136 -0.998811543 -0.023634318 -0.042628970 128.067504883
-0.046371188 0.010128950 0.998872876 75.813270569 -0.024992304 0.999623775 -0.011296797 -6.120711803 -0.998611629 -0.025487976 -0.046100605 128.033676147
-0.049461246 0.007288101 0.998749435 76.767837524 -0.024988528 0.999651372 -0.008532193 -6.137764931 -0.998463333 -0.025379296 -0.049261868 128.005630493
-0.050539132 0.005426007 0.998707235 77.602684021 -0.022115119 0.999734044 -0.006550710 -6.142800808 -0.998477161 -0.022417603 -0.050405696 127.958312988
-0.052872665 0.000958196 0.998600781 78.585151672 -0.023594752 0.999719143 -0.002208534 -6.188352108 -0.998322487 -0.023678513 -0.052835189 127.931571960
-0.054424874 0.001743715 0.998516381 79.467315674 -0.023565928 0.999717712 -0.003030292 -6.192632675 -0.998239756 -0.023695892 -0.054368421 127.906478882
-0.054552950 0.004383879 0.998501301 80.431594849 -0.022970047 0.999720216 -0.005644195 -6.224716187 -0.998246670 -0.023243528 -0.054436974 127.851829529
-0.054439206 0.008777048 0.998478591 81.308502197 -0.016308734 0.999820173 -0.009678029 -6.236950397 -0.998383880 -0.016810782 -0.054286268 127.800376892
-0.055394087 0.012436445 0.998387098 82.317924500 -0.009732657 0.999868274 -0.012994899 -6.274199486 -0.998417139 -0.010436807 -0.055265747 127.744949341
-0.055756319 0.013279141 0.998355985 83.211174011 -0.008843090 0.999865711 -0.013793091 -6.297255993 -0.998405278 -0.009597610 -0.055631414 127.699218750
-0.056558669 0.011478141 0.998333275 84.232795715 -0.010810312 0.999868274 -0.012108226 -6.323537350 -0.998340726 -0.011477122 -0.056427114 127.661109924
-0.056816876 0.006514966 0.998363376 85.136268616 -0.009947396 0.999925375 -0.007091266 -6.349572659 -0.998335123 -0.010334021 -0.056747828 127.623558044
-0.056601465 0.004180393 0.998388052 86.134269714 -0.008634639 0.999951780 -0.004676463 -6.381002426 -0.998359561 -0.008885419 -0.056562651 127.568069458
-0.057046041 0.004059296 0.998363316 87.031738281 -0.008223080 0.999955833 -0.004535635 -6.398110390 -0.998337626 -0.008468366 -0.057010159 127.517684937
-0.059563745 0.004842908 0.998212874 88.036888123 -0.010674482 0.999927998 -0.005488180 -6.427439690 -0.998167396 -0.010982303 -0.059507750 127.490425110
-0.061389089 0.005692807 0.998097718 88.916015625 -0.010994385 0.999919236 -0.006379418 -6.448011398 -0.998053372 -0.011365097 -0.061321538 127.450759888
-0.064166345 0.005744896 0.997922599 89.942970276 -0.010443677 0.999924779 -0.006427951 -6.475940704 -0.997884572 -0.010834436 -0.064101525 127.396972656
-0.065711550 0.005601018 0.997822881 90.810852051 -0.010438906 0.999925613 -0.006300277 -6.496813774 -0.997784078 -0.010830175 -0.065648198 127.347976685
-0.067636706 0.005461513 0.997695029 91.833274841 -0.010628747 0.999924362 -0.006194271 -6.522805691 -0.997653306 -0.011023213 -0.067573562 127.282394409
-0.070116021 0.005777825 0.997522056 92.610572815 -0.012470126 0.999899983 -0.006668128 -6.546205521 -0.997461021 -0.012906766 -0.070036940 127.261718750
-0.070617124 0.007384477 0.997476161 93.770912170 -0.013174178 0.999878466 -0.008334938 -6.574664593 -0.997416496 -0.013729518 -0.070511252 127.175300598
-0.070900455 0.007442208 0.997455597 94.651786804 -0.014026827 0.999865770 -0.008457235 -6.603087425 -0.997384727 -0.014590761 -0.070786543 127.104866028
-0.072320342 0.008195370 0.997347832 95.526382446 -0.014170853 0.999856889 -0.009243553 -6.603531837 -0.997280717 -0.014801769 -0.072193846 127.071723938
-0.073790371 0.006626840 0.997251868 96.662384033 -0.014348317 0.999867320 -0.007705907 -6.634243965 -0.997170448 -0.014877513 -0.073685504 126.996772766
-0.074992083 0.004305016 0.997174799 97.569580078 -0.017805113 0.999825478 -0.005655485 -6.648475647 -0.997025073 -0.018178932 -0.074902348 126.948417664
-0.076834403 0.002768778 0.997039974 98.617637634 -0.020258168 0.999785304 -0.004337548 -6.665503979 -0.996838033 -0.020531474 -0.076761827 126.886535645
-0.078778692 0.001612660 0.996890783 99.503036499 -0.019354707 0.999807715 -0.003146874 -6.694599152 -0.996704161 -0.019542435 -0.078732342 126.821548462
-0.080958784 0.002502615 0.996714294 100.438377380 -0.017293364 0.999842763 -0.003915136 -6.708708286 -0.996567369 -0.017553508 -0.080902778 126.774314880
-0.083052896 0.003999881 0.996537089 101.362342834 -0.018221077 0.999818683 -0.005531626 -6.727847099 -0.996378481 -0.018617397 -0.082964957 126.700927734
-0.084171236 0.007217960 0.996425152 102.635574341 -0.017493196 0.999808908 -0.008720179 -6.763955116 -0.996297717 -0.018164646 -0.084028885 126.589736938
-0.084530182 0.010872541 0.996361554 103.562980652 -0.015303210 0.999808252 -0.012208461 -6.789164066 -0.996303439 -0.016279515 -0.084347598 126.515930176
-0.085770845 0.014236636 0.996213138 104.513717651 -0.014864618 0.999768317 -0.015567238 -6.826600075 -0.996204019 -0.016143542 -0.085539348 126.436927795
-0.085274383 0.015785197 0.996232331 105.689888000 -0.011892872 0.999787211 -0.016859517 -6.851164341 -0.996286631 -0.013285747 -0.085068494 126.342590332
-0.084638193 0.015460078 0.996291697 106.656578064 -0.008663634 0.999830484 -0.016250994 -6.876569271 -0.996374011 -0.010006961 -0.084489875 126.266822815
-0.084872171 0.012742504 0.996310294 107.619407654 -0.007601595 0.999880970 -0.013435722 -6.913965225 -0.996362925 -0.008713866 -0.084765196 126.196708679
-0.083817445 0.011247870 0.996417642 108.803543091 -0.008633866 0.999890506 -0.012013342 -6.951325893 -0.996443808 -0.009609856 -0.083711155 126.102523804
-0.082497202 0.008643693 0.996553898 109.789787292 -0.009959909 0.999905288 -0.009497270 -6.982208729 -0.996541440 -0.010709080 -0.082403310 126.051490784
-0.080640644 0.005589652 0.996727526 110.934852600 -0.009126827 0.999938309 -0.006346068 -7.011654377 -0.996701419 -0.009608713 -0.080584645 125.956893921
-0.078443959 0.002166530 0.996916175 111.921730042 -0.008891573 0.999956369 -0.002872786 -7.032357216 -0.996878803 -0.009089508 -0.078421265 125.888252258
-0.076845549 0.002125852 0.997040749 112.920845032 -0.009959018 0.999946237 -0.002899626 -7.052923203 -0.996993244 -0.010152373 -0.076820239 125.838768005
-0.075896740 0.006203918 0.997096360 114.146636963 -0.009434965 0.999931455 -0.006939726 -7.092255116 -0.997070968 -0.009934280 -0.075832985 125.747741699
-0.074437782 0.012749428 0.997144103 115.143524170 -0.009128187 0.999867797 -0.013465678 -7.110496521 -0.997183859 -0.010104476 -0.074311554 125.696388245
-0.072344892 0.016003177 0.997251213 116.269996643 -0.010616037 0.999802232 -0.016814245 -7.143718719 -0.997323036 -0.011803283 -0.072160691 125.613059998
-0.071166493 0.013625066 0.997371316 117.273559570 -0.012677301 0.999813616 -0.014563001 -7.173738003 -0.997383833 -0.013680375 -0.070980474 125.568031311
-0.069892988 0.011239871 0.997491121 118.394058228 -0.012143290 0.999852836 -0.012117347 -7.204731941 -0.997480571 -0.012959741 -0.069746211 125.488166809
-0.069126211 0.009378993 0.997563779 119.354522705 -0.011682187 0.999879599 -0.010210285 -7.243024349 -0.997539461 -0.012359526 -0.069008321 125.433471680
