0.999996245 0.001438571 0.002325869 0.013879604 -0.001440342 0.999998689 0.000759902 -0.005256755 -0.002324773 -0.000763249 0.999997020 1.335841656
0.999998093 -0.001713074 -0.000944157 -0.002550327 0.001714750 0.999996960 0.001776750 -0.041932836 0.000941110 -0.001778365 0.999997973 2.632327318
0.999993861 -0.003340184 -0.001014152 -0.007768207 0.003341027 0.999994040 0.000830240 -0.061488532 0.001011373 -0.000833623 0.999999166 3.946171522
0.999992311 -0.003797094 -0.000944401 -0.012488094 0.003797990 0.999992311 0.000948729 -0.082339391 0.000940791 -0.000952309 0.999999106 5.253723621
0.999996722 -0.002180797 0.001311862 0.021045964 0.002179863 0.999997377 0.000712357 -0.089762814 -0.001313412 -0.000709495 0.999998868 6.603582382
0.999992669 -0.003457991 0.001630704 0.015694492 0.003455086 0.999992430 0.001781194 -0.106152244 -0.001636850 -0.001775547 0.999997079 7.931153774
0.999994516 -0.003036761 0.001337969 0.013210845 0.003033589 0.999992609 0.002366540 -0.128115758 -0.001345145 -0.002362468 0.999996305 9.255815506
0.999996722 -0.002334554 0.001079606 0.008834487 0.002333991 0.999997079 0.000523447 -0.148975715 -0.001080826 -0.000520925 0.999999285 10.587907791
0.999999523 0.000371355 0.000890146 0.000542981 -0.000369829 0.999998450 -0.001713669 -0.168186933 -0.000890781 0.001713338 0.999998152 11.911895752
0.999992490 0.003752670 0.000961537 -0.006592023 -0.003750113 0.999989450 -0.002647665 -0.191825435 -0.000971463 0.002644040 0.999996006 13.242767334
0.999981105 0.006089901 0.000790059 -0.011779756 -0.006087897 0.999978304 -0.002513261 -0.218907475 -0.000805348 0.002508404 0.999996483 14.594964981
0.999972701 0.007345044 0.000782827 -0.016668100 -0.007343501 0.999971271 -0.001953828 -0.237140790 -0.000797155 0.001948026 0.999997795 15.944248199
0.999986768 0.004157489 0.003004277 -0.011857070 -0.004161232 0.999990582 0.001240955 -0.256703883 -0.002999089 -0.001253440 0.999994695 17.300895691
0.999995530 -0.000033721 0.002997297 -0.005411699 0.000024279 0.999994993 0.003150353 -0.278667748 -0.002997391 -0.003150265 0.999990463 18.655881882
0.999996543 -0.002165498 0.001494053 0.010574916 0.002165203 0.999997675 0.000198910 -0.287760049 -0.001494480 -0.000195674 0.999998808 19.935298920
0.999991238 -0.003355752 0.002502071 0.003637772 0.003359195 0.999993443 -0.001373049 -0.317453533 -0.002497446 0.001381442 0.999995947 21.365180969
0.999988258 -0.002818578 0.003928639 0.001611270 0.002827777 0.999993205 -0.002338106 -0.341314316 -0.003922022 0.002349188 0.999989569 22.712821960
0.999990761 0.001556643 0.004012154 -0.004058331 -0.001552786 0.999998271 -0.000964295 -0.357888252 -0.004013648 0.000958056 0.999991477 24.086763382
0.999990463 0.002175886 0.003788053 -0.001236610 -0.002185677 0.999994218 0.002582419 -0.381952435 -0.003782413 -0.002590673 0.999989450 25.456226349
0.999984145 -0.001828754 0.005327051 0.003264368 0.001802248 0.999985993 0.004976346 -0.396092236 -0.005336076 -0.004966666 0.999973416 26.819047928
0.999972999 -0.005506340 0.004879615 -0.004555970 0.005491450 0.999980211 0.003059767 -0.405923963 -0.004896367 -0.003032888 0.999983370 28.181053162
0.999965847 -0.006879418 0.004568791 0.023273833 0.006876730 0.999976158 0.000603868 -0.417627156 -0.004572837 -0.000572429 0.999989390 29.581558228
0.999966621 -0.005672234 0.005888103 -0.020524964 0.005691869 0.999978244 -0.003323340 -0.418859124 -0.005869123 0.003356743 0.999977171 30.910991669
0.999971092 -0.005472993 0.005283658 0.027969316 0.005485077 0.999982297 -0.002275206 -0.465377003 -0.005271114 0.002304121 0.999983430 32.345104218
0.999976158 -0.004621908 0.005135443 0.021398649 0.004642630 0.999981046 -0.004030689 -0.500563979 -0.005116717 0.004054435 0.999978662 33.716766357
0.999981344 -0.004125331 0.004511710 0.039010495 0.004142462 0.999984145 -0.003794167 -0.516585648 -0.004495988 0.003812786 0.999982595 35.089447021
0.999980628 -0.003109357 0.005386752 0.036461189 0.003124406 0.999991238 -0.002787567 -0.543442369 -0.005378037 0.002804343 0.999981582 36.523437500
0.999984205 -0.002241863 0.005149151 0.014102101 0.002250512 0.999996126 -0.001674480 -0.546160102 -0.005145377 0.001686042 0.999985337 37.903984070
0.999986827 0.000986250 0.005024131 0.034201130 -0.000982087 0.999999166 -0.000830966 -0.598325849 -0.005024946 0.000826021 0.999987006 39.314628601
0.999988198 0.002442796 0.004203664 0.061387330 -0.002436216 0.999995768 -0.001569614 -0.601692855 -0.004207481 0.001559354 0.999989927 40.664936066
0.999972343 0.005246174 0.005269313 0.029926226 -0.005242218 0.999985993 -0.000764227 -0.641362548 -0.005273249 0.000736583 0.999985814 42.122711182
0.999976218 0.005525686 0.004111662 0.037882715 -0.005522616 0.999984443 -0.000757638 -0.662702620 -0.004115783 0.000734913 0.999991238 43.504924774
0.999983490 0.004393728 0.003698339 0.040515050 -0.004391090 0.999990106 -0.000720885 -0.690966010 -0.003701471 0.000704633 0.999992847 44.939708710
0.999990284 0.003868208 0.002123062 0.050947186 -0.003865201 0.999991477 -0.001418641 -0.711465061 -0.002128531 0.001410421 0.999996722 46.339000702
0.999995172 0.002595319 0.001662822 0.049146239 -0.002593780 0.999996126 -0.000927039 -0.740220010 -0.001665221 0.000922721 0.999998212 47.760581970
0.999994695 0.003256984 -0.000118276 0.051117573 -0.003256994 0.999994636 -0.000082907 -0.762449563 0.000118008 0.000083292 1.000000000 49.171962738
0.999990821 0.004285886 0.000177849 0.029174630 -0.004285817 0.999990702 -0.000393543 -0.786808252 -0.000179534 0.000392778 0.999999881 50.610466003
0.999992013 0.003891558 -0.000904853 0.001022432 -0.003891510 0.999992430 0.000055748 -0.807457566 0.000905063 -0.000052226 0.999999583 51.995719910
0.999990642 0.003787547 -0.002069425 0.010425657 -0.003786046 0.999992549 0.000729244 -0.824779451 0.002072174 -0.000721402 0.999997616 53.457557678
0.999995291 0.002030400 -0.002292472 -0.014117390 -0.002027287 0.999997020 0.001359546 -0.843233466 0.002295227 -0.001354893 0.999996483 54.867156982
0.999991596 0.000622914 -0.004033071 -0.006195277 -0.000616338 0.999998450 0.001631693 -0.859031320 0.004034081 -0.001629193 0.999990463 56.320449829
0.999987006 -0.002303298 -0.004541960 -0.025144622 0.002307403 0.999996901 0.000898723 -0.875118375 0.004539877 -0.000909193 0.999989212 57.718742371
0.999983847 -0.003510062 -0.004465316 -0.030061409 0.003515978 0.999992967 0.001317619 -0.904793978 0.004460659 -0.001333298 0.999989152 59.163303375
0.999988496 -0.002848627 -0.003853977 -0.051228017 0.002853612 0.999995112 0.001288580 -0.921982408 0.003850288 -0.001299563 0.999991715 60.536460876
0.999978483 -0.005059890 -0.004176528 -0.026243582 0.005070140 0.999984145 0.002447411 -0.945883632 0.004164078 -0.002468534 0.999988258 61.994510651
0.999973297 -0.006291002 -0.003714827 -0.037606686 0.006298483 0.999978125 0.002005788 -0.969860077 0.003702128 -0.002029133 0.999991000 63.350654602
0.999944329 -0.010115882 -0.002984073 -0.054931507 0.010120438 0.999947608 0.001515744 -0.992439687 0.002968583 -0.001545859 0.999994397 64.860656738
0.999947548 -0.009895796 -0.002616209 -0.050497085 0.009898999 0.999950290 0.001214597 -1.014152527 0.002604059 -0.001240431 0.999995828 66.248886108
0.999964714 -0.008097019 -0.002246770 -0.058208421 0.008099284 0.999966681 0.001001016 -1.043130398 0.002238590 -0.001019178 0.999996960 67.695663452
0.999986887 -0.004896841 -0.001525355 -0.065302342 0.004899970 0.999985874 0.002054893 -1.064592361 0.001515271 -0.002062340 0.999996662 69.002563477
0.999999225 -0.001052919 -0.000611192 -0.076310053 0.001055122 0.999992907 0.003616613 -1.088715076 0.000607379 -0.003617255 0.999993205 70.500404358
0.999992907 0.003730415 0.000553609 -0.111931473 -0.003732411 0.999986470 0.003650986 -1.108316064 -0.000539982 -0.003653026 0.999993205 71.878898621
0.999972343 0.007410760 0.000591137 -0.103465699 -0.007412826 0.999966085 0.003572819 -1.130621433 -0.000564639 -0.003577102 0.999993443 73.340843201
0.999946773 0.010216082 0.001400921 -0.127082616 -0.010219385 0.999944925 0.002373045 -1.131464243 -0.001376601 -0.002387235 0.999996185 74.701560974
0.999921203 0.012345614 0.002279521 -0.139372006 -0.012351808 0.999920011 0.002723421 -1.177600741 -0.002245716 -0.002751363 0.999993682 76.140342712
0.999926746 0.011940546 0.002031332 -0.142179087 -0.011947152 0.999923348 0.003271576 -1.199411631 -0.001992111 -0.003295604 0.999992609 77.541015625
0.999930739 0.011505838 0.002446452 -0.144290566 -0.011512584 0.999929905 0.002760764 -1.224652052 -0.002414516 -0.002788739 0.999993205 78.950332642
0.999937117 0.010841652 0.002841978 -0.177814588 -0.010846734 0.999939620 0.001778705 -1.247603416 -0.002822522 -0.001809419 0.999994397 80.323936462
0.999955237 0.009329079 0.001543701 -0.143664494 -0.009332264 0.999954224 0.002069635 -1.266306043 -0.001524323 -0.002083948 0.999996662 81.700416565
0.999964058 0.008397918 0.001158317 -0.126536757 -0.008400200 0.999962747 0.001979988 -1.281738520 -0.001141647 -0.001989647 0.999997318 83.129150391
0.999963820 0.008507251 0.000458314 -0.123238087 -0.008507972 0.999962509 0.001594704 -1.318029404 -0.000444730 -0.001598545 0.999998569 84.431694031
0.999962270 0.008678142 -0.000129853 -0.146076277 -0.008677885 0.999960601 0.001860357 -1.325450420 0.000145993 -0.001859160 0.999998271 85.892005920
0.999967694 0.008002508 -0.000789112 -0.152008235 -0.008000077 0.999963284 0.003036697 -1.354007483 0.000813384 -0.003030286 0.999995112 87.227958679
0.999978006 0.006289948 -0.002100363 -0.169620529 -0.006282396 0.999973834 0.003583321 -1.375420570 0.002122847 -0.003570047 0.999991357 88.661186218
0.999984860 0.003937239 -0.003842693 -0.152347773 -0.003921355 0.999983728 0.004131955 -1.392193079 0.003858899 -0.004116824 0.999984086 90.009872437
0.999989748 0.000617604 -0.004480089 -0.183455780 -0.000598512 0.999990702 0.004261661 -1.413171530 0.004482680 -0.004258935 0.999980867 91.414337158
0.999986351 -0.000609387 -0.005178419 -0.187052369 0.000630027 0.999991834 0.003984928 -1.440083027 0.005175949 -0.003988136 0.999978662 92.760406494
0.999976695 -0.001317290 -0.006699281 -0.189287543 0.001337737 0.999994457 0.003048598 -1.452899456 0.006695228 -0.003057489 0.999972939 94.147789001
0.999977589 -0.000856351 -0.006639438 -0.212016821 0.000870572 0.999997377 0.002139299 -1.467087269 0.006637588 -0.002145031 0.999975681 95.489791870
0.999983370 -0.001609997 -0.005541505 -0.234992981 0.001622797 0.999995947 0.002305969 -1.500382423 0.005537771 -0.002314923 0.999981999 96.854370117
0.999986589 -0.000894403 -0.005097099 -0.252925307 0.000902061 0.999998391 0.001500283 -1.521965265 0.005095750 -0.001504860 0.999985814 98.191894531
0.999980807 0.000850145 -0.006137327 -0.263048291 -0.000841147 0.999998510 0.001468602 -1.544875264 0.006138565 -0.001463412 0.999980092 99.533149719
0.999973059 0.001671121 -0.007142941 -0.240782291 -0.001652529 0.999995232 0.002607933 -1.562866569 0.007147266 -0.002596058 0.999971032 100.922332764
0.999972880 0.004366866 -0.005934292 -0.296037763 -0.004344753 0.999983609 0.003734000 -1.585688949 0.005950500 -0.003708116 0.999975443 102.235351562
0.999976516 0.003635526 -0.005810503 -0.315358669 -0.003622275 0.999990821 0.002289418 -1.603608131 0.005818773 -0.002268317 0.999980509 103.539222717
0.999975562 0.003766753 -0.005882459 -0.325565219 -0.003767775 0.999992907 -0.000162703 -1.626081228 0.005881805 0.000184863 0.999982715 104.914665222
0.999974072 0.003627987 -0.006225294 -0.333427310 -0.003641146 0.999991179 -0.002103674 -1.643061399 0.006217609 0.002126287 0.999978483 106.270050049
0.999981523 0.000951704 -0.006008979 -0.345962912 -0.000951616 0.999999642 0.000017479 -1.677667141 0.006008993 -0.000011760 0.999981940 107.591583252
0.999986887 -0.001194138 -0.004978569 -0.371056110 0.001204198 0.999997199 0.002018236 -1.698904872 0.004976145 -0.002024205 0.999985516 108.896095276
0.999986887 -0.002475131 -0.004479977 -0.382008553 0.002484095 0.999994934 0.001996417 -1.714726329 0.004475014 -0.002007519 0.999987960 110.278450012
0.999986529 -0.003372994 -0.003949140 -0.386337608 0.003376829 0.999993920 0.000965026 -1.741186857 0.003945861 -0.000978348 0.999991775 111.592033386
0.999992073 -0.002312489 -0.003218518 -0.396727890 0.002308272 0.999996483 -0.001313125 -1.761831999 0.003221543 0.001305686 0.999993980 112.949775696
0.999998868 0.000283440 -0.001433558 -0.417955518 -0.000288804 0.999992967 -0.003742480 -1.773789763 0.001432487 0.003742890 0.999991953 114.221015930
0.999999166 0.001204795 -0.000424255 -0.414852798 -0.001205925 0.999995708 -0.002673530 -1.805622578 0.000421031 0.002674041 0.999996364 115.611846924
0.999998927 0.001245275 0.000689508 -0.420918405 -0.001245065 0.999999166 -0.000306214 -1.827782631 -0.000689889 0.000305355 0.999999702 116.936607361
0.999993622 0.003343681 0.001241063 -0.450126201 -0.003344662 0.999994099 0.000788853 -1.845650196 -0.001238418 -0.000792999 0.999998868 118.282417297
0.999994397 0.002717523 0.001977857 -0.454232454 -0.002720097 0.999995470 0.001299751 -1.867161989 -0.001974316 -0.001305123 0.999997199 119.604713440
0.999990165 0.003506251 0.002693788 -0.455175340 -0.003507592 0.999993801 0.000493571 -1.886605859 -0.002692041 -0.000503015 0.999996305 120.937286377
0.999975801 0.005430506 0.004353146 -0.460061669 -0.005430995 0.999985218 0.000100455 -1.911740422 -0.004352536 -0.000124094 0.999990463 122.287902832
0.999955058 0.007781657 0.005412286 -0.471263289 -0.007780087 0.999969661 -0.000310998 -1.938860178 -0.005414542 0.000268876 0.999985278 123.634170532
0.999942660 0.008327499 0.006729939 -0.461726844 -0.008317681 0.999964416 -0.001485384 -1.953233719 -0.006742067 0.001429322 0.999976277 124.976547241
0.999920726 0.009717874 0.008003273 -0.462930560 -0.009699238 0.999950171 -0.002364171 -1.978293180 -0.008025847 0.002286358 0.999965191 126.280769348
0.999927700 0.008319978 0.008680743 -0.457964063 -0.008297892 0.999962211 -0.002577249 -1.997461200 -0.008701858 0.002505032 0.999958992 127.644615173
0.999918818 0.008236466 0.009724553 -0.467351198 -0.008226325 0.999965608 -0.001082362 -2.035081148 -0.009733133 0.001002277 0.999952197 128.977767944
0.999925971 0.006792727 0.010097747 -0.443100452 -0.006786470 0.999976754 -0.000653735 -2.050003290 -0.010101954 0.000585158 0.999948800 130.350982666
0.999928951 0.005955980 0.010330214 -0.429978132 -0.005956240 0.999982357 -0.000005563 -2.076963186 -0.010330063 -0.000055966 0.999946654 131.682968140
0.999938607 0.003995158 0.010339955 -0.421253920 -0.003989179 0.999991894 -0.000598808 -2.094083309 -0.010342264 0.000557523 0.999946356 133.023757935
0.999942541 0.002597570 0.010402021 -0.418710589 -0.002604431 0.999996424 0.000646061 -2.126994371 -0.010400306 -0.000673115 0.999945700 134.370834351
0.999950171 0.000740630 0.009957018 -0.426766038 -0.000740882 0.999999762 0.000021666 -2.137763977 -0.009957000 -0.000029042 0.999950409 135.714889526
0.999962628 0.000059777 0.008642928 -0.398357034 -0.000058207 1.000000000 -0.000181963 -2.171506166 -0.008642939 0.000181453 0.999962568 137.052307129
0.999971151 -0.001164216 0.007503266 -0.396844029 0.001160363 0.999999225 0.000517824 -2.189372063 -0.007503862 -0.000509103 0.999971628 138.393722534
0.999975920 -0.003535005 0.005971602 -0.395633221 0.003525688 0.999992549 0.001569906 -2.219196796 -0.005977106 -0.001548814 0.999980927 139.772872925
0.999978304 -0.004235056 0.005044756 -0.404308975 0.004228273 0.999990165 0.001354338 -2.231538773 -0.005050442 -0.001332978 0.999986351 141.097869873
0.999984026 -0.004499964 0.003424025 -0.390709996 0.004497401 0.999989629 0.000756064 -2.252566814 -0.003427392 -0.000740653 0.999993861 142.438278198
0.999986827 -0.004619986 0.002258691 -0.393066794 0.004619121 0.999989331 0.000388449 -2.275709152 -0.002260461 -0.000378011 0.999997377 143.778503418
0.999976933 -0.006665328 0.001300929 -0.382260501 0.006667622 0.999976158 -0.001768165 -2.309825420 -0.001289113 0.001776798 0.999997616 145.119400024
0.999920249 -0.012628447 0.000010195 -0.380129725 0.012628427 0.999916434 -0.002772399 -2.321686506 0.000024817 0.002772307 0.999996185 146.463256836
0.999791861 -0.020388033 -0.000711927 -0.383232921 0.020388238 0.999792099 0.000283952 -2.356953621 0.000705990 -0.000298408 0.999999702 147.790542603
0.999625206 -0.027247269 -0.002650475 -0.372654021 0.027251722 0.999627173 0.001659678 -2.372098446 0.002604266 -0.001731286 0.999995112 149.134262085
0.999513328 -0.030941553 -0.003964177 -0.373118430 0.030935254 0.999520063 -0.001641465 -2.410490513 0.004013064 0.001518034 0.999990821 150.463867188
0.999537647 -0.030176757 -0.003727648 -0.377171814 0.030158363 0.999533057 -0.004897350 -2.434234619 0.003873693 0.004782666 0.999981105 151.804779053
0.999654830 -0.026185464 -0.002137790 -0.399259955 0.026169565 0.999631941 -0.007152468 -2.453860283 0.002324293 0.007094058 0.999972165 153.159805298
0.999659359 -0.026068272 -0.001338790 -0.404283881 0.026057875 0.999634027 -0.007270919 -2.485366344 0.001527840 0.007233557 0.999972701 154.508239746
0.999550819 -0.029949084 -0.001114201 -0.403061569 0.029944941 0.999545217 -0.003565315 -2.530187607 0.001220472 0.003530348 0.999993026 155.824508667
0.999393463 -0.034820374 -0.000541556 -0.410740107 0.034819644 0.999392807 -0.001294935 -2.545327902 0.000586317 0.001275292 0.999999046 157.156814575
0.999246061 -0.038816381 -0.000752799 -0.405019879 0.038816534 0.999246359 0.000193222 -2.568731785 0.000744731 -0.000222298 0.999999762 158.514831543
0.999189675 -0.040240232 -0.000875354 -0.383003950 0.040240671 0.999189913 0.000492546 -2.595279932 0.000854825 -0.000527371 0.999999523 159.904693604
0.999301016 -0.037384160 0.000123675 -0.398512661 0.037384059 0.999300659 0.000728566 -2.612131834 -0.000150826 -0.000723433 0.999999762 161.276824951
0.999449015 -0.033176277 0.001049680 -0.391491622 0.033177011 0.999449253 -0.000690190 -2.626122952 -0.001026204 0.000724635 0.999999225 162.621307373
0.999562502 -0.029015683 0.005738153 -0.251099944 0.029029766 0.999575794 -0.002387092 -2.698778391 -0.005666455 0.002552625 0.999980688 164.040283203
0.999622822 -0.026550097 0.007015320 -0.275144219 0.026572164 0.999642134 -0.003070997 -2.722936630 -0.006931274 0.003256251 0.999970734 165.390563965
0.999675691 -0.024421008 0.007218140 -0.242663980 0.024433982 0.999699950 -0.001714003 -2.760969162 -0.007174117 0.001889815 0.999972403 166.765197754
0.999717116 -0.022899391 0.006422854 -0.231097579 0.022913912 0.999735117 -0.002196429 -2.787597179 -0.006370855 0.002342980 0.999976873 168.139190674
0.999752581 -0.021356946 0.006202964 -0.243781328 0.021381868 0.999763370 -0.003979698 -2.821574688 -0.006116502 0.004111345 0.999972820 169.493850708
0.999819398 -0.017833592 0.006562204 -0.270183444 0.017876163 0.999819160 -0.006486887 -2.870708466 -0.006445332 0.006603023 0.999957442 170.788391113
0.999910533 -0.011239438 0.007240092 -0.287093878 0.011296255 0.999905288 -0.007854474 -2.917067051 -0.007151127 0.007935559 0.999943018 172.123565674
0.999943256 -0.007782183 0.007281224 -0.280664563 0.007829137 0.999948561 -0.006442144 -2.936136961 -0.007230716 0.006498784 0.999952793 173.472854614
0.999962866 -0.004588506 0.007295849 -0.281318784 0.004622766 0.999978364 -0.004685855 -2.970917225 -0.007274190 0.004719408 0.999962389 174.902496338
0.999963939 -0.003732569 0.007630897 -0.274565339 0.003752751 0.999989510 -0.002632221 -2.990426779 -0.007620992 0.002660763 0.999967337 176.250885010
0.999961019 -0.005249351 0.007100717 -0.277660489 0.005266658 0.999983251 -0.002420937 -2.992787838 -0.007087889 0.002458239 0.999971807 177.578384399
0.999948323 -0.009130233 0.004466153 -0.247823834 0.009137923 0.999956727 -0.001703935 -3.031301498 -0.004450403 0.001744658 0.999988556 179.077102661
0.999956489 -0.008514126 0.003806878 -0.276186049 0.008536187 0.999946654 -0.005816806 -3.071021318 -0.003757150 0.005849048 0.999975801 180.353088379
0.999973655 -0.007116290 0.001470307 -0.251424730 0.007130820 0.999923348 -0.010126641 -3.096742153 -0.001398131 0.010136858 0.999947667 181.789535522
0.999995351 -0.003029275 0.000423079 -0.279750288 0.003033902 0.999930382 -0.011401893 -3.079802752 -0.000388510 0.011403125 0.999934912 183.251922607
0.999999523 0.001001078 0.000119248 -0.275014281 -0.000999788 0.999945819 -0.010358007 -3.128873825 -0.000129611 0.010357882 0.999946356 184.609848022
0.999990761 0.004255081 0.000593443 -0.291259348 -0.004250624 0.999964118 -0.007320400 -3.161685944 -0.000624570 0.007317809 0.999973118 185.999603271
0.999993086 0.003636650 0.000927778 -0.309425920 -0.003631281 0.999976933 -0.005724880 -3.173255920 -0.000948576 0.005721469 0.999983191 187.401397705
0.999994278 0.003104194 0.001356908 -0.333741456 -0.003098191 0.999985516 -0.004404454 -3.198573828 -0.001370561 0.004400224 0.999989331 188.888061523
0.999996603 0.002214900 0.001384116 -0.348204345 -0.002208605 0.999987364 -0.004533050 -3.212302685 -0.001394138 0.004529978 0.999988735 190.330154419
0.999998093 -0.001477347 0.001310431 -0.365298212 0.001482394 0.999991417 -0.003858156 -3.236682177 -0.001304720 0.003860090 0.999991655 191.802749634
0.999990940 -0.003373968 0.002582454 -0.314744025 0.003383459 0.999987423 -0.003679499 -3.237281084 -0.002570007 0.003688203 0.999989867 193.161972046
0.999970734 -0.006984360 0.003122505 -0.307530403 0.006991889 0.999972582 -0.002406801 -3.267657042 -0.003105609 0.002428563 0.999992192 194.538818359
0.999933541 -0.010948431 0.003624528 -0.314376056 0.010952985 0.999939144 -0.001239048 -3.281068563 -0.003610742 0.001278665 0.999992669 195.975173950
0.999901474 -0.013483903 0.003911241 -0.327914298 0.013489416 0.999907970 -0.001386385 -3.311658859 -0.003892187 0.001439009 0.999991357 197.378799438
0.999933779 -0.011069694 0.003150345 -0.353733540 0.011087389 0.999922454 -0.005655492 -3.388154984 -0.003087497 0.005690047 0.999979019 198.823944092
0.999981642 -0.004735251 0.003786276 -0.405049682 0.004779232 0.999920189 -0.011691798 -3.382034302 -0.003730610 0.011709679 0.999924481 200.294998169
0.999974310 0.005147816 0.004996859 -0.412773490 -0.005094174 0.999929845 -0.010689036 -3.461895466 -0.005051534 0.010663306 0.999930382 201.709838867
0.999886394 0.013199572 0.007274653 -0.357311010 -0.013147755 0.999888182 -0.007125666 -3.450185061 -0.007367895 0.007029210 0.999948144 203.158935547
0.999851227 0.014887011 0.008709266 -0.388751864 -0.014841717 0.999876142 -0.005242517 -3.477244377 -0.008786232 0.005112477 0.999948323 204.598739624
0.999897838 0.011816978 0.008041997 -0.385477066 -0.011775368 0.999917090 -0.005201799 -3.485890865 -0.008102800 0.005106570 0.999954104 206.036163330
0.999934256 0.009213793 0.006823448 -0.393666148 -0.009178876 0.999944687 -0.005131126 -3.519361019 -0.006870348 0.005068157 0.999963522 207.488113403
0.999959588 0.006494512 0.006212965 -0.363527298 -0.006466552 0.999968886 -0.004509946 -3.595974207 -0.006242062 0.004469587 0.999970555 209.018569946
0.999965131 0.006624922 0.005081222 -0.360793471 -0.006600752 0.999966919 -0.004758974 -3.633857727 -0.005112582 0.004725269 0.999975801 210.514923096
0.999957085 0.007446424 0.005505213 -0.353342533 -0.007418714 0.999959767 -0.005036677 -3.648488998 -0.005542497 0.004995619 0.999972165 212.001815796
0.999942005 0.009002150 0.005906441 -0.380704641 -0.008975647 0.999949574 -0.004498370 -3.667979717 -0.005946638 0.004445095 0.999972403 213.453704834
0.999941945 0.009213250 0.005590966 -0.374427438 -0.009185840 0.999945700 -0.004908537 -3.705519676 -0.005635888 0.004856895 0.999972284 214.904632568
0.999951899 0.008398495 0.005052771 -0.360832214 -0.008367226 0.999945879 -0.006178125 -3.727445126 -0.005104384 0.006135551 0.999968171 216.401901245
0.999947965 0.008752723 0.005236835 -0.380008817 -0.008716637 0.999938369 -0.006874690 -3.753664255 -0.005296685 0.006828684 0.999962687 217.824920654
0.999954760 0.008362743 0.004525211 -0.367490768 -0.008331875 0.999942064 -0.006797727 -3.787548304 -0.004581797 0.006759714 0.999966681 219.310867310
0.999960303 0.008038596 0.003834407 -0.353598595 -0.008013226 0.999946117 -0.006586459 -3.827105999 -0.003887146 0.006555471 0.999970913 220.755798340
0.999957442 0.008271867 0.004095070 -0.380062938 -0.008242703 0.999940813 -0.007087888 -3.854800701 -0.004153458 0.007053832 0.999966502 222.231735229
0.999956191 0.008895571 0.002929037 -0.339581668 -0.008874686 0.999935627 -0.007067439 -3.894858360 -0.002991718 0.007041134 0.999970734 223.674652100
0.999965429 0.008016986 0.002219807 -0.338666230 -0.008001205 0.999943316 -0.007028072 -3.928791523 -0.002276026 0.007010068 0.999972820 225.172561646
0.999956071 0.009158279 0.002021923 -0.345352143 -0.009143166 0.999931157 -0.007360689 -3.956106663 -0.002089195 0.007341878 0.999970794 226.614608765
0.999969006 0.007615302 0.001990625 -0.352598757 -0.007600415 0.999943793 -0.007382412 -3.984527111 -0.002046732 0.007367054 0.999970794 228.141128540
0.999978840 0.006337154 0.001447227 -0.348392755 -0.006325802 0.999950171 -0.007719082 -4.021973133 -0.001496072 0.007709765 0.999969184 229.643096924
0.999992609 -0.001997124 0.003286600 -0.363201976 0.002011190 0.999988794 -0.004281850 -4.096393108 -0.003278012 0.004288428 0.999985456 231.143417358
0.999987960 -0.002938078 0.003944739 -0.379067183 0.002953963 0.999987483 -0.004027205 -4.115596771 -0.003932858 0.004038809 0.999984145 232.611831665
0.999994218 -0.001614617 0.002988775 -0.372952342 0.001627287 0.999989688 -0.004241628 -4.154308319 -0.002981896 0.004246466 0.999986529 234.124404907
0.999994159 -0.000799920 0.003323510 -0.386466801 0.000815304 0.999988973 -0.004630266 -4.190415382 -0.003319769 0.004632948 0.999983788 235.636764526
0.999991536 -0.001989387 0.003591724 -0.373516977 0.002004205 0.999989450 -0.004126961 -4.225830555 -0.003583476 0.004134125 0.999985039 237.115646362
0.999988675 -0.000494315 0.004729039 -0.391794443 0.000513911 0.999991238 -0.004143551 -4.240492821 -0.004726950 0.004145935 0.999980211 238.612304688
0.999988496 -0.000672519 0.004750800 -0.380472422 0.000680339 0.999998331 -0.001644513 -4.275054932 -0.004749687 0.001647726 0.999987364 240.118423462
0.999986887 -0.001017537 0.005022123 -0.376426816 0.001024432 0.999998450 -0.001370472 -4.301275730 -0.005020721 0.001375598 0.999986470 241.640747070
0.999979556 0.000484291 0.006372789 -0.391204953 -0.000467730 0.999996424 -0.002599828 -4.338148594 -0.006374026 0.002596794 0.999976337 243.148666382
0.999978781 -0.000428271 0.006498025 -0.379753947 0.000456124 0.999990702 -0.004285441 -4.355863571 -0.006496130 0.004288314 0.999969661 244.585571289
0.999972641 -0.000425551 0.007388785 -0.397104025 0.000447785 0.999995351 -0.003007721 -4.403264523 -0.007387471 0.003010947 0.999968171 246.101013184
0.999973297 -0.000653860 0.007283011 -0.401921034 0.000662255 0.999999046 -0.001150287 -4.453677654 -0.007282253 0.001155079 0.999972880 247.645996094
0.999978125 -0.000192965 0.006610688 -0.377913117 0.000207073 0.999997675 -0.002133587 -4.454475880 -0.006610261 0.002134908 0.999975860 249.109207153
0.999984324 0.000566250 0.005562810 -0.367315650 -0.000553291 0.999997139 -0.002330930 -4.477704048 -0.005564114 0.002327816 0.999981821 250.634613037
0.999983191 0.000823928 0.005740025 -0.363817096 -0.000816735 0.999998987 -0.001255319 -4.522705078 -0.005741053 0.001250609 0.999982715 252.128173828
0.999979079 0.002806567 0.005826353 -0.356198549 -0.002792575 0.999993265 -0.002408212 -4.532371998 -0.005833072 0.002391891 0.999980092 253.661026001
0.999974430 0.003543207 0.006208067 -0.372004271 -0.003528494 0.999990940 -0.002379392 -4.557329178 -0.006216441 0.002357426 0.999977887 255.196075439
0.999963701 0.000544566 0.008503186 -0.411419630 -0.000537208 0.999999464 -0.000867346 -4.586361408 -0.008503653 0.000862745 0.999963462 256.734222412
0.999967217 -0.001083815 0.008022199 -0.394005299 0.001084085 0.999999404 -0.000029561 -4.616540432 -0.008022163 0.000038257 0.999967813 258.285430908
0.999958098 -0.003764815 0.008341507 -0.390962839 0.003762428 0.999992847 0.000301805 -4.628898621 -0.008342585 -0.000270409 0.999965191 259.762298584
0.999955952 -0.005336258 0.007708574 -0.375753403 0.005342701 0.999985397 -0.000815552 -4.648773193 -0.007704109 0.000856701 0.999969959 261.282440186
0.999946415 -0.006450049 0.008095252 -0.385655642 0.006462944 0.999978006 -0.001567862 -4.675831318 -0.008084961 0.001620097 0.999966025 262.780975342
0.999933720 -0.007807109 0.008461538 -0.380800247 0.007812083 0.999969423 -0.000554929 -4.691150665 -0.008456947 0.000620995 0.999964058 264.307830811
0.999913096 -0.009868015 0.008739138 -0.334973574 0.009849108 0.999948978 0.002203959 -4.729081631 -0.008760442 -0.002117694 0.999959409 265.787628174
0.999896705 -0.010439002 0.009876000 -0.363920212 0.010431240 0.999945223 0.000837074 -4.748665810 -0.009884198 -0.000733969 0.999950945 267.341888428
0.999894261 -0.010987087 0.009518605 -0.320468426 0.010986654 0.999939620 0.000097597 -4.771274567 -0.009519101 0.000006990 0.999954700 268.792114258
0.999891460 -0.011727606 0.008915562 -0.287781477 0.011722486 0.999931037 0.000626309 -4.801478863 -0.008922293 -0.000521729 0.999960065 270.367889404
0.999900162 -0.009188639 0.010732751 -0.296223164 0.009187343 0.999957800 0.000170068 -4.823004246 -0.010733861 -0.000071446 0.999942362 271.792694092
0.999890506 -0.007074230 0.012995600 -0.309033155 0.007079771 0.999974906 -0.000380448 -4.848010540 -0.012992582 0.000472412 0.999915421 273.273040771
0.999886096 -0.006414337 0.013662746 -0.277504206 0.006415981 0.999979436 -0.000076537 -4.872262955 -0.013661974 0.000164188 0.999906659 274.801605225
0.999902129 -0.003188716 0.013623167 -0.257599354 0.003199356 0.999994636 -0.000759314 -4.929601192 -0.013620674 0.000802825 0.999906838 276.362487793
0.999868631 -0.005967901 0.015071716 -0.275761604 0.005987364 0.999981284 -0.001246625 -4.915617466 -0.015063995 0.001336701 0.999885559 277.839782715
0.999850273 -0.005526539 0.016397269 -0.252701283 0.005556513 0.999983072 -0.001783038 -4.948834419 -0.016387135 0.001873882 0.999863982 279.352050781
0.999839067 -0.006361558 0.016774978 -0.227150440 0.006384475 0.999978781 -0.001312929 -4.978195190 -0.016766272 0.001419818 0.999858439 280.822998047
0.999820292 -0.006917056 0.017649468 -0.204565048 0.006924442 0.999975920 -0.000357396 -5.010787487 -0.017646573 0.000479545 0.999844193 282.332458496
0.999818385 -0.007758973 0.017406061 -0.173197269 0.007767791 0.999969721 -0.000439100 -5.018433094 -0.017402126 0.000574226 0.999848425 283.841339111
0.999801636 -0.008597081 0.017969808 -0.157987118 0.008637039 0.999960423 -0.002147236 -5.073437214 -0.017950635 0.002302016 0.999836266 285.355865479
0.999795318 -0.009798067 0.017700948 -0.124855995 0.009881619 0.999940395 -0.004638971 -5.078177929 -0.017654441 0.004812936 0.999832511 286.778625488
0.999823809 -0.009543454 0.016163280 -0.089537144 0.009621587 0.999942362 -0.004763136 -5.105463982 -0.016116891 0.004917812 0.999857962 288.330535889
0.999806523 -0.012599346 0.015104136 -0.034142971 0.012661397 0.999911726 -0.004019595 -5.147280693 -0.015052162 0.004210056 0.999877870 289.759124756
0.999830842 -0.012296586 0.013679638 -0.010281563 0.012363692 0.999911904 -0.004831836 -5.174204350 -0.013619018 0.005000149 0.999894738 291.300750732
0.999821365 -0.013131368 0.013594328 -0.004113913 0.013193321 0.999902904 -0.004477573 -5.201251030 -0.013534213 0.004656127 0.999897480 292.731658936
0.999824405 -0.013898098 0.012564176 0.012607813 0.013949483 0.999894679 -0.004011462 -5.230373383 -0.012507102 0.004186023 0.999912918 294.262451172
0.999852955 -0.012501561 0.011732982 0.035591841 0.012556246 0.999910593 -0.004598796 -5.264559746 -0.011674443 0.004745445 0.999920547 295.800048828
0.999857247 -0.013362665 0.010341508 0.055757999 0.013397499 0.999904811 -0.003306584 -5.289291382 -0.010296339 0.003444661 0.999941051 297.311584473
0.999827981 -0.015585318 0.010053159 0.036606312 0.015593502 0.999878287 -0.000736338 -5.281183720 -0.010040458 0.000892974 0.999949217 298.824859619
0.999850214 -0.013553934 0.010768579 0.048158407 0.013556013 0.999908149 -0.000120068 -5.321937084 -0.010765963 0.000266029 0.999942064 300.344940186
0.999823987 -0.014803932 0.011526616 0.059874773 0.014812842 0.999889970 -0.000687894 -5.327805996 -0.011515164 0.000858515 0.999933302 301.817687988
0.999791622 -0.016274320 0.012326733 0.069690943 0.016290767 0.999866545 -0.001235078 -5.335074902 -0.012304989 0.001435633 0.999923229 303.314544678
0.999777555 -0.017298762 0.012067226 0.091867685 0.017321555 0.999848366 -0.001786953 -5.382389545 -0.012034484 0.001995580 0.999925613 304.844085693
0.999736667 -0.019025363 0.012832356 0.085379362 0.019075826 0.999810755 -0.003821796 -5.407654762 -0.012757216 0.004065578 0.999910414 306.356506348
0.999945819 -0.008195263 0.006416004 0.058583021 0.008248869 0.999930918 -0.008373542 -5.881171227 -0.006346939 0.008426015 0.999944329 312.199615479
0.999965549 -0.006902775 0.004614584 0.036572337 0.006946056 0.999931455 -0.009429852 -5.907913208 -0.004549176 0.009461581 0.999944925 313.692474365
0.999983311 -0.005540817 0.001645693 0.055927545 0.005555113 0.999945760 -0.008812982 -6.012311935 -0.001596770 0.008821975 0.999959826 315.449249268
0.999989390 -0.004545586 0.000833580 0.061505765 0.004549931 0.999975741 -0.005286666 -6.053739071 -0.000809528 0.005290402 0.999985695 316.954345703
0.999987662 -0.003701880 0.003320065 -0.039034963 0.003716979 0.999982715 -0.004553425 -6.016282558 -0.003303152 0.004565709 0.999984086 318.577331543
0.999984264 -0.004545812 0.003275425 -0.039258242 0.004558662 0.999981999 -0.003926872 -6.045282364 -0.003257515 0.003941743 0.999986887 320.157043457
0.999981403 -0.005339214 0.002954598 -0.016482174 0.005355068 0.999971151 -0.005384613 -6.067068577 -0.002925763 0.005400334 0.999981165 321.738494873
0.999970734 -0.006568672 0.003928666 -0.036929488 0.006587541 0.999966741 -0.004809611 -6.119716644 -0.003896944 0.004835350 0.999980688 323.183685303
0.999970376 -0.007106191 0.002964637 0.012450337 0.007118986 0.999965310 -0.004328294 -6.166613102 -0.002933778 0.004349271 0.999986172 324.824645996
0.999973178 -0.004693853 0.005615331 -0.066602707 0.004724423 0.999974012 -0.005443512 -6.169603348 -0.005589632 0.005469896 0.999969363 326.246307373
0.999978542 -0.003309420 0.005645784 -0.055811405 0.003346975 0.999972284 -0.006655522 -6.198640823 -0.005623600 0.006674275 0.999961913 327.821838379
0.999970138 -0.002339670 0.007347919 -0.081423521 0.002390444 0.999973238 -0.006908837 -6.246326447 -0.007331555 0.006926196 0.999949157 329.244384766
0.999959826 -0.003975445 0.008026725 -0.071327448 0.004012402 0.999981344 -0.004593445 -6.294209957 -0.008008314 0.004625467 0.999957263 330.796752930
0.999954045 -0.004867584 0.008253800 -0.063507795 0.004900014 0.999980330 -0.003913160 -6.319274902 -0.008234587 0.003953425 0.999958217 332.288940430
0.999955952 -0.005302502 0.007741851 -0.040423155 0.005349468 0.999967277 -0.006058411 -6.343981266 -0.007709473 0.006099558 0.999951661 333.834411621
0.999959767 -0.003943057 0.008059984 -0.044021845 0.003987353 0.999976933 -0.005487191 -6.386823177 -0.008038162 0.005519108 0.999952435 335.354614258
0.999966562 -0.001948642 0.007956813 -0.052198648 0.002010120 0.999968112 -0.007725802 -6.415163040 -0.007941506 0.007741536 0.999938488 336.914031982
0.999975383 0.002255942 0.006636900 -0.009965420 -0.002173865 0.999921322 -0.012348186 -6.422217369 -0.006664233 0.012333456 0.999901712 338.392700195
0.999971986 0.004342583 0.006075149 -0.014398575 -0.004265474 0.999910891 -0.012648449 -6.455535889 -0.006129534 0.012622185 0.999901533 339.954711914
0.999974966 0.004458515 0.005496800 -0.011344790 -0.004412609 0.999955475 -0.008335758 -6.509824753 -0.005533721 0.008311293 0.999950171 341.446136475
0.999974906 0.005599920 0.004327959 -0.011944056 -0.005575848 0.999969006 -0.005554087 -6.552107334 -0.004358928 0.005529816 0.999975204 343.008148193
0.999978662 0.005886309 0.002833056 -0.011526883 -0.005866925 0.999959648 -0.006802660 -6.580544472 -0.002872985 0.006785893 0.999972820 344.508789062
0.999982715 0.005712459 0.001390774 -0.030168027 -0.005700100 0.999945700 -0.008733660 -6.614481926 -0.001440589 0.008725582 0.999960840 346.011993408
0.999991775 0.003843701 -0.001293832 -0.016705930 -0.003853210 0.999964893 -0.007430919 -6.649915218 0.001265224 0.007435843 0.999971509 347.533843994
0.999993443 0.002782059 -0.002284145 -0.019580781 -0.002797582 0.999972820 -0.006821846 -6.697992325 0.002265105 0.006828192 0.999974072 349.056365967
0.999977291 0.006631221 -0.001196672 -0.054818153 -0.006642239 0.999933302 -0.009450861 -6.716068268 0.001133922 0.009458596 0.999954641 350.637390137
0.999984086 0.005385660 -0.001643252 -0.070110440 -0.005403142 0.999926805 -0.010826822 -6.741069794 0.001584822 0.010835529 0.999940097 352.205627441
0.999990642 0.003951024 -0.001776481 -0.067282319 -0.003968758 0.999941111 -0.010092046 -6.804237843 0.001736502 0.010099002 0.999947429 353.658172607
0.999992490 0.003497420 -0.001718277 -0.085284829 -0.003515199 0.999939084 -0.010454395 -6.846138954 0.001681609 0.010460354 0.999943852 355.172149658
0.999993801 0.003183552 -0.001462540 -0.088862032 -0.003199249 0.999935865 -0.010857295 -6.887319565 0.001427882 0.010861908 0.999939919 356.642425537
0.999992430 0.003758915 -0.000966978 -0.113095775 -0.003770058 0.999923348 -0.011789217 -6.927579880 0.000922589 0.011792773 0.999929965 358.166778564
0.999994218 0.002987535 -0.001569905 -0.101954073 -0.003005759 0.999926507 -0.011737471 -6.966618061 0.001534724 0.011742122 0.999929905 359.607604980
0.999993443 0.003387130 -0.001274576 -0.118351549 -0.003403065 0.999913335 -0.012714572 -7.007194519 0.001231399 0.012718827 0.999918342 361.099090576
0.999996960 0.001580570 -0.001908050 -0.114395082 -0.001606585 0.999904692 -0.013711132 -7.060141563 0.001886197 0.013714156 0.999904156 362.601989746
0.999997973 0.000050209 -0.002025481 -0.116373420 -0.000075020 0.999924898 -0.012251285 -7.091408730 0.002024714 0.012251413 0.999922931 364.081512451
0.999997199 -0.001517545 -0.001809975 -0.129826963 0.001497060 0.999935389 -0.011265826 -7.138420105 0.001826954 0.011263088 0.999934852 365.566650391
0.999997318 -0.001652706 -0.001657577 -0.140390962 0.001632669 0.999926448 -0.012017258 -7.182991028 0.001677315 0.012014519 0.999926448 367.051818848
0.999998868 -0.000667233 -0.001308597 -0.148644865 0.000650335 0.999916911 -0.012870274 -7.222494125 0.001317077 0.012869409 0.999916315 368.551025391
0.999999702 0.000682729 -0.000455818 -0.175895229 -0.000688054 0.999930263 -0.011786111 -7.274200439 0.000447740 0.011786420 0.999930441 370.034790039
0.999998808 0.001428476 -0.000533972 -0.172289550 -0.001434162 0.999940634 -0.010802866 -7.311501503 0.000518508 0.010803619 0.999941528 371.548492432
0.999998868 0.001475572 0.000341042 -0.207418278 -0.001471473 0.999930203 -0.011724122 -7.337147713 -0.000358319 0.011723607 0.999931276 373.050476074
0.999999523 0.000823786 -0.000371579 -0.185004145 -0.000828135 0.999929309 -0.011859262 -7.397372723 0.000361784 0.011859566 0.999929607 374.579864502
0.999998569 0.001524662 0.000676399 -0.215152889 -0.001515978 0.999918640 -0.012658257 -7.428003311 -0.000695644 0.012657212 0.999919653 376.092956543
0.999998748 0.001594169 -0.000121954 -0.198815376 -0.001595541 0.999923944 -0.012231224 -7.482949257 0.000102447 0.012231403 0.999925196 377.619812012
0.999990582 0.004117078 0.001390601 -0.238785565 -0.004098990 0.999910116 -0.012768966 -7.517373085 -0.001443047 0.012763146 0.999917507 379.163543701
0.999991000 0.004246263 0.000156820 -0.213872984 -0.004244098 0.999920309 -0.011890835 -7.558726311 -0.000207300 0.011890064 0.999929309 380.666351318
0.999976039 0.006888211 0.000696608 -0.223795176 -0.006878166 0.999885023 -0.013518874 -7.601035118 -0.000789649 0.013513759 0.999908388 382.209655762
0.999973238 0.007235841 0.001160429 -0.230376929 -0.007219281 0.999880195 -0.013691691 -7.651212692 -0.001259361 0.013682945 0.999905527 383.702453613
