0.999989867 -0.002964333 -0.003371570 0.002745832 0.002959389 0.999994576 -0.001470509 -0.010705024 0.003375911 0.001460517 0.999993265 0.518950820
0.999971271 -0.001871986 -0.007346394 -0.002252995 0.001850778 0.999994159 -0.002892566 -0.014301321 0.007351766 0.002878888 0.999968886 1.052308202
0.999935567 -0.001795253 -0.011207424 -0.010910017 0.001747663 0.999989450 -0.004254595 -0.017783757 0.011214944 0.004234735 0.999928117 1.600406647
0.999875367 -0.000344248 -0.015781416 -0.024213336 0.000264149 0.999987066 -0.005077327 -0.018564044 0.015782958 0.005072527 0.999862552 2.161468029
0.999807894 -0.001011833 -0.019574188 -0.043798320 0.000904945 0.999984622 -0.005468720 -0.021980919 0.019579418 0.005449957 0.999793470 2.742377043
0.999714971 0.000447774 -0.023867326 -0.062926427 -0.000594353 0.999980927 -0.006134663 -0.037176650 0.023864128 0.006147101 0.999696255 3.329017162
0.999592543 0.003237729 -0.028363556 -0.089453310 -0.003436775 0.999969840 -0.006971687 -0.040561564 0.028340129 0.007066325 0.999573350 3.938454866
0.999473393 0.003840572 -0.032221396 -0.115380757 -0.004023019 0.999976218 -0.005599386 -0.041977465 0.032199133 0.005726064 0.999465108 4.561033726
0.999316633 0.002818540 -0.036853906 -0.135212392 -0.002910450 0.999992847 -0.002440486 -0.054399729 0.036846764 0.002546080 0.999317706 5.208413601
0.999160171 0.002003380 -0.040926039 -0.164570123 -0.002012995 0.999997973 -0.000193722 -0.051597614 0.040925570 0.000275942 0.999162197 5.902048111
0.999107361 0.004219457 -0.042030584 -0.207380801 -0.004251617 0.999990761 -0.000675822 -0.066256188 0.042027332 0.000853916 0.999116182 6.518390179
0.999033988 0.003836263 -0.043776780 -0.246585801 -0.003880501 0.999992013 -0.000925591 -0.072324298 0.043772873 0.001094573 0.999040961 7.188981056
0.998957157 0.000903517 -0.045650408 -0.276423573 -0.000963526 0.999998748 -0.001292547 -0.078194857 0.045649178 0.001335185 0.998956680 7.877456665
0.998851299 0.000485580 -0.047914740 -0.306305140 -0.000498494 0.999999881 -0.000257569 -0.085262246 0.047914606 0.000281158 0.998851418 8.576565742
0.998792529 -0.001324842 -0.049110711 -0.328793287 0.001296795 0.999998987 -0.000602953 -0.087332979 0.049111474 0.000538538 0.998793125 8.980728149
0.998710871 0.001117462 -0.050748385 -0.385102630 -0.001241195 0.999996364 -0.002406708 -0.104959719 0.050745510 0.002466594 0.998708606 9.990462303
0.998627782 0.001721130 -0.052341722 -0.405824542 -0.001994784 0.999984622 -0.005176432 -0.107874498 0.052332014 0.005273739 0.998615861 10.416179657
0.998562634 0.005646568 -0.053299140 -0.474718034 -0.006015449 0.999958992 -0.006763053 -0.121408165 0.053258765 0.007073950 0.998555660 11.443696022
0.998457253 0.006658851 -0.055125453 -0.495406687 -0.007041083 0.999952495 -0.006742538 -0.124471605 0.055077933 0.007120278 0.998456717 11.890169144
0.998417139 0.005384000 -0.055984925 -0.555839181 -0.005649091 0.999973536 -0.004577832 -0.146836817 0.055958811 0.004886849 0.998421133 12.954472542
0.998367131 0.006106793 -0.056796413 -0.589759946 -0.006283133 0.999975979 -0.002926716 -0.152495235 0.056777172 0.003278796 0.998381555 13.426652908
0.998274565 0.005623272 -0.058449734 -0.645149767 -0.005796676 0.999979258 -0.002797564 -0.168857813 0.058432803 0.003131550 0.998286366 14.498093605
0.998153925 0.005112515 -0.060520753 -0.672222078 -0.005353371 0.999978423 -0.003818232 -0.171315894 0.060499925 0.004135172 0.998159587 14.988801956
0.998151243 0.004109677 -0.060638346 -0.752222538 -0.004390649 0.999980271 -0.004501040 -0.189202636 0.060618646 0.004758961 0.998149693 16.102876663
0.998102367 0.003870639 -0.061453469 -0.782329738 -0.004004391 0.999989986 -0.002053462 -0.198227659 0.061444890 0.002295649 0.998107910 16.613613129
0.998119712 0.005506226 -0.061046906 -0.863785446 -0.005479627 0.999984801 0.000603110 -0.207572833 0.061049286 -0.000267462 0.998134673 17.771825790
0.998144805 0.005823126 -0.060605682 -0.897287965 -0.005559954 0.999974370 0.004510096 -0.213552564 0.060630385 -0.004164764 0.998151600 18.305158615
0.998257995 0.004812214 -0.058805227 -0.962954938 -0.004382551 0.999962747 0.007433326 -0.224569857 0.058838818 -0.007162657 0.998241842 19.458292007
0.998293638 0.005097107 -0.058171384 -1.000242114 -0.004618135 0.999954343 0.008365282 -0.228973895 0.058211368 -0.008082364 0.998271644 20.219474792
0.998422921 0.005312315 -0.055888779 -1.061880112 -0.005000618 0.999971092 0.005715491 -0.236680925 0.055917528 -0.005426998 0.998420656 21.171504974
0.998447001 0.006130118 -0.055372678 -1.107674956 -0.006117453 0.999981225 0.000398209 -0.234772474 0.055374071 -0.000058850 0.998465776 22.012392044
0.998532057 0.005916960 -0.053838793 -1.159276485 -0.006036952 0.999979556 -0.002066387 -0.247141168 0.053825486 0.002388376 0.998547435 22.907590866
0.998558640 0.003323609 -0.053567730 -1.198644400 -0.003383804 0.999993801 -0.001033048 -0.256559640 0.053563956 0.001212821 0.998563707 23.810037613
0.998577416 0.002030364 -0.053282723 -1.249858141 -0.001820027 0.999990344 0.003995780 -0.264004618 0.053290341 -0.003893118 0.998571515 24.659177780
0.998507977 -0.002003348 -0.054570246 -1.291482806 0.002407458 0.999970198 0.007340579 -0.270066202 0.054553915 -0.007461001 0.998483002 25.568920135
0.998455465 -0.008813423 -0.054853350 -1.334385753 0.009198314 0.999934793 0.006768222 -0.280559391 0.054790121 -0.007262327 0.998471498 26.411582947
0.998359621 -0.010801866 -0.056224678 -1.387090564 0.010978073 0.999935806 0.002826072 -0.284813523 0.056190532 -0.003438676 0.998414218 27.337677002
0.998273969 -0.010565489 -0.057770677 -1.431541085 0.010519567 0.999944091 -0.001098987 -0.290519476 0.057779070 0.000489368 0.998329282 28.199169159
0.998124897 -0.009702702 -0.060436733 -1.483535767 0.009593274 0.999951839 -0.002100521 -0.293217093 0.060454205 0.001516797 0.998169839 29.179889679
0.998096943 -0.009408689 -0.060942464 -1.542051196 0.009400062 0.999955833 -0.000428250 -0.307494760 0.060943786 -0.000145428 0.998141229 30.022922516
0.998049557 -0.006422203 -0.062094823 -1.614413261 0.006574139 0.999975860 0.002242844 -0.317861497 0.062078930 -0.002646690 0.998067737 31.042991638
0.997941315 -0.006666578 -0.063787512 -1.662985086 0.006927738 0.999968469 0.003873884 -0.328579038 0.063759692 -0.004307809 0.997955978 31.878303528
0.997883856 -0.005475413 -0.064790770 -1.737749815 0.005875087 0.999964893 0.005979769 -0.324796379 0.064755753 -0.006347764 0.997881055 32.896606445
0.997917175 -0.005297138 -0.064290009 -1.788288593 0.005926240 0.999936402 0.009598621 -0.344377428 0.064235076 -0.009959627 0.997885108 33.684329987
0.997877359 0.000760168 -0.065115102 -1.859525323 0.000013503 0.999929488 0.011880341 -0.347169340 0.065119535 -0.011856005 0.997807086 34.698753357
0.997873247 0.000579769 -0.065181568 -1.914111018 0.000173373 0.999933302 0.011548271 -0.351366818 0.065183915 -0.011535009 0.997806668 35.506744385
0.997863233 0.000302181 -0.065337561 -1.978184819 0.000333841 0.999952734 0.009723267 -0.345002621 0.065337397 -0.009724299 0.997815907 36.506294250
0.997877359 0.002903355 -0.065056130 -2.035979033 -0.002431002 0.999970198 0.007338669 -0.351181775 0.065075494 -0.007164941 0.997854650 37.310962677
0.997766197 0.002394196 -0.066759698 -2.093452454 -0.001912556 0.999971747 0.007277506 -0.355925530 0.066775240 -0.007133569 0.997742534 38.329307556
0.997730911 0.000168309 -0.067327403 -2.149034977 0.000419571 0.999961913 0.008717410 -0.360268116 0.067326330 -0.008725880 0.997692823 39.082832336
0.997647166 0.001298302 -0.068544321 -2.217425346 -0.000653869 0.999955416 0.009423291 -0.360378295 0.068553515 -0.009356302 0.997603595 40.085124969
0.997618496 0.003555811 -0.068882361 -2.289225578 -0.003115438 0.999974072 0.006499504 -0.381024092 0.068903685 -0.006269427 0.997603536 41.048522949
0.997277975 0.001461398 -0.073717989 -2.010150671 -0.001305929 0.999996841 0.002157132 -0.327253819 0.073720910 -0.002054989 0.997276843 40.359550476
0.997176707 0.002803990 -0.075037777 -2.077098370 -0.002750260 0.999995887 0.000819358 -0.334020615 0.075039782 -0.000610671 0.997180402 41.337768555
0.997223198 0.001156273 -0.074462645 -2.156722307 -0.000819387 0.999989271 0.004554616 -0.348764122 0.074467115 -0.004480955 0.997213423 42.255294800
0.997172356 -0.000669280 -0.075144917 -2.224426746 0.001250595 0.999969602 0.007689125 -0.356875062 0.075137481 -0.007761360 0.997142971 43.230613708
0.997164130 -0.002360255 -0.075223356 -2.295634270 0.002984946 0.999962032 0.008193135 -0.362051725 0.075201169 -0.008394437 0.997133076 44.133430481
0.997136235 -0.006015597 -0.075388730 -2.367925644 0.006573462 0.999952793 0.007153900 -0.371947557 0.075342141 -0.007628976 0.997128665 45.084632874
0.997119129 -0.007777391 -0.075451910 -2.442392349 0.008213052 0.999951363 0.005465449 -0.374253273 0.075405739 -0.006069392 0.997134507 45.977313995
0.997007608 -0.009128195 -0.076763034 -2.512978554 0.009671497 0.999930799 0.006708881 -0.385567665 0.076696485 -0.007431217 0.997026861 46.920886993
0.996870637 -0.013101923 -0.077956624 -2.571667671 0.013981410 0.999844551 0.010746622 -0.380576968 0.077803731 -0.011802936 0.996898770 47.804939270
0.996805966 -0.013788386 -0.078661665 -2.644220352 0.015044668 0.999768257 0.015400440 -0.375057697 0.078431077 -0.016534690 0.996782422 48.744426727
0.996801138 -0.011786563 -0.079047322 -2.718492031 0.013233443 0.999753892 0.017805135 -0.382086158 0.078818016 -0.018794244 0.996711850 49.629703522
0.996675193 -0.010912608 -0.080742881 -2.792231560 0.012075052 0.999830246 0.013922580 -0.385699511 0.080577239 -0.014851263 0.996637702 50.551952362
0.996539712 -0.008795820 -0.082651407 -2.780283451 0.009331695 0.999937832 0.006099498 -0.370941639 0.082592614 -0.006849670 0.996559799 50.919780731
0.996777773 -0.006159040 -0.079975300 -2.946493626 0.006270587 0.999979615 0.001143672 -0.353908718 0.079966620 -0.001641478 0.996796191 51.138153076
0.996728480 -0.000878695 -0.080817543 -3.029289246 0.001041766 0.999997437 0.001975627 -0.361343920 0.080815606 -0.002053356 0.996726930 52.027336121
0.996647179 0.001520003 -0.081804469 -3.102596760 -0.001151511 0.999988973 0.004551544 -0.378343105 0.081810482 -0.004442086 0.996638000 52.869106293
0.996551096 0.004391611 -0.082865044 -3.182407856 -0.003908515 0.999974430 0.005991227 -0.390932560 0.082889251 -0.005646684 0.996542752 53.731605530
0.996479213 0.004868301 -0.083697885 -3.270123959 -0.004429798 0.999975502 0.005424025 -0.387922704 0.083722249 -0.005034163 0.996476471 54.591922760
0.996346712 0.006212453 -0.085173108 -3.349406242 -0.005694200 0.999963760 0.006326303 -0.396357924 0.085209325 -0.005818199 0.996346176 55.426456451
0.996169806 0.008221359 -0.087052651 -3.391565084 -0.007611112 0.999944150 0.007339699 -0.423732519 0.087108143 -0.006649019 0.996176660 56.203399658
0.996031761 0.007669978 -0.088667236 -3.464701653 -0.007024162 0.999946535 0.007593343 -0.428187907 0.088720754 -0.006940398 0.996032357 57.019069672
0.995920479 0.007775597 -0.089898892 -3.532036304 -0.006999025 0.999935389 0.008950295 -0.440757215 0.089962684 -0.008284578 0.995910704 57.811122894
0.995771408 0.010712430 -0.091238335 -3.610520363 -0.009677460 0.999883711 0.011778450 -0.449463785 0.091353901 -0.010845687 0.995759428 58.605522156
0.995677352 0.012001147 -0.092100769 -3.694934368 -0.010634965 0.999826252 0.015310059 -0.431773186 0.092268512 -0.014264390 0.995631993 59.367633820
0.995506287 0.015592965 -0.093401849 -3.780374765 -0.014068860 0.999757230 0.016954066 -0.434885263 0.093643554 -0.015563823 0.995484114 60.136627197
0.995321751 0.018086229 -0.094907790 -3.850201130 -0.016921451 0.999771535 0.013063231 -0.447250724 0.095122360 -0.011396141 0.995400369 60.847698212
0.995190501 0.018347088 -0.096225359 -3.919843912 -0.017864481 0.999823093 0.005874555 -0.456692040 0.096316136 -0.004127285 0.995342255 61.555629730
0.995085776 0.016790610 -0.097582579 -4.001361370 -0.016883118 0.999857485 -0.000122267 -0.458122104 0.097566612 0.001769165 0.995227456 62.238609314
0.995023727 0.017578498 -0.098075293 -4.071234226 -0.017785693 0.999841034 -0.001238649 -0.463943303 0.098037921 0.002976823 0.995178282 62.922985077
0.994891465 0.020550441 -0.098837361 -4.137577057 -0.020435810 0.999788940 0.002172091 -0.470769823 0.098861136 -0.000141172 0.995101273 63.565002441
0.994757891 0.021026403 -0.100073822 -4.202294350 -0.020668594 0.999775827 0.004611023 -0.486817926 0.100148328 -0.002518466 0.994969428 64.206649780
0.994702995 0.017884035 -0.101223461 -4.263716221 -0.017847734 0.999839902 0.001264311 -0.496498644 0.101229861 0.000548997 0.994862974 64.837532043
0.994825482 0.009318478 -0.101169623 -4.317222118 -0.009751382 0.999945343 -0.003785271 -0.509411573 0.101128832 0.004752226 0.994861960 65.411125183
0.995010674 0.005356409 -0.099624634 -4.384323120 -0.006255497 0.999942541 -0.008714554 -0.518335342 0.099572234 0.009294275 0.994986892 66.002281189
0.995282054 0.007698859 -0.096717492 -4.437961578 -0.008566013 0.999926746 -0.008553807 -0.531612277 0.096644536 0.009341934 0.995275080 66.550033569
0.995655954 0.012687858 -0.092240140 -4.504317284 -0.013188839 0.999901474 -0.004823685 -0.554581821 0.092169829 0.006019270 0.995725036 67.109580994
0.996107697 0.010846427 -0.087474406 -4.550472260 -0.011108683 0.999935091 -0.002511808 -0.551904142 0.087441489 0.003473755 0.996163607 67.664299011
0.996520519 0.007692702 -0.082991749 -4.563251972 -0.007599286 0.999970078 0.001441459 -0.557292879 0.083000362 -0.000805766 0.996549249 68.159988403
0.997215152 0.003010741 -0.074516699 -4.595040321 -0.002657041 0.999984682 0.004845269 -0.568139434 0.074530147 -0.004633781 0.997208118 68.677040100
0.997900128 0.006732397 -0.064420544 -4.614812374 -0.006442364 0.999968112 0.004708845 -0.577480793 0.064450204 -0.004283937 0.997911751 69.167037964
0.998734415 0.011941101 -0.048855018 -4.649130821 -0.011746963 0.999921858 0.004258977 -0.584564149 0.048902072 -0.003679689 0.998796761 69.663513184
0.999370933 0.017218102 -0.031003743 -4.656366348 -0.017080911 0.999843121 0.004684468 -0.586665690 0.031079540 -0.004151949 0.999508321 70.125007629
0.999840140 0.015713310 -0.008528853 -4.649855137 -0.015667904 0.999862850 0.005364761 -0.592923999 0.008611985 -0.005230273 0.999949276 70.602615356
0.999774694 0.012116162 0.017430479 -4.620429993 -0.012225642 0.999906123 0.006187981 -0.598854721 -0.017353872 -0.006399686 0.999828875 71.031570435
0.998847127 0.011035616 0.046717841 -4.569297791 -0.011388047 0.999908626 0.007284350 -0.601187766 -0.046633184 -0.007807976 0.998881578 71.488212585
0.996754348 0.010348985 0.079834871 -4.521085262 -0.011133089 0.999893904 0.009382688 -0.615393341 -0.079729304 -0.010241043 0.996764004 71.900016785
0.992984354 0.010652840 0.117764398 -4.451896667 -0.011869189 0.999883115 0.009632137 -0.616357982 -0.117648020 -0.010962330 0.992994905 72.336357117
0.987235606 0.010341411 0.158930123 -4.361961365 -0.012023753 0.999881387 0.009627466 -0.622314334 -0.158811688 -0.011415514 0.987242877 72.721618652
0.978777409 0.010155152 0.204674184 -4.261621475 -0.012427298 0.999874592 0.009818936 -0.630669892 -0.204548791 -0.012154100 0.978780985 73.127891541
0.967326820 0.012241379 0.253236979 -4.131261826 -0.014744438 0.999859333 0.007988697 -0.640339017 -0.253103584 -0.011461519 0.967371285 73.501914978
0.951756537 0.013390446 0.306561798 -3.981140137 -0.015699135 0.999863803 0.005066289 -0.648219466 -0.306452274 -0.009634630 0.951837242 73.881896973
0.932341516 0.013227250 0.361336827 -3.804252625 -0.015106522 0.999883056 0.002376552 -0.648496270 -0.361263156 -0.007674302 0.932432234 74.218475342
0.908062458 0.013722662 0.418610185 -3.612407684 -0.015524539 0.999879003 0.000898801 -0.658702791 -0.418547243 -0.007314898 0.908165514 74.556449890
0.879246414 0.013665452 0.476171166 -3.404289246 -0.014831346 0.999889135 -0.001309468 -0.664343238 -0.476136267 -0.005910915 0.879351676 74.860839844
0.845597982 0.012174807 0.533681333 -3.168224335 -0.012045240 0.999920547 -0.003725837 -0.668411613 -0.533684313 -0.003277759 0.845677495 75.169746399
0.809724391 0.011949409 0.586688638 -2.910385132 -0.011327539 0.999924660 -0.004732193 -0.681656539 -0.586701035 -0.002813966 0.809798777 75.423469543
0.769820988 0.010314525 0.638176501 -2.637973785 -0.010805042 0.999936759 -0.003127546 -0.697607517 -0.638168514 -0.004487874 0.769883692 75.692138672
0.729509115 0.009722655 0.683901846 -2.357902527 -0.012115889 0.999925792 -0.001291534 -0.713595986 -0.683863759 -0.007343894 0.729572833 76.047363281
0.685069740 0.009184922 0.728419542 -2.051692963 -0.010655290 0.999939919 -0.002587455 -0.706609130 -0.728399575 -0.005988935 0.685126483 76.269836426
0.638225019 0.007784388 0.769810379 -1.765052795 -0.008099549 0.999961376 -0.003396617 -0.718976557 -0.769807279 -0.004067312 0.638263464 76.459373474
0.591124296 0.004752296 0.806566358 -1.433216095 -0.002367077 0.999988556 -0.004157134 -0.729930043 -0.806577086 0.000548179 0.591128707 76.652053833
0.544849455 0.007269662 0.838502407 -1.181030273 -0.005157779 0.999972582 -0.005318114 -0.744872987 -0.838518083 -0.001427240 0.544871986 76.876686096
0.497710854 0.010408660 0.867280602 -0.840057373 -0.008787269 0.999937236 -0.006957944 -0.750857055 -0.867298663 -0.004157984 0.497771025 77.038406372
0.452064753 0.012085633 0.891903281 -0.530168533 -0.009560626 0.999916494 -0.008703412 -0.762762547 -0.891933918 -0.004592650 0.452142507 77.167053223
0.409708500 0.009134559 0.912170768 -0.168075562 -0.002457938 0.999957323 -0.008909659 -0.771595299 -0.912213266 0.001408303 0.409713417 77.283988953
0.374550968 0.000740980 0.927206039 0.002273560 0.012379933 0.999906719 -0.005800034 -0.804034829 -0.927123725 0.013651159 0.374506831 77.390975952
0.339275956 -0.002934940 0.940682292 0.382587433 0.016262434 0.999864042 -0.002745783 -0.806950450 -0.940546393 0.016229361 0.339277506 77.487800598
0.306738704 0.001361684 0.951792717 0.707948685 0.014443927 0.999877155 -0.006085386 -0.809795499 -0.951684177 0.015614245 0.306681365 77.575370789
0.275611371 0.009299468 0.961224139 1.091556549 0.003211021 0.999938726 -0.010594710 -0.822119594 -0.961263835 0.006006530 0.275564671 77.684310913
0.247196570 0.013451681 0.968871891 1.444690704 -0.001462256 0.999907672 -0.013509498 -0.839504302 -0.968964159 0.001922760 0.247193441 77.767173767
0.221834034 0.015044034 0.974968433 1.830907822 -0.000421577 0.999882400 -0.015332543 -0.853773713 -0.975084364 0.002990257 0.221814290 77.833229065
0.198386580 0.016389720 0.979986906 2.247881889 0.007014813 0.999810815 -0.018141335 -0.861684918 -0.980098724 0.010473424 0.198234096 77.890220642
0.178478092 0.022441747 0.983687878 2.635423660 0.014259705 0.999575913 -0.025391463 -0.861080170 -0.983840704 0.018558918 0.178082377 77.932701111
0.159178182 0.029448720 0.986810505 3.077427864 0.016400002 0.999338210 -0.032467987 -0.858835220 -0.987113774 0.021351883 0.158589885 77.987243652
0.141089141 0.030087674 0.989539742 3.500764847 0.013549232 0.999385774 -0.032318905 -0.873597026 -0.989904165 0.017967351 0.140594855 78.046669006
0.125431776 0.025371417 0.991777897 3.973860741 0.011707989 0.999565482 -0.027051361 -0.900513649 -0.992033184 0.015004830 0.125080228 78.100257874
0.111062139 0.022219351 0.993565023 4.442826271 0.011454615 0.999654949 -0.023635957 -0.919245958 -0.993747413 0.014005966 0.110769324 78.144721985
0.097450115 0.019624354 0.995046854 4.934689045 0.013683933 0.999684632 -0.021055963 -0.938676953 -0.995146334 0.015668064 0.097150847 78.186126709
0.086426452 0.018904457 0.996078849 5.440783501 0.017592542 0.999635220 -0.020498399 -0.948504865 -0.996102989 0.019295163 0.086062342 78.211135864
0.076320462 0.019453898 0.996893585 5.978456020 0.021001177 0.999556541 -0.021113681 -0.962695479 -0.996862173 0.022547346 0.075878039 78.238548279
0.068754621 0.020231487 0.997428477 6.528975964 0.022974625 0.999497116 -0.021857133 -0.975370049 -0.997369051 0.024418324 0.068255238 78.262763977
0.063226379 0.020317882 0.997792363 7.106215954 0.025299529 0.999438822 -0.021954542 -0.989667416 -0.997678518 0.026631782 0.062676862 78.292045593
0.057659905 0.021293698 0.998109162 7.700061798 0.026443454 0.999389172 -0.022848617 -1.005210519 -0.997985959 0.027710903 0.057061613 78.320838928
0.051815554 0.021855470 0.998417437 8.304948807 0.027338196 0.999354780 -0.023294775 -1.022662997 -0.998282373 0.028501969 0.051184636 78.343719482
0.047400422 0.022096386 0.998631537 8.935503006 0.029981473 0.999273300 -0.023533670 -1.035269499 -0.998425961 0.031055953 0.046703495 78.367355347
0.044520214 0.021893119 0.998768568 9.595978737 0.031231219 0.999240816 -0.023295604 -1.057168603 -0.998520195 0.032229882 0.043802656 78.392784119
0.041284584 0.021057675 0.998925507 10.274837494 0.032200243 0.999230564 -0.022394912 -1.080415249 -0.998628438 0.033090219 0.040574748 78.423606873
0.039188650 0.020396346 0.999023616 10.975023270 0.034733485 0.999159575 -0.021761613 -1.101379633 -0.998628020 0.035552379 0.038447276 78.434745789
0.038855016 0.019935083 0.999045908 11.680690765 0.039391529 0.998993158 -0.021466050 -1.124173403 -0.998468161 0.040188018 0.038030621 78.450897217
0.039839469 0.019957939 0.999006689 12.456106186 0.042379506 0.998867035 -0.021645203 -1.131117582 -0.998306990 0.043199744 0.038948525 78.469802856
0.041124757 0.019683454 0.998960137 13.175022125 0.043596320 0.998818338 -0.021475421 -1.159775972 -0.998202503 0.044434164 0.040218040 78.521026611
0.045830250 0.020036684 0.998748183 13.945995331 0.046049301 0.998693526 -0.022148684 -1.168254137 -0.997887313 0.047006749 0.044847712 78.541526794
0.050987657 0.019223139 0.998514295 14.798875809 0.047259122 0.998648226 -0.021638941 -1.194471598 -0.997580647 0.048292212 0.050010264 78.554176331
0.054672070 0.017664811 0.998348117 15.578886032 0.048432954 0.998619676 -0.020321932 -1.214353800 -0.997329116 0.049463984 0.053741053 78.606636047
0.059263330 0.015766788 0.998117864 16.452178955 0.048618454 0.998643041 -0.018661812 -1.239280581 -0.997057676 0.049632907 0.058416359 78.637771606
0.063110173 0.013859697 0.997910261 17.269176483 0.045307938 0.998832822 -0.016737891 -1.257412314 -0.996977627 0.046269577 0.062408555 78.704246521
0.067499436 0.012534352 0.997640550 18.102798462 0.044875521 0.998870969 -0.015586048 -1.278986454 -0.996709585 0.045821697 0.066860735 78.763793945
0.071687005 0.013687287 0.997333288 19.025966644 0.041921217 0.998981059 -0.016723137 -1.302760363 -0.996545851 0.043008264 0.071040168 78.816452026
0.074832775 0.017475147 0.997043073 19.859439850 0.039751291 0.998999417 -0.020492963 -1.332741618 -0.996403456 0.041167300 0.074063264 78.883636475
0.076457314 0.022936387 0.996809006 20.784004211 0.034057073 0.999091864 -0.025601162 -1.361944795 -0.996491015 0.035905797 0.075606734 78.954612732
0.076287381 0.026569840 0.996731758 21.639402390 0.031172056 0.999092698 -0.029018603 -1.379484057 -0.996598423 0.033283930 0.075389922 79.030151367
0.076529011 0.026072282 0.996726394 22.582271576 0.028878376 0.999180615 -0.028353781 -1.414163828 -0.996649086 0.030953728 0.075713396 79.105613708
0.076658934 0.023753777 0.996774316 23.431531906 0.026419673 0.999316692 -0.025846222 -1.460386038 -0.996707320 0.028315794 0.075979002 79.176040649
0.076695472 0.022772856 0.996794403 24.381607056 0.027057182 0.999323428 -0.024912469 -1.487811208 -0.996687353 0.028881121 0.076027431 79.242897034
0.076977693 0.021762101 0.996795297 25.222064972 0.024365161 0.999422133 -0.023701055 -1.530030370 -0.996734977 0.026111532 0.076402977 79.314224243
0.077167362 0.022470651 0.996764839 26.170038223 0.023379521 0.999430239 -0.024340736 -1.556904078 -0.996744037 0.025182193 0.076598041 79.394180298
0.077432722 0.022611739 0.996741056 27.017459869 0.020221880 0.999501407 -0.024245312 -1.596122026 -0.996792495 0.022033356 0.076936886 79.460128784
0.076150700 0.024298586 0.996800184 27.947570801 0.017210193 0.999522030 -0.025679711 -1.628139734 -0.996947825 0.019110654 0.075696111 79.537330627
0.072745532 0.024015041 0.997061372 28.788164139 0.013942331 0.999587834 -0.025093127 -1.659103394 -0.997253120 0.015726777 0.072380722 79.613876343
0.069628730 0.022922020 0.997309625 29.736352921 0.012097040 0.999643028 -0.023820231 -1.691974163 -0.997499645 0.013723067 0.069326609 79.676086426
0.065056004 0.020661689 0.997667789 30.592830658 0.010147727 0.999720156 -0.021365920 -1.721358538 -0.997830093 0.011514040 0.064828135 79.733779907
0.058981255 0.018492498 0.998087764 31.521938324 0.008007645 0.999787509 -0.018997200 -1.753623724 -0.998226941 0.009112813 0.058820654 79.784751892
0.052298106 0.018415533 0.998461664 32.345279694 0.007973062 0.999790490 -0.018857658 -1.787118435 -0.998599708 0.008947019 0.052140318 79.810798645
0.042993564 0.019559247 0.998883784 33.294181824 0.007541249 0.999773502 -0.019901255 -1.816820264 -0.999046862 0.008388459 0.042836327 79.868713379
0.032919887 0.020128310 0.999255300 34.129447937 0.008057325 0.999759316 -0.020403910 -1.840487480 -0.999425650 0.008723019 0.032749787 79.896362305
0.022967545 0.019167436 0.999552429 35.059658051 0.009487679 0.999767065 -0.019389559 -1.870388031 -0.999691248 0.009928765 0.022780342 79.909240723
0.012558904 0.018400164 0.999751866 35.891174316 0.009297854 0.999785304 -0.018517580 -1.899640679 -0.999877930 0.009528109 0.012385126 79.916000366
0.001326728 0.017447852 0.999846876 36.810523987 0.010131124 0.999796271 -0.017460411 -1.930643916 -0.999947786 0.010152739 0.001149692 79.905166626
-0.010013790 0.018179512 0.999784589 37.627403259 0.009896737 0.999787629 -0.018080441 -1.948273659 -0.999900937 0.009713552 -0.010191578 79.904777527
-0.020652434 0.018505761 0.999615371 38.530426025 0.010211272 0.999780416 -0.018297847 -1.980736732 -0.999734640 0.009829449 -0.020836867 79.872177124
-0.031106386 0.019332783 0.999328971 39.345119476 0.009852083 0.999770284 -0.019034650 -2.011264801 -0.999467611 0.009253373 -0.031289708 79.846847534
-0.041883040 0.020586537 0.998910367 40.234127045 0.009950707 0.999746680 -0.020186557 -2.036782026 -0.999073029 0.009094390 -0.042077284 79.812713623
-0.050919708 0.021846695 0.998463750 41.032165527 0.011065635 0.999711692 -0.021309678 -2.056171417 -0.998641610 0.009963552 -0.051146768 79.761909485
-0.061858233 0.021689977 0.997849345 41.815544128 0.011801779 0.999709904 -0.020998811 -2.093318462 -0.998015225 0.010477450 -0.062096260 79.747383118
-0.070180699 0.022160200 0.997288108 42.714904785 0.012874069 0.999690056 -0.021307612 -2.121445179 -0.997451246 0.011343772 -0.070444241 79.651397705
-0.079532504 0.021884896 0.996591985 43.481769562 0.013643968 0.999689221 -0.020864068 -2.141738653 -0.996738911 0.011938098 -0.079806387 79.604598999
-0.085728593 0.020465912 0.996108294 44.318279266 0.015472306 0.999695778 -0.019208023 -2.181435347 -0.996198356 0.013765415 -0.086019166 79.502639771
-0.091156043 0.018960427 0.995656133 45.076599121 0.018506281 0.999678314 -0.017342707 -2.203946590 -0.995664597 0.016844997 -0.091477610 79.435058594
-0.094808161 0.017934605 0.995333910 45.819046021 0.021117514 0.999648988 -0.016000856 -2.217762947 -0.995271504 0.019501967 -0.095153607 79.360832214
-0.097469456 0.016232757 0.995106101 46.647300720 0.023111254 0.999634266 -0.014042903 -2.250447512 -0.994970202 0.021629397 -0.097808979 79.269622803
-0.099270537 0.014951911 0.994948089 47.379554749 0.022757465 0.999659717 -0.012752098 -2.281783819 -0.994800329 0.021376587 -0.099577032 79.197555542
-0.099898592 0.015635336 0.994874775 48.115119934 0.024039315 0.999622583 -0.013296087 -2.297814608 -0.994707167 0.022587847 -0.100236781 79.124465942
-0.099009566 0.016845398 0.994943917 48.797599792 0.025188245 0.999578834 -0.014417320 -2.313836575 -0.994767606 0.023633439 -0.099392191 79.063392639
-0.096280098 0.018215090 0.995187700 49.430679321 0.025192056 0.999556959 -0.015857838 -2.343072414 -0.995035529 0.023544028 -0.096696325 79.006423950
-0.090545177 0.019171624 0.995707810 50.180328369 0.026273454 0.999512613 -0.016855692 -2.354066372 -0.995545745 0.024634477 -0.091004767 78.921852112
-0.082820751 0.019654695 0.996370614 50.785942078 0.025766516 0.999513507 -0.017574916 -2.379693985 -0.996231258 0.024217431 -0.083286904 78.878189087
-0.071479231 0.019602720 0.997249424 51.449802399 0.024425056 0.999541342 -0.017897073 -2.405799389 -0.997143030 0.023078598 -0.071925245 78.838195801
-0.058094211 0.019732593 0.998116136 52.023075104 0.023694409 0.999550164 -0.018381836 -2.429331779 -0.998029947 0.022581894 -0.058535635 78.822120667
-0.040872697 0.021051714 0.998942673 52.629280090 0.022951359 0.999534011 -0.020125106 -2.454016209 -0.998900771 0.022104522 -0.041336823 78.809501648
-0.019364187 0.023539403 0.999535441 53.169712067 0.020500282 0.999522030 -0.023141937 -2.477452517 -0.999602318 0.020042630 -0.019837499 78.810501099
0.005147584 0.026940182 0.999623895 53.764907837 0.019678157 0.999440789 -0.027036589 -2.494571924 -0.999793112 0.019809928 0.004614573 78.833351135
0.033754490 0.028364364 0.999027610 54.290096283 0.017803298 0.999421537 -0.028977079 -2.518815041 -0.999271572 0.018764092 0.033229984 78.867706299
0.066734210 0.028111462 0.997374713 54.868148804 0.015404595 0.999454796 -0.029200811 -2.541008949 -0.997651875 0.017312845 0.066264786 78.928894043
0.105621055 0.025482837 0.994079947 55.358192444 0.015135938 0.999514639 -0.027230347 -2.565550327 -0.994291246 0.017922428 0.105184063 78.979034424
0.147106126 0.021634867 0.988884032 55.888721466 0.011983749 0.999648392 -0.023653070 -2.591825724 -0.989048183 0.015330051 0.146795124 79.099243164
0.192309096 0.017242569 0.981182873 56.467830658 0.009355569 0.999768078 -0.019402832 -2.616532803 -0.981289804 0.012910869 0.192103162 79.231224060
0.240344331 0.014392886 0.970581055 56.953853607 0.004855356 0.999859691 -0.016029395 -2.628989697 -0.970675588 0.008565092 0.240240738 79.389434814
0.291681737 0.012534504 0.956433296 57.487068176 0.001098154 0.999909103 -0.013439177 -2.653139830 -0.956514835 0.004970274 0.291641504 79.582489014
0.346094340 0.011777174 0.938125730 57.953407288 0.000058456 0.999920964 -0.012574511 -2.671333790 -0.938199699 0.004406808 0.346066356 79.788986206
0.402941495 0.013116121 0.915131748 58.432010651 0.002898265 0.999873996 -0.015606823 -2.676391363 -0.915221095 0.008940931 0.402852744 80.042045593
0.464305371 0.016917452 0.885513663 58.860389709 0.003943332 0.999768198 -0.021167874 -2.685631752 -0.885666430 0.013320233 0.464131027 80.270629883
0.518853426 0.021811372 0.854584754 59.258903503 0.004641884 0.999587834 -0.028330525 -2.683243275 -0.854850590 0.018666277 0.518538296 80.629226685
0.576507270 0.026750090 0.816653967 59.637317657 0.000022880 0.999463439 -0.032754287 -2.691674948 -0.817092061 0.018901777 0.576197386 80.950759888
0.632415593 0.030388566 0.774032891 59.980751038 -0.003752744 0.999338627 -0.036167935 -2.690198183 -0.774620295 0.019968418 0.632111490 81.268394470
0.683443010 0.032303277 0.729288697 60.312049866 -0.007000804 0.999264538 -0.037700921 -2.712040663 -0.729970396 0.020660827 0.683166564 81.665573120
0.732082963 0.032234740 0.680452406 60.626922607 -0.008864751 0.999245942 -0.037799403 -2.717336178 -0.681157947 0.021640250 0.731816590 82.058357239
0.776140571 0.027751189 0.629949033 60.912158966 -0.009869457 0.999443412 -0.031868704 -2.739524603 -0.630482733 0.018517340 0.775982380 82.492668152
0.816929936 0.022030456 0.576316118 61.167598724 -0.009997558 0.999660969 -0.024041815 -2.761784792 -0.576650321 0.013878729 0.816873193 82.929237366
0.852660239 0.021452945 0.522025228 61.395484924 -0.014202024 0.999739110 -0.017887739 -2.765657902 -0.522272706 0.007838352 0.852742672 83.405120850
0.883609235 0.016124878 0.467947602 61.600036621 -0.013466827 0.999868572 -0.009025264 -2.794551373 -0.468031526 0.001673038 0.883710265 83.865356445
0.908515871 0.019193692 0.417409122 61.766700745 -0.018990016 0.999808848 -0.004641228 -2.789851427 -0.417418450 -0.003709979 0.908706784 84.355484009
0.928102434 0.020905234 0.371737421 61.911846161 -0.022363365 0.999749899 -0.000388729 -2.806080580 -0.371652573 -0.007952521 0.928337693 84.847373962
0.942944348 0.027631901 0.331801742 62.024955750 -0.030091666 0.999544442 0.002276801 -2.811173916 -0.331587702 -0.012131365 0.943346381 85.319107056
0.954568386 0.031487029 0.296323806 62.153572083 -0.033516511 0.999436557 0.001770053 -2.812891722 -0.296101153 -0.011621376 0.955085874 85.848098755
0.963477015 0.033815373 0.265647322 62.275207520 -0.035607584 0.999363899 0.001931985 -2.811859369 -0.265412927 -0.011320483 0.964068353 86.379776001
0.969285011 0.027953675 0.244346440 62.400203705 -0.029363714 0.999566436 0.002129146 -2.815991640 -0.244180977 -0.009238669 0.969685733 86.920486450
0.973336637 0.024794906 0.228037000 62.471336365 -0.026156977 0.999653518 0.002952283 -2.820727348 -0.227884829 -0.008838324 0.973647952 87.289375305
0.976179063 0.028625440 0.215069532 62.586124420 -0.029872602 0.999550521 0.002550055 -2.822370291 -0.214899868 -0.008913997 0.976595461 87.848228455
0.978008747 0.034428000 0.205702931 62.661853790 -0.035872106 0.999350905 0.003293963 -2.821285009 -0.205455974 -0.010600524 0.978608906 88.329757690
0.978909969 0.041927639 0.199943632 62.764301300 -0.043187760 0.999065101 0.001942952 -2.820077181 -0.199675262 -0.010537092 0.979805470 88.909576416
0.979244947 0.047769289 0.196971014 62.843849182 -0.048398882 0.998826742 -0.001618902 -2.824169397 -0.196817279 -0.007947878 0.980408013 89.420173645
0.979327738 0.049347445 0.196168453 62.951690674 -0.049548708 0.998764157 -0.003884618 -2.839071035 -0.196117744 -0.005915579 0.980562568 89.977630615
0.978930414 0.047409542 0.198614091 63.068840027 -0.046818163 0.998874009 -0.007675346 -2.844830990 -0.198754340 -0.001785114 0.980047703 90.546997070
0.978203893 0.045871455 0.202515960 63.191188812 -0.043869168 0.998933971 -0.014367052 -2.846716881 -0.202959076 0.005169702 0.979173660 91.123985291
0.977341056 0.046323296 0.206540212 63.317661285 -0.043322966 0.998879850 -0.019028272 -2.855686426 -0.207190365 0.009649175 0.978253067 91.713722229
0.976193488 0.051701050 0.210649624 63.458984375 -0.048936050 0.998633802 -0.018321298 -2.876965046 -0.211309090 0.007576772 0.977389932 92.355201721
0.974760890 0.054461773 0.216506615 63.568954468 -0.052541930 0.998511791 -0.014618017 -2.881731987 -0.216980502 0.002873397 0.976171732 92.938461304
0.973575413 0.051741533 0.222427219 63.711563110 -0.050790813 0.998659372 -0.009996403 -2.896670341 -0.222646236 -0.001565008 0.974898100 93.627098083
0.973120928 0.047059059 0.225434899 63.870990753 -0.047296531 0.998871386 -0.004350251 -2.909461498 -0.225385204 -0.006428969 0.974248528 94.220436096
0.972377300 0.044500813 0.229132771 64.044097900 -0.045741692 0.998953283 0.000104566 -2.918913126 -0.228888288 -0.010582598 0.973395169 94.923980713
0.971911669 0.039705850 0.231972367 64.194572449 -0.041026134 0.999157667 0.000868041 -2.926329374 -0.231742501 -0.010360587 0.972721934 95.538482666
0.971930504 0.036044799 0.232490391 64.365844727 -0.036447994 0.999332190 -0.002562780 -2.932575226 -0.232427523 -0.005982962 0.972595334 96.245094299
0.972146034 0.035654292 0.231648713 64.525695801 -0.034405790 0.999363482 -0.009428739 -2.941397667 -0.231837481 0.001196053 0.972753823 96.887107849
0.972283542 0.037862144 0.230718866 64.686874390 -0.035142120 0.999256015 -0.015888950 -2.953820944 -0.231148854 0.007340615 0.972890735 97.573951721
0.972812533 0.040749047 0.227981105 64.845077515 -0.037217587 0.999111652 -0.019769685 -2.960473537 -0.228584096 0.010747290 0.973464906 98.281593323
0.973405480 0.039568659 0.225645632 65.008506775 -0.037028939 0.999194324 -0.015478283 -2.969673157 -0.226076305 0.006711233 0.974086404 99.005523682
0.973865807 0.035186917 0.224381998 65.183288574 -0.034316018 0.999380708 -0.007781073 -2.990593910 -0.224516869 -0.000122175 0.974470139 99.783103943
0.974390388 0.035943247 0.221971676 65.346427917 -0.036434047 0.999334216 -0.001884669 -3.003704786 -0.221891671 -0.006250922 0.975051284 100.498489380
0.974608421 0.039632041 0.220381036 65.514976501 -0.040122200 0.999192119 -0.002253377 -3.019737244 -0.220292345 -0.006646011 0.975411296 101.302330017
0.974890351 0.044787791 0.218134776 65.664031982 -0.044320978 0.998992562 -0.007034965 -3.025359392 -0.218230084 -0.002809629 0.975893259 102.029289246
0.975668669 0.045871142 0.214397922 65.833267212 -0.044199396 0.998943329 -0.012587357 -3.030964613 -0.214748800 0.002804830 0.976665199 102.858093262
0.976608515 0.044638664 0.210340515 65.997566223 -0.042346843 0.998984456 -0.015389533 -3.045195103 -0.210813954 0.006122290 0.977507055 103.608886719
0.977533877 0.042332187 0.206483349 66.166099548 -0.040376794 0.999091089 -0.013676693 -3.064268589 -0.206874594 0.005032293 0.978354573 104.411735535
0.978399336 0.038570710 0.203093722 66.341079712 -0.036974590 0.999248385 -0.011648848 -3.082911491 -0.203390375 0.003887918 0.979090095 105.258087158
0.978765190 0.037361261 0.201550916 66.500694275 -0.036333252 0.999300838 -0.008798909 -3.095746994 -0.201738775 0.001289067 0.979438543 106.068283081
0.979177237 0.033913929 0.200154349 66.683578491 -0.033269837 0.999424696 -0.006581719 -3.109120369 -0.200262457 -0.000214433 0.979742229 106.933883667
0.979404271 0.029048411 0.199808806 66.852714539 -0.028564261 0.999577880 -0.005306040 -3.119509697 -0.199878618 -0.000510631 0.979820490 107.750503540
0.979451478 0.030062644 0.199426904 67.023590088 -0.029976968 0.999544621 -0.003449735 -3.136647224 -0.199439824 -0.002599365 0.979906619 108.629425049
0.979215860 0.035432167 0.199701637 67.184165955 -0.035019990 0.999370933 -0.005597097 -3.149286747 -0.199774340 -0.001512783 0.979840755 109.463287354
0.978859127 0.041159969 0.200351015 67.347198486 -0.040176958 0.999152303 -0.008971709 -3.159075260 -0.200550482 0.000732544 0.979683101 110.345252991
0.978390336 0.049697749 0.200704873 67.519699097 -0.048561104 0.998764157 -0.010585705 -3.173903227 -0.200982913 0.000610502 0.979594648 111.189910889
0.977370143 0.055770367 0.204051822 67.686767578 -0.054915346 0.998442352 -0.009854712 -3.197350979 -0.204283565 -0.001573873 0.978910565 112.086227417
0.976633072 0.058257069 0.206866458 67.857261658 -0.057877664 0.998292506 -0.007890852 -3.213096380 -0.206972927 -0.004266482 0.978337348 112.942626953
0.976103008 0.058499139 0.209285617 68.048431396 -0.057914559 0.998281658 -0.008925771 -3.227828264 -0.209448159 -0.003408212 0.977813780 113.842987061
0.975724995 0.057153367 0.211409971 68.222541809 -0.055928737 0.998365343 -0.011772798 -3.242686749 -0.211737260 -0.000336875 0.977326632 114.696990967
0.975738108 0.051264878 0.212854758 68.417800903 -0.050181806 0.998685062 -0.010491544 -3.260830402 -0.213112742 -0.000444434 0.977027595 115.590118408
0.976057351 0.044619743 0.212887540 68.621498108 -0.043073647 0.999001086 -0.011897450 -3.285729408 -0.213205740 0.002442751 0.977004290 116.447479248
0.975818992 0.043842375 0.214137807 68.813621521 -0.042263433 0.999035120 -0.011948342 -3.308280945 -0.214455023 0.002609221 0.976730287 117.325149536
0.975288630 0.046111830 0.216068193 69.004196167 -0.045208879 0.998935878 -0.009122288 -3.326010704 -0.216258958 -0.000871336 0.976335585 118.222518921
0.974953890 0.048313741 0.217096478 69.190788269 -0.048727948 0.998806179 -0.003448071 -3.341603279 -0.217003942 -0.007216955 0.976144075 119.090972900
0.974551201 0.052001998 0.218049839 69.380294800 -0.053417869 0.998572052 0.000599437 -3.358001471 -0.217707366 -0.012231941 0.975937426 119.978034973
0.974330068 0.051096369 0.219248593 69.565322876 -0.051069349 0.998678327 -0.005794441 -3.376317501 -0.219254881 -0.005551185 0.975651860 120.831489563
0.974690259 0.046719190 0.218623057 69.765861511 -0.043381404 0.998857498 -0.020045320 -3.399160385 -0.219309747 0.010053801 0.975603521 121.684700012
0.975005150 0.044240031 0.217733383 69.965148926 -0.038833193 0.998823345 -0.029051211 -3.421257973 -0.218762413 0.019869793 0.975575924 122.534927368
