0.921853542 -0.339055300 -0.187690228 14.073329926 0.161161155 0.775849104 -0.609987855 41.502925873 0.352438986 0.532071114 0.769861639 11.696839333
0.919063151 -0.341619939 -0.196516722 13.686033249 0.155552581 0.772585511 -0.615560651 39.336650848 0.362113774 0.535170376 0.763194740 15.003800392
0.916530669 -0.340559125 -0.209740549 13.559072495 0.146691307 0.774075985 -0.615863502 37.469165802 0.372093081 0.533690751 0.759421349 17.397771835
0.920505345 -0.344168395 -0.184981242 11.996520042 0.173829973 0.784711838 -0.594987750 36.129955292 0.349932969 0.515534163 0.782158196 16.848899841
0.920206845 -0.345022827 -0.184874535 11.482701302 0.176691547 0.787576556 -0.590341687 34.508209229 0.349284172 0.510570645 0.785696089 18.546190262
0.921615243 -0.342242211 -0.183018014 10.938978195 0.180691838 0.795718312 -0.578085303 32.822219849 0.343476027 0.499702454 0.795186520 19.964065552
0.921337843 -0.347004890 -0.175283015 10.332505226 0.191793263 0.797898531 -0.571465850 31.448665619 0.338159472 0.492895037 0.801687360 21.367025375
0.920309007 -0.350139439 -0.174452692 9.969137192 0.192904428 0.794157267 -0.576282799 30.270606995 0.340322256 0.496705681 0.798413575 23.172502518
0.922646165 -0.346758842 -0.168767154 9.545177460 0.194573700 0.796404481 -0.572608948 29.051197052 0.332964063 0.495477825 0.802269697 24.636798859
0.925166547 -0.343483329 -0.161511958 9.079900742 0.199541882 0.802119434 -0.562838674 27.795164108 0.322877556 0.488491088 0.810633361 25.988161087
0.926117599 -0.342968136 -0.157096043 8.778312683 0.201701656 0.802113652 -0.562076569 27.025722504 0.318783224 0.488862395 0.812028766 27.060407639
0.932741642 -0.325709581 -0.154616714 8.173894882 0.192006260 0.811704099 -0.551606596 25.470277786 0.305166632 0.484819084 0.819648564 28.697643280
0.933501780 -0.324808627 -0.151901335 7.939761162 0.192902580 0.812011480 -0.550840974 24.743581772 0.302263618 0.484908879 0.820670545 29.720745087
0.933763981 -0.334167629 -0.128128275 6.807931900 0.247570440 0.861650586 -0.443020254 21.248815536 0.258444846 0.381955534 0.887308359 27.442340851
0.934516311 -0.333588600 -0.124088652 6.591719627 0.249169365 0.862134159 -0.441179305 20.591007233 0.254153490 0.381370097 0.888798475 28.657302856
0.936621606 -0.331783116 -0.112516358 5.862699986 0.262145281 0.876766264 -0.403188229 18.767852783 0.232421592 0.348139226 0.908173621 29.319980621
0.937798917 -0.330179870 -0.107305847 5.655309677 0.262864381 0.877187312 -0.401801825 18.197589874 0.226794213 0.348602474 0.909417808 30.560195923
0.944136381 -0.316301733 -0.092518769 4.916856289 0.261468172 0.889837503 -0.373929799 16.834407806 0.200601354 0.328850061 0.922830760 31.436437607
0.944638968 -0.316282094 -0.087308452 4.752227306 0.262986541 0.888963103 -0.374943554 16.345153809 0.196201935 0.331225395 0.922927082 32.518760681
0.949406803 -0.301236659 -0.088787034 4.631239891 0.253974050 0.902767122 -0.347143501 15.331566811 0.184726357 0.307030827 0.933599651 32.942192078
0.949850261 -0.300303280 -0.087191761 4.561594963 0.254859328 0.905005634 -0.340604663 14.804456711 0.181193724 0.301301837 0.936154962 33.998737335
0.951350987 -0.296740115 -0.082924344 4.234193802 0.255864024 0.910825074 -0.323930979 13.939448357 0.171652868 0.286954731 0.942439556 34.746509552
0.951660454 -0.297102869 -0.077925473 4.150442123 0.257900268 0.910711110 -0.322634041 13.447859764 0.166823104 0.286941051 0.943310618 35.988372803
0.955963790 -0.285319984 -0.068744980 3.784226418 0.254452109 0.922486067 -0.290299296 12.392183304 0.146244466 0.260023355 0.954463422 36.632446289
0.957269788 -0.282462388 -0.062044740 3.658734798 0.253691643 0.923187256 -0.288731366 12.051810265 0.138834655 0.260653615 0.955397546 37.572448730
0.959873199 -0.273761690 -0.060811255 3.464653015 0.248800889 0.931385338 -0.265743613 11.154596329 0.129389092 0.239950299 0.962123871 38.588256836
0.959754884 -0.274182796 -0.060781591 3.480928898 0.249719739 0.932202518 -0.261989295 10.791450500 0.128493682 0.236267120 0.963154852 39.635284424
0.962818027 -0.263158083 -0.061067786 3.521410942 0.240443274 0.937814176 -0.250382453 10.313188553 0.123160429 0.226389393 0.966219127 40.618164062
0.962818205 -0.264184415 -0.056461439 3.475975275 0.243000865 0.938245833 -0.246262297 9.975206375 0.118033394 0.223385617 0.967557251 41.647789001
0.964377105 -0.257428616 -0.060888488 3.650488615 0.236214891 0.941635489 -0.239843607 9.543684959 0.119077355 0.216916904 0.968900263 42.738044739
0.964579999 -0.258409739 -0.053008329 3.598357439 0.239079669 0.941306829 -0.238290399 9.263219833 0.111473635 0.217176929 0.969746351 43.723865509
0.957792521 -0.280235648 -0.064043120 4.072947025 0.254040509 0.929426491 -0.267637372 9.946385384 0.134524912 0.240071535 0.961388946 45.034435272
0.965781987 -0.254187316 -0.051517766 3.720670223 0.235675722 0.943038046 -0.234810933 8.601199150 0.108269185 0.214634687 0.970674813 46.103466034
0.966094136 -0.254546106 -0.043226290 3.699648380 0.238127917 0.943153858 -0.231853098 8.304512978 0.099786371 0.213698551 0.971789777 47.137580872
0.968672454 -0.244702503 -0.042358935 3.636816025 0.229353338 0.946910858 -0.225293115 7.887907982 0.095239945 0.208520085 0.973369837 48.379478455
0.969668746 -0.241541982 -0.037419870 3.628782749 0.227419645 0.947679400 -0.224017799 7.578886032 0.089571774 0.208713010 0.973866403 49.537143707
0.970819056 -0.237993732 -0.029486110 3.553646088 0.225926474 0.948894978 -0.220352948 7.246031761 0.080421850 0.207261145 0.974974394 50.822757721
0.971294105 -0.236880958 -0.021799417 3.548299789 0.226730093 0.949594200 -0.216481507 6.975279808 0.071980953 0.205324620 0.976043344 51.883155823
0.972567797 -0.232255891 -0.012998764 3.516773701 0.224292248 0.951104999 -0.212349236 6.743564606 0.061682530 0.203608558 0.977107286 52.796455383
0.973871112 -0.227099970 -0.000857687 3.490876913 0.221963510 0.952629685 -0.207915545 6.541474342 0.048034709 0.202292576 0.978146434 53.691226959
0.973737538 -0.227091104 0.016280627 3.459541321 0.225540012 0.952373624 -0.205222189 6.361973763 0.031098908 0.203504458 0.978579998 54.481914520
0.974369466 -0.223245755 0.027668729 3.501706600 0.224218354 0.953871489 -0.199637711 6.187153816 0.018175865 0.200724721 0.979479074 55.460731506
0.973475516 -0.223910004 0.047008649 3.515569210 0.228787869 0.953831613 -0.194579735 6.011682510 -0.001269985 0.200173616 0.979759634 56.280536652
0.972731948 -0.223302931 0.062677369 3.593387604 0.231338188 0.953471899 -0.193323448 5.846550941 -0.016591400 0.202551544 0.979131043 57.523601532
0.970829368 -0.224762410 0.083500609 3.648402214 0.236894608 0.952924013 -0.189253092 5.678600311 -0.037032723 0.203513294 0.978371501 58.300624847
0.968553305 -0.227131397 0.101566739 3.811626673 0.242784709 0.952044547 -0.186189920 5.502368927 -0.054406535 0.204993755 0.977249920 59.624256134
0.965116501 -0.231554180 0.122199468 3.900872707 0.250878543 0.951396227 -0.178620309 5.356295586 -0.074899830 0.203046650 0.976300240 60.340126038
0.960540593 -0.237395734 0.144931167 4.112298965 0.260771275 0.949887216 -0.172373042 5.161537170 -0.096747644 0.203365207 0.974311233 61.733295441
0.955663621 -0.241553023 0.168402001 4.243365288 0.269065261 0.948683858 -0.166140541 5.026491165 -0.119628489 0.204085588 0.971616268 62.455760956
0.949678898 -0.247669384 0.191754520 4.597761154 0.279771596 0.946000576 -0.163739637 4.900741577 -0.140846640 0.209147543 0.967687726 63.814205170
0.943077266 -0.251381189 0.217744574 4.762978554 0.287844002 0.944919467 -0.155797929 4.778874397 -0.166586429 0.209605977 0.963490725 64.527915955
0.936913788 -0.252242237 0.242004633 5.187340736 0.292647481 0.944638431 -0.148376718 4.654276848 -0.191179976 0.209838286 0.958862901 65.889350891
0.928693831 -0.256077886 0.268238187 5.387807846 0.300004274 0.943977356 -0.137491375 4.542532921 -0.218002290 0.208160028 0.953490555 66.576461792
0.920779467 -0.254987627 0.295205921 6.003633499 0.305748463 0.941728354 -0.140233785 4.718471527 -0.242245927 0.219383150 0.945086181 68.109344482
0.910886884 -0.254505098 0.324826628 6.239931107 0.310943574 0.940818369 -0.134814605 4.615979195 -0.271291882 0.223803625 0.936115682 68.770202637
0.899295270 -0.254232287 0.355856657 6.476062775 0.314737052 0.941178024 -0.122981489 4.251482010 -0.303658575 0.222597972 0.926413298 69.670455933
0.886659503 -0.256391108 0.384835660 6.769933701 0.322041243 0.939593136 -0.115991488 4.162360191 -0.331849873 0.226777941 0.915667772 70.336044312
0.873378515 -0.257336825 0.413506627 7.079597473 0.325698972 0.939843416 -0.103026643 4.067459106 -0.362118900 0.224659950 0.904653430 71.011863708
0.856335163 -0.247854695 0.453054100 7.443485260 0.326633155 0.939476132 -0.103417754 4.468374729 -0.400001049 0.236542746 0.885464072 72.768325806
0.839574456 -0.247508600 0.483584702 7.821449280 0.328262597 0.940423548 -0.088584229 4.380922794 -0.432849079 0.233115822 0.870803475 73.436538696
0.821543634 -0.241600066 0.516425550 8.226673126 0.328131527 0.941089749 -0.081729099 4.312447548 -0.466257095 0.236599535 0.852423012 74.105895996
0.796354175 -0.183574840 0.576298773 8.172616959 0.348694503 0.917888045 -0.189455777 8.028510094 -0.494198531 0.351826102 0.794975519 76.898101807
0.775139749 -0.181565195 0.605138302 8.652784348 0.354686439 0.917693853 -0.178984404 7.873464584 -0.522834361 0.353372306 0.775739729 77.517181396
0.752675056 -0.183767542 0.632226050 9.187694550 0.361402690 0.917975307 -0.163430035 7.727224350 -0.550334692 0.351497948 0.757351100 78.150131226
0.746635616 -0.057967667 0.662702680 10.167341232 0.400244325 0.834858298 -0.377910018 14.846704483 -0.531356275 0.547404110 0.646536291 82.439392090
0.721790731 -0.056344710 0.689813972 10.714199066 0.414529920 0.833333254 -0.365678310 14.535573959 -0.554240882 0.549891829 0.624848843 82.939521790
0.696326673 -0.053695805 0.715713501 11.330778122 0.427105069 0.832413554 -0.353084862 14.226755142 -0.576810539 0.551547289 0.602565587 83.458496094
0.651122928 -0.065962955 0.756100357 11.801130295 0.434563845 0.849155843 -0.300147474 12.520994186 -0.622248471 0.524006844 0.581569970 84.263771057
0.623346746 -0.064580671 0.779274046 12.462421417 0.444810748 0.848916173 -0.285455108 12.262604713 -0.643103540 0.524567008 0.557895422 84.728591919
0.594608784 -0.057961673 0.801923156 13.168384552 0.453568339 0.847719908 -0.275039345 12.008717537 -0.663864493 0.527267814 0.530351341 85.206604004
0.568886459 -0.047181629 0.821061671 14.079797745 0.451708019 0.852210641 -0.264002055 11.784663200 -0.687261283 0.521067321 0.506123424 85.518844604
0.538569093 -0.038761109 0.841689348 14.808200836 0.459321976 0.850965798 -0.254716575 11.565867424 -0.706375778 0.523788869 0.476107657 85.928909302
0.507210374 -0.033778794 0.861160040 15.604255676 0.465099186 0.851958692 -0.240518600 11.331804276 -0.725548387 0.522518337 0.447832823 86.357704163
0.474407226 -0.020738203 0.880061269 16.735006332 0.487535149 0.838591635 -0.243050456 11.676296234 -0.732971609 0.544365644 0.407944500 87.329917908
0.441202521 -0.021627499 0.897147000 17.555624008 0.491353959 0.842367470 -0.221333131 11.451308250 -0.750940561 0.538469434 0.382281452 87.699188232
0.417662919 -0.004210737 0.908592403 18.920005798 0.492085367 0.841685176 -0.222301751 11.737539291 -0.763812661 0.539952219 0.353612632 88.163238525
0.382281482 -0.000785529 0.924045622 19.771751404 0.492931455 0.846005261 -0.203208581 11.522940636 -0.781587899 0.533174038 0.323799312 88.485191345
0.338777065 -0.007501480 0.940836847 20.594650269 0.491049290 0.854382157 -0.170005187 11.003230095 -0.802558839 0.519591093 0.293128729 88.800659180
0.303055018 -0.008005596 0.952939391 21.519241333 0.493950874 0.856472373 -0.149891689 10.842540741 -0.814966381 0.516130626 0.263512611 89.060134888
0.267162442 -0.008394922 0.963615000 22.438104630 0.498245686 0.857132673 -0.130671471 10.712605476 -0.824848831 0.515027463 0.233176410 89.281188965
0.230725795 -0.006945684 0.972994030 23.519100189 0.497468024 0.860244751 -0.111823626 10.600683212 -0.836236298 0.509834051 0.201935902 89.507194519
0.195953876 -0.007919328 0.980581164 24.462013245 0.502903461 0.859264195 -0.093557879 10.524366379 -0.841837406 0.511470675 0.172358826 89.658042908
0.160444453 -0.007292569 0.987017870 25.515598297 0.508172631 0.857871652 -0.076267511 10.467947006 -0.846178591 0.513812184 0.141346648 89.829032898
0.126761049 -0.004523941 0.991922975 26.472997665 0.511035383 0.857364058 -0.061396625 10.391709328 -0.850161493 0.514690399 0.110992268 89.916549683
0.093969606 0.002129392 0.995572805 27.557806015 0.509769917 0.858859301 -0.049952898 10.383930206 -0.855163336 0.512207091 0.079621181 90.029861450
0.065057784 0.005794331 0.997864664 28.551986694 0.516468108 0.855434239 -0.038639460 10.348665237 -0.853831410 0.517879128 0.052660055 90.072128296
0.044198334 0.015725024 0.998899102 29.865840912 0.513499618 0.857325137 -0.036217164 10.623620033 -0.856950939 0.514534950 0.029817550 90.127609253
0.021675846 0.012898482 0.999682009 30.868219376 0.514803529 0.857020080 -0.022220140 10.594165802 -0.857034147 0.515121400 0.011936454 90.148521423
-0.002616789 0.001057049 0.999996066 31.679828644 0.511437178 0.859320521 0.000429977 10.359661102 -0.859316766 0.511436224 -0.002789274 90.145889282
-0.019307077 0.004440447 0.999803782 32.697673798 0.512395263 0.858728170 0.006080909 10.356860161 -0.858532786 0.512412131 -0.018854799 90.133033752
-0.035734389 0.009335271 0.999317884 33.645488739 0.510000408 0.860113621 0.010202115 10.365947723 -0.859431565 0.510017037 -0.035496626 90.124008179
-0.047791846 0.014675377 0.998749614 34.647918701 0.512967527 0.858325005 0.011934343 10.379962921 -0.857076645 0.512896478 -0.048548933 90.071037292
-0.058863651 0.018118665 0.998101771 35.587696075 0.512213409 0.858733892 0.014619394 10.392066002 -0.856838644 0.512101650 -0.059828833 90.037452698
-0.064848341 0.023366533 0.997621596 36.609313965 0.514903247 0.857143700 0.013393993 10.398553848 -0.854792058 0.514547110 -0.067615852 89.965606689
-0.068978436 0.029218622 0.997190177 37.560905457 0.511511266 0.859215915 0.010206816 10.440572739 -0.856503427 0.510778069 -0.074213035 89.905479431
-0.072141483 0.033123985 0.996844172 38.582393646 0.512961030 0.858368754 0.008600292 10.445604324 -0.855375171 0.511962593 -0.078915305 89.823623657
-0.075452365 0.035898775 0.996502995 39.601783752 0.509559989 0.860401630 0.007586684 10.471970558 -0.857120574 0.508350492 -0.083211936 89.740982056
-0.077788800 0.039343581 0.996193171 40.646675110 0.511183798 0.859450579 0.005973255 10.474930763 -0.855943978 0.509702444 -0.086967431 89.655906677
-0.080103509 0.045104705 0.995765507 41.701332092 0.508736968 0.860919774 0.001928227 10.528016090 -0.857187331 0.506737232 -0.091909125 89.557212830
-0.082650453 0.046791375 0.995479524 42.722793579 0.510792613 0.859701574 0.001999642 10.526148796 -0.855721772 0.508648872 -0.094955422 89.465499878
-0.084368318 0.045973450 0.995373547 43.905376434 0.506647229 0.862147689 0.003123509 10.613741875 -0.858015418 0.504566729 -0.096030273 89.330268860
-0.086711057 0.045319866 0.995202184 44.936054230 0.505840957 0.862613440 0.004791438 10.603489876 -0.858257592 0.503829420 -0.097722784 89.231056213
-0.087767057 0.050107274 0.994880021 46.195632935 0.498790979 0.866722226 0.000350121 10.781476021 -0.862267017 0.496267945 -0.101062715 89.073432922
-0.090265982 0.052311763 0.994542837 47.224128723 0.497876406 0.867247939 -0.000428302 10.773176193 -0.862537503 0.495120853 -0.104327761 88.975990295
-0.093656227 0.059547391 0.993822217 48.605937958 0.482592255 0.875817120 -0.006998084 11.011417389 -0.870823264 0.478955507 -0.110762820 88.839416504
-0.095599100 0.063663460 0.993381917 49.663578033 0.480041921 0.877188325 -0.010019571 11.014014244 -0.872020960 0.475907236 -0.114419520 88.707687378
-0.096397594 0.073275760 0.992642105 51.038433075 0.468506396 0.883240402 -0.019702200 11.221474648 -0.878185213 0.463159919 -0.119472399 88.541595459
-0.098892279 0.075979121 0.992193341 52.098594666 0.465983480 0.884537220 -0.021290395 11.208131790 -0.879249513 0.460240275 -0.122878894 88.412338257
-0.101824284 0.075124800 0.991961837 53.203216553 0.463315934 0.885977805 -0.019539142 11.186372757 -0.880323827 0.457602173 -0.125020549 88.293647766
-0.102491967 0.076108068 0.991818011 54.764640808 0.453004152 0.891247272 -0.021578360 11.413257599 -0.885597229 0.447086096 -0.125822946 88.073493958
-0.105090074 0.074594676 0.991661131 55.847385406 0.453594625 0.891006649 -0.018954111 11.384529114 -0.884990215 0.447820306 -0.127471685 87.947380066
-0.107473753 0.074558862 0.991408229 56.877685547 0.452786475 0.891438127 -0.017956233 11.345020294 -0.885117888 0.446966380 -0.129565418 87.817169189
-0.105735675 0.087346740 0.990550637 58.591560364 0.448617756 0.893190265 -0.030874109 11.638566017 -0.887447000 0.441114098 -0.133627370 87.620880127
-0.106000170 0.090132877 0.990272760 59.625572205 0.449010015 0.892909467 -0.033208400 11.592226028 -0.887217045 0.441122293 -0.135119095 87.468101501
-0.106939390 0.091426492 0.990053117 60.767097473 0.448068082 0.893349051 -0.034098811 11.561697960 -0.887580514 0.439964771 -0.136499479 87.350151062
-0.098641358 0.099257216 0.990160584 62.586639404 0.439329296 0.897138953 -0.046165731 11.885918617 -0.892893970 0.430452675 -0.132101625 86.972816467
-0.098618135 0.098893911 0.990199208 63.680534363 0.435490370 0.898995996 -0.046412878 11.839912415 -0.894775212 0.426645041 -0.131724656 86.824409485
-0.090682156 0.110781439 0.989699125 65.385223389 0.421963483 0.904450595 -0.062576383 12.142044067 -0.902066290 0.411942303 -0.128763229 86.455902100
-0.091291808 0.110880688 0.989631951 66.442916870 0.418390781 0.906084776 -0.062924065 12.054996490 -0.903667510 0.408308417 -0.129109576 86.325080872
-0.079929113 0.129266351 0.988383353 68.260208130 0.406864583 0.909427643 -0.086037576 12.527378082 -0.909984946 0.395261288 -0.125283659 85.974540710
-0.080790199 0.125219658 0.988834262 69.357902527 0.406492174 0.909965158 -0.082020819 12.442831993 -0.910075366 0.395326883 -0.124417081 85.851638794
-0.084537715 0.107897803 0.990561187 70.355545044 0.409957349 0.909848094 -0.064118959 12.237751007 -0.908178508 0.400667429 -0.121149987 85.699989319
-0.084538870 0.101885743 0.991197407 71.449226379 0.415070415 0.907943249 -0.057926804 12.153536797 -0.905853033 0.406519741 -0.119046256 85.565505981
-0.083677441 0.109086074 0.990504086 72.656402588 0.417585760 0.906342506 -0.064539716 12.196409225 -0.904776335 0.408219874 -0.121393211 85.418472290
-0.082386874 0.115202710 0.989919662 73.750587463 0.422634035 0.903594494 -0.069982491 12.129364014 -0.902547956 0.412608087 -0.123132907 85.283859253
-0.079561807 0.123564206 0.989142001 74.979293823 0.421866894 0.903218389 -0.078897648 12.156560898 -0.903160214 0.411009014 -0.123989329 85.078094482
-0.078517035 0.127892271 0.988675296 76.072250366 0.423052371 0.902284741 -0.083119735 12.071904182 -0.902697027 0.411735058 -0.124949835 84.937263489
-0.076425724 0.130751967 0.988464952 77.510581970 0.411293626 0.907225072 -0.088205494 12.155616760 -0.908293307 0.399808198 -0.123112775 84.677688599
-0.074865744 0.131609172 0.988470554 78.878646851 0.402458906 0.910923541 -0.090802394 12.209967613 -0.912371635 0.391020805 -0.121164285 84.477180481
-0.075032130 0.129899681 0.988683939 79.983734131 0.400427192 0.911954165 -0.089429609 12.099666595 -0.913251460 0.389185995 -0.120441243 84.346084595
-0.067682326 0.156123236 0.985416174 81.934097290 0.375318974 0.919115901 -0.119840600 12.628577232 -0.924421251 0.361734301 -0.120803922 83.940719604
-0.068069138 0.161588073 0.984508097 83.046447754 0.376095533 0.918152273 -0.124693722 12.483320236 -0.924077272 0.361781269 -0.123270385 83.820571899
-0.068011627 0.161818579 0.984474123 84.167304993 0.359807432 0.924332440 -0.127076000 12.445562363 -0.930544496 0.345578492 -0.121088840 83.586479187
-0.068367772 0.161102250 0.984566927 85.293373108 0.359187722 0.924671471 -0.126359910 12.303236961 -0.930757701 0.345005453 -0.121083692 83.463310242
-0.062994651 0.162016302 0.984775364 86.438262939 0.351136148 0.927243233 -0.130089402 12.398789406 -0.934202790 0.337595314 -0.115301177 83.226913452
-0.063638851 0.161087722 0.984886229 87.558364868 0.351165891 0.927385390 -0.128992140 12.256345749 -0.934148014 0.337649554 -0.115586251 83.104202271
-0.065113463 0.163670912 0.984363914 88.685241699 0.347770751 0.928333223 -0.131350398 12.075149536 -0.935315788 0.333780289 -0.117366955 82.999374390
-0.061294086 0.181655228 0.981450081 89.833656311 0.332832009 0.930739284 -0.151483014 12.272004128 -0.940991998 0.317373037 -0.117509462 82.807991028
-0.061482627 0.181950688 0.981383622 90.979156494 0.331939220 0.931004047 -0.151814595 12.107379913 -0.941295028 0.316425771 -0.117637113 82.680595398
-0.061698478 0.188320547 0.980167747 92.154312134 0.323596150 0.932766914 -0.158844039 12.142587662 -0.944181561 0.307378054 -0.118490122 82.569686890
-0.060572054 0.187564418 0.980382919 93.302505493 0.323799968 0.932763457 -0.158448309 11.956293106 -0.944184542 0.307850450 -0.117232755 82.427345276
-0.055591702 0.203338623 0.977528930 94.485252380 0.311456889 0.933722377 -0.176513821 12.082302094 -0.948632836 0.294645458 -0.115238450 82.276443481
-0.054130767 0.203619838 0.977552474 95.636291504 0.313533932 0.932941318 -0.176965967 11.875567436 -0.948033035 0.296916604 -0.114342548 82.139465332
-0.058682919 0.193755031 0.979293346 96.361312866 0.311350554 0.935603499 -0.166453645 11.575885773 -0.948481441 0.295135528 -0.115229689 82.070083618
-0.056448661 0.193622231 0.979451001 97.536582947 0.312757641 0.935068250 -0.166823313 11.365073204 -0.948154092 0.296913803 -0.113340192 81.910270691
-0.057513084 0.193933606 0.979327381 98.395790100 0.307210624 0.936790168 -0.167468473 11.235460281 -0.949901998 0.291228086 -0.113456152 81.833778381
-0.056251150 0.192429498 0.979697406 99.593971252 0.305963367 0.937362671 -0.166546777 11.014399529 -0.950379968 0.290383011 -0.111604087 81.689338684
-0.056801345 0.189998642 0.980139792 100.450752258 0.302089036 0.938977063 -0.164512545 10.844161987 -0.951586008 0.286744952 -0.110731661 81.591201782
-0.055140484 0.191018417 0.980036438 101.647514343 0.300082326 0.939323425 -0.166199297 10.631886482 -0.952318311 0.284927309 -0.109115988 81.452171326
-0.055092961 0.191080004 0.980027139 102.516761780 0.294924974 0.940838456 -0.166859806 10.462391853 -0.953930795 0.279841661 -0.108187847 81.342666626
-0.054427054 0.190030977 0.980268359 103.718971252 0.292947233 0.941561878 -0.166262314 10.249959946 -0.954578221 0.278117716 -0.106915504 81.218559265
-0.059399694 0.192077398 0.979580462 104.641670227 0.272798330 0.947082222 -0.169163197 10.126369476 -0.960235775 0.257179648 -0.108654805 81.152328491
-0.058982167 0.194248036 0.979177654 105.869308472 0.269231170 0.947633088 -0.171772763 9.934066772 -0.961267769 0.253493577 -0.108191095 80.994483948
-0.063738503 0.192456469 0.979233325 106.798057556 0.255340040 0.951712072 -0.170427382 9.743476868 -0.964748144 0.239174679 -0.109802537 80.924354553
-0.064879470 0.189984322 0.979641080 108.004806519 0.253202438 0.952715516 -0.167993501 9.525878906 -0.965235293 0.237148225 -0.109916158 80.779708862
-0.066256955 0.190310419 0.979485452 109.002182007 0.248887569 0.953766525 -0.168477327 9.376949310 -0.966263413 0.232619017 -0.110559531 80.650863647
-0.067299999 0.190067858 0.979461491 110.224258423 0.247368664 0.954215348 -0.168171749 9.167291641 -0.966581345 0.230970144 -0.111235507 80.500267029
-0.074307874 0.191114798 0.978750944 111.343612671 0.228256464 0.958668411 -0.169863909 9.019094467 -0.970761180 0.210784018 -0.114859790 80.413284302
-0.077169150 0.190157384 0.978715897 112.580612183 0.227615893 0.959079802 -0.168395266 8.802999496 -0.970688343 0.209776416 -0.117294200 80.280189514
-0.085583687 0.188846573 0.978270113 113.890213013 0.209514648 0.963329017 -0.167632997 8.672412872 -0.974052966 0.190615281 -0.122011371 80.175262451
-0.090076946 0.188441843 0.977944732 115.104644775 0.208262369 0.963791430 -0.166531920 8.444381714 -0.973916411 0.188668430 -0.126060724 80.020240784
-0.098804608 0.206631914 0.973417163 116.565132141 0.190850422 0.963979304 -0.185256645 8.435600281 -0.976633906 0.167472869 -0.134681404 79.913726807
-0.105871975 0.209925845 0.971968353 117.784172058 0.192781270 0.963249564 -0.187044069 8.195981979 -0.975513458 0.167574555 -0.142450899 79.744293213
-0.114359945 0.206688926 0.971700370 119.000755310 0.196079269 0.963572204 -0.181883320 7.982080460 -0.973896682 0.169730157 -0.150721431 79.553649902
-0.122866519 0.208833858 0.970202208 120.487106323 0.195035279 0.963626087 -0.182719022 7.825407028 -0.973070025 0.166773587 -0.159127340 79.279708862
-0.136021286 0.209413514 0.968320310 121.683364868 0.196034864 0.963767827 -0.180891663 7.583454132 -0.971117139 0.165219426 -0.172145322 79.079803467
-0.149924546 0.213313103 0.965411901 123.098899841 0.194314241 0.963761449 -0.182772264 7.469118118 -0.969414592 0.160191208 -0.185941264 78.815933228
-0.166848972 0.213271603 0.962640464 124.445709229 0.186907530 0.965464950 -0.181501761 7.345716476 -0.968104839 0.149641365 -0.200948909 78.545684814
-0.182270795 0.215246409 0.959398985 125.603828430 0.192071006 0.964740872 -0.179954410 7.105504990 -0.964306116 0.151472285 -0.217186704 78.309440613
-0.193487763 0.222663805 0.955501676 127.068977356 0.190189511 0.963943958 -0.186118051 7.030841827 -0.962491810 0.145714819 -0.228859693 77.849098206
-0.209725052 0.226070911 0.951266348 128.211578369 0.191887736 0.963499963 -0.186672956 6.789659500 -0.958746254 0.143386334 -0.245450333 77.586044312
-0.229576215 0.238470867 0.943624079 129.966903687 0.193245441 0.961385429 -0.195944414 6.862369537 -0.953913510 0.137366891 -0.266794592 77.347877502
-0.251961857 0.232495099 0.939394176 131.339340210 0.178564489 0.965213537 -0.190991163 6.669965744 -0.951120496 0.119619951 -0.284712285 77.043296814
-0.269127101 0.229181737 0.935439229 132.483947754 0.177262902 0.966468692 -0.185785189 6.439182281 -0.946651280 0.115818851 -0.300728261 76.713088989
-0.283949822 0.248851210 0.925983608 133.914535522 0.184032768 0.961923718 -0.202076703 6.559888840 -0.941012502 0.113031685 -0.318934798 76.365798950
-0.298130572 0.250733733 0.921005249 134.985839844 0.186250940 0.961617529 -0.201500252 6.318380356 -0.936177731 0.111464702 -0.333386958 75.985450745
-0.313215226 0.241942570 0.918346465 136.009872437 0.180697501 0.964520931 -0.192478031 5.927648544 -0.932332873 0.105655864 -0.345821083 75.577880859
-0.326796234 0.241847694 0.913626790 137.083679199 0.184490770 0.964430690 -0.189305395 5.691373825 -0.926912844 0.106691442 -0.359790981 75.159828186
-0.342185587 0.241550878 0.908054054 138.179962158 0.183420762 0.964973032 -0.187572747 5.519926071 -0.921556175 0.102371261 -0.374505401 74.783317566
-0.356850326 0.240377128 0.902705252 139.251525879 0.184983388 0.965374410 -0.183938801 5.288850784 -0.915663123 0.101346850 -0.388959974 74.333961487
-0.373187333 0.239601672 0.896282375 140.224594116 0.182922855 0.966114163 -0.182105646 5.080234528 -0.909544110 0.095991015 -0.404370278 73.941345215
-0.387838066 0.242114931 0.889360428 141.264389038 0.185004517 0.965696514 -0.182218298 4.869686127 -0.902970135 0.093864523 -0.419326276 73.462730408
-0.402552068 0.242724240 0.882630587 142.210800171 0.184937954 0.965887129 -0.181272984 4.704713821 -0.896520913 0.090260088 -0.433708817 73.000900269
-0.416685045 0.245414659 0.875297129 143.244903564 0.190619752 0.965050936 -0.179835185 4.479972839 -0.888840556 0.091914304 -0.448903263 72.493774414
-0.431446105 0.248663336 0.867191315 144.188827515 0.185673028 0.965158045 -0.184378579 4.369010925 -0.882824898 0.081464633 -0.462583721 71.967102051
-0.444763690 0.252252012 0.859391749 145.190917969 0.190085381 0.964245975 -0.184653804 4.169126511 -0.875244439 0.081230499 -0.476811022 71.394851685
-0.460711181 0.248426676 0.852073610 146.178192139 0.187519580 0.965602040 -0.180135816 3.997003555 -0.867514670 0.076789908 -0.491448432 70.830688477
-0.476852924 0.245160744 0.844101667 147.195465088 0.188076049 0.966533542 -0.174471274 3.791071892 -0.858626127 0.075558156 -0.507003188 70.233192444
-0.492614478 0.244133607 0.835302234 148.201904297 0.188050240 0.967029035 -0.171731889 3.559226036 -0.849687099 0.072481185 -0.522281885 69.594688416
-0.510080636 0.249114022 0.823261857 149.432403564 0.190944195 0.966053247 -0.174015701 3.493235588 -0.838664412 0.068435021 -0.540332019 68.973342896
-0.526703060 0.248289123 0.812979996 150.479095459 0.189297974 0.966635168 -0.172576472 3.353802681 -0.828703880 0.062998906 -0.556130350 68.306625366
-0.541629493 0.248286590 0.803113520 151.429992676 0.190676168 0.966770291 -0.170287639 3.148988724 -0.818706393 0.060901806 -0.570973635 67.622932434
-0.557164729 0.247474194 0.792668998 152.368621826 0.191412032 0.967129290 -0.167398438 2.941114426 -0.808040142 0.058457851 -0.586219966 66.933250427
-0.572999477 0.248363212 0.781016886 153.517242432 0.192185163 0.967123091 -0.166546702 2.893491745 -0.796703517 0.054668695 -0.601892710 66.171867371
-0.587535977 0.245276779 0.771129608 154.468231201 0.194329455 0.967835724 -0.159781262 2.687721252 -0.785517275 0.055975962 -0.616302848 65.418991089
-0.602904856 0.244748086 0.759344578 155.547134399 0.195751846 0.968069077 -0.156599924 2.587505341 -0.773425460 0.054228239 -0.631563425 64.599479675
-0.618373275 0.248179004 0.745668530 156.617614746 0.194527268 0.967637658 -0.160737500 2.610122681 -0.761428654 0.045657102 -0.646638870 63.748119354
-0.632954717 0.248821944 0.733113766 157.501281738 0.194882318 0.967660129 -0.160170779 2.408247948 -0.749258995 0.041490071 -0.660976112 62.953144073
-0.648192346 0.243825510 0.721384645 158.309310913 0.193076342 0.969016910 -0.154037744 2.110363960 -0.736592352 0.039436225 -0.675186276 62.160865784
-0.664290845 0.240157753 0.707843184 159.200134277 0.192256629 0.970016181 -0.148680657 1.917985916 -0.722326100 0.037320346 -0.690544784 61.318241119
-0.681072354 0.232617229 0.694283545 160.030944824 0.189433664 0.971890450 -0.139799386 1.753685951 -0.707287371 0.036307190 -0.705993176 60.502819061
-0.698302567 0.229476765 0.678021967 160.875305176 0.188970968 0.972715139 -0.134592429 1.573617935 -0.690408230 0.034140229 -0.722613990 59.635108948
-0.715400517 0.227255315 0.660724640 161.705078125 0.188596413 0.973335385 -0.130574286 1.430255890 -0.672780335 0.031197378 -0.739184082 58.734878540
-0.733264089 0.223116428 0.642295063 162.512176514 0.186199844 0.974410474 -0.125912994 1.265918732 -0.653952122 0.027267743 -0.756044328 57.814247131
-0.749940515 0.219277918 0.624104500 163.293563843 0.185827285 0.975303829 -0.119376153 1.108107090 -0.634868085 0.026450627 -0.772167563 56.888317108
-0.765398622 0.220865011 0.604469657 164.056335449 0.188744977 0.975000620 -0.117257103 0.945765495 -0.615256190 0.024342183 -0.787951231 55.914596558
-0.780073106 0.220760092 0.585449398 164.803588867 0.192658737 0.974974692 -0.110936329 0.823292255 -0.595288634 0.026253482 -0.803082943 54.970409393
-0.793699622 0.221136495 0.566691875 165.513641357 0.196265996 0.974855959 -0.105524704 0.673837185 -0.575778186 0.027467409 -0.817144394 53.960956573
-0.807886839 0.222539768 0.545705736 166.206390381 0.198623300 0.974606633 -0.103395596 0.560030937 -0.554858267 0.024857935 -0.831573546 52.970928192
-0.821128607 0.223826438 0.525023401 166.860702515 0.199881494 0.974412620 -0.102797225 0.429806709 -0.534598470 0.020532735 -0.844856799 51.921257019
-0.833755255 0.222089753 0.505497992 167.531066895 0.199971735 0.974841297 -0.098466761 0.341719627 -0.514648736 0.018988136 -0.857190847 50.782844543
-0.845014572 0.220529154 0.487152189 168.140457153 0.201798186 0.975152791 -0.091403045 0.210686922 -0.495204806 0.021069512 -0.868520737 49.713005066
-0.854162157 0.223403752 0.469571948 168.739135742 0.205226541 0.974536598 -0.090334192 0.138491869 -0.477796018 0.019208577 -0.878260911 48.551719666
-0.863114953 0.225910902 0.451660156 169.364440918 0.208115518 0.974003494 -0.089470826 0.019282579 -0.460130990 0.016773893 -0.887692571 47.417102814
-0.872355342 0.223756030 0.434660256 169.942367554 0.206725061 0.974542499 -0.086785138 -0.108932257 -0.443013608 0.014147705 -0.896403253 46.288982391
-0.881082654 0.222618669 0.417294025 170.558273315 0.206242636 0.974837422 -0.084593065 -0.161300898 -0.425625831 0.011530353 -0.904825747 45.146968842
-0.888113737 0.220980093 0.403015882 171.159515381 0.205363661 0.975229263 -0.082180306 -0.226417780 -0.411193103 0.009779358 -0.911495864 43.880950928
-0.894715726 0.218432844 0.389577687 171.661560059 0.204703942 0.975791574 -0.076988600 -0.373101950 -0.396963418 0.010865185 -0.917770088 42.727939606
-0.900950849 0.216025189 0.376325369 172.123336792 0.203656524 0.976325989 -0.072879821 -0.483518243 -0.383160144 0.010979976 -0.923616707 41.596282959
-0.907554865 0.210871905 0.363149107 172.728042603 0.199560151 0.977462769 -0.068863325 -0.505628586 -0.369486123 0.009972849 -0.929182708 40.269641876
-0.912783027 0.207118496 0.352035820 173.181915283 0.197653875 0.978241801 -0.063053012 -0.601333499 -0.357435644 0.012027530 -0.933860302 39.093059540
-0.916618109 0.208253235 0.341235936 173.648712158 0.200868115 0.977943182 -0.057263814 -0.692846060 -0.345634669 0.016054370 -0.938231766 37.904911041
-0.919356763 0.211091593 0.331999004 174.145812988 0.203709975 0.977351964 -0.057315461 -0.755582333 -0.336578697 0.014938144 -0.941536844 36.638290405
-0.920604885 0.216123879 0.325234056 174.579483032 0.209000111 0.976244807 -0.057138346 -0.843445301 -0.329857022 0.015372107 -0.943905771 35.402091980
-0.922574997 0.218016431 0.318314701 175.039001465 0.210240647 0.975865424 -0.059035908 -0.900614262 -0.323503107 0.012457633 -0.946145117 34.183258057
-0.924866855 0.215208352 0.313538969 175.458816528 0.208067000 0.976481676 -0.056493055 -0.991434216 -0.318322778 0.012988552 -0.947893500 32.977966309
-0.928146482 0.207225025 0.309195638 175.921829224 0.200994417 0.978198051 -0.052247960 -1.063979983 -0.313281685 0.013652835 -0.949562132 31.731084824
-0.931326509 0.200960770 0.303720057 176.343399048 0.195289940 0.979507327 -0.049268484 -1.138524294 -0.307397008 0.013428429 -0.951486647 30.537012100
-0.934454262 0.193449661 0.298952699 176.786087036 0.187032431 0.981069028 -0.050222870 -1.202586412 -0.303008914 0.008982874 -0.952945411 29.274515152
-0.936350644 0.190534905 0.294862598 177.175018311 0.183228523 0.981668174 -0.052485242 -1.269009709 -0.299457520 0.004882640 -0.954097152 28.073204041
-0.938208997 0.188430294 0.290272146 177.619338989 0.180237725 0.982086301 -0.054962773 -1.323605776 -0.295428991 0.000751421 -0.955364466 26.865415573
-0.938717902 0.189269602 0.288072526 177.994949341 0.180288225 0.981922686 -0.057653442 -1.390634656 -0.293777019 -0.002184246 -0.955871522 25.680765152
-0.938757062 0.190633327 0.287043869 178.430236816 0.180742130 0.981647372 -0.060833059 -1.414447308 -0.293372691 -0.005226552 -0.955983996 24.426759720
-0.937976956 0.191913888 0.288735926 178.781433105 0.181575343 0.981392562 -0.062442485 -1.500967860 -0.295346916 -0.006142291 -0.955370426 23.217100143
-0.938671231 0.191448569 0.286781907 179.233383179 0.179517612 0.981429636 -0.067596026 -1.516090155 -0.294397354 -0.011968048 -0.955608130 22.024417877
-0.938443542 0.191670239 0.287378579 179.619384766 0.179845199 0.981392801 -0.067260601 -1.608205318 -0.294923007 -0.011436634 -0.955452502 20.830940247
-0.939486086 0.187907353 0.286455244 180.085433960 0.173700288 0.981978953 -0.074468851 -1.590946913 -0.295286238 -0.020205097 -0.955195129 19.621742249
-0.938514471 0.187453672 0.289916724 180.455596924 0.172623396 0.982039809 -0.076150790 -1.686372519 -0.298984498 -0.021422215 -0.954017520 18.418949127
-0.940397680 0.181863740 0.287363589 181.023666382 0.165358841 0.982908547 -0.080916077 -1.676672220 -0.297167748 -0.028575182 -0.954397619 17.225933075
-0.939128399 0.179625571 0.292869359 181.412170410 0.163447559 0.983382285 -0.079019390 -1.797252893 -0.302196383 -0.026340572 -0.952881753 16.024124146
-0.939998865 0.177281111 0.291502267 182.056015015 0.156131566 0.983207345 -0.094478235 -1.591260433 -0.303356320 -0.043296743 -0.951892972 14.751087189
-0.937712431 0.179423958 0.297493577 182.443954468 0.157857060 0.982861280 -0.095209919 -1.730562687 -0.309477806 -0.042318091 -0.949964464 13.583938599
-0.934403121 0.176673025 0.309317857 182.804321289 0.155761167 0.983570635 -0.091254540 -1.947559834 -0.320358157 -0.037088819 -0.946570098 12.347000122
-0.930660427 0.180016935 0.318535864 183.202926636 0.157503083 0.982908726 -0.095305815 -2.077363014 -0.330248296 -0.038526971 -0.943107486 11.153911591
-0.928329289 0.177697167 0.326540351 183.669921875 0.152957901 0.983143747 -0.100160867 -2.147020340 -0.338834375 -0.043035325 -0.939861298 9.997219086
-0.923800349 0.181064948 0.337355256 184.080581665 0.154595926 0.982490718 -0.103981853 -2.271372795 -0.350275844 -0.043904699 -0.935616970 8.866184235
-0.921076596 0.175807759 0.347432703 184.595611572 0.145611063 0.983048499 -0.111413367 -2.362610340 -0.361130595 -0.052030206 -0.931062579 7.687118530
-0.916571617 0.175010130 0.359538436 185.084030151 0.142359480 0.983042419 -0.115591861 -2.472177505 -0.373671323 -0.054764532 -0.925943077 6.509609222
-0.911452115 0.174644232 0.372497559 185.549697876 0.141529709 0.983267009 -0.114697054 -2.629014492 -0.386295766 -0.051821403 -0.920918047 5.390800476
-0.908830285 0.170913801 0.380547047 186.200103760 0.132310778 0.983218253 -0.125602081 -2.656456947 -0.395627916 -0.063800499 -0.916192114 4.154197693
-0.902607203 0.172520265 0.394381851 186.695220947 0.132175639 0.982992113 -0.127499163 -2.820811272 -0.409670413 -0.062953979 -0.910058737 3.008056641
-0.900913477 0.167750299 0.400268376 187.494583130 0.117198788 0.982050896 -0.147784397 -2.662420273 -0.417874783 -0.086230002 -0.904403090 1.676902771
-0.893785000 0.170163736 0.414961129 187.990905762 0.118977591 0.982038379 -0.146440148 -2.863141060 -0.432426602 -0.081514932 -0.897976935 0.583068848
-0.885532320 0.168552756 0.432923168 188.555953979 0.115571536 0.982492685 -0.146121755 -3.096778870 -0.449973047 -0.079361930 -0.889508784 -0.726440430
-0.877248883 0.171788394 0.448244572 189.105468750 0.117272422 0.982174277 -0.146904260 -3.291149139 -0.465490788 -0.076304853 -0.881757200 -1.804290771
-0.868613124 0.173314869 0.464190960 189.749816895 0.115142055 0.981787980 -0.151111439 -3.453171730 -0.481926888 -0.077809498 -0.872749746 -2.982833862
-0.859185040 0.176157027 0.480385035 190.412231445 0.114743397 0.981288791 -0.154615849 -3.636917114 -0.498633176 -0.077722616 -0.863321602 -4.117355347
-0.848665774 0.178666443 0.497840106 190.999496460 0.115098909 0.981048286 -0.155873150 -3.834501266 -0.516254544 -0.074983366 -0.853146434 -5.149406433
-0.838918388 0.179949835 0.513647735 191.781311035 0.107635960 0.979974568 -0.167524248 -3.943044662 -0.533507645 -0.085252203 -0.841487706 -6.386405945
-0.827444077 0.182111770 0.531198263 192.289932251 0.113907896 0.980719626 -0.158788562 -4.267471313 -0.549873888 -0.070880979 -0.832234681 -7.169860840
-0.817731082 0.178169325 0.547331274 193.311355591 0.088933341 0.978577316 -0.185680762 -4.280485153 -0.568688571 -0.103160948 -0.816058218 -8.642326355
-0.804324389 0.179014564 0.566582799 193.968627930 0.086756282 0.978699744 -0.186065122 -4.522226334 -0.587822676 -0.100502104 -0.802722692 -9.599731445
-0.795569897 0.193765268 0.574041545 195.072052002 0.065262958 0.969373822 -0.236759454 -3.961858749 -0.602336586 -0.150895059 -0.783850372 -10.773063660
-0.780425847 0.197102904 0.593368411 195.791687012 0.061555281 0.968622506 -0.240793094 -4.254627228 -0.622210979 -0.151396215 -0.768070757 -11.702102661
-0.754438460 0.181393594 0.630808234 196.473281860 0.049450342 0.974031091 -0.220947936 -5.061809540 -0.654505432 -0.135497928 -0.743816495 -13.049034119
