0.999047339 -0.039841473 0.017803580 -0.102692917 0.038923930 0.998029649 0.049210325 -0.400425643 -0.019729111 -0.048470464 0.998629749 0.768966854
0.998941302 -0.041957594 0.018870125 -0.060648434 0.040931262 0.997816682 0.051831208 -0.392991066 -0.021003643 -0.051003948 0.998477578 1.710271835
0.998821616 -0.044352032 0.019704767 -0.035617840 0.043245953 0.997636378 0.053398408 -0.392878860 -0.022026526 -0.052483331 0.998378873 2.594778538
0.998595178 -0.049628630 0.018570809 -0.001441516 0.048520166 0.997250438 0.056011625 -0.351093978 -0.021299528 -0.055031881 0.998257399 3.762483835
0.998489738 -0.052205686 0.017113674 0.054278210 0.051163822 0.997089744 0.056517184 -0.288923532 -0.020014392 -0.055556219 0.998254955 4.928065300
0.998471141 -0.053135406 0.015232546 0.091835290 0.052178446 0.996979535 0.057524942 -0.251200557 -0.018243147 -0.056642182 0.998227835 6.098023891
0.998367369 -0.055580806 0.013158593 0.148566723 0.054750193 0.996885478 0.056760304 -0.193645447 -0.016272390 -0.055947203 0.998301148 7.287592411
0.998246551 -0.058116853 0.011233735 0.200835437 0.057377614 0.996688008 0.057626683 -0.141981661 -0.014545614 -0.056881081 0.998274982 8.472144127
0.998155594 -0.060004558 0.009212660 0.250860840 0.059375383 0.996561646 0.057787519 -0.076523781 -0.012648497 -0.057133935 0.998286426 9.701952934
0.998151124 -0.060229424 0.008178861 0.282340378 0.059646662 0.996483624 0.058843471 -0.026839256 -0.011694214 -0.058246832 0.998233795 10.930384636
0.998096466 -0.061308868 0.006679562 0.321867287 0.060806621 0.996384442 0.059334200 0.040954411 -0.010293121 -0.058815092 0.998215854 12.219182968
0.998110592 -0.061119121 0.006294828 0.358756393 0.060625218 0.996307075 0.060801297 0.113724768 -0.009987705 -0.060304806 0.998130023 13.548161507
0.998248041 -0.058993507 0.004552916 0.411272407 0.058616254 0.996484220 0.059861131 0.248032033 -0.008068329 -0.059489377 0.998196363 14.956732750
0.998271883 -0.058629457 0.003968950 0.451936692 0.058290552 0.996527016 0.059465628 0.330115736 -0.007441605 -0.059131514 0.998222411 16.287450790
0.998249710 -0.059052110 0.003197807 0.489627630 0.058757763 0.996496737 0.059512187 0.431886554 -0.006700926 -0.059220128 0.998222411 17.693571091
0.998223782 -0.059530232 0.002318292 0.543474317 0.059287794 0.996471882 0.059403520 0.530239999 -0.005846425 -0.059160575 0.998231351 19.060014725
0.998265386 -0.058814842 0.002628223 0.545431256 0.058553636 0.996498704 0.059679724 0.608136117 -0.006129078 -0.059422325 0.998214126 20.512966156
0.998300552 -0.058259141 0.001358708 0.628487647 0.058082320 0.996624053 0.058026887 0.734044015 -0.004734717 -0.057849359 0.998314083 21.804924011
0.998421788 -0.056155887 0.000551781 0.681959987 0.056035470 0.996834993 0.056391738 0.819349408 -0.003716767 -0.056271829 0.998408556 23.161222458
0.998340786 -0.057576753 0.000850545 0.681422174 0.057440110 0.996793985 0.055698864 0.887673616 -0.004054782 -0.055557594 0.998447239 24.547452927
0.998269260 -0.058802836 0.000852730 0.740483284 0.058652777 0.996568859 0.058399718 0.997563779 -0.004283875 -0.058248643 0.998292923 25.966169357
0.998217046 -0.059676751 0.001194206 0.733081460 0.059500463 0.996457636 0.059429426 1.067449927 -0.004736532 -0.059252419 0.998231769 27.339775085
0.998208642 -0.059825778 0.000368642 0.828285813 0.059705108 0.996550620 0.057637881 1.195994139 -0.003815602 -0.057512634 0.998337448 28.698631287
0.998223603 -0.059559923 0.001417330 0.821118414 0.059387282 0.996662855 0.056000799 1.252430677 -0.004748005 -0.055817153 0.998429716 30.077293396
0.998286128 -0.058487255 0.002018251 0.863318682 0.058280274 0.996701896 0.056468174 1.319512367 -0.005314265 -0.056253776 0.998402357 31.291641235
0.998346865 -0.057384484 0.003256357 0.858479857 0.057111513 0.996785879 0.056178901 1.368476033 -0.006469689 -0.055900060 0.998415411 32.645503998
0.998392940 -0.056557722 0.003537559 0.926507413 0.056267127 0.996807098 0.056653738 1.486099720 -0.006730469 -0.056363650 0.998387575 33.863960266
0.998418212 -0.055978663 0.005218143 0.921616793 0.055576712 0.996725023 0.058740560 1.533778906 -0.008489273 -0.058357645 0.998259544 35.160999298
0.998310030 -0.057862408 0.005376885 1.028472185 0.057453085 0.996652484 0.058161169 1.729418159 -0.008724237 -0.057753969 0.998292744 36.484043121
0.998310208 -0.057585198 0.007775952 1.028843403 0.057033550 0.996653676 0.058553901 1.788469553 -0.011121774 -0.058011487 0.998254001 37.740070343
0.998196065 -0.059088096 0.010640397 1.096528053 0.058384988 0.996645451 0.057349507 1.917934775 -0.013993379 -0.056624822 0.998297393 39.007705688
0.998101354 -0.059948385 0.014139676 1.116023183 0.059072994 0.996691942 0.055817310 1.964158297 -0.017439060 -0.054876074 0.998340845 40.218421936
0.998176992 -0.057675030 0.017782979 1.165371895 0.056648787 0.996952474 0.053633142 2.105799198 -0.020822084 -0.052527994 0.998402297 41.445331573
0.998128057 -0.057076402 0.021965604 1.183217764 0.055808820 0.996950626 0.054540038 2.148719549 -0.025011575 -0.053212076 0.998269916 42.659439087
0.998035848 -0.056561261 0.026929528 1.245364189 0.055040788 0.997011960 0.054199763 2.268341541 -0.029914675 -0.052611090 0.998166859 43.848850250
0.997934997 -0.054855444 0.033414155 1.278989434 0.053020440 0.997157693 0.053527534 2.315585375 -0.036255471 -0.051645372 0.998007119 45.026401520
0.997790456 -0.053312458 0.039647747 1.360215783 0.051152807 0.997250080 0.053624213 2.426839828 -0.042397566 -0.051477630 0.997773826 46.243297577
0.997468412 -0.052319873 0.048158403 1.405350685 0.049649976 0.997247815 0.055059895 2.471980572 -0.050906599 -0.052529443 0.997321069 47.380786896
0.997202992 -0.047733508 0.057512138 1.527302504 0.044588525 0.997502446 0.054779507 2.598307133 -0.059983328 -0.052061904 0.996840835 48.616226196
0.996477723 -0.045390993 0.070511207 1.588720918 0.041505467 0.997588634 0.055626240 2.638038397 -0.072866112 -0.052503701 0.995958865 49.739746094
0.995422959 -0.043380804 0.085153878 1.709266663 0.038814146 0.997755110 0.054571051 2.832493782 -0.087330051 -0.051016100 0.994872212 50.997798920
0.994018197 -0.041137345 0.101169914 1.822684050 0.035526335 0.997761548 0.056651700 2.873319149 -0.103273965 -0.052718624 0.993254781 52.114826202
0.992089391 -0.040192910 0.118924350 1.967659473 0.033641096 0.997830093 0.056596719 3.035507679 -0.120941080 -0.052148253 0.991289020 53.348316193
0.989478409 -0.040738810 0.138825893 2.084348679 0.033102337 0.997832000 0.056880198 3.072685003 -0.140842184 -0.051686265 0.988681972 54.412834167
0.986645043 -0.041216791 0.157583430 2.334341526 0.032996546 0.997972131 0.054430410 3.252660751 -0.159507334 -0.048503783 0.986004412 55.663494110
0.982962310 -0.044242106 0.178402811 2.517647266 0.034869704 0.997858763 0.055334143 3.293215513 -0.180468947 -0.048170526 0.982400417 56.703907013
0.978776336 -0.049263660 0.198922560 2.822968483 0.038762510 0.997658551 0.056345992 3.432991266 -0.201232627 -0.047439389 0.978394091 57.896087646
0.973477960 -0.054734543 0.222136706 3.044015884 0.042641595 0.997354031 0.058878399 3.471168280 -0.224771634 -0.047844570 0.973236263 58.907821655
0.968029082 -0.058530468 0.243913367 3.468758583 0.046229213 0.997367740 0.055860709 3.679668427 -0.246540889 -0.042798869 0.968186915 60.106052399
0.961036801 -0.064841956 0.268707454 3.743370056 0.051821053 0.997125268 0.055278033 3.714077473 -0.271519363 -0.039199520 0.961634398 61.066196442
0.953525126 -0.068778813 0.293358475 4.167994499 0.054885667 0.996957839 0.055340841 3.834836960 -0.296272337 -0.036667708 0.954399467 62.181015015
0.944685161 -0.071237400 0.320148587 4.497877121 0.055250984 0.996742249 0.058755647 3.879343987 -0.323291212 -0.037817068 0.945543706 63.135490417
0.935260594 -0.074235037 0.346087575 4.948194504 0.056227453 0.996503592 0.061799794 3.982590914 -0.349465162 -0.038339306 0.936164618 64.144012451
0.924032390 -0.076864965 0.374507546 5.323139191 0.057453819 0.996374726 0.062741369 4.027079105 -0.377972543 -0.036458183 0.925098658 65.058921814
0.912750900 -0.078534096 0.400896549 5.849048615 0.061013050 0.996547461 0.056306913 4.201570511 -0.403934538 -0.026934266 0.914391279 66.003196716
0.899353683 -0.079180859 0.429992169 6.263565063 0.062739126 0.996658206 0.052306999 4.239334106 -0.432697088 -0.020065159 0.901315987 66.868530273
0.884976745 -0.081401795 0.458464593 6.723451614 0.065177411 0.996562898 0.051130474 4.279804230 -0.461050898 -0.015367743 0.887240648 67.727104187
0.873363495 -0.077151857 0.480919540 7.611539841 0.063157238 0.996977389 0.045245472 4.699708939 -0.482956737 -0.009142192 0.875596523 68.698135376
0.856042564 -0.075758725 0.511323452 8.098697662 0.057450008 0.997017264 0.051539004 4.749406815 -0.513702750 -0.014744046 0.857841551 69.520576477
0.836194515 -0.076195002 0.543114066 8.595533371 0.053957440 0.996927202 0.056787230 4.769745827 -0.545772076 -0.018180128 0.837736487 70.336540222
0.819629550 -0.065258056 0.569164932 9.490863800 0.048557088 0.997829497 0.044481985 5.099590302 -0.570832372 -0.008821758 0.821019232 71.194229126
0.798236251 -0.058669325 0.599480391 10.054738998 0.044211585 0.998267472 0.038827587 5.113972664 -0.600719810 -0.004489608 0.799447060 71.940765381
0.775882125 -0.056225426 0.628367364 10.620723724 0.042102579 0.998414934 0.037350237 5.149819851 -0.629471481 -0.002523494 0.777019560 72.665466309
0.754654467 -0.054655034 0.653842092 11.483375549 0.046148576 0.998477995 0.030199375 5.561262131 -0.654497504 0.007383785 0.756028175 73.536636353
0.730499625 -0.055023313 0.680692792 12.110574722 0.045411512 0.998456538 0.031975210 5.575098991 -0.681401551 0.007553410 0.731870830 74.208099365
0.707020760 -0.051015865 0.705350280 12.927831650 0.046277486 0.998594284 0.025838254 5.726202965 -0.705677032 0.014373653 0.708387852 74.932388306
0.681388617 -0.048699751 0.730299890 13.600643158 0.045126352 0.998681009 0.024492582 5.736949921 -0.730529428 0.016266802 0.682687461 75.545578003
0.654684424 -0.046170544 0.754490972 14.277061462 0.042079080 0.998811066 0.024608836 5.748728752 -0.754730165 0.015637260 0.655848980 76.145225525
0.627252340 -0.042595074 0.777650356 15.186466217 0.044840135 0.998822153 0.018541509 5.949068069 -0.777524173 0.023239743 0.628423452 76.881057739
0.598628759 -0.036407519 0.800198793 15.906345367 0.043067347 0.998984456 0.013233206 5.956688881 -0.799868047 0.026540661 0.599588811 77.440017700
0.568506300 -0.023889182 0.822331905 16.806821823 0.040580235 0.999175787 0.000972078 6.068109989 -0.821677446 0.032817792 0.569007158 78.093208313
0.538100064 -0.015853761 0.842731833 17.573055267 0.038618047 0.999236882 -0.005860361 6.057280540 -0.841995895 0.035698116 0.538301647 78.582778931
0.506364167 -0.008898219 0.862273812 18.556133270 0.038571656 0.999179602 -0.012339913 6.188005447 -0.861456692 0.039507817 0.506292045 79.180404663
0.474261016 -0.009631006 0.880331635 19.388248444 0.036139168 0.999310255 -0.008536597 6.170029163 -0.879642367 0.035863027 0.474282026 79.634826660
0.442121446 -0.008313604 0.896916628 20.425741196 0.032085117 0.999463677 -0.006551751 6.249285698 -0.896381080 0.031674352 0.442151099 80.121147156
0.408039421 -0.007213967 0.912935793 21.289445877 0.027059698 0.999624968 -0.004195435 6.233867168 -0.912563145 0.026415672 0.408081621 80.516983032
0.373991549 -0.002015239 0.927429855 22.367895126 0.019023797 0.999803841 -0.005498951 6.281772137 -0.927236974 0.019699799 0.373956501 80.940757751
0.338315815 0.000140704 0.941032648 23.276428223 0.013389834 0.999898076 -0.004963356 6.273278236 -0.940937400 0.014279452 0.338279486 81.282501221
0.301770478 0.001098656 0.953379929 24.398403168 0.010232030 0.999938011 -0.004391022 6.312998772 -0.953325689 0.011080093 0.301740587 81.661781311
0.266016603 0.000642498 0.963968158 25.336830139 0.009038306 0.999954164 -0.003160696 6.301259518 -0.963926136 0.009553438 0.265998632 81.920417786
0.229188547 0.001609744 0.973380625 26.505710602 0.008179433 0.999960065 -0.003579601 6.334198475 -0.973347843 0.008782103 0.229166269 82.212020874
0.193863988 0.000527136 0.981028199 27.469543457 0.009189558 0.999954998 -0.002353285 6.324308395 -0.980985403 0.009471430 0.193850428 82.405471802
0.158390060 0.000896182 0.987376213 28.680263519 0.016780760 0.999852717 -0.003599395 6.356634140 -0.987233996 0.017139032 0.158351749 82.603599548
0.124484323 0.004429762 0.992211759 29.664438248 0.017628295 0.999822378 -0.006675411 6.339073658 -0.992064953 0.018321987 0.124384165 82.723731995
0.091599904 0.010255877 0.995743036 30.863185883 0.017419631 0.999777436 -0.011899888 6.357493401 -0.995643556 0.018435506 0.091400884 82.846275330
0.062169652 0.015251371 0.997948945 31.949970245 0.023138853 0.999592423 -0.016717972 6.364724636 -0.997797310 0.024130745 0.061791427 82.908264160
0.036846865 0.013651992 0.999227583 32.961662292 0.024630494 0.999590516 -0.014565201 6.350453377 -0.999017417 0.025148151 0.036495522 82.939262390
0.014760792 0.011319970 0.999826968 34.160602570 0.025006555 0.999618948 -0.011686798 6.355564117 -0.999578297 0.025174737 0.014472095 82.952987671
-0.004169172 0.008769347 0.999952912 35.178199768 0.024855793 0.999653459 -0.008663092 6.337443352 -0.999682307 0.024818504 -0.004385696 82.951629639
-0.021448499 0.013455274 0.999679387 36.357009888 0.025288390 0.999596775 -0.012911589 6.345894337 -0.999450147 0.025003348 -0.021780122 82.944610596
-0.036460694 0.018064350 0.999171793 37.369361877 0.027327871 0.999480724 -0.017072719 6.334846497 -0.998961449 0.026682755 -0.036935426 82.913093567
-0.047949504 0.023883322 0.998564065 38.511562347 0.030413682 0.999285519 -0.022440158 6.328128338 -0.998386681 0.029294018 -0.048641622 82.833000183
-0.057109430 0.027203096 0.997997165 39.536216736 0.035344951 0.999057174 -0.025209412 6.299987793 -0.997742057 0.033834469 -0.058017094 82.772933960
-0.062878728 0.033433918 0.997460842 40.605125427 0.039127130 0.998752892 -0.031010704 6.286735535 -0.997254014 0.037077870 -0.064108491 82.684082031
-0.066426195 0.038242038 0.997058153 41.605770111 0.041254610 0.998516023 -0.035549480 6.243883133 -0.996938109 0.038771838 -0.067905277 82.618972778
-0.069274358 0.043275896 0.996658504 42.621318817 0.041288771 0.998326957 -0.040478494 6.227417469 -0.996742845 0.038346682 -0.070945263 82.537109375
-0.071656480 0.046041630 0.996366143 43.653060913 0.042464271 0.998169184 -0.043070991 6.178187847 -0.996525049 0.039223645 -0.073480412 82.456481934
-0.074177884 0.050313268 0.995974839 44.617916107 0.043224216 0.997950017 -0.047193814 6.148606300 -0.996307850 0.039549500 -0.076200590 82.381164551
-0.076104574 0.054035269 0.995634556 45.645423889 0.043844342 0.997745991 -0.050798465 6.089443684 -0.996135414 0.039786946 -0.078302182 82.293418884
-0.078189418 0.055605799 0.995386481 46.634132385 0.047186378 0.997530639 -0.052019000 6.041001320 -0.995821297 0.042901348 -0.080620177 82.207916260
-0.081171788 0.053797904 0.995247185 47.505558014 0.046074711 0.997677386 -0.050171439 5.982321739 -0.995634615 0.041783225 -0.083461963 82.159629822
-0.083180621 0.053601313 0.995091856 48.565979004 0.044506229 0.997755885 -0.050024506 5.931958199 -0.995540202 0.040126719 -0.085379541 82.061187744
-0.085523844 0.055070184 0.994813025 49.440795898 0.044477273 0.997686982 -0.051405575 5.884538651 -0.995342910 0.039850164 -0.087775402 81.983978271
-0.088276446 0.057423688 0.994439483 50.455490112 0.042804003 0.997633517 -0.053808406 5.832075596 -0.995176017 0.037815969 -0.090525508 81.904716492
-0.091277167 0.059931297 0.994020402 51.369487762 0.040866461 0.997571945 -0.056392826 5.782898903 -0.994986653 0.035474721 -0.093504719 81.829399109
-0.093152836 0.063143514 0.993647456 52.391704559 0.039073173 0.997449994 -0.059722118 5.705326557 -0.994884849 0.033261679 -0.095382512 81.730819702
-0.095748223 0.067807555 0.993093431 53.302032471 0.035025630 0.997288883 -0.064717054 5.663843155 -0.994789183 0.028587187 -0.097863644 81.648712158
-0.098279446 0.070747048 0.992640913 54.348957062 0.032334249 0.997170091 -0.067868501 5.599023819 -0.994633615 0.025426226 -0.100288890 81.544181824
-0.101598725 0.069573671 0.992389619 55.273258209 0.029586360 0.997321546 -0.066890441 5.545761108 -0.994385421 0.022565216 -0.103385046 81.470817566
-0.104694292 0.065333456 0.992356122 56.329540253 0.026498994 0.997668743 -0.062887557 5.469346046 -0.994151413 0.019712472 -0.106181502 81.362152100
-0.107261211 0.063412942 0.992206573 57.392478943 0.027501786 0.997771323 -0.060795538 5.396575928 -0.993850529 0.020766452 -0.108766124 81.251708984
-0.109926030 0.064333610 0.991855443 58.209327698 0.025842434 0.997750759 -0.061851911 5.347721100 -0.993603826 0.018832825 -0.111341320 81.191383362
-0.111363143 0.067258529 0.991501153 59.281826019 0.025786608 0.997566700 -0.064773709 5.279258728 -0.993445277 0.018354045 -0.112826571 81.073875427
-0.112308405 0.070534028 0.991166830 60.192317963 0.026496828 0.997335315 -0.067970663 5.220781803 -0.993320048 0.018629098 -0.113878086 80.975616455
-0.113222875 0.071524121 0.990991890 61.272239685 0.025127800 0.997292578 -0.069107980 5.144288063 -0.993251801 0.017076848 -0.114713587 80.872550964
-0.112439685 0.069688782 0.991211772 62.211215973 0.022409625 0.997461736 -0.067586124 5.073455811 -0.993405819 0.014613321 -0.113715999 80.754089355
-0.112729624 0.068512581 0.991260886 63.298458099 0.019258009 0.997583210 -0.066759475 4.989211082 -0.993439078 0.011563939 -0.113776602 80.642890930
-0.112619579 0.070830569 0.991110384 64.254943848 0.014816931 0.997464776 -0.069601052 4.937809467 -0.993527651 0.006846770 -0.113383532 80.541404724
-0.112491570 0.071094245 0.991106093 65.360885620 0.010806433 0.997465611 -0.070323877 4.852915287 -0.993593991 0.002799476 -0.112974748 80.411460876
-0.112883270 0.071266256 0.991049170 66.326652527 0.006792888 0.997456491 -0.070953287 4.794700623 -0.993585050 -0.001277353 -0.113080256 80.319046021
-0.113271877 0.066205591 0.991355658 67.359176636 0.007227622 0.997805953 -0.065810524 4.722457886 -0.993537664 -0.000289337 -0.113501877 80.204895020
-0.113265492 0.057590436 0.991894186 68.491249084 0.010471270 0.998332500 -0.056768510 4.651849270 -0.993509591 0.003956480 -0.113679677 80.068283081
-0.113715388 0.052245010 0.992138684 69.444099426 0.015812721 0.998585105 -0.050772049 4.588374138 -0.993387580 0.009914846 -0.114380650 79.965255737
-0.112823173 0.054522566 0.992118061 70.488563538 0.024520867 0.998342037 -0.052076124 4.529827595 -0.993312418 0.018452201 -0.113973044 79.833419800
-0.111479588 0.059679490 0.991973102 71.598571777 0.030095605 0.997940063 -0.056656290 4.461740494 -0.993310809 0.023538016 -0.113046020 79.694183350
-0.110678174 0.065945819 0.991665900 72.581626892 0.033744920 0.997470200 -0.062565580 4.407879353 -0.993283212 0.026539046 -0.112623520 79.582473755
-0.110370293 0.070463069 0.991389513 73.640472412 0.034300484 0.997159541 -0.067054532 4.338857651 -0.993298531 0.026604313 -0.112473704 79.467308044
-0.110271022 0.067794845 0.991586626 74.707321167 0.031040449 0.997419178 -0.064741708 4.269986629 -0.993416786 0.023640161 -0.112090826 79.350349426
-0.110420831 0.063146785 0.991876781 75.767868042 0.030632015 0.997721672 -0.060108777 4.195671082 -0.993412793 0.023745926 -0.112103589 79.240676880
-0.110382721 0.061360095 0.991993189 76.843437195 0.028236425 0.997883141 -0.058582455 4.128992558 -0.993488133 0.021543847 -0.111881644 79.127059937
-0.110804997 0.062021963 0.991904974 77.905441284 0.025993396 0.997890294 -0.059492517 4.062767029 -0.993502200 0.019190911 -0.112183407 79.022087097
-0.110571973 0.067499496 0.991573274 78.986114502 0.026916463 0.997528434 -0.064903378 3.995813847 -0.993503571 0.019513153 -0.112115540 78.899192810
-0.109173998 0.070876174 0.991492629 80.091300964 0.026032280 0.997316420 -0.068426058 3.935765743 -0.993681729 0.018340468 -0.110726126 78.758399963
-0.109029360 0.069958761 0.991573691 81.226516724 0.025773248 0.997383893 -0.067534767 3.854279041 -0.993704319 0.018192800 -0.110547230 78.641571045
-0.109249994 0.063626178 0.991975784 82.292167664 0.027485665 0.997761190 -0.060970142 3.788249493 -0.993634224 0.020604122 -0.110754214 78.530021667
-0.110232696 0.062571272 0.991934121 83.432853699 0.026869446 0.997839153 -0.059957784 3.720000267 -0.993542492 0.020043412 -0.111675754 78.413856506
-0.110832192 0.066155769 0.991634846 84.539855957 0.023432933 0.997678578 -0.063939936 3.657238007 -0.993562758 0.016150309 -0.112125136 78.317077637
-0.110577837 0.069057681 0.991465330 85.702537537 0.022818428 0.997496426 -0.066932827 3.575260162 -0.993605494 0.015222398 -0.111876793 78.195526123
-0.111574560 0.069841109 0.991298795 86.831405640 0.021630142 0.997461557 -0.067840777 3.525545120 -0.993520677 0.013872637 -0.112802014 78.091484070
-0.111406893 0.067126758 0.991505265 88.003570557 0.021210160 0.997649431 -0.065159544 3.461730957 -0.993548512 0.013770762 -0.112568796 77.961517334
-0.111341834 0.066018008 0.991586924 89.184387207 0.019815061 0.997739971 -0.064202726 3.374472141 -0.993584573 0.012499905 -0.112398371 77.842712402
-0.110194273 0.066001669 0.991716146 90.356987000 0.021850690 0.997712195 -0.063972816 3.276921749 -0.993669808 0.014620245 -0.111384369 77.716293335
-0.109096564 0.067636825 0.991727293 91.573593140 0.022457151 0.997595429 -0.065566592 3.226675034 -0.993777454 0.015118280 -0.110353157 77.566337585
-0.108009808 0.066766404 0.991905272 92.749397278 0.022922315 0.997644246 -0.064656660 3.137139797 -0.993885458 0.015753215 -0.109285794 77.443939209
-0.107018001 0.067435056 0.991967499 93.938690186 0.023849910 0.997584283 -0.065243840 3.056827545 -0.993970990 0.016676083 -0.108367786 77.307624817
-0.105258815 0.066758744 0.992201447 95.247390747 0.022925312 0.997641802 -0.064692736 2.988277912 -0.994180560 0.015937043 -0.106541075 77.183227539
-0.103550002 0.065954521 0.992435038 96.453895569 0.022319000 0.997701764 -0.063975789 2.899373055 -0.994373858 0.015525467 -0.104784071 77.045883179
-0.102928422 0.065453961 0.992532909 97.718460083 0.021968458 0.997738779 -0.063519090 2.815941811 -0.994446158 0.015266497 -0.104133628 76.937294006
-0.101103701 0.066387556 0.992658317 98.922210693 0.020046363 0.997704506 -0.064683273 2.730936527 -0.994673908 0.013359468 -0.102202453 76.814895630
-0.101003930 0.069435336 0.992460012 100.201225281 0.019725073 0.997505248 -0.067780875 2.653624058 -0.994690478 0.012730219 -0.102121577 76.717468262
-0.100168027 0.068905160 0.992581606 101.455848694 0.017623739 0.997565567 -0.067472585 2.575281143 -0.994814515 0.010734399 -0.101138517 76.604743958
-0.099792361 0.067896128 0.992689073 102.712356567 0.013524763 0.997669578 -0.066877164 2.490624428 -0.994916379 0.006752056 -0.100478075 76.487281799
-0.099303454 0.069617718 0.992618859 103.980415344 0.010288024 0.997568011 -0.068935588 2.415619850 -0.995003998 0.003366544 -0.099778183 76.353042603
-0.099644884 0.069082648 0.992622018 105.194412231 0.008040715 0.997610331 -0.068622619 2.331434250 -0.994990587 0.001143499 -0.099962234 76.234992981
-0.100474447 0.067311630 0.992660105 106.533149719 0.006294284 0.997731924 -0.067018464 2.247122288 -0.994919777 -0.000485558 -0.100670241 76.105690002
-0.101912789 0.065326534 0.992646098 107.789047241 0.004108422 0.997860610 -0.065247901 2.146297455 -0.994784832 -0.002571386 -0.101963170 75.984436035
-0.103206776 0.064641282 0.992557228 109.032943726 0.000765950 0.997890830 -0.064909004 2.061697006 -0.994659543 -0.005938800 -0.103038616 75.862297058
-0.104593463 0.064353727 0.992430687 110.264938354 0.002101384 0.997916222 -0.064487964 1.966996670 -0.994512916 -0.004659540 -0.104510762 75.731269836
-0.108242311 0.063740745 0.992078841 111.540832520 -0.000518577 0.997938573 -0.064173795 1.898128986 -0.994124413 -0.007460792 -0.107986100 75.625549316
-0.111941665 0.058536291 0.991989076 112.788558960 -0.002733387 0.998241544 -0.059213687 1.809904099 -0.993710995 -0.009339977 -0.111584835 75.504493713
-0.116908826 0.060505867 0.991297841 114.061866760 -0.001124581 0.998133719 -0.061055746 1.766301155 -0.993142009 -0.008252773 -0.116622597 75.384033203
-0.122802258 0.067184471 0.990154505 115.308418274 -0.006909550 0.997623801 -0.068548247 1.690445900 -0.992407203 -0.015259400 -0.122046232 75.256576538
-0.129737154 0.069416247 0.989115477 116.602142334 -0.004731740 0.997491717 -0.070624717 1.578588963 -0.991537094 -0.013842883 -0.129083320 75.092910767
-0.138946921 0.065991513 0.988098562 117.857032776 -0.002031533 0.997756064 -0.066922195 1.497267246 -0.990297675 -0.011305986 -0.138501108 74.923088074
-0.150085717 0.063323624 0.986643076 119.127639771 -0.000328005 0.997943521 -0.064098805 1.389935493 -0.988672972 -0.009943930 -0.149756342 74.742004395
-0.163169295 0.064877242 0.984462619 120.349815369 -0.000263932 0.997832716 -0.065802090 1.310754299 -0.986598134 -0.010996712 -0.162798539 74.550262451
-0.177321121 0.063748948 0.982086182 121.634033203 0.001422463 0.997915566 -0.064519614 1.192857265 -0.984152019 -0.010043717 -0.177042142 74.331748962
-0.192655146 0.061730959 0.979322851 122.840911865 0.002804041 0.998049796 -0.062359780 1.101997375 -0.981262565 -0.009267876 -0.192452535 74.118942261
-0.208118990 0.065217867 0.975926757 124.159828186 0.006931562 0.997847795 -0.065204605 1.030564785 -0.978079021 -0.006805613 -0.208123162 73.870353699
-0.223967254 0.069037668 0.972148359 125.312164307 0.007973731 0.997584283 -0.069006994 0.943111897 -0.974564135 -0.007703655 -0.223976716 73.637420654
-0.237929329 0.072846577 0.968546808 126.620773315 0.008047026 0.997297108 -0.073032163 0.844269753 -0.971249104 -0.009582584 -0.237872407 73.289367676
-0.253638864 0.072122134 0.964606524 127.775238037 0.006263945 0.997318029 -0.072920851 0.780715942 -0.967278719 -0.012453317 -0.253410369 72.997657776
-0.270821571 0.065122887 0.960424185 128.953659058 -0.002633751 0.997655034 -0.068390049 0.662548542 -0.962625980 -0.021051014 -0.270014971 72.707305908
-0.285266399 0.063481733 0.956343591 130.357589722 -0.002548102 0.997750401 -0.066990376 0.608932018 -0.958444834 -0.021546967 -0.284462988 72.285514832
-0.300347477 0.065095082 0.951605976 131.462570190 -0.005051565 0.997545958 -0.069832027 0.528959751 -0.953816473 -0.025780978 -0.299281627 71.947776794
-0.314772308 0.068073899 0.946722925 132.792572021 -0.003242762 0.997341931 -0.072791815 0.444223881 -0.949161708 -0.025982855 -0.313714892 71.533012390
-0.328677863 0.070398495 0.941814721 133.868041992 -0.002561566 0.997148037 -0.075428456 0.353046417 -0.944438696 -0.027204184 -0.327560127 71.158531189
-0.343046755 0.069212362 0.936764956 134.886840820 -0.001379055 0.997243583 -0.074185781 0.243362904 -0.939317405 -0.026741046 -0.342005730 70.785415649
-0.357207358 0.069151461 0.931461751 136.323913574 0.001195902 0.997288525 -0.073579825 0.159296036 -0.934024334 -0.025169313 -0.356321484 70.283767700
-0.371325195 0.068156995 0.925997972 137.374114990 0.001382758 0.997341633 -0.072853670 0.065845966 -0.928501844 -0.025771970 -0.370432347 69.853302002
-0.387531757 0.068952575 0.919274032 138.626052856 -0.000707016 0.997176230 -0.075093903 -0.047942162 -0.921856105 -0.029751204 -0.386388719 69.392181396
-0.402513295 0.070803650 0.912671864 139.667572021 -0.000524939 0.996986270 -0.077576146 -0.142132282 -0.915413916 -0.031704526 -0.401263088 68.947471619
-0.417083830 0.073550954 0.905887127 140.886779785 0.001938298 0.996789873 -0.080039144 -0.240642548 -0.908865988 -0.031627152 -0.415887564 68.394615173
-0.431084067 0.076784372 0.899038732 141.907211304 0.006251822 0.996602893 -0.082119361 -0.339674473 -0.902290165 -0.029779717 -0.430099666 67.906219482
-0.447047502 0.079421885 0.890977323 143.113769531 0.004124785 0.996222973 -0.086733893 -0.445547104 -0.894500673 -0.035099085 -0.445686698 67.335678101
-0.461537629 0.082257032 0.883298755 144.206878662 0.006221035 0.995967388 -0.089498706 -0.553220749 -0.887098849 -0.035811979 -0.460188210 66.761978149
-0.476696998 0.079643577 0.875452340 145.231918335 0.004648885 0.996101797 -0.088088192 -0.655386448 -0.879055321 -0.037921496 -0.475209028 66.206817627
-0.493373364 0.076011755 0.866489947 146.403915405 0.002781917 0.996307194 -0.085815802 -0.763237000 -0.869813204 -0.039928734 -0.491762877 65.584136963
-0.509349167 0.075362086 0.857253611 147.447601318 0.001582107 0.996238410 -0.086640336 -0.878833771 -0.860558450 -0.042773928 -0.507552505 64.981964111
-0.525205314 0.075213335 0.847645044 148.503982544 0.001302346 0.996156275 -0.087584138 -0.977875710 -0.850974560 -0.044895735 -0.523284674 64.340118408
-0.541091621 0.073932789 0.837707281 149.510864258 0.000592093 0.996161282 -0.087534860 -1.085259914 -0.840963423 -0.046868380 -0.539058447 63.701076508
-0.556010008 0.073890932 0.827884555 150.482513428 0.000176780 0.996051133 -0.088781513 -1.192964554 -0.831175566 -0.049217068 -0.553827465 63.043186188
-0.572021425 0.073078044 0.816976786 151.510345459 -0.000509573 0.995991468 -0.089447573 -1.305215836 -0.820238471 -0.051582232 -0.569691181 62.355701447
-0.586970389 0.070923887 0.806495845 152.498718262 -0.000079569 0.996150434 -0.087660171 -1.410376072 -0.809608459 -0.051518094 -0.584705114 61.646629333
-0.601845980 0.067064375 0.795791268 153.477020264 -0.000039502 0.996465206 -0.084005803 -1.526435375 -0.798612237 -0.050589990 -0.599715948 60.918380737
-0.616774261 0.066098116 0.784359872 154.491363525 0.001414807 0.996559501 -0.082867689 -1.630156994 -0.787138879 -0.050000936 -0.614745915 60.142677307
-0.631423771 0.064524814 0.772748649 155.412918091 0.000845186 0.996588647 -0.082524925 -1.740223885 -0.775437474 -0.051455088 -0.629324377 59.395538330
-0.645935416 0.065584742 0.760569572 156.373870850 -0.000275040 0.996282637 -0.086144127 -1.848972321 -0.763392031 -0.055852734 -0.643516243 58.599014282
-0.661375880 0.065073602 0.747226357 157.301116943 -0.002195093 0.996057212 -0.088686392 -1.957643509 -0.750051260 -0.060295284 -0.658625305 57.808639526
-0.677259564 0.061571404 0.733163238 158.224151611 -0.004187864 0.996153474 -0.087525994 -2.071392536 -0.735732138 -0.062348206 -0.674396634 56.984420776
-0.693527162 0.053964246 0.718406558 159.095169067 -0.007611623 0.996586144 -0.082208171 -2.179903507 -0.720390260 -0.062481839 -0.690748870 56.187374115
-0.710059106 0.051617105 0.702247560 159.973770142 -0.008417248 0.996616066 -0.081764869 -2.287646770 -0.704091728 -0.063968882 -0.707221866 55.310417175
-0.727041423 0.049802102 0.684784949 160.833755493 -0.008815208 0.996606529 -0.081839010 -2.391949177 -0.686536968 -0.065536872 -0.724135220 54.407691956
-0.744577706 0.045698024 0.665969789 161.663513184 -0.012272277 0.996548235 -0.082102761 -2.500858545 -0.667423010 -0.069304839 -0.741446853 53.527931213
-0.760919988 0.043653931 0.647375464 162.463241577 -0.011997167 0.996617019 -0.081305422 -2.604007244 -0.648734748 -0.069633596 -0.757822096 52.591793060
-0.777178049 0.045667794 0.627621412 163.275604248 -0.009691864 0.996376216 -0.084500961 -2.716496468 -0.629206121 -0.071755111 -0.773919225 51.644104004
-0.792463899 0.044819891 0.608269632 164.028610229 -0.006418895 0.996628165 -0.081798434 -2.830840349 -0.609885037 -0.068726726 -0.789504349 50.683761597
-0.807134688 0.046196941 0.588557065 164.818176270 -0.002479358 0.996659636 -0.081629805 -2.937627316 -0.590362132 -0.067345507 -0.804324150 49.673282623
-0.821330249 0.047941577 0.568434834 165.530258179 0.000057180 0.996469259 -0.083959229 -3.047211170 -0.570452988 -0.068925753 -0.818433166 48.665561676
-0.835451126 0.048476499 0.547422528 166.209518433 0.000266760 0.996137559 -0.087804951 -3.167478323 -0.549564660 -0.073210724 -0.832237422 47.653980255
-0.848372221 0.050070737 0.527026892 167.033859253 0.003705254 0.996054471 -0.088666700 -3.254581928 -0.529387236 -0.073269606 -0.845210314 46.453552246
-0.860876381 0.048033286 0.506541848 167.723846436 0.004929188 0.996274710 -0.086095400 -3.367946148 -0.508790255 -0.071620658 -0.857906044 45.440364838
-0.870207369 0.051605240 0.489975482 168.337722778 0.009080784 0.996010363 -0.088774227 -3.445728302 -0.492601871 -0.072802618 -0.867204249 44.244518280
-0.879547477 0.056316406 0.472466499 169.012802124 0.013655619 0.995549440 -0.093244724 -3.538586855 -0.475614995 -0.075561337 -0.876402199 43.046043396
-0.889544189 0.053682182 0.453684032 169.643707275 0.011826672 0.995445311 -0.094597399 -3.657724142 -0.456695914 -0.078782998 -0.886127591 41.996665955
-0.896967649 0.051870093 0.439042479 170.198348999 0.010868303 0.995380223 -0.095393851 -3.728687763 -0.441962332 -0.080793574 -0.893387735 40.781574249
-0.903830945 0.049695998 0.424993873 170.781280518 0.010577432 0.995523930 -0.093915112 -3.921142101 -0.427758902 -0.080388039 -0.900311172 39.572551727
-0.910437286 0.047374919 0.410925239 171.314025879 0.009885764 0.995628119 -0.092881694 -4.051237106 -0.413529009 -0.080500655 -0.906925321 38.427181244
-0.916612089 0.046023089 0.397119701 171.843292236 0.010154660 0.995711267 -0.091956705 -4.176614285 -0.399648726 -0.080256015 -0.913148344 37.257350922
-0.922435880 0.040065467 0.384066075 172.378845215 0.006685215 0.996110559 -0.087857217 -4.315782547 -0.386092305 -0.078475088 -0.919116080 36.027305603
-0.927525163 0.037984841 0.371825516 172.881042480 0.006892398 0.996391356 -0.084595896 -4.435175419 -0.373697162 -0.075902052 -0.924439967 34.833351135
-0.932146370 0.037100233 0.360175729 173.383926392 0.008328222 0.996670425 -0.081109241 -4.556187630 -0.361985713 -0.072606079 -0.929351807 33.614860535
-0.935111880 0.040923629 0.351981491 173.831268311 0.012554567 0.996511340 -0.082507029 -4.673524857 -0.354130030 -0.072734341 -0.932363510 32.424087524
-0.936958790 0.046879541 0.346280992 174.282806396 0.018782008 0.996283948 -0.084057063 -4.790434837 -0.348934710 -0.072254159 -0.934357405 31.152233124
-0.938585937 0.049990483 0.341404915 174.714736938 0.021408794 0.995979965 -0.086980395 -4.898586273 -0.344380677 -0.074329518 -0.935882926 29.962682724
-0.940775335 0.047132824 0.335738331 175.196746826 0.019389682 0.996148348 -0.085512899 -5.025502682 -0.338475615 -0.073938563 -0.938065767 28.691083908
-0.942658842 0.039582338 0.331402570 175.648651123 0.013103565 0.996566236 -0.081756249 -5.144931316 -0.333500773 -0.072725698 -0.939940572 27.449201584
-0.944724083 0.033312831 0.326169550 176.099472046 0.007562687 0.996774256 -0.079899319 -5.258866310 -0.327779114 -0.073016100 -0.941928566 26.227630615
-0.946390152 0.026836354 0.321908951 176.534545898 0.000598455 0.996686935 -0.081330724 -5.371217728 -0.323024988 -0.076777950 -0.943271041 24.995288849
-0.947719812 0.024193035 0.318185151 176.965469360 -0.002834410 0.996444225 -0.084206447 -5.481659889 -0.319090962 -0.080705971 -0.944281638 23.772716522
-0.948284388 0.024568109 0.316469491 177.383728027 -0.003055037 0.996247649 -0.086494803 -5.602591515 -0.317406982 -0.082988501 -0.944651127 22.529388428
-0.948930562 0.024759341 0.314511776 177.822586060 -0.003443983 0.996043324 -0.088802636 -5.720314026 -0.315466076 -0.085350707 -0.945090711 21.303813934
-0.948723137 0.027036803 0.314949721 178.234390259 -0.001667220 0.995893717 -0.090514496 -5.844981670 -0.316103697 -0.086398281 -0.944782436 20.073966980
-0.948331594 0.027935492 0.316048414 178.652160645 -0.001375346 0.995745063 -0.092140667 -5.970712662 -0.317277640 -0.087814584 -0.944258213 18.859249115
-0.947918773 0.028673023 0.317218930 179.075088501 -0.001037088 0.995656669 -0.093095198 -6.111340523 -0.318510503 -0.088575676 -0.943771899 17.615482330
-0.947296619 0.029954841 0.318954051 179.498626709 0.000156050 0.995661855 -0.093044966 -6.236117363 -0.320357531 -0.088091418 -0.943191946 16.394363403
-0.946684480 0.029242830 0.320831984 179.921325684 -0.000834738 0.995645702 -0.093213066 -6.365817547 -0.322160870 -0.088511176 -0.942538142 15.215644836
-0.945365787 0.028447952 0.324767858 180.368667603 -0.002358739 0.995562613 -0.094072051 -6.484325409 -0.326002896 -0.089698561 -0.941103756 13.958011627
-0.943972051 0.025860116 0.329010665 180.801040649 -0.004642250 0.995786130 -0.091587588 -6.618830204 -0.329992741 -0.087983474 -0.939874351 12.761463165
-0.941920996 0.024481189 0.334941059 181.239440918 -0.005838876 0.995994925 -0.089218386 -6.730964661 -0.335783809 -0.085992366 -0.938005686 11.563972473
-0.939523101 0.022272812 0.341760337 181.683013916 -0.007825716 0.996226430 -0.086438388 -6.849830151 -0.342395872 -0.083885401 -0.935803592 10.375389099
-0.936835468 0.025086457 0.348869592 182.120727539 -0.005274820 0.996297836 -0.085806325 -6.970688820 -0.349730611 -0.082226649 -0.933234811 9.206851959
-0.933794379 0.024791392 0.356950074 182.595153809 -0.006923792 0.996158123 -0.087299399 -7.074734211 -0.357743025 -0.083991155 -0.930035114 8.021095276
-0.930288315 0.026560850 0.365866184 183.052337646 -0.006654317 0.995989084 -0.089225933 -7.207595825 -0.366768718 -0.085440435 -0.926380396 6.886077881
-0.925595939 0.029441867 0.377366096 183.536148071 -0.004399279 0.996066213 -0.088502929 -7.324394226 -0.378487349 -0.083578095 -0.921825409 5.656669617
-0.920764387 0.031977940 0.388806343 184.028656006 -0.003177633 0.995986998 -0.089441605 -7.453002453 -0.390106291 -0.083590135 -0.916967690 4.494548798
-0.914824784 0.033720449 0.402440220 184.544433594 -0.003312211 0.995848000 -0.090971358 -7.574179649 -0.403836906 -0.084555849 -0.910914958 3.321983337
-0.908651471 0.035563450 0.416038036 185.076812744 -0.002903085 0.995804250 -0.091463096 -7.691402435 -0.417545199 -0.084315874 -0.904735804 2.152976990
-0.902917981 0.034956321 0.428388774 185.626296997 -0.003558400 0.996045232 -0.088776879 -7.816564560 -0.429797888 -0.081682622 -0.899222910 1.038261414
-0.895937085 0.038519099 0.442507893 186.205841064 -0.001631552 0.995940626 -0.089997284 -7.926235676 -0.444178283 -0.081353873 -0.892237127 -0.146766663
-0.888917565 0.040930439 0.456234872 186.779434204 0.000100549 0.996017218 -0.089160323 -8.049796104 -0.458067298 -0.079210304 -0.885381401 -1.273788452
-0.881364763 0.043785974 0.470402747 187.384201050 0.002925551 0.996182621 -0.087245129 -8.155385017 -0.472427100 -0.075518616 -0.878128469 -2.400100708
-0.873906493 0.044934895 0.484012663 187.988601685 0.004229661 0.996383429 -0.084865674 -8.274575233 -0.486075670 -0.072117463 -0.870936036 -3.487556458
-0.865598619 0.049612347 0.498274535 188.663162231 0.007524918 0.996256053 -0.086123273 -8.336195946 -0.500681877 -0.070798703 -0.862731278 -4.601806641
-0.856895983 0.052373290 0.512821794 189.304260254 0.010147468 0.996346414 -0.084798664 -8.461423874 -0.515389383 -0.067459784 -0.854296744 -5.653717041
-0.845345378 0.055798262 0.531298161 189.891677856 0.013805002 0.996479809 -0.082687765 -8.581102371 -0.534041703 -0.062565155 -0.843139946 -6.669731140
-0.834658921 0.059528839 0.547540724 190.568527222 0.016936891 0.996445775 -0.082515769 -8.683057785 -0.550506651 -0.059598882 -0.832700610 -7.682769775
-0.823034406 0.061544891 0.564647257 191.233245850 0.018371494 0.996476591 -0.081834577 -8.791153908 -0.567694366 -0.056979258 -0.821265161 -8.676849365
-0.812061965 0.064039119 0.580046594 191.944152832 0.019556202 0.996388793 -0.082626104 -8.890299797 -0.583243430 -0.055754013 -0.810381889 -9.627944946
-0.798589885 0.067655735 0.598060966 192.654785156 0.022129849 0.996290743 -0.083155602 -8.985168457 -0.601468623 -0.053172227 -0.797124982 -10.605094910
-0.785342455 0.069116049 0.615191042 193.397277832 0.023509478 0.996360838 -0.081928283 -9.081586838 -0.618614912 -0.049878933 -0.784109533 -11.536117554
-0.769963503 0.070447862 0.634187162 194.146575928 0.024929399 0.996449053 -0.080422603 -9.195003510 -0.637600780 -0.046112571 -0.768985629 -12.457611084
-0.753333092 0.073373884 0.653533101 194.903228760 0.026012812 0.996303260 -0.081872419 -9.298545837 -0.657124400 -0.044676978 -0.752456963 -13.337310791
-0.735788465 0.076531351 0.672873139 195.691070557 0.026270555 0.996071577 -0.084564425 -9.405910492 -0.676701665 -0.044544786 -0.734908581 -14.212837219
-0.717931986 0.077166833 0.691822767 196.495361328 0.024430607 0.996017575 -0.085744500 -9.507944107 -0.695684433 -0.044657078 -0.716958225 -15.054580688
