0.999998629 0.000815516 0.001508802 -0.004076438 -0.000808556 0.999989033 -0.004608071 -0.002491065 -0.001512543 0.004606843 0.999988198 0.965483785
0.999996662 -0.001194830 0.002280425 -0.004867007 0.001207465 0.999983907 -0.005547271 -0.000090940 -0.002273760 0.005550006 0.999981999 1.924153209
0.999993324 -0.002629357 0.002512388 -0.005745042 0.002633247 0.999995351 -0.001546391 -0.000375105 -0.002508310 0.001552997 0.999995649 2.887214422
0.999985099 -0.005078896 0.002007817 -0.008596905 0.005069568 0.999976456 0.004623714 -0.003480870 -0.002031253 -0.004613466 0.999987304 3.835815191
0.999962687 -0.008618831 0.000588655 -0.005095611 0.008615979 0.999951899 0.004688820 -0.002020558 -0.000629039 -0.004683573 0.999988854 4.782154083
0.999965250 -0.005864366 -0.005921870 -0.059531581 0.005791666 0.999908566 -0.012219978 -0.122825794 0.005992991 0.012185257 0.999907792 5.734344482
0.999955118 -0.006551155 -0.006843999 -0.064511284 0.006442436 0.999854624 -0.015788209 -0.131633878 0.006946436 0.015743408 0.999851942 6.666620731
0.999952734 -0.006118698 -0.007554086 -0.075429969 0.005995843 0.999851108 -0.016180241 -0.146946475 0.007651964 0.016134184 0.999840558 7.599799633
0.999982238 -0.001512564 -0.005752646 -0.089953259 0.001445348 0.999930859 -0.011670287 -0.157647982 0.005769901 0.011661766 0.999915302 8.525710106
0.999977529 -0.001337818 -0.006568982 -0.096297637 0.001280714 0.999961376 -0.008689746 -0.169118702 0.006580354 0.008681137 0.999940693 9.454602242
0.999975324 -0.001471200 -0.006868511 -0.113142520 0.001420730 0.999971986 -0.007347030 -0.173859954 0.006879128 0.007337090 0.999949455 10.307657242
0.999972165 0.002060486 -0.007173090 -0.109555721 -0.002097405 0.999984562 -0.005143204 -0.179741770 0.007162381 0.005158106 0.999961019 11.296195984
0.999956429 -0.002910415 -0.008869075 -0.124545112 0.002852935 0.999974906 -0.006486532 -0.190960497 0.008887731 0.006460946 0.999939620 12.211408615
0.999894798 0.012496831 -0.007361816 -0.130859077 -0.012527444 0.999912977 -0.004126764 -0.196507841 0.007309603 0.004218554 0.999964297 13.117456436
0.999892354 0.011854982 -0.008645318 -0.145668581 -0.011908651 0.999909997 -0.006182808 -0.197800756 0.008571244 0.006285097 0.999943495 14.024277687
0.999887705 0.010865469 -0.010323061 -0.154813170 -0.010945050 0.999910533 -0.007684008 -0.197483450 0.010238648 0.007796131 0.999917209 14.925639153
0.999782562 0.017003071 -0.012061070 -0.164005786 -0.017092485 0.999826908 -0.007349575 -0.208287656 0.011934015 0.007554132 0.999900281 15.827795982
0.999732673 0.018404204 -0.013993517 -0.177182347 -0.018516608 0.999796987 -0.007945476 -0.219752192 0.013844444 0.008202464 0.999870539 16.723907471
0.999739945 0.016680626 -0.015545912 -0.198445395 -0.016810097 0.999824762 -0.008235557 -0.225434437 0.015405814 0.008494745 0.999845207 17.618648529
0.999725759 0.016146289 -0.016963487 -0.218266279 -0.016271949 0.999840975 -0.007295880 -0.232105836 0.016842991 0.007569909 0.999829412 18.511354446
0.999575078 0.022768158 -0.018199213 -0.236869484 -0.022870088 0.999723792 -0.005412502 -0.235842615 0.018070951 0.005826419 0.999819875 19.402481079
0.999540627 0.023194699 -0.019507436 -0.259665847 -0.023297168 0.999715865 -0.005042035 -0.238497749 0.019384945 0.005494187 0.999797046 20.293701172
0.999533892 0.022267964 -0.020883879 -0.278639853 -0.022371642 0.999738395 -0.004743975 -0.246878564 0.020772781 0.005208970 0.999770641 21.159721375
0.999497056 0.022416275 -0.022431623 -0.302847534 -0.022545308 0.999730587 -0.005515942 -0.248735338 0.022301935 0.006018896 0.999733150 22.025697708
0.999475420 0.022405246 -0.023383627 -0.330993176 -0.022527324 0.999733806 -0.004970332 -0.254611075 0.023266045 0.005494494 0.999714196 22.893907547
0.999291241 0.028681647 -0.024374671 -0.349242330 -0.028754579 0.999583006 -0.002646979 -0.251242727 0.024288584 0.003345987 0.999699414 23.743089676
0.999301910 0.027575849 -0.025204068 -0.369873554 -0.027580883 0.999619544 0.000147961 -0.253196567 0.025198560 0.000547292 0.999682426 24.594362259
0.999279380 0.027629185 -0.026026165 -0.396920890 -0.027592711 0.999617696 0.001759731 -0.255854636 0.026064835 -0.001040331 0.999659657 25.436559677
0.998995841 0.036799420 -0.025556561 -0.425656617 -0.036756918 0.999321938 0.002130887 -0.255414069 0.025617648 -0.001189367 0.999671102 26.263429642
0.998875201 0.039377827 -0.026413731 -0.451797307 -0.039380897 0.999224186 0.000404216 -0.257017434 0.026409157 0.000636435 0.999651015 27.075885773
0.998839200 0.039780796 -0.027164703 -0.479149312 -0.039828312 0.999205947 -0.001210146 -0.257384926 0.027094992 0.002290666 0.999630213 27.873851776
0.998774648 0.040735573 -0.028104020 -0.507476211 -0.040795490 0.999166310 -0.001561711 -0.258268923 0.028016975 0.002706313 0.999603748 28.666687012
0.998741984 0.040665772 -0.029337881 -0.535291791 -0.040739626 0.999167919 -0.001923791 -0.260594159 0.029235236 0.003116585 0.999567688 29.447866440
0.998674154 0.040599737 -0.031648636 -0.559969544 -0.040698174 0.999168396 -0.002472104 -0.267586172 0.031521954 0.003756868 0.999495983 30.230562210
0.998692036 0.038284406 -0.033889841 -0.583934903 -0.038333319 0.999264717 -0.000794496 -0.276269943 0.033834506 0.002092567 0.999425173 30.997022629
0.998630941 0.038392100 -0.035527885 -0.621438086 -0.038405553 0.999262214 0.000303965 -0.270368755 0.035513338 0.001060920 0.999368608 31.745903015
0.998650193 0.035675187 -0.037750632 -0.641405404 -0.035573058 0.999361336 0.003373904 -0.274853230 0.037846882 -0.002026444 0.999281466 32.508525848
0.998547673 0.036632698 -0.039502904 -0.679883063 -0.036476318 0.999323666 0.004672476 -0.270608097 0.039647348 -0.003224770 0.999208510 33.243125916
0.998432636 0.037833907 -0.041241229 -0.717049181 -0.037649751 0.999277294 0.005233225 -0.271440625 0.041409418 -0.003672300 0.999135494 33.972229004
0.998242497 0.040055316 -0.043673377 -0.748572111 -0.039897814 0.999193728 0.004472543 -0.269942731 0.043817323 -0.002722210 0.999035835 34.689399719
0.998261929 0.038754057 -0.044401091 -0.791534126 -0.038557079 0.999242425 0.005284634 -0.273425788 0.044572257 -0.003563471 0.998999953 35.394004822
0.998184741 0.038678665 -0.046163619 -0.824095190 -0.038404502 0.999239087 0.006811414 -0.273738980 0.046391942 -0.005026159 0.998910725 36.107521057
0.998294652 0.035028424 -0.046697490 -0.867495596 -0.034631763 0.999357045 0.009276649 -0.269436389 0.046992417 -0.007643612 0.998866022 36.787403107
0.998180449 0.037880305 -0.046913128 -0.904084504 -0.037449006 0.999248207 0.010038993 -0.270429939 0.047258135 -0.008263877 0.998848557 37.472183228
0.998116910 0.040939350 -0.045678359 -0.942947268 -0.040623672 0.999143898 0.007818273 -0.267135948 0.045959327 -0.005947927 0.998925626 38.133148193
0.998105824 0.042994481 -0.044002369 -0.973161042 -0.042811960 0.999070227 0.005082223 -0.271097302 0.044179969 -0.003188769 0.999018490 38.766693115
0.998176992 0.043347787 -0.041994799 -1.004538536 -0.043279093 0.999059737 0.002543811 -0.253320694 0.042065576 -0.000721675 0.999114692 39.412002563
0.998269141 0.044413134 -0.038552921 -1.037960768 -0.044326916 0.999012351 0.003088704 -0.247906148 0.038652029 -0.001374427 0.999251783 40.043373108
0.998162270 0.049114227 -0.035495456 -1.063918352 -0.048928618 0.998783708 0.006079637 -0.252879232 0.035750885 -0.004331720 0.999351323 40.677066803
0.998087049 0.053378515 -0.031193530 -1.093887568 -0.053104285 0.998543143 0.009555345 -0.250222087 0.031658139 -0.007880555 0.999467671 41.300189972
0.997560263 0.064151645 -0.027534153 -1.112226129 -0.063914716 0.997911096 0.009401425 -0.249905407 0.028079754 -0.007618650 0.999576628 41.896846771
0.997450650 0.067831621 -0.022162329 -1.132900238 -0.067633323 0.997664273 0.009579555 -0.247359514 0.022760363 -0.008056222 0.999708414 42.481647491
0.997283161 0.071855828 -0.016217411 -1.147169590 -0.071679927 0.997365177 0.011179159 -0.240682960 0.016977966 -0.009986326 0.999805987 43.058570862
0.996959805 0.077342033 -0.009457948 -1.161082983 -0.077224836 0.996939301 0.012187170 -0.239064038 0.010371578 -0.011419729 0.999880970 43.603958130
0.997249663 0.074085578 -0.002071802 -1.168649197 -0.074053705 0.997174203 0.012636659 -0.236311257 0.003002142 -0.012448480 0.999917984 44.131454468
0.996972322 0.077551007 0.005661705 -1.176776648 -0.077615350 0.996908724 0.012198238 -0.229903698 -0.004698217 -0.012600742 0.999909520 44.636951447
0.997133672 0.074321397 0.014170944 -1.173100352 -0.074499182 0.997143149 0.012460572 -0.232091963 -0.013204372 -0.013480579 0.999821901 45.121402740
0.996675313 0.078472719 0.021920726 -1.171131372 -0.078694709 0.996853888 0.009454105 -0.225907505 -0.021109872 -0.011147717 0.999715030 45.584537506
0.996272385 0.080876328 0.030002737 -1.165827036 -0.081101149 0.996685624 0.006352127 -0.229010612 -0.029389562 -0.008761706 0.999529660 46.017959595
0.995940804 0.081395343 0.038428590 -1.161805034 -0.081674822 0.996642411 0.005757019 -0.223471224 -0.037830964 -0.008872298 0.999244869 46.431076050
0.995696664 0.080627561 0.045687661 -1.123059273 -0.081022315 0.996688664 0.006852214 -0.223336130 -0.044983897 -0.010524445 0.998932302 46.830261230
0.995166183 0.082214139 0.053711895 -1.101649046 -0.082718775 0.996546626 0.007237242 -0.221799165 -0.052931394 -0.011645241 0.998530328 47.195632935
0.994397819 0.085241340 0.062504910 -1.082069874 -0.085849412 0.996282876 0.007103556 -0.219938487 -0.061667047 -0.012429774 0.998019338 47.559127808
0.993355572 0.090239264 0.071424693 -1.062547445 -0.090936817 0.995835006 0.006569008 -0.222161233 -0.070534430 -0.013020496 0.997424364 47.877399445
0.992324889 0.093931757 0.080423787 -1.044438839 -0.094730467 0.995483816 0.006165416 -0.223176867 -0.079481468 -0.013736679 0.996741712 48.165706635
0.991583169 0.093188763 0.089881837 -1.017410278 -0.094144009 0.995537758 0.006438145 -0.225546032 -0.088880807 -0.014845792 0.995931625 48.450088501
0.990653872 0.092249587 0.100472838 -0.981083393 -0.093169540 0.995640099 0.004492497 -0.230637580 -0.099620357 -0.013811518 0.994929612 48.699375153
0.989482164 0.091111749 0.112354927 -0.945723057 -0.091658860 0.995790482 -0.000297184 -0.229464531 -0.111909039 -0.010004266 0.993668079 48.955059052
0.987849593 0.091962747 0.125283569 -0.901997566 -0.092100970 0.995738566 -0.004700859 -0.235093728 -0.125181958 -0.006894997 0.992109954 49.218013763
0.985589087 0.093674615 0.140851691 -0.860650063 -0.093567871 0.995585442 -0.007395076 -0.238365620 -0.140922651 -0.005890690 0.990003109 49.473480225
0.983020782 0.095389046 0.156751275 -0.811312199 -0.095133431 0.995422423 -0.009149889 -0.241563439 -0.156906530 -0.005917755 0.987595677 49.716228485
0.980165482 0.095859282 0.173454747 -0.755259514 -0.095370524 0.995379150 -0.011169693 -0.238003314 -0.173723906 -0.005594322 0.984778464 49.972103119
0.976855040 0.094832420 0.191731587 -0.699225426 -0.094098657 0.995478749 -0.012949890 -0.242709100 -0.192092761 -0.005391517 0.981361985 50.224910736
0.972985446 0.093760870 0.210969612 -0.633255959 -0.092954986 0.995575249 -0.013756204 -0.246809125 -0.211325914 -0.006226095 0.977395773 50.469753265
0.968420804 0.094040856 0.230905652 -0.556097984 -0.092971139 0.995547593 -0.015534347 -0.256169736 -0.231338441 -0.006423777 0.972852111 50.700782776
0.962960243 0.096470654 0.251795560 -0.484232903 -0.094898656 0.995316744 -0.018408701 -0.260297835 -0.252392173 -0.006168211 0.967605412 50.917217255
0.956597328 0.097536929 0.274605840 -0.401655197 -0.095339939 0.995215416 -0.021370064 -0.262247562 -0.275376260 -0.005738355 0.961319447 51.151313782
0.949214458 0.098864980 0.298693210 -0.307852745 -0.096357346 0.995077610 -0.023149269 -0.272912145 -0.299511462 -0.006807658 0.954068482 51.393531799
0.942083478 0.085877985 0.324196756 -0.216614723 -0.084118739 0.996265590 -0.019464746 -0.281522572 -0.324657649 -0.008933613 0.945789397 51.609519958
0.932069421 0.087944135 0.351443112 -0.111425400 -0.086091533 0.996067405 -0.020927941 -0.293223798 -0.351901501 -0.010749989 0.935975313 51.851478577
0.920881808 0.088602997 0.379639655 0.008348465 -0.086346678 0.995999515 -0.023004619 -0.296458304 -0.380159110 -0.011596089 0.924848378 52.078002930
0.908228755 0.087005109 0.409329534 0.146148682 -0.083797455 0.996148527 -0.025805065 -0.302750170 -0.409998208 -0.010863863 0.912021518 52.308166504
0.893353105 0.084195659 0.441396922 0.291368484 -0.079689577 0.996404171 -0.028776804 -0.316427231 -0.442232609 -0.009466877 0.896850467 52.528076172
0.875962853 0.083619505 0.475075364 0.446969986 -0.076887205 0.996472538 -0.033624612 -0.324594021 -0.476211250 -0.007073283 0.879302442 52.749870300
0.856543958 0.085406676 0.508957803 0.622495651 -0.075982317 0.996333599 -0.039318286 -0.334583879 -0.510449827 -0.004993943 0.859893084 52.976493835
0.834325790 0.078731582 0.545620561 0.746316910 -0.067491487 0.996891618 -0.040645398 -0.349024177 -0.547124624 -0.002913238 0.837046087 53.131080627
0.809732676 0.081405811 0.581124723 0.942422867 -0.068344615 0.996673882 -0.044386651 -0.364252329 -0.582805157 -0.003775417 0.812603116 53.347808838
0.782456636 0.089729443 0.616206348 1.144678116 -0.074788935 0.995942175 -0.050058268 -0.368626952 -0.618197620 -0.006917007 0.785992324 53.562126160
0.752243221 0.094022229 0.652142704 1.373056412 -0.078155279 0.995511353 -0.053375456 -0.386769176 -0.654233873 -0.010817067 0.756215036 53.798965454
0.718455732 0.096905656 0.688789308 1.626626968 -0.078919135 0.995209873 -0.057697691 -0.400787115 -0.691081047 -0.012905414 0.722662091 54.007545471
0.681676567 0.094271444 0.725555003 1.911144257 -0.074683093 0.995450139 -0.059172362 -0.419541001 -0.727832139 -0.013850270 0.685615540 54.237659454
0.642778277 0.092754118 0.760416210 2.199872971 -0.072057381 0.995562255 -0.060526848 -0.441971183 -0.762655795 -0.015888270 0.646609426 54.445487976
0.600132108 0.092591725 0.794523895 2.537199020 -0.069846436 0.995549738 -0.063261300 -0.462356210 -0.796845734 -0.017529532 0.603928626 54.665885925
0.554376364 0.091888621 0.827178061 2.906976700 -0.065444194 0.995621860 -0.066739716 -0.488173127 -0.829689145 -0.017135087 0.557962775 54.871433258
0.502905905 0.091234878 0.859512568 3.307321548 -0.058683462 0.995723009 -0.071357206 -0.517288566 -0.862346768 -0.014553225 0.506108940 55.058647156
0.453871667 0.089054219 0.886605918 3.726631165 -0.056007639 0.995877087 -0.071358390 -0.548044086 -0.889305234 -0.017269157 0.456988156 55.243148804
0.403858602 0.087304063 0.910646081 4.137382507 -0.055126056 0.995949328 -0.071034484 -0.570465922 -0.913159013 -0.021512428 0.407035470 55.403331757
0.353320837 0.087311141 0.931418896 4.605279922 -0.057765085 0.995771468 -0.071431138 -0.594216824 -0.933717132 -0.028565379 0.356870294 55.562595367
0.304010391 0.087483503 0.948643386 5.046983719 -0.055430293 0.995712042 -0.074060492 -0.620318532 -0.951054752 -0.030068418 0.307556123 55.684253693
0.256848812 0.084070891 0.962788045 5.549311638 -0.044142343 0.996190131 -0.075211436 -0.664020777 -0.965443015 -0.023181751 0.259581327 55.776893616
0.213436052 0.075944893 0.974000752 6.028126717 -0.031182760 0.996995509 -0.070904672 -0.697879553 -0.976459205 -0.015238418 0.215162978 55.841392517
0.171186686 0.075012170 0.982378960 6.551497459 -0.021316025 0.997146010 -0.072425283 -0.729734361 -0.985007942 -0.008542169 0.172297090 55.894187927
0.132743865 0.076575533 0.988187850 7.036563873 -0.018144587 0.997031689 -0.074823476 -0.757119656 -0.990984201 -0.007997903 0.133739263 55.941387177
0.099670619 0.077147752 0.992025197 7.610311508 -0.009243679 0.997018576 -0.076607347 -0.804614544 -0.994977534 -0.001534459 0.100086614 55.985942841
0.071044274 0.075678892 0.994598091 8.112041473 -0.001587034 0.997124970 -0.075757802 -0.836182475 -0.997471929 0.003803698 0.070960119 55.989208221
0.046566576 0.073834077 0.996182680 8.698759079 0.005753288 0.997228205 -0.074180506 -0.879524946 -0.998898625 0.009185659 0.046012707 55.991626740
0.025236759 0.075063273 0.996859372 9.229001999 0.007305594 0.997136414 -0.075269081 -0.902415276 -0.999654949 0.009182197 0.024616111 55.992710114
0.009207172 0.077057660 0.996984124 9.845602989 0.010463577 0.996964335 -0.077152766 -0.940283775 -0.999902964 0.011142379 0.008372920 55.997592926
-0.004868417 0.073053271 0.997316182 10.440819740 -0.029812530 0.996874034 -0.073166415 -0.977210283 -0.999543607 -0.030088723 -0.002675296 55.984729767
-0.016515914 0.074021988 0.997119844 11.073253632 -0.028147718 0.996826172 -0.074466422 -1.015394926 -0.999467373 -0.029296527 -0.014379946 55.973869324
-0.025418708 0.076922134 0.996713042 11.659742355 -0.023541110 0.996712625 -0.077522472 -1.056457043 -0.999399662 -0.025434252 -0.023524314 55.946895599
-0.031786006 0.078718580 0.996389985 12.319378853 -0.019349162 0.996658444 -0.079357043 -1.102185607 -0.999307334 -0.021801753 -0.030156650 55.915973663
-0.036458161 0.078276537 0.996264935 12.932896614 -0.018625880 0.996701121 -0.078992456 -1.139493346 -0.999161541 -0.021436227 -0.034879930 55.893974304
-0.040074829 0.075817227 0.996316195 13.614894867 -0.020905407 0.996835172 -0.076697618 -1.175748348 -0.998977959 -0.023902042 -0.038363017 55.869609833
-0.043109726 0.068706751 0.996705055 14.267969131 -0.030918889 0.997062862 -0.070068717 -1.225679398 -0.998591721 -0.033837657 -0.040858775 55.845134735
-0.044121470 0.063346833 0.997015774 14.982147217 -0.029497230 0.997469902 -0.064681046 -1.269009113 -0.998590529 -0.032263026 -0.042141289 55.816928864
-0.044280156 0.060599346 0.997179508 15.619859695 -0.019239040 0.997921646 -0.061498765 -1.305666208 -0.998833835 -0.021907952 -0.043022256 55.782295227
-0.043892313 0.062622234 0.997071683 16.351844788 -0.015744554 0.997866094 -0.063365236 -1.357180595 -0.998912156 -0.018479694 -0.042812701 55.749137878
-0.042198647 0.070436038 0.996623278 17.005815506 0.009693075 0.997493804 -0.070087127 -1.396895170 -0.999062359 0.006702762 -0.042775631 55.722789764
-0.039221242 0.078636132 0.996131539 17.740102768 0.010207271 0.996878088 -0.078293160 -1.438107967 -0.999178410 0.007097031 -0.039901461 55.685741425
-0.038774844 0.079439200 0.996085227 18.429916382 -0.013342405 0.996705055 -0.080008000 -1.467393279 -0.999158919 -0.016392469 -0.037587173 55.668388367
-0.036447749 0.074798785 0.996532261 19.164285660 -0.013911187 0.997060299 -0.075347200 -1.520357490 -0.999238729 -0.016609181 -0.035300061 55.641315460
-0.033738803 0.068373531 0.997089028 19.931678772 -0.014490125 0.997518778 -0.068893299 -1.573292255 -0.999325633 -0.016772324 -0.032664344 55.618907928
-0.031985719 0.066684745 0.997261226 20.646259308 -0.024379369 0.997422993 -0.067477487 -1.626510501 -0.999191046 -0.026470916 -0.030277550 55.610351562
-0.028703436 0.072602667 0.996947825 21.396322250 -0.016942833 0.997180104 -0.073107406 -1.670683146 -0.999444366 -0.018989552 -0.027392399 55.586662292
-0.023478784 0.077960484 0.996679962 22.096754074 0.017354798 0.996836305 -0.077563889 -1.722723246 -0.999573648 0.015476067 -0.024757493 55.560104370
-0.020934723 0.078515179 0.996693075 22.861797333 0.011274391 0.996866643 -0.078292049 -1.772720337 -0.999717295 0.009598083 -0.021754341 55.554885864
-0.021408115 0.076033130 0.996875584 23.571117401 -0.063769527 0.994969726 -0.077257253 -1.843050003 -0.997735023 -0.065224208 -0.016451830 55.546562195
-0.016315591 0.072370730 0.997244358 24.330310822 -0.059958130 0.995511353 -0.073225923 -1.904632449 -0.998067558 -0.060987622 -0.011903144 55.532241821
-0.013155893 0.073503874 0.997208178 25.049249649 -0.055269126 0.995716393 -0.074123070 -1.956802368 -0.998384833 -0.056089979 -0.009037042 55.524784088
-0.010152221 0.077954091 0.996905327 25.800436020 -0.055677976 0.995365977 -0.078400731 -2.011155844 -0.998397112 -0.056301612 -0.005764849 55.524692535
-0.005766508 0.077405483 0.996982992 26.516773224 -0.042100884 0.996096790 -0.077580199 -2.057473421 -0.999096751 -0.042421240 -0.002485160 55.535556793
-0.001610613 0.076842979 0.997041881 27.264745712 -0.042760868 0.996125937 -0.076841459 -2.111389399 -0.999084055 -0.042758141 0.001681498 55.530628204
0.000551781 0.074895330 0.997191370 28.001220703 -0.055986069 0.995629609 -0.074747063 -2.173432589 -0.998431385 -0.055787571 0.004742465 55.542026520
0.004303336 0.075717695 0.997120023 28.747938156 -0.051530365 0.995821238 -0.075396664 -2.222128630 -0.998662114 -0.051057503 0.008187113 55.542720795
0.008130197 0.076295778 0.997052073 29.480161667 -0.051328555 0.995802462 -0.075781621 -2.292131662 -0.998648703 -0.050561130 0.012012223 55.542484283
0.010532233 0.076412953 0.997020602 30.232053757 -0.050982989 0.995820165 -0.075782381 -2.338237286 -0.998643994 -0.050032932 0.014383968 55.570152283
0.014049310 0.074522406 0.997120321 30.972043991 -0.049759533 0.996035337 -0.073740199 -2.403536081 -0.998662412 -0.048580237 0.017701810 55.579612732
0.017635727 0.073538184 0.997136474 31.725015640 -0.047827221 0.996212065 -0.072624117 -2.457051277 -0.998699844 -0.046409491 0.021086050 55.596378326
0.020436376 0.073795408 0.997063994 32.453777313 -0.049222197 0.996137202 -0.072717927 -2.500399828 -0.998578727 -0.047591597 0.023989808 55.619056702
0.023448708 0.075826094 0.996845305 33.224784851 -0.052230451 0.995850563 -0.074521817 -2.546013355 -0.998359621 -0.050318237 0.027311841 55.648166656
0.026519062 0.075879470 0.996764421 33.956176758 -0.047789857 0.996071100 -0.074555233 -2.588503361 -0.998505414 -0.045658074 0.030041143 55.667942047
0.028695930 0.075964466 0.996697545 34.710498810 -0.050135572 0.995962560 -0.074464984 -2.634016752 -0.998330116 -0.047833156 0.032388594 55.709827423
0.031410631 0.076003179 0.996612728 35.461460114 -0.051917668 0.995882750 -0.074311197 -2.689192772 -0.998157263 -0.049407646 0.035227213 55.733665466
0.033916607 0.075978607 0.996532440 36.228996277 -0.054585572 0.995758712 -0.074061804 -2.742049932 -0.997932792 -0.051884372 0.037920095 55.776851654
0.037309203 0.078086831 0.996248126 36.975288391 -0.056192521 0.995528758 -0.075926051 -2.791358709 -0.997722566 -0.053148959 0.041530278 55.811382294
0.040552016 0.081371605 0.995858550 37.740383148 -0.057413857 0.995221376 -0.078981601 -2.848707914 -0.997526526 -0.053973224 0.045030091 55.849334717
0.044110950 0.083556890 0.995526254 38.504051208 -0.057383422 0.995062828 -0.080975384 -2.903089046 -0.997377217 -0.053554796 0.048687942 55.890907288
0.046942774 0.085709728 0.995213687 39.278503418 -0.063111268 0.994575858 -0.082677945 -2.955220938 -0.996901810 -0.058928061 0.052097403 55.943294525
0.049943104 0.084770471 0.995148003 40.040798187 -0.069544338 0.994268179 -0.081205338 -3.019578218 -0.996327877 -0.065151259 0.055552151 55.989952087
0.053169716 0.085397467 0.994927168 40.831993103 -0.067676328 0.994354010 -0.081731573 -3.077884197 -0.996289551 -0.062987380 0.058648899 56.050300598
0.057462219 0.086498611 0.994593382 41.588615417 -0.068240739 0.994249761 -0.082526125 -3.140789986 -0.996012688 -0.063129656 0.063034520 56.090061188
0.060793791 0.087329954 0.994322777 42.377559662 -0.072351508 0.993930340 -0.082871862 -3.200265884 -0.995524645 -0.066902652 0.066743247 56.159362793
0.065032892 0.085492656 0.994214118 43.159416199 -0.073246583 0.994044483 -0.080686904 -3.253112078 -0.995191216 -0.067575477 0.070907645 56.217761993
0.069969341 0.085008264 0.993920445 43.951843262 -0.072724938 0.994145751 -0.079907887 -3.321120739 -0.994894624 -0.066691704 0.075741947 56.280261993
0.076507233 0.087512448 0.993221104 44.727375031 -0.065443866 0.994433463 -0.082578152 -3.367912769 -0.994918883 -0.058682412 0.081808515 56.349136353
0.082258210 0.095795736 0.991996288 45.507923126 -0.067535229 0.993617296 -0.090352133 -3.432853460 -0.994320154 -0.059562493 0.088202775 56.432506561
0.091567583 0.099982224 0.990766823 46.309532166 -0.052596867 0.994043529 -0.095451832 -3.482204914 -0.994408846 -0.043370936 0.096280910 56.504928589
0.098820023 0.102509521 0.989811420 47.109107971 -0.056681294 0.993644893 -0.097247660 -3.556466818 -0.993489683 -0.046493765 0.104002371 56.600440979
0.105560370 0.101139665 0.989256203 47.911365509 -0.060594812 0.993619859 -0.095119923 -3.619110107 -0.992564976 -0.049902897 0.111015417 56.707862854
0.113507561 0.099595882 0.988532543 48.724571228 -0.061090901 0.993779778 -0.093109831 -3.691288948 -0.991657197 -0.049821671 0.118885927 56.802242279
0.120759398 0.096084811 0.988020599 49.528320312 -0.061192747 0.994132221 -0.089199953 -3.756652355 -0.990793943 -0.049687967 0.125930473 56.910106659
0.127496257 0.090639561 0.987688780 50.346992493 -0.063669875 0.994509697 -0.083046645 -3.823145390 -0.989793301 -0.052297886 0.132567257 57.037921906
0.135049060 0.083039723 0.987353027 51.154510498 -0.062880456 0.995191574 -0.075098239 -3.884131432 -0.988841653 -0.051943265 0.139621273 57.159397125
0.142061278 0.080554828 0.986574590 51.962646484 -0.063382633 0.995378077 -0.072146893 -3.944016218 -0.987826586 -0.052282423 0.146510452 57.292949677
0.150143400 0.081987031 0.985258877 52.760936737 -0.058861010 0.995529115 -0.073871858 -4.001917839 -0.986910462 -0.046901960 0.154297993 57.420761108
0.155662373 0.088582546 0.983830452 53.538417816 -0.058191162 0.995063663 -0.080386922 -4.056056023 -0.986094832 -0.044737019 0.160048679 57.557441711
0.161065504 0.092416562 0.982607424 54.319858551 -0.059996769 0.994681716 -0.083717741 -4.114179611 -0.985118389 -0.045469224 0.165753618 57.688983917
0.166114673 0.095309123 0.981489718 55.096355438 -0.060570728 0.994424999 -0.086313762 -4.174306870 -0.984244466 -0.045111559 0.170961514 57.834659576
0.171270311 0.094682150 0.980663955 55.849487305 -0.063889191 0.994343698 -0.084844857 -4.244598389 -0.983150363 -0.048122421 0.176350728 57.976028442
0.176485360 0.091684207 0.980023980 56.609321594 -0.059847433 0.994809806 -0.082289994 -4.308038235 -0.982482076 -0.044128936 0.181056440 58.119758606
0.183622688 0.084683888 0.979342282 57.378143311 -0.041479059 0.996062458 -0.078352526 -4.352297783 -0.982121229 -0.026234899 0.186412275 58.257095337
0.186354920 0.078635506 0.979330480 58.125938416 -0.044090405 0.996456981 -0.071620800 -4.411598206 -0.981492698 -0.029832192 0.189161733 58.416629791
0.194375098 0.070162624 0.978414774 58.855247498 -0.013565362 0.997535527 -0.068838850 -4.449946404 -0.980833471 0.000108003 0.194847852 58.568370819
0.197538674 0.070314795 0.977770030 59.584403992 -0.015349596 0.997523785 -0.068634287 -4.502701283 -0.980174899 -0.001450450 0.198128849 58.722824097
0.199517414 0.072253674 0.977226734 60.287147522 -0.016933173 0.997383118 -0.070286795 -4.554632187 -0.979747951 -0.002524112 0.200218737 58.876518250
0.201039359 0.077450104 0.976516604 60.983936310 -0.021147929 0.996980369 -0.074719347 -4.596573830 -0.979354918 -0.005629777 0.202070177 59.027122498
0.206469566 0.076139599 0.975486100 61.679943085 0.001176902 0.996947587 -0.078063853 -4.638657570 -0.978452325 0.017265858 0.205749765 59.184371948
0.208384052 0.081733249 0.974626005 62.361743927 0.000511351 0.996492863 -0.083676353 -4.691330910 -0.978047013 0.017935196 0.207611442 59.338741302
0.208608776 0.085818261 0.974226654 63.038158417 -0.009474692 0.996273220 -0.085731499 -4.755525589 -0.977953196 0.008653842 0.208644465 59.484928131
0.209732845 0.085866235 0.973981023 63.703876495 -0.011902937 0.996286750 -0.085269585 -4.807449341 -0.977686286 0.006290598 0.209976137 59.639636993
0.208636448 0.085013218 0.974291265 64.367866516 -0.024301622 0.996357799 -0.081734665 -4.877437592 -0.977691233 -0.006624029 0.209942520 59.786350250
0.209665343 0.082303688 0.974303067 65.020469666 -0.024301594 0.996581852 -0.078956090 -4.932375908 -0.977471173 -0.007122757 0.210948780 59.923324585
0.212737456 0.077697799 0.974015296 65.660598755 -0.001749932 0.996862113 -0.079138093 -4.955791473 -0.977107823 0.015131162 0.212205887 60.072116852
0.210660130 0.077100426 0.974514127 66.296096802 -0.002408057 0.996922731 -0.078352779 -5.008634090 -0.977556407 0.014159122 0.210197553 60.221385956
0.209498480 0.075904153 0.974858403 66.909263611 0.000015882 0.996982217 -0.077630162 -5.069300652 -0.977808893 0.016278885 0.208865076 60.347434998
0.206998050 0.078290999 0.975203693 67.520774841 -0.001010696 0.996809423 -0.079811014 -5.127134800 -0.978340805 0.015535082 0.206416786 60.490112305
0.203501746 0.085864842 0.975302160 68.109191895 -0.010572325 0.996281505 -0.085505888 -5.171661854 -0.979017496 0.007089388 0.203652859 60.604984283
0.202004865 0.086077116 0.975594640 68.703987122 -0.008663543 0.996248364 -0.086105540 -5.224928856 -0.979346216 0.008941625 0.201992780 60.725135803
0.201314911 0.082826801 0.976018429 69.281654358 0.001855668 0.996384501 -0.084937841 -5.255090714 -0.979524732 0.018910427 0.200433373 60.844387054
0.198912635 0.079976901 0.976748466 69.857559204 0.001348000 0.996641219 -0.081880264 -5.303922653 -0.980016291 0.017603680 0.198136732 60.962829590
0.195019320 0.078280754 0.977670431 70.435256958 -0.008926954 0.996910334 -0.078040570 -5.366056919 -0.980758727 0.006491799 0.195115566 61.077774048
0.193506792 0.077499121 0.978033245 70.993186951 -0.005643501 0.996946633 -0.077881254 -5.414470196 -0.981082737 0.009551013 0.193353310 61.178833008
0.191617295 0.078733161 0.978306592 71.545021057 -0.001642849 0.996801555 -0.079899840 -5.457221985 -0.981468320 0.013702965 0.191133782 61.286891937
0.188924462 0.080924951 0.978651464 72.084457397 0.002183095 0.996561527 -0.082827374 -5.496847630 -0.981989145 0.017784605 0.188098192 61.388134003
0.191177636 0.078982458 0.978372574 72.635986328 0.017228333 0.996333659 -0.083798923 -5.515689850 -0.981404245 0.032876205 0.189115986 61.459571838
0.189871565 0.081415012 0.978427589 73.169380188 0.016880486 0.996137857 -0.086164497 -5.561047554 -0.981663823 0.032876521 0.187763959 61.562271118
0.188746333 0.079830155 0.978775740 73.715820312 0.018409006 0.996227562 -0.084803537 -5.606320381 -0.981853426 0.034024630 0.186564744 61.665939331
0.189992532 0.077967197 0.978684783 74.259490967 0.024897128 0.996138453 -0.084190942 -5.649219513 -0.981469810 0.040362086 0.187317729 61.754165649
0.191559106 0.076766886 0.978474319 74.806892395 0.029015876 0.996057808 -0.083826929 -5.680611134 -0.981052101 0.044449102 0.188576475 61.861747742
0.193934932 0.075917147 0.978072584 75.352966309 0.031795695 0.995990992 -0.083612502 -5.724482536 -0.980499089 0.047313873 0.190743580 61.960998535
0.197705597 0.075383157 0.977358639 75.899513245 0.029229194 0.996142030 -0.082744554 -5.771517754 -0.979825556 0.044926461 0.194739446 62.072597504
0.202127025 0.076252781 0.976386309 76.456466675 0.027931098 0.996109962 -0.083575308 -5.819088459 -0.978960931 0.044164371 0.199210912 62.206138611
0.209189162 0.075211175 0.974978566 77.006042480 0.028788429 0.996132076 -0.083019741 -5.859404087 -0.977451324 0.045434933 0.206214786 62.317531586
0.216201216 0.075758576 0.973405182 77.569953918 0.027114490 0.996134639 -0.083549924 -5.895214081 -0.975972235 0.044456989 0.213311359 62.455879211
0.225229502 0.073548943 0.971525729 78.149711609 0.027728610 0.996258855 -0.081849709 -5.939399719 -0.973910987 0.045374028 0.222347438 62.589164734
0.233719602 0.073445871 0.969526172 78.714866638 0.023936937 0.996406019 -0.081252530 -5.987930298 -0.972009420 0.042197783 0.231121555 62.739799500
0.243015379 0.073911093 0.967202485 79.290504456 0.020326823 0.996485829 -0.081256106 -6.036660194 -0.969809413 0.039406631 0.240659028 62.890441895
0.252713591 0.077681623 0.964417636 79.865486145 0.014905610 0.996340811 -0.084158778 -6.082780361 -0.967426360 0.035643287 0.250630975 63.054046631
0.261743903 0.080297425 0.961791277 80.459846497 0.009190129 0.996280491 -0.085677877 -6.136558533 -0.965093553 0.031264655 0.260032386 63.227325439
0.272856474 0.082955919 0.958471417 81.063896179 0.005223424 0.996132970 -0.087702513 -6.181335926 -0.962040544 0.028936699 0.271368057 63.406890869
0.282959253 0.085125498 0.955346882 81.672958374 0.004198961 0.995934188 -0.089985654 -6.225706100 -0.959122717 0.029473741 0.281451344 63.599460602
0.292644382 0.085861132 0.952358782 82.284362793 0.001241903 0.995925486 -0.090170585 -6.280704975 -0.956220508 0.027570644 0.291345417 63.804271698
0.302980721 0.086300470 0.949080944 82.914077759 0.000168464 0.995886505 -0.090610273 -6.329031944 -0.952996671 0.027613064 0.301719815 64.012115479
0.313073516 0.087632418 0.945677280 83.555084229 -0.004369170 0.995856285 -0.090835854 -6.376020908 -0.949718893 0.024306480 0.312159151 64.234367371
0.323693186 0.082533322 0.942555547 84.196952820 -0.003525974 0.996286452 -0.086027287 -6.425650597 -0.946155548 0.024523024 0.322782189 64.462821960
0.334203959 0.075643860 0.939460278 84.852973938 -0.000319883 0.996783137 -0.080145597 -6.480812550 -0.942500830 0.026484463 0.333153129 64.698760986
0.345325053 0.070959650 0.935796618 85.515480042 0.001768867 0.997086406 -0.076259874 -6.529719830 -0.938481510 0.027989740 0.344193339 64.946144104
0.355506510 0.068034872 0.932194412 86.196228027 0.000764558 0.997325778 -0.073079981 -6.577588081 -0.934673548 0.026693121 0.354503751 65.216705322
0.364984810 0.065576941 0.928701103 86.881454468 0.006433647 0.997314811 -0.072950311 -6.617480278 -0.930991232 0.032600690 0.363582909 65.477615356
0.373266160 0.060192518 0.925769567 87.578948975 0.013419833 0.997438192 -0.070263162 -6.656953812 -0.927627206 0.038650528 0.371502161 65.763641357
0.380217940 0.050662000 0.923508346 88.284500122 0.021310516 0.997753680 -0.063508727 -6.707681179 -0.924651384 0.043827593 0.378284276 66.037803650
0.387210339 0.046383552 0.920823872 88.990631104 0.026366942 0.997768164 -0.061346784 -6.752779961 -0.921614230 0.048033420 0.385123223 66.329467773
0.394674122 0.045760721 0.917681038 89.717430115 0.030032801 0.997582853 -0.062661529 -6.805186749 -0.918330193 0.052291408 0.392345935 66.639770508
0.401944757 0.051843334 0.914195120 90.420204163 0.032802176 0.996939838 -0.070957884 -6.846723557 -0.915076256 0.058508731 0.399014175 66.953231812
0.409411341 0.056118730 0.910622299 91.135055542 0.036437415 0.996304393 -0.077781118 -6.891447067 -0.911621988 0.065025203 0.405853391 67.265045166
0.414793164 0.058648560 0.908023655 91.847145081 0.034133993 0.996215224 -0.079937518 -6.941992760 -0.909275293 0.064152002 0.411221296 67.588798523
0.418787569 0.060192563 0.906087041 92.540550232 0.027092965 0.996528268 -0.078722872 -7.006171227 -0.907679915 0.057516754 0.415702850 67.937263489
0.423207760 0.064076379 0.903764009 93.232208252 0.018936118 0.996652663 -0.079529375 -7.062232971 -0.905834734 0.050771244 0.420577675 68.253799438
0.427262723 0.066798903 0.901656508 93.919754028 0.018442353 0.996415555 -0.082558252 -7.125481129 -0.903939426 0.051902734 0.424499303 68.593231201
0.431117147 0.071405120 0.899466157 94.585212708 0.014811138 0.996169388 -0.086181045 -7.182117939 -0.902174413 0.050476238 0.428408056 68.918548584
0.434788227 0.074305944 0.897461832 95.251731873 0.011996944 0.996023536 -0.088278510 -7.239054680 -0.900452793 0.049149256 0.432167828 69.247879028
0.438369632 0.072821550 0.895839870 95.905944824 0.010450467 0.996231973 -0.086096115 -7.309195518 -0.898734033 0.047103863 0.435956836 69.577438354
0.442580462 0.070313334 0.893967867 96.557586670 0.011137997 0.996413171 -0.083885126 -7.361156940 -0.896659672 0.047082923 0.440209836 69.896530151
0.446087152 0.066776052 0.892494917 97.206436157 0.011442990 0.996705651 -0.080292508 -7.427310944 -0.894916356 0.046030261 0.443853468 70.227127075
0.449675679 0.065626621 0.890777707 97.838806152 0.010410251 0.996844232 -0.078696147 -7.491729736 -0.893131256 0.044660956 0.447573394 70.552665710
0.452989638 0.067822173 0.888932168 98.450614929 0.008040998 0.996750712 -0.080145903 -7.539018154 -0.891479492 0.043453168 0.450972408 70.869384766
0.455249876 0.068469830 0.887727141 99.057037354 0.008868521 0.996640563 -0.081418268 -7.590896130 -0.890319586 0.044938479 0.453113228 71.193435669
0.457994103 0.066618331 0.886455536 99.666702271 0.011104459 0.996681511 -0.080639169 -7.644292831 -0.888885856 0.046775874 0.455734432 71.497772217
0.459957361 0.065606207 0.885514021 100.259246826 0.013621525 0.996628046 -0.080913804 -7.687565804 -0.887836516 0.049278948 0.457512677 71.799171448
0.461670548 0.065249532 0.884648502 100.843788147 0.012505340 0.996713102 -0.080041312 -7.742484093 -0.886963308 0.048015535 0.459337056 72.113235474
0.463506609 0.062433276 0.883891225 101.424537659 0.016344549 0.996742666 -0.078975439 -7.794928551 -0.885942698 0.051052451 0.460976332 72.416534424
0.465999275 0.064251743 0.882449150 101.980422974 0.015597025 0.996608317 -0.080800153 -7.843985558 -0.884647608 0.051416393 0.463416636 72.714523315
0.468552083 0.063851222 0.881125450 102.536521912 0.018538140 0.996454358 -0.082066536 -7.904567719 -0.883241415 0.054786876 0.465707093 73.018249512
0.471905053 0.063354887 0.879370093 103.088523865 0.020150125 0.996379316 -0.082598254 -7.951475143 -0.881419003 0.056697961 0.468919754 73.303657532
0.475171536 0.061364241 0.877750814 103.613533020 0.023477674 0.996325731 -0.082363591 -7.997706413 -0.879579782 0.059744377 0.471985012 73.579872131
0.478624165 0.060438477 0.875937283 104.143356323 0.024521736 0.996318817 -0.082143649 -8.050085068 -0.877677262 0.060795445 0.475380242 73.863830566
0.481886148 0.057567425 0.874340653 104.663223267 0.027577350 0.996348798 -0.080799587 -8.084655762 -0.875799775 0.063048199 0.478539109 74.128021240
0.485645115 0.056712225 0.872314513 105.174789429 0.028700054 0.996320844 -0.080752552 -8.123006821 -0.873684704 0.064252548 0.482230783 74.401168823
0.489007980 0.056507483 0.870446980 105.668846130 0.029487448 0.996258199 -0.081240602 -8.173940659 -0.871780753 0.065394565 0.485511959 74.680870056
0.492523968 0.057718508 0.868382812 106.178573608 0.030468920 0.996043086 -0.083484828 -8.225186348 -0.869765341 0.067576960 0.488816559 74.995315552
0.496574223 0.057886701 0.866061926 106.678031921 0.032923777 0.995799601 -0.085435748 -8.267070770 -0.867369652 0.070939213 0.492582530 75.279907227
0.501550555 0.061380006 0.862948239 107.157615662 0.030057838 0.995641410 -0.088288039 -8.318510056 -0.864606023 0.070219263 0.497519553 75.563201904
0.507011771 0.067178987 0.859317183 107.661376953 0.025960971 0.995315611 -0.093128368 -8.362458229 -0.861548066 0.069525890 0.502892673 75.863151550
0.512834251 0.074079417 0.855285466 108.138290405 0.021045182 0.994885802 -0.098789528 -8.411671638 -0.858229578 0.068662308 0.508652449 76.165573120
0.518784225 0.080184974 0.851136506 108.625701904 0.015746556 0.994526446 -0.103291474 -8.469758987 -0.854760170 0.066988453 0.514681995 76.476432800
0.525166869 0.084840342 0.846759677 109.107849121 0.011989187 0.994181633 -0.107046939 -8.519548416 -0.850914776 0.066369474 0.521094084 76.784782410
0.530971289 0.084924906 0.843123555 109.584495544 0.007957106 0.994421840 -0.105175756 -8.571942329 -0.847352564 0.062554128 0.527333558 77.091873169
0.536131322 0.084527537 0.839891732 110.087120056 0.001186476 0.994897544 -0.100884803 -8.625672340 -0.844133794 0.055084039 0.533295274 77.431442261
0.541764915 0.081870288 0.836533308 110.585494995 -0.005196716 0.995552182 -0.094067685 -8.686735153 -0.840514064 0.046615347 0.539780676 77.782524109
0.547762275 0.079873763 0.832812548 111.078971863 -0.011302846 0.996047974 -0.088095240 -8.747091293 -0.836557806 0.038842101 0.546500206 78.120941162
0.553883016 0.078624755 0.828873754 111.594108582 -0.014089284 0.996273756 -0.085088909 -8.786461830 -0.832475245 0.035451069 0.552926898 78.477539062
0.560481727 0.082327425 0.824064553 112.097106934 -0.019153180 0.996069074 -0.086484492 -8.826202393 -0.827945232 0.032689530 0.559855342 78.823982239
0.566819727 0.086328812 0.819306195 112.618484497 -0.022744969 0.995755315 -0.089185297 -8.874111176 -0.823527694 0.031916894 0.566377401 79.191146851
0.570766807 0.088638328 0.816313922 113.146255493 -0.026736712 0.995635509 -0.089415416 -8.926133156 -0.820676804 0.029209794 0.570645630 79.588676453
0.577609122 0.090704769 0.811258554 113.671966553 -0.028783100 0.995452583 -0.090805717 -8.976745605 -0.815805972 0.029099669 0.577593267 79.957817078
