0.999982178 -0.003098362 -0.005106817 -0.062155657 0.003065484 0.999974608 -0.006433452 -0.008901090 0.005126621 0.006417682 0.999966264 1.155875564
0.999989212 -0.002855140 -0.003658963 -0.073914595 0.002833190 0.999978065 -0.005990302 -0.034437526 0.003675986 0.005979871 0.999975383 2.357729673
0.999999464 -0.000734626 -0.000673863 0.049530227 0.000732281 0.999993682 -0.003474246 -0.020750646 0.000676411 0.003473751 0.999993742 3.595938206
0.999998689 -0.001442070 -0.000617100 0.055433169 0.001439735 0.999991894 -0.003767296 -0.042285044 0.000622528 0.003766403 0.999992669 4.800471783
0.999998927 -0.001410250 0.000342089 0.049037538 0.001411460 0.999992669 -0.003562822 -0.067353196 -0.000337062 0.003563301 0.999993622 6.006841183
0.999999106 -0.001112635 0.000658826 0.052707430 0.001115643 0.999988794 -0.004584233 -0.090391025 -0.000653717 0.004584964 0.999989271 7.212475300
0.999996662 -0.001544503 0.002077976 0.030678993 0.001554399 0.999987423 -0.004769233 -0.119226918 -0.002070584 0.004772447 0.999986470 8.391056061
0.999994516 -0.002382457 0.002295929 0.024101928 0.002390686 0.999990702 -0.003588385 -0.139807969 -0.002287359 0.003593855 0.999990880 9.582012177
0.999985039 -0.005451940 -0.000374266 -0.116509922 0.005450315 0.999976277 -0.004213286 -0.234135002 0.000397227 0.004211183 0.999991059 10.723158836
0.999974072 -0.006631393 -0.002805496 -0.123544037 0.006617940 0.999966800 -0.004777199 -0.257650584 0.002837086 0.004758509 0.999984622 11.919420242
0.999970555 -0.006142021 -0.004599073 -0.137671649 0.006116843 0.999966323 -0.005468667 -0.282140225 0.004632507 0.005440375 0.999974430 13.088834763
0.999961197 -0.006049004 -0.006406190 -0.142217562 0.006015735 0.999968350 -0.005199983 -0.314387619 0.006437442 0.005161243 0.999965966 14.303672791
0.999963880 -0.004423478 -0.007259649 -0.154877365 0.004383844 0.999975443 -0.005466293 -0.337524623 0.007283650 0.005434270 0.999958694 15.501936913
0.999956787 -0.004977965 -0.007849625 -0.168148488 0.004934325 0.999972343 -0.005569132 -0.361346990 0.007877130 0.005530158 0.999953687 16.696624756
0.999952912 -0.005277846 -0.008143521 -0.187604070 0.005236281 0.999973238 -0.005116892 -0.388496071 0.008170308 0.005074008 0.999953747 17.894134521
0.999944866 -0.005959449 -0.008642454 -0.202029586 0.005916937 0.999970317 -0.004936218 -0.415921926 0.008671613 0.004884809 0.999950409 19.091859818
0.999941409 -0.005409292 -0.009377205 -0.219700411 0.005356048 0.999969482 -0.005693959 -0.446343064 0.009407719 0.005643401 0.999939740 20.283702850
0.999934971 -0.005895901 -0.009760456 -0.236263543 0.005833704 0.999962568 -0.006388616 -0.478779167 0.009797757 0.006331261 0.999931931 21.478185654
0.999934673 -0.004777545 -0.010385639 -0.256359845 0.004714799 0.999970675 -0.006057689 -0.504573584 0.010414273 0.006008327 0.999927700 22.669279099
0.999923527 -0.005299205 -0.011170815 -0.273961842 0.005228389 0.999966085 -0.006359072 -0.532981336 0.011204133 0.006300179 0.999917388 23.866121292
0.999913990 -0.005294753 -0.012001918 -0.293573439 0.005211487 0.999962330 -0.006958319 -0.563660204 0.012038306 0.006895174 0.999903679 25.057231903
0.999904156 -0.005057072 -0.012887712 -0.315834433 0.004977364 0.999968350 -0.006209392 -0.592126787 0.012918705 0.006144651 0.999897599 26.247016907
0.999885380 -0.006482505 -0.013683245 -0.337132275 0.006421053 0.999969125 -0.004530213 -0.619073272 0.013712189 0.004441833 0.999896049 27.432832718
0.999871552 -0.006670811 -0.014570025 -0.357307732 0.006605877 0.999968052 -0.004500271 -0.646495521 0.014599579 0.004403445 0.999883711 28.631158829
0.999855697 -0.007617374 -0.015185138 -0.385399044 0.007538074 0.999957621 -0.005272720 -0.674281895 0.015224660 0.005157493 0.999870718 29.828254700
0.999837816 -0.007855126 -0.016206326 -0.410568893 0.007757333 0.999951422 -0.006088291 -0.707231820 0.016253363 0.005961585 0.999850154 31.024435043
0.999829352 -0.007060795 -0.017073505 -0.437064826 0.006955657 0.999956489 -0.006209575 -0.730483055 0.017116608 0.006089757 0.999834955 32.223503113
0.999810576 -0.007558335 -0.017935526 -0.454394490 0.007450042 0.999953628 -0.006097067 -0.754229665 0.017980779 0.005962291 0.999820590 33.421161652
0.999796629 -0.008050446 -0.018490762 -0.483115077 0.007950383 0.999953330 -0.005478712 -0.787532687 0.018534008 0.005330589 0.999814034 34.608535767
0.999776363 -0.008798085 -0.019228676 -0.504667044 0.008696908 0.999947965 -0.005339153 -0.820418596 0.019274646 0.005170729 0.999800861 35.803066254
0.999768674 -0.009072796 -0.019508980 -0.535603225 0.008965414 0.999944210 -0.005584657 -0.844306529 0.019558564 0.005408459 0.999794006 37.004394531
0.999772131 -0.009889189 -0.018920023 -0.586064994 0.009798872 0.999940157 -0.004860382 -0.875369430 0.018966956 0.004673880 0.999809146 38.200553894
0.999760389 -0.009925197 -0.019507410 -0.597392261 0.009859852 0.999945402 -0.003443158 -0.903791726 0.019540519 0.003249993 0.999803782 39.388545990
0.999771774 -0.009430282 -0.019168358 -0.629470706 0.009381450 0.999952495 -0.002635881 -0.934512198 0.019192303 0.002455452 0.999812841 40.599189758
0.999783218 -0.008554910 -0.018984806 -0.663841844 0.008497385 0.999959111 -0.003108649 -0.954045892 0.019010628 0.002946654 0.999814868 41.783527374
0.999787569 -0.008043827 -0.018977009 -0.694987714 0.007985836 0.999963284 -0.003129645 -0.979943991 0.019001486 0.002977432 0.999814987 42.981006622
0.999819040 -0.004426110 -0.018503577 -0.717611074 0.004396900 0.999989033 -0.001618995 -0.996621013 0.018510539 0.001537343 0.999827504 44.185073853
0.999840081 -0.004673490 -0.017268816 -0.737553060 0.004707454 0.999987125 0.001926642 -1.026466012 0.017259590 -0.002007626 0.999849021 45.393848419
0.999876499 -0.003818407 -0.015244202 -0.764645636 0.003885844 0.999982715 0.004396569 -1.037352085 0.015227151 -0.004455262 0.999874115 46.595584869
0.999900818 -0.003158770 -0.013718501 -0.784686327 0.003264714 0.999965012 0.007707216 -1.048115849 0.013693674 -0.007751239 0.999876201 47.801559448
0.999922037 -0.003558539 -0.011971724 -0.814410686 0.003663878 0.999954641 0.008788609 -1.058803082 0.011939905 -0.008831787 0.999889672 49.004974365
0.999930084 -0.005329303 -0.010555384 -0.823768258 0.005406403 0.999958813 0.007289225 -1.068970919 0.010516101 -0.007345781 0.999917686 50.217124939
0.999945819 -0.004187654 -0.009523734 -0.839786410 0.004240913 0.999975443 0.005578967 -1.080741048 0.009500138 -0.005619055 0.999939144 51.425712585
0.999954998 -0.004080658 -0.008565188 -0.858637810 0.004124673 0.999978364 0.005127429 -1.096540093 0.008544077 -0.005162527 0.999950171 52.623706818
0.999951184 -0.004555622 -0.008772205 -0.870483279 0.004596073 0.999978900 0.004596707 -1.111947298 0.008751079 -0.004636800 0.999950945 53.824966431
0.999943614 -0.005109569 -0.009318804 -0.887187123 0.005140058 0.999981582 0.003250815 -1.126886845 0.009302021 -0.003298532 0.999951303 55.035823822
0.999925017 -0.005122033 -0.011118075 -0.902885199 0.005165164 0.999979198 0.003854102 -1.142027617 0.011098100 -0.003911240 0.999930680 56.227436066
0.999905407 -0.005614993 -0.012555812 -0.920798123 0.005678312 0.999971271 0.005013124 -1.156508088 0.012527302 -0.005083945 0.999908626 57.432281494
0.999882698 -0.005903611 -0.014130915 -0.932924092 0.005984004 0.999966145 0.005653650 -1.176359177 0.014097057 -0.005737546 0.999884188 58.629489899
0.999881268 -0.004580019 -0.014708742 -0.968032837 0.004658978 0.999974906 0.005338451 -1.187474251 0.014683926 -0.005406344 0.999877512 59.837383270
0.999869466 -0.004243459 -0.015591203 -0.986899912 0.004326248 0.999976695 0.005280103 -1.205058932 0.015568431 -0.005346865 0.999864459 61.028045654
0.999867558 -0.005106165 -0.015454301 -1.018208742 0.005178574 0.999975801 0.004649024 -1.218977451 0.015430187 -0.004728441 0.999869764 62.227001190
0.999854803 -0.005823991 -0.016011268 -1.033210993 0.005882477 0.999976218 0.003608186 -1.232630730 0.015989872 -0.003701848 0.999865234 63.438575745
0.999854147 -0.007580288 -0.015303166 -1.062090397 0.007670125 0.999953687 0.005820338 -1.251714468 0.015258335 -0.005936868 0.999865949 64.629554749
0.999850869 -0.007765869 -0.015426099 -1.089476585 0.007880601 0.999941647 0.007390760 -1.267890096 0.015367802 -0.007511225 0.999853671 65.823822021
0.999854803 -0.006611483 -0.015702751 -1.116921544 0.006693902 0.999963999 0.005201972 -1.272497892 0.015667792 -0.005306331 0.999863148 67.026603699
0.999865592 -0.004569566 -0.015741823 -1.143622398 0.004627604 0.999982595 0.003652466 -1.279826880 0.015724858 -0.003724823 0.999869406 68.221229553
0.999873877 -0.002580879 -0.015672361 -1.170836687 0.002646498 0.999987841 0.004167623 -1.298486114 0.015661418 -0.004208575 0.999868512 69.413223267
0.999874353 -0.000697295 -0.015835032 -1.195290685 0.000767046 0.999990046 0.004399186 -1.315324545 0.015831808 -0.004410779 0.999864876 70.603424072
0.999879241 0.000847479 -0.015512038 -1.223430634 -0.000771385 0.999987602 0.004910801 -1.334063530 0.015516005 -0.004898243 0.999867558 71.795555115
0.999891996 0.001325050 -0.014631880 -1.245616317 -0.001244344 0.999983966 0.005523538 -1.343509316 0.014638965 -0.005504735 0.999877632 72.986434937
0.999914706 0.003333702 -0.012622863 -1.270731211 -0.003258721 0.999976873 0.005956063 -1.353110194 0.012642427 -0.005914421 0.999902606 74.174652100
0.999946952 0.002047900 -0.010091262 -1.284212232 -0.002004596 0.999988735 0.004299498 -1.378539920 0.010099953 -0.004279042 0.999939859 75.351303101
0.999970257 -0.000616108 -0.007691799 -1.293819070 0.000609070 0.999999404 -0.000917349 -1.393335104 0.007692359 0.000912637 0.999970019 76.535072327
0.999987185 0.001435863 -0.004852586 -1.307689190 -0.001444630 0.999997318 -0.001803769 -1.409754992 0.004849983 0.001810756 0.999986529 77.713035583
0.999997199 -0.000673779 -0.002271162 -1.311175585 0.000678837 0.999997318 0.002227109 -1.435895324 0.002269657 -0.002228645 0.999994934 78.897727966
0.999998808 0.000531261 0.001439261 -1.322924495 -0.000535903 0.999994636 0.003226884 -1.453457117 -0.001437539 -0.003227651 0.999993742 80.066726685
0.999986172 0.000333536 0.005237659 -1.319407225 -0.000341609 0.999998748 0.001540520 -1.471251488 -0.005237139 -0.001542288 0.999985099 81.240707397
0.999960244 -0.000343834 0.008911662 -1.321005344 0.000359323 0.999998450 -0.001736562 -1.489146948 -0.008911051 0.001739695 0.999958813 82.404495239
0.999926567 -0.001971628 0.011956038 -1.295590520 0.002028889 0.999986529 -0.004779053 -1.520177484 -0.011946455 0.004802960 0.999917090 83.565773010
0.999869823 -0.003048499 0.015845193 -1.313035607 0.003134369 0.999980509 -0.005397311 -1.551317573 -0.015828431 0.005446273 0.999859810 84.749565125
0.999813437 -0.002906658 0.019089600 -1.264553070 0.002982581 0.999987781 -0.003950013 -1.573591709 -0.019077882 0.004006214 0.999809980 85.891166687
0.999738097 -0.001629902 0.022827247 -1.244217753 0.001710800 0.999992311 -0.003524801 -1.598651528 -0.022821331 0.003562931 0.999733150 87.042488098
0.999641955 -0.002278455 0.026662434 -1.222421169 0.002433596 0.999980330 -0.005787690 -1.622565866 -0.026648717 0.005850503 0.999627709 88.209861755
0.999544501 -0.002202145 0.030096665 -1.189534426 0.002447906 0.999963939 -0.008131323 -1.645051122 -0.030077679 0.008201296 0.999513865 89.347229004
0.999439120 -0.002367997 0.033404786 -1.156112194 0.002646585 0.999962091 -0.008298015 -1.677754641 -0.033383876 0.008381769 0.999407470 90.515998840
0.999351740 -0.004030317 0.035775878 -1.103424311 0.004298503 0.999963224 -0.007422546 -1.702960014 -0.035744645 0.007571516 0.999332368 91.665626526
0.999239504 -0.004248095 0.038763609 -1.067100763 0.004482357 0.999972343 -0.005958430 -1.728569984 -0.038737223 0.006127652 0.999230623 92.824356079
0.999133945 -0.005241809 0.041277915 -1.022296667 0.005435040 0.999974787 -0.004570360 -1.754521012 -0.041252919 0.004790750 0.999137223 93.984977722
0.999017358 -0.006659114 0.043817256 -0.975256920 0.006798358 0.999972343 -0.003029563 -1.785185814 -0.043795854 0.003324471 0.999035060 95.135627747
0.998892963 -0.007896162 0.046373028 -0.934635639 0.008137376 0.999954402 -0.005015125 -1.816348314 -0.046331305 0.005386928 0.998911619 96.283660889
0.998784482 -0.009164181 0.048431084 -0.874330044 0.009595043 0.999916315 -0.008671383 -1.838588476 -0.048347566 0.009125541 0.998788893 97.442687988
0.998667717 -0.007976927 0.050982539 -0.834559441 0.008585175 0.999894381 -0.011722629 -1.854357719 -0.050883651 0.012144705 0.998630702 98.575660706
0.998571336 -0.008040870 0.052825931 -0.774593830 0.008738004 0.999877632 -0.012979128 -1.875606298 -0.052715100 0.013422179 0.998519361 99.786186218
0.998572767 -0.006575781 0.053001691 -0.708445549 0.007163048 0.999914944 -0.010897790 -1.930209160 -0.052925512 0.011261888 0.998534977 100.939445496
0.998629451 -0.006463186 0.051938567 -0.652698517 0.006936437 0.999935985 -0.008936627 -1.965862036 -0.051877484 0.009284644 0.998610318 102.110160828
0.998682320 -0.007221571 0.050808158 -0.592358589 0.007617663 0.999942064 -0.007606476 -1.988316059 -0.050750282 0.007983494 0.998679459 103.303436279
0.998789549 -0.006058308 0.048813172 -0.536342144 0.006415589 0.999953747 -0.007165990 -2.009884357 -0.048767500 0.007470480 0.998782218 104.488479614
0.998912692 -0.006188761 0.046207242 -0.488043308 0.006483466 0.999959588 -0.006230721 -2.040961742 -0.046166815 0.006523530 0.998912394 105.694152832
0.999037802 -0.005919537 0.043459564 -0.448160648 0.006197690 0.999961019 -0.006268306 -2.070889473 -0.043420784 0.006531621 0.999035537 106.886863708
0.999184906 -0.004376296 0.040129118 -0.416440964 0.004665728 0.999963701 -0.007121734 -2.090520620 -0.040096495 0.007303161 0.999169171 108.084342957
0.999352217 -0.004168338 0.035745531 -0.373898506 0.004408361 0.999968231 -0.006638591 -2.113756895 -0.035716727 0.006791870 0.999338806 109.290008545
0.999495566 -0.003437307 0.031570431 -0.334368706 0.003625227 0.999975979 -0.005897086 -2.138289452 -0.031549402 0.006008562 0.999484122 110.516990662
0.999622405 -0.003489960 0.027260376 -0.308250666 0.003624621 0.999981463 -0.004891978 -2.164470673 -0.027242804 0.004988939 0.999616325 111.704238892
0.999736249 -0.003382784 0.022715909 -0.281820297 0.003484554 0.999984086 -0.004442066 -2.183798790 -0.022700522 0.004520049 0.999732077 112.925308228
0.999830723 -0.002649010 0.018207181 -0.271106482 0.002726239 0.999987423 -0.004218194 -2.216250181 -0.018195778 0.004267117 0.999825299 114.136543274
0.999911249 -0.002295629 0.013116507 -0.266117930 0.002354852 0.999987125 -0.004501382 -2.231381416 -0.013106003 0.004531870 0.999903858 115.341377258
0.999965370 -0.001575356 0.008165108 -0.253285289 0.001614240 0.999987364 -0.004757626 -2.262567997 -0.008157509 0.004770641 0.999955356 116.565170288
0.999994099 -0.000449983 0.003413979 -0.261527449 0.000468208 0.999985576 -0.005339195 -2.286569118 -0.003411529 0.005340762 0.999979913 117.767944336
0.999998868 0.001581162 -0.000131413 -0.259564042 -0.001581828 0.999985099 -0.005217066 -2.317554474 0.000123162 0.005217266 0.999986410 119.008186340
0.999992251 0.003407225 -0.002015891 -0.270574123 -0.003417225 0.999981701 -0.004977556 -2.349249363 0.001998894 0.004984405 0.999985635 120.239494324
0.999983907 0.004712959 -0.003149448 -0.282783419 -0.004730168 0.999973774 -0.005479208 -2.369765520 0.003123544 0.005494017 0.999980032 121.479804993
0.999969244 0.006438085 -0.004478933 -0.288689315 -0.006459579 0.999967575 -0.004801344 -2.407066584 0.004447876 0.004830128 0.999978483 122.707015991
0.999949753 0.008209709 -0.005738486 -0.291923106 -0.008233306 0.999957681 -0.004100968 -2.430196762 0.005704576 0.004148010 0.999975085 123.963867188
0.999948502 0.007829853 -0.006440603 -0.300319254 -0.007852888 0.999962807 -0.003559093 -2.462831020 0.006412495 0.003609488 0.999972939 125.204216003
0.999907553 0.011628421 -0.007051068 -0.335638940 -0.011643250 0.999930084 -0.002065672 -2.468797445 0.007026556 0.002147578 0.999972999 126.463088989
0.999893486 0.012362506 -0.007758050 -0.352795541 -0.012355031 0.999923170 0.001010668 -2.488598108 0.007769950 -0.000914709 0.999969363 127.697998047
0.999903202 0.011364153 -0.008020433 -0.369164765 -0.011356634 0.999934971 0.000982434 -2.515070200 0.008031077 -0.000891254 0.999967277 128.963012695
0.999902725 0.011049707 -0.008508777 -0.389489233 -0.011056168 0.999938488 -0.000712374 -2.530906677 0.008500384 0.000806379 0.999963462 130.222061157
0.999917448 0.008693588 -0.009456066 -0.396378577 -0.008692075 0.999962151 0.000201025 -2.551615953 0.009457456 -0.000118815 0.999955297 131.461380005
0.999923468 0.006698198 -0.010404682 -0.401567996 -0.006672415 0.999974489 0.002510888 -2.577445030 0.010421234 -0.002441272 0.999942780 132.709793091
0.999938488 0.003293596 -0.010585202 -0.423523545 -0.003251981 0.999986947 0.003946061 -2.588294983 0.010598058 -0.003911396 0.999936163 133.982681274
0.999941051 0.001465093 -0.010756947 -0.438612938 -0.001404513 0.999983132 0.005637290 -2.613524675 0.010765026 -0.005621850 0.999926269 135.248504639
0.999935389 -0.002830738 -0.011012373 -0.449036956 0.002864796 0.999991179 0.003078294 -2.619631290 0.011003559 -0.003109643 0.999934614 136.524307251
0.999922514 -0.005522169 -0.011159305 -0.460923910 0.005547733 0.999982059 0.002261349 -2.638269424 0.011146618 -0.002323082 0.999935150 137.791061401
0.999916911 -0.006822854 -0.010941339 -0.477478981 0.006846200 0.999974489 0.002097483 -2.658673286 0.010926747 -0.002172215 0.999937952 139.068069458
0.999921679 -0.007023727 -0.010358338 -0.498152137 0.007048296 0.999972463 0.002337237 -2.674403191 0.010341635 -0.002410062 0.999943614 140.333938599
0.999930382 -0.006595924 -0.009798302 -0.516684532 0.006642601 0.999966860 0.004738456 -2.700435162 0.009766722 -0.004803212 0.999940753 141.600906372
0.999947548 -0.004449279 -0.009227356 -0.532023311 0.004505737 0.999971211 0.006106732 -2.712440252 0.009199922 -0.006147988 0.999938726 142.885772705
0.999950707 -0.004452056 -0.008874489 -0.541149855 0.004488490 0.999981523 0.004089542 -2.721633673 0.008856119 -0.004129173 0.999952197 144.183288574
0.999959111 -0.003795849 -0.008201486 -0.565895617 0.003818611 0.999988854 0.002761610 -2.748026609 0.008190911 -0.002792816 0.999962568 145.425674438
0.999961674 -0.004064064 -0.007748260 -0.579731643 0.004063654 0.999991655 -0.000068704 -2.764923811 0.007748474 0.000037216 0.999969959 146.709304810
0.999959350 -0.005351148 -0.007262789 -0.598682642 0.005323071 0.999978304 -0.003879897 -2.790800095 0.007283393 0.003841079 0.999966085 147.956176758
0.999963045 -0.005390884 -0.006696460 -0.614566922 0.005341278 0.999958456 -0.007403690 -2.820456505 0.006736094 0.007367651 0.999950111 149.216110229
0.999964416 -0.005436807 -0.006455159 -0.622478843 0.005384834 0.999953210 -0.008041466 -2.856230021 0.006498576 0.008006420 0.999946892 150.475738525
0.999960184 -0.005870836 -0.006721734 -0.636981666 0.005816071 0.999950111 -0.008137561 -2.881971836 0.006769172 0.008098146 0.999944210 151.751556396
0.999963999 -0.005162660 -0.006728485 -0.653986573 0.005112173 0.999958813 -0.007499374 -2.916374207 0.006766924 0.007464708 0.999949217 153.011184692
0.999965131 -0.004876806 -0.006775517 -0.670791924 0.004832613 0.999967039 -0.006523544 -2.948306561 0.006807108 0.006490574 0.999955714 154.269195557
0.999967456 -0.004234131 -0.006862005 -0.701401711 0.004194308 0.999974370 -0.005807569 -2.982759714 0.006886419 0.005778599 0.999959528 155.539657593
0.999964416 -0.003813488 -0.007527568 -0.705732048 0.003764921 0.999972165 -0.006455676 -3.009841442 0.007551978 0.006427106 0.999950767 156.772781372
0.999957979 -0.003545940 -0.008445975 -0.717878759 0.003495658 0.999976099 -0.005960722 -3.037435293 0.008466909 0.005930948 0.999946594 158.078704834
0.999946952 -0.004042861 -0.009469947 -0.726770639 0.003997980 0.999980688 -0.004753355 -3.068386555 0.009488979 0.004715243 0.999943972 159.349273682
0.999946296 -0.003062897 -0.009902303 -0.750019729 0.003018805 0.999985397 -0.004464344 -3.095447063 0.009915832 0.004434210 0.999940991 160.625228882
0.999939084 -0.003369463 -0.010513293 -0.773631573 0.003309438 0.999978125 -0.005721634 -3.119990826 0.010532340 0.005686493 0.999928296 161.889999390
0.999934137 -0.001950633 -0.011312002 -0.792987585 0.001878553 0.999977827 -0.006379024 -3.160329580 0.011324195 0.006357354 0.999915659 163.133071899
0.999928951 -0.001692339 -0.011805789 -0.811700702 0.001615485 0.999977410 -0.006516351 -3.189973116 0.011816551 0.006496815 0.999909043 164.394180298
0.999912620 -0.002238642 -0.013028433 -0.827961683 0.002145948 0.999972463 -0.007124450 -3.226953030 0.013044019 0.007095870 0.999889731 165.661682129
0.999906659 -0.001612512 -0.013563699 -0.855542898 0.001498770 0.999963760 -0.008391680 -3.254705906 0.013576736 0.008370569 0.999872684 166.917251587
0.999898374 -0.001664003 -0.014158640 -0.881492138 0.001553615 0.999968350 -0.007803969 -3.293060780 0.014171178 0.007781179 0.999869287 168.186889648
0.999884009 -0.001593761 -0.015139971 -0.904788971 0.001499634 0.999979496 -0.006226474 -3.328070164 0.015149585 0.006203048 0.999865890 169.449905396
0.999876499 -0.001376320 -0.015657581 -0.925996065 0.001279337 0.999979973 -0.006202214 -3.349146843 0.015665807 0.006181416 0.999858141 170.695846558
0.999861121 -0.000224437 -0.016667612 -0.952245831 0.000133232 0.999984980 -0.005472999 -3.384204149 0.016668590 0.005470017 0.999846101 171.942642212
0.999853611 0.000034358 -0.017109634 -0.981255054 -0.000131680 0.999983847 -0.005687095 -3.402598381 0.017109165 0.005688515 0.999837399 173.226913452
0.999839246 -0.000217014 -0.017933279 -1.009325743 0.000112403 0.999983072 -0.005834169 -3.457695723 0.017934240 0.005831215 0.999822140 174.483215332
0.999845028 0.000162186 -0.017603481 -1.054885626 -0.000286260 0.999975204 -0.007046001 -3.471627951 0.017601900 0.007049948 0.999820292 175.759307861
0.999823093 0.001703683 -0.018731395 -1.063525200 -0.001822729 0.999978244 -0.006340185 -3.497530937 0.018720185 0.006373205 0.999804437 177.018814087
0.999818027 0.000782192 -0.019060792 -1.097450018 -0.000928004 0.999970317 -0.007642251 -3.533533096 0.019054253 0.007658548 0.999789119 178.261047363
0.999819577 -0.000508016 -0.018990859 -1.134994268 0.000331377 0.999956667 -0.009303302 -3.562945366 0.018994763 0.009295329 0.999776304 179.511398315
0.999799430 -0.003946445 -0.019636147 -1.139247894 0.003767519 0.999951124 -0.009140649 -3.595141888 0.019671258 0.009064835 0.999765396 180.796752930
0.999794245 -0.003479388 -0.019982919 -1.167551279 0.003367587 0.999978423 -0.005625804 -3.624753952 0.020002062 0.005557353 0.999784470 182.048645020
0.999788165 -0.004638875 -0.020052407 -1.194350481 0.004623688 0.999988914 -0.000803580 -3.658596754 0.020055914 0.000710694 0.999798596 183.326507568
0.999794960 -0.003587135 -0.019926868 -1.240514517 0.003565014 0.999992907 -0.001145464 -3.688282728 0.019930838 0.001074189 0.999800801 184.587402344
0.999796391 -0.001777386 -0.020106440 -1.260006666 0.001682678 0.999987543 -0.004726357 -3.707347870 0.020114586 0.004691561 0.999786794 185.852096558
0.999797046 -0.000613852 -0.020138521 -1.304597616 0.000474159 0.999975741 -0.006940703 -3.730184078 0.020142293 0.006929744 0.999773145 187.141143799
0.999795675 -0.001286107 -0.020173205 -1.326037884 0.001158685 0.999979258 -0.006326846 -3.767096996 0.020180924 0.006302178 0.999776483 188.362976074
0.999803305 -0.001748881 -0.019754147 -1.365016222 0.001649484 0.999985933 -0.005046844 -3.800467491 0.019762693 0.005013267 0.999792159 189.586975098
0.999801517 -0.001845238 -0.019843739 -1.394757032 0.001790212 0.999994516 -0.002790390 -3.829098701 0.019848781 0.002754312 0.999799192 190.837646484
0.999814749 -0.002927241 -0.019027183 -1.424892187 0.002894192 0.999994278 -0.001764221 -3.863513708 0.019032236 0.001708825 0.999817491 192.084915161
0.999840081 -0.002611724 -0.017691728 -1.465863228 0.002566439 0.999993384 -0.002581964 -3.884188890 0.017698355 0.002536147 0.999840140 193.335968018
0.999860764 -0.003308596 -0.016355505 -1.460730672 0.003252748 0.999988794 -0.003440084 -3.926081181 0.016366702 0.003386405 0.999860287 194.535736084
0.999882936 -0.003410809 -0.014918297 -1.491957068 0.003333618 0.999980927 -0.005196047 -3.950339794 0.014935735 0.005145706 0.999875188 195.768051147
0.999896586 -0.004208015 -0.013752075 -1.521017671 0.004135011 0.999977231 -0.005332649 -3.986808538 0.013774201 0.005275233 0.999891162 197.000137329
0.999905109 -0.005395993 -0.012670699 -1.556634665 0.005337208 0.999974847 -0.004668704 -4.005510330 0.012695570 0.004600635 0.999908805 198.174346924
0.999916673 -0.006174828 -0.011336889 -1.583132386 0.006144257 0.999977410 -0.002729424 -4.036218643 0.011353488 0.002659540 0.999931931 199.408523560
0.999943078 -0.003219248 -0.010172530 -1.555881858 0.003192731 0.999991477 -0.002621868 -4.061756134 0.010180882 0.002589240 0.999944806 200.626800537
0.999953687 -0.003316887 -0.009026637 -1.565351963 0.003291107 0.999990463 -0.002869488 -4.079982281 0.009036068 0.002839648 0.999955177 201.836441040
0.999962747 -0.002992290 -0.008087892 -1.589034557 0.002972822 0.999992728 -0.002417998 -4.109397411 0.008095067 0.002393865 0.999964356 203.008438110
0.999969959 -0.003565829 -0.006884051 -1.595152617 0.003552408 0.999991775 -0.001960792 -4.152957916 0.006890987 0.001936278 0.999974310 204.237960815
0.999973774 -0.003935992 -0.006083866 -1.612964272 0.003920999 0.999989390 -0.002474557 -4.164378643 0.006093541 0.002450638 0.999978364 205.387634277
0.999972463 -0.004769136 -0.005696554 -1.617287159 0.004757269 0.999986529 -0.002095100 -4.200553417 0.005706470 0.002067942 0.999981523 206.565567017
0.999970317 -0.005234361 -0.005662095 -1.608032942 0.005221317 0.999983668 -0.002316165 -4.218047142 0.005674126 0.002286532 0.999981284 207.716934204
0.999976039 -0.005039327 -0.004747383 -1.638456583 0.005033583 0.999986589 -0.001221253 -4.255743980 0.004753474 0.001197328 0.999987960 208.870086670
0.999967992 -0.005895910 -0.005403276 -1.644312501 0.005892730 0.999982476 -0.000604282 -4.273886204 0.005406744 0.000572423 0.999985218 209.992019653
0.999969304 -0.005382915 -0.005698275 -1.658124924 0.005380758 0.999985397 -0.000394077 -4.305546761 0.005700314 0.000363404 0.999983609 211.105895996
0.999967456 -0.005095101 -0.006257745 -1.667781949 0.005086831 0.999986172 -0.001337224 -4.330240726 0.006264472 0.001305348 0.999979436 212.208312988
0.999967396 -0.004714032 -0.006544644 -1.686453581 0.004699971 0.999986649 -0.002161798 -4.356265068 0.006554747 0.002130968 0.999976277 213.271591187
0.999961555 -0.005014783 -0.007194638 -1.696900964 0.005000845 0.999985635 -0.001953694 -4.390169144 0.007204332 0.001917640 0.999972284 214.340072632
0.999948621 -0.005214026 -0.008693990 -1.703651309 0.005194364 0.999983907 -0.002282531 -4.408310890 0.008705750 0.002237254 0.999959588 215.379119873
0.999931037 -0.005705975 -0.010268221 -1.719407678 0.005695092 0.999983132 -0.001088844 -4.436177731 0.010274259 0.001030290 0.999946654 216.418853760
0.999900162 -0.006844925 -0.012366294 -1.733707190 0.006851920 0.999976456 0.000523397 -4.460789204 0.012362419 -0.000608077 0.999923408 217.444564819
0.999870837 -0.006749587 -0.014582592 -1.748993754 0.006777615 0.999975324 0.001873418 -4.477482319 0.014569587 -0.001972011 0.999891937 218.471740723
0.999845684 -0.006305065 -0.016396431 -1.778056860 0.006345015 0.999977112 0.002385572 -4.504367828 0.016381012 -0.002489240 0.999862731 219.468978882
0.999792576 -0.006111373 -0.019428806 -1.797767162 0.006143753 0.999979854 0.001607431 -4.518368244 0.019418593 -0.001726463 0.999810100 220.458587646
0.999734104 -0.006169999 -0.022219140 -1.824546337 0.006209895 0.999979258 0.001727091 -4.537991047 0.022208022 -0.001864610 0.999751627 221.436157227
0.999660134 -0.005576649 -0.025464781 -1.847187519 0.005623971 0.999982595 0.001787020 -4.552964687 0.025454374 -0.001929625 0.999674141 222.372711182
0.999587178 -0.005420541 -0.028215986 -1.882236958 0.005472627 0.999983490 0.001769051 -4.577303886 0.028205935 -0.001922737 0.999600351 223.293060303
0.999491572 -0.005453462 -0.031414036 -1.908404350 0.005498759 0.999983907 0.001355768 -4.604972839 0.031406138 -0.001527817 0.999505520 224.215255737
0.999371707 -0.005749149 -0.034974303 -1.938726902 0.005757000 0.999983430 0.000123771 -4.617659569 0.034973010 -0.000325040 0.999388218 225.091720581
0.999276042 -0.004491217 -0.037782051 -1.981877327 0.004507258 0.999989748 0.000339385 -4.640987396 0.037780151 -0.000509432 0.999285936 225.936737061
0.999154270 -0.004227708 -0.040899888 -2.020137310 0.004220498 0.999991059 -0.000262616 -4.662060261 0.040900636 0.000089777 0.999163210 226.761962891
0.999065518 -0.002601472 -0.043142628 -2.063937187 0.002573415 0.999996424 -0.000705878 -4.676963329 0.043144304 0.000594194 0.999068677 227.570816040
0.999027491 -0.001901565 -0.044050228 -2.100078106 0.001893219 0.999998331 -0.000231164 -4.693778515 0.044050578 0.000147543 0.999029279 228.364791870
0.999043107 -0.000208640 -0.043735866 -2.138857365 0.000263499 0.999999166 0.001248547 -4.721358299 0.043735571 -0.001258877 0.999042332 229.145614624
0.999053776 -0.000305927 -0.043490682 -2.170323849 0.000385980 0.999998212 0.001832310 -4.738313675 0.043490052 -0.001847363 0.999052167 229.903640747
0.999063551 -0.000569933 -0.043261509 -2.203886986 0.000632161 0.999998808 0.001424746 -4.752943993 0.043260638 -0.001450760 0.999062896 230.647247314
0.999078631 -0.000075091 -0.042916890 -2.236910820 0.000060491 0.999999881 -0.000341494 -4.769997597 0.042916909 0.000338584 0.999078512 231.380020142
0.999115050 -0.000016231 -0.042060181 -2.269470215 -0.000086960 0.999997020 -0.002451590 -4.786127090 0.042060100 0.002453080 0.999112070 232.104827881
0.999162614 0.000262194 -0.040913370 -2.300881863 -0.000413933 0.999993145 -0.003700366 -4.805121422 0.040912110 0.003714203 0.999155939 232.841857910
0.999228060 0.000669718 -0.039278459 -2.334394932 -0.000843150 0.999989986 -0.004399050 -4.817215919 0.039275117 0.004428770 0.999218643 233.553939819
0.999291420 0.000287503 -0.037636776 -2.363576889 -0.000454429 0.999990106 -0.004426706 -4.835530281 0.037635129 0.004440673 0.999281704 234.265686035
0.999363184 -0.000096445 -0.035682984 -2.394381523 -0.000067433 0.999989390 -0.004591382 -4.850098133 0.035683051 0.004590864 0.999352574 234.985748291
0.999428749 0.000012274 -0.033796865 -2.420598984 -0.000175139 0.999988377 -0.004815989 -4.865185261 0.033796411 0.004819157 0.999417067 235.701400757
0.999494314 -0.000439262 -0.031794846 -2.441727638 0.000281980 0.999987662 -0.004951062 -4.887154102 0.031796623 0.004939593 0.999482095 236.400253296
0.999583066 -0.000429698 -0.028870158 -2.466996670 0.000308787 0.999991179 -0.004192387 -4.905775070 0.028871698 0.004181725 0.999574363 237.105987549
0.999663711 -0.001514528 -0.025887925 -2.482463837 0.001419916 0.999992251 -0.003672701 -4.922623158 0.025893290 0.003634708 0.999658108 237.806472778
0.999736786 -0.002221239 -0.022834856 -2.499256849 0.002143125 0.999991775 -0.003444755 -4.936165333 0.022842320 0.003394910 0.999733269 238.509735107
0.999802649 -0.002486202 -0.019709252 -2.520372868 0.002422733 0.999991834 -0.003243466 -4.955203533 0.019717153 0.003195076 0.999800444 239.192733765
0.999851108 -0.003027113 -0.016988447 -2.529294968 0.002956668 0.999986947 -0.004170205 -4.962677956 0.017000848 0.004119354 0.999846935 239.882293701
0.999904394 -0.003419373 -0.013398944 -2.546515226 0.003367905 0.999986887 -0.003861951 -4.986422539 0.013411975 0.003816455 0.999902725 240.569900513
0.999940813 -0.002352048 -0.010617721 -2.556054115 0.002303376 0.999986827 -0.004593914 -5.001762390 0.010628387 0.004569185 0.999933064 241.250686646
0.999970496 -0.002014703 -0.007415025 -2.565745831 0.001974448 0.999983251 -0.005432043 -5.009971619 0.007425847 0.005417241 0.999957740 241.922149658
0.999987960 -0.001709907 -0.004602431 -2.571116924 0.001688869 0.999988139 -0.004571138 -5.029677868 0.004610193 0.004563310 0.999978960 242.640945435
0.999996662 -0.001551018 -0.002070456 -2.575305462 0.001542438 0.999990225 -0.004139184 -5.041864395 0.002076855 0.004135977 0.999989271 243.341888428
0.999998271 -0.001836769 0.000390213 -2.581959486 0.001838363 0.999989808 -0.004120755 -5.058473110 -0.000382640 0.004121464 0.999991417 244.044326782
0.999995828 -0.001832171 0.002197187 -2.576382875 0.001844937 0.999981344 -0.005822346 -5.072678089 -0.002186479 0.005826374 0.999980569 244.746231079
0.999988198 -0.002373489 0.004231492 -2.579227209 0.002406467 0.999966621 -0.007805419 -5.090600491 -0.004212825 0.007815508 0.999960542 245.449066162
0.999984145 -0.003224457 0.004619295 -2.571936846 0.003270334 0.999944985 -0.009958543 -5.103503704 -0.004586930 0.009973492 0.999939740 246.170486450
0.999985874 -0.002560575 0.004656733 -2.570608377 0.002608544 0.999943316 -0.010324479 -5.120836258 -0.004630032 0.010336480 0.999935806 246.891723633
0.999980450 -0.003912906 0.004869788 -2.572342873 0.003964540 0.999935567 -0.010638896 -5.140674591 -0.004827845 0.010657995 0.999931514 247.625030518
0.999936461 0.009586825 0.005944212 -2.558793545 -0.009520685 0.999893546 -0.011057089 -5.160259247 -0.006049583 0.010999794 0.999921203 248.321182251
0.999938965 0.009118180 0.006226073 -2.560658932 -0.009045860 0.999892414 -0.011546673 -5.179505348 -0.006330687 0.011489649 0.999913990 249.069381714
0.999949574 0.007771057 0.006380047 -2.557088852 -0.007683966 0.999878466 -0.013563727 -5.195948124 -0.006484677 0.013514019 0.999887645 249.830215454
0.999969244 0.004114118 0.006676649 -2.555888891 -0.004010262 0.999871850 -0.015494911 -5.220214844 -0.006739541 0.015467661 0.999857664 250.570816040
0.999925733 -0.010183271 0.006686312 -2.559915781 0.010290533 0.999815702 -0.016208120 -5.242213249 -0.006520027 0.016275724 0.999846280 251.360733032
0.999947190 -0.007090183 0.007438292 -2.563335419 0.007183878 0.999894261 -0.012645755 -5.258979797 -0.007347844 0.012698526 0.999892294 252.126815796
0.999925017 0.008629065 0.008689156 -2.546738148 -0.008571692 0.999941349 -0.006618543 -5.276221752 -0.008745758 0.006543566 0.999940336 252.893875122
0.999925256 0.007961658 0.009276686 -2.541149378 -0.007932945 0.999963641 -0.003127852 -5.294500351 -0.009301253 0.003054027 0.999952078 253.681961060
0.999911964 0.006930462 0.011305644 -2.521458387 -0.006873801 0.999963641 -0.005042886 -5.316497326 -0.011340182 0.004964729 0.999923348 254.468994141
0.999858975 0.007713543 0.014912611 -2.506555557 -0.007547831 0.999909461 -0.011136584 -5.334345818 -0.014997163 0.011022455 0.999826729 255.253082275
0.999759555 0.008963214 0.020012120 -2.524014950 -0.008666843 0.999852061 -0.014847606 -5.347757339 -0.020142242 0.014670595 0.999689400 256.073272705
0.999679208 0.010664065 0.022972325 -2.512905121 -0.010338556 0.999845028 -0.014242174 -5.373263359 -0.023120645 0.014000105 0.999634683 256.890258789
0.999622524 0.008481600 0.026130527 -2.476932526 -0.008179948 0.999898851 -0.011629466 -5.400727272 -0.026226521 0.011411332 0.999590933 257.718750000
0.999522209 0.007268271 0.030039141 -2.473929405 -0.006991980 0.999932289 -0.009292530 -5.410658836 -0.030104654 0.009078057 0.999505460 258.550537109
0.999452531 0.004361858 0.032795276 -2.447505951 -0.004117688 0.999963343 -0.007509151 -5.437364101 -0.032826826 0.007370000 0.999433875 259.377929688
0.999338150 0.006723436 0.035749376 -2.414849281 -0.006452527 0.999949634 -0.007687944 -5.441748619 -0.035799265 0.007452182 0.999331236 260.231506348
0.999231577 0.007649523 0.038440671 -2.380286217 -0.007296368 0.999930024 -0.009318952 -5.476453781 -0.038509261 0.009031313 0.999217451 261.093170166
0.999147594 0.008567651 0.040381201 -2.351860046 -0.008119286 0.999903798 -0.011254234 -5.502128601 -0.040473722 0.010916773 0.999120951 261.907836914
0.999036372 0.010899041 0.042512804 -2.326428413 -0.010379534 0.999868929 -0.012421679 -5.506510735 -0.042642616 0.011968449 0.999018610 262.756500244
0.998931766 0.011406532 0.044777408 -2.286831856 -0.010952166 0.999886096 -0.010379444 -5.527281284 -0.044890702 0.009877948 0.998943031 263.603240967
0.998712540 0.013750972 0.048828136 -2.267162323 -0.013338454 0.999872625 -0.008764183 -5.547756195 -0.048942436 0.008101609 0.998768687 264.451080322
0.998577297 0.013913509 0.051478721 -2.231727600 -0.013477600 0.999870420 -0.008805222 -5.571346283 -0.051594563 0.008098884 0.998635292 265.295471191
0.998422742 0.014567931 0.054220639 -2.185980797 -0.014048593 0.999851823 -0.009947130 -5.582061768 -0.054357514 0.009169715 0.998479426 266.151123047
0.998336494 0.013576777 0.056036800 -2.120276451 -0.012987688 0.999856651 -0.010863421 -5.596899509 -0.056176256 0.010117562 0.998369575 267.020294189
0.998226881 0.009618776 0.058743447 -2.089744568 -0.009078624 0.999914050 -0.009455104 -5.631067753 -0.058829349 0.008905030 0.998228312 267.846801758
0.998190582 0.009181488 0.059425302 -2.039983749 -0.008609887 0.999914169 -0.009867744 -5.647704124 -0.059510805 0.009338243 0.998184025 268.698303223
0.998143792 0.008329561 0.060328487 -1.994256973 -0.007755701 0.999922454 -0.009740136 -5.673042297 -0.060404934 0.009254167 0.998131037 269.545593262
0.998114765 0.007349974 0.060932755 -1.949296951 -0.006800617 0.999934316 -0.009218287 -5.702456474 -0.060996510 0.008786526 0.998099327 270.401184082
0.998259962 0.007105832 0.058536477 -1.868058205 -0.006630504 0.999943495 -0.008310379 -5.730622292 -0.058592226 0.007907793 0.998250663 271.282318115
0.998289704 0.007719137 0.057947848 -1.817407608 -0.007286828 0.999944031 -0.007667878 -5.753541946 -0.058003794 0.007232508 0.998290181 272.147857666
0.998356462 0.008099478 0.056734163 -1.774779320 -0.007585862 0.999928236 -0.009262587 -5.764090538 -0.056805119 0.008816985 0.998346329 272.995178223
0.998457730 0.007088471 0.055063758 -1.734491348 -0.006603690 0.999937832 -0.008980988 -5.805603981 -0.055124003 0.008603512 0.998442411 273.850341797
0.998529017 0.008390219 0.053566884 -1.693801880 -0.007857336 0.999917507 -0.010150880 -5.822362900 -0.053647641 0.009715055 0.998512626 274.703857422
0.998565316 0.010391804 0.052529845 -1.663360596 -0.009824959 0.999890745 -0.011037708 -5.837729454 -0.052638818 0.010505769 0.998558402 275.548400879
0.998677492 0.011180199 0.050182249 -1.614275932 -0.010644832 0.999883652 -0.010922975 -5.869595528 -0.050298538 0.010374349 0.998680353 276.420806885
0.998761058 0.012278478 0.048224002 -1.579950333 -0.011789337 0.999876261 -0.010414432 -5.886705399 -0.048345905 0.009833001 0.998782277 277.272583008
0.998900175 0.011994281 0.045327350 -1.546748161 -0.011585927 0.999890029 -0.009261017 -5.910606384 -0.045433439 0.008725673 0.998929203 278.136596680
0.999094486 0.010475328 0.041238308 -1.523805618 -0.010207186 0.999925435 -0.006707506 -5.936737537 -0.041305494 0.006280504 0.999126792 278.972961426
0.999292076 0.009393675 0.036428127 -1.488803864 -0.009229611 0.999946594 -0.004669334 -5.959799290 -0.036470044 0.004329813 0.999325335 279.830718994
0.999455154 0.008620573 0.031859078 -1.477968216 -0.008517972 0.999958098 -0.003354763 -5.983099937 -0.031886660 0.003081561 0.999486685 280.667907715
0.999593019 0.009116274 0.027029188 -1.451886654 -0.009040704 0.999954879 -0.002916790 -5.994409084 -0.027054559 0.002671239 0.999630392 281.488006592
0.999714732 0.008566690 0.022289265 -1.439121246 -0.008511471 0.999960482 -0.002571063 -6.010385036 -0.022310410 0.002380615 0.999748290 282.298553467
0.999818861 0.006918358 0.017728629 -1.429090023 -0.006882914 0.999974191 -0.002059408 -6.029177666 -0.017742416 0.001937010 0.999840736 283.103363037
0.999882758 0.006573825 0.013829965 -1.428091526 -0.006546634 0.999976575 -0.002010392 -6.052939415 -0.013842856 0.001919616 0.999902308 283.880676270
0.999925673 0.007187981 0.009838988 -1.424970388 -0.007162978 0.999970973 -0.002574016 -6.065680981 -0.009857207 0.002503348 0.999948263 284.656158447
0.999957323 0.007282395 0.005667435 -1.418268800 -0.007267230 0.999970019 -0.002691746 -6.081599712 -0.005686869 0.002650445 0.999980330 285.414825439
