0.999122560 0.001993379 -0.041833263 -0.052716963 -0.002135732 0.999992073 -0.003358444 -0.004154185 0.041826244 0.003444841 0.999118984 0.483756304
0.998491943 0.001925771 -0.054863192 -0.078817338 -0.002148750 0.999989629 -0.004005581 -0.005669667 0.054854915 0.004117428 0.998485863 0.599461734
0.997367024 0.001602656 -0.072501384 -0.020286737 -0.001928841 0.999988317 -0.004429223 -0.000938917 0.072493427 0.004557406 0.997358441 0.172753841
0.995926738 0.000463668 -0.090164900 -0.125227988 -0.000842058 0.999991000 -0.004158651 -0.007339491 0.090162143 0.004217636 0.995918155 0.881171107
0.993935704 -0.000660240 -0.109960437 -0.160659656 0.000167796 0.999989927 -0.004487567 -0.007854475 0.109962299 0.004441904 0.993925750 1.033499718
0.990977049 -0.001518938 -0.134023100 -0.060252260 0.000836098 0.999986410 -0.005151074 -0.003394994 0.134029105 0.004992540 0.990964830 0.401703447
0.987537801 0.002302906 -0.157365203 -0.126004562 -0.003336258 0.999974668 -0.006302750 -0.008726980 0.157346666 0.006749214 0.987520456 0.823122144
0.983348787 0.006923852 -0.181596413 -0.315815985 -0.008454154 0.999934971 -0.007654218 -0.023104232 0.181531593 0.009062012 0.983343363 1.519263744
0.977847159 0.009291533 -0.209114015 -0.235292569 -0.011297237 0.999900877 -0.008399045 -0.019928591 0.209015295 0.010575391 0.977855146 1.170948148
0.971266210 0.009919440 -0.237788394 -0.413317621 -0.012342501 0.999885976 -0.008703308 -0.031206455 0.237674952 0.011388135 0.971278012 1.746520877
0.963097811 0.011733232 -0.268895566 -0.447840571 -0.014638524 0.999854207 -0.008801962 -0.030350182 0.268753022 0.012413387 0.963129163 1.827442884
0.953786433 0.014192682 -0.300149888 -0.629861295 -0.017149780 0.999826908 -0.007219750 -0.038098674 0.299995303 0.012033604 0.953864872 2.232390642
0.942473829 0.016278038 -0.333883166 -0.702012300 -0.019292561 0.999797821 -0.005714560 -0.042183314 0.333722621 0.011827289 0.942597032 2.369543791
0.930049837 0.018221380 -0.366981417 -0.835273743 -0.021858858 0.999744534 -0.005758058 -0.039541781 0.366782755 0.013377078 0.930210471 2.597052813
0.916232586 0.020811632 -0.400105953 -0.913851678 -0.024926186 0.999676406 -0.005081872 -0.039819974 0.399870753 0.014629293 0.916454792 2.715276718
0.900202811 0.021819582 -0.434923977 -1.035176992 -0.026392667 0.999641657 -0.004476632 -0.040611904 0.434670478 0.015508684 0.900456190 2.897036314
0.881879330 0.017419916 -0.471153259 -1.125608683 -0.022492841 0.999733746 -0.005137805 -0.039877027 0.470938355 0.015128502 0.882036388 3.023444176
0.860706627 0.012444741 -0.508949101 -1.343649626 -0.017545868 0.999832451 -0.005224860 -0.045930900 0.508798838 0.013427025 0.860780656 3.320034504
0.835832059 0.014016746 -0.548806310 -1.498382330 -0.018066768 0.999834895 -0.001979481 -0.051460579 0.548687875 0.011569664 0.835947156 3.490158558
0.806890070 0.019693146 -0.590373218 -1.684166551 -0.022919437 0.999735296 0.002023241 -0.056884199 0.590256751 0.011898490 0.807127833 3.660851479
0.774328351 0.022784915 -0.632373631 -1.847696424 -0.026442716 0.999643743 0.003639384 -0.056649152 0.632231236 0.013903601 0.774654925 3.805926561
0.738506675 0.022374460 -0.673874795 -2.088021755 -0.025750216 0.999656200 0.004971332 -0.066154055 0.673754334 0.013681063 0.738828719 3.991706610
0.698633492 0.018391527 -0.715243340 -2.277291775 -0.019920679 0.999782085 0.006249995 -0.066344813 0.715202332 0.009881677 0.698847592 4.140759945
0.656641781 0.014497939 -0.754063129 -2.547790051 -0.014459684 0.999873340 0.006632430 -0.064299501 0.754063785 0.006548385 0.656768382 4.315036774
0.611862481 0.014249574 -0.790835738 -2.787651539 -0.011889605 0.999890327 0.008817519 -0.064166620 0.790874660 0.004007614 0.611964941 4.453378677
0.564682543 0.014644861 -0.825178206 -3.047777653 -0.009502180 0.999891639 0.011243097 -0.058993559 0.825253487 0.001492211 0.564760566 4.532815456
0.512278318 0.015018088 -0.858688116 -3.321047306 -0.007171484 0.999887049 0.013209214 -0.057330184 0.858789563 -0.000608727 0.512328148 4.670614243
0.462058783 0.018054852 -0.886665404 -3.579780817 -0.008574330 0.999836981 0.015891070 -0.040574305 0.886807859 0.000259954 0.462138355 4.647509575
0.408264995 0.020191126 -0.912639976 -3.906581640 -0.007127016 0.999795377 0.018931100 -0.038150854 0.912835598 -0.001224505 0.408325344 4.737201214
0.352153659 0.022426935 -0.935673535 -4.267958641 -0.006864478 0.999747872 0.021379178 -0.032615326 0.935917020 -0.001105844 0.352218807 4.834047794
0.296534032 0.025315164 -0.954686761 -4.650625706 -0.004357634 0.999674022 0.025154565 -0.027298436 0.955012321 -0.003299010 0.296547711 4.916166306
0.243319705 0.027603785 -0.969553232 -5.034058571 -0.000248138 0.999596715 0.028396867 -0.028288320 0.969946086 -0.006668934 0.243228406 4.972947121
0.192602873 0.028081987 -0.980874836 -5.472445488 0.002415698 0.999573827 0.029091669 -0.023060098 0.981273830 -0.007972637 0.192452967 5.016069412
0.144825324 0.029097008 -0.989029229 -5.870498657 0.000233285 0.999566615 0.029441167 -0.016109452 0.989457190 -0.004494553 0.144755706 5.038231850
0.102289855 0.028912906 -0.994334459 -6.348239899 -0.001425391 0.999580681 0.028918823 0.001371965 0.994753659 -0.001540786 0.102288187 5.049387932
0.064215392 0.027770184 -0.997549593 -6.775272369 -0.002022647 0.999614239 0.027697455 0.007985458 0.997934043 0.000239087 0.064246774 5.047257423
0.028897423 0.024773281 -0.999275327 -7.285498142 -0.001480677 0.999692798 0.024740815 0.020356566 0.999581337 0.000764659 0.028925207 5.043694973
-0.001629512 0.022340640 -0.999749064 -7.744778156 -0.000256043 0.999750376 0.022341087 0.023850337 0.999998629 0.000292383 -0.001623385 5.013163090
-0.028502995 0.020417292 -0.999385118 -8.253241539 -0.000659498 0.999790728 0.020444386 0.032221526 0.999593437 0.001241819 -0.028483566 4.981885433
-0.049510609 0.017952668 -0.998612285 -8.825326920 -0.001037954 0.999836981 0.018026147 0.046106450 0.998773098 0.001929000 -0.049483903 4.941745758
-0.065507241 0.017090848 -0.997705817 -9.308079720 -0.000667869 0.999852359 0.017171472 0.056319065 0.997851789 0.001791192 -0.065486163 4.888478756
-0.078451090 0.017572153 -0.996763051 -9.864356995 0.000319654 0.999845147 0.017601324 0.065390855 0.996917903 0.001062225 -0.078444541 4.833493233
-0.088100277 0.018491479 -0.995939970 -10.434956551 -0.000422710 0.999826849 0.018601047 0.071311578 0.996111512 0.002059750 -0.088077217 4.774875641
-0.095120080 0.019637749 -0.995272040 -11.053793907 -0.002790655 0.999796212 0.019993724 0.073973119 0.995461941 0.004679266 -0.095045902 4.710796833
-0.099358596 0.020911377 -0.994831979 -11.619687080 -0.002091045 0.999772549 0.021224065 0.079658672 0.995049477 0.004189032 -0.099292263 4.647005558
-0.100159645 0.021586495 -0.994737208 -12.294341087 -0.000378965 0.999763727 0.021733731 0.093511835 0.994971275 0.002553814 -0.100127801 4.569051743
-0.099760428 0.023806024 -0.994726658 -12.873327255 0.002102119 0.999716520 0.023714626 0.099738479 0.995009243 0.000274746 -0.099782199 4.523546696
-0.098048717 0.026360145 -0.994832397 -13.554243088 0.001413208 0.999651849 0.026348561 0.104181409 0.995180607 0.001177538 -0.098051831 4.451921940
-0.096637480 0.026105868 -0.994977236 -14.185884476 -0.000804921 0.999653578 0.026306745 0.116832793 0.995319307 0.003343096 -0.096582994 4.388623238
-0.095051050 0.023197018 -0.995202005 -14.885635376 -0.002589344 0.999719262 0.023549613 0.129409403 0.995468974 0.004815336 -0.094964303 4.325515747
-0.093722969 0.023593171 -0.995318711 -15.555148125 -0.002957260 0.999708116 0.023975685 0.138484225 0.995593905 0.005190489 -0.093625866 4.255219936
-0.091625258 0.026211020 -0.995448411 -16.298913956 -0.002728950 0.999643087 0.026572652 0.155472457 0.995789826 0.005151255 -0.091521040 4.182606220
-0.090352289 0.029675696 -0.995467663 -16.983442307 -0.003396125 0.999540985 0.030105369 0.167413980 0.995904088 0.006100824 -0.090210006 4.129727364
-0.088387638 0.031986743 -0.995572448 -17.770595551 -0.003700441 0.999466836 0.032440398 0.176626176 0.996079326 0.006551388 -0.088222146 4.050320148
-0.086660653 0.031312149 -0.995745659 -18.471065521 -0.006209828 0.999469519 0.031969700 0.186326265 0.996218503 0.008953924 -0.086420238 3.993576288
-0.084966339 0.028290486 -0.995982111 -19.264329910 -0.008238834 0.999542713 0.029094469 0.206005037 0.996349812 0.010677781 -0.084694393 3.923272610
-0.083705105 0.027507020 -0.996110857 -20.010232925 -0.009142040 0.999555707 0.028370366 0.221509576 0.996448636 0.011481225 -0.083416440 3.862927437
-0.082690775 0.029616036 -0.996135056 -20.828096390 -0.006814892 0.999518156 0.030282333 0.237679034 0.996551931 0.009292623 -0.082449108 3.804852962
-0.081155278 0.032064587 -0.996185541 -21.576942444 -0.004076860 0.999463320 0.032502212 0.250088334 0.996693134 0.006699035 -0.080980994 3.739823341
-0.079955868 0.033550508 -0.996233582 -22.403347015 -0.003495992 0.999417841 0.033938322 0.268953085 0.996792316 0.006196393 -0.079792015 3.677368402
-0.079131424 0.029067565 -0.996440291 -23.172039032 -0.003251076 0.999561906 0.029416809 0.278903008 0.996859014 0.005567298 -0.079002254 3.611753464
-0.078736693 0.022096330 -0.996650517 -24.001296997 -0.002090844 0.999748409 0.022330193 0.287759840 0.996893287 0.003842046 -0.078670688 3.538707733
-0.079204202 0.017437335 -0.996705949 -24.785449982 0.001503711 0.999847949 0.017372811 0.304834962 0.996857226 -0.000122759 -0.079218365 3.491894960
-0.079828903 0.018161265 -0.996643126 -25.622301102 0.002279464 0.999834716 0.018036842 0.317016542 0.996805906 -0.000831951 -0.079857104 3.429518938
-0.079897009 0.025836803 -0.996468186 -26.455099106 0.002148929 0.999666333 0.025747415 0.320043653 0.996800840 -0.000084197 -0.079925865 3.356396675
-0.080556005 0.032695685 -0.996213675 -27.313316345 0.001029325 0.999464095 0.032719128 0.335958421 0.996749640 0.001610295 -0.080546491 3.282993555
-0.080724895 0.038214169 -0.996003568 -28.133504868 -0.000935426 0.999261320 0.038414996 0.344829857 0.996735990 0.004032735 -0.080629535 3.215360403
-0.080826670 0.038505308 -0.995984137 -28.982885361 -0.002391537 0.999243021 0.038825389 0.362887919 0.996725261 0.005520062 -0.080673426 3.134227514
-0.081233621 0.035141431 -0.996075392 -29.802427292 -0.002910848 0.999365628 0.035494905 0.371707022 0.996690869 0.005782805 -0.081079796 3.068843842
-0.081533939 0.032340124 -0.996145725 -30.648832321 -0.002434732 0.999463975 0.032647133 0.393747509 0.996667683 0.005087197 -0.081411481 2.991220474
-0.082002640 0.033601694 -0.996065497 -31.471122742 -0.004921905 0.999405622 0.034119565 0.401179612 0.996620059 0.007700433 -0.081788525 2.928339720
-0.081588931 0.036183015 -0.996008992 -32.319049835 -0.006143340 0.999303520 0.036805931 0.409663081 0.996647179 0.009121778 -0.081309825 2.845050335
-0.081857353 0.034784250 -0.996036887 -33.138881683 -0.006397341 0.999351799 0.035425771 0.421733260 0.996623516 0.009271846 -0.081581749 2.785769939
-0.080955133 0.029489473 -0.996281385 -33.974033356 -0.007863807 0.999512255 0.030224096 0.437259614 0.996686637 0.010281362 -0.080683738 2.702864885
-0.081323676 0.025056601 -0.996372759 -34.786026001 -0.008476528 0.999630332 0.025830377 0.454311043 0.996651709 0.010546403 -0.081081226 2.645340919
-0.081079431 0.025972560 -0.996369183 -35.616977692 -0.008461927 0.999606371 0.026745534 0.460294127 0.996671796 0.010599712 -0.080827743 2.577036619
-0.080669247 0.028340729 -0.996337950 -36.451171875 -0.006996696 0.999554932 0.028998731 0.471027911 0.996716380 0.009310380 -0.080435045 2.515303135
-0.080504276 0.032898601 -0.996211171 -37.273883820 -0.006400524 0.999417543 0.033521708 0.489655077 0.996733725 0.009074913 -0.080246799 2.454149246
-0.079342142 0.039073430 -0.996081471 -38.090827942 -0.006494255 0.999189973 0.039712675 0.494930148 0.996826291 0.009619696 -0.079024121 2.378291845
-0.080133401 0.041911159 -0.995902658 -38.923221588 -0.006065777 0.999076724 0.042532798 0.518976331 0.996765673 0.009449222 -0.079805203 2.323014259
-0.079959996 0.041809380 -0.995920837 -39.723125458 -0.005432651 0.999086797 0.042378463 0.537758470 0.996783257 0.008799072 -0.079659849 2.257265568
-0.080114231 0.037356913 -0.996085405 -40.560932159 -0.005626936 0.999264598 0.037928719 0.556344390 0.996769905 0.008643534 -0.079845123 2.196311951
-0.079440400 0.032899760 -0.996296585 -41.386371613 -0.006830594 0.999413848 0.033547334 0.572029412 0.996816158 0.009470310 -0.079169124 2.118398905
-0.079334244 0.030610239 -0.996378005 -42.202587128 -0.010772157 0.999443769 0.031562131 0.582543910 0.996789873 0.013237101 -0.078960359 2.046728134
-0.079878636 0.028789362 -0.996388793 -43.028564453 -0.014060597 0.999450862 0.030005053 0.594652832 0.996705413 0.016406585 -0.079429947 1.970792770
-0.080745779 0.026403604 -0.996384919 -43.843441010 -0.011340958 0.999559999 0.027406795 0.611395240 0.996670187 0.013512943 -0.080410801 1.904868364
-0.082036920 0.022888146 -0.996366441 -44.636997223 -0.008179138 0.999687016 0.023637872 0.615504801 0.996595681 0.010088597 -0.081824042 1.851738930
-0.082689710 0.021445680 -0.996344626 -45.465751648 -0.003637383 0.999755144 0.021820972 0.623273134 0.996568739 0.005428455 -0.082591467 1.775240421
-0.084794693 0.025195450 -0.996079862 -46.250324249 -0.003198873 0.999668241 0.025558531 0.627824247 0.996393323 0.005353561 -0.084685959 1.721281767
-0.086582504 0.031559810 -0.995744646 -47.074874878 -0.000832280 0.999495447 0.031751059 0.632486463 0.996244311 0.003577826 -0.086512528 1.645172119
-0.088587694 0.035365500 -0.995440423 -47.893402100 0.001188641 0.999372542 0.035399426 0.645841956 0.996067703 0.001952733 -0.088574141 1.576582432
-0.090352789 0.034185853 -0.995323002 -48.667339325 0.001625246 0.999414384 0.034178846 0.657086253 0.995908439 0.001470509 -0.090355448 1.517960548
-0.090891950 0.030523788 -0.995392859 -49.459362030 -0.002201367 0.999521554 0.030851418 0.662671566 0.995858312 0.004995371 -0.090781286 1.426368713
-0.092878699 0.026814815 -0.995316327 -50.257053375 -0.006592534 0.999598801 0.027545385 0.671094060 0.995655656 0.009120036 -0.092664666 1.351801872
-0.094185561 0.025215177 -0.995235324 -51.017490387 -0.010707749 0.999595761 0.026338996 0.684871852 0.995497048 0.013137479 -0.093877494 1.279942036
-0.095518120 0.025912616 -0.995090365 -51.816593170 -0.011805253 0.999561369 0.027162224 0.696891069 0.995357573 0.014341781 -0.095170319 1.194732189
-0.096538201 0.027963195 -0.994936466 -52.580703735 -0.011455176 0.999507844 0.029203173 0.696126580 0.995263517 0.014216391 -0.096170366 1.130588531
-0.097147919 0.027499907 -0.994889915 -53.363567352 -0.014043234 0.999480784 0.028998084 0.703858614 0.995170951 0.016788576 -0.096711293 1.040594578
-0.098347932 0.027399842 -0.994774818 -54.120002747 -0.014283734 0.999479055 0.028941570 0.707705975 0.995049596 0.017055443 -0.097905345 0.979935646
-0.099354163 0.028921530 -0.994631767 -54.857990265 -0.011551819 0.999476731 0.030216331 0.722960234 0.994985163 0.014491923 -0.098968066 0.914227962
-0.099965975 0.031681672 -0.994486332 -55.636245728 -0.010697944 0.999400914 0.032913599 0.736014843 0.994933307 0.013929199 -0.099567175 0.845803738
-0.100234091 0.035692561 -0.994323432 -56.395336151 -0.011167184 0.999253094 0.036995236 0.750952363 0.994901180 0.014811975 -0.099760637 0.769781590
-0.101348072 0.038367167 -0.994111061 -57.112827301 -0.010756286 0.999155402 0.039658446 0.749060631 0.994792998 0.014712248 -0.100849792 0.708664894
-0.101965502 0.038124133 -0.994057119 -57.872810364 -0.010145250 0.999173522 0.039361004 0.765390873 0.994736254 0.014098424 -0.101494461 0.626910686
-0.102727816 0.036132548 -0.994053125 -58.605804443 -0.009411937 0.999260008 0.037294470 0.769679666 0.994664967 0.013187147 -0.102311730 0.554883003
-0.103498869 0.033307325 -0.994071722 -59.316265106 -0.009989052 0.999354005 0.034524329 0.773647428 0.994579375 0.013503066 -0.103099294 0.494023800
-0.103052586 0.029904194 -0.994226396 -59.959899902 -0.010480447 0.999459863 0.031147918 0.794285536 0.994620740 0.013629808 -0.102683514 0.431716919
-0.101918183 0.028100984 -0.994395792 -60.662620544 -0.011212605 0.999504924 0.029394574 0.792520523 0.994729698 0.014145608 -0.101552658 0.352178574
-0.099829473 0.026801648 -0.994643509 -61.353260040 -0.013375393 0.999510705 0.028275255 0.806477666 0.994914711 0.016126450 -0.099422142 0.282815456
-0.095757581 0.028141582 -0.995006919 -61.963848114 -0.013823705 0.999466300 0.029598080 0.806247950 0.995308697 0.016588921 -0.095317483 0.235309601
-0.090263993 0.029880764 -0.995469451 -62.618755341 -0.013475186 0.999421656 0.031221254 0.810373783 0.995826721 0.016232289 -0.089809120 0.180972576
-0.083485037 0.031006843 -0.996026516 -63.261352539 -0.012416710 0.999405861 0.032152787 0.819333434 0.996431708 0.015051648 -0.083050422 0.133392811
-0.074626073 0.032704584 -0.996675193 -63.890548706 -0.013505558 0.999337316 0.033803158 0.817793965 0.997120082 0.015983254 -0.074134931 0.086195946
-0.063714772 0.034229282 -0.997380972 -64.418235779 -0.015514382 0.999256849 0.035284750 0.828917027 0.997847557 0.017721906 -0.063136376 0.084930420
-0.049017474 0.035455387 -0.998168409 -65.010467529 -0.018655822 0.999162972 0.036406849 0.839267850 0.998623669 0.020406222 -0.048314989 0.061083794
-0.031289920 0.036637001 -0.998838723 -65.600669861 -0.020223005 0.999100208 0.037280109 0.848935723 0.999305785 0.021366006 -0.030520849 0.064721107
-0.009077359 0.037502356 -0.999255300 -66.077186584 -0.021035518 0.999068141 0.037686419 0.858368397 0.999737501 0.021361945 -0.008280019 0.066347122
0.016062211 0.037948813 -0.999150515 -66.606590271 -0.020243123 0.999087036 0.037620973 0.865634441 0.999665916 0.019621652 0.016815748 0.093470693
0.046199463 0.037247270 -0.998237610 -67.124694824 -0.019133313 0.999154329 0.036395963 0.877407193 0.998748958 0.017418118 0.046873052 0.125636101
0.078940839 0.036558934 -0.996208668 -67.544036865 -0.018044481 0.999215961 0.035239425 0.893945932 0.996715963 0.015194231 0.079538636 0.205854416
0.117039189 0.036830422 -0.992444098 -68.017814636 -0.017809683 0.999229252 0.034981918 0.901521683 0.992967546 0.013580859 0.117604919 0.278823376
0.158001781 0.037403606 -0.986730158 -68.465629578 -0.017809510 0.999227762 0.035025567 0.895784259 0.987278223 0.012039080 0.158545882 0.375019073
0.203411654 0.038000990 -0.978355646 -68.896018982 -0.016651345 0.999236286 0.035350032 0.904414773 0.978951693 0.009100330 0.203889072 0.481589317
0.250647277 0.037129480 -0.967366159 -69.207656860 -0.012656300 0.999304473 0.035076059 0.894560218 0.967995703 0.003451563 0.250942886 0.610685349
0.300804019 0.032476269 -0.953132927 -69.602317810 -0.005488863 0.999462366 0.032322600 0.895869970 0.953670144 -0.004491151 0.300820559 0.774686813
0.351604372 0.027068371 -0.935757279 -69.954711914 -0.000000349 0.999581873 0.028914478 0.898688912 0.936148703 -0.010166127 0.351457417 0.955585480
0.404211253 0.022175370 -0.914396882 -70.345504761 0.004637677 0.999643505 0.026292818 0.910968125 0.914653957 -0.014868527 0.403964311 1.168889999
0.454221278 0.021434123 -0.890631020 -70.664039612 0.004889440 0.999635458 0.026551059 0.918406665 0.890875459 -0.016414737 0.453950852 1.385168076
0.502474546 0.020369723 -0.864351988 -71.033493042 0.006479306 0.999605536 0.027323790 0.922584772 0.864567697 -0.019329909 0.502144396 1.637273788
0.546939015 0.015703674 -0.837025166 -71.323287964 0.014255017 0.999504387 0.028066676 0.930775821 0.837051094 -0.027282570 0.546444118 1.892679214
0.591487765 0.009839409 -0.806254029 -71.655273438 0.023652893 0.999283433 0.029547462 0.935809255 0.805966973 -0.036547199 0.590831220 2.191711426
0.633538246 0.004628540 -0.773697495 -71.914009094 0.025685286 0.999305069 0.027010471 0.934492767 0.773284912 -0.036984809 0.632979155 2.464160919
0.675311267 0.000245028 -0.737532794 -72.218536377 0.022150483 0.999541998 0.020613849 0.934126198 0.737200201 -0.030257471 0.674996674 2.780300140
0.715854168 -0.006525913 -0.698219180 -72.459396362 0.018313587 0.999787807 0.009431604 0.938792229 0.698009551 -0.019538555 0.715821743 3.077671051
0.755536556 -0.009836285 -0.655032516 -72.736808777 0.013940613 0.999902308 0.001064557 0.949630857 0.654958010 -0.009935869 0.755599856 3.439002991
0.793067455 -0.010555866 -0.609042346 -72.971549988 0.012177072 0.999924779 -0.001474171 0.945536196 0.609012067 -0.006247235 0.793136358 3.801342010
0.827421606 -0.011825513 -0.561456740 -73.223350525 0.012422984 0.999918997 -0.002752678 0.940813899 0.561443806 -0.004697343 0.827501535 4.239635468
0.859048188 -0.010163869 -0.511793852 -73.445999146 0.008605074 0.999948263 -0.005414622 0.945385396 0.511822462 0.000247399 0.859091222 4.648792267
0.885705471 -0.008004876 -0.464178681 -73.674697876 0.007147827 0.999967873 -0.003605832 0.929965556 0.464192659 -0.000124162 0.885734260 5.138259888
0.907351613 -0.002310324 -0.420366198 -73.856231689 0.001333806 0.999995649 -0.002616962 0.926639318 0.420370460 0.001813818 0.907350719 5.590545654
0.925460219 0.001895589 -0.378840148 -74.064949036 -0.003772262 0.999983966 -0.004211593 0.922678113 0.378826112 0.005326745 0.925452530 6.123020172
0.939520597 0.007099887 -0.342419118 -74.238555908 -0.008507797 0.999960423 -0.002609794 0.915947974 0.342387140 0.005365186 0.939543605 6.626607895
0.949876666 0.007584735 -0.312532842 -74.405357361 -0.008204156 0.999966145 -0.000666995 0.907597363 0.312517226 0.003197629 0.949906766 7.181226730
0.957545936 0.007003520 -0.288195640 -74.576293945 -0.007175705 0.999974191 0.000458967 0.905171156 0.288191378 0.001628523 0.957571507 7.788112640
0.963606894 0.007529548 -0.267217278 -74.716781616 -0.007052769 0.999971390 0.002743966 0.899143636 0.267230272 -0.000759484 0.963632345 8.338939667
0.968552232 0.009876788 -0.248614505 -74.887832642 -0.008920017 0.999947846 0.004974655 0.899666667 0.248650685 -0.002600567 0.968589723 8.989847183
0.972145438 0.015107273 -0.233891115 -75.021179199 -0.013914200 0.999880314 0.006750329 0.895341456 0.233965114 -0.003307895 0.972239375 9.578941345
0.975260377 0.018795161 -0.220259041 -75.183517456 -0.017451618 0.999815345 0.008044250 0.892904997 0.220369592 -0.004001363 0.975408196 10.255432129
0.978033960 0.017268497 -0.207729250 -75.299201965 -0.016018499 0.999842107 0.007698172 0.889745891 0.207829386 -0.004201563 0.978156030 10.873011589
0.980825067 0.017074212 -0.194140747 -75.436317444 -0.015964312 0.999846101 0.007280221 0.885886848 0.194235146 -0.004041299 0.980946720 11.585748672
0.983573377 0.017807670 -0.179628938 -75.550231934 -0.016672155 0.999830365 0.007829282 0.889332652 0.179737911 -0.004705872 0.983703256 12.234529495
0.985971153 0.019046683 -0.165825799 -75.673484802 -0.017932260 0.999805391 0.008215179 0.890059948 0.165950000 -0.005126297 0.986120880 12.989869118
0.988055468 0.019516151 -0.152857527 -75.778472900 -0.018902469 0.999806404 0.005467081 0.880518556 0.152934641 -0.002512395 0.988233089 13.652816772
0.989674568 0.019908667 -0.141942859 -75.890830994 -0.020063950 0.999798656 0.000337311 0.871770024 0.141920984 0.002514106 0.989874840 14.423099518
0.991033316 0.017694628 -0.132437825 -75.977096558 -0.018639950 0.999808788 -0.005901387 0.867089868 0.132308066 0.008317105 0.991173744 15.115687370
0.992013335 0.017223742 -0.124951571 -76.070152283 -0.018157728 0.999814987 -0.006339642 0.861141860 0.124819256 0.008557846 0.992142558 15.919420242
0.992865920 0.019729879 -0.117591329 -76.169189453 -0.019892806 0.999802053 -0.000211903 0.854282439 0.117563881 0.002549613 0.993061960 16.632663727
0.993404150 0.024516631 -0.112014249 -76.278816223 -0.023810185 0.999687195 0.007640320 0.841059268 0.112166531 -0.004922845 0.993677139 17.451858521
0.993806839 0.025202755 -0.108225010 -76.352050781 -0.024086265 0.999642491 0.011611445 0.833118558 0.108478956 -0.008932798 0.994058609 18.161895752
0.994244337 0.024366027 -0.104328059 -76.451866150 -0.023403790 0.999671698 0.010437602 0.825721562 0.104548119 -0.007935855 0.994488180 18.976564407
0.994503021 0.023888877 -0.101945706 -76.510559082 -0.023017524 0.999687850 0.009715216 0.819857895 0.102145970 -0.007315277 0.994742453 19.674600601
0.994803727 0.022760523 -0.099234305 -76.594688416 -0.021648778 0.999690413 0.012265842 0.811173320 0.099482760 -0.010053806 0.994988561 20.490610123
0.995081067 0.021160860 -0.096777432 -76.657104492 -0.019864580 0.999699831 0.014338492 0.807759702 0.097051799 -0.012345520 0.995202720 21.190355301
0.995370686 0.018254073 -0.094360664 -76.727264404 -0.016834019 0.999732971 0.015823491 0.809809923 0.094624341 -0.014161768 0.995412230 22.006084442
0.995690644 0.017443273 -0.091082148 -76.804084778 -0.016411433 0.999792576 0.012065423 0.805159926 0.091273718 -0.010518640 0.995770216 22.705411911
0.995773256 0.020548619 -0.089518212 -76.882865906 -0.020167246 0.999783337 0.005162795 0.796590924 0.089604884 -0.003335637 0.995971799 23.506776810
0.995912731 0.020650696 -0.087927647 -76.947006226 -0.020973550 0.999776244 -0.002749419 0.790655017 0.087851211 0.004582336 0.996123075 24.188882828
0.996016324 0.021471225 -0.086546704 -77.020103455 -0.022158246 0.999730051 -0.006985225 0.777666569 0.086373359 0.008875122 0.996223390 24.982374191
0.996149361 0.023064984 -0.084583782 -77.078697205 -0.023559706 0.999710739 -0.004855340 0.759563625 0.084447362 0.006829414 0.996404529 25.670043945
0.996263802 0.026673799 -0.082139589 -77.154151917 -0.026859814 0.999638557 -0.001160350 0.746597469 0.082078964 0.003362268 0.996620238 26.474792480
0.996372998 0.029686632 -0.079746723 -77.216270447 -0.029456846 0.999557853 0.004056525 0.734194160 0.079831883 -0.001692725 0.996806860 27.164815903
0.996636689 0.027751515 -0.077104867 -77.283729553 -0.027367858 0.999607205 0.006028206 0.720161021 0.077241875 -0.003897735 0.997004747 27.955928802
0.996793807 0.025091752 -0.075976804 -77.331367493 -0.024719171 0.999677539 0.005840446 0.712476492 0.076098844 -0.003943637 0.997092485 28.647232056
0.996965885 0.022703812 -0.074454941 -77.397972107 -0.022353524 0.999734879 0.005534769 0.705064535 0.074560866 -0.003853646 0.997208953 29.447645187
0.996990502 0.022624787 -0.074148841 -77.440132141 -0.022395775 0.999741495 0.003918690 0.692564189 0.074218333 -0.002246276 0.997239530 30.193422318
0.997077227 0.020309919 -0.073651575 -77.489288330 -0.020158179 0.999792814 0.002803097 0.684751213 0.073693253 -0.001310222 0.997280002 30.853960037
0.997124434 0.019516906 -0.073225521 -77.542610168 -0.019341426 0.999808073 0.003104856 0.671345651 0.073272049 -0.001679642 0.997310519 31.629167557
0.997129202 0.023329167 -0.072033077 -77.602317810 -0.023112480 0.999725521 0.003840346 0.671857774 0.072102882 -0.002164459 0.997394860 32.342014313
0.997153282 0.022588124 -0.071937479 -77.665824890 -0.022441968 0.999744117 0.002839467 0.661983490 0.071983211 -0.001216966 0.997405112 33.130485535
0.997029424 0.021461343 -0.073970839 -77.717002869 -0.021328283 0.999769211 0.002588380 0.656334460 0.074009307 -0.001003020 0.997257054 33.914192200
0.996952891 0.019554021 -0.075515434 -77.781349182 -0.019376220 0.999807477 0.003086538 0.649121165 0.075561255 -0.001613930 0.997139812 34.599769592
0.996653795 0.021585496 -0.078836292 -77.844955444 -0.021433659 0.999766409 0.002771792 0.641615987 0.078877710 -0.001072767 0.996883631 35.405811310
0.996353447 0.024391759 -0.081761010 -77.915229797 -0.024241589 0.999702096 0.002829037 0.626419187 0.081805669 -0.000836704 0.996647894 36.134971619
0.996131122 0.024516718 -0.084390156 -77.990570068 -0.024786770 0.999690413 -0.002153555 0.614626527 0.084311225 0.004236983 0.996430457 36.933910370
0.995885551 0.025196820 -0.087045841 -78.058212280 -0.025771499 0.999652803 -0.005484411 0.607470632 0.086877421 0.007705151 0.996189237 37.684871674
0.995760500 0.024434000 -0.088678926 -78.138427734 -0.025170011 0.999657273 -0.007190895 0.596708179 0.088472821 0.009392460 0.996034324 38.499397278
0.995513082 0.025027556 -0.091253981 -78.218696594 -0.025666261 0.999653578 -0.005832291 0.580516756 0.091076389 0.008148270 0.995810688 39.326599121
0.995352328 0.022916898 -0.093533754 -78.283576965 -0.023457827 0.999713778 -0.004687717 0.563055575 0.093399554 0.006860029 0.995604992 40.057331085
0.995146751 0.022813989 -0.095721178 -78.356544495 -0.023211399 0.999725938 -0.003040159 0.550825834 0.095625594 0.005247227 0.995403469 40.894157410
0.995087326 0.021722499 -0.096588969 -78.439926147 -0.021751307 0.999763250 0.000754777 0.540446162 0.096582495 0.001349867 0.995324016 41.668277740
0.994990826 0.021447659 -0.097638786 -78.526397705 -0.021026518 0.999764681 0.005340285 0.534834504 0.097730346 -0.003260531 0.995207548 42.527458191
0.995071888 0.021032760 -0.096899472 -78.606628418 -0.020385530 0.999762833 0.007664663 0.521929801 0.097037703 -0.005651543 0.995264709 43.319183350
0.995182693 0.024874967 -0.094829686 -78.694297791 -0.024224196 0.999674380 0.008007688 0.513402343 0.094998017 -0.005671939 0.995461345 44.192516327
0.995354712 0.023343327 -0.093402870 -78.768470764 -0.022841975 0.999718368 0.006433285 0.508838773 0.093526736 -0.004269894 0.995607615 44.976432800
0.995574653 0.021528717 -0.091475099 -78.849861145 -0.021258513 0.999766231 0.003927366 0.503516734 0.091538273 -0.001965361 0.995799601 45.846405029
0.995777547 0.016983287 -0.090214498 -78.920982361 -0.016819546 0.999855161 0.002575046 0.491846323 0.090245180 -0.001046807 0.995919049 46.649909973
0.995981514 0.015618023 -0.088187210 -78.999023438 -0.015455986 0.999877334 0.002520040 0.482090473 0.088215753 -0.001146893 0.996100724 47.532554626
0.996109664 0.013465166 -0.087087877 -79.084632874 -0.013099040 0.999902725 0.004774280 0.470791578 0.087143697 -0.003614939 0.996189177 48.422264099
0.996176362 0.010917409 -0.086680025 -79.139793396 -0.010320383 0.999919832 0.007332853 0.466584384 0.086753115 -0.006410244 0.996209204 49.172000885
0.996254504 0.009753589 -0.085917495 -79.215980530 -0.009115222 0.999927878 0.007819185 0.446827501 0.085987560 -0.007006743 0.996271551 50.043983459
0.996291041 0.011881174 -0.085223056 -79.282478333 -0.011570017 0.999924481 0.004144081 0.447969794 0.085265853 -0.003142679 0.996353328 50.857189178
0.996342301 0.013640584 -0.084354766 -79.367698669 -0.013808793 0.999903679 -0.001410929 0.432811499 0.084327400 0.002570606 0.996434867 51.721572876
0.996382773 0.016209863 -0.083418243 -79.446998596 -0.016884061 0.999830246 -0.007383015 0.420711577 0.083284400 0.008764748 0.996487260 52.589443207
0.996353090 0.019884607 -0.082978472 -79.508171082 -0.021022646 0.999696374 -0.012863677 0.402444661 0.082697488 0.014561187 0.996468306 53.330608368
0.996430278 0.019788442 -0.082068563 -79.586181641 -0.020941218 0.999693453 -0.013209532 0.371820092 0.081782013 0.014880991 0.996539116 54.191585541
0.996502519 0.016837113 -0.081848294 -79.655570984 -0.017500181 0.999819577 -0.007390512 0.359895408 0.081709094 0.008797027 0.996617317 55.058410645
0.996438026 0.016184643 -0.082761370 -79.712570190 -0.016147221 0.999869049 0.001121536 0.345275611 0.082768679 0.000218826 0.996568799 55.820178986
0.996343434 0.016448176 -0.083840758 -79.788017273 -0.015754791 0.999836087 0.008925230 0.322969139 0.083973818 -0.007571700 0.996439219 56.677757263
0.996130705 0.012759848 -0.086953096 -79.842643738 -0.012238187 0.999903917 0.006529793 0.321417570 0.087028056 -0.005440379 0.996190965 57.442916870
0.996003926 0.008318230 -0.088921644 -79.910736084 -0.008070372 0.999962568 0.003146527 0.308190405 0.088944487 -0.002416324 0.996033549 58.278873444
0.995737493 0.006696805 -0.091988258 -79.977645874 -0.006566090 0.999976933 0.001723569 0.293038368 0.091997668 -0.001112219 0.995758712 59.046798706
0.995478034 0.008439246 -0.094615199 -80.062789917 -0.008507229 0.999963701 -0.000315187 0.276861101 0.094609097 0.001118675 0.995513856 59.871784210
0.995151758 0.010143965 -0.097826533 -80.142936707 -0.010587103 0.999935865 -0.004011791 0.263271868 0.097779550 0.005028040 0.995195508 60.625705719
0.994712174 0.010957085 -0.102116399 -80.225502014 -0.011807646 0.999900341 -0.007728569 0.250897765 0.102021560 0.008893456 0.994742393 61.444976807
0.994366288 0.012501243 -0.105258375 -80.310844421 -0.013778226 0.999839962 -0.011413459 0.226776302 0.105098851 0.012799433 0.994379401 62.190216064
0.993953526 0.017280828 -0.108432516 -80.407218933 -0.018634392 0.999760449 -0.011482110 0.206872582 0.108208120 0.013433260 0.994037449 63.002059937
0.993454754 0.020730456 -0.112328991 -80.496017456 -0.021946931 0.999713063 -0.009603737 0.186601341 0.112097666 0.012006157 0.993624628 63.741950989
0.992915332 0.024026372 -0.116368882 -80.599250793 -0.024613446 0.999690533 -0.003610349 0.165187985 0.116246127 0.006449009 0.993199527 64.547676086
0.992425919 0.023688573 -0.120538875 -80.683425903 -0.023631550 0.999718845 0.001902715 0.149043605 0.120550051 0.000960217 0.992706776 65.283370972
0.991730571 0.023929927 -0.126086771 -80.781623840 -0.023409186 0.999710202 0.005610325 0.138405770 0.126184493 -0.002612342 0.992003322 66.071250916
0.990927994 0.023840554 -0.132263422 -80.882804871 -0.023253795 0.999711692 0.005979323 0.136703968 0.132367849 -0.002849451 0.991196513 66.782409668
0.990192652 0.020528466 -0.138192534 -80.994972229 -0.019301696 0.999761462 0.010211668 0.119734168 0.138369203 -0.007444167 0.990352750 67.563446045
0.989226997 0.022129361 -0.144707143 -81.100204468 -0.020966804 0.999734521 0.009554149 0.115225196 0.144880146 -0.006417175 0.989428401 68.247329712
0.988224685 0.026399199 -0.150715008 -81.230163574 -0.025366724 0.999639690 0.008769298 0.106850207 0.150892213 -0.004842890 0.988538384 69.022903442
0.987291515 0.028582498 -0.156328142 -81.351097107 -0.028139774 0.999591231 0.005044858 0.101365715 0.156408444 -0.000581706 0.987692297 69.695953369
0.986309648 0.026957585 -0.162685752 -81.477455139 -0.026991824 0.999633491 0.002000271 0.090747789 0.162680089 0.002418300 0.986675918 70.466827393
0.985360265 0.028153216 -0.168143943 -81.591995239 -0.028415194 0.999595821 0.000848268 0.083758228 0.168099880 0.003941994 0.985762000 71.122909546
0.984575033 0.030508716 -0.172282115 -81.742622375 -0.029942956 0.999534249 0.005882309 0.075386405 0.172381327 -0.000632940 0.985030055 71.884780884
0.983380020 0.031050842 -0.178884387 -81.861587524 -0.029736269 0.999507487 0.010026005 0.069577456 0.179107577 -0.004540017 0.983818948 72.557754517
0.982234299 0.030725783 -0.185126126 -82.009078979 -0.028905580 0.999503791 0.012523767 0.053394675 0.185419038 -0.006950094 0.982634902 73.309127808
0.980939031 0.028360549 -0.192234725 -82.137992859 -0.027219351 0.999592721 0.008575300 0.049675941 0.192399591 -0.003179344 0.981311500 73.968437195
0.979342043 0.025509838 -0.200594887 -82.294555664 -0.025843848 0.999665499 0.000953855 0.048120387 0.200552166 0.004249993 0.979673862 74.697418213
0.977443099 0.023071142 -0.209934592 -82.434082031 -0.023686364 0.999719262 -0.000416365 0.035878323 0.209866077 0.005379563 0.977715313 75.356849670
0.975126803 0.023032876 -0.220447421 -82.603462219 -0.022976575 0.999732018 0.002819840 0.023179024 0.220453277 0.002315426 0.975394785 76.081542969
0.972502172 0.022424787 -0.231812388 -82.761688232 -0.020980153 0.999742091 0.008695669 0.018243551 0.231947556 -0.003593096 0.972721756 76.746658325
0.969678402 0.024827689 -0.243120506 -82.954132080 -0.021564551 0.999638200 0.016074456 0.015565038 0.243431658 -0.010344266 0.969862878 77.458480835
0.966652274 0.025345840 -0.254835248 -83.129028320 -0.020968828 0.999582410 0.019878307 0.008446455 0.255232722 -0.013871814 0.966780066 78.134048462
0.963596404 0.028765833 -0.265809238 -83.338356018 -0.025563914 0.999552906 0.015498645 0.001733303 0.266136259 -0.008139312 0.963900983 78.823394775
0.960110903 0.028006496 -0.278213471 -83.547279358 -0.027424421 0.999605894 0.005984536 0.004860103 0.278271437 0.001884026 0.960500598 79.519020081
0.956519425 0.025411721 -0.290559530 -83.738540649 -0.026250619 0.999654830 0.001010900 0.005184323 0.290484995 0.006660423 0.956856310 80.140167236
0.952896535 0.024213580 -0.302327633 -83.969299316 -0.023551861 0.999705613 0.005834624 0.001415133 0.302379906 0.001560587 0.953186154 80.841804504
0.949065030 0.025410846 -0.314054072 -84.184661865 -0.022393227 0.999661982 0.013213103 -0.001573205 0.314283669 -0.005507410 0.949313164 81.506858826
0.945117891 0.025941923 -0.325698256 -84.440780640 -0.020861967 0.999600351 0.019080663 -0.011771679 0.326063097 -0.011238769 0.945281267 82.204643250
0.940796614 0.023133419 -0.338181525 -84.694778442 -0.018519986 0.999686301 0.016862618 -0.010548949 0.338465512 -0.009601175 0.940929890 82.904174805
0.936491311 0.020725524 -0.350077778 -84.925720215 -0.017643441 0.999772489 0.011991270 -0.002974391 0.350246578 -0.005053145 0.936643898 83.540016174
0.933257759 0.016892351 -0.358809948 -85.195800781 -0.016048705 0.999857128 0.005329712 -0.012972355 0.358848631 0.000784440 0.933395505 84.216918945
0.930398703 0.012511343 -0.366335601 -85.476676941 -0.013643265 0.999906838 -0.000500910 -0.019756179 0.366295129 0.005464058 0.930482686 84.913146973
0.927202046 0.012302082 -0.374359578 -85.713104248 -0.014401932 0.999892294 -0.002812116 -0.021450192 0.374284655 0.007998901 0.927279353 85.548774719
0.924110055 0.017899549 -0.381707072 -86.019027710 -0.020465000 0.999786973 -0.002662190 -0.039771110 0.381578058 0.010271791 0.924279511 86.227569580
0.920744419 0.018000446 -0.389751136 -86.323516846 -0.019638471 0.999807119 -0.000218177 -0.052438855 0.389672101 0.007854998 0.920920193 86.928421021
0.917407334 0.017924834 -0.397545666 -86.593643188 -0.016971128 0.999838471 0.005917564 -0.052926123 0.397587478 0.001317982 0.917563260 87.570983887
0.914383233 0.020001354 -0.404355288 -86.905403137 -0.015588992 0.999777615 0.014201848 -0.054882050 0.404549330 -0.006682442 0.914491713 88.270202637
0.911850035 0.030988330 -0.409352332 -87.249481201 -0.024354916 0.999474108 0.021409430 -0.069555521 0.409800500 -0.009552447 0.912125230 88.957557678
0.908699214 0.036684051 -0.415836602 -87.530250549 -0.032064341 0.999322116 0.018089661 -0.064595222 0.416218311 -0.003104534 0.909259439 89.589172363
0.906188846 0.032976713 -0.421585500 -87.855522156 -0.031434581 0.999449551 0.010609688 -0.070005417 0.421703309 0.003637983 0.906726599 90.266624451
0.904162169 0.024968587 -0.426459193 -88.176147461 -0.026165493 0.999652982 0.003053228 -0.068903655 0.426387429 0.008397900 0.904501677 90.950927734
0.902071595 0.025496542 -0.430832654 -88.473770142 -0.027448555 0.999621809 0.001685890 -0.062129647 0.430712670 0.010304940 0.902430296 91.607482910
0.899712801 0.031757578 -0.435325563 -88.821174622 -0.031906325 0.999466538 0.006969740 -0.071810663 0.435314596 0.007618874 0.900246143 92.293312073
0.897202194 0.034842059 -0.440243393 -89.178451538 -0.033284020 0.999382496 0.011262054 -0.077751040 0.440363884 0.004548730 0.897807837 92.991416931
0.894777536 0.031052414 -0.445431173 -89.477554321 -0.030002777 0.999505520 0.009409420 -0.089249849 0.445503175 0.004944834 0.895266712 93.617843628
0.892500103 0.028729927 -0.450131506 -89.831718445 -0.030714151 0.999524117 0.002896652 -0.093942136 0.450000554 0.011240142 0.892957509 94.292167664
0.890143454 0.026395932 -0.454915494 -90.188949585 -0.031451274 0.999499023 -0.003546653 -0.103371143 0.454593956 0.017464697 0.890527487 94.977149963
0.887689292 0.026998274 -0.459650785 -90.551986694 -0.032866202 0.999448359 -0.004767952 -0.113489926 0.459268540 0.019339437 0.888086915 95.652030945
0.885415673 0.029230610 -0.463880002 -90.854133606 -0.033415336 0.999441147 -0.000802330 -0.122973584 0.463597268 0.016211098 0.885897696 96.247589111
0.883128822 0.031596746 -0.468065381 -91.214218140 -0.034864523 0.999390543 0.001682741 -0.139574796 0.467833251 0.014832797 0.883692265 96.923934937
0.880589306 0.032161511 -0.472787619 -91.553741455 -0.035427339 0.999370277 0.001997356 -0.146333367 0.472554117 0.014990757 0.881174147 97.551063538
0.878324926 0.029957209 -0.477124780 -91.928771973 -0.033496987 0.999438226 0.001088080 -0.157592267 0.476889402 0.015026552 0.878834903 98.223243713
