0.999986827 0.005135343 0.000144144 -0.014080818 -0.005135688 0.999983609 0.002509543 -0.051545620 -0.000131254 -0.002510250 0.999996781 1.429998755
0.999979436 0.006374358 0.000732238 -0.022691051 -0.006375963 0.999977231 0.002211726 -0.066677727 -0.000718123 -0.002216349 0.999997258 2.119943619
0.999964178 0.008443804 0.000622668 -0.023048686 -0.008445184 0.999961793 0.002246459 -0.086336143 -0.000603675 -0.002251637 0.999997258 2.800236940
0.999963880 0.008450466 0.000899719 -0.020780465 -0.008452320 0.999962091 0.002077651 -0.101198226 -0.000882128 -0.002085181 0.999997377 3.462459326
0.999963105 0.008522128 0.001077533 -0.018042741 -0.008525438 0.999958813 0.003105667 -0.116364755 -0.001051022 -0.003114739 0.999994576 4.110360622
0.999952853 0.009453190 0.002228415 -0.032095429 -0.009466364 0.999937296 0.005977680 -0.127443790 -0.002171767 -0.005998493 0.999979615 4.733473778
0.999954939 0.008982376 0.003078322 -0.019582104 -0.009013255 0.999907672 0.010168443 -0.140633911 -0.002986701 -0.010195729 0.999943554 5.330272675
0.999956191 0.008298756 0.004373605 -0.020235363 -0.008357869 0.999871552 0.013675427 -0.148312122 -0.004259555 -0.013711381 0.999896944 5.930914879
0.999957323 0.007351588 0.005583267 -0.021076333 -0.007441869 0.999839067 0.016325057 -0.161616206 -0.005462353 -0.016365908 0.999851167 6.458903790
0.999946952 0.007821136 0.006698247 -0.017664466 -0.007926723 0.999842405 0.015884886 -0.165856540 -0.006572953 -0.015937138 0.999851406 6.988361359
0.999928355 0.008983652 0.007910755 -0.017061252 -0.009089117 0.999868870 0.013398285 -0.172526330 -0.007789354 -0.013469227 0.999878883 7.493067741
0.999920428 0.008980298 0.008859780 -0.014707811 -0.009071278 0.999905825 0.010282643 -0.173942238 -0.008766607 -0.010362195 0.999907851 8.009008408
0.999922454 0.007075638 0.010246079 -0.004217289 -0.007168864 0.999932885 0.009090642 -0.183458954 -0.010181070 -0.009163389 0.999906182 8.515974998
0.998867452 0.046679929 0.009208530 0.001201838 -0.046246193 0.998015702 -0.042730726 -2.532781601 -0.011184922 0.042256471 0.999044180 8.886351585
0.998935342 0.044845738 0.010820222 0.009331547 -0.044324510 0.998031139 -0.044373736 -2.552581072 -0.012788892 0.043846887 0.998956382 9.305855751
0.998712778 0.049031876 0.012981576 0.008950531 -0.048389036 0.997773111 -0.045905724 -2.589273214 -0.015203511 0.045218471 0.998861432 9.644674301
0.998435140 0.053651452 0.015766190 0.007808208 -0.052858528 0.997494757 -0.047013205 -2.610837460 -0.018249016 0.046106260 0.998769879 10.012500763
0.998370469 0.053726558 0.019231919 0.016011968 -0.052804694 0.997563124 -0.045600716 -2.638648987 -0.021635024 0.044510871 0.998774588 10.296630859
0.998544574 0.049370088 0.021707067 0.041009322 -0.048345361 0.997796655 -0.045437183 -2.659055948 -0.023902472 0.044321615 0.998731375 10.609073639
0.998696029 0.044808730 0.024459850 0.053100109 -0.043657340 0.997999132 -0.045734819 -2.675609827 -0.026460234 0.044607330 0.998654127 10.912566185
0.998788774 0.041287612 0.026762402 0.064457953 -0.040073700 0.998209357 -0.044409767 -2.691137552 -0.028548054 0.043283511 0.998654902 11.158409119
0.998706281 0.041079447 0.029974001 0.063252956 -0.039755758 0.998262286 -0.043495800 -2.704694271 -0.031708702 0.042247884 0.998603880 11.272562981
0.998623967 0.041709136 0.031786758 0.072756767 -0.040272407 0.998194098 -0.044572566 -2.719279289 -0.033588436 0.043231104 0.998500347 11.474842072
0.998517215 0.042570751 0.033927042 0.077639014 -0.040988117 0.998097777 -0.046052538 -2.730716944 -0.035822991 0.044593643 0.998362839 11.626520157
0.998318195 0.045062467 0.036471512 0.080884457 -0.043318637 0.997942507 -0.047268897 -2.738633394 -0.038526528 0.045609497 0.998216152 11.792360306
0.998135328 0.047679767 0.038112473 0.083629876 -0.045847759 0.997814775 -0.047577921 -2.755134583 -0.040297695 0.045741834 0.998140156 11.930068016
0.998013616 0.049007766 0.039585348 0.087163866 -0.047048848 0.997690618 -0.048987702 -2.770128489 -0.041894704 0.047027953 0.998014629 12.077779770
0.997975647 0.048299756 0.041368827 0.096562356 -0.046181582 0.997645020 -0.050712124 -2.783982992 -0.043720789 0.048698999 0.997856140 12.231431961
0.997972250 0.046983145 0.042941511 0.102317154 -0.044705097 0.997616827 -0.052553911 -2.790219307 -0.045308337 0.050527643 0.997694314 12.372815132
0.997965455 0.046185449 0.043954153 0.112117887 -0.043809678 0.997603059 -0.053560633 -2.800175190 -0.046322525 0.051526044 0.997596741 12.510366440
0.997867584 0.046741985 0.045557231 0.115809202 -0.044230897 0.997525394 -0.054650735 -2.809399366 -0.047998987 0.052519161 0.997465730 12.568980217
0.997770846 0.047501788 0.046869643 0.116233319 -0.044819720 0.997384548 -0.056704596 -2.818599939 -0.049440630 0.054477524 0.997290194 12.691293716
0.997706234 0.047814872 0.047915511 0.122343868 -0.044940967 0.997224569 -0.059360031 -2.821212292 -0.050620805 0.057070509 0.997086108 12.811178207
0.997728407 0.046889529 0.048365466 0.130172014 -0.043888897 0.997151494 -0.061340269 -2.836025476 -0.051103901 0.059078228 0.996944487 12.937212944
0.988387764 0.145858720 0.042601813 0.106351614 -0.135206401 0.972135782 -0.191497311 -3.861196518 -0.069346309 0.183513567 0.980568051 12.896113396
0.988625944 0.144848689 0.040467504 0.108965218 -0.134547696 0.972058296 -0.192352861 -3.888174057 -0.067198843 0.184720218 0.980491102 13.013487816
0.988690853 0.145285353 0.037181504 0.112924993 -0.135546863 0.971799970 -0.192955270 -3.903427362 -0.064166553 0.185733259 0.980502844 13.117138863
0.988855243 0.145351514 0.032220352 0.128647506 -0.136531487 0.971644044 -0.193046734 -3.936894894 -0.059366345 0.186496183 0.980660379 13.239576340
0.988938749 0.145856380 0.026944224 0.110950351 -0.137954906 0.971226990 -0.194130436 -3.949890137 -0.054484125 0.188266024 0.980605602 13.357666969
0.989117086 0.145755261 0.020063380 0.109930888 -0.139162466 0.971081436 -0.193996564 -3.973341465 -0.047759190 0.189093262 0.980796993 13.482300758
0.989217699 0.145878479 0.012954034 0.102235019 -0.140649751 0.970950902 -0.193577334 -3.997903347 -0.040816478 0.189668134 0.980999649 13.596311569
0.989376962 0.145284727 0.005060080 0.092534885 -0.141596630 0.970975041 -0.192763731 -4.028319359 -0.032918822 0.189999491 0.981232226 13.713686943
0.989409983 0.145059884 -0.005075245 0.084615223 -0.143303141 0.970674396 -0.193016529 -4.033836365 -0.023072548 0.191699758 0.981182396 13.789972305
0.989529312 0.143114671 -0.018708639 0.078057438 -0.144023269 0.970601618 -0.192846313 -4.060825348 -0.009440504 0.193521559 0.981050611 13.933441162
0.989208043 0.142257556 -0.035075910 0.058623552 -0.146366790 0.970326900 -0.192463905 -4.084904671 0.006655650 0.195520774 0.980676949 14.079275131
0.988275111 0.142912194 -0.053744752 0.031009376 -0.150627971 0.970140815 -0.190099463 -4.114682198 0.024972444 0.195965976 0.980292678 14.216041565
0.986793578 0.143444210 -0.075248286 -0.006780863 -0.155250773 0.970070899 -0.186707035 -4.143229485 0.046214134 0.195923612 0.979529560 14.393640518
0.984621763 0.144114017 -0.098747812 -0.037903547 -0.160203770 0.970279157 -0.181363240 -4.177857876 0.069675997 0.194393948 0.978445828 14.569725990
0.981521666 0.144863188 -0.125019655 -0.074155211 -0.165607020 0.970407605 -0.175736576 -4.201376915 0.095862277 0.193193391 0.976466477 14.715705872
0.977156341 0.145947114 -0.154483080 -0.135944366 -0.171600521 0.970667779 -0.168396264 -4.241197586 0.125374824 0.191058874 0.973538697 14.931497574
0.971466243 0.146171153 -0.186781481 -0.197951317 -0.176830083 0.971204519 -0.159664318 -4.272062302 0.158064723 0.188137054 0.969340086 15.129549026
0.963664651 0.147271141 -0.222848892 -0.278872728 -0.182944834 0.971781850 -0.148899332 -4.311666489 0.194631889 0.184258059 0.963414550 15.370006561
0.953680575 0.149160385 -0.261236459 -0.361009598 -0.189383671 0.972419262 -0.136141315 -4.342816353 0.233724535 0.179309264 0.955625951 15.562801361
0.941159785 0.152566686 -0.301565319 -0.476308346 -0.197228238 0.972546816 -0.123505779 -4.375518799 0.274443567 0.175715879 0.945412457 15.817699432
0.851754010 0.399584174 -0.338892043 -0.828416824 -0.491559178 0.833309591 -0.252912581 -6.965416431 0.181342155 0.382004738 0.906193912 15.649353027
0.834897995 0.402075529 -0.375872940 -0.961701870 -0.503166497 0.834349096 -0.225132912 -7.025393009 0.223088965 0.377089709 0.898907423 15.890413284
0.815895557 0.405506790 -0.412163407 -1.124854565 -0.513849378 0.835346758 -0.195331648 -7.074843407 0.265091211 0.371160090 0.889925122 16.152173996
0.813717365 0.361186296 -0.455421269 -1.350441933 -0.547673047 0.738893509 -0.392543852 -10.121369362 0.194726348 0.568841696 0.799062431 15.501348495
0.788855851 0.365918547 -0.493771374 -1.547929764 -0.569308221 0.737730086 -0.362825632 -10.209678650 0.231505394 0.567325175 0.790283084 15.746072769
0.760995030 0.368810087 -0.533728063 -1.763949871 -0.589029014 0.737587929 -0.330164790 -10.321669579 0.271903366 0.565635026 0.778540492 16.003101349
0.730072498 0.372129709 -0.573161125 -1.983454227 -0.608589470 0.735547125 -0.297639728 -10.405774117 0.310826361 0.566118360 0.763476849 16.236110687
0.714258730 0.327262014 -0.618655086 -2.176835060 -0.611674249 0.721473217 -0.324547380 -11.048793793 0.340131044 0.610226154 0.715496242 16.340568542
0.678100049 0.330218911 -0.656609416 -2.452226639 -0.630603015 0.720292330 -0.288996309 -11.131409645 0.377518773 0.610028207 0.696667194 16.598810196
0.690466344 0.138685927 -0.709945321 -2.640252113 -0.588542759 0.678319216 -0.439886779 -12.336456299 0.420563519 0.721560180 0.549979150 16.318902969
0.650391281 0.138309732 -0.746901393 -2.962829590 -0.611489177 0.678670406 -0.406801343 -12.486920357 0.450635254 0.721302152 0.525976181 16.517444611
0.608865261 0.135764927 -0.781569481 -3.303214073 -0.630995572 0.679988265 -0.373444289 -12.610960007 0.480757445 0.720544279 0.499688208 16.721115112
0.620383024 -0.017175531 -0.784110904 -3.529475212 -0.580396116 0.662370801 -0.473714262 -13.086515427 0.527508497 0.748979151 0.400955051 16.826911926
0.575379074 -0.016872462 -0.817712784 -3.914477348 -0.605956376 0.662699997 -0.440051854 -13.267825127 0.549323022 0.748694897 0.371079773 16.985439301
0.513312459 -0.045379218 -0.857001185 -4.552297592 -0.600902736 0.693954706 -0.396664560 -13.242647171 0.612720311 0.718587220 0.328947097 17.319969177
0.462374389 -0.046794422 -0.885449111 -4.978990555 -0.620446563 0.696329832 -0.360791981 -13.405076981 0.633447647 0.716194928 0.292931587 17.436641693
0.409707874 -0.047692422 -0.910969198 -5.533086777 -0.639083385 0.697588444 -0.323948652 -13.578790665 0.650931537 0.714909494 0.255328119 17.564960480
0.356584221 -0.049261626 -0.932963490 -6.027822018 -0.656636059 0.697145224 -0.287780404 -13.711215973 0.664587677 0.715235472 0.216244042 17.667633057
0.301814497 -0.053693075 -0.951853514 -6.864063740 -0.680347800 0.687284172 -0.254494280 -13.761480331 0.667858422 0.724401474 0.170902342 17.919799805
0.249994338 -0.049258798 -0.966993511 -7.421174526 -0.693040848 0.688330054 -0.214233726 -13.871485710 0.676163554 0.723723054 0.137940302 17.991491318
0.204502359 -0.044782385 -0.977841139 -8.028709412 -0.697824657 0.693871081 -0.177717999 -13.976598740 0.686454356 0.718705416 0.110648036 18.004005432
0.160301164 -0.043286677 -0.986118555 -8.662366867 -0.704865813 0.694349766 -0.145060569 -14.065475464 0.690990388 0.718334675 0.080793768 18.028549194
0.121058151 -0.044767234 -0.991635382 -9.330889702 -0.711988449 0.692176998 -0.118167222 -14.127066612 0.691677213 0.720338225 0.051919878 18.039516449
0.082610533 -0.053487077 -0.995145559 -10.056947708 -0.722940385 0.684098184 -0.096782729 -14.171720505 0.685953856 0.727426171 0.017845707 18.100780487
0.054871470 -0.053257789 -0.997072101 -10.774229050 -0.727764606 0.681551993 -0.076455355 -14.205523491 0.683628261 0.729829013 -0.001361387 18.086393356
0.034163389 -0.047580589 -0.998283029 -11.487934113 -0.729057074 0.682036996 -0.057457481 -14.256624222 0.683599770 0.729768217 -0.011388271 18.032772064
0.022357514 -0.041389603 -0.998892903 -12.280103683 -0.728996158 0.683061957 -0.044619601 -14.284636497 0.684152603 0.729186654 -0.014901279 18.001306534
0.012329168 -0.040323485 -0.999110579 -13.075479507 -0.731509149 0.680853546 -0.036505748 -14.323000908 0.681720138 0.731308579 -0.021102674 18.015701294
0.008825773 -0.043419868 -0.999017894 -13.917243958 -0.731341422 0.681057394 -0.036061488 -14.356313705 0.681954443 0.730941474 -0.025743878 17.990465164
0.011768262 -0.040591810 -0.999106467 -14.683970451 -0.719261348 0.693771780 -0.036658626 -14.399751663 0.694639921 0.719050109 -0.021031642 17.936557770
0.016200140 -0.042937644 -0.998946369 -15.574165344 -0.710463405 0.702496469 -0.041717097 -14.433557510 0.703547597 0.710390747 -0.019125080 17.921483994
0.017225796 -0.049647674 -0.998618245 -16.423946381 -0.716996253 0.695494413 -0.046945378 -14.489414215 0.696864128 0.716814220 -0.023616752 17.924964905
0.023710616 -0.051031742 -0.998415470 -17.346347809 -0.718009472 0.694048524 -0.052526165 -14.525092125 0.695629239 0.718117297 -0.020184955 17.878850937
0.026185757 -0.055881042 -0.998093963 -18.228664398 -0.712901235 0.698875725 -0.057831991 -14.604366302 0.700775385 0.713056803 -0.021537071 17.844310760
0.029748131 -0.066828236 -0.997320890 -19.201036453 -0.714306593 0.696523428 -0.067978866 -14.653128624 0.699200332 0.714415133 -0.027015582 17.815261841
0.030213762 -0.074420668 -0.996769071 -20.123437881 -0.719575465 0.690527439 -0.073367625 -14.717500687 0.693756640 0.719467461 -0.032687847 17.777828217
0.028593583 -0.078573905 -0.996498168 -21.092607498 -0.725416422 0.684237421 -0.074767292 -14.772189140 0.687716126 0.725013912 -0.037434008 17.755008698
0.026991813 -0.072208598 -0.997024238 -22.149065018 -0.732242823 0.677550077 -0.068894520 -14.817019463 0.680508673 0.731923342 -0.034585919 17.691173553
0.022025308 -0.063455686 -0.997741580 -23.141252518 -0.735615969 0.674810827 -0.059156362 -14.888884544 0.677040637 0.735257566 -0.031816095 17.637062073
0.013477050 -0.054074679 -0.998445928 -24.190193176 -0.737507284 0.673740149 -0.046443891 -15.035531998 0.675204635 0.736987233 -0.030800436 17.646968842
0.013059612 -0.044224858 -0.998936236 -25.308162689 -0.738684595 0.672895968 -0.039447617 -15.067101479 0.673924685 0.738413990 -0.023880456 17.587961197
-0.052111477 -0.009936058 -0.998591781 -26.209802628 -0.704992056 0.708591402 0.029739453 -14.754521370 0.707298100 0.705549061 -0.043930579 17.441881180
-0.053807136 -0.009011761 -0.998510659 -27.265874863 -0.704236984 0.709263563 0.031548239 -14.735406876 0.707923055 0.704885781 -0.044509865 17.387197495
-0.054982062 -0.012055906 -0.998414576 -28.404813766 -0.705332994 0.708228767 0.030290339 -14.701979637 0.706740677 0.705880165 -0.047443304 17.315767288
-0.022097876 -0.030493060 -0.999290705 -29.403961182 -0.720691502 0.693236232 -0.005216846 -14.828211784 0.692903638 0.720064938 -0.037295140 17.276962280
-0.025873138 -0.036104329 -0.999013007 -30.554967880 -0.721128345 0.692772269 -0.006360506 -14.825218201 0.692318141 0.720252037 -0.043960050 17.209022522
-0.068489201 -0.026309524 -0.997304916 -31.489131927 -0.705266058 0.708318174 0.029747773 -14.627515793 0.705626667 0.705402851 -0.067067362 17.092872620
-0.074430935 -0.028334796 -0.996823490 -32.658344269 -0.706026852 0.707433879 0.032608822 -14.578598976 0.704262853 0.706211388 -0.072660081 16.989244461
-0.081654228 -0.025868690 -0.996324897 -33.649837494 -0.705704331 0.707406342 0.039469108 -14.556741714 0.703785479 0.706333518 -0.076018363 16.909912109
-0.087846048 -0.020949818 -0.995913744 -34.747669220 -0.706508934 0.706110537 0.047465082 -14.512840271 0.702230871 0.707791567 -0.076830260 16.807357788
-0.093171120 -0.018299147 -0.995481908 -35.927085876 -0.708746076 0.703439295 0.053403616 -14.443165779 0.699283898 0.710519671 -0.078509696 16.691871643
-0.098401472 -0.016201524 -0.995014906 -36.953735352 -0.710497558 0.701234877 0.058846287 -14.397314072 0.696785748 0.712746203 -0.080513686 16.604314804
-0.100197405 -0.014802106 -0.994857490 -38.127689362 -0.713776767 0.697667241 0.061507951 -14.331888199 0.693168819 0.716269195 -0.080469847 16.484909058
-0.120644219 -0.000532442 -0.992695689 -39.245113373 -0.704646468 0.704417646 0.085259221 -14.446529388 0.699226975 0.709785521 -0.085359097 16.385604858
-0.121640258 -0.001079765 -0.992573678 -40.432964325 -0.705270886 0.703743219 0.085665621 -14.342092514 0.698424518 0.710453689 -0.086365014 16.262401581
-0.123278752 -0.001497255 -0.992370963 -41.418552399 -0.705300391 0.703604579 0.086555421 -14.270967484 0.698107243 0.710590005 -0.087795518 16.150909424
-0.124000907 -0.002214494 -0.992279589 -42.593879700 -0.705985248 0.702905178 0.086655229 -14.170142174 0.697286725 0.711279929 -0.088724285 16.026580811
-0.125073284 -0.003265787 -0.992142081 -43.632827759 -0.707708895 0.701138377 0.086908616 -14.084217072 0.695345104 0.713017702 -0.090004899 15.919175148
-0.125276893 -0.005965919 -0.992103934 -44.808761597 -0.711253524 0.697702050 0.085617237 -13.983003616 0.691682100 0.716363192 -0.091649227 15.789701462
-0.125546113 -0.010840847 -0.992028475 -45.868934631 -0.714262426 0.694962978 0.082798906 -13.898025513 0.688525498 0.718963802 -0.094993100 15.667284012
-0.124238424 -0.012034923 -0.992179334 -47.063411713 -0.715643764 0.693729937 0.081196457 -13.791221619 0.687327325 0.720134676 -0.094800614 15.544170380
-0.116829917 -0.011595435 -0.993084252 -48.169666290 -0.719563305 0.690189958 0.076593161 -13.780637741 0.684528649 0.723535359 -0.088978492 15.446397781
-0.114862621 -0.008443170 -0.993345499 -49.373359680 -0.719896197 0.689754903 0.077380359 -13.692542076 0.684511542 0.723993719 -0.085305259 15.320280075
-0.134790435 0.007288607 -0.990847349 -50.320129395 -0.700848877 0.706189513 0.100535020 -13.282142639 0.700458705 0.707985401 -0.090079375 15.225717545
-0.131590709 0.006475419 -0.991283059 -51.503684998 -0.700725973 0.706718028 0.097636424 -13.165412903 0.701189697 0.707465768 -0.088460028 15.094852448
-0.136160016 0.013854553 -0.990589976 -52.590347290 -0.694707155 0.711522400 0.105441362 -13.057543755 0.706287801 0.702526867 -0.087256037 15.000963211
-0.129676938 0.014499125 -0.991450310 -53.769950867 -0.698669732 0.708173573 0.101739086 -12.923084259 0.703594029 0.705889523 -0.081703685 14.869792938
-0.124233812 0.013711307 -0.992158234 -54.866798401 -0.701897621 0.705553830 0.097639158 -12.826470375 0.701359749 0.708523631 -0.078029707 14.773822784
-0.118101366 0.012847041 -0.992918432 -56.081630707 -0.703540742 0.704569995 0.092797928 -12.711227417 0.700772703 0.709518194 -0.074172258 14.662043571
-0.112798728 0.011733672 -0.993548512 -57.174659729 -0.703266323 0.705437362 0.088173755 -12.619267464 0.701920927 0.708675146 -0.071320534 14.576832771
-0.107041739 0.012104918 -0.994180858 -58.379425049 -0.702635527 0.706544161 0.084254265 -12.527097702 0.703452587 0.707565367 -0.067124367 14.463956833
-0.105610438 0.016772710 -0.994266033 -59.461372375 -0.695129097 0.713737130 0.085876592 -12.409120560 0.711085021 0.700212777 -0.063718885 14.374610901
-0.099435210 0.018283781 -0.994876027 -60.685455322 -0.694861293 0.714386821 0.082578503 -12.313631058 0.712236106 0.699512124 -0.058330521 14.284234047
-0.096050702 0.020505799 -0.995165229 -61.785350800 -0.690494120 0.718737125 0.081454538 -12.192672729 0.716932476 0.694979489 -0.054876070 14.211763382
-0.090551615 0.019733109 -0.995696306 -63.016880035 -0.690614700 0.719105959 0.077058114 -12.107926369 0.717531800 0.694620132 -0.051488232 14.127038002
-0.085834853 0.015484522 -0.996189177 -64.120666504 -0.690558612 0.719813704 0.070689373 -12.031848907 0.718165159 0.693994462 -0.051092148 14.050991058
-0.081193916 0.010868457 -0.996639132 -65.344779968 -0.690902054 0.720097542 0.064138971 -11.967620850 0.718374491 0.693787694 -0.050958510 13.961880684
-0.078030504 0.009803029 -0.996902764 -66.474945068 -0.690443277 0.720798910 0.061130989 -11.898873329 0.719165683 0.693074942 -0.049475867 13.905200958
-0.073568769 0.011856333 -0.997219682 -67.711364746 -0.690394998 0.720981121 0.059505150 -11.809863091 0.719682097 0.692853332 -0.044856131 13.816062927
-0.072470993 0.011934564 -0.997299075 -68.847206116 -0.690424383 0.721010864 0.058799498 -11.772840500 0.719765306 0.692820847 -0.044012457 13.762168884
-0.071555860 0.011653172 -0.997368515 -70.035972595 -0.691718102 0.719831705 0.058037534 -11.709833145 0.718613803 0.694050789 -0.043447472 13.695309639
-0.070049010 0.013214712 -0.997456014 -71.242347717 -0.692510486 0.719059587 0.058159791 -11.642509460 0.717998981 0.694822729 -0.041218087 13.605439186
-0.070115685 0.014521800 -0.997433305 -72.416084290 -0.688516200 0.722823203 0.058923736 -11.557109833 0.721823514 0.690880358 -0.040682752 13.533039093
-0.069128573 0.012378553 -0.997531056 -73.646606445 -0.688290536 0.723218024 0.056672864 -11.494121552 0.722133994 0.690508723 -0.041474987 13.468589783
-0.069932163 0.012309927 -0.997475743 -74.814018250 -0.683613956 0.727621734 0.056907222 -11.421208382 0.726485729 0.685868084 -0.042468928 13.404851913
-0.068984091 0.013202346 -0.997530401 -76.034591675 -0.680855751 0.730215728 0.056748930 -11.365952492 0.729161620 0.683089018 -0.041384377 13.324084282
-0.063256808 0.025215412 -0.997678638 -77.205543518 -0.671313047 0.738640189 0.061232373 -11.273721695 0.738469660 0.673628032 -0.029796589 13.410631180
-0.063176826 0.028278140 -0.997601628 -78.414169312 -0.670981705 0.738755524 0.063433267 -11.212281227 0.738777518 0.673380017 -0.027698115 13.355664253
-0.062432498 0.031563029 -0.997549951 -79.627487183 -0.672964275 0.736775279 0.065430015 -11.136509895 0.737035513 0.675400555 -0.024757935 13.292304993
-0.057931703 0.040444341 -0.997500956 -80.833099365 -0.677516758 0.732260048 0.069038004 -11.084178925 0.733222306 0.679823101 -0.015019353 13.256898880
-0.056106418 0.039345898 -0.997649193 -82.005775452 -0.678206801 0.731810212 0.067002989 -11.010684013 0.732726157 0.680371881 -0.014374593 13.190906525
-0.055452209 0.036015138 -0.997811615 -83.226280212 -0.681098640 0.729373634 0.064177364 -10.921285629 0.730088830 0.683166862 -0.015915519 13.200718880
-0.056106173 0.034555819 -0.997826636 -84.446716309 -0.679107010 0.731286705 0.063510329 -10.846088409 0.731891870 0.681194365 -0.017562592 13.180473328
-0.054119140 0.036301121 -0.997874439 -85.622924805 -0.678176582 0.732157707 0.063415281 -10.782837868 0.732903540 0.680167019 -0.015005189 13.134799957
-0.053675860 0.039544761 -0.997775018 -86.821517944 -0.677406669 0.732688606 0.065480068 -10.722391129 0.733647943 0.679414153 -0.012539806 13.092808723
-0.051057685 0.042008951 -0.997811794 -88.005844116 -0.679436147 0.730802119 0.065534070 -10.653005600 0.731956005 0.681295455 -0.008770665 13.047431946
-0.050902545 0.041540917 -0.997839272 -89.213539124 -0.680768907 0.729599535 0.065101773 -10.576113701 0.730727434 0.682611883 -0.008858713 13.017219543
-0.049014632 0.040059045 -0.997994423 -90.381980896 -0.681464016 0.729157627 0.062736906 -10.512497902 0.730208457 0.683172226 -0.008440593 13.001814842
-0.048771854 0.038361371 -0.998073041 -91.561561584 -0.680556655 0.730125189 0.061318774 -10.446008682 0.731070518 0.682235718 -0.009502472 12.974881172
-0.048153900 0.040039528 -0.998037100 -92.747390747 -0.679583192 0.730964124 0.062113963 -10.384979248 0.732016325 0.681240261 -0.007988582 12.936321259
-0.047717560 0.042355388 -0.997962356 -93.939575195 -0.678216994 0.732112885 0.063501179 -10.315111160 0.733310819 0.679865241 -0.006208498 12.916472435
-0.047844034 0.045680277 -0.997809708 -95.118873596 -0.677273989 0.732762694 0.066020921 -10.262228012 0.734173596 0.678949296 -0.004120251 12.889789581
-0.047102023 0.047062565 -0.997780800 -96.303054810 -0.677653193 0.732365668 0.066533498 -10.187744141 0.733871698 0.679283202 -0.002603808 12.865625381
-0.046480019 0.048731554 -0.997729838 -97.497245789 -0.679514706 0.730565012 0.067338295 -10.109754562 0.732188106 0.681101978 -0.000842872 12.841665268
-0.050383594 0.049979176 -0.997478604 -98.563819885 -0.682039618 0.727868378 0.070920691 -10.029897690 0.729577601 0.683893025 -0.002584848 12.826999664
-0.050489761 0.045750562 -0.997676075 -99.730804443 -0.682826340 0.727417231 0.067913324 -9.960102081 0.728834033 0.684668422 -0.005487435 12.796339989
-0.049904510 0.044195782 -0.997775674 -100.920387268 -0.684455037 0.726025701 0.066392362 -9.888557434 0.727345109 0.686245859 -0.005981931 12.767382622
-0.051176678 0.043709025 -0.997732639 -102.058074951 -0.686704576 0.723848462 0.066933736 -9.784213066 0.725132883 0.688573003 -0.007028969 12.725440979
-0.051815398 0.044217300 -0.997677326 -103.240730286 -0.685886562 0.724549353 0.067734420 -9.718149185 0.725861490 0.687803209 -0.007214764 12.716007233
-0.051320802 0.046220638 -0.997612059 -104.386108398 -0.685338497 0.724963129 0.068844780 -9.653059959 0.726414025 0.687235117 -0.005528904 12.682079315
-0.051602550 0.048703425 -0.997479379 -105.563819885 -0.684062719 0.725975633 0.070835426 -9.591085434 0.727595687 0.685993731 -0.004146001 12.656168938
-0.049445767 0.047171913 -0.997662246 -106.726440430 -0.687678397 0.722799599 0.068258211 -9.542408943 0.724329710 0.689445853 -0.003300278 12.632044792
-0.049861822 0.048466630 -0.997579455 -107.899627686 -0.689920843 0.720541775 0.069491141 -9.469821930 0.722165644 0.691715658 -0.002489394 12.595541000
-0.051063351 0.047742944 -0.997553527 -109.063179016 -0.692813873 0.717728913 0.069814682 -9.401252747 0.719306231 0.694683969 -0.003572669 12.579858780
-0.050712980 0.043524355 -0.997764409 -110.273635864 -0.693677485 0.717205524 0.066543110 -9.313060760 0.718498290 0.695501328 -0.006179765 12.556605339
-0.051386103 0.039806813 -0.997885346 -111.451126099 -0.693140507 0.717925906 0.064332180 -9.270725250 0.718968511 0.694980443 -0.009299706 12.542625427
-0.051906582 0.039320074 -0.997877598 -112.658409119 -0.690919697 0.720065176 0.064312793 -9.203632355 0.721065521 0.692791641 -0.010209099 12.517534256
-0.052309591 0.038586460 -0.997885168 -113.850158691 -0.687779844 0.723091304 0.064014390 -9.128732681 0.724032283 0.689673781 -0.011285619 12.488174438
-0.053066373 0.040306486 -0.997777104 -115.063453674 -0.686963499 0.723709404 0.065771028 -9.055563927 0.724751830 0.688926756 -0.010715547 12.463214874
-0.054094326 0.043661833 -0.997580826 -116.292175293 -0.685821474 0.724501073 0.068898782 -8.987851143 0.725756645 0.687889278 -0.009247174 12.445830345
-0.054898769 0.044227868 -0.997511983 -117.535385132 -0.685286939 0.724915087 0.069856659 -8.917649269 0.726201057 0.687416852 -0.009488169 12.419620514
-0.055411439 0.040022165 -0.997661173 -118.744560242 -0.684587896 0.725831687 0.067140378 -8.850749969 0.726821005 0.686707079 -0.012820696 12.383655548
-0.057049084 0.036553822 -0.997702003 -119.977066040 -0.685012400 0.725558221 0.065752357 -8.785823822 0.726294279 0.687189400 -0.016352605 12.357896805
-0.056061160 0.034765150 -0.997821867 -121.231895447 -0.683738470 0.726938009 0.063742101 -8.693219185 0.727570534 0.685822546 -0.016982712 12.312122345
-0.056713682 0.036082573 -0.997738302 -122.485763550 -0.685145020 0.725484431 0.065181859 -8.617855072 0.726195455 0.687292099 -0.016423101 12.273106575
-0.056817751 0.040369857 -0.997568071 -123.753265381 -0.688588977 0.721915483 0.068434142 -8.530587196 0.722922504 0.690802634 -0.013219371 12.229962349
-0.057164349 0.043408412 -0.997420609 -125.031677246 -0.692692935 0.717735708 0.070936069 -8.445974350 0.718963683 0.694961309 -0.010960188 12.187015533
-0.056016952 0.042794973 -0.997512221 -126.278419495 -0.697994888 0.712695479 0.069772899 -8.344003677 0.713908374 0.700166941 -0.010052352 12.149818420
-0.056041420 0.040769503 -0.997595727 -127.545516968 -0.700115323 0.710748255 0.068376713 -8.261832237 0.711827040 0.702264071 -0.011287990 12.108599663
-0.056377497 0.038995262 -0.997647703 -128.807693481 -0.701926768 0.709054708 0.067381151 -8.172414780 0.710014343 0.704074442 -0.012602909 12.078031540
-0.056782845 0.038560614 -0.997641563 -130.076889038 -0.701938868 0.709044933 0.067358144 -8.095519066 0.709970057 0.704108238 -0.013194392 12.033313751
-0.057445709 0.037886925 -0.997629464 -131.349792480 -0.700156689 0.710809171 0.067310944 -8.021436691 0.711674333 0.702363789 -0.014306154 11.995950699
-0.057822827 0.038649101 -0.997578442 -132.598358154 -0.700127780 0.710760832 0.068118602 -7.957102776 0.711672425 0.702371180 -0.014038896 11.961559296
-0.058834903 0.043057624 -0.997338653 -133.851974487 -0.699872375 0.710633218 0.071966626 -7.871080399 0.711840630 0.702243984 -0.011675192 11.948026657
-0.058293458 0.047252089 -0.997180581 -135.139999390 -0.699427485 0.710802853 0.074569196 -7.785362244 0.712322354 0.701802373 -0.008385740 11.903005600
-0.058543880 0.045981735 -0.997225285 -136.403045654 -0.700193584 0.710123360 0.073849656 -7.699020386 0.711548805 0.702574193 -0.009377266 11.873423576
-0.057018217 0.044771202 -0.997368753 -137.651382446 -0.699503779 0.711001992 0.071906082 -7.630372047 0.712350607 0.701763272 -0.009222440 11.828579903
-0.056033969 0.044435851 -0.997439504 -138.912597656 -0.698762000 0.711825371 0.070966683 -7.555006027 0.713156223 0.700949371 -0.008836318 11.795830727
-0.055196755 0.043652140 -0.997520804 -140.154190063 -0.698660135 0.712038815 0.069818892 -7.480816841 0.713321269 0.700781822 -0.008804224 11.764682770
-0.053711861 0.045950826 -0.997498631 -141.438583374 -0.699124634 0.711523354 0.070422523 -7.392706871 0.712979496 0.701158464 -0.006091883 11.718806267
-0.053094592 0.049561523 -0.997358799 -142.687911987 -0.699678361 0.710763097 0.072567314 -7.320324898 0.712482393 0.701683283 -0.003060549 11.701364517
-0.051483877 0.050503172 -0.997395992 -143.935470581 -0.700750351 0.709752858 0.072109886 -7.235409737 0.711546421 0.702638030 -0.001150719 11.671972275
-0.050738372 0.047633339 -0.997575343 -145.210968018 -0.702638626 0.708139658 0.069550425 -7.159172058 0.709735632 0.704463780 -0.002460832 11.658362389
-0.055339716 0.044298775 -0.997484386 -146.271118164 -0.701176941 0.709502161 0.070410132 -7.065887451 0.710836411 0.703309536 -0.008202374 11.533461571
-0.055091124 0.043309253 -0.997541547 -147.492050171 -0.698948622 0.711786509 0.069503680 -6.996577263 0.713046730 0.701059401 -0.008942179 11.483067513
-0.054383218 0.043257978 -0.997582674 -148.735214233 -0.697884619 0.712882757 0.068957791 -6.933407784 0.714142501 0.699947655 -0.008579781 11.467242241
-0.054744571 0.043973155 -0.997531712 -149.985168457 -0.696256220 0.714400947 0.069702782 -6.865537643 0.715702653 0.698353469 -0.008492991 11.437091827
-0.055489592 0.041294456 -0.997604966 -151.200897217 -0.695108116 0.715654492 0.068287395 -6.763442039 0.716760397 0.697232544 -0.011007269 11.404353142
-0.055466872 0.041328639 -0.997604787 -152.450164795 -0.694363594 0.716377258 0.068284631 -6.684608459 0.717483580 0.696488082 -0.011038099 11.373182297
-0.054785330 0.043354515 -0.997556508 -153.711746216 -0.693398774 0.717218399 0.069251955 -6.573289871 0.718468308 0.695498347 -0.009231084 11.337504387
-0.055381607 0.044363469 -0.997479260 -154.960571289 -0.691911638 0.718544245 0.070373692 -6.496529579 0.719854951 0.694064856 -0.009098528 11.323618889
-0.054972351 0.044647105 -0.997489154 -156.146820068 -0.689462364 0.720905364 0.070264131 -6.427396774 0.722232401 0.691593885 -0.008847354 11.309371948
-0.055619247 0.044523764 -0.997458875 -157.394134521 -0.690344989 0.720023930 0.070634134 -6.346901894 0.721339226 0.692519367 -0.009310434 11.285844803
-0.055216603 0.051633485 -0.997138441 -158.628753662 -0.690159142 0.719709814 0.075485379 -6.314009666 0.721547961 0.692352235 -0.004104611 11.213226318
-0.055369973 0.057883400 -0.996786714 -159.881195068 -0.693543553 0.715947866 0.080100365 -6.232789993 0.718283713 0.695750237 0.000502646 11.192079544
-0.053804927 0.057883747 -0.996872365 -161.104019165 -0.697067857 0.712639451 0.079003014 -6.141619682 0.714983523 0.699138403 0.002005401 11.159193993
-0.052586075 0.054262467 -0.997141063 -162.338958740 -0.700299501 0.709839046 0.075559624 -6.052862167 0.711909592 0.702270687 0.000672338 11.136295319
-0.050644040 0.048646860 -0.997531235 -163.547332764 -0.701507092 0.709196448 0.070200644 -5.969026566 0.710860729 0.703330457 -0.001790458 11.107226372
-0.049806166 0.046690144 -0.997666955 -164.774368286 -0.703314900 0.707596838 0.068226404 -5.889779091 0.709131479 0.705072165 -0.002404808 11.086859703
-0.048783857 0.044021245 -0.997838795 -166.003082275 -0.699791014 0.711329699 0.065593891 -5.828775406 0.712679863 0.701478660 -0.003895733 11.068065643
-0.048562352 0.040726189 -0.997989535 -167.229156494 -0.697119892 0.714175403 0.063066214 -5.751227379 0.715308011 0.698780954 -0.006291006 11.036519051
-0.048926186 0.037554622 -0.998096108 -168.467956543 -0.692652941 0.718687356 0.060995020 -5.675212860 0.719609737 0.694318473 -0.009150313 11.017638206
-0.050266806 0.040532056 -0.997913003 -169.694595337 -0.690801263 0.720202267 0.064049318 -5.614398003 0.721295297 0.692579150 -0.008202670 11.002091408
-0.049723692 0.047811478 -0.997617960 -170.920303345 -0.691325784 0.719247997 0.068927765 -5.553911209 0.720830262 0.693106353 -0.002710358 10.968008041
-0.048081536 0.050646186 -0.997558594 -172.138458252 -0.692559123 0.717973053 0.069832392 -5.473437309 0.719756961 0.694225907 0.000554229 10.947666168
-0.046003047 0.047166385 -0.997827113 -173.348495483 -0.693259358 0.717670262 0.065885112 -5.392686844 0.719218433 0.694783807 -0.000316488 10.924474716
-0.045336615 0.047357745 -0.997848630 -174.567047119 -0.694936335 0.716076434 0.065558873 -5.322214127 0.717640638 0.696413398 0.000446130 10.901803970
-0.044164602 0.048243828 -0.997858703 -175.773208618 -0.693695962 0.717294276 0.065381832 -5.244337082 0.718912661 0.695098102 0.001787529 10.882725716
-0.043745536 0.045957837 -0.997985065 -176.967697144 -0.693671227 0.717491806 0.063447244 -5.174559593 0.718962133 0.695049167 0.000492569 10.868160248
-0.042629961 0.045425288 -0.998057723 -178.145736694 -0.693780005 0.717488289 0.062288903 -5.111003876 0.718924224 0.695087850 0.000928667 10.847119331
-0.041025985 0.047013041 -0.998051405 -179.298950195 -0.694773197 0.716524601 0.062311165 -5.044624329 0.718057871 0.695975661 0.003267272 10.831418991
-0.039422501 0.049301270 -0.998005629 -180.421173096 -0.694799960 0.716452599 0.062838100 -4.996811867 0.718121767 0.695891559 0.006010173 10.805770874
-0.038849778 0.050837371 -0.997951031 -181.513198853 -0.695347965 0.715859056 0.063536696 -4.941278458 0.717622399 0.696391582 0.007538693 10.784442902
-0.038508020 0.052326173 -0.997887254 -182.574707031 -0.695673406 0.715469062 0.064362749 -4.877212524 0.717325389 0.696682155 0.008850627 10.763357162
-0.038468402 0.053217240 -0.997841835 -183.618194580 -0.695254385 0.715820491 0.064979568 -4.821577072 0.717733622 0.696253479 0.009463053 10.750650406
-0.038082249 0.052400768 -0.997899771 -184.633773804 -0.695644736 0.715518713 0.064120121 -4.773615837 0.717375815 0.696625590 0.009203760 10.737717628
-0.036507823 0.052256148 -0.997966170 -185.619155884 -0.696124494 0.715159178 0.062913395 -4.722500801 0.716992259 0.697005510 0.010267890 10.724987030
-0.035316993 0.053005468 -0.997969508 -186.564880371 -0.696729481 0.714596450 0.062611029 -4.680274010 0.716464102 0.697525978 0.011693075 10.719823837
-0.032432910 0.053056762 -0.998064637 -187.458038330 -0.695672929 0.715793133 0.060657762 -4.616887093 0.717626154 0.696293890 0.013694908 10.726158142
-0.035626367 0.050108343 -0.998108149 -188.392471313 -0.693649769 0.717742503 0.060792118 -4.577534676 0.719430804 0.694503307 0.009187083 10.721883774
-0.040477239 0.046800017 -0.998083830 -189.298080444 -0.693380475 0.717918038 0.061783098 -4.531826019 0.719433844 0.694552660 0.003390883 10.702875137
-0.045484807 0.043772146 -0.998005569 -190.216552734 -0.694424689 0.716794372 0.063087232 -4.484649658 0.718126297 0.695909202 -0.002206798 10.685142517
-0.049337324 0.042865619 -0.997862041 -191.134399414 -0.696005642 0.715076327 0.065130509 -4.423756599 0.716339171 0.697730899 -0.005445241 10.662923813
-0.051615596 0.043709379 -0.997710049 -192.052017212 -0.697269261 0.713639498 0.067336909 -4.359397888 0.714948535 0.699148118 -0.006357724 10.628846169
-0.055369504 0.044543710 -0.997471869 -192.991958618 -0.696168840 0.714403272 0.070547052 -4.310328484 0.715739548 0.698315024 -0.008546205 10.601174355
-0.056169450 0.045990404 -0.997361481 -193.912277222 -0.694103897 0.716253281 0.072118498 -4.244137764 0.717680156 0.696323276 -0.008309433 10.574097633
-0.055376671 0.048013400 -0.997310400 -194.786636353 -0.692845225 0.717380881 0.073007710 -4.202758789 0.718956828 0.695024729 -0.006460300 10.578876495
-0.054720685 0.047245603 -0.997383237 -195.684005737 -0.693400502 0.716945589 0.072004303 -4.143391609 0.718471587 0.695526361 -0.006471626 10.563595772
-0.055588022 0.045937609 -0.997396410 -196.576980591 -0.694422722 0.715988219 0.071678989 -4.085811615 0.717417002 0.696599364 -0.007900255 10.545834541
-0.054815453 0.045314398 -0.997467756 -197.488235474 -0.697059870 0.713516712 0.070721313 -4.021267891 0.714914620 0.699171305 -0.007524892 10.509202957
-0.053736344 0.043677717 -0.997599363 -198.397338867 -0.698994935 0.711807787 0.068816759 -3.958663940 0.713104844 0.701014817 -0.007719442 10.479511261
-0.053086814 0.040816166 -0.997755349 -199.309814453 -0.698865116 0.712172568 0.066317514 -3.905855179 0.713280678 0.700817049 -0.009281971 10.463326454
-0.051091839 0.039735358 -0.997903168 -200.217529297 -0.698629141 0.712602854 0.064144284 -3.857786179 0.713657439 0.700441480 -0.008647917 10.426538467
-0.050182171 0.039367214 -0.997964025 -201.142196655 -0.698657274 0.712655604 0.063244179 -3.801042557 0.713694334 0.700408459 -0.008258415 10.402918816
-0.049350373 0.042105764 -0.997893631 -202.079620361 -0.696905196 0.714247644 0.064602546 -3.745109558 0.715463281 0.698625386 -0.005904665 10.381133080
-0.049461599 0.043834776 -0.997813642 -203.017364502 -0.696376204 0.714643538 0.065914236 -3.698555946 0.715970397 0.698113859 -0.004821916 10.359863281
-0.048453253 0.040360499 -0.998009682 -203.955184937 -0.692837358 0.718363822 0.062688529 -3.647450447 0.719464183 0.694495797 -0.006843801 10.342730522
-0.048159316 0.037265841 -0.998144329 -204.897659302 -0.691763341 0.719606996 0.060243417 -3.593687057 0.720516622 0.693380833 -0.008876641 10.326068878
-0.047471501 0.037693650 -0.998161256 -205.858749390 -0.695140064 0.716356695 0.060111981 -3.533982277 0.717305243 0.696715355 -0.007804165 10.302062988
-0.046023313 0.041587625 -0.998074293 -206.826446533 -0.695919096 0.715447366 0.061901458 -3.479717255 0.716643989 0.697427869 -0.003985642 10.281829834
-0.033234067 0.052773830 -0.998053312 -207.830764771 -0.693138242 0.718213916 0.061057568 -3.399472237 0.720037997 0.693818212 0.012710400 10.327824593
-0.030758603 0.053688347 -0.998083889 -208.814285278 -0.692412674 0.719001353 0.060014628 -3.337234497 0.720845759 0.692931950 0.015059017 10.333524704
-0.028451668 0.058609322 -0.997875452 -209.801895142 -0.692774296 0.718488455 0.061952319 -3.280393600 0.720593035 0.693065166 0.020160837 10.334131241
-0.025531122 0.067743652 -0.997376025 -210.811431885 -0.693039417 0.717826247 0.066496737 -3.231493950 0.720447421 0.692918658 0.028622109 10.324031830
-0.024080019 0.067094371 -0.997456014 -211.820800781 -0.692432582 0.718544066 0.065049537 -3.161973000 0.721080601 0.692237556 0.029155780 10.355680466
-0.022965813 0.068720974 -0.997371554 -212.835342407 -0.695182085 0.715858698 0.065331645 -3.105181694 0.718466759 0.694855213 0.031333320 10.369318008
-0.019060632 0.069809519 -0.997378230 -213.863098145 -0.697783649 0.713508308 0.063275769 -3.027430534 0.716054857 0.697160482 0.035112031 10.385295868
-0.019792885 0.073712967 -0.997083068 -214.853454590 -0.701466084 0.709604383 0.066384725 -2.973768234 0.712427974 0.700733900 0.037662029 10.397230148
