0.999999464 -0.000214933 -0.001022197 0.035549354 0.000211183 0.999993205 -0.003667295 0.020848840 0.001022979 0.003667077 0.999992728 1.221415520
0.999999881 0.000038566 -0.000430227 0.039242852 -0.000039909 0.999995112 -0.003120218 -0.005622070 0.000430104 0.003120235 0.999995053 2.483771801
0.999999285 -0.000905041 -0.000799577 0.054916695 0.000902939 0.999996305 -0.002624490 -0.029690675 0.000801949 0.002623766 0.999996185 3.768994331
0.999998391 -0.001626942 -0.000723995 0.064331904 0.001624707 0.999993980 -0.003075694 -0.048616178 0.000728993 0.003074513 0.999994993 5.050310135
0.999997139 -0.001787579 -0.001587745 0.085849732 0.001783348 0.999994814 -0.002662410 -0.076435201 0.001592496 0.002659571 0.999995112 6.350957870
0.999999106 -0.001255644 -0.000358921 0.082673483 0.001254256 0.999991775 -0.003841588 -0.098274186 0.000363742 0.003841134 0.999992549 7.630794525
0.999998569 -0.001479076 0.000753434 0.069669314 0.001482238 0.999990046 -0.004214188 -0.124957502 -0.000747197 0.004215298 0.999990821 8.874001503
0.999996841 -0.002398520 0.000920901 0.061389271 0.002401143 0.999992967 -0.002857483 -0.149099410 -0.000914040 0.002859685 0.999995470 10.098452568
0.999994934 -0.003185401 0.000150321 0.041301936 0.003185697 0.999992907 -0.002014811 -0.173749745 -0.000143904 0.002015279 0.999997914 11.265847206
0.999989092 -0.004274744 -0.001832097 0.026104573 0.004270621 0.999988317 -0.002248260 -0.201808333 0.001841688 0.002240412 0.999995768 12.427430153
0.999986172 -0.003831180 -0.003570517 0.014843941 0.003820365 0.999988079 -0.003030924 -0.222667620 0.003582086 0.003017242 0.999988973 13.581758499
0.999980688 -0.003680221 -0.005008332 -0.000543706 0.003664591 0.999988377 -0.003126437 -0.241679505 0.005019782 0.003108023 0.999982536 14.775220871
0.999978364 -0.002225031 -0.006189641 -0.008346692 0.002203482 0.999991477 -0.003486149 -0.261259824 0.006197345 0.003472434 0.999974728 15.949714661
0.999975264 -0.002548085 -0.006553941 -0.024327181 0.002525984 0.999991119 -0.003378232 -0.283921033 0.006562491 0.003361593 0.999972820 17.125049591
0.999971032 -0.003046715 -0.006978564 -0.038484707 0.003025763 0.999990880 -0.003010991 -0.305810750 0.006987675 0.002989788 0.999971092 18.303201675
0.999966085 -0.003607504 -0.007407720 -0.056144200 0.003587454 0.999989927 -0.002718216 -0.332278877 0.007417451 0.002691549 0.999968886 19.471511841
0.999962747 -0.002847376 -0.008149135 -0.073461734 0.002820733 0.999990761 -0.003278972 -0.361224532 0.008158396 0.003255863 0.999961436 20.654745102
0.999956250 -0.003683356 -0.008600177 -0.092141062 0.003640973 0.999981165 -0.004938626 -0.371728748 0.008618206 0.004907096 0.999950826 21.809249878
0.999951780 -0.003279914 -0.009262893 -0.112004347 0.003238012 0.999984503 -0.004535069 -0.400472462 0.009277624 0.004504856 0.999946833 22.973846436
0.999943137 -0.002622134 -0.010329239 -0.120538175 0.002574376 0.999985993 -0.004634162 -0.429157138 0.010341245 0.004607307 0.999935925 24.156822205
0.999945641 -0.002579013 -0.010098145 -0.164181918 0.002525181 0.999982595 -0.005340066 -0.451628923 0.010111741 0.005314276 0.999934793 25.339973450
0.999920487 -0.003055171 -0.012237334 -0.166097000 0.003002541 0.999986172 -0.004316855 -0.487243325 0.012250354 0.004279768 0.999915779 26.476844788
0.999903023 -0.004033458 -0.013327382 -0.179023385 0.003994448 0.999987721 -0.002952341 -0.508035004 0.013339126 0.002898820 0.999906778 27.672439575
0.999894202 -0.004613043 -0.013787634 -0.210802242 0.004578071 0.999986231 -0.002566955 -0.537711024 0.013799285 0.002503563 0.999901652 28.841506958
0.999884069 -0.006357070 -0.013827207 -0.243863583 0.006314694 0.999975324 -0.003106171 -0.569787502 0.013846610 0.003018496 0.999899626 30.041711807
0.999861658 -0.005624062 -0.015651284 -0.257599533 0.005560049 0.999975979 -0.004130353 -0.598099470 0.015674140 0.004042760 0.999868929 31.201637268
0.999858856 -0.005812401 -0.015761713 -0.305685371 0.005735561 0.999971509 -0.004915912 -0.590804875 0.015789839 0.004824817 0.999863744 32.378974915
0.999838531 -0.005532375 -0.017092502 -0.312671363 0.005464504 0.999976993 -0.004015079 -0.641048610 0.017114321 0.003921028 0.999845862 33.566680908
0.999826908 -0.005872682 -0.017658886 -0.342367500 0.005820708 0.999978542 -0.002993275 -0.678933561 0.017676093 0.002889969 0.999839604 34.761688232
0.999802470 -0.007159894 -0.018538298 -0.361797065 0.007090383 0.999967575 -0.003812534 -0.695203006 0.018564992 0.003680338 0.999820888 35.955150604
0.999782383 -0.007551462 -0.019445065 -0.378164977 0.007490063 0.999966681 -0.003228512 -0.744975328 0.019468799 0.003082165 0.999805689 37.143508911
0.999795020 -0.007488902 -0.018810965 -0.429561853 0.007427381 0.999966860 -0.003338217 -0.743527949 0.018835342 0.003197816 0.999817491 38.307826996
0.999802351 -0.007400590 -0.018455004 -0.466046602 0.007360729 0.999970436 -0.002226929 -0.760986626 0.018470939 0.002090645 0.999827266 39.485244751
0.999811828 -0.006680449 -0.018210107 -0.494965732 0.006670387 0.999977469 -0.000613245 -0.806015253 0.018213795 0.000491661 0.999834001 40.690162659
0.999811590 -0.005906897 -0.018495206 -0.524758041 0.005873533 0.999980986 -0.001857693 -0.810081840 0.018505830 0.001748711 0.999827147 41.871326447
0.999823213 -0.004353055 -0.018290885 -0.555844188 0.004312632 0.999988198 -0.002248850 -0.830335200 0.018300461 0.002169571 0.999830246 43.057609558
0.999845922 -0.001451563 -0.017492253 -0.587355852 0.001443424 0.999998808 -0.000477887 -0.846215308 0.017492929 0.000452564 0.999846876 44.262504578
0.999869406 -0.001758292 -0.016066885 -0.605447829 0.001806152 0.999994040 0.002964811 -0.875099480 0.016061578 -0.002993443 0.999866486 45.449489594
0.999906123 -0.001584032 -0.013611933 -0.640459418 0.001660634 0.999982893 0.005618061 -0.887837172 0.013602801 -0.005640138 0.999891579 46.668098450
0.999916255 -0.001021985 -0.012900723 -0.652543068 0.001137880 0.999958992 0.008979483 -0.904252648 0.012891019 -0.008993411 0.999876380 47.852287292
0.999934912 -0.001191248 -0.011349098 -0.675591052 0.001303783 0.999949932 0.009913565 -0.906402588 0.011336721 -0.009927715 0.999886453 49.052871704
0.999942780 -0.003019712 -0.010265546 -0.683377743 0.003106291 0.999959588 0.008428513 -0.916813612 0.010239681 -0.008459918 0.999911726 50.254631042
0.999955177 -0.002469423 -0.009142088 -0.706209540 0.002528349 0.999976099 0.006439591 -0.929588914 0.009125968 -0.006462417 0.999937475 51.442821503
0.999959111 -0.002103394 -0.008792563 -0.709479988 0.002154296 0.999980986 0.005783811 -0.937106967 0.008780230 -0.005802517 0.999944568 52.642417908
0.999962687 -0.002720129 -0.008199582 -0.745363116 0.002765599 0.999980867 0.005539027 -0.956639886 0.008184359 -0.005561497 0.999951005 53.834667206
0.999956787 -0.003483249 -0.008621014 -0.764480233 0.003521108 0.999984324 0.004380101 -0.974592149 0.008605622 -0.004410268 0.999953210 55.031871796
0.999941111 -0.003195336 -0.010368781 -0.784099817 0.003245592 0.999983013 0.004833633 -0.985691190 0.010353159 -0.004867001 0.999934554 56.228290558
0.999915063 -0.004857694 -0.012097285 -0.796032727 0.004919576 0.999974966 0.005090894 -0.992715776 0.012072252 -0.005149975 0.999913812 57.440917969
0.999910116 -0.003276643 -0.013002122 -0.821298838 0.003365625 0.999971032 0.006827793 -1.023918271 0.012979375 -0.006870938 0.999892235 58.620834351
0.999895394 -0.002251318 -0.014290287 -0.833148658 0.002343964 0.999976397 0.006469731 -1.032826424 0.014275384 -0.006502550 0.999876976 59.816295624
0.999888778 -0.001865980 -0.014796144 -0.860411584 0.001963772 0.999976337 0.006597456 -1.057597876 0.014783479 -0.006625778 0.999868751 61.040012360
0.999879837 -0.002909858 -0.015230195 -0.881179035 0.003003997 0.999976516 0.006161867 -1.071393967 0.015211904 -0.006206879 0.999864995 62.226512909
0.999880850 -0.003526511 -0.015028988 -0.919613719 0.003597432 0.999982536 0.004694551 -1.075778246 0.015012174 -0.004748057 0.999876022 63.420623779
0.999867082 -0.003471860 -0.015931627 -0.928107619 0.003560338 0.999978423 0.005528552 -1.080308437 0.015912086 -0.005584539 0.999857843 64.631515503
0.999864340 -0.003485228 -0.016096041 -0.963403940 0.003598802 0.999968827 0.007032555 -1.095854759 0.016071031 -0.007089528 0.999845684 65.820701599
0.999865472 -0.002688105 -0.016182123 -0.998439312 0.002778442 0.999980688 0.005562747 -1.114838362 0.016166858 -0.005606960 0.999853551 67.007385254
0.999861956 -0.000769802 -0.016598897 -1.013429165 0.000831112 0.999992788 0.003687093 -1.117042422 0.016595937 -0.003700379 0.999855399 68.235015869
0.999853671 0.001240062 -0.017062683 -1.032667756 -0.001164114 0.999989331 0.004460359 -1.140355945 0.017068038 -0.004439844 0.999844432 69.427398682
0.999851108 0.003615354 -0.016869953 -1.069192171 -0.003549187 0.999985874 0.003950462 -1.144753933 0.016883999 -0.003890000 0.999849975 70.621055603
0.999850094 0.004846693 -0.016624674 -1.097733617 -0.004773146 0.999978602 0.004460829 -1.164331436 0.016645942 -0.004380810 0.999851942 71.819847107
0.999862194 0.006093851 -0.015442323 -1.125879526 -0.006017224 0.999969304 0.005003825 -1.173160791 0.015472341 -0.004910216 0.999868333 73.012336731
0.999878407 0.008085814 -0.013326851 -1.153316736 -0.008015358 0.999953628 0.005331825 -1.182335615 0.013369347 -0.005224357 0.999897003 74.211357117
0.999918818 0.006933610 -0.010683848 -1.179520130 -0.006899479 0.999970913 0.003228138 -1.201527357 0.010705923 -0.003154163 0.999937654 75.392646790
0.999954820 0.003682741 -0.008755781 -1.177219629 -0.003695223 0.999992073 -0.001409866 -1.229229927 0.008750519 0.001442156 0.999960661 76.591667175
0.999967635 0.005327299 -0.006052858 -1.193192124 -0.005339991 0.999983549 -0.002082531 -1.249581456 0.006041663 0.002114786 0.999979496 77.769760132
0.999985874 0.004387158 -0.003023667 -1.205095410 -0.004380945 0.999988258 0.002058666 -1.273855567 0.003032663 -0.002045390 0.999993265 78.942771912
0.999993026 0.003707040 0.000432937 -1.215085506 -0.003708460 0.999987483 0.003326664 -1.296934128 -0.000420599 -0.003328247 0.999994397 80.093078613
0.999980271 0.004515934 0.004349556 -1.214126110 -0.004520298 0.999989212 0.000994137 -1.309987307 -0.004345020 -0.001013779 0.999990046 81.265769958
0.999953508 0.003858488 0.008831686 -1.316477537 -0.003850950 0.999992132 -0.000870377 -1.496062040 -0.008834977 0.000836327 0.999960542 82.412322998
0.999939084 0.002088383 0.010839301 -1.197914362 -0.002032992 0.999984801 -0.005118669 -1.361706972 -0.010849827 0.005096323 0.999928117 83.610168457
0.999874651 0.002035833 0.015702670 -1.287692070 -0.001956253 0.999985158 -0.005081651 -1.545415640 -0.015712783 0.005050296 0.999863803 84.727096558
0.999818563 0.001979255 0.018945528 -1.261055708 -0.001909017 0.999991238 -0.003724750 -1.567336559 -0.018952737 0.003687908 0.999813557 85.858200073
0.999736011 0.002686716 0.022815395 -1.242797136 -0.002617588 0.999992013 -0.003059161 -1.594351530 -0.022823432 0.002998632 0.999734998 87.038459778
0.999645710 0.002028573 0.026540577 -1.214616776 -0.001885088 0.999983490 -0.005430162 -1.613184810 -0.026551152 0.005378206 0.999633074 88.165168762
0.999545455 0.002265518 0.030061813 -1.189801693 -0.002043384 0.999970317 -0.007417925 -1.647516966 -0.030077728 0.007353127 0.999520540 89.347816467
0.999458373 0.001922603 0.032852896 -1.152754068 -0.001682240 0.999971569 -0.007342420 -1.682634115 -0.032866076 0.007283175 0.999433219 90.502540588
0.999343753 0.000900322 0.036210217 -1.116082191 -0.000661790 0.999978006 -0.006598843 -1.705746412 -0.036215365 0.006570550 0.999322355 91.668235779
0.999246180 0.000463105 0.038817771 -1.073336840 -0.000267869 0.999987245 -0.005034585 -1.730545044 -0.038819604 0.005020393 0.999233603 92.824226379
0.999134243 -0.000034284 0.041602008 -1.027062416 0.000181736 0.999993742 -0.003540619 -1.751697779 -0.041601617 0.003545113 0.999127984 93.980590820
0.999040902 -0.001607537 0.043756418 -0.983461380 0.001719804 0.999995291 -0.002528212 -1.773536325 -0.043752149 0.002601040 0.999038994 95.115684509
0.998911202 -0.002956701 0.046556845 -0.930318832 0.003203153 0.999981225 -0.005219876 -1.793558359 -0.046540529 0.005363321 0.998901963 96.268661499
0.998810112 -0.004487880 0.048560664 -0.880422592 0.004884276 0.999955654 -0.008047330 -1.840597868 -0.048522394 0.008274937 0.998787820 97.433570862
0.998709857 -0.003313022 0.050670184 -0.829487324 0.003890584 0.999928415 -0.011304086 -1.846745491 -0.050629102 0.011486640 0.998651505 98.571815491
0.998621166 -0.003685661 0.052365433 -0.769577026 0.004319066 0.999918818 -0.011987847 -1.885391831 -0.052317005 0.012197485 0.998555958 99.784133911
0.998629749 -0.003655252 0.052204378 -0.704002380 0.004256669 0.999925852 -0.011413921 -1.914953232 -0.052158788 0.011620496 0.998571098 100.951522827
0.998682857 -0.003233274 0.051206592 -0.640166283 0.003748952 0.999943256 -0.009977713 -1.931906700 -0.051171426 0.010156542 0.998638153 102.123168945
0.998716414 -0.004170478 0.050480131 -0.600517273 0.004586013 0.999956489 -0.008118637 -1.974471331 -0.050444085 0.008339715 0.998691976 103.308845520
0.998833299 -0.003677396 0.048150577 -0.545969963 0.004035085 0.999964893 -0.007333566 -1.996283531 -0.048121918 0.007519301 0.998813093 104.495796204
0.998934567 -0.003279882 0.046035305 -0.496751785 0.003601944 0.999969661 -0.006914755 -2.027362585 -0.046011236 0.007073204 0.998915851 105.694557190
0.999076366 -0.002814978 0.042878293 -0.450609207 0.003122297 0.999969900 -0.007101912 -2.055498600 -0.042857010 0.007229231 0.999055028 106.896972656
0.999249458 -0.001631120 0.038702957 -0.405773640 0.001928895 0.999968767 -0.007657759 -2.080200195 -0.038689256 0.007726665 0.999221385 108.104888916
0.999374330 -0.001555520 0.035335902 -0.380774975 0.001801859 0.999974310 -0.006940552 -2.111739159 -0.035324194 0.006999879 0.999351382 109.274925232
0.999476194 -0.000655055 0.032357890 -0.389997482 0.000852422 0.999981165 -0.006086086 -2.133229971 -0.032353289 0.006110481 0.999457777 110.448936462
0.999638081 -0.000337958 0.026904386 -0.314151287 0.000478763 0.999986231 -0.005227279 -2.159410000 -0.026902251 0.005238268 0.999624372 111.691680908
0.999750018 -0.000310536 0.022356056 -0.296403408 0.000415834 0.999988854 -0.004705621 -2.186989307 -0.022354342 0.004713742 0.999738991 112.876434326
0.999844909 0.000156690 0.017611353 -0.273296356 -0.000078432 0.999989986 -0.004444193 -2.214220524 -0.017611874 0.004442122 0.999835074 114.119873047
0.999921679 0.000794048 0.012490414 -0.265098810 -0.000738856 0.999989927 -0.004422618 -2.237431765 -0.012493801 0.004413042 0.999912262 115.328529358
0.999969602 0.001258350 0.007694753 -0.257151186 -0.001220603 0.999987125 -0.004908238 -2.263748646 -0.007700831 0.004898696 0.999958336 116.545776367
0.999993443 0.002297154 0.002783169 -0.260656387 -0.002282942 0.999984384 -0.005099152 -2.290432453 -0.002794838 0.005092765 0.999983072 117.751632690
0.999990463 0.004305712 -0.000758570 -0.263675272 -0.004309784 0.999975860 -0.005451971 -2.315448761 0.000735077 0.005455188 0.999984860 118.981620789
0.999978364 0.005999331 -0.002694052 -0.274445057 -0.006014111 0.999966681 -0.005511795 -2.335991859 0.002660896 0.005527879 0.999981165 120.205909729
0.999966204 0.007150236 -0.004044047 -0.275286227 -0.007174144 0.999956727 -0.005928874 -2.360323668 0.004001480 0.005957689 0.999974191 121.439857483
0.999941587 0.009730658 -0.004699868 -0.305131584 -0.009755587 0.999938309 -0.005310257 -2.397784710 0.004647906 0.005355796 0.999974847 122.682868958
0.999916792 0.011522311 -0.005796749 -0.309788793 -0.011547895 0.999923646 -0.004399209 -2.424680471 0.005745620 0.004465782 0.999973536 123.912887573
0.999921381 0.010787215 -0.006378502 -0.330733597 -0.010814794 0.999932170 -0.004304831 -2.445266247 0.006331634 0.004373475 0.999970376 125.159004211
0.999870658 0.014624222 -0.006690932 -0.359542519 -0.014641646 0.999889433 -0.002562468 -2.460191727 0.006652719 0.002660102 0.999974251 126.390876770
0.999850929 0.015408317 -0.007792518 -0.366831362 -0.015402541 0.999881148 0.000800534 -2.482740641 0.007803926 -0.000680390 0.999969244 127.645324707
0.999862015 0.014291283 -0.008474076 -0.376816630 -0.014288763 0.999897838 0.000358018 -2.508942842 0.008478328 -0.000236884 0.999963999 128.882766724
0.999857068 0.014382708 -0.008885053 -0.402260900 -0.014394696 0.999895513 -0.001286626 -2.524962902 0.008865620 0.001414340 0.999959707 130.141784668
0.999892950 0.011374115 -0.009203590 -0.425185442 -0.011374066 0.999935210 0.000057851 -2.551779985 0.009203650 0.000046838 0.999957621 131.392944336
0.999909937 0.008906202 -0.010041042 -0.439270318 -0.008890576 0.999959171 0.001599828 -2.562451124 0.010054881 -0.001510414 0.999948263 132.637786865
0.999927282 0.005831491 -0.010554370 -0.446640790 -0.005793771 0.999976754 0.003600881 -2.584151268 0.010575124 -0.003539470 0.999937832 133.914245605
0.999930382 0.003803173 -0.011162314 -0.456645012 -0.003748335 0.999980927 0.004929623 -2.602703094 0.011180848 -0.004887440 0.999925554 135.172805786
0.999939084 -0.000239983 -0.011035279 -0.467144489 0.000270416 0.999996185 0.002756209 -2.618646383 0.011034575 -0.002759025 0.999935329 136.455825806
0.999934435 -0.003014749 -0.011053169 -0.480115771 0.003034977 0.999993742 0.001814039 -2.634785891 0.011047634 -0.001847466 0.999937236 137.710617065
0.999931514 -0.004169353 -0.010927536 -0.494607329 0.004189825 0.999989390 0.001851109 -2.660910845 0.010919702 -0.001896767 0.999938488 138.989578247
0.999935031 -0.004293493 -0.010558188 -0.514996827 0.004313979 0.999988735 0.001918228 -2.675017357 0.010549834 -0.001963651 0.999942362 140.248153687
0.999947965 -0.004669831 -0.009064723 -0.549041033 0.004716656 0.999975562 0.005151205 -2.737563372 0.009040449 -0.005193693 0.999945581 141.603027344
0.999953091 -0.002636052 -0.009318317 -0.545623004 0.002699054 0.999973536 0.006755043 -2.751624346 0.009300264 -0.006779877 0.999933779 142.864746094
0.999964952 -0.002803222 -0.007890928 -0.581908286 0.002843620 0.999982893 0.005113192 -2.772188663 0.007876460 -0.005135452 0.999955714 144.155487061
0.999972880 -0.001930029 -0.007120565 -0.596926510 0.001955192 0.999991894 0.003528266 -2.790549755 0.007113697 -0.003542092 0.999968410 145.426239014
0.999971330 -0.001036652 -0.007499491 -0.600205064 0.001034500 0.999999404 -0.000290835 -2.770131111 0.007499789 0.000283068 0.999971807 146.635742188
0.999971211 -0.002707842 -0.007092868 -0.616961598 0.002676342 0.999986589 -0.004446423 -2.796495676 0.007104814 0.004427312 0.999964952 147.910171509
0.999973714 -0.003511640 -0.006337808 -0.630008101 0.003469818 0.999972224 -0.006598137 -2.863693237 0.006360801 0.006575971 0.999958158 149.227798462
0.999976039 -0.003431343 -0.006012213 -0.639283419 0.003386766 0.999966860 -0.007408972 -2.900502205 0.006037436 0.007388434 0.999954522 150.492507935
0.999972224 -0.004022062 -0.006281879 -0.650840998 0.003976317 0.999965549 -0.007277872 -2.922894955 0.006310933 0.007252692 0.999953806 151.747009277
0.999970913 -0.003368411 -0.006841160 -0.647471786 0.003322520 0.999971926 -0.006708065 -2.951662064 0.006863562 0.006685141 0.999954164 153.011444092
0.999972999 -0.002999428 -0.006709081 -0.675160170 0.002962014 0.999980092 -0.005579135 -2.984233618 0.006725681 0.005559112 0.999961913 154.263504028
0.999971628 -0.002301877 -0.007168786 -0.684401751 0.002265075 0.999984264 -0.005137349 -3.005363464 0.007180499 0.005120965 0.999961078 155.539459229
0.999967754 -0.002277701 -0.007715374 -0.696891308 0.002232663 0.999980569 -0.005840971 -3.037755728 0.007728527 0.005823555 0.999953151 156.774673462
0.999963582 -0.001872672 -0.008324949 -0.716243744 0.001823834 0.999981105 -0.005870451 -3.056676149 0.008335785 0.005855054 0.999948084 158.033813477
0.999957442 -0.001912123 -0.009021394 -0.730858862 0.001874839 0.999989688 -0.004139862 -3.100041151 0.009029217 0.004122773 0.999950707 159.300628662
0.999953210 -0.001144145 -0.009601889 -0.750776887 0.001107840 0.999992251 -0.003785559 -3.126880169 0.009606143 0.003774744 0.999946713 160.567550659
0.999944508 -0.001517732 -0.010428319 -0.772964358 0.001471653 0.999989152 -0.004425043 -3.160595894 0.010434924 0.004409450 0.999935806 161.834716797
0.999942482 -0.000271181 -0.010723396 -0.796432376 0.000206500 0.999981821 -0.006032421 -3.182021379 0.010724837 0.006029859 0.999924302 163.078094482
0.999938488 -0.000018328 -0.011092419 -0.816471934 -0.000047435 0.999982536 -0.005928420 -3.219666719 0.011092333 0.005928582 0.999920845 164.353469849
0.999924064 -0.000462739 -0.012315071 -0.832574368 0.000379415 0.999976993 -0.006767179 -3.248194456 0.012317924 0.006761994 0.999901175 165.626312256
0.999913514 0.000126996 -0.013150935 -0.855207801 -0.000230054 0.999969304 -0.007835324 -3.276656151 0.013149537 0.007837672 0.999882758 166.888275146
0.999904037 0.000184653 -0.013846351 -0.878825665 -0.000288304 0.999971986 -0.007484262 -3.311600924 0.013844580 0.007487533 0.999876082 168.157760620
0.999893248 -0.000121777 -0.014608489 -0.909061909 0.000029160 0.999979973 -0.006339987 -3.342780590 0.014608970 0.006338885 0.999873161 169.419494629
0.999885201 0.000073344 -0.015149808 -0.922524333 -0.000157119 0.999984682 -0.005528667 -3.376056910 0.015149173 0.005530412 0.999869943 170.671920776
0.999870598 0.000972888 -0.016054466 -0.953157544 -0.001047212 0.999988735 -0.004621606 -3.414561749 0.016049789 0.004637820 0.999860406 171.928665161
0.999862432 0.001353940 -0.016530883 -0.981462479 -0.001436796 0.999986410 -0.005001422 -3.428721428 0.016523885 0.005024485 0.999850750 173.186965942
0.999845862 0.000940755 -0.017529745 -1.001370907 -0.001037103 0.999984384 -0.005487931 -3.479660988 0.017524309 0.005505265 0.999831200 174.469329834
0.999850094 0.002315004 -0.017161017 -1.062499404 -0.002427216 0.999975860 -0.006521071 -3.486709118 0.017145505 0.006561747 0.999831498 175.725433350
0.999830544 0.002823081 -0.018196626 -1.066066504 -0.002935563 0.999976695 -0.006157644 -3.511706352 0.018178822 0.006210017 0.999815464 176.975952148
0.999837875 0.002792272 -0.017788975 -1.132786036 -0.002925603 0.999967754 -0.007473492 -3.546078920 0.017767534 0.007524323 0.999813855 178.212417603
0.999827743 0.000957295 -0.018530510 -1.123157024 -0.001119809 0.999961138 -0.008761677 -3.578411102 0.018521400 0.008780921 0.999789834 179.485885620
0.999819815 -0.001852710 -0.018883765 -1.151388407 0.001697997 0.999964952 -0.008205608 -3.617966652 0.018898303 0.008172068 0.999788046 180.760681152
0.999813557 -0.001902326 -0.019220773 -1.175153494 0.001815085 0.999988019 -0.004555550 -3.648002625 0.019229203 0.004519812 0.999804974 182.000930786
0.999814689 -0.002597753 -0.019074786 -1.219360113 0.002595062 0.999996662 -0.000165660 -3.673397541 0.019075150 0.000116129 0.999818146 183.288467407
0.999809623 -0.001604691 -0.019445339 -1.237173796 0.001587692 0.999998331 -0.000889766 -3.699934483 0.019446734 0.000858724 0.999810636 184.513732910
0.999841452 -0.000228749 -0.017806005 -1.294186831 0.000150682 0.999990344 -0.004385596 -3.721843719 0.017806841 0.004382218 0.999831855 185.754623413
0.999807417 -0.000446495 -0.019615555 -1.297837734 0.000328766 0.999981880 -0.006004632 -3.749106884 0.019617878 0.005997027 0.999789536 187.010467529
0.999812245 -0.000043006 -0.019371957 -1.340876579 -0.000067398 0.999983728 -0.005698467 -3.774798870 0.019371884 0.005698703 0.999796152 188.271392822
0.999807239 -0.001446103 -0.019578138 -1.362708807 0.001358696 0.999989033 -0.004477097 -3.806363344 0.019584397 0.004449634 0.999798298 189.532135010
0.999809802 -0.000762957 -0.019484226 -1.388912916 0.000717816 0.999997079 -0.002323683 -3.837770939 0.019485937 0.002309256 0.999807417 190.743560791
0.999826729 -0.001825144 -0.018521827 -1.429985046 0.001798359 0.999997377 -0.001462642 -3.867552519 0.018524449 0.001429080 0.999827385 192.052627563
0.999856353 -0.000638810 -0.016937107 -1.455218315 0.000596217 0.999996722 -0.002519721 -3.891620636 0.016938662 0.002509261 0.999853313 193.253768921
0.999860704 -0.003326785 -0.016356753 -1.439688325 0.003264438 0.999987483 -0.003837242 -3.924948215 0.016369313 0.003783313 0.999858797 194.476791382
0.999880850 -0.003842076 -0.014949020 -1.472234488 0.003766966 0.999980271 -0.005049240 -3.958468199 0.014968123 0.004992327 0.999875486 195.727615356
0.999897659 -0.004318792 -0.013642519 -1.501585484 0.004240041 0.999974251 -0.005796086 -3.987831831 0.013667200 0.005737648 0.999890149 196.956954956
0.999921620 -0.003578185 -0.012000829 -1.530443668 0.003522105 0.999982834 -0.004690878 -4.030668259 0.012017407 0.004648241 0.999916971 198.170593262
0.999924242 -0.005183064 -0.011160024 -1.529954672 0.005153426 0.999983132 -0.002682665 -4.063623905 0.011173740 0.002624950 0.999934077 199.368194580
0.999952316 -0.003607532 -0.009059966 -1.578652263 0.003585445 0.999990642 -0.002452537 -4.096224785 0.009068727 0.002419937 0.999956012 200.576370239
0.999952495 -0.003420938 -0.009130778 -1.548151016 0.003397344 0.999990880 -0.002598318 -4.107946873 0.009139583 0.002567175 0.999954879 201.797439575
0.999961674 -0.003071923 -0.008204362 -1.562243342 0.003048639 0.999991238 -0.002849289 -4.127025604 0.008213043 0.002824167 0.999962330 202.999740601
0.999971807 -0.003224294 -0.006772246 -1.583053231 0.003207450 0.999991715 -0.002496757 -4.156130791 0.006780241 0.002474965 0.999974012 204.201553345
0.999984920 -0.002363473 -0.004961027 -1.615399361 0.002350679 0.999993920 -0.002583295 -4.186727047 0.004967103 0.002571594 0.999984384 205.422271729
0.999982893 -0.003183452 -0.004913282 -1.619091034 0.003170352 0.999991417 -0.002671802 -4.205944538 0.004921746 0.002656180 0.999984384 206.603897095
0.999977767 -0.004193549 -0.005176213 -1.598520279 0.004181256 0.999988377 -0.002383665 -4.234646320 0.005186148 0.002361969 0.999983788 207.726654053
0.999980628 -0.004044866 -0.004722442 -1.622999191 0.004037501 0.999990642 -0.001568333 -4.266036034 0.004728741 0.001549236 0.999987662 208.890945435
0.999986589 -0.002073944 -0.004748409 -1.621952772 0.002067256 0.999996901 -0.001413042 -4.277908325 0.004751325 0.001403207 0.999987721 210.028015137
0.999985099 -0.002119629 -0.005033279 -1.633101225 0.002111971 0.999996603 -0.001526788 -4.305751801 0.005036498 0.001516135 0.999986172 211.127868652
0.999984026 -0.001215414 -0.005540468 -1.654445648 0.001204114 0.999997199 -0.002042631 -4.346997261 0.005542935 0.002035926 0.999982595 212.222076416
0.999971986 -0.003544084 -0.006583173 -1.669158459 0.003532356 0.999992132 -0.001792323 -4.375385284 0.006589473 0.001769018 0.999976695 213.228500366
0.999968529 -0.003627884 -0.007052821 -1.681953669 0.003615781 0.999992013 -0.001727889 -4.405883789 0.007059034 0.001702334 0.999973536 214.293167114
0.999967635 -0.001638200 -0.007874805 -1.685683250 0.001616142 0.999994755 -0.002806811 -4.422735214 0.007879361 0.002793993 0.999965072 215.404403687
0.999949455 -0.001817264 -0.009889333 -1.699873805 0.001798465 0.999996543 -0.001909425 -4.444152355 0.009892770 0.001891542 0.999949276 216.428085327
0.999929190 -0.003293009 -0.011437310 -1.719774127 0.003287185 0.999994457 -0.000527657 -4.464358330 0.011438985 0.000490023 0.999934375 217.471252441
0.999907553 -0.003273668 -0.013205266 -1.744279981 0.003285127 0.999994278 0.000846209 -4.482932568 0.013202422 -0.000889511 0.999912441 218.501800537
0.999869227 -0.002538298 -0.015971268 -1.756990433 0.002553235 0.999996245 0.000914899 -4.504753590 0.015968885 -0.000955558 0.999872029 219.498306274
0.999826968 -0.002667701 -0.018412463 -1.781978369 0.002681141 0.999996185 0.000705308 -4.532487392 0.018410511 -0.000754553 0.999830186 220.484390259
0.999768496 -0.002643134 -0.021352826 -1.809142828 0.002648421 0.999996483 0.000219313 -4.543591022 0.021352168 -0.000275814 0.999771953 221.463668823
0.999690473 -0.001934294 -0.024807805 -1.826880932 0.001962112 0.999997497 0.001097104 -4.566823959 0.024805630 -0.001145440 0.999691606 222.380554199
0.999609172 -0.001543043 -0.027913798 -1.853944778 0.001578318 0.999998033 0.001241641 -4.591897964 0.027911829 -0.001285213 0.999609530 223.318832397
0.999538362 -0.001923838 -0.030321267 -1.898980141 0.001947047 0.999997854 0.000735785 -4.611539364 0.030319789 -0.000794482 0.999539852 224.224105835
0.999438822 -0.002607067 -0.033399414 -1.933387280 0.002586658 0.999996483 -0.000654315 -4.612553120 0.033400998 0.000567555 0.999441862 225.080810547
0.999333024 -0.001834990 -0.036472857 -1.976101875 0.001819676 0.999998271 -0.000453105 -4.639243603 0.036473621 0.000386434 0.999334514 225.942169189
0.999223351 -0.001048135 -0.039388169 -2.012651920 0.001001901 0.999998748 -0.001193492 -4.657638550 0.039389368 0.001153102 0.999223351 226.762496948
0.999124467 0.001010515 -0.041824922 -2.052495480 -0.001093760 0.999997437 -0.001967519 -4.666915417 0.041822832 0.002011542 0.999122977 227.586456299
0.999086618 0.001206618 -0.042716686 -2.089529037 -0.001247266 0.999998808 -0.000924896 -4.694843769 0.042715516 0.000977330 0.999086797 228.370452881
0.999086857 0.000900820 -0.042716432 -2.122717381 -0.000896232 0.999999642 0.000126624 -4.714262962 0.042716529 -0.000088224 0.999087214 229.156311035
0.999116778 0.001042704 -0.042007372 -2.163848400 -0.001011534 0.999999166 0.000763168 -4.731905460 0.042008139 -0.000720001 0.999116957 229.905868530
0.999128938 0.001029005 -0.041716050 -2.196892738 -0.001005032 0.999999285 0.000595702 -4.750568390 0.041716639 -0.000553257 0.999129355 230.650009155
0.999149561 0.001487467 -0.041207287 -2.231116772 -0.001549158 0.999997735 -0.001465203 -4.766387463 0.041205019 0.001527794 0.999149621 231.389526367
0.999177754 0.001504624 -0.040515490 -2.259078503 -0.001648925 0.999992430 -0.003528433 -4.783558369 0.040509872 0.003592339 0.999172628 232.114944458
0.999225974 0.001512022 -0.039310057 -2.292202950 -0.001700519 0.999987185 -0.004762114 -4.803967476 0.039302364 0.004825275 0.999215603 232.839721680
0.999257743 0.001714565 -0.038484141 -2.314535141 -0.001923996 0.999983370 -0.005405557 -4.819048882 0.038474243 0.005475588 0.999244571 233.564453125
0.999341369 0.001905467 -0.036236312 -2.350433350 -0.002114792 0.999981284 -0.005739054 -4.832638264 0.036224704 0.005811906 0.999326766 234.285064697
0.999406636 0.001661440 -0.034401767 -2.377591133 -0.001866553 0.999980628 -0.005930964 -4.851242065 0.034391254 0.005991658 0.999390543 235.004714966
0.999474049 0.001486487 -0.032392718 -2.406035900 -0.001670393 0.999982655 -0.005650987 -4.873550892 0.032383751 0.005702123 0.999459326 235.715225220
0.999527633 0.000656844 -0.030724660 -2.418401241 -0.000858362 0.999978185 -0.006546007 -4.883662224 0.030719684 0.006569287 0.999506414 236.423873901
0.999618649 0.000921318 -0.027596721 -2.449559689 -0.001071772 0.999984622 -0.005437558 -4.911130905 0.027591290 0.005465062 0.999604285 237.129013062
0.999698997 -0.000146469 -0.024535919 -2.468055487 0.000029251 0.999988616 -0.004777604 -4.927498817 0.024536343 0.004775449 0.999687493 237.826766968
0.999770999 -0.000752707 -0.021385062 -2.486669779 0.000655211 0.999989390 -0.004565564 -4.946544170 0.021388268 0.004550507 0.999760866 238.535186768
0.999826849 -0.001115486 -0.018570522 -2.501690865 0.001033545 0.999989748 -0.004421360 -4.961982250 0.018575260 0.004401401 0.999817789 239.229904175
0.999881983 -0.001131186 -0.015312143 -2.514346600 0.001054595 0.999986887 -0.005009411 -4.974748611 0.015317610 0.004992673 0.999870121 239.916717529
0.999930382 -0.001734145 -0.011671735 -2.534425020 0.001672593 0.999984682 -0.005281474 -4.990210533 0.011680713 0.005261583 0.999917865 240.595687866
0.999957561 -0.000016939 -0.009211406 -2.537557125 -0.000041412 0.999980032 -0.006334485 -5.003029346 0.009211328 0.006334598 0.999937475 241.284973145
0.999977112 0.000004320 -0.006763742 -2.539395571 -0.000049138 0.999978065 -0.006626277 -5.022316933 0.006763565 0.006626457 0.999955118 241.981857300
0.999993742 0.000646085 -0.003451395 -2.549993753 -0.000667098 0.999981344 -0.006091050 -5.035435677 0.003447395 0.006093315 0.999975502 242.680252075
0.999998987 0.001261119 -0.000496613 -2.556506395 -0.001264079 0.999981165 -0.006012684 -5.044325352 0.000489020 0.006013306 0.999981821 243.374496460
0.999998748 0.000657254 0.001432507 -2.555309296 -0.000648958 0.999983072 -0.005785899 -5.067188263 -0.001436286 0.005784961 0.999982238 244.093627930
0.999994397 -0.000348838 0.003339544 -2.560195446 0.000370161 0.999979615 -0.006386184 -5.090207100 -0.003337249 0.006387384 0.999974012 244.794387817
0.999987900 0.000670635 0.004876964 -2.550520897 -0.000623284 0.999952734 -0.009704607 -5.102746964 -0.004883242 0.009701449 0.999941051 245.513992310
0.999982655 -0.000072339 0.005905662 -2.549890280 0.000143124 0.999928117 -0.011986718 -5.115877151 -0.005904371 0.011987355 0.999910712 246.238555908
0.999954104 0.002466740 0.009272279 -2.566397429 -0.002375144 0.999948382 -0.009877091 -5.142046928 -0.009296166 0.009854615 0.999908209 247.003067017
0.999959052 0.000560592 0.009042024 -2.562872887 -0.000466698 0.999945939 -0.010383232 -5.162247181 -0.009047356 0.010378586 0.999905229 247.745376587
0.999955356 0.002850145 0.009009869 -2.554609537 -0.002752533 0.999937594 -0.010827897 -5.178019047 -0.009040170 0.010802613 0.999900758 248.487930298
0.999948442 0.003426791 0.009556365 -2.553206682 -0.003316785 0.999928355 -0.011503351 -5.195787430 -0.009595101 0.011471060 0.999888182 249.248031616
0.999952674 0.002159951 0.009484711 -2.546790361 -0.002034018 0.999909937 -0.013266737 -5.213568687 -0.009512513 0.013246818 0.999866962 249.977111816
0.999949157 -0.001815846 0.009919238 -2.541198254 0.001966547 0.999882519 -0.015204017 -5.238390446 -0.009890464 0.015222752 0.999835312 250.735107422
0.999932170 -0.004990486 0.010520184 -2.530307055 0.005162274 0.999852717 -0.016366221 -5.253118515 -0.010436960 0.016419416 0.999810755 251.489059448
0.999938548 -0.002905216 0.010694918 -2.518831491 0.003038540 0.999917567 -0.012471153 -5.271972179 -0.010657807 0.012502886 0.999865115 252.274459839
0.999907315 0.005185522 0.012592505 -2.520780325 -0.005093573 0.999960184 -0.007323359 -5.254273415 -0.012629977 0.007258541 0.999893844 253.009384155
0.999901950 0.003923379 0.013450698 -2.511868715 -0.003873664 0.999985576 -0.003720065 -5.280263901 -0.013465097 0.003667598 0.999902546 253.789489746
0.999866545 0.003446878 0.015971571 -2.494972229 -0.003355813 0.999978006 -0.005724979 -5.295616150 -0.015990954 0.005670619 0.999855995 254.588668823
0.999802947 0.003732734 0.019498218 -2.478978157 -0.003503388 0.999924481 -0.011783114 -5.316835403 -0.019540729 0.011712482 0.999740422 255.366317749
0.999721348 0.004284585 0.023213491 -2.474817753 -0.003921274 0.999869525 -0.015673757 -5.324536800 -0.023277618 0.015578368 0.999607623 256.203582764
0.999631047 0.006349410 0.026408987 -2.459069729 -0.005944921 0.999864280 -0.015366776 -5.344753265 -0.026502974 0.015204107 0.999533057 257.018646240
0.999553442 0.004752887 0.029501690 -2.429820061 -0.004366341 0.999903977 -0.013153105 -5.369734764 -0.029561369 0.013018419 0.999478161 257.854675293
0.999467313 0.002143227 0.032564905 -2.401814461 -0.001800425 0.999942720 -0.010552399 -5.379300594 -0.032585658 0.010488149 0.999413908 258.677886963
0.999380112 -0.000579922 0.035202365 -2.372952461 0.000909915 0.999955833 -0.009358896 -5.400966644 -0.035195377 0.009385124 0.999336362 259.512237549
0.999240637 0.002725800 0.038868159 -2.337305069 -0.002417430 0.999965250 -0.007978687 -5.438567162 -0.038888555 0.007878666 0.999212444 260.355957031
0.999114811 0.005290396 0.041732460 -2.309843063 -0.004879687 0.999938786 -0.009937244 -5.459258556 -0.041782469 0.009724804 0.999079347 261.193481445
0.999037981 0.006581227 0.043356776 -2.282969475 -0.006031363 0.999899924 -0.012800817 -5.491505623 -0.043436676 0.012527001 0.998977602 262.026672363
0.998879313 0.006677612 0.046854667 -2.269866943 -0.006124129 0.999909997 -0.011946311 -5.532150269 -0.046930220 0.011645983 0.998830199 262.852294922
0.998751938 0.008092978 0.049285378 -2.228659630 -0.007578080 0.999914825 -0.010625186 -5.538462639 -0.049367156 0.010238438 0.998728216 263.686370850
0.998588562 0.009996057 0.052161694 -2.180133820 -0.009519690 0.999910772 -0.009372951 -5.556816101 -0.052250735 0.008863160 0.998594642 264.560699463
0.998434961 0.010019376 0.055020303 -2.142431259 -0.009495433 0.999907136 -0.009775919 -5.574244499 -0.055113137 0.009238178 0.998437345 265.393493652
0.998269796 0.010661229 0.057825126 -2.100772858 -0.010091053 0.999897599 -0.010143382 -5.598211288 -0.057927348 0.009542316 0.998275161 266.242065430
0.998124540 0.010170591 0.060364287 -2.043619156 -0.009470787 0.999884784 -0.011867870 -5.599235535 -0.060478032 0.011273916 0.998105884 267.096954346
0.998032510 0.005634153 0.062444735 -2.002630234 -0.005026242 0.999938488 -0.009888005 -5.642089367 -0.062496603 0.009554689 0.997999430 267.933471680
0.998002350 0.005411691 0.062943794 -1.944873810 -0.004775442 0.999936104 -0.010254290 -5.659896851 -0.062995255 0.009933220 0.997964442 268.770874023
0.997953475 0.004711939 0.063770726 -1.901006699 -0.004064780 0.999939084 -0.010274167 -5.683129787 -0.063815251 0.009993929 0.997911632 269.623748779
0.997927427 0.003657532 0.064245731 -1.853790283 -0.003058567 0.999951005 -0.009418885 -5.718743801 -0.064277023 0.009202866 0.997889638 270.480743408
0.997934759 0.004720616 0.064061783 -1.799779892 -0.004111253 0.999945104 -0.009640592 -5.728323936 -0.064103760 0.009357307 0.997899473 271.340820312
0.997978449 0.004850604 0.063368320 -1.740875244 -0.004293733 0.999951065 -0.008921077 -5.752161980 -0.063408487 0.008630956 0.997950315 272.197387695
0.998053312 0.005048477 0.062161781 -1.695362091 -0.004428627 0.999939084 -0.010105332 -5.772194862 -0.062209014 0.009810369 0.998014927 273.059967041
0.998139262 0.005131584 0.060759559 -1.649906158 -0.004501002 0.999934673 -0.010510630 -5.803830147 -0.060809523 0.010217593 0.998097062 273.919464111
0.998256326 0.006090216 0.058713272 -1.600234985 -0.005423355 0.999919057 -0.011510611 -5.822414398 -0.058778618 0.011172119 0.998208523 274.774139404
0.998308361 0.008561702 0.057507865 -1.558850288 -0.007866602 0.999893367 -0.012302535 -5.835155964 -0.057607058 0.011829331 0.998269260 275.619628906
0.998407423 0.008544438 0.055763867 -1.524819374 -0.007883274 0.999896049 -0.012065840 -5.873437881 -0.055861171 0.011607022 0.998371065 276.472900391
0.998525560 0.009678358 0.053414177 -1.482374191 -0.009072368 0.999891818 -0.011575971 -5.895153046 -0.053520437 0.011074308 0.998505294 277.317565918
0.998666644 0.008983186 0.050834838 -1.447887421 -0.008471495 0.999911368 -0.010272307 -5.917757034 -0.050922606 0.009827965 0.998654187 278.174743652
0.998873115 0.007940772 0.046790455 -1.420363426 -0.007579647 0.999940097 -0.007890272 -5.943493843 -0.046850309 0.007526725 0.998873532 279.005462646
0.999102116 0.006605539 0.041845288 -1.379186630 -0.006362143 0.999962091 -0.005947044 -5.967409134 -0.041882977 0.005675479 0.999106407 279.864196777
0.999282479 0.005851663 0.037420031 -1.360892296 -0.005682370 0.999973118 -0.004628828 -5.991942883 -0.037446111 0.004412872 0.999288917 280.700927734
0.999460638 0.006020949 0.032282673 -1.334066391 -0.005896473 0.999974847 -0.003949559 -6.007833481 -0.032305643 0.003757074 0.999470949 281.511260986
0.999602318 0.005537591 0.027652737 -1.321213722 -0.005447219 0.999979615 -0.003342311 -6.027397633 -0.027670685 0.003190352 0.999611974 282.317352295
0.999728978 0.004051970 0.022926943 -1.303228378 -0.003979129 0.999986947 -0.003221799 -6.045414448 -0.022939701 0.003129696 0.999731958 283.122039795
0.999805570 0.004032933 0.019306412 -1.303413391 -0.003967772 0.999986351 -0.003412222 -6.065811634 -0.019319909 0.003334953 0.999807835 283.894775391
0.999876738 0.004317971 0.015094760 -1.292664051 -0.004266568 0.999985039 -0.003435686 -6.087137699 -0.015109370 0.003370859 0.999880195 284.658203125
0.999931574 0.004289928 0.010890021 -1.280768633 -0.004250846 0.999984503 -0.003609333 -6.099719048 -0.010905337 0.003562794 0.999934256 285.408416748
