0.999998808 0.000411041 0.001444150 0.114438534 -0.000411304 0.999999821 0.000181546 -0.065436602 -0.001444075 -0.000182140 0.999998927 1.470373750
0.999993145 -0.002301112 -0.002895275 0.000145474 0.002310553 0.999991953 0.003261598 -0.027633958 0.002887746 -0.003268265 0.999990463 3.088797569
0.999999166 0.001069397 -0.000685448 0.052183710 -0.001069313 0.999999404 0.000122870 -0.076543026 0.000685580 -0.000122137 0.999999762 4.553082943
0.999996006 0.002626321 -0.001023213 0.019800220 -0.002626646 0.999996483 -0.000316750 -0.096930392 0.001022377 0.000319434 0.999999344 6.059263229
0.999995112 0.002578655 -0.001770435 -0.010503186 -0.002578808 0.999996662 -0.000083752 -0.116409570 0.001770214 0.000088317 0.999998450 7.580707073
0.999994159 0.001928263 -0.002814496 -0.047546364 -0.001927665 0.999998033 0.000215203 -0.134901911 0.002814913 -0.000209777 0.999995947 9.090874672
0.999993443 0.000072191 -0.003623259 -0.081476107 -0.000073783 0.999999881 -0.000439133 -0.159594953 0.003623227 0.000439398 0.999993324 10.601808548
0.999988735 -0.001210828 -0.004574119 -0.105520330 0.001210473 0.999999285 -0.000080414 -0.184233651 0.004574212 0.000074878 0.999989510 12.104795456
0.999987900 -0.000815326 -0.004844294 -0.145919204 0.000814697 0.999999642 -0.000131798 -0.206196114 0.004844400 0.000127850 0.999988258 13.604646683
0.999984503 0.000248438 -0.005547389 -0.170387104 -0.000248596 0.999999940 -0.000027818 -0.231775105 0.005547382 0.000029196 0.999984622 15.101343155
0.999976873 0.000852795 -0.006746584 -0.183767587 -0.000846668 0.999999225 0.000910972 -0.255389839 0.006747356 -0.000905239 0.999976814 16.588134766
0.999963939 0.001157130 -0.008429131 -0.194518074 -0.001135573 0.999996006 0.002561796 -0.273405194 0.008432066 -0.002552131 0.999961197 18.063785553
0.999961555 0.002794557 -0.008312644 -0.220164806 -0.002769677 0.999991655 0.003003053 -0.292422831 0.008320964 -0.002979914 0.999960899 19.560445786
0.999953985 0.001752195 -0.009428938 -0.244646311 -0.001724062 0.999994040 0.002990967 -0.294542670 0.009434123 -0.002974574 0.999951065 21.012193680
0.999952674 0.002120360 -0.009495686 -0.273789078 -0.002090486 0.999992847 0.003154961 -0.314248562 0.009502308 -0.003134961 0.999949932 22.488300323
0.999951959 0.001080275 -0.009742980 -0.306519777 -0.001042205 0.999991953 0.003911680 -0.328979313 0.009747126 -0.003901338 0.999944866 23.948917389
0.999960542 0.004500092 -0.007661768 -0.327104867 -0.004464871 0.999979377 0.004607832 -0.349256992 0.007682350 -0.004573441 0.999960005 25.410200119
0.999958992 0.002692544 -0.008643724 -0.364262938 -0.002659710 0.999989212 0.003807837 -0.360029876 0.008653880 -0.003784691 0.999955416 26.864135742
0.999974430 0.004123919 -0.005843365 -0.408314764 -0.004111098 0.999989092 0.002204475 -0.392661184 0.005852396 -0.002180396 0.999980628 28.230766296
0.999977469 0.003304516 -0.005832292 -0.438992739 -0.003301292 0.999994397 0.000562322 -0.379869789 0.005834114 -0.000543055 0.999982774 29.721790314
0.999992430 0.002149808 -0.003248271 -0.468002409 -0.002139150 0.999992371 0.003281028 -0.394142479 0.003255297 -0.003274054 0.999989331 31.098768234
0.999994755 -0.000136579 -0.003244974 -0.522687316 0.000149833 0.999991596 0.004084545 -0.407879889 0.003244385 -0.004085010 0.999986410 32.545837402
0.999998808 -0.000206209 -0.001571378 -0.534129262 0.000209887 0.999997199 0.002341430 -0.406239301 0.001570890 -0.002341757 0.999996066 33.902729034
0.999989927 -0.004439915 0.000505325 -0.656106353 0.004438478 0.999986231 0.002808726 -0.442973942 -0.000517789 -0.002806455 0.999995947 35.341846466
0.999986589 -0.004709734 0.002121418 -0.674765468 0.004705349 0.999986827 0.002066839 -0.465472311 -0.002131124 -0.002056829 0.999995649 36.615280151
0.999948442 -0.009860624 0.002407263 -0.766035497 0.009856969 0.999950230 0.001524605 -0.474796712 -0.002422177 -0.001500798 0.999995947 38.091411591
0.999936342 -0.009910238 0.005404307 -0.781055450 0.009896501 0.999947727 0.002562428 -0.492783397 -0.005429419 -0.002508781 0.999982059 39.401168823
0.999889374 -0.013591571 0.006034398 -0.858825862 0.013562052 0.999895990 0.004905897 -0.520105362 -0.006100449 -0.004823516 0.999969780 40.775711060
0.999840558 -0.014911470 0.009822869 -0.880593538 0.014859508 0.999875307 0.005341744 -0.526962698 -0.009901297 -0.005194929 0.999937534 42.054191589
0.999828339 -0.013662706 0.012514973 -0.908647418 0.013577726 0.999884367 0.006850321 -0.558194101 -0.012607124 -0.006679220 0.999898195 43.373924255
0.999748707 -0.013751446 0.017704800 -0.909651518 0.013651788 0.999890327 0.005737395 -0.570014119 -0.017781761 -0.005494251 0.999826789 44.624141693
0.999667525 -0.014546425 0.021288203 -0.914277732 0.014446253 0.999883890 0.004851793 -0.598725915 -0.021356313 -0.004542646 0.999761581 45.927597046
0.999557436 -0.014761874 0.025824256 -0.897458434 0.014691518 0.999887884 0.002912010 -0.609628677 -0.025864342 -0.002531324 0.999662220 47.140327454
0.999433696 -0.016198557 0.029493807 -0.946323156 0.016082061 0.999861956 0.004182738 -0.639124453 -0.029557489 -0.003706048 0.999556184 48.406383514
0.999219060 -0.016713254 0.035801880 -0.910967231 0.016598228 0.999856114 0.003507571 -0.639215589 -0.035855345 -0.002910584 0.999352694 49.615108490
0.998925745 -0.013986361 0.044178378 -0.884513378 0.013868560 0.999899387 0.002971864 -0.665222168 -0.044215500 -0.002355981 0.999019265 50.874275208
0.998488367 -0.012908680 0.053425808 -0.843992949 0.012756800 0.999913573 0.003182862 -0.683491170 -0.053462278 -0.002496509 0.998566806 52.061714172
0.998169124 -0.009999251 0.059652187 -0.873390198 0.009754131 0.999942780 0.004398973 -0.707457304 -0.059692759 -0.003809064 0.998209536 53.322513580
0.997365236 -0.007990925 0.072101668 -0.821074009 0.007597347 0.999954760 0.005731241 -0.728312373 -0.072144210 -0.005168359 0.997380793 54.470729828
0.996385515 -0.005892578 0.084741816 -0.740892887 0.005457527 0.999970734 0.005364592 -0.740179539 -0.084770933 -0.004882721 0.996388495 55.688735962
0.994936705 -0.004134999 0.100418590 -0.663968563 0.003532762 0.999974668 0.006174352 -0.763305902 -0.100441575 -0.005788334 0.994926155 56.725128174
0.993856430 0.002767880 0.110643253 -0.565352917 -0.003485026 0.999974132 0.006288734 -0.760138273 -0.110622972 -0.006635693 0.993840277 57.863765717
0.991553426 0.002472040 0.129675299 -0.445439816 -0.003319079 0.999974549 0.006316292 -0.753445148 -0.129656374 -0.006693343 0.991536379 58.955513000
0.988510132 -0.000190020 0.151155144 -0.272252083 -0.000821068 0.999977708 0.006626628 -0.775313258 -0.151153073 -0.006674598 0.988487780 60.094291687
0.985024273 -0.000857158 0.172413945 -0.122400284 -0.000245058 0.999979675 0.006371462 -0.794423103 -0.172415927 -0.006318295 0.985004008 61.107788086
0.982041240 -0.002010181 0.188655704 0.083872795 0.001047099 0.999985933 0.005204505 -0.793041348 -0.188663483 -0.004913498 0.982029498 62.140247345
0.977493405 -0.007053799 0.210848019 0.278563499 0.005598926 0.999956250 0.007496286 -0.802439749 -0.210891679 -0.006147049 0.977490127 63.106109619
0.975353539 -0.009112543 0.220459551 0.569963455 0.007302157 0.999932587 0.009025441 -0.806895971 -0.220526934 -0.007193165 0.975354373 64.062026978
0.969372511 -0.014441472 0.245170072 0.801194191 0.012799228 0.999883652 0.008290459 -0.809212446 -0.245261312 -0.004898556 0.969444633 65.025222778
0.964658201 -0.009471443 0.263333648 1.087594032 0.007587417 0.999937952 0.008170583 -0.803768039 -0.263394624 -0.005883800 0.964670241 65.982345581
0.956935585 -0.013236925 0.289998174 1.364496231 0.011113881 0.999898076 0.008966630 -0.815336168 -0.290087283 -0.005357484 0.956985116 66.903144836
0.948458374 -0.016050512 0.316494972 1.693893433 0.013259010 0.999851882 0.010971772 -0.819045544 -0.316624194 -0.006209858 0.948530674 67.875289917
0.938683212 -0.020335207 0.344180495 2.011442184 0.016645599 0.999767959 0.013671731 -0.825582385 -0.344378680 -0.007104333 0.938803911 68.745872498
0.927675366 -0.023263181 0.372662395 2.398162842 0.019709859 0.999716699 0.013342474 -0.825854301 -0.372867197 -0.005032358 0.927871048 69.697525024
0.915711045 -0.022932488 0.401182801 2.752481461 0.020919548 0.999737024 0.009397715 -0.831712246 -0.401292741 -0.000213029 0.915949821 70.490791321
0.902368188 -0.023727693 0.430312365 3.137819290 0.024211710 0.999697328 0.004351809 -0.837760270 -0.430285335 0.006491663 0.902669549 71.310379028
0.888507843 -0.025567096 0.458148479 3.639259338 0.027989008 0.999607086 0.001503000 -0.840615392 -0.458006889 0.011487690 0.888874352 72.232536316
0.872765183 -0.026345192 0.487428725 4.073247910 0.027489554 0.999610603 0.004806862 -0.853631198 -0.487365544 0.009203937 0.873149455 73.010414124
0.854970396 -0.025129577 0.518067718 4.532409668 0.023115337 0.999679387 0.010343411 -0.859973550 -0.518161476 0.003131999 0.855277121 73.785591125
0.837406874 -0.013485673 0.546413600 5.087181091 0.006426227 0.999869347 0.014828590 -0.836861908 -0.546542227 -0.008906183 0.837384164 74.655166626
0.816127658 -0.007467615 0.577823341 5.562807083 0.002567841 0.999953449 0.009296231 -0.839605093 -0.577865839 -0.006103156 0.816108882 75.357528687
0.794868767 0.002477007 0.606776357 6.158081055 -0.003793848 0.999992549 0.000887682 -0.832189679 -0.606769562 -0.003007607 0.794872105 76.142471313
0.772356093 0.004657566 0.635172665 6.701702118 -0.004466221 0.999988198 -0.001901840 -0.838313162 -0.635174096 -0.001367925 0.772367775 76.813758850
0.749251306 0.002409872 0.662281454 7.359733582 -0.003627019 0.999993265 0.000464590 -0.850576520 -0.662275910 -0.002750202 0.749255002 77.550643921
0.724832416 0.002342462 0.688921273 7.965984344 -0.003576118 0.999993563 0.000362357 -0.867932379 -0.688916087 -0.002726311 0.724835992 78.190658569
0.700117588 0.005197581 0.714008570 8.620849609 -0.004649144 0.999985516 -0.002720634 -0.877267122 -0.714012325 -0.001414766 0.700131655 78.844848633
0.674064040 0.007699305 0.738632679 9.271007538 -0.004731212 0.999970257 -0.006105782 -0.886837125 -0.738657713 0.000621058 0.674080372 79.428863525
0.646661282 0.010020778 0.762711406 9.937820435 -0.006175681 0.999949753 -0.007901679 -0.902828634 -0.762752295 0.000399447 0.646690547 80.019302368
0.618911922 0.011737082 0.785372615 10.678195953 -0.006387643 0.999930501 -0.009909784 -0.920665860 -0.785434425 0.001116604 0.618943810 80.601425171
0.590321898 0.018120991 0.806964397 11.385780334 -0.007369750 0.999827385 -0.017060641 -0.937093139 -0.807134271 0.004124144 0.590353429 81.119079590
0.559507132 0.025459040 0.828434527 12.152812958 -0.003192474 0.999586880 -0.028562685 -0.970589161 -0.828819394 0.013336268 0.559357107 81.680541992
0.528864026 0.033752672 0.848035038 12.899074554 -0.003958184 0.999296069 -0.037304558 -1.002183318 -0.848697305 0.016372360 0.528625250 82.142105103
0.496796548 0.039047588 0.866988182 13.727344513 -0.006759805 0.999131143 -0.041125603 -1.043557405 -0.867840648 0.014570385 0.496628791 82.635734558
0.464463890 0.038252432 0.884765506 14.543260574 -0.008071112 0.999208093 -0.038963303 -1.088287115 -0.885555327 0.010956008 0.464404732 83.068550110
0.429885447 0.036606066 0.902141035 15.398885727 -0.007336459 0.999286413 -0.037051972 -1.131600380 -0.902853549 0.009309584 0.429847270 83.509201050
0.395371050 0.037652053 0.917749405 16.250432968 -0.011267203 0.999283135 -0.036143128 -1.177785158 -0.918452382 0.003949475 0.395511836 83.888137817
0.359268278 0.039645050 0.932391882 17.118110657 -0.011345235 0.999209106 -0.038114555 -1.230015039 -0.933165312 0.003115146 0.359433830 84.259902954
0.322654814 0.041660484 0.945599437 18.017936707 -0.016101943 0.999127865 -0.038524542 -1.274675965 -0.946379721 -0.002795862 0.323044211 84.603187561
0.286977023 0.041082229 0.957056105 18.915098190 -0.017200485 0.999139905 -0.037731066 -1.311857462 -0.957782924 -0.005633880 0.287436932 84.868621826
0.250723779 0.040393211 0.967215538 19.847333908 -0.017076315 0.999158204 -0.037300646 -1.363878369 -0.967907965 -0.007164320 0.251202494 85.118637085
0.214649737 0.040052805 0.975869477 20.772331238 -0.016424591 0.999165535 -0.037396237 -1.403154612 -0.976552963 -0.008001165 0.215128466 85.323219299
0.179291755 0.038988799 0.983023047 21.737625122 -0.014059898 0.999213874 -0.037066601 -1.445917487 -0.983695567 -0.007175467 0.179698959 85.503471375
0.145132035 0.038007613 0.988682032 22.688011169 -0.004931363 0.999277294 -0.037691038 -1.489017367 -0.989400029 0.000594627 0.145214602 85.627372742
0.111530095 0.041528881 0.992892981 23.667385101 -0.002259102 0.999134421 -0.041536175 -1.538207173 -0.993758559 0.002389486 0.111527361 85.732688904
0.078599699 0.046285018 0.995831132 24.619564056 -0.001870349 0.998926640 -0.046281267 -1.587370157 -0.996904433 0.001775144 0.078601904 85.819091797
0.049752798 0.050249074 0.997496724 25.613143921 0.005437281 0.998705149 -0.050581142 -1.641864300 -0.998746693 0.007940223 0.049415156 85.859985352
0.025591888 0.049971770 0.998422682 26.570419312 0.000399006 0.998749137 -0.049998343 -1.678296208 -0.999672353 0.001677929 0.025539940 85.886573792
0.003397608 0.046441525 0.998915195 27.576448441 0.002463831 0.998917580 -0.046450011 -1.740030050 -0.999991179 0.002618977 0.003279505 85.895240784
-0.015927104 0.044227779 0.998894453 28.537490845 0.003312203 0.999018073 -0.044180434 -1.788641334 -0.999867618 0.002604875 -0.016057957 85.887359619
-0.032170095 0.047522888 0.998351991 29.560527802 0.005643889 0.998861670 -0.047365285 -1.843833923 -0.999466479 0.004110842 -0.032401685 85.856414795
-0.046408422 0.051567812 0.997590601 30.524164200 0.008795559 0.998649001 -0.051213354 -1.898343921 -0.998883963 0.006397636 -0.046799287 85.794593811
-0.058670431 0.056845449 0.996657610 31.522710800 0.012651329 0.998339534 -0.056196630 -1.953886867 -0.998197258 0.009311962 -0.059292190 85.735557556
-0.066903472 0.060248878 0.995938718 32.516548157 0.019460265 0.998064160 -0.059070177 -2.018116951 -0.997569621 0.015429232 -0.067946412 85.659057617
-0.072816692 0.065339983 0.995202720 33.531402588 0.022438010 0.997706532 -0.063862622 -2.094078064 -0.997092903 0.017680105 -0.074115776 85.578987122
-0.076249398 0.070360839 0.994603217 34.504264832 0.025294347 0.997322559 -0.068614081 -2.153834343 -0.996767879 0.019926053 -0.077824995 85.497787476
-0.079186156 0.073961146 0.994112253 35.513278961 0.026981210 0.997037411 -0.072029583 -2.239746094 -0.996494651 0.021118604 -0.080947123 85.413978577
-0.081716411 0.077347018 0.993649781 36.514976501 0.027375216 0.996782124 -0.075339556 -2.309740782 -0.996279597 0.021044899 -0.083570845 85.332885742
-0.084117495 0.080851741 0.993170261 37.532222748 0.029506741 0.996467769 -0.078621089 -2.391615868 -0.996018827 0.022691809 -0.086206049 85.245033264
-0.085962214 0.084379926 0.992718875 38.547702789 0.029389612 0.996188164 -0.082129903 -2.487514257 -0.995864809 0.022115553 -0.088114448 85.146423340
-0.088461265 0.086568743 0.992310643 39.514862061 0.032907475 0.995926380 -0.083950594 -2.550296307 -0.995535910 0.025228065 -0.090949647 85.074455261
-0.090358086 0.084571525 0.992311895 40.531894684 0.032325290 0.996111929 -0.081951894 -2.666186333 -0.995384634 0.024671754 -0.092740566 84.970848083
-0.093130708 0.084861867 0.992030799 41.555221558 0.031108774 0.996122599 -0.082291439 -2.733611107 -0.995167732 0.023197003 -0.095409565 84.891639709
-0.095562011 0.086054519 0.991696775 42.593727112 0.032385778 0.995997548 -0.083306961 -2.836490154 -0.994896531 0.024155889 -0.097966462 84.794532776
-0.096895121 0.089942746 0.991222262 43.570858002 0.039501626 0.995471299 -0.086466879 -2.918071270 -0.994510353 0.030776676 -0.100009196 84.669746399
-0.099635176 0.092061877 0.990756035 44.607833862 0.037256274 0.995357573 -0.088742778 -3.013644934 -0.994326353 0.028069971 -0.102602497 84.561111450
-0.101903766 0.095369697 0.990212262 45.638385773 0.035883676 0.995098650 -0.092147484 -3.122403145 -0.994146824 0.026142281 -0.104826517 84.465202332
-0.102970697 0.099493854 0.989695907 46.647575378 0.037208226 0.994673789 -0.096123040 -3.236950397 -0.993988216 0.026926972 -0.106124245 84.343124390
-0.106022201 0.101976596 0.989120901 47.688632965 0.034626659 0.994502723 -0.098819889 -3.339606285 -0.993760705 0.023772847 -0.108970486 84.234512329
-0.106491916 0.102438182 0.989022672 48.698741913 0.049427971 0.993994474 -0.097631007 -3.445258856 -0.993084192 0.038488474 -0.110915668 84.110176086
-0.109157272 0.098555729 0.989126623 49.771808624 0.046670880 0.994483352 -0.093939006 -3.544469118 -0.992928207 0.035909280 -0.113154791 83.971763611
-0.111465305 0.095934615 0.989126921 50.820293427 0.046800971 0.994731784 -0.091204196 -3.670319557 -0.992665768 0.036125991 -0.115367942 83.832786560
-0.113716073 0.096598461 0.988806069 51.909561157 0.046205651 0.994699299 -0.091860384 -3.771643162 -0.992438316 0.035242420 -0.117576711 83.721443176
-0.114899598 0.100697979 0.988260210 52.875667572 0.050008237 0.994173706 -0.095486388 -3.856885910 -0.992117584 0.038449794 -0.119265907 83.633323669
-0.116598114 0.103703082 0.987750232 53.926990509 0.049900234 0.993889332 -0.098457165 -3.962330341 -0.991924882 0.037809044 -0.121060431 83.532684326
-0.114382178 0.104229026 0.987953961 55.001110077 0.053224329 0.993695498 -0.098672628 -4.090198040 -0.992009997 0.041296791 -0.119208567 83.384574890
-0.114288822 0.102527350 0.988142848 56.069377899 0.050489210 0.993974268 -0.097292826 -4.207915306 -0.992163777 0.038771063 -0.118776686 83.259864807
-0.114161678 0.102055416 0.988206327 57.191364288 0.046268441 0.994176388 -0.097326852 -4.326751232 -0.992384136 0.034611769 -0.118218780 83.127670288
-0.115052193 0.103436284 0.987959504 58.208038330 0.042850483 0.994154930 -0.099094801 -4.426757812 -0.992434800 0.030933470 -0.118812002 83.030754089
-0.115943737 0.103477560 0.987850904 59.287200928 0.038143996 0.994288623 -0.099674962 -4.546858788 -0.992523134 0.026123893 -0.119228594 82.931205750
-0.115947627 0.102557071 0.987946451 60.384307861 0.037865832 0.994388402 -0.098781787 -4.695164680 -0.992533267 0.025955902 -0.119180374 82.809638977
-0.116481878 0.097931482 0.988352895 61.501327515 0.036912221 0.994866252 -0.094226614 -4.803265572 -0.992506623 0.025506608 -0.119498767 82.684494019
-0.116096690 0.089503005 0.989196956 62.573703766 0.038019177 0.995602131 -0.085620455 -4.872007370 -0.992509961 0.027668206 -0.118988961 82.517745972
-0.116306342 0.083756030 0.989675522 63.693466187 0.043595139 0.995908320 -0.079160206 -4.983181953 -0.992256105 0.033938218 -0.119481795 82.389968872
-0.115558684 0.086224131 0.989551187 64.769065857 0.055286430 0.995239258 -0.080263466 -5.100821972 -0.991760850 0.045433611 -0.119775563 82.279716492
-0.114078954 0.091862015 0.989215434 65.879745483 0.060848653 0.994492531 -0.085334808 -5.194621563 -0.991606474 0.050457519 -0.119040355 82.136085510
-0.112566940 0.097811572 0.988818288 66.912910461 0.068651147 0.993530989 -0.090462476 -5.282581329 -0.991269708 0.057700440 -0.118553594 82.033248901
-0.112267636 0.102489226 0.988378465 68.024284363 0.069564395 0.993036985 -0.095070638 -5.379674435 -0.991240025 0.058082595 -0.118615493 81.903488159
-0.117436580 0.088055961 0.989168704 69.306610107 0.079216048 0.993717670 -0.079056203 -4.965306759 -0.989915907 0.069073945 -0.123674251 81.442710876
-0.117517836 0.083733931 0.989534318 70.436248779 0.078518808 0.994102836 -0.074795566 -5.056059361 -0.989961803 0.068907239 -0.123399504 81.311126709
-0.117678083 0.081624985 0.989691377 71.559822083 0.076667644 0.994388342 -0.072896279 -5.149419308 -0.990087807 0.067299016 -0.123275697 81.178169250
-0.120406888 0.085703708 0.989018202 72.579048157 0.078232318 0.993987203 -0.076609991 -4.988124847 -0.989637256 0.068148822 -0.126387700 80.988494873
-0.120030254 0.091718331 0.988524377 73.696662903 0.078591272 0.993476093 -0.082634941 -5.072580814 -0.989654481 0.067770705 -0.126455456 80.847190857
-0.119194008 0.094282895 0.988384247 74.858078003 0.078386024 0.993267477 -0.085295752 -5.170008183 -0.989771843 0.067308776 -0.125781983 80.699432373
-0.118715383 0.092117324 0.988646209 76.009696960 0.079662107 0.993361175 -0.082990922 -5.278893471 -0.989727557 0.068905331 -0.125265539 80.555480957
-0.118354306 0.085103117 0.989317834 77.146827698 0.081505984 0.993791103 -0.075737163 -5.385122299 -0.989620626 0.071671516 -0.124555863 80.416885376
-0.119196929 0.082133897 0.989467561 78.349563599 0.080466300 0.994093359 -0.072824456 -5.488320827 -0.989604592 0.070938341 -0.125101909 80.264556885
-0.119258128 0.085010223 0.989217222 79.516075134 0.077880904 0.994058788 -0.076037101 -5.585162163 -0.989803970 0.067973100 -0.125170246 80.132926941
-0.118391700 0.088205531 0.989041567 80.669761658 0.076977238 0.993864655 -0.079421222 -5.675536156 -0.989978671 0.066730887 -0.124455139 79.984016418
-0.116933540 0.087288067 0.989296496 81.901550293 0.075505413 0.994028330 -0.078780964 -5.771923065 -0.990265369 0.065485105 -0.122825995 79.840446472
-0.117146328 0.084117226 0.989545882 83.085983276 0.075179748 0.994298398 -0.075621158 -5.862618923 -0.990265012 0.065535061 -0.122802325 79.705284119
-0.116082102 0.083370224 0.989734530 84.265670776 0.075169198 0.994350672 -0.074942760 -5.952564240 -0.990391135 0.065698043 -0.121693186 79.557106018
-0.115519211 0.081548259 0.989952266 85.468872070 0.077580921 0.994320512 -0.072855078 -6.078459740 -0.990271032 0.068385229 -0.121189699 79.423126221
-0.113987409 0.082221322 0.990074039 86.656707764 0.079276264 0.994144320 -0.073432259 -6.164966583 -0.990314126 0.070119008 -0.119838141 79.272506714
-0.114020698 0.081299141 0.990146279 87.879180908 0.078962788 0.994234681 -0.072541848 -6.257460594 -0.990335405 0.069913432 -0.119782947 79.147140503
-0.112212554 0.081900477 0.990303338 89.069427490 0.080445498 0.994075119 -0.073097028 -6.348807812 -0.990422606 0.071463048 -0.118136227 78.994407654
-0.110866331 0.079851992 0.990622163 90.277778625 0.080795839 0.994191647 -0.071097381 -6.446081638 -0.990545630 0.072155848 -0.116674095 78.848541260
-0.109619036 0.078545623 0.990865469 91.509025574 0.079605296 0.994364500 -0.070016302 -6.549858093 -0.990780771 0.071203016 -0.115253918 78.703407288
-0.108230256 0.077913098 0.991068006 92.718826294 0.080718718 0.994321048 -0.069353916 -6.643448353 -0.990843356 0.072491542 -0.113904685 78.567825317
-0.106865883 0.078841724 0.991142631 93.951217651 0.078637451 0.994398594 -0.070621982 -6.737625599 -0.991158783 0.070393838 -0.112467214 78.435821533
-0.105946258 0.082368866 0.990954518 95.181617737 0.078352802 0.994156182 -0.074258052 -6.820588589 -0.991280138 0.069776684 -0.111780964 78.317657471
-0.096589714 0.073794015 0.992584884 96.364952087 0.088186696 0.993960321 -0.065314718 -6.801453114 -0.991409898 0.081224054 -0.102513999 78.166854858
-0.096087255 0.071685538 0.992788196 97.560104370 0.083646089 0.994456828 -0.063710310 -6.907291889 -0.991852105 0.076921105 -0.101550817 78.033332825
-0.095993429 0.072892524 0.992709398 98.791633606 0.080012426 0.994652808 -0.065298140 -6.988305092 -0.992160976 0.073160894 -0.101312421 77.909881592
-0.096498340 0.072334766 0.992701232 100.019134521 0.078021407 0.994836569 -0.064906098 -7.074414253 -0.992270470 0.071188614 -0.101643741 77.793457031
-0.099710576 0.068839967 0.992632210 101.284355164 0.075564921 0.995246768 -0.061430756 -7.175097466 -0.992143035 0.068882890 -0.104438514 77.702804565
-0.099976867 0.067819439 0.992675722 102.535346985 0.073413089 0.995457828 -0.060615752 -7.252252579 -0.992277801 0.066815227 -0.104501575 77.557914734
-0.099820435 0.067569837 0.992708504 103.774002075 0.071170874 0.995620906 -0.060611580 -7.327918053 -0.992456853 0.064601660 -0.104192317 77.414039612
-0.104009375 0.066684522 0.992338240 105.013397217 0.070761696 0.995717406 -0.059494909 -7.421708584 -0.992055953 0.064031504 -0.108282655 77.314598083
-0.106781401 0.065257736 0.992138684 106.257705688 0.070360504 0.995838225 -0.057928339 -7.504916668 -0.991789818 0.063621715 -0.110928580 77.185432434
-0.105359778 0.062197648 0.992487311 107.493171692 0.069657370 0.996052206 -0.055026438 -7.562427044 -0.991991520 0.063336477 -0.109276392 77.029418945
-0.105879240 0.067047596 0.992116034 108.747131348 0.074442811 0.995458961 -0.059328903 -7.615093708 -0.991588473 0.067574218 -0.110389628 76.869972229
-0.111547984 0.073850937 0.991011202 110.011833191 0.068938449 0.995407403 -0.066418864 -7.691723824 -0.991365016 0.060909871 -0.116126865 76.742935181
-0.119259007 0.075915761 0.989956617 111.219360352 0.070204623 0.995221615 -0.067862034 -7.794891357 -0.990378022 0.061406367 -0.124018811 76.601165771
-0.127777696 0.072700754 0.989134669 112.447311401 0.072090730 0.995352626 -0.063845001 -7.871928215 -0.989179432 0.063149475 -0.132424891 76.426055908
-0.139220655 0.069533385 0.987817287 113.683753967 0.073758155 0.995488942 -0.059678108 -7.979698181 -0.987510681 0.064551145 -0.143721297 76.261962891
-0.152161583 0.070688136 0.985824525 114.914878845 0.074027583 0.995452404 -0.059952382 -8.060251236 -0.985579431 0.063855752 -0.156702489 76.075790405
-0.166273594 0.070472755 0.983558178 116.135795593 0.076373518 0.995367110 -0.058407675 -8.150327682 -0.983117580 0.065406136 -0.170885488 75.869682312
-0.181656033 0.067941196 0.981012285 117.380424500 0.076009184 0.995595992 -0.054876413 -8.243089676 -0.980420113 0.064597324 -0.186020181 75.666107178
-0.209480569 0.074384570 0.974979341 118.665771484 0.079442330 0.995100737 -0.058851011 -8.364041328 -0.974580348 0.065126486 -0.214363560 75.313179016
-0.225292072 0.077299684 0.971219957 119.838638306 0.080122195 0.994941115 -0.060601860 -8.453111649 -0.970991254 0.064163141 -0.230345741 75.058197021
-0.241047725 0.081932686 0.967048645 121.043899536 0.080241874 0.994700968 -0.064274326 -8.538358688 -0.967190385 0.062104609 -0.246344864 74.768203735
-0.255927444 0.079893194 0.963388860 122.217391968 0.076776534 0.995110929 -0.062127929 -8.617399216 -0.963642299 0.058065429 -0.260810047 74.423461914
-0.271832168 0.074477836 0.959458292 123.358345032 0.071620233 0.995801508 -0.057007644 -8.694926262 -0.959675848 0.053220119 -0.276024997 74.108642578
-0.288812339 0.070128314 0.954813838 124.527305603 0.066599257 0.996369302 -0.053035475 -8.778542519 -0.955066383 0.048272595 -0.292434275 73.795028687
-0.304015309 0.072051652 0.949938595 125.641365051 0.064472832 0.996405840 -0.054942448 -8.841388702 -0.950483084 0.044541892 -0.307567984 73.451560974
-0.317976087 0.074211605 0.945189834 126.817657471 0.064849734 0.996299446 -0.056408055 -8.912667274 -0.945878208 0.043358903 -0.321611911 73.055549622
-0.331789762 0.075980879 0.940288424 127.901046753 0.065356947 0.996207535 -0.057437632 -8.991745949 -0.941086531 0.042397164 -0.335497320 72.672897339
-0.346462786 0.075700603 0.935004294 128.970977783 0.067380257 0.996172309 -0.055685375 -9.063735008 -0.935640633 0.043707922 -0.350237310 72.296234131
-0.363864243 0.065024801 0.929179549 130.180145264 0.056542069 0.997262597 -0.047647595 -9.180721283 -0.929734290 0.035200462 -0.366544843 71.842376709
-0.378113002 0.063987702 0.923545420 131.260528564 0.056569017 0.997341156 -0.045940448 -9.245870590 -0.924029469 0.034873378 -0.380727381 71.397895813
-0.393347889 0.064182706 0.917146742 132.304199219 0.053750481 0.997459352 -0.046750437 -9.325525284 -0.917817235 0.030907888 -0.395798445 70.961486816
-0.407558173 0.065576583 0.910821676 133.400604248 0.053465996 0.997420728 -0.047887463 -9.406326294 -0.911612749 0.029181056 -0.410013020 70.459304810
-0.421912223 0.068269655 0.904062748 134.474792480 0.055337705 0.997240961 -0.049480677 -9.455548286 -0.904946387 0.029152250 -0.424525976 69.956367493
-0.437258542 0.071997747 0.896449268 135.581039429 0.030935861 0.997404575 -0.065016411 -9.628583908 -0.898803592 -0.000696555 -0.438350976 69.467025757
-0.452378631 0.074727602 0.888689637 136.648040771 0.029568925 0.997192323 -0.068799518 -9.712762833 -0.891335607 -0.004845841 -0.453318030 68.938774109
-0.467340857 0.076591820 0.880753219 137.722198486 0.029883159 0.997039378 -0.070847824 -9.812724113 -0.883572042 -0.006790391 -0.468245924 68.383682251
-0.482128173 0.073162124 0.873040497 138.790084839 0.025130751 0.997251868 -0.069693014 -9.878790855 -0.875740170 -0.011660794 -0.482641846 67.774078369
-0.497471780 0.069079541 0.864725292 139.817504883 0.022244219 0.997512341 -0.066890411 -9.957685471 -0.867195010 -0.014040949 -0.497770816 67.173370361
-0.513840914 0.068573721 0.855140448 140.928268433 0.017899761 0.997440219 -0.069229044 -10.030527115 -0.857698739 -0.020265907 -0.513753057 66.558593750
-0.529794931 0.067634203 0.845424712 141.989746094 0.016447108 0.997447252 -0.069489263 -10.117597580 -0.847966254 -0.022910273 -0.529554844 65.916717529
-0.545814216 0.066843137 0.835235834 143.034347534 0.015635302 0.997451961 -0.069607697 -10.203901291 -0.837760329 -0.024933705 -0.545468569 65.257705688
-0.560317576 0.072814040 0.825071037 144.071899414 0.020709651 0.997048557 -0.073927157 -10.278375626 -0.828018785 -0.024335755 -0.560171902 64.540954590
-0.575840294 0.072257131 0.814362705 145.108795166 0.020269413 0.997042418 -0.074133374 -10.368154526 -0.817310810 -0.026182335 -0.575601757 63.827098846
-0.590794861 0.070135333 0.803767681 146.103027344 0.020119516 0.997185469 -0.072224118 -10.456121445 -0.806570888 -0.026498228 -0.590543151 63.108718872
-0.605468154 0.066386580 0.793095946 147.102340698 0.019808481 0.997463226 -0.068371005 -10.559356689 -0.795623004 -0.025686450 -0.605247378 62.353393555
-0.621065795 0.065320842 0.781031787 148.144378662 0.020988485 0.997549593 -0.066739358 -10.635478973 -0.783477306 -0.025056865 -0.620914876 61.568897247
-0.635471463 0.063712612 0.769491196 149.088607788 0.020309607 0.997624218 -0.065829299 -10.734392166 -0.771857202 -0.026204582 -0.635255694 60.788063049
-0.650146723 0.064503789 0.757065654 150.017669678 0.018640785 0.997444093 -0.068976432 -10.826465607 -0.759579957 -0.030732503 -0.649687409 59.995769501
-0.665479362 0.065088741 0.743572950 150.969009399 0.017257735 0.997266114 -0.071850561 -10.908018112 -0.746216714 -0.034982681 -0.664783299 59.185817719
-0.681123555 0.061767720 0.729558468 151.896560669 0.014983079 0.997402310 -0.070456237 -10.991151810 -0.732015133 -0.037058365 -0.680279672 58.339797974
-0.690843165 0.056465928 0.720796227 152.861282349 0.007759377 0.997467220 -0.070702925 -11.107069969 -0.722962856 -0.043251708 -0.689531624 57.545120239
-0.708093643 0.053366050 0.704099000 153.753570557 0.005921998 0.997553706 -0.069652386 -11.205163956 -0.706093669 -0.045150742 -0.706677556 56.684410095
-0.725141406 0.051598575 0.686664104 154.663513184 0.004981750 0.997555614 -0.069699258 -11.293066025 -0.688582003 -0.047121026 -0.723625898 55.749889374
-0.742911577 0.047244672 0.667720377 155.520812988 0.000956892 0.997580171 -0.069519326 -11.394189835 -0.669389009 -0.051007766 -0.741159022 54.844287872
-0.758466959 0.046549030 0.650046825 156.396438599 0.001605984 0.997576356 -0.069561325 -11.459226608 -0.651709497 -0.051716007 -0.756703615 53.848575592
-0.774722934 0.048220042 0.630459487 157.216186523 0.003164751 0.997371078 -0.072393976 -11.557519913 -0.632292867 -0.054090030 -0.772838891 52.883365631
-0.787158549 0.052012719 0.614553452 157.959533691 0.010596986 0.997431099 -0.070844278 -11.650485039 -0.616659522 -0.049253266 -0.785687566 51.795665741
-0.801636875 0.052410103 0.595509529 158.722839355 0.013677515 0.997496784 -0.069376744 -11.760225296 -0.597654939 -0.047469862 -0.800346971 50.785415649
-0.816027343 0.054575615 0.575431168 159.466979980 0.016062608 0.997289121 -0.071807273 -11.854897499 -0.577790260 -0.049353760 -0.814691782 49.727584839
-0.829815507 0.056238595 0.555196583 160.182525635 0.017082116 0.997002423 -0.075459778 -11.958339691 -0.557776213 -0.053133763 -0.828288913 48.664218903
-0.842642128 0.056153968 0.535537899 160.889328003 0.018464703 0.996975958 -0.075484879 -12.037639618 -0.538157284 -0.053718194 -0.841130793 47.590595245
-0.854505539 0.054452490 0.516580224 161.551712036 0.019990465 0.997200787 -0.072047107 -12.150555611 -0.519057393 -0.051237974 -0.853202283 46.520305634
-0.864997864 0.056406517 0.498594761 162.196563721 0.022824477 0.997056007 -0.073200390 -12.260334969 -0.501255870 -0.051938031 -0.863738954 45.414997101
-0.873405516 0.061557267 0.483087510 162.815979004 0.027575841 0.996638775 -0.077140205 -12.355312347 -0.486212313 -0.054053135 -0.872167349 44.236095428
-0.882914066 0.060695525 0.465595156 163.446746826 0.026433976 0.996462464 -0.079772927 -12.393695831 -0.468789935 -0.058125105 -0.881395221 43.133716583
-0.891662002 0.055005703 0.449347824 164.040786743 0.022450969 0.996742427 -0.077463053 -12.543660164 -0.452144921 -0.058982555 -0.889992177 41.952388763
-0.898496985 0.052349176 0.435846984 164.572082520 0.020950645 0.996846378 -0.076540604 -12.676996231 -0.438479275 -0.059640236 -0.896760225 40.791107178
-0.905643582 0.051832259 0.420859933 165.178207397 0.021677032 0.996862650 -0.076125026 -12.768661499 -0.423485279 -0.059819154 -0.903925776 39.639373779
-0.911747873 0.048361927 0.407893360 165.697998047 0.019729698 0.997054517 -0.074114889 -12.895305634 -0.410276234 -0.059526473 -0.910016477 38.462947845
-0.917579889 0.045218583 0.394971400 166.240447998 0.018691350 0.997318447 -0.070755824 -12.987636566 -0.397111773 -0.057541575 -0.915964603 37.289649963
-0.922738671 0.042414907 0.383085340 166.753662109 0.018081613 0.997595727 -0.066899806 -13.095762253 -0.385001928 -0.054804239 -0.921287179 36.100776672
-0.927280307 0.042578027 0.371938556 167.255661011 0.020360414 0.997776628 -0.063460864 -13.186630249 -0.373813659 -0.051273197 -0.926085472 34.886352539
-0.930207968 0.046230830 0.364109755 167.717071533 0.024060458 0.997582555 -0.065194175 -13.274571419 -0.366243482 -0.051883485 -0.929071486 33.678123474
-0.932560325 0.051681615 0.357295543 168.214035034 0.029849900 0.997349560 -0.066353470 -13.378061295 -0.359777838 -0.051213372 -0.931631386 32.427867889
-0.934439898 0.055046182 0.351840883 168.674392700 0.032889385 0.997098505 -0.068648435 -13.473125458 -0.354598939 -0.052575994 -0.933539152 31.224470139
-0.936239481 0.052564941 0.347408086 169.128158569 0.031037562 0.997253537 -0.067246482 -13.571706772 -0.349988729 -0.052176122 -0.935299635 30.009609222
-0.938199043 0.045512185 0.343090504 169.584350586 0.025238646 0.997673571 -0.063328557 -13.667382240 -0.345174521 -0.050755657 -0.937165082 28.791469574
-0.940532148 0.038307652 0.337537885 170.054824829 0.018616777 0.997940660 -0.061382983 -13.755699158 -0.339194208 -0.051448807 -0.939308405 27.577560425
-0.942316473 0.031687785 0.333220214 170.509674072 0.011366121 0.997963905 -0.062759638 -13.843548775 -0.334530413 -0.055352010 -0.940757930 26.357151031
-0.943434000 0.030455496 0.330158323 170.943756104 0.009131733 0.997781396 -0.065946341 -13.925041199 -0.331434309 -0.059201114 -0.941619039 25.140607834
-0.944186926 0.030674499 0.327979177 171.376846313 0.008727527 0.997634888 -0.068179734 -14.018913269 -0.329294860 -0.061511964 -0.942221403 23.916324615
-0.944370985 0.031961482 0.327325553 171.809204102 0.009287559 0.997461319 -0.070600808 -14.113711357 -0.328751028 -0.063633300 -0.942270458 22.678131104
-0.944300115 0.033349544 0.327391267 172.231506348 0.010165317 0.997333109 -0.072272807 -14.211278915 -0.328928441 -0.064919196 -0.942120731 21.478309631
-0.950380385 0.009008191 0.310959548 172.319305420 -0.016421197 0.996734440 -0.079062223 -14.373394966 -0.310656279 -0.080245540 -0.947128952 20.134819031
-0.949811697 0.010342739 0.312651515 172.725204468 -0.015683627 0.996621907 -0.080614641 -14.490925789 -0.312429070 -0.081472233 -0.946440935 18.905281067
-0.951043546 0.009023421 0.308924943 173.132965088 -0.017125320 0.996499300 -0.081828162 -14.574028015 -0.308581829 -0.083112590 -0.947559774 17.723484039
-0.950364113 0.008009847 0.311036646 173.539718628 -0.018465975 0.996454418 -0.082083099 -14.688345909 -0.310591221 -0.083752431 -0.946846664 16.535739899
-0.949493647 0.006441418 0.313719988 173.959320068 -0.020283092 0.996438503 -0.081847347 -14.802696228 -0.313129872 -0.084076740 -0.945981443 15.362068176
-0.948422849 0.004424273 0.316977143 174.345489502 -0.021864314 0.996608496 -0.079330273 -14.916784286 -0.316253155 -0.082169130 -0.945109546 14.149864197
-0.946558237 0.002113628 0.322525769 174.764816284 -0.023987932 0.996747673 -0.076932557 -15.018520355 -0.321639359 -0.080557898 -0.943429053 12.958507538
-0.945077181 -0.000816989 0.326846182 175.191482544 -0.026174348 0.996974409 -0.073191196 -15.131844521 -0.325797528 -0.077726312 -0.942239165 11.821716309
-0.943043590 0.002154006 0.332662284 175.619354248 -0.023105722 0.997140050 -0.071957499 -15.242454529 -0.331865877 -0.075545460 -0.940296710 10.646305084
-0.940057158 0.003084074 0.341002941 176.055526733 -0.022724671 0.997169912 -0.071664579 -15.345766068 -0.340258896 -0.075117983 -0.937326610 9.466152191
-0.937348962 0.002144043 0.348385245 176.502777100 -0.025965378 0.996770024 -0.075995587 -15.437368393 -0.347422898 -0.080280341 -0.934265673 8.260807037
-0.933294117 0.003775966 0.359093070 176.953445435 -0.024788983 0.996882141 -0.074909836 -15.536216736 -0.358256340 -0.078814462 -0.930290639 7.076068878
-0.928702056 0.005629435 0.370784044 177.423019409 -0.024242746 0.996824086 -0.075855069 -15.644899368 -0.370033532 -0.079435572 -0.925616026 5.908767700
-0.923268139 0.007921721 0.384074390 177.907363892 -0.023322424 0.996787429 -0.076623514 -15.750820160 -0.383447468 -0.079701610 -0.920117199 4.744583130
-0.917557538 0.009966907 0.397478044 178.409347534 -0.022366021 0.996809006 -0.076626152 -15.854642868 -0.396973431 -0.079198912 -0.914406717 3.586925507
-0.912833035 0.018019244 0.407935083 178.904815674 -0.010946617 0.997586846 -0.068560414 -15.955739021 -0.408186078 -0.067049719 -0.910433114 2.449745178
-0.906546831 0.020813549 0.421591848 179.444107056 -0.009136686 0.997582018 -0.068896160 -16.053895950 -0.422006369 -0.066309527 -0.904164612 1.286384583
-0.899926722 0.022976859 0.435435325 179.990936279 -0.007536693 0.997641861 -0.068219423 -16.147438049 -0.435975969 -0.064674228 -0.897631407 0.140541077
-0.893150330 0.025333418 0.449044198 180.556396484 -0.004906522 0.997804105 -0.066051513 -16.242443085 -0.449731499 -0.061197177 -0.891064763 -0.975440979
-0.884824753 0.027429324 0.465115786 181.132186890 -0.002492625 0.997972608 -0.063595466 -16.323965073 -0.465917230 -0.057430197 -0.882962584 -2.149116516
-0.877447069 0.030283542 0.478716552 181.728897095 0.000482755 0.998060346 -0.062252302 -16.407962799 -0.479673237 -0.054391999 -0.875759661 -3.214996338
-0.869007707 0.034009464 0.493628263 182.325271606 0.004968356 0.998184562 -0.060025297 -16.504009247 -0.494773418 -0.049709924 -0.867599070 -4.255210876
-0.850541234 0.040217429 0.524368227 183.207458496 0.009713071 0.998102903 -0.060796522 -16.601757050 -0.525818467 -0.046616726 -0.849318385 -5.400314331
-0.840348780 0.042684276 0.540362895 183.871459961 0.012400255 0.998147547 -0.059561215 -16.693326950 -0.541904330 -0.043351550 -0.839321375 -6.416595459
-0.826433003 0.044210382 0.561296642 184.610198975 0.011419607 0.998023510 -0.061795246 -16.761562347 -0.562919259 -0.044659846 -0.825304449 -7.487915039
-0.815376222 0.045900546 0.577108979 185.331008911 0.012161620 0.997990072 -0.062192760 -16.845344543 -0.578803778 -0.043691915 -0.814295530 -8.465652466
-0.800977707 0.049666788 0.596630454 186.053436279 0.015663939 0.997950375 -0.062045977 -16.925731659 -0.598489225 -0.040351868 -0.800113976 -9.475769043
-0.788982987 0.051871125 0.612221479 186.863189697 0.019079003 0.998017788 -0.059970602 -17.005395889 -0.614118755 -0.035635207 -0.788408577 -10.409187317
-0.774048924 0.053090211 0.630895972 187.606643677 0.020721298 0.998068452 -0.058564927 -17.098110199 -0.632786572 -0.032259129 -0.773653984 -11.342262268
-0.758418322 0.055321723 0.649415970 188.390716553 0.021127835 0.997954369 -0.060338542 -17.170528412 -0.651425540 -0.032041103 -0.758035719 -12.252761841
