0.999999821 -0.000555868 -0.000246395 -0.004642524 0.000556300 0.999998331 0.001753313 -0.022208773 0.000245420 -0.001753449 0.999998450 1.320555687
0.999998271 -0.001717381 -0.000676795 -0.010152308 0.001718456 0.999997199 0.001590571 -0.038089070 0.000674062 -0.001591732 0.999998510 2.637365818
0.999994278 -0.003314400 -0.000632275 -0.005335157 0.003314968 0.999994099 0.000900604 -0.024314873 0.000629287 -0.000902695 0.999999344 1.468128204
0.999993861 -0.003445451 -0.000608986 -0.016131353 0.003446092 0.999993503 0.001053116 -0.085627966 0.000605353 -0.001055209 0.999999225 5.258141994
0.999992430 -0.002277838 0.003156254 0.015108104 0.002275026 0.999997020 0.000894199 -0.087046742 -0.003158282 -0.000887012 0.999994636 6.597254753
0.999985814 -0.005308768 -0.000424675 -0.024525493 0.005310051 0.999981284 0.003076897 -0.122778267 0.000408332 -0.003079109 0.999995172 7.914554119
0.999988019 -0.004849564 -0.000621288 -0.032352109 0.004851630 0.999982536 0.003367726 -0.136960775 0.000604945 -0.003370700 0.999994159 9.241205215
0.999991775 -0.003945773 -0.001056244 -0.036265306 0.003947445 0.999990880 0.001585157 -0.157525778 0.001049980 -0.001589313 0.999998152 10.580266953
0.999996305 0.000106948 0.002693618 0.006452974 -0.000103179 0.999998987 -0.001399277 -0.166637063 -0.002693763 0.001398994 0.999995410 11.908831596
0.999989867 0.003480579 0.002842733 0.000295021 -0.003474498 0.999991655 -0.002141043 -0.192684501 -0.002850163 0.002131145 0.999993682 13.233060837
0.999978364 0.005924300 0.002854097 -0.004268687 -0.005917885 0.999979913 -0.002250757 -0.216455936 -0.002867374 0.002233818 0.999993384 14.582774162
0.999974787 0.006829071 0.001926975 -0.008693047 -0.006826345 0.999975681 -0.001417252 -0.238411322 -0.001936607 0.001404062 0.999997139 15.927478790
0.999985814 0.003534927 0.003978131 -0.003729470 -0.003541835 0.999992251 0.001730562 -0.260856956 -0.003971983 -0.001744627 0.999990582 17.281572342
0.999990642 -0.000716325 0.004268246 -0.000931293 0.000700957 0.999993265 0.003601057 -0.281172723 -0.004270797 -0.003598032 0.999984384 18.632755280
0.999988854 -0.003061028 0.003583484 0.009366918 0.003056401 0.999994516 0.001295878 -0.300484270 -0.003587430 -0.001284911 0.999992728 19.991022110
0.999985576 -0.004059102 0.003517072 0.013344571 0.004061732 0.999991417 -0.000740652 -0.319980890 -0.003514036 0.000754927 0.999993563 21.346500397
0.999991000 -0.000707771 0.004188663 0.008754879 0.000720311 0.999995351 -0.002993250 -0.341010809 -0.004186525 0.002996240 0.999986768 22.706493378
0.999986589 0.001035983 0.005073742 0.003306717 -0.001033664 0.999999285 -0.000459682 -0.362139940 -0.005074214 0.000454431 0.999987006 24.074771881
0.999981046 0.001662990 0.005923823 -0.011259452 -0.001682923 0.999992907 0.003361463 -0.389570117 -0.005918191 -0.003371369 0.999976814 25.438936234
0.999980271 -0.001033323 0.006192416 0.002583519 0.001001614 0.999986410 0.005121541 -0.393558383 -0.006197624 -0.005115238 0.999967694 26.810251236
0.999968231 -0.005217254 0.006019802 -0.003589332 0.005200798 0.999982655 0.002745921 -0.397527933 -0.006034024 -0.002714526 0.999978125 28.180791855
0.999968350 -0.006093449 0.005121215 0.023994640 0.006087064 0.999980688 0.001261504 -0.426141024 -0.005128803 -0.001230291 0.999986112 29.567510605
0.999963462 -0.005862665 0.006220852 0.010688126 0.005874294 0.999980986 -0.001852643 -0.435675025 -0.006209872 0.001889118 0.999978960 30.927627563
0.999971390 -0.002540567 0.007123560 -0.003923938 0.002558781 0.999993443 -0.002548834 -0.459005356 -0.007117038 0.002566989 0.999971449 32.300495148
0.999972284 -0.002267035 0.007093817 0.012558430 0.002298671 0.999987423 -0.004454696 -0.492661476 -0.007083629 0.004470880 0.999964893 33.699676514
0.999975443 -0.000965503 0.006949644 0.017249554 0.000990186 0.999993205 -0.003549114 -0.527782381 -0.006946170 0.003555909 0.999969542 35.095916748
0.999980807 -0.001431011 0.006017791 0.029787928 0.001445599 0.999995947 -0.002420544 -0.548640490 -0.006014302 0.002429197 0.999978960 36.497604370
0.999981284 -0.000152848 0.006130644 0.027020797 0.000156987 0.999999762 -0.000674617 -0.579141855 -0.006130540 0.000675566 0.999981046 37.873416901
0.999980569 0.002336494 0.005780338 0.030325502 -0.002333834 0.999997139 -0.000466800 -0.596690297 -0.005781412 0.000453301 0.999983191 39.303447723
0.999973655 0.004544605 0.005651628 0.035045013 -0.004541387 0.999989569 -0.000582047 -0.626364231 -0.005654213 0.000556366 0.999983907 40.696968079
0.999956548 0.006929001 0.006225732 0.020319834 -0.006926520 0.999975920 -0.000419920 -0.644068420 -0.006228491 0.000376779 0.999980509 42.121948242
0.999955952 0.007576750 0.005532326 0.029196545 -0.007572915 0.999971092 -0.000713772 -0.661662936 -0.005537574 0.000671845 0.999984384 43.537902832
0.999959946 0.007034095 0.005531299 0.021916270 -0.007031168 0.999975085 -0.000548542 -0.692470610 -0.005535020 0.000509629 0.999984562 44.940113068
0.999968767 0.006489373 0.004504106 0.031595990 -0.006483027 0.999977946 -0.001422365 -0.711139798 -0.004513237 0.001393121 0.999988854 46.357044220
0.999982178 0.005268437 0.002816631 0.026819631 -0.005266391 0.999985874 -0.000733274 -0.741202235 -0.002820454 0.000718428 0.999995768 47.747955322
0.999981523 0.005901223 0.001471435 0.034560133 -0.005901386 0.999982536 0.000106614 -0.764296353 -0.001470780 -0.000115295 0.999998927 49.178939819
0.999983430 0.005544285 0.001534193 0.025185846 -0.005544422 0.999984622 0.000084244 -0.788096070 -0.001533702 -0.000092749 0.999998808 50.614753723
0.999985397 0.005383444 0.000564382 0.009030072 -0.005383540 0.999985516 0.000168334 -0.800805867 -0.000563468 -0.000171370 0.999999821 51.993930817
0.999981582 0.005939049 -0.001230652 -0.003477640 -0.005937624 0.999981701 0.001158231 -0.828398049 0.001237508 -0.001150902 0.999998569 53.445240021
0.999989629 0.004185474 -0.001819218 -0.010873474 -0.004181097 0.999988437 0.002403222 -0.861853898 0.001829255 -0.002395590 0.999995470 54.876037598
0.999989510 0.003222007 -0.003262545 -0.014105707 -0.003215735 0.999992967 0.001925546 -0.859469473 0.003268727 -0.001915034 0.999992788 56.319751740
0.999992251 0.001278328 -0.003705396 -0.022039533 -0.001274066 0.999998510 0.001152604 -0.880893588 0.003706863 -0.001147875 0.999992490 57.748630524
0.999992549 0.000247842 -0.003854100 -0.036079749 -0.000241898 0.999998748 0.001542497 -0.905463040 0.003854478 -0.001541553 0.999991417 59.158782959
0.999991417 -0.001490972 -0.003843450 -0.026675195 0.001500248 0.999995887 0.002411929 -0.933828413 0.003839838 -0.002417675 0.999989688 60.593288422
0.999984384 -0.004042878 -0.003850572 -0.028688654 0.004055229 0.999986589 0.003205128 -0.953816533 0.003837563 -0.003220693 0.999987423 62.025070190
0.999985933 -0.003787037 -0.003703547 -0.031408593 0.003797777 0.999988735 0.002897248 -0.985819340 0.003692533 -0.002911273 0.999988973 63.463127136
0.999979377 -0.004832084 -0.004223813 -0.041979849 0.004837639 0.999987423 0.001305942 -1.002830744 0.004217449 -0.001326348 0.999990225 64.882942200
0.999985218 -0.003816403 -0.003854183 -0.045652613 0.003820570 0.999992132 0.001074368 -1.036458135 0.003850053 -0.001089078 0.999992013 66.294532776
0.999988675 -0.003361324 -0.003371858 -0.047925055 0.003364545 0.999993801 0.000949956 -1.052642584 0.003368644 -0.000961290 0.999993861 67.717849731
0.999998271 0.001229444 -0.001401317 -0.087291017 -0.001226590 0.999997139 0.002035630 -1.080605149 0.001403816 -0.002033907 0.999996960 69.023254395
0.999963820 0.007973001 -0.002952476 -0.057011604 -0.007966051 0.999965489 0.002358052 -1.073721051 0.002971175 -0.002334448 0.999992788 70.541053772
0.999926269 0.011920519 -0.002327712 -0.063225366 -0.011914528 0.999925673 0.002570992 -1.100183964 0.002358187 -0.002543068 0.999993920 71.939102173
0.999841809 0.017748071 -0.001142593 -0.099872790 -0.017745441 0.999839962 0.002272593 -1.118303776 0.001182744 -0.002251958 0.999996781 73.360244751
0.999784112 0.020764010 -0.000827322 -0.099572934 -0.020763138 0.999783933 0.001049189 -1.126661420 0.000848929 -0.001031786 0.999999166 74.744422913
0.999751627 0.022281811 0.000454596 -0.127955183 -0.022282455 0.999750614 0.001465371 -1.164441466 -0.000421831 -0.001475136 0.999998748 76.149871826
0.999764562 0.021686237 0.000833401 -0.140113413 -0.021687930 0.999762595 0.002075360 -1.191839695 -0.000788196 -0.002092945 0.999997497 77.526985168
0.999768257 0.021507114 0.000903291 -0.145470172 -0.021508642 0.999767125 0.001715137 -1.225453973 -0.000866193 -0.001734169 0.999998093 78.943466187
0.999783397 0.020774035 0.001254544 -0.169436961 -0.020774702 0.999783993 0.000518886 -1.242607236 -0.001243494 -0.000544837 0.999999046 80.300415039
0.999803066 0.019846993 -0.000025010 -0.150035381 -0.019846965 0.999802589 0.000870316 -1.269435167 0.000042278 -0.000869648 0.999999583 81.692382812
0.999825656 0.018664539 -0.000362096 -0.139883518 -0.018664198 0.999825358 0.000919131 -1.289050698 0.000379188 -0.000912212 0.999999464 83.116897583
0.999841928 0.017766980 -0.000452012 -0.156815037 -0.017766543 0.999841690 0.000947996 -1.320850372 0.000468785 -0.000939816 0.999999404 84.404838562
0.999816477 0.019095810 -0.001611754 -0.169396073 -0.019094432 0.999817312 0.000867230 -1.338865161 0.001628021 -0.000836295 0.999998331 85.891105652
0.999822855 0.018714424 -0.002054268 -0.182299003 -0.018711051 0.999823570 0.001649149 -1.364900231 0.002084769 -0.001610419 0.999996543 87.239723206
0.999855220 0.016571507 -0.003855455 -0.179241210 -0.016561342 0.999859333 0.002653126 -1.392047763 0.003898878 -0.002588890 0.999989033 88.638542175
0.999880373 0.014507574 -0.005369727 -0.172257692 -0.014490525 0.999889851 0.003200423 -1.414980769 0.005415566 -0.003122229 0.999980509 89.987487793
0.999919832 0.011134269 -0.006032013 -0.200311959 -0.011113813 0.999932408 0.003414267 -1.433907747 0.006069621 -0.003346954 0.999975979 91.385673523
0.999924242 0.010365336 -0.006640794 -0.205132782 -0.010347624 0.999942839 0.002696068 -1.460373640 0.006668359 -0.002627146 0.999974370 92.741767883
0.999937594 0.008824850 -0.006871733 -0.224463731 -0.008807298 0.999957860 0.002580386 -1.482174754 0.006894215 -0.002519703 0.999973059 94.124435425
0.999931276 0.009288111 -0.007161533 -0.239909083 -0.009276255 0.999955535 0.001686943 -1.498572111 0.007176884 -0.001620395 0.999972939 95.487335205
0.999932349 0.009262437 -0.007037832 -0.267086089 -0.009254158 0.999956429 0.001207959 -1.526660800 0.007048714 -0.001142748 0.999974430 96.846961975
0.999929011 0.009733255 -0.006872070 -0.277114600 -0.009729408 0.999952495 0.000593029 -1.550254107 0.006877515 -0.000526126 0.999976158 98.191879272
0.999918699 0.011041397 -0.006376434 -0.283913374 -0.011035661 0.999938786 0.000933880 -1.572305799 0.006386354 -0.000863436 0.999979258 99.523368835
0.999902546 0.012344563 -0.006505869 -0.288033962 -0.012330435 0.999921560 0.002207169 -1.596261740 0.006532604 -0.002126734 0.999976397 100.886428833
0.999902904 0.012604059 -0.005947299 -0.320293427 -0.012580236 0.999912679 0.004026068 -1.625634432 0.005997525 -0.003950859 0.999974191 102.231430054
0.999908149 0.012318052 -0.005663933 -0.342517287 -0.012303731 0.999921024 0.002556497 -1.642213106 0.005694977 -0.002486575 0.999980688 103.537796021
0.999907613 0.012382192 -0.005610528 -0.355157137 -0.012381573 0.999923348 0.000144871 -1.666339993 0.005611892 -0.000075390 0.999984264 104.899368286
0.999914646 0.011727909 -0.005748466 -0.370907128 -0.011734433 0.999930501 -0.001102677 -1.692438126 0.005735134 0.001170038 0.999982893 106.246665955
0.999940872 0.009051490 -0.006021007 -0.369234473 -0.009049344 0.999959111 0.000383207 -1.717839479 0.006024229 -0.000328698 0.999981761 107.581924438
0.999963224 0.006930036 -0.005062213 -0.395542353 -0.006919134 0.999973774 0.002167709 -1.732353449 0.005077102 -0.002132603 0.999984801 108.882583618
0.999977052 0.005202971 -0.004359825 -0.404624283 -0.005191423 0.999983013 0.002656061 -1.756610870 0.004373570 -0.002633366 0.999986947 110.264533997
0.999981403 0.004519576 -0.004089464 -0.398457348 -0.004513917 0.999988854 0.001391828 -1.779126287 0.004095709 -0.001373343 0.999990642 111.597480774
0.999977589 0.006150254 -0.002637042 -0.416604787 -0.006152951 0.999980569 -0.001015819 -1.795307636 0.002630743 0.001032022 0.999996006 112.938583374
0.999960899 0.008812745 -0.000664935 -0.439199388 -0.008815067 0.999954760 -0.003571432 -1.806379914 0.000633431 0.003577153 0.999993443 114.215827942
0.999936044 0.011303212 -0.000449404 -0.433957100 -0.011304555 0.999931276 -0.003104214 -1.840788960 0.000414286 0.003109095 0.999994993 115.616561890
0.999934077 0.011457875 0.000640924 -0.437079012 -0.011456989 0.999933481 -0.001367564 -1.850333452 -0.000656551 0.001360131 0.999998868 116.949020386
0.999919772 0.012427513 0.002449014 -0.465818673 -0.012429518 0.999922454 0.000804701 -1.882049322 -0.002438823 -0.000835076 0.999996662 118.284645081
0.999933481 0.011215601 0.002698013 -0.457487524 -0.011219194 0.999936163 0.001320019 -1.897644758 -0.002683036 -0.001350200 0.999995470 119.630340576
0.999916255 0.012312909 0.003989969 -0.461420387 -0.012314378 0.999924064 0.000343164 -1.918668032 -0.003985441 -0.000392269 0.999991953 120.971908569
0.999893486 0.013717311 0.004978874 -0.462095141 -0.013717835 0.999905825 0.000070724 -1.935004234 -0.004977436 -0.000139015 0.999987543 122.294929504
0.999842346 0.016454022 0.006678465 -0.474215150 -0.016452089 0.999864519 -0.000344646 -1.970836759 -0.006683231 0.000234717 0.999977648 123.644027710
0.999823868 0.017115893 0.007704348 -0.475166023 -0.017104510 0.999852419 -0.001540625 -1.989758730 -0.007729581 0.001408575 0.999969184 124.959236145
0.999782205 0.018808372 0.009035924 -0.483265758 -0.018785976 0.999820173 -0.002557018 -2.013792276 -0.009082393 0.002386712 0.999955893 126.335426331
0.999789894 0.018199917 0.009426414 -0.461353064 -0.018170552 0.999829769 -0.003191202 -2.033273935 -0.009482889 0.003019248 0.999950528 127.668006897
0.999783397 0.017588787 0.011123199 -0.474436522 -0.017572483 0.999844491 -0.001561529 -2.071044922 -0.011148932 0.001365728 0.999936938 129.027053833
0.999794960 0.016381104 0.011897832 -0.465686083 -0.016367059 0.999865234 -0.001276901 -2.083684206 -0.011917145 0.001081906 0.999928415 130.367248535
0.999806583 0.015682874 0.011869656 -0.447009087 -0.015679384 0.999876976 -0.000387048 -2.117544651 -0.011874264 0.000200864 0.999929488 131.726028442
0.999832928 0.013782722 0.012007824 -0.441513777 -0.013782517 0.999904990 -0.000099858 -2.148967028 -0.012008060 -0.000065657 0.999927878 133.045120239
0.999850452 0.012360703 0.012095384 -0.432747006 -0.012363560 0.999923468 0.000161424 -2.164262056 -0.012092464 -0.000310942 0.999926805 134.435562134
0.999874353 0.010585152 0.011800181 -0.434061050 -0.010584068 0.999943912 -0.000154248 -2.189641476 -0.011801153 0.000029335 0.999930322 135.764846802
0.999902129 0.008856662 0.010824325 -0.415338039 -0.008855078 0.999960780 -0.000194150 -2.209676743 -0.010825619 0.000098281 0.999941409 137.144714355
0.999927282 0.007370880 0.009537460 -0.411614776 -0.007374429 0.999972761 0.000336983 -2.228792429 -0.009534715 -0.000407292 0.999954462 138.482009888
0.999941409 0.006159391 0.008903340 -0.394345522 -0.006168024 0.999980509 0.000942568 -2.264669895 -0.008897361 -0.000997429 0.999959946 139.859680176
0.999947548 0.006090156 0.008234111 -0.420195937 -0.006095029 0.999981284 0.000566875 -2.272091150 -0.008230506 -0.000617032 0.999965966 141.189132690
0.999959946 0.006538313 0.006106452 -0.392829716 -0.006539321 0.999978602 0.000145080 -2.304138899 -0.006105372 -0.000185007 0.999981344 142.538024902
0.999966681 0.006466212 0.004972284 -0.395357668 -0.006465154 0.999979079 -0.000228740 -2.327646732 -0.004973658 0.000196585 0.999987602 143.866363525
0.999984920 0.003289480 0.004397883 -0.377476513 -0.003279474 0.999992132 -0.002280473 -2.358390331 -0.004405350 0.002266016 0.999987662 145.237365723
0.999992907 -0.002064947 0.003156319 -0.380150646 0.002075053 0.999992728 -0.003202021 -2.374626875 -0.003149684 0.003208547 0.999989867 146.586486816
0.999947965 -0.009970836 0.002163927 -0.362770081 0.009971383 0.999950230 -0.000243002 -2.413930893 -0.002161396 0.000264567 0.999997616 147.941833496
0.999859691 -0.016749941 0.000324625 -0.345794916 0.016749576 0.999859035 0.001087866 -2.432476044 -0.000342801 -0.001082276 0.999999344 149.302108765
0.999795556 -0.020212742 0.000498144 -0.359985292 0.020213719 0.999793589 -0.002037234 -2.464959145 -0.000456863 0.002046887 0.999997795 150.643661499
0.999804080 -0.019781359 0.000514768 -0.354614615 0.019783752 0.999790967 -0.005158557 -2.490614176 -0.000412617 0.005167731 0.999986529 151.996780396
0.999867737 -0.016168928 0.001747117 -0.377878219 0.016181244 0.999842644 -0.007285377 -2.523529530 -0.001629044 0.007312687 0.999971926 153.306060791
0.999864519 -0.016296102 0.002342235 -0.375355959 0.016312968 0.999839723 -0.007371209 -2.557117462 -0.002221738 0.007408419 0.999970078 154.677276611
0.999807954 -0.019299278 0.003407060 -0.374469280 0.019311897 0.999806643 -0.003710703 -2.588066101 -0.003334788 0.003775786 0.999987245 156.002716064
0.999700189 -0.024124442 0.004189718 -0.376832843 0.024130806 0.999707818 -0.001475364 -2.606588125 -0.004152901 0.001576023 0.999990106 157.335235596
0.999585748 -0.028545568 0.003667786 -0.352911055 0.028544402 0.999592483 0.000370211 -2.638398409 -0.003676859 -0.000265363 0.999993205 158.709259033
0.999562085 -0.029348020 0.003771931 -0.349531412 0.029349543 0.999569178 -0.000348654 -2.651142597 -0.003760074 0.000459205 0.999992847 160.045852661
0.999612391 -0.027559625 0.003935336 -0.354704082 0.027557755 0.999620080 0.000528486 -2.681320667 -0.003948405 -0.000419832 0.999992132 161.422225952
0.999714196 -0.023357283 0.005087980 -0.360321820 0.023360163 0.999727011 -0.000507688 -2.702194929 -0.005074733 0.000626399 0.999986887 162.781570435
0.999760807 -0.020555634 0.007466538 -0.351041675 0.020571357 0.999786317 -0.002034997 -2.740193605 -0.007423113 0.002188107 0.999970019 164.118789673
0.999801219 -0.018284002 0.007962469 -0.344357729 0.018303584 0.999829590 -0.002392985 -2.768346310 -0.007917360 0.002538251 0.999965429 165.508850098
0.999823153 -0.016235393 0.009493668 -0.370738626 0.016248381 0.999867082 -0.001292465 -2.796721697 -0.009471423 0.001446493 0.999954045 166.827987671
0.999858439 -0.014595300 0.008374314 -0.353450298 0.014609553 0.999891877 -0.001643575 -2.825674534 -0.008349419 0.001765686 0.999963582 168.222839355
0.999881268 -0.013442364 0.007537143 -0.329345226 0.013467544 0.999903798 -0.003300098 -2.854179859 -0.007492057 0.003401213 0.999966145 169.605056763
0.999898434 -0.011127282 0.008902150 -0.378422618 0.011179472 0.999920487 -0.005834325 -2.893009663 -0.008836522 0.005933254 0.999943376 170.908798218
0.999946296 -0.004475261 0.009346980 -0.389938235 0.004545048 0.999961853 -0.007458284 -2.926717043 -0.009313246 0.007500365 0.999928534 172.265502930
0.999959528 -0.000620979 0.008966550 -0.374643683 0.000676518 0.999980569 -0.006192189 -2.951028347 -0.008962531 0.006198005 0.999940574 173.619461060
0.999951422 0.001807317 0.009691734 -0.380526423 -0.001770370 0.999991119 -0.003819549 -2.998822212 -0.009698552 0.003802206 0.999945700 175.017715454
0.999943852 0.002893443 0.010198439 -0.375508308 -0.002872358 0.999993622 -0.002081546 -3.014043331 -0.010204399 0.002052135 0.999945819 176.384490967
0.999958158 0.000731236 0.009123124 -0.354826927 -0.000714887 0.999998152 -0.001795176 -3.016746283 -0.009124421 0.001788580 0.999956787 177.757797241
0.999972820 -0.001530967 0.007213427 -0.348356128 0.001541016 0.999997854 -0.001387730 -3.049063444 -0.007211287 0.001398808 0.999972999 179.152969360
0.999982476 -0.002790805 0.005222700 -0.335318685 0.002818709 0.999981761 -0.005342986 -3.077112675 -0.005207693 0.005357613 0.999972045 180.513534546
0.999991417 0.000183886 0.004137286 -0.339309692 -0.000144208 0.999953985 -0.009588799 -3.117760181 -0.004138859 0.009588119 0.999945402 181.861557007
0.999990761 0.003232380 0.002831484 -0.345092177 -0.003204664 0.999947369 -0.009738726 -3.157359123 -0.002862815 0.009729563 0.999948502 183.280792236
0.999965549 0.007775406 0.002920637 -0.348029912 -0.007748046 0.999927044 -0.009265334 -3.187857151 -0.002992465 0.009242387 0.999952793 184.647399902
0.999942303 0.010175855 0.003444480 -0.370403409 -0.010155526 0.999931157 -0.005868603 -3.231456280 -0.003503961 0.005833285 0.999976814 186.054153442
0.999952674 0.008952507 0.003797648 -0.375069797 -0.008938231 0.999952912 -0.003759812 -3.228411674 -0.003831128 0.003725689 0.999985695 187.478118896
0.999966979 0.007337658 0.003481458 -0.368436337 -0.007329330 0.999970257 -0.002399089 -3.267040730 -0.003498958 0.002373493 0.999991059 188.922225952
0.999963582 0.007409217 0.004239135 -0.385435522 -0.007397947 0.999969065 -0.002668526 -3.272619009 -0.004258775 0.002637067 0.999987483 190.284713745
0.999986708 0.003673163 0.003621412 -0.367378712 -0.003667578 0.999992073 -0.001547658 -3.310943365 -0.003627068 0.001534354 0.999992311 191.697402954
0.999988377 0.002126551 0.004322141 -0.390935361 -0.002116988 0.999995232 -0.002216149 -3.320375681 -0.004326834 0.002206972 0.999988198 193.101226807
0.999987841 -0.001926311 0.004530202 -0.363795996 0.001930526 0.999997735 -0.000926187 -3.349421978 -0.004528407 0.000934922 0.999989331 194.533615112
0.999965370 -0.006895115 0.004663806 -0.358632326 0.006890535 0.999975801 0.000997314 -3.382337093 -0.004670570 -0.000965143 0.999988675 195.960815430
0.999949872 -0.008234429 0.005687309 -0.370513797 0.008232667 0.999966085 0.000333157 -3.397134066 -0.005689859 -0.000286318 0.999983788 197.378128052
0.999963522 -0.006411871 0.005642045 -0.350114942 0.006433096 0.999972284 -0.003751748 -3.429793835 -0.005617833 0.003787906 0.999977052 198.790496826
0.999981701 0.001049020 0.005955523 -0.361341715 -0.000993626 0.999956310 -0.009296685 -3.444765091 -0.005965014 0.009290598 0.999939084 200.216262817
0.999923706 0.009992369 0.007258966 -0.377855897 -0.009928445 0.999912143 -0.008789210 -3.498092651 -0.007346153 0.008716469 0.999935091 201.701019287
0.999816239 0.017189618 0.008483822 -0.377024412 -0.017146634 0.999839902 -0.005114100 -3.524212599 -0.008570374 0.004967692 0.999950886 203.097778320
0.999773741 0.018864812 0.009821758 -0.390082121 -0.018834198 0.999817491 -0.003200599 -3.553028584 -0.009880345 0.003014890 0.999946654 204.524139404
0.999817491 0.016580293 0.009491289 -0.396576643 -0.016550390 0.999857903 -0.003220213 -3.564163923 -0.009543332 0.003062540 0.999949753 205.977706909
0.999880850 0.013245216 0.007919804 -0.365617871 -0.013223074 0.999908507 -0.002841198 -3.599499464 -0.007956711 0.002736136 0.999964595 207.441818237
0.999906719 0.011595740 0.007214903 -0.370463610 -0.011568384 0.999925733 -0.003821551 -3.616889715 -0.007258682 0.003737730 0.999966621 208.904541016
0.999905646 0.012102531 0.006500612 -0.353627086 -0.012077325 0.999919474 -0.003902795 -3.658910751 -0.006547322 0.003823918 0.999971271 210.343307495
0.999888599 0.013626757 0.006093889 -0.350134254 -0.013601964 0.999899089 -0.004091547 -3.683979511 -0.006149029 0.004008202 0.999973059 211.802886963
0.999870956 0.014901603 0.005987707 -0.344272375 -0.014882646 0.999884129 -0.003197848 -3.714253426 -0.006034666 0.003108323 0.999976933 213.266296387
0.999866664 0.015161551 0.006049659 -0.356684446 -0.015136614 0.999876857 -0.004146545 -3.738157034 -0.006111782 0.004054421 0.999973118 214.723403931
0.999891579 0.013684365 0.005430653 -0.341117144 -0.013658892 0.999895692 -0.004700153 -3.772478104 -0.005494405 0.004625467 0.999974132 216.205398560
0.999870002 0.014963113 0.005995519 -0.370195508 -0.014928689 0.999872029 -0.005746027 -3.789884806 -0.006080730 0.005655776 0.999965429 217.633178711
0.999898493 0.013322310 0.005052511 -0.345968127 -0.013295918 0.999897957 -0.005221012 -3.832130432 -0.005121551 0.005153304 0.999973595 219.138061523
0.999896884 0.013497720 0.004895886 -0.347353816 -0.013470113 0.999893367 -0.005629078 -3.855437756 -0.004971343 0.005562550 0.999972165 220.599639893
0.999888241 0.014245783 0.004530521 -0.354235172 -0.014219604 0.999882340 -0.005757874 -3.891275883 -0.004612013 0.005692808 0.999973178 222.092178345
0.999876976 0.015108841 0.004199203 -0.363170862 -0.015081909 0.999866009 -0.006372767 -3.916360855 -0.004294925 0.006308651 0.999970913 223.583389282
0.999886334 0.014657917 0.003519406 -0.349310160 -0.014637032 0.999875486 -0.005888436 -3.965373039 -0.003605280 0.005836254 0.999976456 225.067138672
0.999878585 0.015177645 0.003541480 -0.361498892 -0.015154502 0.999864221 -0.006472500 -3.984833241 -0.003639236 0.006418044 0.999972761 226.540786743
0.999880314 0.015165005 0.003039037 -0.346503854 -0.015144389 0.999863029 -0.006695125 -4.015880585 -0.003140152 0.006648300 0.999972939 228.050949097
0.999898553 0.013747189 0.003707642 -0.378432631 -0.013719521 0.999878645 -0.007386960 -4.038596153 -0.003808742 0.007335344 0.999965847 229.555328369
0.999910414 0.012918996 0.003479769 -0.366368353 -0.012893824 0.999891222 -0.007161133 -4.085680485 -0.003571905 0.007115623 0.999968290 231.037872314
0.999925137 0.011692633 0.003607679 -0.366335690 -0.011668874 0.999910593 -0.006537704 -4.117795944 -0.003683800 0.006495116 0.999972045 232.538986206
0.999923527 0.011805009 0.003691444 -0.373339891 -0.011781811 0.999911010 -0.006244035 -4.156348228 -0.003764827 0.006200066 0.999973714 234.040603638
0.999920309 0.012150886 0.003435870 -0.368420422 -0.012128987 0.999906361 -0.006324403 -4.198412895 -0.003512396 0.006282225 0.999974132 235.548171997
0.999910235 0.012838908 0.003824990 -0.377341092 -0.012810796 0.999891341 -0.007286318 -4.223586082 -0.003918123 0.007236663 0.999966145 237.055099487
0.999880314 0.014571270 0.005188486 -0.395740509 -0.014535511 0.999870777 -0.006863984 -4.255995750 -0.005287833 0.006787745 0.999962986 238.546798706
0.999882877 0.014564590 0.004700414 -0.372981310 -0.014541388 0.999882102 -0.004933168 -4.278896809 -0.004771710 0.004864238 0.999976814 240.086959839
0.999875247 0.014840660 0.005404611 -0.377390027 -0.014813582 0.999877632 -0.005016053 -4.303390026 -0.005478392 0.004935365 0.999972880 241.599151611
0.999871492 0.014830588 0.006065229 -0.383731246 -0.014792585 0.999870896 -0.006263667 -4.340734959 -0.006157340 0.006173143 0.999961972 243.105758667
0.999868512 0.014913274 0.006365594 -0.376506090 -0.014866067 0.999862075 -0.007400137 -4.381393909 -0.006475076 0.007304532 0.999952376 244.607803345
0.999868751 0.014883944 0.006387384 -0.364382625 -0.014841400 0.999867618 -0.006657212 -4.415190220 -0.006485625 0.006561541 0.999957442 246.126754761
0.999865592 0.015026066 0.006553386 -0.372206688 -0.014986313 0.999869168 -0.006073552 -4.445244312 -0.006643790 0.005974524 0.999960065 247.665420532
0.999861538 0.015432678 0.006219849 -0.362817287 -0.015395574 0.999863625 -0.005969702 -4.476004601 -0.006311128 0.005873117 0.999962807 249.203094482
0.999868572 0.015069966 0.005969793 -0.369585276 -0.015038352 0.999872804 -0.005305562 -4.523851395 -0.006048989 0.005215088 0.999968112 250.711868286
0.999849856 0.016377730 0.005664112 -0.355025768 -0.016343327 0.999848008 -0.006067513 -4.538444996 -0.005762624 0.005974032 0.999965549 252.245895386
0.999816656 0.017980954 0.006587193 -0.377448082 -0.017943138 0.999822438 -0.005756230 -4.575883389 -0.006689527 0.005636980 0.999961674 253.763061523
0.999808431 0.018542133 0.006273314 -0.376413465 -0.018507715 0.999813616 -0.005500737 -4.609542847 -0.006374141 0.005383578 0.999965191 255.289169312
0.999853194 0.016135003 0.005754235 -0.369280815 -0.016105663 0.999857247 -0.005109059 -4.640466213 -0.005835848 0.005015634 0.999970317 256.839630127
0.999884605 0.014088321 0.005688441 -0.365215302 -0.014064431 0.999892116 -0.004217868 -4.671716690 -0.005747250 0.004137377 0.999974966 258.376831055
0.999913871 0.011822449 0.005699756 -0.365525961 -0.011798826 0.999921739 -0.004160563 -4.689380169 -0.005748497 0.004092954 0.999975085 259.911682129
0.999941409 0.009475357 0.005229963 -0.359299064 -0.009451057 0.999944508 -0.004651219 -4.729225159 -0.005273744 0.004601517 0.999975502 261.441711426
0.999950349 0.008337320 0.005447987 -0.373007536 -0.008303176 0.999945939 -0.006260144 -4.755680561 -0.005499886 0.006214598 0.999965549 262.986053467
0.999962151 0.006872633 0.005338787 -0.354986787 -0.006850898 0.999968231 -0.004079178 -4.790569305 -0.005366652 0.004042449 0.999977350 264.526306152
0.999963820 0.005260461 0.006678077 -0.376155138 -0.005246990 0.999984205 -0.002032851 -4.827677727 -0.006688666 0.001997739 0.999975622 266.055053711
0.999969661 0.004964735 0.005999517 -0.351421714 -0.004942442 0.999980867 -0.003724959 -4.837162971 -0.006017894 0.003695195 0.999975085 267.608062744
0.999970496 0.004360154 0.006321736 -0.346479535 -0.004329171 0.999978662 -0.004906488 -4.865593433 -0.006342993 0.004878975 0.999967992 269.113983154
0.999960005 0.005674235 0.006914052 -0.337810874 -0.005640378 0.999972045 -0.004906586 -4.902780533 -0.006941701 0.004867392 0.999964058 270.679992676
0.999920666 0.009693031 0.008046569 -0.333439350 -0.009646996 0.999936998 -0.005740318 -4.929714680 -0.008101704 0.005662237 0.999951184 272.200714111
0.999923587 0.008980368 0.008492725 -0.330754042 -0.008934077 0.999945045 -0.005472967 -4.962456703 -0.008541408 0.005396674 0.999948978 273.773071289
0.999891996 0.010899631 0.009847501 -0.334166288 -0.010842901 0.999924421 -0.005795956 -5.000160694 -0.009909932 0.005688555 0.999934733 275.306762695
0.999879956 0.011399305 0.010492565 -0.320025444 -0.011339179 0.999919057 -0.005772144 -5.042091370 -0.010557515 0.005652474 0.999928296 276.863555908
0.999867082 0.012174765 0.010844740 -0.315402508 -0.012102934 0.999904513 -0.006664853 -5.074635029 -0.010924852 0.006532714 0.999919057 278.406799316
0.999868453 0.010935470 0.011976571 -0.300697565 -0.010844969 0.999912322 -0.007595442 -5.094140053 -0.012058578 0.007464558 0.999899447 279.961639404
0.999872923 0.009617453 0.012706165 -0.286385536 -0.009530309 0.999930680 -0.006901118 -5.129184723 -0.012771656 0.006779148 0.999895453 281.482147217
0.999861598 0.009471104 0.013672229 -0.278580189 -0.009389100 0.999937594 -0.006049705 -5.170722008 -0.013728674 0.005920498 0.999888241 283.078582764
0.999855757 0.009649567 0.013971277 -0.265169144 -0.009563559 0.999934971 -0.006209690 -5.203624725 -0.014030290 0.006075180 0.999883115 284.617370605
0.999864280 0.008525803 0.014092867 -0.246700764 -0.008397964 0.999923229 -0.009105663 -5.236795425 -0.014169418 0.008986077 0.999859214 286.114166260
0.999874711 0.008062076 0.013617946 -0.228018761 -0.007913008 0.999908566 -0.010965159 -5.273756027 -0.013705102 0.010856029 0.999847174 287.709869385
0.999891639 0.007743248 0.012519021 -0.209426880 -0.007610241 0.999914467 -0.010637238 -5.321413040 -0.012600315 0.010540814 0.999865055 289.276977539
0.999917626 0.005809512 0.011437715 -0.192464590 -0.005688303 0.999927640 -0.010601550 -5.357259750 -0.011498476 0.010535617 0.999878347 290.839813232
0.999930501 0.005801072 0.010264901 -0.181399107 -0.005684619 0.999919593 -0.011337932 -5.390362740 -0.010329847 0.011278793 0.999882996 292.395935059
0.999938607 0.005318661 0.009719940 -0.171570778 -0.005208972 0.999922872 -0.011275567 -5.419953823 -0.009779162 0.011224244 0.999889195 293.960144043
0.999943018 0.005642370 0.009063770 -0.167394400 -0.005543067 0.999924779 -0.010943948 -5.466707230 -0.009124837 0.010893084 0.999899030 295.504089355
0.999955356 0.005183463 0.007889215 -0.148754120 -0.005099876 0.999931037 -0.010578593 -5.504302979 -0.007943502 0.010537888 0.999912918 297.091094971
0.999960840 0.004798618 0.007427922 -0.150036097 -0.004732905 0.999949694 -0.008839192 -5.551414967 -0.007469964 0.008803692 0.999933362 298.614685059
0.999962211 0.005864366 0.006420061 -0.150010705 -0.005812441 0.999950409 -0.008076981 -5.570637703 -0.006467110 0.008039359 0.999946713 300.235168457
0.999948621 0.007356784 0.006976348 -0.129685640 -0.007304201 0.999944866 -0.007533201 -5.623021126 -0.007031383 0.007481859 0.999947309 301.769927979
0.999944746 0.006990190 0.007840886 -0.133833885 -0.006926813 0.999943376 -0.008081298 -5.650007248 -0.007896932 0.008026540 0.999936521 303.395141602
0.999948978 0.005176377 0.008670563 -0.136638641 -0.005102182 0.999950349 -0.008557434 -5.668985367 -0.008714430 0.008512758 0.999925733 304.953460693
0.999957144 0.003627964 0.008516928 -0.121464729 -0.003558308 0.999960184 -0.008179464 -5.746057510 -0.008546268 0.008148807 0.999930263 306.577972412
0.999959588 0.001714949 0.008830149 -0.112489223 -0.001621505 0.999942720 -0.010578634 -5.770497322 -0.008847786 0.010563888 0.999905050 308.164154053
0.999960661 0.001462086 0.008745560 -0.098095894 -0.001363340 0.999935389 -0.011286238 -5.818926334 -0.008761497 0.011273877 0.999898016 309.806365967
0.999974370 0.002632536 0.006665746 -0.104552984 -0.002546252 0.999913394 -0.012920003 -5.853438377 -0.006699179 0.012902700 0.999894321 311.421051025
0.999990582 -0.000124924 0.004320229 -0.087430835 0.000167417 0.999951541 -0.009836844 -5.933136463 -0.004318792 0.009837474 0.999942243 313.028137207
0.999992669 0.001517365 0.003515267 -0.064672709 -0.001493935 0.999976695 -0.006658449 -5.967921734 -0.003525289 0.006653150 0.999971688 314.650726318
0.999988914 -0.000163663 0.004708904 -0.096563697 0.000180997 0.999993205 -0.003680714 -6.001626015 -0.004708270 0.003681526 0.999982119 316.279327393
0.999986470 -0.001354118 0.005023422 -0.098668694 0.001369670 0.999994218 -0.003093801 -6.034244061 -0.005019204 0.003100639 0.999982536 317.914947510
0.999985754 -0.001808102 0.005015763 -0.090317369 0.001829272 0.999989450 -0.004219353 -6.062280655 -0.005008081 0.004228468 0.999978483 319.547821045
0.999981761 -0.002629570 0.005431974 -0.088361979 0.002652533 0.999987483 -0.004224456 -6.098844051 -0.005420798 0.004238787 0.999976337 321.180725098
0.999982119 -0.002654706 0.005360282 -0.082547665 0.002676859 0.999987841 -0.004129704 -6.129730225 -0.005349254 0.004143978 0.999977052 322.807220459
0.999978662 -0.001944768 0.006259304 -0.085976362 0.001970703 0.999989510 -0.004139814 -6.172399521 -0.006251188 0.004152060 0.999971867 324.434295654
0.999977410 -0.000765021 0.006683772 -0.083371162 0.000799395 0.999986470 -0.005141780 -6.204685688 -0.006679748 0.005147007 0.999964476 326.054962158
0.999965250 -0.003069706 0.007753021 -0.098445654 0.003099065 0.999988019 -0.003777531 -6.271931648 -0.007741332 0.003801427 0.999962807 327.677520752
0.999949992 -0.004785370 0.008782839 -0.101855040 0.004797367 0.999987662 -0.001345675 -6.311494827 -0.008776291 0.001387743 0.999960482 329.312438965
0.999945402 -0.005861893 0.008651849 -0.079880238 0.005868533 0.999982476 -0.000742335 -6.342226028 -0.008647346 0.000793067 0.999962270 330.919128418
0.999940634 -0.007118017 0.008254104 -0.069588184 0.007138693 0.999971390 -0.002478220 -6.372145176 -0.008236229 0.002536998 0.999962807 332.537597656
0.999951720 -0.004849287 0.008545698 -0.059111357 0.004869205 0.999985456 -0.002311472 -6.407934189 -0.008534364 0.002352971 0.999960840 334.182525635
0.999962151 -0.003059717 0.008149097 -0.059787035 0.003094801 0.999985993 -0.004296118 -6.439539909 -0.008135838 0.004321177 0.999957621 335.786682129
0.999971271 -0.001206944 0.007481443 -0.047982693 0.001260125 0.999973893 -0.007107685 -6.478162766 -0.007472670 0.007116907 0.999946713 337.409484863
0.999978304 0.000111459 0.006590016 -0.039122105 -0.000066369 0.999976635 -0.006841964 -6.513170242 -0.006590625 0.006841378 0.999954879 339.051452637
0.999986053 0.000354231 0.005275249 -0.035575032 -0.000335326 0.999993503 -0.003584554 -6.560372829 -0.005276485 0.003582735 0.999979675 340.625640869
0.999991000 0.001435070 0.004003988 -0.030886769 -0.001431737 0.999998569 -0.000834608 -6.593339443 -0.004005181 0.000828869 0.999991655 342.256195068
0.999995172 0.001766710 0.002562206 -0.033422470 -0.001762118 0.999996841 -0.001792957 -6.628011227 -0.002565365 0.001788434 0.999995112 343.864471436
0.999998391 0.001464615 0.000999734 -0.047090381 -0.001461008 0.999992490 -0.003599673 -6.655911922 -0.001004998 0.003598206 0.999993026 345.459472656
0.999999523 0.000376376 -0.000866006 -0.050047189 -0.000378811 0.999995947 -0.002813718 -6.692572594 0.000864944 0.002814045 0.999995649 347.042999268
0.999998093 -0.001233764 -0.001487503 -0.061014086 0.001230342 0.999996543 -0.002298768 -6.728502750 0.001490334 0.002296935 0.999996185 348.642272949
0.999996126 -0.001437165 -0.002348387 -0.063988864 0.001429805 0.999994099 -0.003132551 -6.763245583 0.002352875 0.003129180 0.999992311 350.243225098
0.999993145 -0.002600378 -0.002618448 -0.081510544 0.002589104 0.999987423 -0.004299470 -6.789752483 0.002629596 0.004292661 0.999987364 351.840545654
0.999991596 -0.002819587 -0.003018863 -0.082825899 0.002806655 0.999986887 -0.004279329 -6.822968960 0.003030889 0.004270820 0.999986291 353.447692871
0.999987841 -0.003687757 -0.003276262 -0.095095754 0.003673011 0.999983132 -0.004495607 -6.857940674 0.003292785 0.004483519 0.999984503 355.035766602
0.999988675 -0.003817351 -0.002823501 -0.104883015 0.003802671 0.999979317 -0.005186387 -6.890759468 0.002843241 0.005175592 0.999982476 356.633972168
0.999993265 -0.002869447 -0.002303412 -0.131702960 0.002855420 0.999977589 -0.006069699 -6.930713654 0.002320778 0.006063080 0.999978900 358.214080811
0.999971151 -0.006713410 -0.003552823 -0.119528413 0.006695487 0.999964893 -0.005032822 -6.979111195 0.003586485 0.005008888 0.999981046 359.820526123
0.999969721 -0.006853137 -0.003666311 -0.128783584 0.006833122 0.999961734 -0.005444424 -7.023801804 0.003703482 0.005419207 0.999978483 361.422851562
0.999971449 -0.006597129 -0.003673600 -0.140974641 0.006566538 0.999944150 -0.008277628 -7.038938046 0.003728003 0.008253267 0.999958992 363.006195068
0.999966860 -0.007276706 -0.003660006 -0.144198895 0.007252808 0.999952555 -0.006500981 -7.075467110 0.003707138 0.006474219 0.999972224 364.571533203
0.999941349 -0.010117867 -0.003863260 -0.152986288 0.010097708 0.999935508 -0.005202640 -7.116012573 0.003915651 0.005163326 0.999979019 366.176574707
0.999948561 -0.009668853 -0.003044610 -0.180588186 0.009649150 0.999932885 -0.006421412 -7.149410725 0.003106494 0.006391705 0.999974787 367.760406494
0.999952495 -0.009199551 -0.003216989 -0.185899734 0.009176972 0.999933600 -0.006963976 -7.186350822 0.003280841 0.006934124 0.999970555 369.356445312
0.999966621 -0.007849958 -0.002269390 -0.213815093 0.007836054 0.999950826 -0.006071632 -7.222267628 0.002316941 0.006053646 0.999978960 370.926300049
0.999969184 -0.007480744 -0.002388347 -0.214120150 0.007469338 0.999960840 -0.004749382 -7.266324997 0.002423783 0.004731397 0.999985814 372.540466309
0.999976337 -0.006553899 -0.002134999 -0.220418692 0.006542542 0.999964654 -0.005283947 -7.294876099 0.002169554 0.005269852 0.999983788 374.152435303
0.999977112 -0.006492352 -0.001874286 -0.242590815 0.006479979 0.999957740 -0.006533145 -7.323884964 0.001916622 0.006520849 0.999976933 375.777435303
0.999977410 -0.006535252 -0.001573258 -0.249528050 0.006525374 0.999959409 -0.006202520 -7.368800163 0.001613729 0.006192114 0.999979496 377.379028320
0.999980628 -0.006024200 -0.001554531 -0.258390695 0.006013674 0.999959528 -0.006688128 -7.404597759 0.001594759 0.006678650 0.999976456 379.009826660
0.999986768 -0.004857854 -0.001687185 -0.262398958 0.004847297 0.999969006 -0.006206060 -7.443157196 0.001717281 0.006197799 0.999979317 380.632812500
0.999992430 -0.003571100 -0.001543030 -0.277726084 0.003562522 0.999978483 -0.005526591 -7.479637146 0.001562733 0.005521052 0.999983490 382.260864258
0.999999762 -0.000524288 0.000206486 -0.311892688 0.000525715 0.999975562 -0.006973953 -7.513647079 -0.000202824 0.006974060 0.999975681 383.884674072
0.999993980 0.003065875 0.001638019 -0.341056526 -0.003051632 0.999958158 -0.008627578 -7.547244549 -0.001664402 0.008622525 0.999961495 385.487915039
