1.000000119 0.000194871 -0.000030314 0.019451402 -0.000194951 0.999996483 -0.002651062 0.005055022 0.000029797 0.002651068 0.999996483 1.230952024
0.999999285 0.000524409 0.001012859 0.018213991 -0.000522197 0.999997616 -0.002183232 -0.018318286 -0.001014001 0.002182702 0.999997079 2.477654219
0.999998689 -0.000338743 0.001594554 0.022747578 0.000341893 0.999997973 -0.001976170 -0.038644597 -0.001593882 0.001976712 0.999996781 3.727279902
0.999998212 -0.000979407 0.001603993 0.036824211 0.000982738 0.999997377 -0.002077099 -0.061163530 -0.001601954 0.002078672 0.999996483 4.979880333
0.999997854 -0.001018662 0.001768757 0.045302499 0.001021863 0.999997795 -0.001809686 -0.086573325 -0.001766911 0.001811489 0.999996781 6.234709263
0.999995768 -0.000422235 0.002849307 0.047393143 0.000431080 0.999995112 -0.003104302 -0.103283279 -0.002847982 0.003105517 0.999991119 7.480533600
0.999991238 -0.000697212 0.004119670 0.036724750 0.000710820 0.999994278 -0.003302579 -0.130368099 -0.004117346 0.003305478 0.999986053 8.686081886
0.999989510 -0.001488342 0.004330141 0.032495491 0.001496606 0.999997079 -0.001905897 -0.154099181 -0.004327293 0.001912357 0.999988794 9.900779724
0.999992430 -0.002154646 0.003222567 0.026683953 0.002158117 0.999997079 -0.001074271 -0.177792311 -0.003220242 0.001081218 0.999994218 11.108315468
0.999994278 -0.003311957 0.000683121 0.025686191 0.003312935 0.999993503 -0.001436424 -0.201330543 -0.000678359 0.001438678 0.999998748 12.309711456
0.999995887 -0.002811884 -0.000486476 0.005329653 0.002810922 0.999994159 -0.001966893 -0.222006887 0.000492003 0.001965517 0.999998033 13.429774284
0.999993742 -0.002735486 -0.002227703 0.000194211 0.002730103 0.999993384 -0.002415707 -0.238966957 0.002234296 0.002409610 0.999994576 14.705623627
0.999994576 -0.001241616 -0.003058643 -0.003041793 0.001232260 0.999994576 -0.003058826 -0.256606847 0.003062424 0.003055041 0.999990642 15.860943794
0.999991059 -0.001530736 -0.003937368 -0.011614226 0.001520479 0.999995410 -0.002606800 -0.281303555 0.003941341 0.002600790 0.999988854 17.111644745
0.999990046 -0.001831878 -0.004078911 -0.024388462 0.001824734 0.999996781 -0.001754362 -0.308658749 0.004082112 0.001746901 0.999990165 18.274599075
0.999981761 -0.002902485 -0.005301180 -0.026073821 0.002892118 0.999993861 -0.001962262 -0.328529537 0.005306843 0.001946894 0.999984026 19.514028549
0.999983132 -0.001930453 -0.005484274 -0.042315938 0.001913325 0.999993265 -0.003126594 -0.346603572 0.005490271 0.003116047 0.999980092 20.677070618
0.999971926 -0.003268717 -0.006745616 -0.043582700 0.003241626 0.999986649 -0.004023115 -0.371761143 0.006758676 0.004001135 0.999969125 21.895967484
0.999972045 -0.002287759 -0.007122013 -0.055503093 0.002265467 0.999992490 -0.003136677 -0.407303184 0.007129136 0.003120453 0.999969661 23.056972504
0.999963880 -0.002013411 -0.008260658 -0.070479140 0.001981218 0.999990404 -0.003903531 -0.415353388 0.008268439 0.003887023 0.999958277 24.259120941
0.999967277 -0.002142455 -0.007810898 -0.113468654 0.002104359 0.999985933 -0.004882254 -0.434562117 0.007821249 0.004865657 0.999957561 25.422666550
0.999946356 -0.001600315 -0.010229621 -0.099412665 0.001559379 0.999990761 -0.004008429 -0.461883277 0.010235941 0.003992263 0.999939620 26.607704163
0.999935329 -0.002961152 -0.010982284 -0.114563823 0.002930966 0.999991953 -0.002763660 -0.485299319 0.010990380 0.002731293 0.999935865 27.811546326
0.999923527 -0.003548604 -0.011859395 -0.133077160 0.003521982 0.999991238 -0.002264944 -0.513427794 0.011867330 0.002223002 0.999927104 28.987361908
0.999918520 -0.004900951 -0.011784167 -0.164618522 0.004868252 0.999984264 -0.002801936 -0.543976307 0.011797714 0.002744339 0.999926627 30.177505493
0.999894977 -0.004365522 -0.013819211 -0.167887032 0.004315074 0.999983966 -0.003678270 -0.573424637 0.013835046 0.003618253 0.999897718 31.352310181
0.999897778 -0.004573004 -0.013553847 -0.221395910 0.004513059 0.999979913 -0.004450005 -0.569304228 0.013573924 0.004388381 0.999898195 32.519844055
0.999875724 -0.003972409 -0.015253956 -0.213555723 0.003924139 0.999987245 -0.003193042 -0.622305989 0.015266447 0.003132788 0.999878466 33.728813171
0.999866486 -0.004595216 -0.015682071 -0.244363517 0.004557347 0.999986589 -0.002449710 -0.650335312 0.015693121 0.002377915 0.999873936 34.914688110
0.999836147 -0.005563601 -0.017228786 -0.239895463 0.005505831 0.999979079 -0.003398697 -0.662764490 0.017247332 0.003303281 0.999845803 36.121776581
0.999807298 -0.005762404 -0.018767752 -0.239860803 0.005684556 0.999975085 -0.004198701 -0.675401211 0.018791474 0.004091206 0.999814987 37.296413422
0.999825239 -0.006258400 -0.017612487 -0.304426819 0.006211846 0.999976993 -0.002696685 -0.711341977 0.017628958 0.002586807 0.999841273 38.454723358
0.999837935 -0.006071521 -0.016950049 -0.340416253 0.006044614 0.999980390 -0.001638185 -0.730567873 0.016959662 0.001535463 0.999855042 39.619297028
0.999850452 -0.005181154 -0.016500585 -0.379160851 0.005171421 0.999986470 -0.000632452 -0.755941987 0.016503640 0.000547026 0.999863625 40.829486847
0.999839425 -0.004483216 -0.017351467 -0.388239324 0.004462580 0.999989331 -0.001227864 -0.773158610 0.017356785 0.001150234 0.999848723 42.019569397
0.999842167 -0.003605937 -0.017400233 -0.409908324 0.003583440 0.999992728 -0.001323924 -0.801619530 0.017404880 0.001261362 0.999847770 43.198329926
0.999861658 -0.000639712 -0.016617458 -0.441525370 0.000643929 0.999999762 0.000248434 -0.808616221 0.016617296 -0.000259100 0.999861896 44.400543213
0.999880970 -0.000969547 -0.015397710 -0.456310570 0.001029745 0.999991894 0.003902137 -0.840898454 0.015393797 -0.003917528 0.999873877 45.586124420
0.999919713 -0.000577837 -0.012655023 -0.492480695 0.000656042 0.999980748 0.006176465 -0.845145226 0.012651208 -0.006184272 0.999900818 46.804714203
0.999929607 0.000242567 -0.011864194 -0.500737786 -0.000130384 0.999955237 0.009455477 -0.855443954 0.011865959 -0.009453264 0.999884844 47.976379395
0.999943018 0.000140595 -0.010674168 -0.516949832 -0.000028942 0.999945283 0.010459552 -0.854910493 0.010675054 -0.010458645 0.999888241 49.172836304
0.999952853 -0.001618841 -0.009571131 -0.524924636 0.001705422 0.999957681 0.009044834 -0.866903067 0.009556083 -0.009060730 0.999913275 50.374946594
0.999966681 -0.000812314 -0.008121022 -0.544951320 0.000866590 0.999977231 0.006682120 -0.865094185 0.008115411 -0.006688936 0.999944687 51.557941437
0.999969065 -0.001015450 -0.007797454 -0.555044234 0.001060460 0.999982774 0.005770367 -0.875675559 0.007791460 -0.005778457 0.999952972 52.776268005
0.999967933 -0.001009655 -0.007944227 -0.564837694 0.001050664 0.999986112 0.005159558 -0.881672323 0.007938908 -0.005167738 0.999955058 53.933929443
0.999961019 -0.001961996 -0.008611317 -0.578601003 0.001996777 0.999989867 0.004032276 -0.901404023 0.008603318 -0.004049313 0.999954760 55.133346558
0.999948084 -0.001728008 -0.010045709 -0.597127497 0.001776587 0.999986768 0.004828938 -0.915849328 0.010037232 -0.004846534 0.999937892 56.312282562
0.999932408 -0.002242297 -0.011403430 -0.616819680 0.002312772 0.999978304 0.006170709 -0.933865547 0.011389348 -0.006196665 0.999915898 57.511203766
0.999910593 -0.002643297 -0.013109324 -0.624026775 0.002728144 0.999975443 0.006458528 -0.946917236 0.013091930 -0.006493714 0.999893248 58.712635040
0.999902368 -0.001134361 -0.013928543 -0.657292366 0.001222303 0.999979317 0.006306962 -0.957742095 0.013921101 -0.006323372 0.999883115 59.905883789
0.999892294 -0.000979392 -0.014640730 -0.679108202 0.001071949 0.999979496 0.006315374 -0.973209560 0.014634240 -0.006330389 0.999872804 61.096748352
0.999888957 -0.002069444 -0.014757643 -0.707491100 0.002153631 0.999981523 0.005691085 -0.985352397 0.014745590 -0.005722235 0.999874890 62.290161133
0.999884367 -0.002323770 -0.015023671 -0.723804533 0.002388863 0.999987781 0.004316250 -0.995327294 0.015013454 -0.004351641 0.999877810 63.517311096
0.999875426 -0.003408345 -0.015412840 -0.754087329 0.003499872 0.999976397 0.005915290 -1.020130038 0.015392315 -0.005968496 0.999863744 64.700187683
0.999867201 -0.003344900 -0.015950151 -0.770273745 0.003465711 0.999965549 0.007552609 -1.036838889 0.015924336 -0.007606885 0.999844372 65.907012939
0.999866188 -0.002556159 -0.016164444 -0.797411740 0.002649074 0.999980092 0.005729303 -1.044924021 0.016149480 -0.005771355 0.999852896 67.111717224
0.999860287 -0.000713697 -0.016699992 -0.811574221 0.000788616 0.999989688 0.004479964 -1.057242990 0.016696621 -0.004492508 0.999850571 68.317863464
0.999860823 0.001163367 -0.016637232 -0.847931266 -0.001081055 0.999987066 0.004955576 -1.077679992 0.016642787 -0.004936900 0.999849319 69.520492554
0.999850512 0.003359636 -0.016960500 -0.865094543 -0.003277957 0.999982893 0.004841295 -1.087367535 0.016976474 -0.004784975 0.999844491 70.732002258
0.999870896 0.005577770 -0.015066849 -1.219623327 -0.005497240 0.999970376 0.005380960 -1.339387894 0.015096413 -0.005297439 0.999872029 71.817565918
0.999867737 0.006346961 -0.014971703 -1.228864551 -0.006249510 0.999959052 0.006546772 -1.354145765 0.015012641 -0.006452341 0.999866545 73.021270752
0.999888897 0.007461521 -0.012899742 -1.251835465 -0.007371045 0.999948025 0.007047028 -1.361549139 0.012951650 -0.006951161 0.999891996 74.225234985
0.999934256 0.006171852 -0.009658283 -1.280117631 -0.006125899 0.999969840 0.004780295 -1.382866621 0.009687495 -0.004720816 0.999941945 75.400192261
0.999962866 0.003155085 -0.008020591 -1.278783798 -0.003157428 0.999994993 -0.000279462 -1.402021170 0.008019669 0.000304776 0.999967754 76.603561401
0.999973893 0.005578551 -0.004582603 -1.300064683 -0.005583912 0.999983668 -0.001157569 -1.418265343 0.004576071 0.001183128 0.999988854 77.778137207
0.999987900 0.004378419 -0.002241185 -1.296620250 -0.004373603 0.999988079 0.002149617 -1.434690237 0.002250570 -0.002139789 0.999995172 78.973945618
0.999990284 0.003891883 0.002055203 -1.337355494 -0.003900865 0.999982715 0.004384444 -1.451879025 -0.002038104 -0.004392418 0.999988258 80.104049683
0.999973178 0.004171405 0.006023791 -1.336940289 -0.004185898 0.999988377 0.002395308 -1.466880560 -0.006013729 -0.002420458 0.999978960 81.276817322
0.999950230 0.003124682 0.009473951 -1.330401063 -0.003120586 0.999994993 -0.000447088 -1.492999792 -0.009475302 0.000417501 0.999954998 82.453628540
0.999921739 0.001855279 0.012371298 -1.310743809 -0.001809423 0.999991417 -0.003716867 -1.524578094 -0.012378088 0.003694192 0.999916553 83.623481750
0.999876022 0.001171821 0.015702235 -1.266835928 -0.001100832 0.999989271 -0.004528803 -1.563229799 -0.015707370 0.004510956 0.999866486 84.741104126
0.999825656 0.001129271 0.018635605 -1.239432931 -0.001072474 0.999994755 -0.003057431 -1.584895134 -0.018638955 0.003036913 0.999821663 85.911460876
0.999735773 0.001820068 0.022914888 -1.221915245 -0.001765599 0.999995530 -0.002397047 -1.611176729 -0.022919150 0.002355956 0.999734461 87.056266785
0.999648631 0.001262610 0.026476763 -1.192323446 -0.001137057 0.999987960 -0.004756566 -1.629006267 -0.026482446 0.004724789 0.999638021 88.188720703
0.999555886 0.001275640 0.029770169 -1.161010981 -0.001073120 0.999976158 -0.006817774 -1.661983967 -0.029778155 0.006782802 0.999533534 89.374000549
0.999466538 0.000896741 0.032645807 -1.122180223 -0.000668097 0.999975145 -0.007014007 -1.694305062 -0.032651287 0.006988454 0.999442399 90.541252136
0.999361038 -0.000233833 0.035742212 -1.085121632 0.000449812 0.999981701 -0.006034736 -1.716312885 -0.035740148 0.006046956 0.999342799 91.688285828
0.999276400 -0.000830829 0.038027670 -1.037557602 0.001005682 0.999989092 -0.004579143 -1.739684463 -0.038023453 0.004614072 0.999266207 92.840209961
0.999142468 -0.001336583 0.041385606 -1.004398108 0.001464644 0.999994218 -0.003064159 -1.761718988 -0.041381281 0.003122145 0.999138474 93.990165710
0.999034584 -0.003268242 0.043809704 -0.961881638 0.003350778 0.999992728 -0.001810673 -1.790385604 -0.043803472 0.001955722 0.999038219 95.123077393
0.998920023 -0.004220968 0.046271853 -0.904634953 0.004440533 0.999979377 -0.004643328 -1.806322932 -0.046251304 0.004843784 0.998917997 96.274887085
0.998794138 -0.005631401 0.048768196 -0.872254848 0.005996712 0.999955058 -0.007347700 -1.853533030 -0.048724629 0.007631287 0.998783112 97.444007874
0.998711348 -0.004426868 0.050556101 -0.809238434 0.004961621 0.999933064 -0.010456828 -1.866078854 -0.050506417 0.010694192 0.998666465 98.592643738
0.998604953 -0.005099965 0.052556921 -0.764535904 0.005694892 0.999921441 -0.011176130 -1.903279066 -0.052495785 0.011459845 0.998555422 99.780021667
0.998594105 -0.005039125 0.052769482 -0.708296776 0.005594378 0.999930501 -0.010379802 -1.937646866 -0.052713517 0.010660423 0.998552859 100.927574158
0.998659909 -0.004827076 0.051528983 -0.625054836 0.005298756 0.999945223 -0.009021007 -1.952273846 -0.051482618 0.009281959 0.998630762 102.115730286
0.998705387 -0.005454450 0.050572950 -0.588259697 0.005833715 0.999955952 -0.007354742 -1.985549688 -0.050530612 0.007640250 0.998693287 103.295249939
0.998819470 -0.004990437 0.048319757 -0.534369469 0.005307326 0.999965191 -0.006432128 -2.011850357 -0.048285980 0.006680983 0.998811245 104.474395752
0.998934031 -0.004499755 0.045940269 -0.486096859 0.004764544 0.999972641 -0.005655880 -2.044786930 -0.045913570 0.005868736 0.998928070 105.661895752
0.999059737 -0.004207875 0.043150544 -0.447502136 0.004478649 0.999970913 -0.006180333 -2.062918425 -0.043123282 0.006367779 0.999049425 106.889427185
0.999206960 -0.002833339 0.039718572 -0.421718597 0.003109391 0.999971449 -0.006890121 -2.083062172 -0.039697908 0.007008155 0.999187171 108.066047668
0.999366164 -0.002767694 0.035489574 -0.375717402 0.002997814 0.999974847 -0.006432588 -2.106725216 -0.035470884 0.006534902 0.999349296 109.276756287
0.999491513 -0.001915889 0.031827647 -0.353902340 0.002087719 0.999983430 -0.005366404 -2.135935783 -0.031816836 0.005430122 0.999478996 110.482810974
0.999633312 -0.002023052 0.027004331 -0.307048082 0.002146991 0.999987304 -0.004561402 -2.159298897 -0.026994759 0.004617707 0.999624848 111.694396973
0.999742508 -0.001880878 0.022617836 -0.292435169 0.001979794 0.999988616 -0.004351768 -2.177985668 -0.022609398 0.004395426 0.999734640 112.897285461
0.999839425 -0.001142999 0.017884547 -0.266477823 0.001214138 0.999991357 -0.003967390 -2.206321716 -0.017879859 0.003988467 0.999832213 114.131599426
0.999917328 -0.000526097 0.012847597 -0.261449933 0.000578406 0.999991536 -0.004068145 -2.228598833 -0.012845347 0.004075241 0.999909222 115.329605103
0.999969244 -0.000099076 0.007837397 -0.249706447 0.000134680 0.999989629 -0.004542392 -2.252900124 -0.007836865 0.004543307 0.999958992 116.561233521
0.999994397 0.001053226 0.003181518 -0.260719180 -0.001037955 0.999987900 -0.004797512 -2.283902168 -0.003186532 0.004794184 0.999983490 117.751441956
0.999995589 0.002899313 -0.000631701 -0.252082795 -0.002902411 0.999983430 -0.004959206 -2.305047989 0.000617312 0.004961017 0.999987483 118.997741699
0.999986053 0.004711650 -0.002380709 -0.270398051 -0.004723177 0.999977052 -0.004859356 -2.328885317 0.002357759 0.004870531 0.999985337 120.212364197
0.999974132 0.006211266 -0.003620045 -0.277497470 -0.006230166 0.999966919 -0.005233189 -2.356725454 0.003587421 0.005255608 0.999979675 121.465705872
0.999954700 0.008322233 -0.004626758 -0.294415921 -0.008343918 0.999954283 -0.004687523 -2.389907837 0.004587536 0.004725916 0.999978304 122.685150146
0.999930561 0.010139607 -0.006007280 -0.294474214 -0.010164902 0.999939561 -0.004195340 -2.406524897 0.005964378 0.004256113 0.999973178 123.947677612
0.999934435 0.009511582 -0.006382124 -0.317850232 -0.009535213 0.999947786 -0.003682711 -2.437056541 0.006346762 0.003743324 0.999972880 125.196891785
0.999881744 0.013525426 -0.007315427 -0.339097738 -0.013538440 0.999906778 -0.001731974 -2.455218792 0.007291320 0.001830809 0.999971747 126.445152283
0.999869347 0.014003145 -0.008065543 -0.349322796 -0.013991482 0.999900937 0.001500964 -2.478164673 0.008085762 -0.001387919 0.999966383 127.674636841
0.999878287 0.013074682 -0.008507098 -0.372143984 -0.013067284 0.999914169 0.000924515 -2.496164083 0.008518456 -0.000813237 0.999963403 128.935791016
0.999878645 0.012936398 -0.008682597 -0.396897316 -0.012943903 0.999915838 -0.000808601 -2.509430408 0.008671407 0.000920890 0.999962032 130.185165405
0.999900520 0.010307496 -0.009627617 -0.408845544 -0.010305096 0.999946892 0.000298820 -2.532905340 0.009630186 -0.000199577 0.999953628 131.429183960
0.999912202 0.008277461 -0.010356866 -0.422358513 -0.008254516 0.999963462 0.002256203 -2.552877665 0.010375164 -0.002170514 0.999943793 132.698547363
0.999930501 0.005258409 -0.010551526 -0.425972223 -0.005212804 0.999977052 0.004344955 -2.571331501 0.010574130 -0.004289650 0.999934912 133.936935425
0.999934673 0.002634002 -0.011123678 -0.450137496 -0.002575518 0.999982715 0.005268718 -2.586781740 0.011137362 -0.005239724 0.999924242 135.211761475
0.999940813 -0.001469664 -0.010774272 -0.467243671 0.001503655 0.999993861 0.003147288 -2.599316597 0.010769582 -0.003163303 0.999936938 136.483932495
0.999936104 -0.004126521 -0.010522002 -0.489920199 0.004152811 0.999988198 0.002477923 -2.617798805 0.010511655 -0.002521461 0.999941528 137.754257202
0.999925733 -0.005291549 -0.010980509 -0.492128134 0.005315094 0.999983609 0.002116191 -2.632922173 0.010969132 -0.002174397 0.999937475 139.038208008
0.999925613 -0.005952280 -0.010641765 -0.520028591 0.005977507 0.999979436 0.002340388 -2.650862217 0.010627616 -0.002403826 0.999940574 140.311340332
0.999940395 -0.004942352 -0.009737067 -0.530564487 0.004990558 0.999975383 0.004932580 -2.680982590 0.009712447 -0.004980879 0.999940455 141.616104126
0.999948084 -0.002925365 -0.009758967 -0.538120031 0.002987111 0.999975622 0.006318468 -2.697323322 0.009740245 -0.006347291 0.999932468 142.872787476
0.999958217 -0.003003897 -0.008635088 -0.561367452 0.003045446 0.999983847 0.004802682 -2.712676764 0.008620519 -0.004828779 0.999951184 144.158081055
0.999964952 -0.002336225 -0.008035623 -0.581895053 0.002360030 0.999992847 0.002954219 -2.727170944 0.008028662 -0.002973080 0.999963403 145.438415527
0.999967158 -0.002603012 -0.007673602 -0.595756829 0.002600464 0.999996603 -0.000341953 -2.730355978 0.007674465 0.000321987 0.999970436 146.701095581
0.999963999 -0.004406571 -0.007241985 -0.609938979 0.004374329 0.999980509 -0.004462130 -2.758617163 0.007261505 0.004430291 0.999963820 147.988952637
0.999968529 -0.003898341 -0.006910742 -0.620281816 0.003848839 0.999966979 -0.007161749 -2.800996065 0.006938432 0.007134925 0.999950469 149.252349854
0.999972403 -0.003644387 -0.006468113 -0.632333517 0.003591958 0.999960780 -0.008098945 -2.833177090 0.006497375 0.008075489 0.999946296 150.525024414
0.999968112 -0.004405420 -0.006659376 -0.651011467 0.004348809 0.999954462 -0.008491627 -2.848088741 0.006696483 0.008462397 0.999941766 151.766326904
0.999971449 -0.003320567 -0.006784721 -0.658499956 0.003265547 0.999961793 -0.008104553 -2.877332211 0.006811373 0.008082168 0.999944150 153.032714844
0.999968112 -0.003591273 -0.007149117 -0.676442504 0.003547152 0.999974608 -0.006175073 -2.923151970 0.007171112 0.006149517 0.999955297 154.296157837
0.999971569 -0.002502192 -0.007127496 -0.692866504 0.002460179 0.999979615 -0.005897002 -2.942886829 0.007142106 0.005879299 0.999957144 155.583053589
0.999966860 -0.002612164 -0.007708604 -0.712123275 0.002563608 0.999976873 -0.006302111 -2.981181860 0.007724888 0.006282141 0.999950409 156.817153931
0.999962986 -0.002273266 -0.008295419 -0.731278300 0.002222079 0.999978542 -0.006174587 -3.004314423 0.008309277 0.006155925 0.999946535 158.084747314
0.999957263 -0.002441435 -0.008917215 -0.751457691 0.002398588 0.999985576 -0.004812511 -3.041209221 0.008928836 0.004790917 0.999948680 159.357574463
0.999951422 -0.001034120 -0.009802012 -0.761911690 0.000994555 0.999991357 -0.004040401 -3.078689337 0.009806106 0.004030456 0.999943793 160.588211060
0.999945760 -0.001400082 -0.010320422 -0.786056340 0.001343442 0.999984026 -0.005493045 -3.095538378 0.010327949 0.005478883 0.999931633 161.879852295
0.999942720 -0.000239239 -0.010701948 -0.808335721 0.000168571 0.999978244 -0.006603694 -3.130301952 0.010703292 0.006601512 0.999920905 163.153320312
0.999934196 -0.000151917 -0.011482410 -0.832092166 0.000075893 0.999978065 -0.006621010 -3.156562328 0.011483166 0.006619702 0.999912083 164.389373779
0.999925613 -0.000470637 -0.012189562 -0.849773169 0.000380559 0.999972582 -0.007391012 -3.182285547 0.012192707 0.007385825 0.999898374 165.672195435
0.999913275 -0.000280523 -0.013165905 -0.870768785 0.000168545 0.999963820 -0.008505510 -3.217388868 0.013167815 0.008502554 0.999877095 166.890914917
0.999911010 0.000252066 -0.013337120 -0.892502546 -0.000365125 0.999963999 -0.008475235 -3.245269299 0.013334504 0.008479351 0.999875069 168.179183960
0.999890685 -0.000302063 -0.014777983 -0.913531661 0.000203344 0.999977648 -0.006681206 -3.288268328 0.014779673 0.006677471 0.999868453 169.430389404
0.999887347 -0.000110846 -0.015007033 -0.952368855 0.000021290 0.999982238 -0.005967694 -3.325191498 0.015007429 0.005966705 0.999869525 170.687362671
0.999870241 0.000860158 -0.016082801 -0.970348358 -0.000959846 0.999980390 -0.006191744 -3.347343445 0.016077157 0.006206376 0.999851465 171.959533691
0.999869168 0.001110062 -0.016134601 -1.009505033 -0.001207114 0.999981284 -0.006006687 -3.374592781 0.016127633 0.006025377 0.999851704 173.225799561
0.999843776 0.001866550 -0.017576201 -1.021138906 -0.001977572 0.999978185 -0.006301327 -3.410403252 0.017564056 0.006335100 0.999825656 174.484191895
0.999843001 0.002457003 -0.017552324 -1.059418678 -0.002582245 0.999971390 -0.007116229 -3.433933258 0.017534334 0.007160436 0.999820590 175.746795654
0.999837577 0.002679395 -0.017820979 -1.101583242 -0.002796072 0.999974787 -0.006525448 -3.473814964 0.017803049 0.006574215 0.999819875 176.996902466
0.999850452 0.002026037 -0.017172005 -1.161608458 -0.002167031 0.999963999 -0.008196087 -3.510166168 0.017154783 0.008232072 0.999818981 178.191726685
0.999838233 0.000246011 -0.017983852 -1.157063961 -0.000423891 0.999950945 -0.009887987 -3.526996136 0.017980540 0.009894009 0.999789476 179.530136108
0.999832213 -0.002222337 -0.018178353 -1.187342167 0.002051736 0.999953687 -0.009398174 -3.563280106 0.018198401 0.009359300 0.999790609 180.796691895
0.999817491 -0.002902780 -0.018881066 -1.199865341 0.002795656 0.999979794 -0.005697495 -3.595712423 0.018897222 0.005643670 0.999805450 182.063842773
0.999828994 -0.003544588 -0.018149247 -1.255264044 0.003527939 0.999993324 -0.000949189 -3.629262209 0.018152487 0.000884997 0.999834836 183.302703857
0.999829233 -0.002282713 -0.018339995 -1.290590286 0.002264169 0.999996901 -0.001031749 -3.661496878 0.018342290 0.000990048 0.999831259 184.554565430
0.999831140 -0.000837079 -0.018364528 -1.301139355 0.000748977 0.999988198 -0.004803733 -3.677804947 0.018368334 0.004789166 0.999819815 185.813827515
0.999830663 -0.000828521 -0.018384952 -1.336104870 0.000699597 0.999975204 -0.007017833 -3.710069180 0.018390309 0.007003782 0.999806345 187.072128296
0.999816120 -0.001256899 -0.019139301 -1.354258060 0.001135383 0.999979198 -0.006358530 -3.742092609 0.019146895 0.006335629 0.999796629 188.282318115
0.999827385 -0.001268197 -0.018534312 -1.388381958 0.001167318 0.999984503 -0.005452625 -3.774301767 0.018540939 0.005430047 0.999813318 189.578506470
0.999823391 -0.001048903 -0.018759808 -1.408204556 0.000993091 0.999995053 -0.002984124 -3.804748535 0.018762844 0.002964967 0.999819577 190.821548462
0.999836206 -0.001794491 -0.018001970 -1.432982683 0.001765358 0.999997199 -0.001634057 -3.842627048 0.018004851 0.001602010 0.999836624 192.031494141
0.999872684 -0.001234188 -0.015910117 -1.500785470 0.001194372 0.999996126 -0.002511740 -3.864425182 0.015913155 0.002492417 0.999870241 193.250442505
0.999876678 -0.002506283 -0.015505327 -1.467047215 0.002442447 0.999988496 -0.004134598 -3.894786596 0.015515511 0.004096217 0.999871194 194.504150391
0.999900043 -0.002712170 -0.013874838 -1.507117510 0.002638033 0.999982119 -0.005358736 -3.941850424 0.013889126 0.005321599 0.999889374 195.725738525
0.999916255 -0.003220704 -0.012537552 -1.532685757 0.003145428 0.999976933 -0.006019128 -3.960893154 0.012556648 0.005979189 0.999903262 196.952041626
0.999934316 -0.002769013 -0.011125306 -1.550985813 0.002708808 0.999981701 -0.005422994 -3.987318754 0.011140119 0.005392503 0.999923408 198.110015869
0.999940872 -0.003728583 -0.010218557 -1.556907415 0.003694272 0.999987483 -0.003374676 -4.020236015 0.010231012 0.003336726 0.999942005 199.389343262
0.999953687 -0.002886625 -0.009181048 -1.568211317 0.002858663 0.999991179 -0.003057286 -4.043828487 0.009189792 0.003030900 0.999953151 200.613983154
0.999964654 -0.003429274 -0.007683486 -1.589479804 0.003406244 0.999989629 -0.003008423 -4.070383549 0.007693726 0.002982145 0.999965906 201.819030762
0.999971271 -0.002146163 -0.007270443 -1.585669279 0.002129412 0.999995053 -0.002311001 -4.097819328 0.007275368 0.002295452 0.999970913 203.025222778
0.999978185 -0.002951170 -0.005934310 -1.614164591 0.002933302 0.999991179 -0.003017467 -4.117648602 0.005943163 0.002999993 0.999977827 204.187927246
0.999983847 -0.002953243 -0.004860632 -1.627032757 0.002937684 0.999990582 -0.003204892 -4.144754887 0.004870051 0.003190561 0.999983013 205.344558716
0.999987245 -0.002956029 -0.004081118 -1.645648837 0.002943342 0.999990940 -0.003111544 -4.170547962 0.004090279 0.003099493 0.999986768 206.526214600
0.999986172 -0.003934640 -0.003478031 -1.657702923 0.003924410 0.999987960 -0.002943042 -4.202715874 0.003489570 0.002929352 0.999989629 207.692886353
0.999987006 -0.004139359 -0.002969481 -1.684769154 0.004133866 0.999989688 -0.001853264 -4.236891270 0.002977122 0.001840965 0.999993861 208.845474243
0.999980628 -0.004735836 -0.004039132 -1.659374118 0.004731050 0.999988139 -0.001194084 -4.254305363 0.004044739 0.001174952 0.999991059 209.958145142
0.999978185 -0.004971490 -0.004353611 -1.686105251 0.004967009 0.999987185 -0.001039681 -4.280621529 0.004358723 0.001018034 0.999989986 211.071365356
0.999980569 -0.003688085 -0.005020573 -1.686870813 0.003676622 0.999990702 -0.002290583 -4.309604168 0.005028973 0.002272080 0.999984801 212.204467773
0.999979854 -0.003574955 -0.005234588 -1.694984555 0.003560568 0.999989867 -0.002755100 -4.339972496 0.005244384 0.002736407 0.999982476 213.237106323
0.999976814 -0.003625777 -0.005765153 -1.711265326 0.003609089 0.999989212 -0.002902457 -4.369030952 0.005775615 0.002881583 0.999979138 214.336791992
0.999970317 -0.004022586 -0.006570979 -1.731536269 0.004004855 0.999988437 -0.002709372 -4.400213242 0.006581801 0.002682976 0.999974728 215.358856201
0.999952972 -0.004286480 -0.008699030 -1.735082746 0.004268143 0.999988675 -0.002125482 -4.415275097 0.008708041 0.002088253 0.999959886 216.414810181
0.999929547 -0.005847662 -0.010328323 -1.756841302 0.005843954 0.999982953 -0.000389325 -4.446958542 0.010330423 0.000328939 0.999946594 217.428421021
0.999907911 -0.005435022 -0.012424655 -1.773665309 0.005451701 0.999984264 0.001308980 -4.467096329 0.012417345 -0.001376595 0.999921918 218.462844849
0.999886274 -0.004946429 -0.014241777 -1.798408270 0.004971222 0.999986172 0.001706006 -4.494916439 0.014233143 -0.001776611 0.999897122 219.483428955
0.999827862 -0.005142754 -0.017827235 -1.803287506 0.005160928 0.999986172 0.000973584 -4.513252258 0.017821986 -0.001065422 0.999840617 220.454849243
0.999775231 -0.004779365 -0.020656876 -1.837216139 0.004798264 0.999988139 0.000865485 -4.528804779 0.020652493 -0.000964407 0.999786258 221.411651611
0.999710500 -0.004765220 -0.023584459 -1.868563652 0.004808954 0.999986827 0.001798042 -4.559626102 0.023575574 -0.001910938 0.999720275 222.351684570
0.999636889 -0.003729255 -0.026686838 -1.889950752 0.003761117 0.999992311 0.001143792 -4.570420742 0.026682366 -0.001243749 0.999643207 223.267364502
0.999545932 -0.003558565 -0.029922498 -1.920963287 0.003559713 0.999993742 -0.000014857 -4.578152180 0.029922362 -0.000091666 0.999552250 224.166885376
0.999450445 -0.004846531 -0.032792270 -1.960882664 0.004842346 0.999988317 -0.000207093 -4.612621307 0.032792889 0.000048188 0.999462128 225.053359985
0.999328077 -0.002977179 -0.036531862 -1.984487057 0.002962024 0.999995530 -0.000468969 -4.627151966 0.036533095 0.000360446 0.999332368 225.899032593
0.999217629 -0.002541581 -0.039468687 -2.023338795 0.002500805 0.999996305 -0.001082466 -4.649380207 0.039471295 0.000982916 0.999220252 226.731384277
0.999115050 -0.000853063 -0.042051874 -2.058501244 0.000784007 0.999998450 -0.001658637 -4.660309315 0.042053223 0.001624200 0.999113977 227.545089722
0.999074221 -0.000493906 -0.043018289 -2.094950199 0.000438714 0.999999106 -0.001292415 -4.674239635 0.043018889 0.001272346 0.999073446 228.343231201
0.999073744 0.000021358 -0.043028623 -2.132382393 -0.000021050 1.000000000 0.000007617 -4.699227810 0.043028623 -0.000006704 0.999073863 229.132720947
0.999148786 0.000385249 -0.041250352 -2.178733349 -0.000340892 0.999999344 0.001082334 -4.718995094 0.041250743 -0.001067351 0.999148369 229.860931396
0.999147534 0.000497229 -0.041280311 -2.203595638 -0.000497098 0.999999881 0.000013409 -4.729040146 0.041280311 0.000007123 0.999147654 230.632446289
0.999163866 0.000207970 -0.040882275 -2.241413116 -0.000256435 0.999999285 -0.001180255 -4.755482197 0.040882003 0.001189752 0.999163210 231.340682983
0.999201059 0.000198676 -0.039965663 -2.270761490 -0.000327474 0.999994814 -0.003216198 -4.773597717 0.039964810 0.003226715 0.999195874 232.077117920
0.999250948 0.000635858 -0.038691960 -2.303041458 -0.000813655 0.999989152 -0.004579610 -4.789237976 0.038688630 0.004607661 0.999240816 232.807342529
0.999289453 0.000949840 -0.037677612 -2.323346615 -0.001160320 0.999983788 -0.005564875 -4.800834656 0.037671711 0.005604639 0.999274433 233.540374756
0.999366581 0.000223238 -0.035587747 -2.353701591 -0.000419403 0.999984682 -0.005504772 -4.823188782 0.035585977 0.005516211 0.999351323 234.267547607
0.999424040 0.000644431 -0.033928212 -2.386354923 -0.000825891 0.999985397 -0.005334578 -4.841045856 0.033924282 0.005359527 0.999410152 234.956161499
0.999488354 0.000818318 -0.031974476 -2.414293289 -0.000984305 0.999986112 -0.005175831 -4.866212845 0.031969801 0.005204657 0.999475300 235.676361084
0.999552488 0.000165949 -0.029913926 -2.436037064 -0.000331856 0.999984562 -0.005541279 -4.879924774 0.029912548 0.005548726 0.999537110 236.379409790
0.999631166 -0.000040787 -0.027159059 -2.457433939 -0.000088562 0.999988616 -0.004761412 -4.900974274 0.027158944 0.004762060 0.999619842 237.085174561
0.999716699 -0.000889368 -0.023786377 -2.475537300 0.000789349 0.999990761 -0.004213917 -4.915517330 0.023789909 0.004193947 0.999708176 237.800247192
0.999783874 -0.001395730 -0.020739261 -2.499078512 0.001306200 0.999989808 -0.004329859 -4.928822041 0.020745091 0.004301833 0.999775469 238.484497070
0.999845088 -0.001223813 -0.017555945 -2.515619516 0.001149489 0.999990404 -0.004243009 -4.944690704 0.017560964 0.004222171 0.999836862 239.184722900
0.999889493 -0.001874044 -0.014746434 -2.527301550 0.001806721 0.999987841 -0.004577344 -4.961637497 0.014754836 0.004550195 0.999880791 239.866744995
0.999926627 -0.002102549 -0.011929335 -2.532336950 0.002045083 0.999986172 -0.004827294 -4.973448753 0.011939323 0.004802544 0.999917209 240.550735474
0.999961853 -0.001173080 -0.008647687 -2.549939871 0.001124389 0.999983430 -0.005633086 -4.992139816 0.008654151 0.005623148 0.999946713 241.243240356
0.999979794 -0.001626721 -0.006131456 -2.554123878 0.001594367 0.999984682 -0.005278013 -5.018525600 0.006139948 0.005268130 0.999967217 241.938659668
0.999995649 -0.000634575 -0.002855991 -2.560796022 0.000619607 0.999986053 -0.005238777 -5.025723934 0.002859276 0.005236985 0.999982178 242.634811401
0.999999940 -0.000040028 -0.000295977 -2.563364983 0.000038522 0.999987006 -0.005086549 -5.036430359 0.000296177 0.005086537 0.999986947 243.336730957
0.999997854 -0.001290501 0.001634654 -2.562277317 0.001297483 0.999989986 -0.004277491 -5.061163425 -0.001629118 0.004279603 0.999989450 244.050003052
0.999991894 -0.001208328 0.003847764 -2.566526890 0.001230793 0.999982178 -0.005841523 -5.075323105 -0.003840637 0.005846211 0.999975562 244.757431030
0.999983251 -0.001049995 0.005686507 -2.561334610 0.001098408 0.999963045 -0.008517106 -5.091951847 -0.005677354 0.008523208 0.999947488 245.468627930
0.999969184 -0.002723533 0.007368920 -2.543897867 0.002801456 0.999940038 -0.010585019 -5.113451004 -0.007339650 0.010605336 0.999916852 246.196884155
0.999964714 -0.003302967 0.007729576 -2.545300007 0.003384574 0.999938488 -0.010568605 -5.134678841 -0.007694193 0.010594392 0.999914289 246.921539307
0.999964118 -0.003579830 0.007680524 -2.548140049 0.003668026 0.999927104 -0.011500025 -5.134432793 -0.007638795 0.011527788 0.999904335 247.659561157
0.999968231 -0.001890939 0.007742142 -2.544745445 0.001980901 0.999930441 -0.011628723 -5.170332909 -0.007719614 0.011643689 0.999902368 248.389663696
0.999964893 -0.001972911 0.008139646 -2.542065859 0.002069949 0.999926746 -0.011930546 -5.190080643 -0.008115511 0.011946976 0.999895632 249.146850586
0.999964476 -0.002819948 0.007945540 -2.541387320 0.002934500 0.999891400 -0.014442286 -5.186281204 -0.007903952 0.014465087 0.999864101 249.907516479
0.999936640 -0.007633131 0.008271451 -2.531507492 0.007766475 0.999838412 -0.016210701 -5.213472366 -0.008146376 0.016273914 0.999834359 250.672851562
0.999911368 -0.009655916 0.009158108 -2.526258945 0.009813055 0.999802649 -0.017271820 -5.233880043 -0.008989525 0.017360158 0.999808908 251.421829224
0.999931157 -0.006493079 0.009770339 -2.525818348 0.006633529 0.999874115 -0.014412047 -5.239088535 -0.009675532 0.014475866 0.999848366 252.204605103
0.999943137 -0.003657765 0.010020000 -2.528247595 0.003732384 0.999965370 -0.007438607 -5.265077114 -0.009992445 0.007475581 0.999922097 252.976226807
0.999931693 -0.004851320 0.010635110 -2.520695686 0.004887517 0.999982357 -0.003380228 -5.293002129 -0.010618525 0.003431976 0.999937713 253.755325317
0.999900401 -0.005571157 0.012968285 -2.509657621 0.005646742 0.999967277 -0.005799091 -5.307793617 -0.012935554 0.005871742 0.999899149 254.553649902
0.999843836 -0.004953264 0.016962003 -2.495274544 0.005148441 0.999920785 -0.011482505 -5.332466125 -0.016903788 0.011568042 0.999790192 255.344924927
0.999773264 -0.002507147 0.021143816 -2.486144543 0.002840134 0.999872148 -0.015733434 -5.341802120 -0.021101667 0.015789920 0.999652624 256.157012939
0.999702573 -0.000942229 0.024368968 -2.477514267 0.001309288 0.999885857 -0.015051014 -5.366940975 -0.024352005 0.015078446 0.999589741 256.971374512
0.999616623 -0.002524244 0.027572313 -2.444678307 0.002874199 0.999915779 -0.012660017 -5.392537117 -0.027538033 0.012734413 0.999539614 257.792877197
0.999522388 -0.005428383 0.030422479 -2.433950424 0.005743668 0.999930561 -0.010285787 -5.401548386 -0.030364534 0.010455609 0.999484181 258.630889893
0.999425173 -0.008249618 0.032882813 -2.396069527 0.008545325 0.999924183 -0.008862368 -5.421836376 -0.032807212 0.009138268 0.999419868 259.463226318
0.999361813 -0.006784922 0.035070166 -2.365819931 0.007083493 0.999939680 -0.008396316 -5.435937881 -0.035011079 0.008639377 0.999349594 260.287597656
0.999254346 -0.004941918 0.038294002 -2.348696709 0.005363837 0.999925971 -0.010923001 -5.456146717 -0.038237195 0.011120259 0.999206841 261.180358887
0.999226272 -0.003963972 0.039130338 -2.297562599 0.004490352 0.999900520 -0.013373282 -5.469090939 -0.039073437 0.013538645 0.999144673 262.002746582
0.999043345 -0.003052335 0.043623902 -2.300356865 0.003634747 0.999905288 -0.013277651 -5.491961479 -0.043579239 0.013423511 0.998959839 262.848571777
0.998959780 -0.002269857 0.045542829 -2.246072769 0.002817023 0.999924600 -0.011953778 -5.507843018 -0.045512255 0.012069639 0.998890877 263.718627930
0.998817205 -0.000513362 0.048619624 -2.221735001 0.001024448 0.999944389 -0.010487606 -5.525207520 -0.048611537 0.010525009 0.998762310 264.550079346
0.998679996 0.000086931 0.051364820 -2.176469803 0.000473052 0.999940634 -0.010889806 -5.545960426 -0.051362719 0.010899729 0.998620570 265.393127441
0.998506784 0.000866604 0.054620739 -2.137457848 -0.000239291 0.999933898 -0.011490377 -5.562177181 -0.054627094 0.011460148 0.998441041 266.233795166
0.998437166 0.000191177 0.055884171 -2.049882889 0.000541586 0.999914110 -0.013096735 -5.567147732 -0.055881869 0.013106534 0.998351395 267.114135742
0.998244762 -0.004007719 0.059088342 -2.041323662 0.004702943 0.999921381 -0.011631470 -5.599462986 -0.059037071 0.011888941 0.998185039 267.932434082
0.998259604 -0.005349272 0.058728114 -1.964783669 0.005976547 0.999926925 -0.010510534 -5.655072212 -0.058667596 0.010843235 0.998218656 268.771789551
0.998224020 -0.006037439 0.059265506 -1.928126335 0.006682608 0.999920547 -0.010693908 -5.674610138 -0.059196219 0.011070963 0.998184979 269.602722168
0.998181701 -0.006170504 0.059959061 -1.879070282 0.006807326 0.999922395 -0.010422495 -5.701004982 -0.059890088 0.010811703 0.998146415 270.465911865
0.998187423 -0.005051577 0.059970442 -1.833665848 0.005681963 0.999930203 -0.010345720 -5.714385986 -0.059913997 0.010667715 0.998146534 271.318145752
0.998281240 -0.005694492 0.058327276 -1.777241707 0.006233972 0.999939382 -0.009071436 -5.752532959 -0.058272094 0.009419453 0.998256326 272.172637939
0.998338401 -0.005677328 0.057342704 -1.739165306 0.006254051 0.999931574 -0.009883019 -5.774910927 -0.057282679 0.010225222 0.998305619 273.016174316
0.998439670 -0.005583181 0.055560969 -1.692907333 0.006183294 0.999924302 -0.010634948 -5.799504280 -0.055497389 0.010961907 0.998398662 273.865447998
0.998553038 -0.004700995 0.053569850 -1.652669907 0.005331538 0.999918103 -0.011633677 -5.821130753 -0.053510770 0.011902452 0.998496354 274.718688965
0.998619735 -0.003101196 0.052430674 -1.611456871 0.003736321 0.999920785 -0.012019944 -5.841044426 -0.052389245 0.012199251 0.998552203 275.561218262
0.998703480 -0.002214807 0.050857548 -1.578311920 0.002849325 0.999918938 -0.012407253 -5.867142677 -0.050825950 0.012536078 0.998628855 276.406250000
0.998802364 -0.001129519 0.048913732 -1.550049782 0.001702583 0.999930322 -0.011675749 -5.893331528 -0.048897132 0.011745044 0.998734772 277.224822998
0.998959005 -0.001256007 0.045599703 -1.504796982 0.001730354 0.999944746 -0.010364421 -5.914257050 -0.045584168 0.010432534 0.998905957 278.070159912
0.999128938 -0.002084247 0.041681580 -1.478263855 0.002439703 0.999961019 -0.008478842 -5.930598259 -0.041662287 0.008573146 0.999094963 278.929992676
0.999307394 -0.003221910 0.037073478 -1.455883980 0.003469777 0.999971986 -0.006623378 -5.956845284 -0.037051100 0.006747427 0.999290526 279.742889404
0.999474883 -0.004205705 0.032130558 -1.427866936 0.004375185 0.999976814 -0.005206282 -5.979271889 -0.032107927 0.005344126 0.999470115 280.593872070
0.999617398 -0.004825286 0.027235894 -1.410247803 0.004951887 0.999977231 -0.004582761 -6.000730991 -0.027213158 0.004715878 0.999618530 281.414276123
0.999734521 -0.005677843 0.022333927 -1.391988754 0.005759134 0.999976933 -0.003577123 -6.023968697 -0.022313107 0.003704797 0.999744177 282.230072021
0.999816835 -0.006230036 0.018095350 -1.389548779 0.006302947 0.999972165 -0.003975077 -6.037818432 -0.018070087 0.004088403 0.999828339 283.012908936
0.999879241 -0.006528104 0.014100392 -1.385376930 0.006586682 0.999969780 -0.004111875 -6.057914734 -0.014073121 0.004204253 0.999892056 283.792572021
0.999929130 -0.006020156 0.010270022 -1.383620024 0.006063960 0.999972582 -0.004239349 -6.076570511 -0.010244216 0.004301326 0.999938250 284.545074463
0.999963999 -0.005723570 0.006263653 -1.386465669 0.005752170 0.999973118 -0.004557468 -6.096286297 -0.006237401 0.004593334 0.999970019 285.297180176
