0.981884181 0.189383850 -0.006096925 0.095427364 -0.154349670 0.780752838 -0.605476022 1.003263235 -0.109907188 0.595448434 0.795840204 2.520278454
0.981652856 0.190593883 -0.005609794 0.081725858 -0.154991820 0.780457258 -0.605692923 0.534655213 -0.111063160 0.595449746 0.795678616 3.104288101
0.981261075 0.192600191 -0.005648789 0.068475127 -0.156544521 0.779786229 -0.606157780 0.074460149 -0.112341255 0.595683277 0.795324385 3.694587708
0.981276512 0.192517042 -0.005799328 0.070794843 -0.156557098 0.779723227 -0.606235504 -0.365515113 -0.112188801 0.595792472 0.795264065 4.239709377
0.981228948 0.192777753 -0.005131546 0.057200201 -0.156459749 0.780252397 -0.605579495 -0.817897797 -0.112738341 0.595015049 0.795768261 4.812712193
0.981063485 0.193654448 -0.003519478 0.035030302 -0.156484485 0.781788886 -0.603588223 -1.239881992 -0.114136055 0.592709124 0.797288477 5.352997303
0.981133163 0.193323806 -0.001857039 0.040806990 -0.155664578 0.784240425 -0.600612581 -1.650802374 -0.114656337 0.589570045 0.799538076 5.871482849
0.990079463 0.140505672 -0.000811951 0.028969014 -0.111125514 0.779488504 -0.616481006 -1.982089639 -0.085986167 0.610455453 0.787369370 6.408922672
0.990197778 0.139671803 0.000382543 0.027970944 -0.109930716 0.781033039 -0.614737809 -2.372614861 -0.086160325 0.608669877 0.788731456 6.879001617
0.990141034 0.140066072 0.001443157 0.026037347 -0.109546706 0.780735195 -0.615184605 -2.743552685 -0.087293208 0.608961463 0.788381755 7.334480762
0.990062833 0.140615836 0.001665312 0.028610345 -0.109596334 0.778969407 -0.617410183 -3.010200739 -0.088114880 0.611092389 0.786639631 7.656332970
0.990007162 0.140985221 0.002994264 0.017505886 -0.108803578 0.777188659 -0.619789839 -3.434587479 -0.089708328 0.613270581 0.784762084 8.178738594
0.990305245 0.138861924 0.003579382 0.031772301 -0.106662281 0.776673138 -0.620807469 -3.705741405 -0.088986538 0.614407241 0.783954859 8.493502617
0.990775287 0.135394514 0.005736907 0.027271956 -0.102359958 0.775438964 -0.623070478 -4.058361053 -0.088808954 0.616735518 0.782144666 8.929927826
0.991001308 0.133671254 0.006965353 0.038033545 -0.100103706 0.774676263 -0.624384463 -4.304267883 -0.088858142 0.618068516 0.781086206 9.233949661
0.990383625 0.138024777 0.009454136 0.027994171 -0.101800561 0.773323953 -0.625784874 -4.607274055 -0.093684927 0.618804693 0.779938400 9.579348564
0.989770949 0.142158717 0.012010449 0.025334001 -0.103319943 0.772313118 -0.626783431 -4.836791992 -0.098378532 0.619131148 0.779100955 9.858340263
0.989651263 0.142628223 0.015735457 0.032113522 -0.101446211 0.772993505 -0.626250386 -5.081169128 -0.101484396 0.618173122 0.779463112 10.143913269
0.990201235 0.138464972 0.018137142 0.056251228 -0.096699342 0.773561180 -0.626300573 -5.279957294 -0.100750871 0.618409753 0.779370666 10.379581451
0.990822256 0.133523658 0.021038795 0.062587216 -0.091007784 0.774052620 -0.626546204 -5.467733860 -0.099943876 0.618881345 0.779100120 10.601196289
0.991202354 0.130214274 0.023711663 0.069567800 -0.086875781 0.775238156 -0.625666440 -5.620675087 -0.099852882 0.618102074 0.779730260 10.787602425
0.991164029 0.129970968 0.026481224 0.081225753 -0.085059345 0.776001871 -0.624968827 -5.796003342 -0.101777278 0.617194176 0.780200422 10.986458778
0.991044760 0.130525276 0.028166287 0.088521034 -0.084346712 0.775453568 -0.625745416 -5.928596497 -0.103517249 0.617766082 0.779518604 11.139539719
0.990856588 0.131541222 0.030001093 0.097148150 -0.083800703 0.774301052 -0.627244234 -6.052289009 -0.105738349 0.618995011 0.778244555 11.287445068
0.990429223 0.134032965 0.032941714 0.090276241 -0.083780311 0.773494720 -0.628241003 -6.155990601 -0.109685250 0.619468331 0.777321160 11.414183617
0.990048170 0.136504799 0.034219977 0.098959297 -0.084871627 0.773128808 -0.628544807 -6.274808407 -0.112255834 0.619385362 0.777020216 11.545213699
0.989798784 0.137916639 0.035738848 0.095755637 -0.084798574 0.771863878 -0.630107462 -6.373497009 -0.114487819 0.620648980 0.775685132 11.662447929
0.989885330 0.136992291 0.036883369 0.113405854 -0.083197333 0.771121144 -0.631229103 -6.473796368 -0.114915103 0.621775806 0.774718821 11.770582199
0.989995718 0.135720998 0.038580872 0.114138931 -0.080939822 0.770231545 -0.632607281 -6.562823296 -0.115574323 0.623155653 0.773511231 11.877427101
0.990093946 0.134771854 0.039376695 0.126456410 -0.079580717 0.769703984 -0.633421421 -6.663356304 -0.115675777 0.624013066 0.772804499 11.994178772
0.989915192 0.135713533 0.040617127 0.134305358 -0.079357617 0.768768489 -0.634584367 -6.749773979 -0.117346868 0.624961436 0.771785498 12.095129013
0.989769161 0.136415750 0.041805129 0.132169306 -0.078907482 0.767480910 -0.636197031 -6.817421436 -0.118871927 0.626389325 0.770393372 12.173351288
0.989742160 0.136403471 0.042480126 0.135690778 -0.078191735 0.766052186 -0.638004780 -6.896884441 -0.119568050 0.628138542 0.768859804 12.264095306
0.989883959 0.135302722 0.042694122 0.150121540 -0.076922715 0.764664471 -0.639821231 -6.993775845 -0.119216226 0.630064666 0.767336965 12.376124382
0.990058839 0.134354517 0.041621119 0.161431581 -0.076720320 0.763863385 -0.640801609 -7.080314159 -0.117887445 0.631238103 0.766577482 12.465375900
0.990089536 0.134505212 0.040387299 0.145018786 -0.077366695 0.762403131 -0.642460823 -7.140563965 -0.117205746 0.632969022 0.765253544 12.559187889
0.990280867 0.134174138 0.036621090 0.159413695 -0.079502724 0.762140632 -0.642511606 -7.228013039 -0.114118837 0.633355498 0.765400410 12.652476311
0.990408301 0.134358615 0.032238901 0.163579196 -0.082342446 0.761299491 -0.643150806 -7.308152199 -0.110956296 0.634327173 0.765060663 12.747532845
0.990543485 0.134549126 0.026835307 0.158920735 -0.085831478 0.760304749 -0.643870890 -7.397192001 -0.107035257 0.635478854 0.764663398 12.851998329
0.982235551 0.186683863 0.019038381 0.145776242 -0.133853480 0.768125117 -0.626152575 -7.373239040 -0.131516442 0.612480938 0.779468119 13.005538940
0.982313931 0.186864346 0.011884797 0.140486777 -0.138478205 0.767745793 -0.625611901 -7.447069645 -0.126029059 0.612901390 0.780043960 13.095441818
0.982345700 0.187041789 0.003524847 0.137897432 -0.143775761 0.766898692 -0.625455797 -7.520081520 -0.119689591 0.613906920 0.780251622 13.196211815
0.982555270 0.185858831 -0.006451719 0.125799865 -0.149064600 0.766348064 -0.624892294 -7.605160713 -0.111197501 0.614952981 0.780684352 13.302261353
0.991100550 0.131704569 -0.019326624 0.127303123 -0.113193169 0.757441461 -0.643016100 -7.788544178 -0.070049353 0.639481246 0.765608728 13.326869011
0.990788937 0.130666822 -0.035546146 0.107741296 -0.122795790 0.756294549 -0.642603815 -7.877982140 -0.057083633 0.641049623 0.765373588 13.434403419
0.989819586 0.131687626 -0.053995408 0.075583816 -0.135477617 0.755470812 -0.641022384 -7.987828255 -0.043622725 0.641811609 0.765620589 13.581308365
0.996083617 0.046552755 -0.075167328 0.058664322 -0.084493294 0.751600087 -0.654185116 -8.205021858 0.026041681 0.657974303 0.752589941 13.726490974
0.994009972 0.047201976 -0.098569907 0.018458366 -0.100281052 0.752493083 -0.650920868 -8.330820084 0.043448430 0.656906486 0.752719164 13.869532585
0.990945816 0.048118044 -0.125343144 -0.034761310 -0.118401311 0.753366053 -0.646854341 -8.483322144 0.063303910 0.655838430 0.752242267 14.042806625
0.986694932 0.049088281 -0.154994756 -0.097706795 -0.138298333 0.754633188 -0.641406476 -8.620298386 0.085478663 0.654307961 0.751381695 14.204858780
0.981024683 0.049129594 -0.187555209 -0.192713737 -0.159132421 0.756655216 -0.634152770 -8.781641006 0.110758960 0.651965499 0.750115633 14.396414757
0.973152578 0.050527778 -0.224545941 -0.261659622 -0.183538571 0.759046137 -0.624629974 -8.948959351 0.138879508 0.649073124 0.747941554 14.585092545
0.963200450 0.052305408 -0.263645709 -0.371066570 -0.209152535 0.761933804 -0.612953603 -9.107188225 0.168819785 0.645539343 0.744834840 14.782678604
0.950903952 0.055815291 -0.304411650 -0.491275311 -0.236933619 0.764093518 -0.600019693 -9.268179893 0.199108705 0.642686367 0.739804029 14.977146149
0.936539531 -0.028318902 -0.349416196 -0.585687637 -0.206311509 0.761318505 -0.614678502 -9.532513618 0.283423960 0.647759318 0.707162440 15.178894997
0.919447601 -0.025391465 -0.392391741 -0.746615410 -0.235128671 0.764343619 -0.600410879 -9.724831581 0.315167397 0.644308984 0.696803689 15.383588791
0.899877071 -0.021961631 -0.435590178 -0.922163963 -0.263633490 0.768231153 -0.583368003 -9.914453506 0.347445637 0.639795721 0.685523868 15.589867592
0.877497077 -0.017629467 -0.479257822 -1.105699539 -0.293233871 0.771035731 -0.565259039 -10.093883514 0.379490197 0.636547744 0.671412110 15.791814804
0.852550805 -0.012930276 -0.522484362 -1.327907562 -0.323767632 0.771705985 -0.547397733 -10.273957253 0.410282373 0.635847986 0.653732240 16.001121521
0.820697308 -0.109611541 -0.560750663 -1.510826111 -0.317297906 0.728745759 -0.606837511 -10.761278152 0.475161016 0.675954819 0.563300192 16.108497620
0.790496826 -0.105918609 -0.603237927 -1.767017365 -0.351638049 0.727936149 -0.588608205 -10.969236374 0.501463234 0.677414298 0.538186252 16.272296906
0.757124722 -0.104051828 -0.644930601 -2.042761803 -0.383806884 0.728031278 -0.568034232 -11.163631439 0.528634667 0.677601457 0.511274576 16.443716049
0.732077420 -0.070759930 -0.677536488 -2.345784187 -0.442894965 0.706258357 -0.552307189 -11.515256882 0.517597020 0.704409122 0.485696524 16.627990723
0.693677187 -0.069747560 -0.716901183 -2.676819801 -0.472482830 0.707181811 -0.525978923 -11.728406906 0.543665230 0.703583062 0.457601458 16.799434662
0.653207481 -0.069976993 -0.753938496 -3.051764488 -0.500376523 0.707418203 -0.499182194 -11.944320679 0.568281054 0.703322649 0.427075982 16.971950531
0.621574461 -0.043141805 -0.782166123 -3.420364380 -0.547905445 0.689668953 -0.473451465 -12.268300056 0.559861183 0.722838521 0.405043036 17.119129181
0.576957405 -0.043940134 -0.815591455 -3.852108955 -0.571112275 0.692159414 -0.441300660 -12.484983444 0.583910048 0.720405936 0.374251723 17.301490784
0.530967116 -0.042893697 -0.846306086 -4.289551735 -0.595317602 0.691861093 -0.408564508 -12.658130646 0.603051066 0.720755339 0.341820180 17.445341110
0.530699670 -0.093762130 -0.842357635 -4.687859535 -0.531883419 0.736957371 -0.417125612 -12.988617897 0.659892321 0.669404566 0.341232479 17.588546753
0.480227292 -0.094192818 -0.872071922 -5.172965527 -0.552448332 0.739764690 -0.384121150 -13.198550224 0.681309402 0.666240096 0.303218514 17.720222473
0.428310066 -0.104025804 -0.897624135 -5.757076740 -0.548777163 0.759245217 -0.349843383 -13.298092842 0.717909575 0.642437041 0.268105358 17.861307144
0.375389099 -0.106025830 -0.920783103 -6.304986000 -0.568045378 0.758682728 -0.318943679 -13.468537331 0.732398510 0.642774463 0.224573731 17.985305786
0.325633705 -0.100318141 -0.940158963 -6.913503170 -0.585449338 0.759409130 -0.283807933 -13.608955383 0.742436290 0.642832935 0.188558042 18.061052322
0.275377274 -0.088988401 -0.957208633 -7.439375877 -0.611866832 0.751761019 -0.245915294 -13.766099930 0.741475761 0.653403759 0.152568877 18.093988419
0.227598056 -0.088563778 -0.969719350 -8.091608047 -0.621429980 0.753486753 -0.214668214 -13.895591736 0.749682486 0.651470780 0.116455957 18.155525208
0.183912411 -0.091890320 -0.978637993 -8.723079681 -0.617930949 0.763470829 -0.187812790 -13.994539261 0.764419794 0.639271796 0.083629884 18.191076279
0.144056603 -0.093254276 -0.985165656 -9.439004898 -0.627253413 0.761396766 -0.163793251 -14.104561806 0.765376329 0.641543865 0.051190156 18.207601547
0.109486237 -0.097380094 -0.989206612 -10.077692032 -0.635473788 0.758386612 -0.144992307 -14.179973602 0.764320493 0.644489586 0.021150403 18.205575943
0.081966266 -0.097405195 -0.991863787 -10.824435234 -0.641856909 0.756183624 -0.127302602 -14.253034592 0.762431085 0.647069275 -0.000538664 18.186197281
0.063996501 -0.094223008 -0.993492067 -11.596229553 -0.661547542 0.741352081 -0.112924077 -14.274721146 0.747167468 0.664468944 -0.014889074 18.185638428
0.051353194 -0.088043034 -0.994792104 -12.413721085 -0.662235737 0.742604733 -0.099909432 -14.357248306 0.747533560 0.663917720 -0.020170130 18.153329849
0.043068927 -0.085334286 -0.995420992 -13.174476624 -0.663250148 0.742676318 -0.092364147 -14.440848351 0.747157454 0.664191246 -0.024611706 18.124876022
0.039195642 -0.088487156 -0.995305896 -14.032370567 -0.662905216 0.743009210 -0.092162393 -14.530606270 0.747676611 0.663405836 -0.029535875 18.095504761
0.034644622 -0.086283982 -0.995668054 -14.798086166 -0.652812064 0.752400756 -0.087917417 -14.664421082 0.756727278 0.653029978 -0.030260585 18.056583405
0.038119018 -0.089042090 -0.995298207 -15.686646461 -0.643383324 0.759920061 -0.092625521 -14.744397163 0.764594555 0.643889070 -0.028320786 18.032489777
0.045038890 -0.088656358 -0.995043516 -16.581933975 -0.642442346 0.760194302 -0.096810795 -14.827119827 0.765009344 0.643618345 -0.022718284 17.984209061
0.048466105 -0.089869037 -0.994773567 -17.428958893 -0.643235445 0.759120762 -0.099918783 -14.939115524 0.764132977 0.644716382 -0.021015320 17.982795715
0.051786553 -0.096615523 -0.993973672 -18.354455948 -0.640008152 0.760839283 -0.107299328 -15.025784492 0.766621053 0.641707897 -0.022433477 17.953777313
0.053793013 -0.112103455 -0.992239475 -19.268762589 -0.629979074 0.767155290 -0.120826922 -15.179823875 0.774746835 0.631589711 -0.029355230 17.938264847
0.056321170 -0.120118953 -0.991160691 -20.259641647 -0.636051893 0.760896087 -0.128355816 -15.280721664 0.769588113 0.637658715 -0.033547331 17.890520096
0.055100229 -0.122325808 -0.990959287 -21.211736679 -0.640226245 0.757264555 -0.129076540 -15.405778885 0.766207755 0.641550303 -0.036590744 17.850231171
0.053577568 -0.115863554 -0.991818964 -22.257827759 -0.648088992 0.751597166 -0.122810446 -15.518386841 0.759677589 0.649366915 -0.034821134 17.793199539
0.052838370 -0.114434384 -0.992024601 -23.278850555 -0.662052572 0.739692152 -0.120589733 -15.638054848 0.747592449 0.663144231 -0.036677450 17.753797531
0.048356041 -0.105505399 -0.993242383 -24.372379303 -0.663876712 0.739576340 -0.110881038 -15.756816864 0.746276975 0.664752185 -0.034279596 17.718173981
0.048754547 -0.098629102 -0.993929207 -25.391635895 -0.667422652 0.737112999 -0.105883487 -15.913649559 0.743081450 0.668533266 -0.029889686 17.647211075
0.048310395 -0.091049425 -0.994673908 -26.504915237 -0.666844666 0.738458753 -0.099984303 -16.036682129 0.743629158 0.668123245 -0.025040587 17.601591110
0.047710389 -0.094747245 -0.994357407 -27.542640686 -0.671792567 0.733663440 -0.102140412 -16.210359573 0.739201248 0.672875106 -0.028647127 17.538114548
0.046070147 -0.097716928 -0.994147420 -28.638259888 -0.673151851 0.732271910 -0.103171401 -16.329261780 0.738067865 0.673965335 -0.032042459 17.496702194
0.041605931 -0.097672574 -0.994348526 -29.730945587 -0.667737961 0.737595677 -0.100392088 -16.379306793 0.743232787 0.668141186 -0.034531329 17.463323593
0.037369974 -0.103174053 -0.993961096 -30.851179123 -0.668486178 0.736750901 -0.101608485 -16.493986130 0.742785037 0.668246329 -0.041438065 17.409778595
0.032032039 -0.109743759 -0.993443608 -31.916109085 -0.670914769 0.734380126 -0.102758124 -16.653293610 0.740842342 0.669807553 -0.050105006 17.331079483
0.026024899 -0.111738183 -0.993396819 -33.036525726 -0.672427416 0.733362377 -0.100105442 -16.759038925 0.739705503 0.670592487 -0.056050129 17.254816055
0.020375203 -0.112738110 -0.993415833 -34.138828278 -0.680132031 0.726720870 -0.096421815 -16.940551758 0.732806385 0.677618563 -0.061869718 17.145128250
0.014715126 -0.107958630 -0.994046450 -35.279663086 -0.681766629 0.726141274 -0.088955104 -17.041259766 0.731421709 0.679016650 -0.062917329 17.049312592
0.008646319 -0.104571223 -0.994479835 -36.417198181 -0.684571385 0.724306107 -0.082113884 -17.150857925 0.728894532 0.681502402 -0.065323889 16.964366913
0.004599016 -0.102272794 -0.994745731 -37.565044403 -0.687668145 0.721887767 -0.077398747 -17.235153198 0.726010561 0.684410930 -0.067009769 16.875270844
0.002607614 -0.101899885 -0.994791269 -38.689243317 -0.694215357 0.715833962 -0.075145051 -17.360193253 0.719762623 0.690795302 -0.068873845 16.759641647
0.001908107 -0.100494437 -0.994935811 -39.826766968 -0.697231531 0.713082135 -0.073362693 -17.441347122 0.716843486 0.693840683 -0.068707258 16.662012100
0.001202340 -0.100383073 -0.994948149 -40.961540222 -0.698269665 0.712134302 -0.072693020 -17.527200699 0.715833843 0.694829464 -0.069238216 16.546739578
-0.000644126 -0.101286583 -0.994857073 -42.131755829 -0.698738754 0.711743414 -0.072010323 -17.624568939 0.715376616 0.695098817 -0.071231313 16.453771591
-0.001910542 -0.101925820 -0.994790137 -43.305637360 -0.699756920 0.710795581 -0.071483918 -17.719701767 0.714378357 0.695974767 -0.072681315 16.353542328
-0.002407568 -0.102605447 -0.994719148 -44.469387054 -0.701560140 0.709020436 -0.071437553 -17.807474136 0.712606192 0.697683334 -0.073690914 16.257209778
-0.002371756 -0.104772694 -0.994493306 -45.634113312 -0.704978228 0.705498755 -0.072645001 -17.894687653 0.709224999 0.700923860 -0.075535737 16.155035019
-0.001778567 -0.109326199 -0.994004309 -46.821674347 -0.708392501 0.701724648 -0.075912103 -17.980022430 0.705816507 0.704010189 -0.078693926 16.033485413
-0.000408473 -0.110045694 -0.993926406 -48.005146027 -0.709615648 0.700341642 -0.077248894 -18.066032410 0.704589009 0.705274045 -0.078376204 15.928940773
0.000700437 -0.105632171 -0.994405031 -49.199924469 -0.709630370 0.700579584 -0.074919976 -18.181709290 0.704573810 0.705712497 -0.074469097 15.823614120
0.002800505 -0.102419972 -0.994737327 -50.390144348 -0.709748805 0.700543880 -0.074127458 -18.277080536 0.704449296 0.706221282 -0.070730582 15.713327408
0.004391494 -0.103130355 -0.994658172 -51.591815948 -0.708441436 0.701678634 -0.075880826 -18.371284485 0.705755949 0.704990268 -0.069980405 15.619635582
0.006997059 -0.103791408 -0.994574487 -52.768833160 -0.708216608 0.701650441 -0.078205012 -18.467790604 0.705960512 0.704921246 -0.068597309 15.478774071
0.011812720 -0.103031747 -0.994607925 -53.982643127 -0.710855722 0.698679030 -0.080819048 -18.566526413 0.703238785 0.707977295 -0.064987399 15.380399704
0.017958017 -0.101664051 -0.994656622 -55.173694611 -0.713245034 0.695862949 -0.084001563 -18.670660019 0.700684667 0.710942447 -0.060015056 15.283330917
0.025002848 -0.102168687 -0.994452834 -56.392753601 -0.715713024 0.692679882 -0.089159645 -18.762384415 0.697946787 0.713972032 -0.055804491 15.190687180
0.031285278 -0.102752507 -0.994214892 -57.608066559 -0.715778708 0.691966474 -0.094038650 -18.878124237 0.697625995 0.714579821 -0.051899701 15.102956772
0.035774779 -0.103815012 -0.993953049 -58.838665009 -0.714737415 0.692485452 -0.098052874 -19.020999908 0.698477328 0.713923216 -0.049426951 15.043806076
0.041349590 -0.104768708 -0.993636668 -60.058536530 -0.712816775 0.693773270 -0.102814674 -19.129482269 0.700130403 0.712532163 -0.045993645 14.974879265
0.047807660 -0.104475193 -0.993377805 -61.258739471 -0.711574078 0.694373548 -0.107273892 -19.241237640 0.700982630 0.711990297 -0.041145474 14.899698257
0.051833898 -0.102556996 -0.993375719 -62.520229340 -0.709998131 0.695736110 -0.108875804 -19.427511215 0.702293336 0.710938334 -0.036752556 14.843855858
0.057736982 -0.102727264 -0.993032515 -63.767204285 -0.710282266 0.694760203 -0.113168895 -19.550033569 0.701545119 0.711867452 -0.032851987 14.805522919
0.062355813 -0.102473997 -0.992779374 -64.998199463 -0.708766103 0.695784926 -0.116335556 -19.725664139 0.702682257 0.710902512 -0.029243873 14.739358902
0.067777902 -0.106971465 -0.991949260 -66.238151550 -0.708138764 0.695214033 -0.123357341 -19.872879028 0.702812731 0.710798562 -0.028630484 14.678942680
0.072376125 -0.110004209 -0.991292477 -67.382102966 -0.706967175 0.695421398 -0.128788263 -20.071712494 0.703533292 0.710132420 -0.027437439 14.585171700
0.076804288 -0.110873029 -0.990862370 -68.625404358 -0.706400514 0.695289731 -0.132554665 -20.227954865 0.703633130 0.710126400 -0.024919504 14.532510757
0.079060078 -0.105979927 -0.991220355 -69.843940735 -0.705063879 0.696984649 -0.130756781 -20.469371796 0.704722941 0.709211290 -0.019618969 14.445832253
0.081486821 -0.106333531 -0.990985930 -71.083663940 -0.705218196 0.696457386 -0.132719114 -20.642229080 0.704291880 0.709676147 -0.018236231 14.403834343
0.082086056 -0.106151842 -0.990955889 -72.331474304 -0.706152201 0.695458233 -0.132992193 -20.823989868 0.703285813 0.710682511 -0.017871926 14.367263794
0.083692811 -0.104640573 -0.990982294 -73.568389893 -0.706238747 0.695355535 -0.133069485 -20.994773865 0.703009486 0.711007118 -0.015704956 14.315434456
0.081488885 -0.107623257 -0.990846455 -74.861824036 -0.706978977 0.694505155 -0.133578554 -21.195041656 0.702524245 0.711392760 -0.019492945 14.392642975
0.083206385 -0.109366380 -0.990512908 -76.115623474 -0.706778705 0.694234133 -0.136024877 -21.371154785 0.702524364 0.711391568 -0.019533122 14.338134766
0.081623375 -0.107111230 -0.990890920 -77.332229614 -0.705725372 0.695823073 -0.133348837 -21.648014069 0.703767896 0.710181236 -0.018795675 14.261270523
0.082650788 -0.107489884 -0.990764737 -78.572135925 -0.703426659 0.697944820 -0.134402007 -21.811916351 0.705945969 0.708038747 -0.017925555 14.205241203
0.091631241 -0.092112213 -0.991523623 -79.699363708 -0.709177196 0.692957461 -0.129913837 -22.108425140 0.699050367 0.715070009 -0.001827318 13.700589180
0.091786474 -0.089469142 -0.991751313 -80.975898743 -0.708637357 0.693832636 -0.128177226 -22.280918121 0.699577212 0.714556813 0.000283273 13.681207657
0.090559661 -0.090592273 -0.991761982 -82.251182556 -0.707268476 0.695244133 -0.128088951 -22.358518600 0.701120555 0.713041842 -0.001112004 13.786396980
0.092181161 -0.090664610 -0.991605997 -83.510688782 -0.708869219 0.693388104 -0.129295453 -22.521860123 0.699290335 0.714837670 -0.000352052 13.762163162
0.184847727 -0.306715429 -0.933679283 -78.441688538 -0.577744544 0.734631062 -0.355708301 -1.620071411 0.795010924 0.605180025 -0.041408300 14.145197868
0.184157595 -0.309688628 -0.932833910 -79.644058228 -0.577762127 0.733682215 -0.357633144 -2.089384079 0.795158386 0.604816914 -0.043813229 14.090091705
0.188069344 -0.311567515 -0.931426644 -80.984703064 -0.575061619 0.733861864 -0.361594796 -2.054285049 0.796199679 0.603632569 -0.041153610 13.829436302
0.186558098 -0.310837895 -0.931974173 -82.189689636 -0.574300945 0.735163450 -0.360157162 -2.543153763 0.797103822 0.602423906 -0.041363794 13.775572777
0.189458251 -0.306621522 -0.932785451 -84.056777954 -0.575555384 0.734990180 -0.358504206 -3.244987488 0.795513391 0.604791403 -0.037227698 13.617586136
0.188850641 -0.305439293 -0.933296382 -85.337539673 -0.573923886 0.736858130 -0.357283384 -3.753046036 0.796835423 0.603114367 -0.036142789 13.568254471
0.189651072 -0.304695994 -0.933377087 -86.518768311 -0.574822605 0.736229241 -0.357135206 -4.217571259 0.795997202 0.604257286 -0.035519481 13.492274284
0.191148877 -0.306217343 -0.932573318 -88.285888672 -0.575701892 0.734539330 -0.359192610 -4.902387619 0.795002818 0.605543494 -0.035883542 13.374422073
0.191081628 -0.307564050 -0.932143986 -89.677185059 -0.574985981 0.734584212 -0.360245883 -5.461099625 0.795536757 0.604806066 -0.036479469 13.302501678
0.191298872 -0.306367129 -0.932493329 -90.873764038 -0.574253201 0.735539198 -0.359465271 -5.935434341 0.796013713 0.604252696 -0.035224494 13.239893913
0.189912319 -0.304354727 -0.933435261 -92.482482910 -0.572448313 0.738081515 -0.357125491 -6.585382462 0.797644198 0.602165997 -0.034056578 13.164001465
0.189418077 -0.302252978 -0.934218228 -93.656875610 -0.572169840 0.739235401 -0.355179727 -7.053451538 0.797961414 0.601809025 -0.032915480 13.114791870
0.189225689 -0.301145494 -0.934614897 -95.319549561 -0.571486652 0.740225613 -0.354216009 -7.707410812 0.798496366 0.601146758 -0.032030925 13.043685913
0.190326899 -0.298811793 -0.935140133 -96.527824402 -0.573401511 0.739348114 -0.352952033 -8.178188324 0.796860397 0.603386939 -0.030621275 12.987928391
0.191132426 -0.298881739 -0.934953451 -97.705802917 -0.574215591 0.738473713 -0.353458732 -8.648336411 0.796080947 0.604422331 -0.030476265 12.915268898
0.191935778 -0.302133828 -0.933742821 -98.886047363 -0.575952172 0.735684335 -0.356437474 -9.104217529 0.794631839 0.606204331 -0.032810487 12.848536491
0.193510115 -0.302740216 -0.933221400 -100.918609619 -0.577318788 0.733946919 -0.357805997 -9.911678314 0.793257117 0.608005226 -0.032751478 12.724519730
0.192987591 -0.303345770 -0.933133006 -102.232872009 -0.578269839 0.733138621 -0.357926905 -10.463855743 0.792691469 0.608678222 -0.033929080 12.675637245
0.192662686 -0.304523796 -0.932816267 -103.741241455 -0.576093674 0.734448016 -0.358750880 -11.042747498 0.794353306 0.606507540 -0.033933543 12.600378036
0.192335486 -0.302703291 -0.933476210 -105.130371094 -0.575894058 0.735394418 -0.357128859 -11.592586517 0.794577301 0.606272042 -0.032882605 12.526635170
0.192396775 -0.300443858 -0.934193194 -106.514968872 -0.575223804 0.736749828 -0.355411619 -12.146936417 0.795047820 0.605750084 -0.031074183 12.453589439
0.192456976 -0.301021814 -0.933994830 -107.937522888 -0.578289509 0.734167516 -0.355779618 -12.706027985 0.792806089 0.608591616 -0.032782137 12.397010803
0.193171039 -0.299176455 -0.934440136 -109.303680420 -0.579953253 0.733380079 -0.354693919 -13.242288589 0.791415811 0.610448241 -0.031840589 12.302250862
0.193916351 -0.299763292 -0.934097588 -110.758666992 -0.582393229 0.731049538 -0.355506092 -13.802272797 0.789439321 0.612950563 -0.032817680 12.234472275
0.194074109 -0.301501811 -0.933505177 -112.139572144 -0.584002078 0.729087949 -0.356892496 -14.386631012 0.788211167 0.614432454 -0.034580600 12.148282051
0.193170637 -0.305434465 -0.932413459 -113.572463989 -0.584298849 0.727617323 -0.359399378 -14.945102692 0.788213134 0.614233553 -0.037910718 12.076022148
0.190873817 -0.306996346 -0.932373524 -114.971786499 -0.582239747 0.729301572 -0.359327227 -15.506280899 0.790293634 0.611451089 -0.039540887 12.020818710
0.188784286 -0.307748109 -0.932551026 -116.461868286 -0.579760253 0.731542945 -0.358779907 -16.138750076 0.792614996 0.608388066 -0.040316340 11.947408676
0.187122837 -0.306317508 -0.933356702 -117.888038635 -0.579324782 0.732913852 -0.356679529 -16.706464767 0.793327093 0.607459486 -0.040312417 11.876545906
0.186417595 -0.302887350 -0.934616208 -119.434967041 -0.578792155 0.734830558 -0.353586733 -17.310779572 0.793881655 0.606863379 -0.038323466 11.794669151
0.185407996 -0.303359419 -0.934664011 -120.916244507 -0.578313470 0.735309184 -0.353374958 -17.877468109 0.794466794 0.606047451 -0.039104637 11.723175049
0.184434444 -0.307231545 -0.933591306 -122.401512146 -0.578319430 0.734116554 -0.355836451 -18.484910965 0.794689000 0.605542481 -0.042281650 11.658132553
0.183178350 -0.310074776 -0.932898402 -123.885490417 -0.579398513 0.732573450 -0.357258409 -19.081356049 0.794193447 0.605961859 -0.045465268 11.571279526
0.182413518 -0.311608642 -0.932537198 -125.456520081 -0.578585684 0.732828021 -0.358052671 -19.686965942 0.794961751 0.604866087 -0.046614524 11.455081940
0.182030231 -0.310305387 -0.933046341 -126.966369629 -0.580080926 0.732299745 -0.356711924 -20.269468307 0.793959200 0.606174588 -0.046701550 11.360759735
0.183105722 -0.304438770 -0.934767008 -128.597152710 -0.583367348 0.731693089 -0.352573067 -20.963722229 0.791299462 0.609870672 -0.043622501 11.242045403
0.184588805 -0.300284147 -0.935818613 -130.134277344 -0.587572813 0.729561090 -0.349998355 -21.555124283 0.787835777 0.614467323 -0.041770000 11.140397072
0.187181175 -0.298894227 -0.935748577 -131.664733887 -0.592910588 0.725123346 -0.350218922 -22.110221863 0.783211470 0.620369494 -0.041488137 11.033304214
0.187915266 -0.299978256 -0.935254395 -133.195556641 -0.595094085 0.722763300 -0.351391673 -22.700143814 0.781377435 0.622596204 -0.042697031 10.932999611
0.188767552 -0.301194847 -0.934691668 -134.770568848 -0.596689880 0.720774651 -0.352767974 -23.294387817 0.779954016 0.624312103 -0.043661065 10.843996048
0.187615335 -0.301384926 -0.934862375 -136.310699463 -0.597192645 0.720648289 -0.352174848 -23.899560928 0.779847085 0.624366343 -0.044780169 10.742156982
0.187273145 -0.302633017 -0.934527695 -137.837615967 -0.595663369 0.721502364 -0.353014886 -24.479223251 0.781097889 0.622774124 -0.045149367 10.631587982
0.186107919 -0.302095950 -0.934934199 -139.375000000 -0.596257687 0.721581340 -0.351848394 -25.082273483 0.780923009 0.622943342 -0.045835011 10.551765442
0.185408369 -0.294594288 -0.937463582 -140.916824341 -0.595580399 0.725123286 -0.345659047 -25.859109879 0.781605840 0.622422993 -0.041010670 10.321563721
0.184010133 -0.290615290 -0.938979745 -142.464157104 -0.595124781 0.727350891 -0.341741413 -26.460229874 0.782283068 0.621694028 -0.039112415 10.228770256
0.184689119 -0.291886806 -0.938451946 -143.983871460 -0.595599115 0.726312757 -0.343120188 -27.021427155 0.781761825 0.622311711 -0.039705463 10.137386322
0.185642958 -0.296111852 -0.936938882 -145.498977661 -0.595691562 0.724404931 -0.346971303 -27.424736023 0.781465471 0.622539341 -0.041910686 10.165996552
0.185482532 -0.296959877 -0.936702251 -147.024169922 -0.594814241 0.724835873 -0.347575635 -28.020317078 0.782171428 0.621633112 -0.042191587 10.085868835
0.186513096 -0.297562182 -0.936306298 -148.527969360 -0.594579756 0.724493921 -0.348688126 -28.595327377 0.782104611 0.621743798 -0.041796915 9.996166229
0.187211499 -0.295521438 -0.936813235 -150.075607300 -0.594408154 0.725182593 -0.347547472 -29.189161301 0.782068312 0.621914327 -0.039897837 9.902088165
0.187522575 -0.288836658 -0.938833594 -151.700714111 -0.594219148 0.727701247 -0.342570066 -30.028785706 0.782137394 0.622112691 -0.035171878 9.747388840
0.189013034 -0.287289888 -0.939009309 -153.232666016 -0.594570637 0.727552831 -0.342275739 -30.611103058 0.781511247 0.623001993 -0.033297181 9.651721001
0.189832166 -0.289252460 -0.938241303 -154.751617432 -0.596330822 0.725189090 -0.344224304 -31.242826462 0.779970050 0.624847054 -0.034825884 9.608446121
0.188767120 -0.292690754 -0.937389493 -156.235885620 -0.595326602 0.725039780 -0.346270770 -31.810161591 0.780994892 0.623417497 -0.037382964 9.540081978
0.188638136 -0.294428736 -0.936871052 -157.756835938 -0.593435884 0.725939929 -0.347627610 -32.392585754 0.782463551 0.621548831 -0.037784629 9.442583084
0.187450171 -0.295504630 -0.936770797 -159.268218994 -0.592245102 0.726834118 -0.347789764 -32.988807678 0.783650517 0.619991064 -0.038765952 9.373728752
0.187258840 -0.295304447 -0.936872125 -160.756668091 -0.590581059 0.728278220 -0.347598493 -33.513854980 0.784951031 0.618389785 -0.038024712 9.251971245
0.186332747 -0.297102720 -0.936488092 -162.243026733 -0.589507043 0.728725314 -0.348483533 -34.078155518 0.785978138 0.617000222 -0.039358739 9.175753593
0.187753916 -0.297763765 -0.935994208 -163.718460083 -0.587821960 0.729384184 -0.349948823 -34.546562195 0.786901355 0.615902305 -0.038087361 9.036638260
0.186265394 -0.295726866 -0.936936855 -165.217803955 -0.586795032 0.731377959 -0.347502291 -35.126762390 0.788020790 0.614517629 -0.037300665 8.969680786
0.186197817 -0.295154542 -0.937130809 -166.743865967 -0.584833503 0.733135581 -0.347105235 -35.685985565 0.789493620 0.612695694 -0.036108024 8.883042336
0.185368508 -0.296773523 -0.936783850 -168.236221313 -0.583016694 0.734179437 -0.347954273 -36.252433777 0.791031063 0.610660374 -0.036930189 8.797959328
0.185780019 -0.297031462 -0.936620593 -169.643859863 -0.584135413 0.733100295 -0.348352969 -36.706493378 0.790108621 0.611830294 -0.037311196 8.699612617
0.186191499 -0.292681038 -0.937907577 -171.159362793 -0.584834933 0.734049380 -0.345165849 -37.285369873 0.789493918 0.612788200 -0.034496326 8.631671906
0.187881574 -0.285132885 -0.939893484 -172.657669067 -0.588181198 0.733712614 -0.340159774 -37.871295929 0.786602437 0.616737425 -0.029858697 8.538444519
0.191555902 -0.284305900 -0.939402223 -174.177688599 -0.590977430 0.730758727 -0.341668576 -38.411254883 0.783614635 0.620614111 -0.028037194 8.448877335
0.193432376 -0.287575334 -0.938021421 -175.569854736 -0.593047738 0.727371752 -0.345289320 -38.907417297 0.781587005 0.623081684 -0.029848598 8.391954422
0.195096731 -0.291934043 -0.936328888 -177.040740967 -0.593568444 0.724847436 -0.349675119 -39.485641479 0.780777752 0.623995781 -0.031867422 8.318038940
0.196982875 -0.293280423 -0.935513020 -178.530517578 -0.594843388 0.722755253 -0.351832628 -40.041740417 0.779332459 0.625788629 -0.032085557 8.233816147
0.196147993 -0.296880335 -0.934552372 -180.011596680 -0.591232121 0.724533498 -0.354253858 -40.633014679 0.782285452 0.622023523 -0.033409432 8.163875580
0.194878489 -0.303211123 -0.932783604 -181.438278198 -0.588830650 0.724403441 -0.358494192 -41.156829834 0.784411132 0.619114459 -0.037369326 8.165843964
0.192301676 -0.307533622 -0.931903005 -182.896575928 -0.584732115 0.726730645 -0.360487163 -41.741630554 0.788104355 0.614235878 -0.040073268 8.092052460
0.190769285 -0.305080503 -0.933023572 -184.354934692 -0.583288908 0.729256332 -0.357713908 -42.316299438 0.789544880 0.612463117 -0.038830400 8.010843277
0.191571012 -0.298613459 -0.934949517 -185.804534912 -0.583734393 0.731134415 -0.353124142 -42.891906738 0.789021254 0.613410532 -0.034246851 7.927692890
0.193425044 -0.295884430 -0.935435295 -187.246810913 -0.583945036 0.731455207 -0.352109760 -43.436576843 0.788412929 0.614349663 -0.031298507 7.848002434
0.196166530 -0.297499448 -0.934351504 -188.669021606 -0.583796442 0.730151713 -0.355049491 -44.029335022 0.787845433 0.615119815 -0.030447803 7.719509125
0.198056951 -0.296686023 -0.934211314 -190.125991821 -0.584689975 0.729199708 -0.355535448 -44.588169098 0.786709011 0.616640270 -0.029046278 7.634163380
0.198538661 -0.295882404 -0.934364080 -191.561706543 -0.583070278 0.730629325 -0.355260223 -45.150005341 0.787788928 0.615332723 -0.027462089 7.522086620
0.199109256 -0.297714323 -0.933660328 -193.002273560 -0.582688749 0.730058789 -0.357054532 -45.707557678 0.787927210 0.615126193 -0.028113266 7.449728489
0.200883642 -0.299297482 -0.932773829 -194.445007324 -0.582614005 0.728977442 -0.359378427 -46.277004242 0.787532032 0.615640283 -0.027935226 7.396565914
0.203949615 -0.297382414 -0.932720840 -195.749343872 -0.583258927 0.728284419 -0.359737188 -46.771263123 0.786265552 0.617386043 -0.024917593 7.313430786
0.204169273 -0.295372009 -0.933311403 -197.175262451 -0.582163632 0.729850769 -0.358334184 -47.367099762 0.787019968 0.616500795 -0.022941718 7.256709099
0.204780951 -0.293962151 -0.933622539 -198.475067139 -0.582766354 0.729734838 -0.357589781 -47.888080597 0.786414802 0.617311418 -0.021875471 7.201103210
0.204875916 -0.292423189 -0.934084833 -199.824127197 -0.582991600 0.730117798 -0.356439114 -48.454940796 0.786223054 0.617589414 -0.020896744 7.145836830
0.205276385 -0.291653603 -0.934237480 -201.082717896 -0.582400322 0.730755568 -0.356098473 -48.949340820 0.786556721 0.617198944 -0.019852314 7.080229282
0.205043435 -0.292339921 -0.934074163 -202.303848267 -0.582456887 0.730519176 -0.356490761 -49.453269958 0.786575615 0.617154062 -0.020487219 7.033892632
0.206066042 -0.291912884 -0.933982611 -203.453826904 -0.582260966 0.730529606 -0.356789440 -49.940887451 0.786453366 0.617343903 -0.019432139 6.992846012
0.208683878 -0.291247964 -0.933608890 -204.627975464 -0.582867682 0.729518890 -0.357865006 -50.384586334 0.785312831 0.618851244 -0.017520193 6.935606003
0.205190003 -0.294691682 -0.933302701 -205.776779175 -0.583619833 0.728661001 -0.358386666 -50.848415375 0.785674810 0.618231356 -0.022473915 7.018437862
0.201595649 -0.297548562 -0.933179617 -206.834472656 -0.583307743 0.728892922 -0.358423293 -51.284961700 0.786836267 0.616587341 -0.026620718 6.960480690
0.196602032 -0.300991535 -0.933140814 -207.976791382 -0.584996819 0.727749646 -0.357993186 -51.746997833 0.786845803 0.616266608 -0.033002030 6.913260937
0.192461297 -0.303556889 -0.933173001 -209.068710327 -0.587791741 0.725818813 -0.357334077 -52.168766022 0.785785794 0.617284477 -0.038736191 6.844060898
0.189607814 -0.303670049 -0.933720171 -210.176910400 -0.591041744 0.724074066 -0.355508745 -52.608169556 0.784039915 0.619274855 -0.042191576 6.778860092
0.187909439 -0.302775264 -0.934353888 -211.291275024 -0.593420744 0.723040819 -0.353643566 -53.028312683 0.782650530 0.620917857 -0.043806892 6.695495605
0.185364708 -0.301143646 -0.935388863 -212.374282837 -0.593398869 0.724432707 -0.350820482 -53.463897705 0.783273697 0.620088398 -0.044414070 6.630187035
0.183271691 -0.300952226 -0.935862839 -213.483734131 -0.591544867 0.726585627 -0.349496782 -53.882377625 0.785166323 0.617657661 -0.044864181 6.564303398
0.064397097 -0.209605053 -0.975663245 -197.000152588 -0.684110224 0.702528179 -0.196080074 -52.685684204 0.726530254 0.680088222 -0.098152168 11.598308563
0.063751981 -0.211046532 -0.975394785 -198.133071899 -0.684736788 0.701772809 -0.196597323 -52.915405273 0.725996673 0.680422246 -0.099771924 11.463153839
0.063816600 -0.211468115 -0.975299418 -200.161056519 -0.686130226 0.700367093 -0.196751729 -53.358627319 0.724674225 0.681738317 -0.100399688 11.221649170
0.065288633 -0.212722883 -0.974928975 -201.307418823 -0.688516557 0.697578669 -0.198315218 -53.577529907 0.722275794 0.684202313 -0.100919269 11.085212708
0.067686558 -0.211974010 -0.974928498 -203.287002563 -0.689832926 0.696017325 -0.199224830 -54.043075562 0.720797539 0.686022699 -0.099115595 10.824047089
0.067607298 -0.214677498 -0.974342227 -204.417755127 -0.689637721 0.695663154 -0.201128304 -54.295677185 0.720991671 0.685540915 -0.101017803 10.702911377
0.070501730 -0.217675865 -0.973471463 -206.434188843 -0.689973474 0.694143593 -0.205185905 -54.742729187 0.720393002 0.686135471 -0.101252235 10.504314423
0.070993818 -0.217785954 -0.973411024 -207.597351074 -0.689740062 0.694243789 -0.205631346 -54.999549866 0.720568299 0.685999155 -0.100928664 10.366676331
0.073395334 -0.215426371 -0.973758101 -209.624099731 -0.687260985 0.696614385 -0.205914468 -55.475635529 0.722693205 0.684339106 -0.096925892 10.148389816
0.073470041 -0.213739276 -0.974124074 -210.799087524 -0.686509550 0.697666228 -0.204857394 -55.737754822 0.723399460 0.683796227 -0.095476463 10.005914688
0.079594396 -0.220091447 -0.972226560 -212.837112427 -0.681896329 0.699396491 -0.214154139 -56.128265381 0.727105319 0.680003166 -0.094411500 9.764482498
0.074295685 -0.218892619 -0.972916245 -214.550445557 -0.679657638 0.702819049 -0.210025847 -56.769012451 0.729757249 0.676854014 -0.096555658 9.659765244
0.075807378 -0.218648955 -0.972854495 -215.736633301 -0.682847857 0.699594557 -0.210443124 -57.020126343 0.726616919 0.680264711 -0.096269555 9.531421661
0.649124622 -0.495557368 -0.577113628 -213.130126953 -0.526797116 0.254441649 -0.811014354 -8.539566040 0.548745871 0.830471158 -0.095893860 7.759779930
0.634419799 -0.458939672 -0.622001648 -212.360198975 -0.497722447 0.373131692 -0.782972157 -13.316169739 0.591425478 0.806316972 0.008297473 1.384075403
0.634419799 -0.458939672 -0.622001648 -212.360198975 -0.497722447 0.373131692 -0.782972157 -13.316169739 0.591425478 0.806316972 0.008297473 1.384075403
0.634419799 -0.458939672 -0.622001648 -212.360198975 -0.497722447 0.373131692 -0.782972157 -13.316169739 0.591425478 0.806316972 0.008297473 1.384075403
0.634419799 -0.458939672 -0.622001648 -212.360198975 -0.497722447 0.373131692 -0.782972157 -13.316169739 0.591425478 0.806316972 0.008297473 1.384075403
0.634419799 -0.458939672 -0.622001648 -212.360198975 -0.497722447 0.373131692 -0.782972157 -13.316169739 0.591425478 0.806316972 0.008297473 1.384075403
0.634419799 -0.458939672 -0.622001648 -212.360198975 -0.497722447 0.373131692 -0.782972157 -13.316169739 0.591425478 0.806316972 0.008297473 1.384075403
0.634419799 -0.458939672 -0.622001648 -212.360198975 -0.497722447 0.373131692 -0.782972157 -13.316169739 0.591425478 0.806316972 0.008297473 1.384075403
