0.999972999 -0.001317646 -0.007232500 0.033257388 0.001256681 0.999963641 -0.008427520 0.053586263 0.007243343 0.008418205 0.999938309 0.533947170
0.999933243 -0.000189950 -0.011550890 0.024087619 0.000077638 0.999952614 -0.009722918 0.043775350 0.011552192 0.009721370 0.999886036 1.079009533
0.999864042 -0.000269217 -0.016488338 0.020948479 0.000077780 0.999932587 -0.011609938 0.042692468 0.016490353 0.011607079 0.999796689 1.640003324
0.999754906 0.001282169 -0.022099337 0.010709688 -0.001566680 0.999916017 -0.012861675 0.041755415 0.022080991 0.012893146 0.999673069 2.213907480
0.999643028 0.000457869 -0.026715154 -0.007796578 -0.000826433 0.999904573 -0.013786661 0.041552734 0.026706299 0.013803820 0.999548018 2.801468849
0.999493361 0.002016316 -0.031761412 -0.027065888 -0.002504030 0.999879360 -0.015323266 0.033665963 0.031726684 0.015395034 0.999378145 3.398654938
0.999312401 0.005051210 -0.036732897 -0.057928905 -0.005668497 0.999844074 -0.016720064 0.033270143 0.036642715 0.016916784 0.999185205 4.012776375
0.999132156 0.005644992 -0.041267175 -0.089226663 -0.006294850 0.999857962 -0.015634619 0.027946942 0.041173045 0.015880823 0.999025822 4.642609119
0.998932362 0.004886252 -0.045939241 -0.120145641 -0.005498945 0.999897420 -0.013220122 0.019528486 0.045869935 0.013458624 0.998856723 5.284722328
0.998722076 0.004929040 -0.050297879 -0.148121074 -0.005470694 0.999928415 -0.010636969 0.008859348 0.050241850 0.010898540 0.998677611 5.837096691
0.998613775 0.006470885 -0.052236393 -0.203880861 -0.007123277 0.999898732 -0.012312744 0.005797751 0.052151445 0.012667770 0.998558819 6.600466728
0.998416066 0.005743375 -0.055967800 -0.231509149 -0.006432161 0.999905705 -0.012134488 -0.009725541 0.055892833 0.012475262 0.998358846 7.264070511
0.998387873 0.003861925 -0.056627464 -0.287581891 -0.004645912 0.999895036 -0.013719535 -0.013451405 0.056568526 0.013960504 0.998301148 7.941930771
0.998177946 0.003425268 -0.060241070 -0.323745340 -0.004253128 0.999898195 -0.013619619 -0.016736142 0.060188293 0.013851019 0.998090923 8.701883316
0.998164237 0.002005745 -0.060531933 -0.380215079 -0.002849449 0.999899924 -0.013855067 -0.031197555 0.060498089 0.014002118 0.998070061 9.329954147
0.997953653 0.005010535 -0.063744776 -0.440904319 -0.006110889 0.999835432 -0.017078627 -0.044434831 0.063648708 0.017433217 0.997820079 10.177761078
0.997946441 0.005367927 -0.063829914 -0.493019372 -0.006628328 0.999786854 -0.019550895 -0.059223071 0.063711353 0.019933833 0.997769296 10.755578995
0.997695327 0.009530373 -0.067180857 -0.555678308 -0.011047091 0.999691546 -0.022241419 -0.071776330 0.066948175 0.022932313 0.997492909 11.654026031
0.997713208 0.011641460 -0.066579178 -0.618431509 -0.013105308 0.999680936 -0.021592239 -0.099621594 0.066306554 0.022415401 0.997547507 12.222048759
0.997481883 0.010919656 -0.070075780 -0.670233190 -0.012357053 0.999721408 -0.020111393 -0.128130421 0.069836639 0.020926682 0.997338951 13.190467834
0.997524500 0.012940614 -0.069118544 -0.755584121 -0.014292409 0.999715328 -0.019099008 -0.143255576 0.068851724 0.020039601 0.997425616 13.754999161
0.997354865 0.012194199 -0.071655892 -0.817528009 -0.013555823 0.999736011 -0.018546782 -0.178353131 0.071410812 0.019469080 0.997256994 14.716094017
0.997406065 0.013522519 -0.070697851 -0.919186771 -0.015028993 0.999670267 -0.020820297 -0.180382624 0.070392989 0.021828810 0.997280478 15.352277756
0.997253239 0.012559447 -0.072993487 -0.981839061 -0.014213428 0.999652863 -0.022184219 -0.202881292 0.072689511 0.023160778 0.997085690 16.312938690
0.997377872 0.013250373 -0.071144678 -1.102040052 -0.014731637 0.999684632 -0.020336293 -0.217987135 0.070852771 0.021331048 0.997258723 17.003185272
0.997269571 0.014796249 -0.072349399 -1.174564719 -0.016115926 0.999713600 -0.017690714 -0.238170013 0.072066925 0.018808391 0.997222424 17.983699799
0.997188449 0.015458783 -0.073321313 -1.225623012 -0.016526062 0.999765754 -0.013971939 -0.263298243 0.073088162 0.015144367 0.997210562 18.922643661
0.997497082 0.013738591 -0.069359794 -1.333392382 -0.014490696 0.999841332 -0.010352038 -0.295123339 0.069206581 0.011331199 0.997537971 19.697839737
0.997460485 0.014996323 -0.069625795 -1.388867974 -0.015787303 0.999816716 -0.010824117 -0.292315543 0.069450714 0.011895831 0.997514546 20.666030884
0.997472107 0.015132700 -0.069428273 -1.452907562 -0.016110672 0.999778330 -0.013547808 -0.315924913 0.069207877 0.014632097 0.997494936 21.614017487
0.997785926 0.015585216 -0.064655297 -1.605808973 -0.016761491 0.999703109 -0.017690558 -0.356798172 0.064360395 0.018735105 0.997750819 22.425056458
0.997815192 0.014278771 -0.064504407 -1.678691506 -0.015668588 0.999654770 -0.021091828 -0.369308740 0.064180970 0.022056438 0.997694492 23.386793137
0.997996271 0.014188929 -0.061660312 -1.778077960 -0.015480946 0.999669433 -0.020526797 -0.396838963 0.061348680 0.021440227 0.997886121 24.304115295
0.997942269 0.012435666 -0.062900439 -1.835752249 -0.013489883 0.999775112 -0.016363265 -0.411514044 0.062682815 0.017178111 0.997885644 25.281274796
0.998066843 0.010548131 -0.061247617 -1.954128742 -0.011350656 0.999854028 -0.012769855 -0.446391463 0.061104000 0.013440369 0.998040974 26.240556717
0.997910917 0.003789463 -0.064493246 -1.993777752 -0.004733971 0.999883711 -0.014498569 -0.451683551 0.064430818 0.014773590 0.997812867 27.232955933
0.997959077 0.001352484 -0.063841656 -2.105855227 -0.002456785 0.999848604 -0.017222174 -0.501500309 0.063808709 0.017343869 0.997811496 28.263538361
0.997767270 0.002195378 -0.066751279 -2.171184540 -0.003635204 0.999763191 -0.021456216 -0.526173770 0.066688374 0.021650968 0.997538984 29.237987518
0.997726977 0.003926038 -0.067271791 -2.293464184 -0.005437101 0.999736667 -0.022293719 -0.560573936 0.067166567 0.022608798 0.997485578 30.295585632
0.997581184 0.003697788 -0.069413021 -2.352296829 -0.005206593 0.999753773 -0.021568334 -0.580197632 0.069316186 0.021877568 0.997354865 31.268739700
0.997407079 0.006918485 -0.071633920 -2.426846027 -0.008298727 0.999785304 -0.018988358 -0.603887677 0.071487188 0.019533595 0.997250259 32.245166779
0.997460306 0.007041730 -0.070876822 -2.561012983 -0.008228886 0.999830425 -0.016471667 -0.660241663 0.070748813 0.017013075 0.997349143 33.370716095
0.997331500 0.008620551 -0.072494917 -2.629972935 -0.009800703 0.999825001 -0.015939245 -0.648675025 0.072344817 0.016607212 0.997241497 34.318481445
0.997450233 0.009239915 -0.070764005 -2.767194271 -0.010044760 0.999888718 -0.011026228 -0.718269050 0.070654243 0.011708925 0.997432172 35.416027069
0.997322917 0.015247685 -0.071514748 -2.857352018 -0.015940733 0.999831140 -0.009130290 -0.731110811 0.071363471 0.010245847 0.997397840 36.380069733
0.997198164 0.015114361 -0.073260583 -2.910344362 -0.015913177 0.999819994 -0.010332233 -0.745636761 0.073091239 0.011469093 0.997259378 37.355712891
0.997406423 0.013980594 -0.070603684 -3.073297977 -0.014812996 0.999826670 -0.011279971 -0.775435209 0.070433743 0.012296570 0.997440696 38.449100494
0.997329473 0.017422965 -0.070925094 -3.145612240 -0.018438727 0.999736190 -0.013692157 -0.796497703 0.070667826 0.014963361 0.997387707 39.391613007
0.997343600 0.016650790 -0.070910633 -3.267076254 -0.017659359 0.999751389 -0.013620004 -0.825710654 0.070666224 0.014836059 0.997389734 40.429615021
0.997188866 0.013823994 -0.073641479 -3.338996887 -0.014825198 0.999804735 -0.013066332 -0.831651092 0.073446475 0.014121350 0.997199178 41.425170898
0.997234464 0.015451178 -0.072695993 -3.441324472 -0.016339395 0.999798775 -0.011639369 -0.874170482 0.072501525 0.012794985 0.997286201 42.412193298
0.997105062 0.018121393 -0.073845394 -3.517611742 -0.019323815 0.999691546 -0.015601109 -0.899417520 0.073539890 0.016982913 0.997147679 43.370670319
0.997012198 0.017677195 -0.075193785 -3.595199108 -0.019238697 0.999612987 -0.020092949 -0.913779616 0.074809499 0.021479547 0.996966481 44.321262360
0.997077942 0.019063909 -0.073972948 -3.720609426 -0.020637847 0.999575317 -0.020571452 -0.957989454 0.073549353 0.022037985 0.997048080 45.328865051
0.997042656 0.017727736 -0.074776515 -3.784090042 -0.019046526 0.999674678 -0.016960314 -0.989367127 0.074451528 0.018334392 0.997056007 46.274311066
0.997163355 0.016352108 -0.073469833 -3.900391102 -0.017415803 0.999752164 -0.013860743 -1.028062582 0.073224984 0.015100962 0.997201145 47.280170441
0.997121692 0.013926581 -0.074527912 -3.972348928 -0.014924211 0.999806106 -0.012845946 -1.056199551 0.074334569 0.013921243 0.997136295 48.229705811
0.997232854 0.010852106 -0.073544830 -4.060965538 -0.011928329 0.999827802 -0.014210224 -1.090075612 0.073377982 0.015048174 0.997190654 49.212879181
0.997203708 0.008562239 -0.074238136 -4.139102459 -0.009788972 0.999821186 -0.016176168 -1.107162237 0.074086368 0.016857656 0.997109354 50.155197144
0.997044086 0.006330562 -0.076569907 -4.188848019 -0.007489144 0.999861598 -0.014853445 -1.135686636 0.076465286 0.015382984 0.996953607 51.103656769
0.997100830 0.003496552 -0.076010637 -4.294732094 -0.004259207 0.999942124 -0.009873772 -1.184110880 0.075971715 0.010168895 0.997058094 52.111003876
0.997017324 0.003026540 -0.077117905 -4.356091022 -0.003439715 0.999980330 -0.005225480 -1.197684050 0.077100568 0.005475156 0.997008324 53.020431519
0.997008860 0.004657158 -0.077148184 -4.459303856 -0.004884748 0.999984264 -0.002761608 -1.225475788 0.077134117 0.003130200 0.997015834 54.027347565
0.996841192 0.005825382 -0.079205953 -4.530155659 -0.006387490 0.999956131 -0.006845287 -1.245283842 0.079162605 0.007329592 0.996834874 54.946716309
0.996712565 0.007427515 -0.080677152 -4.613025665 -0.008690122 0.999845028 -0.015310349 -1.259094000 0.080550931 0.015961109 0.996622682 55.864830017
0.996707320 0.008765171 -0.080607697 -4.720554829 -0.010327834 0.999766290 -0.018989561 -1.297704458 0.080422431 0.019759541 0.996564925 56.821884155
0.996556342 0.013885114 -0.081747718 -4.797110081 -0.015444008 0.999710083 -0.018468233 -1.315654159 0.081467599 0.019667145 0.996481955 57.697830200
0.996454656 0.016187923 -0.082558915 -4.894170284 -0.017539866 0.999723196 -0.015676642 -1.359820843 0.082282312 0.017069137 0.996462822 58.632072449
0.996292293 0.018696267 -0.083976872 -4.971012115 -0.019953424 0.999700606 -0.014155949 -1.388985634 0.083687067 0.015779091 0.996367097 59.493370056
0.996252298 0.019465696 -0.084277011 -5.070392609 -0.020745873 0.999681890 -0.014341105 -1.416635275 0.083971038 0.016035758 0.996339142 60.373439789
0.996088803 0.020553209 -0.085934453 -5.148231030 -0.021793626 0.999671042 -0.013521230 -1.436658859 0.085628271 0.015341172 0.996209085 61.204448700
0.996979296 0.017891761 -0.075578362 -6.337334633 -0.018619390 0.999786854 -0.008933829 -2.702948093 0.075402401 0.010314063 0.997099876 61.996463776
0.996862531 0.017541524 -0.077183053 -6.401319504 -0.018265428 0.999795496 -0.008683078 -2.719537258 0.077014953 0.010065617 0.996979177 62.811317444
0.996734619 0.017152613 -0.078903422 -6.463085651 -0.017793106 0.999814212 -0.007421512 -2.737899065 0.078761451 0.008801217 0.996854663 63.606155396
0.996393144 0.022032212 -0.081945524 -6.572616100 -0.022780566 0.999706745 -0.008208524 -2.811654329 0.081740648 0.010045679 0.996603012 64.438156128
0.996227503 0.023350779 -0.083577916 -6.633270264 -0.023752263 0.999710560 -0.003812429 -2.831959724 0.083464719 0.005783212 0.996493936 65.212799072
0.996008813 0.026944743 -0.085089028 -6.708414078 -0.027260412 0.999625087 -0.002549827 -2.844959021 0.084988438 0.004859211 0.996370077 65.997207642
0.995839179 0.029748637 -0.086135656 -6.790442467 -0.030404553 0.999517620 -0.006312805 -2.871977329 0.085906334 0.008905454 0.996263444 66.764930725
0.995689750 0.030002519 -0.087759480 -6.856629848 -0.031300519 0.999419391 -0.013451636 -2.895350933 0.087304950 0.016140571 0.996050894 67.478614807
0.995616794 0.029208301 -0.088847980 -6.931803703 -0.031067640 0.999324739 -0.019616503 -2.905028105 0.088215016 0.022290822 0.995852113 68.172103882
0.995544970 0.029400080 -0.089586683 -6.994084358 -0.031363029 0.999296069 -0.020582482 -2.931515694 0.088918515 0.023300504 0.995766342 68.897918701
0.995378375 0.032197557 -0.090471767 -7.059798241 -0.033871677 0.999280930 -0.017029833 -2.949038029 0.089858405 0.020015556 0.995753407 69.565086365
0.995220780 0.032902822 -0.091939718 -7.117325783 -0.034350704 0.999308765 -0.014209853 -2.990211725 0.091408625 0.017300140 0.995663285 70.214332581
0.995288372 0.029605251 -0.092328571 -7.191709042 -0.031382840 0.999347746 -0.017860455 -3.002774715 0.091739587 0.020673838 0.995568395 70.835151672
0.995460689 0.021443387 -0.092726834 -7.230924129 -0.023686675 0.999451041 -0.023159826 -3.027546406 0.092179306 0.025251085 0.995422244 71.481605530
0.995695174 0.017404111 -0.091040254 -7.299143314 -0.020039095 0.999403834 -0.028109405 -3.046669006 0.090496764 0.029812766 0.995450497 72.069564819
0.995863974 0.019969115 -0.088635199 -7.335972309 -0.022582237 0.999336421 -0.028577492 -3.063998222 0.088005729 0.030460877 0.995654166 72.650665283
0.996127069 0.024924560 -0.084318072 -7.394547939 -0.027108876 0.999323189 -0.024860620 -3.098981857 0.083641380 0.027050104 0.996128738 73.209861755
0.996545613 0.023026852 -0.079790056 -7.435613155 -0.024877200 0.999442220 -0.022274179 -3.115314007 0.079232663 0.024182187 0.996562898 73.790145874
0.997044563 0.019544901 -0.074296318 -7.461001396 -0.020937392 0.999618471 -0.018009968 -3.141898632 0.073915988 0.019512314 0.997073591 74.319503784
0.997711301 0.014914817 -0.065950520 -7.483311176 -0.015900798 0.999769151 -0.014450825 -3.163439751 0.065719776 0.015466417 0.997718275 74.850685120
0.998308182 0.018401338 -0.055154692 -7.517190933 -0.019247439 0.999704480 -0.014848649 -3.181965351 0.054865159 0.015885118 0.998367429 75.381729126
0.998910606 0.023643179 -0.040231321 -7.533257484 -0.024254110 0.999596715 -0.014765571 -3.210740566 0.039865993 0.015725266 0.999081254 75.877830505
0.999342084 0.028788486 -0.022056203 -7.543136597 -0.029119262 0.999466002 -0.014825461 -3.218827724 0.021617617 0.015457971 0.999646842 76.367736816
0.999629796 0.027207620 0.000003749 -7.529956818 -0.027204385 0.999513209 -0.015273688 -3.221974373 -0.000419307 0.015267937 0.999883294 76.854972839
0.999377131 0.023613812 0.026224937 -7.493018150 -0.023224110 0.999616802 -0.015066336 -3.232304573 -0.026570657 0.014447902 0.999542594 77.314010620
0.998164773 0.022600628 0.056181327 -7.449712276 -0.021864226 0.999667287 -0.013687872 -3.251519203 -0.056471981 0.012434392 0.998326778 77.771980286
0.995797932 0.022030994 0.088888027 -7.394479275 -0.021022594 0.999703765 -0.012265004 -3.272764206 -0.089131907 0.010344808 0.995966196 78.209800720
0.991685212 0.022527065 0.126699924 -7.318461418 -0.021135224 0.999700665 -0.012319123 -3.284491062 -0.126939535 0.009538863 0.991864681 78.642066956
0.985550106 0.021978181 0.167951509 -7.222891808 -0.020077309 0.999713838 -0.013007851 -3.296145439 -0.168189332 0.009447875 0.985709429 79.061790466
0.976739526 0.021653874 0.213332742 -7.111656189 -0.019355165 0.999729991 -0.012858193 -3.317044973 -0.213553607 0.008430016 0.976894975 79.470443726
0.964779794 0.023712704 0.261987567 -6.979528427 -0.020530662 0.999678552 -0.014876707 -3.339241743 -0.262256116 0.008973969 0.964956522 79.855789185
0.948853850 0.024802446 0.314739734 -6.813838959 -0.019916162 0.999626160 -0.018731821 -3.351618290 -0.315086693 0.011505357 0.948993146 80.247718811
0.928789854 0.024904408 0.369769067 -6.630567551 -0.018395593 0.999607682 -0.021118566 -3.367289543 -0.370149940 0.012812587 0.928883612 80.604469299
0.903662562 0.025637086 0.427477121 -6.442668915 -0.017524624 0.999584138 -0.022901986 -3.385553837 -0.427886486 0.013204291 0.903736055 80.947868347
0.874354422 0.025858015 0.484598428 -6.213104248 -0.015408769 0.999555171 -0.025534095 -3.394801617 -0.485043168 0.014858784 0.874363899 81.275688171
0.840262175 0.024889426 0.541608572 -5.974292755 -0.011633837 0.999543428 -0.027884685 -3.408372879 -0.542055368 0.017129458 0.840168178 81.580345154
0.802625179 0.024983095 0.595960140 -5.718276978 -0.009151584 0.999520659 -0.029575506 -3.422486305 -0.596413434 0.018284069 0.802469134 81.865577698
0.765544236 0.022291180 0.642996967 -4.570835114 -0.005501609 0.999589860 -0.028103255 -2.198860884 -0.643359780 0.017976765 0.765352905 82.144577026
0.722096562 0.021997450 0.691442370 -4.274669647 -0.006350912 0.999662995 -0.025170662 -2.221400738 -0.691763163 0.013784357 0.721992850 82.410278320
0.676065207 0.021353312 0.736532331 -3.971954346 -0.003108906 0.999653816 -0.026127966 -2.220390320 -0.736835301 0.015374401 0.675897539 82.644424438
0.630267918 0.018810442 0.776149750 -3.648128510 0.001963638 0.999664724 -0.025822001 -2.249473333 -0.776375234 0.017798861 0.630019665 82.827476501
0.583449423 0.016244777 0.811986983 -3.305587769 0.009255889 0.999602020 -0.026649019 -2.261021614 -0.812096655 0.023064019 0.583066940 83.015007019
0.535631239 0.018324070 0.844253123 -2.979137421 0.007590805 0.999619603 -0.026512159 -2.284042358 -0.844417810 0.020609301 0.535288453 83.186645508
0.488215059 0.021243440 0.872464776 -2.632495880 0.005146861 0.999616086 -0.027219512 -2.297907352 -0.872708261 0.017779423 0.487918347 83.344375610
0.441750288 0.023281969 0.896835983 -2.287279129 0.005113911 0.999581456 -0.028468188 -2.317988396 -0.897123516 0.017162163 0.441446394 83.491432190
0.399428278 0.020623501 0.916532397 -1.937131882 0.013818948 0.999497831 -0.028512711 -2.327631235 -0.916660309 0.024054300 0.398942739 83.596244812
0.360070676 0.012593868 0.932839990 -1.558132172 0.029716648 0.999246538 -0.024960848 -2.342451096 -0.932451606 0.036708549 0.359425187 83.685577393
0.324484766 0.009284591 0.945845246 -1.185121536 0.034562785 0.999167502 -0.021665230 -2.349010706 -0.945259213 0.039721087 0.323893785 83.777008057
0.290708363 0.013950109 0.956709921 -0.812334061 0.031851426 0.999198318 -0.024248101 -2.360946655 -0.956281364 0.037521709 0.290031046 83.875640869
0.259739965 0.021327397 0.965443015 -0.423395157 0.022249440 0.999358416 -0.028062545 -2.381232023 -0.965422153 0.028769532 0.259098887 83.977218628
0.231072620 0.025475839 0.972602844 -0.025884628 0.018400341 0.999363780 -0.030548388 -2.403256893 -0.972762465 0.024955122 0.230456904 84.064582825
0.205457047 0.027210759 0.978287756 0.375257492 0.019926805 0.999289811 -0.031979892 -2.423583508 -0.978463233 0.026064645 0.204768956 84.129043579
0.181271538 0.029021751 0.983004749 0.793023109 0.026927980 0.999043107 -0.034460936 -2.439151287 -0.983064294 0.032717112 0.180316612 84.185615540
0.162172779 0.034834530 0.986147344 1.218998909 0.034792736 0.998553395 -0.040994443 -2.447217941 -0.986148834 0.040958948 0.160726205 84.219619751
0.142017365 0.042167626 0.988965631 1.661687851 0.037991535 0.998123884 -0.048013780 -2.445749283 -0.989134848 0.044391114 0.140148908 84.276290894
0.124727868 0.042545866 0.991278410 2.113239288 0.035958454 0.998229980 -0.047368720 -2.467715740 -0.991539240 0.041553047 0.122977220 84.324798584
0.108060256 0.038262364 0.993407726 2.585357666 0.034011930 0.998531699 -0.042159446 -2.497617006 -0.993562460 0.038343482 0.106600225 84.380599976
0.094566032 0.034802727 0.994910061 3.059708118 0.034611501 0.998669446 -0.038224053 -2.524542332 -0.994916737 0.038050029 0.093235619 84.407135010
0.080669671 0.032629371 0.996206701 3.565924644 0.036963750 0.998678505 -0.035703547 -2.545887470 -0.996055365 0.039703734 0.079356968 84.443595886
0.069737092 0.031478092 0.997068584 4.058619976 0.041147314 0.998560727 -0.034403134 -2.568998575 -0.996716440 0.043425884 0.068341486 84.459014893
0.059603736 0.032441188 0.997694850 4.597295761 0.044496924 0.998391986 -0.035122175 -2.585227013 -0.997229934 0.046487771 0.058064364 84.481018066
0.051832255 0.032750800 0.998118579 5.112542152 0.046254728 0.998310626 -0.035159107 -2.609790802 -0.997584045 0.047990080 0.050229821 84.499031067
0.046444796 0.032932315 0.998377740 5.685080528 0.048412252 0.998207569 -0.035178855 -2.634715319 -0.997747004 0.049967594 0.044767223 84.514152527
0.040762454 0.034319710 0.998579264 6.250543118 0.049795479 0.998098373 -0.036335852 -2.650313377 -0.997927248 0.051205900 0.038975969 84.538787842
0.034858242 0.034572743 0.998794079 6.858502388 0.050364610 0.998070776 -0.036305450 -2.679034472 -0.998122454 0.051569425 0.033049755 84.555664062
0.030484892 0.035046387 0.998920619 7.427655697 0.053494845 0.997895539 -0.036642969 -2.699036121 -0.998102725 0.054554146 0.028545929 84.568481445
0.027685082 0.034927376 0.999006331 8.075717926 0.055318005 0.997804403 -0.036418363 -2.723722696 -0.998084962 0.056271289 0.025692184 84.584236145
0.024898499 0.034469895 0.999095440 8.683423996 0.055828508 0.997797728 -0.035816416 -2.752820730 -0.998129845 0.056669813 0.022919273 84.584938049
0.022570450 0.033780359 0.999174416 9.344392776 0.057825547 0.997711599 -0.035037130 -2.779647589 -0.998071551 0.058568623 0.020565437 84.598548889
0.021936448 0.033419203 0.999200761 9.994533539 0.062981412 0.997409761 -0.034742001 -2.806306124 -0.997773647 0.063693196 0.019774841 84.601631165
0.022827836 0.032858890 0.999199331 10.687574387 0.066880710 0.997170448 -0.034320142 -2.835724354 -0.997499883 0.067610629 0.020565609 84.623306274
0.025190491 0.032829236 0.999143600 11.357418060 0.067987412 0.997090340 -0.034475878 -2.865337133 -0.997368157 0.068797655 0.022885216 84.633735657
0.029088108 0.032567035 0.999046147 12.117033005 0.070620954 0.996904492 -0.034553409 -2.899955988 -0.997079015 0.071558692 0.026698148 84.659835815
0.033640161 0.032198090 0.998915195 12.802392960 0.071435653 0.996847093 -0.034537140 -2.922932148 -0.996877730 0.072520003 0.031234011 84.674034119
0.037619129 0.030560482 0.998824716 13.592424393 0.072513267 0.996813655 -0.033230048 -2.956548929 -0.996657729 0.073678136 0.035283227 84.707778931
0.041170254 0.029019024 0.998730659 14.400732040 0.072188087 0.996879518 -0.031941012 -2.988315582 -0.996541023 0.073411472 0.038946964 84.747817993
0.045677569 0.026707552 0.998599112 15.069522858 0.069663510 0.997123659 -0.029854616 -3.011547089 -0.996524215 0.070929632 0.043685656 84.774940491
0.049665049 0.026141271 0.998423755 15.886132240 0.068268411 0.997230470 -0.029505940 -3.031796455 -0.996430099 0.069626234 0.047742896 84.824531555
0.053537108 0.026696684 0.998208821 16.638151169 0.066023305 0.997360647 -0.030215031 -3.070459127 -0.996380806 0.067522675 0.051633194 84.871681213
0.056094799 0.030351894 0.997963905 17.481920242 0.063956238 0.997375786 -0.033928938 -3.118358374 -0.996374965 0.065729275 0.054006394 84.938575745
0.057911463 0.035692856 0.997683346 18.294738770 0.057494190 0.997582793 -0.039026566 -3.156861067 -0.996664822 0.059621107 0.055719353 84.967376709
0.057472341 0.038830489 0.997591615 19.013687134 0.055044029 0.997600079 -0.042001959 -3.182759523 -0.996828437 0.057325434 0.055197041 85.029838562
0.057770286 0.038759891 0.997577190 19.864257812 0.052633267 0.997738063 -0.041814160 -3.220404387 -0.996941507 0.054921359 0.055599555 85.075012207
0.058298178 0.036696669 0.997624516 20.711317062 0.049949639 0.997965276 -0.039628111 -3.265909910 -0.997048736 0.052141234 0.056346588 85.118019104
0.057496373 0.035426725 0.997716904 21.423076630 0.050495446 0.997987747 -0.038346287 -3.304262161 -0.997067869 0.052584935 0.055591803 85.180198669
0.057578184 0.034342378 0.997750103 22.259000778 0.048005868 0.998156726 -0.037126698 -3.354104280 -0.997186124 0.050035555 0.055823416 85.236343384
0.057956714 0.034807183 0.997712076 23.109401703 0.047077760 0.998184741 -0.037558403 -3.395230293 -0.997208416 0.049146824 0.056212869 85.288352966
0.057945929 0.035442263 0.997690439 23.818479538 0.044301808 0.998293698 -0.038036760 -3.431051493 -0.997336328 0.046403565 0.056276914 85.335441589
0.056723446 0.036924161 0.997706771 24.643463135 0.041535396 0.998363316 -0.039309904 -3.472021341 -0.997525692 0.043669946 0.055096943 85.387825012
0.053223934 0.036587756 0.997912049 25.511171341 0.037882771 0.998535097 -0.038631093 -3.515875340 -0.997863829 0.039859783 0.051759928 85.462654114
0.050053932 0.035307184 0.998122215 26.196609497 0.036566749 0.998640060 -0.037159249 -3.549242496 -0.998076975 0.038358055 0.048694797 85.479850769
0.044889104 0.032473471 0.998464108 27.036882401 0.034227479 0.998834670 -0.034024328 -3.594194174 -0.998405635 0.035702229 0.043725312 85.523933411
0.039052337 0.030605605 0.998768330 27.783651352 0.032723717 0.998955488 -0.031890851 -3.628438950 -0.998701155 0.033928830 0.038010016 85.548660278
0.031807102 0.030978659 0.999013782 28.597766876 0.032607738 0.998955369 -0.032015014 -3.666836977 -0.998961926 0.033593889 0.030763732 85.565979004
0.022683442 0.031882547 0.999234259 29.445751190 0.032176450 0.998950183 -0.032603920 -3.706073284 -0.999224663 0.032891378 0.021633767 85.596694946
0.012867330 0.032005575 0.999404848 30.114944458 0.033571362 0.998910189 -0.032421969 -3.738622189 -0.999353528 0.033968575 0.011778837 85.602729797
0.002684639 0.031283297 0.999507010 30.944972992 0.035449680 0.998879254 -0.031358868 -3.771884441 -0.999367893 0.035516389 0.001572646 85.605895996
-0.009242621 0.030593194 0.999489129 31.779581070 0.033259138 0.998988271 -0.030270303 -3.804861307 -0.999404132 0.032962374 -0.010250775 85.622848511
-0.019811764 0.029538328 0.999367237 32.427215576 0.036086656 0.998933196 -0.028810108 -3.836358786 -0.999152243 0.035493042 -0.020856570 85.593139648
-0.030513184 0.029954830 0.999085367 33.232292175 0.036842022 0.998905301 -0.028824233 -3.869262457 -0.998855114 0.035928808 -0.031583376 85.560211182
-0.041677177 0.030862357 0.998654306 33.939529419 0.037966706 0.998849809 -0.029283920 -3.899892330 -0.998409569 0.036695145 -0.042800985 85.535049438
-0.052791163 0.031587597 0.998105705 34.748004913 0.037521865 0.998856485 -0.029626772 -3.940474272 -0.997900486 0.035886757 -0.053916030 85.506072998
-0.061698616 0.032660734 0.997560263 35.524349213 0.038666606 0.998792350 -0.030309565 -3.973050833 -0.997345626 0.036702216 -0.062886991 85.424659729
-0.071877606 0.033383626 0.996854722 36.158348083 0.039399676 0.998754621 -0.030606370 -4.005723476 -0.996634960 0.037075844 -0.073103406 85.386444092
-0.082268119 0.034103505 0.996026576 36.941127777 0.040621236 0.998698473 -0.030839829 -4.028533936 -0.995782018 0.037922695 -0.083546378 85.343849182
-0.091171056 0.034729999 0.995229423 37.705795288 0.041365549 0.998661160 -0.031060334 -4.060956955 -0.994975686 0.038336404 -0.092485607 85.255035400
-0.099211670 0.033611238 0.994498491 38.305492401 0.042842016 0.998646855 -0.029477505 -4.105679035 -0.994143605 0.039681815 -0.100517392 85.178215027
-0.106552571 0.032504361 0.993775547 39.017189026 0.043503180 0.998660803 -0.027999738 -4.136105061 -0.993354976 0.040248960 -0.107823931 85.089973450
-0.112404056 0.031104360 0.993175626 39.803466797 0.047390625 0.998540342 -0.025908872 -4.165013313 -0.992531836 0.044154953 -0.113714039 85.018135071
-0.115101472 0.029457439 0.992916822 40.379501343 0.051381446 0.998398662 -0.023663798 -4.193965435 -0.992023945 0.048293769 -0.116430730 84.926040649
-0.117881179 0.028156493 0.992628455 41.100093842 0.052975386 0.998352826 -0.022027692 -4.230596542 -0.991613626 0.049988233 -0.119178623 84.844757080
-0.119894661 0.027206553 0.992413759 41.806961060 0.053026430 0.998372912 -0.020963740 -4.256743431 -0.991369426 0.050110724 -0.121142276 84.764244080
-0.120295711 0.027862860 0.992347121 42.353286743 0.053573105 0.998331726 -0.021536577 -4.272828102 -0.991291523 0.050572362 -0.121587753 84.682586670
-0.119824409 0.028944444 0.992373109 43.022407532 0.054089736 0.998280585 -0.022585670 -4.299743652 -0.991320550 0.050970878 -0.121184006 84.613204956
-0.116037622 0.030462058 0.992777586 43.595344543 0.055630382 0.998159885 -0.024125028 -4.323071957 -0.991685629 0.052429184 -0.117518738 84.526641846
-0.111171551 0.030677607 0.993327558 44.204090118 0.054582495 0.998203158 -0.024719404 -4.357577801 -0.992301106 0.051470209 -0.112646274 84.458358765
-0.103087395 0.031533450 0.994172335 44.813709259 0.054870661 0.998155653 -0.025970163 -4.379939079 -0.993157685 0.051873695 -0.104627527 84.408805847
-0.091791280 0.031673439 0.995274365 45.284835815 0.053805675 0.998191476 -0.026803937 -4.395661831 -0.994323552 0.051091045 -0.093329497 84.365165710
-0.078317627 0.031730637 0.996423304 45.850395203 0.052926477 0.998216093 -0.027627774 -4.430286407 -0.995522618 0.050573438 -0.079857320 84.330436707
-0.061198868 0.033077277 0.997577369 46.334503174 0.051861346 0.998206079 -0.029916562 -4.451815605 -0.996777475 0.049904838 -0.062804513 84.314857483
-0.039920621 0.035588644 0.998568833 46.849128723 0.049770452 0.998195827 -0.033585638 -4.477623940 -0.997962594 0.048358463 -0.041619875 84.307334900
-0.014577739 0.038652722 0.999146342 47.382919312 0.048589665 0.998099446 -0.037903287 -4.502438545 -0.998712420 0.047995642 -0.016428165 84.303497314
0.013527072 0.040343855 0.999094129 47.830749512 0.045928240 0.998106062 -0.040925778 -4.528992653 -0.998853147 0.046440240 0.011648533 84.329963684
0.046763197 0.039789129 0.998113155 48.335735321 0.043390654 0.998182356 -0.041824803 -4.559831619 -0.997963071 0.045264646 0.044951722 84.363845825
0.085078157 0.037222575 0.995678663 48.849792480 0.042202793 0.998270512 -0.040925577 -4.593524933 -0.995480061 0.045502301 0.083360121 84.424812317
0.127754405 0.033168934 0.991250992 49.276329041 0.038917996 0.998503089 -0.038427439 -4.621298313 -0.991041958 0.043486789 0.126272351 84.502517700
0.173687577 0.029170144 0.984368622 49.770931244 0.036730558 0.998673737 -0.036075003 -4.638680458 -0.984115541 0.042422201 0.172385827 84.599906921
0.221698910 0.025800813 0.974773645 50.262935638 0.031308871 0.998946071 -0.033561386 -4.671917915 -0.974612415 0.037959594 0.220657468 84.746070862
0.273661315 0.023588607 0.961536765 50.661449432 0.025596559 0.999166489 -0.031796742 -4.704427719 -0.961485386 0.033313576 0.272829473 84.886383057
0.328731686 0.022952134 0.944144368 51.128349304 0.022723617 0.999222934 -0.032202993 -4.733304501 -0.944149971 0.032040522 0.327954710 85.073348999
0.386678904 0.024029624 0.921901286 51.510692596 0.024036668 0.999058247 -0.036122594 -4.753525734 -0.921901166 0.036127277 0.385737151 85.262573242
0.446187675 0.026526041 0.894546151 51.912971497 0.025181409 0.998792768 -0.042177424 -4.781871796 -0.894585133 0.041344985 0.444981039 85.505790710
0.505753398 0.030181156 0.862149894 52.274673462 0.023244141 0.998548210 -0.048591483 -4.811535835 -0.862364948 0.044615250 0.504317522 85.755462646
0.563809514 0.035732295 0.825131536 52.651641846 0.018120769 0.998287916 -0.055612694 -4.818322182 -0.825706065 0.046306979 0.562196732 86.063888550
0.620023668 0.037717573 0.783675969 52.947864532 0.011647768 0.998291314 -0.057262208 -4.859787941 -0.784496725 0.044632018 0.618524849 86.342041016
0.672755957 0.039965339 0.738784313 53.279197693 0.008372262 0.998064816 -0.061615400 -4.870558262 -0.739817202 0.047637437 0.671119511 86.695915222
0.721753061 0.037256159 0.691147268 53.533966064 0.005622471 0.998201609 -0.059679329 -4.914237499 -0.692127824 0.046959687 0.720245838 87.015571594
0.767019570 0.034821197 0.640678108 53.812301636 0.001267749 0.998441994 -0.055783596 -4.939057350 -0.641622543 0.043599322 0.765780449 87.418365479
0.808792710 0.029419268 0.587357640 54.020584106 -0.000861400 0.998806059 -0.048841547 -4.964579105 -0.588093162 0.038996741 0.807852447 87.764915466
0.845453978 0.027532376 0.533338010 54.264656067 -0.005002136 0.999034524 -0.043643478 -4.983441830 -0.534024775 0.034230717 0.844775677 88.232383728
0.876777589 0.023234515 0.480334431 54.407707214 -0.006983879 0.999341905 -0.035591714 -5.011030674 -0.480845302 0.027851406 0.876362979 88.580657959
0.902587235 0.023732623 0.429852098 54.598220825 -0.012151686 0.999485850 -0.029667098 -5.042476177 -0.430335283 0.021553714 0.902411699 89.074821472
0.922678351 0.026145339 0.384683162 54.695552826 -0.017317995 0.999501705 -0.026394101 -5.064382553 -0.385181487 0.017691324 0.922671199 89.423355103
0.938032448 0.032251801 0.345043212 54.839065552 -0.025425859 0.999381542 -0.024291366 -5.077969074 -0.345613331 0.014013067 0.938272357 89.945541382
0.949935257 0.035896342 0.310377836 54.967689514 -0.029568145 0.999248266 -0.025071163 -5.094448090 -0.311044544 0.014638682 0.950282574 90.467521667
0.959065378 0.039022870 0.280483067 55.087547302 -0.033271372 0.999127626 -0.025240058 -5.105724335 -0.281223327 0.014874805 0.959527016 90.990661621
0.965662956 0.034062795 0.257555246 55.145801544 -0.028774355 0.999291122 -0.024275634 -5.126423836 -0.258199573 0.016031098 0.965958655 91.231658936
0.969570160 0.030840889 0.242862985 55.262916565 -0.025901681 0.999388158 -0.023505097 -5.150353432 -0.243439287 0.016499283 0.969775856 91.781684875
0.972406149 0.034762952 0.230689496 55.377601624 -0.030022435 0.999260306 -0.024028985 -5.165038109 -0.231354162 0.016440075 0.972730696 92.344284058
0.974482179 0.039922107 0.220886141 55.492786407 -0.035623167 0.999090970 -0.023413308 -5.176660538 -0.221620053 0.014947189 0.975018620 92.928657532
0.975745738 0.047785997 0.213627353 55.542804718 -0.043611642 0.998754978 -0.024213329 -5.190025330 -0.214518487 0.014309409 0.976615071 93.180030823
0.976133525 0.052985717 0.210608572 55.661529541 -0.048247442 0.998454630 -0.027576691 -5.210650444 -0.211744294 0.016757201 0.977181435 93.772743225
0.976112664 0.054406282 0.210342646 55.780479431 -0.048901960 0.998313427 -0.031285595 -5.219924927 -0.211690038 0.020252097 0.977127075 94.404861450
0.975733936 0.053720497 0.212267071 55.866950989 -0.047640093 0.998297215 -0.033660293 -5.255949020 -0.213713899 0.022731069 0.976631761 94.744354248
0.974815369 0.052824274 0.216666386 56.004608154 -0.045173511 0.998173296 -0.040116731 -5.280912399 -0.218389735 0.029318823 0.975421131 95.377937317
0.974000335 0.053131323 0.220228374 56.115745544 -0.044257678 0.998004615 -0.045036439 -5.297252655 -0.222181767 0.034118704 0.974408150 95.838676453
0.972570300 0.057879180 0.225293502 56.251808167 -0.048999749 0.997793019 -0.044811502 -5.329164982 -0.227389947 0.032543007 0.973259866 96.510498047
0.971180379 0.061115198 0.230376750 56.365394592 -0.053145476 0.997759104 -0.040648133 -5.352136612 -0.232344717 0.027233191 0.972252190 96.982887268
0.970146239 0.057725452 0.235550359 56.533729553 -0.050523780 0.998055577 -0.036500674 -5.377923965 -0.237199381 0.023510095 0.971176505 97.664718628
0.969442904 0.053921480 0.239317805 56.663795471 -0.047952916 0.998377740 -0.030697241 -5.405353546 -0.240584806 0.018283239 0.970455825 98.180763245
0.968659520 0.051201172 0.243058145 56.851085663 -0.046249174 0.998590469 -0.026040273 -5.437553883 -0.244048879 0.013982922 0.969662011 98.886520386
0.968187630 0.046416581 0.245882452 56.982444763 -0.041442841 0.998818815 -0.025367046 -5.456586838 -0.246769488 0.014369995 0.968967676 99.409736633
0.968181610 0.043086931 0.246511310 57.162788391 -0.037123788 0.998895884 -0.028788883 -5.479845524 -0.247479573 0.018721431 0.968712151 100.125007629
0.968434572 0.042838104 0.245558977 57.310981750 -0.035129171 0.998745263 -0.035690207 -5.502579689 -0.246779814 0.025937349 0.968724430 100.673004150
0.968437612 0.045350678 0.245095506 57.490371704 -0.035976063 0.998444498 -0.042593859 -5.529756069 -0.246645972 0.032431927 0.968562841 101.404243469
0.969069064 0.048295163 0.242017955 57.621406555 -0.038255781 0.998207986 -0.046013631 -5.556695938 -0.243806481 0.035331812 0.969180107 101.969139099
0.969638288 0.046988137 0.239987150 57.800849915 -0.038006842 0.998397768 -0.041918803 -5.583374023 -0.241572335 0.031524923 0.969870746 102.722160339
0.970122755 0.043202408 0.238737002 57.953796387 -0.036135722 0.998771846 -0.033900280 -5.618965149 -0.239908367 0.024260495 0.970492363 103.334197998
0.970679283 0.043137737 0.236475959 58.142333984 -0.037663635 0.998908639 -0.027619509 -5.661419868 -0.237409338 0.017903142 0.971244752 104.134735107
0.970954120 0.047105990 0.234582886 58.283287048 -0.041506894 0.998724341 -0.028751535 -5.681119919 -0.235638037 0.018179607 0.971670985 104.738327026
0.971098900 0.052357603 0.232863814 58.456077576 -0.045760475 0.998385489 -0.033646844 -5.709832191 -0.234249562 0.022018451 0.971927166 105.555480957
0.972084224 0.053486835 0.228454277 58.602470398 -0.045826569 0.998199105 -0.038709000 -5.737769127 -0.230113328 0.027159128 0.972784758 106.171775818
0.973046243 0.052004125 0.224669948 58.786224365 -0.043772064 0.998180449 -0.041470882 -5.776763439 -0.226417840 0.030518821 0.973552048 106.994888306
0.974079192 0.049976613 0.220617548 58.935596466 -0.042187668 0.998313427 -0.039879855 -5.805747986 -0.222238556 0.029538797 0.974544823 107.642761230
0.974978149 0.046565384 0.217369139 59.127731323 -0.039266393 0.998514295 -0.037780572 -5.845265865 -0.218805477 0.028299939 0.975358129 108.488502502
0.975441515 0.044881091 0.215637028 59.271728516 -0.038197707 0.998654783 -0.035063911 -5.874839306 -0.216920689 0.025965951 0.975843787 109.163223267
0.975868165 0.041692290 0.214342594 59.463310242 -0.035421461 0.998826921 -0.033015803 -5.905343056 -0.215467662 0.024626747 0.976200402 110.017799377
0.976134837 0.036769725 0.214029744 59.617805481 -0.030710818 0.999029636 -0.031566359 -5.937275887 -0.214982793 0.024239995 0.976316988 110.717361450
0.976245701 0.037407059 0.213412672 59.804271698 -0.031783693 0.999052644 -0.029721398 -5.978260040 -0.214322299 0.022232344 0.976509988 111.565933228
0.975923181 0.043080494 0.213817582 59.950775146 -0.037123490 0.998804629 -0.031799644 -6.008647919 -0.214931890 0.023096353 0.976355910 112.294479370
0.975627601 0.048371330 0.214035124 60.128234863 -0.041716207 0.998498499 -0.035504572 -6.036000252 -0.215431124 0.025710512 0.976180553 113.150260925
0.974889934 0.057480540 0.215140983 60.277275085 -0.050731536 0.998035431 -0.036766265 -6.074576378 -0.216831654 0.024928631 0.975890696 113.888099670
0.973806262 0.063408628 0.218359292 60.451820374 -0.056825552 0.997723877 -0.036303591 -6.116038322 -0.220164254 0.022944275 0.975193024 114.750473022
0.972941995 0.065834321 0.221471578 60.630481720 -0.059679199 0.997625530 -0.034377221 -6.154366493 -0.223208904 0.020229798 0.974560738 115.611145020
0.972409427 0.066539131 0.223589778 60.797035217 -0.060169343 0.997567713 -0.035189725 -6.187123775 -0.225387394 0.020765571 0.974047899 116.313034058
0.972019672 0.064990245 0.225729451 60.986984253 -0.057879582 0.997600794 -0.037984442 -6.227678299 -0.227656469 0.023856502 0.973449230 117.168281555
0.972084820 0.059054587 0.227076143 61.194252014 -0.052012347 0.997965395 -0.036877565 -6.265992165 -0.228791893 0.024037356 0.973178446 118.043510437
0.972487807 0.052625231 0.226932049 61.376853943 -0.045166075 0.998258710 -0.037941512 -6.311396599 -0.228533611 0.026648030 0.973171294 118.740425110
0.972197413 0.051556472 0.228416413 61.578063965 -0.043997452 0.998306155 -0.038066126 -6.356164932 -0.229992107 0.026958052 0.972819090 119.602401733
0.971737564 0.053388517 0.229947358 61.783061981 -0.046463631 0.998291552 -0.035429176 -6.390571117 -0.231446058 0.023743674 0.972557962 120.458839417
0.971272349 0.056277987 0.231220290 61.935951233 -0.050778270 0.998269022 -0.029673232 -6.424526691 -0.232490003 0.017079825 0.972448766 121.172454834
0.970853627 0.059463646 0.232179731 62.135017395 -0.055053100 0.998159409 -0.025435945 -6.466216087 -0.233264923 0.011912365 0.972340286 122.028266907
0.970667422 0.058485769 0.233204097 62.339096069 -0.052406885 0.998107016 -0.032183863 -6.503778458 -0.234644949 0.019018326 0.971895039 122.879394531
0.971040428 0.054936629 0.232513115 62.504104614 -0.045375500 0.997897625 -0.046275578 -6.541738510 -0.234566480 0.034385059 0.971491754 123.558700562
0.971325994 0.053177930 0.231728047 62.706565857 -0.041438904 0.997612953 -0.055238459 -6.584715843 -0.234112367 0.044051994 0.971210957 124.382980347
0.971697092 0.049513955 0.230982870 62.915176392 -0.039870646 0.998134673 -0.046234582 -6.629468441 -0.232841268 0.035716575 0.971858680 125.233634949
