0.999997139 -0.002335087 0.000343151 -0.037507653 0.002334099 0.999993205 0.002847720 -0.017755747 -0.000349797 -0.002846912 0.999995887 1.622239590
0.999996960 -0.002366708 -0.000619844 -0.057824939 0.002369042 0.999989986 0.003793389 -0.039640155 0.000610864 -0.003794846 0.999992609 3.216286659
0.999997914 -0.001198570 -0.001687283 -0.081322126 0.001204205 0.999993682 0.003342603 -0.049961604 0.001683265 -0.003344627 0.999992907 4.817658901
0.999996006 -0.000454702 -0.002762097 -0.108069211 0.000463631 0.999994576 0.003232686 -0.069916964 0.002760614 -0.003233954 0.999990880 6.429771900
0.999991894 -0.000204129 -0.004008844 -0.120353416 0.000217453 0.999994457 0.003323521 -0.082413800 0.004008146 -0.003324365 0.999986410 8.018735886
0.999983430 -0.000779816 -0.005704271 -0.139944047 0.000802418 0.999991775 0.003961114 -0.106629901 0.005701141 -0.003965625 0.999975801 9.613341331
0.999968052 -0.002507279 -0.007580610 -0.152040526 0.002529981 0.999992311 0.002986584 -0.121750981 0.007573060 -0.003005668 0.999966681 11.215806007
0.999955654 -0.003856221 -0.008587874 -0.177066714 0.003885773 0.999986529 0.003427144 -0.140114829 0.008574544 -0.003460363 0.999957204 12.795221329
0.999945462 -0.003304201 -0.009891255 -0.199958205 0.003337875 0.999988616 0.003389912 -0.162728325 0.009879942 -0.003422745 0.999945343 14.394151688
0.999937534 -0.002671702 -0.010847725 -0.226265788 0.002710509 0.999989927 0.003564402 -0.181772426 0.010838099 -0.003593582 0.999934793 15.980437279
0.999932230 -0.001565603 -0.011523821 -0.244696528 0.001615449 0.999989331 0.004317547 -0.203937411 0.011516944 -0.004335872 0.999924302 17.566102982
0.999924183 -0.000390781 -0.012309948 -0.267871529 0.000453826 0.999986827 0.005119147 -0.223728746 0.012307785 -0.005124347 0.999911129 19.173683167
0.999918461 0.000807615 -0.012742078 -0.303705513 -0.000733819 0.999982953 0.005795122 -0.229820266 0.012746542 -0.005785299 0.999902010 20.770715714
0.999909699 0.000394500 -0.013432440 -0.325670838 -0.000315232 0.999982536 0.005902904 -0.247498304 0.013434529 -0.005898137 0.999892294 22.333713531
0.999898791 0.001418604 -0.014154996 -0.349957079 -0.001338137 0.999982834 0.005692676 -0.254311025 0.014162835 -0.005673159 0.999883592 23.935586929
0.999897003 0.001697863 -0.014248482 -0.376651198 -0.001609638 0.999979436 0.006201137 -0.266321480 0.014258722 -0.006177562 0.999879241 25.501993179
0.999898791 0.002690662 -0.013966027 -0.406852067 -0.002587152 0.999968946 0.007424355 -0.280481875 0.013985571 -0.007387470 0.999874890 27.071872711
0.999897003 0.002716485 -0.014086996 -0.433593005 -0.002628542 0.999976933 0.006257641 -0.294652939 0.014103672 -0.006219967 0.999881208 28.624172211
0.999894559 0.003554287 -0.014072215 -0.459370255 -0.003496914 0.999985456 0.004099599 -0.303275883 0.014086581 -0.004049956 0.999892592 30.167919159
0.999903321 0.001740616 -0.013788982 -0.480533779 -0.001687224 0.999991059 0.003882824 -0.310588658 0.013795618 -0.003859183 0.999897420 31.278032303
0.999905944 0.000918564 -0.013686023 -0.503991127 -0.000829513 0.999978423 0.006510989 -0.334404886 0.013691712 -0.006499024 0.999885082 33.227210999
0.999897778 -0.000697821 -0.014282092 -0.505137563 0.000803344 0.999972463 0.007384101 -0.336878598 0.014276548 -0.007394819 0.999870718 34.344108582
0.999906063 -0.001044914 -0.013670013 -0.542686343 0.001141011 0.999974668 0.007023853 -0.353824288 0.013662329 -0.007038791 0.999881804 36.302253723
0.999914587 -0.001088174 -0.013028238 -0.563546181 0.001152651 0.999987066 0.004942582 -0.361338317 0.013022695 -0.004957175 0.999902785 37.426548004
0.999920666 -0.000437819 -0.012586903 -0.594129026 0.000493997 0.999989867 0.004460452 -0.388335407 0.012584823 -0.004466316 0.999910772 39.247917175
0.999928236 0.001047288 -0.011932628 -0.610261142 -0.001001743 0.999992073 0.003822159 -0.402602971 0.011936540 -0.003809931 0.999921441 40.373699188
0.999941766 0.000642311 -0.010765737 -0.628031731 -0.000591262 0.999988556 0.004744396 -0.427596688 0.010768658 -0.004737753 0.999930739 42.182941437
0.999958992 0.001053668 -0.008991484 -0.649026394 -0.000996136 0.999979019 0.006400669 -0.437315077 0.008998037 -0.006391448 0.999939084 43.285800934
0.999969244 0.000709222 -0.007805318 -0.651706517 -0.000647479 0.999968529 0.007910158 -0.461477250 0.007810682 -0.007904860 0.999938190 44.989665985
0.999982953 0.001209445 -0.005718401 -0.656988502 -0.001160562 0.999962926 0.008544235 -0.474458784 0.005728522 -0.008537451 0.999947071 46.073997498
0.999997079 0.000959274 -0.002190995 -0.669422507 -0.000942188 0.999969184 0.007785844 -0.486954540 0.002198398 -0.007783755 0.999967277 47.835338593
0.999999046 0.000094599 0.001333633 -0.668423295 -0.000102391 0.999982893 0.005844356 -0.494166493 -0.001333054 -0.005844487 0.999981999 48.914260864
0.999989152 0.000551739 0.004607690 -0.656664014 -0.000570088 0.999991834 0.003981779 -0.504968762 -0.004605455 -0.003984363 0.999981403 50.588996887
0.999964178 0.000831937 0.008411763 -0.647410274 -0.000870318 0.999989212 0.004560110 -0.520044804 -0.008407878 -0.004567268 0.999954164 51.648414612
0.999899864 0.000560489 0.014142395 -0.642704844 -0.000627259 0.999988616 0.004717301 -0.548231423 -0.014139589 -0.004725698 0.999888778 53.190883636
0.999789834 0.002346462 0.020365736 -0.626358271 -0.002428337 0.999989033 0.003996444 -0.559949160 -0.020356134 -0.004045059 0.999784529 54.236965179
0.999611914 0.003508290 0.027627902 -0.584446907 -0.003616027 0.999985993 0.003850588 -0.580328584 -0.027614005 -0.003948999 0.999610841 55.794139862
0.999342561 0.004506804 0.035971381 -0.550255060 -0.004691261 0.999976218 0.005045139 -0.594262362 -0.035947789 -0.005210574 0.999340057 56.818954468
0.998885691 0.007272257 0.046631481 -0.508765697 -0.007538567 0.999956191 0.005537627 -0.608811140 -0.046589177 -0.005882991 0.998896778 58.311450958
0.998172104 0.009679558 0.059655506 -0.464270353 -0.010025589 0.999934554 0.005503887 -0.618660450 -0.059598330 -0.006091906 0.998203814 59.316806793
0.997161686 0.011507550 0.074404567 -0.359963894 -0.011973629 0.999911368 0.005821069 -0.631346405 -0.074330993 -0.006695441 0.997211039 60.827522278
0.995788395 0.014083496 0.090592615 -0.285328388 -0.014795442 0.999864697 0.007191982 -0.642416298 -0.090479068 -0.008502050 0.995861948 61.820056915
0.994038761 0.014041877 0.108120658 -0.144078732 -0.014992753 0.999855578 0.007986672 -0.655852258 -0.107992902 -0.009560086 0.994105697 63.205837250
0.991721869 0.013735553 0.127667949 -0.047366142 -0.014788574 0.999863863 0.007303844 -0.669315577 -0.127550244 -0.009131406 0.991790056 64.167282104
0.989033282 0.012644450 0.147151247 0.170164108 -0.013695899 0.999887347 0.006134307 -0.678043246 -0.147057161 -0.008082404 0.989095032 65.558784485
0.985764265 0.009753178 0.167849958 0.328007698 -0.010917787 0.999922335 0.006016941 -0.689573050 -0.167778254 -0.007763836 0.985794246 66.498603821
0.981809139 0.004546075 0.189816177 0.586689949 -0.006138062 0.999950767 0.007799923 -0.694941998 -0.189771384 -0.008823138 0.981788695 67.887619019
0.977099001 -0.000904331 0.212783486 0.781419754 -0.001075084 0.999957323 0.009186588 -0.701628506 -0.212782711 -0.009204965 0.977056205 68.802474976
0.971534848 -0.005926374 0.236822203 1.112101555 0.003985170 0.999954343 0.008674735 -0.714620829 -0.236862808 -0.007484030 0.971514285 70.141128540
0.965049446 -0.011997163 0.261793077 1.376268387 0.010602495 0.999921024 0.006739228 -0.718642175 -0.261853307 -0.003728027 0.965100467 71.083435059
0.957459748 -0.015060647 0.288173437 1.747249603 0.013464822 0.999881089 0.007519189 -0.727759778 -0.288252413 -0.003319120 0.957548618 72.318786621
0.948936105 -0.017779924 0.314966798 2.056638718 0.015498804 0.999832392 0.009745697 -0.735067844 -0.315087259 -0.004366437 0.949052632 73.227058411
0.939106882 -0.022200786 0.342907369 2.459035873 0.018991433 0.999738812 0.012714814 -0.748143911 -0.343100131 -0.005428265 0.939283133 74.370735168
0.928200006 -0.025026612 0.371238977 2.811491013 0.021949828 0.999680758 0.012511601 -0.752645791 -0.371433616 -0.003464636 0.928453088 75.237770081
0.916124284 -0.024542149 0.400142610 3.188196182 0.023107605 0.999697685 0.008410238 -0.753763318 -0.400228024 0.001541513 0.916414201 76.103897095
0.902970672 -0.025781037 0.428928077 3.748899460 0.026882170 0.999632478 0.003491847 -0.776914597 -0.428860456 0.008377485 0.903331935 77.300796509
0.888443470 -0.027648423 0.458152413 4.163932800 0.030608587 0.999531090 0.000963545 -0.782461286 -0.457964152 0.013167345 0.888873100 78.147628784
0.873113394 -0.028440155 0.486686885 4.781827927 0.030268891 0.999533355 0.004106769 -0.788611770 -0.486576587 0.011145798 0.873566747 79.193588257
0.855386972 -0.027315876 0.517268836 5.267820358 0.026225880 0.999611616 0.009418686 -0.785240829 -0.517325163 0.005509205 0.855771184 80.002540588
0.835677326 -0.027399981 0.548536837 5.797584534 0.024026418 0.999622405 0.013328742 -0.799078226 -0.548694968 0.002040849 0.836020172 80.807273865
0.814273775 -0.021333922 0.580088794 6.448665619 0.020024285 0.999761939 0.008660039 -0.809002280 -0.580135465 0.004564220 0.814507246 81.786293030
0.791914105 -0.014288219 0.610465288 6.997402191 0.016726298 0.999858618 0.001704287 -0.823666930 -0.610403359 0.008861176 0.792041183 82.542312622
0.769620538 -0.012143173 0.638386071 7.584171295 0.016158193 0.999869287 -0.000460675 -0.828627288 -0.638297081 0.010669712 0.769716263 83.227386475
0.746068239 -0.014804465 0.665704668 8.391780853 0.017249396 0.999846995 0.002903644 -0.844610155 -0.665645897 0.009316687 0.746209681 84.172042847
0.721591771 -0.015474526 0.692145705 9.026653290 0.018010419 0.999831378 0.003576915 -0.856281340 -0.692084432 0.009884760 0.721748948 84.829444885
0.696357012 -0.013121119 0.717575610 9.692977905 0.018582005 0.999827266 0.000249650 -0.853781223 -0.717454910 0.013160149 0.696480632 85.464744568
0.669187605 -0.010373936 0.743021011 10.609184265 0.018227845 0.999830842 -0.002457087 -0.864062071 -0.742869914 0.015187926 0.669263422 86.361663818
0.641730428 -0.007880968 0.766889751 11.305511475 0.015933111 0.999868274 -0.003057584 -0.878617227 -0.766764760 0.014181083 0.641771555 86.956954956
0.614091754 -0.006239743 0.789210021 12.041332245 0.016409177 0.999853611 -0.004862977 -0.883466005 -0.789064050 0.015936602 0.614104152 87.521591187
0.584456742 -0.000103657 0.811424792 12.988559723 0.015156526 0.999826789 -0.010789285 -0.913757384 -0.811283290 0.018604254 0.584357202 88.253036499
0.554121315 0.009153254 0.832385540 13.759513855 0.013886023 0.999698639 -0.020237062 -0.936889291 -0.832320094 0.022772320 0.553827345 88.786926270
0.523251057 0.017388299 0.852001131 14.668827057 0.013000363 0.999512494 -0.028382925 -0.967146397 -0.852079451 0.025927726 0.522769928 89.337814331
0.491497099 0.022232274 0.870595336 15.482265472 0.010429201 0.999452174 -0.031410713 -0.997260809 -0.870816708 0.024517892 0.490995944 89.800674438
0.458706260 0.021970149 0.888316333 16.497837067 0.008642393 0.999536693 -0.029183621 -1.031252384 -0.888546109 0.021063885 0.458303809 90.347045898
0.425830722 0.020626802 0.904567659 17.471927643 0.004409720 0.999680936 -0.024871567 -1.065554619 -0.904792011 0.014579968 0.425603956 90.803833008
0.391719937 0.022180434 0.919817090 18.335643768 -0.000158740 0.999710977 -0.024039393 -1.094664097 -0.920084536 0.009270698 0.391610265 91.169593811
0.355448604 0.024754001 0.934367955 19.396364212 -0.006874593 0.999691427 -0.023869395 -1.135001183 -0.934670508 0.002060945 0.355509102 91.632057190
0.320401639 0.026767528 0.946903467 20.315671921 -0.011550578 0.999636710 -0.024349872 -1.163061857 -0.947211385 -0.003135543 0.320594460 91.925277710
0.283429235 0.026081126 0.958638430 21.387945175 -0.013811409 0.999637425 -0.023113105 -1.192008376 -0.958893657 -0.006689215 0.283686787 92.278877258
0.247406319 0.025363410 0.968579829 22.330936432 -0.014649430 0.999641001 -0.022434846 -1.229094505 -0.968801081 -0.008638618 0.247689143 92.517562866
0.211623937 0.024777064 0.977037132 23.449909210 -0.014366543 0.999649465 -0.022238744 -1.269287348 -0.977245569 -0.009330395 0.211905748 92.758728027
0.176490992 0.024039755 0.984008610 24.426637650 -0.012739841 0.999673784 -0.022137452 -1.290130734 -0.984219790 -0.008629051 0.176739693 92.927726746
0.142596632 0.022454288 0.989526153 25.548408508 -0.003908324 0.999747574 -0.022123026 -1.340136766 -0.989773214 -0.000712720 0.142648399 93.064361572
0.108846299 0.025907442 0.993720829 26.529310226 -0.002240338 0.999664068 -0.025816999 -1.376476765 -0.994056165 0.000583815 0.108867779 93.163818359
0.075755388 0.030639661 0.996655524 27.744733810 -0.001114253 0.999529719 -0.030643333 -1.417737484 -0.997125745 0.001210870 0.075753905 93.279342651
0.046318833 0.034640592 0.998325884 28.845867157 0.005755418 0.999372661 -0.034943946 -1.457693458 -0.998910248 0.007364344 0.046090398 93.329917908
0.020970708 0.033300854 0.999225318 29.858327866 0.007638536 0.999410629 -0.033467345 -1.488073707 -0.999750972 0.008334452 0.020703970 93.345787048
-0.001251174 0.029384378 0.999567330 31.071510315 0.009547617 0.999522924 -0.029371122 -1.550276756 -0.999953628 0.009506740 -0.001531126 93.345169067
-0.020200575 0.026617976 0.999441445 32.100540161 0.010052523 0.999600351 -0.026419027 -1.586405516 -0.999745429 0.009513229 -0.020460078 93.326599121
-0.036901750 0.029823653 0.998873770 33.299861908 0.011514708 0.999500871 -0.029416988 -1.641286135 -0.999252558 0.010416201 -0.037226748 93.283477783
-0.051394284 0.034177665 0.998093426 34.456974030 0.014198768 0.999338150 -0.033489168 -1.677959681 -0.998577416 0.012450547 -0.051845547 93.216590881
-0.062843464 0.039240099 0.997251749 35.473667145 0.018911084 0.999094069 -0.038120881 -1.724759459 -0.997844219 0.016463462 -0.063528605 93.138168335
-0.072492525 0.042669259 0.996455729 36.746120453 0.023293197 0.998884380 -0.041078676 -1.779504657 -0.997096896 0.020232745 -0.073405541 93.059638977
-0.078372784 0.048118226 0.995762229 37.750732422 0.027583204 0.998556733 -0.046082299 -1.837275505 -0.996542454 0.023854718 -0.079586916 92.968650818
-0.081616879 0.052789457 0.995264769 39.006267548 0.029398480 0.998289227 -0.050539061 -1.900980711 -0.996230066 0.025134433 -0.083029188 92.856300354
-0.085059538 0.056829434 0.994753897 40.047988892 0.031490643 0.998026609 -0.054323711 -1.954722166 -0.995878041 0.026704691 -0.086681291 92.779479980
-0.087162301 0.059423752 0.994420230 41.295917511 0.032111686 0.997868180 -0.056815162 -2.047943592 -0.995676458 0.026980367 -0.088884681 92.653511047
-0.088885769 0.063051604 0.994044244 42.341312408 0.034158144 0.997600377 -0.060222797 -2.105501175 -0.995455921 0.028601751 -0.090826206 92.551834106
-0.091672555 0.066934697 0.993537009 43.658027649 0.034330785 0.997357607 -0.064024426 -2.198850870 -0.995197237 0.028239623 -0.093728244 92.440429688
-0.094158828 0.068335921 0.993209004 44.679409027 0.037218094 0.997185707 -0.065081142 -2.268799782 -0.994861245 0.030837385 -0.096437164 92.346603394
-0.096203588 0.067200802 0.993090510 46.110069275 0.036768842 0.997277260 -0.063922197 -2.369803667 -0.994682252 0.030365245 -0.098412558 92.213424683
-0.098311827 0.067091636 0.992891431 47.140617371 0.036332484 0.997301638 -0.063792139 -2.439074993 -0.994492173 0.029802687 -0.100484148 92.102294922
-0.100730099 0.068186626 0.992574453 48.534664154 0.035692286 0.997254193 -0.064885929 -2.537480593 -0.994273305 0.028891288 -0.102887243 91.968635559
-0.103073135 0.070326075 0.992184579 49.567237854 0.034693096 0.997144699 -0.067073569 -2.613299847 -0.994068563 0.027508469 -0.105218649 91.866859436
-0.106222339 0.072570160 0.991690695 50.975784302 0.033130765 0.997037649 -0.069412738 -2.714156866 -0.993790329 0.025482289 -0.108311974 91.736267090
-0.108427070 0.076106317 0.991186857 52.027793884 0.031093063 0.996836901 -0.073138848 -2.798097134 -0.993617952 0.022888802 -0.110450484 91.610595703
-0.111062542 0.080396280 0.990556061 53.447696686 0.027594620 0.996587753 -0.077791855 -2.902917385 -0.993430257 0.018694263 -0.112902068 91.475486755
-0.113723256 0.082976259 0.990041256 54.505573273 0.025066545 0.996428549 -0.080632232 -2.985674381 -0.993196249 0.015647154 -0.115397044 91.354171753
-0.116567865 0.081546523 0.989829302 55.952819824 0.023272447 0.996574104 -0.079361513 -3.103140831 -0.992910028 0.013784751 -0.118066311 91.194999695
-0.119140424 0.076580182 0.989919662 57.019943237 0.021405753 0.996987402 -0.074550688 -3.200875282 -0.992646635 0.012307982 -0.120420754 91.062919617
-0.122063980 0.075409152 0.989653349 58.079887390 0.021028539 0.997082174 -0.073381566 -3.279935598 -0.992299497 0.011853718 -0.123293564 90.938545227
-0.124340832 0.075909354 0.989331603 59.746551514 0.019568671 0.997062981 -0.074043140 -3.417159081 -0.992046595 0.010153322 -0.125461072 90.768249512
-0.125428692 0.079130650 0.988941848 60.802391052 0.019496204 0.996818125 -0.077288151 -3.494533539 -0.991911113 0.009586462 -0.126572341 90.624328613
-0.126234159 0.081748977 0.988626242 62.281646729 0.021265641 0.996592760 -0.079692386 -3.620150805 -0.991772473 0.010963878 -0.127542421 90.448097229
-0.126542136 0.082787484 0.988500476 63.364826202 0.019913971 0.996522486 -0.080910072 -3.703464985 -0.991761327 0.009446445 -0.127750680 90.318428040
-0.126172796 0.080653042 0.988724113 64.451423645 0.017136389 0.996717870 -0.079118326 -3.810924530 -0.991860271 0.006960584 -0.127140775 90.166145325
-0.126724705 0.080008075 0.988705993 66.153343201 0.012786692 0.996790767 -0.079023391 -3.961690664 -0.991855621 0.002628062 -0.127341032 89.989471436
-0.126585230 0.081387110 0.988611281 67.249038696 0.009206296 0.996681869 -0.080872700 -4.046553612 -0.991913021 -0.001135842 -0.126914516 89.843338013
-0.126895487 0.082295664 0.988496304 68.750183105 0.004712017 0.996590972 -0.082364716 -4.159387112 -0.991904914 -0.005793896 -0.126850694 89.668190002
-0.127196044 0.081371464 0.988534212 69.831581116 0.001470230 0.996643484 -0.081849806 -4.260260105 -0.991876543 -0.008957600 -0.126888782 89.527946472
-0.128026024 0.076652132 0.988804340 71.379570007 0.001816217 0.997025251 -0.077054299 -4.374898434 -0.991769135 -0.008069068 -0.127784401 89.361999512
-0.128066748 0.067513578 0.989464879 72.464012146 0.005609637 0.997713685 -0.067350343 -4.466791630 -0.991749763 -0.003074802 -0.128152668 89.220863342
-0.128400534 0.062562309 0.989747047 73.929313660 0.010966346 0.998036683 -0.061663643 -4.571910381 -0.991661787 0.002936265 -0.128834561 89.032096863
-0.127679005 0.065416411 0.989655852 75.025268555 0.018926367 0.997801483 -0.063513078 -4.643142223 -0.991634965 0.010621306 -0.128636360 88.877517700
-0.126680493 0.070699506 0.989420831 76.507293701 0.024905792 0.997368991 -0.068078615 -4.750399113 -0.991630793 0.016018083 -0.128108069 88.684028625
-0.125944838 0.075898811 0.989129543 77.607780457 0.028646635 0.996931374 -0.072849922 -4.838451385 -0.991623521 0.019160168 -0.127732620 88.537017822
-0.125432968 0.081144437 0.988778114 79.080551147 0.029272279 0.996518254 -0.078066275 -4.938649178 -0.991670072 0.019151706 -0.127371594 88.351516724
-0.125943616 0.077849612 0.988978088 80.193328857 0.026180932 0.996829748 -0.075133614 -5.032430649 -0.991691828 0.016429771 -0.127582535 88.220848083
-0.125604436 0.073219053 0.989374936 81.701805115 0.025511984 0.997181296 -0.070557952 -5.154774189 -0.991752446 0.016378518 -0.127118364 88.028717041
-0.125702798 0.071255356 0.989505649 82.847061157 0.023683785 0.997348487 -0.068811446 -5.245628357 -0.991785169 0.014785452 -0.127057076 87.886245728
-0.127096057 0.071476571 0.989311695 84.272094727 0.021257371 0.997367382 -0.069327667 -5.353362083 -0.991662621 0.012218899 -0.128280863 87.772811890
-0.126285464 0.077203654 0.988985181 85.412315369 0.022140300 0.996937871 -0.074997343 -5.437608719 -0.991746843 0.012425352 -0.127608076 87.609207153
-0.125909328 0.080115460 0.988801420 86.929412842 0.021172438 0.996723711 -0.078061350 -5.542469978 -0.991815805 0.011106686 -0.127193049 87.431755066
-0.125641033 0.078725614 0.988947153 88.243377686 0.022229712 0.996819556 -0.076528110 -5.652819633 -0.991826594 0.012368942 -0.126991481 87.282333374
-0.124771573 0.071830593 0.989581943 89.407836914 0.023432724 0.997311115 -0.069437094 -5.745622158 -0.991908669 0.014524823 -0.126119286 87.124237061
-0.126444012 0.070878528 0.989438236 90.907516479 0.022710361 0.997389376 -0.068545856 -5.848618031 -0.991713643 0.013803279 -0.127723604 86.966682434
-0.126542866 0.073463067 0.989237010 92.256637573 0.020213552 0.997237802 -0.071471505 -5.959012508 -0.991755128 0.010951782 -0.127678275 86.813674927
-0.125805885 0.076699488 0.989085436 93.423095703 0.019296493 0.997007370 -0.074859403 -6.046211243 -0.991867125 0.009668129 -0.126909435 86.661735535
-0.126590744 0.075498931 0.989077628 94.594291687 0.018840982 0.997102380 -0.073700048 -6.147060871 -0.991775990 0.009305452 -0.127646416 86.525390625
-0.126832351 0.073034011 0.989231765 96.288909912 0.018236997 0.997288823 -0.071290635 -6.255845070 -0.991756499 0.008998654 -0.127820402 86.333595276
-0.125396013 0.072679088 0.989441097 97.511558533 0.017739052 0.997317910 -0.071009539 -6.337941170 -0.991948128 0.008647433 -0.126348957 86.170021057
-0.125581503 0.071454465 0.989506662 98.957489014 0.020032441 0.997382104 -0.069480777 -6.486166000 -0.991881013 0.011096735 -0.126684144 86.009582520
-0.124246411 0.071700886 0.989657342 100.157356262 0.022829486 0.997328281 -0.069390513 -6.575674534 -0.991988778 0.013971848 -0.125551373 85.851806641
-0.123720884 0.071347088 0.989748776 101.788536072 0.021370672 0.997372091 -0.069225229 -6.691422939 -0.992086887 0.012586991 -0.124920510 85.663345337
-0.121838972 0.071402177 0.989978313 103.013000488 0.023734789 0.997333407 -0.069011576 -6.789482117 -0.992266178 0.015088626 -0.123208806 85.500030518
-0.121219546 0.070005640 0.990154028 104.594818115 0.022701643 0.997444510 -0.067741841 -6.907007217 -0.992366076 0.014266491 -0.122499019 85.316917419
-0.119552433 0.068596482 0.990455329 105.827705383 0.021204975 0.997559071 -0.066528924 -7.005317688 -0.992601395 0.013048889 -0.120715216 85.160339355
-0.118247911 0.067959324 0.990655780 107.443893433 0.022585440 0.997581244 -0.065738544 -7.124802589 -0.992727220 0.014600954 -0.119496785 84.967994690
-0.116612263 0.068939433 0.990781963 108.676094055 0.020486517 0.997542679 -0.066998646 -7.212040901 -0.992966235 0.012484808 -0.117738038 84.828628540
-0.115897186 0.071860887 0.990658283 110.308868408 0.020222673 0.997343302 -0.069979958 -7.324250221 -0.993055224 0.011923279 -0.117042534 84.655204773
-0.114599980 0.071000732 0.990871251 111.753936768 0.018752586 0.997419477 -0.069301128 -7.424849033 -0.993234634 0.010639491 -0.115635701 84.493041992
-0.114032775 0.069450416 0.991046429 113.193367004 0.014887002 0.997560918 -0.068193987 -7.533535957 -0.993365467 0.006977363 -0.114788547 84.335731506
-0.113615371 0.071119979 0.990975976 114.627288818 0.011734578 0.997461081 -0.070240028 -7.623803139 -0.993455529 0.003648337 -0.114161476 84.168090820
-0.114196584 0.070325054 0.990965843 115.873580933 0.009117979 0.997523546 -0.069739692 -7.717477798 -0.993416309 0.001071572 -0.114554986 84.036247253
-0.115186237 0.067805313 0.991027057 117.485504150 0.006772410 0.997697890 -0.067474596 -7.842588425 -0.993320823 -0.001060504 -0.115380265 83.852386475
-0.116650961 0.065641887 0.991001368 118.741775513 0.004600700 0.997838438 -0.065553218 -7.943801880 -0.993162274 -0.003087546 -0.116700813 83.712791443
-0.117477357 0.065070234 0.990941405 120.362449646 0.002517671 0.997867405 -0.065226547 -8.056224823 -0.993072391 -0.005167777 -0.117390625 83.514831543
-0.119139902 0.065229818 0.990732491 121.602760315 0.003476143 0.997860909 -0.065281130 -8.145693779 -0.992871404 -0.004333660 -0.119111776 83.365768433
-0.122247219 0.064310491 0.990413904 123.219902039 0.001044646 0.997906327 -0.064668052 -8.242274284 -0.992499173 -0.006870857 -0.122058459 83.193908691
-0.125752792 0.059241064 0.990291178 124.467552185 -0.000740463 0.998209596 -0.059808768 -8.331100464 -0.992061317 -0.008254393 -0.125483781 83.050445557
-0.129758105 0.059131160 0.989780962 126.029449463 -0.001464650 0.998207688 -0.059826605 -8.438668251 -0.991544604 -0.009212670 -0.129438922 82.856613159
-0.135604292 0.066203907 0.988548696 127.285827637 -0.006523842 0.997683644 -0.067710593 -8.506242752 -0.990741611 -0.015630983 -0.134858266 82.711250305
-0.142679855 0.068045728 0.987427056 128.815322876 -0.004996978 0.997571707 -0.069466852 -8.638755798 -0.989756227 -0.014845672 -0.141993359 82.492095947
-0.151393637 0.064070515 0.986395001 130.217895508 -0.003029516 0.997862339 -0.065280363 -8.741070747 -0.988468945 -0.012871332 -0.150875956 82.276229858
-0.162487805 0.061685167 0.984780431 131.428222656 -0.000878825 0.998034477 -0.062660389 -8.837749481 -0.986710310 -0.011046998 -0.162114263 82.084671021
-0.175460920 0.062928617 0.982473075 132.985076904 -0.000647704 0.997947395 -0.064035438 -8.946535110 -0.984486163 -0.011872068 -0.175060004 81.823768616
-0.189759642 0.063028418 0.979805291 134.363342285 0.001843152 0.997958541 -0.063839175 -9.050238609 -0.981828809 -0.010308173 -0.189488441 81.572265625
-0.204120278 0.060971502 0.977045357 135.731811523 0.002139146 0.998083889 -0.061837502 -9.146140099 -0.978943527 -0.010532244 -0.203859627 81.293235779
-0.219488323 0.063647904 0.973536730 137.078033447 0.006129517 0.997940004 -0.063861400 -9.246669769 -0.975596011 -0.008049520 -0.219426274 80.996261597
-0.234775290 0.066873901 0.969746530 138.393280029 0.006556583 0.997716963 -0.067215383 -9.346229553 -0.972027540 -0.009422292 -0.234677732 80.691322327
-0.249707088 0.070921928 0.965720594 139.709197998 0.006880735 0.997418940 -0.071470670 -9.447135925 -0.968296945 -0.011201864 -0.249550581 80.351264954
-0.265581429 0.068318248 0.961664855 141.034179688 0.002868925 0.997537613 -0.070074409 -9.560978889 -0.964084148 -0.015851520 -0.265123487 80.000396729
-0.281851083 0.062638454 0.957411230 142.343292236 -0.002816441 0.997808337 -0.066110551 -9.667558670 -0.959454060 -0.021329824 -0.281056911 79.643768311
-0.297549844 0.059001565 0.952881336 143.639633179 -0.006193895 0.997948170 -0.063726187 -9.757077217 -0.954686284 -0.024863759 -0.296573967 79.256423950
-0.313093960 0.060243901 0.947809458 144.909530640 -0.008389773 0.997771680 -0.066191010 -9.857207298 -0.949685097 -0.028675904 -0.311890930 78.867187500
-0.327170938 0.062748402 0.942879498 146.002655029 -0.008148945 0.997568369 -0.069215558 -9.934425354 -0.944930077 -0.030328788 -0.325864106 78.493530273
-0.340856820 0.064449809 0.937903404 147.410247803 -0.006810120 0.997451842 -0.071016751 -10.059839249 -0.940090477 -0.030593779 -0.339549392 77.994041443
-0.355029434 0.064499885 0.932627380 148.655929565 -0.004685394 0.997481704 -0.070768788 -10.160953522 -0.934843361 -0.029494733 -0.353833169 77.531219482
-0.369358569 0.062505275 0.927182436 149.723968506 -0.005070372 0.997584939 -0.069271281 -10.250254631 -0.929273069 -0.030287102 -0.368149638 77.130020142
-0.383451343 0.061371487 0.921519637 151.140869141 -0.004782833 0.997644365 -0.068431415 -10.368709564 -0.923548639 -0.030647594 -0.382254511 76.541519165
-0.398141116 0.062103368 0.915219605 152.181671143 -0.007117082 0.997466624 -0.070780441 -10.459922791 -0.917296588 -0.034694295 -0.396690428 76.099922180
-0.413210601 0.064027756 0.908381701 153.553604126 -0.005611160 0.997327149 -0.072849564 -10.584356308 -0.910618126 -0.035199288 -0.411746919 75.506233215
-0.427765906 0.066634402 0.901430070 154.587860107 -0.003640282 0.997143865 -0.075437121 -10.667306900 -0.903882265 -0.035550881 -0.426301599 75.021896362
-0.441861004 0.068592235 0.894457400 155.929367065 -0.000921354 0.997037292 -0.076913826 -10.801630020 -0.897082984 -0.034809332 -0.440488756 74.361557007
-0.457031757 0.071592331 0.886564553 156.954574585 -0.002478188 0.996649027 -0.081759475 -10.893603325 -0.889446974 -0.039563749 -0.455322802 73.854400635
-0.471623480 0.073736481 0.878711820 157.978744507 -0.001236496 0.996441424 -0.084279358 -10.991533279 -0.881799161 -0.040834635 -0.469853938 73.310714722
-0.487602025 0.070847571 0.870186627 159.454086304 -0.002506930 0.996584415 -0.082543157 -11.148375511 -0.873062372 -0.042429715 -0.485758990 72.537536621
-0.503117263 0.066933848 0.861622155 160.595764160 -0.004716248 0.996768713 -0.080186404 -11.252870560 -0.864205241 -0.044406794 -0.501175821 71.877731323
-0.518284321 0.067025878 0.852577806 161.573944092 -0.005359890 0.996649802 -0.081610486 -11.352635384 -0.855191588 -0.046867158 -0.516188741 71.264930725
-0.535213470 0.065913275 0.842141092 162.920318604 -0.006839278 0.996580243 -0.082347639 -11.483572006 -0.844689071 -0.049833193 -0.532932341 70.489639282
-0.551130891 0.064732224 0.831903994 163.901428223 -0.007564604 0.996557832 -0.082555786 -11.584020615 -0.834384441 -0.051792067 -0.548744142 69.858428955
-0.566434026 0.064483717 0.821580410 165.163970947 -0.008023912 0.996455133 -0.083741240 -11.723054886 -0.824068069 -0.054026168 -0.563908696 69.002914429
-0.582020104 0.064029485 0.810649633 166.152114868 -0.008164118 0.996384799 -0.084561415 -11.822488785 -0.813133538 -0.055834677 -0.579393148 68.313034058
-0.596769333 0.061455954 0.800055861 167.366821289 -0.008565472 0.996518075 -0.082936175 -11.946053505 -0.802367032 -0.056346618 -0.594165087 67.432441711
-0.611399591 0.057841573 0.789205194 168.308792114 -0.008310131 0.996800721 -0.079494305 -12.057806969 -0.791278362 -0.055161193 -0.608962893 66.711791992
-0.626535594 0.056463178 0.777344763 169.548736572 -0.007392386 0.996896923 -0.078368768 -12.172634125 -0.779357791 -0.054847248 -0.624173939 65.749916077
-0.641112149 0.055230513 0.765457392 170.582000732 -0.007564096 0.996903777 -0.078265540 -12.290662766 -0.767409921 -0.055966999 -0.638709307 64.898506165
-0.655429542 0.056198969 0.753162563 171.456756592 -0.008485902 0.996616662 -0.081749611 -12.396626472 -0.755208552 -0.059972379 -0.652735233 64.141708374
-0.670596182 0.055265978 0.739760935 172.631256104 -0.011315942 0.996342838 -0.084692597 -12.515444756 -0.741736114 -0.065165639 -0.667518377 63.121147156
-0.686338007 0.052119359 0.725412786 173.645080566 -0.013039575 0.996386707 -0.083925463 -12.634084702 -0.727165818 -0.067060307 -0.683178484 62.199996948
-0.702372551 0.044174910 0.710437417 174.636993408 -0.016994907 0.996747136 -0.078779593 -12.755495071 -0.711606681 -0.067406431 -0.699337065 61.253284454
-0.718959510 0.041860122 0.693790257 175.614013672 -0.017719600 0.996756554 -0.078502119 -12.869997025 -0.694826066 -0.068733536 -0.715885758 60.273273468
-0.736000121 0.039458621 0.675830245 176.569793701 -0.019074854 0.996694863 -0.078965530 -12.982287407 -0.676712573 -0.071010008 -0.732815027 59.262828827
-0.753168643 0.035485703 0.656869650 177.506011963 -0.022336612 0.996588588 -0.079449385 -13.097419739 -0.657448173 -0.074511029 -0.749806643 58.232978821
-0.769351304 0.033558581 0.637943864 178.403167725 -0.021941302 0.996641934 -0.078888543 -13.215226173 -0.638449013 -0.074690327 -0.766031444 57.178043365
-0.785084903 0.035434477 0.618373573 179.276657104 -0.019764183 0.996420503 -0.082190141 -13.342740059 -0.619072497 -0.076747894 -0.781574607 56.099224091
-0.800088823 0.035297304 0.598842263 180.000625610 -0.016026910 0.996653199 -0.080158219 -13.446034431 -0.599667490 -0.073731296 -0.796845376 55.153457642
-0.814281106 0.036284797 0.579335511 180.957244873 -0.012206100 0.996753335 -0.079584613 -13.586856842 -0.580342352 -0.071875677 -0.811194539 53.855106354
-0.828244030 0.037434489 0.559115827 181.638961792 -0.010292946 0.996581435 -0.081971556 -13.694829941 -0.560273051 -0.073647395 -0.825027406 52.861869812
-0.841811597 0.038743779 0.538379192 182.511367798 -0.009572738 0.996192157 -0.086657673 -13.835441589 -0.539686561 -0.078103192 -0.838235199 51.557182312
-0.854396403 0.039302412 0.518133461 183.248458862 -0.006742639 0.996212959 -0.086685121 -13.955982208 -0.519578099 -0.077557042 -0.850895643 50.362621307
-0.865911365 0.037364312 0.498800069 183.865432739 -0.005511317 0.996432900 -0.084208772 -14.069220543 -0.500167072 -0.075666383 -0.862616539 49.329620361
-0.875928223 0.039475869 0.480823487 184.638320923 -0.002070250 0.996329904 -0.085570663 -14.227909088 -0.482436776 -0.075949192 -0.872631848 47.933917999
-0.885075748 0.041703288 0.463574946 185.183471680 -0.000178800 0.995947480 -0.089936994 -14.317689896 -0.465446949 -0.079683937 -0.881481469 46.872837067
-0.893897533 0.039851487 0.446496189 185.931182861 -0.001038024 0.995853782 -0.090961903 -14.484946251 -0.448269933 -0.081774093 -0.890149951 45.456573486
-0.901601911 0.037473470 0.430940390 186.459838867 -0.001931806 0.995881677 -0.090640999 -14.595387459 -0.432562321 -0.082554586 -0.897816479 44.353057861
-0.908695638 0.035079539 0.415982634 187.130859375 -0.002969006 0.995894849 -0.090468809 -14.759859085 -0.417448550 -0.083443686 -0.904861152 42.934627533
-0.915112019 0.033026967 0.401844978 187.627090454 -0.003747761 0.995899737 -0.090385996 -14.868855476 -0.403182507 -0.084219329 -0.911235929 41.824150085
-0.920988977 0.030791540 0.388369888 188.266036987 -0.004200311 0.996028960 -0.088929936 -15.040957451 -0.389566034 -0.083534770 -0.917202413 40.367309570
-0.926777542 0.026231628 0.374693424 188.740341187 -0.006329025 0.996326149 -0.085405447 -15.141921997 -0.375557184 -0.081523299 -0.923206747 39.269870758
-0.931457996 0.023032557 0.363119185 189.349380493 -0.007416463 0.996585131 -0.082237519 -15.301440239 -0.363773376 -0.079293869 -0.928106368 37.729537964
-0.935599983 0.023534372 0.352276891 189.793930054 -0.004807126 0.996834219 -0.079362057 -15.399047852 -0.353029430 -0.075944573 -0.932524920 36.591014862
-0.938805580 0.027499951 0.343348414 190.355056763 -0.000433595 0.996712685 -0.081015691 -15.545277596 -0.344447643 -0.076206855 -0.935707450 35.093803406
-0.940778017 0.032759171 0.337437034 190.766296387 0.005205462 0.996599019 -0.082239263 -15.656254768 -0.338983536 -0.075612366 -0.937748969 33.950847626
-0.942715585 0.036436222 0.331601948 191.306381226 0.008551934 0.996330261 -0.085163757 -15.789414406 -0.333488107 -0.077449352 -0.939567566 32.430130005
-0.944569230 0.033921659 0.326555103 191.721771240 0.006963069 0.996494174 -0.083372243 -15.913738251 -0.328238428 -0.076477021 -0.941493869 31.268329620
-0.946160614 0.026502544 0.322610646 192.247390747 0.000722294 0.996812999 -0.079770073 -16.054321289 -0.323696584 -0.075242266 -0.943164349 29.748271942
-0.948356211 0.019415183 0.316612452 192.737197876 -0.005651321 0.996932566 -0.078061000 -16.173601151 -0.317156941 -0.075818919 -0.945337534 28.426147461
-0.949761510 0.013275642 0.312692642 193.134262085 -0.012374046 0.996725976 -0.079901338 -16.275354385 -0.312729716 -0.079756506 -0.946487784 27.259670258
-0.950990915 0.010796207 0.309030145 193.643463135 -0.015435179 0.996486962 -0.082312346 -16.414127350 -0.308833152 -0.083048232 -0.947483540 25.748054504
-0.951639712 0.010379703 0.307040811 194.085708618 -0.016503597 0.996258616 -0.084830247 -16.538818359 -0.306772560 -0.085795112 -0.947908103 24.392234802
-0.952044487 0.011539734 0.305742055 194.468521118 -0.015760340 0.996112049 -0.086672463 -16.650531769 -0.305553496 -0.087334640 -0.948161244 23.248146057
-0.951770663 0.014074842 0.306487381 194.954956055 -0.013697685 0.996001959 -0.088276461 -16.806488037 -0.306504428 -0.088217139 -0.947772503 21.720966339
-0.951182902 0.015467647 0.308240026 195.328628540 -0.013006647 0.995846987 -0.090108700 -16.922361374 -0.308353692 -0.089719020 -0.947031438 20.555648804
-0.950888157 0.015738020 0.309134245 195.829589844 -0.013286790 0.995710731 -0.091561407 -17.079360962 -0.309249282 -0.091172077 -0.946600556 19.048625946
-0.950269461 0.016253557 0.311004341 196.267410278 -0.012762669 0.995765686 -0.091036364 -17.217725754 -0.311167240 -0.090478323 -0.946038425 17.733055115
-0.949539304 0.015776992 0.313250929 196.652053833 -0.013568654 0.995732725 -0.091280296 -17.337150574 -0.313354403 -0.090924621 -0.945273399 16.609928131
-0.948386610 0.014463820 0.316786289 197.168106079 -0.015527249 0.995643079 -0.091944098 -17.483543396 -0.316736013 -0.092117392 -0.944030046 15.117458344
-0.946782589 0.011952891 0.321651787 197.547378540 -0.017755460 0.995849133 -0.089269951 -17.612010956 -0.321383715 -0.090230316 -0.942640483 13.996696472
-0.944966853 0.010187110 0.327007353 198.083465576 -0.019201972 0.996065140 -0.086518697 -17.754364014 -0.326601952 -0.088036507 -0.941052914 12.520816803
-0.942564547 0.007995614 0.333928436 198.541046143 -0.021158051 0.996276617 -0.083576806 -17.879089355 -0.333353400 -0.085841805 -0.938885927 11.246906281
-0.940157890 0.010804407 0.340567946 198.957870483 -0.018571496 0.996386588 -0.082877748 -17.987764359 -0.340232849 -0.084243014 -0.936560154 10.134208679
-0.936935544 0.010326276 0.349349499 199.492401123 -0.020079790 0.996321976 -0.083302736 -18.131021500 -0.348924816 -0.085064158 -0.933282197 8.702720642
-0.933302224 0.013846958 0.358824670 199.981979370 -0.018128315 0.996165156 -0.085593514 -18.255262375 -0.358633876 -0.086389482 -0.929472208 7.433666229
-0.929413617 0.014722859 0.368745804 200.435913086 -0.017850947 0.996240616 -0.084769569 -18.363426208 -0.368607670 -0.085368447 -0.925656796 6.322021484
-0.924493670 0.017165776 0.380810797 201.007705688 -0.016812460 0.996177375 -0.085720204 -18.508651733 -0.380826473 -0.085650131 -0.920671046 4.913673401
-0.918845952 0.019235915 0.394147277 201.547821045 -0.016403129 0.996086180 -0.086852238 -18.634052277 -0.394275367 -0.086269066 -0.914934158 3.656860352
-0.913039029 0.020933043 0.407334834 202.108749390 -0.015792759 0.996118844 -0.086590216 -18.767919540 -0.407566488 -0.085493170 -0.909164846 2.410896301
-0.907163560 0.020390842 0.420283794 202.693328857 -0.016382832 0.996356130 -0.083701663 -18.896249771 -0.420459062 -0.082816541 -0.903523982 1.171218872
-0.900828004 0.023284020 0.433551431 203.290069580 -0.014704889 0.996351898 -0.084063046 -19.021186829 -0.433927089 -0.082101688 -0.897199333 -0.062484741
-0.894076586 0.025513802 0.447186708 203.896423340 -0.013079084 0.996463537 -0.083001718 -19.146125793 -0.447723001 -0.080058701 -0.890581131 -1.284553528
-0.886908233 0.027203089 0.461143583 204.523757935 -0.011472943 0.996659517 -0.080859117 -19.265300751 -0.461802751 -0.077005312 -0.883633614 -2.492523193
-0.879344881 0.029120708 0.475294143 205.162307739 -0.009057333 0.996924877 -0.077837445 -19.388441086 -0.476099253 -0.072750837 -0.876377106 -3.681411743
-0.871425748 0.032142594 0.489473164 205.819396973 -0.006001840 0.997077465 -0.076161116 -19.503036499 -0.490490675 -0.069306485 -0.868686080 -4.849250793
-0.863044322 0.035674095 0.503866911 206.405822754 -0.002184339 0.997230291 -0.074345939 -19.603408813 -0.505123496 -0.065264463 -0.860575795 -5.829849243
-0.852383852 0.038393583 0.521505237 207.154220581 0.000306186 0.997337580 -0.072924212 -19.734619141 -0.522916555 -0.061999749 -0.850125968 -7.111938477
-0.841762722 0.041918244 0.538217843 207.864776611 0.003732056 0.997408867 -0.071844757 -19.841941833 -0.539834797 -0.058467582 -0.839738011 -8.228302002
-0.830579579 0.043816961 0.555173457 208.582138062 0.005523460 0.997499049 -0.070463918 -19.954643250 -0.556872666 -0.055459406 -0.828744233 -9.322372437
-0.819579482 0.046071459 0.571110070 209.334396362 0.006903315 0.997483552 -0.070560299 -20.054252625 -0.572923779 -0.053887222 -0.817835271 -10.381446838
-0.806806087 0.048418961 0.588829041 210.006134033 0.008970967 0.997525215 -0.069733858 -20.149242401 -0.590748310 -0.050979320 -0.805243909 -11.314979553
-0.793498099 0.049951244 0.606519282 210.909973145 0.011038351 0.997643173 -0.067721836 -20.265821457 -0.608472645 -0.047042184 -0.792179286 -12.502853394
-0.778490663 0.051482640 0.625541270 211.722122192 0.012462081 0.997701645 -0.066602655 -20.365398407 -0.627532542 -0.044054016 -0.777343035 -13.526885986
-0.762273312 0.054329861 0.644970953 212.542556763 0.014332224 0.997643292 -0.067098737 -20.469732285 -0.647096574 -0.041903723 -0.761255562 -14.509757996
