0.999999583 0.000564671 -0.000929366 0.025992466 -0.000566377 0.999998152 -0.001836889 -0.009667818 0.000928327 0.001837415 0.999997914 1.233731270
0.999999702 0.000711701 -0.000301745 0.024668448 -0.000712041 0.999999106 -0.001129076 -0.037894316 0.000300941 0.001129290 0.999999285 2.437391281
0.999999940 -0.000088731 -0.000106814 0.028446669 0.000088670 0.999999762 -0.000567754 -0.065624118 0.000106864 0.000567744 0.999999821 3.630165815
0.999999642 -0.000759784 0.000247669 0.026413469 0.000760047 0.999999046 -0.001063498 -0.084782124 -0.000246861 0.001063686 0.999999344 4.846109390
0.999999523 -0.000797120 0.000464540 0.024563111 0.000797552 0.999999225 -0.000931459 -0.108683959 -0.000463796 0.000931830 0.999999344 6.079137802
0.999999464 -0.000409125 0.000929223 0.026874522 0.000411081 0.999997675 -0.002106070 -0.129517227 -0.000928362 0.002106450 0.999997377 7.305859089
0.999998033 -0.000537450 0.001920413 0.010499856 0.000541806 0.999997199 -0.002268339 -0.157198757 -0.001919189 0.002269375 0.999995470 8.499818802
0.999996781 -0.001176089 0.002233492 -0.004026411 0.001178059 0.999998808 -0.000880804 -0.181892693 -0.002232452 0.000883432 0.999997020 9.691841125
0.999997795 -0.001756517 0.001197460 -0.022068013 0.001756589 0.999998450 -0.000059166 -0.206639290 -0.001197355 0.000061270 0.999999285 10.882575989
0.999995172 -0.002898658 -0.001081693 -0.037534483 0.002898169 0.999995708 -0.000452626 -0.232628837 0.001083002 0.000449489 0.999999344 12.056215286
0.999992430 -0.002518300 -0.002954299 -0.046250843 0.002514819 0.999996245 -0.001181267 -0.253913850 0.002957263 0.001173828 0.999994934 13.177593231
0.999987483 -0.002402870 -0.004383364 -0.071510941 0.002397877 0.999996483 -0.001143911 -0.278957337 0.004386096 0.001133386 0.999989748 14.399903297
0.999985337 -0.000438323 -0.005390033 -0.080789566 0.000428271 0.999998152 -0.001865855 -0.292795569 0.005390840 0.001863520 0.999983728 15.537116051
0.999981105 -0.001061304 -0.006054221 -0.101076283 0.001053206 0.999998629 -0.001340593 -0.324122697 0.006055635 0.001334191 0.999980748 16.753889084
0.999981046 -0.001016599 -0.006074048 -0.120954901 0.001013781 0.999999404 -0.000467020 -0.351874977 0.006074519 0.000460853 0.999981463 17.915706635
0.999969959 -0.002183316 -0.007431965 -0.133813947 0.002177170 0.999997318 -0.000834899 -0.371519536 0.007433767 0.000818693 0.999972045 19.110822678
0.999972105 -0.001241476 -0.007356104 -0.166321471 0.001226110 0.999997079 -0.002093064 -0.391547918 0.007358680 0.002083986 0.999970794 20.273004532
0.999960363 -0.002164173 -0.008637094 -0.171523780 0.002139480 0.999993622 -0.002867193 -0.419462085 0.008643243 0.002848601 0.999958575 21.467081070
0.999957442 -0.001109755 -0.009160449 -0.192959458 0.001090207 0.999997199 -0.002138614 -0.454767853 0.009162795 0.002128537 0.999955714 22.637073517
0.999939799 -0.001361818 -0.010885954 -0.201888829 0.001331107 0.999995112 -0.002827920 -0.464710504 0.010889752 0.002813260 0.999936759 23.831321716
0.999956191 -0.000853467 -0.009323755 -0.265566081 0.000822459 0.999994099 -0.003329044 -0.493094474 0.009326543 0.003321229 0.999951005 25.005256653
0.999913573 -0.000637543 -0.013131304 -0.239789933 0.000601954 0.999996066 -0.002714041 -0.516722262 0.013132985 0.002705902 0.999910057 26.195245743
0.999905705 -0.001852026 -0.013611035 -0.269571036 0.001833755 0.999997377 -0.001354777 -0.540071487 0.013613511 0.001329690 0.999906421 27.406347275
0.999880791 -0.002154564 -0.015288800 -0.277694941 0.002136041 0.999996960 -0.001227717 -0.563690722 0.015291399 0.001194913 0.999882400 28.579004288
0.999878526 -0.003663160 -0.015150764 -0.325402856 0.003636027 0.999991775 -0.001818027 -0.597235322 0.015157298 0.001762718 0.999883592 29.784643173
0.999839008 -0.002519070 -0.017762972 -0.313099742 0.002471529 0.999993265 -0.002697874 -0.627008200 0.017769648 0.002653538 0.999838591 30.950914383
0.999845684 -0.002790832 -0.017340982 -0.379781842 0.002737846 0.999991596 -0.003078472 -0.632788658 0.017349428 0.003030520 0.999844909 32.133769989
0.999802828 -0.002003412 -0.019757066 -0.360450149 0.001965682 0.999996185 -0.001928937 -0.690436721 0.019760855 0.001889720 0.999802947 33.358974457
0.999795616 -0.002590654 -0.020051472 -0.409661680 0.002562489 0.999995649 -0.001430226 -0.714362800 0.020055087 0.001378552 0.999797940 34.551902771
0.999717295 -0.003095128 -0.023572428 -0.350157946 0.003034706 0.999992073 -0.002598592 -0.720051348 0.023580283 0.002526322 0.999718785 35.782402039
0.999699354 -0.003035896 -0.024329314 -0.372885644 0.002955719 0.999990165 -0.003330777 -0.735122800 0.024339184 0.003257865 0.999698520 36.979915619
0.999655247 -0.003289378 -0.026049351 -0.367550850 0.003240753 0.999992907 -0.001908647 -0.775832772 0.026055446 0.001823569 0.999658823 38.182521820
0.999669969 -0.002995411 -0.025514621 -0.415668666 0.002979205 0.999995410 -0.000673123 -0.800396025 0.025516517 0.000596888 0.999674201 39.361644745
0.999683499 -0.002326788 -0.025048424 -0.476455510 0.002331475 0.999997199 0.000157901 -0.827828586 0.025047990 -0.000216251 0.999686301 40.567253113
0.999640286 -0.001958637 -0.026747664 -0.481345773 0.001951493 0.999998093 -0.000293201 -0.852404177 0.026748188 0.000240897 0.999642134 41.760078430
0.999644041 -0.000448911 -0.026676681 -0.526203871 0.000434318 0.999999821 -0.000552845 -0.874997437 0.026676925 0.000541062 0.999643981 42.940795898
0.999646783 0.001602657 -0.026528889 -0.558304727 -0.001565676 0.999997914 0.001414683 -0.900688410 0.026531097 -0.001372648 0.999647081 44.148468018
0.999690056 0.001344657 -0.024857169 -0.600123048 -0.001228894 0.999988377 0.004671839 -0.928960145 0.024863157 -0.004639844 0.999680161 45.334911346
0.999749660 0.001902173 -0.022293558 -0.654091239 -0.001737330 0.999971032 0.007411251 -0.943227470 0.022307009 -0.007370665 0.999724030 46.553939819
0.999737799 0.002581906 -0.022752147 -0.650286436 -0.002346583 0.999943554 0.010363488 -0.952105403 0.022777619 -0.010307381 0.999687433 47.747329712
0.999761820 0.002506601 -0.021674642 -0.683366179 -0.002262389 0.999933779 0.011284339 -0.953214288 0.021701492 -0.011232619 0.999701381 48.956844330
0.999785244 0.000316282 -0.020716744 -0.709285617 -0.000105101 0.999947965 0.010194000 -0.971685290 0.020718891 -0.010189637 0.999733388 50.149044037
0.999790430 0.002027787 -0.020368196 -0.720429420 -0.001866080 0.999966562 0.007955062 -0.972490311 0.020383647 -0.007915387 0.999760866 51.382396698
0.999792695 0.001842555 -0.020278398 -0.747543514 -0.001687485 0.999969125 0.007661500 -0.991345167 0.020291893 -0.007625692 0.999764979 52.585803986
0.999771059 0.002005101 -0.021297624 -0.760302424 -0.001866785 0.999977052 0.006512338 -0.992863476 0.021310190 -0.006471091 0.999751985 53.786514282
0.999763548 0.001005157 -0.021718357 -0.803564191 -0.000887098 0.999984801 0.005444866 -1.014967680 0.021723496 -0.005424312 0.999749303 54.989929199
0.999693155 0.001857922 -0.024698664 -0.810189664 -0.001712828 0.999981165 0.005894391 -1.025361300 0.024709146 -0.005850280 0.999677598 56.199443817
0.999655485 0.000316961 -0.026247017 -0.851950526 -0.000145216 0.999978602 0.006545036 -1.040107489 0.026248526 -0.006538970 0.999634087 57.414936066
0.999609768 0.001739539 -0.027879244 -0.875260472 -0.001544582 0.999974132 0.007012905 -1.051723003 0.027890721 -0.006967107 0.999586701 58.614124298
0.999570787 0.002189142 -0.029216697 -0.916758776 -0.001991692 0.999974847 0.006785547 -1.066431522 0.029230822 -0.006724443 0.999550104 59.807060242
0.999526739 0.002504126 -0.030664319 -0.938637495 -0.002286429 0.999971867 0.007132381 -1.095128894 0.030681323 -0.007058892 0.999504209 61.058696747
0.999516249 0.001452473 -0.031069096 -0.986502051 -0.001228522 0.999973059 0.007226082 -1.118499041 0.031078756 -0.007184418 0.999491036 62.234668732
0.999464214 0.001651354 -0.032689508 -0.987429380 -0.001485195 0.999985874 0.005106617 -1.120052099 0.032697480 -0.005055331 0.999452472 63.508090973
0.999434590 0.001361649 -0.033594549 -1.024875522 -0.001183121 0.999985099 0.005333475 -1.120223522 0.033601310 -0.005290713 0.999421358 64.720306396
0.999347389 0.002618957 -0.036026921 -1.019792557 -0.002371964 0.999973416 0.006896803 -1.135301948 0.036044028 -0.006806848 0.999327064 65.947204590
0.999349594 0.002284729 -0.035990492 -1.091137528 -0.002079728 0.999981463 0.005732404 -1.166261792 0.036002927 -0.005653825 0.999335706 67.130432129
0.999248385 0.005717810 -0.038339697 -1.086770654 -0.005606921 0.999979734 0.002999173 -1.152879834 0.038356069 -0.002781951 0.999260247 68.370552063
0.999218285 0.007288933 -0.038853947 -1.136738181 -0.007140338 0.999966681 0.003961859 -1.182941556 0.038881525 -0.003681332 0.999237001 69.564292908
0.999210358 0.010044123 -0.038440812 -1.201864481 -0.009921644 0.999945045 0.003375609 -1.186308265 0.038472604 -0.002991548 0.999255121 70.733924866
0.999143958 0.010662465 -0.039970510 -1.220476389 -0.010504870 0.999936223 0.004150740 -1.215988398 0.040012218 -0.003727303 0.999192238 71.983024597
0.999166489 0.011177575 -0.039259654 -1.282524586 -0.010982192 0.999926209 0.005188825 -1.238755345 0.039314758 -0.004753344 0.999215603 73.168518066
0.999132752 0.014498969 -0.039032549 -1.283871174 -0.014335709 0.999887407 0.004459274 -1.227176070 0.039092802 -0.003895846 0.999228001 74.382888794
0.999243915 0.012901285 -0.036678027 -1.339053154 -0.012822030 0.999914885 0.002395281 -1.252306938 0.036705811 -0.001923184 0.999324262 75.564956665
0.999368668 0.010333490 -0.033994038 -1.403292298 -0.010425013 0.999942541 -0.002516170 -1.276995659 0.033966083 0.002868971 0.999418855 76.734558105
0.999274492 0.012080966 -0.036118019 -1.310416818 -0.012219827 0.999918759 -0.003626337 -1.275224328 0.036071278 0.004065062 0.999340951 77.973846436
0.999365687 0.012520257 -0.033338014 -1.353046775 -0.012549758 0.999921024 -0.000675763 -1.297776818 0.033326924 0.001093719 0.999443889 79.186080933
0.999467671 0.009979110 -0.031062754 -1.342381954 -0.009928967 0.999949157 0.001768103 -1.320501328 0.031078817 -0.001458740 0.999515831 80.242927551
0.999575436 0.010987775 -0.026985586 -1.389629126 -0.011004733 0.999939263 -0.000479938 -1.338023424 0.026978673 0.000776703 0.999635637 81.410263062
0.999678195 0.010320088 -0.023173818 -1.439670563 -0.010406443 0.999939382 -0.003608892 -1.371761441 0.023135170 0.003848887 0.999724805 82.567832947
0.999713600 0.007300789 -0.022788946 -1.369101048 -0.007451793 0.999950767 -0.006548362 -1.382890582 0.022740019 0.006716306 0.999718785 83.679084778
0.999794483 0.005982228 -0.019367358 -1.414435387 -0.006118189 0.999957025 -0.006968511 -1.421684861 0.019324839 0.007085573 0.999788046 84.869949341
0.999848843 0.006074790 -0.016289612 -1.427451253 -0.006170135 0.999964118 -0.005809265 -1.439938188 0.016253738 0.005908896 0.999850392 85.972946167
0.999906242 0.013424220 -0.002715421 -1.145708799 -0.013432116 0.999905586 -0.002910966 -1.612788200 0.002676087 0.002947167 0.999992073 87.141349792
0.999918699 0.012723002 0.000853776 -1.154811621 -0.012718004 0.999903321 -0.005623986 -1.629251361 -0.000925250 0.005612671 0.999983788 88.299293518
0.999909163 0.012833881 0.004108305 -1.152517915 -0.012802429 0.999889255 -0.007592457 -1.662529707 -0.004205298 0.007539172 0.999962747 89.451843262
0.999902487 0.012042281 0.007059291 -1.154186726 -0.011991124 0.999901950 -0.007244722 -1.703005910 -0.007145847 0.007159367 0.999948859 90.614715576
0.999890566 0.011397408 0.009419082 -1.140567780 -0.011336713 0.999914825 -0.006472214 -1.727113485 -0.009492043 0.006364726 0.999934733 91.789642334
0.999870479 0.010650426 0.012066770 -1.101491213 -0.010582571 0.999927938 -0.005673351 -1.743440747 -0.012126316 0.005544918 0.999911070 92.925819397
0.999854743 0.009734632 0.013996800 -1.081675410 -0.009677208 0.999944508 -0.004164554 -1.774582267 -0.014036566 0.004028499 0.999893367 94.073616028
0.999836981 0.008251845 0.016062764 -1.043094754 -0.008200580 0.999961078 -0.003254736 -1.794916868 -0.016088996 0.003122481 0.999865711 95.242240906
0.999811530 0.006922502 0.018138664 -1.030648470 -0.006819768 0.999960363 -0.005719429 -1.820921779 -0.018177537 0.005594649 0.999819160 96.389556885
0.999782681 0.005516994 0.020104896 -1.028583646 -0.005342039 0.999947429 -0.008745383 -1.855858326 -0.020152086 0.008636082 0.999759674 97.522674561
0.999739528 0.006646417 0.021838825 -0.969259739 -0.006384979 0.999907374 -0.012019324 -1.867513180 -0.021916684 0.011876750 0.999689162 98.667961121
0.999706626 0.006732913 0.023265926 -0.954154253 -0.006434298 0.999896348 -0.012885949 -1.902746558 -0.023350270 0.012732469 0.999646187 99.830116272
0.999720693 0.006131885 0.022822209 -0.916828156 -0.005857456 0.999910057 -0.012072084 -1.947068095 -0.022894189 0.011935032 0.999666691 101.023750305
0.999719501 0.006373188 0.022807432 -0.928635836 -0.006140615 0.999928594 -0.010252761 -1.971621037 -0.022871148 0.010109834 0.999687254 102.155838013
0.999763846 0.005879965 0.020917507 -0.879376888 -0.005698920 0.999945879 -0.008704307 -2.009716988 -0.020967562 0.008583044 0.999743283 103.275978088
0.999810040 0.006134058 0.018492207 -0.871563554 -0.005990238 0.999951482 -0.007822639 -2.041321754 -0.018539283 0.007710381 0.999798357 104.471458435
0.999849916 0.006551875 0.016031157 -0.874364495 -0.006443645 0.999956131 -0.006793565 -2.077308178 -0.016074965 0.006689247 0.999848306 105.675384521
0.999884129 0.007729142 0.013106139 -0.871629119 -0.007632437 0.999943435 -0.007412584 -2.099824429 -0.013162686 0.007311693 0.999886572 106.859855652
0.999912679 0.009124364 0.009561792 -0.861783862 -0.009047153 0.999926329 -0.008087326 -2.123827219 -0.009634887 0.008000113 0.999921560 107.957649231
0.999951780 0.008329377 0.005186075 -0.859026432 -0.008293311 0.999941528 -0.006937173 -2.170687437 -0.005243561 0.006893831 0.999962509 109.137817383
0.999957442 0.009202654 0.000708356 -0.871779025 -0.009198204 0.999939382 -0.006048525 -2.204037905 -0.000763972 0.006041749 0.999981463 110.384765625
0.999944866 0.009943276 -0.003371161 -0.849540591 -0.009962583 0.999933779 -0.005759353 -2.206343412 0.003313675 0.005792621 0.999977767 111.452690125
0.999917805 0.009871548 -0.008176293 -0.868324399 -0.009915737 0.999936283 -0.005381713 -2.225841761 0.008122647 0.005462345 0.999952197 112.663856506
0.999864995 0.010371910 -0.012745930 -0.901011646 -0.010438346 0.999932230 -0.005156690 -2.253953457 0.012691582 0.005289041 0.999905527 113.847724915
0.999773562 0.011318468 -0.018019676 -0.913324594 -0.011412365 0.999921799 -0.005116596 -2.289910793 0.017960358 0.005321086 0.999824464 114.986534119
0.999668896 0.011604696 -0.022963058 -0.967469573 -0.011725775 0.999918044 -0.005145227 -2.325624466 0.022901470 0.005412783 0.999723017 116.175476074
0.999534607 0.012320937 -0.027905934 -1.008318901 -0.012477910 0.999907196 -0.005457986 -2.357365131 0.027836096 0.005803653 0.999595642 117.421394348
0.999294460 0.016775787 -0.033600044 -0.866443157 -0.017008565 0.999833226 -0.006654138 -2.369728327 0.033482805 0.007220932 0.999413192 118.551925659
0.999189615 0.018730467 -0.035625342 -0.929301739 -0.018970056 0.999799609 -0.006399162 -2.409482718 0.035498336 0.007069791 0.999344766 119.784889221
0.999275982 0.017665964 -0.033696614 -1.171154737 -0.017875252 0.999822676 -0.005919848 -2.445271969 0.033586062 0.006517896 0.999414623 120.863716125
0.999203920 0.019591242 -0.034752335 -1.232201099 -0.019796146 0.999788582 -0.005561866 -2.476841927 0.034636024 0.006245400 0.999380529 122.100959778
0.999123871 0.021121658 -0.036129773 -1.277612686 -0.021313267 0.999760687 -0.004926374 -2.499691486 0.036017079 0.005692102 0.999334872 123.251022339
0.999096274 0.020824241 -0.037053891 -1.335646629 -0.020995690 0.999770582 -0.004243877 -2.531468630 0.036957014 0.005018014 0.999304175 124.502113342
0.998832822 0.026804795 -0.040181369 -1.239053011 -0.026965519 0.999630332 -0.003463174 -2.540753603 0.040073685 0.004542643 0.999186397 125.712997437
0.998771548 0.027597094 -0.041154549 -1.295118093 -0.027634010 0.999618113 -0.000328274 -2.566354036 0.041129768 0.001465135 0.999152780 126.962348938
0.998672187 0.026562536 -0.044139072 -1.244995594 -0.026607566 0.999645829 -0.000432856 -2.585918665 0.044111948 0.001606715 0.999025226 128.092117310
0.998679221 0.026238274 -0.044173036 -1.326145172 -0.026352445 0.999650717 -0.002004170 -2.608052254 0.044105023 0.003165591 0.999021828 129.351928711
0.998697937 0.023261245 -0.045399334 -1.386659145 -0.023363767 0.999725461 -0.001728823 -2.625393152 0.045346662 0.002787272 0.998967350 130.606094360
0.998820126 0.021534059 -0.043528698 -1.556699753 -0.021526132 0.999767959 0.000651007 -2.662167311 0.043532625 0.000286766 0.999051929 131.684616089
0.998872638 0.018734209 -0.043616988 -1.614689350 -0.018639136 0.999822915 0.002585435 -2.684802055 0.043657705 -0.001769538 0.999044955 132.945251465
0.998895586 0.016463872 -0.044005506 -1.683383465 -0.016316503 0.999859989 0.003706011 -2.707128763 0.044060361 -0.002983903 0.999024391 134.077972412
0.998958945 0.011972573 -0.044017915 -1.745611191 -0.011930695 0.999928117 0.001213920 -2.712857246 0.044029288 -0.000687491 0.999029994 135.352844238
0.998999834 0.009836023 -0.043617830 -1.811102390 -0.009803221 0.999951482 0.000965921 -2.747776508 0.043625217 -0.000537360 0.999047816 136.469345093
0.999033749 0.008546446 -0.043109987 -1.882437706 -0.008513384 0.999963224 0.000950481 -2.774533749 0.043116532 -0.000582550 0.999069870 137.740463257
0.999037683 0.008946554 -0.042938337 -1.946061611 -0.008914022 0.999959826 0.000949070 -2.788294315 0.042945106 -0.000565404 0.999077320 138.867492676
0.999081671 0.009763835 -0.041719310 -2.010293961 -0.009681513 0.999950826 0.002174853 -2.793439150 0.041738492 -0.001768950 0.999127030 140.167419434
0.998941422 0.012112758 -0.044376332 -1.976875305 -0.011919577 0.999918282 0.004615325 -2.823825359 0.044428613 -0.004081492 0.999004185 141.201889038
0.998977900 0.011249801 -0.043779097 -2.047569752 -0.011121117 0.999933064 0.003181935 -2.853386164 0.043811966 -0.002691810 0.999036133 142.455261230
0.998976827 0.012294026 -0.043521076 -2.115679741 -0.012259909 0.999924302 0.001050718 -2.863117695 0.043530699 -0.000516079 0.999051929 143.569473267
0.998991728 0.011958704 -0.043270249 -2.179735661 -0.012047434 0.999925911 -0.001790443 -2.887018681 0.043245625 0.002309933 0.999061763 144.848968506
0.999035418 0.010455752 -0.042648077 -2.249374151 -0.010696739 0.999928057 -0.005426324 -2.917120695 0.042588267 0.005877286 0.999075413 145.926162720
0.999068379 0.010565675 -0.041841544 -2.330138683 -0.010942154 0.999901652 -0.008778962 -2.952569008 0.041744668 0.009228621 0.999085665 147.206436157
0.999061823 0.009873654 -0.042164482 -2.370653391 -0.010289768 0.999900341 -0.009663245 -2.983296394 0.042064868 0.010088042 0.999063909 148.274673462
0.999072015 0.009585132 -0.041990202 -2.438749552 -0.009983445 0.999907017 -0.009286471 -3.026219845 0.041897286 0.009697062 0.999074817 149.536056519
0.999056041 0.010047567 -0.042262383 -2.502032280 -0.010434720 0.999905467 -0.008950047 -3.052716255 0.042168465 0.009382593 0.999066472 150.612670898
0.999043703 0.010817903 -0.042364564 -2.575016737 -0.011157392 0.999907494 -0.007785242 -3.092496872 0.042276420 0.008250473 0.999071956 151.881179810
0.999037921 0.011228631 -0.042392347 -2.638586998 -0.011555122 0.999905407 -0.007464491 -3.115472794 0.042304523 0.007947159 0.999073148 152.949813843
0.999013841 0.011404385 -0.042909935 -2.702295303 -0.011747044 0.999901116 -0.007741885 -3.153959513 0.042817399 0.008238316 0.999048948 154.159362793
0.998961389 0.011586631 -0.044064593 -2.755565166 -0.011928688 0.999900639 -0.007507647 -3.180160046 0.043973226 0.008025484 0.999000430 155.284271240
0.998924077 0.011851196 -0.044833973 -2.816743374 -0.012149219 0.999905825 -0.006380644 -3.211621046 0.044754136 0.006918476 0.998974085 156.526580811
0.998910666 0.012499382 -0.044958249 -2.896862030 -0.012779579 0.999900579 -0.005950380 -3.246258497 0.044879407 0.006518445 0.998971164 157.609344482
0.998879790 0.012289132 -0.045697078 -2.971447945 -0.012628846 0.999894559 -0.007152756 -3.275538683 0.045604367 0.007721844 0.998929739 158.868804932
0.998824477 0.013099495 -0.046669457 -3.020926476 -0.013494331 0.999875665 -0.008155264 -3.304802895 0.046556823 0.008775450 0.998877108 159.913436890
0.998802185 0.014000288 -0.046882566 -3.106961727 -0.014403763 0.999861956 -0.008279338 -3.336681843 0.046760179 0.008944709 0.998866081 161.170074463
0.998758554 0.013218752 -0.048027556 -3.157305241 -0.013662162 0.999866903 -0.008915940 -3.376339912 0.047903311 0.009561033 0.998806119 162.235488892
0.998732090 0.013891600 -0.048384979 -3.240824223 -0.014402375 0.999844074 -0.010223932 -3.404660463 0.048235402 0.010907829 0.998776376 163.492370605
0.998696148 0.013838907 -0.049137928 -3.305414677 -0.014336885 0.999849200 -0.009796315 -3.441204548 0.048994951 0.010488026 0.998743892 164.544296265
0.998659730 0.013637754 -0.049927827 -3.391316891 -0.014079750 0.999864638 -0.008511727 -3.481135130 0.049804986 0.009203290 0.998716533 165.788436890
0.998635292 0.013814962 -0.050364949 -3.449119091 -0.014227113 0.999868095 -0.007834002 -3.510590553 0.050250079 0.008539859 0.998700142 166.838623047
0.998558819 0.013945185 -0.051824749 -3.522162914 -0.014352624 0.999868870 -0.007498021 -3.550123215 0.051713392 0.008231035 0.998628080 168.104080200
0.998553813 0.015103249 -0.051596574 -3.602789402 -0.015492331 0.999854386 -0.007149225 -3.570239067 0.051481087 0.007938236 0.998642445 169.129241943
0.998501837 0.014933398 -0.052642882 -3.684670448 -0.015378794 0.999849200 -0.008065760 -3.611703634 0.052514493 0.008863260 0.998580873 170.388107300
0.998493910 0.015437664 -0.052645851 -3.774143219 -0.015898770 0.999838829 -0.008351105 -3.650875092 0.052508432 0.009175532 0.998578370 171.668640137
0.998444140 0.016532613 -0.053254370 -3.830295086 -0.016999379 0.999820828 -0.008323814 -3.663254261 0.053107217 0.009216152 0.998546183 172.579681396
0.998484850 0.015702676 -0.052739289 -3.953264236 -0.016208291 0.999826610 -0.009173081 -3.714536190 0.052586105 0.010013996 0.998566091 173.794754028
0.997406304 0.005935844 -0.071732365 -4.347822189 -0.006923052 0.999884605 -0.013521617 -3.657369137 0.071643822 0.013983152 0.997332215 174.338546753
0.997390747 0.003088339 -0.072126687 -4.452641487 -0.003998818 0.999914050 -0.012482347 -3.707935810 0.072081946 0.012738199 0.997317314 175.608963013
0.997378230 0.002838563 -0.072309569 -4.562563896 -0.003513098 0.999951422 -0.009202953 -3.747139692 0.072279930 0.009432856 0.997339725 176.896316528
0.997371197 0.002844062 -0.072405510 -4.630164146 -0.003204685 0.999983013 -0.004864940 -3.769343138 0.072390445 0.005084188 0.997363389 177.717941284
0.997390091 0.002733689 -0.072147720 -4.752118111 -0.003102003 0.999982715 -0.004993462 -3.810820103 0.072132818 0.005204233 0.997381389 178.977676392
0.997348070 0.004564525 -0.072635300 -4.821053505 -0.005188182 0.999951303 -0.008399783 -3.829221725 0.072593413 0.008754352 0.997323215 179.902954102
0.997319818 0.004761565 -0.073009863 -4.931723595 -0.005546742 0.999928951 -0.010555408 -3.864084721 0.072954401 0.010932086 0.997275412 181.174148560
0.997290134 0.004834916 -0.073408499 -5.032402992 -0.005562416 0.999937415 -0.009709089 -3.913988829 0.073356964 0.010091108 0.997254670 182.439315796
0.997314215 0.004815692 -0.073083498 -5.156527519 -0.005495904 0.999943435 -0.009109073 -3.941552162 0.073035486 0.009486266 0.997284234 183.722946167
0.997315228 0.005103766 -0.073051684 -5.184410095 -0.005592148 0.999963284 -0.006482454 -3.970118046 0.073015928 0.006873566 0.997307062 184.219665527
0.997423291 0.004546427 -0.071597867 -5.327715874 -0.004922329 0.999974906 -0.005074601 -4.015047550 0.071573004 0.005413953 0.997420669 185.458221436
0.997502863 0.004800641 -0.070463426 -5.416143894 -0.005242724 0.999967635 -0.006090339 -4.048892498 0.070431918 0.006444551 0.997495711 186.678115845
0.997569263 0.003688348 -0.069584891 -5.438130379 -0.004257895 0.999958634 -0.008038372 -4.052091599 0.069552362 0.008315117 0.997543633 187.428466797
0.997654676 0.003248749 -0.068371080 -5.534972668 -0.003920561 0.999945343 -0.009694085 -4.089647770 0.068335846 0.009939400 0.997612894 188.652542114
0.997760952 0.002716162 -0.066828221 -5.650523663 -0.003402772 0.999942601 -0.010162568 -4.132974625 0.066796787 0.010367213 0.997712731 189.884017944
0.997841477 0.003555589 -0.065571934 -5.740130901 -0.004166785 0.999949157 -0.009186605 -4.174492836 0.065535933 0.009439999 0.997805536 191.057357788
0.997923434 0.001870703 -0.064382970 -5.769862652 -0.002365503 0.999968231 -0.007609924 -4.185361385 0.064366683 0.007746419 0.997896254 191.709594727
0.997998357 0.003582609 -0.063137285 -5.854834080 -0.004088575 0.999960482 -0.007886373 -4.215203762 0.063106544 0.008128729 0.997973680 192.951629639
0.998066723 0.003624014 -0.062047258 -5.923669815 -0.004079556 0.999965668 -0.007216722 -4.244898319 0.062018979 0.007455895 0.998047113 193.793930054
0.998103321 0.003641151 -0.061453208 -6.006210327 -0.004098682 0.999964833 -0.007320778 -4.276562691 0.061424389 0.007558770 0.998083115 194.997619629
0.998183906 0.004162030 -0.060096525 -6.095818043 -0.004608606 0.999962807 -0.007294265 -4.309531212 0.060063928 0.007557979 0.998165905 196.225097656
0.998226166 0.003725830 -0.059418868 -6.184597492 -0.004158254 0.999965727 -0.007155550 -4.354951859 0.059390172 0.007389935 0.998207510 197.422546387
0.998281777 0.003137265 -0.058511473 -6.286214828 -0.003590798 0.999964297 -0.007647627 -4.377191544 0.058485392 0.007844589 0.998257399 198.571609497
0.998291671 0.002923277 -0.058353417 -6.258493900 -0.003350506 0.999968231 -0.007224896 -4.390810013 0.058330446 0.007408067 0.998269856 198.930572510
0.998324275 0.003148358 -0.057781205 -6.359724522 -0.003516599 0.999974072 -0.006272447 -4.431562901 0.057759959 0.006465129 0.998309612 200.088607788
0.998279750 0.002414822 -0.058579117 -6.387659073 -0.002730278 0.999982178 -0.005305714 -4.450165749 0.058565255 0.005456525 0.998268664 200.880416870
0.998261631 0.002458523 -0.058886494 -6.465790749 -0.002771953 0.999982417 -0.005241512 -4.485701561 0.058872573 0.005395632 0.998250902 201.969131470
0.998217106 0.003581916 -0.059579875 -6.548421383 -0.003953719 0.999973357 -0.006123697 -4.527633667 0.059556350 0.006348341 0.998204827 203.065750122
0.997655928 0.000338758 -0.068427928 -6.758007050 -0.000669657 0.999988317 -0.004812850 -4.646165848 0.068425491 0.004847392 0.997644365 204.223495483
0.997658849 0.000154692 -0.068385668 -6.851606369 -0.000507476 0.999986649 -0.005141407 -4.672826290 0.068383962 0.005164074 0.997645676 205.282073975
0.997528076 -0.000248503 -0.070268206 -6.920332909 -0.000108492 0.999987125 -0.005076620 -4.704580307 0.070268564 0.005071694 0.997515202 206.131027222
0.997413635 -0.000531253 -0.071872644 -6.990120888 0.000224762 0.999990761 -0.004272385 -4.726936817 0.071874253 0.004245181 0.997404635 206.961898804
0.997278392 -0.001755086 -0.073706701 -7.080784798 0.001552255 0.999994814 -0.002809062 -4.753890038 0.073711246 0.002687005 0.997275949 207.971893311
0.997093856 -0.000858142 -0.076177336 -7.129476547 0.000790069 0.999999225 -0.000923733 -4.773982525 0.076178074 0.000860864 0.997093916 208.610870361
0.996987402 -0.000367051 -0.077561580 -7.236215591 0.000322901 0.999999702 -0.000581754 -4.801887989 0.077561766 0.000554956 0.996987462 209.622543335
0.996686101 -0.000902559 -0.081337772 -7.309949875 0.000832172 0.999999225 -0.000899263 -4.824221611 0.081338510 0.000828593 0.996686220 210.388107300
0.996433616 -0.000714777 -0.084377252 -7.402700424 0.000638613 0.999999344 -0.000929647 -4.846182346 0.084377863 0.000872447 0.996433437 211.361541748
0.996213198 -0.000010124 -0.086943202 -7.422574043 -0.000050662 0.999999762 -0.000696938 -4.852877617 0.086943172 0.000698700 0.996213019 211.729843140
0.995976686 0.000511831 -0.089609921 -7.520060539 -0.000584592 0.999999583 -0.000785745 -4.879969597 0.089609459 0.000834970 0.995976627 212.640243530
0.995643556 0.000158669 -0.093241163 -7.604343414 -0.000291272 0.999998868 -0.001408530 -4.896325111 0.093240842 0.001429548 0.995642543 213.354568481
0.995288074 -0.000128310 -0.096962802 -7.692991257 -0.000118836 0.999996722 -0.002543097 -4.918332100 0.096962810 0.002542635 0.995284796 214.235549927
0.995011091 0.001109056 -0.099758692 -7.768329620 -0.001360770 0.999996126 -0.002455208 -4.929448128 0.099755570 0.002578708 0.995008647 214.792846680
0.994725108 0.001209783 -0.102568671 -7.870025635 -0.001503021 0.999995053 -0.002781703 -4.958787918 0.102564789 0.002921192 0.994722009 215.609741211
0.994449675 0.003050516 -0.105168365 -7.919775963 -0.003420145 0.999988496 -0.003334461 -4.965223312 0.105156988 0.003675645 0.994448841 216.086532593
0.994302511 0.003854177 -0.106525041 -8.009613037 -0.004229955 0.999985576 -0.003301880 -4.983308792 0.106510781 0.003733665 0.994304538 216.888076782
0.994384348 0.003631415 -0.105766237 -8.065366745 -0.003831433 0.999991179 -0.001688014 -5.003486633 0.105759174 0.002083771 0.994389594 217.324707031
0.994390488 0.003420175 -0.105715990 -8.146982193 -0.003560222 0.999992967 -0.001136054 -5.023240089 0.105711378 0.001506055 0.994395673 218.085464478
0.994440377 0.003797970 -0.105233096 -8.200293541 -0.003964501 0.999991179 -0.001373352 -5.036042690 0.105226964 0.001782913 0.994446576 218.501831055
0.994499981 0.003860743 -0.104665585 -8.288216591 -0.004208060 0.999986291 -0.003097719 -5.058207512 0.104652211 0.003521119 0.994502604 219.229660034
0.994566977 0.003875282 -0.104027092 -8.335285187 -0.004466072 0.999975204 -0.005446870 -5.067475319 0.104003407 0.005881871 0.994559586 219.647491455
0.994694471 0.004031089 -0.102794111 -8.420322418 -0.004759666 0.999965250 -0.006843447 -5.086779594 0.102762960 0.007296406 0.994679093 220.368423462
0.994825661 0.004701165 -0.101487979 -8.463567734 -0.005505868 0.999955595 -0.007650386 -5.092827320 0.101447493 0.008169578 0.994807422 220.787292480
0.994996786 0.003951955 -0.099829152 -8.548019409 -0.004654097 0.999966085 -0.006801528 -5.128916264 0.099798895 0.007232112 0.994981289 221.479690552
0.995184541 0.003645602 -0.097951069 -8.591657639 -0.004390306 0.999963105 -0.007388363 -5.132358551 0.097920500 0.007782821 0.995163798 221.906951904
0.995384693 0.003767809 -0.095892079 -8.674060822 -0.004496466 0.999962687 -0.007383774 -5.156419754 0.095860660 0.007780870 0.995364368 222.616821289
0.995562494 0.003399953 -0.094042063 -8.744526863 -0.004154893 0.999960721 -0.007833036 -5.176365852 0.094011724 0.008189011 0.995537400 223.318023682
0.995824456 0.003219786 -0.091232449 -8.767710686 -0.003880094 0.999967515 -0.007061206 -5.185658455 0.091206759 0.007385713 0.995804489 223.581100464
0.996114373 0.002321820 -0.088037841 -8.841255188 -0.002913572 0.999974072 -0.006593676 -5.200668812 0.088020250 0.006824560 0.996095181 224.277648926
0.996377647 0.001411279 -0.085026436 -8.876456261 -0.001963221 0.999977529 -0.006408148 -5.215447903 0.085015476 0.006551862 0.996358097 224.680969238
0.996614933 0.001391736 -0.082199670 -8.940105438 -0.001902639 0.999979317 -0.006137383 -5.234827995 0.082189426 0.006273004 0.996596992 225.376266479
0.996851861 0.000853360 -0.079282723 -8.974865913 -0.001397613 0.999975801 -0.006809467 -5.243588448 0.079274997 0.006898837 0.996828914 225.768066406
0.997089863 0.000546492 -0.076233603 -9.036415100 -0.001083098 0.999974906 -0.006997794 -5.264566422 0.076227874 0.007059998 0.997065425 226.453506470
0.997301936 0.001524826 -0.073394351 -9.069211006 -0.002113014 0.999966323 -0.007937086 -5.273652077 0.073379777 0.008070754 0.997271419 226.852600098
0.997487009 0.001218041 -0.070838593 -9.124544144 -0.001801483 0.999965072 -0.008172912 -5.294490337 0.070826150 0.008279989 0.997454345 227.539184570
0.997704446 0.002011799 -0.067688726 -9.158946991 -0.002532757 0.999967754 -0.007611452 -5.303978920 0.067671232 0.007765418 0.997677386 227.950103760
0.997891068 0.002539800 -0.064860247 -9.215169907 -0.003031582 0.999967337 -0.007484883 -5.316994190 0.064839117 0.007665727 0.997866213 228.641860962
0.998000860 0.001869490 -0.063171603 -9.238937378 -0.002334752 0.999970615 -0.007292027 -5.335039616 0.063156106 0.007424939 0.997976005 229.072479248
0.998103976 0.001506323 -0.061530668 -9.291303635 -0.002022624 0.999963224 -0.008329534 -5.355517864 0.061515853 0.008438194 0.998070419 229.764816284
0.998218834 0.002026343 -0.059623387 -9.316659927 -0.002698706 0.999933541 -0.011198466 -5.366377831 0.059596732 0.011339425 0.998158157 230.194168091
0.998258770 0.000705632 -0.058981277 -9.363819122 -0.001476712 0.999913931 -0.013030751 -5.386304855 0.058967002 0.013095159 0.998174071 230.905456543
0.998361826 0.001629002 -0.057193149 -9.486809731 -0.002376699 0.999912620 -0.013007578 -5.399015903 0.057166964 0.013122201 0.998278379 231.374130249
0.998353839 0.000225917 -0.057354569 -9.537080765 -0.000983633 0.999912739 -0.013183200 -5.422285080 0.057346579 0.013217915 0.998266816 232.112152100
0.998363912 0.001902977 -0.057147820 -9.564875603 -0.002688048 0.999902964 -0.013663813 -5.434149742 0.057116274 0.013795072 0.998272240 232.519134521
0.998305500 -0.000044019 -0.058191456 -9.594095230 -0.000701755 0.999917865 -0.012795354 -5.469577312 0.058187246 0.012814508 0.998223424 233.317596436
0.998364627 0.001250720 -0.057153475 -9.595129013 -0.002182608 0.999865711 -0.016245516 -5.470505238 0.057125479 0.016343692 0.998233199 233.656646729
0.998380125 -0.002789744 -0.056825723 -9.642743111 0.001747596 0.999829590 -0.018380839 -5.494032383 0.056867313 0.018251758 0.998214900 234.403244019
0.998414338 -0.005575082 -0.056013409 -9.690939903 0.004515504 0.999808788 -0.019025298 -5.513717651 0.056108762 0.018742202 0.998248696 234.830474854
0.998443842 -0.003615408 -0.055648539 -9.739814758 0.002785649 0.999883950 -0.014981029 -5.539469719 0.055696242 0.014802700 0.998337924 235.594024658
0.998510897 0.001307297 -0.054538101 -9.802507401 -0.001817416 0.999955058 -0.009304862 -5.541246891 0.054523498 0.009390123 0.998468339 236.054092407
0.998541772 0.000933765 -0.053975303 -9.848396301 -0.001280255 0.999978781 -0.006385203 -5.558090210 0.053968206 0.006444994 0.998521864 236.831726074
0.998657525 0.000077826 -0.051799007 -9.885762215 -0.000500183 0.999966800 -0.008140847 -5.585509777 0.051796656 0.008155829 0.998624325 237.603271484
0.998848915 0.000247727 -0.047966793 -9.932846069 -0.000904211 0.999906242 -0.013664993 -5.611523628 0.047958918 0.013692634 0.998755455 238.372604370
0.999056935 0.001806736 -0.043382555 -9.956872940 -0.002580976 0.999838233 -0.017797405 -5.604809284 0.043343395 0.017892592 0.998899937 238.507308960
0.999174535 0.003737296 -0.040451881 -9.998929024 -0.004451820 0.999835432 -0.017587887 -5.630176067 0.040379494 0.017753456 0.999026656 239.315353394
0.999281704 0.002469452 -0.037815176 -9.986402512 -0.003050456 0.999877989 -0.015314342 -5.648084164 0.037772745 0.015418694 0.999167442 239.782531738
0.999386013 -0.000298167 -0.035036936 -10.017360687 -0.000134862 0.999923527 -0.012356187 -5.667191505 0.035037946 0.012353323 0.999309719 240.593902588
0.999464750 -0.002527264 -0.032615207 -10.047327042 0.002151120 0.999930799 -0.011562694 -5.684845924 0.032642163 0.011486345 0.999401152 241.412719727
0.999597073 -0.001873574 -0.028322520 -10.112147331 0.001580573 0.999945045 -0.010364031 -5.697083473 0.028340384 0.010315089 0.999545217 241.751586914
0.999671400 0.001506621 -0.025589518 -10.138959885 -0.001844388 0.999911427 -0.013180978 -5.706902981 0.025567390 0.013223845 0.999585629 242.596466064
0.999736309 0.001320240 -0.022924032 -10.186006546 -0.001677673 0.999877274 -0.015579861 -5.728774071 0.022900648 0.015614213 0.999615729 243.365890503
0.999820471 0.001418797 -0.018893562 -10.249540329 -0.001703853 0.999884784 -0.015079848 -5.749479294 0.018869992 0.015109332 0.999707758 243.719970703
0.999857008 0.002467832 -0.016729908 -10.266368866 -0.002685980 0.999911487 -0.013029544 -5.776276588 0.016696276 0.013072615 0.999775112 244.535552979
0.999902785 0.004681889 -0.013133833 -10.287712097 -0.004835465 0.999920070 -0.011685981 -5.786084652 0.013078070 0.011748355 0.999845386 245.016677856
0.999931455 0.005132389 -0.010522663 -10.305515289 -0.005260116 0.999912441 -0.012146746 -5.808470726 0.010459405 0.012201264 0.999870837 245.836730957
0.999959528 0.005154167 -0.007383922 -10.320626259 -0.005247549 0.999905765 -0.012683326 -5.820235252 0.007317862 0.012721559 0.999892294 246.315612793
0.999979138 0.003907214 -0.005138153 -10.323520660 -0.003976016 0.999901533 -0.013449017 -5.841004372 0.005085100 0.013469165 0.999896348 247.159194946
0.999995351 0.000280997 -0.003038839 -10.337169647 -0.000317660 0.999927104 -0.012071183 -5.865533829 0.003035241 0.012072093 0.999922514 247.610061646
0.999997377 0.000329369 -0.002300556 -10.349019051 -0.000358579 0.999919236 -0.012707828 -5.879992485 0.002296194 0.012708619 0.999916613 248.449310303
0.999998689 -0.000662778 -0.001464467 -10.355532646 0.000644127 0.999919176 -0.012699619 -5.899605274 0.001472751 0.012698660 0.999918282 248.918289185
0.999998689 -0.001433977 -0.000711514 -10.374826431 0.001425182 0.999924481 -0.012212135 -5.932749748 0.000728960 0.012211105 0.999925196 249.742355347
0.999999285 -0.000592145 -0.001019594 -10.375805855 0.000580058 0.999930084 -0.011813461 -5.942836761 0.001026518 0.011812862 0.999929607 250.235748291
0.999998212 -0.000269701 -0.001861064 -10.377872467 0.000248715 0.999936461 -0.011267426 -5.969837666 0.001863981 0.011266944 0.999934733 251.079437256
0.999995649 -0.000088104 -0.003006947 -10.394729614 0.000049189 0.999916315 -0.012939379 -5.968766212 0.003007836 0.012939172 0.999911726 251.562149048
0.999987721 -0.000569128 -0.004925245 -10.403362274 0.000504756 0.999914646 -0.013061080 -6.008089066 0.004932260 0.013058433 0.999902487 252.401763916
0.999981344 0.001237392 -0.006001160 -10.430583954 -0.001325281 0.999891639 -0.014663396 -6.020782471 0.005982372 0.014671074 0.999874473 253.232482910
0.999970913 0.001954167 -0.007363112 -10.438720703 -0.002061664 0.999890983 -0.014620109 -6.037500381 0.007333739 0.014634864 0.999866009 253.515457153
0.999949872 0.002683736 -0.009643339 -10.453184128 -0.002830173 0.999880433 -0.015203746 -6.065545082 0.009601386 0.015230275 0.999837935 254.367965698
0.999932051 0.003300457 -0.011178460 -10.472800255 -0.003456385 0.999896586 -0.013958589 -6.085925102 0.011131234 0.013996279 0.999840021 254.800521851
0.999887824 0.003972895 -0.014443387 -10.478693008 -0.004161894 0.999905884 -0.013079158 -6.108901978 0.014390063 0.013137804 0.999810100 255.643768311
0.999816120 0.002058901 -0.019065171 -10.488449097 -0.002264032 0.999939740 -0.010744177 -6.135623932 0.019041892 0.010785365 0.999760449 256.508911133
0.999738395 0.001504674 -0.022820992 -10.530658722 -0.001706643 0.999959707 -0.008833243 -6.145027161 0.022806780 0.008869882 0.999700487 256.743560791
0.999612033 0.001426448 -0.027811047 -10.557063103 -0.001647845 0.999967217 -0.007939457 -6.164165497 0.027798802 0.007982209 0.999581635 257.554046631
0.999490261 0.000808003 -0.031912033 -10.611068726 -0.001032379 0.999974966 -0.007015266 -6.192120552 0.031905565 0.007044638 0.999466002 258.335662842
0.999326408 -0.000293574 -0.036696263 -10.619291306 0.000071865 0.999981701 -0.006042870 -6.203376770 0.036697373 0.006036162 0.999308169 258.612823486
0.999169827 0.000072621 -0.040737242 -10.668825150 -0.000342412 0.999978065 -0.006615765 -6.213785648 0.040735863 0.006624222 0.999147952 259.391845703
0.998991609 -0.001106990 -0.044882629 -10.712358475 0.000827350 0.999980092 -0.006248597 -6.247639656 0.044888653 0.006205161 0.998972714 260.139648438
0.998791993 -0.001100943 -0.049124848 -10.727092743 0.000765357 0.999976158 -0.006849566 -6.251151085 0.049131218 0.006803692 0.998769164 260.391510010
0.998591244 -0.000408241 -0.053058989 -10.768515587 0.000030843 0.999974668 -0.007113439 -6.266663551 0.053060547 0.007101781 0.998566091 261.113739014
