0.999262512 0.003224245 -0.038262784 -0.058043670 -0.003333086 0.999990523 -0.002781127 -0.008721849 0.038253453 0.002906610 0.999263823 0.285598099
0.998665214 0.002838705 -0.051574714 -0.071269438 -0.003030027 0.999988735 -0.003631771 -0.009024845 0.051563837 0.003783196 0.998662531 0.358699083
0.997685850 0.002925970 -0.067929365 -0.061846539 -0.003200228 0.999987066 -0.003928930 -0.008519979 0.067917004 0.004137228 0.997682333 0.306968838
0.996245146 0.001275206 -0.086567603 -0.099692233 -0.001585961 0.999992669 -0.003521060 -0.010464096 0.086562470 0.003645133 0.996239781 0.525407970
0.994329691 0.000200289 -0.106340967 -0.119872808 -0.000605760 0.999992669 -0.003780648 -0.011135285 0.106339432 0.003823628 0.994322479 0.617735684
0.991075695 -0.001585347 -0.133290261 -0.028002717 0.000921111 0.999986947 -0.005044886 -0.001754503 0.133296505 0.004877090 0.991064131 0.178256139
0.988171816 0.003539095 -0.153310269 -0.093209401 -0.004412002 0.999975920 -0.005353884 -0.011344937 0.153287604 0.005966963 0.988163710 0.448134840
0.983888328 0.007852273 -0.178611845 -0.118674375 -0.009176942 0.999936163 -0.006591464 -0.014173368 0.178548694 0.008124377 0.983897567 0.539358735
0.978575110 0.010527625 -0.205621406 -0.128792107 -0.012441949 0.999890447 -0.008019158 -0.014283986 0.205514446 0.010405680 0.978598833 0.565095127
0.972010911 0.010826776 -0.234685957 -0.290781915 -0.013039025 0.999884009 -0.007876729 -0.026047815 0.234573454 0.010716342 0.972039342 1.124767780
0.963855386 0.012761527 -0.266120076 -0.302603483 -0.015253348 0.999857068 -0.007298664 -0.026891675 0.265988916 0.011094077 0.963912249 1.154931784
0.954729497 0.014887546 -0.297102660 -0.397531718 -0.017464234 0.999829352 -0.006020191 -0.031706020 0.296962351 0.010936325 0.954826474 1.351777673
0.943635345 0.016611386 -0.330569685 -0.458330333 -0.019414682 0.999798119 -0.005180002 -0.031026369 0.330416918 0.011305941 0.943767369 1.464877129
0.931246221 0.018751005 -0.363907635 -0.477784544 -0.022105573 0.999742866 -0.005054999 -0.030530095 0.363719285 0.012751837 0.931421340 1.498669744
0.917425692 0.021743217 -0.397312701 -0.527857542 -0.025375046 0.999670446 -0.003885280 -0.032301769 0.397097230 0.013646287 0.917675018 1.579093695
0.901508391 0.022698283 -0.432166189 -0.552129626 -0.026824081 0.999634206 -0.003452727 -0.031785876 0.431929708 0.014705125 0.901787400 1.615518212
0.883945584 0.018654434 -0.467217505 -0.764004469 -0.023108913 0.999725699 -0.003804875 -0.032700151 0.467018306 0.014160189 0.884134293 1.922673225
0.862899661 0.013495095 -0.505195081 -0.790228844 -0.018159388 0.999825895 -0.004309200 -0.032884371 0.505048931 0.012892440 0.862994432 1.957821965
0.838463783 0.015399625 -0.544739664 -0.873201132 -0.018904584 0.999820888 -0.000833322 -0.035551380 0.544629395 0.010996787 0.838604689 2.053742409
0.809448957 0.021400288 -0.586800098 -0.918192387 -0.023912486 0.999707997 0.003473236 -0.037744656 0.586703181 0.011220446 0.809724331 2.096738815
0.779853821 0.023918362 -0.625504553 -1.258008957 -0.027433323 0.999615669 0.004021046 -0.035772666 0.625360310 0.014023844 0.780210137 2.439678669
0.744357944 0.023828765 -0.667355657 -1.318138361 -0.027326852 0.999612987 0.005212501 -0.036744252 0.667221665 0.014356764 0.744720876 2.488525152
0.706190646 0.019422181 -0.707755268 -1.557236433 -0.021213181 0.999755263 0.006268944 -0.043040186 0.707703888 0.010586670 0.706429839 2.676378250
0.663644075 0.015743196 -0.747882783 -1.631701827 -0.015608001 0.999852240 0.007197266 -0.043391794 0.747885644 0.006896531 0.663791716 2.729414463
0.618169069 0.015013868 -0.785901666 -2.042159319 -0.011787193 0.999882162 0.009830263 -0.051429134 0.785956800 0.003186810 0.618273377 3.027443171
0.570210874 0.015380395 -0.821354270 -2.135751724 -0.008810255 0.999881625 0.012607072 -0.050603949 0.821451187 0.000047649 0.570279062 3.077359676
0.540197670 0.024696451 -0.841175735 -2.832117319 -0.011645058 0.999692976 0.021872045 -0.023920499 0.841457605 -0.002019688 0.540319383 3.439949751
0.489367425 0.025438927 -0.871706486 -2.946692944 -0.010249773 0.999673188 0.023419240 -0.018296883 0.872017503 -0.002525822 0.489468247 3.482287884
0.435034066 0.028323844 -0.899968266 -3.552959442 -0.009635735 0.999594331 0.026801471 -0.004394636 0.900362372 -0.002987695 0.435130566 3.707173824
0.380630463 0.030212970 -0.924233496 -3.680458546 -0.008520316 0.999538243 0.029165713 -0.001427144 0.924687982 -0.003226595 0.380712152 3.742380142
0.325697660 0.033258699 -0.944888771 -4.331849098 -0.005992546 0.999433637 0.033112999 0.014118135 0.945454955 -0.005122536 0.325712502 3.909316063
0.272412211 0.036361333 -0.961493254 -4.481113434 -0.001073240 0.999296546 0.037486881 0.011588573 0.962179959 -0.009179973 0.272259593 3.938836098
0.221323386 0.035081938 -0.974569261 -5.157752514 0.001505599 0.999339283 0.036315512 0.035365388 0.975199223 -0.009504781 0.221124306 4.047441483
0.173806936 0.036552884 -0.984101117 -5.335420132 0.000253927 0.999309242 0.037162613 0.037683040 0.984779716 -0.006709011 0.173677623 4.063251495
0.132015735 0.036499914 -0.990575373 -6.040601730 -0.001854892 0.999329209 0.036575262 0.063195750 0.991245925 -0.002991101 0.131994873 4.098976612
0.093919888 0.035314146 -0.994953156 -6.241415024 -0.002541723 0.999375999 0.035231192 0.068363652 0.995576620 -0.000780015 0.093951024 4.105833054
0.059600521 0.032303665 -0.997699499 -6.986938477 -0.001055251 0.999477744 0.032298204 0.092253178 0.998221695 -0.000872166 0.059603486 4.118653297
0.028302822 0.029353138 -0.999168336 -7.471719265 -0.000442208 0.999569058 0.029352382 0.103713244 0.999599218 -0.000388915 0.028303608 4.108703613
0.001387907 0.027300434 -0.999626398 -7.698160172 -0.000821750 0.999626994 0.027299311 0.108030222 0.999998689 0.000783554 0.001409827 4.101706982
-0.019100891 0.024933338 -0.999506652 -8.491206169 -0.001898986 0.999686182 0.024974113 0.132107526 0.999815702 0.002375077 -0.019047555 4.064773083
-0.036259107 0.024182716 -0.999049783 -8.744105339 -0.001005183 0.999705672 0.024235077 0.138451308 0.999341905 0.001882969 -0.036224127 4.054114342
-0.048525292 0.024485238 -0.998521745 -9.549882889 0.000258416 0.999699712 0.024501566 0.159205079 0.998821914 0.000930912 -0.048517063 4.005754948
-0.058066301 0.025887150 -0.997977018 -9.831572533 0.000383470 0.999664187 0.025908604 0.162725568 0.998312593 0.001121723 -0.058056731 3.984783173
-0.065527201 0.027197912 -0.997480094 -10.629317284 -0.001885026 0.999623358 0.027380183 0.169167250 0.997848928 0.003674423 -0.065451257 3.947365522
-0.069490671 0.028089210 -0.997187078 -10.936834335 -0.002060775 0.999597371 0.028300712 0.176374793 0.997580409 0.004021613 -0.069404811 3.920855999
-0.071735986 0.028846467 -0.997006416 -11.804145813 0.000366641 0.999582350 0.028894618 0.195758998 0.997423530 0.001707241 -0.071716592 3.868946552
-0.070622966 0.030958893 -0.997022510 -12.128061295 0.002424196 0.999520600 0.030864745 0.202722982 0.997500122 -0.000237217 -0.070664160 3.845209837
-0.069628052 0.033155456 -0.997021794 -13.041554451 0.002425963 0.999450147 0.033066787 0.224219546 0.997570038 -0.000116364 -0.069670215 3.798747301
-0.067805544 0.032876916 -0.997156739 -13.390985489 0.000008337 0.999456942 0.032952189 0.231431082 0.997698605 0.002226029 -0.067768984 3.771582842
-0.066528656 0.030829828 -0.997308135 -14.297118187 -0.001171659 0.999519348 0.030976344 0.247752011 0.997783780 0.003229319 -0.066460542 3.716479301
-0.066102862 0.030367659 -0.997350633 -14.750156403 -0.001977357 0.999530792 0.030565098 0.259258866 0.997810781 0.003992558 -0.066011794 3.687611580
-0.064257994 0.033471663 -0.997371793 -15.605443954 -0.000932183 0.999434829 0.033600956 0.282295287 0.997932911 0.003088864 -0.064190492 3.651575804
-0.062695764 0.036838658 -0.997352600 -16.075355530 -0.002122618 0.999311268 0.037044443 0.291911155 0.998030424 0.004439528 -0.062574387 3.624953985
-0.061547674 0.039555307 -0.997319996 -16.965137482 -0.002955745 0.999202847 0.039812386 0.300870389 0.998099804 0.005398183 -0.061381690 3.595352650
-0.059505228 0.038592946 -0.997481644 -17.528165817 -0.005036072 0.999228179 0.038960934 0.318939567 0.998215318 0.007341770 -0.059264939 3.554234266
-0.058464728 0.036221996 -0.997632027 -18.405511856 -0.007491680 0.999297440 0.036721490 0.335136890 0.998261333 0.009620853 -0.058152288 3.513196945
-0.056419104 0.035408203 -0.997779071 -19.051593781 -0.008669678 0.999315858 0.035952959 0.356879294 0.998369455 0.010678857 -0.056073532 3.465719700
-0.055730429 0.037728041 -0.997732759 -19.900938034 -0.005672147 0.999257743 0.038102534 0.377509058 0.998429894 0.007782760 -0.055475060 3.445290327
-0.054234918 0.039515924 -0.997745991 -20.592447281 -0.003098496 0.999205172 0.039742138 0.400156468 0.998523414 0.005246924 -0.054069363 3.399570465
-0.053875495 0.041619215 -0.997679830 -21.440000534 -0.002344481 0.999122918 0.041806016 0.416590929 0.998544931 0.004591361 -0.053730667 3.371554852
-0.053306263 0.036989395 -0.997892857 -22.175437927 -0.002108612 0.999307275 0.037154466 0.432803929 0.998576045 0.004084735 -0.053191349 3.328032732
-0.053235076 0.030045839 -0.998129904 -22.967731476 -0.000833506 0.999545515 0.030132907 0.448262334 0.998581588 0.002436075 -0.053185843 3.299267292
-0.053384177 0.025557062 -0.998246908 -23.731351852 0.002961173 0.999671996 0.025435189 0.464595228 0.998569667 -0.001598145 -0.053442352 3.259726524
-0.054468483 0.026033418 -0.998176217 -24.520565033 0.003312474 0.999659300 0.025891351 0.481052041 0.998510003 -0.001896170 -0.054536164 3.233573675
-0.054388925 0.033582754 -0.997955024 -25.313846588 0.003047436 0.999435306 0.033466481 0.494775951 0.998515189 -0.001220998 -0.054460548 3.183536053
-0.054935977 0.040364705 -0.997673631 -26.113868713 0.002197348 0.999185026 0.040304855 0.518611908 0.998487473 0.000021950 -0.054979891 3.139490604
-0.056125991 0.046289254 -0.997350037 -26.943534851 0.000633109 0.998926163 0.046326779 0.527411222 0.998423517 0.001968705 -0.056095023 3.110238552
-0.056320749 0.046501707 -0.997329175 -27.743627548 -0.001315219 0.998910546 0.046649702 0.546666741 0.998411894 0.003939053 -0.056198221 3.053696156
-0.056134067 0.042595599 -0.997514188 -28.569501877 -0.000981479 0.999086678 0.042717982 0.576322854 0.998422861 0.003376973 -0.056040991 2.984369278
-0.058058795 0.040393759 -0.997495770 -29.297698975 -0.000527586 0.999179780 0.040492661 0.589645624 0.998313010 0.002877220 -0.057989858 2.989127874
-0.058076136 0.041806087 -0.997436464 -30.116199493 -0.001338659 0.999118626 0.041954536 0.609696865 0.998311281 0.003771784 -0.057968982 2.926072598
-0.059098650 0.044637952 -0.997253656 -30.852310181 -0.003746344 0.998982787 0.044937357 0.614777744 0.998245120 0.006391792 -0.058871306 2.924691677
-0.058716863 0.043260921 -0.997336864 -31.668149948 -0.005086770 0.999034643 0.043634042 0.633066237 0.998261809 0.007635277 -0.058440119 2.863334417
-0.057914857 0.037757307 -0.997607350 -32.480621338 -0.005170275 0.999259710 0.038120005 0.659899116 0.998308182 0.007365618 -0.057676774 2.794115543
-0.060710754 0.033768088 -0.997584045 -33.202449799 -0.007334333 0.999385417 0.034275420 0.668781877 0.998128474 0.009397498 -0.060425788 2.832129002
-0.059759632 0.034517001 -0.997615814 -34.034858704 -0.006870413 0.999364018 0.034989040 0.685731769 0.998189092 0.008944965 -0.059484482 2.761842012
-0.059516370 0.037494078 -0.997522891 -34.864498138 -0.006191714 0.999261260 0.037928838 0.695681632 0.998208165 0.008433761 -0.059240248 2.720171928
-0.060925141 0.042167123 -0.997251272 -35.592571259 -0.004940053 0.999082267 0.042546351 0.715553224 0.998130083 0.007518617 -0.060660906 2.734812260
-0.060081895 0.047808234 -0.997047961 -36.435108185 -0.004509045 0.998829186 0.048165366 0.737560034 0.998183250 0.007389600 -0.059795983 2.676212549
-0.060293149 0.050702207 -0.996892214 -37.249259949 -0.004933679 0.998681843 0.051091623 0.759015203 0.998168528 0.007998822 -0.059963509 2.617072105
-0.061887253 0.051017869 -0.996778429 -37.970100403 -0.003906243 0.998672724 0.051357355 0.781067610 0.998075426 0.007072025 -0.061605815 2.615678310
-0.061505269 0.046519935 -0.997022152 -38.800216675 -0.003645441 0.998896122 0.046832260 0.810035348 0.998100042 0.006515015 -0.061267778 2.554215908
-0.059604175 0.041770775 -0.997347772 -39.729686737 -0.004935270 0.999099493 0.042139091 0.841947854 0.998209894 0.007433845 -0.059344348 2.445791006
-0.061401699 0.039733008 -0.997321963 -40.313289642 -0.008471117 0.999150634 0.040327396 0.848295331 0.998077095 0.010924603 -0.061012961 2.464657307
-0.061513636 0.038179625 -0.997375786 -41.145568848 -0.011764186 0.999171019 0.038973894 0.867879808 0.998036802 0.014130740 -0.061013479 2.390986204
-0.062002908 0.035268687 -0.997452617 -41.979888916 -0.009477197 0.999309659 0.035923451 0.899452090 0.998030901 0.011680415 -0.061625853 2.329364777
-0.063484833 0.031994563 -0.997469783 -42.813461304 -0.006595820 0.999450624 0.032477893 0.904474974 0.997960985 0.008640984 -0.063238919 2.289356232
-0.065354638 0.030568853 -0.997393727 -43.437206268 -0.001945080 0.999524832 0.030761622 0.917100072 0.997860193 0.003950424 -0.065264136 2.271622181
-0.067648277 0.034476306 -0.997113347 -44.273818970 -0.001669040 0.999397457 0.034668516 0.923985422 0.997707844 0.004009488 -0.067549996 2.215300560
-0.068980724 0.040106155 -0.996811450 -45.113731384 0.001136258 0.999194086 0.040123388 0.948670805 0.997617304 0.001635106 -0.068970725 2.147870064
-0.072143756 0.044515900 -0.996400356 -45.751865387 0.001755564 0.999007642 0.044505276 0.952555895 0.997392595 0.001461533 -0.072150327 2.127546072
-0.073023677 0.043680474 -0.996373236 -46.574684143 0.001332915 0.999043882 0.043699864 0.966913819 0.997329295 0.001863043 -0.073012076 2.050122738
-0.073993377 0.040051606 -0.996454179 -47.400386810 -0.002342585 0.999183476 0.040335264 0.981584668 0.997255862 0.005318820 -0.073839128 1.969207287
-0.076404050 0.035976160 -0.996427596 -48.011154175 -0.006651941 0.999308228 0.036590226 1.002631903 0.997054696 0.009423820 -0.076111868 1.939720154
-0.077866614 0.034924667 -0.996351838 -48.830459595 -0.010326821 0.999304354 0.035835221 1.020062923 0.996910274 0.013079516 -0.077451788 1.864192963
-0.078310825 0.035934340 -0.996280968 -49.636032104 -0.012355976 0.999238551 0.037012227 1.033040404 0.996852458 0.015208486 -0.077807166 1.775672197
-0.080964014 0.037489407 -0.996011674 -50.223392487 -0.013348005 0.999162138 0.038693007 1.040244222 0.996627629 0.016427511 -0.080395751 1.768651009
-0.081561401 0.037252825 -0.995971799 -51.021629333 -0.015569572 0.999131799 0.038646016 1.056622744 0.996546686 0.018658878 -0.080910556 1.694257259
-0.081903532 0.036453221 -0.995973408 -51.833274841 -0.016302545 0.999148250 0.037910052 1.083092690 0.996506870 0.019341867 -0.081239492 1.608398438
-0.084661879 0.039054506 -0.995644093 -52.319992065 -0.017186726 0.999025702 0.040648583 1.082954168 0.996261477 0.020553250 -0.083908178 1.648388386
-0.085493311 0.041696120 -0.995465875 -53.088741302 -0.016913777 0.998919189 0.043293364 1.109377742 0.996195197 0.020538382 -0.084695674 1.593441963
-0.085804820 0.045557525 -0.995269954 -53.867729187 -0.016169420 0.998758793 0.047111232 1.138572335 0.996180713 0.020135310 -0.084961690 1.518198490
-0.087626204 0.048770081 -0.994958818 -54.331249237 -0.017350094 0.998574495 0.050475348 1.133072257 0.996002376 0.021685593 -0.086655132 1.513474941
-0.088952780 0.048757713 -0.994841754 -55.073474884 -0.016705833 0.998587608 0.050435033 1.145273805 0.995895803 0.021105999 -0.088012613 1.457325459
-0.088792324 0.045892358 -0.994992316 -55.826110840 -0.016464036 0.998733878 0.047534179 1.180592418 0.995914161 0.020602262 -0.087924339 1.379841805
-0.089047588 0.042661287 -0.995113313 -56.579433441 -0.015547888 0.998901010 0.044214968 1.199088335 0.995906115 0.019409146 -0.088286430 1.309548855
-0.088784315 0.039442312 -0.995269597 -57.293315887 -0.016506918 0.999020159 0.041063465 1.222434640 0.995914161 0.020074626 -0.088046260 1.242446423
-0.087922469 0.037355024 -0.995426714 -57.996387482 -0.017083878 0.999093115 0.039001577 1.238428473 0.995980799 0.020434866 -0.087204568 1.176480770
-0.085540019 0.036170192 -0.995677948 -58.683753967 -0.018772947 0.999104857 0.037907492 1.254672766 0.996157885 0.021934420 -0.084784433 1.109656811
-0.092837557 0.040273365 -0.994866431 -58.555557251 -0.022756753 0.998834789 0.042557590 1.212733865 0.995421231 0.026590873 -0.091812894 1.365464211
-0.087820783 0.042189129 -0.995242536 -59.200771332 -0.022153737 0.998772800 0.044293649 1.221656203 0.995889962 0.025938241 -0.086778380 1.319028378
-0.080317609 0.042428114 -0.995865881 -59.853008270 -0.020475071 0.998812497 0.044204995 1.250512004 0.996559024 0.023940865 -0.079353519 1.259222507
-0.070898265 0.044424541 -0.996493816 -60.490215302 -0.022500508 0.998682380 0.046122964 1.257465243 0.997229815 0.025691656 -0.069805264 1.200093746
-0.065588541 0.046327069 -0.996770740 -60.771278381 -0.025430199 0.998519659 0.048081685 1.270588279 0.997522593 0.028501689 -0.064313352 1.343195677
-0.050970417 0.048022378 -0.997544885 -61.358196259 -0.029097237 0.998347878 0.049547780 1.281131268 0.998276234 0.031551275 -0.049488880 1.316285133
-0.032922287 0.048526660 -0.998279095 -61.941383362 -0.030531457 0.998305678 0.049534839 1.308677554 0.998991489 0.032109719 -0.031384923 1.311945319
-0.010977812 0.050003171 -0.998688698 -62.484546661 -0.031059813 0.998249888 0.050322615 1.306932807 0.999457240 0.031571519 -0.009405509 1.314211369
0.014561772 0.050747074 -0.998605311 -63.016246796 -0.031165184 0.998249054 0.050274514 1.317658067 0.999408126 0.030389635 0.016117804 1.327618957
0.043679513 0.050092831 -0.997788906 -63.529518127 -0.030284870 0.998349547 0.048795212 1.329681396 0.998586476 0.028086558 0.045124456 1.383227110
0.068907246 0.047928236 -0.996471167 -63.460361481 -0.032550391 0.998421490 0.045771141 1.392365098 0.997091889 0.029281562 0.070358559 1.559935331
0.106468916 0.049018420 -0.993107080 -63.920783997 -0.032837011 0.998412609 0.045759905 1.395660520 0.993773699 0.027738661 0.107909523 1.636156559
0.147626907 0.048459202 -0.987855315 -64.374763489 -0.032925017 0.998486161 0.044060331 1.406192541 0.988494873 0.026020661 0.148998931 1.722521782
0.192932546 0.049653966 -0.979954839 -64.807197571 -0.032120083 0.998503029 0.044270027 1.409322023 0.980686188 0.022935100 0.194238633 1.833102226
0.242234513 0.049237140 -0.968967617 -65.232551575 -0.029543500 0.998622715 0.043358386 1.403095126 0.969767809 0.018123796 0.243355513 1.958358765
0.291367829 0.044462927 -0.955577314 -65.615539551 -0.022498585 0.998961449 0.039621480 1.405644774 0.956346452 0.009954712 0.292065561 2.139293671
0.343422472 0.039207563 -0.938362360 -66.024658203 -0.017678451 0.999221027 0.035280451 1.408431053 0.939014733 0.004472693 0.343848050 2.328145981
0.373833686 0.035883043 -0.926801324 -65.692115784 -0.010602664 0.999351323 0.034415282 1.383116722 0.927435100 -0.003039033 0.373971820 2.584270477
0.425747216 0.035311844 -0.904152811 -66.090232849 -0.011879491 0.999370277 0.033436760 1.397446036 0.904764175 -0.003494737 0.425898612 2.811698914
0.474865228 0.034354772 -0.879387736 -66.458137512 -0.010626446 0.999388814 0.033304583 1.405624270 0.879994333 -0.006470422 0.474940091 3.049219131
0.512133837 0.030295253 -0.858371139 -66.520248413 -0.002899331 0.999433041 0.033544034 1.402722597 0.858900607 -0.014690335 0.511931419 3.274614334
0.558215737 0.024672184 -0.829328954 -66.856590271 0.006345953 0.999401569 0.034003198 1.407757521 0.829671562 -0.024244001 0.557725251 3.551532745
0.602408528 0.018904611 -0.797963977 -67.192764282 0.007741212 0.999534070 0.029524108 1.418693781 0.798150301 -0.023962785 0.601981580 3.844850540
0.641359508 0.015264596 -0.767088652 -67.251846313 0.004293173 0.999715030 0.023483226 1.400931239 0.767228484 -0.018354431 0.641111195 4.025648117
0.684142232 0.007586619 -0.729309201 -67.553054810 0.000355958 0.999942303 0.010735789 1.411307812 0.729348481 -0.007604408 0.684100151 4.347925186
0.721600831 0.007971925 -0.692263365 -67.623268127 -0.006770303 0.999967098 0.004458138 1.380033255 0.692276120 0.001469839 0.721631169 4.570442200
0.761496544 0.006952331 -0.648131728 -67.915710449 -0.008917852 0.999960244 0.000248623 1.383284807 0.648107708 0.005590619 0.761528134 4.962018967
0.797980189 0.005147184 -0.602661669 -68.065162659 -0.008169709 0.999964058 -0.002277009 1.378473520 0.602628350 0.006740578 0.797993541 5.242525101
0.830916107 0.005731625 -0.556368172 -68.253852844 -0.010809486 0.999924481 -0.005842503 1.377873659 0.556292772 0.010868683 0.830915272 5.609586716
0.860263228 0.008412628 -0.509780824 -68.521392822 -0.012854648 0.999903917 -0.005191568 1.361221313 0.509688139 0.011019167 0.860288680 6.091829300
0.882866085 0.012040358 -0.469470471 -68.598243713 -0.016592622 0.999846876 -0.005560627 1.363565445 0.469331592 0.012699036 0.882930636 6.419950485
0.902656257 0.016066533 -0.430062205 -68.762924194 -0.021562595 0.999736130 -0.007908896 1.357923031 0.429821730 0.016412271 0.902764618 6.850839615
0.918097556 0.020660343 -0.395815760 -68.914169312 -0.025676589 0.999643087 -0.007378798 1.351983786 0.395521969 0.016937654 0.918300331 7.302076340
0.929913878 0.021575166 -0.367143899 -69.060073853 -0.025561890 0.999655187 -0.005999360 1.344771028 0.366887927 0.014963781 0.930144846 7.763214111
0.938723624 0.021109724 -0.344023705 -69.254158020 -0.024505928 0.999684393 -0.005526457 1.343172908 0.343798399 0.013618437 0.938944757 8.370012283
0.946158826 0.021016950 -0.323019713 -69.354316711 -0.023483695 0.999717295 -0.003740641 1.332746029 0.322849751 0.011124936 0.946384847 8.725908279
0.952005386 0.023601584 -0.305170000 -69.555778503 -0.025261609 0.999679804 -0.001491491 1.325143576 0.305037111 0.009128992 0.952296674 9.369586945
0.956163168 0.028615564 -0.291432798 -69.630599976 -0.029867651 0.999553859 0.000152531 1.314925194 0.291307151 0.008558570 0.956591249 9.770734787
0.960052550 0.032840092 -0.277885854 -69.837249756 -0.033767670 0.999428570 0.001448782 1.304692030 0.277774662 0.007992651 0.960612953 10.438329697
0.963317811 0.030523090 -0.266622007 -69.898849487 -0.031493440 0.999503851 0.000636683 1.297751427 0.266509175 0.007783520 0.963800848 10.874568939
0.966944933 0.030142238 -0.253197461 -70.080619812 -0.031168165 0.999514163 -0.000040698 1.289674640 0.253073186 0.007931055 0.967414618 11.587272644
0.969900966 0.030328253 -0.241604164 -70.115264893 -0.031256106 0.999511361 -0.000007788 1.290428400 0.241485909 0.007559153 0.970374882 12.025935173
0.973346233 0.031544775 -0.227161020 -70.293388367 -0.032383092 0.999475479 0.000036429 1.286886454 0.227043048 0.007320716 0.973857284 12.763055801
0.975933850 0.031049827 -0.215845019 -70.342254639 -0.032321427 0.999474645 -0.002363068 1.265915871 0.215658277 0.009282615 0.976424754 13.212240219
0.978307128 0.031281978 -0.204784304 -70.506675720 -0.033598743 0.999404550 -0.007845027 1.252945900 0.204416960 0.014555343 0.978775680 13.970030785
0.980068445 0.028405255 -0.196618259 -70.546348572 -0.031777982 0.999396563 -0.014019499 1.241565704 0.196101353 0.019988200 0.980379999 14.442974091
0.981507659 0.027778806 -0.189396471 -70.683517456 -0.031074295 0.999412596 -0.014452069 1.230276704 0.188883767 0.020070178 0.981794357 15.233932495
0.982510030 0.029494438 -0.183858901 -70.729904175 -0.031578302 0.999465883 -0.008415766 1.219133854 0.183512494 0.014074527 0.982916594 15.722779274
0.983364463 0.034450918 -0.178346351 -70.896553040 -0.035094839 0.999383926 -0.000455984 1.198571086 0.178220764 0.006707437 0.983967662 16.540210724
0.983759880 0.035933293 -0.175855815 -70.921546936 -0.035863865 0.999350429 0.003574016 1.179982185 0.175869972 0.002790899 0.984409451 17.021007538
0.984506845 0.034889922 -0.171839893 -71.078788757 -0.034961451 0.999385238 0.002611061 1.163002014 0.171825334 0.003437162 0.985121429 17.824254990
0.984745085 0.034033157 -0.170642510 -71.107902527 -0.034215044 0.999412715 0.001875737 1.153244615 0.170606121 0.003991417 0.985331237 18.320974350
0.985234261 0.033091724 -0.167983308 -71.246124268 -0.032823347 0.999451637 0.004374804 1.138573170 0.168035954 0.001203568 0.985780120 19.126365662
0.985516727 0.030326754 -0.166844174 -71.282279968 -0.029682640 0.999539196 0.006353459 1.131216407 0.166959956 -0.001309064 0.985962808 19.626853943
0.986036837 0.027985416 -0.164159313 -71.413673401 -0.027040856 0.999602377 0.007986216 1.124269962 0.164317563 -0.003435696 0.986401439 20.433860779
0.986313820 0.027078673 -0.162639469 -71.449195862 -0.026734060 0.999633312 0.004307486 1.113608360 0.162696466 0.000099476 0.986676216 20.923530579
0.986524403 0.029453458 -0.160941005 -71.588874817 -0.030291241 0.999537349 -0.002753905 1.100975752 0.160785422 0.007591897 0.986960232 21.716945648
0.986348331 0.029104266 -0.162080422 -71.605148315 -0.031178666 0.999461055 -0.010269225 1.086947680 0.161694214 0.015182485 0.986724019 22.200340271
0.986527681 0.029460903 -0.160920516 -71.737022400 -0.032201014 0.999376953 -0.014445862 1.068131447 0.160394683 0.019433044 0.986861587 22.983757019
0.986898363 0.031063905 -0.158325180 -71.883522034 -0.033509452 0.999356449 -0.012799632 1.046285868 0.157825679 0.017937327 0.987303972 23.781700134
0.986921847 0.032328717 -0.157923669 -71.867622375 -0.034184214 0.999374568 -0.009046454 1.034750700 0.157532424 0.014326639 0.987409890 24.137498856
0.987041056 0.036015410 -0.156373188 -71.986312866 -0.037060954 0.999305785 -0.003774786 1.014137149 0.156128675 0.009521207 0.987690806 24.901325226
0.987478733 0.032569632 -0.154353291 -72.036132812 -0.033345051 0.999440908 -0.002436636 1.005017877 0.154187635 0.007553043 0.988012731 25.412620544
0.987652719 0.028997822 -0.153951734 -72.147911072 -0.029767698 0.999553204 -0.002697467 0.989058673 0.153804734 0.007246949 0.988074720 26.181926727
0.988077104 0.028013559 -0.151389897 -72.293144226 -0.028776120 0.999581873 -0.002848128 0.970736086 0.151246816 0.007170582 0.988470018 26.985767365
0.987691939 0.025892252 -0.154253379 -72.230926514 -0.026890835 0.999628663 -0.004390326 0.955598354 0.154082417 0.008484292 0.988021553 27.313171387
0.987779975 0.023766965 -0.154031485 -72.340393066 -0.024877518 0.999676406 -0.005286165 0.934443951 0.153855994 0.009053489 0.988051772 28.089420319
0.987900019 0.022765011 -0.153411910 -72.458633423 -0.023853449 0.999701679 -0.005257773 0.918452621 0.153246447 0.008853558 0.988148272 28.856246948
0.987439573 0.024571942 -0.156074777 -72.421905518 -0.025522010 0.999665856 -0.004085916 0.902837098 0.155922234 0.008017939 0.987736821 29.252971649
0.987476647 0.024072776 -0.155917868 -72.553375244 -0.025172936 0.999670088 -0.005085041 0.890147388 0.155744031 0.008946272 0.987756908 30.042680740
0.987244546 0.023629773 -0.157448426 -72.681243896 -0.024747577 0.999680459 -0.005142522 0.872731209 0.157276616 0.008973392 0.987513781 30.826766968
0.986327231 0.017742043 -0.163840830 -72.629882812 -0.018775675 0.999812365 -0.004762210 0.848775625 0.163725615 0.007773320 0.986475229 31.272350311
0.985781550 0.019380011 -0.166910261 -72.771636963 -0.020441707 0.999780238 -0.004645041 0.830028057 0.166783571 0.007990927 0.985961080 32.079181671
0.985244691 0.023188047 -0.169574097 -72.930801392 -0.024446843 0.999686897 -0.005338864 0.819786370 0.169397205 0.009405639 0.985502958 32.891521454
0.983431876 0.015626272 -0.180603072 -72.832244873 -0.017346045 0.999818027 -0.007946879 0.760626674 0.180445999 0.010947964 0.983523965 33.296665192
0.983053505 0.015870560 -0.182630628 -73.010978699 -0.018338636 0.999761879 -0.011833079 0.750249684 0.182399318 0.014981747 0.983110428 34.135219574
0.982730627 0.015677564 -0.184376523 -73.175781250 -0.018506825 0.999735832 -0.013634082 0.740696311 0.184114069 0.016810855 0.982761145 34.946212769
0.980848134 0.012665831 -0.194361582 -73.091934204 -0.015061580 0.999827623 -0.010853354 0.698248029 0.194190606 0.013572885 0.980869889 35.281368256
0.980389655 0.011378023 -0.196739942 -73.260360718 -0.013602087 0.999857843 -0.009957012 0.673204184 0.196598694 0.012437825 0.980405092 36.115356445
0.980116785 0.010918405 -0.198120743 -73.441955566 -0.012787933 0.999884903 -0.008159274 0.654607296 0.198008865 0.010530597 0.980143666 36.960197449
0.978559256 0.006317742 -0.205869302 -73.343215942 -0.007478362 0.999960124 -0.004860016 0.655451417 0.205830425 0.006295376 0.978567421 37.272956848
0.978275299 0.006426198 -0.207210511 -73.523063660 -0.006549210 0.999978483 0.000092322 0.638200164 0.207206652 0.001266746 0.978296340 38.127777100
0.978397071 0.006163497 -0.206642821 -73.705070496 -0.005830800 0.999980450 0.002218995 0.621770263 0.206652477 -0.000966165 0.978413880 38.996109009
0.977869332 0.006879818 -0.209103167 -73.656631470 -0.006412582 0.999975204 0.002912333 0.604481936 0.209118024 -0.001506990 0.977889180 39.312870026
0.978337586 0.006501211 -0.206913471 -73.847259521 -0.006341346 0.999978781 0.001435847 0.596628308 0.206918433 -0.000092634 0.978358150 40.194080353
0.978762984 0.003959856 -0.204956457 -74.040016174 -0.004293972 0.999989986 -0.001185450 0.589967310 0.204949692 0.002040352 0.978770316 41.057285309
0.978177965 -0.002673809 -0.207751602 -73.988746643 0.002797225 0.999996006 0.000300290 0.529781818 0.207749978 -0.000874865 0.978181541 41.363769531
0.978569329 -0.003871189 -0.205881789 -74.174636841 0.003826662 0.999992549 -0.000614464 0.530856848 0.205882668 -0.000186544 0.978576660 42.223449707
0.978826523 -0.006241208 -0.204596400 -74.362579346 0.006873972 0.999973595 0.002382170 0.512309432 0.204576135 -0.003738120 0.978843510 43.081169128
0.975509107 -0.007792724 -0.219821066 -74.135620117 0.009388522 0.999936640 0.006215775 0.476995885 0.219758689 -0.008127340 0.975520432 43.541641235
0.975633442 -0.008905449 -0.219226107 -74.334320068 0.010397094 0.999930024 0.005651361 0.476765513 0.219160408 -0.007792972 0.975657701 44.395446777
0.976163685 -0.007028002 -0.216922238 -74.556808472 0.007966472 0.999962330 0.003452117 0.438288331 0.216889828 -0.005097935 0.976182759 45.245384216
0.975298285 -0.004211519 -0.220852092 -74.474205017 0.004055604 0.999991119 -0.001159415 0.419455081 0.220855042 0.000235087 0.975306511 45.534034729
0.975424826 -0.004116210 -0.220293686 -74.667846680 0.002693103 0.999973536 -0.006759980 0.407428622 0.220315650 0.006000579 0.975410163 46.376026154
0.975719631 -0.000012021 -0.219023094 -74.872749329 -0.002746771 0.999920726 -0.012291397 0.378692448 0.219005883 0.012594562 0.975642145 47.214305878
0.974568248 0.001389031 -0.224086687 -74.809730530 -0.004228872 0.999916732 -0.012193521 0.352984607 0.224051088 0.012831048 0.974492848 47.508743286
0.974702358 -0.000242833 -0.223507136 -75.011466980 -0.001295227 0.999976516 -0.006734849 0.341366798 0.223503515 0.006853966 0.974678993 48.349567413
0.974424720 0.000353151 -0.224713534 -75.196105957 0.000235629 0.999996603 0.002593308 0.323261529 0.224713668 -0.002579929 0.974421382 49.190090179
0.972423494 0.001173369 -0.233219072 -75.136825562 0.001301687 0.999944448 0.010458392 0.312340736 0.233218372 -0.010473565 0.972367942 49.489250183
0.971743882 -0.001716262 -0.236031607 -75.331642151 0.003622582 0.999964297 0.007643134 0.308116198 0.236010075 -0.008282214 0.971715271 50.313159943
0.971315622 -0.006223344 -0.237712696 -75.523765564 0.007634072 0.999958217 0.005014489 0.289864659 0.237671554 -0.006685366 0.971322536 51.125785828
0.969166398 -0.005553339 -0.246344641 -75.507225037 0.006852783 0.999966741 0.004417931 0.264283657 0.246311918 -0.005969857 0.969172180 51.433109283
0.968447149 -0.004177349 -0.249184281 -75.706649780 0.004952748 0.999984622 0.002484865 0.246432126 0.249170080 -0.003640607 0.968452871 52.229202271
0.966908276 -0.003022441 -0.255106300 -75.799308777 0.002864943 0.999995351 -0.000988967 0.236434996 0.255108148 0.000225374 0.966912448 52.703079224
0.965861082 -0.003210525 -0.259040654 -76.014602661 0.002144862 0.999988079 -0.004396401 0.221838534 0.259051681 0.003690707 0.965856493 53.493022919
0.964730859 -0.001600408 -0.263233453 -76.106590271 -0.000686149 0.999962747 -0.008594248 0.206873000 0.263237447 0.008471753 0.964693785 53.953605652
0.963848472 0.002718372 -0.266437262 -76.332458496 -0.005202889 0.999949276 -0.008619522 0.189335167 0.266400278 0.009694155 0.963813663 54.732864380
0.962037802 0.006203902 -0.272845507 -76.417320251 -0.008103653 0.999950230 -0.005836383 0.167352825 0.272795618 0.007825866 0.962040186 55.175762177
0.960964799 0.010309297 -0.276478440 -76.651100159 -0.010713225 0.999942601 0.000049460 0.148967832 0.276463062 0.002914445 0.961020112 55.941955566
0.959384978 0.009758689 -0.281931013 -76.744171143 -0.008430013 0.999946892 0.005925349 0.135309994 0.281973839 -0.003308009 0.959416389 56.389781952
0.957929790 0.010467807 -0.286811501 -76.975418091 -0.008171921 0.999924302 0.009200773 0.129086316 0.286886096 -0.006469894 0.957942843 57.140205383
0.955507159 0.010271547 -0.294788897 -77.073150635 -0.007651018 0.999920309 0.010041512 0.129888058 0.294868529 -0.007339302 0.955509603 57.533676147
0.953763604 0.007761902 -0.300457299 -77.314033508 -0.003684001 0.999893248 0.014136476 0.116509855 0.300534934 -0.012375971 0.953690410 58.283824921
0.950336039 0.009982550 -0.311065435 -77.381462097 -0.005863435 0.999882281 0.014174313 0.104332566 0.311170310 -0.011646448 0.950282812 58.673351288
0.948405147 0.013982103 -0.316752553 -77.642234802 -0.010261054 0.999857306 0.013412587 0.098228455 0.316894889 -0.009470352 0.948413432 59.414558411
0.946290314 0.015897011 -0.322927028 -77.753051758 -0.013312295 0.999859214 0.010211209 0.085252404 0.323043913 -0.005363865 0.946368754 59.784404755
0.944213033 0.013746984 -0.329048246 -78.006187439 -0.012083221 0.999901772 0.007100776 0.080013931 0.329113573 -0.002728680 0.944286346 60.522518158
0.941345751 0.015528381 -0.337085903 -78.093849182 -0.013947204 0.999877453 0.007111945 0.058803320 0.337154955 -0.001993394 0.941447020 60.870407104
0.939727306 0.018217299 -0.341439158 -78.365684509 -0.014977074 0.999814332 0.012123843 0.056876302 0.341596603 -0.006279347 0.939825654 61.595638275
0.936529100 0.021630978 -0.349921882 -78.465347290 -0.016768571 0.999716163 0.016919721 0.043118358 0.350188583 -0.009978120 0.936626077 61.968124390
0.934174120 0.021268165 -0.356182933 -78.734092712 -0.015399317 0.999695003 0.019304780 0.033951283 0.356484890 -0.012549054 0.934216857 62.681190491
0.931582749 0.019941676 -0.362981796 -78.861633301 -0.015408936 0.999762952 0.015378871 0.029785514 0.363202363 -0.008733527 0.931669474 63.032928467
0.928437173 0.015804438 -0.371153235 -79.144393921 -0.013835777 0.999872506 0.007966451 0.031205356 0.371231824 -0.002261154 0.928537488 63.731040955
0.924979210 0.013307631 -0.379784375 -79.429306030 -0.011827040 0.999910653 0.006231620 0.022814035 0.379833400 -0.001272396 0.925054014 64.414642334
0.919698060 0.015639473 -0.392314762 -79.476409912 -0.012849858 0.999870002 0.009735685 0.010380447 0.392416060 -0.003912701 0.919779480 64.613021851
0.915022969 0.017093148 -0.403039485 -79.775421143 -0.011637205 0.999804497 0.015982304 0.009588122 0.403233886 -0.009933921 0.915043056 65.300109863
0.908427536 0.022490472 -0.417436928 -79.905776978 -0.013683136 0.999616444 0.024079585 0.003276587 0.417818367 -0.016162712 0.908386767 65.665084839
0.903523982 0.023781849 -0.427877188 -80.232162476 -0.013331424 0.999535620 0.027403992 0.002605677 0.428330213 -0.019055948 0.903421283 66.342910767
0.898509085 0.026316456 -0.438165426 -80.568382263 -0.017877206 0.999566972 0.023375249 -0.003242970 0.438590825 -0.013169697 0.898590386 66.982673645
0.892847717 0.028676534 -0.449444652 -80.656715393 -0.025351956 0.999588609 0.013414980 0.011102080 0.449644417 -0.000583230 0.893207431 67.153656006
0.887050390 0.025197875 -0.460984349 -80.993453979 -0.023970900 0.999676406 0.008517252 0.016491592 0.461049736 0.003494978 0.887367368 67.795532227
0.880616784 0.027702091 -0.473018676 -81.173919678 -0.024573546 0.999616206 0.012793535 0.028506517 0.473191530 0.000357543 0.880959570 68.154205322
0.874625862 0.030289456 -0.483851522 -81.537033081 -0.023572205 0.999522865 0.019960962 0.028849840 0.484225273 -0.006052924 0.874922514 68.813049316
0.867634475 0.034438390 -0.496008486 -81.727401733 -0.025430413 0.999366403 0.024903337 0.035022020 0.496551901 -0.008993288 0.867960513 69.177726746
0.860976517 0.032008469 -0.507636607 -82.104110718 -0.023321554 0.999452651 0.023464898 0.033069372 0.508109927 -0.008363849 0.861251771 69.808578491
0.854675114 0.028836651 -0.518361807 -82.493644714 -0.022324450 0.999574125 0.018798094 0.041845679 0.518683195 -0.004494120 0.854954779 70.451782227
0.848916650 0.026342792 -0.527869880 -82.596649170 -0.023443226 0.999650836 0.012185299 0.032870531 0.528006613 0.002030668 0.849237800 70.651222229
0.844696403 0.021296009 -0.534821868 -82.999992371 -0.021304833 0.999753952 0.006160290 0.036331475 0.534821570 0.006190712 0.844942391 71.278869629
0.839993656 0.023384880 -0.542091966 -83.216430664 -0.024916086 0.999679327 0.004515884 0.027706623 0.542023778 0.009713499 0.840306997 71.629943848
0.835124612 0.028114351 -0.549341738 -83.637191772 -0.030295763 0.999527991 0.005097629 0.014662147 0.549225807 0.012385572 0.835582197 72.249786377
0.830240250 0.030326398 -0.556580186 -83.853721619 -0.031632748 0.999473214 0.007272334 0.011948645 0.556507468 0.011568375 0.830762088 72.575363159
0.825512409 0.031826645 -0.563485920 -84.289909363 -0.029103471 0.999480963 0.013815518 0.016469359 0.563633144 0.004994514 0.826010168 73.204582214
0.820625305 0.039650034 -0.570089281 -84.495063782 -0.032085877 0.999213219 0.023309261 -0.001634598 0.570564985 -0.000836354 0.821251988 73.524711609
0.816822171 0.050234731 -0.574698031 -84.955787659 -0.040321246 0.998736560 0.029991368 0.001258373 0.575478613 -0.001325076 0.817815781 74.129951477
0.812191308 0.058056064 -0.580495238 -85.184082031 -0.051454082 0.998287022 0.027848734 -0.001439333 0.581117690 0.007250351 0.813787222 74.456306458
0.808596671 0.052823156 -0.585987389 -85.625213623 -0.050427765 0.998518825 0.020425700 0.006534100 0.586198449 0.013033885 0.810062647 75.064483643
0.806127191 0.045701016 -0.589974701 -85.864379883 -0.047350787 0.998797953 0.012670573 0.013038516 0.589844644 0.017721679 0.807322145 75.377655029
0.803639174 0.046121188 -0.593326986 -86.330139160 -0.048402082 0.998754978 0.012077568 0.018340230 0.593145311 0.019012259 0.804870903 75.988418579
0.799085379 0.055170145 -0.598680854 -86.550033569 -0.055293012 0.998304367 0.018194605 0.010134220 0.598669529 0.018563827 0.800781012 76.315994263
0.795637369 0.058509804 -0.602940798 -87.030685425 -0.056103338 0.998163939 0.022828868 0.010627985 0.603169501 0.015663495 0.797459185 76.923942566
0.792390823 0.054793116 -0.607547820 -87.504096985 -0.053197101 0.998370230 0.020658324 0.013081551 0.607689679 0.015950318 0.794014394 77.540573120
0.788847089 0.053529412 -0.612253904 -87.625030518 -0.056373812 0.998302281 0.014647864 0.014162779 0.611998618 0.022960162 0.790525496 77.699348450
0.785947561 0.049385216 -0.616317630 -88.117172241 -0.056411445 0.998375058 0.008061636 0.018494964 0.615714371 0.028431347 0.787456393 78.304336548
0.781811297 0.051829498 -0.621357262 -88.349449158 -0.060479835 0.998143733 0.007160905 0.013914466 0.620575011 0.031981103 0.783494651 78.609085083
0.778725147 0.054872986 -0.624960959 -88.842407227 -0.061280791 0.998056889 0.011273466 0.015940428 0.624365151 0.029519165 0.780574620 79.217544556
0.775673628 0.057007875 -0.628554285 -89.338523865 -0.062349688 0.997962117 0.013568750 0.010795355 0.628046930 0.028665241 0.777647316 79.818962097
0.772609353 0.060435280 -0.631998658 -89.471359253 -0.066306219 0.997696280 0.014346916 0.012857556 0.631409764 0.030820889 0.774836600 79.960990906
0.769658566 0.058912840 -0.635731757 -89.968421936 -0.064976700 0.997791409 0.013799600 0.010275960 0.635140717 0.030686775 0.771786571 80.555397034
