0.999244928 0.038462657 0.005493239 -0.270207137 -0.038294960 0.998876274 -0.027923331 -0.027563801 -0.006561071 0.027691884 0.999594986 1.244053602
0.999216378 0.039559547 0.001278638 -0.270935804 -0.039505631 0.998795331 -0.029106643 -0.053010140 -0.002428544 0.029033322 0.999575496 1.973646164
0.999207735 0.039709095 -0.002670124 -0.280754566 -0.039772090 0.998744190 -0.030467736 -0.074422456 0.001456924 0.030549793 0.999532163 2.717752218
0.999126911 0.041095316 -0.007526369 -0.294962019 -0.041309379 0.998667717 -0.030923678 -0.097601846 0.006245520 0.031207589 0.999493361 3.483191252
0.999105275 0.040665228 -0.011620300 -0.312171131 -0.041010607 0.998670995 -0.031215021 -0.119971491 0.010335490 0.031663649 0.999445140 4.265282154
0.998985112 0.041852809 -0.016645117 -0.324091643 -0.042369973 0.998588204 -0.032036599 -0.154724300 0.015280799 0.032709338 0.999348104 5.044275761
0.998756945 0.045036364 -0.021360295 -0.353603065 -0.045725200 0.998410881 -0.032937929 -0.173942000 0.019842952 0.033873692 0.999229133 5.854473114
0.998630583 0.045532025 -0.025764527 -0.380655408 -0.046331476 0.998434603 -0.031333055 -0.199022472 0.024297535 0.032483853 0.999176979 6.679882526
0.998555779 0.044547968 -0.030027958 -0.408302724 -0.045402288 0.998565078 -0.028396055 -0.229613855 0.028719891 0.029718384 0.999145627 7.510656834
0.998458743 0.044368614 -0.033337373 -0.443919331 -0.045226887 0.998652577 -0.025447698 -0.260862559 0.032163374 0.026916228 0.999120057 8.350683212
0.998252869 0.045734290 -0.037411116 -0.465736926 -0.046736542 0.998559117 -0.026368953 -0.279617339 0.036151253 0.028071353 0.998951912 9.029786110
0.998296380 0.044301018 -0.037970621 -0.531983793 -0.045309711 0.998631239 -0.026129181 -0.317970634 0.036761101 0.027805105 0.998937130 10.075497627
0.998261333 0.041568696 -0.041788109 -0.546511173 -0.042694237 0.998739004 -0.026412571 -0.345242888 0.040637482 0.028150758 0.998777330 10.912755966
0.998262763 0.041072510 -0.042241767 -0.595644355 -0.042180497 0.998780012 -0.025681520 -0.373570055 0.041135438 0.027418692 0.998777211 11.807600021
0.998207867 0.039213300 -0.045201294 -0.624049366 -0.040446114 0.998825192 -0.026689518 -0.390306175 0.044101611 0.028469907 0.998621285 12.661786079
0.998061836 0.042040762 -0.045881804 -0.680217147 -0.043350801 0.998669147 -0.027940748 -0.439052165 0.044646092 0.029875610 0.998555958 13.574177742
0.997888923 0.042875566 -0.048779689 -0.719402969 -0.044444844 0.998513460 -0.031553879 -0.457067490 0.047354281 0.033655275 0.998310924 14.477717400
0.997714877 0.046497628 -0.049020685 -0.784951091 -0.048116170 0.998317063 -0.032370910 -0.500591218 0.047433000 0.034655627 0.998273075 15.371340752
0.997607648 0.047445193 -0.050278697 -0.830096483 -0.049085271 0.998284936 -0.031902544 -0.537499547 0.048678860 0.034294166 0.998225570 16.280788422
0.997506380 0.046839975 -0.052792817 -0.878333390 -0.048512436 0.998345852 -0.030855890 -0.571939766 0.051260203 0.033340055 0.998128653 17.250738144
0.997502744 0.047088526 -0.052639410 -0.941165388 -0.048645530 0.998403728 -0.028698858 -0.608446062 0.051204000 0.031187864 0.998201072 18.122673035
0.997471869 0.046900034 -0.053387523 -0.998471677 -0.048483126 0.998409986 -0.028753661 -0.643846989 0.051954091 0.031269357 0.998159826 19.047546387
0.997287035 0.046749949 -0.056858804 -1.029678941 -0.048489902 0.998384476 -0.029615810 -0.677088439 0.055382419 0.032292541 0.997942865 20.019182205
0.997376561 0.045543879 -0.056265052 -1.102573156 -0.047294874 0.998424649 -0.030190449 -0.713148296 0.054801427 0.032772295 0.997959256 20.897363663
0.997289717 0.045099664 -0.058131199 -1.140061617 -0.046838269 0.998484313 -0.028900366 -0.746620715 0.056739699 0.031544801 0.997890472 21.884344101
0.997321963 0.046202727 -0.056695711 -1.212430835 -0.047687862 0.998546183 -0.025126819 -0.780526996 0.055452358 0.027763218 0.998075366 22.790449142
0.997295082 0.047056369 -0.056465801 -1.268216610 -0.048339356 0.998597980 -0.021574100 -0.810173690 0.055371437 0.024245260 0.998171389 23.784639359
0.997471929 0.046078689 -0.054097109 -1.322475433 -0.047139969 0.998716831 -0.018508095 -0.846978664 0.053174868 0.021011442 0.998364091 24.692617416
0.997492135 0.046970040 -0.052947067 -1.380572081 -0.048026998 0.998667836 -0.018869512 -0.857685566 0.051990233 0.021365074 0.998419046 25.701576233
0.997584105 0.046998147 -0.051156390 -1.430276155 -0.048116632 0.998623967 -0.020856034 -0.901987076 0.050105799 0.023267124 0.998472869 26.612466812
0.997527182 0.048013616 -0.051323585 -1.480339408 -0.049407549 0.998433769 -0.026244573 -0.922455311 0.049983092 0.028715450 0.998337150 27.603715897
0.998437881 0.027128654 -0.048844919 -1.555151105 -0.028502557 0.999211073 -0.027654452 -0.970968902 0.048056159 0.029003456 0.998423457 28.534543991
0.998510003 0.025275070 -0.048361007 -1.605614424 -0.026576960 0.999296308 -0.026469273 -1.005040884 0.047657948 0.027715122 0.998479128 29.526479721
0.998561621 0.023438511 -0.048224214 -1.645411491 -0.024518063 0.999459028 -0.021917526 -1.036349773 0.047684412 0.023068361 0.998595953 30.490125656
0.998608828 0.018665833 -0.049316231 -1.685260415 -0.019585300 0.999642015 -0.018227294 -1.071908474 0.048958343 0.019167809 0.998616874 31.476812363
0.998668075 0.012693007 -0.050006684 -1.730311990 -0.013660676 0.999725103 -0.019056821 -1.104664207 0.049751043 0.019714568 0.998567045 32.455238342
0.998583674 0.010817309 -0.052090831 -1.776499748 -0.012032873 0.999661267 -0.023078714 -1.132214308 0.051823534 0.023672830 0.998375654 33.450183868
0.998079836 0.031181911 -0.053519614 -1.814375997 -0.032706145 0.999077022 -0.027844153 -1.166432977 0.052601986 0.029541111 0.998178542 34.453063965
0.997906983 0.032136723 -0.056114785 -1.868165255 -0.033784181 0.999018133 -0.028660804 -1.195848942 0.055138610 0.030496608 0.998012960 35.447216034
0.997848868 0.031872075 -0.057286583 -1.920691490 -0.033466063 0.999072790 -0.027083976 -1.236571670 0.056370236 0.028942870 0.997990310 36.427169800
0.998366714 0.001854109 -0.057100192 -2.012185097 -0.003195215 0.999720931 -0.023404567 -1.279394865 0.057040881 0.023548787 0.998094022 37.457664490
0.998247147 0.001484107 -0.059164841 -2.064073563 -0.002831205 0.999738514 -0.022691218 -1.297454953 0.059115686 0.022818951 0.997990251 38.468341827
0.998101890 0.016409939 -0.059357863 -2.135934353 -0.017596366 0.999654591 -0.019520553 -1.341223955 0.059016999 0.020527979 0.998045862 39.481281281
0.998018622 0.016683420 -0.060667783 -2.173453569 -0.017714925 0.999706864 -0.016504599 -1.376788020 0.060374629 0.017546622 0.998021543 40.491493225
0.997918725 0.022766944 -0.060333166 -2.257673264 -0.023685629 0.999613464 -0.014555559 -1.402693987 0.059978452 0.015954293 0.998072147 41.483158112
0.998152435 0.008854638 -0.060111199 -2.337244034 -0.009774907 0.999839246 -0.015032692 -1.428245306 0.059968442 0.015592495 0.998078465 42.527908325
0.998133779 0.008855031 -0.060420606 -2.387367964 -0.009896660 0.999807239 -0.016962213 -1.455910325 0.060258757 0.017528521 0.998028874 43.514297485
0.998155355 0.011114210 -0.059684291 -2.472331047 -0.012266953 0.999744475 -0.018982330 -1.487331867 0.059458066 0.019679461 0.998036802 44.538558960
0.998058915 0.010498470 -0.061384890 -2.520850897 -0.011675543 0.999754071 -0.018848114 -1.519857764 0.061171912 0.019528227 0.997936249 45.511798859
0.998016000 0.008664663 -0.062362023 -2.601573467 -0.009842781 0.999778271 -0.018609211 -1.530153513 0.062186956 0.019186107 0.997880042 46.534206390
0.997967541 0.009707491 -0.062980235 -2.664574862 -0.010778774 0.999802709 -0.016692393 -1.580920577 0.062805757 0.017337317 0.997875154 47.558506012
0.997872949 0.011030916 -0.064248770 -2.707998991 -0.012369238 0.999713957 -0.020469951 -1.600728035 0.064004585 0.021221116 0.997723877 48.515892029
0.997848928 0.012856200 -0.064281262 -2.808804274 -0.014463171 0.999592900 -0.024596512 -1.646556497 0.063938871 0.025473312 0.997628629 49.518547058
0.997794330 0.013557113 -0.064982094 -2.872077227 -0.015249311 0.999555528 -0.025616204 -1.681093693 0.064605929 0.026550638 0.997557580 50.516330719
0.997796834 0.012231767 -0.065205462 -2.933453321 -0.013678302 0.999669135 -0.021784231 -1.721088648 0.064917438 0.022628143 0.997633994 51.485420227
0.997833192 0.010917008 -0.064882740 -3.011370182 -0.012183199 0.999742389 -0.019151509 -1.749856949 0.064656928 0.019900486 0.997709095 52.484706879
0.997835398 0.008445344 -0.065215647 -3.080499411 -0.009660849 0.999785066 -0.018345486 -1.782629013 0.065046690 0.018935814 0.997702479 53.456779480
0.997826159 0.005167034 -0.065700091 -3.130771160 -0.006465713 0.999787629 -0.019569509 -1.812530875 0.065585017 0.019951763 0.997647524 54.374275208
0.997834742 0.002365549 -0.065728463 -3.199491501 -0.003753348 0.999772429 -0.020998769 -1.845594645 0.065663837 0.021200003 0.997616589 55.391681671
0.997754872 0.001120951 -0.066963419 -3.263216496 -0.002467105 0.999796450 -0.020023573 -1.878890395 0.066927359 0.020143820 0.997554481 56.327713013
0.997785985 -0.005228539 -0.066301011 -3.339116335 0.004152218 0.999857485 -0.016361337 -1.901211977 0.066377111 0.016049813 0.997665524 57.307163239
0.997710586 -0.006075092 -0.067355581 -3.397740364 0.005299448 0.999917626 -0.011688365 -1.921004534 0.067421034 0.011304654 0.997660518 58.246520996
0.997657537 -0.004352871 -0.068267293 -3.452417850 0.003688127 0.999944627 -0.009860327 -1.945117831 0.068306439 0.009585451 0.997618377 59.202930450
0.997598410 -0.004716683 -0.069102056 -3.527810812 0.003819958 0.999906838 -0.013103135 -1.987328053 0.069157429 0.012807700 0.997523546 60.159362793
0.997511923 -0.002522939 -0.070452571 -3.589505434 0.001036886 0.999776363 -0.021121506 -2.013855457 0.070490099 0.020995904 0.997291565 61.064449310
0.997439623 -0.001660844 -0.071494520 -3.664146423 -0.000170720 0.999672115 -0.025604604 -2.048118114 0.071513608 0.025551254 0.997112274 62.004959106
0.997372687 0.003755313 -0.072343245 -3.736970901 -0.005574630 0.999672890 -0.024962952 -2.081591606 0.072225831 0.025300654 0.997067332 62.903026581
0.997279525 0.005672805 -0.073494032 -3.809882641 -0.007349909 0.999718189 -0.022569368 -2.113565207 0.073345311 0.023048140 0.997040272 63.813735962
0.997189999 0.008944659 -0.074378155 -3.880159378 -0.010542468 0.999721408 -0.021117400 -2.151498318 0.074168570 0.021842189 0.997006476 64.685585022
0.997082591 0.009155922 -0.075778864 -3.952814579 -0.010788864 0.999717712 -0.021167485 -2.182605743 0.075563669 0.021923294 0.996899962 65.563209534
0.996972442 0.010545192 -0.077037878 -4.024897099 -0.012139444 0.999720991 -0.020255486 -2.214278460 0.076802805 0.021129357 0.996822417 66.389923096
0.996857226 0.011846145 -0.078330129 -4.100568771 -0.013432820 0.999714434 -0.019760355 -2.246543646 0.078073673 0.020750446 0.996731639 67.265701294
0.996741474 0.011481141 -0.079842471 -4.170154095 -0.013051806 0.999730766 -0.019178098 -2.276968479 0.079600796 0.020157693 0.996623099 68.088798523
0.996647179 0.011587814 -0.080994867 -4.237645149 -0.013093341 0.999750793 -0.018081592 -2.305782795 0.080765143 0.019081464 0.996550441 68.886497498
0.996494830 0.014125894 -0.082452841 -4.308029652 -0.015442798 0.999762833 -0.015355497 -2.336044788 0.082216389 0.016574977 0.996476591 69.706726074
0.996371984 0.015289322 -0.083718747 -4.375077248 -0.016296575 0.999802709 -0.011361185 -2.357640743 0.083528541 0.012684299 0.996424615 70.495979309
0.996182799 0.018939132 -0.085213631 -4.454143524 -0.019807419 0.999759972 -0.009355498 -2.388008118 0.085016005 0.011007645 0.996318758 71.276741028
0.996018171 0.021943429 -0.086407974 -4.529932976 -0.023211604 0.999636590 -0.013699371 -2.411776304 0.086075976 0.015650492 0.996165693 72.027648926
0.995824397 0.022230316 -0.088542059 -4.575150013 -0.024167290 0.999490142 -0.020864610 -2.439811707 0.088033080 0.022917306 0.995853841 72.753440857
0.995775402 0.021156514 -0.089351699 -4.663220406 -0.023632545 0.999362826 -0.026744565 -2.460103989 0.088728964 0.028743189 0.995640934 73.463317871
0.995688438 0.021406379 -0.090256572 -4.721457481 -0.023966158 0.999337912 -0.027373388 -2.497684956 0.089610852 0.029418470 0.995542228 74.159927368
0.995593727 0.024310157 -0.090565227 -4.797657967 -0.026579671 0.999359965 -0.023938006 -2.520463228 0.089925349 0.026239721 0.995602787 74.838195801
0.995475590 0.024894660 -0.091698535 -4.868305206 -0.027024698 0.999391258 -0.022060571 -2.543009758 0.091093525 0.024438886 0.995542407 75.486938477
0.995520830 0.021467324 -0.092072658 -4.942024231 -0.023912894 0.999387681 -0.025540920 -2.567880392 0.091467991 0.027628239 0.995424688 76.117118835
0.995667934 0.013274072 -0.092027687 -4.989885330 -0.016207777 0.999381542 -0.031204768 -2.581289530 0.091556557 0.032561146 0.995267391 76.721359253
0.995728016 0.009456153 -0.091849461 -5.024958611 -0.012764683 0.999288142 -0.035500839 -2.620724678 0.091448389 0.036521610 0.995139897 77.325881958
0.996003211 0.012081973 -0.088496670 -5.085915565 -0.015322067 0.999233425 -0.036025327 -2.641953468 0.087993592 0.037237298 0.995424747 77.904098511
0.996335506 0.016783684 -0.083867736 -5.148162842 -0.019616110 0.999260724 -0.033063348 -2.670281410 0.083250806 0.034587342 0.995928228 78.470710754
0.996664226 0.015224520 -0.080177277 -5.176931858 -0.017704250 0.999383748 -0.030308316 -2.689813137 0.079666443 0.031626694 0.996319652 79.036636353
0.997164726 0.011773911 -0.074322253 -5.209896088 -0.013697418 0.999582946 -0.025424160 -2.724812508 0.073991895 0.026370101 0.996910155 79.581695557
0.997780740 0.007064404 -0.066209763 -5.232893467 -0.008565540 0.999712050 -0.022416104 -2.747630119 0.066032335 0.022933479 0.997553825 80.113121033
0.998402357 0.010504520 -0.055518933 -5.256369114 -0.011806506 0.999661744 -0.023175556 -2.761148691 0.055256717 0.023794018 0.998188555 80.623367310
0.999074101 0.016045708 -0.039920315 -5.285223007 -0.016967654 0.999594569 -0.022864005 -2.796656132 0.039537273 0.023520187 0.998941243 81.130104065
0.999528110 0.020995032 -0.022420200 -5.287598610 -0.021502711 0.999512196 -0.022649113 -2.810901642 0.021933744 0.023120526 0.999492049 81.614830017
0.999807835 0.019602722 -0.000106432 -5.273728371 -0.019600237 0.999559641 -0.022277953 -2.828429461 -0.000330323 0.022275757 0.999751747 82.097869873
0.999529779 0.015963512 0.026184859 -5.243397713 -0.015395325 0.999644697 -0.021759100 -2.842644691 -0.026522910 0.021345742 0.999420285 82.556129456
0.998327613 0.014902658 0.055856101 -5.195864677 -0.013791260 0.999700189 -0.020230465 -2.864823818 -0.056140840 0.019426305 0.998233795 83.012115479
0.995936632 0.014292631 0.088915095 -5.137787819 -0.012707931 0.999750614 -0.018363411 -2.888659954 -0.089155391 0.017158862 0.995869875 83.452980042
0.991869271 0.014388011 0.126444936 -5.060112953 -0.012155282 0.999756575 -0.018411579 -2.899594784 -0.126679122 0.016724905 0.991802752 83.885780334
0.985657096 0.014629078 0.168124899 -4.964542389 -0.011611413 0.999753594 -0.018918080 -2.910969734 -0.168360248 0.016694574 0.985584199 84.311264038
0.976945519 0.014188964 0.213016689 -4.847532272 -0.010481655 0.999773502 -0.018523157 -2.933123112 -0.213231266 0.015863353 0.976872921 84.715896606
0.964979351 0.016337870 0.261816531 -4.714054108 -0.011428063 0.999729395 -0.020264557 -2.955108643 -0.262076735 0.016562823 0.964904904 85.108947754
0.949147463 0.017769385 0.314330041 -4.552385330 -0.010913365 0.999662876 -0.023558091 -2.966495275 -0.314642698 0.018929703 0.949021399 85.480148315
0.928984940 0.017864665 0.369686157 -4.370676041 -0.009044798 0.999631882 -0.025577422 -2.981410027 -0.370007008 0.020417303 0.928804517 85.840744019
0.904316068 0.018367050 0.426468104 -4.172374725 -0.007747719 0.999615490 -0.026622398 -3.002215385 -0.426793158 0.020770906 0.904110730 86.181030273
0.874778926 0.018627055 0.484164268 -3.953926086 -0.005665344 0.999585569 -0.028220622 -3.016426563 -0.484489352 0.021943843 0.874522030 86.502548218
0.840428829 0.017787728 0.541630030 -3.722061157 -0.002068512 0.999559164 -0.029616991 -3.035396576 -0.541918099 0.023770602 0.840095103 86.804084778
0.803522170 0.017099772 0.595029175 -3.442249298 0.001138961 0.999541283 -0.030262589 -3.052502871 -0.595273733 0.024994371 0.803134143 87.098197937
0.763133407 0.015289500 0.646059990 -3.168136597 0.003670704 0.999601424 -0.027992208 -3.075963974 -0.646230459 0.023733288 0.762773097 87.363685608
0.720267117 0.015575243 0.693522036 -2.871414185 0.003122859 0.999665022 -0.025693946 -3.085861206 -0.693689823 0.020672271 0.719977140 87.607330322
0.675230026 0.014372321 0.737467110 -2.559295654 0.005809102 0.999675453 -0.024801288 -3.095660210 -0.737584352 0.021030603 0.674927413 87.828994751
0.627990305 0.014480437 0.778086305 -2.247436523 0.009069121 0.999622822 -0.025922948 -3.111242771 -0.778168321 0.023335917 0.627622247 88.029617310
0.580641687 0.011857957 0.814072847 -1.911945343 0.016142003 0.999529719 -0.026072726 -3.125823021 -0.813999176 0.028279681 0.580177307 88.215393066
0.534018457 0.013724710 0.845361292 -1.572048187 0.015497107 0.999541402 -0.026017455 -3.143625259 -0.845330775 0.026994463 0.533560932 88.380386353
0.487807900 0.020211369 0.872717023 -1.267936707 0.010653783 0.999519646 -0.029102977 -3.158321857 -0.872885942 0.023494398 0.487358212 88.532951355
0.441748172 0.022030151 0.896868587 -0.926757812 0.010096991 0.999512911 -0.029524677 -3.182402134 -0.897082210 0.022098137 0.441310585 88.667846680
0.399557590 0.020322340 0.916482925 -0.553600311 0.018013278 0.999387085 -0.030013906 -3.186993599 -0.916531086 0.028501146 0.398946702 88.780616760
0.359991401 0.012242841 0.932875216 -0.179777145 0.034625273 0.999049664 -0.026473001 -3.200259686 -0.932312787 0.041831110 0.359225392 88.873153687
0.323679626 0.009230077 0.946121693 0.190036774 0.039339710 0.998956442 -0.023204111 -3.204106569 -0.945348501 0.044730850 0.322978765 88.970336914
0.290765285 0.013346191 0.956701279 0.573093414 0.037312012 0.998983979 -0.025276093 -3.219144821 -0.956066608 0.043045852 0.289971888 89.063919067
0.267012954 0.011345359 0.963626087 0.877841949 0.038633823 0.999000967 -0.022466984 -3.178888321 -0.962918222 0.043227538 0.266307890 89.062683105
0.238542736 0.015019491 0.971015871 1.276475906 0.035407417 0.999081075 -0.024151897 -3.199353695 -0.970486224 0.040142424 0.237791792 89.151496887
0.212998003 0.017309234 0.976899326 1.660400391 0.035550319 0.999043703 -0.025452806 -3.216280222 -0.976405799 0.040150471 0.212178931 89.215736389
0.189390734 0.019422384 0.981709719 2.082363129 0.042711232 0.998695076 -0.027998257 -3.226674795 -0.980972469 0.047232639 0.188314021 89.270477295
0.169597983 0.024915328 0.985198319 2.490140915 0.049667392 0.998193860 -0.033794031 -3.233190536 -0.984260976 0.054663628 0.168054223 89.313064575
0.149689749 0.032419808 0.988201439 2.932136536 0.053255104 0.997747123 -0.040799897 -3.225339651 -0.987297773 0.058734085 0.147626013 89.369972229
0.132321328 0.032640494 0.990669250 3.370468140 0.050365418 0.997945130 -0.039607421 -3.248295307 -0.989926457 0.055136375 0.130405471 89.420616150
0.116235875 0.028155813 0.992822468 3.841670990 0.047836229 0.998279452 -0.033911053 -3.278441191 -0.992069066 0.051434554 0.114689022 89.472648621
0.102255493 0.024801278 0.994448960 4.313906670 0.048137072 0.998394608 -0.029849438 -3.300346613 -0.993592739 0.050922126 0.100897461 89.510757446
0.088684030 0.022653414 0.995802164 4.818905830 0.050308455 0.998363435 -0.027192047 -3.316768885 -0.994788468 0.052508764 0.087399222 89.545753479
0.077500790 0.021645054 0.996757329 5.312222004 0.054159313 0.998196661 -0.025887363 -3.333693504 -0.995520115 0.055989977 0.076188758 89.567420959
0.067388825 0.022930317 0.997463346 5.850092888 0.057490382 0.997985661 -0.026826385 -3.342808723 -0.996069014 0.059152350 0.065934800 89.592857361
0.059462663 0.022844095 0.997969091 6.385591984 0.059304308 0.997891426 -0.026375888 -3.365933418 -0.996467352 0.060752239 0.057982530 89.616577148
0.053550851 0.023288349 0.998293459 6.969228268 0.061381467 0.997760653 -0.026568569 -3.382182837 -0.996676743 0.062699489 0.052001465 89.645553589
0.048302077 0.024181336 0.998540044 7.535958767 0.062267300 0.997689486 -0.027172776 -3.400400162 -0.996889949 0.063488893 0.046684776 89.667716980
0.042243380 0.024330562 0.998811007 8.149393082 0.062787473 0.997662783 -0.026958106 -3.423828602 -0.997132480 0.063851625 0.040616989 89.691452026
0.037958190 0.024938015 0.998968124 8.752181053 0.065435030 0.997480929 -0.027387246 -3.437352180 -0.997134626 0.066407077 0.036230747 89.706680298
0.034855593 0.025250396 0.999073446 9.393674850 0.067271851 0.997354209 -0.027553923 -3.452662230 -0.997125626 0.068169914 0.033064738 89.729087830
0.032275423 0.024268227 0.999184370 10.044009209 0.067807928 0.997348666 -0.026413959 -3.482901096 -0.997176230 0.068605147 0.030544270 89.735382080
0.029764971 0.023421796 0.999282539 10.701932907 0.070274062 0.997202575 -0.025466254 -3.505222082 -0.997083485 0.070981644 0.028035760 89.757415771
0.028730309 0.023164656 0.999318779 11.522746086 0.073244125 0.996995211 -0.025216555 -3.534441233 -0.996900082 0.073918730 0.026947303 89.785636902
0.029298972 0.022707252 0.999312758 12.218121529 0.077031635 0.996717453 -0.024906782 -3.554014206 -0.996598065 0.077708431 0.027453624 89.817871094
0.032256082 0.022662580 0.999222696 12.944385529 0.078341268 0.996609747 -0.025132267 -3.577690363 -0.996404648 0.079091042 0.030371318 89.823127747
0.036085404 0.022557016 0.999094069 13.707279205 0.080889203 0.996398926 -0.025417730 -3.601356268 -0.996069729 0.081733137 0.034130841 89.852241516
0.040619686 0.022067046 0.998930991 14.437463760 0.081564344 0.996346235 -0.025326611 -3.623286963 -0.995839953 0.082505912 0.038671389 89.875694275
0.044502094 0.020407511 0.998800933 15.219085693 0.082522623 0.996299446 -0.024033241 -3.650863409 -0.995595098 0.083493188 0.042653330 89.918937683
0.048284363 0.018540833 0.998661578 16.015495300 0.082376882 0.996347606 -0.022480719 -3.678827286 -0.995430946 0.083352096 0.046580672 89.958717346
0.052223917 0.016810244 0.998493910 16.790761948 0.079287082 0.996632159 -0.020925829 -3.689886332 -0.995482922 0.080260515 0.050715201 90.014266968
0.056437492 0.016157936 0.998275399 17.610416412 0.078341708 0.996714532 -0.020561721 -3.702429056 -0.995327830 0.079367056 0.054986227 90.066001892
0.060166426 0.016501358 0.998051941 18.422918320 0.075942732 0.996889770 -0.021060264 -3.743522406 -0.995295286 0.077061899 0.058726132 90.117500305
0.063014559 0.020063052 0.997810900 19.262397766 0.074088052 0.996945202 -0.024724511 -3.782849073 -0.995258808 0.075483866 0.061335623 90.184745789
0.064614445 0.025441747 0.997585893 20.073318481 0.067807667 0.997252584 -0.029825201 -3.813415289 -0.995603859 0.069571123 0.062711753 90.228820801
0.064248152 0.028815284 0.997517824 20.898832321 0.064359449 0.997382462 -0.032956637 -3.839740992 -0.995856404 0.066317104 0.062225439 90.303909302
0.064926982 0.028450554 0.997484386 21.745311737 0.061810803 0.997559369 -0.032476004 -3.875334501 -0.995973825 0.063763872 0.063009970 90.347640991
0.064363591 0.026991671 0.997561395 22.568965912 0.059626348 0.997744083 -0.030843761 -3.899885654 -0.996143579 0.061466165 0.062608987 90.434646606
0.064128719 0.025347322 0.997619629 23.416219711 0.060364127 0.997748375 -0.029230904 -3.942738771 -0.996114314 0.062094979 0.062454261 90.491165161
0.064606093 0.024484046 0.997610331 24.262407303 0.057661980 0.997937024 -0.028226295 -3.986090660 -0.996243477 0.059347790 0.063061006 90.529319763
0.064648017 0.025112730 0.997592092 25.071628571 0.056316115 0.997998238 -0.028772470 -4.012861252 -0.996317804 0.058040597 0.063104369 90.612136841
0.064749196 0.025426704 0.997577548 25.912351608 0.053393539 0.998154998 -0.028907008 -4.051510334 -0.996472061 0.055135906 0.063272119 90.667610168
0.063333824 0.026981642 0.997627556 26.743452072 0.050199565 0.998282909 -0.030186256 -4.085066319 -0.996729076 0.051992290 0.061870608 90.731086731
0.060354851 0.026666468 0.997820675 27.556650162 0.047006864 0.998458087 -0.029526791 -4.122501373 -0.997069538 0.048686516 0.059008278 90.789695740
0.056538910 0.025496829 0.998074710 28.395532608 0.045422602 0.998573005 -0.028082648 -4.154182434 -0.997366607 0.046922915 0.055300094 90.843719482
0.051840357 0.022925211 0.998392224 29.220384598 0.043080043 0.998754501 -0.025170408 -4.191793442 -0.997725785 0.044315618 0.050788172 90.883193970
0.045761075 0.020533301 0.998741508 30.031038284 0.041302405 0.998894930 -0.022428883 -4.224069595 -0.998098314 0.042276785 0.044862434 90.917129517
0.037363902 0.020643337 0.999088466 30.862819672 0.040964253 0.998914540 -0.022171725 -4.256895542 -0.998461783 0.041755337 0.036477707 90.966926575
0.029615883 0.021866776 0.999322116 31.699731827 0.040140040 0.998928189 -0.023047742 -4.286986351 -0.998755157 0.040795404 0.028706407 90.983055115
0.019419122 0.022468815 0.999558926 32.527954102 0.040847115 0.998894870 -0.023247454 -4.306453228 -0.998976648 0.041280542 0.018479872 91.000946045
0.010126120 0.021327114 0.999721229 33.276088715 0.042406794 0.998863935 -0.021738358 -4.350048542 -0.999049246 0.042615093 0.009210202 90.978309631
-0.000435568 0.020334922 0.999793112 34.095115662 0.041814901 0.998919189 -0.020298932 -4.380248547 -0.999125421 0.041797407 -0.001285402 90.975914001
-0.012323481 0.019353723 0.999736667 34.938297272 0.042182758 0.998932600 -0.018818183 -4.411118507 -0.999033928 0.041939743 -0.013126719 90.978599548
-0.023963809 0.019995380 0.999512792 35.756469727 0.042440753 0.998918951 -0.018965961 -4.434287071 -0.998811543 0.041965585 -0.024786523 90.971138000
-0.032523941 0.022090422 0.999226749 36.510456085 0.044715084 0.998786867 -0.020625258 -4.405591011 -0.998470128 0.044009697 -0.033472262 90.874221802
-0.042965170 0.023055755 0.998810530 37.323150635 0.044887796 0.998768687 -0.021123881 -4.435456753 -0.998067558 0.043926809 -0.043947194 90.835357666
-0.052949473 0.023736002 0.998315036 38.104953766 0.045175083 0.998750865 -0.021350332 -4.464450359 -0.997574747 0.043968473 -0.053955607 90.785636902
-0.063124917 0.024190282 0.997712553 38.925739288 0.044877511 0.998763680 -0.021376388 -4.515469551 -0.996996105 0.043425471 -0.064132489 90.755187988
-0.073347479 0.024923967 0.996994913 39.715965271 0.045173090 0.998744607 -0.021644387 -4.534420967 -0.996282935 0.043449786 -0.074381299 90.711547852
-0.081885964 0.025706206 0.996310234 40.424900055 0.046840634 0.998661876 -0.021917090 -4.541972637 -0.995540380 0.044873096 -0.082980491 90.614036560
-0.091028109 0.025403796 0.995524228 41.165618896 0.048189171 0.998615742 -0.021076400 -4.562868595 -0.994681716 0.046054941 -0.092126302 90.554916382
-0.097933032 0.023709288 0.994910538 41.950202942 0.049447283 0.998597264 -0.018929854 -4.613476753 -0.993963838 0.047341760 -0.098968007 90.476524353
-0.103566334 0.021828499 0.994383037 42.685234070 0.052622512 0.998479187 -0.016437709 -4.644529343 -0.993229508 0.050624546 -0.104557507 90.403884888
-0.106858395 0.020412076 0.994064689 43.412349701 0.055258498 0.998365939 -0.014560306 -4.661495686 -0.992737591 0.053374622 -0.107811719 90.305694580
-0.109474339 0.019541154 0.993797541 44.139072418 0.057088625 0.998279989 -0.013340548 -4.678983688 -0.992348969 0.055274088 -0.110401601 90.228157043
-0.111290395 0.018328343 0.993618846 44.832183838 0.056601852 0.998323858 -0.012075428 -4.708546638 -0.992174685 0.054896805 -0.112141266 90.148277283
-0.112193689 0.018947979 0.993505716 45.519111633 0.057822213 0.998248577 -0.012508738 -4.724303722 -0.992002606 0.056043297 -0.113092802 90.083168030
-0.111143455 0.020272359 0.993597567 46.225021362 0.058638696 0.998183787 -0.013806630 -4.737145424 -0.992072880 0.056728758 -0.112130336 89.997871399
-0.108301900 0.021775359 0.993879497 46.834819794 0.059167687 0.998128891 -0.015421030 -4.758388519 -0.992355764 0.057135418 -0.109387651 89.922515869
-0.103143610 0.021908443 0.994425118 47.454406738 0.058624808 0.998153269 -0.015909903 -4.788308144 -0.992937386 0.056656983 -0.104237497 89.858749390
-0.095225684 0.023151057 0.995186448 48.087333679 0.059876617 0.998052597 -0.017488360 -4.800675869 -0.993653417 0.057923049 -0.096426420 89.811515808
-0.083671831 0.023114271 0.996225238 48.660202026 0.059715234 0.998050630 -0.018141208 -4.818945885 -0.994702578 0.057971921 -0.084888987 89.763908386
-0.069922410 0.023711471 0.997270525 49.231346130 0.059586488 0.998031676 -0.019551734 -4.838702679 -0.995771229 0.058056746 -0.071197651 89.728431702
-0.052099533 0.026135197 0.998299778 49.700416565 0.059302945 0.997974277 -0.023031754 -4.828754425 -0.996879518 0.058002185 -0.053543884 89.737182617
-0.030827653 0.028712666 0.999112189 50.232738495 0.057379469 0.997989714 -0.026909959 -4.847512245 -0.997876346 0.056498967 -0.032413200 89.729461670
-0.005981937 0.031814404 0.999475896 50.755928040 0.055577956 0.997959375 -0.031433497 -4.872401237 -0.998436451 0.055360794 -0.007737905 89.734313965
0.022176471 0.033511557 0.999192238 51.311000824 0.053787578 0.997950554 -0.034663692 -4.899682522 -0.998306096 0.054512843 0.020328512 89.780296326
0.055618480 0.033154059 0.997901559 51.814441681 0.052161638 0.997987211 -0.036064155 -4.922984123 -0.997088552 0.054058012 0.053777166 89.818557739
0.093991026 0.031778604 0.995065749 52.330474854 0.052337304 0.997950673 -0.036814362 -4.929760456 -0.994196415 0.055539276 0.092135191 89.884140015
0.136115760 0.026594466 0.990336061 52.838066101 0.047915310 0.998293042 -0.033393823 -4.984966755 -0.989533544 0.051997669 0.134609148 89.976989746
0.181600139 0.022500288 0.983115077 53.328411102 0.045152385 0.998493016 -0.031192748 -5.002886772 -0.982335329 0.050054591 0.180310518 90.084556580
0.229912460 0.019367063 0.973018706 53.828308105 0.040214393 0.998759031 -0.029381573 -5.028175354 -0.972380042 0.045884542 0.228848308 90.237113953
0.281449080 0.017343860 0.959419429 54.307743073 0.035663702 0.998956800 -0.028520664 -5.063709259 -0.958913207 0.042243555 0.280536920 90.399894714
0.336531758 0.016960112 0.941519439 54.761051178 0.033212904 0.999001980 -0.029867027 -5.087666512 -0.941086173 0.041321792 0.335632622 90.591148376
0.390023708 0.015217653 0.920679092 55.410331726 0.032389682 0.999018073 -0.030233607 -5.156146049 -0.920234978 0.041612320 0.389147729 90.817222595
0.448179483 0.018558802 0.893750966 55.813827515 0.033362284 0.998740792 -0.037468743 -5.176934242 -0.893320799 0.046610292 0.446995914 91.077491760
0.507578075 0.022438295 0.861313522 56.284080505 0.033209745 0.998408496 -0.045580521 -5.196985722 -0.860965490 0.051739689 0.506025076 91.363159180
0.565632284 0.028959319 0.824149013 56.656501770 0.027788684 0.998146355 -0.054145329 -5.195098877 -0.824189186 0.053528365 0.563779056 91.665046692
0.620404720 0.030687677 0.783681214 56.992076874 0.022568973 0.998121738 -0.056951657 -5.230001450 -0.783957064 0.053019948 0.618546903 92.012840271
0.673154175 0.032946344 0.738767862 57.323814392 0.017832631 0.997993290 -0.060755681 -5.259687424 -0.739287257 0.054072119 0.671215892 92.367980957
0.723403692 0.028732227 0.689827204 57.662620544 0.016899986 0.998097479 -0.059294663 -5.309781075 -0.690218449 0.054552060 0.721541762 92.748886108
0.768767476 0.026012393 0.638999224 57.957927704 0.012952262 0.998334229 -0.056222815 -5.332647800 -0.639397264 0.051498760 0.767149925 93.170364380
0.809307814 0.019761458 0.587052286 58.107845306 0.015420658 0.998374641 -0.054866314 -5.350898743 -0.587182343 0.053456467 0.807687640 93.872146606
0.847085476 0.015853219 0.531220317 58.373329163 0.012077481 0.998722672 -0.049063683 -5.390069485 -0.531319499 0.047976941 0.845811903 94.323844910
0.876907587 0.012791742 0.480488807 58.548477173 0.009388705 0.998999238 -0.043730397 -5.413900852 -0.480567366 0.042858683 0.875909925 94.805389404
0.902254939 0.014687479 0.430952817 58.898441315 0.002857653 0.999194145 -0.040036816 -5.479786873 -0.431193501 0.037354935 0.901485860 96.241172791
0.922416449 0.016449168 0.385846257 59.051345825 -0.002418858 0.999318957 -0.036819778 -5.517097473 -0.386189163 0.033029858 0.921828091 96.738868713
0.938186109 0.021365739 0.345471203 59.208847046 -0.009687290 0.999323010 -0.035495836 -5.532493114 -0.345995665 0.029955020 0.937757909 97.259452820
0.950186014 0.025143133 0.310667604 59.339393616 -0.014334358 0.999211490 -0.037026715 -5.551570892 -0.311353654 0.030729046 0.949797153 97.782875061
0.959525883 0.028169341 0.280207902 59.467674255 -0.018663872 0.999158084 -0.036534142 -5.585213661 -0.281001151 0.029825695 0.959243834 98.457000732
0.965839744 0.022680994 0.258145899 59.612922668 -0.013586308 0.999224305 -0.036960524 -5.604870796 -0.258783996 0.032190684 0.965398610 98.996536255
0.969923437 0.019528450 0.242625460 59.744308472 -0.010995972 0.999274194 -0.036471948 -5.635025501 -0.243161589 0.032707091 0.969434083 99.546569824
0.972784817 0.023383273 0.230527639 59.850551605 -0.015335058 0.999210715 -0.036642514 -5.663575172 -0.231202483 0.032110121 0.972375572 100.117424011
0.974841952 0.028597664 0.221054778 59.960552216 -0.021039229 0.999113142 -0.036472306 -5.678305626 -0.221901715 0.030903911 0.974579096 100.712852478
0.975699186 0.035907127 0.216152176 60.055618286 -0.028375208 0.998880446 -0.037849568 -5.704772472 -0.217269212 0.030796420 0.975625753 101.353431702
0.976394773 0.042857405 0.211699158 60.134239197 -0.034886837 0.998539925 -0.041244831 -5.730689049 -0.213157654 0.032885727 0.976464212 101.677894592
0.976426125 0.043310877 0.211462274 60.259292603 -0.034652449 0.998408973 -0.044482723 -5.752744198 -0.213052422 0.036106408 0.976373374 102.304389954
0.975841105 0.042345118 0.214338556 60.394386292 -0.032875244 0.998327374 -0.047556911 -5.800394535 -0.215993851 0.039361559 0.975600958 102.936912537
0.976895094 0.034667816 0.210888758 59.906631470 -0.025919825 0.998690546 -0.044106051 -5.468931198 -0.212141678 0.037620794 0.976514518 99.839523315
0.975880146 0.034987614 0.215485021 60.047492981 -0.024997676 0.998490155 -0.048913162 -5.493934631 -0.216871023 0.042346764 0.975281358 100.508399963
0.974725604 0.039786346 0.219833508 60.199478149 -0.029699169 0.998356998 -0.049002670 -5.519731522 -0.221421927 0.041235283 0.974305868 101.171958923
0.973532140 0.041244138 0.224798009 60.169151306 -0.032412820 0.998556137 -0.042836979 -5.524922371 -0.226240218 0.034416847 0.973463297 101.150833130
0.972417116 0.038287424 0.230084956 60.333251953 -0.030321768 0.998815298 -0.038058396 -5.559329033 -0.231269568 0.030032059 0.972426057 101.847999573
0.971627593 0.035558190 0.233827829 60.615295410 -0.028393112 0.999020457 -0.033938784 -5.620901108 -0.234805629 0.026336756 0.971685469 102.956329346
0.970906258 0.033152293 0.237154096 60.804824829 -0.026941244 0.999205053 -0.029383920 -5.651590347 -0.237939715 0.022139808 0.971027613 103.675735474
0.970420718 0.026344202 0.239978462 60.813301086 -0.020411974 0.999422252 -0.027172374 -5.643527985 -0.240555629 0.021470198 0.970397890 103.756805420
0.970428467 0.022831200 0.240307137 60.999256134 -0.015978234 0.999409199 -0.030427646 -5.672152519 -0.240859836 0.025688168 0.970219970 104.485496521
0.970525861 0.022835026 0.239912555 61.151325226 -0.014254670 0.999197245 -0.037439335 -5.697880745 -0.240574867 0.032915968 0.970072269 105.108291626
0.970733643 0.024891105 0.238865197 61.339115143 -0.014811628 0.998926103 -0.043900203 -5.733570099 -0.239701390 0.039077424 0.970059872 105.866188049
0.971092165 0.028392827 0.237010300 61.327499390 -0.017759135 0.998742580 -0.046881385 -5.729196072 -0.238043338 0.041317049 0.970375419 106.019432068
0.971693635 0.026981983 0.234698728 61.513549805 -0.017462268 0.998941898 -0.042545859 -5.763463020 -0.235598385 0.037243173 0.971136630 106.808586121
0.972100139 0.022303693 0.233503208 61.594833374 -0.014646738 0.999298334 -0.034474667 -5.773973465 -0.234108269 0.030092776 0.971744716 107.211380005
0.972757399 0.022557084 0.230725393 61.789112091 -0.016313922 0.999448180 -0.028931169 -5.803870678 -0.231250688 0.024378965 0.972588718 108.030838013
0.973029971 0.026751801 0.229122326 62.025070190 -0.020485148 0.999349356 -0.029686021 -5.869482517 -0.229767367 0.024191787 0.972944975 109.011985779
0.973322868 0.032016873 0.227194801 62.200752258 -0.024818931 0.999097526 -0.034468859 -5.903915882 -0.228093356 0.027910594 0.973239124 109.843887329
0.974309504 0.032462113 0.222861260 62.244026184 -0.024299880 0.998933077 -0.039270528 -5.883901596 -0.223898247 0.032846149 0.974058867 110.061523438
0.975171208 0.031324796 0.219226003 62.426635742 -0.022616360 0.998856425 -0.042121623 -5.924115658 -0.220294759 0.036117699 0.974764466 110.924964905
0.976045012 0.029147275 0.215607256 62.632827759 -0.020808021 0.998948693 -0.040847719 -5.980090618 -0.216571167 0.035382852 0.975625455 111.891616821
0.976925611 0.025327099 0.212073058 62.833625793 -0.017442783 0.999088287 -0.038966317 -6.018800735 -0.212866604 0.034368046 0.976476610 112.777618408
0.977311492 0.023992702 0.210444406 62.989253998 -0.016771406 0.999209881 -0.036032610 -6.058537960 -0.211142674 0.031685632 0.976941526 113.539726257
0.977642357 0.020650521 0.209258422 63.184349060 -0.013835367 0.999326766 -0.033979896 -6.091407299 -0.209819242 0.030325018 0.977269769 114.441444397
0.977823853 0.015889091 0.208825424 63.352787018 -0.009291965 0.999427438 -0.032534786 -6.128502846 -0.209222779 0.029872887 0.977411509 115.220932007
0.977877975 0.016863396 0.208495170 63.536403656 -0.010633322 0.999463975 -0.030966012 -6.169403076 -0.208905563 0.028063981 0.977532983 116.121681213
0.977833629 0.022096764 0.208214253 63.665378571 -0.015661815 0.999348819 -0.032503676 -6.187498569 -0.208796933 0.028522175 0.977542937 116.718002319
0.977598250 0.027249277 0.208708525 63.845249176 -0.020113278 0.999140739 -0.036237888 -6.216303825 -0.209516644 0.031228280 0.977306306 117.626724243
0.977164209 0.036103647 0.209395885 64.013267517 -0.028892243 0.998882651 -0.037397329 -6.261822224 -0.210512146 0.030493420 0.977115571 118.447463989
0.976215959 0.042158306 0.212661862 64.195465088 -0.035081849 0.998701513 -0.036941741 -6.306209564 -0.213943124 0.028602544 0.976427317 119.369560242
0.975422263 0.044642441 0.215773806 64.381416321 -0.037946045 0.998663843 -0.035080113 -6.345734596 -0.217051581 0.026030162 0.975813091 120.293029785
0.974920988 0.045272738 0.217897817 64.561035156 -0.038407426 0.998626292 -0.035642125 -6.386703014 -0.219212145 0.026379351 0.975320578 121.087524414
0.974484682 0.043462239 0.220206395 64.760276794 -0.035844311 0.998616397 -0.038474713 -6.432835579 -0.221573964 0.029599864 0.974694252 122.009368896
0.974444389 0.037735913 0.221436948 64.974456787 -0.030191133 0.998845756 -0.037359517 -6.471512794 -0.222591206 0.029719338 0.974458814 122.936103821
0.974729478 0.030881317 0.221244380 65.136474609 -0.022965237 0.999003768 -0.038263876 -6.504973412 -0.222205624 0.032215990 0.974467456 123.585662842
0.974368274 0.030058343 0.222941801 65.342247009 -0.022049623 0.999021947 -0.038326133 -6.552169800 -0.223875746 0.032427978 0.974078119 124.508087158
0.973977625 0.032086618 0.224361807 65.557853699 -0.024683459 0.999056756 -0.035724562 -6.587315559 -0.225296482 0.029256886 0.973850965 125.430191040
0.973630071 0.034585860 0.225495666 65.725143433 -0.028584721 0.999146342 -0.029824924 -6.630666256 -0.226334691 0.022592712 0.973787546 126.233268738
0.973327994 0.037766971 0.226287916 65.934585571 -0.032788415 0.999131262 -0.025720691 -6.673455715 -0.227062762 0.017615046 0.973720849 127.145950317
0.973071396 0.037098601 0.227499023 66.146850586 -0.030505661 0.999008358 -0.032429297 -6.713260651 -0.228476539 0.024616012 0.973238170 128.057357788
0.973287582 0.032945331 0.227213264 66.325134277 -0.022969715 0.998658299 -0.046410114 -6.760198116 -0.228437468 0.039951358 0.972738504 128.832885742
0.973544598 0.030463887 0.226457253 66.545715332 -0.018281156 0.998280168 -0.055701353 -6.804470062 -0.227764621 0.050087854 0.972427130 129.723754883
