0.999093652 0.001866417 -0.042525228 0.058911912 -0.002007260 0.999992669 -0.003269532 -0.002518814 0.042518813 0.003351928 0.999090016 0.092096835
0.998484433 0.001813691 -0.055007428 -0.039390456 -0.002054637 0.999988556 -0.004324011 -0.002346308 0.054998953 0.004430478 0.998476565 0.321522593
0.997436047 0.001625463 -0.071544938 -0.020063985 -0.001967102 0.999987006 -0.004704962 -0.000389229 0.071536362 0.004833635 0.997426271 0.154698774
0.995858073 0.000201039 -0.090920605 0.020755267 -0.000580088 0.999991238 -0.004142603 -0.004241238 0.090918966 0.004178186 0.995849550 0.308627754
0.993676901 -0.001528555 -0.112266943 0.174172342 0.001025111 0.999989271 -0.004541929 -0.000625761 0.112272650 0.004398123 0.993667722 0.124537744
0.991104305 -0.001375433 -0.133080244 -0.048974097 0.000730125 0.999987662 -0.004897689 -0.003421142 0.133085340 0.004756956 0.991093159 0.309371233
0.987728417 0.002321121 -0.156164154 -0.095291011 -0.003338395 0.999974906 -0.006252175 -0.006792962 0.156145722 0.006696789 0.987711310 0.516607761
0.983127713 0.006322564 -0.182811320 -0.034159094 -0.007793985 0.999942780 -0.007331495 -0.010842429 0.182754517 0.008632625 0.983120501 0.470534652
0.977490544 0.008674175 -0.210800871 0.047163241 -0.010699643 0.999906898 -0.008469754 -0.014757240 0.210707799 0.010534599 0.977492273 0.499865949
0.970734656 0.009109785 -0.239981785 0.157729819 -0.011579425 0.999893486 -0.008882903 -0.013058217 0.239875302 0.011401790 0.970736742 0.388345718
0.962397933 0.010901269 -0.271424979 0.132497549 -0.013776182 0.999867320 -0.008688763 -0.013272251 0.271294236 0.012101246 0.962420404 0.450375825
0.952583134 0.012507962 -0.304021180 0.228309304 -0.015463260 0.999853671 -0.007314969 -0.016334584 0.303885221 0.011669275 0.952637196 0.434251755
0.940881550 0.014452453 -0.338427186 0.196412385 -0.017633935 0.999824464 -0.006327888 -0.016841650 0.338276327 0.011921597 0.940971255 0.500026226
0.928503692 0.016841220 -0.370941103 0.133260369 -0.020468375 0.999773443 -0.005843408 -0.018625595 0.370758682 0.013018191 0.928638041 0.602558911
0.914415240 0.019672295 -0.404299080 0.087533146 -0.023586668 0.999710739 -0.004702968 -0.021031320 0.404089659 0.013836536 0.914614797 0.672884285
0.898298502 0.020472893 -0.438908547 0.029505074 -0.024903953 0.999680459 -0.004339939 -0.020175163 0.438679367 0.014829125 0.898521304 0.757831812
0.879922271 0.015961777 -0.474849522 -0.023502171 -0.021002391 0.999765277 -0.005312079 -0.018907610 0.474653274 0.014647195 0.880051017 0.829747081
0.855099201 0.008448990 -0.518395603 0.681819320 -0.014461393 0.999866843 -0.007558051 0.001144778 0.518262744 0.013959606 0.855107546 0.521583378
0.829874873 0.010130986 -0.557857573 0.603128910 -0.015132673 0.999875963 -0.004353248 -0.002230080 0.557744384 0.012054527 0.829925299 0.604644001
0.799710155 0.015493698 -0.600186348 0.630046666 -0.019898739 0.999801755 -0.000704108 -0.004802251 0.600056469 0.012506034 0.799859881 0.677662313
0.765932560 0.018312374 -0.642659962 0.840959430 -0.023095870 0.999732792 0.000961004 -0.003874310 0.642505765 0.014106728 0.766150951 0.671396434
0.729810834 0.017851051 -0.683415949 0.530631959 -0.022800220 0.999738455 0.001765443 -0.009103376 0.683268845 0.014293600 0.730026960 0.839936137
0.689629853 0.013546512 -0.724035323 0.408009261 -0.017040040 0.999851763 0.002476656 -0.008005647 0.723961473 0.010629611 0.689758599 0.931510806
0.642463386 0.009453184 -0.766258061 1.020970106 -0.011255967 0.999932468 0.002898499 0.004921156 0.766233683 0.006762796 0.642526388 0.978969693
0.597192228 0.009010535 -0.802047670 0.818490148 -0.009022986 0.999949098 0.004515469 0.005609472 0.802047372 0.004540262 0.597243011 1.090818644
0.545624673 0.009504096 -0.837975621 1.674070835 -0.005770893 0.999954581 0.007583661 0.021479920 0.838009715 0.000698036 0.545654714 1.246353388
0.494159192 0.009855042 -0.869315624 1.479857922 -0.004137824 0.999951005 0.008983869 0.024446364 0.869361639 -0.000842385 0.494175762 1.324523687
0.439524204 0.011188289 -0.898161054 1.248126388 -0.002846269 0.999934733 0.011063224 0.032635815 0.898226142 -0.002306147 0.439527422 1.474164963
0.384090245 0.013626255 -0.923195004 0.870364189 -0.001488502 0.999898911 0.014139115 0.029611131 0.923294365 -0.004056518 0.384071648 1.569969416
0.328680247 0.015214284 -0.944318712 0.607595682 -0.001813623 0.999878585 0.015478178 0.036524445 0.944439530 -0.003374733 0.328667939 1.621325135
0.272779375 0.018917058 -0.961890578 0.254849732 0.001016297 0.999800384 0.019950822 0.030386299 0.962076068 -0.006419738 0.272705674 1.689364076
0.218721926 0.020656798 -0.975568533 0.020160764 0.005116031 0.999737859 0.022315571 0.033751398 0.975773752 -0.009871947 0.218558893 1.742332935
0.167885035 0.021086708 -0.985581160 -0.272483468 0.007040477 0.999719977 0.022588503 0.034002766 0.985781491 -0.010731230 0.167689592 1.762251377
0.119692221 0.022199079 -0.992562830 -0.431280643 0.005046645 0.999723434 0.022967802 0.044827178 0.992798209 -0.007758179 0.119547062 1.805937886
0.076993167 0.022148630 -0.996785700 -0.690605879 0.003286340 0.999742150 0.022468168 0.058858976 0.997026205 -0.005005673 0.076900549 1.820173025
0.038817849 0.020271983 -0.999040604 -0.862998545 0.001760383 0.999791265 0.020355612 0.076521263 0.999244750 -0.002548855 0.038774054 1.836506248
0.003978985 0.017672330 -0.999835908 -0.981507301 0.003258424 0.999838293 0.017685335 0.088127732 0.999986768 -0.003328259 0.003920761 1.852560639
-0.027412295 0.014922393 -0.999512851 -1.430037260 0.003727199 0.999883175 0.014825702 0.090637170 0.999617279 -0.003318976 -0.027464712 1.818599701
-0.053840850 0.013126547 -0.998463213 -2.195987225 0.002488167 0.999912381 0.013011424 0.084417418 0.998546422 -0.001783797 -0.053868782 1.742535949
-0.074866116 0.010437598 -0.997138977 -2.376755238 0.002511465 0.999944031 0.010278397 0.102071375 0.997190416 -0.001734776 -0.074888140 1.723682761
-0.091073401 0.009566865 -0.995798230 -2.870753527 0.002584331 0.999952734 0.009370424 0.109521955 0.995840847 -0.001720075 -0.091093823 1.665013433
-0.104106329 0.010088793 -0.994514942 -3.350864172 0.003987053 0.999944746 0.009726509 0.114665173 0.994558096 -0.002952593 -0.104140803 1.603780627
-0.113606423 0.011083702 -0.993463993 -3.879206181 0.002666992 0.999937534 0.010850945 0.113214955 0.993522167 -0.001416823 -0.113628894 1.533014894
-0.120313242 0.012430301 -0.992658138 -4.421920300 0.000531536 0.999922276 0.012456840 0.109414786 0.992735863 0.000971089 -0.120310485 1.457350731
-0.124702401 0.013450763 -0.992102981 -4.978734493 0.000748520 0.999909043 0.013462511 0.111190103 0.992193937 0.000936198 -0.124701127 1.381980777
-0.126015723 0.014390731 -0.991923869 -5.449084282 0.002814066 0.999895871 0.014148885 0.114362702 0.992024243 -0.001008357 -0.126043096 1.318188548
-0.125004157 0.016593836 -0.992017388 -6.144222736 0.005038172 0.999857843 0.016090129 0.119352490 0.992143452 -0.002986622 -0.125069976 1.232074022
-0.123550668 0.018928975 -0.992157817 -6.650262833 0.004128112 0.999819219 0.018561089 0.121323287 0.992329657 -0.001802504 -0.123606481 1.167126894
-0.121618494 0.018886255 -0.992397189 -7.203158379 0.001518854 0.999821365 0.018841406 0.121192843 0.992575824 0.000784157 -0.121625431 1.092104912
-0.119897917 0.016456397 -0.992649794 -7.098625660 0.000387782 0.999863327 0.016529141 0.134494632 0.992786169 0.001596879 -0.119887918 1.083284855
-0.119058058 0.016179426 -0.992755592 -8.370458603 0.000029807 0.999867201 0.016291758 0.138716280 0.992887318 0.001910074 -0.119042754 0.943346679
-0.117192708 0.018859142 -0.992930114 -8.809474945 0.000159553 0.999819994 0.018971169 0.149523780 0.993109167 0.002064860 -0.117174625 0.888507724
-0.115346178 0.022388974 -0.993072987 -9.321719170 -0.000924047 0.999743104 0.022646679 0.156792790 0.993324935 0.003529854 -0.115295880 0.825533390
-0.113685660 0.024480464 -0.993215144 -10.032889366 -0.001320365 0.999691784 0.024791231 0.159832597 0.993515909 0.004129814 -0.113618292 0.742246985
-0.111630224 0.023779500 -0.993465245 -10.758504868 -0.002782716 0.999702275 0.024241464 0.169078946 0.993745923 0.005470612 -0.111530811 0.649183869
-0.109601960 0.020694224 -0.993760109 -11.145378113 -0.005409481 0.999755979 0.021415696 0.184254467 0.993960857 0.007722928 -0.109463260 0.586352825
-0.108042255 0.020046439 -0.993944108 -11.903474808 -0.006142586 0.999764144 0.020831523 0.196407109 0.994127333 0.008356072 -0.107893638 0.498013496
-0.106807187 0.022357190 -0.994028389 -12.674015045 -0.003570547 0.999732077 0.022869131 0.208836615 0.994273305 0.005991812 -0.106698737 0.420465708
-0.105507471 0.024418060 -0.994118631 -13.395347595 -0.001119743 0.999694884 0.024673864 0.217756361 0.994417846 0.003716434 -0.105447933 0.342813849
-0.104171008 0.026360139 -0.994209945 -14.232118607 -0.000763677 0.999646306 0.026584286 0.221345127 0.994559050 0.003528567 -0.104114033 0.250419021
-0.103773162 0.021707304 -0.994364083 -15.232181549 -0.000276886 0.999761105 0.021854015 0.223921120 0.994600892 0.002543186 -0.103742369 0.150414586
-0.103290193 0.014567314 -0.994544685 -15.972399712 0.000786960 0.999893546 0.014563932 0.229796737 0.994650900 0.000721645 -0.103290685 0.069833636
-0.103541650 0.010362389 -0.994571090 -16.610195160 0.004161034 0.999941468 0.009985151 0.239433810 0.994616389 -0.003104565 -0.103578702 0.001681447
-0.103922173 0.010697385 -0.994527876 -17.364957809 0.005076290 0.999934733 0.010225102 0.247603491 0.994572520 -0.003985897 -0.103969708 -0.080340147
-0.103914186 0.018744864 -0.994409621 -18.256528854 0.004604048 0.999820650 0.018365754 0.240019321 0.994575739 -0.002669847 -0.103981845 -0.180153489
-0.104315467 0.025648996 -0.994213521 -19.029016495 0.003222972 0.999670863 0.025451619 0.248877913 0.994539022 -0.000549324 -0.104363799 -0.262786746
-0.104743093 0.030867238 -0.994020164 -19.915033340 0.001563847 0.999522090 0.030873304 0.256198198 0.994498014 0.001679270 -0.104741327 -0.365530372
-0.105329499 0.030952239 -0.993955612 -20.686264038 0.000398301 0.999516785 0.031083208 0.266397208 0.994437337 0.002878085 -0.105290920 -0.450942278
-0.105083920 0.027771233 -0.994075477 -21.487861633 0.000195171 0.999610543 0.027905231 0.274076253 0.994463325 0.002738377 -0.105048403 -0.555375576
-0.105563089 0.024697701 -0.994105875 -22.260540009 0.000576310 0.999692857 0.024775308 0.288096339 0.994412422 0.002042445 -0.105544880 -0.643303275
-0.105595335 0.026253980 -0.994062543 -23.140306473 -0.001753609 0.999644935 0.026587695 0.291214824 0.994407654 0.004550734 -0.105511785 -0.746451139
-0.105305254 0.028580843 -0.994029164 -23.913015366 -0.002697757 0.999574959 0.029026095 0.296481013 0.994436324 0.005738250 -0.105183408 -0.840072036
-0.105518214 0.027057843 -0.994049132 -24.765417099 -0.003012274 0.999616385 0.027529135 0.306187481 0.994412780 0.005899174 -0.105396248 -0.924952984
-0.104696780 0.021658026 -0.994268298 -25.532953262 -0.004059294 0.999745131 0.022204772 0.316125333 0.994495869 0.006360795 -0.104582198 -1.019562840
-0.104931623 0.017373696 -0.994327664 -26.168754578 -0.005034297 0.999825239 0.018001027 0.335290730 0.994466722 0.006894617 -0.104825810 -1.091268182
-0.104885176 0.017766120 -0.994325638 -26.923660278 -0.004726386 0.999820173 0.018362854 0.347238362 0.994473159 0.006625557 -0.104782365 -1.165667176
-0.104211032 0.020810358 -0.994337380 -27.820322037 -0.003801337 0.999765456 0.021322351 0.333426446 0.994547963 0.006001837 -0.104107492 -1.262125611
-0.103819080 0.025237367 -0.994275928 -28.588285446 -0.002747918 0.999666929 0.025661133 0.347071826 0.994592428 0.005396304 -0.103715174 -1.344786406
-0.103042930 0.031294663 -0.994184434 -29.343997955 -0.002747426 0.999492228 0.031746496 0.346293151 0.994673133 0.006002699 -0.102904618 -1.425423384
-0.102971472 0.034198802 -0.994096160 -30.295639038 -0.002592319 0.999396145 0.034649644 0.368033767 0.994680941 0.006144939 -0.102820620 -1.536421657
-0.102976039 0.034341350 -0.994090855 -31.039684296 -0.001900753 0.999395192 0.034721483 0.375244737 0.994682014 0.005465002 -0.102848500 -1.609975815
-0.103001505 0.029768540 -0.994235635 -31.925239563 -0.002182161 0.999542773 0.030153515 0.391111195 0.994678736 0.005275440 -0.102889456 -1.701501369
-0.102439173 0.025595466 -0.994409859 -32.696361542 -0.003508174 0.999653339 0.026091821 0.395555735 0.994733095 0.006161388 -0.102313846 -1.789858460
-0.101984516 0.022747219 -0.994525909 -33.468940735 -0.007115773 0.999696255 0.023595173 0.404428184 0.994760513 0.009483164 -0.101791702 -1.883578062
-0.102091745 0.021171136 -0.994549692 -34.167324066 -0.010650937 0.999692798 0.022373956 0.410555094 0.994717956 0.012877082 -0.101834916 -1.997033000
-0.102722391 0.018785691 -0.994532645 -34.928592682 -0.008298292 0.999770582 0.019741740 0.417854071 0.994675338 0.010280841 -0.102542959 -2.079127312
-0.103939936 0.015413266 -0.994464159 -35.713428497 -0.004795076 0.999860525 0.015998080 0.417195678 0.994571984 0.006431371 -0.103851527 -2.161633015
-0.104839623 0.014131522 -0.994388759 -36.617359161 -0.000516511 0.999898136 0.014264273 0.419485003 0.994489014 0.002009074 -0.104821660 -2.249725819
-0.106686600 0.017974136 -0.994130254 -37.390216827 -0.000702089 0.999834955 0.018152630 0.414053887 0.994292498 0.002634610 -0.106656373 -2.335076332
-0.108518429 0.023965623 -0.993805528 -38.251750946 0.002069113 0.999712646 0.023882134 0.420936048 0.994092286 0.000535357 -0.108536832 -2.429738522
-0.110320009 0.027632166 -0.993512034 -39.025497437 0.003702349 0.999617934 0.027390882 0.425142229 0.993889272 -0.000656565 -0.110380173 -2.517876625
-0.111760110 0.027094828 -0.993365765 -39.796142578 0.003759395 0.999632537 0.026842803 0.423016906 0.993728101 -0.000734499 -0.111820899 -2.611469746
-0.113010056 0.023019154 -0.993327141 -40.684593201 0.000726489 0.999733269 0.023084953 0.424935997 0.993593514 0.001887191 -0.112996638 -2.719245911
-0.114529312 0.019105194 -0.993236184 -41.443492889 -0.003786915 0.999799430 0.019668108 0.432195872 0.993412673 0.006013876 -0.114433974 -2.818397522
-0.115442462 0.017668581 -0.993156970 -42.266754150 -0.008216635 0.999790609 0.018741680 0.433743894 0.993280172 0.010323997 -0.115273111 -2.930817604
-0.116395608 0.018820195 -0.993024588 -43.018165588 -0.009450777 0.999754190 0.020055493 0.433208019 0.993157983 0.011719225 -0.116189137 -3.031226397
-0.118068278 0.020501899 -0.992793739 -43.921806335 -0.009337489 0.999719739 0.021755390 0.426946759 0.992961586 0.011838823 -0.117843732 -3.110069990
-0.119236171 0.020143325 -0.992661595 -44.720050812 -0.010774865 0.999709070 0.021580584 0.421772778 0.992807448 0.013268980 -0.118984416 -3.213988304
-0.120004833 0.019970937 -0.992572427 -45.466049194 -0.011474715 0.999702930 0.021501733 0.423135579 0.992707074 0.013969796 -0.119740017 -3.308707237
-0.121255986 0.022576759 -0.992364466 -46.422706604 -0.008985947 0.999675512 0.023841066 0.406140029 0.992580593 0.011808206 -0.121013746 -3.393642187
-0.122018628 0.025094159 -0.992210507 -47.174827576 -0.008214951 0.999620497 0.026291816 0.413784564 0.992493808 0.011359054 -0.121766165 -3.483367443
-0.122141354 0.029473308 -0.992075026 -47.939220428 -0.008430835 0.999492228 0.030731637 0.422924519 0.992476821 0.012117628 -0.121830843 -3.602659702
-0.122554980 0.031722296 -0.991954625 -48.674629211 -0.008099927 0.999423802 0.032961894 0.425452709 0.992428601 0.012074405 -0.122227415 -3.702215195
-0.123303697 0.031512283 -0.991868436 -49.482368469 -0.008099151 0.999430478 0.032759376 0.437891841 0.992335916 0.012072645 -0.122978255 -3.804361343
-0.123446591 0.029431276 -0.991914570 -50.199863434 -0.007660926 0.999502122 0.030609822 0.443378210 0.992321610 0.011377664 -0.123159669 -3.897851229
-0.123597004 0.026376938 -0.991981804 -50.897811890 -0.007463178 0.999593794 0.027509216 0.444760919 0.992304385 0.010803395 -0.123349935 -3.996459961
-0.123394690 0.023234535 -0.992085636 -51.654273987 -0.007204931 0.999678552 0.024308503 0.452768981 0.992331505 0.010147449 -0.123187616 -4.087207794
-0.122669920 0.020730479 -0.992230892 -52.333091736 -0.007822903 0.999730587 0.021854311 0.458864570 0.992416680 0.010442993 -0.122474685 -4.171113014
-0.120317258 0.019946543 -0.992535114 -53.005840302 -0.010358140 0.999718487 0.021346543 0.460529923 0.992681384 0.012849174 -0.120076768 -4.259368896
-0.115671299 0.020965803 -0.993066251 -53.710937500 -0.010356048 0.999697387 0.022312064 0.457937360 0.993233562 0.012865106 -0.115419194 -4.349414825
-0.109854728 0.022657847 -0.993689299 -54.354141235 -0.010013262 0.999664068 0.023901075 0.458139479 0.993897200 0.012575717 -0.109590963 -4.421762466
-0.103072405 0.023878291 -0.994387209 -54.976470947 -0.008913808 0.999649525 0.024928609 0.460854232 0.994633913 0.011433230 -0.102823436 -4.479111195
-0.094401769 0.025231594 -0.995214403 -55.621570587 -0.010077157 0.999603271 0.026298745 0.462799072 0.995483160 0.012511579 -0.094110057 -4.539591789
-0.082658112 0.026769120 -0.996218443 -56.226562500 -0.012195593 0.999537170 0.027870189 0.465041637 0.996503234 0.014453173 -0.082293384 -4.593029976
-0.068000719 0.028329646 -0.997283041 -56.809753418 -0.015400738 0.999447823 0.029441260 0.466965437 0.997566402 0.017360920 -0.067526869 -4.629028320
-0.049973682 0.026835779 -0.998389959 -57.410942078 -0.017257556 0.999466538 0.027728532 0.530367851 0.998601556 0.018615464 -0.049483884 -4.639755726
-0.028072327 0.028065596 -0.999211907 -57.954750061 -0.017926654 0.999430895 0.028575389 0.527878642 0.999445200 0.018714702 -0.027553229 -4.643944740
-0.002705347 0.028457396 -0.999591351 -58.479606628 -0.016881377 0.999451280 0.028499095 0.528164506 0.999853909 0.016951576 -0.002223454 -4.629895687
0.026304999 0.026424304 -0.999304652 -58.993568420 -0.015671473 0.999538541 0.026017968 0.566192985 0.999531031 0.014976175 0.026706977 -4.609396935
0.060548030 0.026207512 -0.997821152 -59.476272583 -0.014177956 0.999576986 0.025393303 0.570506990 0.998064578 0.012609551 0.060893979 -4.564475060
0.098642394 0.026932817 -0.994758368 -59.937763214 -0.013509098 0.999577820 0.025723707 0.566148877 0.995031178 0.010900840 0.098964587 -4.499775410
0.139605641 0.025940511 -0.989867330 -60.356521606 -0.012748670 0.999621034 0.024398116 0.581396103 0.990125120 0.009213378 0.139883474 -4.446206093
0.184883773 0.026923139 -0.982391536 -60.783954620 -0.011197523 0.999617457 0.025287883 0.580156565 0.982696652 0.006325035 0.185114518 -4.342881203
0.233235851 0.025595887 -0.972083211 -61.212867737 -0.007409335 0.999671280 0.024544556 0.580652595 0.972391963 0.001477822 0.233348832 -4.201208115
0.283528537 0.021837916 -0.958715141 -61.577999115 0.000132080 0.999739885 0.022811448 0.568324327 0.958963752 -0.006594324 0.283451885 -4.116262436
0.335376054 0.016445512 -0.941940904 -61.983238220 0.005724201 0.999793470 0.019493667 0.571033299 0.942066908 -0.011929566 0.335212737 -3.930349350
0.387929142 0.012253331 -0.921607733 -62.364124298 0.010998672 0.999778807 0.017922297 0.569453299 0.921623707 -0.017089041 0.387708545 -3.724319458
0.440066636 0.007372930 -0.897934854 -62.816684723 0.013552905 0.999797821 0.014851433 0.621546447 0.897862852 -0.018705245 0.439877748 -3.531671524
0.489028960 0.006381182 -0.872244179 -63.185310364 0.015269437 0.999757409 0.015874950 0.624044657 0.872133911 -0.021081984 0.488812923 -3.289421082
0.534789324 0.004025894 -0.844975829 -63.591331482 0.022487441 0.999566674 0.018994855 0.605225921 0.844686151 -0.029159589 0.534467041 -2.935861588
0.579127431 -0.002135661 -0.815234303 -63.908596039 0.033192910 0.999229133 0.020961963 0.604272306 0.814561009 -0.039199632 0.578751802 -2.648925781
0.622246027 -0.007296186 -0.782787740 -64.219062805 0.034996487 0.999216020 0.018505596 0.606102467 0.782039165 -0.038909845 0.622013569 -2.348340988
0.664516211 -0.012374219 -0.747171402 -64.553726196 0.032478113 0.999396324 0.012333827 0.608042598 0.746567726 -0.032462746 0.664516985 -1.985584259
0.706117749 -0.021239543 -0.707775831 -64.969139099 0.030395301 0.999537885 0.000329100 0.625697315 0.707441747 -0.021745438 0.706437051 -1.354515076
0.746613204 -0.023995856 -0.664825499 -65.246231079 0.025890019 0.999640226 -0.007005437 0.627141893 0.664754391 -0.011981990 0.746965885 -1.005605698
0.784751475 -0.026202148 -0.619256437 -65.607429504 0.025665268 0.999622822 -0.009772056 0.629787266 0.619278967 -0.008224748 0.785127997 -0.332990646
0.820031106 -0.026762169 -0.571692944 -65.816360474 0.025518920 0.999622405 -0.010190351 0.623579204 0.571749747 -0.006232584 0.820404410 -0.044586182
0.851880789 -0.025765043 -0.523101628 -66.225570679 0.023098938 0.999665558 -0.011620858 0.598597288 0.523226142 -0.002183504 0.852191091 0.998920441
0.879112422 -0.024084331 -0.476005465 -66.444641113 0.022436248 0.999706388 -0.009145435 0.585300088 0.476085961 -0.002639910 0.879394770 1.454820633
0.901623428 -0.018135458 -0.432141453 -66.657485962 0.016622514 0.999835372 -0.007278230 0.577038109 0.432202309 -0.000621053 0.901776373 1.934007645
0.920298040 -0.013649601 -0.390979618 -66.858833313 0.011390234 0.999902368 -0.008097241 0.570018411 0.391051978 0.002998525 0.920363724 2.434837341
0.934880793 -0.007894176 -0.354874074 -67.065322876 0.006219628 0.999963462 -0.005859197 0.554459691 0.354907423 0.003270465 0.934895754 3.068014145
0.945684612 -0.007193636 -0.325005800 -67.246330261 0.006439637 0.999973476 -0.003395568 0.545630097 0.325021595 0.001118218 0.945705950 3.621198654
0.953597486 -0.007282630 -0.300996393 -67.409759521 0.007141663 0.999973297 -0.001568669 0.533642292 0.300999761 -0.000653735 0.953624010 4.211578369
0.959969401 -0.007705970 -0.279998899 -67.586318970 0.008225705 0.999965966 0.000681140 0.534965396 0.279984117 -0.002957063 0.960000098 4.812000275
0.965087295 -0.005371944 -0.261873126 -67.765769958 0.006455425 0.999973834 0.003277334 0.534100533 0.261848629 -0.004853416 0.965096772 5.468002319
0.969100237 0.000016944 -0.246667191 -67.900749207 0.001321795 0.999985218 0.005261726 0.526462317 0.246663660 -0.005425183 0.969085991 6.029145241
0.972348750 0.003642051 -0.233505741 -68.057975769 -0.002130860 0.999975085 0.006723700 0.521526515 0.233524457 -0.006040213 0.972332180 6.674715042
0.975343227 0.002092228 -0.220683575 -68.200210571 -0.000666208 0.999978364 0.006536060 0.519302130 0.220692486 -0.006227881 0.975323558 7.334493637
0.978252351 0.002719068 -0.207400531 -68.353240967 -0.001373911 0.999977052 0.006629565 0.507193685 0.207413808 -0.006200438 0.978233635 8.136580467
0.981199324 0.003138083 -0.192971244 -68.487960815 -0.001745858 0.999971211 0.007384295 0.504475415 0.192988917 -0.006908566 0.981176615 8.861136436
0.983882904 0.004642140 -0.178753838 -68.620681763 -0.003273721 0.999962986 0.007949539 0.505526364 0.178784132 -0.007236225 0.983861625 9.569688797
0.986125171 0.005420753 -0.165914953 -68.747245789 -0.004578086 0.999974608 0.005460935 0.494018823 0.165940359 -0.004625591 0.986124873 10.319090843
0.987880170 0.005957499 -0.155104205 -68.851730347 -0.005942137 0.999982178 0.000562683 0.482748389 0.155104786 0.000365787 0.987897933 11.032674789
0.989363015 0.003604066 -0.145422429 -68.962425232 -0.004475174 0.999973893 -0.005663499 0.480995089 0.145398259 0.006254048 0.989353359 11.782049179
0.990486681 0.003494481 -0.137564108 -69.071121216 -0.004346284 0.999973178 -0.005892155 0.476292729 0.137539834 0.006433993 0.990475357 12.557104111
0.991404295 0.005814469 -0.130704537 -69.175300598 -0.005817085 0.999983013 0.000361776 0.466355175 0.130704463 0.000401654 0.991421282 13.316854477
0.992041051 0.010717610 -0.125457495 -69.292022705 -0.009718823 0.999916136 0.008570540 0.453639895 0.125538766 -0.007283028 0.992061973 14.106844902
0.992536664 0.011456491 -0.121407069 -69.389823914 -0.010042001 0.999874413 0.012256302 0.446419865 0.121532239 -0.010945661 0.992527127 14.879990578
0.992952645 0.010428242 -0.118051827 -69.479988098 -0.009136814 0.999892414 0.011475440 0.437769383 0.118158817 -0.010315950 0.992941082 15.646368027
0.993327320 0.010347891 -0.114863686 -69.569541931 -0.009186266 0.999901235 0.010637827 0.432892233 0.114962436 -0.009511676 0.993324220 16.385517120
0.993632674 0.009368530 -0.112278081 -69.657203674 -0.007949359 0.999882758 0.013080836 0.424376845 0.112387493 -0.012105008 0.993590713 17.187236786
0.993903518 0.007560743 -0.109994620 -69.735359192 -0.005891327 0.999862552 0.015494337 0.419437200 0.110096663 -0.014751861 0.993811369 17.948518753
0.994225919 0.005412308 -0.107170239 -69.819145203 -0.003571479 0.999842942 0.017361175 0.413432986 0.107247368 -0.016878175 0.994089127 18.768728256
0.994527996 0.004050422 -0.104391225 -69.901428223 -0.002669579 0.999907076 0.013363920 0.415584564 0.104435652 -0.013012112 0.994446516 19.487241745
0.994674385 0.006476726 -0.102864005 -69.990837097 -0.005870491 0.999963522 0.006195203 0.410063088 0.102900386 -0.005558347 0.994676173 20.298776627
0.994875252 0.007234150 -0.100850694 -70.071678162 -0.007414973 0.999971509 -0.001418223 0.402692467 0.100837544 0.002158761 0.994900703 21.000205994
0.995002508 0.007630494 -0.099557765 -70.155418396 -0.008202086 0.999952137 -0.005333277 0.387877941 0.099512294 0.006123206 0.995017469 21.802825928
0.995191574 0.009225053 -0.097512171 -70.226081848 -0.009615490 0.999947667 -0.003534793 0.373408407 0.097474441 0.004455423 0.995227993 22.511943817
0.995397747 0.012628754 -0.094992958 -70.318260193 -0.012672725 0.999919713 0.000140402 0.362484097 0.094987087 0.001064065 0.995477915 23.323087692
0.995563209 0.015748803 -0.092767939 -70.389060974 -0.015295031 0.999867320 0.005600465 0.348037422 0.092843838 -0.004156727 0.995671988 24.041564941
0.995797217 0.013785603 -0.090542093 -70.458953857 -0.013183276 0.999886870 0.007247164 0.339904666 0.090631753 -0.006023064 0.995866179 24.831420898
0.995938897 0.010524936 -0.089414462 -70.520370483 -0.009919496 0.999924779 0.007212844 0.331581473 0.089483649 -0.006296606 0.995968342 25.617357254
0.996059835 0.008326950 -0.088292003 -70.591712952 -0.007740097 0.999945581 0.006987013 0.323005378 0.088345386 -0.006276094 0.996070147 26.403396606
0.996143878 0.007927948 -0.087375566 -70.651977539 -0.007494243 0.999957919 0.005290604 0.315125942 0.087413825 -0.004615389 0.996161342 27.121738434
0.996225417 0.005814482 -0.086608917 -70.721420288 -0.005484452 0.999976754 0.004048044 0.308597147 0.086630456 -0.003557762 0.996234179 27.901954651
0.996292472 0.005042033 -0.085883312 -70.784492493 -0.004706297 0.999980450 0.004111248 0.302669376 0.085902363 -0.003691813 0.996296704 28.633247375
0.996310771 0.008587084 -0.085388578 -70.857269287 -0.008164919 0.999952614 0.005292049 0.294778764 0.085429989 -0.004575334 0.996333718 29.427772522
0.996355295 0.007817316 -0.084942758 -70.930862427 -0.007474495 0.999962568 0.004353201 0.284064710 0.084973611 -0.003702431 0.996376276 30.187078476
0.996223569 0.007388009 -0.086510792 -71.000747681 -0.007076448 0.999967277 0.003907535 0.277485222 0.086536840 -0.003280590 0.996243238 30.985065460
0.996053874 0.005613306 -0.088573106 -71.073844910 -0.005210941 0.999975026 0.004773329 0.269970834 0.088597678 -0.004292943 0.996058226 31.743310928
0.995734513 0.007274538 -0.091977581 -71.151016235 -0.006865711 0.999965072 0.004760489 0.262446523 0.092009000 -0.004108691 0.995749652 32.555164337
0.995470166 0.010954247 -0.094441012 -71.241394043 -0.010583373 0.999934196 0.004427052 0.246741176 0.094483286 -0.003407494 0.995520711 33.330310822
0.995269477 0.011052398 -0.096521236 -71.338470459 -0.011129545 0.999938011 -0.000260924 0.233702332 0.096512362 0.001333926 0.995330870 34.135974884
0.994965971 0.011974775 -0.099495262 -71.414512634 -0.012416555 0.999915719 -0.003822158 0.227766111 0.099441096 0.005038306 0.995030701 34.937171936
0.994782209 0.011167695 -0.101407468 -71.502731323 -0.011799742 0.999914527 -0.005635024 0.218652382 0.101335868 0.006802205 0.994829059 35.757560730
0.994523942 0.011637910 -0.103858978 -71.594711304 -0.012101568 0.999919474 -0.003835287 0.201335400 0.103805967 0.005071142 0.994584739 36.577339172
0.994381011 0.009547162 -0.105428718 -71.691040039 -0.009906281 0.999946773 -0.002883123 0.173134387 0.105395600 0.003911328 0.994422674 37.389553070
0.994178772 0.009384476 -0.107333481 -71.781188965 -0.009562405 0.999953628 -0.001143155 0.162286997 0.107317775 0.002162866 0.994222403 38.234886169
0.994065821 0.008453220 -0.108451091 -71.879249573 -0.008252997 0.999963224 0.002294960 0.157783926 0.108466513 -0.001386295 0.994099140 39.079029083
0.993919134 0.007773071 -0.109836519 -71.971588135 -0.007062494 0.999951482 0.006856968 0.150613189 0.109884501 -0.006039552 0.993925989 39.936218262
0.994009316 0.007638035 -0.109027877 -72.072105408 -0.006669573 0.999934971 0.009244608 0.140279144 0.109091409 -0.008462058 0.993995667 40.808532715
0.994164407 0.010463908 -0.107366540 -72.157814026 -0.009514528 0.999910951 0.009350859 0.143287152 0.107454836 -0.008274749 0.994175494 41.625339508
0.994381070 0.009790577 -0.105405785 -72.255416870 -0.009018521 0.999928951 0.007798773 0.142292917 0.105474658 -0.006804348 0.994398654 42.500484467
0.994558632 0.008330412 -0.103844568 -72.349876404 -0.007784736 0.999953687 0.005658948 0.134211034 0.103886902 -0.004819752 0.994577467 43.360408783
0.994740009 0.004756603 -0.102321140 -72.436988831 -0.004402437 0.999983549 0.003686868 0.130696997 0.102336988 -0.003217013 0.994744599 44.249691010
0.994864821 0.002504123 -0.101181090 -72.499214172 -0.002156014 0.999991298 0.003549673 0.127570435 0.101189099 -0.003313296 0.994861722 45.200847626
0.994978726 0.000529694 -0.100085184 -72.593238831 0.000027079 0.999984503 0.005561551 0.126304612 0.100086592 -0.005536336 0.994963348 46.091915131
0.995014846 -0.001998287 -0.099706858 -72.662590027 0.002870795 0.999958754 0.008608025 0.112156212 0.099685572 -0.008851348 0.994979560 46.925273895
0.995126247 -0.003244299 -0.098554239 -72.762443542 0.004161655 0.999949872 0.009103999 0.098823547 0.098519750 -0.009469776 0.995090067 47.793464661
0.995204389 -0.001025821 -0.097813219 -72.844894409 0.001581434 0.999983013 0.005602980 0.094059750 0.097805828 -0.005730795 0.995189011 48.660442352
0.995305717 0.000961330 -0.096776776 -72.944404602 -0.000942951 0.999999523 0.000235645 0.079368502 0.096776970 -0.000143283 0.995306134 49.529861450
0.995382369 0.002671475 -0.095952034 -73.026802063 -0.003214503 0.999979615 -0.005505248 0.063145489 0.095935360 0.005788263 0.995370746 50.362480164
0.995514274 0.007356624 -0.094325051 -73.131561279 -0.008469015 0.999899209 -0.011398263 0.046453416 0.094231710 0.012145974 0.995476186 51.203460693
0.995548666 0.007036911 -0.093985587 -73.208595276 -0.008185552 0.999896348 -0.011841521 0.016565740 0.093892537 0.012558134 0.995503128 52.081977844
0.995567858 0.004167469 -0.093953803 -73.286804199 -0.004740501 0.999971449 -0.005876728 0.003014326 0.093926646 0.006296069 0.995559216 52.920063019
0.995487094 0.003516146 -0.094831437 -73.368972778 -0.003252149 0.999990344 0.002938254 -0.011778414 0.094840840 -0.002616588 0.995489061 53.788249969
0.995444536 0.004407833 -0.095239967 -73.467994690 -0.003381267 0.999934494 0.010937431 -0.032769382 0.095281944 -0.010565576 0.995394230 54.618572235
0.995196640 0.002230250 -0.097870693 -73.546249390 -0.001420185 0.999964178 0.008345781 -0.040586233 0.097885780 -0.008166697 0.995164156 55.457069397
0.995016992 -0.002562024 -0.099672019 -73.627876282 0.003069334 0.999983132 0.004936793 -0.049983740 0.099657692 -0.005218121 0.995008051 56.296726227
0.994734406 -0.004353140 -0.102394015 -73.711601257 0.004741381 0.999982417 0.003548558 -0.061742678 0.102376767 -0.004015361 0.994737506 57.096988678
0.994475186 -0.002091564 -0.104951665 -73.804191589 0.002223546 0.999996901 0.001140558 -0.076138072 0.104948960 -0.001367621 0.994476676 57.905197144
0.994195342 0.000323517 -0.107589789 -73.920928955 -0.000618437 0.999996126 -0.002707801 -0.076587826 0.107588500 0.002758621 0.994191706 58.729885101
0.993771732 0.000865617 -0.111431949 -74.020370483 -0.001557534 0.999980032 -0.006122422 -0.093155980 0.111424431 0.006257850 0.993753195 59.542182922
0.993366361 0.001779652 -0.114978656 -74.107955933 -0.002918811 0.999948263 -0.009739970 -0.123387516 0.114955381 0.010010960 0.993320346 60.352657318
0.992969990 0.006464713 -0.118189812 -74.215888977 -0.007680307 0.999922156 -0.009832512 -0.141910493 0.118117057 0.010671123 0.992942393 61.155776978
0.992561936 0.011441214 -0.121201858 -74.338043213 -0.012560125 0.999885201 -0.008471831 -0.151760519 0.121091001 0.009931128 0.992591739 61.950130463
0.992038429 0.014683590 -0.125076354 -74.449310303 -0.015120490 0.999882400 -0.002544375 -0.170997649 0.125024304 0.004415334 0.992143810 62.750896454
0.991606176 0.015593108 -0.128351986 -74.579551697 -0.015374647 0.999878168 0.002692722 -0.184044927 0.128378317 -0.000696754 0.991725028 63.549789429
0.990928888 0.015679294 -0.133469343 -74.691589355 -0.014956428 0.999867499 0.006416900 -0.195275903 0.133552253 -0.004362467 0.991032124 64.344779968
0.990077853 0.016183067 -0.139584661 -74.808647156 -0.015395443 0.999858856 0.006720622 -0.197445393 0.139673710 -0.004504973 0.990187347 65.123870850
0.989299357 0.013663461 -0.145258978 -74.930725098 -0.012214705 0.999866426 0.010860845 -0.210623384 0.145388007 -0.008970330 0.989333987 65.904190063
0.988262594 0.014604243 -0.152065143 -75.050651550 -0.013209150 0.999860883 0.010180513 -0.218287826 0.152192727 -0.008052369 0.988317966 66.676116943
0.987235844 0.018890159 -0.158140928 -75.186378479 -0.017600654 0.999799490 0.009550827 -0.229266644 0.158289626 -0.006645534 0.987370372 67.459617615
0.986321330 0.020817457 -0.163513973 -75.331436157 -0.020188821 0.999781013 0.005505572 -0.232931793 0.163592756 -0.002129109 0.986525655 68.208511353
0.985330105 0.019397369 -0.169553235 -75.467498779 -0.019271947 0.999811411 0.002385564 -0.240871012 0.169567555 0.000917054 0.985518098 68.978744507
0.984506488 0.022637270 -0.173880726 -75.642562866 -0.022787182 0.999739707 0.001134393 -0.258259684 0.173861146 0.002845435 0.984766006 69.735687256
0.983623028 0.024250705 -0.178599417 -75.787391663 -0.023505267 0.999704003 0.006288944 -0.266822934 0.178699061 -0.001987923 0.983901739 70.497200012
0.982535720 0.026055597 -0.184240654 -75.955947876 -0.024543960 0.999643803 0.010480843 -0.279450119 0.184448093 -0.005775807 0.982825279 71.275146484
0.981389523 0.025305420 -0.190352738 -76.106460571 -0.023251388 0.999644935 0.013016684 -0.296746373 0.190614566 -0.008348472 0.981629431 72.021697998
0.980091274 0.023533661 -0.197147891 -76.262344360 -0.022196576 0.999713123 0.008989434 -0.299652159 0.197302878 -0.004434456 0.980332553 72.759918213
0.978361785 0.020885572 -0.205845013 -76.417259216 -0.021004129 0.999778032 0.001609484 -0.303552747 0.205832958 0.002748937 0.978583276 73.495864868
0.976453781 0.017950222 -0.214978933 -76.586814880 -0.018382588 0.999831021 -0.000011886 -0.316476345 0.214942396 0.003963475 0.976618707 74.227493286
0.974151969 0.018236199 -0.225156367 -76.747932434 -0.018041661 0.999832928 0.002921678 -0.335464835 0.225172043 0.001216036 0.974318266 74.941246033
0.971482575 0.018664151 -0.236375794 -76.925628662 -0.016974755 0.999813795 0.009180283 -0.342131495 0.236503139 -0.004906063 0.971618295 75.668907166
0.968532383 0.020221462 -0.248064756 -77.124137878 -0.016598009 0.999722958 0.016689800 -0.342911839 0.248333499 -0.012047232 0.968599617 76.394218445
0.965607107 0.021287715 -0.259132802 -77.328483582 -0.016608851 0.999657333 0.020232087 -0.348960876 0.259474725 -0.015232351 0.965629697 77.122161865
0.962373078 0.023868646 -0.270681351 -77.527236938 -0.020304741 0.999666572 0.015959527 -0.362071037 0.270971984 -0.009862906 0.962536693 77.821342468
0.958945453 0.023151373 -0.282643944 -77.745223999 -0.022120209 0.999731898 0.006839325 -0.365711808 0.282726496 -0.000306395 0.959200561 78.521942139
0.955334425 0.020555550 -0.294811398 -77.968872070 -0.020876136 0.999779940 0.002060095 -0.369443506 0.294788867 0.004186441 0.955553293 79.211875916
0.951578498 0.019398890 -0.306793183 -78.204635620 -0.018282250 0.999811649 0.006513313 -0.367680430 0.306861818 -0.000589061 0.951753914 79.932510376
0.947681367 0.020455200 -0.318562001 -78.445938110 -0.017097052 0.999764919 0.013334405 -0.368225574 0.318759859 -0.007190295 0.947808146 80.652336121
0.943375826 0.020533314 -0.331089854 -78.670394897 -0.014977719 0.999701023 0.019322719 -0.386483192 0.331387639 -0.013269618 0.943401396 81.395469666
0.938961685 0.018562552 -0.343520522 -78.936935425 -0.013359875 0.999757528 0.017505899 -0.390089989 0.343762189 -0.011847981 0.938982010 82.100730896
0.934616148 0.015977586 -0.355298936 -79.200241089 -0.012162205 0.999841869 0.012969552 -0.387385488 0.355449975 -0.007800334 0.934662759 82.806251526
0.931412280 0.012100216 -0.363764793 -79.476753235 -0.010535350 0.999924660 0.006285791 -0.402242422 0.363813519 -0.002022275 0.931469560 83.488822937
0.928446054 0.007570846 -0.371390015 -79.735359192 -0.008119517 0.999966979 0.000086332 -0.399205208 0.371378452 0.002935353 0.928476870 84.137031555
0.925467908 0.007415893 -0.378753424 -80.022903442 -0.008856608 0.999958634 -0.002061814 -0.408893883 0.378722459 0.005262612 0.925495327 84.832733154
0.922293007 0.012567719 -0.386286974 -80.312133789 -0.014516514 0.999892294 -0.002128241 -0.409446359 0.386218667 0.007570403 0.922376215 85.476600647
0.918834269 0.012549111 -0.394444048 -80.613143921 -0.013776316 0.999905050 -0.000279467 -0.420449138 0.394403100 0.005690769 0.918919981 86.175277710
0.915641904 0.013346312 -0.401773185 -80.932388306 -0.011765756 0.999910235 0.006401361 -0.425182104 0.401822627 -0.001134190 0.915716827 86.878128052
0.912534595 0.015738137 -0.408696651 -81.246131897 -0.010614857 0.999834120 0.014800954 -0.434498906 0.408861816 -0.009168127 0.912550271 87.577209473
0.909809768 0.026185606 -0.414198458 -81.573463440 -0.018829532 0.999584198 0.021833567 -0.448762178 0.414598018 -0.012065235 0.909924686 88.274154663
0.906818390 0.031518172 -0.420341551 -81.905784607 -0.026083143 0.999485254 0.018673576 -0.449031591 0.420713812 -0.005969711 0.907173872 88.965209961
0.904432416 0.028477982 -0.425665349 -82.248886108 -0.026200335 0.999593914 0.011205959 -0.447025180 0.425811619 0.001017542 0.904811263 89.678932190
0.902262688 0.020603770 -0.430694193 -82.573974609 -0.020999823 0.999772072 0.003835016 -0.453286082 0.430675060 0.005584309 0.902489781 90.363670349
0.900506735 0.020925337 -0.434338331 -82.919166565 -0.021867197 0.999756873 0.002828881 -0.451208889 0.434291899 0.006950335 0.900745273 91.048202515
0.897845089 0.027500812 -0.439451873 -83.238662720 -0.026794052 0.999610364 0.007812444 -0.444494367 0.439495534 0.004760331 0.898232162 91.779708862
0.894978404 0.030113839 -0.445091963 -83.581466675 -0.027544422 0.999545693 0.012241271 -0.452740431 0.445258379 0.001304128 0.895401239 92.462646484
0.892596722 0.026890889 -0.450053394 -83.935028076 -0.024979472 0.999636054 0.010186590 -0.461971402 0.450163484 0.002149579 0.892943621 93.147499084
0.890491545 0.024731684 -0.454327285 -84.299507141 -0.025859540 0.999658585 0.003731995 -0.470576853 0.454264522 0.008425383 0.890827000 93.826858521
0.887982666 0.021619990 -0.459368527 -84.653991699 -0.025893489 0.999660194 -0.003004842 -0.472033352 0.459147394 0.014562901 0.888240695 94.524696350
0.885517538 0.022371326 -0.464066923 -85.023239136 -0.027506310 0.999612331 -0.004298240 -0.485996425 0.463790864 0.016570937 0.885789692 95.202102661
0.883428037 0.025556795 -0.467869461 -85.396804810 -0.028957311 0.999580622 -0.000076138 -0.496343195 0.467671335 0.013615502 0.883797526 95.885490417
0.880954325 0.027619045 -0.472394526 -85.755706787 -0.030148344 0.999543011 0.002216595 -0.512736976 0.472239882 0.012289193 0.881384432 96.560432434
0.877127051 0.028519884 -0.479410857 -86.033081055 -0.030302824 0.999532700 0.004019788 -0.560123742 0.479301453 0.011001640 0.877581358 97.325149536
