0.999997258 -0.002210505 -0.000700254 -0.053475972 0.002209103 0.999995530 -0.001994713 -0.028088741 0.000704660 0.001993160 0.999997795 1.266401768
0.999992371 -0.002665596 -0.002872150 -0.055679433 0.002656533 0.999991417 -0.003154846 -0.043666147 0.002880534 0.003147192 0.999990821 1.871649027
0.999978900 -0.004507814 -0.004663062 -0.065817170 0.004483186 0.999975979 -0.005278610 -0.049742386 0.004686745 0.005257593 0.999975145 2.471891642
0.999955177 -0.006991212 -0.006368920 -0.070584916 0.006945273 0.999949872 -0.007206900 -0.064660281 0.006418987 0.007162342 0.999953747 3.073522091
0.999935925 -0.008217330 -0.007776889 -0.078342110 0.008157039 0.999936640 -0.007752571 -0.078927837 0.007840103 0.007688638 0.999939680 3.682819605
0.999919832 -0.008263584 -0.009584988 -0.083334759 0.008194559 0.999940276 -0.007218394 -0.090088561 0.009644068 0.007139270 0.999927938 4.194509506
0.999912083 -0.008580871 -0.010103099 -0.111945592 0.008503938 0.999934554 -0.007633528 -0.109048679 0.010167946 0.007546942 0.999919832 4.931021214
0.999904573 -0.007955716 -0.011288456 -0.125843838 0.007839432 0.999916017 -0.010308553 -0.126777098 0.011369518 0.010219075 0.999883115 5.562938213
0.999902785 -0.006238268 -0.012480219 -0.145409733 0.006062394 0.999882400 -0.014080727 -0.143447593 0.012566594 0.014003694 0.999822974 6.199947357
0.999892116 -0.005164050 -0.013745250 -0.162968069 0.004918701 0.999829054 -0.017823987 -0.155832186 0.013834944 0.017754458 0.999746561 6.849618912
0.999884427 -0.003230628 -0.014863485 -0.183970168 0.002964039 0.999834955 -0.017923100 -0.167819113 0.014918934 0.017876970 0.999728799 7.513929367
0.999872863 -0.000624868 -0.015941517 -0.205749452 0.000449365 0.999939263 -0.011010440 -0.182059973 0.015947424 0.011001875 0.999812186 8.194614410
0.999836802 -0.000298743 -0.018064944 -0.204101980 0.000295351 0.999999881 -0.000190441 -0.193401203 0.018065000 0.000185073 0.999836743 8.669899940
0.999853015 0.000637341 -0.017129917 -0.257078022 -0.000534042 0.999981642 0.006034273 -0.205153108 0.017133450 -0.006024239 0.999835074 9.621182442
0.999811292 0.003145464 -0.019167900 -0.268954903 -0.003050735 0.999982953 0.004969337 -0.217943192 0.019183202 -0.004909924 0.999803960 10.159121513
0.999823511 0.005285713 -0.018024610 -0.331602991 -0.005318047 0.999984324 -0.001746477 -0.235651478 0.018015096 0.001842024 0.999835908 11.080567360
0.999786615 0.004886622 -0.020070031 -0.343383491 -0.005047903 0.999955356 -0.007993177 -0.234497577 0.020030074 0.008092782 0.999766588 11.670702934
0.999811471 0.002733888 -0.019221254 -0.395908833 -0.002854563 0.999976277 -0.006253584 -0.237686992 0.019203706 0.006307272 0.999795616 12.612458229
0.999783337 0.001982724 -0.020714639 -0.402033389 -0.001918830 0.999993265 0.003103893 -0.245308012 0.020720651 -0.003063474 0.999780536 13.282135010
0.999803782 0.001540218 -0.019745035 -0.443641275 -0.001338037 0.999946535 0.010248698 -0.250087410 0.019759765 -0.010220270 0.999752462 14.235013962
0.999774396 0.000738577 -0.021226395 -0.456153810 -0.000445618 0.999904633 0.013803076 -0.265442252 0.021234564 -0.013790503 0.999679446 14.955901146
0.999795437 -0.001439189 -0.020174231 -0.491707981 0.001674357 0.999930739 0.011644873 -0.252456188 0.020156076 -0.011676271 0.999728620 15.921139717
0.999800742 -0.001680356 -0.019889088 -0.508451223 0.001865025 0.999955297 0.009270065 -0.253982961 0.019872623 -0.009305314 0.999759197 16.683303833
0.999814153 0.000589700 -0.019263893 -0.532986760 -0.000477120 0.999982774 0.005848208 -0.252549291 0.019267011 -0.005837930 0.999797225 17.652511597
0.999812245 -0.002372290 -0.019230993 -0.539244890 0.002383129 0.999997020 0.000540747 -0.263475984 0.019229658 -0.000586476 0.999814808 18.467338562
0.999833941 -0.005295104 -0.017430382 -0.564234138 0.005190514 0.999968290 -0.006040170 -0.267058492 0.017461820 0.005948696 0.999829829 19.450696945
0.999853849 -0.004182974 -0.016574070 -0.584807038 0.003995739 0.999928057 -0.011313898 -0.277452469 0.016620208 0.011246020 0.999798596 20.312002182
0.999848425 -0.002378909 -0.017246380 -0.601446867 0.002167243 0.999922097 -0.012281310 -0.298201442 0.017274255 0.012242070 0.999775887 21.231056213
0.999874175 -0.001601768 -0.015778314 -0.633366346 0.001417482 0.999930620 -0.011683952 -0.319473535 0.015795942 0.011660118 0.999807119 22.307119370
0.999869406 -0.000367195 -0.016155250 -0.655283689 0.000156746 0.999915063 -0.013025941 -0.341086924 0.016158665 0.013021708 0.999784589 23.230781555
0.999853611 0.002149159 -0.016973376 -0.669881463 -0.002405250 0.999883294 -0.015081845 -0.363634586 0.016938981 0.015120464 0.999742091 24.184957504
0.999869585 0.006846918 -0.014626809 -0.731956124 -0.007076646 0.999851465 -0.015712364 -0.392496198 0.014517057 0.015813820 0.999769509 25.352640152
0.999852121 0.008797455 -0.014776953 -0.763135552 -0.009027859 0.999837577 -0.015598494 -0.421727300 0.014637329 0.015729588 0.999769032 26.322437286
0.999846995 0.009456794 -0.014720558 -0.781161189 -0.009691502 0.999825716 -0.015955295 -0.448507369 0.014567109 0.016095519 0.999764323 27.438278198
0.999838352 0.009571525 -0.015220790 -0.799356699 -0.009809756 0.999829352 -0.015654679 -0.478813171 0.015068347 0.015801463 0.999761641 28.416427612
0.999824762 0.010501319 -0.015494789 -0.816966414 -0.010724722 0.999838650 -0.014406044 -0.513843894 0.015340999 0.014569698 0.999776125 29.528112411
0.999809384 0.010745286 -0.016301427 -0.834684968 -0.010950418 0.999861181 -0.012546998 -0.536915541 0.016164344 0.012723111 0.999788404 30.540946960
0.999793708 0.011095309 -0.017012181 -0.854443312 -0.011292259 0.999869704 -0.011525027 -0.562719703 0.016882086 0.011714756 0.999788821 31.543373108
0.999788880 0.012102023 -0.016605850 -0.871872067 -0.012311121 0.999845445 -0.012547968 -0.593320012 0.016451428 0.012749756 0.999783337 32.711608887
0.999763787 0.013357328 -0.017147552 -0.891875029 -0.013595471 0.999811590 -0.013847229 -0.613371730 0.016959362 0.014077088 0.999757051 33.732105255
0.999754190 0.012646618 -0.018210322 -0.904103339 -0.012865691 0.999845624 -0.011963619 -0.654928505 0.018056206 0.012194969 0.999762535 34.777275085
0.999768555 0.012879997 -0.017227707 -0.956171751 -0.013060604 0.999860406 -0.010412367 -0.665670991 0.017091194 0.010634963 0.999797225 35.972064972
0.999745309 0.013081471 -0.018384462 -0.969978929 -0.013189814 0.999896228 -0.005784382 -0.696568668 0.018306892 0.006025400 0.999814093 37.024658203
0.999746084 0.013152412 -0.018297467 -1.008644581 -0.013230718 0.999903738 -0.004165000 -0.716277063 0.018240929 0.004406029 0.999823868 38.206737518
0.999733388 0.012583274 -0.019361977 -1.029053330 -0.012654888 0.999913514 -0.003580558 -0.733547807 0.019315245 0.003824627 0.999806106 39.267143250
0.999736130 0.011612262 -0.019818999 -1.058955789 -0.011716904 0.999917865 -0.005171971 -0.750750601 0.019757319 0.005402824 0.999790132 40.343791962
0.999726653 0.013030209 -0.019414630 -1.113237143 -0.013152312 0.999894321 -0.006174912 -0.768046141 0.019332122 0.006428567 0.999792397 41.575202942
0.999694049 0.013436917 -0.020769272 -1.131973863 -0.013534878 0.999897838 -0.004583351 -0.794951677 0.020705560 0.004863056 0.999773800 42.651477814
0.999675453 0.012888065 -0.021976007 -1.158658266 -0.012973910 0.999908626 -0.003768209 -0.800334871 0.021925444 0.004052099 0.999751329 43.722103119
0.999696553 0.013099456 -0.020863535 -1.223218441 -0.013115720 0.999913752 -0.000642857 -0.829160333 0.020853315 0.000916303 0.999782145 44.982997894
0.999666631 0.014594903 -0.021300178 -1.258227587 -0.014640079 0.999890924 -0.001966484 -0.832307339 0.021269156 0.002277666 0.999771237 46.051834106
0.999623358 0.016091993 -0.022229500 -1.286617994 -0.016213844 0.999854386 -0.005312237 -0.863322437 0.022140775 0.005670664 0.999738812 47.117408752
0.999615610 0.016536841 -0.022249926 -1.332996845 -0.016736567 0.999820948 -0.008820384 -0.888190508 0.022100082 0.009189380 0.999713480 48.413173676
0.999607742 0.016923398 -0.022312820 -1.367694736 -0.017140007 0.999807477 -0.009552562 -0.915395737 0.022146860 0.009931257 0.999705374 49.489456177
0.999592960 0.018254390 -0.021919608 -1.404510975 -0.018423945 0.999801695 -0.007558330 -0.929376960 0.021777287 0.007959100 0.999731064 50.571319580
0.999631643 0.017714733 -0.020557450 -1.494915962 -0.017813390 0.999830604 -0.004626056 -0.964690328 0.020472029 0.004990551 0.999777853 51.897106171
0.999658167 0.016584262 -0.020211386 -1.536251903 -0.016661679 0.999854445 -0.003668102 -0.985099435 0.020147609 0.004003604 0.999788940 52.983108521
0.999656796 0.015314848 -0.021254733 -1.537831068 -0.015413328 0.999871075 -0.004477357 -1.004945636 0.021183429 0.004803427 0.999764025 54.035217285
0.999702513 0.014901250 -0.019304026 -1.597480297 -0.015022960 0.999868035 -0.006175299 -1.027992964 0.019209465 0.006463463 0.999794722 55.256599426
0.999704897 0.014765359 -0.019287130 -1.614778042 -0.014935519 0.999850512 -0.008708497 -1.044929385 0.019155657 0.008993992 0.999776125 56.313922882
0.999712527 0.014223480 -0.019299399 -1.632032394 -0.014436685 0.999835789 -0.010953308 -1.080607414 0.019140437 0.011228777 0.999753714 57.376644135
0.999746799 0.013209724 -0.018218243 -1.704247952 -0.013475731 0.999803245 -0.014556268 -1.105361581 0.018022377 0.014798087 0.999728024 58.661956787
0.999772429 0.011236766 -0.018129829 -1.720839977 -0.011532379 0.999800861 -0.016283946 -1.140058875 0.017943241 0.016489323 0.999702990 59.739944458
0.999800205 0.010016786 -0.017297048 -1.762593031 -0.010264787 0.999844849 -0.014309042 -1.164278984 0.017151039 0.014483731 0.999747932 60.870456696
0.999813497 0.007688740 -0.017714852 -1.776793599 -0.007847594 0.999929428 -0.008915192 -1.185412645 0.017645059 0.009052547 0.999803305 61.959358215
0.999840796 0.007280523 -0.016291080 -1.821208954 -0.007327456 0.999969125 -0.002823018 -1.209999561 0.016270025 0.002941941 0.999863267 63.059101105
0.999849737 0.005548140 -0.016425537 -1.833891153 -0.005586747 0.999981701 -0.002305364 -1.233482838 0.016412446 0.002396782 0.999862432 64.137351990
0.999876440 0.002888132 -0.015450041 -1.870972633 -0.002968918 0.999981999 -0.005208500 -1.252432942 0.015434716 0.005253726 0.999867022 65.215354919
0.999872029 0.001523613 -0.015927216 -1.880569220 -0.001655347 0.999964476 -0.008261055 -1.279268026 0.015914066 0.008286363 0.999838948 66.287330627
0.999874532 0.003521267 -0.015443644 -1.922971129 -0.003714749 0.999914646 -0.012517539 -1.301167250 0.015398250 0.012573335 0.999802351 67.377746582
0.999877989 0.003542521 -0.015213246 -1.950523257 -0.003796489 0.999853313 -0.016697576 -1.333830833 0.015151867 0.016753294 0.999744833 68.448318481
0.999872744 0.006557490 -0.014545354 -1.975941658 -0.006811921 0.999823451 -0.017512193 -1.362976193 0.014427953 0.017609043 0.999740779 69.535621643
0.999852717 0.010396941 -0.013653424 -2.006720066 -0.010589552 0.999844432 -0.014111478 -1.393501639 0.013504583 0.014253986 0.999807179 70.621879578
0.999842107 0.011793494 -0.013288536 -2.035868645 -0.011950488 0.999858916 -0.011797220 -1.425670385 0.013147531 0.011954166 0.999842107 71.708442688
0.999845982 0.011144497 -0.013559083 -2.043469667 -0.011293871 0.999875724 -0.010990290 -1.455769539 0.013434920 0.011141733 0.999847651 72.786293030
0.999866247 0.009561814 -0.013269248 -2.074512720 -0.009698042 0.999900520 -0.010240293 -1.483531475 0.013170013 0.010367608 0.999859452 73.860435486
0.999866128 0.009180012 -0.013546578 -2.090896845 -0.009288420 0.999925077 -0.007961497 -1.529988885 0.013472478 0.008086254 0.999876499 74.925270081
0.999882996 0.006961172 -0.013619876 -2.118388653 -0.007055851 0.999951124 -0.006915767 -1.537658691 0.013571067 0.007011058 0.999883235 76.014343262
0.999869823 0.006435666 -0.014795707 -2.127056599 -0.006512818 0.999965370 -0.005172256 -1.564148664 0.014761907 0.005267944 0.999877155 77.103645325
0.999871850 0.004726434 -0.015292157 -2.142282248 -0.004822680 0.999968708 -0.006263041 -1.597248316 0.015262078 0.006335989 0.999863446 78.170547485
0.999871850 0.005800178 -0.014918189 -2.186562061 -0.005955624 0.999928117 -0.010396725 -1.622750759 0.014856815 0.010484243 0.999834657 79.220397949
0.999853849 0.006661419 -0.015745969 -2.202769279 -0.006849579 0.999905348 -0.011926048 -1.661660552 0.015665036 0.012032161 0.999804914 80.304885864
0.999832571 0.008440866 -0.016239358 -2.227009773 -0.008614260 0.999906301 -0.010637215 -1.681951046 0.016148048 0.010775323 0.999811530 81.349426270
0.999816775 0.009883418 -0.016392795 -2.255668163 -0.009989251 0.999929607 -0.006386914 -1.708683133 0.016328519 0.006549492 0.999845207 82.433799744
0.999789178 0.010787031 -0.017469408 -2.269194841 -0.010833021 0.999938071 -0.002540447 -1.730700016 0.017440923 0.002729156 0.999844134 83.462722778
0.999766886 0.012428640 -0.017654993 -2.302916050 -0.012463150 0.999920666 -0.001845879 -1.756865621 0.017630650 0.002065483 0.999842405 84.547843933
0.999754250 0.011762132 -0.018798048 -2.309957027 -0.011842411 0.999921143 -0.004165006 -1.773777962 0.018747581 0.004386595 0.999814570 85.550003052
0.999746978 0.011445334 -0.019365700 -2.336687565 -0.011546088 0.999920309 -0.005099011 -1.793843627 0.019305797 0.005321318 0.999799430 86.620391846
0.999740839 0.011160313 -0.019841425 -2.352970600 -0.011261464 0.999924123 -0.004993758 -1.822463036 0.019784190 0.005215907 0.999790609 87.602920532
0.999743104 0.009618848 -0.020521954 -2.381620884 -0.009715773 0.999942124 -0.004628728 -1.849622726 0.020476241 0.004826924 0.999778628 88.617195129
0.999728799 0.008973994 -0.021489788 -2.389865875 -0.009050546 0.999952912 -0.003467784 -1.869386196 0.021457659 0.003661339 0.999763012 89.604881287
0.999703586 0.009108005 -0.022579189 -2.408247471 -0.009128116 0.999957919 -0.000787801 -1.895107865 0.022571066 0.000993673 0.999744654 90.595596313
0.999701142 0.008388995 -0.022966538 -2.441959381 -0.008386962 0.999964774 0.000184841 -1.917864442 0.022967277 0.000007833 0.999736190 91.506141663
0.999655187 0.007054386 -0.025293564 -2.469444036 -0.007048603 0.999975085 0.000317738 -1.935467243 0.025295172 -0.000139345 0.999680042 92.463096619
0.999579132 0.006798874 -0.028199708 -2.496106148 -0.006813666 0.999976635 -0.000428577 -1.959958076 0.028196143 0.000620539 0.999602199 93.319725037
0.999480724 0.005782363 -0.031700272 -2.533445358 -0.005817301 0.999982476 -0.001010041 -1.984096169 0.031693872 0.001193927 0.999496937 94.231987000
0.999377906 0.006678884 -0.034627602 -2.564597607 -0.006726997 0.999976516 -0.001273156 -1.995999932 0.034618288 0.001505304 0.999399483 95.058891296
0.999266088 0.007638822 -0.037536323 -2.613461018 -0.007646415 0.999970675 -0.000058714 -2.021469593 0.037534781 0.000345690 0.999295294 95.926269531
0.999139488 0.008682807 -0.040556531 -2.640734196 -0.008640984 0.999961972 0.001206503 -2.038914919 0.040565453 -0.000855016 0.999176502 96.672485352
0.998995125 0.009335697 -0.043835491 -2.682349920 -0.009233680 0.999954164 0.002529208 -2.054962397 0.043857094 -0.002121903 0.999035478 97.489791870
0.998869419 0.011542187 -0.046114124 -2.716529846 -0.011389306 0.999928653 0.003576594 -2.073332310 0.046152122 -0.003047343 0.998929739 98.195205688
0.998709679 0.013451622 -0.048969120 -2.753618956 -0.013259196 0.999903023 0.004252273 -2.094918251 0.049021568 -0.003597495 0.998791218 98.945564270
0.998565376 0.015490450 -0.051254611 -2.812571764 -0.015376509 0.999878287 0.002616636 -2.103155375 0.051288906 -0.001824767 0.998682082 99.673355103
0.998418033 0.015907312 -0.053928345 -2.853495598 -0.015961500 0.999872506 -0.000574160 -2.130942345 0.053912319 0.001434027 0.998544574 100.362442017
0.998215199 0.019635677 -0.056398235 -2.891100407 -0.019892259 0.999794126 -0.003991772 -2.149950981 0.056308240 0.005106536 0.998400390 100.924621582
0.997992218 0.021277547 -0.059656207 -2.913518429 -0.021699609 0.999743879 -0.006436010 -2.169216156 0.059503987 0.007717605 0.998198211 101.555046082
0.997933269 0.023600070 -0.059767012 -2.973330021 -0.024097173 0.999680698 -0.007610261 -2.181803703 0.059568308 0.009034750 0.998183310 102.164802551
0.997917414 0.025929293 -0.059064522 -2.998539925 -0.026404655 0.999624729 -0.007281805 -2.198448420 0.058853537 0.008826220 0.998227596 102.682937622
0.997990787 0.029530929 -0.056057051 -3.034044743 -0.029893832 0.999536991 -0.005646133 -2.218189716 0.055864368 0.007310550 0.998411596 103.239654541
0.998213828 0.032166090 -0.050343718 -3.074446201 -0.032430824 0.999463975 -0.004450348 -2.232103109 0.050173584 0.006075089 0.998722017 103.769966125
0.998538017 0.033083431 -0.042747095 -3.099847317 -0.033225086 0.999444366 -0.002607373 -2.242958784 0.042637087 0.004023838 0.999082506 104.282974243
0.998912692 0.032652091 -0.033275519 -3.093385696 -0.032663841 0.999466479 0.000190247 -2.262497663 0.033263966 0.000896867 0.999446213 104.728271484
0.999236286 0.032448757 -0.021769917 -3.093987942 -0.032428116 0.999473274 0.001300842 -2.273798943 0.021800656 -0.000593892 0.999762177 105.200859070
0.999472737 0.031456202 -0.008058555 -3.092857361 -0.031443764 0.999504089 0.001665493 -2.291355133 0.008106956 -0.001411223 0.999966085 105.660568237
0.999492168 0.031110518 0.006898459 -3.073599339 -0.031116435 0.999515474 0.000751676 -2.304325104 -0.006871730 -0.000965949 0.999975979 106.089523315
0.999256015 0.029944181 0.024303839 -3.038260460 -0.029892920 0.999549985 -0.002469751 -2.314366102 -0.024366856 0.001741400 0.999701500 106.450775146
0.998540282 0.029250382 0.045406483 -3.005697250 -0.028931823 0.999552071 -0.007657205 -2.320491791 -0.045610111 0.006332335 0.998939157 106.866394043
0.997206450 0.027258763 0.069543831 -2.950603008 -0.026449542 0.999571502 -0.012530673 -2.333243370 -0.069855615 0.010656264 0.997500062 107.269989014
0.994979739 0.025205866 0.096849747 -2.900445938 -0.023863658 0.999602795 -0.014992306 -2.351181507 -0.097189181 0.012605855 0.995186031 107.607040405
0.991677105 0.022506133 0.126766890 -2.823582649 -0.020580595 0.999652386 -0.016479120 -2.364676476 -0.127093703 0.013733032 0.991795599 108.000762939
0.987069964 0.020424776 0.158983395 -2.735210419 -0.017726813 0.999674082 -0.018369947 -2.379426241 -0.159306794 0.015314156 0.987110317 108.370628357
0.980720878 0.017800041 0.194601387 -2.624378204 -0.014155017 0.999697626 -0.020105392 -2.395776272 -0.194900408 0.016963195 0.980676234 108.753211975
0.972221076 0.013790884 0.233658031 -2.548721313 -0.009339199 0.999753296 -0.020147873 -2.416266680 -0.233878285 0.017406007 0.972110033 109.016754150
0.961847425 0.011686986 0.273336500 -2.413625717 -0.006173780 0.999759912 -0.021021497 -2.435772657 -0.273516536 0.018531952 0.961688757 109.367317200
0.949100375 0.012637354 0.314720124 -2.282787323 -0.005987354 0.999738038 -0.022087688 -2.451292753 -0.314916909 0.019079091 0.948927462 109.674781799
0.933144033 0.014835841 0.359196544 -2.141162872 -0.007177240 0.999717712 -0.022645690 -2.466453075 -0.359431207 0.018553648 0.932987094 109.990585327
0.914778531 0.015546392 0.403656542 -1.967422485 -0.007423813 0.999737382 -0.021679722 -2.480306864 -0.403887630 0.016835470 0.914653659 110.315887451
0.894417346 0.013914319 0.447016746 -1.792064667 -0.005364276 0.999777734 -0.020386996 -2.495726824 -0.447201014 0.015836563 0.894293249 110.574470520
0.870666623 0.012971279 0.491702437 -1.589263916 -0.002932038 0.999771357 -0.021182496 -2.508283854 -0.491864741 0.017001206 0.870505512 110.867080688
0.846374571 0.013136767 0.532426119 -1.383792877 -0.001000194 0.999733210 -0.023076855 -2.526267767 -0.532587230 0.018999133 0.846161902 111.086746216
0.818307281 0.015363913 0.574575663 -1.162498474 0.000024384 0.999641836 -0.026764732 -2.540384531 -0.574781060 0.021915792 0.818013728 111.348579407
0.788693130 0.019651636 0.614472926 -0.928413391 -0.001064622 0.999531150 -0.030599812 -2.561666965 -0.614786148 0.023479687 0.788344204 111.563995361
0.754481316 0.025743175 0.655816495 -0.672832489 -0.004142928 0.999397397 -0.034463748 -2.574998379 -0.656308472 0.023285259 0.754133165 111.815933228
0.719033003 0.030543627 0.694304287 -0.415287018 -0.005417119 0.999249697 -0.038348634 -2.576231003 -0.694954753 0.023812803 0.718658984 111.996185303
0.679547071 0.030775880 0.732985973 -0.115821838 -0.003173751 0.999233663 -0.039012454 -2.596024752 -0.733625054 0.024184478 0.679123998 112.225639343
0.639871657 0.027896417 0.767975271 0.173961639 0.001388772 0.999297202 -0.037456222 -2.610322714 -0.768480539 0.025033707 0.639383256 112.383529663
0.595642567 0.026069734 0.802826405 0.500926971 0.002968316 0.999394834 -0.034655087 -2.621899843 -0.803244174 0.023025082 0.595204711 112.582427979
0.550413489 0.023906162 0.834549904 0.824878693 0.005605614 0.999461710 -0.032327242 -2.633951426 -0.834873378 0.022471514 0.549983203 112.732986450
0.503171861 0.021263398 0.863924682 1.188934326 0.007902420 0.999542296 -0.029203858 -2.644706964 -0.864150167 0.021521661 0.502773583 112.886787415
0.452133715 0.017371979 0.891780853 1.538127899 0.010707433 0.999632537 -0.024901614 -2.669130325 -0.891885877 0.020807542 0.451781541 113.027404785
0.400625587 0.017350849 0.916077554 1.926105499 0.008723516 0.999703109 -0.022749783 -2.686005592 -0.916200280 0.017105557 0.400355279 113.155883789
0.349959075 0.022569520 0.936493039 2.310531616 0.006014970 0.999634981 -0.026338981 -2.694572926 -0.936745584 0.014850542 0.349695653 113.261367798
0.299371421 0.028086133 0.953723311 2.736274719 0.005689575 0.999496341 -0.031220051 -2.706601620 -0.954119623 0.014772669 0.299060881 113.364921570
0.253398478 0.029524870 0.966911197 3.140569687 0.008335697 0.999430358 -0.032702379 -2.722718239 -0.967325985 0.016346615 0.253008038 113.420684814
0.212411880 0.029385917 0.976738274 3.591270447 0.014647357 0.999339640 -0.033251274 -2.745121002 -0.977070332 0.021369597 0.211841226 113.473136902
0.177347049 0.029026838 0.983720183 4.041528702 0.024107704 0.999136865 -0.033827927 -2.757608414 -0.983852983 0.029714521 0.176494211 113.520095825
0.145863652 0.030748041 0.988826692 4.525287628 0.027337285 0.999009967 -0.035097264 -2.773223639 -0.988926828 0.032151252 0.144878656 113.577949524
0.118789360 0.028763602 0.992502689 5.009429932 0.026488448 0.999132693 -0.032126058 -2.795864582 -0.992566049 0.030106094 0.117924452 113.605438232
0.093250237 0.025085509 0.995326519 5.550987244 0.020387780 0.999424696 -0.027098887 -2.816383839 -0.995433986 0.022819472 0.092685163 113.659393311
0.069637470 0.021315476 0.997344613 6.061635494 0.015442979 0.999628842 -0.022442570 -2.831439972 -0.997452796 0.016964816 0.069282442 113.675430298
0.047261860 0.018282551 0.998715222 6.650347710 0.020484919 0.999604404 -0.019268230 -2.855241060 -0.998672426 0.021369249 0.046868652 113.685638428
0.027381958 0.019487625 0.999435008 7.190065861 0.028366018 0.999392211 -0.020263944 -2.872933865 -0.999222398 0.028904855 0.026812535 113.665046692
0.009065878 0.021823473 0.999720693 7.808538437 0.032443073 0.999229074 -0.022106953 -2.901260376 -0.999432385 0.032634430 0.008350868 113.669975281
-0.004494575 0.027410217 0.999614179 8.393556595 0.033482485 0.999067843 -0.027244700 -2.907609940 -0.999429166 0.033347107 -0.005408147 113.640754700
-0.015768304 0.031967092 0.999364495 9.080543518 0.030780319 0.999030530 -0.031470753 -2.926818848 -0.999401808 0.030264517 -0.016736973 113.650337219
-0.021517523 0.031456895 0.999273419 9.677415848 0.032683071 0.998992741 -0.030744286 -2.952897310 -0.999234259 0.031997781 -0.022523958 113.601181030
-0.024052273 0.028509062 0.999304116 10.391935349 0.038293798 0.998885930 -0.027575437 -2.979393244 -0.998977005 0.037603900 -0.025117204 113.577156067
-0.023257986 0.026511382 0.999377906 11.054121017 0.041095786 0.998828650 -0.025540406 -3.002392530 -0.998884439 0.040476203 -0.024320254 113.548851013
-0.021375459 0.026239803 0.999427080 11.810441971 0.040316902 0.998864830 -0.025362762 -3.022294521 -0.998958230 0.039751660 -0.022409102 113.539169312
-0.019875489 0.026570659 0.999449253 12.513675690 0.036390327 0.999003589 -0.025835130 -3.051785231 -0.999139965 0.035856806 -0.020822600 113.533752441
-0.018626591 0.027906412 0.999436975 13.284709930 0.035432488 0.999000907 -0.027233874 -3.072166681 -0.999198437 0.034905262 -0.019596776 113.517837524
-0.017682403 0.028697737 0.999431729 14.049648285 0.035181709 0.998986781 -0.028062517 -3.102614641 -0.999224424 0.034665495 -0.018674124 113.508155823
-0.017078649 0.028022273 0.999461412 14.869035721 0.034464937 0.999029517 -0.027421236 -3.135213614 -0.999259889 0.033978056 -0.018027864 113.497604370
-0.015883302 0.027045531 0.999507964 15.665264130 0.033169404 0.999098003 -0.026507337 -3.159158230 -0.999323487 0.032732066 -0.016766060 113.474815369
-0.015002376 0.025747346 0.999555826 16.519107819 0.034880534 0.999073267 -0.025211394 -3.191521645 -0.999278843 0.034486804 -0.015886556 113.448249817
-0.015338838 0.023362007 0.999609411 17.339775085 0.035019677 0.999126315 -0.022813341 -3.223088741 -0.999268889 0.034656063 -0.016143564 113.432556152
-0.016431218 0.021697253 0.999629557 18.215518951 0.032497853 0.999247968 -0.021154787 -3.254736185 -0.999336720 0.032138210 -0.017123973 113.420944214
-0.017526085 0.020656358 0.999633014 19.024641037 0.032142095 0.999281466 -0.020085568 -3.280115128 -0.999329627 0.031778276 -0.018177429 113.403869629
-0.018822793 0.018045394 0.999659956 19.923004150 0.034180827 0.999264300 -0.017394654 -3.309421062 -0.999238431 0.033841785 -0.019425748 113.383705139
-0.019294882 0.016542111 0.999676943 20.760732651 0.035863683 0.999230981 -0.015842527 -3.333771467 -0.999170423 0.035546411 -0.019873304 113.355720520
-0.021099877 0.015678421 0.999654472 21.673215866 0.032787208 0.999349952 -0.014981604 -3.365734816 -0.999239624 0.032459766 -0.021600213 113.341194153
-0.021788305 0.020280983 0.999556839 22.514106750 0.030323708 0.999347627 -0.019615743 -3.394076109 -0.999302506 0.029882876 -0.022389082 113.322982788
-0.022376774 0.025067417 0.999435186 23.435361862 0.031595573 0.999203980 -0.024354208 -3.421216249 -0.999250174 0.031032760 -0.023150977 113.303527832
-0.023782907 0.026560435 0.999364197 24.305095673 0.031538956 0.999169469 -0.025804685 -3.455224037 -0.999219477 0.030905195 -0.024600839 113.284965515
-0.025598506 0.024311777 0.999376595 25.234500885 0.027979545 0.999329984 -0.023593962 -3.488778591 -0.999280632 0.027358141 -0.026261585 113.272003174
-0.026070446 0.020133074 0.999457300 26.117717743 0.025518376 0.999484718 -0.019467995 -3.521965742 -0.999334455 0.024996983 -0.026570773 113.246528625
-0.026735207 0.014824631 0.999532580 27.050697327 0.023719208 0.999617875 -0.014191466 -3.554976940 -0.999361098 0.023328716 -0.027076621 113.232643127
-0.026445160 0.009048013 0.999609292 27.924991608 0.020123841 0.999761224 -0.008517001 -3.585994244 -0.999447644 0.019890739 -0.026620923 113.203926086
-0.026170528 0.007489465 0.999629438 28.861938477 0.018000850 0.999813378 -0.007019577 -3.616935492 -0.999495387 0.017810473 -0.026300460 113.187393188
-0.025054192 0.014487757 0.999581039 29.714622498 0.020988559 0.999682128 -0.013963151 -3.647729397 -0.999465644 0.020629942 -0.025350304 113.158180237
-0.023360370 0.026193403 0.999383807 30.622165680 0.024112146 0.999380648 -0.025629699 -3.668234825 -0.999436259 0.023498571 -0.023977477 113.128288269
-0.023468640 0.031507954 0.999227881 31.481565475 0.025704274 0.999191701 -0.030903101 -3.695089817 -0.999394000 0.024959169 -0.024259562 113.119110107
-0.022137182 0.025917439 0.999418855 32.401542664 0.026906284 0.999317169 -0.025318822 -3.735055447 -0.999392748 0.026330166 -0.022819411 113.098228455
-0.020679051 0.017699307 0.999629438 33.270614624 0.030291490 0.999395311 -0.017068526 -3.774871349 -0.999327123 0.029927315 -0.021202683 113.071563721
-0.021023532 0.014793843 0.999669552 34.187053680 0.031328700 0.999409199 -0.014131134 -3.809809446 -0.999288023 0.031021265 -0.021474583 113.063484192
-0.021110255 0.015975734 0.999649525 35.014347076 0.031078892 0.999399543 -0.015315434 -3.833109617 -0.999293983 0.030744687 -0.021594092 113.049499512
-0.022086326 0.016591487 0.999618351 35.912746429 0.027948333 0.999481797 -0.015971707 -3.865499496 -0.999365330 0.027584907 -0.022538584 113.040832520
-0.024578312 0.016663782 0.999558985 36.803680420 0.025441457 0.999547601 -0.016038006 -3.901416779 -0.999374092 0.025036050 -0.024991147 113.036918640
-0.025293821 0.017487733 0.999527097 37.591499329 0.026131101 0.999516845 -0.016826281 -3.915580511 -0.999338448 0.025693147 -0.025738578 112.990386963
-0.027580127 0.017521380 0.999466002 38.450077057 0.024969531 0.999546409 -0.016833758 -3.947929621 -0.999307632 0.024491921 -0.028005118 112.974212646
-0.029217087 0.018190138 0.999407470 39.266826630 0.023615891 0.999567866 -0.017502662 -3.973344564 -0.999293983 0.023090526 -0.029634036 112.944213867
-0.031588912 0.017353440 0.999350309 40.135009766 0.021560168 0.999628425 -0.016676765 -4.004764080 -0.999268353 0.021019356 -0.031951316 112.926193237
-0.033485059 0.016003517 0.999310970 40.931690216 0.022214802 0.999636650 -0.015264358 -4.036307812 -0.999192297 0.021688366 -0.033828415 112.894332886
-0.035749134 0.015955342 0.999233365 41.790287018 0.021467702 0.999654114 -0.015194021 -4.074250221 -0.999130189 0.020908069 -0.036079299 112.870964050
-0.037169356 0.017081397 0.999162972 42.554195404 0.021944668 0.999626637 -0.016272973 -4.093519211 -0.999067962 0.021321440 -0.037530333 112.838661194
-0.038552828 0.017310135 0.999106646 43.421939850 0.022673247 0.999607623 -0.016443921 -4.123484135 -0.998999298 0.022019029 -0.038930185 112.819900513
-0.039248653 0.015849955 0.999103725 44.249065399 0.023799760 0.999605238 -0.014922969 -4.153198242 -0.998945951 0.023192719 -0.039610390 112.773323059
-0.040632319 0.015313974 0.999056697 44.926971436 0.024765735 0.999590755 -0.014314922 -4.179153442 -0.998867154 0.024160728 -0.040994957 112.745483398
-0.042160839 0.014297746 0.999008477 45.753887177 0.023405513 0.999637365 -0.013318971 -4.213092804 -0.998836577 0.022820769 -0.042480189 112.716308594
-0.043004125 0.014298131 0.998972476 46.563873291 0.022061760 0.999667346 -0.013358355 -4.228337765 -0.998831332 0.021464629 -0.043305255 112.683074951
-0.043369882 0.012815247 0.998976886 47.207550049 0.020931376 0.999709904 -0.011915935 -4.254336834 -0.998839676 0.020393170 -0.043625541 112.651473999
-0.043915853 0.012753347 0.998953819 47.983856201 0.021686476 0.999695063 -0.011809434 -4.280792236 -0.998799741 0.021145165 -0.044179037 112.617034912
-0.043861311 0.015238550 0.998921394 48.648544312 0.021213394 0.999672472 -0.014318556 -4.305786133 -0.998812377 0.020562483 -0.044170205 112.586990356
-0.044420831 0.018560331 0.998840511 49.416229248 0.022180872 0.999599278 -0.017587999 -4.327376366 -0.998766661 0.021373883 -0.044814710 112.560859680
-0.044414144 0.019743681 0.998818040 50.057037354 0.019595593 0.999629498 -0.018888375 -4.358666420 -0.998820961 0.018733522 -0.044784583 112.536834717
-0.044963997 0.020406570 0.998780131 50.813262939 0.019948600 0.999610305 -0.019525472 -4.387656689 -0.998789370 0.019046323 -0.045353565 112.517280579
-0.044097792 0.019997312 0.998827159 51.421310425 0.021481937 0.999587417 -0.019064119 -4.413218975 -0.998796165 0.020616051 -0.044509184 112.474525452
-0.044811405 0.019561816 0.998803914 52.182701111 0.021984749 0.999585390 -0.018590776 -4.442423820 -0.998753488 0.021125361 -0.045222882 112.450614929
-0.044643540 0.019516822 0.998812258 52.756465912 0.018361554 0.999656260 -0.018712614 -4.465202332 -0.998834193 0.017504349 -0.044986553 112.423530579
-0.043627910 0.019892011 0.998849750 53.478931427 0.016235314 0.999683738 -0.019199492 -4.495034695 -0.998915851 0.015379010 -0.043937072 112.383529663
-0.044031024 0.018174391 0.998864830 54.057399750 0.017443789 0.999696016 -0.017420577 -4.520723343 -0.998877823 0.016656943 -0.044334676 112.365493774
-0.045066267 0.017414927 0.998832166 54.800769806 0.017586512 0.999706864 -0.016636692 -4.546696186 -0.998829126 0.016816216 -0.045359321 112.332580566
-0.046792436 0.016464576 0.998768926 55.315673828 0.014239147 0.999773502 -0.015814032 -4.572257042 -0.998803020 0.013481644 -0.047016293 112.281661987
-0.051819772 0.016059060 0.998527348 56.036212921 0.010339293 0.999825656 -0.015543369 -4.599902153 -0.998602808 0.009518616 -0.051976781 112.243927002
-0.057921935 0.019392319 0.998132765 56.748954773 0.013667761 0.999732971 -0.018630264 -4.626443386 -0.998227477 0.012563143 -0.058171518 112.203483582
-0.063222907 0.022175232 0.997753024 57.193916321 0.016449811 0.999640465 -0.021174833 -4.644190788 -0.997863829 0.015074120 -0.063564956 112.154251099
-0.070757814 0.023556342 0.997215331 57.938323975 0.015468650 0.999626815 -0.022515723 -4.678033829 -0.997373521 0.013832414 -0.071095787 112.104568481
-0.057381175 0.018681476 0.998177588 58.320495605 0.012943582 0.999754727 -0.017966922 -4.762285709 -0.998268425 0.011889030 -0.057608914 111.750854492
-0.062728673 0.017480250 0.997877598 59.068157196 0.012764991 0.999778748 -0.016711123 -4.786527157 -0.997948945 0.011689636 -0.062937930 111.704673767
-0.081111625 0.021746906 0.996467769 59.778732300 0.010683985 0.999723613 -0.020948291 -4.760602951 -0.996647775 0.008947097 -0.081321545 111.894927979
-0.085126519 0.021104304 0.996146619 60.529964447 0.008987055 0.999751329 -0.020412669 -4.789054394 -0.996329665 0.007214759 -0.085295036 111.837799072
-0.105704173 0.022047102 0.994153142 61.228813171 0.009079035 0.999733865 -0.021205531 -4.745704651 -0.994356155 0.006784440 -0.105876222 112.090667725
-0.106829382 0.018326331 0.994108379 61.975074768 0.010715143 0.999793231 -0.017279653 -4.781051636 -0.994219661 0.008806040 -0.107003652 111.999427795
-0.114634812 0.015054976 0.993293643 62.683357239 0.009530134 0.999855757 -0.014054575 -4.810856819 -0.993361950 0.007855076 -0.114761777 112.056274414
-0.116026975 0.014249074 0.993143857 63.463985443 0.008462880 0.999874949 -0.013356948 -4.838906288 -0.993209958 0.006855091 -0.116133064 111.974746704
-0.111168295 0.016517423 0.993664384 63.998954773 0.009009344 0.999837518 -0.015612100 -4.866338730 -0.993760705 0.007216696 -0.111299068 111.851066589
-0.111297041 0.021179892 0.993561447 64.795379639 0.015554479 0.999687433 -0.019568097 -4.885276794 -0.993665457 0.013276463 -0.111591712 111.757125854
-0.104298458 0.024812046 0.994236469 65.290481567 0.022642376 0.999488831 -0.022567866 -4.919918060 -0.994288146 0.020158082 -0.104806960 111.604408264
-0.104623333 0.026344171 0.994162858 66.099510193 0.023985177 0.999425054 -0.023959473 -4.942971230 -0.994222522 0.021338454 -0.105195075 111.516387939
-0.105043545 0.023535814 0.994189024 66.707931519 0.021385370 0.999542058 -0.021403015 -4.968733788 -0.994237542 0.019012852 -0.105498776 111.459541321
-0.105365813 0.018585123 0.994259834 67.529190063 0.022462443 0.999614596 -0.016304787 -5.000046253 -0.994179726 0.020615535 -0.105742678 111.379432678
-0.104591370 0.016569335 0.994377315 68.135375977 0.024614729 0.999597907 -0.014067283 -5.023122787 -0.994210601 0.023005018 -0.104957193 111.299484253
-0.104712896 0.016355803 0.994367957 68.946655273 0.024947071 0.999593198 -0.013814675 -5.046041965 -0.994189501 0.023359997 -0.105078332 111.203895569
-0.107136682 0.016801858 0.994102299 69.562263489 0.022916565 0.999633312 -0.014425572 -5.072185993 -0.993980110 0.021235896 -0.107482426 111.154266357
-0.109378912 0.017921612 0.993838549 70.363098145 0.022249408 0.999631166 -0.015577361 -5.094993114 -0.993750930 0.020408487 -0.109737307 111.077735901
-0.111050464 0.017808273 0.993655086 70.975578308 0.024108626 0.999593318 -0.015220333 -5.118744373 -0.993522286 0.022265429 -0.111434661 110.997390747
-0.112294212 0.017965838 0.993512511 71.771163940 0.024253502 0.999588132 -0.015334396 -5.140901566 -0.993378997 0.022374196 -0.112683706 110.899925232
-0.114373893 0.017838318 0.993277490 72.392509460 0.024648769 0.999581933 -0.015113280 -5.160340786 -0.993131936 0.022754505 -0.114765763 110.828781128
-0.116494067 0.018386083 0.993021131 73.216567993 0.022740949 0.999615908 -0.015840381 -5.185842991 -0.992931008 0.020736936 -0.116867438 110.749771118
-0.117011838 0.019189915 0.992945015 73.827827454 0.023058299 0.999596179 -0.016601196 -5.225461006 -0.992862821 0.020953083 -0.117407091 110.665008545
-0.117856346 0.019226033 0.992844403 74.636955261 0.021955121 0.999618471 -0.016751016 -5.256810188 -0.992787957 0.019823806 -0.118233502 110.564193726
-0.119209327 0.020064641 0.992666364 75.451385498 0.021098448 0.999621093 -0.017671507 -5.254900932 -0.992644966 0.018837105 -0.119587511 110.484939575
-0.119495004 0.018005069 0.992671430 76.004867554 0.022397144 0.999630034 -0.015435177 -5.292443752 -0.992582142 0.020388579 -0.119854026 110.395454407
-0.121040531 0.015571923 0.992525280 76.840019226 0.019607326 0.999719381 -0.013293636 -5.311299324 -0.992453992 0.017851697 -0.121311896 110.311317444
-0.122669399 0.013449562 0.992356420 77.493637085 0.016526144 0.999797165 -0.011507539 -5.335782528 -0.992309988 0.014988204 -0.122866809 110.232643127
-0.124795623 0.012024038 0.992109597 78.310188293 0.017811129 0.999792516 -0.009876724 -5.370607376 -0.992022634 0.016438020 -0.124983877 110.132026672
-0.127096027 0.013873708 0.991793394 79.163063049 0.019498691 0.999743879 -0.011486207 -5.371319294 -0.991698742 0.017878825 -0.127333984 110.042533875
-0.127814010 0.014541100 0.991691589 79.776237488 0.018856181 0.999747396 -0.012228943 -5.407256603 -0.991618872 0.017136486 -0.128055871 109.928565979
-0.129842505 0.018007433 0.991371095 80.636688232 0.020224873 0.999675155 -0.015509363 -5.431156158 -0.991328299 0.018036583 -0.130164504 109.830429077
-0.130278081 0.022108227 0.991230965 81.493667603 0.022500953 0.999559760 -0.019336678 -5.458156109 -0.991222143 0.019784499 -0.130718172 109.726730347
-0.130679637 0.025574114 0.991094708 82.090599060 0.023176767 0.999472737 -0.022734359 -5.485310555 -0.991153657 0.019999458 -0.131203502 109.623481750
-0.129870027 0.026756842 0.991169930 82.949348450 0.025534296 0.999394536 -0.023633182 -5.510373116 -0.991202116 0.022239579 -0.130474642 109.497612000
-0.129777059 0.025831290 0.991206586 83.674957275 0.028897598 0.999334455 -0.022259589 -5.542260170 -0.991122007 0.025754705 -0.130437136 109.411926270
-0.129597455 0.024021352 0.991275609 84.557418823 0.029635618 0.999353647 -0.020342600 -5.574234486 -0.991123736 0.026740711 -0.130225569 109.294006348
-0.128912523 0.022311589 0.991404951 85.452583313 0.028543005 0.999416113 -0.018780429 -5.603542328 -0.991245151 0.025876638 -0.129474074 109.190681458
-0.126868442 0.019313356 0.991731465 86.107368469 0.027659763 0.999490499 -0.015926044 -5.633426666 -0.991533816 0.025410552 -0.127338007 109.104568481
-0.125143901 0.015854500 0.992011905 87.007476807 0.027488751 0.999543786 -0.012507128 -5.660039425 -0.991757691 0.025703987 -0.125522584 108.988693237
-0.123290762 0.012685147 0.992289484 87.749389648 0.028781226 0.999543309 -0.009201844 -5.680626392 -0.991953135 0.027424816 -0.123599522 108.902854919
-0.121908471 0.012595663 0.992461443 88.654350281 0.027494427 0.999578476 -0.009308723 -5.710489750 -0.992160439 0.026152352 -0.122203417 108.803070068
-0.120277651 0.016613260 0.992601216 89.396820068 0.028364863 0.999509156 -0.013291793 -5.736814499 -0.992334962 0.026556285 -0.120689899 108.711830139
-0.118471757 0.023288313 0.992684305 90.299057007 0.029539544 0.999365091 -0.019919652 -5.760464668 -0.992517889 0.026963521 -0.119084477 108.607292175
-0.116907857 0.026052561 0.992800891 91.053916931 0.026892070 0.999372363 -0.023058306 -5.794272423 -0.992778599 0.024002779 -0.117535114 108.522361755
-0.115893468 0.023834724 0.992975593 91.975090027 0.025132863 0.999462306 -0.021057090 -5.820224762 -0.992943645 0.022515943 -0.116430186 108.436004639
-0.114114679 0.021222316 0.993240893 92.724334717 0.026725627 0.999475479 -0.018284988 -5.852313995 -0.993107975 0.024458401 -0.114622027 108.334449768
-0.113238223 0.019735767 0.993371844 93.640602112 0.026979314 0.999495089 -0.016781949 -5.878474236 -0.993201435 0.024900129 -0.113713503 108.227745056
