0.987545371 0.157206714 -0.006354035 0.095594555 -0.125744492 0.764343202 -0.632430077 1.202923656 -0.094565600 0.625352323 0.774591386 2.655601501
0.987351716 0.158435002 -0.005896610 0.080848575 -0.126377642 0.764026284 -0.632686794 0.714972854 -0.095734559 0.625429630 0.774385333 3.226503372
0.987035155 0.160389572 -0.006063313 0.070061766 -0.127948001 0.763458371 -0.633056521 0.232697248 -0.096906595 0.625624895 0.774081707 3.797724962
0.987038076 0.160383642 -0.005736950 0.062700614 -0.127714291 0.763331652 -0.633256495 -0.236257553 -0.097184800 0.625781059 0.773920596 4.348632812
0.987035453 0.160413459 -0.005343860 0.056366339 -0.127560377 0.763810575 -0.632709801 -0.694880486 -0.097413473 0.625188708 0.774370551 4.889787674
0.986879706 0.161412477 -0.003807860 0.033141345 -0.127627715 0.765439391 -0.630724609 -1.135684609 -0.098892152 0.622935295 0.775997281 5.415223598
0.986943126 0.161047861 -0.002642968 0.044570394 -0.127019584 0.768109441 -0.627593637 -1.552027345 -0.099042527 0.619734824 0.778536558 5.897975445
0.993539512 0.113486551 -0.000208022 0.018217541 -0.087859511 0.768020153 -0.634370506 -1.938208938 -0.071832746 0.630290508 0.773029149 6.436608315
0.993624926 0.112730995 0.001121994 0.014740574 -0.086586520 0.769482136 -0.632771671 -2.338859081 -0.072196335 0.628640532 0.774337649 6.902080536
0.993559659 0.113289751 0.002137749 0.014964789 -0.086351864 0.769258320 -0.633075714 -2.720889568 -0.073365472 0.628813863 0.774086893 7.345423698
0.997913897 0.064509384 0.002513316 0.009627860 -0.047976252 0.767083347 -0.639751077 -3.070906401 -0.043197863 0.638295889 0.768578112 7.771089554
0.993453681 0.114172563 0.003790963 0.009764582 -0.085554436 0.765608251 -0.637592614 -3.430932760 -0.075697981 0.633094490 0.770364285 8.173445702
0.993652523 0.112375386 0.005115784 0.014814053 -0.083232477 0.765034497 -0.638587952 -3.759633064 -0.075675301 0.634108841 0.769531906 8.545053482
0.994072735 0.108504295 0.006788075 0.019695953 -0.078985006 0.763711870 -0.640707016 -4.071315765 -0.074703597 0.636373341 0.767755330 8.909070969
0.994261265 0.106631868 0.008610558 0.026584618 -0.076279998 0.763077855 -0.641789317 -4.365051270 -0.075005718 0.637449443 0.766832650 9.246159554
0.993782103 0.110854313 0.010412628 0.019594751 -0.078191854 0.761418104 -0.643528104 -4.623352528 -0.079266228 0.638712525 0.765351653 9.538351059
0.993267238 0.115046240 0.013582834 0.018381730 -0.079332434 0.760953367 -0.643938065 -4.894600868 -0.084418558 0.638525128 0.764956951 9.835606575
0.993182480 0.115329877 0.016966445 0.025987729 -0.077439032 0.761541784 -0.643472791 -5.119838238 -0.087132305 0.637771964 0.765280902 10.093732834
0.993606150 0.111164384 0.019728476 0.044029430 -0.072498903 0.762174785 -0.643298984 -5.335424900 -0.086548470 0.637755573 0.765360832 10.335350037
0.994052589 0.106668606 0.021935340 0.060276508 -0.067579456 0.762175739 -0.643833101 -5.522689342 -0.085395366 0.638521492 0.764851511 10.557918549
0.994319499 0.103493452 0.024855375 0.072709203 -0.063366361 0.763225555 -0.643017411 -5.706203461 -0.085518353 0.637789786 0.765448093 10.765583038
0.994307280 0.102882326 0.027718134 0.078089148 -0.061173368 0.764196217 -0.642076313 -5.862284660 -0.087240398 0.636725485 0.766139507 10.932966232
0.994173288 0.103563204 0.029904721 0.080888093 -0.060199600 0.763549864 -0.642936766 -5.998217106 -0.089418329 0.637390196 0.765335262 11.086801529
0.994002998 0.104700297 0.031555708 0.089642495 -0.059898000 0.762734234 -0.643932045 -6.117810249 -0.091488510 0.638180315 0.764431536 11.214983940
0.993713796 0.106619187 0.034135886 0.090238988 -0.059606809 0.762000322 -0.644827425 -6.231141090 -0.094762541 0.638739169 0.763565421 11.342895508
0.997589231 0.059609905 0.035530373 0.105732083 -0.022352783 0.760728419 -0.648685455 -6.370929718 -0.065697037 0.646327436 0.760226786 11.480443001
0.997443676 0.061029896 0.037168980 0.103691310 -0.022272659 0.759768307 -0.649812281 -6.475505829 -0.067897789 0.647323251 0.759185374 11.595130920
0.993206739 0.109710567 0.038780957 0.108006924 -0.058567561 0.759302497 -0.648096859 -6.567261696 -0.100549556 0.641422808 0.760569870 11.714778900
0.993329942 0.108117513 0.040074833 0.118127525 -0.056367993 0.758517385 -0.649210334 -6.665370464 -0.100588448 0.642621160 0.759552538 11.822171211
0.993331373 0.107605599 0.041397609 0.120922029 -0.055024575 0.757987916 -0.649943531 -6.748481750 -0.101316459 0.643331528 0.758854091 11.915678024
0.993177533 0.108496793 0.042741895 0.126004517 -0.054682903 0.757050335 -0.651064038 -6.835169315 -0.102996163 0.644285083 0.757818282 12.010265350
0.993048370 0.109309934 0.043659635 0.130751282 -0.054477319 0.755621672 -0.652738929 -6.911418915 -0.104341015 0.645822823 0.756323934 12.098630905
0.993010759 0.109412998 0.044254959 0.139252752 -0.053933643 0.754193723 -0.654433370 -6.993043900 -0.104980335 0.647472441 0.754823565 12.187536240
0.993117929 0.108212456 0.044798091 0.146090835 -0.052408211 0.752674103 -0.656304061 -7.098558903 -0.104738653 0.649439573 0.753165364 12.305736542
0.993230104 0.107364409 0.044350285 0.150877416 -0.051856734 0.751437485 -0.657763302 -7.188693523 -0.103946842 0.651010394 0.751917899 12.404575348
0.993394017 0.106713451 0.042195279 0.153859764 -0.052687168 0.750807285 -0.658416808 -7.259462357 -0.101942420 0.651844323 0.751469851 12.483324051
0.993511200 0.106695332 0.039388277 0.148577541 -0.054500699 0.750593066 -0.658513308 -7.343510628 -0.099824838 0.652093709 0.751537681 12.569824219
0.993610680 0.107411809 0.034646090 0.157325000 -0.058002658 0.749326944 -0.659655035 -7.428638458 -0.096815988 0.653430820 0.750769556 12.675420761
0.993805885 0.107241057 0.029140431 0.150728136 -0.061427694 0.748630047 -0.660136104 -7.508502960 -0.092609093 0.654257119 0.750580609 12.763889313
0.994023085 0.106968381 0.021812692 0.155579925 -0.066019550 0.748135984 -0.660253048 -7.590098858 -0.086945035 0.654866755 0.750726521 12.858286858
0.994148910 0.107039571 0.014506357 0.153289363 -0.070849776 0.747534215 -0.660433948 -7.670964718 -0.081536561 0.655542016 0.750744164 12.952016830
0.994190216 0.107444428 0.006465133 0.147068590 -0.076436467 0.747009099 -0.660405099 -7.775873184 -0.075786367 0.656073928 0.750881851 13.070729256
0.994288802 0.106668092 -0.003437455 0.130102560 -0.082353435 0.746361077 -0.660426438 -7.860633850 -0.067880839 0.656937659 0.750883043 13.167916298
0.994368672 0.104595810 -0.017058028 0.128651381 -0.089739315 0.745406628 -0.660541892 -7.960115433 -0.056374747 0.658352852 0.750595272 13.280413628
0.994024634 0.103995331 -0.033166304 0.105475366 -0.099890493 0.744136691 -0.660516739 -8.057825089 -0.044010371 0.659883082 0.750078261 13.392728806
0.997163951 0.054818433 -0.051564630 0.091388643 -0.075238653 0.742197812 -0.665944099 -8.201579094 0.001765147 0.667935133 0.744217396 13.521223068
0.995797575 0.055432186 -0.072899558 0.048291683 -0.089932874 0.742224574 -0.664089382 -8.313185692 0.017295914 0.667854726 0.744090676 13.650444984
0.993740320 0.056118127 -0.096596532 0.009245872 -0.106171355 0.743411362 -0.660353839 -8.461153030 0.034753125 0.666476011 0.744715989 13.805384636
0.990684330 0.057502180 -0.123442747 -0.040345073 -0.124963060 0.744113028 -0.656262219 -8.600996017 0.054118834 0.665574431 0.744366705 13.963858604
0.986448824 0.058185067 -0.153405368 -0.102759838 -0.145145774 0.745412409 -0.650609732 -8.755666733 0.076494522 0.664059341 0.743756533 14.140423775
0.980914056 0.058122467 -0.185551807 -0.195162296 -0.165972546 0.747419715 -0.643286049 -8.912981033 0.101295702 0.661804795 0.742801189 14.326464653
0.973104715 0.059050094 -0.222666949 -0.266001463 -0.190451264 0.750007749 -0.633416593 -9.082695007 0.129598662 0.658787847 0.741082191 14.514698982
0.963182569 0.060591612 -0.261931479 -0.376906633 -0.216402113 0.752843440 -0.621608198 -9.244863510 0.159529120 0.655404747 0.738237858 14.713947296
0.952015221 -0.019167477 -0.305449933 -0.463875294 -0.187135428 0.753271163 -0.630525887 -9.454317093 0.242172152 0.657430768 0.713538706 14.925645828
0.937394440 -0.015866032 -0.347907990 -0.593429565 -0.217002377 0.754731536 -0.619104445 -9.618155479 0.272399813 0.655842006 0.704038084 15.124822617
0.910624206 -0.138372913 -0.389379591 -0.721428871 -0.163235188 0.745188653 -0.646566451 -9.869768143 0.379628539 0.652339518 0.655999482 15.398735046
0.891195357 -0.134711727 -0.433155239 -0.878133297 -0.194396228 0.749341607 -0.633006513 -10.062323570 0.409854650 0.648336172 0.641622365 15.576268196
0.869131207 -0.130491406 -0.477056533 -1.078652859 -0.226493433 0.752463996 -0.618464708 -10.282167435 0.439672232 0.645577192 0.624434531 15.783010483
0.845051885 -0.125866055 -0.519658625 -1.318643093 -0.259354889 0.753413141 -0.604237974 -10.490118027 0.467570692 0.645388544 0.604029238 15.979801178
0.828680217 -0.077796139 -0.554289460 -1.467351913 -0.342959791 0.712046146 -0.612673521 -10.873796463 0.442343265 0.697809458 0.563377619 16.060476303
0.798578262 -0.074010797 -0.597323298 -1.719410896 -0.377603412 0.711213589 -0.592950940 -11.082908630 0.468709230 0.699069083 0.540012956 16.227546692
0.780529678 -0.025284182 -0.624607205 -1.950130463 -0.446994424 0.675921559 -0.585940301 -11.442866325 0.437000543 0.736539721 0.516274929 16.348205566
0.745056748 -0.022071006 -0.666635692 -2.256229401 -0.480262369 0.675808847 -0.559133649 -11.647640228 0.462858975 0.736746550 0.492916018 16.533777237
0.723665893 -0.044491362 -0.688714921 -2.496537209 -0.486966491 0.674224079 -0.555234492 -11.959820747 0.489051431 0.737185359 0.466247171 16.754402161
0.684812069 -0.044765543 -0.727343500 -2.844993591 -0.516335249 0.674519122 -0.527656972 -12.180384636 0.514227986 0.736898959 0.438804805 16.927745819
0.657379746 -0.065835893 -0.750678003 -3.226237297 -0.525634348 0.673748851 -0.519394815 -12.436289787 0.539963365 0.736021698 0.408303261 17.111412048
0.614634275 -0.066212647 -0.786028326 -3.633204460 -0.552074611 0.675630391 -0.488607466 -12.664579391 0.563416719 0.734261155 0.378711253 17.283689499
0.578453898 -0.077306464 -0.812043607 -4.157683372 -0.558973610 0.687457979 -0.463627100 -12.856853485 0.594087183 0.722097814 0.354450464 17.425079346
0.531102717 -0.077603206 -0.843746185 -4.629489899 -0.586233318 0.685325205 -0.432041705 -13.067313194 0.611768246 0.724090636 0.318484426 17.584121704
0.479842782 -0.084897250 -0.873237312 -5.187737942 -0.556370914 0.740139961 -0.377682477 -13.217876434 0.678382158 0.667072177 0.307916462 17.677436829
0.427339375 -0.086063653 -0.899985611 -5.713114738 -0.575324357 0.742005110 -0.344137073 -13.406197548 0.697411656 0.664846897 0.267573476 17.811777115
0.375264227 -0.087436095 -0.922784746 -6.279794216 -0.593973279 0.741597235 -0.311816335 -13.573046684 0.711598516 0.665123105 0.226360202 17.925855637
0.324641049 -0.098134600 -0.940732598 -6.881833076 -0.580025733 0.764977455 -0.279963642 -13.576697350 0.747113347 0.636536777 0.191422507 18.060441971
0.274543345 -0.093026362 -0.957064331 -7.518785954 -0.594027638 0.766265810 -0.244883537 -13.722781181 0.756146252 0.635753751 0.155112997 18.132310867
0.227311030 -0.094825529 -0.969194412 -8.117917061 -0.600367367 0.769962251 -0.216140613 -13.815022469 0.766738892 0.631003976 0.118090779 18.188158035
0.183771908 -0.096708380 -0.978200078 -8.786331177 -0.602785826 0.774985015 -0.189861625 -13.922245026 0.776451647 0.624536335 0.084126048 18.223566055
0.143826604 -0.099566378 -0.984581351 -9.459403038 -0.607274175 0.776688159 -0.167253032 -14.016837120 0.781365454 0.621966243 0.051244333 18.238389969
0.109137043 -0.103659347 -0.988607049 -10.149911880 -0.616341591 0.773231626 -0.149117261 -14.102511406 0.779879570 0.625593841 0.020498650 18.237516403
0.081397474 -0.101987854 -0.991449833 -10.868291855 -0.627325773 0.767748296 -0.130479336 -14.191654205 0.774491310 0.632582784 -0.001486838 18.219774246
0.060810715 -0.096348912 -0.993488193 -11.616360664 -0.635530353 0.763766170 -0.112970725 -14.271695137 0.769677341 0.638261795 -0.014787490 18.191556931
0.047672402 -0.091794655 -0.994636178 -12.395307541 -0.632205665 0.768163800 -0.101194881 -14.355053902 0.773332655 0.633638799 -0.021412890 18.167074203
0.039236143 -0.085743114 -0.995544314 -13.186524391 -0.639711738 0.763215363 -0.090945497 -14.442898750 0.767612636 0.640429854 -0.024905251 18.136667252
0.035652716 -0.090643205 -0.995245039 -14.012951851 -0.637159050 0.765159786 -0.092512898 -14.524238586 0.769907296 0.637427866 -0.030474113 18.106784821
0.034111209 -0.090463735 -0.995315313 -14.832913399 -0.635642946 0.766546905 -0.091455653 -14.628137589 0.771229386 0.635784864 -0.031354789 18.081192017
0.037626181 -0.098906770 -0.994385123 -15.695044518 -0.617522538 0.780047715 -0.100953847 -14.714966774 0.785652697 0.617853582 -0.031726945 18.067573547
0.044120364 -0.098733872 -0.994135261 -16.601579666 -0.616554976 0.780297637 -0.104859412 -14.808046341 0.786074698 0.617565453 -0.026447851 18.027694702
0.048324294 -0.096602187 -0.994149208 -17.470621109 -0.623490274 0.774669170 -0.105582185 -14.908241272 0.780336261 0.624944568 -0.022795187 18.012248993
0.051517121 -0.103234671 -0.993321955 -18.402019501 -0.620078146 0.776381612 -0.112847738 -15.005576134 0.782846808 0.621750951 -0.024016615 17.975334167
0.053986713 -0.115977108 -0.991783559 -19.342792511 -0.619713783 0.774914026 -0.124350302 -15.133601189 0.782968760 0.621335268 -0.030037558 17.963142395
0.056891058 -0.123674102 -0.990690708 -20.333196640 -0.625547886 0.768952608 -0.131915644 -15.237642288 0.778108656 0.627229333 -0.033617549 17.903324127
0.055268232 -0.127548590 -0.990291178 -21.259376526 -0.626005948 0.768238962 -0.133885890 -15.369869232 0.777857304 0.627327859 -0.037386965 17.869779587
0.053961705 -0.121075504 -0.991175413 -22.337835312 -0.633699596 0.762966454 -0.127698928 -15.494497299 0.771694958 0.634998202 -0.035554513 17.809152603
0.049027760 -0.113314152 -0.992348850 -23.310535431 -0.633526862 0.764576018 -0.118605159 -15.631923676 0.772165775 0.634494483 -0.034302112 17.748733521
0.045343038 -0.104126088 -0.993529916 -24.399839401 -0.635498762 0.764353514 -0.109110527 -15.743261337 0.770769358 0.636334300 -0.031513885 17.697061539
0.046879858 -0.103147551 -0.993560612 -25.427396774 -0.651252508 0.751035988 -0.108698070 -15.941272736 0.757411659 0.652154744 -0.031966645 17.646383286
0.046405096 -0.095583774 -0.994339108 -26.539899826 -0.650332272 0.752675295 -0.102703661 -16.066638947 0.758231163 0.651416779 -0.027233252 17.594854355
0.044208109 -0.094850190 -0.994509459 -27.597185135 -0.649677575 0.753504932 -0.100744247 -16.181787491 0.758923352 0.650564194 -0.028311010 17.553562164
0.042729963 -0.097662047 -0.994301915 -28.710941315 -0.651257992 0.751990497 -0.101849519 -16.301366806 0.757652462 0.651898980 -0.031470668 17.510356903
0.035880655 -0.092891805 -0.995029628 -29.812774658 -0.636512697 0.765465617 -0.094413280 -16.315126419 0.770431161 0.636736453 -0.031661414 17.494987488
0.031788565 -0.098274022 -0.994651616 -30.932142258 -0.637297034 0.764626026 -0.095914617 -16.420026779 0.769962370 0.636937439 -0.038323380 17.443861008
0.029546667 -0.111982785 -0.993270755 -31.970035553 -0.652868509 0.750296295 -0.104010254 -16.658304214 0.756894767 0.651548386 -0.050941274 17.331380844
0.023630284 -0.113936931 -0.993206859 -33.099246979 -0.654389560 0.749310613 -0.101527244 -16.768423080 0.755788267 0.652343392 -0.056852717 17.254062653
0.018268123 -0.115324356 -0.993159831 -34.194656372 -0.662806630 0.742298841 -0.098386332 -16.957897186 0.748567700 0.660070121 -0.062877342 17.138013840
0.012600562 -0.110401705 -0.993807137 -35.345020294 -0.664483964 0.741762459 -0.090827189 -17.063755035 0.747196198 0.661513269 -0.064013556 17.039958954
0.006514737 -0.107119314 -0.994224787 -36.480140686 -0.667321920 0.740005553 -0.084102012 -17.175952911 0.744740784 0.664016008 -0.066662125 16.953241348
0.002603576 -0.104810074 -0.994488895 -37.635238647 -0.670555353 0.737588465 -0.079490624 -17.263458252 0.741854966 0.667066813 -0.068360589 16.860551834
0.000757465 -0.104101717 -0.994566381 -38.751144409 -0.675895452 0.732939720 -0.077231899 -17.384649277 0.736997128 0.672281384 -0.069806702 16.757257462
-0.000050571 -0.102574103 -0.994725406 -39.892272949 -0.678943634 0.730321467 -0.075274773 -17.473733902 0.734190404 0.675358593 -0.069678970 16.657762527
-0.001437477 -0.102615468 -0.994719982 -41.048755646 -0.680080473 0.729366958 -0.074258804 -17.570466995 0.733136058 0.676382959 -0.070835218 16.551387787
-0.001960051 -0.103448428 -0.994632840 -42.194023132 -0.680582047 0.728877783 -0.074466951 -17.646795273 0.732669353 0.676783383 -0.071833767 16.435737610
-0.004121825 -0.103193156 -0.994652808 -43.397201538 -0.679531336 0.730013430 -0.072921410 -17.734720230 0.733634889 0.675597191 -0.073131964 16.356698990
-0.004413879 -0.104239881 -0.994542360 -44.581165314 -0.681517184 0.728122771 -0.073291294 -17.824352264 0.731788874 0.677474260 -0.074255109 16.260004044
-0.004691625 -0.106161445 -0.994337976 -45.737415314 -0.684855998 0.724894583 -0.074162699 -17.911321640 0.728663266 0.680630326 -0.076106235 16.143013000
-0.003772752 -0.110238679 -0.993898034 -46.898303986 -0.688249826 0.721333683 -0.077394545 -18.005384445 0.725463986 0.683758080 -0.078593165 16.013835907
-0.002693428 -0.111825101 -0.993724346 -48.062915802 -0.691130757 0.718402445 -0.078969501 -18.129089355 0.722724736 0.686580658 -0.079220749 15.904529572
-0.000622038 -0.107809648 -0.994171381 -49.270122528 -0.691880107 0.717850506 -0.077412032 -18.224670410 0.722012103 0.687799215 -0.075037889 15.799352646
0.000365187 -0.103395358 -0.994640291 -50.418663025 -0.690629303 0.719306648 -0.075027309 -18.346321106 0.723208845 0.686955154 -0.071145184 15.684309006
0.001748766 -0.104175694 -0.994557321 -51.629810333 -0.689193904 0.720507801 -0.076681994 -18.444412231 0.724574745 0.685577095 -0.070537262 15.585867882
0.004192911 -0.105194405 -0.994442821 -52.809864044 -0.688701153 0.720712900 -0.079142444 -18.537658691 0.725033164 0.685205758 -0.069425628 15.491428375
0.009324193 -0.104439206 -0.994487524 -54.014190674 -0.691160679 0.718046784 -0.081888154 -18.637428284 0.722640932 0.688114285 -0.065489061 15.386060715
0.015296517 -0.103160664 -0.994547009 -55.228996277 -0.694186211 0.714780629 -0.084818371 -18.744449615 0.719632924 0.691698313 -0.060679056 15.298218727
0.022176011 -0.103980348 -0.994332075 -56.453876495 -0.696601510 0.711794674 -0.089970447 -18.841592789 0.717115521 0.694648385 -0.056648087 15.212839127
0.028369702 -0.104324721 -0.994138598 -57.666965485 -0.696737170 0.711074293 -0.094502762 -18.959777832 0.716765404 0.695334315 -0.052513942 15.116633415
0.033277284 -0.105252221 -0.993888617 -58.887516022 -0.695471346 0.711748481 -0.098659456 -19.094709396 0.717782855 0.694504201 -0.049514849 15.052909851
0.038645871 -0.105815277 -0.993634582 -60.105976105 -0.693564713 0.713006616 -0.102905452 -19.217079163 0.719357073 0.693126738 -0.045834981 14.976497650
0.043895874 -0.104042776 -0.993603528 -61.243038177 -0.692389250 0.713794291 -0.105331905 -19.395647049 0.720187664 0.692584157 -0.040705480 14.870510101
0.049782917 -0.102848433 -0.993450463 -62.473766327 -0.691237330 0.714420795 -0.108600147 -19.530326843 0.720911026 0.692116559 -0.035526730 14.811917305
0.054604400 -0.102656126 -0.993217051 -63.693874359 -0.691160917 0.714001656 -0.111795373 -19.650016785 0.720634997 0.692577362 -0.031964276 14.791147232
0.059957981 -0.103955887 -0.992772996 -64.937080383 -0.690418184 0.713974774 -0.116459593 -19.799858093 0.720921516 0.692411184 -0.028964540 14.746338844
0.064663976 -0.108009405 -0.992044628 -66.160003662 -0.689277530 0.714036822 -0.122670002 -19.957447052 0.721605897 0.691726387 -0.028275996 14.682401657
0.069717467 -0.112866282 -0.991161227 -67.394531250 -0.688570499 0.713480234 -0.129679441 -20.123605728 0.721810400 0.691525340 -0.027974349 14.619487762
0.072564915 -0.113930076 -0.990835071 -68.644470215 -0.687709749 0.713802934 -0.132441029 -20.295013428 0.722350061 0.691017568 -0.026553765 14.587071419
0.076294661 -0.111406654 -0.990841866 -69.906867981 -0.686745286 0.714585185 -0.133224651 -20.475236893 0.722883105 0.690620363 -0.021988969 14.532287598
0.079959601 -0.111542307 -0.990537584 -71.176292419 -0.685866535 0.714930654 -0.135872290 -20.602817535 0.723321199 0.690240860 -0.019337568 14.430729866
0.081574537 -0.112419173 -0.990306854 -72.425857544 -0.687549710 0.712985814 -0.137573391 -20.758762360 0.721540630 0.692107618 -0.019132290 14.398961067
0.082274124 -0.110737488 -0.990438342 -73.668594360 -0.687714517 0.712967753 -0.136841819 -20.954170227 0.721304178 0.692397416 -0.017496997 14.346768379
0.084157325 -0.111340649 -0.990212500 -74.918144226 -0.688418388 0.711955547 -0.138561249 -21.122390747 0.720414877 0.693341553 -0.016732682 14.296758652
0.079880357 -0.112140290 -0.990476429 -76.172805786 -0.687830687 0.712979555 -0.136194944 -21.402465820 0.721462369 0.692159474 -0.020180475 14.328175545
0.081289276 -0.114058875 -0.990142703 -77.423255920 -0.686316609 0.713976204 -0.138591632 -21.566446304 0.722745895 0.690817297 -0.020241883 14.284333229
0.083223924 -0.115881875 -0.989770234 -78.729759216 -0.683157742 0.716465294 -0.141326129 -21.662658691 0.725513279 0.687930822 -0.019538555 14.204234123
0.083754741 -0.116225727 -0.989685118 -80.009895325 -0.681399882 0.718007088 -0.141985953 -21.843629837 0.727103472 0.686263263 -0.019059690 14.165501595
0.087803610 -0.110171698 -0.990026772 -81.282005310 -0.681897938 0.717853844 -0.140360147 -21.997062683 0.726158202 0.687421203 -0.012095699 13.959177017
0.088172786 -0.106365941 -0.990410030 -82.558349609 -0.683585525 0.716737866 -0.137831971 -22.184576035 0.724524856 0.689182997 -0.009513450 13.927207947
0.087054931 -0.106275961 -0.990518451 -83.818283081 -0.684580326 0.715950608 -0.136983261 -22.420026779 0.723720253 0.690014601 -0.010427416 13.948689461
0.088004366 -0.107435249 -0.990309536 -85.070579529 -0.684738576 0.715512633 -0.138473153 -22.607864380 0.723455846 0.690289259 -0.010596815 13.901960373
0.087337650 -0.111028098 -0.989972174 -86.291023254 -0.684846520 0.714992881 -0.140607178 -22.780160904 0.723434389 0.690259337 -0.013591412 13.890586853
0.087197706 -0.111506671 -0.989930689 -87.501533508 -0.683357894 0.716361284 -0.140884906 -22.965721130 0.724857450 0.688761771 -0.013733911 13.850440979
0.086917952 -0.110310450 -0.990089297 -88.742767334 -0.682268023 0.717602491 -0.139846370 -23.153278351 0.725917101 0.687661409 -0.012888770 13.819027901
0.086670227 -0.108273409 -0.990335822 -89.973915100 -0.681871593 0.718296885 -0.138206035 -23.333381653 0.726319075 0.687260151 -0.011573600 13.808377266
0.087093823 -0.105622090 -0.990584970 -91.198608398 -0.681894302 0.718587458 -0.136573330 -23.522132874 0.726247132 0.687368929 -0.009438565 13.773812294
0.088127784 -0.105285622 -0.990529299 -92.443916321 -0.682914197 0.717531681 -0.137027234 -23.695949554 0.725163281 0.688522458 -0.008666564 13.730949402
0.088007741 -0.107427545 -0.990310013 -93.642997742 -0.682638228 0.717511535 -0.138500035 -23.880533218 0.725437582 0.688212514 -0.010187582 13.705867767
0.088104270 -0.109015718 -0.990127861 -94.854148865 -0.681527674 0.718327522 -0.139733925 -24.057695389 0.726469219 0.687110841 -0.011009496 13.672676086
0.087794803 -0.108192950 -0.990245581 -96.081604004 -0.680331767 0.719613552 -0.138942018 -24.242465973 0.727626801 0.685893893 -0.010428760 13.651197433
0.087495521 -0.105354659 -0.990578055 -97.294830322 -0.678558707 0.721715033 -0.136694819 -24.433513641 0.729316533 0.684125543 -0.008342475 13.616239548
0.086687863 -0.103647828 -0.990829110 -98.533767700 -0.677326739 0.723206222 -0.134912014 -24.622039795 0.730557144 0.682810247 -0.007510243 13.616142273
0.085928515 -0.102230601 -0.991042495 -99.737892151 -0.678134024 0.722738922 -0.133351579 -24.837932587 0.729897618 0.683518350 -0.007222166 13.649493217
0.086815260 -0.100109845 -0.991181612 -100.986167908 -0.679641366 0.721496999 -0.132399753 -25.019931793 0.728389084 0.685142398 -0.005401856 13.622699738
0.087434135 -0.100681975 -0.991069317 -102.190780640 -0.680636764 0.720404565 -0.133232489 -25.192886353 0.727384925 0.686207294 -0.005539894 13.588746071
0.087860167 -0.104648553 -0.990620792 -103.393966675 -0.682357669 0.718182683 -0.136388078 -25.363777161 0.725719392 0.687940657 -0.008308098 13.560642242
0.088383481 -0.105645485 -0.990468383 -104.572380066 -0.683350980 0.717033207 -0.137458459 -25.537813187 0.724720478 0.688986540 -0.008819046 13.515594482
0.088822760 -0.107517950 -0.990227401 -105.779525757 -0.683248281 0.716810942 -0.139117569 -25.708044052 0.724763632 0.688928068 -0.009792317 13.478997231
0.088576145 -0.107394628 -0.990262926 -106.996566772 -0.682160258 0.717893839 -0.138873309 -25.892076492 0.725817919 0.687818885 -0.009672069 13.457780838
0.088480748 -0.105067924 -0.990521014 -108.209007263 -0.682108700 0.718279541 -0.137121394 -26.082981110 0.725878000 0.687775612 -0.008113832 13.430061340
0.088451318 -0.102735087 -0.990768313 -109.429786682 -0.681363463 0.719309688 -0.135415971 -26.265777588 0.726581275 0.687050939 -0.006376030 13.400584221
0.088039495 -0.104275495 -0.990644038 -110.624595642 -0.684184551 0.716474354 -0.136220425 -26.429443359 0.723975420 0.689776242 -0.008265642 13.384028435
0.087867782 -0.102941185 -0.990798891 -111.816467285 -0.686531842 0.714435935 -0.135112107 -26.599060059 0.721770883 0.692086875 -0.007896486 13.355155945
0.088039532 -0.102350488 -0.990844786 -113.119400024 -0.689174473 0.711950779 -0.134776995 -26.843254089 0.719227076 0.694730520 -0.007857544 13.338402748
0.088063784 -0.106166102 -0.990441144 -114.327217102 -0.690159678 0.710470140 -0.137520462 -27.002286911 0.718278766 0.695673048 -0.010704882 13.314380646
0.085135587 -0.109310798 -0.990354955 -115.598518372 -0.690097094 0.710487425 -0.137744308 -27.281568527 0.718691826 0.695168018 -0.014947281 13.322397232
0.083284430 -0.110650241 -0.990363657 -116.808380127 -0.687833786 0.712731063 -0.137474447 -27.462951660 0.721074462 0.692655027 -0.016749581 13.303068161
0.081433952 -0.111361660 -0.990437806 -118.097274780 -0.685566306 0.715048492 -0.136765108 -27.734495163 0.723441303 0.690147996 -0.018116577 13.325815201
0.080690324 -0.109647758 -0.990689814 -119.325233459 -0.685067654 0.715856194 -0.135027468 -27.910457611 0.723996878 0.689584911 -0.017353460 13.286849976
0.079168811 -0.105458371 -0.991267264 -120.627357483 -0.684553206 0.717102110 -0.130963355 -28.140514374 0.724651098 0.688943326 -0.015419743 13.269209862
0.078245714 -0.105733499 -0.991311312 -121.905418396 -0.683896482 0.717805147 -0.130542278 -28.320720673 0.725370944 0.688168705 -0.016145589 13.241811752
0.077429421 -0.109713502 -0.990942776 -123.139144897 -0.683476627 0.717777133 -0.132874519 -28.499689102 0.725854218 0.687574625 -0.019409550 13.199003220
0.075609513 -0.113274902 -0.990682602 -124.393127441 -0.683876395 0.717150748 -0.134193093 -28.688980103 0.725669563 0.687650621 -0.023242613 13.167903900
0.074657127 -0.113229267 -0.990760028 -125.634597778 -0.683422148 0.717708945 -0.133521751 -28.938928604 0.726195872 0.687075675 -0.023801299 13.105283737
0.073461808 -0.111763403 -0.991015732 -126.924758911 -0.684686899 0.716858089 -0.131599158 -29.121555328 0.725125670 0.688202858 -0.023861248 13.067283630
0.242178619 -0.267496914 -0.932628095 -117.687240601 -0.715838552 0.599592865 -0.357859790 3.788570404 0.654923439 0.754277050 -0.046276044 14.092649460
0.243085906 -0.262942970 -0.933686376 -118.921569824 -0.719499230 0.596690476 -0.355360925 3.304809570 0.650561333 0.758169949 -0.044140220 14.009723663
0.273393452 -0.281576097 -0.919766784 -119.778091431 -0.720898509 0.573080122 -0.389723420 7.496166229 0.636837006 0.769606471 -0.046311434 13.789049149
0.274208069 -0.282411188 -0.919268191 -120.991569519 -0.722739935 0.570074379 -0.390720069 6.975608826 0.634395003 0.771530449 -0.047790851 13.703218460
0.274423361 -0.283348262 -0.918915391 -122.941238403 -0.724189103 0.567797661 -0.391351432 6.155151367 0.632646799 0.772864521 -0.049380783 13.575326920
0.273538351 -0.283510774 -0.919129193 -124.156623840 -0.724668682 0.567602694 -0.390746117 5.623855591 0.632480979 0.772948027 -0.050190296 13.476316452
0.273829460 -0.286988288 -0.917962492 -125.995239258 -0.723277211 0.567664146 -0.393226951 5.456317902 0.633945942 0.771618485 -0.052128918 13.219186783
0.273160636 -0.286702991 -0.918250799 -127.211471558 -0.723741233 0.567569733 -0.392508835 4.932312012 0.633704841 0.771793902 -0.052461028 13.140977859
0.269853532 -0.281585783 -0.920808613 -129.124740601 -0.724973142 0.569944441 -0.386752248 4.002716064 0.633713663 0.771927953 -0.050340615 13.050024033
0.268759251 -0.277777970 -0.922284007 -130.336349487 -0.724747837 0.572366774 -0.383584201 3.475845337 0.634435892 0.771515191 -0.047490142 12.956642151
0.268969029 -0.279029042 -0.921845138 -132.260986328 -0.725121260 0.571285069 -0.384490043 2.661163330 0.633920252 0.771865368 -0.048671912 12.832014084
0.269314528 -0.280893862 -0.921177685 -133.477554321 -0.724498391 0.571087718 -0.385954767 2.142345428 0.634485543 0.771334827 -0.049704973 12.748441696
0.272264659 -0.281747103 -0.920049191 -135.356262207 -0.723073304 0.570951700 -0.388817579 1.409313202 0.634851873 0.771124303 -0.048273839 12.589375496
0.270556599 -0.282068104 -0.920454741 -136.928955078 -0.723928869 0.570652306 -0.387663424 0.659526825 0.634607017 0.771228552 -0.049803499 12.521669388
0.271062315 -0.280161381 -0.920888007 -138.129333496 -0.723567843 0.571634591 -0.386889458 0.138748169 0.634802878 0.771196067 -0.047767173 12.437047958
0.272086263 -0.276792586 -0.921604574 -140.042144775 -0.723827124 0.572209597 -0.385552317 -0.681201935 0.634068906 0.771985948 -0.044659600 12.314258575
0.273611903 -0.275647759 -0.921495974 -141.244888306 -0.724012733 0.571683943 -0.385983169 -1.195537567 0.633199930 0.772784352 -0.043152954 12.233195305
0.274791300 -0.277534336 -0.920578301 -143.142425537 -0.725106537 0.568947375 -0.387968451 -2.006759644 0.631435096 0.774127603 -0.044900168 12.112081528
0.273550332 -0.280234873 -0.920129657 -144.330459595 -0.724783421 0.568844378 -0.388722181 -2.542106628 0.632344127 0.773229897 -0.047502037 12.042795181
0.273204476 -0.282861143 -0.919428587 -146.221908569 -0.723196507 0.569846511 -0.390207469 -3.347713470 0.634307623 0.771533847 -0.048879545 11.907800674
0.271674275 -0.283341378 -0.919734061 -147.756713867 -0.722764850 0.570954740 -0.389386177 -4.026538849 0.635455787 0.770537674 -0.049675480 11.796700478
0.270233154 -0.283309191 -0.920168459 -148.937316895 -0.721638739 0.573067307 -0.388370156 -4.551860809 0.637347281 0.768979669 -0.049585115 11.707712173
0.257936448 -0.271998346 -0.927084506 -149.268920898 -0.730783284 0.572753310 -0.371361613 -1.098857880 0.632000506 0.773285508 -0.051037867 12.136042595
0.223080382 -0.242133170 -0.944249272 -151.041061401 -0.729808867 0.600674570 -0.326449066 -1.879150391 0.646230638 0.761945903 -0.042712219 11.856794357
0.267991275 -0.284162968 -0.920560718 -153.874572754 -0.719114065 0.576872587 -0.387418360 -6.642532349 0.641136229 0.765812933 -0.049748778 11.366950989
0.221336946 -0.239403322 -0.945354879 -153.909469604 -0.727124453 0.605467737 -0.323572069 -2.874752045 0.649846137 0.759009123 -0.040063620 11.674226761
0.220882043 -0.241481319 -0.944932699 -155.278182983 -0.725836813 0.606437624 -0.324644983 -3.309261322 0.651438534 0.757575095 -0.041324846 11.572292328
0.143998951 -0.166023389 -0.975551426 -156.901596069 -0.726189256 0.651967525 -0.218145698 -4.504028320 0.672245145 0.739847660 -0.026681729 11.378548622
0.143837839 -0.161323726 -0.976363361 -158.472000122 -0.726237893 0.652995884 -0.214883372 -4.829360962 0.672227025 0.739980340 -0.023233864 11.277481079
0.145426899 -0.153978869 -0.977313399 -159.579177856 -0.729430377 0.650680959 -0.211058125 -5.110385895 0.668417811 0.743575573 -0.017690342 11.254281998
0.147671953 -0.153218850 -0.977096140 -161.238327026 -0.732272744 0.647124648 -0.212146819 -5.459377289 0.664807916 0.746829093 -0.016635844 11.183977127
0.118536934 -0.124782220 -0.985077858 -162.210968018 -0.731023490 0.660416722 -0.171622485 -5.679552078 0.671977401 0.740458608 -0.012934937 11.138311386
0.092202753 -0.098073035 -0.990898669 -163.379348755 -0.727118254 0.673249424 -0.134292141 -5.793704987 0.680292368 0.732882559 -0.009235241 11.014710426
0.078902170 -0.073154092 -0.994194627 -164.338073730 -0.729236901 0.675748825 -0.107596837 -5.495074272 0.679696977 0.733493030 -0.000028588 10.769326210
0.086769968 -0.074745737 -0.993420362 -164.778228760 -0.731969357 0.671652913 -0.114469357 -3.651920319 0.675789773 0.737085760 0.003567708 10.858635902
0.088167652 -0.081768021 -0.992743909 -165.930801392 -0.731445014 0.671214461 -0.120246165 -3.509927750 0.676176488 0.736739516 -0.000629446 10.929252625
0.086378880 -0.086491443 -0.992500842 -167.551177979 -0.727835298 0.674785495 -0.122148767 -3.713571548 0.680290043 0.732928157 -0.004664339 10.922890663
0.085592233 -0.081651963 -0.992978811 -168.628509521 -0.726397336 0.677019715 -0.118284456 -3.830060959 0.681924403 0.731421411 -0.001364142 10.897505760
0.085826479 -0.073513754 -0.993594170 -169.990707397 -0.727123380 0.677158058 -0.112910174 -3.999423981 0.681120694 0.732156157 0.004664532 10.871222496
0.086625554 -0.070558004 -0.993739188 -171.627883911 -0.727679729 0.676796019 -0.111487053 -4.208143234 0.680425048 0.732781589 0.007284216 10.865584373
0.089909166 -0.075089432 -0.993115246 -172.749038696 -0.727868974 0.675663948 -0.116982743 -4.334894180 0.679796338 0.733375609 0.006093146 10.841938019
0.091142163 -0.075837277 -0.992946029 -174.141082764 -0.728536785 0.674696147 -0.118402734 -4.546298981 0.678916216 0.734189212 0.006242997 10.815351486
0.091336749 -0.072539330 -0.993174553 -175.475296021 -0.728344560 0.675268829 -0.116301939 -4.657873154 0.679096282 0.733995855 0.008843245 10.813007355
0.092034616 -0.074511774 -0.992964029 -176.817291260 -0.728356779 0.674933612 -0.118155912 -4.820369720 0.678988934 0.734106660 0.007846118 10.799034119
0.093730018 -0.075900830 -0.992700160 -178.449966431 -0.728173435 0.674744904 -0.120343946 -5.024179459 0.678953648 0.734137833 0.007974870 10.783425331
0.095514156 -0.074211262 -0.992657900 -179.411300659 -0.728772521 0.674067199 -0.120516337 -5.148878098 0.678061664 0.734932721 0.010299820 10.774936676
0.096648537 -0.072261326 -0.992691875 -180.933792114 -0.728658199 0.674278319 -0.120025143 -5.355628967 0.678023875 0.734933317 0.012514209 10.754714966
0.097373538 -0.070843898 -0.992723227 -181.999359131 -0.729185641 0.673782229 -0.119607121 -5.498910904 0.677352726 0.735526085 0.013950221 10.759113312
0.096267335 -0.069396064 -0.992933393 -183.468490601 -0.729044616 0.674252033 -0.117806099 -5.721019745 0.677662611 0.735233545 0.014315613 10.749041557
0.098230109 -0.069116168 -0.992760837 -184.372894287 -0.729544222 0.673488438 -0.119074114 -5.752540588 0.676842868 0.735959411 0.015733570 10.748458862
0.097638696 -0.069333494 -0.992803812 -185.688323975 -0.729679227 0.673392594 -0.118788429 -5.928728104 0.676782787 0.736026704 0.015157984 10.752516747
0.099916928 -0.069741324 -0.992548645 -186.662658691 -0.729925871 0.672775686 -0.120752007 -6.066482544 0.676183999 0.736552119 0.016315676 10.733207703
0.100730538 -0.068998992 -0.992518306 -187.866165161 -0.730399251 0.672241926 -0.120861821 -6.234523773 0.675551713 0.737109125 0.017318478 10.736074448
0.102072075 -0.069933437 -0.992315769 -188.785919189 -0.730740011 0.671575665 -0.122495033 -6.331737518 0.674981713 0.737628281 0.017445965 10.719999313
0.098034777 -0.073093183 -0.992495179 -189.919845581 -0.729390383 0.673199236 -0.121624678 -6.502283096 0.677036881 0.735839844 0.012683463 10.723770142
0.093494013 -0.076513290 -0.992675602 -190.877700806 -0.729947627 0.672778428 -0.120605603 -6.618783951 0.677078545 0.735876977 0.007050049 10.702576637
0.088014379 -0.079560578 -0.992936909 -192.020370483 -0.731489122 0.671452284 -0.118640669 -6.775815964 0.676148891 0.736764610 0.000899739 10.692050934
0.085010506 -0.080004737 -0.993162870 -192.988800049 -0.733761787 0.669305027 -0.116723098 -6.882140160 0.674067259 0.738667727 -0.001806444 10.670057297
0.082956061 -0.078508891 -0.993455946 -194.097991943 -0.735489249 0.667843878 -0.114192285 -7.017797470 0.672438562 0.740149260 -0.002340761 10.630410194
0.079827666 -0.075534962 -0.993942678 -194.981475830 -0.734771669 0.669355631 -0.109880447 -7.170758247 0.673601031 0.739092350 -0.002067854 10.600640297
0.078164063 -0.074054614 -0.994186223 -196.059295654 -0.733131170 0.671511948 -0.107658945 -7.296821594 0.675580561 0.737284005 -0.001803648 10.579565048
0.075541295 -0.074484572 -0.994356871 -197.027084351 -0.731690288 0.673340917 -0.106024668 -7.367386818 0.677438319 0.735570550 -0.003634589 10.592547417
0.074082546 -0.075676173 -0.994376719 -198.074844360 -0.732449949 0.672557294 -0.105753034 -7.494981766 0.676778197 0.736165583 -0.005604250 10.576906204
0.074330434 -0.076020345 -0.994331896 -199.079635620 -0.733588099 0.671251655 -0.106158428 -7.606586456 0.675517082 0.737320900 -0.005873203 10.537210464
0.074177422 -0.077445313 -0.994233370 -200.131759644 -0.736098349 0.668366909 -0.106980681 -7.718069077 0.672797918 0.739789069 -0.007429630 10.525972366
0.076791756 -0.078052856 -0.993987322 -201.063812256 -0.738121927 0.665754318 -0.109302931 -7.777712822 0.670282781 0.742077351 -0.006488093 10.469203949
0.076829985 -0.081422031 -0.993714154 -202.117080688 -0.738249660 0.665233791 -0.111585833 -7.907621384 0.670137823 0.742182136 -0.008999879 10.463789940
0.078200810 -0.083323672 -0.993449450 -203.132415771 -0.737851381 0.665286720 -0.113880701 -8.022285461 0.670417786 0.741923571 -0.009454530 10.423331261
0.078994900 -0.083705448 -0.993354499 -204.199371338 -0.737845659 0.665148079 -0.114724956 -8.146103859 0.670331061 0.742004991 -0.009218387 10.394474030
0.079484098 -0.081017941 -0.993538320 -205.245391846 -0.735828161 0.667621315 -0.113308087 -8.279680252 0.672487319 0.740079641 -0.006549993 10.366447449
0.078875728 -0.079552166 -0.993705213 -206.318206787 -0.735276282 0.668470025 -0.111877918 -8.417056084 0.673162282 0.739472330 -0.005766755 10.345613480
0.080017917 -0.083512887 -0.993288875 -207.368545532 -0.731837153 0.671633482 -0.115424752 -8.541843414 0.676765501 0.736161709 -0.007375116 10.318848610
0.077059105 -0.087296359 -0.993197501 -208.342559814 -0.730923414 0.672559023 -0.115824178 -8.702357292 0.678095043 0.734876513 -0.011980141 10.344639778
0.077869006 -0.087084897 -0.993152916 -209.420562744 -0.733983338 0.669149339 -0.116223142 -8.820866585 0.674688876 0.738007724 -0.011812855 10.322429657
0.080261871 -0.082282722 -0.993371964 -210.523620605 -0.734287918 0.669069529 -0.114748761 -8.952724457 0.674076617 0.738630831 -0.006718440 10.282920837
0.079416133 -0.082228459 -0.993444264 -211.574295044 -0.732483864 0.671153545 -0.114106998 -9.143239975 0.676136434 0.736743927 -0.006930606 10.293209076
0.201592922 -0.194886580 -0.959885120 -205.435028076 -0.775934696 0.566284716 -0.277933449 1.673000336 0.597733796 0.800837576 -0.037060268 10.921394348
0.203135133 -0.189622894 -0.960614026 -206.706787109 -0.776049435 0.567052543 -0.276041210 1.293212891 0.597062349 0.801557600 -0.031968437 10.851922989
0.204143360 -0.186090931 -0.961090863 -208.000961304 -0.774127543 0.570251167 -0.274845600 0.911785126 0.599209368 0.800114870 -0.027645120 10.788591385
0.205113605 -0.185945034 -0.960912466 -209.094238281 -0.773509800 0.570746720 -0.275555640 0.588317871 0.599675834 0.799795449 -0.026762374 10.753953934
0.207715198 -0.183025777 -0.960914135 -210.655883789 -0.776111662 0.567093372 -0.275782108 0.146392822 0.595403314 0.803060710 -0.024254521 10.679194450
0.210514575 -0.179048121 -0.961054325 -212.024932861 -0.778172076 0.564353347 -0.275596321 -0.262020111 0.591719151 0.805882812 -0.020525662 10.618017197
