0.999999702 -0.000615481 -0.000397257 -0.002819937 0.000616185 0.999998212 0.001773576 -0.022834929 0.000396165 -0.001773820 0.999998331 1.316509604
0.999997973 -0.001777969 -0.000948899 -0.006278304 0.001779546 0.999997020 0.001662950 -0.039767131 0.000945939 -0.001664635 0.999998152 2.629979849
0.999994278 -0.003323785 -0.000612145 -0.003552363 0.003324345 0.999994040 0.000913697 -0.024705505 0.000609104 -0.000915727 0.999999344 1.448957324
0.999998808 -0.001023876 0.001179193 0.014126430 0.001024257 0.999999404 -0.000322210 -0.074030921 -0.001178863 0.000323417 0.999999225 5.289506435
0.999997795 -0.001068505 0.001807223 0.010541887 0.001067819 0.999999285 0.000380666 -0.093663223 -0.001807628 -0.000378736 0.999998271 6.612551212
0.999984443 -0.005433549 -0.001274848 -0.017527960 0.005437222 0.999981046 0.002894909 -0.119002923 0.001259094 -0.002901796 0.999994993 7.891548634
0.999996364 -0.001924615 0.001855784 0.004772281 0.001921516 0.999996781 0.001669801 -0.126318395 -0.001858992 -0.001666230 0.999996901 9.252904892
0.999989033 -0.004075855 -0.002316139 -0.020835953 0.004079095 0.999990702 0.001396369 -0.155601054 0.002310426 -0.001405801 0.999996364 10.552082062
0.999999344 0.000792244 0.000859859 0.005191206 -0.000790563 0.999997735 -0.001954139 -0.173259601 -0.000861406 0.001953457 0.999997735 11.902982712
0.999992073 0.003964323 0.000437533 0.003423060 -0.003963142 0.999988616 -0.002667438 -0.188975126 -0.000448102 0.002665683 0.999996364 12.678624153
0.999980152 0.006213923 0.001064342 -0.007397024 -0.006210720 0.999976277 -0.002985487 -0.216184437 -0.001082869 0.002978818 0.999994993 14.585612297
0.999974430 0.007153022 -0.000043257 0.000832578 -0.007153091 0.999972582 -0.001945150 -0.230849296 0.000029343 0.001945410 0.999998152 15.547951698
0.999985218 0.005282166 0.001267110 -0.008281942 -0.005282420 0.999985993 0.000197160 -0.257631123 -0.001266049 -0.000203850 0.999999166 17.292474747
0.999993622 -0.000721672 0.003500537 -0.002996221 0.000711662 0.999995589 0.002860033 -0.275758296 -0.003502586 -0.002857524 0.999989808 18.646482468
0.999994755 -0.002411401 0.002146485 -0.002590436 0.002411994 0.999997020 -0.000273864 -0.282228619 -0.002145817 0.000279040 0.999997675 19.854579926
0.999966919 -0.007379741 0.003449722 0.006517433 0.007382061 0.999972522 -0.000660018 -0.315598488 -0.003444757 0.000685462 0.999993801 21.342496872
0.999983251 -0.004942724 0.003022881 0.012332786 0.004951458 0.999983609 -0.002888368 -0.325342298 -0.003008555 0.002903287 0.999991298 22.621887207
0.999986470 -0.002414928 0.004604293 -0.001687236 0.002416518 0.999997020 -0.000339613 -0.358882427 -0.004603460 0.000350734 0.999989271 24.066211700
0.999990582 -0.001494408 0.004068420 0.006969586 0.001482953 0.999994934 0.002817181 -0.376028568 -0.004072611 -0.002811121 0.999987721 25.408002853
0.999976456 -0.004537214 0.005149424 0.010988474 0.004510755 0.999976754 0.005138153 -0.392179102 -0.005172617 -0.005114804 0.999973536 26.830867767
0.999957442 -0.008209555 0.004223018 0.010832503 0.008198724 0.999963105 0.002575879 -0.396316171 -0.004244010 -0.002541145 0.999987721 28.189567566
0.999950647 -0.008916845 0.004374619 0.024943352 0.008913105 0.999959886 0.000873585 -0.423472941 -0.004382233 -0.000834550 0.999990046 29.587287903
0.999959886 -0.007624243 0.004708128 0.000707090 0.007637720 0.999966800 -0.002851028 -0.427477121 -0.004686235 0.002886874 0.999984801 30.941362381
0.999968112 -0.005864243 0.005423098 0.019659087 0.005877570 0.999979675 -0.002444633 -0.466904700 -0.005408653 0.002476430 0.999982297 32.349693298
0.999972105 -0.005593823 0.004969985 0.006996736 0.005618427 0.999971867 -0.004950070 -0.481237173 -0.004942156 0.004977855 0.999975383 33.727302551
0.999987185 -0.002893575 0.004157369 0.012818947 0.002914595 0.999982953 -0.005058952 -0.499761343 -0.004142658 0.005071004 0.999978602 35.094867706
0.999978483 -0.004039062 0.005172102 0.034660637 0.004052385 0.999988437 -0.002568051 -0.549381077 -0.005161670 0.002588956 0.999983311 36.532394409
0.999982417 -0.002988737 0.005130200 0.007246464 0.003001260 0.999992549 -0.002435159 -0.534713686 -0.005122884 0.002450513 0.999983847 37.895671844
0.999988317 0.000216441 0.004829293 0.030088142 -0.000211355 0.999999404 -0.001053583 -0.593647420 -0.004829520 0.001052551 0.999987781 39.333335876
0.999991000 0.001477760 0.003975539 0.039854795 -0.001470193 0.999997139 -0.001905500 -0.589725256 -0.003978344 0.001899638 0.999990284 40.688949585
0.999977946 0.004580547 0.004813438 0.029107362 -0.004576103 0.999989033 -0.000934191 -0.640758336 -0.004817667 0.000912144 0.999987900 42.149753571
0.999978364 0.005841921 0.003009879 0.048007503 -0.005837568 0.999981880 -0.001453060 -0.655477226 -0.003018316 0.001435458 0.999994397 43.525238037
0.999985099 0.004058037 0.003649520 0.037386924 -0.004055284 0.999991477 -0.000761323 -0.693682015 -0.003652578 0.000746512 0.999993026 44.955287933
0.999997139 0.001794560 0.001559626 0.050579093 -0.001791273 0.999996185 -0.002105239 -0.676270306 -0.001563398 0.002102440 0.999996543 46.339557648
0.999997377 0.001896838 0.001277482 0.052457362 -0.001895405 0.999997556 -0.001123689 -0.741513252 -0.001279610 0.001121266 0.999998510 47.766872406
0.999996722 0.002277051 -0.001153554 0.057619739 -0.002277636 0.999997258 -0.000505749 -0.748890758 0.001152398 0.000508375 0.999999225 49.171211243
0.999995708 0.002891585 -0.000633972 0.039598990 -0.002891809 0.999995768 -0.000353748 -0.790188491 0.000632950 0.000355579 0.999999702 50.637672424
0.999993742 0.002657126 -0.002355236 0.014009438 -0.002656898 0.999996483 0.000099474 -0.809382081 0.002355491 -0.000093216 0.999997199 52.015544891
0.999991596 0.003283982 -0.002454944 0.010027975 -0.003281889 0.999994278 0.000855652 -0.832533419 0.002457740 -0.000847587 0.999996603 53.465129852
0.999991775 0.001072358 -0.003910252 -0.003782228 -0.001067177 0.999998569 0.001326820 -0.837852240 0.003911669 -0.001322636 0.999991477 54.848228455
0.999990404 0.000075720 -0.004385509 -0.003975004 -0.000066888 0.999997973 0.002014039 -0.878736973 0.004385649 -0.002013726 0.999988377 56.329303741
0.999980628 -0.002612521 -0.005652840 -0.004052013 0.002620505 0.999995530 0.001405349 -0.897343874 0.005649143 -0.001420136 0.999983072 57.734176636
0.999973536 -0.004802563 -0.005468362 -0.008880645 0.004814028 0.999986172 0.002085372 -0.926273167 0.005458273 -0.002111641 0.999982834 59.168109894
0.999965012 -0.005136390 -0.006598387 -0.003451556 0.005151317 0.999984205 0.002247223 -0.948059320 0.006586741 -0.002281134 0.999975741 60.552665710
0.999964416 -0.006847742 -0.004930357 -0.014624774 0.006864386 0.999970913 0.003367309 -0.963173091 0.004907154 -0.003401034 0.999982178 61.979393005
0.999946177 -0.009148366 -0.004897994 -0.015948623 0.009161288 0.999954581 0.002622401 -0.979267299 0.004873780 -0.002667132 0.999984562 63.313079834
0.999919057 -0.011989494 -0.004259231 -0.033241346 0.011999535 0.999925256 0.002340056 -1.008954763 0.004230856 -0.002390975 0.999988139 64.853897095
0.999926865 -0.011397764 -0.004039465 -0.040559009 0.011404400 0.999933660 0.001623728 -1.026411295 0.004020689 -0.001669678 0.999990523 66.235038757
0.999940693 -0.010360750 -0.003338896 -0.049723029 0.010367200 0.999944389 0.001920405 -1.055316567 0.003318813 -0.001954907 0.999992609 67.712997437
0.999968886 -0.007594705 -0.002107460 -0.070561543 0.007601971 0.999965131 0.003462077 -1.081794143 0.002081092 -0.003477990 0.999991775 69.028953552
0.999988139 -0.004435360 -0.001991764 -0.060783558 0.004443591 0.999981463 0.004147405 -1.087573051 0.001973330 -0.004156206 0.999989331 70.549316406
0.999999046 0.000444579 -0.001279663 -0.082054086 -0.000438226 0.999987543 0.004959870 -1.122322440 0.001281852 -0.004959304 0.999986827 71.894218445
0.999987423 0.005001833 -0.000171371 -0.117585726 -0.005001084 0.999978900 0.004127774 -1.134894252 0.000192014 -0.004126865 0.999991477 73.381591797
0.999982715 0.005871499 -0.000243347 -0.100487061 -0.005870640 0.999976933 0.003394853 -1.141420126 0.000263275 -0.003393366 0.999994218 74.697547913
0.999955952 0.009348270 0.000841341 -0.094833389 -0.009351007 0.999950707 0.003312295 -1.172929764 -0.000810336 -0.003320016 0.999994159 76.122726440
0.999967456 0.007991395 0.001142508 -0.139006585 -0.007995591 0.999961078 0.003717495 -1.191109657 -0.001112756 -0.003726510 0.999992430 77.543365479
0.999958515 0.009018051 0.001297821 -0.132353008 -0.009022227 0.999953985 0.003247005 -1.224097371 -0.001268479 -0.003258579 0.999993861 78.964118958
0.999972045 0.007389088 0.001261282 -0.156568095 -0.007391660 0.999970675 0.002044381 -1.228580952 -0.001246139 -0.002053646 0.999997079 80.331115723
0.999974430 0.007151497 0.000378498 -0.135828167 -0.007152376 0.999971628 0.002373745 -1.264320850 -0.000361512 -0.002376392 0.999997139 81.722259521
0.999982834 0.005881317 0.000146781 -0.125219405 -0.005881658 0.999979734 0.002426100 -1.274895430 -0.000132509 -0.002426922 0.999997020 83.112968445
0.999978483 0.006475665 -0.001106549 -0.102952972 -0.006473779 0.999977529 0.001700212 -1.304081202 0.001117534 -0.001693012 0.999997914 84.424499512
0.999984562 0.005401409 -0.001303013 -0.141107082 -0.005398421 0.999982834 0.002285818 -1.314508915 0.001315337 -0.002278748 0.999996543 85.888969421
0.999984503 0.005075704 -0.002302025 -0.142722562 -0.005067704 0.999981105 0.003468660 -1.347864866 0.002319587 -0.003456940 0.999991298 87.230628967
0.999988735 0.003269907 -0.003418783 -0.160951257 -0.003256155 0.999986529 0.004020659 -1.363906384 0.003431885 -0.004009482 0.999986053 88.666557312
0.999986947 0.001142977 -0.004974408 -0.152841032 -0.001121236 0.999989748 0.004371270 -1.381955862 0.004979352 -0.004365636 0.999978065 90.014274597
0.999981582 -0.002247598 -0.005640892 -0.178397506 0.002275106 0.999985516 0.004874945 -1.409157515 0.005629854 -0.004887688 0.999972224 91.410987854
0.999976695 -0.003276023 -0.005995793 -0.187407047 0.003301749 0.999985397 0.004285755 -1.430444479 0.005981667 -0.004305451 0.999972880 92.754753113
0.999959052 -0.004937462 -0.007591492 -0.171909094 0.004965918 0.999980688 0.003734090 -1.438281059 0.007572910 -0.003771636 0.999964237 94.152442932
0.999965072 -0.004839357 -0.006810067 -0.215656906 0.004862888 0.999982238 0.003442965 -1.466792107 0.006793284 -0.003475962 0.999970913 95.496818542
0.999965191 -0.004672430 -0.006909152 -0.223941565 0.004689799 0.999985814 0.002499792 -1.477115631 0.006897375 -0.002532108 0.999972999 96.826667786
0.999972105 -0.002978725 -0.006847321 -0.248628020 0.002990172 0.999994278 0.001662211 -1.508490562 0.006842328 -0.001682640 0.999975145 98.230415344
0.999971628 -0.002772192 -0.007007020 -0.252864152 0.002782925 0.999994993 0.001522530 -1.524509311 0.007002764 -0.001541987 0.999974370 99.543052673
0.999975741 -0.001667189 -0.006766254 -0.273147970 0.001686843 0.999994397 0.002900087 -1.545954585 0.006761381 -0.002911430 0.999972880 100.905357361
0.999978840 -0.000301851 -0.006494151 -0.290641665 0.000332555 0.999988794 0.004727431 -1.573179126 0.006492651 -0.004729490 0.999967754 102.236045837
0.999976575 -0.000091220 -0.006848006 -0.297536194 0.000109293 0.999996543 0.002638776 -1.586535096 0.006847741 -0.002639463 0.999973059 103.547645569
0.999979973 0.000878410 -0.006259680 -0.317059785 -0.000875688 0.999999523 0.000437587 -1.618417382 0.006260061 -0.000432096 0.999980330 104.938552856
0.999982893 0.000864870 -0.005775398 -0.329920053 -0.000871087 0.999999046 -0.001074102 -1.656124592 0.005774464 0.001079115 0.999982774 106.189933777
0.999978781 -0.000727436 -0.006474119 -0.352207541 0.000725027 0.999999642 -0.000374398 -1.658074617 0.006474389 0.000369696 0.999978960 107.618850708
0.999981284 -0.002692494 -0.005503858 -0.383502364 0.002700557 0.999995232 0.001457883 -1.681840181 0.005499907 -0.001472719 0.999983788 108.905014038
0.999977291 -0.003939114 -0.005463229 -0.373702109 0.003946987 0.999991179 0.001431041 -1.691007257 0.005457545 -0.001452572 0.999984026 110.304733276
0.999974370 -0.005594767 -0.004467917 -0.389129758 0.005598598 0.999983966 0.000845333 -1.724340677 0.004463115 -0.000870326 0.999989629 111.609207153
0.999987662 -0.003231680 -0.003782506 -0.405693918 0.003225605 0.999993563 -0.001610909 -1.750757098 0.003787687 0.001598688 0.999991536 112.927902222
0.999994814 -0.001743515 -0.002699430 -0.405745864 0.001733597 0.999991775 -0.003671996 -1.772113800 0.002705810 0.003667298 0.999989629 114.209732056
0.999998748 0.000634250 -0.001426896 -0.424857676 -0.000638737 0.999994874 -0.003146708 -1.805335402 0.001424893 0.003147615 0.999994040 115.616104126
0.999999344 0.001111263 -0.000171703 -0.436779201 -0.001111468 0.999998748 -0.001197698 -1.826804399 0.000170371 0.001197888 0.999999285 116.959945679
0.999999166 0.001253993 0.000283302 -0.422765464 -0.001254239 0.999998808 0.000868807 -1.848695278 -0.000282211 -0.000869161 0.999999583 118.289230347
0.999995947 0.002164269 0.001824095 -0.453991473 -0.002166072 0.999997079 0.000986569 -1.873408794 -0.001821955 -0.000990515 0.999997795 119.632240295
0.999993563 0.001651357 0.003178175 -0.470995277 -0.001653273 0.999998391 0.000600251 -1.889512181 -0.003177178 -0.000605502 0.999994755 120.933837891
0.999981821 0.004611738 0.003892276 -0.453826219 -0.004611360 0.999989390 -0.000106135 -1.919471025 -0.003892724 0.000088185 0.999992430 122.289413452
0.999968886 0.006018407 0.005106367 -0.451387227 -0.006017366 0.999981940 -0.000219205 -1.946712852 -0.005107594 0.000188471 0.999987006 123.591384888
0.999950230 0.007805080 0.006200949 -0.464304566 -0.007795567 0.999968410 -0.001556820 -1.966931105 -0.006212904 0.001508403 0.999979556 124.973777771
0.999938846 0.008426976 0.007148283 -0.461173058 -0.008410941 0.999962032 -0.002270222 -1.986212134 -0.007167141 0.002209960 0.999971926 126.274795532
0.999933004 0.008056047 0.008308286 -0.454187155 -0.008031426 0.999963403 -0.002992404 -2.006139755 -0.008332088 0.002925477 0.999961019 127.621154785
0.999937713 0.006918161 0.008755716 -0.431195378 -0.006911729 0.999975860 -0.000764641 -2.054796934 -0.008760796 0.000704077 0.999961376 128.915603638
0.999942660 0.005468154 0.009211577 -0.429978013 -0.005463584 0.999984920 -0.000521304 -2.067075968 -0.009214289 0.000470946 0.999957442 130.299026489
0.999935687 0.005041268 0.010156968 -0.441544652 -0.005042575 0.999987304 0.000103055 -2.093286276 -0.010156319 -0.000154266 0.999948382 131.620864868
0.999946475 0.003020848 0.009894365 -0.429174900 -0.003017376 0.999995351 -0.000365829 -2.111353159 -0.009895423 0.000335954 0.999951005 132.983444214
0.999959171 0.001382245 0.008924655 -0.401255727 -0.001386072 0.999998927 0.000422669 -2.131161451 -0.008924061 -0.000435022 0.999960065 134.325454712
0.999958396 0.000407904 0.009111981 -0.401667237 -0.000405149 0.999999881 -0.000304113 -2.148883581 -0.009112105 0.000300409 0.999958396 135.620300293
0.999969482 -0.001055659 0.007735698 -0.391518474 0.001059016 0.999999285 -0.000429912 -2.167191267 -0.007735238 0.000438091 0.999970019 136.939300537
0.999980509 -0.002685319 0.005629998 -0.367806435 0.002683904 0.999996364 0.000258910 -2.192876577 -0.005630673 -0.000243795 0.999984086 138.283126831
0.999980092 -0.003159192 0.005458667 -0.373227477 0.003156492 0.999994874 0.000503261 -2.216614246 -0.005460230 -0.000486021 0.999984980 139.585479736
0.999986649 -0.003381158 0.003901687 -0.363559723 0.003380076 0.999994218 0.000283746 -2.232763052 -0.003902624 -0.000270554 0.999992311 140.932861328
0.999991596 -0.003682934 0.001808305 -0.346957922 0.003683420 0.999993145 -0.000265372 -2.255846739 -0.001807316 0.000272030 0.999998331 142.275878906
0.999985874 -0.004934983 0.001935241 -0.374525249 0.004934410 0.999987781 0.000300681 -2.290333748 -0.001936700 -0.000291127 0.999998093 143.533248901
0.999970138 -0.007701263 0.000670866 -0.374183536 0.007702758 0.999967813 -0.002253717 -2.318349838 -0.000653488 0.002258817 0.999997258 144.852615356
0.999919951 -0.012607713 -0.000987647 -0.341971248 0.012604045 0.999913990 -0.003637083 -2.308214903 0.001033417 0.003624344 0.999992967 146.154663086
0.999818444 -0.019008003 -0.001325505 -0.386919022 0.019006671 0.999818861 -0.001012023 -2.365822554 0.001344501 0.000986646 0.999998569 147.466125488
0.999655128 -0.026079243 -0.003095683 -0.385682046 0.026078805 0.999659896 -0.000180520 -2.376747131 0.003099338 0.000099727 0.999995172 148.816284180
0.999533892 -0.030182773 -0.004561915 -0.390016437 0.030166764 0.999538600 -0.003537677 -2.393566132 0.004666587 0.003398411 0.999983370 150.130401611
0.999549270 -0.029831022 -0.003357942 -0.399456084 0.029810311 0.999537230 -0.006056538 -2.419581652 0.003537058 0.005953707 0.999976039 151.340408325
0.999637663 -0.026789401 -0.002584364 -0.415982246 0.026768770 0.999611914 -0.007710541 -2.462160826 0.002789923 0.007638567 0.999966979 152.690185547
0.999660730 -0.025988942 -0.001733730 -0.433252215 0.025973314 0.999626458 -0.008498499 -2.482252598 0.001953949 0.008450585 0.999962330 154.019317627
0.999534428 -0.030494062 -0.001031838 -0.424296439 0.030489372 0.999525905 -0.004287368 -2.528282881 0.001162088 0.004253911 0.999990284 155.274612427
0.999399602 -0.034637786 -0.000856414 -0.414981663 0.034635969 0.999397874 -0.002055676 -2.543419123 0.000927102 0.002024779 0.999997556 156.627227783
0.999242961 -0.038887974 -0.001107353 -0.417402476 0.038887493 0.999243498 -0.000448224 -2.568875313 0.001123946 0.000404822 0.999999285 157.962005615
0.999185801 -0.040340006 -0.000796707 -0.409737259 0.040339723 0.999185979 -0.000369387 -2.604779243 0.000810959 0.000336946 0.999999642 159.249023438
0.999266803 -0.038284868 -0.000302119 -0.408191055 0.038284883 0.999266922 0.000072026 -2.632500648 0.000299140 -0.000083539 1.000000000 160.599243164
0.999421179 -0.034013230 0.000506685 -0.412758410 0.034013942 0.999420226 -0.001472320 -2.642437220 -0.000456314 0.001488702 0.999998808 161.943267822
0.999563098 -0.029237647 0.004332226 -0.279685974 0.029254029 0.999564886 -0.003767719 -2.632757187 -0.004220181 0.003892807 0.999983490 164.110443115
0.999639869 -0.026361154 0.005027841 -0.289339244 0.026385304 0.999640346 -0.004798467 -2.649079561 -0.004899540 0.004929401 0.999975801 165.471130371
0.999695063 -0.024211176 0.004862278 -0.286077619 0.024230968 0.999698162 -0.004054041 -2.672861338 -0.004762657 0.004170622 0.999979913 166.839355469
0.999700546 -0.023737513 0.005946797 -0.262691736 0.023755562 0.999713361 -0.002983320 -2.747312546 -0.005874276 0.003123696 0.999977887 168.342391968
0.999779284 -0.020267816 0.005541022 -0.254588604 0.020300154 0.999776840 -0.005843858 -2.771421909 -0.005421343 0.005955052 0.999967575 169.702392578
0.999846160 -0.016805401 0.005007473 -0.264442444 0.016850729 0.999816179 -0.009151841 -2.784643650 -0.004852751 0.009234813 0.999945641 170.992691040
0.999908566 -0.012162919 0.005908933 -0.274698734 0.012224577 0.999870002 -0.010513075 -2.799548388 -0.005780295 0.010584350 0.999927282 172.468688965
0.999955714 -0.007342777 0.005890839 -0.269980669 0.007396636 0.999930501 -0.009173436 -2.843667984 -0.005823071 0.009216603 0.999940634 173.812667847
0.999969721 -0.004987446 0.005965876 -0.272025585 0.005030504 0.999961257 -0.007224197 -2.879131317 -0.005929613 0.007253990 0.999956131 175.208282471
0.999968052 -0.004526227 0.006603742 -0.290781736 0.004561122 0.999975681 -0.005278562 -2.892757654 -0.006579691 0.005308513 0.999964178 176.644027710
0.999965787 -0.005215527 0.006429326 -0.303169727 0.005250172 0.999971807 -0.005383410 -2.901794910 -0.006401067 0.005416980 0.999964833 177.925338745
0.999963224 -0.007307672 0.004501400 -0.287848294 0.007333731 0.999956310 -0.005799767 -2.922364235 -0.004458821 0.005832565 0.999973059 179.282073975
0.999948561 -0.009891198 0.002257440 -0.281521052 0.009909954 0.999915183 -0.008454213 -2.990674257 -0.002173626 0.008476149 0.999961734 180.771911621
0.999967933 -0.008009337 0.000342499 -0.278831810 0.008013042 0.999887228 -0.012698413 -3.028306961 -0.000240755 0.012700749 0.999919355 182.165908813
0.999993145 -0.003707930 0.000067230 -0.320848703 0.003708498 0.999902725 -0.013444745 -3.056698799 -0.000017371 0.013444902 0.999909639 183.558120728
0.999999762 -0.000304513 -0.000646408 -0.268009543 0.000296948 0.999931812 -0.011671905 -3.123542309 0.000649918 0.011671710 0.999931633 184.876724243
0.999997437 0.002225096 0.000365279 -0.311486900 -0.002221958 0.999962509 -0.008376831 -3.145720959 -0.000383905 0.008376000 0.999964774 186.196273804
0.999996364 0.002681564 -0.000058725 -0.308545560 -0.002681878 0.999976993 -0.006235985 -3.182542801 0.000042002 0.006236118 0.999980569 187.617691040
0.999996901 0.002477648 -0.000238444 -0.274885267 -0.002479099 0.999977171 -0.006288900 -3.163800240 0.000222857 0.006289471 0.999980211 189.061630249
0.999998748 0.000971067 -0.001241313 -0.253771454 -0.000978237 0.999982774 -0.005789028 -3.188423395 0.001235670 0.005790235 0.999982476 190.466888428
0.999999404 -0.000991229 -0.000313303 -0.306186438 0.000989422 0.999983191 -0.005719516 -3.218060970 0.000318967 0.005719203 0.999983609 191.860137939
0.999995828 -0.002829830 0.000484332 -0.306505591 0.002832572 0.999979377 -0.005755769 -3.250466585 -0.000468032 0.005757118 0.999983311 193.219207764
0.999969304 -0.007787628 0.000819852 -0.310019583 0.007791187 0.999959826 -0.004432009 -3.277062893 -0.000785304 0.004438260 0.999989808 194.554016113
0.999963045 -0.008464622 0.001520295 -0.318370193 0.008471131 0.999954700 -0.004327660 -3.291579962 -0.001483594 0.004340378 0.999989510 195.747146606
0.999909401 -0.013389293 0.001397763 -0.290480584 0.013393920 0.999904633 -0.003355360 -3.327571392 -0.001352704 0.003373779 0.999993384 197.453247070
0.999927104 -0.011959820 0.001720057 -0.305603296 0.011972406 0.999900162 -0.007502686 -3.356426477 -0.001630154 0.007522732 0.999970376 198.823364258
0.999986827 -0.004846826 0.001691985 -0.322504133 0.004868194 0.999905467 -0.012861235 -3.383081198 -0.001629489 0.012869302 0.999915898 200.217163086
0.999978542 0.005638564 0.003365581 -0.335002482 -0.005593821 0.999897718 -0.013158575 -3.422867775 -0.003439434 0.013139462 0.999907672 201.761383057
0.999913096 0.012502520 0.004174858 -0.336971700 -0.012463503 0.999879539 -0.009244462 -3.458831787 -0.004289935 0.009191624 0.999948502 203.137542725
0.999874830 0.014799594 0.005586433 -0.366684437 -0.014756767 0.999861896 -0.007631442 -3.485731840 -0.005698605 0.007548048 0.999955237 204.547851562
0.999911070 0.012443263 0.004779999 -0.352834404 -0.012410371 0.999899507 -0.006850203 -3.533966541 -0.004864757 0.006790273 0.999965131 206.071060181
0.999947429 0.009475971 0.003917495 -0.365123689 -0.009447678 0.999929547 -0.007178738 -3.563553333 -0.003985245 0.007141349 0.999966562 207.457489014
0.999969721 0.007367289 0.002485908 -0.345623434 -0.007348242 0.999944150 -0.007586293 -3.595762014 -0.002541659 0.007567796 0.999968112 208.872085571
0.999966562 0.007930116 0.002002274 -0.340312660 -0.007913241 0.999934256 -0.008300701 -3.625148773 -0.002067968 0.008284580 0.999963462 210.375793457
0.999959946 0.008753263 0.001896144 -0.359677970 -0.008738087 0.999930918 -0.007870395 -3.658927441 -0.001964904 0.007853510 0.999967158 211.747558594
0.999944627 0.010335069 0.001993933 -0.373514384 -0.010319166 0.999916136 -0.007827806 -3.673192739 -0.002074666 0.007806798 0.999967337 213.156646729
0.999953210 0.009561302 0.001457550 -0.361032724 -0.009549893 0.999925196 -0.007643429 -3.733985901 -0.001530521 0.007629153 0.999969721 214.727462769
0.999955952 0.009302404 0.001252587 -0.376303405 -0.009292150 0.999925196 -0.007958093 -3.786691427 -0.001326523 0.007946104 0.999967575 216.124343872
0.999955893 0.009283551 0.001425840 -0.410702586 -0.009270522 0.999917507 -0.008889271 -3.811588287 -0.001508246 0.008875660 0.999959528 217.567199707
0.999965310 0.008308518 0.000558514 -0.375206769 -0.008303311 0.999927223 -0.008754031 -3.847770452 -0.000631205 0.008749091 0.999961555 219.104705811
0.999959767 0.008962235 0.000300432 -0.390369236 -0.008959054 0.999916553 -0.009301883 -3.876258850 -0.000383772 0.009298815 0.999956727 220.540008545
0.999961972 0.008712637 0.000284571 -0.393053204 -0.008709482 0.999915421 -0.009658418 -3.911146641 -0.000368698 0.009655572 0.999953389 221.954147339
0.999877334 0.015653579 -0.000704451 -0.382088333 -0.015661448 0.999792039 -0.013054905 -3.914726734 0.000499947 0.013064334 0.999914467 223.613327026
0.999879122 0.015521984 -0.000975155 -0.387549281 -0.015533543 0.999791622 -0.013240510 -3.945911407 0.000769434 0.013254056 0.999911845 225.024032593
0.999861181 0.016650952 -0.000604372 -0.424292982 -0.016657520 0.999772668 -0.013300955 -3.993912220 0.000382761 0.013309176 0.999911308 226.504287720
0.999892592 0.014578018 -0.001499282 -0.414693326 -0.014597142 0.999800205 -0.013649957 -4.021304131 0.001299993 0.013670377 0.999905705 228.037689209
0.999896049 0.014359130 -0.001308869 -0.433533788 -0.014375400 0.999806702 -0.013407134 -4.087810516 0.001116100 0.013424556 0.999909222 229.514389038
0.999936521 0.011237176 -0.000891259 -0.475348771 -0.011248345 0.999842644 -0.013710946 -4.108253002 0.000737046 0.013720100 0.999905586 230.887115479
0.999939203 0.011000786 -0.000930643 -0.453606963 -0.011011778 0.999857843 -0.012770512 -4.158741951 0.000790025 0.012779980 0.999918044 232.474273682
0.999928176 0.011924664 -0.001275011 -0.445719004 -0.011939969 0.999847353 -0.012758457 -4.198817730 0.001122676 0.012772765 0.999917805 233.939697266
0.999923050 0.012238899 -0.002057998 -0.431905270 -0.012263098 0.999850571 -0.012188773 -4.263203621 0.001908513 0.012213073 0.999923587 235.383529663
0.999922514 0.012407028 -0.000988535 -0.473358691 -0.012419356 0.999829948 -0.013632271 -4.285763741 0.000819231 0.013643493 0.999906600 236.923995972
0.999907136 0.013616409 -0.000416321 -0.470749557 -0.013620821 0.999814272 -0.013633207 -4.312488556 0.000230608 0.013637614 0.999906957 238.409530640
0.999900758 0.014082882 -0.000111630 -0.484635323 -0.014083228 0.999833405 -0.011606455 -4.361933708 -0.000051841 0.011606876 0.999932647 239.956192017
0.999914944 0.013032898 0.000476636 -0.506518781 -0.013027368 0.999863207 -0.010185951 -4.469679832 -0.000609323 0.010178874 0.999948025 241.293838501
0.999904573 0.013677305 0.001955271 -0.538100123 -0.013652823 0.999834418 -0.012028964 -4.504462242 -0.002119471 0.012001119 0.999925733 242.785903931
0.999905884 0.013578636 0.001989029 -0.540098906 -0.013551256 0.999821246 -0.013186771 -4.550001621 -0.002167732 0.013158575 0.999911129 244.270355225
0.999903738 0.013814157 0.001289080 -0.509887338 -0.013796818 0.999825299 -0.012608098 -4.600420952 -0.001463025 0.012589099 0.999919713 245.659729004
0.999914467 0.013072457 0.000567843 -0.510568619 -0.013065292 0.999852061 -0.011183579 -4.650409698 -0.000713956 0.011175203 0.999937356 247.174957275
0.999889195 0.014868692 0.000708641 -0.513984740 -0.014859558 0.999823391 -0.011507487 -4.695683002 -0.000879617 0.011495681 0.999933541 248.569961548
0.999875903 0.015730603 0.000859400 -0.531824291 -0.015719721 0.999810696 -0.011468343 -4.738870621 -0.001039641 0.011453411 0.999933898 250.069595337
0.999860108 0.016725803 0.000202809 -0.534901440 -0.016722392 0.999794841 -0.011434175 -4.773214340 -0.000394013 0.011429184 0.999934614 251.607742310
0.999834776 0.018129742 0.001325921 -0.553239703 -0.018113224 0.999769151 -0.011557623 -4.816322327 -0.001535152 0.011531698 0.999932289 252.985717773
0.999831736 0.018316286 0.001010709 -0.560353875 -0.018304061 0.999771833 -0.011008307 -4.864677429 -0.001212110 0.010987954 0.999938905 254.479736328
0.999868512 0.016190939 0.000902954 -0.582047760 -0.016179677 0.999804914 -0.011328802 -4.897246361 -0.001086202 0.011312703 0.999935448 256.035003662
0.999903083 0.013869408 0.001137177 -0.595473111 -0.013856937 0.999850690 -0.010324144 -4.952283859 -0.001280197 0.010307387 0.999946058 257.379516602
0.999925673 0.012141138 0.001040636 -0.603600144 -0.012130248 0.999877512 -0.009898374 -4.985054970 -0.001160686 0.009885016 0.999950469 258.900543213
0.999935389 0.011290447 0.001237327 -0.616472244 -0.011275873 0.999873579 -0.011212014 -5.023340225 -0.001363759 0.011197339 0.999936402 260.418395996
0.999954224 0.009540677 0.000743219 -0.617864966 -0.009531426 0.999887407 -0.011588890 -5.075663567 -0.000853701 0.011581277 0.999932587 261.824798584
0.999969900 0.007748540 0.000446597 -0.602285266 -0.007743568 0.999917626 -0.010228748 -5.111180782 -0.000525818 0.010224980 0.999947608 263.379943848
0.999977350 0.006598107 0.001354502 -0.619604826 -0.006586507 0.999943137 -0.008396320 -5.158109188 -0.001409824 0.008387208 0.999963880 264.856719971
0.999999523 0.000422557 0.000772246 -0.315800101 -0.000415980 0.999963820 -0.008497203 -4.790616035 -0.000775809 0.008496879 0.999963582 270.700073242
0.999996424 0.002268097 0.001364025 -0.321899116 -0.002255436 0.999954998 -0.009214032 -4.844233990 -0.001384862 0.009210924 0.999956608 272.179138184
0.999972165 0.007188068 0.002009980 -0.607829690 -0.007165171 0.999911845 -0.011175822 -5.276802063 -0.002090136 0.011161109 0.999935567 269.434509277
0.999992311 0.003017071 0.002513458 -0.331628978 -0.002993480 0.999951899 -0.009337558 -4.903398037 -0.002541510 0.009329961 0.999953270 275.020172119
0.999990761 0.002504707 0.003486577 -0.310896277 -0.002470670 0.999949634 -0.009732434 -4.907104492 -0.003510779 0.009723729 0.999946535 276.434814453
0.999978006 0.005168623 0.004151554 -0.339590430 -0.005127330 0.999937832 -0.009896433 -4.983423233 -0.004202447 0.009874927 0.999942422 278.034881592
0.999973238 0.004525748 0.005735883 -0.175601602 -0.004472777 0.999947488 -0.009214318 -4.968053818 -0.005777283 0.009188415 0.999941111 279.825256348
0.999975681 0.004308397 0.005475705 -0.134899974 -0.004253389 0.999940813 -0.010018124 -4.979562283 -0.005518543 0.009994590 0.999934852 281.298034668
0.999966443 0.005036386 0.006464072 -0.172351956 -0.004960202 0.999918640 -0.011748151 -5.024332047 -0.006522714 0.011715692 0.999910116 282.792755127
0.999967575 0.003901835 0.007042678 -0.172731400 -0.003822647 0.999929726 -0.011222658 -5.065599918 -0.007085972 0.011195372 0.999912262 284.282928467
0.999957263 0.004183935 0.008235889 -0.334295988 -0.004100098 0.999939859 -0.010170110 -5.167695522 -0.008277945 0.010135909 0.999914289 285.105895996
0.999946237 0.003624752 0.009709074 -0.356878757 -0.003526851 0.999942958 -0.010081695 -5.202232361 -0.009745063 0.010046913 0.999902070 286.551940918
0.999961376 0.001864965 0.008580702 -0.126903057 -0.001763107 0.999928057 -0.011862895 -5.191142559 -0.008602209 0.011847311 0.999892831 288.541534424
0.999953508 0.002467175 0.009322865 -0.136858940 -0.002336386 0.999899089 -0.014013737 -5.252055645 -0.009356499 0.013991306 0.999858320 289.980865479
0.999975622 0.001000649 0.006913737 -0.070678711 -0.000904806 0.999903679 -0.013851837 -5.280527115 -0.006926932 0.013845244 0.999880075 291.704467773
0.999982834 -0.000208197 0.005856782 -0.079148889 0.000292037 0.999897480 -0.014317856 -5.302687645 -0.005853201 0.014319318 0.999880314 293.231445312
0.999983490 -0.000510651 0.005712111 -0.105018616 0.000595468 0.999889433 -0.014856741 -5.356555939 -0.005703893 0.014859899 0.999873281 294.369750977
0.999988258 0.000086495 0.004832753 -0.120272040 -0.000009983 0.999874651 -0.015830001 -5.386162758 -0.004833517 0.015829766 0.999863029 295.932281494
0.999993742 -0.000219368 0.003525104 -0.047438264 0.000270815 0.999893367 -0.014601029 -5.432456970 -0.003521526 0.014601896 0.999887168 297.553222656
0.999994934 -0.001184712 0.002940172 -0.062973201 0.001225975 0.999900222 -0.014072162 -5.487905502 -0.002923207 0.014075696 0.999896646 299.024688721
0.999996960 -0.001484512 0.001965522 -0.067418456 0.001509030 0.999920368 -0.012531467 -5.530208588 -0.001946761 0.012534395 0.999919534 300.391815186
0.999997973 0.000192708 0.002025451 -0.107183158 -0.000169692 0.999935508 -0.011357237 -5.572795391 -0.002027509 0.011356870 0.999933422 301.832305908
0.999996364 0.000769715 0.002579879 -0.089525163 -0.000741706 0.999940932 -0.010840026 -5.617859840 -0.002588070 0.010838071 0.999937832 303.271240234
0.999994993 0.000992269 0.002991927 -0.089847028 -0.000958654 0.999936581 -0.011215578 -5.654577255 -0.003002866 0.011212652 0.999932587 304.779083252
0.999992788 -0.000178604 0.003792255 -0.092508674 0.000222499 0.999932885 -0.011577615 -5.685078621 -0.003789934 0.011578373 0.999925733 306.158691406
0.999990225 -0.002356209 0.003708781 -0.079406857 0.002403455 0.999915361 -0.012786419 -5.717539787 -0.003678340 0.012795211 0.999911308 307.632873535
0.999984264 -0.003634472 0.004270350 -0.099982619 0.003697139 0.999884188 -0.014760011 -5.766238689 -0.004216211 0.014775566 0.999881864 309.145446777
0.999981821 -0.004339871 0.004211071 -0.093061566 0.004402923 0.999876499 -0.015081030 -5.821537018 -0.004145103 0.015099294 0.999877393 310.557250977
0.999994695 -0.002970029 0.001348384 -0.070978373 0.002991108 0.999868870 -0.015909377 -5.877092838 -0.001300957 0.015913321 0.999872565 312.078338623
0.999997318 -0.002288043 0.000098880 -0.105781823 0.002289300 0.999877691 -0.015464623 -5.910326004 -0.000063485 0.015464808 0.999880314 313.570617676
0.999997616 -0.002093979 0.000573591 -0.126085266 0.002099843 0.999943435 -0.010419996 -5.975116730 -0.000551740 0.010421177 0.999945521 315.036315918
0.999995589 -0.002943297 0.000435251 -0.094596535 0.002946570 0.999965787 -0.007719660 -6.002921104 -0.000412515 0.007720909 0.999970078 316.566894531
0.999989212 -0.004502400 0.001123126 -0.120959908 0.004510081 0.999965727 -0.006932176 -6.049808979 -0.001091876 0.006937166 0.999975324 318.069488525
0.999989629 -0.004373417 0.001261847 -0.114174396 0.004383485 0.999957681 -0.008088957 -6.079301834 -0.001226417 0.008094405 0.999966443 319.539093018
0.999978781 -0.005703741 0.003135663 -0.200614452 0.005728998 0.999950707 -0.008105685 -6.110345364 -0.003089276 0.008123477 0.999962211 320.935363770
0.999982595 -0.005617213 0.001817044 -0.121955872 0.005631017 0.999954641 -0.007682939 -6.163546562 -0.001773805 0.007693035 0.999968767 322.497497559
0.999988675 -0.003569277 0.003159451 -0.157696486 0.003595460 0.999958932 -0.008320715 -6.194986343 -0.003129622 0.008331980 0.999960363 323.954101562
0.999989092 -0.002807635 0.003756759 -0.169025302 0.002842957 0.999951541 -0.009429887 -6.226409435 -0.003730102 0.009440463 0.999948561 325.429748535
0.999986410 -0.002968505 0.004292390 -0.158332348 0.003008261 0.999952316 -0.009285327 -6.262803555 -0.004264622 0.009298112 0.999947667 326.994079590
0.999979615 -0.003682818 0.005230543 -0.169610262 0.003722042 0.999964833 -0.007509036 -6.292667389 -0.005202705 0.007528349 0.999958098 328.471496582
0.999972463 -0.004787671 0.005683046 -0.205942512 0.004826106 0.999965489 -0.006768771 -6.326479912 -0.005650443 0.006796012 0.999960959 329.934295654
0.999963641 -0.006697365 0.005275575 -0.150784016 0.006738189 0.999947190 -0.007758764 -6.370819569 -0.005223333 0.007794031 0.999956012 331.385223389
0.999970436 -0.005232305 0.005618949 -0.152004123 0.005273127 0.999959648 -0.007275205 -6.419382572 -0.005580656 0.007304620 0.999957800 332.866760254
0.999980152 -0.003509748 0.005232971 -0.151124716 0.003559538 0.999948204 -0.009535956 -6.455189228 -0.005199231 0.009554394 0.999940813 334.324890137
0.999991894 -0.003262198 0.002371408 0.033828795 0.003289423 0.999927580 -0.011568720 -6.422887802 -0.002333497 0.011576430 0.999930263 337.276641846
0.999998212 -0.000277641 0.001876089 0.011385739 0.000299995 0.999928832 -0.011925532 -6.457005501 -0.001872645 0.011926075 0.999927104 338.780334473
0.999998868 -0.001475201 0.000338636 0.032143347 0.001477666 0.999971449 -0.007400454 -6.515764713 -0.000327709 0.007400945 0.999972582 340.400268555
0.999999762 0.000078991 -0.000686526 0.023342296 -0.000082054 0.999990046 -0.004462812 -6.553409576 0.000686167 0.004462867 0.999989808 341.877868652
0.999999821 0.000353618 -0.000350981 -0.018926129 -0.000355072 0.999991298 -0.004152718 -6.600692272 0.000349509 0.004152842 0.999991298 343.771789551
0.999998569 -0.000062630 -0.001646464 -0.038475692 0.000052695 0.999981761 -0.006033204 -6.629067421 0.001646812 0.006033108 0.999980390 345.206115723
0.999990523 -0.001664883 -0.004027260 -0.034590364 0.001646018 0.999987662 -0.004683132 -6.661643982 0.004035008 0.004676460 0.999980867 346.686492920
0.999981463 -0.004054353 -0.004540393 -0.037726164 0.004036967 0.999984503 -0.003831819 -6.699819565 0.004555860 0.003813419 0.999982357 348.601898193
0.999979317 -0.003925654 -0.005082024 -0.045622110 0.003898776 0.999978423 -0.005287816 -6.713595390 0.005102671 0.005267892 0.999973118 350.037994385
0.999979436 -0.004506495 -0.004558069 -0.076032639 0.004478245 0.999970913 -0.006189115 -6.751586914 0.004585829 0.006168576 0.999970436 351.788543701
0.999978662 -0.004635720 -0.004580114 -0.093878150 0.004606126 0.999968529 -0.006451045 -6.785506725 0.004609878 0.006429811 0.999968648 353.244842529
0.999970496 -0.006000652 -0.004792371 -0.099705219 0.005968909 0.999960303 -0.006610853 -6.819993019 0.004831852 0.006582052 0.999966681 354.705352783
0.999967039 -0.006312722 -0.005108396 -0.100984573 0.006275668 0.999954104 -0.007237337 -6.857239246 0.005153849 0.007205038 0.999960721 356.571166992
0.999963105 -0.006794787 -0.005257313 -0.116087437 0.006754898 0.999948502 -0.007568269 -6.903375626 0.005308468 0.007532475 0.999957561 358.050598145
0.999980927 -0.004379165 -0.004351773 -0.139876008 0.004341724 0.999953806 -0.008576212 -6.930503845 0.004389128 0.008557153 0.999953687 359.792449951
0.999981105 -0.004444789 -0.004242663 -0.151961088 0.004406081 0.999949038 -0.009089522 -6.971477985 0.004282848 0.009070657 0.999949634 361.249694824
0.999968112 -0.006391772 -0.004790324 -0.154596448 0.006341985 0.999926388 -0.010337131 -7.021970749 0.004856044 0.010306420 0.999935091 362.967498779
0.999956310 -0.007789438 -0.005176065 -0.147410274 0.007744231 0.999932110 -0.008697117 -7.050372124 0.005243459 0.008656651 0.999948740 364.416992188
0.999940693 -0.009561558 -0.005197821 -0.170675635 0.009521539 0.999925256 -0.007669522 -7.104155064 0.005270764 0.007619579 0.999957025 366.154998779
0.999942183 -0.009598467 -0.004825433 -0.184813023 0.009555477 0.999915123 -0.008854347 -7.139584541 0.004910012 0.008807725 0.999949157 367.616271973
0.999951184 -0.008737912 -0.004604476 -0.203798175 0.008693687 0.999916732 -0.009538689 -7.177009583 0.004687441 0.009498197 0.999943852 369.326416016
0.999962091 -0.007505495 -0.004402495 -0.222859383 0.007466189 0.999932766 -0.008877346 -7.217494011 0.004468827 0.008844142 0.999950886 370.864105225
0.999970853 -0.006477451 -0.004020557 -0.236601353 0.006447074 0.999950945 -0.007522833 -7.263432026 0.004069088 0.007496693 0.999963641 372.505340576
0.999966443 -0.007290649 -0.003719813 -0.260289192 0.007260962 0.999942243 -0.007932998 -7.293785095 0.003777435 0.007905724 0.999961674 374.041900635
0.999973714 -0.006564256 -0.003076577 -0.275122225 0.006537870 0.999942362 -0.008509425 -7.346160889 0.003132260 0.008489091 0.999959052 375.706359863
0.999974132 -0.006527687 -0.003018178 -0.296288311 0.006498191 0.999931991 -0.009681320 -7.370790482 0.003081170 0.009661458 0.999948621 377.308715820
0.999976635 -0.006041523 -0.003181502 -0.289038718 0.006013879 0.999944687 -0.008628244 -7.435481548 0.003233453 0.008608909 0.999957740 378.934448242
0.999991894 -0.003586708 -0.001830835 -0.335579365 0.003569609 0.999950826 -0.009258399 -7.460933685 0.001863951 0.009251788 0.999955475 380.554260254
0.999990642 -0.003376809 -0.002672409 -0.324766517 0.003354295 0.999959230 -0.008384481 -7.504958630 0.002700612 0.008375437 0.999961257 382.180328369
0.999997020 -0.000464488 -0.002369535 -0.342533171 0.000440408 0.999948382 -0.010152567 -7.545821190 0.002374128 0.010151494 0.999945641 383.794403076
0.999998808 0.000115723 -0.001552204 -0.353165895 -0.000131684 0.999947071 -0.010286281 -7.591880798 0.001550930 0.010286476 0.999945819 385.418121338
