0.999989331 -0.002215973 -0.004043967 0.019864652 0.002202867 0.999992251 -0.003242485 -0.004422009 0.004051127 0.003233542 0.999986529 0.983504355
0.999976575 -0.002605905 -0.006331105 0.023786303 0.002578401 0.999987125 -0.004348522 -0.019068616 0.006342344 0.004332093 0.999970436 1.480261445
0.999954045 -0.004536696 -0.008446164 0.024893144 0.004482520 0.999969423 -0.006422264 -0.025407344 0.008475035 0.006384108 0.999943733 1.976574063
0.999923468 -0.006909986 -0.010261733 0.026822774 0.006820161 0.999938309 -0.008762673 -0.031169804 0.010321639 0.008692012 0.999908864 2.472997665
0.999903858 -0.008144721 -0.011229943 0.013413394 0.008042220 0.999925792 -0.009142466 -0.022978121 0.011303559 0.009051275 0.999895096 1.858331561
0.999876559 -0.007856689 -0.013605195 0.019211449 0.007734344 0.999929309 -0.009021981 -0.052119587 0.013675109 0.008915640 0.999866724 3.496974468
0.999859691 -0.008404117 -0.014485577 0.008687068 0.008269455 0.999922216 -0.009331077 -0.066209652 0.014562875 0.009209989 0.999851465 4.008004665
0.999845684 -0.007668043 -0.015806811 0.003938653 0.007476046 0.999897957 -0.012169977 -0.079772271 0.015898509 0.012049925 0.999800920 4.529955387
0.999828100 -0.006260750 -0.017453400 -0.001494840 0.005985299 0.999857485 -0.015789837 -0.097136110 0.017549759 0.015682656 0.999722958 5.059257030
0.999844790 -0.008120883 -0.015627863 0.569008291 0.008024716 0.999948561 -0.006206317 -0.196599513 0.015677445 0.006079942 0.999858618 0.807608247
0.999791682 -0.003512927 -0.020107083 -0.027772926 0.003122127 0.999806166 -0.019434460 -0.121437423 0.020171456 0.019367626 0.999608934 6.176947594
0.999781370 -0.000975089 -0.020886075 -0.047481447 0.000713428 0.999921203 -0.012531814 -0.133241028 0.020896651 0.012514173 0.999703348 6.743818760
0.999763846 0.000060817 -0.021727722 -0.059002444 -0.000106998 0.999997914 -0.002124278 -0.144402057 0.021727549 0.002126101 0.999761701 7.332829952
0.999750495 0.001122619 -0.022311119 -0.066378780 -0.001024066 0.999989808 0.004428160 -0.148246154 0.022315865 -0.004404207 0.999741316 7.542311668
0.999722242 0.003261418 -0.023337865 -0.095384866 -0.003176288 0.999988079 0.003683798 -0.170648262 0.023349600 -0.003608646 0.999720752 8.548951149
0.999694407 0.005416196 -0.024117617 -0.103213631 -0.005504077 0.999978364 -0.003578979 -0.172873288 0.024097713 0.003710633 0.999702632 8.777369499
0.999661505 0.004748731 -0.025579663 -0.126057684 -0.005005203 0.999937773 -0.009971689 -0.169277847 0.025530705 0.010096340 0.999623179 9.825442314
0.999642611 0.002152113 -0.026647368 -0.132619292 -0.002377284 0.999961674 -0.008421199 -0.170569062 0.026628219 0.008481536 0.999609470 10.083269119
0.999599934 0.001575932 -0.028238447 -0.133421063 -0.001553396 0.999998391 0.000819989 -0.182147801 0.028239705 -0.000775794 0.999600887 11.196622849
0.999587655 0.001064607 -0.028695172 -0.140957206 -0.000839199 0.999968648 0.007866162 -0.182796836 0.028702661 -0.007838835 0.999557257 11.493244171
0.999582767 -0.000242595 -0.028880095 -0.171483859 0.000546178 0.999944627 0.010504412 -0.188357785 0.028875954 -0.010515805 0.999527633 12.648648262
0.999567151 -0.002275530 -0.029329101 -0.179931566 0.002551642 0.999952734 0.009380280 -0.186961174 0.029306373 -0.009451059 0.999525785 12.977092743
0.999552906 -0.002603532 -0.029786384 -0.182484359 0.002813244 0.999971509 0.007000816 -0.187271684 0.029767310 -0.007081481 0.999531925 14.161008835
0.999570787 0.000038975 -0.029296488 -0.194342613 0.000061206 0.999994159 0.003418652 -0.187781289 0.029296461 -0.003418976 0.999564946 14.540742874
0.999585688 -0.003872660 -0.028521337 -0.223700166 0.003807969 0.999990046 -0.002322111 -0.190103903 0.028530039 0.002212541 0.999590456 15.766805649
0.999599040 -0.006835029 -0.027480198 -0.235362455 0.006607494 0.999943197 -0.008362272 -0.198167026 0.027535789 0.008177343 0.999587357 16.200780869
0.999611795 -0.005367276 -0.027340250 -0.257443964 0.004981400 0.999887288 -0.014162447 -0.213023677 0.027413188 0.014020754 0.999525845 17.447689056
0.999616981 -0.003939650 -0.027393352 -0.269929051 0.003524267 0.999878407 -0.015195437 -0.219696730 0.027449889 0.015093073 0.999509215 17.930154800
0.999592483 -0.003685832 -0.028308433 -0.297747612 0.003282087 0.999892294 -0.014295610 -0.256333619 0.028358076 0.014196874 0.999496996 19.229978561
0.999585807 -0.002764115 -0.028644940 -0.313946187 0.002315319 0.999874175 -0.015688889 -0.269697368 0.028684700 0.015616071 0.999466538 19.754568100
0.999595106 0.000438782 -0.028447302 -0.359672904 -0.000940386 0.999844193 -0.017621743 -0.307472408 0.028435137 0.017641364 0.999439895 21.112823486
0.999592900 0.003476307 -0.028313823 -0.383302391 -0.004003326 0.999819338 -0.018578148 -0.319023222 0.028244123 0.018683940 0.999426425 21.658689499
0.999585509 0.005546681 -0.028248649 -0.438123941 -0.006058866 0.999818206 -0.018078104 -0.369266123 0.028143242 0.018241763 0.999437451 23.066328049
0.999550045 0.006438169 -0.029293602 -0.450887442 -0.006977956 0.999807119 -0.018361980 -0.384582698 0.029169733 0.018558126 0.999402225 23.638916016
0.999563336 0.006186382 -0.028894717 -0.501034558 -0.006717131 0.999809742 -0.018307552 -0.425328463 0.028775971 0.018493645 0.999414742 25.060081482
0.999541581 0.007213063 -0.029405551 -0.520304263 -0.007721702 0.999821842 -0.017220667 -0.442343861 0.029276105 0.017439837 0.999419212 25.666572571
0.999512613 0.007810981 -0.030222109 -0.559684277 -0.008271426 0.999851167 -0.015140562 -0.487381697 0.030099340 0.015383166 0.999428511 27.076900482
0.999511003 0.008370673 -0.030126322 -0.585445523 -0.008806052 0.999858260 -0.014348293 -0.504974127 0.030001935 0.014606575 0.999443114 27.717189789
0.999481797 0.008105966 -0.031151298 -0.621902645 -0.008577425 0.999850154 -0.015030799 -0.550347209 0.031024788 0.015290207 0.999401569 29.135082245
0.999456584 0.009684598 -0.031510726 -0.643336892 -0.010194130 0.999819160 -0.016049897 -0.566548586 0.031349592 0.016362399 0.999374449 29.806579590
0.999450147 0.009074849 -0.031889886 -0.693550348 -0.009556406 0.999842048 -0.014980823 -0.608376265 0.031748898 0.015277334 0.999379098 31.221256256
0.999433517 0.008225053 -0.032631807 -0.715662360 -0.008645917 0.999881029 -0.012777364 -0.624737978 0.032522827 0.013052253 0.999385715 31.915296555
0.999423981 0.008326906 -0.032898311 -0.771364689 -0.008622074 0.999923646 -0.008840434 -0.661130428 0.032822184 0.009118992 0.999419570 33.324089050
0.999395072 0.008367969 -0.033753883 -0.795051754 -0.008586195 0.999943078 -0.006325502 -0.679855227 0.033699028 0.006611493 0.999410093 34.046054840
0.999380112 0.008329687 -0.034205846 -0.847046852 -0.008536877 0.999945939 -0.005915603 -0.712388158 0.034154728 0.006203945 0.999397278 35.471370697
0.999363065 0.007885507 -0.034806941 -0.873225033 -0.008162450 0.999935925 -0.007821637 -0.725147843 0.034743037 0.008100763 0.999363482 36.219024658
0.999336720 0.008255029 -0.035468180 -0.929544330 -0.008544404 0.999931395 -0.008014889 -0.754184783 0.035399586 0.008312628 0.999338627 37.634540558
0.999288082 0.007749415 -0.036922831 -0.952165604 -0.008021680 0.999941707 -0.007231423 -0.771095991 0.036864646 0.007522458 0.999291897 38.394496918
0.999283731 0.008050883 -0.036976673 -1.020284772 -0.008240073 0.999953568 -0.004966972 -0.801932693 0.036934968 0.005268110 0.999303758 39.787185669
0.999255478 0.008173561 -0.037707508 -1.055244923 -0.008259370 0.999963582 -0.002120432 -0.819983304 0.037688799 0.002430298 0.999286532 40.548374176
0.999230266 0.009635470 -0.038025770 -1.110522747 -0.009732221 0.999949872 -0.002360087 -0.851944745 0.038001128 0.002728347 0.999274015 41.939636230
0.999197781 0.010946716 -0.038522139 -1.145476103 -0.011180132 0.999920428 -0.005849048 -0.874499083 0.038455043 0.006275039 0.999240696 42.711238861
0.999181449 0.011993546 -0.038633727 -1.204656005 -0.012393004 0.999872029 -0.010116812 -0.901648700 0.038507435 0.010587322 0.999202192 44.084228516
0.999182045 0.012325283 -0.038513772 -1.239296794 -0.012735433 0.999864519 -0.010422346 -0.922603846 0.038380094 0.010904313 0.999203742 44.872974396
0.999176025 0.012334918 -0.038666286 -1.300583839 -0.012632522 0.999892354 -0.007461911 -0.959931314 0.038570084 0.007944213 0.999224246 46.252365112
0.999158978 0.012651703 -0.039003950 -1.335522652 -0.012874395 0.999902248 -0.005463567 -0.976928473 0.038931001 0.005961121 0.999224067 47.108505249
0.999205053 0.011322614 -0.038225312 -1.399486780 -0.011495857 0.999924600 -0.004315318 -1.008648157 0.038173556 0.004751323 0.999259770 48.416362762
0.999214411 0.011226393 -0.038009316 -1.439922333 -0.011425921 0.999921978 -0.005036225 -1.031280518 0.037949812 0.005466562 0.999264657 49.358093262
0.999245167 0.010730767 -0.037334085 -1.488486290 -0.011004993 0.999913812 -0.007147382 -1.053643346 0.037254166 0.007552855 0.999277294 50.568859100
0.999260962 0.010455384 -0.036988672 -1.526142240 -0.010818790 0.999895036 -0.009638254 -1.074005008 0.036884010 0.010031309 0.999269247 51.556072235
0.999259591 0.009332147 -0.037325475 -1.571244240 -0.009779936 0.999882221 -0.011832302 -1.109965682 0.037210647 0.012188582 0.999233067 52.726421356
0.999269962 0.007452614 -0.037468713 -1.598302484 -0.008029426 0.999851286 -0.015267615 -1.137638330 0.037349351 0.015557321 0.999181151 53.738166809
0.999291241 0.006015385 -0.037161227 -1.651942253 -0.006641138 0.999837875 -0.016738381 -1.180414677 0.037054509 0.016973313 0.999169052 54.884082794
0.999309301 0.004206520 -0.036923919 -1.692910075 -0.004734065 0.999887764 -0.014211555 -1.213734865 0.036859989 0.014376541 0.999216974 55.939968109
0.999321282 0.003049438 -0.036712635 -1.741278291 -0.003367001 0.999957383 -0.008591247 -1.245348930 0.036684871 0.008709025 0.999288917 57.064994812
0.999334276 0.001261884 -0.036461409 -1.777350187 -0.001380243 0.999993801 -0.003221169 -1.251433372 0.036457121 0.003269347 0.999329865 58.128856659
0.999349773 0.000254167 -0.036058765 -1.823436260 -0.000322486 0.999998152 -0.001888853 -1.295012951 0.036058228 0.001899253 0.999347806 59.234985352
0.999341488 -0.004086877 -0.036055490 -1.853215218 0.003908631 0.999979794 -0.005012741 -1.312871099 0.036075253 0.004868513 0.999337137 60.305751801
0.999326587 -0.004830248 -0.036373533 -1.891269803 0.004539498 0.999957025 -0.008071799 -1.339630842 0.036410950 0.007901241 0.999305606 61.402328491
0.999334395 -0.002536218 -0.036392633 -1.943522573 0.002092673 0.999922991 -0.012220735 -1.371142626 0.036420818 0.012136437 0.999262750 62.480735779
0.999350846 -0.002652483 -0.035926245 -1.992822409 0.002081513 0.999871016 -0.015920922 -1.408712983 0.035963833 0.015835803 0.999227524 63.540348053
0.999366581 0.000017395 -0.035587419 -2.032708645 -0.000623121 0.999855161 -0.017009776 -1.434658170 0.035581972 0.017021175 0.999221683 64.682853699
0.999404609 0.003830936 -0.034290008 -2.097488880 -0.004283793 0.999904454 -0.013143000 -1.468257666 0.034236386 0.013282063 0.999325395 65.752029419
0.999396384 0.006150770 -0.034190208 -2.129711866 -0.006526446 0.999919474 -0.010887155 -1.506560802 0.034120489 0.011103723 0.999355972 66.829261780
0.999388695 0.005697310 -0.034494035 -2.177835226 -0.006061707 0.999926746 -0.010468734 -1.533884525 0.034431864 0.010671425 0.999350011 67.984626770
0.999408245 0.003193222 -0.034249935 -2.223572016 -0.003523475 0.999947786 -0.009586416 -1.560916424 0.034217533 0.009701421 0.999367237 69.056556702
0.999371886 0.002894814 -0.035319932 -2.250334024 -0.003196009 0.999958992 -0.008474169 -1.589699626 0.035293952 0.008581728 0.999340117 70.195068359
0.999379039 0.001776039 -0.035190731 -2.301054955 -0.002000490 0.999977887 -0.006343974 -1.619578362 0.035178687 0.006410431 0.999360442 71.269538879
0.999349713 0.000589321 -0.036051463 -2.343436480 -0.000752865 0.999989510 -0.004523011 -1.649576545 0.036048412 0.004547212 0.999339640 72.412055969
0.999337494 -0.000772335 -0.036384754 -2.386378765 0.000559200 0.999982655 -0.005867637 -1.677526712 0.036388643 0.005843405 0.999320567 73.475296021
0.999328136 0.000113975 -0.036648471 -2.446023464 -0.000459131 0.999955654 -0.009409740 -1.712905884 0.036645770 0.009420242 0.999283850 74.607574463
0.999302566 0.000583272 -0.037335068 -2.490333796 -0.001015775 0.999932647 -0.011566434 -1.738545775 0.037325803 0.011596289 0.999235868 75.671943665
0.999284089 0.002557038 -0.037748437 -2.549909353 -0.002934326 0.999946177 -0.009942796 -1.768098593 0.037720978 0.010046442 0.999237776 76.790634155
0.999243498 0.004008657 -0.038685307 -2.586017132 -0.004221156 0.999976397 -0.005412938 -1.799681783 0.038662687 0.005572137 0.999236763 77.845832825
0.999221325 0.004913793 -0.039148733 -2.643603325 -0.004982866 0.999986172 -0.001667006 -1.822471261 0.039139997 0.001860784 0.999231935 78.985931396
0.999204814 0.006352049 -0.039361354 -2.697883844 -0.006402968 0.999978721 -0.001167731 -1.843356252 0.039353091 0.001418835 0.999224186 80.039100647
0.999184966 0.005751164 -0.039951880 -2.748615980 -0.005884542 0.999977648 -0.003221685 -1.870144844 0.039932448 0.003454160 0.999196351 81.188919067
0.999167979 0.005433995 -0.040419530 -2.791047335 -0.005584212 0.999977946 -0.003604415 -1.898925304 0.040399048 0.003827129 0.999176264 82.231857300
0.999155223 0.005340445 -0.040746372 -2.851616383 -0.005517395 0.999975979 -0.004231583 -1.918006778 0.040722772 0.004452823 0.999160588 83.359252930
0.999123633 0.003957429 -0.041669220 -2.897112370 -0.004129294 0.999983430 -0.004039211 -1.941514730 0.041652534 0.004207736 0.999123275 84.428680420
0.999111533 0.002863645 -0.042048797 -2.950291157 -0.002989436 0.999991238 -0.002928964 -1.960502148 0.042040031 0.003052064 0.999111295 85.431732178
0.999084413 0.003234611 -0.042658277 -3.000609159 -0.003231855 0.999994755 0.000133611 -1.993659735 0.042658497 0.000004377 0.999089599 86.536048889
0.999058306 0.002628318 -0.043306932 -3.053265572 -0.002579799 0.999995947 0.001176188 -2.020833015 0.043309856 -0.001063356 0.999061048 87.498329163
0.998955131 0.001280681 -0.045682501 -3.100829363 -0.001234604 0.999998689 0.001036834 -2.035520554 0.045683768 -0.000979347 0.998955369 88.547210693
0.998820722 0.001360510 -0.048531171 -3.156959534 -0.001364849 0.999999046 -0.000056255 -2.055647850 0.048531044 0.000122430 0.998821616 89.460861206
0.998624504 0.000787607 -0.052425813 -3.211432934 -0.000835391 0.999999225 -0.000889545 -2.075690746 0.052425068 0.000932116 0.998624384 90.476730347
0.998448968 0.000834375 -0.055668298 -3.262299299 -0.000873829 0.999999344 -0.000684386 -2.093571901 0.055667698 0.000731968 0.998449028 91.349807739
0.998272002 0.001425020 -0.058743790 -3.332509518 -0.001385497 0.999998748 0.000713535 -2.118805408 0.058744729 -0.000630911 0.998272836 92.325187683
0.998103023 0.003013022 -0.061490688 -3.390675068 -0.002955272 0.999995053 0.001030083 -2.127199888 0.061493486 -0.000846406 0.998107076 93.152114868
0.997916698 0.003494045 -0.064421207 -3.468192816 -0.003299205 0.999989688 0.003130597 -2.157699108 0.064431481 -0.002911532 0.997917891 94.072837830
0.997778356 0.004915365 -0.066438675 -3.539549589 -0.004672269 0.999981880 0.003813846 -2.173543453 0.066456221 -0.003494950 0.997783244 94.839080811
0.997558415 0.007405745 -0.069440246 -3.603664875 -0.007129838 0.999965727 0.004220304 -2.189463139 0.069469102 -0.003714904 0.997577131 95.720870972
0.997360647 0.009290368 -0.072007537 -3.669440985 -0.009078705 0.999953508 0.003266211 -2.211862326 0.072034523 -0.002603858 0.997398615 96.434921265
0.997162223 0.010308217 -0.074572571 -3.727017403 -0.010384373 0.999945879 -0.000633558 -2.225545645 0.074561998 0.001406147 0.997215390 97.111885071
0.996933997 0.012727997 -0.077205032 -3.804855824 -0.013080355 0.999906182 -0.004059931 -2.251391888 0.077146135 0.005057351 0.997006953 97.943199158
0.996745408 0.014614347 -0.079278007 -3.862488270 -0.015210772 0.999860406 -0.006924518 -2.265734673 0.079165749 0.008107860 0.996828496 98.556358337
0.996644437 0.016531780 -0.080165923 -3.913981915 -0.017234717 0.999818742 -0.008084446 -2.279538155 0.080017745 0.009438954 0.996748745 99.160499573
0.996654212 0.019010276 -0.079491958 -3.980736256 -0.019633591 0.999782383 -0.007066978 -2.308899879 0.079340301 0.008604049 0.996810377 99.894821167
0.996809185 0.022928603 -0.076457888 -4.031314850 -0.023398461 0.999712348 -0.005255079 -2.329796314 0.076315418 0.007027308 0.997058868 100.440116882
0.997154772 0.025239635 -0.071028911 -4.068691254 -0.025618453 0.999662042 -0.004427260 -2.340176105 0.070893161 0.006234317 0.997464418 100.972892761
0.997656047 0.026238030 -0.063197918 -4.127129555 -0.026427910 0.999648333 -0.002170330 -2.359553814 0.063118748 0.003835430 0.997998595 101.621559143
0.998214245 0.026008604 -0.053776622 -4.142045021 -0.026006106 0.999661505 0.000746354 -2.380805492 0.053777836 0.000653499 0.998552680 102.108146667
0.998812258 0.025595274 -0.041460127 -4.167249203 -0.025545189 0.999672115 0.001737427 -2.390638351 0.041491002 -0.000676257 0.999138594 102.579315186
0.999283671 0.024822420 -0.028563840 -4.172352314 -0.024790986 0.999691606 0.001454069 -2.397354126 0.028591132 -0.000744900 0.999590874 103.137329102
0.999603331 0.024808744 -0.013327085 -4.168809414 -0.024801280 0.999692142 0.000724603 -2.410000563 0.013340963 -0.000393786 0.999910891 103.565559387
0.999713421 0.023348853 0.005265156 -4.161028385 -0.023337882 0.999725342 -0.002134565 -2.424796104 -0.005313545 0.002011077 0.999983788 103.987709045
0.999377012 0.023122281 0.026661806 -4.138236523 -0.022955291 0.999714971 -0.006552433 -2.437997580 -0.026805708 0.005936322 0.999622941 104.387962341
0.998525858 0.021106778 0.050009143 -4.080224514 -0.020542722 0.999719620 -0.011766481 -2.448644876 -0.050243486 0.010721809 0.998679399 104.923980713
0.996880591 0.018962473 0.076613225 -4.014777184 -0.017879177 0.999730527 -0.014801123 -2.458062172 -0.076873243 0.013385169 0.996951044 105.326667786
0.994046748 0.016376032 0.107717663 -3.968981743 -0.014757399 0.999766111 -0.015806720 -2.470824957 -0.107951336 0.014122983 0.994055808 105.701034546
0.990002573 0.013735297 0.140379280 -3.887047768 -0.011392422 0.999782324 -0.017479667 -2.488670349 -0.140588790 0.015705656 0.989943564 106.084548950
0.984389544 0.011170430 0.175648913 -3.772476196 -0.007975806 0.999789774 -0.018883040 -2.508768082 -0.175822929 0.017187329 0.984271765 106.556663513
0.976697564 0.008163952 0.214464962 -3.665231705 -0.004081487 0.999801993 -0.019471524 -2.521246433 -0.214581490 0.018142458 0.976537585 106.922729492
0.966963172 0.005595429 0.254854739 -3.548192978 -0.000486247 0.999797642 -0.020106027 -2.538064480 -0.254915655 0.019317869 0.966770291 107.257934570
0.954910398 0.006881755 0.296814173 -3.395124435 -0.000680867 0.999779582 -0.020989792 -2.558478832 -0.296893209 0.019841284 0.954704523 107.670654297
0.940016329 0.008747861 0.341017336 -3.258071899 -0.001705814 0.999779224 -0.020944491 -2.574991703 -0.341125280 0.019106451 0.939823687 107.977325439
0.922538400 0.009020948 0.385799825 -3.089588165 -0.001561442 0.999805808 -0.019644136 -2.588820934 -0.385902107 0.017520066 0.922373354 108.303543091
0.902466893 0.008426622 0.430676788 -2.908889771 -0.000234762 0.999818087 -0.019070504 -2.592883587 -0.430759132 0.017109394 0.902304649 108.615013123
0.878914356 0.007481444 0.476920873 -2.678928375 0.001967127 0.999811649 -0.019309219 -2.614972115 -0.476975471 0.017909316 0.878734052 109.009262085
0.854048789 0.008504272 0.520123363 -2.465476990 0.002880933 0.999773741 -0.021077313 -2.633207083 -0.520184934 0.019499496 0.853830934 109.286048889
0.826073110 0.010552404 0.563464165 -2.251728058 0.003540128 0.999707878 -0.023912288 -2.654592276 -0.563551903 0.021748038 0.825794280 109.565597534
0.794800878 0.014812574 0.606689453 -1.970848083 0.003126774 0.999588847 -0.028501641 -2.671953440 -0.606862247 0.024550110 0.794427812 109.915985107
0.761065006 0.020827956 0.648341119 -1.716358185 0.000256262 0.999474645 -0.032408930 -2.682994127 -0.648675621 0.024831444 0.760659873 110.174095154
0.723559201 0.025754996 0.689781547 -1.444271088 -0.001976766 0.999376893 -0.035241064 -2.692922115 -0.690259516 0.024135457 0.723159254 110.428039551
0.684007943 0.025741402 0.729020238 -1.096176147 0.000646058 0.999355435 -0.035892986 -2.713276863 -0.729474306 0.025022073 0.683550298 110.716781616
0.642894447 0.023288246 0.765600622 -0.777111053 0.004469563 0.999406636 -0.034153420 -2.730307579 -0.765941739 0.025378944 0.642408788 110.931411743
0.599082828 0.021536510 0.800397277 -0.412391663 0.005979666 0.999490082 -0.031369217 -2.742459774 -0.800664544 0.023578875 0.598648489 111.152641296
0.553280413 0.019787520 0.832759976 -0.064804077 0.007301469 0.999564171 -0.028602064 -2.754496574 -0.832963049 0.021905331 0.552894771 111.335678101
0.504589617 0.017529368 0.863181353 0.326076508 0.008151717 0.999652505 -0.025066055 -2.772355795 -0.863320827 0.019684481 0.504271388 111.529006958
0.454063863 0.013704952 0.890863717 0.710777283 0.010958430 0.999720037 -0.020964984 -2.788648605 -0.890901744 0.019281911 0.453786582 111.680145264
0.401954442 0.013693814 0.915557206 1.127132416 0.008026608 0.999797106 -0.018477671 -2.812040567 -0.915624440 0.014776003 0.401762992 111.832778931
0.351256371 0.018634247 0.936093867 1.535709381 0.004579798 0.999755800 -0.021620035 -2.827581167 -0.936268032 0.011881297 0.351085246 111.947151184
0.300222337 0.023734152 0.953573942 1.986358643 0.003948995 0.999650836 -0.026124289 -2.841287136 -0.953861058 0.011608757 0.300023735 112.069030762
0.252885580 0.025427563 0.967162073 2.415460587 0.005121559 0.999605358 -0.027619673 -2.861787558 -0.967482567 0.011937996 0.252655596 112.157188416
0.212516472 0.025325092 0.976829231 2.937389374 0.012859650 0.999505103 -0.028710693 -2.876477957 -0.977072835 0.018663179 0.212085590 112.220054626
0.177547559 0.025867252 0.983772099 3.415193558 0.020581482 0.999338269 -0.029991010 -2.881723166 -0.983896971 0.025572317 0.176897615 112.265045166
0.146920860 0.026616819 0.988790095 3.961429596 0.024855189 0.999222875 -0.030590806 -2.902119398 -0.988835871 0.029070996 0.146145135 112.318962097
0.119304031 0.025061531 0.992541492 4.476613045 0.022861674 0.999346912 -0.027981352 -2.921222687 -0.992594421 0.026029453 0.118653208 112.363090515
0.093444385 0.021603141 0.995390058 5.076521873 0.016617291 0.999591470 -0.023254305 -2.939332962 -0.995485723 0.018713672 0.093047231 112.422698975
0.069259427 0.017625531 0.997442842 5.670556068 0.011169425 0.999767542 -0.018442180 -2.960668802 -0.997536123 0.012418156 0.069046438 112.464317322
0.046450831 0.014998696 0.998807967 6.278965950 0.015289427 0.999759436 -0.015724037 -2.982540607 -0.998803556 0.016001601 0.046210326 112.479484558
0.026453711 0.015682803 0.999527037 6.913371086 0.023387041 0.999593556 -0.016302818 -3.003100634 -0.999376357 0.023807257 0.026076183 112.469032288
0.008777723 0.018070664 0.999798179 7.567910194 0.027767146 0.999446750 -0.018308090 -3.025116682 -0.999575853 0.027922241 0.008271093 112.461250305
-0.005555415 0.023366120 0.999711514 8.194851875 0.027486997 0.999352813 -0.023204986 -3.042490244 -0.999606729 0.027350150 -0.006194084 112.449668884
-0.016448857 0.028338447 0.999462903 8.957992554 0.025924895 0.999274313 -0.027906431 -3.048362255 -0.999528527 0.025451951 -0.017171595 112.445121765
-0.022853062 0.027974915 0.999347329 9.690929413 0.027776381 0.999240458 -0.027336724 -3.071372271 -0.999352872 0.027133521 -0.023612736 112.427360535
-0.025185056 0.024801750 0.999375105 10.435653687 0.034248091 0.999126732 -0.023932505 -3.095338106 -0.999095976 0.033623949 -0.026012473 112.389831543
-0.024484968 0.023054758 0.999434352 11.141530991 0.035918053 0.999108851 -0.022167301 -3.119053841 -0.999054730 0.035354972 -0.025291227 112.364280701
-0.022861764 0.022833033 0.999477804 12.011980057 0.034695823 0.999154985 -0.022032032 -3.142561197 -0.999136329 0.034174018 -0.023634663 112.362060547
-0.021483835 0.022862004 0.999507785 12.761885643 0.030902684 0.999275923 -0.022192467 -3.174590349 -0.999291480 0.030410696 -0.022174783 112.353797913
-0.020243891 0.024385504 0.999497533 13.666389465 0.029817484 0.999272525 -0.023776080 -3.195358038 -0.999350369 0.029321190 -0.020956272 112.344955444
-0.019682508 0.025084723 0.999491513 14.440628052 0.029146856 0.999274731 -0.024505304 -3.220825911 -0.999381363 0.028649712 -0.020399369 112.341407776
-0.018702239 0.024701085 0.999519885 15.397668839 0.029038547 0.999286473 -0.024151966 -3.254968166 -0.999403298 0.028572911 -0.019406172 112.327957153
-0.017910425 0.023668697 0.999559462 16.207122803 0.027733231 0.999346912 -0.023166727 -3.273403645 -0.999454856 0.027306091 -0.018555131 112.312026978
-0.017564723 0.022036778 0.999602854 17.195507050 0.028620876 0.999358535 -0.021528471 -3.315275192 -0.999435961 0.028231371 -0.018184176 112.300598145
-0.017965278 0.019736294 0.999643803 18.034721375 0.029249819 0.999387741 -0.019205565 -3.346546412 -0.999410689 0.028894369 -0.018531565 112.283309937
-0.019481614 0.017929284 0.999649465 19.050310135 0.026936827 0.999485672 -0.017401390 -3.379766941 -0.999447227 0.026588378 -0.019954555 112.280845642
-0.020392638 0.016888987 0.999649405 19.908536911 0.025937529 0.999529719 -0.016357847 -3.402002811 -0.999455512 0.025594857 -0.020821106 112.261650085
-0.021978872 0.014760059 0.999649644 20.942111969 0.028031176 0.999507010 -0.014141646 -3.423363686 -0.999365330 0.027710525 -0.022381783 112.247070312
-0.022910474 0.013435575 0.999647379 21.807849884 0.029603509 0.999480367 -0.012754861 -3.442756653 -0.999299049 0.029300835 -0.023296315 112.225372314
-0.024834232 0.012085504 0.999618411 22.880889893 0.026730973 0.999577463 -0.011420910 -3.483994246 -0.999334037 0.026437154 -0.025146792 112.209495544
-0.026127979 0.017087055 0.999512494 23.760414124 0.023681350 0.999583960 -0.016469227 -3.504405975 -0.999378085 0.023239506 -0.026521748 112.202301025
-0.027072573 0.021716177 0.999397516 24.838163376 0.025123648 0.999462903 -0.021037024 -3.536283731 -0.999317706 0.024538988 -0.027603630 112.189002991
-0.028307294 0.023809198 0.999315679 25.729236603 0.025027921 0.999419689 -0.023102719 -3.557842493 -0.999285877 0.024356816 -0.028886763 112.170234680
-0.029911619 0.021573061 0.999319673 26.632802963 0.021877835 0.999541700 -0.020923004 -3.587896824 -0.999313056 0.021237114 -0.030369889 112.153083801
-0.030902226 0.016979735 0.999378204 27.809957504 0.018962225 0.999685705 -0.016398625 -3.633011103 -0.999342501 0.018443683 -0.031214492 112.128013611
-0.031205857 0.011555462 0.999446213 28.707561493 0.017598879 0.999784529 -0.011009882 -3.660157919 -0.999357939 0.017245563 -0.031402491 112.099006653
-0.031750236 0.006011659 0.999477684 29.808498383 0.013759417 0.999889851 -0.005577042 -3.695225716 -0.999401033 0.013575157 -0.031829461 112.082839966
-0.031909883 0.004420159 0.999480903 30.712772369 0.011229327 0.999928594 -0.004063626 -3.725403786 -0.999427557 0.011093824 -0.031957246 112.071723938
-0.030868813 0.011440908 0.999457955 31.793291092 0.014341449 0.999836564 -0.011002298 -3.758453846 -0.999420524 0.013994049 -0.031027848 112.035583496
-0.029474599 0.022596605 0.999310195 32.669086456 0.017152209 0.999608636 -0.022097453 -3.782812595 -0.999418318 0.016489062 -0.029850647 112.003982544
-0.029259220 0.028561406 0.999163747 33.746894836 0.018619159 0.999433935 -0.028023891 -3.801047802 -0.999398410 0.017783634 -0.029774457 111.986289978
-0.028267156 0.023087168 0.999333739 34.638671875 0.019654710 0.999552786 -0.022536272 -3.833823204 -0.999407172 0.019004581 -0.028708294 111.967025757
-0.027020223 0.015042841 0.999521673 35.722370148 0.022981061 0.999631882 -0.014423252 -3.880351305 -0.999370694 0.022580348 -0.027355984 111.934249878
-0.026476676 0.011748938 0.999580324 36.599727631 0.023880148 0.999653041 -0.011117259 -3.914193869 -0.999364078 0.023575777 -0.026748067 111.911643982
-0.027123315 0.012586756 0.999552846 37.644344330 0.023635201 0.999649286 -0.011946619 -3.947237968 -0.999352574 0.023300599 -0.027411290 111.897483826
-0.028259113 0.013947771 0.999503374 38.511653900 0.020715343 0.999696076 -0.013364773 -3.968579531 -0.999385953 0.020327376 -0.028539455 111.890113831
-0.030107684 0.013450934 0.999456167 39.543407440 0.018083923 0.999753058 -0.012910170 -4.011910915 -0.999383092 0.017685391 -0.030343484 111.862693787
-0.031689543 0.013702638 0.999403894 40.399387360 0.017847262 0.999754310 -0.013141536 -4.033353806 -0.999338388 0.017420173 -0.031926308 111.831069946
-0.034443922 0.014243089 0.999305189 41.430625916 0.016521821 0.999769926 -0.013680242 -4.064731598 -0.999270022 0.016039141 -0.034671322 111.811492920
-0.035843559 0.015178006 0.999242187 42.282115936 0.015953135 0.999765992 -0.014613712 -4.086339951 -0.999229968 0.015417241 -0.036077309 111.776329041
-0.038727626 0.014115424 0.999150217 43.294975281 0.013164906 0.999820650 -0.013614622 -4.117968082 -0.999163091 0.012626458 -0.038906515 111.760169983
-0.040536817 0.013100818 0.999092221 44.137161255 0.014123756 0.999821603 -0.012537333 -4.140555382 -0.999078214 0.013602709 -0.040714629 111.730102539
-0.043080516 0.012488762 0.998993576 45.134155273 0.012842109 0.999846280 -0.011945616 -4.185318470 -0.998989165 0.012314565 -0.043234278 111.698318481
-0.045758098 0.013751957 0.998857975 45.983551025 0.012039416 0.999840200 -0.013213948 -4.209321976 -0.998879969 0.011421020 -0.045916356 111.683212280
-0.046316344 0.013908212 0.998829901 46.943634033 0.013426783 0.999821365 -0.013299409 -4.237464905 -0.998836577 0.012795096 -0.046494819 111.633316040
-0.047780696 0.013010301 0.998773038 47.763534546 0.015342832 0.999806702 -0.012289775 -4.258085251 -0.998740077 0.014736796 -0.047971077 111.602325439
-0.048793778 0.012376349 0.998732209 48.719875336 0.016138518 0.999802470 -0.011601153 -4.290315628 -0.998678446 0.015551992 -0.048983872 111.547210693
-0.050708771 0.012330399 0.998637319 49.530334473 0.014966932 0.999820888 -0.011585020 -4.312310219 -0.998601198 0.014359074 -0.050884236 111.523490906
-0.051707756 0.011135062 0.998600185 50.467697144 0.012826774 0.999862909 -0.010484966 -4.341678143 -0.998579860 0.012266669 -0.051843498 111.477233887
-0.052788526 0.009695200 0.998558640 51.232906342 0.011608497 0.999891281 -0.009094458 -4.367142200 -0.998538256 0.011111685 -0.052895337 111.446739197
-0.053191707 0.009339380 0.998540640 52.134777069 0.011757980 0.999892831 -0.008725684 -4.397559166 -0.998515129 0.011276691 -0.053295825 111.399711609
-0.053742502 0.012052387 0.998482049 52.871959686 0.011911814 0.999863744 -0.011427921 -4.419694424 -0.998483896 0.011279571 -0.053878747 111.369171143
-0.053878102 0.014864709 0.998436809 53.747737885 0.012111425 0.999825299 -0.014231818 -4.445415497 -0.998474061 0.011325712 -0.054048721 111.331481934
-0.053923327 0.016542504 0.998408020 54.471675873 0.009932202 0.999822199 -0.016029499 -4.469071865 -0.998495638 0.009052029 -0.054078043 111.298385620
-0.054076198 0.017227214 0.998388350 55.341476440 0.010474499 0.999805987 -0.016684348 -4.499619484 -0.998481750 0.009555389 -0.054246154 111.255828857
-0.054192450 0.017164141 0.998382926 56.137275696 0.011988680 0.999791324 -0.016537609 -4.526389122 -0.998458564 0.011073080 -0.054386921 111.217620850
-0.055008829 0.016098268 0.998356044 56.846046448 0.011289679 0.999816060 -0.015499756 -4.557173252 -0.998422027 0.010418498 -0.055180460 111.188163757
-0.055079233 0.016418593 0.998346984 57.713417053 0.007759938 0.999841630 -0.016015055 -4.585868359 -0.998451710 0.006865015 -0.055197921 111.147811890
-0.054936487 0.017162852 0.998342335 58.407932281 0.006318229 0.999838173 -0.016840888 -4.607347488 -0.998469770 0.005382580 -0.055036038 111.117973328
-0.055138979 0.015703226 0.998355150 59.276763916 0.007971405 0.999851525 -0.015286496 -4.634943008 -0.998446822 0.007115413 -0.055255949 111.082069397
-0.056684729 0.014880059 0.998281181 59.972309113 0.007597710 0.999866545 -0.014472270 -4.658380032 -0.998363197 0.006764294 -0.056790207 111.051765442
-0.059455931 0.015020167 0.998117924 60.805458069 0.004854254 0.999879301 -0.014757516 -4.673607826 -0.998219073 0.003967695 -0.059521656 110.998527527
-0.064694405 0.014696689 0.997796893 61.491550446 0.001650753 0.999891758 -0.014620515 -4.699645042 -0.997903764 0.000701250 -0.064711645 110.960029602
-0.070522413 0.018357413 0.997341216 62.329738617 0.005141325 0.999824107 -0.018039566 -4.728748798 -0.997496903 0.003855465 -0.070604369 110.900741577
-0.077430427 0.021771045 0.996760011 63.011276245 0.007764207 0.999744415 -0.021233091 -4.743400574 -0.996967554 0.006094967 -0.077579670 110.850791931
-0.084210642 0.022656921 0.996190310 63.840957642 0.006740037 0.999731600 -0.022167707 -4.781774044 -0.996425152 0.004847603 -0.084340751 110.772552490
-0.090953514 0.021965867 0.995612800 64.530509949 0.002894573 0.999758244 -0.021792892 -4.804037571 -0.995850921 0.000899733 -0.090995133 110.722961426
-0.095593251 0.020644099 0.995206535 65.376991272 0.003069734 0.999786317 -0.020444240 -4.836384296 -0.995415688 0.001100683 -0.095636196 110.633705139
-0.100091346 0.021584017 0.994744182 66.074981689 0.000526432 0.999765754 -0.021640005 -4.852011681 -0.994978070 -0.001642316 -0.100079246 110.568847656
-0.104120091 0.020627668 0.994350791 66.938415527 -0.001820361 0.999779284 -0.020930894 -4.885963440 -0.994563043 -0.003989406 -0.104059540 110.482406616
-0.106826708 0.018381517 0.994107783 67.655158997 -0.000853311 0.999827087 -0.018578967 -4.897300720 -0.994277239 -0.002833015 -0.106792532 110.411903381
-0.108502083 0.014265511 0.993993819 68.538055420 0.000979098 0.999898076 -0.014243374 -4.941160679 -0.994095743 -0.000572216 -0.108504966 110.312957764
-0.110743649 0.011838851 0.993778527 69.286842346 0.000862994 0.999929786 -0.011815964 -4.958678722 -0.993848562 -0.000450915 -0.110746078 110.244377136
-0.111799501 0.011461871 0.993664682 70.181701660 0.000116302 0.999933541 -0.011521095 -4.984695435 -0.993730664 -0.001172487 -0.111793414 110.149032593
-0.112485714 0.015315489 0.993535399 70.917633057 0.002012870 0.999882579 -0.015185441 -5.003332615 -0.993651211 0.000291713 -0.112503335 110.071731567
-0.112256110 0.019691909 0.993484199 71.827346802 0.008112248 0.999788404 -0.018900247 -5.027002811 -0.993646204 0.005937719 -0.112392113 109.958045959
-0.112720460 0.025746617 0.993293047 72.569053650 0.016152052 0.999579668 -0.024076607 -5.046292305 -0.993495464 0.013329796 -0.113088928 109.863502502
-0.113550715 0.025740255 0.993198752 73.505775452 0.016231880 0.999579012 -0.024049846 -5.084353447 -0.993399501 0.013390608 -0.113920718 109.756965637
-0.114098459 0.022976503 0.993203700 74.257225037 0.013502548 0.999676049 -0.021575071 -5.116551876 -0.993377626 0.010949098 -0.114371724 109.677833557
-0.113948978 0.018548887 0.993313491 75.199012756 0.014542606 0.999749601 -0.017000806 -5.145262241 -0.993380129 0.012508142 -0.114190198 109.572982788
-0.114319600 0.016593982 0.993305445 75.956367493 0.016589740 0.999752820 -0.014792379 -5.171916962 -0.993305504 0.014787619 -0.114566632 109.487632751
-0.114951409 0.016475989 0.993234396 76.881111145 0.017164411 0.999746084 -0.014597493 -5.205439091 -0.993222833 0.015370280 -0.115205042 109.379692078
-0.116544187 0.016980054 0.993040204 77.631324768 0.015060097 0.999769032 -0.015327644 -5.229866028 -0.993071318 0.013168932 -0.116773017 109.296806335
-0.118764535 0.018072631 0.992757976 78.539329529 0.015335108 0.999748468 -0.016365342 -5.259596825 -0.992803931 0.013280420 -0.119011797 109.195381165
-0.121464096 0.017325316 0.992444634 79.293434143 0.015660521 0.999756694 -0.015536292 -5.290612221 -0.992472231 0.013655093 -0.121705860 109.111175537
-0.123202175 0.018390201 0.992211223 80.211044312 0.016073821 0.999734104 -0.016533757 -5.308024883 -0.992251456 0.013911631 -0.123465024 108.997871399
-0.125143617 0.017991519 0.991975486 80.964767456 0.015780613 0.999745190 -0.016141618 -5.335903645 -0.992013156 0.013633962 -0.125395656 108.906570435
-0.127046853 0.018150089 0.991730571 81.867652893 0.012819305 0.999779046 -0.016655155 -5.365214348 -0.991813838 0.010597308 -0.127251446 108.800994873
-0.128299415 0.019749755 0.991538763 82.620994568 0.013382331 0.999745071 -0.018181615 -5.391483307 -0.991645098 0.010936408 -0.128531039 108.712440491
-0.128910959 0.020153139 0.991451323 83.516830444 0.011706487 0.999754667 -0.018799815 -5.416844368 -0.991587102 0.009182910 -0.129115298 108.595764160
-0.130299136 0.020993548 0.991252363 84.292800903 0.011769861 0.999738097 -0.019626126 -5.432426453 -0.991404891 0.009109637 -0.130512089 108.496788025
-0.131213501 0.019566011 0.991160929 85.080207825 0.012356511 0.999759853 -0.018099954 -5.458774567 -0.991277158 0.009872333 -0.131423756 108.396392822
-0.132369146 0.016884550 0.991056621 86.027000427 0.010257036 0.999824584 -0.015663961 -5.488775253 -0.991147339 0.008091881 -0.132519111 108.289680481
-0.135009229 0.014888873 0.990732551 86.827598572 0.007564805 0.999873400 -0.013995375 -5.512272358 -0.990815401 0.005605196 -0.135104716 108.212913513
-0.136731550 0.014760748 0.990498245 87.604049683 0.009999441 0.999858558 -0.013519891 -5.529635429 -0.990557551 0.008055834 -0.136859804 108.098922729
-0.138136089 0.014792733 0.990302801 88.579727173 0.009925064 0.999858797 -0.013551043 -5.567778587 -0.990363479 0.007956929 -0.138263419 107.951492310
-0.140161157 0.016377656 0.989993274 89.363647461 0.009377282 0.999840260 -0.015212942 -5.587070942 -0.990084231 0.007151183 -0.140292346 107.841979980
-0.142352059 0.019641552 0.989621162 90.180046082 0.010345508 0.999777973 -0.018354986 -5.617070675 -0.989762008 0.007625264 -0.142523646 107.743003845
-0.142241284 0.023535162 0.989552081 91.174903870 0.012607203 0.999679387 -0.021963816 -5.647953987 -0.989751697 0.009351321 -0.142492384 107.584037781
-0.143998772 0.027842442 0.989186049 91.995925903 0.013802976 0.999563396 -0.026125185 -5.675837994 -0.989481568 0.009891710 -0.144320220 107.473373413
-0.143356293 0.028839676 0.989250839 92.807891846 0.016208123 0.999509752 -0.026789969 -5.706812859 -0.989538431 0.012193386 -0.143753439 107.353950500
-0.142308742 0.027914522 0.989428639 93.827438354 0.019529343 0.999486864 -0.025389403 -5.749416351 -0.989629567 0.015709756 -0.142780870 107.195960999
-0.142144918 0.025719950 0.989511549 94.648788452 0.019397274 0.999542773 -0.023194235 -5.779546261 -0.989655733 0.015896883 -0.142578840 107.072212219
-0.141370371 0.024677442 0.989649117 95.644683838 0.019460578 0.999565303 -0.022144780 -5.814416885 -0.989765406 0.016128531 -0.141789153 106.942817688
-0.139225140 0.021405151 0.990029395 96.494071960 0.018069124 0.999654830 -0.019072250 -5.851576328 -0.990095794 0.015233631 -0.139563859 106.824424744
-0.137926325 0.018990742 0.990260422 97.493064880 0.018907160 0.999684453 -0.016538028 -5.879354477 -0.990261972 0.016441986 -0.138241887 106.692382812
-0.135329187 0.015373519 0.990681410 98.348983765 0.019474767 0.999727726 -0.012853606 -5.906049728 -0.990609288 0.017553827 -0.135591745 106.571189880
-0.134657413 0.015529911 0.990770519 99.346542358 0.018219152 0.999746978 -0.013194414 -5.939340591 -0.990724683 0.016274279 -0.134906307 106.452789307
-0.133082166 0.019231845 0.990918338 100.205955505 0.018925490 0.999678791 -0.016860135 -5.972189903 -0.990924239 0.016509838 -0.133403361 106.340278625
-0.131205514 0.026084160 0.991011918 101.199157715 0.020016821 0.999519646 -0.023657953 -6.001464844 -0.991153002 0.016732858 -0.131664634 106.212188721
-0.129651695 0.029576132 0.991118312 102.058639526 0.018029435 0.999460101 -0.027466562 -6.033432007 -0.991395533 0.014308220 -0.130114958 106.103820801
-0.128286466 0.027240729 0.991362929 103.042144775 0.016341735 0.999545038 -0.025350867 -6.060930252 -0.991602540 0.012948416 -0.128673270 105.987701416
-0.126922414 0.024749503 0.991603851 103.901206970 0.017154779 0.999593914 -0.022753168 -6.096405029 -0.991764367 0.014122861 -0.127295420 105.872657776
-0.126354754 0.023035515 0.991717696 104.896858215 0.018403264 0.999612749 -0.020874139 -6.138146400 -0.991814315 0.015613288 -0.126729757 105.751472473
