0.999974132 -0.006685455 0.002653780 0.205366045 0.006668468 0.999957561 0.006359430 -0.127056077 -0.002696183 -0.006341569 0.999976277 1.457297206
0.999994099 -0.002366754 -0.002458777 0.001438489 0.002375617 0.999990642 0.003608548 -0.040947486 0.002450213 -0.003614368 0.999990463 3.120785236
0.999981344 -0.005625970 0.002372784 0.120781012 0.005611941 0.999966979 0.005878101 -0.118545614 -0.002405776 -0.005864676 0.999979913 4.541496277
0.999999166 -0.001214433 -0.000126933 0.098959468 0.001215146 0.999982536 0.005772002 -0.126910299 0.000119921 -0.005772151 0.999983311 6.054001331
0.999997735 -0.001758922 0.001138045 0.005141008 0.001752907 0.999984622 0.005264752 -0.116302043 -0.001147284 -0.005262745 0.999985516 7.548721313
0.999996841 -0.002193696 0.001204068 -0.055617657 0.002187104 0.999982715 0.005449184 -0.126789883 -0.001216002 -0.005446531 0.999984384 9.063633919
0.999991238 -0.004008145 0.001133316 -0.099363580 0.004003169 0.999982417 0.004359103 -0.134810165 -0.001150768 -0.004354529 0.999989808 10.591826439
0.999983966 -0.005384245 0.001726532 -0.157786161 0.005376256 0.999974906 0.004599398 -0.146730930 -0.001751253 -0.004590041 0.999987900 12.107508659
0.999985397 -0.004886653 0.002318246 -0.209136009 0.004876975 0.999979436 0.004162387 -0.155101374 -0.002338542 -0.004151020 0.999988675 13.615608215
0.999987841 -0.004082292 0.002758388 -0.244026423 0.004070407 0.999982476 0.004300507 -0.173242718 -0.002775896 -0.004289227 0.999986947 15.114979744
0.999998689 0.000461869 0.001535078 -0.268071830 -0.000468037 0.999991834 0.004020356 -0.194710165 -0.001533209 -0.004021069 0.999990761 16.610521317
0.999979556 0.003135122 0.005566571 -0.336965740 -0.003168538 0.999976993 0.006004422 -0.206367970 -0.005547616 -0.006021938 0.999966443 17.971471786
0.999971271 -0.000447172 0.007567355 -0.379634231 0.000399008 0.999979615 0.006365112 -0.210513234 -0.007570047 -0.006361909 0.999951124 19.629875183
0.999884605 -0.000247059 0.015190812 -0.523331046 0.000128607 0.999969542 0.007798103 -0.276387662 -0.015192280 -0.007795249 0.999854267 20.914009094
0.999934793 0.010212223 0.005097918 -0.401817769 -0.010233585 0.999938905 0.004182105 -0.280468702 -0.005054898 -0.004234003 0.999978244 22.645513535
0.999895453 0.010192584 0.010248370 -0.450977802 -0.010229088 0.999941528 0.003515907 -0.277238071 -0.010211930 -0.003620371 0.999941230 24.108758926
0.999882519 0.011813339 0.009769107 -0.453524172 -0.011867426 0.999914467 0.005497276 -0.314831823 -0.009703324 -0.005612565 0.999937117 25.656669617
0.999817789 0.012593929 0.014345421 -0.488350779 -0.012675321 0.999903917 0.005596940 -0.363612771 -0.014273552 -0.005777753 0.999881446 27.038736343
0.999812663 0.014649482 0.012650677 -0.515074730 -0.014679404 0.999889672 0.002275605 -0.376818359 -0.012615945 -0.002460883 0.999917388 28.509244919
0.999819219 0.013463347 0.013425739 -0.459539562 -0.013500236 0.999905288 0.002660717 -0.432814777 -0.013388648 -0.002841487 0.999906361 29.723278046
0.999866605 0.014013507 0.008386013 -0.495943606 -0.014068726 0.999879599 0.006562622 -0.442568421 -0.008293043 -0.006679728 0.999943435 31.255361557
0.999885559 0.011518060 0.009809641 -0.475209773 -0.011608949 0.999889791 0.009259429 -0.520877242 -0.009701912 -0.009372250 0.999909103 32.459060669
0.999919415 0.012526404 -0.002061056 -0.503169537 -0.012502925 0.999860942 0.011035248 -0.529053748 0.002199009 -0.011008589 0.999936998 34.061141968
0.999922335 0.012291355 -0.002054179 -0.463881671 -0.012269609 0.999871850 0.010283401 -0.590813994 0.002180308 -0.010257397 0.999944985 35.204917908
0.999747694 0.013125342 -0.018234489 -0.494049609 -0.012963187 0.999875605 0.008982806 -0.560901761 0.018350124 -0.008744161 0.999793530 36.723361969
0.999791265 0.012917080 -0.015830945 -0.487938523 -0.012783443 0.999882042 0.008513941 -0.603162050 0.015939051 -0.008309791 0.999838471 37.944660187
0.999757230 0.012276687 -0.018292870 -0.526355267 -0.012113323 0.999885976 0.009014606 -0.580531776 0.018401446 -0.008790828 0.999792039 39.380844116
0.999834180 0.012418785 -0.013324259 -0.561081707 -0.012263506 0.999856710 0.011672977 -0.621671617 0.013467317 -0.011507640 0.999843121 40.625114441
0.999823630 0.011857648 -0.014563212 -0.575087965 -0.011678319 0.999855697 0.012337804 -0.609444499 0.014707408 -0.012165558 0.999817848 41.972267151
0.999877393 0.012789448 -0.009027611 -0.575645268 -0.012659305 0.999817133 0.014329109 -0.643140376 0.009209231 -0.014213072 0.999856591 43.208053589
0.999914885 0.007471604 -0.010696008 -0.586702168 -0.007351076 0.999909520 0.011263754 -0.625144362 0.010779199 -0.011184165 0.999879301 44.484210968
0.999971390 0.006749297 -0.003447570 -0.595836222 -0.006718206 0.999937296 0.008951971 -0.641608119 0.003507772 -0.008928549 0.999953985 45.685363770
0.999975741 0.006093737 -0.003375220 -0.614763856 -0.006069211 0.999955475 0.007229529 -0.629844725 0.003419124 -0.007208868 0.999968290 46.964076996
0.999973118 0.006388739 0.003610666 -0.625510573 -0.006414218 0.999954343 0.007089622 -0.621848404 -0.003565201 -0.007112591 0.999968350 48.072982788
0.999939203 0.002437967 0.010751249 -0.654105842 -0.002518737 0.999968648 0.007505463 -0.662420630 -0.010732599 -0.007532086 0.999914050 49.436550140
0.999764740 0.003717782 0.021367632 -0.666599870 -0.003838920 0.999976814 0.005630976 -0.651023388 -0.021346210 -0.005711680 0.999755800 50.561771393
0.999658942 0.006224090 0.025360083 -0.626325369 -0.006400617 0.999955833 0.006885612 -0.687151194 -0.025316117 -0.007045584 0.999654651 51.870845795
0.999223709 0.006338096 0.038881991 -0.635108232 -0.006603623 0.999955714 0.006704459 -0.686047912 -0.038837772 -0.006956017 0.999221325 53.028076172
0.998961806 0.008352896 0.044782721 -0.554088116 -0.008718749 0.999930143 0.007980380 -0.704492569 -0.044712905 -0.008362545 0.998964846 54.269767761
0.997915328 0.010975912 0.063596256 -0.568659544 -0.011493480 0.999903679 0.007778162 -0.712285697 -0.063504763 -0.008492889 0.997945309 55.402519226
0.997306824 0.010332196 0.072611205 -0.426423073 -0.010837960 0.999919653 0.006574817 -0.713966966 -0.072537422 -0.007344068 0.997338593 56.543460846
0.995731115 0.012384047 0.091467366 -0.383193016 -0.013171252 0.999881208 0.008007762 -0.729225636 -0.091357328 -0.009178316 0.995775878 57.507442474
0.994158983 0.013016543 0.107137769 -0.249492168 -0.013991826 0.999867141 0.008356416 -0.723691404 -0.107014738 -0.009806657 0.994209051 58.751110077
0.991761327 0.012600292 0.127478555 -0.151576042 -0.013623556 0.999881566 0.007158198 -0.731683850 -0.127373248 -0.008835934 0.991815507 59.608230591
0.989104092 0.013427929 0.146604076 0.010560989 -0.014727677 0.999861240 0.007783828 -0.764197290 -0.146479219 -0.009858154 0.989164650 60.865631104
0.985642135 0.010956223 0.168491691 0.145811081 -0.012379621 0.999896049 0.007399742 -0.768958569 -0.168393090 -0.009379363 0.985675335 61.720592499
0.981612265 0.004206909 0.190839291 0.303920746 -0.005867998 0.999949634 0.008139847 -0.757588863 -0.190795466 -0.009110019 0.981587529 62.583908081
0.977225900 0.002515087 0.212186694 0.602685928 -0.005030219 0.999923348 0.011314401 -0.787255764 -0.212141961 -0.012124071 0.977163672 63.974788666
0.971535861 -0.002372567 0.236880615 0.807871819 -0.000039781 0.999948204 0.010178515 -0.784816206 -0.236892492 -0.009898214 0.971485496 64.834907532
0.965111911 -0.008086401 0.261712611 1.048896790 0.006102527 0.999946117 0.008392200 -0.798758924 -0.261766374 -0.006502301 0.965109348 65.689033508
0.957729340 -0.012196273 0.287412256 1.406944275 0.009897867 0.999906361 0.009448634 -0.809271574 -0.287500590 -0.006204465 0.957760394 66.915878296
0.949190736 -0.014623067 0.314361513 1.682317734 0.011585969 0.999866366 0.011527554 -0.811257780 -0.314488113 -0.007299664 0.949233353 67.734954834
0.939346790 -0.020308793 0.342367023 2.013103485 0.016530883 0.999766052 0.013949381 -0.821570337 -0.342570275 -0.007443677 0.939462721 68.632080078
0.928484023 -0.017801354 0.370945483 2.421514511 0.013056095 0.999797702 0.015299764 -0.827527046 -0.371142805 -0.009362486 0.928528607 69.691757202
0.916821003 -0.017976081 0.398893714 2.755430222 0.014651084 0.999827921 0.011382897 -0.841676176 -0.399029672 -0.004591855 0.916926503 70.422775269
0.903394163 -0.018481985 0.428412765 3.152637482 0.017582916 0.999827027 0.006056046 -0.847406626 -0.428450584 0.002061750 0.903562844 71.282608032
0.890166223 -0.014851999 0.455393821 3.637004852 0.014174022 0.999887526 0.004903659 -0.842845500 -0.455415487 0.002089691 0.890276611 72.206306458
0.874504626 -0.015182393 0.484779656 4.050811768 0.013078514 0.999884665 0.007721908 -0.853443563 -0.484840989 -0.000412647 0.874602258 72.969062805
0.856497526 -0.014297055 0.515953004 4.511337280 0.009240449 0.999880850 0.012367267 -0.841664433 -0.516068339 -0.005824897 0.856527567 73.782897949
0.836755395 -0.014590982 0.547382474 4.966407776 0.006962164 0.999847651 0.016009158 -0.873644710 -0.547532678 -0.009584785 0.836729407 74.512527466
0.817433596 -0.004448246 0.576005638 5.606851578 -0.000231369 0.999967515 0.008050667 -0.817754984 -0.576022804 -0.006714158 0.817406058 75.401695251
0.795432746 0.002472537 0.606036782 6.143325806 -0.003171238 0.999994993 0.000082472 -0.829272509 -0.606033623 -0.001987488 0.795436561 76.123733521
0.773605168 0.004842316 0.633649290 6.720066071 -0.003792582 0.999988258 -0.003011605 -0.825399339 -0.633656561 -0.000073373 0.773614526 76.787231445
0.750445426 0.002650055 0.660927117 7.352817535 -0.003724865 0.999993026 0.000219798 -0.844663024 -0.660921931 -0.002626810 0.750450075 77.545516968
0.726404011 0.002510474 0.687263370 7.983589172 -0.003318397 0.999994457 -0.000145453 -0.852053344 -0.687259972 -0.002174955 0.726408303 78.186355591
0.701203644 0.004974164 0.712943733 8.623756409 -0.002437563 0.999986470 -0.004579419 -0.841892183 -0.712956846 0.001473258 0.701206386 78.814208984
0.674297094 0.006883016 0.738428116 9.277179718 -0.002846592 0.999973357 -0.006721555 -0.888992846 -0.738454700 0.002430320 0.674298704 79.456253052
0.647350967 0.009400479 0.762134254 9.972419739 -0.004797340 0.999954462 -0.008259030 -0.905340195 -0.762176991 0.001690273 0.647366405 80.043350220
0.619218946 0.011021615 0.785140932 10.681484222 -0.004341574 0.999934256 -0.010612750 -0.919253409 -0.785206258 0.003162868 0.619226158 80.615524292
0.590005457 0.017329205 0.807213247 11.408287048 -0.005549353 0.999833047 -0.017408241 -0.942894936 -0.807380140 0.005791446 0.590003133 81.172363281
0.560274124 0.026548399 0.827881694 12.162483215 -0.006893700 0.999601066 -0.027389716 -0.968203366 -0.828278542 0.009638579 0.560233653 81.675125122
0.529878020 0.035061240 0.847348750 12.950634003 -0.007644612 0.999301910 -0.036568239 -0.994799614 -0.848039448 0.012899053 0.529776156 82.159683228
0.497692496 0.040053025 0.866428375 13.740859985 -0.009894629 0.999130368 -0.040503882 -1.029484749 -0.867297113 0.011585488 0.497656077 82.637458801
0.465167314 0.039108500 0.884358466 14.560792923 -0.011625247 0.999207377 -0.038072582 -1.086625338 -0.885146499 0.007429235 0.465253204 83.079818726
0.430970997 0.037153270 0.901600599 15.403059006 -0.007340595 0.999263227 -0.037668921 -1.119497299 -0.902335942 0.009615928 0.430926174 83.500839233
0.396596968 0.037923772 0.917209089 16.273324966 -0.011162147 0.999271572 -0.036490347 -1.173277378 -0.917924941 0.004233937 0.396731466 83.886772156
0.360937983 0.040018693 0.931730807 17.124750137 -0.012439200 0.999196589 -0.038097654 -1.224155903 -0.932506859 0.002160906 0.361145735 84.249176025
0.324715436 0.042104274 0.944874108 18.035249710 -0.016989293 0.999107122 -0.038682394 -1.264950275 -0.945659161 -0.003491970 0.325140834 84.585395813
0.288682997 0.041523196 0.956523895 18.922222137 -0.019131286 0.999109805 -0.037597969 -1.308047652 -0.957233489 -0.007445637 0.289220452 84.860671997
0.252544612 0.041016929 0.966715574 19.873010635 -0.018953821 0.999119163 -0.037440293 -1.355742455 -0.967399538 -0.008867608 0.253099591 85.117218018
0.216553479 0.040510632 0.975429833 20.779371262 -0.018554371 0.999128997 -0.037375648 -1.401416659 -0.976094365 -0.010004661 0.217116490 85.317924500
0.181339219 0.039486233 0.982627511 21.752897263 -0.016480191 0.999175251 -0.037109852 -1.445091486 -0.983282447 -0.009464418 0.181840405 85.497810364
0.147011876 0.038505211 0.988384962 22.696979523 -0.006782167 0.999257863 -0.037920021 -1.485934854 -0.989111483 -0.001128699 0.147163883 85.627265930
0.113084517 0.041877784 0.992702484 23.678390503 -0.004528715 0.999122679 -0.041632742 -1.536551833 -0.993575096 0.000212352 0.113174982 85.735725403
0.080032468 0.046855636 0.995690405 24.618398666 -0.006303980 0.998898387 -0.046499893 -1.584245920 -0.996772349 -0.002555311 0.080239683 85.824691772
0.050642911 0.050869748 0.997420371 25.628625870 0.000944168 0.998699009 -0.050982893 -1.632779002 -0.998716474 0.003523655 0.050528988 85.880058289
0.025825765 0.049227707 0.998453617 26.584115982 0.003242561 0.998777390 -0.049327541 -1.683691621 -0.999661207 0.004511469 0.025634570 85.885002136
0.003806980 0.045888100 0.998939276 27.605909348 0.005529396 0.998930454 -0.045908760 -1.741350412 -0.999977469 0.005698306 0.003549172 85.889640808
-0.014971633 0.043522447 0.998940289 28.560226440 0.008143589 0.999024332 -0.043404065 -1.792675972 -0.999854743 0.007485128 -0.015311454 85.878379822
-0.031668983 0.046481531 0.998417079 29.566873550 0.010091756 0.998881996 -0.046183072 -1.854342580 -0.999447405 0.008613209 -0.032102656 85.855430603
-0.045535028 0.050891459 0.997665703 30.545457840 0.013516115 0.998641491 -0.050324347 -1.898847342 -0.998871267 0.011193044 -0.046161022 85.788932800
-0.057744533 0.055923715 0.996763766 31.529106140 0.018127361 0.998324037 -0.054961085 -1.960465789 -0.998166800 0.014894996 -0.058661506 85.731864929
-0.066138908 0.059575431 0.996030331 32.523002625 0.023789762 0.998026371 -0.058115114 -2.015599251 -0.997526705 0.019851655 -0.067425668 85.655418396
-0.072175071 0.064829037 0.995282888 33.540252686 0.026706787 0.997653127 -0.063046724 -2.086637020 -0.997034371 0.022030406 -0.073737063 85.583015442
-0.075594291 0.069714904 0.994698584 34.504680634 0.030154549 0.997256517 -0.067602515 -2.150964737 -0.996682525 0.024884328 -0.077489138 85.502510071
-0.078849569 0.073303223 0.994187772 35.516010284 0.031475030 0.996978700 -0.071012698 -2.233482361 -0.996389508 0.025692770 -0.080918573 85.423194885
-0.080818996 0.076607049 0.993780494 36.520980835 0.031585697 0.996738136 -0.074266337 -2.309880972 -0.996228218 0.025387120 -0.082975090 85.333999634
-0.083336644 0.080183432 0.993290365 37.536403656 0.033144638 0.996429086 -0.077656001 -2.389141798 -0.995970130 0.026450656 -0.085696712 85.252532959
-0.084837139 0.084044009 0.992844045 38.549079895 0.034002818 0.996100187 -0.081414148 -2.474154234 -0.995814502 0.026852550 -0.087364033 85.145797729
-0.087680444 0.085543871 0.992468834 39.518165588 0.038006034 0.995867848 -0.082479164 -2.549010038 -0.995423317 0.030487997 -0.090569325 85.070892334
-0.089779027 0.084254697 0.992391407 40.541606903 0.037332270 0.995999753 -0.081183687 -2.637890577 -0.995261788 0.029759631 -0.092565306 84.968338013
-0.091704175 0.084657297 0.992181182 41.552822113 0.049604017 0.995530963 -0.080358393 -2.739269018 -0.994549990 0.041846972 -0.095493697 84.868057251
-0.094908789 0.086742438 0.991699576 42.569549561 0.049725901 0.995365918 -0.082304209 -2.812760353 -0.994243205 0.041501764 -0.098782323 84.801422119
-0.096792027 0.088675007 0.991346598 43.632087708 0.048448354 0.995262384 -0.084294915 -2.908688545 -0.994124770 0.039870035 -0.100629635 84.682777405
-0.098853394 0.090103298 0.991014302 44.625938416 0.051744629 0.995010316 -0.085305102 -3.010283232 -0.993755758 0.042846970 -0.103022508 84.559066772
-0.100794233 0.093614802 0.990493238 45.654056549 0.049997345 0.994782031 -0.088932358 -3.105470181 -0.993650198 0.040558167 -0.104948789 84.448707581
-0.104001865 0.097411171 0.989795268 46.686798096 0.047331218 0.994549394 -0.092905737 -3.202584982 -0.993450224 0.037185851 -0.108045571 84.344543457
-0.106655702 0.099951901 0.989259362 47.729461670 0.044660822 0.994411886 -0.095657438 -3.300475597 -0.993292511 0.033978727 -0.110523626 84.229652405
-0.109254889 0.098549582 0.989116430 48.741600037 0.044392578 0.994564116 -0.094188884 -3.393486500 -0.993021905 0.033618838 -0.113035850 84.095016479
-0.112315230 0.094440110 0.989174604 49.803165436 0.041027803 0.995065153 -0.090344034 -3.493803501 -0.992825150 0.030436650 -0.115635648 83.977691650
-0.114867896 0.092385478 0.989075482 50.844928741 0.042275336 0.995218575 -0.088049583 -3.599313498 -0.992480755 0.031699430 -0.118224293 83.848968506
-0.117109090 0.093043350 0.988750875 51.947700500 0.040005300 0.995235443 -0.088915266 -3.704659700 -0.992312968 0.029142490 -0.120273352 83.743019104
-0.118249603 0.095953085 0.988337040 53.017616272 0.040302847 0.994963884 -0.091774434 -3.805955410 -0.992165625 0.028980507 -0.121521279 83.610229492
-0.119847037 0.098383293 0.987905502 54.040321350 0.041752059 0.994696856 -0.093994498 -3.911078215 -0.991914034 0.029982133 -0.123319156 83.503799438
-0.118767321 0.099264517 0.987947822 55.135398865 0.041436426 0.994618893 -0.094953485 -4.014345169 -0.992057145 0.029659653 -0.122241378 83.343391418
-0.118872255 0.097923957 0.988068998 56.202880859 0.038468640 0.994831860 -0.093966149 -4.123132229 -0.992164135 0.026839700 -0.122024924 83.210426331
-0.120209478 0.096720815 0.988025606 57.282737732 0.034628849 0.995045483 -0.093194827 -4.239860058 -0.992144406 0.023011295 -0.122963220 83.117622375
-0.118561380 0.098887898 0.988010228 58.401397705 0.031068671 0.994910717 -0.095850296 -4.325083256 -0.992460549 0.019332021 -0.121030301 82.946609497
-0.119211607 0.098870054 0.987933755 59.467784882 0.027004646 0.994984329 -0.096317053 -4.445393562 -0.992501616 0.015196692 -0.121283621 82.836387634
-0.118491933 0.097231477 0.988183022 60.554729462 0.024222974 0.995181024 -0.095015489 -4.551748276 -0.992659509 0.012678163 -0.120276146 82.716636658
-0.119130254 0.093067035 0.988507211 61.661064148 0.023558056 0.995581925 -0.090893999 -4.645910263 -0.992599130 0.012459083 -0.120796420 82.587860107
-0.118886203 0.084218875 0.989329636 62.781604767 0.027942907 0.996285379 -0.081453137 -4.750986099 -0.992514729 0.017961090 -0.120797902 82.448577881
-0.119189151 0.078515977 0.989762127 63.908622742 0.033113502 0.996628046 -0.075073048 -4.854961395 -0.992319226 0.023826599 -0.121387184 82.318725586
-0.118221618 0.080930427 0.989683688 64.980644226 0.041983303 0.996189356 -0.076447338 -4.942886353 -0.992099285 0.032512460 -0.121168852 82.177825928
-0.116642930 0.086570576 0.989393771 66.098220825 0.047352973 0.995545626 -0.081526272 -5.034871578 -0.992044449 0.037341263 -0.120222755 82.027809143
-0.115891673 0.092002302 0.988991737 67.179985046 0.051161259 0.994932234 -0.086559728 -5.131341934 -0.991943479 0.040566508 -0.120011285 81.893806458
-0.114947416 0.096675456 0.988656104 68.308837891 0.052186355 0.994466484 -0.091176100 -5.225301743 -0.991999865 0.041113902 -0.119356476 81.748031616
-0.114068195 0.092471495 0.989160001 69.498649597 0.049466867 0.994952381 -0.087308586 -5.337781906 -0.992240608 0.038971517 -0.118066669 81.663108826
-0.113663360 0.087254651 0.989680409 70.647308350 0.048848286 0.995422125 -0.082150713 -5.458094597 -0.992317736 0.039006665 -0.117405273 81.516464233
-0.114181079 0.086532876 0.989684165 71.756652832 0.046433896 0.995575488 -0.081690840 -5.525074482 -0.992374241 0.036627345 -0.117693923 81.411445618
-0.113877393 0.087558307 0.989628971 72.885726929 0.045281798 0.995531082 -0.082869880 -5.617308140 -0.992462397 0.035375170 -0.117333278 81.279594421
-0.110916622 0.098414391 0.988944948 73.956031799 0.044689182 0.994572282 -0.093962193 -5.532169342 -0.992824376 0.033773173 -0.114712663 81.119262695
-0.109132499 0.100357071 0.988948166 75.078399658 0.044031844 0.994401991 -0.096051499 -5.654898643 -0.993051469 0.033062875 -0.112940475 80.965110779
-0.114235476 0.102495588 0.988152266 76.380966187 0.041750118 0.994280219 -0.098304674 -5.720943451 -0.992576063 0.030025594 -0.117861271 80.931655884
-0.113530554 0.095912002 0.988894224 77.499176025 0.043950979 0.994839966 -0.091442861 -5.842110634 -0.992561877 0.033081308 -0.117160149 80.797164917
-0.113175578 0.094796941 0.989042401 78.677909851 0.042393111 0.994992256 -0.090516217 -5.936316490 -0.992670178 0.031684365 -0.116627567 80.634567261
-0.113100663 0.096960090 0.988841236 79.829101562 0.040360052 0.994853854 -0.092933416 -6.061207771 -0.992763400 0.029398853 -0.116431952 80.509361267
-0.111978918 0.099715732 0.988694847 80.978363037 0.040571496 0.994581580 -0.095714353 -6.173149109 -0.992881954 0.029394839 -0.115417793 80.363029480
-0.114336327 0.103515074 0.988034308 82.371734619 0.036666658 0.994318545 -0.099930361 -6.193589211 -0.992765188 0.024802243 -0.117482267 80.259078979
-0.114517510 0.100020312 0.988373220 83.528831482 0.036042891 0.994681835 -0.096482635 -6.316257477 -0.992767155 0.024574872 -0.117513515 80.131744385
-0.112823166 0.099158496 0.988654852 84.706687927 0.036736671 0.994743884 -0.095576890 -6.433427334 -0.992935658 0.025536602 -0.115872920 79.979377747
-0.111780681 0.099124730 0.988776624 85.853103638 0.038825218 0.994688451 -0.095328219 -6.557991982 -0.992974162 0.027733618 -0.115035504 79.849586487
-0.110084489 0.099972852 0.988881528 87.035278320 0.040764794 0.994545519 -0.096007414 -6.665408134 -0.993085921 0.029742630 -0.113559410 79.697196960
-0.108493492 0.094182737 0.989625573 88.150314331 0.039932612 0.995111406 -0.090326965 -6.927891731 -0.993294716 0.029718457 -0.111724041 79.536643982
-0.106962867 0.094738558 0.989739060 89.345069885 0.040853478 0.995028198 -0.090829723 -7.042758465 -0.993423283 0.030718885 -0.110301457 79.396179199
-0.104660466 0.092483707 0.990198433 90.600540161 0.041024175 0.995220602 -0.088616654 -7.176043034 -0.993661642 0.031347420 -0.107954293 79.245788574
-0.102934957 0.091066271 0.990510583 91.819458008 0.039711900 0.995382547 -0.087387294 -7.301740646 -0.993895054 0.030339845 -0.106076069 79.107360840
-0.102090456 0.090663195 0.990634978 92.978042603 0.040390663 0.995394647 -0.086936325 -7.405928612 -0.993954778 0.031137042 -0.105282247 78.991767883
-0.100476392 0.091665938 0.990707815 94.193161011 0.038763933 0.995351374 -0.088164203 -7.517882347 -0.994184017 0.029545300 -0.103562653 78.871673584
-0.099175625 0.094400637 0.990581989 95.370208740 0.038457058 0.995109737 -0.090981856 -7.625088692 -0.994326472 0.029071692 -0.102321006 78.753036499
-0.100804552 0.094892360 0.990370572 96.711944580 0.035799816 0.995142400 -0.091705702 -7.706182480 -0.994261920 0.026210733 -0.103712030 78.725845337
-0.101078577 0.093445063 0.990480244 97.932403564 0.031455319 0.995381534 -0.090697452 -7.824366570 -0.994381070 0.021988306 -0.103551105 78.614227295
-0.101348199 0.096309736 0.990178168 99.205932617 0.028900307 0.995167971 -0.093837008 -7.897364616 -0.994431138 0.019106239 -0.103641875 78.494880676
-0.100911483 0.095420957 0.990308940 100.380363464 0.027113199 0.995283961 -0.093137555 -8.015515327 -0.994525909 0.017451793 -0.103022747 78.351074219
-0.105800182 0.094266668 0.989909172 101.925216675 0.025593698 0.995424807 -0.092056490 -8.141743660 -0.994058013 0.015595846 -0.107728764 78.369125366
-0.107817911 0.092799000 0.989830136 103.172096252 0.023225794 0.995597422 -0.090809792 -8.262715340 -0.993899345 0.013198668 -0.109498560 78.245864868
-0.106638983 0.092719495 0.989965260 104.146804810 0.021937987 0.995619595 -0.090885930 -8.328668594 -0.994055688 0.012025863 -0.108205952 78.096542358
-0.108282030 0.093160398 0.989745498 105.368576050 0.022778714 0.995570540 -0.091216609 -8.446460724 -0.993859172 0.012668012 -0.109924465 77.961914062
-0.110768989 0.091894008 0.989588678 106.512916565 0.021446349 0.995705247 -0.090061419 -8.546125412 -0.993614674 0.011247053 -0.112264052 77.840057373
-0.114460163 0.086355500 0.989667475 107.701568604 0.019990006 0.996213138 -0.084614724 -8.669349670 -0.993226707 0.010098443 -0.115752973 77.711944580
-0.115159422 0.088004172 0.989441037 108.646919250 0.020118216 0.996070206 -0.086252265 -8.719261169 -0.993143380 0.009973027 -0.116477348 77.538017273
-0.121302657 0.094463795 0.988110423 109.887969971 0.014885445 0.995522499 -0.093345031 -8.828680038 -0.992503881 0.003385463 -0.122165672 77.413902283
-0.127346113 0.097051136 0.987098753 110.943397522 0.017222608 0.995267808 -0.095632382 -8.947978973 -0.991708815 0.004822002 -0.128414959 77.247138977
-0.136027798 0.092072949 0.986417234 112.088035583 0.018183963 0.995736241 -0.090435207 -9.087074280 -0.990538120 0.005635271 -0.137122110 77.081481934
-0.146673590 0.089927457 0.985088825 113.267929077 0.020777419 0.995919406 -0.087822556 -9.207939148 -0.988966703 0.007586350 -0.147943541 76.899406433
-0.159728780 0.092120759 0.982853234 114.414871216 0.022259351 0.995719194 -0.089709178 -9.287995338 -0.986909926 0.007548537 -0.161095589 76.729995728
-0.173939764 0.090895951 0.980552316 115.551956177 0.024045177 0.995826066 -0.088046439 -9.430045128 -0.984462678 0.008262775 -0.175399378 76.535781860
-0.188275039 0.088854633 0.978088617 116.694519043 0.024927983 0.996010423 -0.085684292 -9.538215637 -0.981799841 0.008249563 -0.189738885 76.320053101
-0.204520449 0.090231456 0.974694669 117.853141785 0.028418386 0.995869994 -0.086228698 -9.683985710 -0.978449702 0.010063716 -0.206239998 76.111206055
-0.219341084 0.093544208 0.971153438 118.970191956 0.029206624 0.995576441 -0.089300185 -9.794295311 -0.975210965 0.008776913 -0.221102923 75.857009888
-0.234804258 0.097125486 0.967178226 120.047653198 0.029404115 0.995249927 -0.092805989 -9.902937889 -0.971597731 0.006647777 -0.236544818 75.607940674
-0.249987736 0.094952077 0.963581979 121.182785034 0.026075751 0.995479226 -0.091330253 -10.030176163 -0.967897773 0.002294676 -0.251333565 75.295906067
-0.267427027 0.087933488 0.959557474 122.357276917 0.019487504 0.996117175 -0.085852690 -10.177822113 -0.963381052 -0.004259946 -0.268102199 75.018585205
-0.282767862 0.085580513 0.955362916 123.436065674 0.017329797 0.996305048 -0.084118821 -10.248825073 -0.959031820 -0.007229851 -0.283206135 74.695693970
-0.298827231 0.085594729 0.950460851 124.553680420 0.014572801 0.996262610 -0.085137717 -10.385807991 -0.954195917 -0.011590600 -0.298957735 74.383537292
-0.313055396 0.087830141 0.945664942 125.627395630 0.014921172 0.996046603 -0.087569885 -10.486265182 -0.949617743 -0.013303800 -0.313128322 74.035003662
-0.327771157 0.088523097 0.940600634 126.716247559 0.016095266 0.995979190 -0.088126242 -10.636443138 -0.944620013 -0.013746024 -0.327878118 73.708450317
-0.341753691 0.088078313 0.935653031 127.797149658 0.017820863 0.996026754 -0.087252460 -10.749446869 -0.939620554 -0.013144705 -0.341965526 73.318115234
-0.355663985 0.085462771 0.930698216 128.799041748 0.017967451 0.996251583 -0.084616095 -10.877241135 -0.934441209 -0.013372628 -0.355866283 72.938751221
-0.370034516 0.084091142 0.925204337 129.823760986 0.017774288 0.996353447 -0.083449036 -10.979614258 -0.928847909 -0.014434176 -0.370179892 72.522064209
-0.385012656 0.085250244 0.918965518 130.860794067 0.016403632 0.996199429 -0.085542537 -11.083180428 -0.922765434 -0.017860582 -0.384947866 72.096565247
-0.400140077 0.087046936 0.912310660 131.851745605 0.017335635 0.996019781 -0.087430499 -11.194707870 -0.916289985 -0.019168967 -0.400056422 71.685005188
-0.415296167 0.088910438 0.905330896 132.885284424 0.019465612 0.995852947 -0.088871062 -11.298948288 -0.909477949 -0.019284997 -0.415304661 71.228469849
-0.429231137 0.091334976 0.898564696 133.876068115 0.022217775 0.995640397 -0.090589166 -11.405577660 -0.902921379 -0.018919585 -0.429389149 70.801612854
-0.444410592 0.094287686 0.890847385 134.901840210 0.021280702 0.995276034 -0.094724312 -11.516467094 -0.895570397 -0.023138635 -0.444317788 70.310256958
-0.458917558 0.096425518 0.883230865 135.834045410 0.022646662 0.995039761 -0.096865147 -11.620878220 -0.888190210 -0.024450881 -0.458824962 69.821060181
-0.474829257 0.093591549 0.875087321 136.865768433 0.021180853 0.995256543 -0.094950914 -11.740603447 -0.879823029 -0.026550369 -0.474559307 69.293479919
-0.489229292 0.090667173 0.867429554 137.830398560 0.019873651 0.995482385 -0.092843026 -11.803832054 -0.871928751 -0.028182538 -0.488821000 68.709960938
-0.504994571 0.090680674 0.858345807 138.802490234 0.019723121 0.995418429 -0.093558028 -11.916404724 -0.862897217 -0.030317048 -0.504469395 68.132911682
-0.521469414 0.089888200 0.848522127 139.786987305 0.018385014 0.995388448 -0.094147757 -12.019735336 -0.853071928 -0.033495076 -0.520717204 67.575195312
-0.537595034 0.088732816 0.838521421 140.758605957 0.017636353 0.995413244 -0.094028167 -12.125280380 -0.843018770 -0.035760600 -0.536694050 66.970855713
-0.553505540 0.088674054 0.828111529 141.856903076 0.017711496 0.995344162 -0.094743043 -12.248937607 -0.832657099 -0.037773706 -0.552498996 66.279663086
-0.569478512 0.087749057 0.817309201 142.824401855 0.016802687 0.995320678 -0.095153339 -12.356374741 -0.821834445 -0.040454786 -0.568288267 65.631645203
-0.584084213 0.085760415 0.807149887 143.708068848 0.017647397 0.995509386 -0.093003482 -12.460360527 -0.811501205 -0.040077765 -0.582974792 64.989112854
-0.599022269 0.081987627 0.796523869 144.648513794 0.017640574 0.995854080 -0.089238539 -12.583372116 -0.800537944 -0.039404731 -0.597985148 64.293899536
-0.614111423 0.080683045 0.785084307 145.572326660 0.019138791 0.995990515 -0.087387048 -12.676078796 -0.788987279 -0.038639825 -0.613193274 63.597965240
-0.628886461 0.079324044 0.773439944 146.444625854 0.018879415 0.996046484 -0.086803667 -12.784042358 -0.777267873 -0.039987557 -0.627897739 62.896160126
-0.643460035 0.080290936 0.761257112 147.302490234 0.018001016 0.995796025 -0.089812554 -12.897220612 -0.765267968 -0.044087399 -0.642200291 62.174438477
-0.658963919 0.079831235 0.747926176 148.251144409 0.015828772 0.995603383 -0.092321508 -12.994478226 -0.752008021 -0.048997790 -0.657330334 61.370285034
-0.675064564 0.076590657 0.733772218 149.211730957 0.013842206 0.995736361 -0.091199584 -13.106738091 -0.737628758 -0.051408581 -0.673246562 60.474796295
-0.691614747 0.068454839 0.719015360 150.058074951 0.009928504 0.996305466 -0.085304491 -13.218821526 -0.722198308 -0.051859099 -0.689739108 59.703269958
-0.708375096 0.066148259 0.702729702 150.766845703 0.009348887 0.996390879 -0.084366739 -13.314313889 -0.705774128 -0.053193558 -0.706436992 59.035621643
-0.725603759 0.064496197 0.685083508 151.583648682 0.008803924 0.996386349 -0.084478721 -13.410650253 -0.688056409 -0.055266656 -0.723549485 58.176204681
-0.742619336 0.059397172 0.667074621 152.385971069 0.004836593 0.996508896 -0.083346121 -13.554941177 -0.669696331 -0.058668062 -0.740314066 57.245208740
-0.759180963 0.057377402 0.648345590 153.166885376 0.005468328 0.996634066 -0.081797138 -13.651739120 -0.650856555 -0.058553468 -0.756939411 56.345958710
-0.774989665 0.059524447 0.629164398 153.878738403 0.007906796 0.996389866 -0.084527761 -13.764512062 -0.631924450 -0.060533475 -0.772662401 55.487648010
-0.790217996 0.058896571 0.609988868 154.609237671 0.011257261 0.996598125 -0.081641704 -13.872080803 -0.612722278 -0.057647940 -0.788192928 54.567848206
-0.804609835 0.059275627 0.590837777 155.197952271 0.014900591 0.996707261 -0.079702571 -13.986410141 -0.593616724 -0.055325661 -0.802843809 53.826919556
-0.819336534 0.061064642 0.570051491 155.890884399 0.017293511 0.996491313 -0.081889421 -14.083098412 -0.573051870 -0.057236813 -0.817517877 52.880981445
-0.832437694 0.062119182 0.550625741 156.534118652 0.017679043 0.996167839 -0.085656069 -14.185414314 -0.553836584 -0.061568797 -0.830345869 51.855998993
-0.845303774 0.062831894 0.530578732 157.164382935 0.020481069 0.996141732 -0.085334644 -14.280821800 -0.533893466 -0.061266869 -0.843329132 50.880401611
-0.857056081 0.060163196 0.511698425 157.755279541 0.021255780 0.996442080 -0.081555344 -14.408702850 -0.514784515 -0.059020963 -0.855285585 49.897136688
-0.867601156 0.062261559 0.493347615 158.359725952 0.024399063 0.996265590 -0.082822733 -14.513571739 -0.496661901 -0.059819866 -0.865880191 48.871681213
-0.876486063 0.064665765 0.477064759 158.882827759 0.026792929 0.995954156 -0.085775591 -14.624710083 -0.480681419 -0.062399138 -0.874672413 47.820526123
-0.886072874 0.062239893 0.459348530 159.457138062 0.025183862 0.995944977 -0.086367480 -14.737823486 -0.462861389 -0.064959712 -0.884047270 46.840042114
-0.893662572 0.060335666 0.444664896 159.973419189 0.024457913 0.995995700 -0.085990481 -14.829299927 -0.448072612 -0.065970890 -0.891559780 45.749427795
-0.901715398 0.057925042 0.428432077 160.503402710 0.023653492 0.996109247 -0.084893167 -14.950307846 -0.431682587 -0.066415563 -0.899577200 44.773052216
-0.908276081 0.055509593 0.414672434 161.005844116 0.022513311 0.996207595 -0.084044129 -15.060359001 -0.417765141 -0.066999622 -0.906081378 43.668380737
-0.914134741 0.053268693 0.401895732 161.459426880 0.021823760 0.996358573 -0.082421549 -15.180774689 -0.404822737 -0.066573508 -0.911968470 42.619491577
-0.920015574 0.048675533 0.388847113 161.933761597 0.019695077 0.996745229 -0.078172974 -15.279622078 -0.391386569 -0.064261973 -0.917979836 41.548408508
-0.925331593 0.045108255 0.376465917 162.392959595 0.018151041 0.997029603 -0.074850157 -15.380221367 -0.378723979 -0.062427964 -0.923401773 40.473846436
-0.929635346 0.044951923 0.365728676 162.840927124 0.020190505 0.997254014 -0.071251385 -15.473584175 -0.367927283 -0.058853559 -0.927990139 39.371540070
-0.932713687 0.049515810 0.357202172 163.250869751 0.025044333 0.997030973 -0.072814807 -15.566926003 -0.359747112 -0.058969475 -0.931184530 38.294685364
-0.934730351 0.054442264 0.351162583 163.668853760 0.030305253 0.996807098 -0.073872305 -15.663777351 -0.354063094 -0.058408622 -0.933395803 37.184391022
-0.936753750 0.058098461 0.345133215 164.055145264 0.033622254 0.996503234 -0.076490864 -15.741679192 -0.348370433 -0.060048938 -0.935431540 36.156036377
-0.938748717 0.055086140 0.340171039 164.473754883 0.031584207 0.996739566 -0.074247628 -15.853948593 -0.343151987 -0.058955830 -0.937427759 35.044151306
-0.940522492 0.047989685 0.336324811 164.875778198 0.025529116 0.997157276 -0.070891447 -15.943930626 -0.338770837 -0.058088925 -0.939074039 33.931858063
-0.943077803 0.041321110 0.329994917 165.294219971 0.019485660 0.997412086 -0.069206148 -16.027887344 -0.332000583 -0.058836624 -0.941442490 32.855163574
-0.944573760 0.035348646 0.326390654 165.694839478 0.013144881 0.997461319 -0.069985449 -16.128574371 -0.328035980 -0.061816055 -0.942640543 31.719701767
-0.946116745 0.032721963 0.322167903 166.094024658 0.009719354 0.997302711 -0.072751045 -16.214366913 -0.323679566 -0.065699741 -0.943883002 30.627283096
-0.946449995 0.032714389 0.321188718 166.437820435 0.008084585 0.996942461 -0.077719763 -16.223735809 -0.322749287 -0.070961192 -0.943820655 29.471181870
-0.946547687 0.034271162 0.320738614 166.809112549 0.009171050 0.996797204 -0.079443425 -16.329002380 -0.322433949 -0.072255470 -0.943830252 28.359552383
-0.946259737 0.036017586 0.321395725 167.178726196 0.009939611 0.996548533 -0.082415007 -16.403417587 -0.323254764 -0.074791461 -0.943351805 27.210004807
-0.945540369 0.037529044 0.323334128 167.547546387 0.010973490 0.996441901 -0.083565645 -16.509145737 -0.325319797 -0.075466596 -0.942587912 26.110239029
-0.945442855 0.037488408 0.323623836 167.958190918 0.010405639 0.996325374 -0.085014462 -16.627914429 -0.325621754 -0.077008806 -0.942358792 24.976367950
-0.944860280 0.038582098 0.325193107 168.346481323 0.011445619 0.996319294 -0.084951334 -16.727214813 -0.327273756 -0.076545089 -0.941824079 23.873273849
-0.944421768 0.036591355 0.326693445 168.785812378 0.008913117 0.996270716 -0.085820988 -16.835641861 -0.328615397 -0.078139357 -0.941225886 22.744037628
-0.943335176 0.035948418 0.329888672 169.182952881 0.007761392 0.996233165 -0.086366765 -16.945711136 -0.331750751 -0.078912415 -0.940060794 21.656734467
-0.941488981 0.033450183 0.335379690 169.574966431 0.005518653 0.996459484 -0.083892979 -17.053665161 -0.336998492 -0.077133477 -0.938340187 20.534744263
-0.939238429 0.032674193 0.341706723 169.998413086 0.005171550 0.996693373 -0.081089526 -17.154409409 -0.343226343 -0.074395239 -0.936301768 19.393829346
-0.937896073 0.028207878 0.345767647 170.468887329 0.001640020 0.997038126 -0.076890260 -17.309644699 -0.346912533 -0.071547993 -0.935164452 18.363136292
-0.935408235 0.030541034 0.352248132 170.893585205 0.003436140 0.997000515 -0.077318311 -17.406982422 -0.353552938 -0.071113810 -0.932707369 17.289329529
-0.932376444 0.029518032 0.360281616 171.300857544 0.001906694 0.997048199 -0.076754257 -17.524671555 -0.361483783 -0.070876919 -0.929680586 16.252918243
-0.928751647 0.032799289 0.369248658 171.731521606 0.003600870 0.996829271 -0.079488382 -17.621429443 -0.370685071 -0.072495349 -0.925924957 15.200138092
-0.924526572 0.033223413 0.379666775 172.255996704 0.002812436 0.996760726 -0.080374770 -17.705141068 -0.381107271 -0.073240824 -0.921625197 14.010925293
-0.919686794 0.035991699 0.390999585 172.708999634 0.004595507 0.996708512 -0.080938213 -17.818336487 -0.392625719 -0.072640985 -0.916825175 12.946537018
-0.914097011 0.037738584 0.403735608 173.160736084 0.004710539 0.996580958 -0.082488798 -17.910289764 -0.405468196 -0.073500954 -0.911149502 11.959819794
-0.908288777 0.039558165 0.416469276 173.619369507 0.005507567 0.996563673 -0.082646586 -18.013675690 -0.418307573 -0.072773233 -0.905385494 10.949161530
-0.902688146 0.038927961 0.428530902 174.127517700 0.005050923 0.996789336 -0.079909220 -18.122039795 -0.430265754 -0.069968618 -0.899986565 9.922916412
-0.895739198 0.041753761 0.442614883 174.619842529 0.007000312 0.996781230 -0.079863824 -18.241790771 -0.444524676 -0.068438716 -0.893148303 8.885814667
-0.888967872 0.043926254 0.455858082 175.138702393 0.008593593 0.996814191 -0.079294167 -18.344438553 -0.457888812 -0.066572517 -0.886513352 7.867202759
-0.881717265 0.045652378 0.469564140 175.677932739 0.010684978 0.996984184 -0.076866105 -18.445030212 -0.471657157 -0.062756889 -0.879545987 6.866348267
-0.874081492 0.047208086 0.483480006 176.233184814 0.012815339 0.997161329 -0.074196301 -18.546550751 -0.485610247 -0.058657654 -0.872205257 5.856079102
-0.865727186 0.050452199 0.497966856 176.749023438 0.015488787 0.997130692 -0.074098028 -18.611131668 -0.500276446 -0.056435786 -0.864024580 4.906135559
-0.856954992 0.053243093 0.512633920 177.340118408 0.018048773 0.997139752 -0.073393151 -18.709852219 -0.515075326 -0.053642213 -0.855464756 3.932632446
-0.846160471 0.057229146 0.529846489 177.911499023 0.021853477 0.997107208 -0.072798535 -18.784931183 -0.532480001 -0.050020244 -0.844963312 2.980773926
-0.835850716 0.059468869 0.545726240 178.526046753 0.023591431 0.997087777 -0.072521299 -18.876449585 -0.548449814 -0.047742505 -0.834819436 2.054855347
-0.823780537 0.061680317 0.563543558 179.156097412 0.025514120 0.997090042 -0.071836144 -18.967756271 -0.566334605 -0.044798896 -0.822956979 1.093414307
-0.812257409 0.064291343 0.579745293 179.813034058 0.027190229 0.997000039 -0.072468020 -19.052989960 -0.582665086 -0.043099284 -0.811568618 0.190315247
-0.799490154 0.067016087 0.596929073 180.520782471 0.027937146 0.996829987 -0.074494906 -19.115726471 -0.600029171 -0.042881448 -0.798828006 -0.733833313
-0.786321819 0.068529360 0.614004731 181.217681885 0.028181285 0.996773303 -0.075160153 -19.164936066 -0.617173970 -0.041796628 -0.785715699 -1.595863342
-0.770645082 0.070066065 0.633400917 181.917541504 0.030401096 0.996847808 -0.073281787 -19.277740479 -0.636538804 -0.037218165 -0.770346045 -2.483612061
-0.754728436 0.072234146 0.652048409 182.612899780 0.031729348 0.996775806 -0.073697314 -19.378452301 -0.655269444 -0.034932394 -0.754587054 -3.281929016
