0.999998629 0.000759294 0.001459261 -0.003892754 -0.000752594 0.999989212 -0.004586896 -0.002292509 -0.001462728 0.004585794 0.999988437 0.964993477
0.999996662 -0.001342046 0.002177941 -0.002878231 0.001353845 0.999984324 -0.005424922 -0.001167712 -0.002170627 0.005427853 0.999982893 1.922249079
0.999992728 -0.002923605 0.002501690 -0.005127658 0.002926944 0.999994755 -0.001331799 -0.003067999 -0.002497783 0.001339112 0.999996006 2.882548571
0.999984205 -0.005341831 0.001736196 -0.003346625 0.005333528 0.999974430 0.004752249 -0.004381241 -0.001761537 -0.004742914 0.999987185 3.840068340
0.999961078 -0.008808479 0.000488997 -0.003776101 0.008806035 0.999949753 0.004792865 -0.002658043 -0.000531190 -0.004788372 0.999988317 4.782703876
0.999971509 -0.004950853 -0.005688562 -0.060873941 0.004892085 0.999934971 -0.010298706 -0.125118881 0.005739179 0.010270585 0.999930739 5.731616974
0.999969304 -0.003707803 -0.006922304 -0.064141132 0.003599961 0.999872923 -0.015526966 -0.129535928 0.006978997 0.015501567 0.999855399 6.664794922
0.999964714 -0.003354541 -0.007701530 -0.074360617 0.003230910 0.999866545 -0.016009584 -0.143074751 0.007754207 0.015984135 0.999842167 7.597350121
0.999968529 -0.001746689 -0.007734698 -0.085115694 0.001644004 0.999910712 -0.013262235 -0.155539393 0.007757172 0.013249102 0.999882162 8.524518013
0.999963164 -0.001610709 -0.008431408 -0.096215598 0.001523979 0.999945939 -0.010282735 -0.167473361 0.008447514 0.010269507 0.999911666 9.344847679
0.999961853 0.000306229 -0.008726186 -0.101020314 -0.000378213 0.999965906 -0.008248498 -0.172214627 0.008723363 0.008251484 0.999927878 10.377462387
0.999961376 -0.000435456 -0.008777875 -0.119579755 0.000368620 0.999970913 -0.007614200 -0.179272234 0.008780937 0.007610669 0.999932468 11.240887642
0.999950469 0.001217221 -0.009870516 -0.111269765 -0.001285998 0.999974847 -0.006964566 -0.183098972 0.009861791 0.006976914 0.999927044 12.207382202
0.999943078 0.001071500 -0.010614092 -0.118761703 -0.001153333 0.999969602 -0.007706812 -0.198890507 0.010605513 0.007718615 0.999913990 13.079058647
0.999928653 0.000708808 -0.011918679 -0.140348271 -0.000831121 0.999947011 -0.010260638 -0.198913693 0.011910774 0.010269813 0.999876261 14.026541710
0.999897361 -0.001073928 -0.014287679 -0.140566528 0.000902311 0.999927521 -0.012012683 -0.198231623 0.014299543 0.011998558 0.999825776 14.918672562
0.999231100 0.037364356 -0.011875548 -0.160257787 -0.037458111 0.999267936 -0.007772787 -0.201564908 0.011576429 0.008211645 0.999899268 15.830097198
0.999163568 0.038692154 -0.013230336 -0.182833701 -0.038812976 0.999205947 -0.009000892 -0.202703506 0.012871567 0.009506872 0.999871969 16.713880539
0.999075353 0.040201716 -0.015241543 -0.196374565 -0.040332969 0.999150872 -0.008403696 -0.217543721 0.014890758 0.009010662 0.999848485 17.625265121
0.999070108 0.039537024 -0.017202457 -0.203357249 -0.039678328 0.999180794 -0.007951357 -0.218516037 0.016873993 0.008626528 0.999820352 18.529850006
0.998505354 0.051718552 -0.017669233 -0.233347952 -0.051809512 0.998645782 -0.004729195 -0.232770458 0.017400717 0.005637561 0.999832690 19.408905029
0.998457313 0.052172650 -0.018996432 -0.255993158 -0.052262045 0.998624325 -0.004239864 -0.236529529 0.018749097 0.005226116 0.999810517 20.302888870
0.998638928 0.047985539 -0.020436887 -0.274937510 -0.048082434 0.998834133 -0.004275978 -0.241548985 0.020207880 0.005252813 0.999782026 21.164398193
0.998583496 0.048333727 -0.022248577 -0.296959460 -0.048457518 0.998812377 -0.005058255 -0.240347683 0.021977676 0.006129200 0.999739707 22.039741516
0.998426199 0.051124934 -0.023050172 -0.322186649 -0.051235557 0.998677611 -0.004233996 -0.246157229 0.022803228 0.005408321 0.999725342 22.900617599
0.998364747 0.051332437 -0.025154300 -0.337166101 -0.051425252 0.998672187 -0.003056633 -0.240470856 0.024963994 0.004345200 0.999678969 23.760757446
0.998055875 0.057666805 -0.023642624 -0.381238878 -0.057656534 0.998335958 0.001116171 -0.244210139 0.023667641 0.000249151 0.999719977 24.603002548
0.998022318 0.057714570 -0.024911910 -0.397951305 -0.057658348 0.998331964 0.002969958 -0.248155728 0.025041763 -0.001527705 0.999685287 25.447599411
0.997940063 0.059082601 -0.024998564 -0.428087652 -0.059052292 0.998253107 0.001949200 -0.247449920 0.025070054 -0.000468962 0.999685585 26.258897781
0.997834265 0.060268920 -0.026352068 -0.452161282 -0.060307149 0.998179674 -0.000658080 -0.244716689 0.026264435 0.002245871 0.999652445 27.072032928
0.997681737 0.062633105 -0.026612695 -0.484268010 -0.062665425 0.998034477 -0.000381273 -0.265604168 0.026536508 0.002048085 0.999645770 27.857040405
0.997586846 0.063790955 -0.027407762 -0.513593316 -0.063835718 0.997960091 -0.000760417 -0.263330370 0.027303342 0.002508175 0.999624014 28.654121399
0.997545898 0.063780628 -0.028883712 -0.539492249 -0.063838758 0.997959614 -0.001093917 -0.265547067 0.028755007 0.002935133 0.999582171 29.431144714
0.997462928 0.064094171 -0.030979805 -0.569022834 -0.064190701 0.997935355 -0.002130255 -0.265770286 0.030779310 0.004113466 0.999517739 30.217088699
0.997471988 0.062870212 -0.033120867 -0.592981279 -0.062942088 0.998016536 -0.001130946 -0.272497892 0.032984067 0.003212783 0.999450862 30.980865479
0.997428715 0.062718727 -0.034672480 -0.629032493 -0.062743269 0.998029649 0.000380900 -0.272978276 0.034628049 0.001795543 0.999398649 31.733274460
0.997387171 0.062034171 -0.037021834 -0.649046540 -0.061928377 0.998072565 0.003998746 -0.275905132 0.037198532 -0.001695596 0.999306381 32.482425690
0.997275531 0.062820435 -0.038667131 -0.688738525 -0.062650770 0.998019874 0.005585471 -0.274319291 0.038941458 -0.003147729 0.999236465 33.218059540
0.997741163 0.053824544 -0.040191684 -0.719831228 -0.053588051 0.998539031 0.006939165 -0.269826829 0.040506456 -0.004769698 0.999167919 33.954681396
0.997513115 0.056036346 -0.042747349 -0.751870930 -0.055815425 0.998420954 0.006345093 -0.266285896 0.043035395 -0.003943353 0.999065757 34.659999847
0.997365832 0.057537608 -0.044169195 -0.795046210 -0.057349641 0.998338878 0.005512170 -0.258601308 0.044412989 -0.002964562 0.999008894 35.386917114
0.997253656 0.058353215 -0.045607489 -0.831735849 -0.058093499 0.998286545 0.007000643 -0.262172014 0.045937847 -0.004331918 0.998934925 36.083496094
0.997121334 0.060033448 -0.046315167 -0.871999681 -0.059659854 0.998174429 0.009408200 -0.267832994 0.046795417 -0.006617960 0.998882592 36.750671387
0.996938646 0.062859133 -0.046500664 -0.907419443 -0.062470909 0.997999012 0.009757118 -0.258868784 0.047020949 -0.006822308 0.998870611 37.442501068
0.996784985 0.066071749 -0.045323774 -0.945573151 -0.065784864 0.997803390 0.007793963 -0.258135438 0.045739174 -0.004787287 0.998942018 38.100959778
0.996738076 0.067632154 -0.044038355 -0.976860166 -0.067500554 0.997709215 0.004470707 -0.256317914 0.044239845 -0.001483511 0.999019802 38.752388000
0.996790946 0.067921221 -0.042362273 -1.002030134 -0.067901939 0.997690201 0.001895498 -0.239525586 0.042393167 0.000987065 0.999100506 39.397415161
0.997470498 0.059199225 -0.039344780 -1.024600506 -0.059080824 0.998244643 0.004166078 -0.248957828 0.039522339 -0.001831020 0.999217033 40.031787872
0.997301042 0.063939117 -0.036090009 -1.055015802 -0.063736960 0.997944057 0.006725695 -0.244722843 0.036445845 -0.004407275 0.999325931 40.676506042
0.996468842 0.077839844 -0.031477761 -1.089097261 -0.077606305 0.996947169 0.008575808 -0.239510834 0.032049201 -0.006102652 0.999467790 41.285911560
0.996194661 0.082724951 -0.027434947 -1.106935263 -0.082502715 0.996548831 0.009137581 -0.233839035 0.028096169 -0.006839351 0.999581873 41.899368286
0.996819854 0.076579429 -0.022040101 -1.129389167 -0.076362789 0.997024715 0.010509319 -0.230172336 0.022779321 -0.008792855 0.999701798 42.464942932
0.996630251 0.080405518 -0.016220290 -1.142780185 -0.080214016 0.996703804 0.012131618 -0.222459912 0.017142275 -0.010789643 0.999794781 43.043025970
0.996272862 0.085748456 -0.009355882 -1.160475731 -0.085620850 0.996239364 0.013281011 -0.222630620 0.010459524 -0.012430455 0.999867976 43.583580017
0.996042073 0.088849798 -0.002422067 -1.163178802 -0.088812359 0.995967865 0.012668416 -0.221083164 0.003537886 -0.012403166 0.999916792 44.122680664
0.995717883 0.092309929 0.004967147 -1.167114615 -0.092365682 0.995646775 0.012504587 -0.222676158 -0.003791226 -0.012909837 0.999909461 44.613143921
0.995253384 0.096532419 0.012340983 -1.163798451 -0.096676886 0.995247126 0.011699095 -0.217905045 -0.011152985 -0.012836650 0.999855399 45.114788055
0.995989680 0.086929850 0.021159448 -1.172701597 -0.087139800 0.996153653 0.009209584 -0.216481596 -0.020277474 -0.011016481 0.999733686 45.559478760
0.995547473 0.089626066 0.029194755 -1.168420434 -0.089844152 0.995936275 0.006242618 -0.224345773 -0.028516613 -0.008837800 0.999554276 45.999034882
0.995265067 0.089857787 0.037053689 -1.151923537 -0.090116188 0.995916843 0.005360200 -0.214299083 -0.036420740 -0.008673957 0.999298930 46.414703369
0.995034873 0.088881858 0.044781279 -1.120573044 -0.089245968 0.995990396 0.006194673 -0.209982574 -0.044051129 -0.010160466 0.998977602 46.810508728
0.994468570 0.090764806 0.052858781 -1.099161625 -0.091242999 0.995806098 0.006700307 -0.211334705 -0.052028954 -0.011486239 0.998579502 47.195022583
0.993680656 0.093553811 0.062019899 -1.090887070 -0.094153948 0.995534241 0.006819328 -0.217991441 -0.061104964 -0.012615653 0.998051584 47.533977509
0.992620289 0.098566659 0.070637934 -1.066291332 -0.099215738 0.995049417 0.005731302 -0.217508852 -0.069723316 -0.012697401 0.997485518 47.851871490
0.991581202 0.102064118 0.079684198 -1.047142029 -0.102820292 0.994685113 0.005434508 -0.216533363 -0.078706011 -0.013581912 0.996805310 48.164825439
0.990821302 0.101695739 0.089056723 -1.016019344 -0.102628559 0.994702041 0.005947208 -0.221689343 -0.087980092 -0.015032385 0.996008754 48.434864044
0.989959478 0.100136667 0.099763826 -0.979280949 -0.100989752 0.994881272 0.003525354 -0.223076358 -0.098900124 -0.013565083 0.995004952 48.712467194
0.988849282 0.098879106 0.111355357 -0.945369720 -0.099349171 0.995051742 -0.001333340 -0.224427342 -0.110936187 -0.009744589 0.993779778 48.953449249
0.987265825 0.099631190 0.124015607 -0.896622658 -0.099666588 0.995003164 -0.005934316 -0.227420002 -0.123987161 -0.006501463 0.992262602 49.213768005
0.984918177 0.101790249 0.139910713 -0.865970135 -0.101660870 0.994786203 -0.008090353 -0.245163590 -0.140004784 -0.006255105 0.990131140 49.467697144
0.982297003 0.103648730 0.156043023 -0.821422577 -0.103275858 0.994597137 -0.010517582 -0.235795796 -0.156290054 -0.005784082 0.987694204 49.709781647
0.979408085 0.104353547 0.172830254 -0.764678955 -0.103776760 0.994523466 -0.012395088 -0.236631691 -0.173177183 -0.005795913 0.984873593 49.960445404
0.976187527 0.103338607 0.190732673 -0.702065468 -0.102542594 0.994629145 -0.014065754 -0.247043729 -0.191161841 -0.005827405 0.981541216 50.192253113
0.972276628 0.102314398 0.210262284 -0.638695717 -0.101452358 0.994728625 -0.014911542 -0.259136319 -0.210679591 -0.006833456 0.977531254 50.441402435
0.967708945 0.102570944 0.230257958 -0.568035126 -0.101372369 0.994702220 -0.017061759 -0.259919107 -0.230788141 -0.006830980 0.972980022 50.672122955
0.962298334 0.104669236 0.251050740 -0.498038292 -0.102812208 0.994488716 -0.020539338 -0.256184876 -0.251816928 -0.006046109 0.967755973 50.915668488
0.955962896 0.105741739 0.273776829 -0.414379120 -0.103222296 0.994377494 -0.023634328 -0.259419024 -0.274736643 -0.005666339 0.961502790 51.149543762
0.948556840 0.107031710 0.297966808 -0.326552391 -0.104090899 0.994233906 -0.025769439 -0.265799940 -0.299006820 -0.006571852 0.954228282 51.380252838
0.941071093 0.093000278 0.325170815 -0.222028732 -0.090504274 0.995634377 -0.022829037 -0.287059784 -0.325874329 -0.007945595 0.945379674 51.629554749
0.930959761 0.095203064 0.352491438 -0.117794037 -0.092436872 0.995411754 -0.024713406 -0.295092285 -0.353226930 -0.009576011 0.935488582 51.875732422
0.919721544 0.095913045 0.380674154 -0.000436783 -0.092811085 0.995329976 -0.026544336 -0.311571956 -0.381442308 -0.010917380 0.924328148 52.097148895
0.906987190 0.094047867 0.410523117 0.134532928 -0.089956850 0.995514035 -0.029319443 -0.318364501 -0.411438972 -0.010337003 0.911378622 52.330680847
0.892034590 0.091298446 0.442649931 0.282968521 -0.085771747 0.995783448 -0.032536149 -0.333235025 -0.443753958 -0.008943490 0.896103978 52.551765442
0.874458015 0.091082819 0.476473570 0.432037354 -0.083197325 0.995820820 -0.037671823 -0.343165755 -0.477913558 -0.006698894 0.878381371 52.767482758
0.854539633 0.084284715 0.512501776 0.597173691 -0.074611373 0.996431589 -0.039464395 -0.346117020 -0.513999164 -0.004514564 0.857778788 52.967006683
0.832442999 0.086273715 0.547353089 0.784267426 -0.074028090 0.996265352 -0.044445388 -0.358149409 -0.549143314 -0.003521254 0.835720658 53.206390381
0.807744682 0.089145310 0.582753420 0.984069824 -0.074610524 0.996010840 -0.048945989 -0.363357306 -0.584792018 -0.003943656 0.811173677 53.424232483
0.780687213 0.087641306 0.618745744 1.174022675 -0.072042823 0.996137559 -0.050198138 -0.386283994 -0.620755196 -0.005387139 0.783985913 53.620307922
0.750541925 0.091694847 0.654430032 1.413393021 -0.075065784 0.995746255 -0.053427797 -0.403444052 -0.656545281 -0.009025498 0.754232585 53.862342834
0.717459559 0.093172908 0.690340877 1.681945801 -0.074773662 0.995589554 -0.056660265 -0.419296026 -0.692575276 -0.010967864 0.721262217 54.089622498
0.680399001 0.090434037 0.727240622 1.940364838 -0.070642263 0.995829105 -0.057741467 -0.442845583 -0.729429126 -0.012086676 0.683949649 54.304740906
0.641351044 0.088322237 0.762146950 2.250888824 -0.067035012 0.996003985 -0.059012666 -0.476545811 -0.764313459 -0.013242701 0.644708991 54.522865295
0.598523438 0.088126883 0.796243310 2.592880249 -0.065104157 0.995994091 -0.061297201 -0.497594953 -0.798455477 -0.015150935 0.601863265 54.746704102
0.546536326 0.086140454 0.832993329 2.937854767 -0.060733166 0.996153414 -0.063165210 -0.504038692 -0.835230231 -0.016068226 0.549665630 54.930778503
0.497751087 0.084939942 0.863150775 3.327295303 -0.057338867 0.996238410 -0.064971209 -0.531430244 -0.865422487 -0.017152591 0.500749111 55.126697540
0.447988987 0.082570709 0.890217960 3.728511810 -0.054818213 0.996389329 -0.064831994 -0.561845541 -0.892356873 -0.019756125 0.450897872 55.310901642
0.398474902 0.080294847 0.913657725 4.173631668 -0.053770531 0.996492267 -0.064123549 -0.575735331 -0.915601671 -0.023576230 0.401394725 55.460124969
0.347658604 0.080118895 0.934191823 4.647336960 -0.056378499 0.996326029 -0.064466484 -0.596322775 -0.935924649 -0.030256007 0.350898325 55.623317719
0.298600316 0.080485038 0.950978458 5.113779068 -0.054554742 0.996247947 -0.067186564 -0.627119303 -0.952817738 -0.031818457 0.301870823 55.735877991
0.251280576 0.076936208 0.964851797 5.603697777 -0.043506555 0.996726215 -0.068147250 -0.668390274 -0.966936052 -0.024853287 0.253805161 55.820339203
0.206537813 0.070986219 0.975860119 6.117264748 -0.032174602 0.997318029 -0.065737471 -0.696424246 -0.977909446 -0.017820638 0.208267868 55.908592224
0.164576620 0.069657393 0.983901620 6.640663147 -0.023085356 0.997502029 -0.066758797 -0.736021399 -0.986094117 -0.011726785 0.165773600 55.948848724
0.125744730 0.071808755 0.989460349 7.193334579 -0.019420180 0.997364044 -0.069914371 -0.752065718 -0.991872489 -0.010424141 0.126807839 56.010021210
0.093131363 0.072760925 0.992991626 7.775364876 -0.010761624 0.997341514 -0.072070330 -0.792474508 -0.995595634 -0.003974196 0.093666792 56.038539886
0.064603314 0.071302682 0.995360374 8.347049713 -0.000427903 0.997445941 -0.071424298 -0.830251336 -0.997910917 0.004188329 0.064468816 56.037910461
0.040117510 0.069539785 0.996772170 8.940167427 0.007001228 0.997531235 -0.069874533 -0.866998374 -0.999170482 0.009781821 0.039531596 56.034976959
0.019210810 0.068732694 0.997450054 9.541246414 0.008798007 0.997583985 -0.068911359 -0.895226717 -0.999776661 0.010099415 0.018559681 56.048980713
0.002771968 0.070685424 0.997494817 10.172380447 0.011653429 0.997428596 -0.070713118 -0.927447677 -0.999928236 0.011820246 0.001941115 56.059009552
-0.003607125 0.071376488 0.997442901 10.249049187 0.003819468 0.997443080 -0.071362682 -0.933258176 -0.999986172 0.003552289 -0.003870523 55.996391296
-0.014975649 0.072134852 0.997282445 10.891495705 0.005391993 0.997385621 -0.072061345 -0.973146021 -0.999873281 0.004298174 -0.015325448 55.980182648
-0.024606964 0.074779637 0.996896386 11.523985863 0.013495930 0.997132480 -0.074464194 -1.010871172 -0.999606073 0.011621703 -0.025545618 55.949684143
-0.030798785 0.076849684 0.996566892 12.197813034 0.017636055 0.996926427 -0.076332375 -1.050529242 -0.999370039 0.015224563 -0.032059446 55.916965485
-0.035413321 0.076147541 0.996467471 12.776407242 0.017213920 0.996991456 -0.075575836 -1.096004009 -0.999224424 0.014476723 -0.036617573 55.905841827
-0.038651686 0.073725842 0.996529222 13.478137970 0.014956467 0.997205436 -0.073195770 -1.130858302 -0.999140739 0.012075417 -0.039646346 55.873088837
-0.041432690 0.066916361 0.996897817 14.059382439 0.010124453 0.997731626 -0.066551529 -1.172042251 -0.999090016 0.007335638 -0.042016190 55.857337952
-0.042256102 0.061604127 0.997205734 14.779154778 0.011790718 0.998058438 -0.061157178 -1.210081816 -0.999037266 0.009173510 -0.042900410 55.821998596
-0.043126021 0.058420099 0.997360229 15.475264549 0.016697032 0.998191595 -0.057746820 -1.254218221 -0.998930037 0.014162562 -0.044023473 55.788215637
-0.042779267 0.060632084 0.997243047 16.224348068 0.020239446 0.998004556 -0.059810162 -1.299850464 -0.998879433 0.017625012 -0.043921061 55.754516602
-0.042190235 0.068024151 0.996791184 16.860708237 0.020861791 0.997521996 -0.067191012 -1.334220171 -0.998891711 0.017960044 -0.043504797 55.728084564
-0.039250396 0.076217040 0.996318400 17.622940063 0.021494152 0.996920407 -0.075416319 -1.376004219 -0.998998165 0.018454898 -0.040767740 55.689640045
-0.037735131 0.077097178 0.996309221 18.298797607 0.022438915 0.996833324 -0.076287858 -1.408980370 -0.999035835 0.019477367 -0.039345611 55.675415039
-0.035277691 0.072755679 0.996725738 19.084896088 0.021850862 0.997164249 -0.072014302 -1.457070231 -0.999138653 0.019238815 -0.036767427 55.649002075
-0.033037972 0.066159196 0.997262001 19.787267685 0.021123577 0.997630000 -0.065483801 -1.508274078 -0.999230981 0.018902291 -0.034357190 55.628173828
-0.030004820 0.064444035 0.997470140 20.588811874 0.019549021 0.997766376 -0.063875124 -1.561862946 -0.999358594 0.017583005 -0.031197622 55.607868195
-0.026496593 0.070217632 0.997179747 21.361421585 0.026911624 0.997218430 -0.069505282 -1.605084538 -0.999286652 0.024994070 -0.028312569 55.579368591
-0.023539761 0.075635873 0.996857584 21.914100647 0.026320469 0.996835172 -0.075012639 -1.650895834 -0.999376297 0.024471981 -0.025456039 55.574371338
-0.021127252 0.076257661 0.996864259 22.716136932 0.020202260 0.996915817 -0.075833455 -1.697839975 -0.999572635 0.018536761 -0.022602670 55.563304901
-0.017340297 0.072929770 0.997186184 23.518491745 0.015784733 0.997232020 -0.072658613 -1.746700168 -0.999725103 0.014480399 -0.018443471 55.552085876
-0.013789232 0.069274031 0.997502506 24.066762924 0.016544230 0.997476399 -0.069043547 -1.801398754 -0.999767959 0.015550854 -0.014900519 55.569496155
-0.010060136 0.070586570 0.997454941 24.861463547 0.021052253 0.997299254 -0.070363231 -1.857168794 -0.999727726 0.020290814 -0.011518974 55.558059692
-0.007606887 0.074735776 0.997174323 25.664001465 0.020741705 0.997000456 -0.074564517 -1.920093656 -0.999755859 0.020115891 -0.009134216 55.566955566
-0.003152318 0.075926386 0.997108459 26.277229309 0.016353434 0.996984065 -0.075865202 -1.946822405 -0.999861300 0.016066995 -0.004384468 55.544860840
0.000441663 0.075624585 0.997136235 27.094043732 0.015590128 0.997014582 -0.075622275 -1.999917746 -0.999878407 0.015578880 -0.000738654 55.558429718
0.004745305 0.072585091 0.997350991 27.907060623 0.019517990 0.997165501 -0.072664469 -2.057144165 -0.999798238 0.019811103 0.003315137 55.549510956
0.007150610 0.072730556 0.997326016 28.514080048 0.024485003 0.997039735 -0.072885238 -2.112523556 -0.999674559 0.024940705 0.005348635 55.564193726
0.011157201 0.073825777 0.997208834 29.312097549 0.027667182 0.996866226 -0.074109979 -2.162287712 -0.999554873 0.028416812 0.009079684 55.560272217
0.013540887 0.073664755 0.997191131 30.115303040 0.028042952 0.996862292 -0.074021257 -2.218545437 -0.999514937 0.028966494 0.011432623 55.576942444
0.017217627 0.072063290 0.997251391 30.746345520 0.028534787 0.996957541 -0.072534710 -2.266902924 -0.999444485 0.029705223 0.015108933 55.589454651
0.020723565 0.070897549 0.997268260 31.554510117 0.030765152 0.996964872 -0.071515292 -2.327841282 -0.999311686 0.032163162 0.018479489 55.616966248
0.023884181 0.071574301 0.997149229 32.360553741 0.028988730 0.996964812 -0.072255410 -2.376603603 -0.999294341 0.030631850 0.021736842 55.634086609
0.026203204 0.073178902 0.996974528 33.009098053 0.026443459 0.996917248 -0.073869705 -2.418664932 -0.999306738 0.028299088 0.024187325 55.663566589
0.028919693 0.073132023 0.996902823 33.816833496 0.027937410 0.996871293 -0.073940158 -2.471615314 -0.999191225 0.029989213 0.026786093 55.690643311
0.031765770 0.073202178 0.996811092 34.632675171 0.026065437 0.996914566 -0.074040413 -2.523079872 -0.999155402 0.028334266 0.029759711 55.716022491
0.033680514 0.073529653 0.996724248 35.278728485 0.024160868 0.996938586 -0.074361913 -2.569683790 -0.999140501 0.026586270 0.031800870 55.753528595
0.036890749 0.073421277 0.996618450 36.098293304 0.020987280 0.997020543 -0.074227750 -2.632117271 -0.999098837 0.023654632 0.035239913 55.785011292
0.040086433 0.075698830 0.996324599 36.924747467 0.020072000 0.996863842 -0.076547377 -2.680054665 -0.998994470 0.023066742 0.038441293 55.826610565
0.043938506 0.078119174 0.995975316 37.481777191 0.010631330 0.996845067 -0.078656405 -2.696036100 -0.998977661 0.014044587 0.042969365 55.882850647
0.047572099 0.080426760 0.995624721 38.316192627 0.011333017 0.996645570 -0.081050731 -2.750583887 -0.998803496 0.015139186 0.046501040 55.923881531
0.050217230 0.082423434 0.995331407 39.151142120 0.005076076 0.996554852 -0.082780838 -2.814650059 -0.998725414 0.009209404 0.049625833 55.982475281
0.052332751 0.082097836 0.995249271 39.884735107 0.008243174 0.996545494 -0.082638212 -2.910804272 -0.998595655 0.012528703 0.051475219 56.004825592
0.055500820 0.082789578 0.995020330 40.729290009 0.010496551 0.996452928 -0.083494261 -2.977608919 -0.998403430 0.015078283 0.054434951 56.069450378
0.059690908 0.083850622 0.994688869 41.575702667 0.009622171 0.996371031 -0.084569842 -3.045996666 -0.998170495 0.014619121 0.058667466 56.117080688
0.063111968 0.084804937 0.994396806 42.248146057 0.005436591 0.996339142 -0.085315637 -3.095475912 -0.997991562 0.010790569 0.062419880 56.169601440
0.067499690 0.082580037 0.994295895 43.098609924 0.004571566 0.996532619 -0.083076179 -3.162099838 -0.997708738 0.010153105 0.066888131 56.232734680
0.072031327 0.082635961 0.993973255 43.941558838 0.005120419 0.996518195 -0.083218604 -3.231265068 -0.997389197 0.011083907 0.071357399 56.302165985
0.077168033 0.085514188 0.993344069 44.545780182 -0.002049947 0.996326447 -0.085611686 -3.234075546 -0.997016132 0.004570186 0.077059843 56.395935059
0.083765686 0.093670577 0.992073119 45.394821167 -0.003848757 0.995595098 -0.093678154 -3.305747032 -0.996478081 0.004028768 0.083757214 56.464241028
0.090719298 0.098733939 0.990970016 46.279418945 -0.005361030 0.995107234 -0.098655358 -3.376257658 -0.995862067 0.003637322 0.090804741 56.560478210
0.099323116 0.100697614 0.989946902 47.016288757 -0.015643312 0.994901359 -0.099632062 -3.469721079 -0.994932234 -0.005590281 0.100391954 56.626453400
0.106042288 0.099624567 0.989358306 47.893154144 -0.019728141 0.994983315 -0.098076455 -3.541646957 -0.994165957 -0.009117950 0.107475720 56.740661621
0.113703378 0.097538970 0.988715112 48.783222198 -0.019728733 0.995194495 -0.095909357 -3.626648664 -0.993318856 -0.008600880 0.115081310 56.851131439
0.121591173 0.093576744 0.988159418 49.466831207 -0.019802231 0.995576620 -0.091842532 -3.690758944 -0.992382705 -0.008400519 0.122906357 56.935348511
0.128748015 0.088048890 0.987760782 50.337982178 -0.022675535 0.996051490 -0.085832335 -3.771507978 -0.991418064 -0.011347258 0.130236223 57.053794861
0.135791928 0.080165058 0.987488747 51.210289001 -0.025090916 0.996679604 -0.077460870 -3.843507290 -0.990419626 -0.014258436 0.137352452 57.187118530
0.144091457 0.078405373 0.986453354 51.910110474 -0.028139004 0.996777713 -0.075115703 -3.883079529 -0.989164174 -0.016934285 0.145833418 57.292976379
0.150853157 0.080279842 0.985291064 52.737995148 -0.028868625 0.996629715 -0.076783754 -3.949795485 -0.988134563 -0.016860923 0.152662307 57.431217194
0.156407654 0.086879022 0.983864129 53.548896790 -0.028091261 0.996112168 -0.083494820 -4.012457848 -0.987293005 -0.014578755 0.158240125 57.572399139
0.162113935 0.090086751 0.982651234 54.289722443 -0.030552309 0.995804667 -0.086252242 -4.073267937 -0.986298919 -0.016039575 0.164186195 57.697505951
0.167304128 0.093094550 0.981500149 55.081684113 -0.030472867 0.995544493 -0.089232311 -4.133396149 -0.985434294 -0.014980190 0.169395566 57.845512390
0.172804981 0.092267178 0.980624855 55.855216980 -0.033054661 0.995585203 -0.087849930 -4.201409340 -0.984401226 -0.017233325 0.175091937 57.986373901
0.180264160 0.084305674 0.979998648 56.599678040 -0.017957482 0.996436179 -0.082416572 -4.289705753 -0.983454227 -0.002741555 0.181135699 58.110233307
0.184840769 0.077811375 0.979683280 57.378967285 -0.018288881 0.996960402 -0.075732976 -4.352383614 -0.982598245 -0.003918766 0.185702041 58.261955261
0.188056260 0.071928985 0.979520857 58.130622864 -0.020778904 0.997382879 -0.069251336 -4.409913063 -0.981938422 -0.007330221 0.189058736 58.417873383
0.191643968 0.066096775 0.979236364 58.849483490 -0.013693674 0.997812688 -0.064670697 -4.452400208 -0.981368899 -0.001015595 0.192129910 58.568069458
0.194649473 0.065384038 0.978691220 59.590381622 -0.014898378 0.997857869 -0.063701391 -4.510991096 -0.980759740 -0.002181467 0.195206612 58.729099274
0.197285667 0.068113945 0.977976978 60.326175690 -0.017169101 0.997670352 -0.066022068 -4.554672241 -0.980195642 -0.003765779 0.197995529 58.877155304
0.198477805 0.072655141 0.977408707 61.043067932 -0.022069003 0.997327089 -0.069654308 -4.602812767 -0.979856849 -0.007745605 0.199550748 59.041194916
0.205849245 0.081386790 0.975193441 61.674324036 -0.019317055 0.996679246 -0.079102375 -4.674044609 -0.978392959 -0.002554699 0.206737816 59.194072723
0.207481354 0.087116778 0.974352121 62.367847443 -0.020004077 0.996196210 -0.084810138 -4.726974487 -0.978034437 -0.001894495 0.208434835 59.355983734
0.209370822 0.089026876 0.973775148 63.053756714 -0.018873874 0.996029198 -0.087003380 -4.782042027 -0.977654099 -0.000162941 0.210219711 59.505290985
0.205529749 0.084227234 0.975019634 63.709495544 -0.024559315 0.996419668 -0.080898903 -4.795364380 -0.978342593 -0.007318684 0.206862465 59.620914459
0.206298247 0.080916621 0.975137711 64.384307861 -0.023773270 0.996695101 -0.077676021 -4.850972652 -0.978200257 -0.007157780 0.207540125 59.770633698
0.206980601 0.078720167 0.975172997 65.016517639 -0.024649508 0.996860743 -0.075239062 -4.901009083 -0.978034496 -0.008464507 0.208271295 59.904361725
0.206888214 0.077314466 0.975304902 65.668067932 -0.023408808 0.996978462 -0.074066944 -4.948791981 -0.978084564 -0.007507151 0.208072901 60.043998718
0.204692960 0.076692902 0.975817084 66.318977356 -0.024418132 0.997015655 -0.073236883 -5.002835274 -0.978521645 -0.008836557 0.205954775 60.198272705
0.208421543 0.082079358 0.974588811 66.898986816 -0.022413446 0.996611416 -0.079140842 -5.111329079 -0.977782249 -0.005349234 0.209554955 60.368370056
0.205740631 0.084971488 0.974910557 67.526153564 -0.023279546 0.996366203 -0.081928737 -5.162542343 -0.978329659 -0.005839403 0.206971109 60.518100739
0.202863440 0.089060768 0.975148499 68.147750854 -0.021588402 0.996019959 -0.086475872 -5.216747284 -0.978968978 -0.003509106 0.203978747 60.663249969
0.202445552 0.089632101 0.975182950 68.704383850 -0.019194454 0.995974362 -0.087558396 -5.260927200 -0.979105413 -0.000992306 0.203351021 60.744064331
0.200064123 0.088556647 0.975772560 69.305999756 -0.019669110 0.996069193 -0.086365901 -5.307342529 -0.979585350 -0.001913861 0.201019555 60.870292664
0.199197799 0.086820781 0.976105750 69.885574341 -0.018309504 0.996223390 -0.084873691 -5.326622009 -0.979788244 -0.000965357 0.200035170 60.962699890
0.197203264 0.082523301 0.976883173 70.474594116 -0.017925823 0.996587873 -0.080569170 -5.384062767 -0.980198801 -0.001622932 0.198009640 61.082332611
0.193977103 0.080620721 0.977687657 70.990112305 -0.016259849 0.996744633 -0.078966148 -5.457580090 -0.980871320 -0.000579426 0.194656521 61.199272156
0.192949057 0.082204618 0.977759182 71.554107666 -0.012077532 0.996607900 -0.081405953 -5.500112057 -0.981134474 0.003898285 0.193287387 61.297172546
0.191483229 0.085246086 0.977786899 72.097137451 -0.006471868 0.996309042 -0.085593499 -5.518480778 -0.981474519 0.010061611 0.191328198 61.386207581
0.189587340 0.087364815 0.977969229 72.648048401 -0.006782520 0.996126294 -0.087671995 -5.557051659 -0.981840432 0.009988406 0.189445525 61.497604370
0.188586503 0.089683622 0.977952898 73.179084778 -0.007169868 0.995920658 -0.089948729 -5.606138706 -0.982030332 0.009951320 0.188460201 61.594482422
0.187369183 0.087721810 0.978364944 73.715240479 -0.005381626 0.996081173 -0.088279620 -5.658937931 -0.982274830 0.011275692 0.187107012 61.697406769
0.188402668 0.086472318 0.978277624 74.265701294 0.000315980 0.996110737 -0.088109493 -5.699101925 -0.982091784 0.016909180 0.187642619 61.785003662
0.190237656 0.084524989 0.978092551 74.808639526 0.005469774 0.996179938 -0.087151930 -5.740062714 -0.981722832 0.021929525 0.189048573 61.895088196
0.192866132 0.083493777 0.977666318 75.360961914 0.008266219 0.996199489 -0.086707227 -5.793384075 -0.981190205 0.024804492 0.191442981 61.993877411
0.196327254 0.083155446 0.977005959 75.908988953 0.005710906 0.996283591 -0.085943803 -5.840291977 -0.980521739 0.022452703 0.195122749 62.107429504
0.201085016 0.084186628 0.975949466 76.460678101 0.004200702 0.996216834 -0.086800426 -5.881921291 -0.979564786 0.021553939 0.199970648 62.232994080
0.208063737 0.082925968 0.974593639 77.013122559 0.005112230 0.996293724 -0.085863799 -5.925323009 -0.978101969 0.022847485 0.206868649 62.345039368
0.214774936 0.083449095 0.973092020 77.578086853 0.003456562 0.996271849 -0.086199820 -5.965037823 -0.976657450 0.021877116 0.213685781 62.492599487
0.223832101 0.082218327 0.971153617 78.151733398 0.003544704 0.996360183 -0.085169315 -5.986203194 -0.974621236 0.022506082 0.222725973 62.610275269
0.232554495 0.081936367 0.969125867 78.712768555 0.000300402 0.996438801 -0.084317684 -6.035309792 -0.972583234 0.019899586 0.231701761 62.757934570
0.242125764 0.081767671 0.966793239 79.296539307 -0.001491896 0.996472657 -0.083904222 -6.081779957 -0.970243752 0.018873014 0.241393715 62.915336609
0.252054065 0.085362568 0.963940859 79.873672485 -0.006408655 0.996227264 -0.086545967 -6.127942562 -0.967691958 0.015636696 0.251650184 63.073005676
0.260731250 0.087981865 0.961393952 80.453399658 -0.010134924 0.996033132 -0.088403270 -6.168452740 -0.965358257 0.013305841 0.260588676 63.260597229
0.272100985 0.090591654 0.957994878 81.031623840 -0.014059723 0.995826542 -0.090175755 -6.215020180 -0.962165892 0.011067775 0.272239178 63.414566040
0.282228440 0.092581593 0.954869509 81.634483337 -0.015788479 0.995646000 -0.091868602 -6.263413429 -0.959217191 0.010851992 0.282461345 63.606430054
0.291239083 0.092097744 0.952206731 82.274177551 -0.018157857 0.995708048 -0.090751477 -6.343973637 -0.956477940 0.009140347 0.291661471 63.845634460
0.301555365 0.092518806 0.948949218 82.897750854 -0.019407427 0.995670378 -0.090906657 -6.397864342 -0.953251243 0.008996729 0.302045286 64.054458618
0.311770529 0.093880348 0.945508122 83.532417297 -0.023844544 0.995566607 -0.090988226 -6.439254761 -0.949858189 0.005822238 0.312626809 64.275978088
0.323102623 0.089907520 0.942083478 84.164794922 -0.023252131 0.995930672 -0.087071724 -6.466661453 -0.946078241 0.006227655 0.323878407 64.471389771
0.333779395 0.082694814 0.939016938 84.815353394 -0.019887066 0.996540606 -0.080691688 -6.522604942 -0.942441463 0.008258928 0.334269345 64.709693909
0.344303161 0.078640044 0.935559213 85.486015320 -0.018626628 0.996861875 -0.076938011 -6.573827267 -0.938673675 0.009063685 0.344687521 64.971397400
0.355085611 0.074965842 0.931823134 86.172012329 -0.018746126 0.997150064 -0.073077939 -6.623416424 -0.934645832 0.008480857 0.355478942 65.225914001
0.364869744 0.073029019 0.928190112 86.859207153 -0.012754829 0.997217655 -0.073446140 -6.659003735 -0.930971265 0.014959371 0.364785969 65.489631653
0.373366177 0.067422017 0.925230742 87.562973022 -0.006135495 0.997513235 -0.070213348 -6.707502365 -0.927663743 0.020538548 0.372851312 65.782882690
0.380260736 0.057903904 0.923064947 88.266891479 0.003188213 0.997950256 -0.063914858 -6.751258373 -0.924873829 0.027247239 0.379296690 66.056594849
0.387323439 0.053863544 0.920369029 88.982864380 0.007690713 0.998068273 -0.061647326 -6.794076443 -0.921911836 0.030955745 0.386161000 66.349090576
0.394449830 0.053875342 0.917336762 89.696449280 0.009762476 0.997977734 -0.062809214 -6.842617035 -0.918865561 0.033730563 0.393126190 66.666275024
0.402397305 0.060643185 0.913454354 90.451423645 0.012100280 0.997364044 -0.071544304 -6.880575657 -0.915385127 0.039842293 0.400602818 66.995300293
0.409628659 0.064123698 0.909995854 91.148803711 0.017462868 0.996792555 -0.078100696 -6.921370029 -0.912085176 0.047883425 0.407195032 67.310493469
0.414948821 0.067206368 0.907359362 91.838645935 0.013849529 0.996686101 -0.080156237 -6.972176552 -0.909739375 0.045827232 0.412642896 67.615234375
0.419078678 0.067929909 0.905405223 92.505744934 0.007097517 0.996921718 -0.078081302 -7.049153805 -0.907922149 0.039148342 0.417306513 67.945922852
0.422717005 0.071521580 0.903435111 93.193283081 0.000481973 0.996863127 -0.079143450 -7.108075619 -0.906261623 0.033890713 0.421356499 68.286575317
0.426686138 0.074854314 0.901296735 93.870864868 -0.000570035 0.996591032 -0.082498819 -7.165367126 -0.904399633 0.034687333 0.425274223 68.625091553
0.431101948 0.079379089 0.898804843 94.580055237 -0.003735008 0.996271253 -0.086195506 -7.222581863 -0.902295530 0.033802006 0.429790884 68.962814331
0.435325444 0.082484901 0.896486521 95.246803284 -0.006589116 0.996059120 -0.088446878 -7.277354717 -0.900249064 0.032596119 0.434153378 69.281677246
0.438430518 0.080279723 0.895172596 95.883193970 -0.007527194 0.996295869 -0.085661918 -7.351055622 -0.898733497 0.030818664 0.437410772 69.617431641
0.442467749 0.077712968 0.893410861 96.530036926 -0.007056845 0.996509075 -0.083185971 -7.403753281 -0.896756649 0.030502448 0.441471517 69.938903809
0.446051002 0.074865527 0.891870856 97.164474487 -0.006770203 0.996749103 -0.080283247 -7.451321602 -0.894981921 0.029772278 0.445107818 70.250709534
0.449344754 0.073890783 0.890297353 97.805488586 -0.007435031 0.996848404 -0.078981481 -7.514375687 -0.893327534 0.028870527 0.448477894 70.607025146
0.451836407 0.075432040 0.888906002 98.411346436 -0.010681084 0.996804774 -0.079159006 -7.599865913 -0.892036855 0.026272442 0.451198399 70.947479248
0.454108894 0.075840898 0.887712359 99.010299683 -0.010133396 0.996745527 -0.079972319 -7.661950588 -0.890888631 0.027320603 0.453399569 71.267883301
0.456488967 0.074289791 0.886622190 99.594741821 -0.008369189 0.996822476 -0.079214454 -7.710637569 -0.889689684 0.028740216 0.455660254 71.559341431
0.458571732 0.072755627 0.885674000 100.201950073 -0.005837660 0.996867955 -0.078867353 -7.761131287 -0.888638377 0.030996077 0.457560122 71.872833252
0.460544229 0.072543412 0.884667397 100.775909424 -0.006831615 0.996914983 -0.078191370 -7.812786102 -0.887610495 0.029966881 0.459619015 72.178611755
0.462336987 0.071702212 0.883800507 101.352073669 -0.004770943 0.996911824 -0.078383081 -7.858505726 -0.886691511 0.032022841 0.461251318 72.489158630
0.464666724 0.073921807 0.882394731 101.909126282 -0.006618352 0.996771395 -0.080018394 -7.914557457 -0.885460913 0.031341892 0.463655680 72.785667419
0.467573315 0.073709331 0.880875766 102.459472656 -0.003268243 0.996654630 -0.081662603 -7.963040829 -0.883948207 0.035304341 0.466249973 73.073410034
0.470489293 0.073110722 0.879371762 103.004295349 -0.001833369 0.996640503 -0.081879504 -8.018338203 -0.882403791 0.036911219 0.469042689 73.380790710
0.474143773 0.071117789 0.877570450 103.532653809 0.001174723 0.996680379 -0.081405081 -8.063193321 -0.880446672 0.039628614 0.472486287 73.643318176
0.477153301 0.070370972 0.875998080 104.050521851 0.002153838 0.996692181 -0.081239805 -8.113193512 -0.878817439 0.040650599 0.475423455 73.931228638
0.480602622 0.069765389 0.874158978 104.552238464 0.002788992 0.996703804 -0.081078872 -8.164800644 -0.876934052 0.041404735 0.478823870 74.200408936
0.484129220 0.066360459 0.872476459 105.070960999 0.006223883 0.996833682 -0.079272598 -8.228524208 -0.874974370 0.043808375 0.482183218 74.489303589
0.487401247 0.065813459 0.870694339 105.574073792 0.007844432 0.996785223 -0.079735525 -8.273624420 -0.873142779 0.045693301 0.485318154 74.782760620
0.491648942 0.066450492 0.868254423 106.073486328 0.007880177 0.996703744 -0.080743320 -8.320589066 -0.870757878 0.046539355 0.489504695 75.056510925
0.495624542 0.069765098 0.865730405 106.566200256 0.007490844 0.996388257 -0.084582642 -8.340709686 -0.868504584 0.048406288 0.493311882 75.344009399
0.500692368 0.073221169 0.862522840 107.049194336 0.004924214 0.996158957 -0.087424271 -8.389616966 -0.865611374 0.048019912 0.498408645 75.626045227
0.505827904 0.079059198 0.859003961 107.526580811 0.001772449 0.995694041 -0.092683300 -8.437747955 -0.862632573 0.048404336 0.503509581 75.923797607
0.511982024 0.081036888 0.855165124 108.014747620 0.002356367 0.995403886 -0.095736906 -8.493240356 -0.858992934 0.051030651 0.509437919 76.217483521
0.517536283 0.087532535 0.851172328 108.489395142 -0.003296194 0.994950414 -0.100314148 -8.543633461 -0.855654955 0.049110577 0.515211344 76.528343201
0.523647666 0.091873668 0.846966505 108.963218689 -0.007187780 0.994609118 -0.103445090 -8.602247238 -0.851904571 0.048080970 0.521485090 76.853866577
0.529822946 0.092449822 0.843054354 109.460899353 -0.011251998 0.994719684 -0.102010123 -8.645660400 -0.848033667 0.044561256 0.528065562 77.152084351
0.534867167 0.091621436 0.839953959 109.950500488 -0.017751396 0.995102525 -0.097241133 -8.698991776 -0.844749689 0.037100732 0.533874035 77.495216370
0.540257931 0.089224674 0.836755872 110.446739197 -0.024564834 0.995611250 -0.090303198 -8.759575844 -0.841140926 0.028232243 0.540078580 77.848686218
0.546875358 0.087611943 0.832617164 110.945922852 -0.030361891 0.995930672 -0.084854417 -8.800768852 -0.836663306 0.021124959 0.547309995 78.160797119
0.552697897 0.085820213 0.828951001 111.453567505 -0.033077873 0.996158838 -0.081076555 -8.849432945 -0.832724988 0.017390901 0.553413630 78.526657104
0.558806360 0.089572340 0.824446559 111.956161499 -0.037718199 0.995866239 -0.082631066 -8.886024475 -0.828439951 0.015078126 0.559874892 78.887443542
0.566863060 0.085324720 0.819381475 112.471969604 -0.030554617 0.996115088 -0.082590297 -8.905315399 -0.823245227 0.021781506 0.567267895 79.269081116
0.573229074 0.088874742 0.814561129 113.005012512 -0.032478143 0.995783567 -0.085791714 -8.939254761 -0.818751276 0.022722874 0.573698521 79.649032593
0.579936504 0.090903938 0.809574127 113.526527405 -0.035896607 0.995641232 -0.086082242 -8.999162674 -0.813870490 0.020861272 0.580671668 80.023490906
