0.979289174 0.202366099 -0.006375315 0.105948642 -0.162089527 0.764736354 -0.623622656 1.116132736 -0.121324651 0.611740232 0.781699538 2.626151085
0.979053140 0.203519031 -0.005914415 0.090334304 -0.162668228 0.764404953 -0.623878241 0.634736061 -0.122450091 0.611772060 0.781499147 3.201529741
0.971499443 0.236982301 -0.005313652 0.078040645 -0.190893278 0.768876433 -0.610236585 0.061919808 -0.140529737 0.593858778 0.792201400 3.720548153
0.971522689 0.236884356 -0.005417563 0.078155696 -0.190844983 0.768743277 -0.610419333 -0.375761628 -0.140434086 0.594070196 0.792059839 4.261759281
0.978614450 0.205636218 -0.005243264 0.060430206 -0.163914800 0.764156997 -0.623855710 -0.753031015 -0.124280654 0.611373663 0.781521916 4.875648975
0.978443563 0.206480831 -0.003727247 0.039452292 -0.163957611 0.765713513 -0.621933043 -1.186002612 -0.125563249 0.609137475 0.783061564 5.405684471
0.978514731 0.206166178 -0.002102080 0.047449891 -0.163172349 0.768142819 -0.619137645 -1.609305024 -0.126030535 0.606178284 0.785279691 5.919406891
0.978633225 0.205613762 0.000196284 0.035531688 -0.161762968 0.770510912 -0.616559565 -2.010999203 -0.126924366 0.603353918 0.787308216 6.405794144
0.978831351 0.204662606 0.001556963 0.034302022 -0.160456404 0.772086084 -0.614928246 -2.402477264 -0.127054930 0.601661146 0.788581550 6.877678871
0.989751399 0.142785713 0.002161605 0.024690300 -0.109615669 0.769353092 -0.629349053 -2.735672474 -0.091525100 0.622662067 0.777119756 7.350268841
0.989671409 0.143337756 0.002185111 0.028774291 -0.109770447 0.767534435 -0.631538868 -3.005080223 -0.092200510 0.624776125 0.775341153 7.664957047
0.978537083 0.206034958 0.003846868 0.022562861 -0.159314111 0.768219054 -0.620047033 -3.460220814 -0.130706623 0.606126189 0.784555078 8.170515060
0.978939354 0.204105243 0.004349836 0.033039179 -0.157316908 0.767767847 -0.621115029 -3.724530697 -0.130112499 0.607349694 0.783707321 8.478422165
0.990386188 0.138168171 0.006683683 0.023461461 -0.102290906 0.764033556 -0.637015879 -4.079909325 -0.093121871 0.630208075 0.770821691 8.918521881
0.990635872 0.136288568 0.008125379 0.031208538 -0.099766515 0.763228834 -0.638379574 -4.332003593 -0.093205348 0.631591022 0.769678950 9.220580101
0.989995599 0.140707180 0.010491434 0.021876588 -0.101498306 0.761830747 -0.639774919 -4.638586521 -0.098013617 0.632309616 0.768490613 9.559166908
0.989344358 0.145020038 0.012922389 0.022247836 -0.103161484 0.760867417 -0.640654743 -4.873537540 -0.102739997 0.632495046 0.767720342 9.832519531
0.989247322 0.145293400 0.016716072 0.028227538 -0.101037741 0.761576951 -0.640149772 -5.124894142 -0.105740122 0.631577551 0.768068135 10.114969254
0.989819646 0.141037464 0.019115936 0.053453401 -0.096201196 0.761956990 -0.640442729 -5.327092171 -0.104891941 0.632083714 0.767768025 10.350077629
0.990408361 0.136396542 0.022071969 0.058390558 -0.090741239 0.762547255 -0.640537024 -5.516963959 -0.104197949 0.632390440 0.767610013 10.567020416
0.990799546 0.133066893 0.024686664 0.069091409 -0.086642019 0.763789296 -0.639624178 -5.677772522 -0.103968218 0.631600499 0.768291295 10.749660492
0.990775645 0.132690713 0.027510647 0.079079092 -0.084660225 0.764606416 -0.638912857 -5.853117943 -0.105812632 0.630690157 0.768787086 10.941865921
0.990681112 0.133044422 0.029158210 0.085955441 -0.083796211 0.764139295 -0.639585257 -5.989450455 -0.107374191 0.631181598 0.768167078 11.090538025
0.990477443 0.134116516 0.031099508 0.093701452 -0.083192781 0.763030171 -0.640986621 -6.115882397 -0.109696768 0.632295609 0.766921639 11.236547470
0.990063310 0.136475787 0.033894118 0.090018302 -0.083079360 0.762152612 -0.642044544 -6.220865250 -0.113456033 0.632848978 0.765917718 11.361017227
0.989633381 0.139146924 0.035551850 0.091554672 -0.084022917 0.761723518 -0.642430842 -6.339932919 -0.116472952 0.632783830 0.765518546 11.491481781
0.989406884 0.140400380 0.036901742 0.091905087 -0.083888538 0.760425568 -0.643984139 -6.441612244 -0.118476644 0.634066761 0.764148295 11.609325409
0.989459634 0.139669552 0.038237624 0.104632825 -0.082307421 0.759688377 -0.645057380 -6.541796207 -0.119143553 0.635111034 0.763176799 11.711461067
0.989572585 0.138410136 0.039860226 0.107177883 -0.080094539 0.758792460 -0.646389008 -6.631082535 -0.119712435 0.636456370 0.761966109 11.814645767
0.989675641 0.137400761 0.040781740 0.119069815 -0.078597546 0.758229613 -0.647232711 -6.737083435 -0.119852200 0.637345016 0.761200786 11.932727814
0.989508510 0.138187841 0.042155474 0.124082088 -0.078133583 0.757282794 -0.648396373 -6.822354794 -0.121524133 0.638299942 0.760134876 12.029782295
0.989309788 0.139204815 0.043455813 0.120422155 -0.077798828 0.755850196 -0.650106013 -6.889643669 -0.123343982 0.639775276 0.758599877 12.107677460
0.989289999 0.139148697 0.044084001 0.127814323 -0.077060141 0.754391193 -0.651886284 -6.970244884 -0.123965718 0.641507268 0.757034302 12.196150780
0.989411414 0.138255432 0.044164501 0.139048368 -0.076059937 0.753077149 -0.653521180 -7.048931122 -0.123612098 0.643242061 0.755618930 12.280319214
0.989608705 0.137161851 0.043142173 0.149759978 -0.075731404 0.752258062 -0.654501975 -7.135739326 -0.122226715 0.644433618 0.754828572 12.366168022
0.989773571 0.136572063 0.041188680 0.147402734 -0.076395407 0.751341999 -0.655476093 -7.203372002 -0.120466523 0.645626128 0.754091978 12.449884415
0.989732146 0.137504384 0.039021883 0.129378408 -0.078374833 0.750387251 -0.656335533 -7.271285057 -0.119530544 0.646538019 0.753459334 12.540261269
0.989973128 0.137159571 0.033771355 0.154130131 -0.081483454 0.749796569 -0.656632006 -7.407070637 -0.115385011 0.647296190 0.753454685 12.684927940
0.990208566 0.136747986 0.028052466 0.149896055 -0.084879488 0.749342203 -0.656720519 -7.487460136 -0.110826097 0.647909224 0.753612161 12.770254135
0.979628980 0.199897885 0.019179760 0.140658706 -0.140777856 0.751720011 -0.644281447 -7.497142792 -0.143208325 0.628456771 0.764547825 12.915819168
0.979730606 0.199987486 0.011531084 0.145602956 -0.145768896 0.751233399 -0.643738985 -7.578827381 -0.137402281 0.629009962 0.765158176 13.012403488
0.979790926 0.199986011 0.003911172 0.134681150 -0.150586233 0.750354886 -0.643654704 -7.652009487 -0.131656721 0.630058110 0.765306056 13.108593941
0.990651309 0.136357039 -0.004088555 0.123687081 -0.105486423 0.746679664 -0.656766355 -7.818154335 -0.086501896 0.651057661 0.754083157 13.160801888
0.990775228 0.134403482 -0.017325088 0.111259252 -0.112674743 0.745992124 -0.656353652 -7.908438683 -0.075291865 0.652250946 0.754254580 13.261676788
0.990424514 0.133785591 -0.034068726 0.103784323 -0.123121023 0.744329214 -0.656365037 -8.002406120 -0.062453859 0.654274464 0.753673911 13.388293266
0.989525437 0.134353101 -0.052807808 0.067710280 -0.135908484 0.743713677 -0.654537082 -8.124629974 -0.048665207 0.654858172 0.754183352 13.526571274
0.988056660 0.134770796 -0.074704625 0.038349867 -0.150696263 0.743938446 -0.651034653 -8.234519005 -0.032164812 0.654516935 0.755362809 13.655607224
0.985935330 0.135677978 -0.097586058 -0.009311080 -0.166454479 0.744839668 -0.646147609 -8.373274803 -0.014982027 0.653303385 0.756947935 13.813755035
0.982835114 0.136695653 -0.123893052 -0.060127497 -0.184424043 0.745435476 -0.640557408 -8.500408173 0.004792856 0.652411103 0.757850051 13.970801353
0.978494763 0.137861028 -0.153434828 -0.122802258 -0.204457194 0.746663868 -0.633001149 -8.653941154 0.027298037 0.650759101 0.758793533 14.154058456
0.972959280 0.137652621 -0.185477942 -0.201003313 -0.224798664 0.748819411 -0.623486280 -8.797397614 0.053064957 0.648321807 0.759514868 14.335717201
0.965243697 0.138729051 -0.221492350 -0.284908056 -0.248337209 0.750953138 -0.611880720 -8.946018219 0.081444770 0.645618796 0.759304464 14.521622658
0.963902771 -0.046696104 -0.262127727 -0.338238239 -0.138457179 0.753006935 -0.643280804 -9.237091064 0.227422714 0.656353593 0.719360054 14.742595673
0.951931894 -0.042977344 -0.303279877 -0.460700512 -0.167695671 0.755425632 -0.633411646 -9.409657478 0.256327748 0.653823435 0.711906612 14.921743393
0.937549233 -0.039166771 -0.345640749 -0.586988926 -0.197821558 0.757285357 -0.622403026 -9.580346107 0.286126226 0.651908576 0.702244282 15.113570213
0.920371413 -0.036566459 -0.389331818 -0.746760845 -0.227073729 0.760585904 -0.608232319 -9.801019669 0.318361223 0.648206711 0.691718280 15.339061737
0.900958419 -0.033259984 -0.432628840 -0.905426025 -0.255929559 0.764419019 -0.591746330 -9.973959923 0.350391179 0.643861234 0.680197597 15.523036003
0.874246716 -0.126580372 -0.468689710 -1.036444187 -0.234749973 0.734826088 -0.636335671 -10.321156502 0.424952984 0.666339278 0.612704575 15.757359505
0.850423336 -0.120953493 -0.512006342 -1.252202511 -0.269123286 0.736223400 -0.620924890 -10.527137756 0.452054054 0.665841818 0.593550146 15.931198120
0.822887778 -0.118087083 -0.555797815 -1.478450775 -0.302609146 0.736826599 -0.604577780 -10.731238365 0.480919331 0.665689170 0.570591331 16.109191895
0.792543590 -0.115161970 -0.598842382 -1.751057625 -0.336527318 0.736341357 -0.586984396 -10.963719368 0.508550644 0.666737676 0.544827580 16.297500610
0.758852601 -0.112322547 -0.641503215 -2.027878761 -0.369930953 0.736339152 -0.566529572 -11.182019234 0.535997927 0.667224348 0.517221332 16.485015869
0.722439289 -0.108968869 -0.682793736 -2.338780403 -0.402563214 0.736586750 -0.543491364 -11.388718605 0.562160492 0.667507112 0.488272429 16.665542603
0.708127856 -0.035898264 -0.705171108 -2.617777824 -0.491914660 0.691372454 -0.529173017 -11.850679398 0.506532252 0.721606135 0.471921265 16.761856079
0.668534756 -0.036571931 -0.742781162 -2.973554611 -0.519642711 0.691533923 -0.501749218 -12.050541878 0.532008290 0.721417606 0.443310082 16.935935974
0.626676679 -0.038019270 -0.778351486 -3.363015175 -0.544194937 0.693571806 -0.472027510 -12.259782791 0.557788789 0.719383419 0.413955361 17.113620758
0.626015067 -0.073471956 -0.776342034 -3.699044228 -0.551928520 0.661552548 -0.507664323 -12.655416489 0.550890207 0.746290743 0.373590678 17.244968414
0.581450224 -0.073355079 -0.810268223 -4.133502960 -0.579892933 0.661178946 -0.475990117 -12.875065804 0.570648551 0.746633410 0.341904610 17.418388367
0.535150468 -0.073396608 -0.841562212 -4.604732513 -0.607721567 0.658515096 -0.443883270 -13.078592300 0.586760879 0.748979807 0.307799995 17.556510925
0.484116256 -0.075716443 -0.871721506 -5.168529034 -0.586847901 0.710868001 -0.387654662 -13.280113220 0.649030805 0.699237943 0.299708635 17.606399536
0.432625234 -0.077231631 -0.898259759 -5.698754311 -0.606575727 0.712174237 -0.353374779 -13.461372375 0.667009115 0.697741568 0.261257708 17.735359192
0.380289495 -0.090459466 -0.920432985 -6.282872200 -0.607765317 0.725713968 -0.322429121 -13.522657394 0.697137892 0.682023704 0.221003249 17.922723770
0.329538435 -0.084702961 -0.940334976 -6.896921635 -0.625546098 0.726404965 -0.284654021 -13.671389580 0.707175076 0.682027340 0.186392739 18.007621765
0.281733155 -0.085790291 -0.955649853 -7.505392551 -0.636613488 0.728475273 -0.253075182 -13.734349251 0.717878640 0.679679155 0.150620416 18.087017059
0.208673969 -0.069349773 -0.975523353 -8.167392731 -0.630792499 0.752721667 -0.188443497 -13.910709381 0.747366071 0.654676080 0.113328099 18.162961960
0.149118379 -0.060350254 -0.986975968 -8.865330696 -0.640442550 0.754593909 -0.142902896 -14.075696945 0.753390193 0.653410852 0.073872954 18.226976395
0.109297998 -0.061832972 -0.992084026 -9.572562218 -0.647593319 0.752753019 -0.118261769 -14.145245552 0.754106641 0.655392647 0.042231780 18.231304169
0.073529787 -0.066109955 -0.995099425 -10.216632843 -0.654384792 0.749762774 -0.098164633 -14.200838089 0.752578199 0.658395946 0.011868551 18.233409882
0.050067827 -0.067826435 -0.996440053 -10.904503822 -0.656402469 0.749718308 -0.084014446 -14.230703354 0.752747655 0.658271968 -0.006984667 18.207103729
0.030156719 -0.063454516 -0.997528970 -11.689982414 -0.659621596 0.748555481 -0.067558177 -14.271449089 0.750992596 0.660028934 -0.019281987 18.166416168
0.016176445 -0.057536345 -0.998212337 -12.422147751 -0.659568787 0.749709129 -0.053901356 -14.323576927 0.751470327 0.659261525 -0.025821546 18.148302078
0.003534674 -0.052999977 -0.998588264 -13.219261169 -0.663609087 0.746900141 -0.041990612 -14.365420341 0.748071194 0.662820637 -0.032531217 18.114053726
0.004195422 -0.057950232 -0.998310685 -14.018795013 -0.660200715 0.749661386 -0.046291068 -14.409124374 0.751077533 0.659279585 -0.035113640 18.081892014
0.005162514 -0.062093619 -0.998056948 -14.868023872 -0.654759347 0.754161477 -0.050306559 -14.452532768 0.755819738 0.653746784 -0.036763012 18.043937683
0.017879713 -0.069813631 -0.997399747 -15.681409836 -0.648190379 0.758722246 -0.064726926 -14.554831505 0.761268377 0.647662282 -0.031686790 18.039661407
0.024777070 -0.069503471 -0.997273982 -16.566627502 -0.647806585 0.758676469 -0.068969406 -14.611268997 0.761401832 0.647749484 -0.026227027 17.996301651
0.029048627 -0.070996724 -0.997053504 -17.455238342 -0.648368537 0.757832944 -0.072852530 -14.692445755 0.760772228 0.648574352 -0.024018038 17.981103897
0.020712806 -0.071984537 -0.997190654 -18.352306366 -0.642197490 0.763476670 -0.068452537 -14.700018883 0.766259313 0.641811192 -0.030414546 17.948228836
0.024469776 -0.082373068 -0.996301115 -19.285022736 -0.643670857 0.761240304 -0.078747444 -14.747159004 0.764911115 0.643217087 -0.034393761 17.884418488
0.020015104 -0.088375770 -0.995886087 -20.233858109 -0.652434587 0.753611922 -0.079988644 -14.811773300 0.757580698 0.651351511 -0.042575791 17.848894119
0.019266212 -0.091089837 -0.995656252 -21.189020157 -0.656673849 0.749779582 -0.081302062 -14.875614166 0.753928542 0.655387819 -0.045370892 17.795043945
0.017702136 -0.084876373 -0.996234179 -22.241212845 -0.664126337 0.743831336 -0.075173251 -14.936800003 0.747410655 0.662956119 -0.043201230 17.726863861
0.012762396 -0.076081380 -0.997019947 -23.207679749 -0.668049753 0.741262019 -0.065116212 -15.011232376 0.744007170 0.666889846 -0.041365873 17.665399551
0.008956974 -0.066785760 -0.997727096 -24.288017273 -0.669606268 0.740633130 -0.055587731 -15.066633224 0.742662072 0.668582261 -0.038086332 17.604322433
-0.004083558 -0.054071531 -0.998528719 -25.269998550 -0.685338259 0.727305472 -0.036581732 -15.115923882 0.728213429 0.684180498 -0.040027283 17.556436539
-0.004316575 -0.046292551 -0.998918593 -26.372232437 -0.684617817 0.728251696 -0.030790718 -15.153901100 0.728889465 0.683744490 -0.034836255 17.488437653
-0.008944649 -0.045488138 -0.998924971 -27.388923645 -0.695467651 0.718069553 -0.026471389 -15.196598053 0.718501627 0.694483221 -0.038058423 17.438465118
-0.010178643 -0.048223581 -0.998784721 -28.494350433 -0.696587086 0.716944277 -0.027516747 -15.228935242 0.717399955 0.695460618 -0.040889457 17.378427505
-0.008100808 -0.053836569 -0.998516858 -29.551448822 -0.677210093 0.734997511 -0.034134414 -15.308383942 0.735745132 0.675929189 -0.042412739 17.359640121
-0.012324918 -0.059445497 -0.998155415 -30.676315308 -0.677786767 0.734407365 -0.035368782 -15.348268509 0.735155284 0.676100671 -0.049342874 17.298078537
-0.018063242 -0.063516110 -0.997817278 -31.707536697 -0.678063750 0.734194756 -0.034460377 -15.384403229 0.734780967 0.675961375 -0.056329902 17.217514038
-0.023834756 -0.065442532 -0.997571647 -32.831848145 -0.678960800 0.733481407 -0.031895466 -15.410373688 0.733787417 0.676551878 -0.061915256 17.124078751
-0.045508239 -0.055512551 -0.997420371 -33.852989197 -0.701885521 0.712249041 -0.007616835 -15.400143623 0.710834503 0.699728251 -0.071376644 16.998947144
-0.050842851 -0.050580621 -0.997425020 -34.998989105 -0.702888966 0.711299479 -0.000241712 -15.395674706 0.709480047 0.701066673 -0.071717061 16.887979507
-0.057509460 -0.047637157 -0.997207761 -36.067363739 -0.705205619 0.708970189 0.006801655 -15.403208733 0.706666589 0.703627706 -0.074366488 16.805698395
-0.061157864 -0.045602717 -0.997085810 -37.210510254 -0.707875788 0.706249416 0.011117676 -15.379556656 0.703684330 0.706492782 -0.075473763 16.694620132
-0.062934496 -0.043934382 -0.997050166 -38.345233917 -0.711160719 0.702891648 0.013916474 -15.373596191 0.700206876 0.709938765 -0.075480543 16.582035065
-0.074721493 -0.035277091 -0.996580243 -39.351974487 -0.723239779 0.689953566 0.029803921 -15.167246819 0.686542749 0.722993493 -0.077068157 16.486259460
-0.075365037 -0.035113096 -0.996537507 -40.500427246 -0.724236012 0.688877404 0.030499049 -15.139878273 0.685421288 0.724026978 -0.077347435 16.362369537
-0.077023201 -0.036307838 -0.996367991 -41.565544128 -0.724555254 0.688522816 0.030921096 -15.104385376 0.684899330 0.724305391 -0.079339273 16.266036987
-0.077822626 -0.037475187 -0.996262610 -42.719818115 -0.725473166 0.687560737 0.030806897 -15.063573837 0.683836460 0.725159347 -0.080695033 16.160631180
-0.078821130 -0.038037527 -0.996162832 -43.824161530 -0.727153480 0.685758650 0.031350788 -15.040465355 0.681934774 0.726834357 -0.081711397 16.056396484
-0.078740999 -0.040146511 -0.996086419 -44.980991364 -0.730263531 0.682496786 0.030220082 -15.010978699 0.678612590 0.729785144 -0.083058015 15.930891037
-0.078904241 -0.045350101 -0.995850146 -46.102787018 -0.733555257 0.679085433 0.027196877 -14.973766327 0.675033927 0.732657015 -0.086849548 15.821056366
-0.077421568 -0.046372317 -0.995919466 -47.281051636 -0.734761775 0.677843511 0.025557525 -14.932982445 0.673892379 0.733742237 -0.086552344 15.706693649
-0.075450748 -0.041978311 -0.996265590 -48.455307007 -0.735428810 0.677057028 0.027168393 -14.914021492 0.673388124 0.734732270 -0.081956536 15.589431763
-0.074400529 -0.038498268 -0.996485054 -49.568992615 -0.735127926 0.677319705 0.028719218 -14.898498535 0.673833430 0.734680831 -0.078694098 15.478298187
-0.072444007 -0.038836557 -0.996616006 -50.781425476 -0.734037161 0.678575635 0.026914127 -14.862162590 0.675234199 0.733503103 -0.077666223 15.357545853
-0.069382295 -0.040279597 -0.996776640 -51.943904877 -0.734263301 0.678451180 0.023693498 -14.826028824 0.675309896 0.733540416 -0.076648325 15.257859230
-0.099439435 -0.009620105 -0.994997084 -52.576744080 -0.703622699 0.707732797 0.063476965 -13.298171043 0.703581333 0.706414759 -0.077145480 15.023345947
-0.093195759 -0.008909300 -0.995607972 -53.779472351 -0.707503378 0.704164684 0.059925903 -13.223289490 0.700537980 0.709980965 -0.071928523 14.920171738
-0.086063802 -0.009415348 -0.996245146 -54.977386475 -0.710009754 0.702064097 0.054701366 -13.136079788 0.698912859 0.712051570 -0.067107290 14.800775528
-0.081390105 -0.009990515 -0.996632278 -56.072917938 -0.711031139 0.701305866 0.051036369 -13.108539581 0.698434114 0.712790489 -0.064182945 14.717224121
-0.075716473 -0.011290347 -0.997065544 -57.276138306 -0.711227477 0.701450825 0.046067189 -13.060834885 0.698872268 0.712628424 -0.061141390 14.642792702
-0.069329679 -0.011403329 -0.997528613 -58.442440033 -0.710448205 0.702533960 0.041346092 -12.996220589 0.700326264 0.711558878 -0.056807920 14.540385246
-0.084188089 0.002912514 -0.996445596 -59.465690613 -0.711161315 0.700277925 0.062131725 -12.508773804 0.697969854 0.713864267 -0.056883786 14.437095642
-0.077600598 0.002449748 -0.996981561 -60.657546997 -0.711647093 0.700211823 0.057111979 -12.408298492 0.698238134 0.713930964 -0.052593499 14.384317398
-0.071951620 0.003748974 -0.997401059 -61.889045715 -0.712044299 0.700055063 0.053997569 -12.345767975 0.698438048 0.714078963 -0.047700658 14.307429314
-0.078741923 0.012647173 -0.996814728 -62.996417999 -0.714028955 0.697069287 0.065247774 -12.186473846 0.695674062 0.716892242 -0.045858122 14.203339577
-0.072655998 0.007255327 -0.997330666 -64.209419250 -0.714376509 0.697426796 0.057116248 -12.087875366 0.695979476 0.716619432 -0.045489199 14.126278877
-0.069388665 0.002897665 -0.997585475 -65.360229492 -0.714307785 0.697918475 0.051712073 -12.062319756 0.696383238 0.716171324 -0.046357807 14.063424110
-0.064648919 0.001493143 -0.997906864 -66.573181152 -0.714692712 0.697834194 0.047345184 -11.980682373 0.696444392 0.716257691 -0.044047095 13.990883827
-0.071944714 0.015145128 -0.997293651 -67.732406616 -0.698440313 0.713045537 0.061213922 -11.847801208 0.712042868 0.700954080 -0.040721897 13.894074440
-0.069863759 0.014214682 -0.997455239 -68.947372437 -0.699125111 0.712550759 0.059122641 -11.777085304 0.711577952 0.701476514 -0.039843637 13.834522247
-0.069211178 0.014195001 -0.997500956 -70.129890442 -0.700240970 0.711488307 0.058710799 -11.719696045 0.710543752 0.702554524 -0.039303012 13.771940231
-0.068420097 0.015510773 -0.997535944 -71.353034973 -0.700774014 0.710929334 0.059119772 -11.660603523 0.710094631 0.703092337 -0.037772313 13.702720642
-0.065915838 0.015206374 -0.997709334 -72.471435547 -0.699168146 0.712677181 0.057054192 -11.509747505 0.711912096 0.701327443 -0.036344901 13.596118927
-0.064951621 0.013558120 -0.997796357 -73.713783264 -0.699207962 0.712784171 0.055200353 -11.453435898 0.711961687 0.701252520 -0.036816537 13.527140617
-0.062082201 0.012720061 -0.997989953 -74.885772705 -0.697761834 0.714402556 0.052511387 -11.367078781 0.713634551 0.699619293 -0.035476103 13.448568344
-0.060989149 0.012724934 -0.998057306 -76.101455688 -0.695609868 0.716561198 0.051643170 -11.304502487 0.715826273 0.697408020 -0.034850869 13.376133919
-0.061328780 0.014539992 -0.998011708 -77.280776978 -0.693555951 0.718444109 0.053086665 -11.259998322 0.717787504 0.695432723 -0.033977006 13.330915451
-0.061306663 0.017146228 -0.997971714 -78.524932861 -0.693254948 0.718595743 0.054933771 -11.197528839 0.718080103 0.695216596 -0.032168005 13.279111862
-0.061268061 0.022591505 -0.997865558 -79.678405762 -0.695939422 0.715678155 0.058932886 -11.141279221 0.715481997 0.698064744 -0.028125895 13.220122337
-0.060724523 0.022599040 -0.997898698 -80.907943726 -0.697358131 0.714322209 0.058612894 -11.079103470 0.714145780 0.699452043 -0.027617246 13.165307045
-0.055517662 0.031517956 -0.997960150 -82.030021667 -0.707863212 0.703658164 0.061602440 -10.963144302 0.704164326 0.709839284 -0.016755059 13.235964775
-0.054794244 0.028235212 -0.998098433 -83.224006653 -0.708000481 0.703761756 0.058776990 -10.882411003 0.704082966 0.709874809 -0.018571544 13.201909065
-0.054162670 0.031714708 -0.998028278 -84.407768250 -0.708981335 0.702601135 0.060802996 -10.837917328 0.703144133 0.710876763 -0.015569606 13.138742447
-0.054540634 0.033052325 -0.997964382 -85.630943298 -0.707987309 0.703498960 0.061992552 -10.779407501 0.704115987 0.709927201 -0.014968660 13.107779503
-0.054156680 0.037571967 -0.997825325 -86.815834045 -0.709103227 0.702109396 0.064923480 -10.714000702 0.703021824 0.711077154 -0.011381507 13.076888084
-0.053664330 0.039762039 -0.997767091 -87.999923706 -0.709244847 0.701855004 0.066115968 -10.644782066 0.702916741 0.711209178 -0.009463562 13.041909218
-0.053223416 0.039886497 -0.997785747 -89.191009521 -0.710430026 0.700675189 0.065904930 -10.569866180 0.701752543 0.712364495 -0.008955766 13.001552582
-0.052508987 0.038295917 -0.997885823 -90.352684021 -0.710307896 0.700950205 0.064276963 -10.503276825 0.701929867 0.712181330 -0.009604299 12.970201492
-0.052514631 0.036973629 -0.997935474 -91.528823853 -0.709180534 0.702176392 0.063335121 -10.444200516 0.703068376 0.711042523 -0.010653557 12.939863205
-0.052147146 0.038371515 -0.997901917 -92.712730408 -0.708486557 0.702811897 0.064047888 -10.378564835 0.703794956 0.710340083 -0.009463940 12.910453796
-0.052425388 0.041481696 -0.997762918 -93.872978210 -0.706806898 0.704281688 0.066418007 -10.319993973 0.705461264 0.708707690 -0.007602694 12.885471344
-0.053061869 0.043845184 -0.997628212 -95.037780762 -0.706535101 0.704351544 0.068535045 -10.255718231 0.705685914 0.708495855 -0.006396051 12.871706963
-0.052752767 0.045064237 -0.997590244 -96.161499023 -0.705801725 0.705024302 0.069171071 -10.180044174 0.706442535 0.707749903 -0.005385568 12.921754837
-0.052205991 0.047016948 -0.997528970 -97.339317322 -0.707647681 0.703072131 0.070173174 -10.104747772 0.704634190 0.709562480 -0.003433144 12.890429497
-0.052315779 0.046580330 -0.997543633 -98.501747131 -0.708659053 0.702075124 0.069948763 -10.045013428 0.703608871 0.710577667 -0.003720038 12.861670494
-0.052474055 0.039982297 -0.997821569 -99.723335266 -0.708776474 0.702393293 0.065418184 -9.967060089 0.703478754 0.710665226 -0.008518916 12.786663055
-0.052045405 0.038647052 -0.997896612 -100.893775940 -0.709880829 0.701390803 0.064187735 -9.898253441 0.702396214 0.711728394 -0.009069365 12.750388145
-0.050958164 0.038379319 -0.997963071 -101.982864380 -0.711780310 0.699548721 0.063248053 -9.820571899 0.700551212 0.713553488 -0.008330076 12.770979881
-0.051338807 0.039185971 -0.997912169 -103.150825500 -0.711112022 0.700152636 0.064077578 -9.762243271 0.701201797 0.712916970 -0.008079386 12.749191284
-0.051147476 0.041311383 -0.997836292 -104.303352356 -0.710408747 0.700741589 0.065425783 -9.702026367 0.701928318 0.712218106 -0.006493201 12.718117714
-0.051039793 0.043492444 -0.997749150 -105.476516724 -0.709632576 0.701391041 0.066875242 -9.635618210 0.702720940 0.711448550 -0.004935199 12.692332268
-0.052158050 0.042214151 -0.997746229 -106.641799927 -0.712525666 0.698459089 0.066799365 -9.565794945 0.699704826 0.714403927 -0.006351596 12.669828415
-0.051978726 0.045727160 -0.997600734 -107.823028564 -0.715980113 0.694687784 0.069147736 -9.521070480 0.696182966 0.717856467 -0.003369255 12.617656708
-0.052482508 0.042505406 -0.997716844 -109.000755310 -0.716997385 0.693821847 0.067274608 -9.425056458 0.695097268 0.718891144 -0.005937254 12.610992432
-0.053170789 0.038442552 -0.997845173 -110.198791504 -0.717135906 0.693900585 0.064945936 -9.357892036 0.694902122 0.719043732 -0.009326710 12.591848373
-0.052038904 0.038110416 -0.997917593 -111.414138794 -0.719104946 0.691954970 0.063925236 -9.289484024 0.692950368 0.720933974 -0.008603192 12.532789230
-0.052925024 0.037636627 -0.997888923 -112.636116028 -0.717121661 0.693984032 0.064208448 -9.223119736 0.694935560 0.719006062 -0.009739080 12.507053375
-0.053240772 0.036634244 -0.997909606 -113.813278198 -0.713935256 0.697309196 0.063689008 -9.144725800 0.698184669 0.715833664 -0.010970804 12.487764359
-0.053470284 0.038423512 -0.997829854 -115.034774780 -0.713291466 0.697838187 0.065094538 -9.065713882 0.698825061 0.715224147 -0.009906448 12.450764656
-0.053913318 0.042638995 -0.997634828 -116.294921875 -0.712893665 0.697932720 0.068355285 -8.983249664 0.699196637 0.714892864 -0.007230798 12.411028862
-0.054944951 0.042620212 -0.997579336 -117.474914551 -0.711808085 0.698969960 0.069067687 -8.919065475 0.700221717 0.713879883 -0.008067458 12.413250923
-0.055587526 0.038280185 -0.997719646 -118.739654541 -0.711128294 0.699912786 0.066474222 -8.837903023 0.700861394 0.713201702 -0.011684301 12.368654251
-0.056062881 0.035599120 -0.997792363 -119.948303223 -0.711836696 0.699335754 0.064946733 -8.788736343 0.700103939 0.713906348 -0.013866024 12.337036133
-0.056670904 0.033756286 -0.997822046 -121.204193115 -0.711297572 0.699964225 0.064077631 -8.703060150 0.700602889 0.713379681 -0.015656838 12.300467491
-0.056375802 0.035562709 -0.997776031 -122.415496826 -0.712576926 0.698561609 0.065159746 -8.624605179 0.699325323 0.714665651 -0.014040801 12.262587547
-0.056714099 0.040074605 -0.997585773 -123.713607788 -0.716376245 0.694331586 0.068619356 -8.531208992 0.695405245 0.718538582 -0.010669887 12.225297928
-0.057895385 0.041963246 -0.997440338 -124.969848633 -0.718562007 0.691848159 0.070814885 -8.472810745 0.693048894 0.720822573 -0.009901620 12.158904076
-0.058390655 0.041831359 -0.997417033 -126.260955811 -0.723474920 0.686674178 0.071152478 -8.390585899 0.687876880 0.725760758 -0.009831407 12.117412567
-0.058272090 0.037739307 -0.997587264 -127.528915405 -0.725524187 0.684800506 0.068286471 -8.292268753 0.685725272 0.727752745 -0.012523975 12.085800171
-0.058851197 0.036353897 -0.997604668 -128.821563721 -0.727142274 0.683131576 0.067790069 -8.206533432 0.683959603 0.729389966 -0.013768656 12.041933060
-0.059791163 0.036367740 -0.997548163 -130.091842651 -0.726818085 0.683407605 0.068479180 -8.148682594 0.684222519 0.729130447 -0.014429010 11.998809814
-0.059891235 0.035774771 -0.997563601 -131.395751953 -0.725550473 0.684789360 0.068118244 -8.065666199 0.685557902 0.727862418 -0.015056480 11.950213432
-0.060834184 0.036373083 -0.997484863 -132.612335205 -0.725371242 0.684869409 0.069212258 -8.000084877 0.685664475 0.727757454 -0.015279485 11.920349121
-0.061870150 0.041327894 -0.997228205 -133.903457642 -0.725187123 0.684632182 0.073365189 -7.916318893 0.685766518 0.727716208 -0.012387834 11.887046814
-0.062206294 0.045180734 -0.997040153 -135.154495239 -0.724383652 0.685168028 0.076243289 -7.829781532 0.686584711 0.726982474 -0.009893581 11.852043152
-0.062449001 0.044136830 -0.997071743 -136.426208496 -0.724990487 0.684584796 0.075712040 -7.742774963 0.685921907 0.727595747 -0.010752850 11.819655418
-0.061124049 0.042542171 -0.997223139 -137.680526733 -0.724570692 0.685254395 0.073645413 -7.654288292 0.686484694 0.727060080 -0.011060715 11.774980545
-0.060478643 0.042369217 -0.997269869 -138.942581177 -0.723746240 0.686189473 0.073043928 -7.582181931 0.687410891 0.726187825 -0.010835249 11.743290901
-0.058891471 0.040270623 -0.997451723 -140.153991699 -0.724552751 0.685608387 0.070459388 -7.475254059 0.686698735 0.726855874 -0.011198294 11.715593338
-0.057776045 0.042743575 -0.997414052 -141.433868408 -0.724683166 0.685378492 0.071349345 -7.393173218 0.686655939 0.726931512 -0.008622909 11.670853615
-0.056970615 0.045330785 -0.997346222 -142.659011841 -0.725284517 0.684616208 0.072546624 -7.313048363 0.686087966 0.727492809 -0.006125295 11.657772064
-0.055599898 0.046026498 -0.997391701 -143.918350220 -0.726507545 0.683372259 0.072034866 -7.223783493 0.684905410 0.728617787 -0.004556828 11.628658295
-0.054863881 0.043554369 -0.997543514 -145.193450928 -0.728084147 0.681922972 0.069817767 -7.154258728 0.683288574 0.730126143 -0.005701703 11.602949142
-0.054895956 0.040071145 -0.997687697 -146.420211792 -0.727199197 0.683104575 0.067449056 -7.082721710 0.684227884 0.729220331 -0.008359984 11.564635277
-0.054996662 0.038765788 -0.997733772 -147.652908325 -0.725499809 0.684991717 0.066605262 -7.016161919 0.686021388 0.727518737 -0.009547685 11.531622887
-0.056377705 0.040185794 -0.997600436 -148.871490479 -0.723334014 0.687086582 0.068555534 -6.920088768 0.688192844 0.725463390 -0.009668608 11.504631042
-0.056603663 0.040884890 -0.997559130 -150.129501343 -0.721747577 0.688690424 0.069179438 -6.844131470 0.689837933 0.723901868 -0.009473827 11.468870163
-0.056170851 0.038773246 -0.997668028 -151.327163696 -0.720722854 0.689939737 0.067391977 -6.769291878 0.690943837 0.722827613 -0.010809734 11.439660072
-0.056488898 0.038845409 -0.997647345 -152.577926636 -0.719997227 0.690670609 0.067660436 -6.693813324 0.691673994 0.722125351 -0.011046633 11.413062096
-0.055079546 0.040255427 -0.997670174 -153.823242188 -0.719190598 0.691515744 0.067607470 -6.650696754 0.692626238 0.721238732 -0.009137047 11.369234085
-0.056501400 0.042663358 -0.997490585 -155.035690308 -0.717108309 0.693409562 0.070277154 -6.528676033 0.694667697 0.719279587 -0.008584362 11.356332779
-0.057375360 0.041531231 -0.997488439 -156.276184082 -0.715246081 0.695348799 0.070092246 -6.459070206 0.696513534 0.717471421 -0.010190844 11.342494965
-0.058142651 0.041958094 -0.997426093 -157.491836548 -0.716250479 0.694226503 0.070955768 -6.383335114 0.695416749 0.718532622 -0.010311663 11.314282417
-0.058011763 0.046860628 -0.997215509 -158.730361938 -0.716818810 0.693291843 0.074278839 -6.307802200 0.694841981 0.719131887 -0.006628501 11.289372444
-0.056807574 0.053111229 -0.996971428 -159.937347412 -0.720181406 0.689414024 0.077762887 -6.197496414 0.691456199 0.722417831 -0.000914209 11.233755112
-0.054601882 0.052497681 -0.997127235 -161.159255981 -0.723443985 0.686215460 0.075743735 -6.089853287 0.688220501 0.725501359 0.000510481 11.206648827
-0.055099979 0.049811944 -0.997237563 -162.379013062 -0.725524783 0.684177637 0.074261762 -6.051809311 0.685986757 0.727612376 -0.001558380 11.181655884
-0.053875353 0.044676207 -0.997547686 -163.601211548 -0.726596475 0.683504343 0.069853313 -5.984271049 0.684949040 0.728577912 -0.004362467 11.157310486
-0.052524570 0.042539842 -0.997713149 -164.825103760 -0.728674471 0.681533515 0.067419827 -5.893291473 0.682843089 0.730549455 -0.004799562 11.126880646
-0.051294755 0.039907563 -0.997885883 -166.051559448 -0.725153208 0.685541928 0.064691640 -5.828873634 0.686674356 0.726938546 -0.006225605 11.103798866
-0.051575087 0.035357025 -0.998043180 -167.298706055 -0.723196805 0.687876821 0.061741050 -5.753694534 0.688713431 0.724965751 -0.009907216 11.085203171
-0.051568739 0.032288112 -0.998147368 -168.483337402 -0.719001114 0.692453325 0.059546303 -5.687762260 0.693093121 0.720739841 -0.012493757 11.050149918
-0.053011019 0.036691122 -0.997919738 -169.723678589 -0.715951800 0.695247114 0.063595049 -5.613034248 0.696134090 0.717833698 -0.010586686 11.079518318
-0.052198801 0.043084525 -0.997706831 -170.942581177 -0.716479897 0.694337368 0.067469299 -5.540805817 0.695652068 0.718358696 -0.005374384 11.047456741
-0.050791875 0.046315279 -0.997634768 -172.151077271 -0.717450082 0.693213046 0.068709515 -5.470137596 0.694755733 0.719242930 -0.001980691 11.018688202
-0.048873331 0.043240901 -0.997868538 -173.343414307 -0.718295753 0.692676544 0.065196425 -5.398538589 0.694019198 0.719950974 -0.002793652 10.990693092
-0.049388912 0.040455893 -0.997959971 -174.569458008 -0.721540272 0.689439893 0.063657857 -5.339614868 0.690608561 0.723212242 -0.004860132 10.936954498
-0.048397310 0.041568417 -0.997962832 -175.772018433 -0.720054984 0.690986931 0.063701726 -5.270559311 0.692227185 0.721671104 -0.003510364 10.909020424
-0.046484359 0.042110834 -0.998031020 -176.976181030 -0.718701243 0.692486882 0.062693022 -5.181783676 0.693763435 0.720200360 -0.001924704 10.924371719
-0.044426341 0.040531140 -0.998190105 -178.152023315 -0.719240248 0.692155719 0.060115874 -5.106600761 0.693339467 0.720609367 -0.001598319 10.898951530
-0.042523753 0.042531751 -0.998189867 -179.301147461 -0.720021009 0.691342115 0.060130853 -5.054441452 0.692648053 0.721274614 0.001225304 10.868392944
-0.040710598 0.044178754 -0.998193800 -180.428054810 -0.720258534 0.691109300 0.059962809 -4.989386559 0.692510128 0.721398771 0.003684656 10.838945389
-0.038942363 0.045767937 -0.998192787 -181.487823486 -0.720682561 0.690682590 0.059784248 -4.912931442 0.692170620 0.721708238 0.006087340 10.842120171
-0.038709376 0.046985459 -0.998145282 -182.554809570 -0.720572472 0.690738618 0.060459726 -4.864368439 0.692298234 0.721576393 0.007118369 10.821649551
-0.037839994 0.047186140 -0.998169124 -183.599517822 -0.720609248 0.690742850 0.059971143 -4.797639847 0.692308068 0.721559167 0.007865065 10.825063705
-0.036902867 0.045865268 -0.998265803 -184.611053467 -0.720805228 0.690674782 0.058379009 -4.731764793 0.692154646 0.721709549 0.007572052 10.805912018
-0.035531968 0.046468966 -0.998287559 -185.573593140 -0.721635938 0.689855814 0.057796996 -4.700633049 0.691360176 0.722453892 0.009021735 10.782508850
-0.034498934 0.047477253 -0.998276353 -186.526351929 -0.722182810 0.689288139 0.057739556 -4.672805786 0.690841317 0.722929895 0.010507545 10.783781052
-0.034440260 0.045616601 -0.998365223 -187.450820923 -0.721418738 0.690196693 0.056422513 -4.611030579 0.691642106 0.722182631 0.009138112 10.759752274
-0.036956456 0.042801458 -0.998399854 -188.384460449 -0.719146013 0.692573547 0.056310341 -4.578180313 0.693875432 0.720076323 0.005185433 10.751907349
-0.042308617 0.039197538 -0.998335421 -189.301513672 -0.718830824 0.692789435 0.057664353 -4.544982910 0.693896472 0.720073819 -0.001134561 10.741464615
-0.046220675 0.036324680 -0.998270512 -190.197845459 -0.719649971 0.691868722 0.058495767 -4.479663849 0.692797005 0.721109092 -0.005837583 10.697223663
-0.050485458 0.034829676 -0.998117268 -191.160903931 -0.721583784 0.689672947 0.060564600 -4.427430153 0.690483928 0.723282874 -0.009685929 10.693342209
-0.052771796 0.035643224 -0.997970223 -192.072586060 -0.722794056 0.688204229 0.062800422 -4.371267319 0.689045727 0.724640965 -0.010555067 10.659132004
-0.055608619 0.037610807 -0.997744024 -192.982543945 -0.721671939 0.689062834 0.066196725 -4.328855515 0.689998031 0.723724961 -0.011175166 10.634984016
-0.056912292 0.039336827 -0.997603893 -193.902435303 -0.719791293 0.690822184 0.068303369 -4.273755074 0.691853702 0.721953809 -0.011001967 10.608438492
-0.057992231 0.039922543 -0.997518539 -194.806884766 -0.718356073 0.692198694 0.069465786 -4.222270966 0.693254232 0.720601976 -0.011463554 10.581154823
-0.061741233 0.043021161 -0.997164607 -195.713607788 -0.715641081 0.694507957 0.074273698 -4.154178619 0.695734084 0.718197644 -0.012092073 10.560977936
-0.062364966 0.041965257 -0.997170746 -196.607696533 -0.716979027 0.693154573 0.074012183 -4.093917847 0.694299400 0.719566286 -0.013140348 10.531844139
-0.062431175 0.041418947 -0.997189581 -197.502655029 -0.719223797 0.690855980 0.073723704 -4.036127090 0.691967905 0.721805036 -0.013341467 10.498020172
-0.061402135 0.039536491 -0.997329712 -198.397445679 -0.720885992 0.689333856 0.071709268 -3.971992493 0.690328300 0.723364174 -0.013825269 10.467182159
-0.059328303 0.038725697 -0.997487009 -199.305541992 -0.720086455 0.690381527 0.069632001 -3.908928871 0.691343367 0.722408235 -0.013073318 10.440205574
-0.058037873 0.036453266 -0.997648537 -200.206192017 -0.719974816 0.690746307 0.067123599 -3.847101212 0.691568971 0.722177804 -0.013844015 10.406952858
-0.057679784 0.037545867 -0.997628868 -201.129165649 -0.719204962 0.691500902 0.067606911 -3.791998863 0.692399621 0.721399188 -0.012882449 10.401399612
-0.056894816 0.040672764 -0.997551382 -202.051681519 -0.717354953 0.693264723 0.069180168 -3.736906052 0.694380939 0.719534278 -0.010266361 10.374203682
-0.057078928 0.042080455 -0.997482359 -202.976623535 -0.716784239 0.693743944 0.070283264 -3.683687210 0.694954932 0.718991399 -0.009435551 10.352353096
-0.056496054 0.038904577 -0.997644544 -203.906295776 -0.713400602 0.697488368 0.067599036 -3.634674072 0.698475361 0.715539277 -0.011650791 10.331375122
-0.056715857 0.036751784 -0.997713685 -204.839660645 -0.712134123 0.698912740 0.066227004 -3.574275970 0.699748755 0.714262068 -0.013467238 10.325423241
-0.055473551 0.036937129 -0.997776687 -205.782272339 -0.715266585 0.695773244 0.065523922 -3.503308296 0.696646512 0.717311203 -0.012177116 10.294540405
-0.054310746 0.041265707 -0.997671008 -206.741912842 -0.716053605 0.694752932 0.067716576 -3.447362900 0.695929289 0.718063712 -0.008184091 10.268632889
-0.052572221 0.040518254 -0.997794747 -207.675537109 -0.714280963 0.696747124 0.065927669 -3.388871193 0.697881818 0.716171563 -0.007688126 10.257837296
-0.049337711 0.040748097 -0.997950613 -208.624603271 -0.713213742 0.698040426 0.063762829 -3.311268806 0.699208081 0.714897990 -0.005377607 10.242159843
-0.047566425 0.045677628 -0.997823179 -209.595443726 -0.714025795 0.697006762 0.065944828 -3.253881454 0.698501766 0.715608239 -0.000539118 10.225342751
-0.041364755 0.054026023 -0.997682512 -210.798294067 -0.713904321 0.696997583 0.067342579 -3.175500870 0.699020445 0.715035379 0.009738276 10.297686577
-0.040521082 0.054064706 -0.997714937 -211.788513184 -0.713241518 0.697730303 0.066776499 -3.118751526 0.699746132 0.714317501 0.010288407 10.308597565
-0.038960751 0.055737533 -0.997685015 -212.811172485 -0.716534972 0.694347918 0.066772565 -3.056881905 0.696462274 0.717477739 0.012885581 10.310176849
-0.035808127 0.057210945 -0.997719765 -213.815231323 -0.718840122 0.692084134 0.065484427 -2.993683815 0.694252491 0.719545960 0.016343290 10.308283806
-0.036744237 0.057918422 -0.997644901 -214.922531128 -0.719165087 0.691636086 0.066640601 -2.945808411 0.693867028 0.719919980 0.016239265 10.337610245
