0.322511435 0.264453679 -0.908873379 16.372758865 -0.451143384 0.887052536 0.098017432 0.658578992 0.832139432 0.378420442 0.405391186 7.330996037
0.327669114 0.290673345 -0.898967147 16.784643173 -0.485196143 0.868213177 0.103877716 0.696711898 0.810689628 0.402137876 0.425520241 7.488250732
0.339466065 0.269476861 -0.901190877 16.294221878 -0.454416364 0.885845959 0.093716010 0.663455009 0.823570490 0.377702504 0.423169374 7.369611740
0.343157053 0.294865370 -0.891794622 16.738258362 -0.487170428 0.867629886 0.099415332 0.699746132 0.803061962 0.400340855 0.441382974 7.513397694
0.351763159 0.296821922 -0.887783468 16.712936401 -0.487889409 0.867528796 0.096735343 0.701320410 0.798890829 0.399112225 0.449980915 7.526613712
0.365809679 0.291966259 -0.883707583 16.421977997 -0.489391983 0.867990553 0.084190272 0.777843475 0.791630387 0.401681840 0.460405231 7.670692921
0.367523074 0.301673412 -0.879727185 16.662845612 -0.489579260 0.867008686 0.092780784 0.704018831 0.790720522 0.396597177 0.466338634 7.554670334
0.386127502 0.300447464 -0.872144878 16.317722321 -0.490879864 0.867408097 0.081486851 0.787076712 0.780988038 0.396654099 0.482413769 7.702345848
0.373005062 0.339968264 -0.863301039 16.901288986 -0.531422675 0.840995073 0.101573236 0.714263201 0.760563672 0.420890391 0.494362324 7.606818199
0.390288383 0.339820802 -0.855685055 16.599872589 -0.533358812 0.841010094 0.090721384 0.771165073 0.750468731 0.420979679 0.509482920 7.754289150
0.358523339 0.226273283 -0.905682802 18.720409393 -0.395649910 0.915565252 0.072120391 0.780974507 0.845530689 0.332476497 0.417776555 7.486118793
0.374194324 0.224066123 -0.899873912 18.477199554 -0.397099078 0.915620387 0.062861376 0.805582941 0.838028014 0.333816737 0.431596428 7.593482971
0.383312225 0.224657506 -0.895879865 18.667314529 -0.396690220 0.915991366 0.059972469 0.781974852 0.834091485 0.332398593 0.440230131 7.513663292
0.401110679 0.223935515 -0.888235927 18.481300354 -0.398919314 0.915584087 0.050685871 0.788012087 0.824605107 0.334003806 0.456582755 7.612384796
0.035517551 -0.099312939 -0.994422138 24.195161819 0.145116866 0.985016048 -0.093190446 1.038915157 0.988776803 -0.140997529 0.049397342 8.498459816
0.066040792 -0.099681184 -0.992825270 24.014846802 0.145597875 0.985310733 -0.089241803 1.020423651 0.987137198 -0.138659671 0.079584047 8.515327454
0.090576023 -0.075004168 -0.993061125 27.253170013 0.146643862 0.987294734 -0.061193425 1.110652447 0.985033810 -0.140083626 0.100424133 7.307722569
0.124375753 -0.075471796 -0.989360809 27.098340988 0.148536175 0.987283528 -0.056640387 1.099097133 0.981054425 -0.139911145 0.134004503 7.331988335
0.076806389 -0.103209183 -0.991689742 27.470823288 0.240731329 0.967120886 -0.082007594 1.315204620 0.967548072 -0.232432097 0.099126749 7.825138092
0.108300462 -0.104478829 -0.988612711 27.341415405 0.242679521 0.967154205 -0.075626053 1.302854300 0.964042366 -0.231725737 0.130098104 7.846000195
0.184122667 -0.057723112 -0.981206834 34.745666504 0.252296329 0.967602611 -0.009579608 0.849412799 0.949971259 -0.245791048 0.192720845 4.260933399
0.221654907 -0.058802042 -0.973350644 35.578289032 0.255039364 0.966930628 -0.000335747 0.814877570 0.941182256 -0.248168305 0.229321748 3.809691906
0.250515878 -0.064500876 -0.965961456 35.503982544 0.260701537 0.965414286 0.003146885 0.814567983 0.932350039 -0.252615988 0.258667052 3.832770348
0.304413646 -0.056926478 -0.950837374 38.504192352 0.251297325 0.967647910 0.022520734 0.662697136 0.918793738 -0.245798483 0.308870733 2.232284546
0.260554850 -0.108912952 -0.959296227 27.979148865 0.289365023 0.956747651 -0.030029066 1.292236328 0.921074867 -0.269762486 0.280800849 7.254937172
0.249375150 -0.083525583 -0.964798272 28.705450058 0.109993570 0.992269218 -0.057473365 1.143126249 0.962140083 -0.091789261 0.256634533 7.201895714
0.388751507 -0.073717333 -0.918388784 39.188117981 0.261465669 0.964639962 0.033247933 0.621041656 0.883463621 -0.253052264 0.394279838 1.860151291
0.406611949 -0.095052704 -0.908642709 38.479785919 0.273711920 0.961562455 0.021895710 0.662832618 0.871635556 -0.257609427 0.416999817 2.242627144
0.435929090 -0.104692422 -0.893870950 39.178081512 0.264838189 0.964156151 0.016233776 0.621095538 0.860131621 -0.243807912 0.448030382 1.865152359
0.459867001 -0.118785188 -0.880007088 39.173034668 0.263746500 0.964561880 0.007628000 0.621172547 0.847915173 -0.235606611 0.474899352 1.867897987
0.484724462 -0.128135964 -0.865230381 39.074436188 0.264923811 0.964253008 0.005616504 0.615010679 0.833581150 -0.231942564 0.501343310 1.913869858
0.504517972 -0.133005947 -0.853094995 39.163398743 0.267651111 0.963482082 0.008071765 0.621178210 0.820868134 -0.232404172 0.521693230 1.873722076
0.531207502 -0.118686631 -0.838887393 39.857418060 0.246252030 0.969022810 0.018835489 0.591363311 0.810665488 -0.216583267 0.543978989 1.494663239
0.549530923 -0.114864387 -0.827539563 39.796752930 0.248829052 0.968055427 0.030867569 0.592120409 0.797558725 -0.222878635 0.560557902 1.536941528
0.565749884 -0.114734828 -0.816555560 39.844635010 0.253978252 0.966374874 0.040182598 0.591596961 0.784488440 -0.230120733 0.575866640 1.503866196
0.578186214 -0.115360998 -0.807708204 39.838520050 0.255126834 0.965874970 0.044677731 0.591763020 0.774990857 -0.231900141 0.587887228 1.508420944
0.588330209 -0.119662002 -0.799717784 39.832458496 0.257799953 0.965138435 0.045242317 0.591994405 0.766424656 -0.232784629 0.598668993 1.513046265
0.597173274 -0.122007027 -0.792778850 39.826519012 0.257697701 0.965149820 0.045580372 0.592215896 0.759589255 -0.231516689 0.607802689 1.517707825
0.607361257 -0.120555826 -0.785225093 39.820587158 0.251081079 0.966883659 0.045762036 0.592402101 0.753704429 -0.224949226 0.617517054 1.522384644
0.617706180 -0.118883878 -0.777371049 39.814689636 0.249237552 0.967143536 0.050140560 0.592633247 0.745868444 -0.224722132 0.627040863 1.527141571
0.625492394 -0.120471068 -0.770873427 39.808994293 0.250582218 0.966684103 0.052252185 0.592920065 0.738896191 -0.225850567 0.634841561 1.531877518
0.631896794 -0.123431027 -0.765160918 39.803218842 0.252202541 0.966254294 0.052407537 0.593243837 0.732871294 -0.226091668 0.641702592 1.536769867
0.635123134 -0.126202583 -0.762031138 39.797283173 0.253008813 0.966125667 0.050869580 0.593560338 0.729797900 -0.225109041 0.645539224 1.541803360
0.647166729 -0.084693760 -0.757629335 40.718784332 0.191461787 0.980013788 0.053992983 0.568455696 0.737914383 -0.179999560 0.650447965 1.016635895
0.643869221 -0.085179798 -0.760379434 40.713314056 0.193730652 0.979550004 0.054314096 0.568765640 0.740203321 -0.182279959 0.647204041 1.021348953
0.639119387 -0.083772235 -0.764531791 40.688507080 0.192692518 0.979787350 0.053725123 0.570089579 0.744577765 -0.181656316 0.642343402 1.041994095
0.633031845 -0.082094088 -0.769760489 40.681591034 0.190742850 0.980244815 0.052320126 0.570514917 0.750258505 -0.179946616 0.636185050 1.047618866
0.626616478 -0.081571996 -0.775046945 40.656707764 0.190706253 0.980321050 0.051007137 0.571673512 0.755634069 -0.179768130 0.629841685 1.067619324
0.620960236 -0.079688825 -0.779780686 40.640121460 0.188351527 0.980840623 0.049753431 0.572453737 0.760875881 -0.177767813 0.624072433 1.080690384
0.632757843 -0.012470786 -0.774249256 49.540290833 0.156379849 0.981326818 0.111995757 -0.031386375 0.758394897 -0.191943213 0.622892380 -4.202133179
0.631473958 -0.009053236 -0.775344193 49.535560608 0.151602805 0.982075095 0.112004824 -0.030732155 0.760432243 -0.188272521 0.621527433 -4.198431015
0.631785631 -0.006039195 -0.775119722 49.288333893 0.149937078 0.982036173 0.114559546 -0.001984119 0.760503650 -0.188596189 0.621341884 -4.008871078
0.632413745 -0.005316965 -0.774612546 49.284294128 0.149689347 0.981967330 0.115469992 -0.001454353 0.760030150 -0.188976049 0.621805549 -4.005601883
0.634509146 -0.004318177 -0.772903264 49.048339844 0.148907691 0.981933773 0.116758637 0.026694775 0.758435667 -0.189175621 0.623688996 -3.825143814
0.634647250 -0.003228001 -0.772795260 49.044380188 0.147848204 0.982027411 0.117316306 0.027231693 0.758527398 -0.188710824 0.623718202 -3.821979523
0.728641689 0.030011503 -0.684237182 50.189113617 0.063993677 0.991685748 0.111643195 -0.184420586 0.681898773 -0.125134721 0.720663071 -5.496175766
0.728617430 0.030363906 -0.684247613 50.185729980 0.063246511 0.991765738 0.111357965 -0.183887959 0.681994557 -0.124413624 0.720697343 -5.492555618
0.685277164 -0.020972487 -0.727980316 55.477375031 0.154847860 0.980925441 0.117504917 -0.169919014 0.711630046 -0.193249688 0.675453365 -8.204002380
0.684969664 -0.020143403 -0.728293061 55.471878052 0.153454840 0.981182158 0.117188498 -0.168894291 0.712227583 -0.192030668 0.675171256 -8.198579788
0.663203180 0.016635133 -0.748254538 59.004516602 0.120425045 0.984354854 0.128620878 -0.472765446 0.738687634 -0.175410315 0.650823951 -9.444810867
0.661809802 0.017126657 -0.749476254 58.998733521 0.120544098 0.984299004 0.128936768 -0.471728802 0.739916921 -0.175676510 0.649354160 -9.439699173
0.686552644 -0.017097302 -0.726879060 59.711997986 0.167180717 0.976649284 0.134933442 -0.654297352 0.707598805 -0.214159101 0.673379362 -10.137939453
0.684577286 -0.016133144 -0.728761733 59.705780029 0.168163151 0.976283014 0.136354774 -0.653252125 0.709277868 -0.215896264 0.671054184 -10.132190704
0.701349914 -0.102360137 -0.705429435 59.009811401 0.247819856 0.962916434 0.106664307 -0.152545929 0.668351471 -0.249628410 0.700708151 -9.436439514
0.699797213 -0.102637254 -0.706929684 59.002281189 0.248485968 0.962796926 0.106192961 -0.151668072 0.669730306 -0.249975637 0.699266434 -9.429056168
0.724987030 -0.015205731 -0.688594639 66.388053894 0.157637671 0.976882756 0.144397020 -1.258633137 0.670480549 -0.213234395 0.710624337 -14.427459717
0.725407064 -0.016191186 -0.688129604 66.382537842 0.156532437 0.977409601 0.142014444 -1.257603645 0.670285106 -0.210732877 0.711554289 -14.421720505
0.727759957 -0.017245054 -0.685615063 66.376571655 0.154899612 0.977985501 0.139822423 -1.256422997 0.668110371 -0.207958654 0.714410067 -14.415264130
0.732478976 -0.013419060 -0.680657446 65.634536743 0.150174767 0.978362024 0.142320067 -1.150503159 0.664019644 -0.206464022 0.718644977 -13.622688293
0.736992896 -0.013217487 -0.675771236 65.628707886 0.150368616 0.977959037 0.144863278 -1.149339676 0.658961892 -0.208378032 0.722736359 -13.616569519
0.717140079 -0.003654633 -0.696919501 96.150283813 0.164892107 0.972483993 0.164576635 -5.479978561 0.677141607 -0.232941017 0.698009849 -39.550014496
0.721600831 -0.001121830 -0.692308486 96.145477295 0.161245570 0.972769499 0.166491732 -5.478971481 0.673269749 -0.231772229 0.702132106 -39.545146942
0.725133717 -0.004202160 -0.688595295 94.403213501 0.161616296 0.973088324 0.164253756 -5.091424942 0.669373810 -0.230394170 0.706298232 -37.749076843
0.728778422 -0.006880326 -0.684715033 94.387077332 0.162339032 0.973177791 0.163007110 -5.087524414 0.665227771 -0.229952052 0.710347831 -37.732093811
0.732970774 -0.006210487 -0.680231750 92.686981201 0.158486053 0.974000275 0.161881074 -4.709779739 0.661540627 -0.226461366 0.714898109 -35.966995239
0.735834539 -0.005640070 -0.677137852 91.847351074 0.156480148 0.974316657 0.161928982 -4.532435417 0.658833444 -0.225111559 0.717818379 -35.078632355
0.738438845 -0.005760618 -0.674295902 91.015159607 0.157027990 0.973941684 0.163644865 -4.349575996 0.655782223 -0.226725027 0.720100999 -34.182502747
0.739344895 -0.001040126 -0.673326135 90.662559509 0.157931134 0.972369909 0.171913996 -4.266670227 0.654543161 -0.233442917 0.719081044 -33.791557312
0.735993505 0.004505896 -0.676973641 91.199172974 0.158541754 0.971022844 0.178826794 -4.071925163 0.658162653 -0.238943920 0.713952184 -33.647041321
0.737157345 0.004663083 -0.675705075 90.823394775 0.159862787 0.970385194 0.181098208 -3.983579636 0.656538665 -0.241517961 0.714581072 -33.248191833
0.738528609 0.001614621 -0.674220204 89.511810303 0.158864290 0.971424162 0.176343426 -3.680477142 0.655238569 -0.237344131 0.717168152 -31.879331589
0.739264309 -0.003978577 -0.673403561 89.159744263 0.160414040 0.972237110 0.170358837 -3.598733902 0.654030144 -0.233963579 0.719378591 -31.495594025
0.740102410 -0.009513112 -0.672426820 87.848075867 0.166457504 0.971376598 0.169467986 -3.294904709 0.651567459 -0.237354204 0.720501721 -30.093843460
0.739625216 -0.011656689 -0.672918081 87.487182617 0.169818386 0.970730186 0.169837043 -3.209356308 0.651242197 -0.239889607 0.719955921 -29.693792343
0.740061939 -0.008261631 -0.672487974 86.162849426 0.168047503 0.970477819 0.173011020 -2.905514717 0.651205301 -0.241048843 0.719602048 -28.286592484
0.739567339 -0.004060591 -0.673070312 85.327751160 0.166903451 0.969856739 0.177541837 -2.703242302 0.652060866 -0.243641898 0.717952073 -27.406291962
0.738682091 0.002790310 -0.674048185 84.975158691 0.163351342 0.969441593 0.183028132 -2.616800308 0.653961003 -0.245306283 0.715653360 -27.028430939
0.738460302 0.009658471 -0.674227774 83.634941101 0.155779272 0.970404387 0.184521317 -2.307594299 0.656055808 -0.241292402 0.715100527 -25.640533447
0.737313390 0.015817160 -0.675365686 82.786529541 0.149038628 0.971284330 0.185456768 -2.101102829 0.658905506 -0.237395331 0.713783562 -24.773227692
0.724500060 -0.039896831 -0.688119054 82.092460632 0.225513414 0.957099795 0.181944177 -1.781183243 0.651339650 -0.286998659 0.702416182 -23.857803345
0.733739018 0.010737555 -0.679346561 81.133987427 0.156636387 0.970267951 0.184513330 -1.698222160 0.661129415 -0.241795003 0.710241497 -23.045272827
0.719716966 -0.046909805 -0.692680955 80.345794678 0.234890729 0.955330074 0.179361895 -1.501770973 0.653325081 -0.291794121 0.698586047 -22.229324341
0.712901115 -0.050352469 -0.699454427 79.512748718 0.241721302 0.953936517 0.177696139 -1.303848267 0.658287644 -0.295752853 0.692233682 -21.379371643
0.705792308 -0.055240747 -0.706261814 78.674148560 0.250628859 0.951949298 0.176004887 -1.115273476 0.662602782 -0.301232487 0.685723364 -20.542070389
0.699442983 -0.053867176 -0.712655485 78.018646240 0.249928370 0.952631533 0.173288599 -0.975960732 0.669563532 -0.299318314 0.679774344 -19.945127487
0.689501166 -0.051170222 -0.722474754 76.915657043 0.250217944 0.952913880 0.171306640 -0.743242264 0.679690480 -0.298892230 0.669838965 -18.920423508
0.679886997 -0.047659367 -0.731766522 76.031845093 0.251475364 0.952528417 0.171609342 -0.556715012 0.688849509 -0.300696224 0.659596860 -18.108570099
0.670647860 -0.047244240 -0.740269721 75.152305603 0.254340798 0.952117443 0.169655785 -0.391420364 0.696808636 -0.302060097 0.650551796 -17.352043152
0.661165476 -0.045894686 -0.748834908 74.239395142 0.255340666 0.952304959 0.167081833 -0.200934410 0.705451190 -0.301676720 0.641350091 -16.562520981
0.651464522 -0.047060657 -0.757218003 73.344390869 0.258570969 0.952091753 0.163286820 -0.032397270 0.713256598 -0.302170247 0.632422388 -15.828516006
0.640537679 -0.050619241 -0.766256571 72.430130005 0.261097431 0.952734709 0.155321375 0.134110451 0.722176969 -0.299556822 0.623479009 -15.063226700
0.630631089 -0.059206888 -0.773820996 71.524612427 0.265702844 0.953300476 0.143597186 0.291701317 0.729182005 -0.296163321 0.616912365 -14.345396042
0.619746685 -0.062992476 -0.782269776 70.586853027 0.267482400 0.954046667 0.135085836 0.446829796 0.737812400 -0.292962432 0.608116686 -13.615221024
0.609553337 -0.059947506 -0.790475190 69.662437439 0.269098848 0.953576922 0.135191500 0.574999809 0.745674551 -0.295122355 0.597387850 -12.915399551
0.599233627 -0.056906618 -0.798549056 68.704292297 0.270174265 0.953327894 0.134803072 0.709577560 0.753607810 -0.296525955 0.586640894 -12.204326630
0.591258764 -0.054438997 -0.804642439 67.658119202 0.264407098 0.955659091 0.129632577 0.868604660 0.761906803 -0.289399564 0.579435885 -11.449562073
0.586274743 -0.057382472 -0.808077455 66.709671021 0.261669725 0.957433939 0.121857613 0.968790054 0.766688287 -0.282891423 0.576334596 -10.822154999
0.581559956 -0.058583189 -0.811391413 65.857551575 0.253970742 0.960626602 0.112673938 1.082144260 0.772843361 -0.271596402 0.573540390 -10.215524673
0.578907371 -0.060241520 -0.813164949 64.894790649 0.252126604 0.961620152 0.108254209 1.196347237 0.775434375 -0.267689705 0.571877480 -9.561262131
0.575491667 -0.057825938 -0.815760672 63.966033936 0.248465613 0.962708116 0.107041687 1.303913116 0.779149652 -0.264290094 0.568398297 -8.892774582
0.571122408 -0.057032224 -0.818881273 62.996517181 0.247705325 0.963053703 0.105686851 1.403173923 0.782599032 -0.263201386 0.564148784 -8.233821869
0.581538320 -0.019601429 -0.813282728 97.838447571 0.192510054 0.974631429 0.114164174 -3.118943214 0.790413260 -0.222955942 0.570558906 -31.285879135
0.562608719 -0.049402937 -0.825245917 61.245651245 0.247555643 0.962476730 0.111152060 1.540761948 0.788788736 -0.266829401 0.553727746 -7.079828262
0.558375537 -0.043502308 -0.828446925 60.348159790 0.241944790 0.963750243 0.112464264 1.635610580 0.793523490 -0.263235748 0.548659682 -6.526260376
0.552569032 -0.041583505 -0.832429171 59.536060333 0.239758790 0.964469254 0.110973142 1.669818878 0.798237562 -0.260902554 0.542905748 -5.920278549
0.547874272 -0.039784644 -0.835614026 58.589744568 0.233935505 0.966304839 0.107373893 1.758139133 0.803186059 -0.254307181 0.538720548 -5.353979111
0.541451812 -0.044721913 -0.839541495 57.670482635 0.238515958 0.965726495 0.102384143 1.847778797 0.806188643 -0.255680114 0.533561230 -4.782093048
0.534546554 -0.048309397 -0.843757093 56.652465820 0.240738213 0.965708435 0.097223438 1.963054180 0.810126603 -0.255095035 0.527845979 -4.104398727
0.528555691 -0.046303336 -0.847634792 55.712627411 0.241035044 0.965601146 0.097553685 2.055529594 0.813960016 -0.255872250 0.521534741 -3.518516541
0.522586465 -0.042550944 -0.851523817 54.697566986 0.241668910 0.965183616 0.100083485 2.162649155 0.817618191 -0.258089125 0.514675140 -2.915485382
0.515846074 -0.039968684 -0.855748355 53.717971802 0.241692871 0.965122283 0.100615621 2.253736019 0.821880400 -0.258730501 0.507514715 -2.331405640
0.509903491 -0.042684227 -0.859171987 52.741107941 0.242018372 0.965544105 0.095664829 2.346203327 0.825484931 -0.256715268 0.502664745 -1.747890472
0.505385816 -0.045619544 -0.861686707 51.915592194 0.238746762 0.967010438 0.088831171 2.524331570 0.829207540 -0.250618964 0.499604762 -1.349843979
0.499402940 -0.045221850 -0.865188777 50.951713562 0.236929104 0.967696965 0.086180098 2.596572399 0.833343387 -0.248027027 0.493985087 -0.804796219
0.492293805 -0.046170145 -0.869203746 49.963497162 0.240597084 0.966904163 0.084908053 2.676637888 0.836516380 -0.250927627 0.487109393 -0.251323700
0.484034657 -0.046369959 -0.873819351 49.034568787 0.245716289 0.965619445 0.084868155 2.729294300 0.839841664 -0.255790770 0.478787065 0.344783783
0.477223992 -0.046229552 -0.877564847 48.083274841 0.246327817 0.965618670 0.083086088 2.783833027 0.843551874 -0.255819261 0.472204000 0.883056641
0.471881479 -0.047182776 -0.880398571 47.020294189 0.247269005 0.965573311 0.080785260 2.871418476 0.846277714 -0.255816311 0.467302948 1.408975601
0.465237617 -0.044584159 -0.884062350 46.043663025 0.242650300 0.966897249 0.078933068 2.935095787 0.851278424 -0.251240641 0.460655332 1.940877914
0.459144056 -0.043398052 -0.887301087 45.067428589 0.241294175 0.967348695 0.077547237 3.021074295 0.854964256 -0.249705955 0.454624057 2.460830688
0.456663311 -0.044911150 -0.888505280 44.062942505 0.244754598 0.966527402 0.076941118 3.099643707 0.855309188 -0.252601951 0.452369839 2.878505707
0.451992631 -0.044882104 -0.890891850 43.050426483 0.246640801 0.966085851 0.076462559 3.147907257 0.857246161 -0.254290760 0.447733492 3.405899048
0.447692335 -0.046086412 -0.892999232 42.073055267 0.245666519 0.966580689 0.073277526 3.235073090 0.859778762 -0.252185762 0.444052696 3.888935089
0.441189677 -0.047704529 -0.896145046 41.046829224 0.254664332 0.964190185 0.074049458 3.303851128 0.860521734 -0.260886043 0.437539428 4.440173149
0.436227709 -0.048097033 -0.898550034 40.039958954 0.262252182 0.962015927 0.075823896 3.365511179 0.860772431 -0.268723130 0.432271570 4.939515114
0.431868494 -0.048336662 -0.900640368 39.017932892 0.264479071 0.961453378 0.075220630 3.441557884 0.862287819 -0.270685941 0.428005487 5.429631233
0.373528600 -0.046810400 -0.926436782 41.658294678 0.288017213 0.955217779 0.067860588 3.537083387 0.881772280 -0.292177588 0.370283335 6.432147980
0.369837314 -0.048266239 -0.927841902 40.633308411 0.286633134 0.955864906 0.064527802 3.595299959 0.883776963 -0.289815009 0.367349178 6.847179413
0.368599534 -0.048139986 -0.928340912 39.599460602 0.284994841 0.956419289 0.063561708 3.655925274 0.884823263 -0.288001180 0.366255343 7.242056847
0.367693901 -0.046431754 -0.928786993 38.330169678 0.284908652 0.956349552 0.064981744 3.712736130 0.885227799 -0.288512796 0.364872724 7.728719711
0.366969049 -0.042907570 -0.929243028 37.306419373 0.285635710 0.955875278 0.068663590 3.789841175 0.885294259 -0.290622413 0.363032579 8.129603386
0.365540475 -0.037291437 -0.930048108 36.118221283 0.284745336 0.955774188 0.073591627 3.839852333 0.886171699 -0.291727543 0.359992713 8.598000526
0.364400893 -0.035423405 -0.930568218 35.094528198 0.285770029 0.955316365 0.075539082 3.896058559 0.886311173 -0.293455005 0.358240992 9.002870560
0.363330394 -0.039839555 -0.930808067 33.933094025 0.285159469 0.955891490 0.070395559 3.964984655 0.886947095 -0.291005552 0.358664989 9.452005386
0.363538235 -0.043954261 -0.930541813 32.911621094 0.285659611 0.956025124 0.066441730 4.026975632 0.886700928 -0.289972275 0.360107660 9.844072342
0.363816589 -0.041920811 -0.930526793 31.755607605 0.281462759 0.957235694 0.066922002 4.089485645 0.887928009 -0.286255985 0.360057384 10.279120445
0.363103479 -0.040081155 -0.930886269 30.681421280 0.280557841 0.957410216 0.068211749 4.126369476 0.888506114 -0.285935372 0.358884037 10.692635536
0.362138897 -0.042453576 -0.931156814 29.671779633 0.285460144 0.956015348 0.067432180 4.185089588 0.887337565 -0.290228009 0.358329087 11.085828781
0.361305028 -0.043696720 -0.931423247 28.539230347 0.283255011 0.956840277 0.064987279 4.243323803 0.888383508 -0.287310511 0.358088464 11.523864746
0.362359524 -0.043170914 -0.931038022 27.459466934 0.275421083 0.959275901 0.062713467 4.290357113 0.890414953 -0.279152334 0.359492958 11.911190033
0.362140626 -0.043323439 -0.931116104 26.393083572 0.269400954 0.961153567 0.060057543 4.336465359 0.892343700 -0.272592843 0.359744132 12.304382324
0.361583143 -0.046733871 -0.931167841 25.345302582 0.271605670 0.960704267 0.057251345 4.381430626 0.891901314 -0.273611605 0.360067725 12.712290764
0.359188139 -0.050719794 -0.931885898 24.352115631 0.279291302 0.958602488 0.055476751 4.431918144 0.890494406 -0.280194223 0.358484238 13.136535645
0.231343985 -0.053448722 -0.971402705 134.623092651 0.263011932 0.964745283 0.009555089 -4.063364506 0.936645389 -0.257701039 0.237245679 -39.844310760
0.229749411 -0.054336753 -0.971731842 133.603500366 0.260226130 0.965518296 0.007536729 -4.070850372 0.937815309 -0.254601598 0.235967100 -39.606956482
0.229749411 -0.054336753 -0.971731842 133.603500366 0.260226130 0.965518296 0.007536729 -4.070850372 0.937815309 -0.254601598 0.235967100 -39.606956482
0.229749411 -0.054336753 -0.971731842 133.603500366 0.260226130 0.965518296 0.007536729 -4.070850372 0.937815309 -0.254601598 0.235967100 -39.606956482
0.229749411 -0.054336753 -0.971731842 133.603500366 0.260226130 0.965518296 0.007536729 -4.070850372 0.937815309 -0.254601598 0.235967100 -39.606956482
0.229749411 -0.054336753 -0.971731842 133.603500366 0.260226130 0.965518296 0.007536729 -4.070850372 0.937815309 -0.254601598 0.235967100 -39.606956482
0.229749411 -0.054336753 -0.971731842 133.603500366 0.260226130 0.965518296 0.007536729 -4.070850372 0.937815309 -0.254601598 0.235967100 -39.606956482
0.229749411 -0.054336753 -0.971731842 133.603500366 0.260226130 0.965518296 0.007536729 -4.070850372 0.937815309 -0.254601598 0.235967100 -39.606956482
0.229749411 -0.054336753 -0.971731842 133.603500366 0.260226130 0.965518296 0.007536729 -4.070850372 0.937815309 -0.254601598 0.235967100 -39.606956482
0.229749411 -0.054336753 -0.971731842 133.603500366 0.260226130 0.965518296 0.007536729 -4.070850372 0.937815309 -0.254601598 0.235967100 -39.606956482
0.229749411 -0.054336753 -0.971731842 133.603500366 0.260226130 0.965518296 0.007536729 -4.070850372 0.937815309 -0.254601598 0.235967100 -39.606956482
0.229749411 -0.054336753 -0.971731842 133.603500366 0.260226130 0.965518296 0.007536729 -4.070850372 0.937815309 -0.254601598 0.235967100 -39.606956482
0.229749411 -0.054336753 -0.971731842 133.603500366 0.260226130 0.965518296 0.007536729 -4.070850372 0.937815309 -0.254601598 0.235967100 -39.606956482
0.229749411 -0.054336753 -0.971731842 133.603500366 0.260226130 0.965518296 0.007536729 -4.070850372 0.937815309 -0.254601598 0.235967100 -39.606956482
0.229749411 -0.054336753 -0.971731842 133.603500366 0.260226130 0.965518296 0.007536729 -4.070850372 0.937815309 -0.254601598 0.235967100 -39.606956482
0.229749411 -0.054336753 -0.971731842 133.603500366 0.260226130 0.965518296 0.007536729 -4.070850372 0.937815309 -0.254601598 0.235967100 -39.606956482
0.229749411 -0.054336753 -0.971731842 133.603500366 0.260226130 0.965518296 0.007536729 -4.070850372 0.937815309 -0.254601598 0.235967100 -39.606956482
0.229749411 -0.054336753 -0.971731842 133.603500366 0.260226130 0.965518296 0.007536729 -4.070850372 0.937815309 -0.254601598 0.235967100 -39.606956482
0.229749411 -0.054336753 -0.971731842 133.603500366 0.260226130 0.965518296 0.007536729 -4.070850372 0.937815309 -0.254601598 0.235967100 -39.606956482
0.229749411 -0.054336753 -0.971731842 133.603500366 0.260226130 0.965518296 0.007536729 -4.070850372 0.937815309 -0.254601598 0.235967100 -39.606956482
0.229749411 -0.054336753 -0.971731842 133.603500366 0.260226130 0.965518296 0.007536729 -4.070850372 0.937815309 -0.254601598 0.235967100 -39.606956482
0.229749411 -0.054336753 -0.971731842 133.603500366 0.260226130 0.965518296 0.007536729 -4.070850372 0.937815309 -0.254601598 0.235967100 -39.606956482
0.229749411 -0.054336753 -0.971731842 133.603500366 0.260226130 0.965518296 0.007536729 -4.070850372 0.937815309 -0.254601598 0.235967100 -39.606956482
0.229749411 -0.054336753 -0.971731842 133.603500366 0.260226130 0.965518296 0.007536729 -4.070850372 0.937815309 -0.254601598 0.235967100 -39.606956482
0.229749411 -0.054336753 -0.971731842 133.603500366 0.260226130 0.965518296 0.007536729 -4.070850372 0.937815309 -0.254601598 0.235967100 -39.606956482
0.229749411 -0.054336753 -0.971731842 133.603500366 0.260226130 0.965518296 0.007536729 -4.070850372 0.937815309 -0.254601598 0.235967100 -39.606956482
0.229749411 -0.054336753 -0.971731842 133.603500366 0.260226130 0.965518296 0.007536729 -4.070850372 0.937815309 -0.254601598 0.235967100 -39.606956482
0.229749411 -0.054336753 -0.971731842 133.603500366 0.260226130 0.965518296 0.007536729 -4.070850372 0.937815309 -0.254601598 0.235967100 -39.606956482
0.229749411 -0.054336753 -0.971731842 133.603500366 0.260226130 0.965518296 0.007536729 -4.070850372 0.937815309 -0.254601598 0.235967100 -39.606956482
0.229749411 -0.054336753 -0.971731842 133.603500366 0.260226130 0.965518296 0.007536729 -4.070850372 0.937815309 -0.254601598 0.235967100 -39.606956482
0.229749411 -0.054336753 -0.971731842 133.603500366 0.260226130 0.965518296 0.007536729 -4.070850372 0.937815309 -0.254601598 0.235967100 -39.606956482
0.229749411 -0.054336753 -0.971731842 133.603500366 0.260226130 0.965518296 0.007536729 -4.070850372 0.937815309 -0.254601598 0.235967100 -39.606956482
0.229749411 -0.054336753 -0.971731842 133.603500366 0.260226130 0.965518296 0.007536729 -4.070850372 0.937815309 -0.254601598 0.235967100 -39.606956482
0.229749411 -0.054336753 -0.971731842 133.603500366 0.260226130 0.965518296 0.007536729 -4.070850372 0.937815309 -0.254601598 0.235967100 -39.606956482
0.229749411 -0.054336753 -0.971731842 133.603500366 0.260226130 0.965518296 0.007536729 -4.070850372 0.937815309 -0.254601598 0.235967100 -39.606956482
0.229749411 -0.054336753 -0.971731842 133.603500366 0.260226130 0.965518296 0.007536729 -4.070850372 0.937815309 -0.254601598 0.235967100 -39.606956482
0.229749411 -0.054336753 -0.971731842 133.603500366 0.260226130 0.965518296 0.007536729 -4.070850372 0.937815309 -0.254601598 0.235967100 -39.606956482
0.229749411 -0.054336753 -0.971731842 133.603500366 0.260226130 0.965518296 0.007536729 -4.070850372 0.937815309 -0.254601598 0.235967100 -39.606956482
0.229749411 -0.054336753 -0.971731842 133.603500366 0.260226130 0.965518296 0.007536729 -4.070850372 0.937815309 -0.254601598 0.235967100 -39.606956482
0.229749411 -0.054336753 -0.971731842 133.603500366 0.260226130 0.965518296 0.007536729 -4.070850372 0.937815309 -0.254601598 0.235967100 -39.606956482
0.229749411 -0.054336753 -0.971731842 133.603500366 0.260226130 0.965518296 0.007536729 -4.070850372 0.937815309 -0.254601598 0.235967100 -39.606956482
0.229749411 -0.054336753 -0.971731842 133.603500366 0.260226130 0.965518296 0.007536729 -4.070850372 0.937815309 -0.254601598 0.235967100 -39.606956482
0.229749411 -0.054336753 -0.971731842 133.603500366 0.260226130 0.965518296 0.007536729 -4.070850372 0.937815309 -0.254601598 0.235967100 -39.606956482
0.229749411 -0.054336753 -0.971731842 133.603500366 0.260226130 0.965518296 0.007536729 -4.070850372 0.937815309 -0.254601598 0.235967100 -39.606956482
0.229749411 -0.054336753 -0.971731842 133.603500366 0.260226130 0.965518296 0.007536729 -4.070850372 0.937815309 -0.254601598 0.235967100 -39.606956482
0.229749411 -0.054336753 -0.971731842 133.603500366 0.260226130 0.965518296 0.007536729 -4.070850372 0.937815309 -0.254601598 0.235967100 -39.606956482
0.229749411 -0.054336753 -0.971731842 133.603500366 0.260226130 0.965518296 0.007536729 -4.070850372 0.937815309 -0.254601598 0.235967100 -39.606956482
0.229749411 -0.054336753 -0.971731842 133.603500366 0.260226130 0.965518296 0.007536729 -4.070850372 0.937815309 -0.254601598 0.235967100 -39.606956482
0.229749411 -0.054336753 -0.971731842 133.603500366 0.260226130 0.965518296 0.007536729 -4.070850372 0.937815309 -0.254601598 0.235967100 -39.606956482
0.229749411 -0.054336753 -0.971731842 133.603500366 0.260226130 0.965518296 0.007536729 -4.070850372 0.937815309 -0.254601598 0.235967100 -39.606956482
0.229749411 -0.054336753 -0.971731842 133.603500366 0.260226130 0.965518296 0.007536729 -4.070850372 0.937815309 -0.254601598 0.235967100 -39.606956482
0.229749411 -0.054336753 -0.971731842 133.603500366 0.260226130 0.965518296 0.007536729 -4.070850372 0.937815309 -0.254601598 0.235967100 -39.606956482
0.229749411 -0.054336753 -0.971731842 133.603500366 0.260226130 0.965518296 0.007536729 -4.070850372 0.937815309 -0.254601598 0.235967100 -39.606956482
0.229749411 -0.054336753 -0.971731842 133.603500366 0.260226130 0.965518296 0.007536729 -4.070850372 0.937815309 -0.254601598 0.235967100 -39.606956482
0.229749411 -0.054336753 -0.971731842 133.603500366 0.260226130 0.965518296 0.007536729 -4.070850372 0.937815309 -0.254601598 0.235967100 -39.606956482
0.229749411 -0.054336753 -0.971731842 133.603500366 0.260226130 0.965518296 0.007536729 -4.070850372 0.937815309 -0.254601598 0.235967100 -39.606956482
0.229749411 -0.054336753 -0.971731842 133.603500366 0.260226130 0.965518296 0.007536729 -4.070850372 0.937815309 -0.254601598 0.235967100 -39.606956482
0.229749411 -0.054336753 -0.971731842 133.603500366 0.260226130 0.965518296 0.007536729 -4.070850372 0.937815309 -0.254601598 0.235967100 -39.606956482
0.229749411 -0.054336753 -0.971731842 133.603500366 0.260226130 0.965518296 0.007536729 -4.070850372 0.937815309 -0.254601598 0.235967100 -39.606956482
0.229749411 -0.054336753 -0.971731842 133.603500366 0.260226130 0.965518296 0.007536729 -4.070850372 0.937815309 -0.254601598 0.235967100 -39.606956482
0.229749411 -0.054336753 -0.971731842 133.603500366 0.260226130 0.965518296 0.007536729 -4.070850372 0.937815309 -0.254601598 0.235967100 -39.606956482
0.229749411 -0.054336753 -0.971731842 133.603500366 0.260226130 0.965518296 0.007536729 -4.070850372 0.937815309 -0.254601598 0.235967100 -39.606956482
0.229749411 -0.054336753 -0.971731842 133.603500366 0.260226130 0.965518296 0.007536729 -4.070850372 0.937815309 -0.254601598 0.235967100 -39.606956482
0.229749411 -0.054336753 -0.971731842 133.603500366 0.260226130 0.965518296 0.007536729 -4.070850372 0.937815309 -0.254601598 0.235967100 -39.606956482
0.229749411 -0.054336753 -0.971731842 133.603500366 0.260226130 0.965518296 0.007536729 -4.070850372 0.937815309 -0.254601598 0.235967100 -39.606956482
0.229749411 -0.054336753 -0.971731842 133.603500366 0.260226130 0.965518296 0.007536729 -4.070850372 0.937815309 -0.254601598 0.235967100 -39.606956482
0.229749411 -0.054336753 -0.971731842 133.603500366 0.260226130 0.965518296 0.007536729 -4.070850372 0.937815309 -0.254601598 0.235967100 -39.606956482
0.229749411 -0.054336753 -0.971731842 133.603500366 0.260226130 0.965518296 0.007536729 -4.070850372 0.937815309 -0.254601598 0.235967100 -39.606956482
0.229749411 -0.054336753 -0.971731842 133.603500366 0.260226130 0.965518296 0.007536729 -4.070850372 0.937815309 -0.254601598 0.235967100 -39.606956482
0.229749411 -0.054336753 -0.971731842 133.603500366 0.260226130 0.965518296 0.007536729 -4.070850372 0.937815309 -0.254601598 0.235967100 -39.606956482
0.229749411 -0.054336753 -0.971731842 133.603500366 0.260226130 0.965518296 0.007536729 -4.070850372 0.937815309 -0.254601598 0.235967100 -39.606956482
0.229749411 -0.054336753 -0.971731842 133.603500366 0.260226130 0.965518296 0.007536729 -4.070850372 0.937815309 -0.254601598 0.235967100 -39.606956482
0.229749411 -0.054336753 -0.971731842 133.603500366 0.260226130 0.965518296 0.007536729 -4.070850372 0.937815309 -0.254601598 0.235967100 -39.606956482
0.229749411 -0.054336753 -0.971731842 133.603500366 0.260226130 0.965518296 0.007536729 -4.070850372 0.937815309 -0.254601598 0.235967100 -39.606956482
0.229749411 -0.054336753 -0.971731842 133.603500366 0.260226130 0.965518296 0.007536729 -4.070850372 0.937815309 -0.254601598 0.235967100 -39.606956482
0.229749411 -0.054336753 -0.971731842 133.603500366 0.260226130 0.965518296 0.007536729 -4.070850372 0.937815309 -0.254601598 0.235967100 -39.606956482
0.229749411 -0.054336753 -0.971731842 133.603500366 0.260226130 0.965518296 0.007536729 -4.070850372 0.937815309 -0.254601598 0.235967100 -39.606956482
0.229749411 -0.054336753 -0.971731842 133.603500366 0.260226130 0.965518296 0.007536729 -4.070850372 0.937815309 -0.254601598 0.235967100 -39.606956482
0.229749411 -0.054336753 -0.971731842 133.603500366 0.260226130 0.965518296 0.007536729 -4.070850372 0.937815309 -0.254601598 0.235967100 -39.606956482
0.229749411 -0.054336753 -0.971731842 133.603500366 0.260226130 0.965518296 0.007536729 -4.070850372 0.937815309 -0.254601598 0.235967100 -39.606956482
0.229749411 -0.054336753 -0.971731842 133.603500366 0.260226130 0.965518296 0.007536729 -4.070850372 0.937815309 -0.254601598 0.235967100 -39.606956482
0.229749411 -0.054336753 -0.971731842 133.603500366 0.260226130 0.965518296 0.007536729 -4.070850372 0.937815309 -0.254601598 0.235967100 -39.606956482
0.229749411 -0.054336753 -0.971731842 133.603500366 0.260226130 0.965518296 0.007536729 -4.070850372 0.937815309 -0.254601598 0.235967100 -39.606956482
0.229749411 -0.054336753 -0.971731842 133.603500366 0.260226130 0.965518296 0.007536729 -4.070850372 0.937815309 -0.254601598 0.235967100 -39.606956482
0.229749411 -0.054336753 -0.971731842 133.603500366 0.260226130 0.965518296 0.007536729 -4.070850372 0.937815309 -0.254601598 0.235967100 -39.606956482
0.229749411 -0.054336753 -0.971731842 133.603500366 0.260226130 0.965518296 0.007536729 -4.070850372 0.937815309 -0.254601598 0.235967100 -39.606956482
0.229749411 -0.054336753 -0.971731842 133.603500366 0.260226130 0.965518296 0.007536729 -4.070850372 0.937815309 -0.254601598 0.235967100 -39.606956482
0.229749411 -0.054336753 -0.971731842 133.603500366 0.260226130 0.965518296 0.007536729 -4.070850372 0.937815309 -0.254601598 0.235967100 -39.606956482
0.229749411 -0.054336753 -0.971731842 133.603500366 0.260226130 0.965518296 0.007536729 -4.070850372 0.937815309 -0.254601598 0.235967100 -39.606956482
0.229749411 -0.054336753 -0.971731842 133.603500366 0.260226130 0.965518296 0.007536729 -4.070850372 0.937815309 -0.254601598 0.235967100 -39.606956482
0.229749411 -0.054336753 -0.971731842 133.603500366 0.260226130 0.965518296 0.007536729 -4.070850372 0.937815309 -0.254601598 0.235967100 -39.606956482
0.229749411 -0.054336753 -0.971731842 133.603500366 0.260226130 0.965518296 0.007536729 -4.070850372 0.937815309 -0.254601598 0.235967100 -39.606956482
0.229749411 -0.054336753 -0.971731842 133.603500366 0.260226130 0.965518296 0.007536729 -4.070850372 0.937815309 -0.254601598 0.235967100 -39.606956482
0.229749411 -0.054336753 -0.971731842 133.603500366 0.260226130 0.965518296 0.007536729 -4.070850372 0.937815309 -0.254601598 0.235967100 -39.606956482
0.229749411 -0.054336753 -0.971731842 133.603500366 0.260226130 0.965518296 0.007536729 -4.070850372 0.937815309 -0.254601598 0.235967100 -39.606956482
0.229749411 -0.054336753 -0.971731842 133.603500366 0.260226130 0.965518296 0.007536729 -4.070850372 0.937815309 -0.254601598 0.235967100 -39.606956482
0.229749411 -0.054336753 -0.971731842 133.603500366 0.260226130 0.965518296 0.007536729 -4.070850372 0.937815309 -0.254601598 0.235967100 -39.606956482
0.229749411 -0.054336753 -0.971731842 133.603500366 0.260226130 0.965518296 0.007536729 -4.070850372 0.937815309 -0.254601598 0.235967100 -39.606956482
0.229749411 -0.054336753 -0.971731842 133.603500366 0.260226130 0.965518296 0.007536729 -4.070850372 0.937815309 -0.254601598 0.235967100 -39.606956482
0.229749411 -0.054336753 -0.971731842 133.603500366 0.260226130 0.965518296 0.007536729 -4.070850372 0.937815309 -0.254601598 0.235967100 -39.606956482
0.229749411 -0.054336753 -0.971731842 133.603500366 0.260226130 0.965518296 0.007536729 -4.070850372 0.937815309 -0.254601598 0.235967100 -39.606956482
0.229749411 -0.054336753 -0.971731842 133.603500366 0.260226130 0.965518296 0.007536729 -4.070850372 0.937815309 -0.254601598 0.235967100 -39.606956482
0.229749411 -0.054336753 -0.971731842 133.603500366 0.260226130 0.965518296 0.007536729 -4.070850372 0.937815309 -0.254601598 0.235967100 -39.606956482
0.229749411 -0.054336753 -0.971731842 133.603500366 0.260226130 0.965518296 0.007536729 -4.070850372 0.937815309 -0.254601598 0.235967100 -39.606956482
0.229749411 -0.054336753 -0.971731842 133.603500366 0.260226130 0.965518296 0.007536729 -4.070850372 0.937815309 -0.254601598 0.235967100 -39.606956482
0.229749411 -0.054336753 -0.971731842 133.603500366 0.260226130 0.965518296 0.007536729 -4.070850372 0.937815309 -0.254601598 0.235967100 -39.606956482
0.229749411 -0.054336753 -0.971731842 133.603500366 0.260226130 0.965518296 0.007536729 -4.070850372 0.937815309 -0.254601598 0.235967100 -39.606956482
0.229749411 -0.054336753 -0.971731842 133.603500366 0.260226130 0.965518296 0.007536729 -4.070850372 0.937815309 -0.254601598 0.235967100 -39.606956482
0.229749411 -0.054336753 -0.971731842 133.603500366 0.260226130 0.965518296 0.007536729 -4.070850372 0.937815309 -0.254601598 0.235967100 -39.606956482
0.229749411 -0.054336753 -0.971731842 133.603500366 0.260226130 0.965518296 0.007536729 -4.070850372 0.937815309 -0.254601598 0.235967100 -39.606956482
0.229749411 -0.054336753 -0.971731842 133.603500366 0.260226130 0.965518296 0.007536729 -4.070850372 0.937815309 -0.254601598 0.235967100 -39.606956482
0.229749411 -0.054336753 -0.971731842 133.603500366 0.260226130 0.965518296 0.007536729 -4.070850372 0.937815309 -0.254601598 0.235967100 -39.606956482
0.229749411 -0.054336753 -0.971731842 133.603500366 0.260226130 0.965518296 0.007536729 -4.070850372 0.937815309 -0.254601598 0.235967100 -39.606956482
