0.999978125 0.006568050 -0.000727893 0.041918639 -0.006553269 0.999803185 0.018725159 -0.859674096 0.000850738 -0.018719979 0.999824405 1.551723957
0.999982357 0.005885993 0.000714866 -0.023692051 -0.005887704 0.999979734 0.002416325 -0.066945381 -0.000700629 -0.002420491 0.999996781 2.426438093
0.999967217 0.008077418 0.000572464 -0.024045026 -0.008078667 0.999964893 0.002215604 -0.083763979 -0.000554549 -0.002220156 0.999997377 3.209289312
0.999968052 0.007958466 0.000758817 -0.019765968 -0.007959995 0.999966204 0.002035324 -0.098252028 -0.000742594 -0.002041299 0.999997616 3.970969200
0.999950349 0.009951723 0.000361843 0.030896230 -0.009956802 0.999769926 0.018996924 -0.873828590 -0.000172708 -0.018999584 0.999819398 4.641859531
0.999941945 0.010700678 0.001259369 0.018477386 -0.010725608 0.999704480 0.021812262 -0.874390244 -0.001025591 -0.021824503 0.999761224 5.361185551
0.999943197 0.010401085 0.002318426 0.026644951 -0.010457699 0.999609411 0.025915837 -0.876090288 -0.002047968 -0.025938611 0.999661446 6.047165394
0.999944627 0.009755970 0.003947859 0.020291399 -0.009867880 0.999519110 0.029396690 -0.874669194 -0.003659167 -0.029434020 0.999559999 6.713013172
0.999948561 0.008868210 0.004928107 0.023497373 -0.009021129 0.999449492 0.031926244 -0.876129985 -0.004642265 -0.031969059 0.999478042 7.352564335
0.999939144 0.009380969 0.005794852 0.035582997 -0.009558680 0.999459922 0.031441174 -0.868669391 -0.005496773 -0.031494658 0.999488771 7.981492519
0.999928594 0.010029096 0.006485048 0.041027494 -0.010211303 0.999535918 0.028702088 -0.866131246 -0.006194181 -0.028766263 0.999566913 8.550656319
0.999736428 0.021067619 0.009120498 0.033642258 -0.021213263 0.999644041 0.016178133 -0.920151174 -0.008776417 -0.016367346 0.999827504 9.116469383
0.999765992 0.019134179 0.010097777 0.055171661 -0.019281253 0.999706388 0.014674202 -0.925105572 -0.009814035 -0.014865465 0.999841332 9.635880470
0.999804914 0.015351054 0.012436452 0.050954804 -0.015504443 0.999803662 0.012332572 -0.928075671 -0.012244693 -0.012522983 0.999846637 10.131513596
0.999813557 0.013362074 0.013940480 0.064388670 -0.013512275 0.999851048 0.010736535 -0.924166203 -0.013794941 -0.010922900 0.999845207 10.595191002
0.999707580 0.017752443 0.016416805 0.063325115 -0.017905880 0.999796927 0.009247099 -0.940266788 -0.016249310 -0.009538352 0.999822497 11.030784607
0.999571681 0.022022970 0.019272262 0.066708341 -0.022186769 0.999719143 0.008327073 -0.944988847 -0.019083463 -0.008751095 0.999779642 11.435775757
0.999683619 0.011851856 0.022185279 0.065634564 -0.012283210 0.999736190 0.019408982 -0.868596613 -0.021949390 -0.019675348 0.999565482 11.812312126
0.999653518 0.007875422 0.025117135 0.092055231 -0.008367062 0.999774277 0.019529143 -0.868052900 -0.024957664 -0.019732533 0.999493778 12.150179863
0.999607384 0.003081497 0.027844684 0.097983956 -0.003621940 0.999805570 0.019379629 -0.862751186 -0.027779553 -0.019472871 0.999424398 12.459608078
0.999543309 -0.000210203 0.030213106 0.110045433 -0.000417027 0.999784529 0.020752387 -0.861804545 -0.030210961 -0.020755509 0.999328077 12.716684341
0.999461532 -0.000666025 0.032804407 0.126702368 -0.000056059 0.999757767 0.022005945 -0.870319128 -0.032811113 -0.021995934 0.999219477 12.972084045
0.999404371 -0.000048056 0.034510154 0.139183432 -0.000679971 0.999777377 0.021083971 -0.872827590 -0.034503486 -0.021094879 0.999181867 13.187043190
0.999336720 0.001044737 0.036402058 0.150224984 -0.001750713 0.999810874 0.019367365 -0.872179747 -0.036374941 -0.019418249 0.999149561 13.378620148
0.999084771 0.014002341 0.040416978 0.153191239 -0.014352784 0.999861777 0.008393561 -0.973824382 -0.040293865 -0.008965976 0.999147594 13.558699608
0.998975277 0.016796427 0.042026557 0.156467170 -0.017154738 0.999819398 0.008179761 -0.981590927 -0.041881580 -0.008892334 0.999083042 13.732545853
0.998883247 0.018075632 0.043652508 0.158688784 -0.018382572 0.999809027 0.006640278 -0.987803996 -0.043524150 -0.007435308 0.999024689 13.889211655
0.998822629 0.017400933 0.045283359 0.172808856 -0.017635010 0.999833047 0.004774755 -0.991338849 -0.045192711 -0.005567706 0.998962700 14.056915283
0.998785853 0.015676832 0.046701491 0.187301189 -0.015853340 0.999868512 0.003411511 -0.994561076 -0.046641860 -0.004147744 0.998903036 14.218126297
0.998737454 0.015366099 0.047826570 0.193147928 -0.015476731 0.999878407 0.001943731 -0.990255833 -0.047790889 -0.002681476 0.998853803 14.352955818
0.998649538 0.015814561 0.049487006 0.199808180 -0.015876714 0.999873579 0.000863094 -0.996815920 -0.049467098 -0.001647619 0.998774409 14.493928909
0.998566628 0.016680054 0.050855543 0.201594770 -0.016648684 0.999860823 -0.001040485 -1.003684163 -0.050865814 0.000192316 0.998705506 14.624640465
0.998537183 0.016435826 0.051510002 0.216697931 -0.016275991 0.999861360 -0.003520937 -1.001371861 -0.051560726 0.002677410 0.998666227 14.754330635
0.998487711 0.015963946 0.052603766 0.217022836 -0.015682131 0.999860346 -0.005765666 -1.004559040 -0.052688453 0.004932011 0.998598933 14.881002426
0.998543859 0.015071356 0.051796641 0.227355540 -0.014716350 0.999865472 -0.007228409 -1.013949990 -0.051898621 0.006455628 0.998631597 15.017388344
0.998653650 0.014355379 0.049846474 0.234917164 -0.013942203 0.999865532 -0.008626812 -1.014075756 -0.049963605 0.007920229 0.998719633 15.146375656
0.998775840 0.014749759 0.047214195 0.226270318 -0.014324681 0.999853790 -0.009328948 -1.017651796 -0.047344893 0.008641201 0.998841166 15.272581100
0.998947144 0.015571417 0.043151960 0.230564177 -0.015106673 0.999824464 -0.011075211 -1.011610746 -0.043316849 0.010411669 0.999007165 15.407806396
0.999323428 0.004393087 0.036516059 0.229075104 -0.004346341 0.999989569 -0.001359454 -0.899242818 -0.036521655 0.001199819 0.999332130 15.555280685
0.999548197 0.004468808 0.029723376 0.227447212 -0.004401777 0.999987543 -0.002320254 -0.896881342 -0.029733382 0.002188372 0.999555469 15.688693047
0.999732435 0.004726993 0.022642083 0.219351739 -0.004660285 0.999984562 -0.002998135 -0.899335086 -0.022655908 0.002891816 0.999739110 15.818304062
0.999882460 0.004660813 0.014600858 0.212983236 -0.004601444 0.999980927 -0.004097177 -0.899314880 -0.014619676 0.004029510 0.999885023 15.962386131
0.999981999 0.003910353 0.004539493 0.199072510 -0.003886409 0.999978602 -0.005271572 -0.899990976 -0.004560012 0.005253832 0.999975741 16.102771759
0.999459147 0.031872038 -0.008091796 0.233156323 -0.032092854 0.999069571 -0.028809020 -1.202787757 0.007166065 0.029053127 0.999552190 16.207656860
0.999224663 0.030845050 -0.024464257 0.215477020 -0.031584308 0.999037683 -0.030430350 -1.203273535 0.023502089 0.031179445 0.999237418 16.368007660
0.998555183 0.031174969 -0.043768995 0.189665318 -0.032549765 0.998987436 -0.031056892 -1.200850248 0.042756483 0.032436691 0.998558879 16.548814774
0.997335732 0.032318141 -0.065397993 0.153797030 -0.034315381 0.998971224 -0.029650366 -1.214207172 0.064372465 0.031815533 0.997418642 16.731590271
0.995491207 0.032963995 -0.088942699 0.112609744 -0.035462793 0.999015272 -0.026661623 -1.235689878 0.087976255 0.029695565 0.995679855 16.936250687
0.992672503 0.034185629 -0.115899116 0.064298034 -0.037310086 0.998993516 -0.024896456 -1.230964541 0.114931360 0.029038232 0.992948949 17.155817032
0.988719761 0.035088219 -0.145609409 -0.007363081 -0.038679969 0.999011397 -0.021908708 -1.235515475 0.144696698 0.027293736 0.989099562 17.401811600
0.983328998 0.034600019 -0.178513229 -0.089349031 -0.038326059 0.999112606 -0.017465390 -1.241494894 0.177750528 0.024015928 0.983782470 17.656856537
0.975990832 0.035829231 -0.214844763 -0.192418814 -0.039351068 0.999151707 -0.012136361 -1.245225787 0.214227676 0.020299343 0.976572812 17.919742584
0.965003848 0.066982463 -0.253536820 -0.293191910 -0.073537558 0.997156680 -0.016455268 -1.516256928 0.251713753 0.034523878 0.967185676 18.185838699
0.953125000 0.070776135 -0.294182628 -0.429048061 -0.076816641 0.997004509 -0.009013912 -1.517942071 0.292663395 0.031189505 0.955706656 18.464439392
0.938766956 0.074043222 -0.336502969 -0.555914879 -0.079226285 0.996855259 -0.001677979 -1.517290235 0.335320503 0.028235113 0.941680908 18.744142532
0.917574644 0.128866941 -0.376098752 -0.677272797 -0.143062413 0.989663839 -0.009932143 -2.097669363 0.370931447 0.062919073 0.926526368 18.977333069
0.898719609 0.132528633 -0.418018460 -0.844585896 -0.144076645 0.989558578 0.003971975 -2.109198570 0.414180160 0.056657005 0.908429861 19.243886948
0.876680493 0.136388808 -0.461334348 -1.026997566 -0.145108074 0.989274621 0.016717974 -2.102845430 0.458666444 0.052287016 0.887068868 19.550163269
0.849138319 0.164302602 -0.501965046 -1.362506866 -0.177463472 0.983884931 0.021841878 -2.356614590 0.497464418 0.070533678 0.864612103 19.923543930
0.821315110 0.166974097 -0.545491695 -1.590768814 -0.177857518 0.983494043 0.033256248 -2.347438335 0.542040706 0.069705941 0.837456226 20.220077515
0.790552020 0.170838505 -0.588083088 -1.855429649 -0.179792091 0.982729375 0.043791443 -2.335627317 0.585407734 0.071113274 0.807614207 20.502037048
0.753475368 0.192702949 -0.628601968 -2.139641762 -0.206201956 0.977106690 0.052375380 -2.614863396 0.624304116 0.090155385 0.775961578 20.807167053
0.716734469 0.196208656 -0.669173956 -2.465037346 -0.205985576 0.976350367 0.065650180 -2.575659275 0.666229308 0.090786435 0.740200102 21.114704132
0.678481579 0.196958214 -0.707721829 -2.797961235 -0.201549292 0.976328611 0.078489080 -2.533707142 0.706428170 0.089387454 0.702117622 21.397918701
0.633705437 0.225046486 -0.740115881 -3.234519005 -0.241548598 0.966475785 0.087055765 -3.035689831 0.734895706 0.123606242 0.666820645 21.601100922
0.593693674 0.223217517 -0.773111880 -3.640364647 -0.232075363 0.967428923 0.101104975 -2.984486103 0.770499110 0.119394824 0.626159787 21.872116089
0.569498599 0.412102848 -0.711226225 -1.828575850 -0.286356926 0.910510361 0.298279375 -25.293001175 0.770500541 0.033794865 0.636542737 14.571485519
0.529938996 0.412508070 -0.740946472 -2.242053032 -0.269687563 0.910339177 0.313928574 -25.105781555 0.804010749 0.033461060 0.593672514 14.850969315
0.483147293 0.383415103 -0.787122309 -2.259364605 -0.248558044 0.922091544 0.296591192 -27.278615952 0.839516222 0.052348364 0.540806890 14.524431229
0.437389106 0.382389188 -0.813922167 -2.740670443 -0.227601588 0.922693729 0.311181575 -27.105682373 0.869993269 0.049142569 0.490608484 14.787564278
0.390431285 0.381288558 -0.837963223 -3.313181400 -0.207117990 0.923249483 0.323593080 -26.886524200 0.897031426 0.047216408 0.439437300 15.038387299
0.341140509 0.379823834 -0.859858751 -3.848632097 -0.187901050 0.923823595 0.333531141 -26.674074173 0.921040893 0.047787376 0.386522949 15.262016296
0.283266336 0.355050534 -0.890897989 -4.581907749 -0.190692335 0.931249738 0.310500145 -25.280483246 0.939891815 0.081933185 0.331497103 15.598745346
0.235832587 0.359885633 -0.902698815 -5.209779739 -0.173818082 0.929541469 0.325176686 -25.063516617 0.956122458 0.080218144 0.281770796 15.758892059
0.192679703 0.360500693 -0.912641048 -5.827041626 -0.155245245 0.929554582 0.334405810 -24.839422226 0.968903184 0.077249989 0.235072374 15.886490822
0.150720581 0.362189770 -0.919837892 -6.566557884 -0.139104322 0.928979814 0.342996359 -24.586235046 0.978740633 0.076256834 0.190398514 16.026338577
0.112499446 0.360559076 -0.925927043 -7.250119209 -0.126019537 0.929495394 0.346637279 -24.335649490 0.985628247 0.077688403 0.150005192 16.114307404
0.061697122 0.317032009 -0.946405888 -8.145359039 -0.156039894 0.939616501 0.304585397 -22.839618683 0.985822022 0.128885016 0.107441291 16.371898651
0.033818331 0.317063361 -0.947801113 -8.866485596 -0.150520995 0.939142346 0.308796078 -22.596393585 0.988028288 0.132220998 0.079484917 16.410715103
0.012971245 0.320990115 -0.946993709 -9.706922531 -0.146381035 0.937479615 0.315760225 -22.320821762 0.989143193 0.134526134 0.059147149 16.443826675
0.001412015 0.326711595 -0.945122957 -10.507874489 -0.141123161 0.935730219 0.323253840 -22.055095673 0.989991069 0.132922292 0.047427841 16.468872070
-0.006915094 0.329443246 -0.944150090 -11.403358459 -0.139331073 0.934645295 0.327147156 -21.767028809 0.990221739 0.133811697 0.039438516 16.508327484
-0.009846798 0.326716721 -0.945071042 -12.260583878 -0.137227014 0.935733259 0.324918419 -21.484354019 0.990490735 0.132888660 0.035620380 16.533830643
0.009938977 0.362446278 -0.931951821 -13.087898254 -0.089847982 0.928551555 0.360165715 -22.129070282 0.995905876 0.080154315 0.041793916 16.434522629
0.018640874 0.360233873 -0.932675779 -13.962465286 -0.080393881 0.930357277 0.357731700 -21.790143967 0.996588886 0.068313003 0.046303276 16.475208282
0.023349505 0.360407859 -0.932502508 -14.976030350 -0.081515417 0.930337310 0.357529938 -21.413061142 0.996398628 0.067665182 0.051101714 16.550254822
0.028519912 0.359166652 -0.932837605 -15.894945145 -0.085651435 0.930663049 0.355710775 -21.072551727 0.995916843 0.069754034 0.057305574 16.570144653
0.000311772 0.278490871 -0.960438788 -17.082355499 -0.157958612 0.948394895 0.274947256 -19.312318802 0.987445712 0.151623845 0.044285703 16.898509979
0.002115684 0.268206507 -0.963359118 -18.090505600 -0.160602510 0.950947106 0.264398217 -19.031141281 0.987016916 0.154158503 0.045086537 16.937280655
0.001698485 0.259969264 -0.965615392 -19.097120285 -0.169338420 0.951745987 0.255937427 -18.746265411 0.985556602 0.163081065 0.045639310 16.946228027
-0.001786335 0.257666349 -0.966232240 -20.171882629 -0.173378184 0.951520622 0.254063725 -18.468072891 0.984853685 0.167977393 0.042973988 17.000318527
-0.006701583 0.263466567 -0.964645267 -21.264963150 -0.182046905 0.948224962 0.260246545 -18.162797928 0.983267009 0.177354708 0.041608658 17.008327484
-0.025162982 0.235826567 -0.971469343 -22.438137054 -0.222861201 0.945998013 0.235415921 -17.515544891 0.974525392 0.222426593 0.028752470 17.132881165
-0.029397842 0.244511381 -0.969200730 -23.562492371 -0.223970860 0.943354547 0.244784340 -17.224033356 0.974152327 0.224268839 0.027030833 17.132352829
-0.040042326 0.213196725 -0.976188362 -24.805541992 -0.242970496 0.945570409 0.216476262 -16.678262711 0.969206810 0.245853201 0.013937677 17.259378433
-0.040370893 0.220891133 -0.974462509 -25.995100021 -0.241246223 0.944249868 0.224037066 -16.432876587 0.969623864 0.244130030 0.015168948 17.259967804
-0.041840822 0.221625492 -0.974233806 -27.058464050 -0.240231872 0.944250345 0.225122020 -16.193840027 0.969813406 0.243461296 0.013733292 17.266649246
-0.043425910 0.218492568 -0.974871814 -28.247852325 -0.242089391 0.944409430 0.222449109 -15.923887253 0.969281733 0.245666206 0.011882893 17.255132675
-0.042855147 0.232963532 -0.971540749 -29.290229797 -0.232861936 0.943322718 0.236468866 -15.770137787 0.971565127 0.236368775 0.013822114 17.245674133
-0.046946842 0.227450728 -0.972657263 -30.555244446 -0.232543588 0.944488525 0.232087731 -15.467650414 0.971452296 0.237080991 0.008551458 17.237779617
-0.056576472 0.204598278 -0.977209747 -31.587081909 -0.238991231 0.947546303 0.212224334 -15.228544235 0.969372034 0.245551452 -0.004711639 17.241760254
-0.062601469 0.202552319 -0.977268398 -32.885906219 -0.238952324 0.947668076 0.211723998 -14.946691513 0.969011307 0.246774778 -0.010925055 17.203790665
-0.091775700 0.128818706 -0.987412155 -33.472808838 -0.324366689 0.933646917 0.151952952 -15.236549377 0.941468775 0.334229231 -0.043901574 16.830390930
-0.097593643 0.133321315 -0.986256063 -34.824768066 -0.325485080 0.932214856 0.158224016 -15.025927544 0.940497160 0.336453289 -0.047584135 16.733629227
-0.104303807 0.136273518 -0.985165060 -35.754531860 -0.326915324 0.930825889 0.163368970 -14.888139725 0.939280033 0.339105576 -0.052538805 16.681888580
-0.108912751 0.138198733 -0.984397888 -37.101352692 -0.329941571 0.929122508 0.166943058 -14.666773796 0.937697411 0.342976034 -0.055595782 16.578321457
-0.129833698 0.079632893 -0.988332987 -38.076404572 -0.392657340 0.911151052 0.124996148 -14.553129196 0.910474420 0.404304802 -0.087029651 16.572282791
-0.131040066 0.080042586 -0.988140583 -39.436729431 -0.397036225 0.909072697 0.126289919 -14.367818832 0.908400118 0.408876628 -0.087345153 16.428451538
-0.132020935 0.079889849 -0.988022327 -40.791194916 -0.397782773 0.908699155 0.126628190 -14.217416763 0.907931328 0.409735858 -0.088188522 16.274124146
-0.133812264 0.079506397 -0.987812161 -41.404209137 -0.397716433 0.908674538 0.127012774 -14.157430649 0.907698154 0.409865052 -0.089970775 16.203908920
-0.135022193 0.078530878 -0.987725556 -42.797447205 -0.399165481 0.908073723 0.126763940 -13.990427017 0.906882465 0.411381960 -0.091263287 16.065279007
-0.136098653 0.077798404 -0.987635851 -43.646442413 -0.400757313 0.907380939 0.126701906 -13.893927574 0.906019151 0.413046241 -0.092315033 15.971818924
-0.136492953 0.074691363 -0.987821341 -45.039962769 -0.405265361 0.905684769 0.124478713 -13.723473549 0.903952241 0.417320192 -0.093349762 15.814888000
-0.136951834 0.070054241 -0.988097489 -45.907913208 -0.409317166 0.904353380 0.120848879 -13.628290176 0.902055264 0.420995742 -0.095178477 15.708303452
-0.135570496 0.068882704 -0.988370299 -47.322788239 -0.411265343 0.903662980 0.119390681 -13.446348190 0.901377499 0.422668308 -0.094180956 15.554395676
-0.127744839 0.097566649 -0.986996472 -48.326442719 -0.389457554 0.910282075 0.140389919 -13.188852310 0.912142575 0.402327329 -0.078285761 15.545127869
-0.125325993 0.100535095 -0.987008750 -49.709308624 -0.389746964 0.909882307 0.142167464 -12.995842934 0.912354469 0.402500927 -0.074848659 15.407984734
-0.122917116 0.099852331 -0.987380803 -51.087711334 -0.388748199 0.910571456 0.140479222 -12.801012039 0.913108051 0.401109785 -0.073107384 15.291681290
-0.134066895 0.064816415 -0.988850296 -51.568061829 -0.423572928 0.898363650 0.116312779 -13.129369736 0.895886123 0.434443951 -0.092986315 15.070325851
-0.129040346 0.065482855 -0.989475012 -52.945480347 -0.427519947 0.896649420 0.115093917 -12.984813690 0.894748688 0.437872082 -0.087708712 14.898122787
-0.122667558 0.065996520 -0.990251005 -54.220851898 -0.432440996 0.894529879 0.113185830 -12.838363647 0.893279016 0.442109406 -0.081190169 14.752038002
-0.123507589 0.060170416 -0.990517676 -54.988231659 -0.440169007 0.891271293 0.109026156 -12.818080902 0.889380097 0.449460804 -0.083593622 14.722339630
-0.116377585 0.059705254 -0.991408825 -56.342407227 -0.442148715 0.890710533 0.105543010 -12.673509598 0.889359772 0.450632989 -0.077260129 14.565699577
-0.111904591 0.058440492 -0.991999030 -57.290466309 -0.441678673 0.891317964 0.102333724 -12.587234497 0.890166998 0.449596435 -0.073930651 14.513216972
-0.105307162 0.058651619 -0.992708683 -58.640060425 -0.440990955 0.891981244 0.099480987 -12.467413902 0.891312122 0.448251605 -0.068067193 14.381759644
-0.098769009 0.058743894 -0.993374944 -59.988979340 -0.440289795 0.892647862 0.096564375 -12.337669373 0.892406523 0.446910441 -0.062301587 14.289087296
-0.094714567 0.060575280 -0.993659794 -60.782279968 -0.439469099 0.893077135 0.096333288 -12.274420738 0.893250227 0.445806980 -0.057966448 14.241183281
-0.087559253 0.060942952 -0.994293392 -62.096809387 -0.441129029 0.892554224 0.093553677 -12.128728867 0.893162191 0.446803123 -0.051267669 14.132314682
-0.084966034 0.056036953 -0.994806767 -63.054138184 -0.445027828 0.891161919 0.088208288 -12.080565453 0.891476870 0.450211436 -0.050780490 14.006777763
-0.078556605 0.051470887 -0.995580018 -64.388221741 -0.446012765 0.891328871 0.081273958 -11.968076706 0.891572475 0.450425982 -0.047063086 13.899967194
-0.076338485 0.044867296 -0.996071994 -65.343872070 -0.447849393 0.891003251 0.074457534 -11.924687386 0.890844166 0.451774120 -0.047924057 13.867389679
-0.071520887 0.044391703 -0.996450841 -66.677261353 -0.448618591 0.890827537 0.071886085 -11.830626488 0.890857041 0.452167630 -0.043797847 13.776831627
-0.069340371 0.046666916 -0.996500850 -67.711547852 -0.447404921 0.891357422 0.072875082 -11.777414322 0.891639292 0.450892568 -0.040928062 13.737900734
-0.066127546 0.046116605 -0.996744871 -69.035293579 -0.448000431 0.891213059 0.070955865 -11.686328888 0.891584337 0.451234311 -0.038273480 13.659783363
-0.066553958 0.046136189 -0.996715605 -70.092086792 -0.449583948 0.890393078 0.071234860 -11.634986877 0.890755236 0.452848315 -0.038517110 13.621284485
-0.065380603 0.047558084 -0.996726453 -71.412513733 -0.450018913 0.890112519 0.071990222 -11.560974121 0.890622437 0.453252584 -0.036794048 13.550204277
-0.066154368 0.047027137 -0.996700585 -72.422073364 -0.451465219 0.889384866 0.071928926 -11.524924278 0.889832973 0.454734057 -0.037605584 13.456570625
-0.064266764 0.045236163 -0.996906996 -73.701957703 -0.451447427 0.889589369 0.069469549 -11.445819855 0.889980316 0.454515696 -0.036749288 13.382413864
-0.065351382 0.043025993 -0.996934235 -74.780822754 -0.450190961 0.890344143 0.067936823 -11.375578880 0.890537620 0.453250557 -0.038815301 13.333418846
-0.064285085 0.043411907 -0.996986866 -76.039085388 -0.447316170 0.891811967 0.067674927 -11.305850029 0.892062664 0.450318813 -0.037911352 13.259130478
-0.066382423 0.042861484 -0.996873260 -77.159660339 -0.443367451 0.893760502 0.067952178 -11.239904404 0.893878460 0.446491987 -0.040326599 13.222419739
-0.065598018 0.045703251 -0.996798873 -78.413650513 -0.443118006 0.893715382 0.070137873 -11.166254044 0.894060075 0.446300417 -0.038374018 13.152597427
-0.065836400 0.049493723 -0.996602178 -79.534194946 -0.444069058 0.892957807 0.073682070 -11.127127647 0.893570423 0.447411120 -0.036810502 13.062948227
-0.064844437 0.049155511 -0.996683955 -80.720161438 -0.445886046 0.892107248 0.073007315 -11.069506645 0.892737806 0.449141532 -0.035930444 13.002641678
-0.064452536 0.047589928 -0.996785402 -81.934837341 -0.446309268 0.892022014 0.071446709 -10.999109268 0.892554641 0.449479550 -0.036253255 12.941640854
-0.064107247 0.044699315 -0.996941447 -83.083381653 -0.446657538 0.892062068 0.068718731 -10.918738365 0.892405331 0.449696779 -0.037222359 12.879852295
-0.063878439 0.043733299 -0.996998906 -84.269989014 -0.444149375 0.893395364 0.067645706 -10.846431732 0.893672705 0.447137535 -0.037644584 12.823363304
-0.064072952 0.044412218 -0.996956408 -85.486862183 -0.443934858 0.893449724 0.068332277 -10.777059555 0.893765390 0.446961999 -0.037529837 12.767057419
-0.064155355 0.048777558 -0.996747077 -86.688079834 -0.442114174 0.894047558 0.072208330 -10.742078781 0.894661486 0.445308596 -0.035792686 12.711462975
-0.063362814 0.051156584 -0.996678531 -87.860038757 -0.442752421 0.893584013 0.074012570 -10.670199394 0.894402206 0.445971519 -0.033970296 12.642009735
-0.063200742 0.051439036 -0.996674359 -89.049026489 -0.443885863 0.893002987 0.074236020 -10.596357346 0.893851757 0.447101384 -0.033605389 12.579935074
-0.061612915 0.049012605 -0.996895969 -90.185073853 -0.443395078 0.893483400 0.071332239 -10.495975494 0.894206107 0.446413666 -0.033318177 12.485143661
-0.061812844 0.047730990 -0.996945798 -91.363807678 -0.442039609 0.894242644 0.070221283 -10.432710648 0.894863188 0.445030123 -0.034176696 12.439519882
-0.061068885 0.049292859 -0.996915638 -92.552742004 -0.441209286 0.894570470 0.071259893 -10.362603188 0.895323932 0.444200248 -0.032881953 12.383979797
-0.061704956 0.051120751 -0.996784389 -93.683479309 -0.438732773 0.895640016 0.073092818 -10.266950607 0.896496534 0.441832185 -0.032837074 12.361042023
-0.061738767 0.052999288 -0.996684134 -94.846458435 -0.437183291 0.896261513 0.074740201 -10.198141098 0.897250891 0.440348029 -0.032163676 12.314253807
-0.061110478 0.055408075 -0.996591866 -96.079284668 -0.438319743 0.895543337 0.076667555 -10.108672142 0.896739244 0.441511154 -0.030440640 12.246572495
-0.060676657 0.056703210 -0.996545553 -97.258506775 -0.440351546 0.894456387 0.077706046 -10.023036003 0.895772755 0.443545312 -0.029303277 12.194905281
-0.060655374 0.056795120 -0.996541619 -98.436378479 -0.441849291 0.893706918 0.077827878 -9.966959000 0.895036399 0.445041895 -0.029113241 12.140211105
-0.059482992 0.050368432 -0.996957779 -99.744003296 -0.443696767 0.893311799 0.071604982 -9.753820419 0.894200742 0.446606219 -0.030788556 12.094226837
-0.059160434 0.048884965 -0.997050762 -100.914703369 -0.445042729 0.892755330 0.070178203 -9.686571121 0.893553078 0.447882026 -0.031059891 12.038789749
-0.059046991 0.046815164 -0.997156858 -102.081993103 -0.444799453 0.893024802 0.068265252 -9.615686417 0.893681645 0.447565675 -0.031907070 11.988452911
-0.059376650 0.047409289 -0.997109234 -103.248947144 -0.443828046 0.893458486 0.068910457 -9.552134514 0.894142628 0.446636736 -0.032009002 11.944938660
-0.059651483 0.050360508 -0.996948123 -104.351272583 -0.443428457 0.893440247 0.071663976 -9.543056488 0.894322634 0.446349949 -0.030963762 11.888704300
-0.058875620 0.051863182 -0.996917188 -105.584587097 -0.442225307 0.893958926 0.072623722 -9.422354698 0.894969523 0.445137769 -0.029697176 11.840045929
-0.059745964 0.050404266 -0.996940196 -106.752243042 -0.445404649 0.892444730 0.071813874 -9.349241257 0.893333733 0.448332399 -0.030869674 11.794334412
-0.060584076 0.051348116 -0.996841490 -107.942703247 -0.448406696 0.890832186 0.073139884 -9.273763657 0.891774058 0.451421559 -0.030945404 11.751840591
-0.060605768 0.050340492 -0.996891558 -109.141616821 -0.451570749 0.889296234 0.072360329 -9.186264038 0.890174508 0.454552442 -0.031164195 11.699222565
-0.060810037 0.046308558 -0.997074544 -110.345344543 -0.452300340 0.889201581 0.068883553 -9.115196228 0.889790177 0.455165923 -0.033127017 11.648388863
-0.061607558 0.041939769 -0.997218907 -111.513816833 -0.451761961 0.889743328 0.065329276 -9.028597832 0.890008807 0.454530358 -0.035868127 11.599174500
-0.062328380 0.041470110 -0.997193754 -112.733230591 -0.449992478 0.890651584 0.065165602 -8.964370728 0.890854657 0.452791423 -0.036851633 11.543836594
-0.063103639 0.040046763 -0.997203171 -114.005897522 -0.445258737 0.893108726 0.064042665 -8.884994507 0.893175542 0.448054761 -0.038527243 11.546854019
-0.063388988 0.041867770 -0.997110307 -115.223602295 -0.444548398 0.893336833 0.065771557 -8.813471794 0.893509150 0.447432995 -0.038015470 11.476589203
-0.064154744 0.046312239 -0.996864736 -116.429061890 -0.443434805 0.893564939 0.070051067 -8.753625870 0.894007683 0.446538687 -0.036789972 11.397487640
-0.065179378 0.046486903 -0.996790111 -117.690208435 -0.442440867 0.894012392 0.070624575 -8.682127953 0.894425988 0.445623964 -0.037703458 11.351541519
-0.065582111 0.042488459 -0.996942163 -118.891204834 -0.441753447 0.894617021 0.067187481 -8.621923447 0.894736171 0.444808960 -0.039901450 11.283233643
-0.066981152 0.038997952 -0.996991754 -120.131561279 -0.442647874 0.894356668 0.064721845 -8.549922943 0.894190311 0.445651472 -0.042642687 11.222423553
-0.084539711 0.030199548 -0.995962381 -120.931564331 -0.445341706 0.893006980 0.064879417 -8.672795296 0.891360641 0.449028403 -0.062045436 13.094939232
-0.085125141 0.031404678 -0.995875180 -122.196495056 -0.447060257 0.892040074 0.066343941 -8.598876953 0.890444219 0.450863689 -0.061895262 12.997900963
-0.084588841 0.037300754 -0.995717525 -123.464454651 -0.452894717 0.888670981 0.071765281 -8.576514244 0.887542129 0.457025766 -0.058278337 13.093004227
-0.084987953 0.040472172 -0.995559633 -124.751007080 -0.457532853 0.886017561 0.075077198 -8.499115944 0.885121822 0.461881906 -0.056783475 12.988842010
-0.082690924 0.041823246 -0.995697260 -126.087814331 -0.464813739 0.882170200 0.075656615 -8.422606468 0.881538689 0.469069809 -0.053507455 12.849803925
-0.082546420 0.039509851 -0.995803714 -127.363632202 -0.467340350 0.881000578 0.073694706 -8.336375237 0.880215406 0.471462488 -0.054258898 12.756359100
-0.082538985 0.037728477 -0.995873392 -128.644622803 -0.469512165 0.879964828 0.072250947 -8.243171692 0.879059494 0.473538280 -0.054917414 12.668481827
-0.083608203 0.037435446 -0.995795310 -129.928131104 -0.469692588 0.879846990 0.072512522 -8.170364380 0.878862083 0.473780364 -0.055979289 12.575652122
-0.082715206 0.037369031 -0.995872378 -131.196563721 -0.467724860 0.880944490 0.071904786 -8.089215279 0.879995227 0.471741885 -0.055389069 12.469105721
-0.083734892 0.037943080 -0.995765507 -132.476760864 -0.467465848 0.881001770 0.072879747 -8.014676094 0.880036354 0.471588910 -0.056033514 12.398042679
-0.083765827 0.043106347 -0.995552599 -133.748565674 -0.468218297 0.880206883 0.077507891 -7.929261208 0.879633367 0.472628504 -0.053548072 12.304022789
-0.084253095 0.047298271 -0.995321214 -135.050430298 -0.467050374 0.880478263 0.081376284 -7.841998100 0.880207479 0.471721321 -0.052092336 12.209175110
-0.084436908 0.045784082 -0.995376408 -136.281600952 -0.467350751 0.880432010 0.080141969 -7.759024620 0.880030513 0.471956909 -0.052943729 12.126428604
-0.083905853 0.044035193 -0.995500147 -137.558731079 -0.467018902 0.880771756 0.078323007 -7.670357704 0.880257487 0.471489191 -0.053336635 12.043296814
-0.083358616 0.043579955 -0.995566189 -138.821411133 -0.466402858 0.881159961 0.077623755 -7.595907211 0.880635977 0.470805556 -0.053126462 11.967457771
-0.081917301 0.043235991 -0.995700836 -140.099609375 -0.466823697 0.881021202 0.076662339 -7.511064529 0.880548120 0.471096814 -0.051987302 11.865904808
-0.080706425 0.045212649 -0.995711863 -141.360610962 -0.466737270 0.880964398 0.077833183 -7.424234390 0.880705833 0.471017599 -0.049997054 11.794931412
-0.080087356 0.048078001 -0.995627642 -142.638046265 -0.467963248 0.880106628 0.080142118 -7.329240799 0.880111635 0.472335637 -0.047986671 11.714908600
-0.078084677 0.049757455 -0.995704234 -143.904190063 -0.469164878 0.879412055 0.080738731 -7.252177238 0.879651606 0.473453939 -0.045324158 11.643466949
-0.077374220 0.046873931 -0.995899618 -145.182113647 -0.470741421 0.878822148 0.077936664 -7.168519020 0.878871799 0.474841505 -0.045932673 11.567584038
-0.053957660 0.059186958 -0.996787488 -146.418487549 -0.466414690 0.881158531 0.077568918 -7.106360435 0.882918894 0.469101816 -0.019939575 11.578171730
-0.053957958 0.057982825 -0.996858299 -147.666290283 -0.464045912 0.882506013 0.076449335 -7.032381058 0.884166241 0.466713011 -0.020711532 11.549155235
-0.077318512 0.042782832 -0.996088088 -148.938888550 -0.465582788 0.881903589 0.074018054 -6.951785088 0.881620407 0.469484448 -0.048268519 11.328546524
-0.077335887 0.043163568 -0.996070266 -150.189895630 -0.464016050 0.882707179 0.074277773 -6.869797707 0.882444501 0.467936993 -0.048236351 11.250758171
-0.049080975 0.058340199 -0.997089505 -151.381103516 -0.458977759 0.885327578 0.074393786 -6.791954994 0.887090981 0.461293280 -0.016675893 11.385959625
-0.048788510 0.058518991 -0.997093439 -152.646606445 -0.458383411 0.885634363 0.074406549 -6.714197159 0.887414396 0.460681230 -0.016384646 11.349147797
-0.050770156 0.060069602 -0.996902347 -153.864257812 -0.456348717 0.886492729 0.076657645 -6.620656967 0.888351440 0.458826929 -0.017594699 11.321254730
-0.050850797 0.061530177 -0.996809006 -155.112884521 -0.454208851 0.887478352 0.077952325 -6.546466827 0.889442861 0.456723362 -0.017181426 11.288459778
-0.049141102 0.060486611 -0.996958613 -156.314498901 -0.452206969 0.888651609 0.076205239 -6.459324837 0.890558243 0.454576433 -0.016316852 11.258546829
-0.049775396 0.060833298 -0.996906042 -157.569320679 -0.452831239 0.888281226 0.076814592 -6.381666183 0.890205681 0.455253720 -0.016667319 11.229778290
-0.046863560 0.066686518 -0.996672809 -158.762847900 -0.453491449 0.887598515 0.080711603 -6.304418564 0.890027702 0.455764979 -0.011354266 11.189700127
-0.047293168 0.073242724 -0.996192217 -160.009963989 -0.457745939 0.884837091 0.086786591 -6.227470398 0.887824297 0.460107327 -0.008320196 11.168213844
-0.045785375 0.072990358 -0.996281147 -161.229522705 -0.462034911 0.882691681 0.085901886 -6.131913185 0.885679007 0.464249700 -0.006690290 11.118793488
-0.043984137 0.069104463 -0.996639371 -162.468399048 -0.466102809 0.880954564 0.081653431 -6.030291557 0.883636534 0.468127847 -0.006538236 11.074940681
-0.042339221 0.063681670 -0.997071743 -163.651290894 -0.467175126 0.880883873 0.076098807 -5.957729340 0.883150458 0.469029099 -0.007545458 11.064200401
-0.041421436 0.061639540 -0.997238696 -164.877929688 -0.470285773 0.879415333 0.073890716 -5.866283417 0.881541550 0.472047895 -0.007438445 11.042700768
-0.039369661 0.059840251 -0.997431278 -166.065475464 -0.465285569 0.882284522 0.071297400 -5.817628860 0.884284675 0.466897398 -0.006892426 11.011284828
-0.039892096 0.055135719 -0.997681677 -167.293930054 -0.462138474 0.884246886 0.067345388 -5.745269775 0.885910094 0.463753611 -0.009794122 11.005084038
-0.039687783 0.052173194 -0.997849107 -168.462554932 -0.456699789 0.887275517 0.064556248 -5.685362816 0.888735175 0.458279520 -0.011386504 10.971425056
-0.040702768 0.054793179 -0.997667849 -169.713897705 -0.454896241 0.887995720 0.067328662 -5.607417107 0.889613867 0.456575781 -0.011218665 10.962289810
-0.040162683 0.062015984 -0.997266769 -170.955200195 -0.455430597 0.887230814 0.073514745 -5.549935341 0.889364958 0.457138330 -0.007389597 10.926075935
-0.038247403 0.065279074 -0.997133791 -172.131622314 -0.456535161 0.886492133 0.075547203 -5.478505135 0.888882816 0.458116084 -0.004103826 10.908098221
-0.036468424 0.062146977 -0.997400463 -173.350891113 -0.457682997 0.886199176 0.071952626 -5.406551361 0.888367176 0.459117293 -0.003874666 10.890767097
-0.035263758 0.061829891 -0.997463524 -174.554931641 -0.459543645 0.885302782 0.071123816 -5.321404457 0.887454867 0.460886121 -0.002805568 10.856919289
-0.034542073 0.063229747 -0.997401059 -175.777221680 -0.457708150 0.886179984 0.072030313 -5.260552406 0.888431370 0.459006667 -0.001669718 10.844473839
-0.034174509 0.060867514 -0.997560561 -176.959518433 -0.457681686 0.886375010 0.069762670 -5.182702065 0.888459086 0.458949357 -0.002433479 10.830196381
-0.032245990 0.059348855 -0.997716308 -178.149032593 -0.459133118 0.885796964 0.067530461 -5.105154037 0.887782037 0.460262269 -0.001314375 10.808303833
-0.030361850 0.061431602 -0.997649372 -179.287796021 -0.459381849 0.885592699 0.068512104 -5.056189537 0.887719810 0.460382193 0.001332330 10.792194366
-0.029082906 0.063106991 -0.997582853 -180.396392822 -0.459488034 0.885467649 0.069410220 -4.996328354 0.887707651 0.460396081 0.003244939 10.772276878
-0.029172394 0.063892066 -0.997530341 -181.490173340 -0.460539728 0.884863257 0.070144020 -4.930736542 0.887159586 0.461448640 0.003611258 10.770817757
-0.029180482 0.064890504 -0.997465611 -182.542831421 -0.460194349 0.884971917 0.071034998 -4.877489090 0.887338459 0.461100966 0.004038344 10.760424614
-0.028758571 0.066051878 -0.997401774 -183.591293335 -0.460371643 0.884812236 0.071869873 -4.814830780 0.887260258 0.461242318 0.004962478 10.733194351
-0.028605707 0.065282032 -0.997456789 -184.587783813 -0.460726291 0.884688675 0.071114540 -4.763212204 0.887081027 0.461588889 0.004770003 10.717838287
-0.026559586 0.065115750 -0.997524202 -185.563705444 -0.461604267 0.884318471 0.070016429 -4.705979347 0.886688232 0.462321103 0.006570574 10.698627472
-0.025235618 0.065817401 -0.997512519 -186.496841431 -0.462276578 0.883966982 0.070020407 -4.658275604 0.886376619 0.462893695 0.008118393 10.700604439
-0.025868278 0.064357959 -0.997591555 -187.453170776 -0.460609674 0.884914339 0.069032706 -4.613818169 0.887225747 0.461286157 0.006752687 10.681508064
-0.028763510 0.061502814 -0.997692287 -188.354293823 -0.458310395 0.886199176 0.067842908 -4.568460464 0.888326645 0.459204197 0.002697180 10.666434288
-0.033912536 0.059945431 -0.997625411 -189.299652100 -0.457076728 0.886760592 0.068821311 -4.578393936 0.888780475 0.458325207 -0.002672638 10.601498604
-0.038901243 0.056852508 -0.997624397 -190.206176758 -0.458027244 0.886305153 0.068368912 -4.531979561 0.888086617 0.459598809 -0.008438371 10.579522133
-0.042415634 0.056365632 -0.997508824 -191.120681763 -0.460169226 0.885100365 0.069580957 -4.473854065 0.886817336 0.461974233 -0.011604369 10.540576935
-0.044846985 0.057517290 -0.997336805 -192.030258179 -0.461760253 0.884097993 0.071750566 -4.418233871 0.885870218 0.463748246 -0.013089931 10.500490189
-0.047693241 0.058351003 -0.997156203 -192.958648682 -0.460730016 0.884467244 0.073793106 -4.363626480 0.886257946 0.462939173 -0.015299051 10.501000404
-0.048640583 0.059435647 -0.997046411 -193.867645264 -0.458449394 0.885537148 0.075153694 -4.294425011 0.887388468 0.460750818 -0.015824808 10.473241806
-0.050123814 0.060381699 -0.996916056 -194.708663940 -0.456735224 0.886294663 0.076645665 -4.265218735 0.888189495 0.459168434 -0.016846025 10.426950455
-0.050851338 0.058853406 -0.996970654 -195.602493286 -0.457383454 0.886047244 0.075634599 -4.203481674 0.887814403 0.459844023 -0.018138114 10.396224976
-0.051790740 0.058411535 -0.996948242 -196.498397827 -0.458781928 0.885317981 0.075704470 -4.157456398 0.887038231 0.461302757 -0.019053118 10.365547180
-0.051224217 0.056292009 -0.997099400 -197.390853882 -0.462180316 0.883723438 0.073634982 -4.078289032 0.885305345 0.464611679 -0.019250985 10.336215973
-0.049538452 0.056782212 -0.997156799 -198.250427246 -0.464237660 0.882670164 0.073326066 -4.046309471 0.884324253 0.466550171 -0.017365668 10.264244080
-0.048629541 0.053777918 -0.997367978 -199.150375366 -0.464147657 0.882968426 0.070240349 -3.987645149 0.884422004 0.466341823 -0.017977448 10.234590530
-0.048197903 0.051664259 -0.997500777 -200.054458618 -0.464099348 0.883156359 0.068166584 -3.938446999 0.884470880 0.466224939 -0.018588940 10.211811066
-0.047043450 0.051604662 -0.997559071 -200.976348877 -0.464110821 0.883195698 0.067575350 -3.885198593 0.884527028 0.466156900 -0.017598294 10.174047470
-0.040782087 0.061582953 -0.997268558 -202.199310303 -0.453172266 0.888396621 0.073391885 -3.775122643 0.890489519 0.454927504 -0.008322984 10.473767281
-0.040713705 0.063291416 -0.997164309 -203.131454468 -0.452434033 0.888648987 0.074876457 -3.724281311 0.890868008 0.454199553 -0.007545006 10.456196785
-0.039558951 0.059655268 -0.997434855 -204.062026978 -0.448085010 0.891161501 0.071070552 -3.664434433 0.893115282 0.449747026 -0.008522783 10.440292358
-0.039567366 0.056460537 -0.997620404 -205.003295898 -0.446970642 0.891944468 0.068207406 -3.605254173 0.893673003 0.448605835 -0.010055693 10.423715591
-0.043112230 0.061573315 -0.997171044 -205.878463745 -0.448680609 0.890590668 0.074390694 -3.602282524 0.892651677 0.450618505 -0.010768600 10.467593193
-0.041861448 0.065248735 -0.996990502 -206.838943481 -0.449899435 0.889743209 0.077120140 -3.535735130 0.892097473 0.451773852 -0.007890566 10.449241638
-0.041959401 0.064097568 -0.997061074 -207.750717163 -0.447443634 0.891067326 0.076113395 -3.462148666 0.893327296 0.449322313 -0.008708609 10.453563690
-0.039560162 0.065171726 -0.997089565 -208.712448120 -0.446146697 0.891728163 0.075986251 -3.392154694 0.894085109 0.447854251 -0.006200768 10.440893173
-0.034533195 0.070945799 -0.996882200 -209.803863525 -0.447218627 0.890938044 0.078898184 -3.314170837 0.893757761 0.448548913 0.000961345 10.392158508
-0.033131506 0.074810550 -0.996647239 -210.783218384 -0.444718331 0.891933382 0.081734248 -3.246269226 0.895057440 0.445935309 0.003718535 10.390914917
-0.031307966 0.075060293 -0.996687412 -211.810119629 -0.444412142 0.892139614 0.081146702 -3.169050217 0.895275116 0.445480555 0.005426634 10.385944366
-0.029675836 0.076188065 -0.996651769 -212.811233521 -0.448045045 0.890297651 0.081398703 -3.101966858 0.893518388 0.448960453 0.007715359 10.381572723
-0.025638606 0.077852577 -0.996635079 -213.849121094 -0.450678080 0.889000595 0.081038415 -3.016111374 0.892318249 0.451239407 0.012293710 10.375056267
-0.022227673 0.078520060 -0.996664703 -214.878662109 -0.451417178 0.888712168 0.080082789 -2.950916290 0.892036140 0.451691568 0.015691297 10.378163338
-0.019535581 0.076055676 -0.996912122 -215.916824341 -0.454251170 0.887573004 0.076615609 -2.882394791 0.890659451 0.454345226 0.017209129 10.384667397
