0.999957263 0.000325928 0.009241033 -0.455985576 -0.000349560 0.999996603 0.002555772 0.041001759 -0.009240169 -0.002558893 0.999953985 -1.678955317
0.999747753 0.001519044 0.022405954 0.021559503 -0.001611741 0.999990225 0.004119709 -0.004475468 -0.022399476 -0.004154783 0.999740422 1.077808261
0.999458611 0.001868873 0.032848787 0.041425679 -0.002069339 0.999979377 0.006069774 -0.006812626 -0.032836765 -0.006134463 0.999441922 1.643074751
0.999155700 0.001963896 0.041036315 -0.393094480 -0.002314605 0.999961197 0.008500530 0.038192101 -0.041018024 -0.008588337 0.999121428 0.197348893
0.998568892 0.001505830 0.053459015 -0.614764631 -0.002020252 0.999952137 0.009570012 0.080114201 -0.053442046 -0.009664319 0.998524189 0.321108460
0.997929275 0.001237695 0.064308822 -0.573729753 -0.001941584 0.999938905 0.010884108 0.078377046 -0.064291418 -0.010986430 0.997870684 1.005976081
0.997091234 0.002078651 0.076188132 -0.932274103 -0.003136565 0.999900222 0.013768517 0.141063496 -0.076151915 -0.013967437 0.996998489 0.798065245
0.996116281 0.002913650 0.087998644 -1.049638867 -0.004460542 0.999838829 0.017387077 0.171616420 -0.087933801 -0.017712072 0.995968819 1.098424792
0.995079339 0.002387705 0.099052832 -1.357017159 -0.004507211 0.999765515 0.021179475 0.233721972 -0.098979034 -0.021521710 0.994856775 0.859001875
0.993551552 0.002131769 0.113361210 -0.885921419 -0.004825277 0.999712408 0.023491332 0.176438436 -0.113278516 -0.023886848 0.993276119 2.580448627
0.991948783 0.001574792 0.126629785 -1.172591567 -0.004612107 0.999708593 0.023696166 0.239917591 -0.126555562 -0.024089413 0.991666973 2.409953594
0.989838064 0.002343568 0.142179444 -0.684042037 -0.005579994 0.999734163 0.022368534 0.189405292 -0.142089233 -0.022934591 0.989588082 4.076404095
0.987447083 0.001902189 0.157938644 -1.282885671 -0.005254722 0.999769568 0.020811934 0.319245577 -0.157862678 -0.021380609 0.987229586 3.381110430
0.984001577 0.003581302 0.178123266 -0.792938232 -0.007150361 0.999786377 0.019399103 0.255227566 -0.178015739 -0.020362396 0.983816922 4.745040417
0.978954375 0.006557420 0.203973651 -0.974883556 -0.010458435 0.999782324 0.018053016 0.321355045 -0.203810856 -0.019806324 0.978809893 4.968718052
0.972227275 0.008746189 0.233874962 -0.787143826 -0.013150016 0.999764383 0.017277092 0.322334886 -0.233668730 -0.019872723 0.972113132 5.759784222
0.963781774 0.009950829 0.266506195 -0.569474578 -0.014955484 0.999747753 0.016755724 0.322556525 -0.266272217 -0.020134592 0.963687539 6.551334381
0.953894794 0.009682037 0.299985081 -0.430748701 -0.015096521 0.999762237 0.015736639 0.320695966 -0.299761385 -0.019539829 0.953814030 6.983144760
0.942846775 0.010023803 0.333075702 -0.432555676 -0.015585823 0.999780059 0.014031177 0.393214285 -0.332861781 -0.018420510 0.942795634 7.651953697
0.931356728 0.011067678 0.363939852 -0.259441614 -0.016354278 0.999800682 0.011447479 0.389055312 -0.363740683 -0.016613657 0.931352079 8.097090721
0.919039965 0.012948364 0.393951684 0.303642988 -0.017501883 0.999815106 0.007967876 0.359519273 -0.393775642 -0.014217691 0.919096589 9.329399109
0.905679047 0.010712038 0.423828661 0.513394356 -0.013514644 0.999902129 0.003607451 0.350273967 -0.423748583 -0.008995084 0.905735135 9.772678375
0.891902089 0.007409133 0.452167898 0.845070839 -0.007201141 0.999971688 -0.002181071 0.386148840 -0.452171206 -0.001310822 0.891930103 10.580830574
0.877753854 0.002546731 0.479105145 1.100693464 0.000957871 0.999974549 -0.007070350 0.371864319 -0.479110897 0.006664947 0.877728939 11.030196190
0.862471163 0.000265336 0.506106079 1.568670273 0.006670554 0.999907017 -0.011891721 0.378906548 -0.506062210 0.013632273 0.862389266 12.003905296
0.847886920 -0.005401263 0.530149519 1.875698090 0.015936086 0.999755859 -0.015301450 0.360628098 -0.529937565 0.021422409 0.847766101 12.466686249
0.833516121 -0.006253181 0.552459955 2.592169762 0.023255374 0.999446869 -0.023773672 0.294544339 -0.552005768 0.032663397 0.833200336 13.438532829
0.818002760 -0.001295230 0.575212777 2.906677246 0.028301859 0.998876870 -0.037998497 0.268735349 -0.574517608 0.047362462 0.817120671 13.894145012
0.802907228 0.008957904 0.596036732 3.492127419 0.029874418 0.998026073 -0.055242587 0.224055827 -0.595354974 0.062160932 0.801054597 14.727426529
0.786597073 0.019529050 0.617157757 3.858096600 0.030721067 0.997024059 -0.070704833 0.182348967 -0.616701961 0.074575961 0.783656299 15.190696716
0.770373762 0.023195803 0.637170494 4.554502964 0.035675704 0.996204376 -0.079400092 0.090287447 -0.636593640 0.083899245 0.766622066 16.005695343
0.754143476 0.023970904 0.656272113 4.962304115 0.040030163 0.995797396 -0.082372315 0.036460757 -0.655488491 0.088391222 0.750014544 16.449245453
0.737119555 0.021816669 0.675410092 5.662462711 0.043803725 0.995834112 -0.079972707 -0.062331915 -0.674341142 0.088534929 0.733093143 17.231170654
0.721576512 0.016188812 0.692145407 6.098021507 0.047645409 0.996195257 -0.072971694 -0.121137738 -0.690693378 0.085632212 0.718059778 17.671703339
0.707572281 0.007107819 0.706605136 6.565269947 0.056726914 0.996150792 -0.066824958 -0.183270752 -0.704360187 0.087367006 0.704445541 18.122676849
0.696454644 0.005495133 0.717579722 7.438813686 0.059574436 0.996075928 -0.065448418 -0.291938603 -0.715123594 0.088331252 0.693394423 18.966083527
0.687288761 0.005675056 0.726362109 7.902974129 0.063173622 0.995713532 -0.067554817 -0.347829819 -0.723631978 0.092316605 0.683984280 19.394401550
0.678858936 0.007558961 0.734229803 8.646483421 0.064337201 0.995488763 -0.069733955 -0.425315857 -0.731444657 0.094577782 0.675310135 20.071187973
0.670437098 0.013517930 0.741843224 9.117925644 0.059545387 0.995628834 -0.071956307 -0.479082882 -0.739573061 0.092415512 0.666701674 20.480499268
0.660144329 0.013921822 0.751009703 9.873247147 0.058649898 0.995820403 -0.070013776 -0.578329980 -0.748845577 0.090265863 0.656568587 21.201416016
0.652556121 0.012972329 0.757629216 10.362071991 0.061277799 0.995675206 -0.069827586 -0.636395097 -0.755258620 0.091992281 0.648939073 21.613471985
0.646284640 0.012675628 0.762991309 10.918851852 0.064345524 0.995395899 -0.071039863 -0.698548973 -0.760378718 0.095007040 0.642493427 22.066349030
0.642419696 0.014802902 0.766209900 11.738964081 0.065223478 0.995129645 -0.073911406 -0.780702949 -0.763572454 0.097457014 0.638325512 22.771974564
0.642736316 0.017767413 0.765881300 12.278958321 0.064515285 0.994924307 -0.077222854 -0.832528830 -0.763366163 0.099045008 0.638327718 23.226016998
0.645673394 0.015044221 0.763465464 13.034697533 0.066736400 0.994868636 -0.076043963 -0.920081854 -0.760691822 0.100050502 0.641356230 23.865880966
0.650766611 0.015155743 0.759126544 13.612770081 0.065325662 0.994975924 -0.075865306 -0.995495260 -0.756462336 0.098961040 0.646507084 24.369960785
0.657122672 0.015585604 0.753622532 14.364944458 0.063324086 0.995110631 -0.075795352 -1.079084635 -0.751119018 0.097529285 0.652922630 25.029741287
0.663531601 0.017248349 0.747949362 14.984788895 0.060836740 0.995179534 -0.076920055 -1.146231651 -0.745670557 0.096541665 0.659283698 25.575014114
0.668150485 0.018811394 0.743788302 15.855518341 0.057292622 0.995411277 -0.076641649 -1.287040472 -0.741816998 0.093821749 0.664006829 26.536447525
0.672268450 0.020728949 0.740017235 16.506963730 0.053005990 0.995694518 -0.076044135 -1.369533181 -0.738407433 0.090347402 0.668275356 27.121831894
0.673146904 0.023837717 0.739124417 17.242818832 0.048263192 0.995933354 -0.076075122 -1.449871302 -0.737932205 0.086882241 0.669258893 27.822360992
0.672724068 0.024379928 0.739491642 17.901714325 0.045857511 0.996161640 -0.074559070 -1.531618237 -0.738470912 0.084068939 0.669023871 28.437631607
0.671953857 0.023950122 0.740205646 18.765172958 0.044981178 0.996311843 -0.073070332 -1.671882629 -0.739225745 0.082395189 0.668398321 29.249294281
0.671281159 0.024098383 0.740810871 19.456268311 0.044283029 0.996381938 -0.072538823 -1.742647648 -0.739878714 0.081499293 0.667785287 29.884906769
0.671518385 0.023957537 0.740600467 20.175683975 0.044337623 0.996387243 -0.072433814 -1.793390274 -0.739660203 0.081477098 0.668030143 30.501640320
0.671179473 0.022329349 0.740958452 20.875797272 0.045190740 0.996454716 -0.070963874 -1.880160451 -0.739916205 0.081113964 0.667790890 31.147836685
0.671384275 0.022735223 0.740760565 21.698322296 0.044712052 0.996466041 -0.071107782 -1.969319820 -0.739759386 0.080861568 0.667995095 31.880039215
0.671156406 0.024740797 0.740902841 22.446319580 0.041827895 0.996586919 -0.071169138 -2.045258284 -0.740134716 0.078756027 0.667830825 32.559356689
0.670456171 0.022756780 0.741600096 23.293525696 0.042176288 0.996744335 -0.068716355 -2.205753088 -0.740749419 0.077349223 0.667313576 33.411281586
0.670852363 0.023206102 0.741227806 24.050231934 0.041051090 0.996815622 -0.068361484 -2.296695709 -0.740453780 0.076288670 0.667763591 34.104396820
0.671927333 0.022053285 0.740288734 24.809534073 0.040962812 0.996919870 -0.066878505 -2.386821032 -0.739483297 0.075261794 0.668954313 34.799263000
0.674212575 0.019407149 0.738282382 25.599748611 0.041399535 0.997089684 -0.064017199 -2.478784561 -0.737376094 0.073725730 0.671446979 35.498241425
0.674107015 0.018304884 0.738406837 26.282226562 0.040449638 0.997277856 -0.061649546 -2.600191593 -0.737525284 0.071426667 0.671531558 36.262886047
0.676344275 0.017425314 0.736379504 27.049976349 0.040884711 0.997290730 -0.061150864 -2.683379650 -0.735450149 0.071465693 0.673799455 36.970478058
0.677832127 0.017798565 0.735001326 27.787960052 0.040616605 0.997273624 -0.061607074 -2.761275768 -0.734094024 0.071612500 0.675261080 37.655700684
0.678492486 0.018637642 0.734370828 28.455436707 0.039969917 0.997260630 -0.062238127 -2.830009699 -0.733519197 0.071580850 0.675888836 38.281547546
0.677303672 0.021299228 0.735395193 29.187854767 0.038394623 0.997195363 -0.064243428 -2.914725304 -0.734701097 0.071747527 0.674586356 38.977687836
0.676589191 0.022916913 0.736003995 30.007946014 0.037802447 0.997116625 -0.065797947 -3.040333748 -0.735389709 0.072340950 0.673772037 39.616950989
0.672871232 0.023665078 0.739380956 30.752820969 0.037388988 0.997122884 -0.065940253 -3.139806986 -0.738814056 0.072014011 0.670050502 40.303775787
0.668192089 0.022432297 0.743650556 31.516614914 0.038459856 0.997167408 -0.064636990 -3.210026264 -0.742994070 0.071790621 0.665436625 40.980476379
0.663471937 0.019566301 0.747945309 32.281967163 0.039161835 0.997379541 -0.060830407 -3.302381277 -0.747175574 0.069650173 0.660967112 41.659450531
0.658452988 0.020690180 0.752337396 32.971473694 0.037104335 0.997514129 -0.059906915 -3.361655235 -0.751706660 0.067360871 0.656048477 42.295017242
0.653558254 0.022032870 0.756555378 33.722450256 0.038997661 0.997268260 -0.062731579 -3.442561388 -0.755870879 0.070502646 0.650913715 42.954883575
0.650361717 0.023407282 0.759263933 34.659187317 0.039623674 0.997119069 -0.064680479 -3.517746687 -0.758590519 0.072150543 0.647560537 43.711372375
0.645932317 0.026224993 0.762944102 35.391731262 0.038348537 0.997033298 -0.066738494 -3.594149351 -0.762430906 0.072366334 0.643010318 44.341247559
0.642315924 0.027496258 0.765946746 36.131237030 0.037593219 0.997023165 -0.067316860 -3.675302505 -0.765517592 0.072033085 0.639370084 44.967620850
0.639641404 0.025553839 0.768248558 36.874809265 0.038998701 0.997081280 -0.065635562 -3.762114286 -0.767683506 0.071943931 0.636777878 45.578411102
0.637690604 0.018753700 0.770064294 37.624843597 0.039662756 0.997578084 -0.057139177 -3.833795309 -0.769270837 0.066979989 0.635402322 46.194751740
0.635414124 0.013382402 0.772055566 38.250125885 0.038295820 0.998073280 -0.048818145 -3.850331068 -0.771221340 0.060586225 0.633677304 46.704193115
0.633672655 0.011257406 0.773519456 39.004180908 0.039223488 0.998140514 -0.046658579 -3.915778160 -0.772606373 0.059906390 0.632052720 47.328514099
0.632291555 0.015355038 0.774578452 39.724498749 0.039347336 0.997876823 -0.051901042 -3.981616497 -0.773730695 0.063294180 0.630344808 47.938697815
0.629078507 0.019634739 0.777093589 40.365886688 0.040998947 0.997451484 -0.058392256 -4.042364597 -0.776259720 0.068593346 0.626670301 48.541782379
0.628812432 0.016458428 0.777382731 41.103977203 0.046564732 0.997184575 -0.058777444 -4.116330624 -0.776161373 0.073158622 0.626275659 49.125606537
0.629334569 0.014248340 0.777003825 41.869934082 0.050115090 0.997006714 -0.058873385 -4.184625149 -0.775516927 0.075990669 0.626736760 49.720165253
0.629850984 0.008309104 0.776671588 42.642204285 0.051828489 0.997264504 -0.052700009 -4.321310997 -0.774984896 0.073446862 0.627697349 50.338333130
0.630533099 0.005333207 0.776144028 43.379676819 0.050398726 0.997584701 -0.047798336 -4.383133411 -0.774524271 0.069255099 0.628741384 50.938842773
0.631657779 0.002406960 0.775243580 44.208862305 0.047396705 0.998004615 -0.041716751 -4.457435608 -0.773797154 0.063094690 0.630283296 51.611358643
0.632513642 0.007148089 0.774516225 44.949188232 0.038628470 0.998421907 -0.040760715 -4.513456821 -0.773585498 0.055700075 0.631239295 52.222267151
0.634601891 0.012414348 0.772739470 45.674110413 0.029815724 0.998733342 -0.040530782 -4.536619186 -0.772263825 0.048760694 0.633427978 52.792961121
0.636339843 0.009567684 0.771349549 46.400878906 0.033003874 0.998669803 -0.039614510 -4.592169762 -0.770702481 0.050665818 0.635177672 53.396862030
0.639440238 0.007638100 0.768802762 47.123481750 0.037170079 0.998474181 -0.040835556 -4.649997711 -0.767941773 0.054688353 0.638180614 53.980720520
0.644863665 0.009041419 0.764244139 47.823600769 0.038453031 0.998279870 -0.044256587 -4.684022903 -0.763329685 0.057926975 0.643406749 54.548206329
0.651524127 0.006809216 0.758597314 48.524539948 0.042082388 0.998095632 -0.045101587 -4.716089249 -0.757459700 0.061308358 0.649996936 55.142776489
0.658431947 0.001728274 0.752638161 49.220260620 0.048922654 0.997784197 -0.045090310 -4.774641991 -0.751048565 0.066509955 0.656888604 55.748443604
0.667100549 0.005605765 0.744946718 49.871055603 0.043883394 0.997939467 -0.046807181 -4.811139584 -0.743674099 0.063915879 0.665479898 56.320766449
0.676048756 0.006344475 0.736829638 50.546073914 0.040930081 0.998095691 -0.046147894 -4.862343788 -0.735719204 0.061356716 0.674501717 56.959434509
0.684906721 0.009657930 0.728566706 51.144481659 0.034231707 0.998381555 -0.045414954 -4.869798183 -0.727826059 0.056045089 0.683467686 57.528839111
0.694246531 0.010078057 0.719666719 51.828571320 0.032394893 0.998451233 -0.045232724 -4.927598953 -0.719007909 0.054716196 0.692844689 58.190704346
0.703710198 0.008730322 0.710433364 52.477130890 0.032566983 0.998477161 -0.044528794 -4.981636047 -0.709740341 0.054472044 0.702354252 58.844234467
0.712722361 0.007863663 0.701402068 53.116558075 0.033446625 0.998418808 -0.045180049 -5.044273853 -0.700648367 0.055660367 0.711332321 59.506469727
0.722768128 0.009595211 0.691024065 53.781436920 0.034172561 0.998184264 -0.049602658 -5.124270439 -0.690245211 0.059465282 0.721127927 60.194313049
0.731382370 0.013386291 0.681836307 54.397212982 0.036573555 0.997598588 -0.058816768 -5.184215069 -0.680986166 0.067954719 0.729136407 60.859424591
0.741118312 0.017920729 0.671135187 55.043930054 0.034202486 0.997337878 -0.064400002 -5.257061958 -0.670502603 0.070682511 0.738532484 61.561836243
0.749294460 0.017328389 0.662010252 55.635108948 0.031493980 0.997594118 -0.061758816 -5.324537754 -0.661487699 0.067124873 0.746945977 62.245700836
0.757593691 0.016686430 0.652513146 56.217979431 0.028606486 0.997863829 -0.058731198 -5.394688129 -0.652099311 0.063160487 0.755497992 62.933006287
0.764338434 0.020355258 0.644493937 56.786743164 0.024948189 0.997819722 -0.061101809 -5.464340210 -0.644332469 0.062781416 0.762164116 63.623119354
0.769243240 0.028084774 0.638338447 57.356903076 0.019994132 0.997486353 -0.067980431 -5.544607162 -0.638643086 0.065056503 0.766748011 64.321189880
0.772403836 0.036873873 0.634060562 57.909759521 0.014194954 0.997061670 -0.075276345 -5.616513252 -0.634973288 0.067144193 0.769610763 65.020507812
0.775002182 0.038444418 0.630788147 58.558925629 0.013277227 0.996937037 -0.077072702 -5.753700256 -0.631818950 0.068106629 0.772117913 65.830429077
0.777454555 0.040450580 0.627636909 59.109642029 0.010812539 0.996922493 -0.077644169 -5.834500790 -0.628846169 0.067151166 0.774624527 66.523857117
0.780615449 0.041683145 0.623620033 59.657241821 0.009027547 0.996917605 -0.077934779 -5.914777279 -0.624946237 0.066466846 0.777833045 67.222190857
0.784496486 0.041520521 0.618741632 60.209136963 0.006107958 0.997190297 -0.074660473 -5.994053364 -0.620103002 0.062350117 0.782038748 67.928459167
0.787927151 0.038818564 0.614543736 60.759716034 0.005951817 0.997484207 -0.070638590 -6.076011181 -0.615739763 0.059315708 0.785713792 68.647552490
0.792743623 0.036165241 0.608481348 61.286830902 0.005680539 0.997756839 -0.066702634 -6.183547497 -0.609528601 0.056334604 0.790759921 69.218185425
0.795899928 0.044248469 0.603808999 61.803043365 -0.003546537 0.997649252 -0.068435155 -6.252086639 -0.605417788 0.052326106 0.794185936 69.946075439
0.799823880 0.049786832 0.598166347 62.271602631 -0.009866792 0.997509956 -0.069831990 -6.343524456 -0.600153685 0.049951326 0.798323393 70.589294434
0.804111123 0.050229657 0.592353165 62.797676086 -0.008217716 0.997268021 -0.073409706 -6.421263695 -0.594422281 0.054161765 0.802327096 71.311660767
0.809003055 0.051273979 0.585564017 63.387905121 -0.007314431 0.996989250 -0.077194311 -6.487808228 -0.587758958 0.058167361 0.806942284 72.104690552
0.812825918 0.051119715 0.580259323 63.901062012 -0.009025346 0.997127533 -0.075202294 -6.572186947 -0.582436800 0.055889335 0.810952365 72.830154419
0.816914380 0.047643602 0.574787736 64.424552917 -0.009252901 0.997536600 -0.069534197 -6.666473389 -0.576684773 0.051485039 0.815342903 73.581207275
0.821154952 0.045554712 0.568884254 64.844444275 -0.009383537 0.997752130 -0.066352636 -6.753356457 -0.570628166 0.049147647 0.819736540 74.221755981
0.824860394 0.047845367 0.563308239 65.283775330 -0.010489454 0.997536063 -0.069367252 -6.836848259 -0.565239131 0.051309507 0.823329866 74.877151489
0.828462541 0.049262479 0.557873726 65.765121460 -0.010634928 0.997328103 -0.072274812 -6.911867619 -0.559943557 0.053944018 0.826772928 75.605865479
0.832473814 0.050792977 0.551731288 66.269226074 -0.012570607 0.997264266 -0.072842203 -6.992828369 -0.553921819 0.053703617 0.830834806 76.374397278
0.836407840 0.049117792 0.545902371 66.740089417 -0.011643417 0.997344136 -0.071896903 -7.072749138 -0.547984064 0.053778954 0.834758282 77.149536133
0.840740800 0.046570864 0.539431214 67.235130310 -0.009618132 0.997421384 -0.071120121 -7.152651787 -0.541352391 0.054605279 0.839020789 77.927467346
0.844978988 0.044218577 0.532968163 67.712844849 -0.006867584 0.997390985 -0.071862169 -7.223626614 -0.534755290 0.057061829 0.843078136 78.683975220
0.849469662 0.042451520 0.525926888 68.203170776 -0.005668444 0.997434795 -0.071354888 -7.315852642 -0.527606964 0.057632633 0.847531259 79.397125244
0.852670252 0.047290642 0.520304799 68.640556335 -0.011530416 0.997355640 -0.071753994 -7.385629177 -0.522322237 0.055183161 0.850960791 80.156105042
0.856041908 0.050137904 0.514469147 69.132354736 -0.015844172 0.997362256 -0.070834912 -7.466878414 -0.516663492 0.052486327 0.854578257 80.950347900
0.858086228 0.047686379 0.511286795 69.551101685 -0.013826535 0.997463346 -0.069825910 -7.551222324 -0.513319492 0.052847322 0.856568813 81.718894958
0.860872030 0.046583045 0.506684780 70.002578735 -0.013085658 0.997497857 -0.069474019 -7.626385689 -0.508653283 0.053177919 0.859327614 82.459907532
0.863084912 0.045460984 0.503008664 70.430397034 -0.011582784 0.997460425 -0.070274360 -7.710035801 -0.504925966 0.054826494 0.861419618 83.229896545
0.866640806 0.038100801 0.497475624 70.879928589 -0.005000993 0.997693121 -0.067699507 -7.785576820 -0.498907357 0.056183282 0.864832222 83.980636597
0.869016767 0.030762358 0.493825436 71.305252075 0.001824713 0.997859299 -0.065371715 -7.853897572 -0.494779319 0.057710197 0.867100298 84.751441956
0.871396482 0.030023294 0.489659905 71.738861084 0.001920831 0.997909009 -0.064604677 -7.909938812 -0.490575701 0.057236850 0.869516790 85.517471313
0.873699784 0.032036480 0.485409558 72.162597656 0.000453570 0.997775137 -0.066668421 -7.983667850 -0.486465335 0.058468342 0.871741235 86.276199341
0.875389099 0.034105916 0.482214332 72.589408875 -0.001262340 0.997666001 -0.068271041 -8.059981346 -0.483417302 0.059155002 0.873389006 87.058990479
0.875973403 0.036621764 0.480967164 72.998672485 -0.003940025 0.997623742 -0.068785131 -8.124540329 -0.482343286 0.058358919 0.874036133 87.827896118
0.875781417 0.039348714 0.481101453 73.382095337 -0.006979560 0.997600019 -0.068887159 -8.159878731 -0.482657433 0.056972213 0.873954237 88.583076477
0.876369059 0.035962787 0.480295688 73.809051514 -0.006036212 0.997950315 -0.063708946 -8.235311508 -0.481602311 0.052933384 0.874789894 89.352233887
0.876911044 0.034424677 0.479418099 74.227157593 -0.006958383 0.998236656 -0.058950827 -8.304281235 -0.480602056 0.048358664 0.875604391 90.130775452
0.877309918 0.032807909 0.478801578 74.644126892 -0.006354789 0.998367310 -0.056765132 -8.375157356 -0.479882181 0.046757918 0.876086056 90.902893066
0.878120959 0.034938391 0.477161378 75.056022644 -0.006313856 0.998089433 -0.061462048 -8.443595886 -0.478397101 0.050958388 0.876663864 91.653411865
0.877918899 0.038369581 0.477269381 75.552360535 -0.007912891 0.997810543 -0.065662488 -8.515986443 -0.478743821 0.053869762 0.876300395 92.530708313
0.877805769 0.041712638 0.477197081 75.949249268 -0.011861928 0.997788727 -0.065398425 -8.581662178 -0.478869796 0.051746625 0.876359522 93.282440186
0.878039122 0.041527331 0.476783931 76.306076050 -0.012312733 0.997858703 -0.064237364 -8.657840729 -0.478430718 0.050532412 0.876670182 93.990074158
0.878504753 0.038397614 0.476188004 76.760284424 -0.008727568 0.997888327 -0.064363912 -8.731601715 -0.477653921 0.052388038 0.876984715 94.795181274
0.878733575 0.041787174 0.475479901 77.157455444 -0.011118638 0.997682095 -0.067132182 -8.796395302 -0.477183074 0.053704612 0.877161384 95.540313721
0.878253639 0.049896613 0.475584775 77.511146545 -0.018928295 0.997389257 -0.069687895 -8.867986679 -0.477820337 0.052201640 0.876905203 96.262817383
0.878165245 0.057446066 0.474895418 77.932220459 -0.026023535 0.997029960 -0.072484337 -8.940897942 -0.477648884 0.051294770 0.877052069 97.050605774
0.878411949 0.056243759 0.474582881 78.326522827 -0.022992942 0.996874332 -0.075583570 -9.015960693 -0.477350652 0.055481475 0.876959562 97.780715942
0.878473103 0.055817839 0.474520087 78.719261169 -0.022182021 0.996846259 -0.076193795 -9.094705582 -0.477276593 0.056408387 0.876940727 98.520103455
0.880297661 0.053131055 0.471437246 79.196548462 -0.019605283 0.996934354 -0.075746424 -9.222686768 -0.474016547 0.057436738 0.878640652 99.351615906
0.881508648 0.043011900 0.470204651 79.578704834 -0.009637521 0.997273803 -0.073157698 -9.299144745 -0.472069502 0.059957519 0.879520059 100.042892456
0.883412421 0.036373150 0.467182487 79.967056274 -0.004929273 0.997649014 -0.068352431 -9.376461983 -0.468570292 0.058080524 0.881515026 100.747993469
0.884468496 0.030130688 0.465626001 80.357383728 -0.001006101 0.998033702 -0.062671699 -9.450254440 -0.466598809 0.054962683 0.882759690 101.488769531
0.886044443 0.028824439 0.462703347 80.731758118 -0.000042023 0.998070240 -0.062095039 -9.517387390 -0.463600338 0.054999519 0.884335816 102.207542419
0.888380289 0.029910889 0.458132893 81.079574585 0.000850002 0.997766554 -0.066791117 -9.588512421 -0.459107488 0.059725326 0.886370778 102.867828369
0.891480982 0.029090181 0.452123076 81.441131592 0.002691337 0.997578859 -0.069492191 -9.657968521 -0.453049958 0.063167788 0.889244378 103.587600708
0.895223081 0.028699756 0.444693148 81.798454285 0.002835323 0.997536838 -0.070087217 -9.724190712 -0.445609182 0.064004555 0.892936587 104.318580627
0.899832845 0.024189143 0.435563654 82.161178589 0.004610109 0.997878551 -0.064941473 -9.802129745 -0.436210483 0.060444474 0.897812247 105.042449951
0.904972076 0.020043928 0.424998611 82.501457214 0.007604095 0.997968197 -0.063258328 -9.868958473 -0.425402999 0.060478751 0.902980924 105.771537781
0.911085665 0.016246388 0.411896795 82.857124329 0.011558909 0.997823179 -0.064924449 -9.952232361 -0.412055045 0.063912816 0.908914626 106.527885437
0.916998088 0.016974933 0.398530185 83.171371460 0.010252347 0.997761071 -0.066088617 -10.017802238 -0.398759812 0.064689018 0.914770961 107.275520325
0.922738016 0.013648687 0.385185987 83.483932495 0.012661050 0.997760057 -0.065685019 -10.085557938 -0.385219663 0.065486923 0.920498371 107.932113647
0.928029299 0.013786604 0.372251809 83.765747070 0.012144750 0.997663856 -0.067226239 -10.148933411 -0.372308969 0.066908821 0.925693929 108.597137451
0.932995379 0.018921392 0.359390557 84.035644531 0.008317965 0.997216463 -0.074095808 -10.219529152 -0.359792203 0.072120450 0.930240870 109.323394775
0.937446892 0.028149746 0.346988589 84.286514282 0.000989222 0.996506035 -0.083514936 -10.291595459 -0.348127186 0.078634076 0.934143543 110.046279907
0.941838324 0.034568731 0.334283769 84.516952515 -0.004009680 0.995780528 -0.091677807 -10.361133575 -0.336042523 0.085005291 0.938002944 110.767150879
0.946585298 0.033887219 0.320667893 84.779434204 -0.004281830 0.995695949 -0.092582546 -10.434644699 -0.322425097 0.086264223 0.942656100 111.483871460
0.949884772 0.036306616 0.310484439 84.982452393 -0.009096462 0.996022105 -0.088640824 -10.507655144 -0.312467605 0.081374265 0.946436524 112.216102600
0.952931404 0.039889868 0.300550342 85.198371887 -0.014456794 0.996157706 -0.086375803 -10.587671280 -0.302841067 0.077965207 0.949846745 112.953056335
0.955656886 0.044124935 0.291157931 85.407470703 -0.017717320 0.995534658 -0.092720211 -10.672676086 -0.293949068 0.083450168 0.952171147 113.656341553
0.957123995 0.051797021 0.285010040 85.597198486 -0.023448348 0.994508505 -0.101995006 -10.717426300 -0.288727939 0.090938859 0.953082442 114.396995544
0.958026886 0.054585412 0.281433821 85.798446655 -0.026063513 0.994224012 -0.104111820 -10.800772667 -0.285491258 0.092406765 0.953916013 115.102722168
0.957799971 0.055003393 0.282123774 85.986312866 -0.027671017 0.994605780 -0.099968165 -10.879968643 -0.286100596 0.087942839 0.954155385 115.801406860
0.957426846 0.054131154 0.283555597 86.197479248 -0.027957056 0.995031416 -0.095555767 -10.971467972 -0.287319243 0.083560258 0.954183042 116.501800537
0.956603706 0.053569745 0.286425501 86.421264648 -0.027901990 0.995278895 -0.092958502 -11.051010132 -0.290053010 0.080932617 0.953582287 117.213905334
0.955621302 0.052634668 0.289857656 86.628158569 -0.026547523 0.995292425 -0.093209609 -11.128232002 -0.293399215 0.081378080 0.952520132 117.920791626
0.954663336 0.052038752 0.293103993 86.846206665 -0.025545578 0.995291114 -0.093503617 -11.206696510 -0.296589613 0.081776969 0.951497257 118.614486694
0.951937795 0.053894527 0.301512361 86.954856873 -0.026950017 0.995317757 -0.092823528 -11.271507263 -0.305103272 0.080236450 0.948933125 119.307380676
0.950380147 0.054455470 0.306287676 87.162628174 -0.027029887 0.995291233 -0.093083672 -11.346681595 -0.309914440 0.080185957 0.947377086 119.996154785
0.948495030 0.055425812 0.311905622 87.400817871 -0.028162563 0.995429933 -0.091247067 -11.426713943 -0.315537661 0.077763326 0.945721328 120.682296753
0.946293652 0.053988814 0.318768859 87.607269287 -0.026940860 0.995697379 -0.088661604 -11.505248070 -0.322184056 0.075312003 0.943676531 121.361938477
0.944959044 0.053544305 0.322777599 87.850616455 -0.026177714 0.995728552 -0.088539995 -11.581861496 -0.326139688 0.075217076 0.942324400 122.022048950
0.942986310 0.057027794 0.327909589 88.086029053 -0.028963082 0.995534360 -0.089845940 -11.659701347 -0.331568986 0.075226218 0.940426946 122.716323853
0.942092836 0.059799962 0.329977244 88.384262085 -0.030198475 0.995102763 -0.094119638 -11.705137253 -0.333989650 0.078704618 0.939285040 123.368049622
0.941243887 0.060530696 0.332258761 88.615638733 -0.029939037 0.994888902 -0.096435018 -11.785180092 -0.336397856 0.080821373 0.938245416 124.028259277
0.940988123 0.058348503 0.333371818 88.856292725 -0.026940595 0.994814396 -0.098074116 -11.859693527 -0.337365568 0.083305344 0.937680483 124.674369812
0.941193283 0.055059031 0.333352447 89.083190918 -0.024209017 0.995086551 -0.096003920 -11.939891815 -0.337000400 0.082288079 0.937901616 125.331481934
0.943023920 0.050122973 0.328927666 89.326217651 -0.020769976 0.995527983 -0.092154711 -12.025669098 -0.332075745 0.080072306 0.939847887 126.035507202
0.945471585 0.049118463 0.321979374 89.540115356 -0.020536423 0.995586514 -0.091574423 -12.105387688 -0.325056285 0.079968721 0.942307472 126.682380676
0.949065149 0.045952976 0.311710924 89.743614197 -0.017861785 0.995563328 -0.092383958 -12.167903900 -0.314573169 0.082110703 0.945675194 127.244400024
0.953560352 0.042706896 0.298159063 89.934585571 -0.015581060 0.995565712 -0.092769384 -12.236286163 -0.300798833 0.083815567 0.949997425 127.887947083
0.958147407 0.041237235 0.283289611 90.125541687 -0.016413976 0.995856345 -0.089446850 -12.312061310 -0.285804242 0.081053346 0.954854071 128.514694214
0.962553680 0.044071458 0.267484754 90.295181274 -0.022225210 0.996204436 -0.084158882 -12.382249832 -0.270178497 0.075062558 0.959879756 129.156509399
0.966952443 0.042915672 0.251318902 90.461090088 -0.024230596 0.996738255 -0.076977342 -12.449853897 -0.253802717 0.068343818 0.964838564 129.800918579
0.970919788 0.040623754 0.235932991 90.595352173 -0.024842940 0.997273982 -0.069479510 -12.508125305 -0.238112345 0.061597757 0.969282329 130.440902710
0.974896431 0.039260823 0.219170183 90.727371216 -0.026311593 0.997748196 -0.061693363 -12.563535690 -0.221098781 0.054377921 0.973734260 131.077239990
0.978380442 0.039255038 0.203053981 90.841903687 -0.028540302 0.998054504 -0.055430591 -12.616387367 -0.204834849 0.048436984 0.977597356 131.718811035
0.981988311 0.038396247 0.184999168 90.959632874 -0.029184174 0.998206735 -0.052264411 -12.678932190 -0.186674193 0.045923993 0.981347859 132.406646729
0.985256672 0.036682580 0.167103916 91.053009033 -0.028604809 0.998314619 -0.050493609 -12.719518661 -0.168674499 0.044969186 0.984645486 132.999755859
0.987900615 0.037781641 0.150416285 91.129409790 -0.030743977 0.998333216 -0.048842259 -12.763885498 -0.152010918 0.043626893 0.987415493 133.630661011
0.990136683 0.041525375 0.133809179 91.204284668 -0.035493892 0.998256981 -0.047150694 -12.801170349 -0.135533854 0.041936230 0.989884734 134.257263184
0.991848528 0.043172047 0.119886138 91.261932373 -0.038303409 0.998356700 -0.042623129 -12.841503143 -0.121529251 0.037683643 0.991872191 134.867446899
0.993401527 0.038583584 0.108003609 91.325584412 -0.034543175 0.998640656 -0.039034668 -12.877514839 -0.109362885 0.035046309 0.993383884 135.497619629
0.994532228 0.037914317 0.097304493 91.354484558 -0.034418643 0.998709202 -0.037356131 -12.918138504 -0.098595217 0.033802792 0.994553328 136.021835327
0.995215416 0.044007320 0.087232612 91.401206970 -0.040645383 0.998374641 -0.039949290 -12.958337784 -0.088848904 0.036212549 0.995386660 136.640396118
0.995805502 0.047872603 0.077970818 91.403312683 -0.044319842 0.997926414 -0.046676248 -12.985073090 -0.080043644 0.043024808 0.995862365 137.215087891
0.996436119 0.049188066 0.068525195 91.431228638 -0.045392524 0.997404754 -0.055886857 -13.025642395 -0.071096309 0.052577153 0.996082783 137.800048828
0.997269809 0.043322973 0.059800051 91.467941284 -0.039539825 0.997226179 -0.063059196 -13.058854103 -0.062366098 0.060522549 0.996216595 138.352691650
0.997616112 0.043350112 0.053691290 91.489379883 -0.040047985 0.997326553 -0.061121807 -13.098363876 -0.056197390 0.058825880 0.996685147 138.956481934
0.997839093 0.044632591 0.048219200 91.502632141 -0.042107239 0.997749686 -0.052176513 -13.142034531 -0.050439462 0.050033383 0.997473061 139.530197144
0.997814178 0.048593868 0.044783302 91.510513306 -0.046799079 0.998091400 -0.040290449 -13.181285858 -0.046655696 0.038106564 0.998183846 140.148178101
0.997913897 0.048250251 0.042892516 91.533683777 -0.046927352 0.998406887 -0.031332128 -13.225601196 -0.044335965 0.029253937 0.998588204 140.776702881
0.998100281 0.045476232 0.041566133 91.562164307 -0.044157442 0.998508334 -0.032113682 -13.254241943 -0.042964537 0.030217219 0.998619556 141.393676758
0.998227715 0.043215819 0.040915079 91.578109741 -0.041789193 0.998509467 -0.035103988 -13.275577545 -0.042371150 0.033331957 0.998545766 142.009963989
0.998434365 0.040090661 0.039010324 91.606063843 -0.038696028 0.998607039 -0.035871860 -13.296706200 -0.040394116 0.034306142 0.998594701 142.613525391
0.998414159 0.041935273 0.037559133 91.617225647 -0.040709671 0.998631835 -0.032822464 -13.324331284 -0.038884163 0.031241391 0.998755217 143.231002808
0.998495400 0.042393852 0.034781020 91.639900208 -0.041391693 0.998720706 -0.029044855 -13.350477219 -0.035967845 0.027561508 0.998972774 143.832122803
0.998632848 0.041463103 0.031831179 91.658187866 -0.040720571 0.998891056 -0.023631776 -13.381211281 -0.032775726 0.022303281 0.999213874 144.461502075
0.998785675 0.040460438 0.028108640 91.652565002 -0.039881211 0.998986423 -0.020870928 -13.407994270 -0.028924601 0.019724574 0.999386966 144.908691406
0.998992920 0.039026707 0.022133794 91.661094666 -0.038611468 0.999075770 -0.018887591 -13.424504280 -0.022850459 0.018013950 0.999576569 145.544082642
0.999212563 0.037166525 0.013888886 91.661346436 -0.036949340 0.999195635 -0.015580765 -13.448935509 -0.014456797 0.015055308 0.999782264 146.160568237
0.999380291 0.035078920 0.002927006 91.666938782 -0.035033856 0.999284685 -0.014240774 -13.467346191 -0.003424465 0.014129403 0.999894321 146.798919678
0.999303758 0.036499489 -0.007733973 91.639160156 -0.036614273 0.999212921 -0.015258364 -13.494946480 0.007170964 0.015530910 0.999853611 147.407897949
0.999094903 0.037853073 -0.019402027 91.609962463 -0.038201272 0.999109685 -0.017901570 -13.521598816 0.018707126 0.018626552 0.999651432 148.040252686
0.998744965 0.038981348 -0.031447645 91.536529541 -0.039630294 0.999008477 -0.020282764 -13.543243408 0.030625807 0.021503586 0.999299586 148.675735474
0.998343229 0.037563592 -0.043586165 91.492980957 -0.038478699 0.999052227 -0.020349562 -13.562008858 0.042780448 0.021992989 0.998842359 149.320709229
0.997781277 0.036932375 -0.055394720 91.452041626 -0.037915710 0.999139607 -0.016806450 -13.584833145 0.054726355 0.018869495 0.998323083 149.950576782
0.996979475 0.038781017 -0.067290984 91.395492554 -0.039875243 0.999092162 -0.014994472 -13.604960442 0.066648386 0.017632429 0.997620702 150.599182129
0.996018291 0.040412683 -0.079462998 91.342048645 -0.041547593 0.999056041 -0.012680469 -13.623547554 0.078875527 0.015931476 0.996757150 151.246093750
0.995032310 0.045013115 -0.088795573 91.257881165 -0.046073377 0.998888791 -0.009926204 -13.630125046 0.088250086 0.013968004 0.996000409 151.911041260
0.994151115 0.047891784 -0.096797958 91.186203003 -0.049014021 0.998755276 -0.009247837 -13.642848969 0.096234582 0.013938207 0.995261073 152.561096191
0.993831933 0.048734862 -0.099614449 91.048545837 -0.049514256 0.998759031 -0.005365445 -13.665257454 0.099229343 0.010264689 0.995011628 153.196090698
0.993733943 0.046714447 -0.101541474 90.972282410 -0.047234550 0.998880148 -0.002722541 -13.676803589 0.101300582 0.007501750 0.994827569 153.875640869
0.993910968 0.042883627 -0.101498194 90.888717651 -0.043658078 0.999031842 -0.005420143 -13.677702904 0.101167485 0.009818356 0.994820952 154.427337646
0.994110048 0.041075353 -0.100289457 90.816360474 -0.041900419 0.999102950 -0.006133362 -13.697523117 0.099947572 0.010299406 0.994939387 155.120498657
0.994399726 0.038276084 -0.098509021 90.710151672 -0.039421845 0.999175429 -0.009710204 -13.694445610 0.098056130 0.013539230 0.995088696 155.706329346
0.994558036 0.035081457 -0.098100051 90.642112732 -0.036181066 0.999300539 -0.009452086 -13.699893951 0.097699858 0.012950013 0.995131612 156.411804199
0.994669437 0.032441068 -0.097878844 90.597122192 -0.032995302 0.999447227 -0.004048637 -13.730866432 0.097693406 0.007256597 0.995190084 157.143524170
0.994794726 0.032344721 -0.096629612 90.534164429 -0.032605112 0.999467611 -0.001116523 -13.743550301 0.096542090 0.004261331 0.995319784 157.837448120
0.994972646 0.032333370 -0.094783977 90.463417053 -0.032339998 0.999475837 0.001466583 -13.761135101 0.094781712 0.001606105 0.995496750 158.544265747
0.994996667 0.034162588 -0.093885876 90.396591187 -0.034171518 0.999414802 0.001512963 -13.764199257 0.093882620 0.001702829 0.995581806 159.258193970
0.995266795 0.034514293 -0.090846315 90.309959412 -0.034445308 0.999403894 0.002327623 -13.768208504 0.090872496 0.000812624 0.995862126 159.925628662
0.995471835 0.035264708 -0.088273145 90.234466553 -0.035278831 0.999376535 0.001400687 -13.785955429 0.088267498 0.001719829 0.996095240 160.626480103
0.995458603 0.033527091 -0.089095332 90.200607300 -0.033900395 0.999421597 -0.002679563 -13.805558205 0.088953964 0.005687761 0.996019423 161.591217041
0.995526195 0.034717351 -0.087875679 90.129806519 -0.035712827 0.999314129 -0.009780999 -13.813381195 0.087475859 0.012875531 0.996083379 162.284347534
0.995521009 0.034609221 -0.087978043 90.079826355 -0.035750035 0.999295413 -0.011424126 -13.826133728 0.087520696 0.014518174 0.996056914 162.979644775
0.995639861 0.036083575 -0.086019538 90.013961792 -0.036866948 0.999291778 -0.007535280 -13.847221375 0.085686721 0.010673701 0.996264994 163.684906006
0.995703280 0.039098501 -0.083942026 89.936050415 -0.039537225 0.999211848 -0.003569822 -13.872195244 0.083736300 0.006873318 0.996464252 164.400695801
0.995795608 0.041910104 -0.081453025 89.880737305 -0.042322885 0.999098361 -0.003346967 -13.881140709 0.081239328 0.006780221 0.996671557 165.100936890
0.996037841 0.045548938 -0.076380029 89.820266724 -0.045858286 0.998945296 -0.002300129 -13.903113365 0.076194711 0.005793673 0.997076273 165.811370850
0.996567607 0.045764923 -0.068982437 89.777908325 -0.046004027 0.998939514 -0.001880737 -13.911129951 0.068823203 0.005047752 0.997616112 166.508010864
0.997188151 0.045863438 -0.059264947 89.726058960 -0.046025824 0.998939276 -0.001377245 -13.938408852 0.059138920 0.004101091 0.998241305 167.212478638
0.997956455 0.042110644 -0.048058763 89.687889099 -0.042382464 0.999090552 -0.004650555 -13.949623108 0.047819223 0.006677901 0.998833656 167.923461914
0.998324573 0.042689048 -0.039059099 89.714775085 -0.043031380 0.999041975 -0.007965822 -13.963294029 0.038681623 0.009633243 0.999205172 168.623031616
0.998633981 0.045053996 -0.026461368 89.692611694 -0.045269359 0.998945951 -0.007596228 -13.974044800 0.026091238 0.008783741 0.999620974 169.329315186
0.999093831 0.039781366 -0.015130031 89.690727234 -0.039810583 0.999205887 -0.001634607 -13.988969803 0.015052990 0.002235461 0.999884129 170.009704590
0.999374568 0.034876682 -0.005835710 89.692184448 -0.034844637 0.999377608 0.005505776 -14.004461288 0.006024099 -0.005298990 0.999967754 170.723876953
0.999394000 0.034740787 0.002179385 89.694427490 -0.034762483 0.999336541 0.010864115 -14.015232086 -0.001800512 -0.010933292 0.999938607 171.405761719
0.999168396 0.040147666 0.007120745 89.686546326 -0.040240403 0.999100208 0.013397185 -14.020340919 -0.006576472 -0.013672585 0.999884903 172.104492188
0.999153554 0.039837889 0.010244292 89.682441711 -0.039985638 0.999092877 0.014647278 -14.019455910 -0.009651485 -0.015044509 0.999840260 172.805252075
0.999188840 0.038365383 0.012238089 89.686447144 -0.038548689 0.999142468 0.015112024 -14.018783569 -0.011647814 -0.015571529 0.999810934 173.514678955
0.999164939 0.039114494 0.011808454 89.723838806 -0.039263900 0.999148190 0.012697591 -14.000942230 -0.011301740 -0.013150634 0.999849677 174.177536011
