0.999999046 0.000479927 0.001291428 -0.000025441 -0.000478156 0.999998927 -0.001371575 -0.015005250 -0.001292085 0.001370956 0.999998212 1.191304684
0.999996066 0.000877799 0.002705166 -0.003758647 -0.000875258 0.999999106 -0.000940377 -0.035714827 -0.002705990 0.000938005 0.999995887 2.386633396
0.999992430 0.000196893 0.003878622 -0.006512620 -0.000194186 0.999999702 -0.000698463 -0.055038374 -0.003878759 0.000697705 0.999992251 3.569130182
0.999989390 -0.000409402 0.004594553 -0.002412597 0.000412720 0.999999642 -0.000721210 -0.077171184 -0.004594257 0.000723100 0.999989212 4.766189575
0.999984622 -0.000526299 0.005517287 -0.002191104 0.000530037 0.999999642 -0.000676117 -0.097633228 -0.005516929 0.000679031 0.999984562 5.957399368
0.999979615 -0.000052166 0.006380700 0.001690451 0.000062104 0.999998808 -0.001557387 -0.120154873 -0.006380611 0.001557752 0.999978423 7.149822712
0.999974251 -0.000206128 0.007172484 -0.000016566 0.000218147 0.999998510 -0.001674942 -0.145963266 -0.007172129 0.001676464 0.999972820 8.332959175
0.999972522 -0.001021447 0.007335686 0.003399782 0.001023547 0.999999583 -0.000282625 -0.166562483 -0.007335394 0.000290126 0.999973059 9.521075249
0.999979377 -0.001820233 0.006161458 0.001349047 0.001814781 0.999997973 0.000890300 -0.194537029 -0.006163066 -0.000879100 0.999980628 10.720014572
0.999989212 -0.002826519 0.003684138 0.001344949 0.002825120 0.999995947 0.000385189 -0.214048237 -0.003685212 -0.000374777 0.999993086 11.904773712
0.999995589 -0.002526844 0.001567654 -0.001980036 0.002526361 0.999996722 0.000310597 -0.244395822 -0.001568434 -0.000306635 0.999998689 13.105982780
0.999996722 -0.002549635 0.000053687 0.002056980 0.002549642 0.999996722 -0.000121191 -0.256042451 -0.000053378 0.000121327 1.000000000 14.295210838
0.999998868 -0.001118096 -0.000995562 0.001160189 0.001117687 0.999999285 -0.000411257 -0.272933304 0.000996021 0.000410144 0.999999404 15.488463402
0.999997973 -0.001364497 -0.001445479 -0.009258721 0.001363949 0.999998987 -0.000379482 -0.296957999 0.001445996 0.000377510 0.999998868 16.692493439
0.999995768 -0.001954627 -0.002127946 -0.016306471 0.001956088 0.999997795 0.000684518 -0.328584462 0.002126603 -0.000688678 0.999997497 17.884798050
0.999994218 -0.002363671 -0.002436268 -0.024203762 0.002364539 0.999997139 0.000353795 -0.338915795 0.002435425 -0.000359554 0.999996960 19.086915970
0.999993801 -0.002031344 -0.002884444 -0.037410632 0.002030104 0.999997795 -0.000432853 -0.365098417 0.002885316 0.000426994 0.999995768 20.283304214
0.999990225 -0.003045841 -0.003188638 -0.051327914 0.003043410 0.999995053 -0.000766889 -0.397000849 0.003190957 0.000757177 0.999994636 21.460069656
0.999991059 -0.001331005 -0.003992647 -0.058042493 0.001328155 0.999998868 -0.000716480 -0.407578379 0.003993597 0.000711171 0.999991715 22.670774460
0.999986053 -0.001561474 -0.005033812 -0.066302881 0.001555346 0.999998093 -0.001220983 -0.420739919 0.005035710 0.001213137 0.999986529 23.876564026
0.999981821 -0.002074736 -0.005654343 -0.081804052 0.002066133 0.999996841 -0.001526804 -0.456832170 0.005657491 0.001515094 0.999982774 25.062829971
0.999975145 -0.001074533 -0.006976414 -0.081463650 0.001067273 0.999998987 -0.001044332 -0.474908292 0.006977528 0.001036860 0.999975085 26.268926620
0.999912381 -0.002809602 -0.012938040 -0.319489777 0.002764814 0.999990106 -0.003478318 -0.629958689 0.012947683 0.003442242 0.999910235 27.453554153
0.999900162 -0.002944528 -0.013821066 -0.336808443 0.002897976 0.999990046 -0.003387065 -0.654032111 0.013830901 0.003346674 0.999898732 28.630823135
0.999894321 -0.003346531 -0.014148888 -0.370475113 0.003287128 0.999985695 -0.004219541 -0.681314230 0.014162809 0.004172586 0.999890983 29.836137772
0.999881864 -0.003161602 -0.015045642 -0.394099414 0.003090713 0.999984086 -0.004732514 -0.717322767 0.015060366 0.004685453 0.999875605 31.035905838
0.999867320 -0.003137505 -0.015981857 -0.419935942 0.003057440 0.999982655 -0.005031686 -0.735244036 0.015997365 0.004982155 0.999859631 32.238033295
0.999853015 -0.003581086 -0.016765233 -0.433763444 0.003503393 0.999983013 -0.004661327 -0.758329809 0.016781641 0.004601907 0.999848604 33.423774719
0.999832690 -0.004401324 -0.017752238 -0.456733137 0.004342401 0.999984860 -0.003356371 -0.801905215 0.017766742 0.003278722 0.999836802 34.622066498
0.999822438 -0.004695478 -0.018249415 -0.481094956 0.004617049 0.999979854 -0.004337366 -0.813457847 0.018269418 0.004252337 0.999823987 35.830837250
0.999812841 -0.004762968 -0.018747952 -0.508453310 0.004675426 0.999977946 -0.004710478 -0.836857140 0.018769974 0.004621942 0.999813080 37.039791107
0.999816239 -0.005472117 -0.018367946 -0.551392913 0.005399473 0.999977410 -0.004002191 -0.858473420 0.018389432 0.003902279 0.999823213 38.206287384
0.999817193 -0.005210367 -0.018394077 -0.578024626 0.005167859 0.999983847 -0.002357717 -0.886601508 0.018406067 0.002262228 0.999827921 39.391628265
0.999824762 -0.004458894 -0.018179934 -0.610444903 0.004425172 0.999988377 -0.001894725 -0.907646418 0.018188175 0.001813943 0.999832869 40.594459534
0.999829292 -0.003711437 -0.018097950 -0.642489314 0.003662574 0.999989569 -0.002732260 -0.920123160 0.018107900 0.002665509 0.999832451 41.771759033
0.999830067 -0.003134611 -0.018166583 -0.661853015 0.003089852 0.999992132 -0.002491362 -0.953261018 0.018174250 0.002434806 0.999831855 42.982521057
0.999849081 -0.000223779 -0.017374210 -0.690705717 0.000199834 0.999999046 -0.001379895 -0.959599853 0.017374502 0.001376215 0.999848127 44.193767548
0.999871433 -0.000416381 -0.016026825 -0.712473929 0.000455869 0.999996841 0.002460265 -0.996028960 0.016025746 -0.002467254 0.999868453 45.384510040
0.999903679 -0.000220840 -0.013877177 -0.741943955 0.000288555 0.999988019 0.004877765 -1.007211924 0.013875935 -0.004881298 0.999891758 46.585128784
0.999920785 0.000977161 -0.012542251 -0.757706225 -0.000870186 0.999963224 0.008531787 -1.024790883 0.012550125 -0.008520197 0.999884903 47.791191101
0.999938250 0.000063720 -0.011109304 -0.781756580 0.000044682 0.999952376 0.009757242 -1.030151963 0.011109395 -0.009757135 0.999890685 48.965942383
0.999948442 -0.001559769 -0.010031635 -0.781995177 0.001642133 0.999964952 0.008207455 -1.044970632 0.010018482 -0.008223506 0.999916017 50.195377350
0.999966383 0.000071565 -0.008193512 -0.814868569 -0.000017762 0.999978423 0.006566423 -1.054314852 0.008193806 -0.006566057 0.999944866 51.382949829
0.999967277 -0.000081843 -0.008090134 -0.814360738 0.000130133 0.999982178 0.005968706 -1.064446926 0.008089502 -0.005969563 0.999949396 52.595203400
0.999964952 -0.001006813 -0.008313612 -0.823102951 0.001056086 0.999981821 0.005924527 -1.087504983 0.008307500 -0.005933099 0.999947846 53.783584595
0.999961853 -0.001064532 -0.008659591 -0.841276407 0.001100837 0.999990642 0.004188865 -1.087050796 0.008655048 -0.004198237 0.999953747 54.981777191
0.999944448 0.003322315 -0.010017037 -0.876875997 -0.003274718 0.999983311 0.004764391 -1.123847246 0.010032696 -0.004731323 0.999938488 56.222492218
0.999932706 0.003014314 -0.011201638 -0.891340494 -0.002956474 0.999982238 0.005176520 -1.130396247 0.011217043 -0.005143054 0.999923885 57.432388306
0.999915242 0.003020202 -0.012659722 -0.912336051 -0.002940642 0.999975801 0.006298467 -1.156773567 0.012678438 -0.006260705 0.999900043 58.614070892
0.999891639 0.003934689 -0.014185425 -0.924451768 -0.003844563 0.999972343 0.006375136 -1.171721578 0.014210115 -0.006319907 0.999879062 59.801990509
0.999887705 0.004150600 -0.014400713 -0.951269329 -0.004060154 0.999971867 0.006304295 -1.190247774 0.014426475 -0.006245119 0.999876380 61.009761810
0.999887407 0.003499694 -0.014594411 -0.974726677 -0.003416613 0.999977887 0.005713646 -1.202714920 0.014614083 -0.005663138 0.999877214 62.192527771
0.999889255 0.002442834 -0.014675764 -1.004418969 -0.002375059 0.999986470 0.004633879 -1.217196584 0.014686884 -0.004598510 0.999881566 63.398239136
0.999875605 0.003282099 -0.015424661 -1.012185693 -0.003201074 0.999980986 0.005274803 -1.212251067 0.015441680 -0.005224770 0.999867082 64.605400085
0.999885798 0.001838405 -0.014999980 -1.063217998 -0.001726627 0.999970615 0.007461477 -1.244613647 0.015013260 -0.007434726 0.999859750 65.776298523
0.999885380 0.002633016 -0.014910621 -1.101407886 -0.002549308 0.999980927 0.005630169 -1.259805560 0.014925162 -0.005591512 0.999872983 66.953842163
0.999874115 0.004040257 -0.015343005 -1.117228627 -0.003969577 0.999981403 0.004634343 -1.275699139 0.015361448 -0.004572855 0.999871492 68.169578552
0.999856651 0.005581612 -0.015982997 -1.131242633 -0.005496302 0.999970496 0.005376442 -1.296730042 0.016012534 -0.005287824 0.999857783 69.368812561
0.999837518 0.007949702 -0.016174875 -1.157646537 -0.007868217 0.999956071 0.005095159 -1.300135612 0.016214669 -0.004967064 0.999856174 70.570747375
0.999822080 0.010602831 -0.015599045 -1.182451606 -0.010521056 0.999930501 0.005315052 -1.315989733 0.015654316 -0.005149989 0.999864161 71.819725037
0.999833047 0.010040020 -0.015262858 -1.202431202 -0.009935351 0.999926746 0.006918047 -1.342769384 0.015331195 -0.006765250 0.999859571 73.005897522
0.999830663 0.013440922 -0.012567904 -1.228518367 -0.013358635 0.999888897 0.006608671 -1.337976933 0.012655333 -0.006439662 0.999899328 74.193016052
0.999870062 0.012331361 -0.010378934 -1.240861535 -0.012290629 0.999916553 0.003979242 -1.351893187 0.010427138 -0.003851162 0.999938250 75.375473022
0.999930680 0.008792501 -0.007824449 -1.254953861 -0.008796452 0.999961197 -0.000470821 -1.374034166 0.007820006 0.000539617 0.999969244 76.541168213
0.999943018 0.009306767 -0.005226416 -1.267202735 -0.009311433 0.999956250 -0.000869221 -1.396263838 0.005218097 0.000917837 0.999985933 77.720710754
0.999966025 0.007936015 -0.002192981 -1.273979545 -0.007929197 0.999963641 0.003100465 -1.419837832 0.002217507 -0.003082973 0.999992847 78.894172668
0.999963343 0.008512163 0.000954890 -1.279314160 -0.008516268 0.999954164 0.004381067 -1.439272404 -0.000917554 -0.004389038 0.999989927 80.048919678
0.999944508 0.009058707 0.005372440 -1.294297338 -0.009072122 0.999955773 0.002478234 -1.456752658 -0.005349753 -0.002526836 0.999982476 81.213691711
0.999930024 0.008330465 0.008394825 -1.276066661 -0.008324403 0.999965072 -0.000756768 -1.476290464 -0.008400836 0.000686834 0.999964416 82.382827759
0.999910057 0.006950589 0.011464202 -1.258547544 -0.006902759 0.999967337 -0.004206471 -1.504467964 -0.011493063 0.004126959 0.999925435 83.545448303
0.999857545 0.007152521 0.015282470 -1.260868907 -0.007063477 0.999957800 -0.005872544 -1.520373821 -0.015323830 0.005763760 0.999865949 84.693717957
0.999802828 0.006847166 0.018635746 -1.237691402 -0.006761104 0.999966204 -0.004677146 -1.542385578 -0.018667143 0.004550225 0.999815345 85.823554993
0.999719322 0.007783573 0.022373829 -1.218957543 -0.007704057 0.999963641 -0.003637954 -1.572778702 -0.022401335 0.003464563 0.999743044 86.996231079
0.999625683 0.007351281 0.026352435 -1.196500540 -0.007188954 0.999954522 -0.006249353 -1.592566729 -0.026397180 0.006057568 0.999633193 88.113029480
0.999537289 0.007472797 0.029482031 -1.166701078 -0.007238223 0.999941349 -0.008055227 -1.627976179 -0.029540500 0.007838103 0.999532878 89.293128967
0.999443114 0.006980268 0.032632843 -1.133556604 -0.006713515 0.999943197 -0.008276847 -1.662574291 -0.032688763 0.008053155 0.999433219 90.445686340
0.999358833 0.005807749 0.035329938 -1.085598707 -0.005550560 0.999957383 -0.007373381 -1.684561729 -0.035371263 0.007172554 0.999348462 91.597961426
0.999270976 0.005562002 0.037770044 -1.040178299 -0.005345642 0.999968767 -0.005826918 -1.711065531 -0.037801277 0.005620766 0.999269485 92.747314453
0.999105573 0.005052012 0.041981582 -1.055983305 -0.004903572 0.999981284 -0.003638075 -1.771329641 -0.041999184 0.003428962 0.999111772 93.941917419
0.999013722 0.003534631 0.044259492 -1.011758327 -0.003429996 0.999991119 -0.002439831 -1.798954010 -0.044267725 0.002285614 0.999017119 95.077774048
0.998889327 0.002182666 0.047068130 -0.959989548 -0.001941362 0.999984741 -0.005171792 -1.816890240 -0.047078695 0.005074672 0.998878300 96.224189758
0.998799443 0.000878803 0.048978630 -0.910970688 -0.000482917 0.999967098 -0.008094077 -1.861279249 -0.048984140 0.008060707 0.998767018 97.383056641
0.998720288 0.001948943 0.050536644 -0.823650837 -0.001389281 0.999937296 -0.011107140 -1.877560973 -0.050555125 0.011022717 0.998660386 98.560295105
0.998601258 0.001320089 0.052855793 -0.805786610 -0.000690386 0.999928534 -0.011930086 -1.915533543 -0.052867766 0.011876907 0.998530865 99.713272095
0.998597741 0.001144232 0.052926145 -0.742914200 -0.000550708 0.999936879 -0.011227401 -1.949360371 -0.052935652 0.011182510 0.998535275 100.863037109
0.998632193 0.001577582 0.052262731 -0.689374447 -0.001070146 0.999952018 -0.009735891 -1.964156389 -0.052275587 0.009666645 0.998585761 102.030487061
0.998701155 0.000886968 0.050942980 -0.632318974 -0.000486931 0.999968946 -0.007864505 -2.008554459 -0.050948374 0.007829485 0.998670578 103.225265503
0.998810410 0.001638752 0.048734464 -0.574699879 -0.001275706 0.999971151 -0.007479636 -2.021583557 -0.048745316 0.007408567 0.998783767 104.416824341
0.998914897 0.001964202 0.046530921 -0.528406143 -0.001660039 0.999976933 -0.006574540 -2.062320948 -0.046542771 0.006490161 0.998895347 105.611015320
0.999042034 0.002424448 0.043693915 -0.493003368 -0.002132355 0.999975026 -0.006730332 -2.086985826 -0.043709137 0.006630712 0.999022365 106.797088623
0.999198496 0.003808360 0.039848231 -0.451872349 -0.003528371 0.999968588 -0.007094341 -2.115194321 -0.039874006 0.006948055 0.999180555 107.998741150
0.999363065 0.003753291 0.035488345 -0.411715984 -0.003534368 0.999974310 -0.006229606 -2.147986650 -0.035510816 0.006100209 0.999350667 109.179916382
0.999484897 0.004495861 0.031773895 -0.375114441 -0.004323967 0.999975681 -0.005476519 -2.173500538 -0.031797737 0.005336309 0.999480188 110.405181885
0.999610543 0.004765525 0.027497409 -0.354617119 -0.004643340 0.999979019 -0.004505670 -2.198644161 -0.027518310 0.004376235 0.999611735 111.576652527
0.999724984 0.004795350 0.022961834 -0.324727058 -0.004701216 0.999980271 -0.004151854 -2.220112324 -0.022981293 0.004042762 0.999727726 112.813087463
0.999816179 0.005557642 0.018354164 -0.314697981 -0.005480942 0.999976039 -0.004226541 -2.236154079 -0.018377215 0.004125165 0.999822617 113.999404907
0.999896586 0.006227782 0.012963394 -0.287387729 -0.006176250 0.999972880 -0.004011441 -2.271547556 -0.012988026 0.003930962 0.999907911 115.233024597
0.999946952 0.006366324 0.008094838 -0.278916061 -0.006331508 0.999970615 -0.004319364 -2.296034575 -0.008122100 0.004267883 0.999957860 116.403724670
0.999965906 0.007533644 0.003420427 -0.285304666 -0.007516547 0.999959350 -0.004984441 -2.319687605 -0.003457840 0.004958560 0.999981701 117.672622681
0.999956131 0.009365401 -0.000304316 -0.285262287 -0.009366756 0.999944627 -0.004804851 -2.353695869 0.000259299 0.004807491 0.999988437 118.861289978
0.999934316 0.011265767 -0.002111050 -0.305119902 -0.011275593 0.999925375 -0.004702421 -2.373359680 0.002057917 0.004725916 0.999986708 120.111503601
0.999917030 0.012579351 -0.002780651 -0.320076168 -0.012593920 0.999906719 -0.005285504 -2.394522905 0.002713904 0.005320085 0.999982178 121.317840576
0.999877989 0.015000629 -0.004353435 -0.327948064 -0.015021062 0.999876142 -0.004699469 -2.429372549 0.004282401 0.004764289 0.999979496 122.590011597
0.999855459 0.016246080 -0.005003351 -0.339589626 -0.016266035 0.999859750 -0.003973600 -2.451487780 0.004938093 0.004054410 0.999979615 123.797752380
0.999855340 0.015919270 -0.005983977 -0.354588538 -0.015941730 0.999866009 -0.003724935 -2.478430748 0.005923876 0.003819791 0.999975145 125.070739746
0.999792218 0.019356938 -0.006387425 -0.385308117 -0.019370124 0.999810457 -0.002009452 -2.491066456 0.006347317 0.002132760 0.999977589 126.322952271
0.999760687 0.020488046 -0.007668935 -0.384165049 -0.020476561 0.999789000 0.001573427 -2.518177509 0.007699552 -0.001416018 0.999969363 127.567344666
0.999776006 0.019421643 -0.008411623 -0.393620312 -0.019410919 0.999810636 0.001354581 -2.539616823 0.008436335 -0.001191000 0.999963701 128.781265259
0.999775827 0.019374441 -0.008542912 -0.420989275 -0.019378779 0.999812067 -0.000425037 -2.555215120 0.008533072 0.000590493 0.999963403 130.015945435
0.999822855 0.016431225 -0.009176233 -0.435476720 -0.016428767 0.999864995 0.000343160 -2.569910765 0.009180631 -0.000192344 0.999957800 131.324523926
0.999849558 0.014246459 -0.009890414 -0.455999851 -0.014226038 0.999896586 0.002131815 -2.588304758 0.009919762 -0.001990792 0.999948859 132.563232422
0.999885082 0.011020917 -0.010420541 -0.459456682 -0.010978064 0.999931037 0.004160771 -2.609537125 0.010465680 -0.004045897 0.999937057 133.852340698
0.999902904 0.009042257 -0.010604342 -0.468150496 -0.008987403 0.999946058 0.005209194 -2.624229908 0.010650873 -0.005113384 0.999930263 135.109573364
0.999929786 0.005016272 -0.010734178 -0.484091222 -0.004981521 0.999982238 0.003261804 -2.639033556 0.010750351 -0.003208100 0.999936998 136.387786865
0.999935746 0.002557067 -0.011040651 -0.493016601 -0.002530335 0.999993801 0.002434478 -2.653944969 0.011046807 -0.002406384 0.999936044 137.631820679
0.999945283 0.001746463 -0.010313805 -0.553108990 -0.001718315 0.999994755 0.002737356 -2.677639484 0.010318534 -0.002719482 0.999943018 138.959518433
0.999948978 0.001592819 -0.009977708 -0.572680235 -0.001561827 0.999993980 0.003113094 -2.693633556 0.009982606 -0.003097351 0.999945343 140.208618164
0.999957860 0.001484999 -0.009060379 -0.590864718 -0.001440244 0.999986768 0.004944165 -2.706622124 0.009067601 -0.004930908 0.999946713 141.519256592
0.999954224 0.003448281 -0.008922303 -0.593511403 -0.003390603 0.999973357 0.006471624 -2.719571590 0.008944380 -0.006441077 0.999939263 142.763549805
0.999961913 0.004062963 -0.007723784 -0.626689196 -0.004024412 0.999979377 0.005000173 -2.743911743 0.007743938 -0.004968897 0.999957681 144.073013306
0.999964535 0.004553134 -0.007102218 -0.644922853 -0.004532443 0.999985456 0.002926739 -2.758182526 0.007115441 -0.002894444 0.999970496 145.330429077
0.999966681 0.004127040 -0.007044986 -0.649776816 -0.004124395 0.999991357 0.000389921 -2.775876045 0.007046535 -0.000360853 0.999975085 146.621643066
0.999977589 0.002075023 -0.006362996 -0.671245396 -0.002099311 0.999990463 -0.003812820 -2.800209522 0.006355024 0.003826092 0.999972522 147.882400513
0.999976635 0.002967924 -0.006156544 -0.678782344 -0.003011422 0.999970496 -0.007068161 -2.831326008 0.006135386 0.007086536 0.999956071 149.160659790
0.999977767 0.003166961 -0.005876675 -0.686785400 -0.003212543 0.999964714 -0.007763205 -2.868233204 0.005851882 0.007781911 0.999952614 150.414306641
0.999978006 0.002652531 -0.006100754 -0.699556351 -0.002700326 0.999965608 -0.007839279 -2.890657187 0.006079752 0.007855581 0.999950588 151.687240601
0.999973178 0.003129913 -0.006627467 -0.698252022 -0.003177309 0.999969363 -0.007153069 -2.923478127 0.006604877 0.007173935 0.999952376 152.932098389
0.999973714 0.003714140 -0.006213110 -0.728863060 -0.003751003 0.999975383 -0.005931971 -2.957977295 0.006190925 0.005955121 0.999963105 154.212921143
0.999970019 0.004635980 -0.006196685 -0.744360924 -0.004671288 0.999972939 -0.005695685 -2.973694324 0.006170111 0.005724462 0.999964535 155.476669312
0.999966502 0.004122434 -0.007070324 -0.755118549 -0.004163597 0.999974430 -0.005817077 -3.019245625 0.007046162 0.005846320 0.999958098 156.733703613
0.999960661 0.004715269 -0.007521376 -0.774738193 -0.004759722 0.999971271 -0.005903292 -3.035846472 0.007493323 0.005938859 0.999954343 157.983764648
0.999954164 0.004571254 -0.008415212 -0.789572418 -0.004610222 0.999978721 -0.004617203 -3.072241306 0.008393927 0.004655787 0.999953926 159.261505127
0.999939263 0.005681292 -0.009440610 -0.798935413 -0.005717851 0.999976277 -0.003850065 -3.106210709 0.009418512 0.003903812 0.999948025 160.502944946
0.999936223 0.005664979 -0.009761549 -0.824445963 -0.005716003 0.999970078 -0.005207231 -3.127784252 0.009731758 0.005262697 0.999938726 161.789886475
0.999926627 0.007050125 -0.009843475 -0.850925744 -0.007112409 0.999954760 -0.006306829 -3.163553953 0.009798566 0.006376378 0.999931633 163.047653198
0.999913692 0.006871083 -0.011195532 -0.864063025 -0.006940978 0.999956608 -0.006216231 -3.189010620 0.011152335 0.006293403 0.999917984 164.324920654
0.999908090 0.006938344 -0.011650090 -0.885527849 -0.007019782 0.999951184 -0.006963968 -3.216653347 0.011601201 0.007045110 0.999907851 165.588943481
0.999887407 0.007772299 -0.012830591 -0.894830346 -0.007876556 0.999936223 -0.008095345 -3.248969078 0.012766852 0.008195495 0.999884903 166.839981079
0.999885321 0.007405961 -0.013203548 -0.929409981 -0.007506085 0.999943256 -0.007549542 -3.288881779 0.013146888 0.007647783 0.999884248 168.133316040
0.999886215 0.006482380 -0.013617565 -0.954973102 -0.006566172 0.999959767 -0.006117458 -3.321761131 0.013577361 0.006206178 0.999888539 169.391510010
0.999867857 0.006544758 -0.014888168 -0.973457456 -0.006633802 0.999960303 -0.005939327 -3.352181673 0.014848708 0.006037306 0.999871552 170.648620605
0.999851823 0.006997117 -0.015728617 -0.993118048 -0.007084001 0.999959886 -0.005475070 -3.387307167 0.015689677 0.005585680 0.999861300 171.925903320
0.999845266 0.008101569 -0.015618232 -1.042676568 -0.008188598 0.999951243 -0.005516444 -3.406398535 0.015572780 0.005643482 0.999862850 173.195968628
0.999825418 0.008434830 -0.016673004 -1.055982828 -0.008535028 0.999945879 -0.005947524 -3.442565918 0.016621938 0.006088790 0.999843240 174.464416504
0.999811471 0.009359885 -0.017010698 -1.096098304 -0.009474457 0.999932885 -0.006667213 -3.471421957 0.016947154 0.006827123 0.999833107 175.726684570
0.999803245 0.010184396 -0.017024826 -1.135654330 -0.010297015 0.999925554 -0.006540469 -3.487841606 0.016956948 0.006714486 0.999833703 176.998626709
0.999788284 0.010272262 -0.017824994 -1.129014730 -0.010406163 0.999918222 -0.007435485 -3.523905277 0.017747160 0.007619401 0.999813497 178.297317505
0.999791861 0.008683740 -0.018465029 -1.144028902 -0.008844607 0.999923587 -0.008648184 -3.560521364 0.018388519 0.008809699 0.999792159 179.591033936
0.999815822 0.005691745 -0.018328883 -1.170548677 -0.005854086 0.999944031 -0.008815703 -3.586395264 0.018277681 0.008921378 0.999793172 180.852233887
0.999808490 0.005908334 -0.018657325 -1.194246769 -0.006003948 0.999969125 -0.005072960 -3.616848946 0.018626779 0.005184005 0.999813080 182.113586426
0.999818802 0.005373018 -0.018260630 -1.246324539 -0.005391075 0.999984980 -0.000939776 -3.641112089 0.018255308 0.001038049 0.999832809 183.352035522
0.999814451 0.006433237 -0.018157942 -1.286556244 -0.006456404 0.999978483 -0.001217556 -3.665565729 0.018149717 0.001334566 0.999834418 184.608337402
0.999796152 0.008658023 -0.018239779 -1.308850527 -0.008748054 0.999949872 -0.004862044 -3.683740139 0.018196769 0.005020616 0.999821842 185.870544434
0.999789715 0.008956986 -0.018443817 -1.343958855 -0.009085756 0.999934852 -0.006909894 -3.711421728 0.018380720 0.007076017 0.999806046 187.153472900
0.999781013 0.009442967 -0.018671399 -1.366193295 -0.009556269 0.999936402 -0.005988271 -3.755600214 0.018613664 0.006165387 0.999807775 188.401702881
0.999792397 0.008720125 -0.018413618 -1.391623259 -0.008810805 0.999949396 -0.004849241 -3.791958570 0.018370397 0.005010473 0.999818742 189.611694336
0.999794781 0.008087455 -0.018573668 -1.409583330 -0.008143673 0.999962449 -0.002953075 -3.812244415 0.018549092 0.003103727 0.999823153 190.835556030
0.999823689 0.007339056 -0.017283861 -1.450432420 -0.007375804 0.999970734 -0.002063424 -3.824163914 0.017268211 0.002190542 0.999848545 192.030990601
0.999847412 0.007571910 -0.015744487 -1.486631632 -0.007611697 0.999967992 -0.002468682 -3.876345396 0.015725292 0.002588147 0.999872983 193.259719849
0.999865532 0.006424112 -0.015087654 -1.479706526 -0.006490114 0.999969542 -0.004329574 -3.897799253 0.015059382 0.004426914 0.999876738 194.517807007
0.999886751 0.005924953 -0.013839082 -1.505135775 -0.006005979 0.999964952 -0.005820660 -3.932298660 0.013804112 0.005903118 0.999887288 195.733871460
0.999908626 0.005673607 -0.012268269 -1.538657188 -0.005752312 0.999963045 -0.006389649 -3.962040901 0.012231564 0.006459636 0.999904275 196.954910278
0.999916494 0.006055750 -0.011417225 -1.541134834 -0.006120516 0.999965310 -0.005646117 -3.983779430 0.011382638 0.005715525 0.999918878 198.149856567
0.999940932 0.004958925 -0.009675225 -1.573534131 -0.004991646 0.999981821 -0.003360713 -4.023791313 0.009658382 0.003408810 0.999947548 199.374710083
0.999939263 0.006609775 -0.008816966 -1.591190577 -0.006633144 0.999974549 -0.002623757 -4.061789036 0.008799401 0.002682083 0.999957681 200.597885132
0.999954879 0.006023514 -0.007340842 -1.612211347 -0.006043629 0.999978006 -0.002720929 -4.089713573 0.007324291 0.002765171 0.999969363 201.800109863
0.999957323 0.005986881 -0.007037652 -1.616959333 -0.006001646 0.999979794 -0.002078631 -4.127803802 0.007025065 0.002120780 0.999973059 202.998748779
0.999961913 0.006862942 -0.005379941 -1.630854487 -0.006876152 0.999973357 -0.002440716 -4.140569210 0.005363047 0.002477617 0.999982536 204.184478760
0.999962807 0.007410320 -0.004404245 -1.650372267 -0.007423337 0.999968112 -0.002946176 -4.159255981 0.004382272 0.002978761 0.999985993 205.386016846
0.999969721 0.006796265 -0.003785223 -1.653976321 -0.006806558 0.999973178 -0.002712871 -4.187833309 0.003766684 0.002738553 0.999989152 206.524551392
0.999976218 0.006055436 -0.003274717 -1.659221768 -0.006064516 0.999977887 -0.002770247 -4.211707115 0.003257870 0.002790041 0.999990821 207.691223145
0.999978721 0.005902230 -0.002778738 -1.675261021 -0.005906825 0.999981225 -0.001647971 -4.243286610 0.002768958 0.001664349 0.999994755 208.823684692
0.999980628 0.005421054 -0.003056641 -1.688276291 -0.005423056 0.999985099 -0.000647142 -4.272114754 0.003053088 0.000663706 0.999995112 209.953170776
0.999978423 0.005386591 -0.003760251 -1.692332029 -0.005389159 0.999985278 -0.000673267 -4.296686172 0.003756569 0.000693517 0.999992728 211.057373047
0.999972463 0.006016698 -0.004347485 -1.701449156 -0.006023190 0.999980807 -0.001481986 -4.327455044 0.004338484 0.001508131 0.999989510 212.158386230
0.999971092 0.005970609 -0.004692782 -1.712771177 -0.005981799 0.999979317 -0.002374191 -4.349892139 0.004678510 0.002402193 0.999986172 213.232635498
0.999967873 0.005919520 -0.005395690 -1.721820116 -0.005931740 0.999979913 -0.002251531 -4.380362511 0.005382254 0.002283464 0.999982953 214.300521851
0.999964476 0.005464007 -0.006410446 -1.738398314 -0.005479326 0.999982178 -0.002374432 -4.404277325 0.006397357 0.002409473 0.999976575 215.340713501
0.999950230 0.005487578 -0.008334760 -1.742505193 -0.005498867 0.999984026 -0.001332147 -4.428516865 0.008327316 0.001377912 0.999964356 216.376617432
0.999937296 0.004054210 -0.010434099 -1.757185936 -0.004051082 0.999991834 0.000320912 -4.464487076 0.010435313 -0.000278622 0.999945521 217.407867432
0.999917567 0.003573542 -0.012330300 -1.781678438 -0.003554450 0.999992490 0.001569928 -4.475894928 0.012335819 -0.001525972 0.999922752 218.427154541
0.999881566 0.004652316 -0.014670059 -1.797649264 -0.004618430 0.999986589 0.002342928 -4.509672642 0.014680762 -0.002274898 0.999889672 219.437393188
0.999830425 0.004914703 -0.017745780 -1.816716909 -0.004884506 0.999986529 0.001744585 -4.530272007 0.017754119 -0.001657610 0.999841034 220.416839600
0.999771118 0.005277937 -0.020732559 -1.842953444 -0.005248366 0.999985099 0.001480378 -4.536924839 0.020740066 -0.001371227 0.999783993 221.392715454
0.999701500 0.005639918 -0.023778146 -1.864414215 -0.005595660 0.999982476 0.001927416 -4.562746048 0.023788603 -0.001793786 0.999715388 222.332397461
0.999620855 0.006283278 -0.026811272 -1.894678593 -0.006236898 0.999978840 0.001813160 -4.587774754 0.026822098 -0.001645254 0.999638855 223.254196167
0.999545515 0.006212509 -0.029497804 -1.928681850 -0.006176012 0.999980152 0.001328172 -4.602149487 0.029505467 -0.001145390 0.999563992 224.157333374
0.999447644 0.005948994 -0.032691669 -1.962357998 -0.005946956 0.999982297 0.000159569 -4.614508152 0.032692038 0.000034935 0.999465466 225.035461426
0.999300361 0.007136628 -0.036712680 -1.965653419 -0.007137401 0.999974489 0.000109977 -4.634935379 0.036712524 0.000152133 0.999325812 225.901657104
0.999191403 0.007230550 -0.039550334 -2.011048317 -0.007252329 0.999973595 -0.000407243 -4.657938004 0.039546344 0.000693746 0.999217510 226.720291138
0.999100745 0.009047776 -0.041422818 -2.075469494 -0.009063583 0.999958873 -0.000193837 -4.679259777 0.041419353 0.000569101 0.999141693 227.527633667
0.999035299 0.009946287 -0.042771544 -2.105731487 -0.009966522 0.999950290 -0.000259885 -4.690579414 0.042766832 0.000685918 0.999084890 228.330810547
0.999045491 0.009986085 -0.042524777 -2.114068031 -0.009948614 0.999949932 0.001092658 -4.709974289 0.042533558 -0.000668552 0.999094844 229.090820312
0.999049067 0.009737922 -0.042498797 -2.145896435 -0.009673037 0.999951720 0.001732157 -4.727306843 0.042513616 -0.001319417 0.999095082 229.847167969
0.999063075 0.009686439 -0.042180557 -2.176071644 -0.009640251 0.999952674 0.001298275 -4.743233681 0.042191122 -0.000890427 0.999109149 230.599121094
0.999075055 0.010054853 -0.041807774 -2.211160183 -0.010086601 0.999948919 -0.000548500 -4.759011269 0.041800123 0.000969691 0.999125481 231.333145142
0.999111652 0.010410786 -0.040832661 -2.246036530 -0.010530467 0.999940813 -0.002716980 -4.774539948 0.040801965 0.003144554 0.999162316 232.058792114
0.999115407 0.010365473 -0.040753763 -2.259641171 -0.010551194 0.999934852 -0.004344721 -4.789153099 0.040706072 0.004770879 0.999159813 232.791488647
0.999178469 0.010498866 -0.039141186 -2.292329311 -0.010688146 0.999932170 -0.004629697 -4.807049274 0.039089922 0.005044241 0.999222994 233.512557983
0.999285519 0.010281085 -0.036369748 -2.347533226 -0.010457272 0.999934494 -0.004657410 -4.827699184 0.036319494 0.005034411 0.999327540 234.234390259
0.999328792 0.009981687 -0.035244778 -2.360337734 -0.010160152 0.999936461 -0.004888095 -4.842356205 0.035193749 0.005242907 0.999366760 234.968551636
0.999399245 0.010057743 -0.033168539 -2.390399933 -0.010236192 0.999934077 -0.005214710 -4.859061241 0.033113901 0.005551096 0.999436140 235.656967163
0.999487400 0.009594906 -0.030543262 -2.422246456 -0.009755215 0.999939382 -0.005103827 -4.882972240 0.030492440 0.005399166 0.999520421 236.375366211
0.999574482 0.009385192 -0.027616560 -2.447609901 -0.009510485 0.999945045 -0.004409060 -4.902028084 0.027573660 0.004669832 0.999608874 237.068191528
0.999659419 0.008004123 -0.024840258 -2.458197117 -0.008099483 0.999960244 -0.003740747 -4.918984413 0.024809325 0.003940666 0.999684393 237.780731201
0.999737859 0.007819843 -0.021516401 -2.480754375 -0.007910625 0.999960124 -0.004137298 -4.928657055 0.021483194 0.004306422 0.999759853 238.491714478
0.999809325 0.007796503 -0.017900148 -2.502807379 -0.007861402 0.999962747 -0.003558099 -4.950397015 0.017871743 0.003698141 0.999833405 239.192581177
0.999855042 0.007278051 -0.015391871 -2.511587381 -0.007344837 0.999963820 -0.004286960 -4.962246895 0.015360115 0.004399390 0.999872267 239.878997803
0.999901712 0.006941206 -0.012184748 -2.523849249 -0.006997561 0.999965012 -0.004588508 -4.976873398 0.012152473 0.004673320 0.999915242 240.562835693
0.999921203 0.008083253 -0.009600634 -2.529771090 -0.008135145 0.999952435 -0.005378145 -4.994432926 0.009556705 0.005455825 0.999939442 241.259048462
0.999947846 0.007868229 -0.006519471 -2.538386822 -0.007905701 0.999952257 -0.005741700 -5.013671875 0.006473984 0.005792942 0.999962270 241.950744629
0.999953330 0.008907784 -0.003747102 -2.544409990 -0.008927835 0.999945700 -0.005368795 -5.023211479 0.003699074 0.005401998 0.999978542 242.659378052
0.999950528 0.009911593 -0.000897139 -2.551119804 -0.009916678 0.999933720 -0.005852862 -5.028087139 0.000839068 0.005861468 0.999982417 243.354629517
0.999964893 0.008328672 0.000901643 -2.547564030 -0.008324177 0.999953568 -0.004880803 -5.057040691 -0.000942251 0.004873128 0.999987662 244.076919556
0.999965906 0.007750423 0.002849845 -2.550447226 -0.007732861 0.999951422 -0.006123129 -5.073885918 -0.002897164 0.006100883 0.999977171 244.780838013
0.999953687 0.008366983 0.004755296 -2.546476841 -0.008324883 0.999926567 -0.008805226 -5.089833260 -0.004828620 0.008765232 0.999949932 245.500091553
0.999958217 0.007368316 0.005423453 -2.542060614 -0.007309290 0.999914765 -0.010823876 -5.104399681 -0.005502744 0.010783782 0.999926746 246.220306396
0.999902248 0.008526403 0.011091166 -2.638584852 -0.008395316 0.999894917 -0.011812415 -5.091160774 -0.011190720 0.011718146 0.999868691 246.887069702
0.999918997 0.006551116 0.010911042 -2.633112192 -0.006417783 0.999904871 -0.012210559 -5.113211632 -0.010989997 0.012139547 0.999865949 247.629501343
0.999953210 0.007570446 0.006014093 -2.548433304 -0.007500697 0.999905288 -0.011536742 -5.162031174 -0.006100861 0.011491093 0.999915361 248.406921387
0.999966145 0.006124415 0.005501213 -2.526346445 -0.006061231 0.999916315 -0.011429526 -5.188796520 -0.005570752 0.011395793 0.999919593 249.207366943
0.999900818 0.007983822 0.011596220 -2.619284391 -0.007811985 0.999860227 -0.014788764 -5.172608376 -0.011712668 0.014696712 0.999823391 249.871795654
0.999922395 0.003854018 0.011843970 -2.607923985 -0.003650279 0.999845862 -0.017175622 -5.189577103 -0.011908340 0.017131055 0.999782324 250.625350952
0.999972880 -0.000260356 0.007359661 -2.529453278 0.000384118 0.999858379 -0.016819909 -5.243620872 -0.007354241 0.016822278 0.999831438 251.410110474
0.999967277 0.002195416 0.007786432 -2.524185419 -0.002092364 0.999910414 -0.013218416 -5.263504028 -0.007814756 0.013201690 0.999882340 252.191238403
0.999880016 0.007126899 0.013760640 -2.590275288 -0.007018432 0.999943972 -0.007914882 -5.248838425 -0.013816282 0.007817353 0.999873996 252.950805664
0.999880910 0.005974218 0.014225900 -2.574258566 -0.005916453 0.999974132 -0.004099157 -5.275726318 -0.014250020 0.004014503 0.999890387 253.728134155
0.999847949 0.005386154 0.016583309 -2.555603981 -0.005282044 0.999966025 -0.006315366 -5.292380333 -0.016616764 0.006226812 0.999842584 254.493896484
0.999764502 0.006023080 0.020844212 -2.551258087 -0.005767185 0.999907494 -0.012314996 -5.308567047 -0.020916456 0.012191883 0.999706864 255.274871826
0.999660611 0.008003521 0.024788570 -2.544557095 -0.007600574 0.999838114 -0.016307116 -5.321968079 -0.024915066 0.016113173 0.999559820 256.136535645
0.999563277 0.010050548 0.027786499 -2.521069050 -0.009603899 0.999823213 -0.016161270 -5.342273235 -0.027944013 0.015887354 0.999483287 256.949188232
0.999485373 0.008157950 0.031021953 -2.492899418 -0.007742283 0.999878943 -0.013495681 -5.372280121 -0.031128298 0.013248555 0.999427557 257.765319824
0.999400496 0.005604467 0.034164708 -2.469552040 -0.005231197 0.999925733 -0.011005215 -5.385940552 -0.034223851 0.010819895 0.999355614 258.611846924
0.999320447 0.003009437 0.036735088 -2.434567451 -0.002646574 0.999947250 -0.009922476 -5.400506020 -0.036763012 0.009818511 0.999275804 259.430206299
0.999191701 0.004416306 0.039954334 -2.411434174 -0.004076200 0.999954820 -0.008589811 -5.432892799 -0.039990466 0.008420005 0.999164522 260.259918213
0.999111593 0.005558010 0.041775424 -2.380425453 -0.005103314 0.999926627 -0.010983053 -5.457422733 -0.041833404 0.010760101 0.999066651 261.083038330
0.999075413 0.007122968 0.042397458 -2.321511269 -0.006544892 0.999883950 -0.013757896 -5.468963146 -0.042490534 0.013467688 0.999006093 261.911315918
0.998844922 0.008021072 0.047374651 -2.329154015 -0.007387259 0.999881148 -0.013538716 -5.491968155 -0.047477614 0.013173113 0.998785436 262.755310059
0.998770952 0.007689711 0.048964173 -2.282709122 -0.007147461 0.999911308 -0.011239854 -5.526626587 -0.049046267 0.010876070 0.998737276 263.618530273
0.998554945 0.009435685 0.052905884 -2.272492409 -0.008948231 0.999915421 -0.009442936 -5.549159050 -0.052990500 0.008955874 0.998554885 264.447265625
0.998415112 0.010107305 0.055363007 -2.209180832 -0.009559246 0.999902666 -0.010155279 -5.566606522 -0.055460274 0.009609957 0.998414636 265.312286377
0.998248637 0.010048098 0.058296837 -2.173934937 -0.009450558 0.999899924 -0.010516600 -5.589877129 -0.058396682 0.009947245 0.998243928 266.147125244
0.998126924 0.009211428 0.060479462 -2.105945587 -0.008529082 0.999897122 -0.011530747 -5.603190422 -0.060579464 0.010993317 0.998102844 267.011108398
0.998005509 0.005615264 0.062877879 -2.069948196 -0.004963410 0.999932349 -0.010518387 -5.628022671 -0.062932700 0.010185319 0.997965813 267.850311279
0.998112798 0.004532991 0.061239701 -1.988245010 -0.003917380 0.999940634 -0.010168808 -5.657248497 -0.061282165 0.009909719 0.998071253 268.723114014
0.998080254 0.003910065 0.061810236 -1.946935654 -0.003255873 0.999937713 -0.010681041 -5.670734406 -0.061848141 0.010459290 0.998030782 269.564971924
0.997995853 0.004263518 0.063135229 -1.894332886 -0.003611228 0.999938965 -0.010442142 -5.701344013 -0.063175894 0.010193218 0.997950375 270.424224854
0.998021781 0.004814374 0.062682807 -1.837514877 -0.004198427 0.999941647 -0.009954421 -5.718065262 -0.062727071 0.009671561 0.997983873 271.291351318
0.998084426 0.004959031 0.061667155 -1.798608780 -0.004380802 0.999945164 -0.009508294 -5.741079330 -0.061710928 0.009219928 0.998051465 272.124053955
0.998164237 0.004601242 0.060389422 -1.754034042 -0.004005179 0.999942124 -0.009987665 -5.769636631 -0.060431883 0.009727458 0.998124957 272.980865479
0.998268127 0.004621963 0.058645997 -1.702388763 -0.003980603 0.999931037 -0.011048247 -5.791503906 -0.058693018 0.010795667 0.998217702 273.829772949
0.998360276 0.006003381 0.056927375 -1.665519714 -0.005314826 0.999910951 -0.012239026 -5.809384823 -0.056995776 0.011916398 0.998303294 274.680480957
0.998423159 0.007115171 0.055681475 -1.620253563 -0.006445601 0.999904871 -0.012195387 -5.834630966 -0.055762947 0.011817259 0.998374104 275.521545410
0.998530507 0.008485462 0.053522486 -1.575660706 -0.007825360 0.999890924 -0.012530738 -5.859330177 -0.053622968 0.012093492 0.998488009 276.368133545
0.998611271 0.008894328 0.051927414 -1.548681259 -0.008297046 0.999897063 -0.011706533 -5.889507294 -0.052026190 0.011259431 0.998582244 277.199310303
0.998765647 0.008662254 0.048909634 -1.505168915 -0.008150999 0.999910176 -0.010642816 -5.909398079 -0.048997425 0.010231018 0.998746574 278.057769775
0.998964429 0.007408543 0.044891093 -1.473175049 -0.007049293 0.999941826 -0.008155736 -5.931401253 -0.044948906 0.007830839 0.998958588 278.889617920
0.999177158 0.006107031 0.040095303 -1.444166183 -0.005861628 0.999963343 -0.006235193 -5.958247185 -0.040131915 0.005995038 0.999176323 279.726867676
0.999368072 0.005292173 0.035148513 -1.414594650 -0.005121006 0.999974608 -0.004958064 -5.976459503 -0.035173856 0.004774934 0.999369800 280.549957275
0.999529243 0.005067639 0.030260641 -1.395158768 -0.004944552 0.999979258 -0.004140982 -5.997088909 -0.030280994 0.003989407 0.999533474 281.371124268
0.999665022 0.004372742 0.025507968 -1.377441883 -0.004287814 0.999985099 -0.003383236 -6.019085884 -0.025522381 0.003272728 0.999668956 282.204864502
0.999763012 0.003921255 0.021410873 -1.378874779 -0.003843962 0.999985874 -0.003649951 -6.035638809 -0.021424886 0.003566784 0.999764025 282.964447021
0.999837399 0.003558144 0.017671708 -1.378941059 -0.003488691 0.999985993 -0.003959430 -6.053625584 -0.017685551 0.003897136 0.999835908 283.754699707
0.999895930 0.004146752 0.013816789 -1.374690056 -0.004091396 0.999983490 -0.004032204 -6.072765827 -0.013833282 0.003975253 0.999896407 284.489959717
0.999941587 0.004495549 0.009819996 -1.372940063 -0.004455550 0.999981701 -0.004091318 -6.089663506 -0.009838209 0.004047325 0.999943435 285.237792969
