0.999978244 0.000860831 -0.006541281 -0.001426551 -0.000927863 0.999946952 -0.010251245 0.219595611 0.006532110 0.010257091 0.999925971 1.346935153
0.999954343 0.001104725 -0.009493421 -0.014491157 -0.001198073 0.999950945 -0.009832781 0.200724304 0.009482090 0.009843706 0.999906480 2.299079657
0.999930024 0.000376227 -0.011816273 -0.034223091 -0.000496486 0.999948025 -0.010176077 0.175766066 0.011811826 0.010181230 0.999878347 3.232181072
0.999905169 0.001381242 -0.013712939 -0.073284179 -0.001564809 0.999909103 -0.013384584 0.158018559 0.013693207 0.013404771 0.999816358 4.167030334
0.999868989 0.003010865 -0.015906213 -0.109018356 -0.003288880 0.999841809 -0.017481128 0.141143650 0.015851066 0.017531153 0.999720633 5.096959591
0.999825358 0.004009360 -0.018248988 -0.142399311 -0.004399674 0.999761224 -0.021398526 0.126176283 0.018158840 0.021475079 0.999604464 6.024658203
0.999774456 0.005855289 -0.020415971 -0.179850221 -0.006301824 0.999740779 -0.021876510 0.116455033 0.020282589 0.022000235 0.999552131 6.968321323
0.999726176 0.008444356 -0.021824429 -0.239501715 -0.008785689 0.999839842 -0.015591652 0.106585726 0.021689273 0.015779125 0.999640226 7.924574375
0.999676168 0.009351302 -0.023671152 -0.268495500 -0.009470670 0.999943018 -0.004935627 0.082523659 0.023623636 0.005158211 0.999707758 8.867661476
0.999632657 0.010343117 -0.025051242 -0.313105285 -0.010307320 0.999945641 0.001557684 0.063900679 0.025065998 -0.001298901 0.999684930 9.816624641
0.999563515 0.012708270 -0.026670113 -0.372089863 -0.012704821 0.999919176 0.000298768 0.046284225 0.026671764 0.000040201 0.999644220 10.771546364
0.999424100 0.014052137 -0.030886432 -0.363866687 -0.014265483 0.999875665 -0.006697968 0.037051871 0.030788478 0.007134724 0.999500394 11.530220985
0.999507427 0.014026944 -0.028073033 -0.506684542 -0.014405782 0.999807239 -0.013338342 0.036908761 0.027880523 0.013736186 0.999516845 12.593573570
0.999374747 0.010812043 -0.033661585 -0.477110386 -0.011249475 0.999854326 -0.012832911 0.052081943 0.033517934 0.013203562 0.999350846 13.474704742
0.999499798 0.011271402 -0.029551920 -0.609851122 -0.011354803 0.999931872 -0.002655811 0.016209457 0.029519973 0.002990038 0.999559700 14.514114380
0.999373972 0.009924432 -0.033958722 -0.587856948 -0.009806719 0.999945223 0.003631241 0.026462460 0.033992901 -0.003295946 0.999416590 15.456188202
0.999503613 0.010866266 -0.029579002 -0.742962718 -0.010655195 0.999916673 0.007284136 -0.010748535 0.029655695 -0.006965355 0.999535859 16.455766678
0.999405324 0.008832701 -0.033334285 -0.730588675 -0.008639008 0.999944866 0.005950212 -0.010044821 0.033385012 -0.005658700 0.999426544 17.463117599
0.999560893 0.008966219 -0.028240073 -0.862091482 -0.008863556 0.999953568 0.003758437 -0.020340040 0.028272465 -0.003506480 0.999594092 18.360900879
0.999472499 0.010488600 -0.030736510 -0.875380754 -0.010505782 0.999944687 -0.000397526 -0.011754679 0.030730650 0.000720227 0.999527514 19.417606354
0.999615431 0.008157520 -0.026504435 -0.959676147 -0.008326204 0.999945641 -0.006260239 -0.020151287 0.026451919 0.006478511 0.999629080 20.308599472
0.999571085 0.004578227 -0.028923977 -0.958072424 -0.004904164 0.999925137 -0.011207860 -0.057669669 0.028870499 0.011344900 0.999518812 21.391906738
0.999686241 0.006163114 -0.024274398 -1.041793346 -0.006589230 0.999824822 -0.017513484 -0.062088370 0.024162212 0.017667938 0.999552011 22.247980118
0.999565542 0.007213385 -0.028576829 -1.031498313 -0.007760823 0.999787509 -0.019092368 -0.072308213 0.028433038 0.019305851 0.999409318 23.373823166
0.999673426 0.008247984 -0.024187349 -1.134494305 -0.008678623 0.999804735 -0.017753746 -0.114033997 0.024036201 0.017957862 0.999549747 24.301744461
0.999553084 0.009308895 -0.028407220 -1.134610295 -0.009826093 0.999787509 -0.018121656 -0.155759752 0.028232485 0.018392688 0.999432206 25.440927505
0.999620259 0.012349854 -0.024630360 -1.210691690 -0.012876379 0.999689460 -0.021334320 -0.167741448 0.024359239 0.021643370 0.999468982 26.341171265
0.999449253 0.016190862 -0.028965842 -1.227018833 -0.016792223 0.999645948 -0.020639669 -0.213779896 0.028621409 0.021114703 0.999367356 27.489883423
0.999530971 0.017841659 -0.024887046 -1.306059837 -0.018386900 0.999592066 -0.021854544 -0.236201078 0.024486972 0.022301892 0.999451280 28.386486053
0.999340594 0.017679710 -0.031710077 -1.280036926 -0.018423706 0.999558151 -0.023325702 -0.254511714 0.031283680 0.023894539 0.999224842 29.493837357
0.999480665 0.018510142 -0.026376525 -1.375026345 -0.019095154 0.999573350 -0.022102833 -0.300643563 0.025956141 0.022595018 0.999407649 30.468269348
0.999291718 0.018533194 -0.032750830 -1.357946157 -0.019215573 0.999602199 -0.020645075 -0.328467160 0.032355163 0.021259775 0.999250233 31.570703506
0.999414742 0.020106604 -0.027676003 -1.466017962 -0.020645244 0.999600291 -0.019316381 -0.366990656 0.027276553 0.019876454 0.999430239 32.563102722
0.999120533 0.020894527 -0.036353350 -1.428150773 -0.021559790 0.999605477 -0.018005215 -0.408905804 0.035962801 0.018773150 0.999176741 33.666732788
0.999409199 0.021071075 -0.027153287 -1.599585533 -0.021583568 0.999591708 -0.018721260 -0.441505998 0.026747724 0.019296266 0.999455929 34.653076172
0.999081790 0.022337366 -0.036558840 -1.557910562 -0.023014968 0.999569058 -0.018219860 -0.492813498 0.036136102 0.019044535 0.999165297 35.774456024
0.999380291 0.021854419 -0.027594406 -1.725437880 -0.022381568 0.999570072 -0.018941302 -0.502813220 0.027168598 0.019547168 0.999439836 36.792083740
0.999194503 0.021211945 -0.034063190 -1.717063546 -0.021740686 0.999647558 -0.015227601 -0.548353612 0.033728175 0.015955890 0.999303699 37.813365936
0.999407172 0.022361424 -0.026179729 -1.893381357 -0.022709046 0.999656796 -0.013056839 -0.553649843 0.025878776 0.013643613 0.999571979 38.937099457
0.999226093 0.022536147 -0.032240547 -1.886120677 -0.022827238 0.999701619 -0.008689070 -0.601950288 0.032035127 0.009418306 0.999442399 39.970935822
0.999426126 0.021992942 -0.025763366 -2.043106079 -0.022290029 0.999687612 -0.011301388 -0.585572720 0.025506783 0.011869167 0.999604166 41.101634979
0.999240875 0.021567218 -0.032442037 -2.049027681 -0.021942712 0.999695718 -0.011263157 -0.628558874 0.032189250 0.011966473 0.999410152 42.148838043
0.999420702 0.022558970 -0.025484420 -2.194087982 -0.022918619 0.999640465 -0.013909541 -0.626239777 0.025161479 0.014485550 0.999578416 43.263645172
0.999199629 0.020716064 -0.034219310 -2.168434381 -0.021188984 0.999684095 -0.013515866 -0.645824671 0.033928502 0.014230122 0.999322891 44.326221466
0.999411106 0.021510633 -0.026740437 -2.313357592 -0.021811025 0.999701679 -0.010993106 -0.673116326 0.026495997 0.011569867 0.999581933 45.443614960
0.999317408 0.019262042 -0.031525098 -2.368606567 -0.019678397 0.999722540 -0.012950577 -0.628132641 0.031266902 0.013562099 0.999419034 46.534584045
0.999378502 0.022745524 -0.026930407 -2.448759079 -0.022996798 0.999694467 -0.009057784 -0.718879879 0.026716139 0.009671468 0.999596298 47.621509552
0.999192178 0.023247374 -0.032779574 -2.470009327 -0.023729216 0.999614835 -0.014387893 -0.727150857 0.032432482 0.015154104 0.999359012 48.682285309
0.999345958 0.024653081 -0.026458090 -2.594284058 -0.025118671 0.999532819 -0.017411735 -0.766146839 0.026016474 0.018064938 0.999498248 49.776161194
0.999135494 0.024896383 -0.033294953 -2.594666958 -0.025564235 0.999477327 -0.019785793 -0.778816223 0.032784946 0.020619849 0.999249637 50.859603882
0.999372303 0.024377283 -0.025702368 -2.720564127 -0.024768328 0.999580622 -0.015007300 -0.834374964 0.025325762 0.015634492 0.999556959 51.978183746
0.999232352 0.027554164 -0.027846918 -2.799353600 -0.028118510 0.999402881 -0.020081723 -0.793418407 0.027276952 0.020849319 0.999410391 53.043327332
0.999417126 0.023663640 -0.024604257 -2.859719276 -0.023958752 0.999643564 -0.011769785 -0.904102206 0.024316972 0.012352412 0.999627948 54.158168793
0.999427676 0.024177663 -0.023660215 -2.919006586 -0.024475856 0.999623597 -0.012395927 -0.946193457 0.023351602 0.012967937 0.999643207 55.223598480
0.999323785 0.026046054 -0.025955891 -2.981549263 -0.026530305 0.999476969 -0.018490102 -0.946206093 0.025460713 0.019166214 0.999492049 56.269672394
0.999448180 0.023469113 -0.023508975 -2.986762524 -0.023869598 0.999572098 -0.016902279 -1.003130078 0.023102239 0.017454097 0.999580741 57.308856964
0.999476910 0.022726798 -0.023010530 -3.027665615 -0.023170361 0.999547184 -0.019196790 -1.045822859 0.022563826 0.019719910 0.999550939 58.348308563
0.999503195 0.021364177 -0.023171961 -3.052025557 -0.021888973 0.999504089 -0.022635734 -1.083181858 0.022676872 0.023131706 0.999475181 59.384605408
0.999538124 0.019974979 -0.022906197 -3.080028057 -0.020530745 0.999494076 -0.024289981 -1.124474645 0.022409417 0.024749033 0.999442518 60.425621033
0.999581397 0.018155552 -0.022526549 -3.113357067 -0.018652791 0.999582589 -0.022062909 -1.164103985 0.022116583 0.022473853 0.999502778 61.486080170
0.999616385 0.016689973 -0.022104707 -3.147406578 -0.017051047 0.999722600 -0.016248286 -1.199994683 0.021827389 0.016618960 0.999623597 62.548213959
0.999584317 0.013053014 -0.025704725 -3.136342764 -0.013349458 0.999845982 -0.011395137 -1.205102682 0.025552036 0.011733545 0.999604642 63.575290680
0.999667585 0.013906731 -0.021713085 -3.201973438 -0.014121832 0.999852359 -0.009785092 -1.260798097 0.021573801 0.010088469 0.999716341 64.672515869
0.999712050 0.010769309 -0.021445062 -3.230684996 -0.011043574 0.999858201 -0.012711830 -1.293097258 0.021305123 0.012945000 0.999689221 65.737693787
0.999659657 0.008868339 -0.024535190 -3.232943535 -0.009258639 0.999831676 -0.015840054 -1.321975470 0.024390582 0.016061824 0.999573410 66.774635315
0.999702156 0.011380550 -0.021590075 -3.299807310 -0.011807662 0.999734998 -0.019759366 -1.368009448 0.021359488 0.020008406 0.999571621 67.882781982
0.999659240 0.010588787 -0.023861326 -3.311368704 -0.011210998 0.999596596 -0.026095018 -1.368082047 0.023575388 0.026353631 0.999374628 68.916450500
0.999686658 0.014130885 -0.020656293 -3.367636204 -0.014644255 0.999582231 -0.024916291 -1.441418648 0.020295585 0.025210984 0.999476016 70.025131226
0.999637961 0.016519455 -0.021235345 -3.413412571 -0.016955879 0.999645174 -0.020538390 -1.488381386 0.020888530 0.020891018 0.999563456 71.082122803
0.999618411 0.019266188 -0.019797165 -3.436598301 -0.019645801 0.999623299 -0.019162755 -1.523797035 0.019420508 0.019544374 0.999620378 72.178611755
0.999582589 0.019243425 -0.021545978 -3.454403400 -0.019656353 0.999623895 -0.019120021 -1.557123065 0.021169940 0.019535556 0.999585032 73.231246948
0.999659538 0.017231939 -0.019592170 -3.501787186 -0.017578181 0.999689877 -0.017639359 -1.600294828 0.019282125 0.017977748 0.999652445 74.334060669
0.999623537 0.016299121 -0.022068094 -3.507071018 -0.016639614 0.999743879 -0.015334234 -1.647559404 0.021812510 0.015695665 0.999638855 75.362747192
0.999688864 0.015155824 -0.019813782 -3.571680307 -0.015437400 0.999780834 -0.014136338 -1.674989820 0.019595183 0.014437811 0.999703765 76.503822327
0.999651253 0.013863981 -0.022478288 -3.580862761 -0.014148686 0.999821126 -0.012556956 -1.704675794 0.022300174 0.012870614 0.999668539 77.564910889
0.999655247 0.011927402 -0.023393126 -3.606388569 -0.012257010 0.999826968 -0.013997398 -1.741585732 0.023222113 0.014279299 0.999628425 78.623840332
0.999682486 0.013278197 -0.021415273 -3.664301872 -0.013658799 0.999749601 -0.017725123 -1.780022264 0.021174563 0.018012006 0.999613464 79.692016602
0.999640226 0.013417308 -0.023224302 -3.698210001 -0.013861205 0.999722302 -0.019058987 -1.823361993 0.022962131 0.019374050 0.999548554 80.759849548
0.999612093 0.015861262 -0.022891607 -3.726974487 -0.016274823 0.999705613 -0.017994530 -1.854790449 0.022599448 0.018360108 0.999575973 81.808792114
0.999567688 0.016630733 -0.024245985 -3.749395847 -0.016974419 0.999757230 -0.014038727 -1.885286570 0.024006620 0.014444219 0.999607444 82.875274658
0.999552906 0.017697088 -0.024099747 -3.787999630 -0.017940110 0.999790013 -0.009905266 -1.920529485 0.023919387 0.010333189 0.999660492 83.912277222
0.999492764 0.018336518 -0.026039807 -3.804304600 -0.018570606 0.999789000 -0.008776407 -1.954822659 0.025873378 0.009255529 0.999622405 84.966278076
0.999504447 0.018463142 -0.025495153 -3.850679398 -0.018759673 0.999758601 -0.011441171 -1.982148647 0.025277756 0.011913782 0.999609470 86.000213623
0.999467373 0.017766271 -0.027373139 -3.871153831 -0.018104993 0.999761879 -0.012176509 -2.012881994 0.027150286 0.012665613 0.999551117 87.078369141
0.999495208 0.018205034 -0.026038773 -3.925422668 -0.018536661 0.999749303 -0.012551690 -2.042802334 0.025803741 0.013028024 0.999582171 88.048118591
0.999487996 0.016181249 -0.027605791 -3.948142052 -0.016515480 0.999792457 -0.011922427 -2.081735611 0.027407141 0.012372240 0.999547899 89.064735413
0.999493480 0.015634608 -0.027718242 -3.982829094 -0.015940299 0.999814153 -0.010841993 -2.107756615 0.027543571 0.011278338 0.999556959 90.048377991
0.999457479 0.015849724 -0.028872930 -4.011743069 -0.016093208 0.999836683 -0.008220244 -2.141969919 0.028737923 0.008680442 0.999549270 91.038314819
0.999470174 0.014738899 -0.029018307 -4.057090759 -0.014955289 0.999861777 -0.007254122 -2.167820930 0.028907387 0.007684255 0.999552488 91.965179443
0.999431193 0.014058705 -0.030655721 -4.103503704 -0.014301524 0.999867916 -0.007715961 -2.185614586 0.030543201 0.008149995 0.999500155 92.914604187
0.999325573 0.013176952 -0.034273606 -4.128261089 -0.013459827 0.999877095 -0.008035988 -2.221162796 0.034163494 0.008491886 0.999380112 93.798149109
0.999193251 0.011984542 -0.038329780 -4.165910721 -0.012310019 0.999890029 -0.008266848 -2.255038738 0.038226482 0.008732019 0.999230921 94.702117920
0.999085069 0.012906264 -0.040773705 -4.212118626 -0.013267307 0.999875009 -0.008596592 -2.274220705 0.040657654 0.009129682 0.999131441 95.550384521
0.998952210 0.014073103 -0.043549381 -4.273949623 -0.014406046 0.999869287 -0.007340822 -2.307802677 0.043440375 0.007960505 0.999024332 96.410728455
0.998801708 0.014775653 -0.046656590 -4.303143501 -0.015086662 0.999866188 -0.006320684 -2.326538563 0.046556957 0.007017001 0.998890996 97.177574158
0.998636305 0.015681935 -0.049795877 -4.350876808 -0.015942868 0.999861181 -0.004847153 -2.350301027 0.049712963 0.005634433 0.998747587 97.980316162
0.998484612 0.017771821 -0.052083027 -4.393843651 -0.018000048 0.999830306 -0.003916071 -2.373039961 0.052004602 0.004847634 0.998635113 98.697074890
0.998284996 0.019314386 -0.055262011 -4.432212830 -0.019515146 0.999804735 -0.003095408 -2.400962830 0.055191439 0.004168545 0.998467147 99.440757751
0.998102486 0.021586806 -0.057666536 -4.492132187 -0.021899212 0.999748647 -0.004790957 -2.412948608 0.057548624 0.006044718 0.998324394 100.160537720
0.997936726 0.022665089 -0.060074732 -4.533549309 -0.023209617 0.999695480 -0.008381843 -2.435023546 0.059866458 0.009758859 0.998158634 100.766502380
0.997712493 0.025550734 -0.062587142 -4.587699890 -0.026327934 0.999585688 -0.011624730 -2.463024855 0.062264182 0.013245926 0.997971773 101.415237427
0.997535348 0.026923573 -0.064795911 -4.640736580 -0.027919957 0.999504626 -0.014521090 -2.481770992 0.064372838 0.016294399 0.997792900 102.053733826
0.997410297 0.029055700 -0.065790653 -4.670096397 -0.030134993 0.999426067 -0.015472184 -2.499352217 0.065303341 0.017414715 0.997713506 102.582176208
0.997420728 0.031223617 -0.064627990 -4.725814342 -0.032279443 0.999360919 -0.015357483 -2.518865824 0.064107157 0.017404029 0.997791231 103.161506653
0.997479022 0.035310779 -0.061553281 -4.768993378 -0.036186505 0.999258280 -0.013170578 -2.551398754 0.061042562 0.015364773 0.998016894 103.713752747
0.997692823 0.037843872 -0.056362659 -4.794586182 -0.038600020 0.999177933 -0.012387722 -2.561438084 0.055847526 0.014534740 0.998333573 104.235443115
0.998061478 0.038569294 -0.048844565 -4.814358711 -0.039109502 0.999183297 -0.010152216 -2.581113338 0.048413105 0.012042821 0.998754799 104.681709290
0.998479962 0.038817968 -0.039130576 -4.826742172 -0.039148368 0.999203622 -0.007712548 -2.598625898 0.038800035 0.009232721 0.999204338 105.170829773
0.998897016 0.038070608 -0.027488977 -4.833171368 -0.038274072 0.999243379 -0.006913487 -2.610229015 0.027204972 0.007957975 0.999598205 105.611221313
0.999208033 0.036998667 -0.014648604 -4.822453976 -0.037101205 0.999288499 -0.006791248 -2.628830910 0.014386910 0.007329350 0.999869645 106.050727844
0.999316812 0.036942814 0.001132630 -4.820097923 -0.036932532 0.999285460 -0.008047158 -2.641637564 -0.001429105 0.007999828 0.999967039 106.486625671
0.999183178 0.035623517 0.019077225 -4.801443100 -0.035413861 0.999309778 -0.011217193 -2.658386230 -0.019463658 0.010532431 0.999755085 106.897430420
0.998565495 0.035405356 0.040168360 -4.769826412 -0.034792174 0.999268651 -0.015863063 -2.673697710 -0.040700622 0.014442761 0.999066949 107.244575500
0.997382343 0.033094678 0.064291477 -4.722482204 -0.031803869 0.999273539 -0.020998430 -2.690335989 -0.064939700 0.018898742 0.997710228 107.644775391
0.995284081 0.031254489 0.091830224 -4.668690681 -0.029172013 0.999287784 -0.023933241 -2.705492020 -0.092512846 0.021141499 0.995487034 108.033302307
0.992193341 0.028585818 0.121389896 -4.598655701 -0.025638040 0.999338806 -0.025776720 -2.717334509 -0.122046493 0.022463284 0.992270172 108.370773315
0.987780809 0.026248939 0.153623149 -4.509546280 -0.022244915 0.999367952 -0.027725317 -2.740703106 -0.154253796 0.023969198 0.987740517 108.743591309
0.981551826 0.023812318 0.189707398 -4.414115906 -0.018529000 0.999390781 -0.029575242 -2.758142710 -0.190296084 0.025514543 0.981395125 109.115173340
0.973496318 0.020923039 0.227743879 -4.289337158 -0.014293302 0.999425828 -0.030721173 -2.774008989 -0.228255898 0.026651734 0.973236382 109.476036072
0.963142097 0.018337391 0.268367618 -4.204193115 -0.010269913 0.999453127 -0.031434406 -2.795849323 -0.268797278 0.027519684 0.962803543 109.734237671
0.950642824 0.018632637 0.309727222 -4.073635101 -0.009167450 0.999446273 -0.031987328 -2.824855089 -0.310151726 0.027569117 0.950287223 110.052352905
0.934721947 0.021468533 0.354731023 -3.926143646 -0.010170585 0.999380827 -0.033683471 -2.834446907 -0.355234534 0.027876858 0.934361398 110.393394470
0.916574180 0.021396084 0.399291933 -3.761669159 -0.009142790 0.999427795 -0.032567132 -2.851712942 -0.399760246 0.026199549 0.916245162 110.704841614
0.896191835 0.020198461 0.443206847 -3.599384308 -0.006901334 0.999476910 -0.031594675 -2.868097305 -0.443613231 0.025256168 0.895862401 110.950462341
0.872638345 0.019162372 0.487991154 -3.407203674 -0.003917372 0.999472380 -0.032242008 -2.886232376 -0.488351554 0.026223963 0.872252882 111.233764648
0.847069144 0.019579453 0.531122088 -3.197032928 -0.001648871 0.999413252 -0.034212962 -2.909755230 -0.531480312 0.028104989 0.846604288 111.510055542
0.819762230 0.021717245 0.572292149 -2.990634918 0.000123779 0.999274075 -0.038097594 -2.925205231 -0.572703958 0.031301800 0.819164455 111.729637146
0.788654983 0.026445286 0.614266992 -2.753028870 -0.000342519 0.999093413 -0.042572994 -2.945639133 -0.614835858 0.033365007 0.787948966 111.990570068
0.753974378 0.032762218 0.656086326 -2.501949310 -0.003261607 0.998929977 -0.046134155 -2.966986418 -0.656895757 0.032644078 0.753274441 112.253105164
0.717245102 0.037151575 0.695829928 -2.263950348 -0.003272434 0.998746276 -0.049951665 -2.970339537 -0.696813285 0.033550531 0.716467500 112.440368652
0.677764714 0.037535641 0.734320164 -1.967189789 -0.000952334 0.998740137 -0.050172802 -2.998366594 -0.735278368 0.033306032 0.676946640 112.664321899
0.637127161 0.034861851 0.769969881 -1.676475525 0.004816763 0.998776972 -0.049207259 -3.008937120 -0.770743608 0.035060041 0.636180043 112.841522217
0.592732668 0.032699764 0.804735243 -1.348564148 0.007527498 0.998906970 -0.046134211 -3.024272680 -0.805364013 0.033402897 0.591838658 113.041168213
0.546334326 0.031263337 0.836983621 -1.041263580 0.009281699 0.999015749 -0.043374173 -3.040971279 -0.837515831 0.031465426 0.545506358 113.198669434
0.498060316 0.028626466 0.866669834 -0.685413361 0.011799783 0.999138653 -0.039783105 -3.059862852 -0.867062271 0.030040894 0.497293532 113.362091064
0.447409242 0.025035812 0.893978775 -0.358135223 0.014949117 0.999259114 -0.035465747 -3.081562042 -0.894204378 0.029231902 0.446703464 113.484924316
0.395615876 0.025686873 0.918056786 0.027740479 0.011736349 0.999385774 -0.033019938 -3.108110905 -0.918340981 0.023837848 0.395071447 113.614326477
0.344082028 0.030208725 0.938453555 0.388198853 0.010566803 0.999294460 -0.036041476 -3.118731976 -0.938880146 0.022317678 0.343519956 113.722793579
0.293453872 0.035643924 0.955308616 0.808073044 0.010715826 0.999119222 -0.040570274 -3.136443615 -0.955913186 0.022142421 0.292813420 113.820556641
0.246872738 0.037209392 0.968333304 1.180538177 0.013394899 0.999036014 -0.041804153 -3.153492212 -0.968955338 0.023291033 0.246136382 113.881752014
0.205771923 0.037656911 0.977875173 1.631097794 0.020201759 0.998882949 -0.042716902 -3.171531916 -0.978391469 0.028544739 0.204781353 113.932914734
0.170785457 0.036919665 0.984616399 2.039381027 0.029741535 0.998649180 -0.042604633 -3.192218304 -0.984859288 0.036560256 0.169456676 113.972389221
0.140080422 0.038168978 0.989404261 2.524416924 0.033893149 0.998486102 -0.043317951 -3.213053942 -0.989559948 0.039602015 0.138574675 114.017738342
0.112165943 0.036634766 0.993013978 2.965429306 0.032445028 0.998652339 -0.040507611 -3.237102032 -0.993159592 0.036761943 0.110826172 114.052581787
0.086657621 0.033227794 0.995683849 3.498650551 0.026443271 0.999014795 -0.035640396 -3.258070946 -0.995887160 0.029417651 0.085693590 114.098182678
0.062723264 0.029223043 0.997602999 3.971566677 0.021532513 0.999299109 -0.030626554 -3.278230429 -0.997798681 0.023401899 0.062050045 114.119842529
0.039412491 0.026618319 0.998868465 4.544782639 0.026136838 0.999275684 -0.027660457 -3.304445744 -0.998881161 0.027197426 0.038688235 114.136062622
0.020058842 0.027429154 0.999422550 5.044596195 0.034483995 0.999009848 -0.028109938 -3.327674866 -0.999203861 0.035027932 0.019093113 114.113426208
0.001879128 0.029652663 0.999558628 5.652643681 0.039045062 0.998795867 -0.029703448 -3.360635281 -0.999235570 0.039083641 0.000719076 114.111892700
-0.011997300 0.035388984 0.999301791 6.191405773 0.039614078 0.998605728 -0.034888763 -3.369971991 -0.999143064 0.039167844 -0.013382478 114.089599609
-0.023082703 0.039909881 0.998936713 6.873340607 0.037004486 0.998552263 -0.039039448 -3.395064831 -0.999048591 0.036063999 -0.024526129 114.092155457
-0.029287761 0.039496761 0.998790383 7.424244881 0.038718984 0.998513818 -0.038350459 -3.421182632 -0.998820841 0.037548944 -0.030773509 114.050964355
-0.031382624 0.036573101 0.998838127 8.119408607 0.045013413 0.998368084 -0.035141610 -3.447898388 -0.998493373 0.043858275 -0.032977689 114.009376526
-0.030762235 0.034633342 0.998926580 8.727633476 0.047089323 0.998340011 -0.033162884 -3.477489233 -0.998416901 0.046018612 -0.032342032 113.988151550
-0.029143393 0.034630273 0.998975217 9.476757050 0.046401951 0.998369157 -0.033255566 -3.497178078 -0.998497605 0.045385230 -0.030702777 113.983428955
-0.027678866 0.034621444 0.999017119 10.115205765 0.042286914 0.998545885 -0.033433508 -3.536539078 -0.998722017 0.041319959 -0.029102655 113.969284058
-0.026471647 0.035869632 0.999005795 10.864862442 0.041038461 0.998552501 -0.034765922 -3.564769268 -0.998806775 0.040077362 -0.027905365 113.949623108
-0.025391676 0.036696184 0.999003768 11.561870575 0.040988844 0.998523891 -0.035636745 -3.595830202 -0.998836935 0.040043142 -0.026858324 113.934997559
-0.024624389 0.035995636 0.999048531 12.365289688 0.040460628 0.998568654 -0.034981087 -3.633986712 -0.998877704 0.039560739 -0.026045544 113.916702271
-0.024206765 0.035153233 0.999088764 13.077915192 0.038763843 0.998663008 -0.034199052 -3.659614801 -0.998955190 0.037900671 -0.025537074 113.907218933
-0.023450565 0.034024023 0.999145985 13.913917542 0.040555835 0.998630285 -0.033054605 -3.695748806 -0.998902082 0.039746042 -0.024798322 113.878532410
-0.024078012 0.031349637 0.999218583 14.643568993 0.040305074 0.998726010 -0.030362967 -3.733764887 -0.998897195 0.039542496 -0.025310889 113.866371155
-0.025091443 0.029554589 0.999248207 15.491048813 0.037770994 0.998877227 -0.028595179 -3.772306204 -0.998971343 0.037025105 -0.026179574 113.844375610
-0.026481729 0.028652184 0.999238670 16.227874756 0.037285984 0.998921931 -0.027654950 -3.801055193 -0.998953700 0.036525242 -0.027521504 113.833206177
-0.027773166 0.026325427 0.999267638 17.097717285 0.039213292 0.998912394 -0.025226196 -3.831510782 -0.998844743 0.038483955 -0.028775267 113.806915283
-0.028717604 0.024678353 0.999282837 17.858295441 0.041063245 0.998880506 -0.023488328 -3.861402988 -0.998743713 0.040359277 -0.029698826 113.784927368
-0.030518075 0.023689583 0.999253452 18.744400024 0.038180165 0.999017239 -0.022517925 -3.899243593 -0.998804688 0.037464462 -0.031392556 113.760070801
-0.031417284 0.028398313 0.999102771 19.507862091 0.035322405 0.999003410 -0.027284754 -3.929594040 -0.998881996 0.034433499 -0.032389067 113.746101379
-0.032047313 0.033272259 0.998932421 20.406337738 0.036752596 0.998808980 -0.032089069 -3.961624384 -0.998810351 0.035684988 -0.033231989 113.717979431
-0.033491332 0.034761138 0.998834252 21.186096191 0.036755938 0.998761773 -0.033526167 -3.998115540 -0.998762846 0.035590261 -0.034727540 113.699584961
-0.035196662 0.032512289 0.998851359 22.092660904 0.033241302 0.998955786 -0.031344358 -4.037783146 -0.998827457 0.032099903 -0.036240660 113.677589417
-0.036453687 0.028270394 0.998935461 22.886283875 0.030255994 0.999172747 -0.027172994 -4.073866844 -0.998877227 0.029233230 -0.037278876 113.662734985
-0.037110265 0.022947809 0.999047756 23.795454025 0.028466810 0.999354899 -0.021897450 -4.112011909 -0.998905659 0.027627079 -0.037739567 113.639434814
-0.037135717 0.017305158 0.999160349 24.591432571 0.025135575 0.999549866 -0.016377693 -4.144011021 -0.998994052 0.024506275 -0.037553977 113.610809326
-0.036669414 0.015457072 0.999207914 25.492675781 0.023166513 0.999624789 -0.014613348 -4.189001083 -0.999058902 0.022612302 -0.037013743 113.580200195
-0.036058325 0.022801830 0.999089479 26.280710220 0.025689939 0.999430299 -0.021882432 -4.215187073 -0.999019444 0.024877496 -0.036623560 113.556182861
-0.034047764 0.034348700 0.998829782 27.139642715 0.028836410 0.999026775 -0.033372514 -4.240722179 -0.999004126 0.027666401 -0.035005130 113.512977600
-0.034253277 0.039774999 0.998621583 27.945648193 0.030180376 0.998793185 -0.038746644 -4.272781372 -0.998957396 0.028811567 -0.035412367 113.501213074
-0.032943405 0.034293529 0.998868823 28.814504623 0.031384874 0.998953760 -0.033261359 -4.314155579 -0.998964369 0.030253619 -0.033985235 113.473190308
-0.032081146 0.026254952 0.999140441 29.620307922 0.034509540 0.999087989 -0.025145516 -4.357421398 -0.998889327 0.033673175 -0.032957934 113.450202942
-0.032316051 0.023228660 0.999207854 30.482852936 0.035675656 0.999119699 -0.022072798 -4.399701595 -0.998840749 0.034934085 -0.033116296 113.433341980
-0.032004759 0.024036245 0.999198675 31.257427216 0.034563228 0.999139488 -0.022927742 -4.428122520 -0.998889923 0.033801734 -0.032807987 113.407272339
-0.033633351 0.024658121 0.999130070 32.093814850 0.031509280 0.999224782 -0.023599776 -4.466017723 -0.998937488 0.030688122 -0.034384236 113.398689270
-0.035339229 0.024809442 0.999067366 32.874965668 0.028859679 0.999300301 -0.023794394 -4.500734329 -0.998958528 0.027991887 -0.036030494 113.369682312
-0.036764584 0.024967123 0.999012053 33.702598572 0.028866887 0.999297321 -0.023911921 -4.534805775 -0.998906910 0.027959256 -0.037459467 113.335479736
-0.039465796 0.025373111 0.998898745 34.483291626 0.027859654 0.999316812 -0.024283018 -4.566822052 -0.998832464 0.026870623 -0.040145714 113.313026428
-0.041058399 0.026283536 0.998811066 35.301933289 0.027094861 0.999315560 -0.025183024 -4.595096111 -0.998789251 0.026028669 -0.041742448 113.277351379
-0.043668993 0.025146341 0.998729527 36.072940826 0.024480512 0.999409914 -0.024093075 -4.630722046 -0.998746037 0.023397287 -0.044258814 113.259056091
-0.045725930 0.024080738 0.998663783 36.881137848 0.025627203 0.999408603 -0.022925308 -4.662467957 -0.998625219 0.024544675 -0.046316013 113.225517273
-0.047644846 0.023790479 0.998580992 37.648422241 0.024556380 0.999442041 -0.022639344 -4.700987339 -0.998562396 0.023442887 -0.048202462 113.191612244
-0.049906075 0.025093507 0.998438716 38.435249329 0.025019851 0.999402046 -0.023867123 -4.728605270 -0.998440444 0.023789674 -0.050504062 113.165336609
-0.050882492 0.025323981 0.998383582 39.191436768 0.025306543 0.999390304 -0.024059769 -4.761887550 -0.998383939 0.024041416 -0.051492319 113.126052856
-0.051705107 0.024188844 0.998369515 39.965423584 0.027100815 0.999372423 -0.022809606 -4.791854858 -0.998294532 0.025877250 -0.052328203 113.080451965
-0.053641729 0.023104841 0.998292923 40.750083923 0.027296195 0.999392688 -0.021663571 -4.831688881 -0.998187006 0.026087530 -0.054239821 113.044822693
-0.054663643 0.022716261 0.998246431 41.465991974 0.025753118 0.999440610 -0.021333208 -4.861321449 -0.998172581 0.024541806 -0.055218086 113.008369446
-0.055729277 0.021996869 0.998203576 42.209724426 0.024092728 0.999495804 -0.020680260 -4.885379314 -0.998155117 0.022896951 -0.056231141 112.973953247
-0.056864668 0.020768076 0.998165905 42.934211731 0.023306428 0.999538720 -0.019468892 -4.917132378 -0.998109758 0.022156592 -0.057322472 112.940399170
-0.057623006 0.020229274 0.998133421 43.653968811 0.023346609 0.999548495 -0.018910136 -4.952309132 -0.998065412 0.022213373 -0.058069274 112.904869080
-0.057573322 0.022890178 0.998078883 44.329906464 0.023494212 0.999491274 -0.021567326 -4.979189396 -0.998064756 0.022207376 -0.058081828 112.865440369
-0.057650916 0.026757400 0.997978270 45.050296783 0.024387192 0.999380231 -0.025386197 -4.998261452 -0.998038888 0.022874348 -0.058267724 112.829658508
-0.058045246 0.027611788 0.997931957 45.709850311 0.021575231 0.999418676 -0.026397984 -5.034316063 -0.998080790 0.019998334 -0.058607239 112.797454834
-0.058272000 0.028191473 0.997902572 46.409564972 0.021898657 0.999396741 -0.026954925 -5.066113472 -0.998060524 0.020282006 -0.058854207 112.761268616
-0.057672068 0.027967483 0.997943819 47.073688507 0.023679901 0.999364614 -0.026638817 -5.096595764 -0.998054683 0.022094894 -0.058297701 112.716667175
-0.057862531 0.027471662 0.997946560 47.771125793 0.024555191 0.999358058 -0.026086766 -5.130396843 -0.998022437 0.022995321 -0.058499962 112.681167603
-0.058295604 0.027555393 0.997919023 48.425792694 0.020382714 0.999443412 -0.026406787 -5.158366680 -0.998091280 0.018800899 -0.058824819 112.647575378
-0.057600535 0.027769839 0.997953475 49.094932556 0.018369246 0.999473274 -0.026751885 -5.190947533 -0.998170733 0.016790733 -0.058080308 112.609008789
-0.058114052 0.026491420 0.997958422 49.778793335 0.019897576 0.999480009 -0.025373122 -5.220424652 -0.998111665 0.018382417 -0.058610950 112.580131531
-0.059194170 0.026207155 0.997902453 50.460605621 0.020445487 0.999477446 -0.025035722 -5.246234417 -0.998037159 0.018920630 -0.059699059 112.541946411
-0.062120043 0.025345508 0.997746825 51.100692749 0.017168337 0.999556661 -0.024322577 -5.276911259 -0.997920930 0.015618734 -0.062527649 112.499420166
-0.067255355 0.025077144 0.997420549 51.765087128 0.013929722 0.999610245 -0.024192922 -5.309502602 -0.997638464 0.012266688 -0.067578450 112.458564758
-0.073398329 0.028534994 0.996894360 52.425354004 0.017045407 0.999480486 -0.027354015 -5.339167118 -0.997156978 0.014984732 -0.073846579 112.412162781
-0.080046602 0.031880565 0.996281147 53.076362610 0.020041721 0.999337792 -0.030368119 -5.361123085 -0.996589541 0.017536325 -0.080632530 112.360137939
-0.087018952 0.032997247 0.995660126 53.742309570 0.018812658 0.999327362 -0.031474605 -5.394478798 -0.996028960 0.015992124 -0.087581180 112.296684265
-0.093995720 0.032166164 0.995052934 54.415172577 0.015092494 0.999409020 -0.030881306 -5.423386097 -0.995458186 0.012115115 -0.094425641 112.248550415
-0.098375089 0.030938849 0.994668365 55.080455780 0.015229830 0.999446332 -0.029581204 -5.456568241 -0.995032847 0.012238577 -0.098791800 112.170654297
-0.103317760 0.032462139 0.994118631 55.766853333 0.013200625 0.999424100 -0.031263459 -5.471557617 -0.994560838 0.009892916 -0.103686772 112.112480164
-0.107016720 0.030691510 0.993783414 56.445762634 0.010352646 0.999503672 -0.029753333 -5.514408112 -0.994203269 0.007104186 -0.107281327 112.035369873
-0.110465959 0.027957346 0.993486643 57.155334473 0.011060555 0.999576986 -0.026898906 -5.539739609 -0.993818343 0.008017101 -0.110728450 111.971961975
-0.111396894 0.024588855 0.993471682 57.844047546 0.013195797 0.999642313 -0.023261948 -5.572241306 -0.993688345 0.010518342 -0.111681521 111.884307861
-0.113542944 0.022138651 0.993286431 58.567352295 0.012823479 0.999701083 -0.020815765 -5.596507549 -0.993450344 0.010373905 -0.113792896 111.813636780
-0.114458025 0.021586007 0.993193567 59.275344849 0.012284623 0.999718249 -0.020312104 -5.624711990 -0.993352115 0.009876125 -0.114690952 111.733413696
-0.114827871 0.025189470 0.993066013 59.983207703 0.013824766 0.999622226 -0.023757216 -5.651739597 -0.993289173 0.011000916 -0.115132727 111.650413513
-0.114938632 0.029454339 0.992935836 60.721641541 0.020156199 0.999423623 -0.027313584 -5.679823875 -0.993167996 0.016874427 -0.115466066 111.564041138
-0.115175232 0.034590799 0.992742717 61.450809479 0.027661296 0.999117613 -0.031603735 -5.709666729 -0.992959857 0.023820585 -0.116030410 111.468254089
-0.115982309 0.035478886 0.992617488 62.187805176 0.028249621 0.999075353 -0.032408882 -5.741808891 -0.992849469 0.024282210 -0.116877325 111.382080078
-0.117107488 0.033158988 0.992565572 62.934139252 0.025797764 0.999206781 -0.030337108 -5.776929855 -0.992784142 0.022053270 -0.117870018 111.308006287
-0.116271533 0.028293135 0.992814600 63.672599792 0.026785027 0.999319911 -0.025341656 -5.810287476 -0.992856205 0.023646044 -0.116950281 111.216667175
-0.116735078 0.026073268 0.992820919 64.407295227 0.028284758 0.999337077 -0.022918703 -5.842426300 -0.992760181 0.025406275 -0.117395177 111.137390137
-0.117120124 0.025979511 0.992777944 65.157882690 0.029283633 0.999313474 -0.022695884 -5.876844883 -0.992685914 0.026413999 -0.117800489 111.038696289
-0.118735164 0.026954208 0.992560148 65.893478394 0.027483778 0.999337673 -0.023850514 -5.903537273 -0.992545485 0.024447402 -0.119397327 110.958030701
-0.120904222 0.027453367 0.992284417 66.631523132 0.027090676 0.999336362 -0.024347629 -5.941413403 -0.992294371 0.023937924 -0.121567726 110.870246887
-0.123302370 0.026960589 0.992002785 67.374572754 0.027804222 0.999332309 -0.023703827 -5.975942612 -0.991979539 0.024659127 -0.123969652 110.784248352
-0.124786794 0.027656985 0.991797984 68.101928711 0.028531760 0.999297976 -0.024276301 -5.999882221 -0.991773248 0.025268376 -0.125488326 110.681777954
-0.128361747 0.027338423 0.991350532 68.896438599 0.027679961 0.999329269 -0.023974409 -6.028978348 -0.991341114 0.024363143 -0.129032403 110.613983154
-0.128813550 0.027807025 0.991278887 69.611534119 0.025787793 0.999362648 -0.024682745 -6.059971333 -0.991333425 0.022383424 -0.129448533 110.503097534
-0.130203128 0.029685201 0.991042793 70.358703613 0.026414987 0.999300718 -0.026462153 -6.088911057 -0.991135299 0.022732932 -0.130896226 110.415901184
-0.130614221 0.029402632 0.990997195 71.107452393 0.024755314 0.999345124 -0.026387542 -6.128637314 -0.991124153 0.021085856 -0.131256595 110.309486389
-0.131808937 0.030535785 0.990804732 71.867912292 0.024944073 0.999310970 -0.027479580 -6.147479534 -0.990961194 0.021092650 -0.132479832 110.209175110
-0.132972717 0.028860569 0.990699351 72.632446289 0.025193337 0.999351323 -0.025731135 -6.178319931 -0.990799367 0.021537486 -0.133613557 110.117454529
-0.133632839 0.026118277 0.990686655 73.392684937 0.023275495 0.999459565 -0.023209952 -6.214382648 -0.990757465 0.019957114 -0.134168535 110.017196655
-0.136539280 0.024161542 0.990339994 74.187568665 0.019906303 0.999567509 -0.021642163 -6.242573738 -0.990434647 0.016759004 -0.136961222 109.938064575
-0.137276471 0.023306526 0.990258574 74.929931641 0.023032608 0.999527812 -0.020331752 -6.274859905 -0.990264952 0.020017166 -0.137748465 109.814720154
-0.139465451 0.023906475 0.989938319 75.732963562 0.023103420 0.999514937 -0.020882867 -6.306861877 -0.989957511 0.019958522 -0.139950141 109.702507019
-0.142214417 0.024980294 0.989520609 76.505966187 0.022222592 0.999510050 -0.022038633 -6.338985920 -0.989586413 0.018855501 -0.142699867 109.602554321
-0.143759727 0.028731551 0.989195466 77.285957336 0.023313314 0.999399304 -0.025639804 -6.363915443 -0.989337862 0.019375458 -0.144343197 109.499061584
-0.143686950 0.032433815 0.989091575 78.108016968 0.025559934 0.999251008 -0.029053833 -6.401397705 -0.989293039 0.021106457 -0.144408330 109.365356445
-0.145307735 0.036677178 0.988706529 78.907440186 0.026981426 0.999087870 -0.033096898 -6.438103199 -0.989018500 0.021867478 -0.146164805 109.254981995
-0.144360438 0.037397724 0.988818228 79.709312439 0.029178068 0.999011934 -0.033523463 -6.475065231 -0.989094794 0.024012342 -0.145309001 109.131729126
-0.143578023 0.036746349 0.988956630 80.538986206 0.032431446 0.998948395 -0.032409184 -6.514012814 -0.989107430 0.027420048 -0.144618765 108.997390747
-0.143437847 0.034548536 0.989056170 81.347152710 0.032595836 0.999013186 -0.030169139 -6.548897743 -0.989122391 0.027911713 -0.144422472 108.880889893
-0.142490253 0.033425085 0.989231706 82.205024719 0.032430857 0.999050677 -0.029085476 -6.584226608 -0.989264846 0.027937230 -0.143438965 108.758041382
-0.141104117 0.030639391 0.989520609 83.047409058 0.031335253 0.999158382 -0.026469458 -6.623855591 -0.989498675 0.027271928 -0.141945451 108.649147034
-0.139601082 0.027731171 0.989819467 83.873771667 0.031732392 0.999219656 -0.023519091 -6.655298233 -0.989699244 0.028126048 -0.140372112 108.533828735
-0.137573555 0.024365695 0.990191758 84.760169983 0.031998895 0.999284863 -0.020143643 -6.688698292 -0.989974558 0.028913809 -0.138254806 108.412574768
-0.136322990 0.024335766 0.990365446 85.599197388 0.030858774 0.999317408 -0.020308055 -6.723128319 -0.990183711 0.027793011 -0.136980876 108.306472778
-0.134266257 0.028528417 0.990534544 86.444419861 0.032331798 0.999179482 -0.024394847 -6.761284828 -0.990417600 0.028750364 -0.135078475 108.185653687
-0.131732851 0.035239190 0.990658700 87.281410217 0.033668980 0.998950422 -0.031057006 -6.793624878 -0.990713298 0.029263243 -0.132781059 108.062980652
-0.130608201 0.038128879 0.990700662 88.141166687 0.031074449 0.998926699 -0.034348797 -6.835036278 -0.990946949 0.026299242 -0.131652862 107.962142944
-0.129459202 0.035873536 0.990935624 88.987060547 0.029186063 0.999050260 -0.032354325 -6.870127678 -0.991155088 0.024732945 -0.130383253 107.865692139
-0.128417045 0.033560734 0.991152346 89.854309082 0.029131636 0.999123573 -0.030056251 -6.906780720 -0.991292357 0.025014153 -0.129282176 107.755935669
-0.127220616 0.031857975 0.991362751 90.742950439 0.031370360 0.999113321 -0.028081313 -6.947550774 -0.991378188 0.027526885 -0.128107175 107.628906250
-0.127136216 0.031301763 0.991391301 91.604728699 0.029965725 0.999166965 -0.027704453 -6.991744041 -0.991432548 0.026185518 -0.127968267 107.536834717
-0.126649469 0.031542271 0.991445959 92.455703735 0.029967790 0.999159753 -0.027959527 -7.024222374 -0.991494715 0.026170382 -0.127488270 107.427726746
-0.125457317 0.029545423 0.991659045 93.333084106 0.032004368 0.999156833 -0.025719855 -7.066284180 -0.991582692 0.028510679 -0.126297116 107.309883118
-0.124016784 0.028693177 0.991865218 94.183227539 0.034722116 0.999095082 -0.024560887 -7.107104778 -0.991672456 0.031393696 -0.124900863 107.200096130
