0.999998569 0.000842382 0.001450571 -0.003403127 -0.000835816 0.999989450 -0.004520983 -0.003248071 -0.001454364 0.004519764 0.999988735 0.967332006
0.999996841 -0.001307013 0.002153731 -0.002649626 0.001318781 0.999984145 -0.005471778 -0.000658281 -0.002146545 0.005474601 0.999982655 1.928968906
0.999995708 -0.001655102 0.002415421 -0.050194860 0.001658766 0.999997497 -0.001516038 -0.102647476 -0.002412905 0.001520038 0.999995947 2.901659012
0.999985337 -0.005071639 0.001904603 -0.006518818 0.005062729 0.999976337 0.004653745 -0.002791585 -0.001928160 -0.004644034 0.999987364 3.838701487
0.999969959 -0.007741489 0.000313883 -0.047208063 0.007739948 0.999959290 0.004639828 -0.102089621 -0.000349790 -0.004637260 0.999989212 4.795507431
0.999948323 -0.010152693 -0.000519580 -0.047304157 0.010153566 0.999947011 0.001712381 -0.098031402 0.000502167 -0.001717568 0.999998331 5.732878208
0.999977648 -0.004427785 -0.005015625 -0.053703137 0.004364177 0.999910831 -0.012622695 -0.117532969 0.005071068 0.012600523 0.999907732 6.656826019
0.999956429 -0.008633780 -0.003553395 -0.055844359 0.008614807 0.999948740 -0.005321140 -0.104671992 0.003599155 0.005290296 0.999979556 7.597939968
0.999970853 -0.003812903 -0.006618436 -0.075797699 0.003738075 0.999929368 -0.011281613 -0.139276922 0.006660984 0.011256544 0.999914467 8.515140533
0.999966621 -0.003539976 -0.007362549 -0.084617257 0.003478212 0.999958813 -0.008385094 -0.148852795 0.007391929 0.008359205 0.999937713 9.437853813
0.999960840 -0.003019831 -0.008315485 -0.093874134 0.002960093 0.999969780 -0.007187100 -0.163167655 0.008336938 0.007162205 0.999939620 10.361114502
0.999951661 -0.004232735 -0.008867580 -0.106226921 0.004175177 0.999970138 -0.006499536 -0.166983306 0.008894828 0.006462198 0.999939561 11.260106087
0.999938369 -0.005209585 -0.009804367 -0.111494794 0.005150782 0.999968588 -0.006013436 -0.172381014 0.009835388 0.005962565 0.999933839 12.190394402
0.999919951 -0.005960430 -0.011155668 -0.110985711 0.005878081 0.999955297 -0.007400031 -0.177087352 0.011199276 0.007333865 0.999910414 13.092633247
0.999945343 -0.001121778 -0.010392763 -0.118829057 0.001046641 0.999973297 -0.007232297 -0.180229187 0.010400599 0.007221025 0.999919772 13.993508339
0.999913871 -0.002844642 -0.012807563 -0.118042797 0.002727884 0.999954641 -0.009124489 -0.174860686 0.012832939 0.009088765 0.999876320 14.894156456
0.999907136 -0.000979830 -0.013593567 -0.147488058 0.000852058 0.999955356 -0.009402037 -0.189202309 0.013602172 0.009389581 0.999863327 15.795682907
0.999883294 0.000681278 -0.015262178 -0.166827142 -0.000840589 0.999945223 -0.010434258 -0.195681721 0.015254235 0.010445870 0.999828994 16.697135925
0.999851704 0.001930616 -0.017116202 -0.181646198 -0.002097698 0.999950290 -0.009749056 -0.211639881 0.017096529 0.009783514 0.999805927 17.591382980
0.999828398 0.001153931 -0.018489672 -0.204552338 -0.001326470 0.999955654 -0.009322053 -0.214687601 0.018478097 0.009344980 0.999785542 18.481405258
0.999794781 0.001510270 -0.020203365 -0.228962541 -0.001662959 0.999970138 -0.007542879 -0.229262680 0.020191368 0.007574927 0.999767482 19.388071060
0.999777913 0.002048213 -0.020975681 -0.251348168 -0.002203598 0.999970257 -0.007387504 -0.228963077 0.020959929 0.007432085 0.999752700 20.252885818
0.999750316 0.000936917 -0.022329343 -0.278044581 -0.001109686 0.999969542 -0.007726166 -0.234092087 0.022321424 0.007749016 0.999720812 21.129228592
0.999708295 0.000114481 -0.024151003 -0.297378302 -0.000315234 0.999965310 -0.008308747 -0.239983872 0.024149213 0.008313934 0.999673903 21.997035980
0.999691248 -0.000131702 -0.024847450 -0.328827858 -0.000061624 0.999969721 -0.007779583 -0.249487281 0.024847725 0.007778711 0.999661088 22.875429153
0.999683976 0.001601969 -0.025088361 -0.343137920 -0.001765014 0.999977469 -0.006478090 -0.256098866 0.025077414 0.006520323 0.999664247 23.719675064
0.999669671 0.000933696 -0.025683578 -0.369742811 -0.001024199 0.999993324 -0.003510882 -0.262144864 0.025680128 0.003536028 0.999663949 24.580322266
0.999649525 0.004151531 -0.026145708 -0.385628223 -0.004156810 0.999991298 -0.000147545 -0.232583970 0.026144870 0.000256176 0.999658108 25.400596619
0.999622226 0.004618106 -0.027094077 -0.415174574 -0.004654590 0.999988258 -0.001283664 -0.235925227 0.027087832 0.001409290 0.999632061 26.247385025
0.999618649 0.006077061 -0.026940893 -0.456078500 -0.006212865 0.999968410 -0.004959944 -0.206611246 0.026909905 0.005125432 0.999624729 27.027980804
0.999595463 0.006141491 -0.027772345 -0.482207447 -0.006337173 0.999955773 -0.006963443 -0.208215162 0.027728351 0.007136624 0.999589980 27.839208603
0.999517679 0.010035184 -0.029389059 -0.494793653 -0.010162694 0.999939561 -0.004192456 -0.256870687 0.029345213 0.004489106 0.999559224 28.639163971
0.999482930 0.010139444 -0.030510638 -0.523353100 -0.010282346 0.999936879 -0.004530490 -0.262754470 0.030462774 0.004841869 0.999524176 29.421285629
0.999413013 0.010056826 -0.032746334 -0.551994801 -0.010232032 0.999934196 -0.005187230 -0.267579973 0.032692008 0.005519249 0.999450266 30.200014114
0.999333739 0.010553623 -0.034939244 -0.570590198 -0.010735426 0.999929905 -0.005019929 -0.270710111 0.034883820 0.005391673 0.999376833 30.988027573
0.999272764 0.010223196 -0.036734711 -0.606931984 -0.010368490 0.999939144 -0.003766919 -0.271718472 0.036693968 0.004145062 0.999318004 31.746145248
0.999191463 0.009912652 -0.038964305 -0.631641269 -0.009986375 0.999948621 -0.001697878 -0.270844758 0.038945481 0.002085618 0.999239147 32.491355896
0.999105036 0.010655006 -0.040938515 -0.668674290 -0.010686985 0.999942720 -0.000562312 -0.266534895 0.040930174 0.000999318 0.999161482 33.232887268
0.999022782 0.011064445 -0.042791061 -0.707041144 -0.011097274 0.999938250 -0.000529701 -0.278497189 0.042782560 0.001004048 0.999083877 33.974327087
0.998880446 0.013529764 -0.045328815 -0.736989558 -0.013601980 0.999906719 -0.001285107 -0.279045105 0.045307197 0.001900230 0.998971283 34.690235138
0.998815179 0.014822650 -0.046352569 -0.787118137 -0.014934764 0.999886334 -0.002073333 -0.279050231 0.046316572 0.002763144 0.998922944 35.388240814
0.998724341 0.014813363 -0.048271723 -0.815909088 -0.014855626 0.999889493 -0.000516894 -0.286239207 0.048258737 0.001233342 0.998834074 36.103759766
0.998654962 0.014593040 -0.049752753 -0.860702753 -0.014623249 0.999893069 -0.000243226 -0.286445618 0.049743898 0.000970446 0.998761535 36.785118103
0.998600781 0.017122651 -0.050033178 -0.903113186 -0.017121570 0.999853373 0.000450206 -0.292650014 0.050033554 0.000407071 0.998747408 37.475605011
0.998598993 0.020679470 -0.048707709 -0.941453934 -0.020785114 0.999782503 -0.001663369 -0.298260212 0.048662726 0.002673434 0.998811603 38.125164032
0.998645902 0.022764735 -0.046777129 -0.978308916 -0.023005391 0.999724627 -0.004612815 -0.303819656 0.046659246 0.005682695 0.998894632 38.762657166
0.998728156 0.022960111 -0.044887491 -1.010387897 -0.023290118 0.999705315 -0.006842672 -0.296323240 0.044717152 0.007879406 0.998968601 39.416713715
0.998853147 0.023816900 -0.041534327 -1.045839787 -0.024109591 0.999687791 -0.006560303 -0.292247474 0.041365106 0.007554155 0.999115527 40.050128937
0.998851776 0.028758438 -0.038318817 -1.079680681 -0.028904758 0.999576807 -0.003269856 -0.310168266 0.038208570 0.004373698 0.999260187 40.682624817
0.998835564 0.034048021 -0.034179155 -1.103816032 -0.034038212 0.999420166 0.000868990 -0.306330174 0.034188919 0.000295418 0.999415338 41.319469452
0.998768151 0.039401311 -0.030159641 -1.122797608 -0.039368153 0.999223411 0.001692424 -0.307285666 0.030202905 -0.000503010 0.999543667 41.925319672
0.998825431 0.041600887 -0.024842156 -1.150204182 -0.041587394 0.999134302 0.001060051 -0.308489025 0.024864750 -0.000025685 0.999690831 42.504123688
0.998781145 0.045644257 -0.018786056 -1.172031999 -0.045599222 0.998955846 0.002818760 -0.308386326 0.018895105 -0.001958694 0.999819517 43.077857971
0.998637795 0.050722416 -0.012239449 -1.185551405 -0.050674625 0.998706460 0.004184212 -0.309759915 0.012435848 -0.003558282 0.999916375 43.633220673
0.998543680 0.053689323 -0.005287518 -1.190297127 -0.053667907 0.998550475 0.004110477 -0.323200017 0.005500540 -0.003820721 0.999977589 44.151046753
0.998368859 0.057057738 0.002037968 -1.191858411 -0.057065379 0.998362660 0.003910345 -0.321645290 -0.001811516 -0.004020263 0.999990284 44.662479401
0.998055995 0.061578956 0.009608286 -1.194794178 -0.061613310 0.998094559 0.003322701 -0.324098706 -0.009385370 -0.003908240 0.999948323 45.148929596
0.997663736 0.066081792 0.017329635 -1.192656040 -0.066100471 0.997812748 0.000507009 -0.323361695 -0.017258231 -0.001651322 0.999849677 45.622863770
0.997346044 0.068269871 0.025302704 -1.187582731 -0.068226017 0.997666538 -0.002593672 -0.330326527 -0.025420729 0.000860487 0.999676466 46.065811157
0.997091115 0.068567067 0.033282973 -1.176527381 -0.068506002 0.997646272 -0.002972192 -0.330559909 -0.033408422 0.000683462 0.999441683 46.472324371
0.996867120 0.067656577 0.040969428 -1.150161743 -0.067637488 0.997708321 -0.001853147 -0.330773562 -0.041000910 -0.000923727 0.999158680 46.872055054
0.996357143 0.069559842 0.049334325 -1.136046410 -0.069591813 0.997574985 -0.001071489 -0.335520327 -0.049289223 -0.002365679 0.998781681 47.252143860
0.995666146 0.072587386 0.058137845 -1.119512558 -0.072633184 0.997357845 -0.001328121 -0.331976175 -0.058080643 -0.002900372 0.998307586 47.598564148
0.994766295 0.077290215 0.066831589 -1.099165678 -0.077332996 0.997003496 -0.001950752 -0.337734222 -0.066782109 -0.003227744 0.997762322 47.923900604
0.993823111 0.080941699 0.075920828 -1.077507734 -0.081022494 0.996710241 -0.002020418 -0.342483282 -0.075834602 -0.004143357 0.997111797 48.233268738
0.993140817 0.080155313 0.085125849 -1.048992157 -0.080312185 0.996768475 -0.001585710 -0.346604854 -0.084977858 -0.005261809 0.996369004 48.497230530
0.992231011 0.079088941 0.096034683 -1.018498421 -0.079112992 0.996859312 -0.003563283 -0.351095289 -0.096014887 -0.004061989 0.995371699 48.771110535
0.991141081 0.077229984 0.108050637 -0.985621452 -0.076900333 0.997012615 -0.007220478 -0.393303722 -0.108285494 -0.001152619 0.994119167 49.033782959
0.989547193 0.078193918 0.121168874 -0.945291042 -0.077358954 0.996935964 -0.011587130 -0.393389791 -0.121703640 0.002092517 0.992564261 49.298919678
0.987464249 0.079671323 0.136260211 -0.894038200 -0.078515746 0.996816754 -0.013842842 -0.401786745 -0.136929333 0.002970740 0.990576446 49.549819946
0.984897673 0.082149602 0.152407229 -0.850722313 -0.080581412 0.996612430 -0.016448462 -0.369980335 -0.153242156 0.003918867 0.988180876 49.786666870
0.982033372 0.082848147 0.169548362 -0.804969788 -0.080921255 0.996553361 -0.018255636 -0.367638409 -0.170476422 0.004207579 0.985352755 50.053810120
0.978880763 0.081816368 0.187345982 -0.739187241 -0.079570390 0.996638656 -0.019490257 -0.376550019 -0.188310906 0.004171446 0.982100606 50.285457611
0.975126863 0.080693595 0.206436470 -0.664239883 -0.078200869 0.996732533 -0.020220041 -0.381096244 -0.207393616 0.003573595 0.978251040 50.517261505
0.970545411 0.080968805 0.226904303 -0.602664948 -0.078125797 0.996711671 -0.021497671 -0.394306660 -0.227898821 0.003137386 0.973679721 50.759239197
0.965235293 0.083383553 0.247725680 -0.530218124 -0.079852030 0.996510804 -0.024287304 -0.391942859 -0.248886511 0.003661562 0.968525708 51.003494263
0.959040046 0.084250621 0.270451427 -0.444910049 -0.080044277 0.996437132 -0.026565913 -0.403444231 -0.271726072 0.003829686 0.962366998 51.243076324
0.951389909 0.084534846 0.296160579 -0.358952522 -0.079788730 0.996415675 -0.028098438 -0.439082384 -0.297474384 0.003102288 0.954724729 51.547714233
0.942774951 0.087501585 0.321743399 -0.263378143 -0.082438685 0.996163666 -0.029354960 -0.449878693 -0.323077708 0.001151017 0.946371794 51.779838562
0.932974935 0.089294948 0.348689109 -0.153369904 -0.083793692 0.996005118 -0.030860780 -0.460988402 -0.350051850 -0.000425613 0.936730206 52.018230438
0.921652436 0.090239301 0.377377421 -0.036054611 -0.084210709 0.995918334 -0.032482035 -0.474019170 -0.378768265 -0.001842076 0.925489664 52.253509521
0.909069359 0.088279307 0.407185078 0.095968246 -0.081016824 0.996095121 -0.035081539 -0.485187292 -0.408692092 -0.001097295 0.912671566 52.485900879
0.894054770 0.085294746 0.439762294 0.251377106 -0.076456524 0.996355712 -0.037810408 -0.513324261 -0.441384703 0.000181884 0.897317946 52.752460480
0.876753032 0.084368043 0.473482966 0.410528183 -0.073044591 0.996431530 -0.042292759 -0.527873516 -0.475361466 0.002494942 0.879787028 52.980712891
0.857306063 0.086386099 0.507507563 0.584037781 -0.072068103 0.996251881 -0.047837503 -0.541020155 -0.509737849 0.004436275 0.860318363 53.212699890
0.836016417 0.088148147 0.541577816 0.700937271 -0.070977509 0.996092200 -0.052559983 -0.550134420 -0.544094443 0.005501163 0.839005947 53.392654419
0.811565936 0.090859056 0.577152967 0.897912979 -0.071113020 0.995850980 -0.056777295 -0.565020204 -0.579917073 0.005035424 0.814660013 53.615371704
0.784256458 0.095469862 0.613047659 1.121902466 -0.073938757 0.995430231 -0.060430273 -0.577237368 -0.616015434 0.002064843 0.787731469 53.849441528
0.760120034 0.095174015 0.642774820 0.960556030 -0.077257425 0.995435476 -0.056030005 -0.429176569 -0.645173490 -0.007069613 0.764003396 53.614929199
0.727579892 0.096524887 0.679198503 1.219024658 -0.076784641 0.995289028 -0.059192147 -0.446847439 -0.681712449 -0.009084998 0.731563866 53.844497681
0.691370368 0.093984343 0.716361821 1.516138077 -0.072535925 0.995522738 -0.060604006 -0.470545292 -0.718850255 -0.010062160 0.695092082 54.086952209
0.650260150 0.093646593 0.753917933 1.794353485 -0.068351425 0.995560706 -0.064708181 -0.501809835 -0.756630540 -0.009454210 0.653774321 54.380260468
0.607928693 0.093140878 0.788509727 2.121791840 -0.065843955 0.995589018 -0.066836976 -0.530755520 -0.791256785 -0.011286477 0.611379921 54.603736877
0.562209785 0.092464931 0.821809232 2.482192993 -0.061100598 0.995658159 -0.070225663 -0.558066010 -0.824734390 -0.010731473 0.565418422 54.817920685
0.514820278 0.090205267 0.852539062 2.661575317 -0.057635177 0.995840788 -0.070563711 -0.505055666 -0.855358541 -0.012808610 0.517877996 54.771717072
0.466212749 0.088298067 0.880255163 3.068178177 -0.055357724 0.995968401 -0.070585907 -0.535195708 -0.882938862 -0.015820870 0.469221175 54.953109741
0.416445285 0.086100094 0.905074656 3.476032257 -0.054286800 0.996084213 -0.069779292 -0.561230659 -0.907538593 -0.020074354 0.419488668 55.124622345
0.366408646 0.086168870 0.926455438 3.941434860 -0.056812115 0.995916605 -0.070160486 -0.583843350 -0.928718030 -0.026926491 0.369807839 55.284263611
0.317095697 0.086266994 0.944461882 4.422384262 -0.053955935 0.995882452 -0.072848454 -0.616243124 -0.946857512 -0.027859397 0.320444643 55.426986694
0.268997222 0.082424596 0.959607601 4.954223633 -0.042895712 0.996367991 -0.073557578 -0.665427208 -0.962185264 -0.021376261 0.271555811 55.531677246
0.224952713 0.076644748 0.971350551 5.479422569 -0.028650124 0.996990740 -0.072032869 -0.692702055 -0.973948479 -0.011625327 0.226471618 55.609275818
0.176878497 0.073740013 0.981466413 6.374688148 -0.021463977 0.997241318 -0.071057029 -0.789840579 -0.983998597 -0.008497717 0.177973270 55.766868591
0.139041066 0.075347938 0.987415910 6.942697048 -0.017684449 0.997131169 -0.073599093 -0.816389024 -0.990128636 -0.007228613 0.139974654 55.818428040
0.108552910 0.076569654 0.991137385 7.257047653 -0.007673479 0.997063935 -0.076187097 -0.834341705 -0.994061053 0.000664857 0.108821750 55.808624268
0.079581425 0.074858867 0.994013548 7.846846581 -0.000614969 0.997179687 -0.075048082 -0.880650938 -0.996828139 0.005361146 0.079403028 55.835700989
0.052006196 0.072858967 0.995985389 8.519487381 0.005924840 0.997295082 -0.073264129 -0.929617882 -0.998629212 0.009711240 0.051433839 55.883800507
0.032114387 0.072018236 0.996886134 9.127484322 0.010970907 0.997315168 -0.072402649 -0.962230682 -0.999423981 0.013261911 0.031238057 55.889892578
0.016196281 0.073799059 0.997141600 9.671759605 0.013723936 0.997162044 -0.074023478 -0.993552029 -0.999774635 0.014883606 0.015137504 55.885013580
0.002998721 0.073265933 0.997307897 10.307213783 0.014096247 0.997210264 -0.073301144 -1.042067289 -0.999896169 0.014278111 0.001957581 55.882030487
-0.009027119 0.074248515 0.997198939 10.873999596 0.015500723 0.997130096 -0.074103072 -1.078955412 -0.999839127 0.014788371 -0.010152118 55.872959137
-0.017444720 0.077119522 0.996869266 11.528532982 0.019958101 0.996849120 -0.076768719 -1.120056629 -0.999648690 0.018556403 -0.018928915 55.844913483
-0.025499633 0.078741215 0.996569037 12.191723824 0.024553062 0.996641636 -0.078118712 -1.167910933 -0.999373198 0.022476820 -0.027347336 55.838966370
-0.029833369 0.078259759 0.996486604 12.875614166 0.025212461 0.996671975 -0.077519506 -1.208449125 -0.999236882 0.022811204 -0.031707197 55.812110901
-0.034880448 0.075213008 0.996557236 13.547411919 0.022002971 0.996980071 -0.074474797 -1.252829552 -0.999149263 0.019329507 -0.036430024 55.808334351
-0.037712708 0.067946613 0.996975899 14.278761864 0.019887736 0.997539043 -0.067232698 -1.306688547 -0.999090731 0.017292064 -0.038971212 55.794307709
-0.037247423 0.063304037 0.997298956 14.848381996 0.021559197 0.997810066 -0.062531292 -1.327027559 -0.999073505 0.019171834 -0.038530640 55.747058868
-0.037158471 0.060970388 0.997447729 15.603208542 0.023668040 0.997910738 -0.060116973 -1.369723082 -0.999029100 0.021373779 -0.038523886 55.709022522
-0.038897272 0.062368706 0.997294843 16.293821335 0.026732940 0.997757971 -0.061355006 -1.423540831 -0.998885572 0.024274083 -0.040477365 55.697196960
-0.037900154 0.069642343 0.996851742 17.057495117 0.027912753 0.997253120 -0.068609133 -1.465716958 -0.998891592 0.025224585 -0.039739951 55.670825958
-0.034548115 0.078446858 0.996319473 17.658384323 0.029358547 0.996564031 -0.077448085 -1.489990115 -0.998971701 0.026574807 -0.036732502 55.644222260
-0.031857416 0.079316944 0.996340275 18.444137573 0.030092657 0.996470451 -0.078365117 -1.533377290 -0.999039412 0.027486013 -0.034131832 55.610519409
-0.031731848 0.074436717 0.996720850 19.158250809 0.028804643 0.996876836 -0.073531345 -1.584701657 -0.999081254 0.026376894 -0.033776864 55.608261108
-0.029098894 0.067869335 0.997269750 19.970018387 0.028094770 0.997353673 -0.067055263 -1.642564058 -0.999181628 0.026066834 -0.030928656 55.589740753
-0.025406610 0.066397622 0.997469723 20.625347137 0.026982440 0.997473836 -0.065710612 -1.686566710 -0.999312937 0.025244668 -0.027133999 55.570281982
-0.021600824 0.072310619 0.997148216 21.410585403 0.034795456 0.996831059 -0.071533859 -1.734333277 -0.999161005 0.033151027 -0.024048453 55.540039062
-0.019834405 0.077206783 0.996817768 22.106946945 0.035628505 0.996435285 -0.076468214 -1.786257148 -0.999168277 0.033998426 -0.022514462 55.533256531
-0.017063098 0.077516153 0.996845067 22.909595490 0.029729065 0.996588767 -0.076987341 -1.841801643 -0.999412417 0.028321629 -0.019309375 55.526962280
-0.014333438 0.073953629 0.997158647 23.592237473 0.024771115 0.996981323 -0.073584408 -1.890049219 -0.999590397 0.023646016 -0.016122084 55.534015656
-0.009740686 0.070590712 0.997457743 24.391145706 0.028625606 0.997116029 -0.070286967 -1.947974920 -0.999542713 0.027868189 -0.011733295 55.531360626
-0.006143988 0.071341358 0.997433007 25.078960419 0.033230394 0.996915460 -0.071099654 -2.001163483 -0.999428809 0.032708261 -0.008495737 55.506092072
-0.003549135 0.075683601 0.997125626 25.873598099 0.032892559 0.996601045 -0.075526714 -2.059021235 -0.999452591 0.032529954 -0.006026499 55.514503479
0.000346938 0.076750748 0.997050226 26.555301666 0.029351419 0.996619940 -0.076727837 -2.100284576 -0.999569118 0.029291466 -0.001906976 55.512893677
0.004665877 0.076133400 0.997086704 27.352561951 0.028692601 0.996676862 -0.076236375 -2.156318188 -0.999577403 0.028964721 0.002465905 55.507400513
0.007651527 0.072935157 0.997307301 28.050720215 0.032535229 0.996790349 -0.073146969 -2.211229324 -0.999441326 0.033007309 0.005254009 55.522109985
0.011336042 0.073558562 0.997226536 28.839155197 0.037321109 0.996564567 -0.073933996 -2.262357235 -0.999239087 0.038055725 0.008551812 55.524829865
0.014291192 0.074214660 0.997139812 29.534967422 0.039824340 0.996408165 -0.074730985 -2.318985701 -0.999104440 0.040778425 0.011284310 55.532894135
0.016475571 0.073943704 0.997126400 30.324075699 0.040480334 0.996394753 -0.074558318 -2.373968840 -0.999044418 0.041592393 0.013422906 55.564163208
0.020629887 0.072830379 0.997130990 31.143005371 0.041770007 0.996409714 -0.073641874 -2.425003529 -0.998914301 0.043169390 0.017513694 55.564689636
0.024636354 0.071902096 0.997107387 31.804712296 0.043825503 0.996373534 -0.072932012 -2.473967791 -0.998735368 0.045495506 0.021395868 55.591499329
0.027083423 0.072211750 0.997021496 32.606983185 0.042064477 0.996421635 -0.073310956 -2.527690411 -0.998747706 0.043924700 0.023948960 55.625679016
0.029969681 0.073669694 0.996832311 33.405963898 0.039148558 0.996428549 -0.074816853 -2.590480089 -0.998783886 0.041266784 0.026978584 55.655048370
0.033330139 0.073798448 0.996716082 34.065570831 0.041020609 0.996328712 -0.075141497 -2.631808043 -0.998602152 0.043390375 0.030180516 55.667606354
0.035362545 0.074099027 0.996623814 34.874794006 0.038555171 0.996403873 -0.075450711 -2.681781054 -0.998630524 0.041093126 0.032378469 55.712440491
0.038123425 0.074011743 0.996528506 35.587348938 0.036628965 0.996479690 -0.075409412 -2.735065460 -0.998601496 0.039376669 0.035278246 55.737716675
0.040761728 0.074170917 0.996412158 36.387054443 0.034088224 0.996557295 -0.075576201 -2.791513443 -0.998587191 0.037046537 0.038093042 55.776950836
0.044183426 0.076520421 0.996088624 37.262546539 0.032509118 0.996424079 -0.077988207 -2.845896482 -0.998494327 0.035827745 0.041537821 55.811851501
0.046998028 0.079144374 0.995754600 37.848400116 0.031254999 0.996251583 -0.080659047 -2.897502899 -0.998405874 0.034913138 0.044348206 55.838703156
0.050774481 0.081232183 0.995401084 38.651504517 0.031823542 0.996048868 -0.082908325 -2.958220959 -0.998203039 0.035886813 0.047988772 55.880680084
0.053828783 0.083905384 0.995018721 39.408176422 0.025266828 0.996029854 -0.085357532 -3.011979580 -0.998230457 0.029735656 0.051495053 55.935928345
0.056827430 0.083292089 0.994903505 40.222553253 0.021589708 0.996178329 -0.084631987 -3.069125414 -0.998150468 0.026289096 0.054812003 55.987934113
0.059740569 0.083442099 0.994720280 40.981452942 0.023722984 0.996099949 -0.084982589 -3.136358738 -0.997932017 0.028674647 0.057528082 56.044517517
0.064001873 0.084765658 0.994343281 41.794387817 0.023099901 0.995993257 -0.086393148 -3.199470520 -0.997682452 0.028498556 0.061787348 56.088348389
0.067428835 0.085680276 0.994038343 42.609638214 0.019056063 0.996013582 -0.087143153 -3.261334896 -0.997542024 0.024818419 0.065527298 56.154781342
0.071537822 0.083666548 0.993922591 43.368373871 0.017782174 0.996210396 -0.085138991 -3.320950031 -0.997279346 0.023764765 0.069778942 56.221244812
0.076413661 0.083637826 0.993562102 44.182918549 0.017827312 0.996201754 -0.085231096 -3.391164541 -0.996916831 0.024225362 0.074632376 56.280258179
0.081118293 0.087378658 0.992866874 45.005855560 0.013829151 0.995955229 -0.088780291 -3.459754705 -0.996608496 0.020932212 0.079581812 56.364936829
0.086052917 0.095573843 0.991695762 45.746196747 0.012685168 0.995202303 -0.097012520 -3.513543606 -0.996209800 0.020928040 0.084427692 56.441555023
0.093166202 0.100299284 0.990585804 46.567440033 0.011328076 0.994741857 -0.101785555 -3.584723473 -0.995586157 0.020704404 0.091540135 56.528232574
0.099916995 0.102776065 0.989673555 47.391120911 0.006483885 0.994562566 -0.103938416 -3.670195341 -0.994974673 0.016802141 0.098707318 56.628765106
0.109736025 0.093685210 0.989535749 47.848773956 0.009137815 0.995410979 -0.095254794 -3.557383060 -0.993918777 0.019495077 0.108376339 56.715843201
0.117845893 0.092396133 0.988724053 48.692543030 0.009091256 0.995519817 -0.094114773 -3.627714396 -0.992990315 0.020079786 0.116477922 56.813400269
0.124562830 0.088884085 0.988222480 49.476707458 0.009518533 0.995826602 -0.090767808 -3.700264454 -0.992165983 0.020712722 0.123196922 56.918724060
0.131858766 0.083485097 0.987746716 50.311664581 0.006743816 0.996348560 -0.085112408 -3.774125099 -0.991245508 0.017883996 0.130814269 57.036361694
0.139010862 0.075835958 0.987382770 51.165660858 0.004061315 0.997011364 -0.077147260 -3.845259428 -0.990282536 0.014734382 0.138287425 57.170227051
0.146988779 0.072967865 0.986443043 51.900112152 0.004188628 0.997220397 -0.074389219 -3.892154694 -0.989129245 0.015066228 0.146274626 57.279953003
0.154342368 0.074291646 0.985220313 52.729927063 0.004374734 0.997107804 -0.075873367 -3.962583065 -0.988007724 0.016020553 0.153571010 57.412506104
0.160238683 0.081120260 0.983739197 53.517501831 0.004164544 0.996552885 -0.082855232 -4.020285606 -0.987069547 0.017373441 0.159348488 57.540473938
0.166864708 0.083005391 0.982479632 54.200843811 0.006074530 0.996344626 -0.085208483 -4.075599670 -0.985961080 0.020186389 0.165750533 57.642051697
0.171726182 0.085912190 0.981391430 54.998878479 0.006094395 0.996078372 -0.088264324 -4.135786533 -0.985125899 0.021138279 0.170529142 57.795303345
0.176398367 0.085005693 0.980641425 55.780296326 0.002203200 0.996227443 -0.086753063 -4.218424320 -0.984316409 0.017463649 0.175545588 57.952262878
0.182431459 0.082619406 0.979741156 56.566368103 0.006343939 0.996343553 -0.085200720 -4.272599697 -0.983198106 0.021758709 0.181240261 58.097095490
0.186576694 0.076087423 0.979489505 57.347427368 0.006967817 0.996868849 -0.078764714 -4.333022118 -0.982415676 0.021520566 0.185462311 58.252174377
0.189915881 0.070151962 0.979291022 58.106975555 0.004996656 0.997361958 -0.072415523 -4.392402649 -0.981787622 0.018646039 0.189064354 58.404083252
0.193529606 0.066117659 0.978864014 58.870586395 0.005368708 0.997640312 -0.068447344 -4.444846630 -0.981079698 0.018501824 0.192717984 58.567813873
0.196916491 0.065741770 0.978213608 59.610210419 0.003423830 0.997697115 -0.067740403 -4.503238201 -0.980414271 0.016688438 0.196237922 58.718475342
0.199247628 0.068113692 0.977579176 60.343788147 0.001854454 0.997553468 -0.069883399 -4.552673817 -0.979947388 0.015736977 0.198633865 58.870174408
0.201361299 0.072416253 0.976836443 61.072330475 -0.002872602 0.997302890 -0.073341340 -4.602644444 -0.979512811 0.011962046 0.201026186 59.022197723
0.207275629 0.077720061 0.975190461 61.709625244 -0.003211107 0.996887922 -0.078766771 -4.630218983 -0.978277326 0.013194996 0.206880137 59.168754578
0.209187895 0.083532482 0.974301219 62.401306152 -0.004307260 0.996413887 -0.084503531 -4.680680752 -0.977865994 0.013480549 0.208797529 59.323074341
0.211155057 0.085116088 0.973739624 63.099353790 -0.002630273 0.996247232 -0.086513132 -4.741752625 -0.977449000 0.015706483 0.210586548 59.475250244
0.212323681 0.085030861 0.973492920 63.781848907 -0.005157036 0.996290565 -0.085897364 -4.799276829 -0.977185786 0.013217710 0.211974561 59.633113861
0.212594569 0.081774920 0.973712564 64.406990051 -0.004504965 0.996563435 -0.082710393 -4.856202126 -0.977130115 0.013197240 0.212232366 59.774250031
0.213424712 0.079098254 0.973752141 65.080314636 -0.005152898 0.996794283 -0.079840571 -4.919914246 -0.976945937 0.012022305 0.213148117 59.922462463
0.212881371 0.078357778 0.973931015 65.725456238 -0.003250489 0.996830344 -0.079489663 -4.957077026 -0.977072656 0.013756120 0.212461308 60.071624756
0.205828682 0.078011014 0.975473642 66.305458069 -0.006903312 0.996908367 -0.078268602 -5.008023262 -0.978563607 0.009375918 0.205730855 60.224712372
0.203439206 0.078902923 0.975903034 66.946640015 -0.008845108 0.996854961 -0.078753039 -5.066811085 -0.979047537 0.007389489 0.203497246 60.376049042
0.201145992 0.081437163 0.976170182 67.565910339 -0.009676465 0.996654749 -0.081152178 -5.122848034 -0.979513466 0.006877561 0.201261088 60.511482239
0.199872017 0.084988974 0.976129115 68.130676270 -0.005872542 0.996317029 -0.085544251 -5.164971352 -0.979804397 0.011365541 0.199635029 60.612663269
0.198529989 0.085458450 0.976361930 68.745605469 -0.002893151 0.996238172 -0.086609870 -5.209348679 -0.980090559 0.014369896 0.198030397 60.734954834
0.201620564 0.084166266 0.975840747 69.315116882 -0.001963763 0.996333838 -0.085528061 -5.260836601 -0.979461730 0.015327893 0.201046631 60.837890625
0.198790699 0.081246987 0.976668477 69.900497437 -0.002514741 0.996596754 -0.082392931 -5.310629845 -0.980038762 0.013922879 0.198318467 60.961589813
0.196367234 0.077901296 0.977430940 70.463973999 -0.003211846 0.996884704 -0.078806512 -5.354939938 -0.980525136 0.012335660 0.196005747 61.081596375
0.194396749 0.076899186 0.977904022 71.042106628 0.000366953 0.996916592 -0.078467213 -5.407278061 -0.980922818 0.015612618 0.193769187 61.197456360
0.187471017 0.078963213 0.979091108 71.558334351 0.001097950 0.996746063 -0.080597304 -5.447244167 -0.982269526 0.016184648 0.186774343 61.281646729
0.184818715 0.081108369 0.979419947 72.110580444 0.005034022 0.996497393 -0.083472528 -5.489509583 -0.982759774 0.020357706 0.183763057 61.380348206
0.183151037 0.083006509 0.979574203 72.657684326 0.004691537 0.996343851 -0.085304715 -5.531563759 -0.983073652 0.020219356 0.182091981 61.485012054
0.188067794 0.084153347 0.978544176 73.173164368 0.008513032 0.996145427 -0.087303162 -5.578115940 -0.982119143 0.024749290 0.186626434 61.584823608
0.187417164 0.082608134 0.978800595 73.724380493 0.010107586 0.996242464 -0.086015552 -5.619751453 -0.982228339 0.026014101 0.185877979 61.678848267
0.187788948 0.080854304 0.978875816 74.256156921 0.016651846 0.996200740 -0.085479841 -5.667033195 -0.982068241 0.032352258 0.185729146 61.780727386
0.189303994 0.079271264 0.978713393 74.822151184 0.021230625 0.996172488 -0.084791832 -5.709920883 -0.981689036 0.036830127 0.186896458 61.902820587
0.191882297 0.078392081 0.978282094 75.347969055 0.024101473 0.996127784 -0.084549405 -5.750917912 -0.981121957 0.039801575 0.189249918 61.984672546
0.195048243 0.078262165 0.977666140 75.896217346 0.021466982 0.996231854 -0.084031090 -5.792476654 -0.980558693 0.037377656 0.192633227 62.101535797
0.200547472 0.078671142 0.976520121 76.446937561 0.020190705 0.996226907 -0.084405333 -5.842000961 -0.979475915 0.036643904 0.198202357 62.218498230
0.207030639 0.077582933 0.975253403 77.004837036 0.021350542 0.996254981 -0.083786011 -5.882638931 -0.978101552 0.038168460 0.204598874 62.344455719
0.216206223 0.076945320 0.973311007 77.563041687 0.021743406 0.996263027 -0.083589762 -5.922369003 -0.976105571 0.039235722 0.213725209 62.444129944
0.225088581 0.074806273 0.971462309 78.139022827 0.021802055 0.996412039 -0.081779025 -5.969931602 -0.974094450 0.039587405 0.222650006 62.574840546
0.233431622 0.074605078 0.969506979 78.708213806 0.018489435 0.996531487 -0.081136428 -6.012562752 -0.972197413 0.036865447 0.231242567 62.731777191
0.242994130 0.073975004 0.967202961 79.284309387 0.017205184 0.996602476 -0.080546103 -6.061359882 -0.969875157 0.036213137 0.240895748 62.886253357
0.252668411 0.077755846 0.964423478 79.871253967 0.011892773 0.996440709 -0.083453000 -6.108903885 -0.967479885 0.032555606 0.250844389 63.055503845
0.262011498 0.080241673 0.961722970 80.454147339 0.008524494 0.996306062 -0.085449517 -6.148420334 -0.965027094 0.030586964 0.260359645 63.224910736
0.272914261 0.082677469 0.958479106 81.052993774 0.004664439 0.996174932 -0.087257192 -6.196140289 -0.962027073 0.028284503 0.271484703 63.409797668
0.283072829 0.084932320 0.955330491 81.658172607 0.002850562 0.995992541 -0.089391969 -6.242344856 -0.959094286 0.028027663 0.281696260 63.593414307
0.292515427 0.085744448 0.952408850 82.273216248 -0.000050939 0.995973229 -0.089650854 -6.294558525 -0.956260800 0.026175743 0.291341841 63.802276611
0.303263187 0.086191341 0.949000776 82.897865295 -0.001326215 0.995938241 -0.090030544 -6.342551708 -0.952905893 0.026044371 0.302145690 63.999694824
0.313202322 0.087233320 0.945671499 83.543426514 -0.005850126 0.995930731 -0.089931935 -6.394995213 -0.949668407 0.022634588 0.312438160 64.230468750
0.323988527 0.082518592 0.942455292 84.172592163 -0.005123040 0.996327281 -0.085474290 -6.439526081 -0.946047187 0.022864453 0.323221326 64.448509216
0.333759457 0.076706991 0.939532161 84.832595825 -0.004088842 0.996792138 -0.079929389 -6.475128651 -0.942649424 0.022835594 0.333002448 64.679061890
0.344660372 0.072635017 0.935913146 85.488746643 -0.002752288 0.997075915 -0.076368220 -6.521752357 -0.938723445 0.023745202 0.343852490 64.923210144
0.355793029 0.067861907 0.932097673 86.180961609 -0.000934748 0.997385621 -0.072258390 -6.593833447 -0.934564292 0.024837760 0.354926229 65.203651428
0.365510166 0.065221563 0.928519547 86.867919922 0.005575645 0.997370780 -0.072252691 -6.635750771 -0.930790603 0.031586189 0.364185512 65.471298218
0.373034716 0.061266579 0.925792396 87.560684204 0.009593064 0.997509420 -0.069878019 -6.659426212 -0.927767813 0.034948114 0.371517867 65.738235474
0.379978895 0.052467961 0.923505902 88.281051636 0.018649109 0.997752488 -0.064359441 -6.698556423 -0.924807131 0.041677784 0.378146470 66.024711609
0.386882007 0.049051307 0.920823693 89.006408691 0.020756494 0.997867882 -0.061876170 -6.747049809 -0.921895623 0.043051858 0.385039032 66.312301636
0.394220084 0.048694730 0.917725086 89.728111267 0.022880916 0.997765660 -0.062770471 -6.801561832 -0.918731153 0.045743775 0.392225027 66.620048523
0.401488990 0.055275079 0.914194286 90.428733826 0.025193434 0.997132838 -0.071354069 -6.838496208 -0.915517211 0.051679563 0.398945302 66.933448792
0.408973068 0.059206266 0.910623789 91.138389587 0.029674180 0.996502459 -0.078116931 -6.881001949 -0.912063837 0.058969729 0.405785739 67.246063232
0.414331526 0.060043372 0.908143282 91.836952209 0.030504264 0.996344805 -0.079792231 -6.938941479 -0.909614682 0.060762674 0.410985410 67.576797485
0.418462336 0.061971210 0.906117499 92.535377502 0.023130303 0.996618748 -0.078842796 -6.996419430 -0.907939434 0.053951509 0.415613979 67.928817749
0.422108352 0.066954158 0.904069483 93.233406067 0.013174257 0.996710539 -0.079966046 -7.058465481 -0.906449676 0.045664795 0.419837773 68.251327515
0.425999165 0.069696449 0.902034998 93.907501221 0.012582853 0.996475399 -0.082935892 -7.122967243 -0.904636085 0.046680797 0.423620731 68.577835083
0.430364370 0.074210607 0.899599493 94.592330933 0.009009539 0.996211946 -0.086490557 -7.184449673 -0.902610302 0.045327447 0.428065509 68.907188416
0.434262276 0.077274986 0.897465765 95.255928040 0.005947644 0.996045887 -0.088640995 -7.241428375 -0.900766909 0.043831255 0.432085544 69.232246399
0.438214004 0.075686179 0.895678520 95.919715881 0.004355657 0.996258199 -0.086316325 -7.313326836 -0.898860097 0.041726299 0.436244667 69.559082031
0.441949546 0.072300360 0.894121468 96.567718506 0.006317544 0.996470988 -0.083699204 -7.364642143 -0.897017658 0.042639475 0.439933211 69.891685486
0.445639461 0.069112241 0.892540753 97.207565308 0.006850079 0.996723056 -0.080599591 -7.419980049 -0.895186424 0.042032328 0.443705678 70.209762573
0.449341118 0.068370908 0.890740097 97.834205627 0.005585782 0.996832609 -0.079332076 -7.478969574 -0.893342853 0.040622644 0.447535902 70.536735535
0.452106446 0.070462599 0.889176488 98.452911377 0.002753859 0.996759832 -0.080388233 -7.538647652 -0.891959786 0.038792703 0.450447410 70.860565186
0.454593569 0.070857763 0.887876034 99.053886414 0.003419774 0.996684492 -0.081292242 -7.599929333 -0.890692413 0.039991260 0.452844054 71.179870605
0.456979930 0.068919383 0.886802971 99.649406433 0.005500707 0.996755600 -0.080299117 -7.653748512 -0.889460027 0.041573122 0.455118150 71.481452942
0.458764732 0.068104364 0.885943949 100.254737854 0.007725510 0.996714950 -0.080620028 -7.695909023 -0.888524175 0.043829989 0.456731588 71.790817261
0.460354805 0.067414463 0.885171592 100.827552795 0.006925243 0.996809244 -0.079518415 -7.754024506 -0.887708068 0.042736705 0.458419085 72.104385376
0.462250084 0.067076042 0.884209037 101.409248352 0.008720750 0.996742904 -0.080171928 -7.795535088 -0.886706710 0.044770442 0.460159510 72.408615112
0.464948237 0.068969294 0.882647336 101.975646973 0.007027547 0.996642113 -0.081578620 -7.858460426 -0.885309935 0.044132680 0.462902367 72.708564758
0.467889696 0.068816319 0.881103516 102.528358459 0.010140645 0.996480167 -0.083212465 -7.907772064 -0.883728743 0.047869209 0.465544969 72.991271973
0.470712721 0.068284944 0.879640102 103.071281433 0.011451127 0.996443689 -0.083479919 -7.965198040 -0.882212162 0.049367931 0.468256831 73.300117493
0.474125564 0.066292100 0.877958000 103.606956482 0.014431914 0.996442378 -0.083032228 -8.014245987 -0.880338967 0.052038308 0.471482098 73.572151184
0.477278292 0.065590017 0.876300931 104.129089355 0.015512028 0.996426344 -0.083029881 -8.061515808 -0.878615320 0.053221565 0.474555284 73.858848572
0.480717957 0.065158226 0.874451101 104.631523132 0.016794195 0.996368349 -0.083475068 -8.106233597 -0.876714468 0.054813668 0.477877825 74.127990723
0.484166592 0.064117692 0.872623444 105.157920837 0.017131589 0.996425629 -0.082719594 -8.161678314 -0.874808133 0.054999497 0.481337547 74.424163818
0.487361252 0.063557930 0.870884299 105.660568237 0.018890835 0.996346653 -0.083285913 -8.206957817 -0.872996092 0.057042070 0.484380126 74.716346741
0.491550714 0.064456008 0.868460417 106.156272888 0.018864945 0.996234953 -0.084616877 -8.252395630 -0.870644629 0.057976939 0.488484055 74.992233276
0.495536625 0.065141700 0.866140902 106.654548645 0.020593407 0.996022284 -0.086691871 -8.296125412 -0.868342876 0.060795788 0.492224038 75.282402039
0.500380099 0.068580121 0.863085449 107.138046265 0.018053027 0.995814741 -0.089593083 -8.346442223 -0.865617573 0.060411904 0.497047871 75.570091248
0.506244063 0.074489526 0.859167278 107.618530273 0.014749938 0.995369017 -0.094989225 -8.394245148 -0.862264097 0.060760390 0.502800941 75.849472046
0.511411548 0.076898895 0.855888426 108.107383728 0.013711004 0.995131016 -0.097602054 -8.474049568 -0.859226525 0.061649904 0.507867217 76.171661377
0.517292380 0.083423443 0.851733029 108.586799622 0.007788726 0.994737446 -0.102160498 -8.528198242 -0.855773330 0.059480757 0.513920367 76.483283997
0.523311734 0.087701008 0.847616315 109.060127258 0.003706165 0.994446218 -0.105181322 -8.588829041 -0.852133334 0.058184024 0.520080268 76.802772522
0.529383004 0.088134110 0.843792617 109.552841187 0.000108310 0.994582295 -0.103952050 -8.633907318 -0.848382950 0.055121832 0.526505470 77.103553772
0.534297109 0.086845770 0.840823650 110.035194397 -0.006231653 0.995085895 -0.098819114 -8.691898346 -0.845273852 0.047559045 0.532212734 77.436676025
0.540537834 0.084993601 0.837015510 110.534904480 -0.012833514 0.995601237 -0.092809185 -8.742005348 -0.841221869 0.039425027 0.539250791 77.778343201
0.546274245 0.083044536 0.833479404 111.045204163 -0.019372197 0.996059418 -0.086546533 -8.800361633 -0.837382257 0.031131826 0.545730531 78.124916077
0.553712726 0.076429531 0.829192817 111.543853760 -0.014372940 0.996507764 -0.082253657 -8.829083443 -0.832583725 0.033626966 0.552877545 78.470458984
0.560267031 0.080045730 0.824435353 112.037391663 -0.019208658 0.996307552 -0.083679318 -8.866457939 -0.828089356 0.031046469 0.559735835 78.813255310
0.566834092 0.083875827 0.819551110 112.552970886 -0.022912854 0.996023893 -0.086089261 -8.912054062 -0.823513329 0.030020075 0.566502094 79.177314758
0.572499394 0.083651282 0.815626681 113.118339539 -0.019636044 0.995895267 -0.088356964 -8.961236954 -0.819669962 0.034568612 0.571792066 79.607475281
0.579005599 0.085983470 0.810777009 113.648834229 -0.022077516 0.995712399 -0.089829631 -9.009042740 -0.815024614 0.034111913 0.578421354 79.994804382
0.584823072 0.086765774 0.806507111 114.194831848 -0.024994116 0.995718181 -0.088997535 -9.059480667 -0.810775757 0.031889874 0.584487617 80.418739319
