0.999766886 -0.009618122 0.019336551 0.027364593 0.009676066 0.999948978 -0.002905258 0.000601781 -0.019307626 0.003091682 0.999808729 1.208915830
0.999843597 -0.012176958 0.012836196 0.026286079 0.012232386 0.999916136 -0.004248327 -0.003455348 -0.012783387 0.004404680 0.999908507 1.524933457
0.999913037 -0.013167514 0.000740050 0.005585423 0.013171264 0.999899089 -0.005312202 -0.006019438 -0.000670027 0.005321487 0.999985635 0.603932917
0.999787569 -0.013127301 -0.015884573 0.003444627 0.013022389 0.999892771 -0.006690121 -0.010388205 0.015970694 0.006481846 0.999851406 2.175434351
0.999345839 -0.008606247 -0.035126641 -0.029848590 0.008383278 0.999943793 -0.006489928 -0.018374922 0.035180524 0.006191207 0.999361753 2.518056631
0.998466372 -0.005113950 -0.055125177 -0.065008327 0.004684980 0.999957740 -0.007908166 -0.022782687 0.055163290 0.007637778 0.998448133 2.865770102
0.997149587 -0.004819003 -0.075295798 -0.104209721 0.004203275 0.999956429 -0.008333785 -0.028425144 0.075332679 0.007993542 0.997126400 3.228191137
0.995235324 -0.006680895 -0.097273514 -0.110169396 0.005891887 0.999947369 -0.008396238 -0.028054960 0.097324498 0.007783107 0.995222211 3.296649218
0.993210435 -0.007821965 -0.116067536 -0.206802249 0.007054244 0.999950409 -0.007023744 -0.036987696 0.116116725 0.006157289 0.993216455 3.985187054
0.990985274 -0.006700773 -0.133803204 -0.275010973 0.005890996 0.999961853 -0.006446987 -0.043422647 0.133841306 0.005600635 0.990986884 4.378276348
0.988774717 -0.005953397 -0.149295598 -0.299113363 0.005181866 0.999971151 -0.005556272 -0.046630114 0.149324358 0.004720272 0.988777041 4.509621620
0.986574292 -0.004963961 -0.163237438 -0.427939057 0.004056236 0.999974370 -0.005893600 -0.059081614 0.163262472 0.005152346 0.986569226 5.201968670
0.984535575 -0.006480831 -0.175064668 -0.465838909 0.005327415 0.999960899 -0.007057667 -0.060460508 0.175103575 0.006015883 0.984531522 5.385606766
0.982672036 -0.010545292 -0.185052708 -0.598582387 0.009039151 0.999918759 -0.008980775 -0.075180873 0.185132384 0.007152437 0.982687533 6.079278469
0.981223762 -0.009222829 -0.192652240 -0.650585711 0.007272505 0.999914885 -0.010828263 -0.080273449 0.192735747 0.009223884 0.981207252 6.319610596
0.979617596 -0.009540023 -0.200644732 -0.795985401 0.007135452 0.999893785 -0.012704031 -0.089364946 0.200744659 0.011013401 0.979581714 7.013764858
0.977988124 -0.010162572 -0.208413005 -0.868431091 0.006967884 0.999846816 -0.016057104 -0.092139527 0.208544269 0.014251459 0.977909148 7.310314655
0.976184726 -0.014109309 -0.216482148 -1.018272519 0.010652065 0.999796569 -0.017128684 -0.109896503 0.216679811 0.014414776 0.976136267 8.005807877
0.974201262 -0.019847814 -0.224806800 -1.099470377 0.016013708 0.999693811 -0.018865805 -0.118662998 0.225112408 0.014779097 0.974220693 8.361715317
0.972219110 -0.020974832 -0.233130828 -1.258544445 0.016535213 0.999643087 -0.020981748 -0.138296723 0.233487695 0.016543992 0.972218990 9.047621727
0.970024407 -0.017397217 -0.242384270 -1.370693684 0.011647671 0.999616265 -0.025133712 -0.149629533 0.242728502 0.021557102 0.969854653 9.462671280
0.967984796 -0.014421972 -0.250594169 -1.558568239 0.007605596 0.999574780 -0.028148066 -0.169869363 0.250893593 0.025340976 0.967682898 10.123428345
0.965442657 -0.017216723 -0.260045916 -1.683732390 0.009490395 0.999476254 -0.030937886 -0.178512692 0.260442406 0.027400816 0.965100348 10.609035492
0.963256001 -0.020075228 -0.267833740 -1.865331173 0.011797616 0.999402761 -0.032479532 -0.208937541 0.268325835 0.028126303 0.962917507 11.261778831
0.960554361 -0.019345937 -0.277418584 -2.007553577 0.010221342 0.999359250 -0.034299750 -0.232829794 0.277904421 0.030111184 0.960136771 11.785097122
0.958723903 -0.018493799 -0.283736974 -2.222414970 0.007906118 0.999230564 -0.038415108 -0.261283576 0.284229130 0.034586221 0.958132386 12.428317070
0.956022561 -0.019493233 -0.292645097 -2.398772478 0.006856470 0.999001563 -0.044145051 -0.284984231 0.293213457 0.040197149 0.955201507 13.006824493
0.954557717 -0.021198791 -0.297271162 -2.598374367 0.006255888 0.998672426 -0.051128548 -0.326238185 0.297960401 0.046945460 0.953423142 13.643983841
0.952867925 -0.022458861 -0.302552849 -2.782051563 0.004709587 0.998231053 -0.059267387 -0.355842173 0.303348720 0.055049092 0.951288164 14.217222214
0.952024221 -0.022446057 -0.305198431 -3.008181095 0.001857710 0.997711897 -0.067582622 -0.410347223 0.306017101 0.063773319 0.949887633 14.897163391
0.950490654 -0.022118220 -0.309965014 -3.206753969 -0.001973532 0.997013986 -0.077195786 -0.445195436 0.310746878 0.073985599 0.947608888 15.497075081
0.949319363 -0.021170778 -0.313599467 -3.462485313 -0.005441667 0.996472597 -0.083743736 -0.510683000 0.314265996 0.081206053 0.945855498 16.215528488
0.947731376 -0.018415438 -0.318537503 -3.699429512 -0.011293201 0.995771527 -0.091168188 -0.565328836 0.318869472 0.090000264 0.943515897 16.850940704
0.945909142 -0.017356655 -0.323966742 -3.932866573 -0.015081885 0.995135903 -0.097350523 -0.623774767 0.324080557 0.096970789 0.941046476 17.507600784
0.944356918 -0.016764173 -0.328495055 -4.185598373 -0.017481549 0.994730771 -0.101020284 -0.722801685 0.328457683 0.101141788 0.939087808 18.252954483
0.942322671 -0.013769431 -0.334422559 -4.406919479 -0.022620877 0.994249046 -0.104677156 -0.782532930 0.333940625 0.106204592 0.936591804 18.884860992
0.940930367 -0.012773416 -0.338359118 -4.713277817 -0.024541365 0.994087279 -0.105774038 -0.876772523 0.337709516 0.107829809 0.935053468 19.652338028
0.938441575 -0.013598649 -0.345170259 -4.949087143 -0.024477372 0.994095266 -0.105712853 -0.935386777 0.344569743 0.107654199 0.932567596 20.319532394
0.936350942 -0.012451500 -0.350844502 -5.236592770 -0.025425054 0.994341254 -0.103144899 -1.043393493 0.350143462 0.105500057 0.930735886 21.036523819
0.933864951 -0.012706676 -0.357400030 -5.502924919 -0.025319818 0.994511485 -0.101517133 -1.111418843 0.356728375 0.103852592 0.928417742 21.689138412
0.930653811 -0.011197539 -0.365729600 -5.800847054 -0.026678191 0.994794786 -0.098344281 -1.203894377 0.364927053 0.101281479 0.925510824 22.454151154
0.927333176 -0.008900749 -0.374130905 -6.086592674 -0.028102987 0.995238185 -0.093334183 -1.270792842 0.373180062 0.097066075 0.922667265 23.125270844
0.923951089 -0.004721136 -0.382481664 -6.381596565 -0.031413455 0.995609641 -0.088173911 -1.341179848 0.381218731 0.093483433 0.919746280 23.790424347
0.920307219 -0.002231781 -0.391189992 -6.752600670 -0.033161256 0.995939374 -0.083696559 -1.443375111 0.389788300 0.089998901 0.916496217 24.674255371
0.916300654 -0.001430914 -0.400488347 -7.057213783 -0.034064952 0.996091187 -0.081498131 -1.520001292 0.399039567 0.088319413 0.912670314 25.362201691
0.912263632 -0.001232477 -0.409601569 -7.379184723 -0.035441875 0.996007502 -0.081933029 -1.566944838 0.408067137 0.089261577 0.908577800 26.073022842
0.908466697 -0.001460464 -0.417954594 -7.761222839 -0.034966886 0.996222556 -0.079485185 -1.674470782 0.416491836 0.086824223 0.904983997 26.904775620
0.904498160 -0.000311101 -0.426477462 -8.110670090 -0.036858238 0.996201038 -0.078897782 -1.725532770 0.424881816 0.087082110 0.901050568 27.640926361
0.900666416 -0.001777779 -0.434507608 -8.493841171 -0.034362573 0.996568263 -0.075305678 -1.822727561 0.433150411 0.082756095 0.897514462 28.439853668
0.896798134 -0.001342756 -0.442437798 -8.865993500 -0.033500098 0.996918738 -0.070928499 -1.882996082 0.441169769 0.078430258 0.893989861 29.170656204
0.892828286 0.000828938 -0.450396448 -9.237883568 -0.034108307 0.997251213 -0.065778069 -1.944182396 0.449103743 0.074090786 0.890402436 29.918632507
0.888833404 -0.000076437 -0.458230376 -9.709899902 -0.031546790 0.997617126 -0.061357990 -2.022316456 0.457143098 0.068992741 0.886713088 30.847560883
0.885690153 0.000253113 -0.464276761 -10.140893936 -0.031797331 0.997684896 -0.060115114 -2.075910330 0.463186651 0.068006128 0.883647680 31.611392975
0.881664395 -0.000822695 -0.471876413 -10.537566185 -0.030995667 0.997737885 -0.059652504 -2.130492210 0.470858037 0.067219608 0.879644334 32.385433197
0.878852367 -0.000009317 -0.477093756 -11.043605804 -0.030773040 0.997916520 -0.056706361 -2.203760147 0.476100236 0.064518161 0.877021074 33.314479828
0.876478732 -0.007330460 -0.481384724 -11.675348282 -0.022852123 0.998123527 -0.056807164 -2.212633133 0.480897844 0.060790934 0.874666631 34.222717285
0.872948885 -0.003399411 -0.487799764 -11.964019775 -0.026828310 0.998127818 -0.054966785 -2.338007212 0.487073302 0.061070047 0.871223271 34.980800629
0.870574713 -0.005091920 -0.492009997 -12.443733215 -0.025851695 0.998092055 -0.056072082 -2.377052784 0.491356790 0.061534226 0.868781924 35.840072632
0.869568467 -0.003212533 -0.493802071 -12.937364578 -0.028147660 0.998030603 -0.056059968 -2.456457615 0.493009657 0.062647343 0.867765307 36.616245270
0.868748903 -0.004261511 -0.495234460 -13.457345009 -0.026672801 0.998109221 -0.055378653 -2.506311893 0.494534075 0.061319441 0.866992533 37.596923828
0.868595660 -0.003501040 -0.495509267 -13.942312241 -0.027341314 0.998113096 -0.054979745 -2.541774273 0.494766772 0.061303038 0.866860926 38.443988800
0.868326306 -0.005174376 -0.495966345 -14.465745926 -0.024303786 0.998300552 -0.052965682 -2.636499882 0.495397538 0.058045361 0.866724849 39.346080780
0.867179155 -0.007823268 -0.497934967 -14.940755844 -0.022073675 0.998290062 -0.054126985 -2.684498310 0.497506917 0.057929043 0.865523577 40.214389801
0.866227686 -0.009900648 -0.499551296 -15.495641708 -0.019990668 0.998316348 -0.054449752 -2.744226217 0.499249369 0.057152245 0.864571333 41.135589600
0.864886045 -0.009553929 -0.501877248 -16.067745209 -0.019592596 0.998414457 -0.052770171 -2.823871851 0.501585603 0.055473261 0.863327622 42.105838776
0.862777770 -0.006054683 -0.505547047 -16.557216644 -0.021270039 0.998608351 -0.048259735 -2.904036760 0.505135775 0.052390438 0.861448288 42.943275452
0.859890878 -0.008858664 -0.510401070 -17.158414841 -0.016158108 0.998876095 -0.044558916 -2.957365513 0.510222137 0.046562910 0.858781278 43.940338135
0.855640054 -0.010764015 -0.517459631 -17.705024719 -0.013395133 0.998988271 -0.042930003 -3.010782003 0.517398119 0.043664061 0.854630113 44.842773438
0.850648224 -0.012686644 -0.525582194 -18.263717651 -0.012810760 0.998911738 -0.044846062 -3.081519842 0.525579214 0.044881336 0.849559963 45.749755859
0.844492435 -0.015743699 -0.535335958 -18.827978134 -0.011871724 0.998771906 -0.048100531 -3.147380829 0.535435915 0.046975892 0.843268394 46.635208130
0.838379979 -0.015766563 -0.544858158 -19.413778305 -0.012029584 0.998802960 -0.047412448 -3.208816528 0.544953465 0.046304058 0.837186754 47.541152954
0.832872868 -0.011508806 -0.553344667 -20.033927917 -0.014116573 0.999016762 -0.042025905 -3.266017675 0.553284228 0.042813562 0.831891596 48.431880951
0.827280581 -0.008009340 -0.561731815 -20.629554749 -0.015883945 0.999165118 -0.037639175 -3.330907345 0.561564386 0.040060680 0.826462626 49.328304291
0.822739124 -0.009047157 -0.568347156 -21.231079102 -0.016226884 0.999091983 -0.039393928 -3.379456758 0.568187594 0.041633427 0.821845114 50.214767456
0.819970906 -0.007698837 -0.572353363 -21.719867706 -0.020892875 0.998840630 -0.043367364 -3.555630207 0.572023690 0.047518097 0.818859518 51.139739990
0.817018509 -0.009649794 -0.576530635 -22.334457397 -0.023532439 0.998468935 -0.050060570 -3.622170687 0.576130986 0.054467589 0.815540493 51.998050690
0.813308358 -0.012783351 -0.581692457 -22.957199097 -0.021252356 0.998438776 -0.051656350 -3.677327633 0.581444621 0.054374885 0.811766922 52.872200012
0.810159564 -0.011679274 -0.586093247 -23.593811035 -0.020135831 0.998657107 -0.047734410 -3.740006447 0.585863709 0.050473969 0.808836281 53.722621918
0.806866586 -0.010325400 -0.590643406 -24.377117157 -0.018683260 0.998901010 -0.042985246 -3.688211918 0.590438187 0.045718499 0.805786908 54.551605225
0.804030180 -0.007578268 -0.594540238 -25.018100739 -0.020266330 0.998988450 -0.040140849 -3.741892338 0.594243050 0.044323593 0.803063273 55.389827728
0.800147653 -0.008377384 -0.599744558 -25.536403656 -0.019767256 0.998990953 -0.040326588 -3.901886225 0.599477291 0.044122532 0.799174607 56.339138031
0.796406627 -0.009414061 -0.604688168 -26.183826447 -0.020173447 0.998908877 -0.042120975 -3.952063560 0.604424834 0.045744076 0.795347691 57.183666229
0.792532623 -0.012556899 -0.609700143 -26.836082458 -0.018357126 0.998843670 -0.044433326 -4.017380714 0.609553039 0.046407197 0.791385710 58.017059326
0.788437963 -0.013527996 -0.614965498 -27.495267868 -0.017525675 0.998858213 -0.044442270 -4.085622787 0.614864528 0.045817658 0.787300706 58.826286316
0.783979893 -0.015378082 -0.620595694 -28.181758881 -0.014664697 0.998955369 -0.043279130 -4.137823105 0.620612979 0.043030817 0.782935321 59.714416504
0.779076219 -0.014781781 -0.626754999 -28.855758667 -0.015446788 0.998965859 -0.042761087 -4.196413994 0.626738846 0.042995494 0.778042316 60.531009674
0.771379888 -0.017318698 -0.636139154 -29.554996490 -0.013581289 0.998953879 -0.043664835 -4.255307198 0.636229873 0.042321760 0.770337820 61.373535156
0.766031206 -0.019256633 -0.642514825 -30.253822327 -0.012465856 0.998918176 -0.044800568 -4.309557438 0.642682493 0.042328130 0.764962435 62.202301025
0.762025058 -0.019963849 -0.647239625 -30.952407837 -0.012202246 0.998904467 -0.045177083 -4.377598763 0.647432387 0.042323850 0.760946691 63.059906006
0.756917119 -0.021172846 -0.653167725 -31.695861816 -0.012290858 0.998837054 -0.046621077 -4.441861629 0.653395176 0.043316286 0.755776703 63.882656097
0.750486672 -0.023743430 -0.660458922 -32.382713318 -0.010279076 0.998814166 -0.047587495 -4.503177166 0.660805643 0.042502683 0.749352694 64.673454285
0.744491994 -0.024199750 -0.667192638 -33.133090973 -0.009739856 0.998842776 -0.047097322 -4.576962471 0.667560339 0.041561946 0.743394792 65.493232727
0.735977709 -0.024986578 -0.676544547 -33.858444214 -0.008240520 0.998914003 -0.045856956 -4.636048794 0.676955640 0.039324775 0.734972537 66.276130676
0.729404271 -0.024550736 -0.683642268 -34.580635071 -0.008086788 0.998976529 -0.044503015 -4.717288494 0.684035003 0.037989166 0.728459179 67.064239502
0.722393811 -0.027872132 -0.690919995 -35.440345764 -0.005835196 0.998906016 -0.046397492 -4.762937546 0.691457391 0.037548918 0.721440852 67.902984619
0.715549290 -0.028964646 -0.697961569 -36.193798065 -0.005878762 0.998854995 -0.047478303 -4.831624508 0.698537469 0.038076222 0.714559734 68.677513123
0.710023642 -0.028338484 -0.703607440 -36.965362549 -0.007653765 0.998820305 -0.047952041 -4.888200283 0.704136252 0.039432321 0.708969116 69.488731384
0.704489410 -0.028017931 -0.709161222 -37.782157898 -0.008040532 0.998841226 -0.047450334 -4.948254108 0.709668934 0.039130293 0.703447759 70.289207458
0.699328542 -0.027415670 -0.714274406 -38.654464722 -0.009303811 0.998830438 -0.047446787 -5.019457340 0.714739799 0.039826378 0.698255599 71.070480347
0.694393575 -0.028326500 -0.719037652 -39.455368042 -0.009537158 0.998774946 -0.048557039 -5.086637020 0.719532132 0.040575281 0.693272710 71.836654663
0.689297855 -0.030952642 -0.723816454 -40.283046722 -0.008696153 0.998661458 -0.050987300 -5.148570538 0.724425733 0.041439865 0.688106120 72.606498718
0.684375167 -0.033045653 -0.728380740 -41.124046326 -0.008961448 0.998515725 -0.053721353 -5.212244987 0.729074895 0.043292906 0.683063328 73.382583618
0.679399788 -0.031808835 -0.733078539 -41.958091736 -0.013062527 0.998377323 -0.055426393 -5.296172142 0.733651996 0.047232538 0.677881837 74.158042908
0.673896670 -0.032139722 -0.738126218 -42.709754944 -0.011347895 0.998485267 -0.053836789 -5.361241817 0.738738418 0.044656616 0.672511101 74.901191711
0.668633938 -0.034574386 -0.742787480 -43.660621643 -0.006004171 0.998634875 -0.051888026 -5.421573162 0.743567467 0.039153919 0.667513549 75.696464539
0.663322330 -0.036239695 -0.747455895 -44.522499084 -0.004993811 0.998590171 -0.052847408 -5.485895157 0.748317182 0.038787514 0.662206113 76.460319519
0.658699691 -0.035723422 -0.751557410 -45.430801392 -0.006406305 0.998569727 -0.053079326 -5.577003002 0.752378643 0.039778043 0.657528758 77.237159729
0.654683888 -0.037141722 -0.754989743 -46.347068787 -0.004824014 0.998566389 -0.053307604 -5.637133121 0.755887270 0.038541712 0.653566360 77.990013123
0.651122808 -0.034898914 -0.758169591 -47.226501465 -0.009330349 0.998498738 -0.053974360 -5.728208065 0.758915007 0.042217918 0.649819672 78.766204834
0.646678090 -0.038139369 -0.761808991 -48.117904663 -0.006160615 0.998455465 -0.055216458 -5.808968067 0.762738228 0.040400475 0.645444214 79.536857605
0.642091811 -0.043560926 -0.765389144 -49.046432495 -0.001067686 0.998332560 -0.057714235 -5.875174522 0.766627014 0.037875026 0.640974700 80.290466309
0.638167679 -0.047416918 -0.768435776 -49.946350098 0.002202970 0.998209953 -0.059765790 -5.945604324 0.769894242 0.036447756 0.637129784 81.001533508
0.630403519 -0.052982498 -0.774457395 -50.839706421 0.011738251 0.998204529 -0.058734730 -6.019816399 0.776178837 0.027935805 0.629893661 81.776573181
0.621924937 -0.056709774 -0.781020761 -51.754985809 0.016195402 0.998092413 -0.059574947 -6.098566532 0.782909393 0.024402197 0.621656954 82.510574341
0.612974823 -0.057156000 -0.788032413 -52.740982056 0.017407831 0.998114884 -0.058852520 -6.173499107 0.789910614 0.022357177 0.612814248 83.256072998
0.603790224 -0.055472687 -0.795210779 -53.693580627 0.017580470 0.998259783 -0.056288511 -6.254230976 0.796949387 0.020006277 0.603714705 83.986114502
0.595543087 -0.052839704 -0.801583707 -54.660362244 0.011891164 0.998304904 -0.056972768 -6.357697964 0.803235352 0.024397975 0.595161915 84.675315857
0.586423993 -0.054294165 -0.808182597 -55.636024475 0.010859097 0.998188317 -0.059179407 -6.427471638 0.809931517 0.025928084 0.585951149 85.369979858
0.576902568 -0.056841683 -0.814832807 -56.647453308 0.011071492 0.998028278 -0.061782528 -6.504720688 0.816737950 0.026621087 0.576394379 86.048690796
0.567142487 -0.053900141 -0.821854115 -57.643936157 0.003233390 0.997994304 -0.063220762 -6.661316872 0.823613346 0.033197802 0.566179276 86.756027222
0.556685507 -0.054984596 -0.828901649 -58.650028229 0.006499316 0.998064816 -0.061841007 -6.748067856 0.830697834 0.029038707 0.555965602 87.434906006
0.546910763 -0.050709650 -0.835653722 -59.690849304 -0.000336022 0.998150527 -0.060790297 -6.892803192 0.837190807 0.033527669 0.545882225 88.118362427
0.536755562 -0.050912719 -0.842200398 -60.735198975 -0.000252916 0.998168051 -0.060502470 -6.991124153 0.843737781 0.032688044 0.535759270 88.764816284
0.526393533 -0.052658532 -0.848608792 -61.793685913 -0.001267796 0.998030603 -0.062716983 -7.061420918 0.850240052 0.034089681 0.525290132 89.412384033
0.515555203 -0.051534902 -0.855305135 -62.921791077 -0.005548489 0.997967958 -0.063475266 -7.169819832 0.856838405 0.037470654 0.514221549 90.153427124
0.505918682 -0.052334506 -0.860992134 -64.027626038 -0.006330741 0.997905612 -0.064376593 -7.268276215 0.862557948 0.038020033 0.504527748 90.781906128
0.496478438 -0.052748669 -0.866444826 -65.123390198 -0.006938204 0.997878909 -0.064725921 -7.346132755 0.868021369 0.038146593 0.495059252 91.376907349
0.487599492 -0.051453643 -0.871549845 -65.986297607 -0.005116839 0.998076439 -0.061786041 -7.424339294 0.873052418 0.034586430 0.486398190 91.846038818
0.479299814 -0.050500702 -0.876197040 -67.099403381 -0.003723810 0.998217165 -0.059570488 -7.511342525 0.877643347 0.031814918 0.478257239 92.453109741
0.472400367 -0.045255817 -0.880221367 -68.145332336 -0.012500133 0.998236477 -0.058032069 -7.675856113 0.881295443 0.038417257 0.471001595 93.037521362
0.464338779 -0.048896901 -0.884306788 -69.255027771 -0.010513576 0.998100042 -0.060709532 -7.754254818 0.885595262 0.037487019 0.462942541 93.618194580
0.457645416 -0.052039087 -0.887610614 -70.330871582 -0.007991085 0.998004735 -0.062631451 -7.846073627 0.889098883 0.035755970 0.456316382 94.169479370
0.451742500 -0.055297699 -0.890432954 -71.426803589 -0.006901063 0.997830808 -0.065468438 -7.926018715 0.892121613 0.035719812 0.450380951 94.715347290
0.444705069 -0.061131202 -0.893588603 -72.581169128 0.000302983 0.997678280 -0.068101317 -8.002758026 0.895677030 0.030014256 0.443691224 95.322982788
0.440686792 -0.062176280 -0.895505071 -73.700439453 0.003136730 0.997698724 -0.067728139 -8.100638390 0.897655427 0.027037937 0.439867765 95.850601196
0.435465872 -0.059353221 -0.898246467 -74.788398743 0.004515638 0.997955441 -0.063752517 -8.197337151 0.900193870 0.023705890 0.434843570 96.406280518
0.430947870 -0.057421248 -0.900548041 -75.886573792 0.007428585 0.998165250 -0.060090695 -8.287596703 0.902346194 0.019206164 0.430583745 96.940887451
0.429980129 -0.054077923 -0.901217282 -76.908248901 0.003693248 0.998301506 -0.058141414 -8.413935661 0.902830780 0.021671239 0.429449618 97.380805969
0.426972330 -0.053982947 -0.902651906 -78.004371643 0.005852939 0.998360515 -0.056938227 -8.503652573 0.904245734 0.019027881 0.426588267 97.890365601
0.423193336 -0.055778638 -0.904320896 -79.162979126 0.011846853 0.998358488 -0.056034938 -8.543894768 0.905961990 0.013000257 0.423159510 98.436798096
0.422291249 -0.047430761 -0.905218422 -80.207885742 0.005866433 0.998752117 -0.049594920 -8.798988342 0.906441212 0.015633095 0.422042549 98.916442871
0.418959796 -0.047297779 -0.906772077 -81.179565430 0.007143940 0.998783171 -0.048796393 -8.880861282 0.907976627 0.013965799 0.418787926 99.437438965
0.418764740 -0.048974741 -0.906773150 -82.378227234 0.009725815 0.998729289 -0.049449708 -8.927784920 0.908042669 0.011888691 0.418708980 99.867385864
0.417137325 -0.043786515 -0.907788157 -83.374656677 0.008489214 0.998982966 -0.044284347 -9.070755005 0.908803880 0.010766251 0.417084724 100.335235596
0.414870918 -0.047259804 -0.908652127 -84.486457825 0.014307489 0.998865545 -0.045419395 -9.073087692 0.909767926 0.005842662 0.415076375 100.816772461
0.412799716 -0.048816923 -0.909512699 -85.495864868 0.016191809 0.998798192 -0.046260245 -9.134336472 0.910677910 0.004369565 0.413094074 101.283599854
0.412455946 -0.049771030 -0.909617007 -86.582031250 0.018177781 0.998757184 -0.046405964 -9.212240219 0.910796165 0.002605594 0.412848175 101.744804382
0.412486881 -0.051750757 -0.909492433 -87.596794128 0.018780436 0.998655975 -0.048306637 -9.277162552 0.910769880 0.002845189 0.412904382 102.170822144
0.412910789 -0.052521843 -0.909255803 -88.595703125 0.018523376 0.998613656 -0.049271662 -9.349656105 0.910583079 0.003502310 0.413311243 102.632530212
0.415541351 -0.052402746 -0.908063471 -89.606269836 0.016133938 0.998606682 -0.050244737 -9.413244247 0.909431100 0.006228124 0.415807843 103.079742432
0.419271111 -0.051835790 -0.906379998 -90.537048340 0.013587601 0.998615086 -0.050825384 -9.498879433 0.907759547 0.008994084 0.419394761 103.518463135
0.424449146 -0.051498905 -0.903986037 -91.520065308 0.012009017 0.998613656 -0.051251102 -9.587587357 0.905372202 0.010897502 0.424479127 103.967727661
0.438839227 -0.047720775 -0.897297561 -92.638748169 0.010283970 0.998790264 -0.048088878 -9.744503975 0.898506761 0.011875504 0.438799024 104.221832275
0.445370644 -0.045094453 -0.894210041 -93.578567505 0.007114911 0.998877585 -0.046829131 -9.824872017 0.895318031 0.014494097 0.445191592 104.700660706
0.453855842 -0.044396844 -0.889968276 -94.515777588 0.006529531 0.998897016 -0.046500973 -9.877086639 0.891051173 0.015293668 0.453645021 105.146728516
0.463441014 -0.043270733 -0.885070622 -95.470443726 0.005659977 0.998931229 -0.045873653 -9.949874878 0.886109710 0.016250255 0.463190615 105.618255615
0.468000382 -0.045456637 -0.882558405 -96.454673767 0.006159903 0.998819709 -0.048178289 -9.976045609 0.883706808 0.017110981 0.467728049 106.338058472
0.478452325 -0.044248976 -0.876997948 -97.374481201 0.003311572 0.998813391 -0.048588533 -10.057706833 0.878107250 0.020343052 0.478031129 106.822319031
0.486421615 -0.047698032 -0.872421265 -98.232887268 0.003606825 0.998609900 -0.052586164 -10.113256454 0.873716772 0.022432379 0.485917479 107.362724304
0.499526232 -0.047750365 -0.864981711 -99.131851196 0.002005406 0.998540819 -0.053965230 -10.199325562 0.866296411 0.025222410 0.498893082 107.827491760
0.510060549 -0.046259362 -0.858893633 -99.956863403 -0.000307805 0.998542845 -0.053963557 -10.257937431 0.860138357 0.027789058 0.509303153 108.352951050
0.523561239 -0.044506416 -0.850824833 -100.841773987 -0.001240465 0.998593807 -0.052999504 -10.312888145 0.851987123 0.028803907 0.522769868 108.872154236
0.535016835 -0.040393256 -0.843875229 -101.561813354 -0.004460370 0.998707414 -0.050632380 -10.377798080 0.844829619 0.030853178 0.534145117 109.343597412
0.547569036 -0.040914752 -0.835759640 -102.415832520 -0.003929438 0.998667121 -0.051464379 -10.426092148 0.836751282 0.031464372 0.546678483 109.877967834
0.577936113 -0.026587859 -0.815648735 -108.303009033 -0.018872911 0.998766363 -0.045929577 -10.455213547 0.815863669 0.041938033 0.576721430 113.483734131
0.588247597 -0.028200885 -0.808188975 -109.082252502 -0.018020401 0.998686433 -0.047964398 -10.514827728 0.808480024 0.042778835 0.586966813 114.046508789
0.600925267 -0.029071253 -0.798776329 -109.650993347 -0.015848322 0.998708546 -0.048270546 -10.568355560 0.799148083 0.041666258 0.599688470 114.441169739
0.611731350 -0.028656667 -0.790546358 -110.420547485 -0.015392207 0.998723328 -0.048113540 -10.637117386 0.790915787 0.041600812 0.610509276 115.026466370
0.622765422 -0.025873167 -0.781980693 -111.155609131 -0.017211517 0.998758137 -0.046752788 -10.689186096 0.782219291 0.042575091 0.621546745 115.592750549
0.633336365 -0.023491830 -0.773519993 -111.898490906 -0.016630618 0.998895109 -0.043953169 -10.746875763 0.773697913 0.040701251 0.632245898 116.180778503
0.642289817 -0.023291381 -0.766107917 -112.495513916 -0.016666066 0.998877406 -0.044340596 -10.787384033 0.766280651 0.041247506 0.641180634 116.677124023
0.652951300 -0.023130625 -0.757046759 -113.202621460 -0.018403061 0.998754025 -0.046388298 -10.837820053 0.757176340 0.044221275 0.651711881 117.249443054
0.661094666 -0.022475738 -0.749965787 -113.648033142 -0.020237250 0.998653412 -0.047767788 -10.880867958 0.750029564 0.046756282 0.659749568 117.669319153
0.670463264 -0.021653077 -0.741626680 -114.200019836 -0.020527393 0.998649955 -0.047714990 -10.930379868 0.741658688 0.047214806 0.669113696 118.155052185
0.680272937 -0.019382996 -0.732702494 -114.859992981 -0.021570437 0.998687863 -0.046446335 -10.980986595 0.732641399 0.047400896 0.678962290 118.734893799
0.681863129 -0.020968841 -0.731179178 -116.005783081 -0.017144252 0.998856425 -0.044633240 -10.642662048 0.731278896 0.042969279 0.680723786 121.140121460
0.690133810 -0.020338932 -0.723395884 -116.631546021 -0.016615517 0.998896122 -0.043936405 -10.701493263 0.723491013 0.042341590 0.689034104 121.731552124
0.702974677 -0.016980918 -0.711012125 -116.309020996 -0.021204304 0.998770237 -0.044817977 -11.110204697 0.710898697 0.046582427 0.701750040 120.160827637
0.705132604 -0.018859621 -0.708824635 -117.699272156 -0.018032195 0.998846114 -0.044514466 -10.788860321 0.708846152 0.044170264 0.703978777 122.763305664
0.712522745 -0.016525362 -0.701454282 -118.288711548 -0.018406790 0.998938322 -0.042230938 -10.837820053 0.701407433 0.043002035 0.711462140 123.351188660
0.716307521 -0.009598867 -0.697718740 -118.602958679 -0.019525066 0.999238074 -0.033792280 -11.017544746 0.697511554 0.037828662 0.715574324 123.473091125
0.723549545 -0.008005261 -0.690226018 -119.170021057 -0.020638280 0.999234855 -0.033223830 -11.059047699 0.689963877 0.038284164 0.722830713 124.059074402
0.731216133 -0.006856739 -0.682111382 -119.675170898 -0.021654133 0.999212265 -0.033257306 -11.097929001 0.681802094 0.039088812 0.730491698 124.588462830
0.742074251 -0.007598210 -0.670274675 -120.330909729 -0.024217019 0.998979092 -0.038135525 -11.013187408 0.669880092 0.044531450 0.741132617 125.498382568
0.751065612 -0.005010988 -0.660208523 -120.808845520 -0.024776056 0.999052882 -0.035768524 -11.051248550 0.659762383 0.043221872 0.750230253 126.036247253
0.760198534 -0.001158507 -0.649689794 -121.301780701 -0.026672365 0.999099672 -0.032990754 -11.091602325 0.649143100 0.042408288 0.759483218 126.594894409
0.769948661 0.000930870 -0.638105214 -121.750755310 -0.028367555 0.999060273 -0.032771345 -11.127998352 0.637474954 0.043333746 0.769251466 127.137672424
0.774224758 0.009394272 -0.632841051 -122.279525757 -0.030351670 0.999290526 -0.022298502 -11.415974617 0.632182598 0.036471836 0.773960590 127.054756165
0.784125984 0.008764145 -0.620539725 -122.724670410 -0.030538805 0.999233782 -0.024476822 -11.451376915 0.619849801 0.038143456 0.783792913 127.597785950
0.793925166 0.009149292 -0.607946634 -123.246261597 -0.030739967 0.999212086 -0.025106063 -11.475364685 0.607237935 0.038620595 0.793580830 128.283981323
0.804004550 0.010625397 -0.594528317 -123.706336975 -0.031002188 0.999229431 -0.024067286 -11.506868362 0.593814671 0.037781883 0.803714275 128.901718140
0.814147472 0.012345904 -0.580526948 -124.114547729 -0.030749785 0.999287665 -0.021872779 -11.534523010 0.579843521 0.035658751 0.813947082 129.452804565
0.823454499 0.014140962 -0.567206025 -124.596313477 -0.031055599 0.999314070 -0.020171888 -11.562864304 0.566531718 0.034225564 0.823328853 130.159851074
0.832567811 0.015513924 -0.553705871 -124.966354370 -0.030335700 0.999384522 -0.017612521 -11.586428642 0.553091884 0.031460665 0.832525969 130.700332642
0.840473056 0.016398396 -0.541605353 -125.448135376 -0.030023055 0.999415815 -0.016330613 -11.613105774 0.541021168 0.029986084 0.840474248 131.442291260
0.847637117 0.015830548 -0.530340135 -125.799247742 -0.028359365 0.999477804 -0.015492271 -11.632888794 0.529817939 0.028171930 0.847643435 131.999176025
0.854144394 0.015915357 -0.519792318 -126.257263184 -0.028025070 0.999487817 -0.015448960 -11.661446571 0.519280255 0.027762858 0.854152918 132.749160767
0.860698998 0.016771464 -0.508837879 -126.605636597 -0.028979516 0.999450684 -0.016076611 -11.683670998 0.508288860 0.028582994 0.860712111 133.334014893
0.867349207 0.018968210 -0.497338444 -127.036468506 -0.030792015 0.999404252 -0.015583983 -11.705152512 0.496746600 0.028830813 0.867416620 134.069213867
0.873210192 0.019727260 -0.486944407 -127.361480713 -0.031218037 0.999392450 -0.015493819 -11.724459648 0.486343056 0.028730812 0.873295486 134.656951904
0.880519211 0.022357302 -0.473482907 -128.401702881 -0.032695901 0.999372542 -0.013614208 -11.724961281 0.472881496 0.027468519 0.880697787 135.923339844
0.885432422 0.021538753 -0.464268833 -128.711746216 -0.032052029 0.999377131 -0.014764225 -11.749765396 0.463661641 0.027953483 0.885571241 136.516326904
0.889779508 0.020601248 -0.455925316 -129.143890381 -0.031246008 0.999386489 -0.015821572 -11.770419121 0.455319643 0.028323559 0.889877379 137.340072632
0.893166661 0.020577434 -0.449254721 -129.449295044 -0.030842893 0.999403358 -0.015542816 -11.782673836 0.448666841 0.027738638 0.893268526 137.951553345
0.897356570 0.025949271 -0.440542519 -130.230697632 -0.033774819 0.999380112 -0.009930658 -11.879527092 0.440011770 0.023790581 0.897676826 139.267318726
0.900324225 0.029648045 -0.434208781 -130.539382935 -0.035971936 0.999332607 -0.006352122 -11.884232521 0.433730692 0.021338295 0.900789917 139.892196655
0.903439879 0.032726280 -0.427463889 -130.935150146 -0.037763741 0.999281347 -0.003309097 -11.912873268 0.427048326 0.019132204 0.904026389 140.741256714
0.906451583 0.035415236 -0.420822203 -131.231842041 -0.039702661 0.999210536 -0.001428782 -11.921257973 0.420439363 0.018002883 0.907141984 141.372970581
0.909605205 0.036509398 -0.413866490 -131.546829224 -0.040007230 0.999199390 0.000215970 -11.921103477 0.413542986 0.016361203 0.910337567 142.046096802
0.915458798 0.041555796 -0.400260359 -132.684173584 -0.043328688 0.999050200 0.004623737 -11.862531662 0.400072217 0.013109908 0.916389942 143.962127686
0.918756425 0.041343253 -0.392654270 -132.969421387 -0.042364746 0.999083877 0.006067663 -11.866710663 0.392545402 0.011059991 0.919666111 144.631713867
0.921248376 0.039368887 -0.386977464 -133.170120239 -0.040384095 0.999169052 0.005510379 -11.891051292 0.386872828 0.010551307 0.922072709 145.324035645
0.924674034 0.038958214 -0.378761411 -133.450180054 -0.039882943 0.999189675 0.005406929 -11.899439812 0.378665090 0.010106469 0.925478578 146.019882202
0.929303348 0.038509294 -0.367304116 -134.029708862 -0.039217774 0.999215364 0.005537291 -11.877477646 0.367229164 0.009259027 0.930084407 147.236114502
0.933115065 0.037372831 -0.357630521 -134.315612793 -0.038513660 0.999250412 0.003934615 -11.889063835 0.357509494 0.010102211 0.933854938 147.965972900
0.937416315 0.035283603 -0.346418440 -134.696899414 -0.037293989 0.999303937 0.000863258 -11.883964539 0.346207827 0.012110090 0.938079715 148.974929810
0.942107916 0.037234612 -0.333236307 -134.961639404 -0.039689589 0.999211907 -0.000559969 -11.888132095 0.332952857 0.013753565 0.942843199 149.721496582
0.947715223 0.042521592 -0.316271633 -135.118698120 -0.044580750 0.999005556 0.000725499 -11.912805557 0.315988004 0.013412062 0.948668420 150.200454712
0.953585148 0.045094069 -0.297727942 -135.612976074 -0.046500914 0.998915374 0.002359858 -11.924063683 0.297511458 0.011594296 0.954647839 151.663238525
0.959520102 0.048376858 -0.277454376 -135.825592041 -0.049519721 0.998768985 0.002891060 -11.928117752 0.277252734 0.010965438 0.960734487 152.417724609
0.965281546 0.049835756 -0.256413490 -136.135559082 -0.050808962 0.998704374 0.002832310 -11.941759109 0.256222457 0.010294126 0.966562986 153.515914917
0.970674872 0.051028762 -0.234917819 -136.333251953 -0.051715549 0.998656571 0.003240404 -11.948855400 0.234767586 0.009003522 0.972009838 154.312438965
0.975696623 0.052092969 -0.212843433 -136.519775391 -0.052202724 0.998623371 0.005108141 -11.950249672 0.212816536 0.006127010 0.977073014 155.138580322
0.980231762 0.054328132 -0.190247729 -136.815475464 -0.053866763 0.998519182 0.007599402 -11.960118294 0.190378875 0.002798856 0.981706679 156.450134277
0.984229684 0.055811252 -0.167860493 -136.953674316 -0.054861262 0.998440921 0.010295216 -11.959510803 0.168173358 -0.000923818 0.985756993 157.282501221
0.987785578 0.058200490 -0.144542366 -137.121749878 -0.056986663 0.998296380 0.012527341 -11.949367523 0.145025209 -0.004137337 0.989419281 158.171417236
0.990698159 0.060215868 -0.122029461 -137.319229126 -0.059247512 0.998176455 0.011551816 -11.948760033 0.122502543 -0.004214420 0.992459238 159.522506714
0.993206084 0.059607599 -0.099943250 -137.421539307 -0.059077043 0.998219192 0.008262459 -11.937268257 0.100257784 -0.002301973 0.994958818 160.405685425
0.995075285 0.059863340 -0.079003632 -137.486053467 -0.059522230 0.998204648 0.006667669 -11.953680038 0.079260960 -0.001932360 0.996852040 161.282989502
0.996602118 0.059911460 -0.056522805 -137.660339355 -0.059580132 0.998195112 0.007530472 -11.906040192 0.056871943 -0.004137250 0.998372912 163.378570557
0.997492254 0.060776360 -0.036268339 -137.700683594 -0.060518578 0.998133719 0.008164482 -11.904060364 0.036696851 -0.005949100 0.999308765 164.294326782
0.997992218 0.061395146 -0.015566323 -137.751586914 -0.061275113 0.998088241 0.008074591 -11.899300575 0.016032305 -0.007104552 0.999846160 165.230697632
0.998016596 0.062747158 0.005051073 -137.770309448 -0.062785447 0.997996390 0.007819486 -11.913883209 -0.004550301 -0.008121112 0.999956667 166.716613770
0.997681916 0.063110270 0.025449686 -137.768493652 -0.063324884 0.997963071 0.007716108 -11.920852661 -0.024910884 -0.009309820 0.999646366 167.633499146
0.996717513 0.066342086 0.046399701 -137.740661621 -0.066698663 0.997753978 0.006177760 -11.917914391 -0.045885649 -0.009252280 0.998903930 168.636932373
0.995519698 0.067249827 0.066467240 -137.666580200 -0.067639790 0.997703195 0.003631655 -11.917943954 -0.066070341 -0.008111216 0.997781992 170.112274170
0.994025052 0.067075722 0.086110458 -137.602462769 -0.067323714 0.997731149 -0.000024189 -11.919085503 -0.085916713 -0.005773232 0.996285558 171.093399048
0.992169082 0.068403266 0.104505226 -137.485900879 -0.068340264 0.997653306 -0.004187698 -11.886700630 -0.104546413 -0.002987010 0.994515538 172.552612305
0.989977658 0.068914011 0.123267785 -137.365600586 -0.068608105 0.997620881 -0.006729832 -11.908479691 -0.123438299 -0.001794785 0.992350578 173.497665405
0.987577379 0.068381943 0.141473651 -137.231750488 -0.067572296 0.997658908 -0.010524824 -11.918646812 -0.141862184 0.000834379 0.989886045 174.482635498
0.984687984 0.068844981 0.160155535 -137.030319214 -0.066848196 0.997603834 -0.017828830 -11.933238983 -0.160999164 0.006849729 0.986930788 176.148086548
0.981432498 0.071169004 0.178115517 -136.886520386 -0.067787625 0.997386396 -0.025006311 -11.977795601 -0.179429665 0.012467981 0.983691812 177.204513550
0.978144765 0.073468558 0.194512889 -136.667190552 -0.068820514 0.997161031 -0.030556099 -12.023013115 -0.196205571 0.016501814 0.980423987 178.131072998
0.973749697 0.075744003 0.214649394 -136.500991821 -0.069365256 0.996900916 -0.037106495 -12.003341675 -0.216794759 0.021243228 0.975986063 180.174270630
0.969480753 0.078150071 0.232378259 -136.281448364 -0.070651345 0.996681273 -0.040432323 -12.055858612 -0.234766841 0.022780523 0.971784711 181.180877686
0.965242982 0.077497907 0.249599501 -136.027236938 -0.069431052 0.996744812 -0.040976863 -12.117787361 -0.251962632 0.022222675 0.967481852 182.280395508
0.960927725 0.076942392 0.265890628 -135.738662720 -0.068406388 0.996805072 -0.041231185 -12.181564331 -0.268213630 0.021431563 0.963121116 182.921783447
0.956894696 0.078384414 0.279657662 -135.138397217 -0.068183593 0.996610105 -0.046035498 -12.355754852 -0.282318175 0.024983061 0.958995402 184.786804199
0.952019095 0.079536930 0.295522213 -134.788330078 -0.067266516 0.996406376 -0.051475268 -12.428134918 -0.298554420 0.029126694 0.953948021 185.876770020
0.946537077 0.081938781 0.312014997 -134.397796631 -0.068987153 0.996243477 -0.052343801 -12.490974426 -0.315131843 0.028020326 0.948634148 187.054931641
0.940548599 0.084153272 0.329069257 -134.093048096 -0.070520341 0.996092319 -0.053170007 -12.528676987 -0.332257777 0.026802896 0.942807734 188.060394287
0.935137033 0.082464263 0.344555318 -133.528182983 -0.066009372 0.996058941 -0.059240010 -12.698827744 -0.348082513 0.032653656 0.936895013 189.617431641
0.928631485 0.083038107 0.361591429 -133.126937866 -0.064026192 0.995876670 -0.064268604 -12.776616096 -0.365437090 0.036530536 0.930118859 190.813964844
0.921423435 0.085318401 0.379077375 -132.746688843 -0.064585716 0.995653510 -0.067101829 -12.852058411 -0.383154690 0.037346222 0.922928870 191.853607178
0.914375126 0.084850296 0.395877004 -132.125488281 -0.061053611 0.995508552 -0.072354034 -13.017029762 -0.400238156 0.041989006 0.915448725 193.392822266
0.905155897 0.088813357 0.415698171 -131.775238037 -0.061102394 0.994958401 -0.079525016 -13.073751450 -0.420665324 0.046582382 0.906019211 194.538711548
0.893928409 0.092886388 0.438479483 -131.413864136 -0.061933704 0.994504511 -0.084409088 -13.124076843 -0.443910301 0.048299015 0.894768655 195.785293579
0.882611811 0.094207749 0.460566282 -130.714096069 -0.061771784 0.994461238 -0.085037529 -13.348605156 -0.466026425 0.046605136 0.883542478 197.074798584
0.866874456 0.099151731 0.488566995 -130.464477539 -0.062557943 0.993910551 -0.090710327 -13.323580742 -0.494585961 0.048070714 0.867798328 198.415161133
0.854049563 0.102711186 0.509950817 -129.549148560 -0.064580388 0.993664503 -0.091980658 -13.648893356 -0.516167343 0.045623213 0.855271697 199.429534912
0.839423299 0.107191592 0.532802343 -128.656158447 -0.065703735 0.993181586 -0.096297383 -13.787761688 -0.539491773 0.045827165 0.840742707 200.700439453
0.823449850 0.108562857 0.556906164 -127.995086670 -0.064168252 0.993045747 -0.098703444 -13.959522247 -0.563748837 0.045541644 0.824689746 201.863967896
