0.998626888 0.021228239 0.047891632 0.219718277 -0.021558883 0.999747097 0.006398005 -0.131997943 -0.047743708 -0.007421709 0.998832047 1.338682294
0.998706341 0.021074753 0.046273869 0.287526011 -0.021435617 0.999743342 0.007316023 -0.148481518 -0.046107814 -0.008298467 0.998901963 2.978960037
0.999278128 0.024870468 0.028716713 0.649603486 -0.025032124 0.999672592 0.005283557 -0.102486521 -0.028575908 -0.005998581 0.999573588 4.667586327
0.999361575 0.034370419 0.009755559 1.030094624 -0.034354739 0.999408126 -0.001770718 0.145375580 -0.009810641 0.001434440 0.999950826 6.224419594
0.999100685 0.041993197 0.005887764 0.860998213 -0.041984480 0.999117136 -0.001596961 0.145358577 -0.005949635 0.001348326 0.999981344 7.708654404
0.999072552 0.042993236 0.002368098 0.755672097 -0.042991944 0.999075174 -0.000595298 0.107376486 -0.002391502 0.000492936 0.999997020 9.125367165
0.999087155 0.042126093 0.007082843 0.572791338 -0.042111021 0.999110341 -0.002263872 0.115859523 -0.007171895 0.001963532 0.999972284 10.590498924
0.999093056 0.041423339 0.009852717 0.394207597 -0.041416626 0.999141634 -0.000884998 0.071922913 -0.009880949 0.000476127 0.999951065 12.132881165
0.998964846 0.043415602 0.013577525 0.218019903 -0.043416232 0.999056995 -0.000248569 0.036252081 -0.013575486 -0.000341171 0.999907732 13.592150688
0.998886347 0.043070026 0.019263316 0.086201251 -0.043068267 0.999071956 -0.000506537 0.009078136 -0.019267255 -0.000323663 0.999814451 15.113491058
0.998800576 0.045136072 0.018977232 0.002972245 -0.045157403 0.998979568 0.000696767 -0.011752906 -0.018926421 -0.001552893 0.999819636 16.461938858
0.998925269 0.042885605 0.017576477 -0.043935597 -0.042887151 0.999079764 -0.000289212 -0.014741243 -0.017572733 -0.000464905 0.999845564 17.508489609
0.998395443 0.054497242 0.015383343 -0.128968656 -0.054565575 0.998501956 0.004057323 -0.064512588 -0.015139217 -0.004890215 0.999873400 18.954694748
0.998024881 0.062333606 0.007795941 -0.044121727 -0.062375959 0.998038650 0.005312162 -0.094562858 -0.007449538 -0.005787948 0.999955475 20.449857712
0.997686148 0.067980520 -0.000902266 -0.000074942 -0.067971259 0.997655690 0.007937764 -0.132366225 0.001439765 -0.007858071 0.999967992 22.096693039
0.997337520 0.072216265 -0.010125834 0.071548492 -0.072134018 0.997360647 0.008264906 -0.147593632 0.010695937 -0.007512486 0.999914527 23.723699570
0.997459829 0.070261009 -0.011718617 0.115103096 -0.070167668 0.997501433 0.008195772 -0.150254562 0.012265151 -0.007352683 0.999897778 25.269542694
0.998033166 0.062681332 0.000985166 -0.046982545 -0.062684521 0.998026729 0.003624004 -0.171433240 -0.000756039 -0.003678630 0.999992907 26.561458588
0.998489261 0.051492359 -0.019176425 -0.172573179 -0.051474586 0.998673320 0.001419723 -0.172678769 0.019224148 -0.000430476 0.999815106 27.872907639
0.998703778 0.048319519 -0.015999600 -0.209217340 -0.048272848 0.998828769 0.003290795 -0.246443778 0.016139887 -0.002514179 0.999866605 28.712127686
0.999147117 0.038147312 -0.015803607 -0.412864447 -0.038105428 0.999269366 0.002943595 -0.266497374 0.015904291 -0.002338879 0.999870718 31.001260757
0.999146342 0.038410347 -0.015216038 -0.458730936 -0.038292460 0.999234855 0.007965299 -0.375067919 0.015510287 -0.007375836 0.999852538 32.441627502
0.999144673 0.038773764 -0.014374056 -0.460183650 -0.038632438 0.999203682 0.009982730 -0.430998504 0.014749680 -0.009418886 0.999846876 33.276634216
0.999323010 0.032060184 -0.018052083 -0.455186099 -0.031966671 0.999474108 0.005445266 -0.383080602 0.018217165 -0.004864512 0.999822259 35.075206757
0.999328315 0.034952264 -0.011005553 -0.556549609 -0.034928557 0.999387085 0.002338526 -0.344210654 0.011080547 -0.001952547 0.999936700 35.803657532
0.999514818 0.026034405 -0.017096579 -0.516960204 -0.025951119 0.999650300 0.005075602 -0.468930483 0.017222740 -0.004629462 0.999840915 37.706832886
0.999572515 0.026386928 -0.012589902 -0.557751775 -0.026322521 0.999639750 0.005254994 -0.472509861 0.012724045 -0.004921347 0.999906898 38.596096039
0.999702156 0.019510867 -0.014657114 -0.560696363 -0.019401181 0.999782979 0.007588649 -0.469196051 0.014801994 -0.007302022 0.999863803 40.376781464
0.999711692 0.020815957 -0.011959743 -0.604948401 -0.020705091 0.999742210 0.009320838 -0.492016673 0.012150682 -0.009070525 0.999885082 41.690513611
0.999766469 0.019352002 -0.009618194 -0.627803326 -0.019258827 0.999767542 0.009687396 -0.506132841 0.009803429 -0.009499895 0.999906838 42.959083557
0.999822617 0.018814338 -0.000813092 -0.679631233 -0.018807245 0.999791265 0.007984789 -0.503048956 0.000963127 -0.007968079 0.999967813 43.929504395
0.999904871 0.013502079 -0.002826493 -0.657380581 -0.013480058 0.999879718 0.007670211 -0.546880603 0.002929687 -0.007631376 0.999966562 45.471637726
0.999947309 0.010250236 0.000601415 -0.663384140 -0.010253428 0.999932170 0.005523298 -0.562406182 -0.000544788 -0.005529171 0.999984503 46.708404541
0.999942958 0.009530574 0.004813623 -0.662864387 -0.009559313 0.999936342 0.005980624 -0.578139067 -0.004756347 -0.006026297 0.999970496 47.929378510
0.999914944 0.008108796 0.010214090 -0.656846941 -0.008171406 0.999947965 0.006103385 -0.597735047 -0.010164067 -0.006186331 0.999929249 49.134429932
0.999813020 0.009487942 0.016851474 -0.646726072 -0.009569133 0.999942899 0.004744255 -0.604318976 -0.016805498 -0.004904625 0.999846756 50.344585419
0.999660432 0.009699068 0.024185495 -0.620951891 -0.009814076 0.999940991 0.004640608 -0.616524935 -0.024139047 -0.004876387 0.999696672 51.546241760
0.999419510 0.010110979 0.032532278 -0.589287281 -0.010294546 0.999931931 0.005480051 -0.628680468 -0.032474674 -0.005811773 0.999455631 52.736644745
0.998827755 0.011819609 0.046939220 -0.587396860 -0.012082575 0.999912858 0.005322419 -0.631990850 -0.046872236 -0.005883323 0.998883545 53.836906433
0.998353779 0.013277700 0.055796649 -0.494239569 -0.013596417 0.999893248 0.005336334 -0.640012860 -0.055719811 -0.006086180 0.998427868 55.030361176
0.997381091 0.014948012 0.070762478 -0.430416107 -0.015370897 0.999867082 0.005435374 -0.644652724 -0.070671789 -0.006508823 0.997478366 56.138671875
0.996112704 0.017853344 0.086260147 -0.338491917 -0.018527621 0.999803603 0.007022513 -0.660325408 -0.086117864 -0.008593408 0.996247888 57.215682983
0.994284987 0.017167244 0.105369419 -0.267599583 -0.017954603 0.999817491 0.006528304 -0.658792615 -0.105238132 -0.008382861 0.994411707 58.182338715
0.992277324 0.017629551 0.122779824 -0.106342793 -0.018540908 0.999808252 0.006284014 -0.664784670 -0.122645482 -0.008511931 0.992414057 59.361576080
0.989505768 0.015880376 0.143618166 0.008150101 -0.016731778 0.999848783 0.004722324 -0.665781379 -0.143521458 -0.007075750 0.989621937 60.274047852
0.986331165 0.014814769 0.164108500 0.207107544 -0.015773380 0.999865294 0.004539687 -0.667597771 -0.164019153 -0.007066179 0.986431837 61.463939667
0.982517719 0.010384242 0.185879111 0.373229027 -0.011749774 0.999911427 0.006246239 -0.672306061 -0.185797781 -0.008321080 0.982552767 62.364879608
0.977799654 0.005669421 0.209465310 0.614289284 -0.007555829 0.999937713 0.008206770 -0.691223443 -0.209405720 -0.009607265 0.977781594 63.534240723
0.972449601 0.000387835 0.233112946 0.840372086 -0.002137985 0.999971330 0.007255122 -0.694943786 -0.233103439 -0.007553636 0.972422540 64.449005127
0.966178596 -0.004013241 0.257842630 1.134353638 0.002659563 0.999980807 0.005598625 -0.705570340 -0.257860243 -0.004723526 0.966170728 65.511917114
0.958691120 -0.007296820 0.284355849 1.403856277 0.005774364 0.999964178 0.006192040 -0.714660883 -0.284390897 -0.004294280 0.958698809 66.426689148
0.950218379 -0.008885084 0.311457723 1.734832764 0.006705369 0.999944925 0.008068581 -0.713993609 -0.311512321 -0.005578471 0.950225711 67.422294617
0.940686941 -0.013075219 0.339023739 2.052398682 0.010003419 0.999891579 0.010806665 -0.722869992 -0.339128345 -0.006774290 0.940715790 68.312622070
0.929812253 -0.013564466 0.367784172 2.433099747 0.010607881 0.999893129 0.010059375 -0.704853952 -0.367881209 -0.005451918 0.929856718 69.250732422
0.918041229 -0.013569720 0.396252751 2.798782349 0.012329191 0.999907911 0.005677595 -0.708459377 -0.396293163 -0.000326789 0.918123782 70.067451477
0.904857337 -0.014214950 0.425477535 3.198266983 0.015571824 0.999878705 0.000288958 -0.724191427 -0.425429910 0.006363999 0.904968917 70.944549561
0.891209364 -0.012365712 0.453423470 3.656648636 0.016549857 0.999849200 -0.005261173 -0.629632711 -0.453290015 0.012192901 0.891279578 71.783538818
0.875631213 -0.013342655 0.482795775 4.108972549 0.016740451 0.999856114 -0.002729358 -0.643870950 -0.482689917 0.010472132 0.875728607 72.605682373
0.857849538 -0.011630455 0.513769090 4.586261749 0.012143756 0.999923408 0.002359140 -0.652625263 -0.513757288 0.004215299 0.857925177 73.422882080
0.838364780 -0.011172994 0.544995070 5.091104507 0.009883663 0.999937177 0.005295780 -0.650465965 -0.545019984 0.000946756 0.838422537 74.204681396
0.816983998 -0.004627145 0.576641738 5.594800949 0.006075310 0.999981403 -0.000583319 -0.650312841 -0.576628268 0.003979842 0.816996992 74.960159302
0.795093656 0.001930099 0.606483579 6.146057129 0.004006804 0.999956369 -0.008435175 -0.659275055 -0.606473505 0.009136816 0.795051217 75.687904358
0.772957385 0.004510068 0.634441912 6.717803955 0.003074415 0.999936402 -0.010853898 -0.678158402 -0.634450436 0.010340136 0.772894382 76.382186890
0.749292672 0.001973649 0.662236035 7.305751801 0.003852946 0.999965608 -0.007339617 -0.715979934 -0.662227869 0.008051082 0.749259174 77.071449280
0.725016236 0.002553228 0.688726902 7.928573608 0.003987892 0.999960840 -0.007905042 -0.716494620 -0.688720226 0.008477850 0.724977612 77.725341797
0.699569583 0.004688582 0.714549065 8.574096680 0.005298750 0.999916971 -0.011748722 -0.722998500 -0.714544833 0.012005267 0.699486613 78.360862732
0.673509657 0.007032465 0.739144981 9.213825226 0.004816405 0.999891698 -0.013902003 -0.756464720 -0.739162803 0.012923157 0.673402786 78.943450928
0.646515131 0.009414114 0.762843072 9.899681091 0.003602773 0.999874949 -0.015392658 -0.777430117 -0.762892604 0.012699938 0.646400332 79.527748108
0.618165970 0.011099936 0.785969198 10.594711304 0.004248352 0.999838531 -0.017461665 -0.794088364 -0.786036193 0.014133281 0.618019044 80.090621948
0.589455366 0.017700445 0.807607055 11.334220886 0.003461203 0.999695480 -0.024436736 -0.815020323 -0.807793617 0.017199658 0.589214504 80.636672974
0.557720125 0.026739102 0.829598188 12.036106110 0.003529157 0.999395490 -0.034584485 -0.841457844 -0.830021441 0.022216253 0.557288766 81.168945312
0.527047873 0.035463147 0.849095285 12.811359406 0.002700980 0.999053955 -0.043402843 -0.875388384 -0.849831223 0.025168771 0.526453614 81.647972107
0.495018989 0.040885478 0.867919862 13.616380692 0.000480606 0.998879254 -0.047328763 -0.908441305 -0.868882000 0.023845758 0.494444549 82.132507324
0.462468743 0.040490575 0.885710597 14.458322525 -0.000638305 0.998971701 -0.045335054 -0.954334259 -0.886635303 0.020400694 0.462019026 82.585502625
0.428181261 0.038670436 0.902865171 15.261489868 -0.003809665 0.999152422 -0.040987767 -1.004933953 -0.903684974 0.014110579 0.427965552 82.993713379
0.393539429 0.039325960 0.918466270 16.126964569 -0.007302022 0.999186873 -0.039653439 -1.059689760 -0.919278800 0.008898530 0.393506467 83.378921509
0.357265502 0.041327089 0.933088005 16.973440170 -0.012110781 0.999141514 -0.039615598 -1.111196995 -0.933924317 0.002852864 0.357459277 83.747299194
0.321070373 0.043743197 0.946044505 17.891302109 -0.016918486 0.999038160 -0.040451683 -1.151756048 -0.946904123 -0.003017802 0.321501672 84.080970764
0.284432739 0.042316757 0.957761586 18.768651962 -0.016716676 0.999092340 -0.039178409 -1.193335772 -0.958550215 -0.004866967 0.284882009 84.368194580
0.247923598 0.041438129 0.967892945 19.717838287 -0.016630504 0.999119580 -0.038515158 -1.248458862 -0.968636811 -0.006547729 0.248394549 84.625602722
0.212755308 0.040538423 0.976264238 20.628993988 -0.014525386 0.999159753 -0.038323652 -1.297000408 -0.976997495 -0.006027059 0.213165432 84.805885315
0.177348837 0.039359644 0.983360648 21.601325989 -0.012179237 0.999211192 -0.037797544 -1.341711044 -0.984072685 -0.005273235 0.177688330 84.986434937
0.142364174 0.038696051 0.989057600 22.539188385 -0.000770570 0.999239564 -0.038983490 -1.374689221 -0.989814103 0.004787714 0.142285734 85.121788025
0.108363934 0.042448822 0.993204474 23.516044617 0.001158420 0.999081910 -0.042826395 -1.423296332 -0.994110763 0.005791385 0.108215250 85.225990295
0.075680234 0.046650641 0.996040165 24.460201263 0.005737592 0.998868048 -0.047219023 -1.473215342 -0.997115612 0.009288421 0.075326912 85.307952881
0.046259273 0.050429977 0.997655630 25.447835922 0.013045387 0.998609185 -0.051083054 -1.530766726 -0.998844206 0.015377873 0.045537055 85.356628418
0.021299778 0.047513705 0.998643458 26.406211853 0.018978672 0.998670757 -0.047919806 -1.592565298 -0.999593019 0.019973604 0.020369718 85.361907959
-0.000884015 0.043973349 0.999032319 27.427425385 0.020889644 0.998815417 -0.043945324 -1.650814772 -0.999781489 0.020830577 -0.001801558 85.360305786
-0.020509597 0.042643476 0.998879790 28.365148544 0.022122957 0.998864770 -0.042188585 -1.681084156 -0.999544859 0.021232907 -0.021429712 85.357482910
-0.037198592 0.045676079 0.998263419 29.380409241 0.024498399 0.998696327 -0.044782981 -1.736721992 -0.999007523 0.022789994 -0.038269088 85.330963135
-0.050312374 0.048553001 0.997552574 30.330337524 0.029914899 0.998442709 -0.047087535 -1.798028350 -0.998285294 0.027472600 -0.051686492 85.246093750
-0.062405575 0.053664539 0.996607006 31.320856094 0.034083825 0.998085439 -0.051609892 -1.852338791 -0.997468650 0.030747434 -0.064115189 85.176765442
-0.070906051 0.057408445 0.995829523 32.300224304 0.041395407 0.997651637 -0.054566011 -1.901349306 -0.996623635 0.037353709 -0.073115990 85.103828430
-0.076541714 0.062583409 0.995100319 33.293392181 0.045371447 0.997212946 -0.059226349 -1.969321847 -0.996033490 0.040615857 -0.079167895 85.020065308
-0.080194622 0.067314535 0.994503617 34.283969879 0.047423083 0.996845007 -0.063648909 -2.039268255 -0.995650470 0.042058133 -0.083133869 84.944076538
-0.083103485 0.072315328 0.993913531 35.267139435 0.051665537 0.996334910 -0.068171628 -2.085455179 -0.995200753 0.045685783 -0.086535104 84.855682373
-0.085661799 0.075262442 0.993477464 36.265529633 0.052334905 0.996106088 -0.070949048 -2.162839651 -0.994948864 0.045915935 -0.089267083 84.769584656
-0.087967388 0.078188732 0.993049920 37.252521515 0.057339080 0.995659053 -0.073314898 -2.233932018 -0.994471669 0.050491247 -0.092068799 84.677795410
-0.090172850 0.081892230 0.992553532 38.263526917 0.057431169 0.995382667 -0.076908082 -2.317277670 -0.994268894 0.050068479 -0.094459668 84.578674316
-0.091943942 0.084382921 0.992182314 39.254440308 0.064628981 0.994807720 -0.078617141 -2.377217770 -0.993664622 0.056895360 -0.096920103 84.476516724
-0.094807565 0.082973361 0.992031753 40.282257080 0.064473912 0.994939983 -0.077054910 -2.467729807 -0.993405521 0.056654774 -0.099677444 84.390304565
-0.096463777 0.079458117 0.992159843 41.245979309 0.070961982 0.994820893 -0.072771870 -2.641434431 -0.992803693 0.063385777 -0.101602681 84.284118652
-0.098448224 0.080680832 0.991866231 42.292373657 0.071258023 0.994720995 -0.073840305 -2.731060505 -0.992587745 0.063408978 -0.103677668 84.167709351
-0.100973919 0.082174912 0.991489530 43.267253876 0.073676005 0.994464159 -0.074918248 -2.827830791 -0.992157340 0.065484203 -0.106469244 84.073036194
-0.104010783 0.084655218 0.990966797 44.314594269 0.071314722 0.994441032 -0.077466920 -2.907161474 -0.992016196 0.062613130 -0.109469749 83.960052490
-0.106023192 0.088042364 0.990458310 45.358406067 0.069180764 0.994311869 -0.080979489 -2.997502089 -0.991954207 0.059934955 -0.111510955 83.844573975
-0.107284784 0.091025546 0.990052700 46.297592163 0.076401554 0.993610442 -0.083073586 -3.118090391 -0.991288424 0.066729039 -0.113553733 83.715415955
-0.110575505 0.093239047 0.989484489 47.344615936 0.074267283 0.993581474 -0.085325688 -3.209391832 -0.991089046 0.064051397 -0.116790354 83.610473633
-0.111619726 0.091243125 0.989553273 48.370330811 0.075980559 0.993644595 -0.083049923 -3.321292877 -0.990842044 0.065916814 -0.117843017 83.448867798
-0.114632472 0.087437227 0.989552438 49.435062408 0.073150061 0.994157612 -0.079370245 -3.404290915 -0.990711033 0.063287437 -0.120358787 83.317604065
-0.116800852 0.085099749 0.989502728 50.486343384 0.073302604 0.994343281 -0.076863423 -3.506618977 -0.990446568 0.063555419 -0.122378178 83.171112061
-0.119533814 0.085657440 0.989128113 51.589427948 0.072794393 0.994345844 -0.077312246 -3.595499516 -0.990157902 0.062761560 -0.125093326 83.068656921
-0.119487025 0.087121390 0.989005923 52.520763397 0.081001490 0.993676960 -0.077746652 -3.679680824 -0.989525914 0.070821218 -0.125788480 82.920578003
-0.120079875 0.090407431 0.988639116 53.582061768 0.081220500 0.993401051 -0.080977872 -3.754797935 -0.989436209 0.070573941 -0.126630411 82.781929016
-0.120678678 0.090531453 0.988554835 54.658134460 0.081453413 0.993377924 -0.081029639 -3.868752241 -0.989344180 0.070742629 -0.127253592 82.670776367
-0.121563636 0.089154102 0.988571644 55.682468414 0.078265831 0.993717968 -0.079993971 -3.960804224 -0.989493191 0.067647025 -0.127777696 82.536773682
-0.121818759 0.088133007 0.988631725 56.884220123 0.074199937 0.994071424 -0.079475045 -4.075503826 -0.989774942 0.063674867 -0.127636015 82.438087463
-0.122853786 0.088135049 0.988503456 57.956474304 0.071410432 0.994251907 -0.079772510 -4.196292877 -0.989852190 0.060789116 -0.128441378 82.346252441
-0.121666908 0.087945826 0.988667071 58.963951111 0.071169779 0.994275987 -0.079686500 -4.273047924 -0.990016162 0.060668007 -0.127229571 82.160583496
-0.121229313 0.087318212 0.988776445 60.088760376 0.067540772 0.994540393 -0.079546355 -4.362424850 -0.990323961 0.057139367 -0.126465008 82.005393982
-0.120087467 0.088386744 0.988820851 61.197658539 0.069399215 0.994339585 -0.080451824 -4.319797516 -0.990334690 0.058962133 -0.125541702 81.853363037
-0.120152526 0.079149134 0.989595175 62.298542023 0.073029324 0.994820595 -0.070700161 -4.417363167 -0.990065694 0.063774660 -0.125310421 81.711753845
-0.120064184 0.073716797 0.990025401 63.403266907 0.078074262 0.994851887 -0.064607784 -4.506329060 -0.989691317 0.069538422 -0.125201464 81.552688599
-0.120374337 0.070765138 0.990203142 64.504379272 0.091364995 0.994012415 -0.059930559 -4.653513908 -0.988515258 0.083255790 -0.126119047 81.421203613
-0.119123407 0.075976163 0.989968300 65.603813171 0.097292908 0.993162692 -0.064514004 -4.731135368 -0.988101125 0.088631757 -0.125700846 81.273269653
-0.117611624 0.082796507 0.989602029 66.700256348 0.101458050 0.992305458 -0.070964709 -4.757274151 -0.987863183 0.092056826 -0.125107020 81.111251831
-0.117177002 0.087633967 0.989237010 67.814781189 0.102090769 0.991884887 -0.075775698 -4.834122181 -0.987849653 0.092112817 -0.125172704 80.975509644
-0.116015561 0.086087666 0.989509583 68.960510254 0.099041834 0.992274344 -0.074715987 -4.873338699 -0.988297045 0.089334629 -0.123645552 80.796211243
-0.116003931 0.081576332 0.989893079 70.084915161 0.098959126 0.992611945 -0.070203543 -4.960533142 -0.988306761 0.089815065 -0.123219617 80.659248352
-0.116157897 0.079488590 0.990044892 71.217720032 0.096961126 0.992938757 -0.068344884 -5.049083233 -0.988486707 0.088057056 -0.123044990 80.526824951
-0.114642031 0.081142597 0.990087271 72.299217224 0.096581601 0.992847323 -0.070185632 -5.108774185 -0.988700867 0.087577999 -0.121658906 80.376060486
-0.114379384 0.087173305 0.989605069 73.451499939 0.097541146 0.992314816 -0.076138124 -5.188807011 -0.988636911 0.087818578 -0.122003324 80.234474182
-0.112512358 0.089864418 0.989578366 74.518043518 0.096542068 0.992178917 -0.079123996 -5.267961502 -0.988949180 0.086633511 -0.120308071 80.094345093
-0.112659581 0.088796936 0.989657998 75.650825500 0.096425347 0.992274940 -0.078054979 -5.357998848 -0.988943815 0.086634465 -0.120351568 79.973388672
-0.111279368 0.082476154 0.990360677 76.802719116 0.098273613 0.992579043 -0.071618624 -5.445497513 -0.988918185 0.089356653 -0.118558794 79.819427490
-0.111626938 0.081381127 0.990412235 77.938552856 0.098328926 0.992654860 -0.070482984 -5.523956776 -0.988873601 0.089518361 -0.118809134 79.687004089
-0.112837136 0.084242538 0.990035713 79.069702148 0.094402395 0.992800951 -0.073718511 -5.621789932 -0.989118814 0.085143566 -0.119977504 79.589645386
-0.111668885 0.086176448 0.990001857 80.235412598 0.093389675 0.992734015 -0.075880207 -5.725328445 -0.989347458 0.083982497 -0.118905477 79.445732117
-0.111253247 0.086663723 0.990006089 81.404357910 0.092012249 0.992809594 -0.076569125 -5.798532009 -0.989523292 0.082574122 -0.118427411 79.299209595
-0.111728460 0.081212133 0.990414679 82.555908203 0.092415221 0.993185043 -0.071013935 -5.929562092 -0.989432216 0.083595149 -0.118472256 79.189407349
-0.110512592 0.080120869 0.990639925 83.719413757 0.093028724 0.993203223 -0.069950193 -6.014259338 -0.989511251 0.084427625 -0.117215008 79.043777466
-0.108209468 0.083549932 0.990610957 84.927627563 0.094615281 0.992804289 -0.073399618 -6.034727097 -0.989615381 0.085784398 -0.115335912 78.888641357
-0.106926374 0.083384320 0.990764320 86.105224609 0.096968547 0.992601216 -0.073073782 -6.132562637 -0.989527047 0.088259459 -0.114220940 78.750083923
-0.109045386 0.076628774 0.991078734 87.234291077 0.097260930 0.993062675 -0.066080853 -6.332366943 -0.989267051 0.089187451 -0.115741886 78.669082642
-0.106789552 0.076765403 0.991313756 88.425720215 0.099114150 0.992870927 -0.066208884 -6.421218395 -0.989329278 0.091182806 -0.113636777 78.511070251
-0.105714813 0.074996181 0.991564333 89.603942871 0.099407881 0.992953777 -0.064502992 -6.490009785 -0.989415228 0.091750383 -0.112425134 78.380081177
-0.104281843 0.073270641 0.991845012 90.811393738 0.098183557 0.993169248 -0.063045517 -6.587006569 -0.989689469 0.090808392 -0.110763483 78.240028381
-0.103025556 0.072120875 0.992060661 92.009277344 0.100298248 0.993037701 -0.061775930 -6.643494129 -0.989608943 0.093137451 -0.109541871 78.101837158
-0.101208493 0.073246360 0.992165089 93.215484619 0.098336041 0.993138731 -0.063287213 -6.725790501 -0.989993453 0.091160387 -0.107716829 77.971031189
-0.100315161 0.078097954 0.991885781 94.432525635 0.098456986 0.992800713 -0.068212479 -6.735303402 -0.990072250 0.090815328 -0.107282273 77.845184326
-0.099397331 0.079065830 0.991901636 95.673362732 0.096286990 0.992924333 -0.069498546 -6.768188000 -0.990378141 0.088599250 -0.106307052 77.716217041
-0.099221371 0.077865586 0.992014050 96.895919800 0.092496932 0.993338823 -0.068718024 -6.849587917 -0.990756929 0.084939949 -0.105762772 77.593955994
-0.098501079 0.081578285 0.991787553 98.119972229 0.089554556 0.993317008 -0.072809801 -6.882350922 -0.991099119 0.081647255 -0.105148509 77.460227966
-0.099055104 0.080620416 0.991810560 99.349906921 0.087587886 0.993550301 -0.072014160 -6.978471279 -0.991219580 0.079737209 -0.105477616 77.339111328
-0.100221202 0.079155020 0.991811514 100.599517822 0.087072909 0.993703604 -0.070507437 -7.053010464 -0.991147816 0.079293564 -0.106482424 77.217071533
-0.102058209 0.077654913 0.991742790 101.851028442 0.084875807 0.993992805 -0.069096699 -7.150461674 -0.991150916 0.077123083 -0.108036146 77.094314575
-0.103585124 0.078539759 0.991514802 103.090118408 0.083104081 0.994075179 -0.070060544 -7.220339298 -0.991142631 0.075141706 -0.109498382 76.966567993
-0.105298400 0.078634277 0.991326809 104.324851990 0.084058717 0.994004846 -0.069918022 -7.317170143 -0.990881681 0.075967394 -0.111277014 76.828987122
-0.109401174 0.079594560 0.990805805 105.593391418 0.083788604 0.993979514 -0.070597909 -7.381482601 -0.990460038 0.075294733 -0.115411647 76.701370239
-0.113021888 0.074355513 0.990806460 106.846244812 0.081867903 0.994502127 -0.065294124 -7.479035854 -0.990213931 0.073735595 -0.118487820 76.565338135
-0.116807304 0.077355675 0.990137398 108.096252441 0.081901617 0.994316518 -0.068020180 -7.526111126 -0.989771783 0.073148616 -0.122478984 76.409629822
-0.122912407 0.083651319 0.988885701 109.342834473 0.076028392 0.994306505 -0.074660026 -7.617545128 -0.989500999 0.066006742 -0.128572494 76.276397705
-0.128958210 0.092155918 0.987358630 110.560943604 0.079275437 0.993443906 -0.082369760 -7.608466148 -0.988476098 0.067651048 -0.135418475 76.070404053
-0.137913734 0.087977618 0.986529171 111.786964417 0.081460975 0.993680000 -0.077227339 -7.716030121 -0.987088561 0.069712922 -0.144208848 75.886894226
-0.148771852 0.080368124 0.985600293 112.953758240 0.082425527 0.994231284 -0.068630159 -7.913199902 -0.985430300 0.071028374 -0.154538020 75.700958252
-0.161796153 0.081859417 0.983423054 114.176773071 0.082691163 0.994173229 -0.069149598 -7.995293617 -0.983353555 0.070132256 -0.167622492 75.496139526
-0.176392481 0.083157048 0.980800986 115.369903564 0.083432898 0.994102180 -0.069279782 -8.073707581 -0.980777562 0.069610633 -0.182290152 75.283843994
-0.192067727 0.080726989 0.978055716 116.605880737 0.083700024 0.994327068 -0.065633245 -8.173009872 -0.977805793 0.069257244 -0.197735041 75.071197510
-0.207384735 0.083271533 0.974708796 117.816535950 0.087487847 0.993956685 -0.066301502 -8.271559715 -0.974339426 0.071525261 -0.213416725 74.818290710
-0.221661016 0.088789545 0.971072972 118.970680237 0.084484309 0.993850052 -0.071587399 -8.286125183 -0.971456945 0.066172302 -0.227799147 74.518859863
-0.237179011 0.093032584 0.967001081 120.157211304 0.085200489 0.993560433 -0.074690431 -8.377138138 -0.967722535 0.064673968 -0.243578061 74.238227844
-0.252283037 0.091704153 0.963298261 121.328887939 0.080121435 0.994060516 -0.073649257 -8.446690559 -0.964330733 0.058600385 -0.258132070 73.906631470
-0.268833578 0.086028256 0.959337115 122.495018005 0.071650282 0.995029867 -0.069150552 -8.515985489 -0.960517883 0.050146781 -0.273661345 73.590194702
-0.285149038 0.082024239 0.954967022 123.667190552 0.067857869 0.995559096 -0.065248713 -8.606222153 -0.956078112 0.046196416 -0.289448649 73.260925293
-0.299394518 0.083816841 0.950440705 124.770156860 0.064901821 0.995615840 -0.067356266 -8.686173439 -0.951919496 0.041519243 -0.303521752 72.900527954
-0.313542992 0.086193867 0.945653856 125.914924622 0.063376524 0.995550871 -0.069728576 -8.761246681 -0.947456598 0.038069356 -0.317610651 72.524345398
-0.327900469 0.088362128 0.940570712 127.030364990 0.064970747 0.995368063 -0.070860080 -8.854746819 -0.942475557 0.037874531 -0.332122654 72.149017334
-0.341568917 0.088207453 0.935708404 128.161315918 0.063151836 0.995490253 -0.070790142 -8.935937881 -0.937732637 0.034911986 -0.345598936 71.712173462
-0.355206430 0.086437568 0.930782914 129.272201538 0.060710423 0.995746672 -0.069302067 -9.023365021 -0.932814300 0.031891689 -0.358943313 71.283050537
-0.369715452 0.085195079 0.925230861 130.359741211 0.060574926 0.995878994 -0.067495055 -9.114612579 -0.927168429 0.031091826 -0.373352528 70.853874207
-0.384867907 0.083008021 0.919231296 131.470993042 0.053131115 0.996288598 -0.067721218 -9.251225471 -0.921441078 0.022776052 -0.387849867 70.382858276
-0.400560886 0.083779842 0.912431836 132.553634644 0.051308665 0.996299386 -0.068955891 -9.338665009 -0.914832354 0.019194623 -0.403377295 69.921699524
-0.414978743 0.085071832 0.905845106 133.641296387 0.050521508 0.996237457 -0.070416458 -9.419976234 -0.908427298 0.016543329 -0.417715371 69.420402527
-0.428560257 0.088352092 0.899182856 134.707595825 0.050083335 0.996000171 -0.073994912 -9.475683212 -0.902123928 0.013322793 -0.431271106 68.892478943
-0.444454551 0.089387581 0.891330421 135.771850586 0.048659313 0.995949030 -0.075615756 -9.595378876 -0.894478798 0.009763772 -0.447003722 68.380981445
-0.458091974 0.091412887 0.884191811 136.822784424 0.046935886 0.995797873 -0.078634299 -9.672837257 -0.887664735 0.005478582 -0.460457623 67.802207947
-0.473704457 0.088006273 0.876275599 137.894302368 0.043322317 0.996118546 -0.076622806 -9.761413574 -0.879617691 0.001665724 -0.475678414 67.228744507
-0.488916546 0.083242118 0.868349731 138.933746338 0.038821392 0.996526659 -0.073671438 -9.847335815 -0.871466219 -0.002308647 -0.490449935 66.625595093
-0.503765345 0.083064243 0.859837532 139.958618164 0.037590444 0.996531248 -0.074245818 -9.943654060 -0.863022149 -0.005080789 -0.505140364 65.995422363
-0.520267963 0.082043111 0.850053072 140.999206543 0.034397162 0.996580064 -0.075132713 -10.010322571 -0.853310049 -0.009849726 -0.521310687 65.381164551
-0.536210060 0.080704778 0.840217412 142.027923584 0.030707238 0.996624947 -0.076131277 -10.074562073 -0.843525708 -0.015021599 -0.536878407 64.726196289
-0.551230252 0.080911815 0.830420673 143.028564453 0.030636674 0.996578336 -0.076764852 -10.172233582 -0.833790481 -0.016873760 -0.551822901 64.050018311
-0.567312837 0.081159480 0.819493175 144.049987793 0.029411020 0.996493518 -0.078328483 -10.241424561 -0.822976947 -0.020334635 -0.567710638 63.370395660
-0.582258701 0.078401893 0.809214234 145.048431396 0.028767055 0.996702731 -0.075868063 -10.335430145 -0.812494338 -0.020896135 -0.582594335 62.651649475
-0.597381890 0.074585401 0.798480928 146.063476562 0.028582785 0.997013271 -0.071745984 -10.439771652 -0.801447332 -0.020036954 -0.597729564 61.914592743
-0.611628771 0.071631067 0.787895322 147.028503418 0.026946284 0.997201085 -0.069742061 -10.540355682 -0.790685773 -0.021425396 -0.611847103 61.145790100
-0.626357555 0.068912551 0.776483893 147.998168945 0.023824550 0.997311831 -0.069292642 -10.641592026 -0.779171765 -0.024902580 -0.626315653 60.384098053
-0.640961111 0.069721617 0.764400244 148.939025879 0.022332421 0.997138381 -0.072223783 -10.739055634 -0.767248452 -0.029221719 -0.640684128 59.602802277
-0.656695426 0.066073596 0.751255810 149.909774780 0.015408060 0.997122109 -0.074229099 -10.833349228 -0.753998458 -0.037170522 -0.655823588 58.804134369
-0.672903538 0.062606670 0.737076104 150.861709595 0.013039095 0.997261047 -0.072802722 -10.924051285 -0.739615321 -0.039378416 -0.671876967 57.982742310
-0.688993692 0.052540749 0.722860336 151.785446167 0.005104466 0.997695982 -0.067651719 -11.022346497 -0.724749386 -0.042921789 -0.687674403 57.153514862
-0.706152976 0.049580872 0.706321180 152.700332642 0.003108063 0.997752786 -0.066930868 -11.115135193 -0.708052456 -0.045068137 -0.704720259 56.286312103
-0.723375857 0.041047182 0.689233303 153.585510254 -0.007711405 0.997688651 -0.067510605 -11.152909279 -0.690411448 -0.054150485 -0.721387386 55.359069824
-0.740735710 0.036627624 0.670797169 154.451904297 -0.012247126 0.997610331 -0.067996696 -11.250866890 -0.671684742 -0.058582917 -0.738517225 54.424354553
-0.757467210 0.030895134 0.652141809 155.332763672 -0.017318586 0.997577369 -0.067375749 -11.313789368 -0.652643502 -0.062329099 -0.755097032 53.442611694
-0.773709476 0.033049598 0.632677913 156.148895264 -0.015393498 0.997362912 -0.070924774 -11.401488304 -0.633353531 -0.064614303 -0.771160305 52.481025696
-0.788391650 0.030109826 0.614436209 156.926956177 -0.013975955 0.997666955 -0.066822417 -11.541492462 -0.615014672 -0.061269563 -0.786131561 51.475120544
-0.802957058 0.030455818 0.595258176 157.698577881 -0.011289636 0.997737408 -0.066277124 -11.646739960 -0.595929861 -0.059937932 -0.800796449 50.451168060
-0.816802025 0.033169113 0.575963855 158.416656494 -0.007755278 0.997624338 -0.068450205 -11.742465019 -0.576866031 -0.060377017 -0.814604342 49.385429382
-0.831296861 0.033338629 0.554827809 159.156768799 -0.009366371 0.997217536 -0.073954649 -11.812748909 -0.555749714 -0.066674992 -0.828671634 48.355197906
-0.843962729 0.033880316 0.535330653 159.842330933 -0.006912076 0.997233510 -0.074010566 -11.900067329 -0.536357105 -0.066162422 -0.841393828 47.268245697
-0.855665922 0.032309286 0.516518950 160.503646851 -0.005323762 0.997447014 -0.071211629 -12.013263702 -0.517501116 -0.063683197 -0.853309453 46.184547424
-0.865526497 0.034644593 0.499663472 161.109802246 -0.002043949 0.997352242 -0.072692826 -12.112128258 -0.500859022 -0.063938856 -0.863164067 45.047237396
-0.875371814 0.038096502 0.481946856 161.772598267 0.000899027 0.997016788 -0.077178374 -12.212247849 -0.483449370 -0.067126490 -0.872794747 43.920112610
-0.885417938 0.036632050 0.463349849 162.420669556 -0.000789219 0.996769428 -0.080311872 -12.252445221 -0.464794904 -0.071475275 -0.882528722 42.861171722
-0.893090308 0.033161275 0.448653460 163.020156860 -0.002926596 0.996830165 -0.079504289 -12.390292168 -0.449867785 -0.072317548 -0.890162349 41.605083466
-0.899871349 0.032431636 0.434947878 163.541442871 -0.002207892 0.996880233 -0.078899726 -12.519364357 -0.436149716 -0.071959928 -0.896992326 40.497001648
-0.906495631 0.030746885 0.421094328 164.088195801 -0.002668300 0.996907771 -0.078534916 -12.621902466 -0.422206938 -0.072315156 -0.903610528 39.331371307
-0.913032830 0.028276978 0.406904757 164.637130737 -0.003366430 0.997037649 -0.076840766 -12.752709389 -0.407872170 -0.071527958 -0.910233021 38.191673279
-0.918189347 0.024420379 0.395388365 165.139633179 -0.005376666 0.997237802 -0.074078366 -12.847356796 -0.396105289 -0.070143819 -0.915521920 36.965515137
-0.923107862 0.021765769 0.383924633 165.642852783 -0.006056512 0.997449994 -0.071110524 -12.941943169 -0.384493440 -0.067967914 -0.920622110 35.763107300
-0.927960992 0.022110939 0.372020811 166.152999878 -0.003295533 0.997712433 -0.067519039 -13.054256439 -0.372662723 -0.063881025 -0.925765455 34.614440918
-0.931091905 0.025901413 0.363863885 166.626251221 0.000774201 0.997614026 -0.069033414 -13.157003403 -0.364783764 -0.063994750 -0.928890407 33.394020081
-0.933488429 0.031700578 0.357203662 167.094223022 0.006801330 0.997470975 -0.070748001 -13.250739098 -0.358543068 -0.063612983 -0.931343317 32.218116760
-0.935141385 0.035557300 0.352485955 167.551727295 0.010054499 0.997213423 -0.073920228 -13.344507217 -0.354132205 -0.065581806 -0.932893097 30.973579407
-0.937146306 0.033235870 0.347350001 168.029510498 0.007680737 0.997177124 -0.074691400 -13.404298782 -0.348851949 -0.067328870 -0.934756219 29.771171570
-0.939082444 0.026000490 0.342706710 168.501129150 0.001775795 0.997488081 -0.070811450 -13.513547897 -0.343687117 -0.065889217 -0.936769843 28.536729813
-0.941059828 0.020174710 0.337637931 168.950576782 -0.002681937 0.997743130 -0.067092724 -13.648192406 -0.338229477 -0.064043790 -0.938881934 27.353219986
-0.942858160 0.013820844 0.332907528 169.408599854 -0.009664794 0.997584462 -0.068787843 -13.742241859 -0.333054066 -0.068074659 -0.940447152 26.127994537
-0.943885744 0.012172710 0.330047697 169.840484619 -0.012016755 0.997393131 -0.071151577 -13.845726013 -0.330053478 -0.071125060 -0.941278875 24.902788162
-0.944771647 0.012306665 0.327498049 170.279220581 -0.012473527 0.997220516 -0.073457211 -13.948997498 -0.327491701 -0.073485352 -0.941992104 23.690067291
-0.945189059 0.012951275 0.326266527 170.719604492 -0.012394536 0.997069955 -0.075485826 -14.056730270 -0.326288223 -0.075392306 -0.942258954 22.467884064
-0.945301354 0.015147426 0.325846225 171.150604248 -0.010740292 0.996934235 -0.077502206 -14.158873558 -0.326021135 -0.076762639 -0.942240715 21.264457703
-0.944806814 0.016227612 0.327225685 171.590560913 -0.010117799 0.996851087 -0.078648709 -14.277225494 -0.327471524 -0.077618659 -0.941667497 20.006885529
-0.944611609 0.016952632 0.327752084 172.019439697 -0.009790654 0.996764839 -0.079774164 -14.400637627 -0.328044236 -0.078564510 -0.941389680 18.825332642
-0.944490433 0.017324181 0.328081936 172.460937500 -0.009384134 0.996778667 -0.079649657 -14.509219170 -0.328404903 -0.078307085 -0.941285372 17.630054474
-0.943575203 0.016915508 0.330726147 172.898834229 -0.009708298 0.996852279 -0.078683794 -14.640377998 -0.331016093 -0.077454835 -0.940440893 16.409938812
-0.943005681 0.014960701 0.332439870 173.347808838 -0.012438929 0.996706009 -0.080139004 -14.730713844 -0.332543701 -0.079706736 -0.939713478 15.223484039
-0.941376686 0.012724617 0.337117106 173.793121338 -0.014325619 0.996879220 -0.077630930 -14.845500946 -0.337052852 -0.077909335 -0.938256562 14.007968903
-0.940481186 0.010772904 0.339675009 174.265594482 -0.015666567 0.997060478 -0.074999183 -14.943505287 -0.339484513 -0.075856850 -0.937547982 12.851562500
-0.938019991 0.008183604 0.346484363 174.710754395 -0.018315304 0.997153819 -0.073135845 -15.038836479 -0.346096784 -0.074948862 -0.935200393 11.662033081
-0.936353803 0.009523012 0.350928485 175.179504395 -0.017006312 0.997227967 -0.072437942 -15.142180443 -0.350645542 -0.073795550 -0.933596194 10.525527954
-0.933153927 0.009983566 0.359338522 175.643615723 -0.017594524 0.997147858 -0.073394559 -15.230211258 -0.359046310 -0.074810810 -0.930316627 9.328716278
-0.930018842 0.012563193 0.367297024 176.149520874 -0.016603952 0.996958613 -0.076142676 -15.317631721 -0.367136478 -0.076912694 -0.926981807 8.150661469
-0.926097751 0.011891962 0.377096206 176.636871338 -0.017929032 0.996986687 -0.075471893 -15.426948547 -0.376857400 -0.076655313 -0.923093975 6.991378784
-0.921639264 0.016132424 0.387712300 177.075439453 -0.014478637 0.997010052 -0.075902313 -15.520587921 -0.387777627 -0.075568087 -0.918650091 5.875690460
-0.916315377 0.018093687 0.400048435 177.597991943 -0.013951622 0.996929824 -0.077046216 -15.623411179 -0.400214314 -0.076179951 -0.913249731 4.714832306
-0.910149753 0.019225143 0.413833082 178.154785156 -0.014815538 0.996773362 -0.078890420 -15.689836502 -0.414014369 -0.077933259 -0.906927943 3.494163513
-0.904290617 0.018631460 0.426510632 178.707916260 -0.015367682 0.996979237 -0.076134160 -15.795711517 -0.426640660 -0.075401902 -0.901272535 2.353523254
-0.898780584 0.021919936 0.437850386 179.167190552 -0.014559968 0.996705770 -0.079785101 -15.833598137 -0.438156873 -0.078084394 -0.895500660 1.322578430
-0.891693294 0.024295252 0.451987594 179.749649048 -0.012820813 0.996802151 -0.078873396 -15.943267822 -0.452458471 -0.076125711 -0.888530433 0.150489807
-0.883483410 0.025375709 0.467774689 179.911758423 -0.011041976 0.997126400 -0.074946746 -16.031036377 -0.468332320 -0.071379371 -0.880664408 -0.715866089
-0.875915051 0.027445504 0.481684059 180.517288208 -0.008194824 0.997390389 -0.071731359 -16.139129639 -0.482395709 -0.066777900 -0.873404324 -1.817749023
-0.862318993 0.032515440 0.505320251 180.659729004 -0.004956057 0.997346401 -0.072632864 -16.146188736 -0.506340921 -0.065137103 -0.859869719 -2.918312073
-0.853390813 0.035783116 0.520041943 181.315826416 -0.001462271 0.997472882 -0.071033850 -16.252513885 -0.521269500 -0.061380073 -0.851181865 -3.979927063
-0.842147768 0.039313700 0.537811816 181.529953003 0.006043913 0.997964382 -0.063486561 -16.407461166 -0.539213002 -0.050214559 -0.840671062 -4.786026001
-0.830957115 0.042714383 0.554694295 182.274200439 0.008763638 0.997929454 -0.063717522 -16.484176636 -0.556267440 -0.048085373 -0.829611003 -5.904899597
-0.818212152 0.044054631 0.573225975 182.870880127 0.010672909 0.998052001 -0.061469834 -16.590946198 -0.574817240 -0.044177368 -0.817088306 -6.936859131
-0.806433380 0.046221118 0.589515686 183.618041992 0.011659869 0.997989535 -0.062297385 -16.671480179 -0.591209948 -0.043365028 -0.805351019 -7.975097656
-0.793293059 0.049033567 0.606862068 184.357086182 0.014374386 0.997982204 -0.061845228 -16.761503220 -0.608670115 -0.040338125 -0.792397201 -8.988250732
-0.781040728 0.049755864 0.622494638 185.168945312 0.015756851 0.998073637 -0.060005780 -16.845792770 -0.624281168 -0.037058406 -0.780320108 -9.960197449
-0.766172469 0.051212765 0.640591264 185.986419678 0.018055834 0.998141468 -0.058202017 -16.940822601 -0.642381251 -0.033026375 -0.765673161 -10.933174133
-0.748991787 0.054249890 0.660354614 186.814086914 0.019742912 0.998027205 -0.059597652 -17.021911621 -0.662285089 -0.031600829 -0.748585224 -11.901123047
