0.999129295 0.002169788 -0.041664273 -0.057161190 -0.002313217 0.999991536 -0.003394586 -0.004420892 0.041656550 0.003488008 0.999125898 0.497857124
0.998481810 0.001948965 -0.055046961 -0.081736527 -0.002187378 0.999988496 -0.004271167 -0.004125472 0.055037994 0.004385091 0.998474777 0.621212304
0.997434258 0.001598479 -0.071569771 -0.028388202 -0.001951358 0.999986291 -0.004860922 -0.000066287 0.071560994 0.004988108 0.997423768 0.218406767
0.995940030 0.000524004 -0.090016849 -0.134248763 -0.000898776 0.999991119 -0.004122876 -0.008269954 0.090013877 0.004187043 0.995931685 0.905448258
0.993945956 -0.000594255 -0.109868713 -0.169848517 0.000099108 0.999989927 -0.004512127 -0.007658328 0.109870277 0.004473921 0.993935883 1.065203071
0.991102517 -0.001507436 -0.133091882 -0.066544965 0.000815689 0.999985874 -0.005251888 -0.003571196 0.133097902 0.005096598 0.991089761 0.420436144
0.987757504 0.002346868 -0.155979529 -0.147818565 -0.003354297 0.999975145 -0.006195825 -0.010594484 0.155961081 0.006643174 0.987740874 0.792147338
0.983415127 0.007075572 -0.181230545 -0.326811105 -0.008620907 0.999932885 -0.007740602 -0.023019966 0.181163624 0.009174598 0.983410120 1.546006441
0.977972806 0.009358575 -0.208522215 -0.228999704 -0.011382369 0.999898970 -0.008507581 -0.018499101 0.208421543 0.010693661 0.977980673 1.135141373
0.971269488 0.010434055 -0.237753406 -0.473326236 -0.012895884 0.999878049 -0.008801535 -0.031779788 0.237632602 0.011614702 0.971285701 1.915891886
0.962980628 0.012452217 -0.269282699 -0.520838320 -0.015193332 0.999851704 -0.008097482 -0.035229746 0.269142032 0.011889019 0.963027060 2.035951853
0.953440487 0.014165371 -0.301248610 -0.587268949 -0.016983857 0.999833047 -0.006738918 -0.039974332 0.301102817 0.011541522 0.953521907 2.176313162
0.942464232 0.016302675 -0.333909124 -0.748694241 -0.019445805 0.999792457 -0.006072569 -0.040237814 0.333740860 0.012216311 0.942585707 2.476994276
0.929945827 0.018676881 -0.367221802 -0.857655883 -0.022281939 0.999736071 -0.005579865 -0.043042406 0.367020667 0.013371387 0.930116653 2.661172390
0.916156471 0.021180166 -0.400260866 -0.956860304 -0.025212202 0.999670386 -0.004809693 -0.042926647 0.400027126 0.014497887 0.916388690 2.808033228
0.900103271 0.022403335 -0.435100257 -1.074987292 -0.026808633 0.999632537 -0.003988584 -0.045426749 0.434850961 0.015254575 0.900373280 2.983931780
0.881694853 0.017879993 -0.471480906 -1.215531588 -0.022755669 0.999730229 -0.004641525 -0.044631287 0.471270621 0.014821270 0.881864071 3.185360909
0.860492349 0.012831115 -0.509301484 -1.343960762 -0.017829992 0.999828756 -0.004935483 -0.048540358 0.509150982 0.013327783 0.860573947 3.355602980
0.835951388 0.014706461 -0.548606455 -1.525778174 -0.018643305 0.999824882 -0.001605911 -0.054080904 0.548486769 0.011570304 0.836079121 3.552510977
0.806934059 0.020529721 -0.590284586 -1.721928835 -0.023745924 0.999715328 0.002308176 -0.057779115 0.590163946 0.012154307 0.807191908 3.736037254
0.774532557 0.023563534 -0.632095098 -1.928014874 -0.027105413 0.999624312 0.004051073 -0.059597641 0.631953180 0.013995508 0.774880171 3.912942410
0.738628149 0.023333004 -0.673709095 -2.130910158 -0.026751904 0.999628067 0.005291030 -0.065807134 0.673581898 0.014114897 0.738977730 4.069239140
0.698876858 0.018951844 -0.714990854 -2.351954460 -0.020717388 0.999765813 0.006249731 -0.063298382 0.714941800 0.010444949 0.699105918 4.238448143
0.656214595 0.015031862 -0.754424572 -2.593515873 -0.015378035 0.999860346 0.006546012 -0.058462609 0.754417658 0.007305980 0.656354010 4.402897358
0.611638486 0.014577660 -0.791002929 -2.854250908 -0.012731018 0.999882162 0.008582975 -0.057706125 0.791034818 0.004820595 0.611751974 4.549893856
0.563381433 0.015185214 -0.826057315 -3.137929678 -0.010219815 0.999882758 0.011410560 -0.057465840 0.826133728 0.002013657 0.563470483 4.695959091
0.511386693 0.016942380 -0.859183609 -3.273189783 -0.009985462 0.999855280 0.013772951 -0.045709677 0.859292746 0.001536042 0.511481762 4.592889309
0.459115297 0.018245108 -0.888189256 -3.601175547 -0.009003567 0.999833345 0.015884439 -0.040242396 0.888331056 0.000704083 0.459203005 4.705415726
0.404162198 0.020520382 -0.914457142 -3.905618191 -0.007451717 0.999789000 0.019141790 -0.037878625 0.914656997 -0.000922113 0.404229820 4.798542500
0.348376632 0.022164928 -0.937092543 -4.279811382 -0.007263933 0.999754250 0.020946587 -0.028162077 0.937326491 -0.000490324 0.348452002 4.894195080
0.293538123 0.025904469 -0.955596387 -4.637878895 -0.004895772 0.999660432 0.025595091 -0.032520771 0.955934882 -0.002834754 0.293565243 4.957929134
0.239259601 0.027871799 -0.970555604 -5.060832024 -0.000442428 0.999590933 0.028596554 -0.030414492 0.970955551 -0.006412599 0.239174053 5.033173561
0.188512385 0.028041486 -0.981670499 -5.435851097 0.002107401 0.999578416 0.028957721 -0.022517875 0.982068539 -0.007527660 0.188373819 5.066527843
0.140490562 0.029358080 -0.989646673 -5.909533978 0.000785409 0.999556661 0.029763559 -0.019315377 0.990081668 -0.004958777 0.140405267 5.096470833
0.098415792 0.029474551 -0.994708717 -6.306816101 -0.001184583 0.999564052 0.029501216 -0.005999774 0.995144606 -0.001725069 0.098407812 5.093000412
0.060068976 0.028000500 -0.997801483 -6.818374634 -0.001923396 0.999607921 0.027935401 0.006816819 0.998192310 0.000241116 0.060099285 5.093719006
0.025807802 0.025176151 -0.999349892 -7.250422955 -0.001264269 0.999682784 0.025151893 0.015783533 0.999666154 0.000614332 0.025831444 5.077788353
-0.005483555 0.022247666 -0.999737382 -7.745395184 -0.000561292 0.999752223 0.022251073 0.023813546 0.999984741 0.000683160 -0.005469710 5.050347805
-0.032154668 0.020474898 -0.999273241 -8.256814957 -0.001152957 0.999788702 0.020522557 0.029664725 0.999482214 0.001812016 -0.032124273 5.015241146
-0.053004578 0.017860640 -0.998434544 -8.784079552 -0.001950844 0.999836266 0.017989283 0.044585742 0.998592496 0.002901305 -0.052961044 4.968587875
-0.069405526 0.017083379 -0.997442305 -9.362077713 -0.001458897 0.999850571 0.017226141 0.055284269 0.997587502 0.002650755 -0.069370240 4.912637234
-0.082171813 0.017557049 -0.996463537 -9.889933586 -0.000129143 0.999844730 0.017627269 0.064517930 0.996618152 0.001577151 -0.082156800 4.858930588
-0.091705777 0.018920446 -0.995606363 -10.515704155 -0.001076244 0.999817073 0.019099593 0.062810466 0.995785594 0.002823058 -0.091668621 4.790549278
-0.098580226 0.019848360 -0.994931161 -11.043589592 -0.003239096 0.999789357 0.020266218 0.071727782 0.995123804 0.005220526 -0.098495156 4.733194351
-0.103049941 0.020913215 -0.994456291 -11.644553185 -0.002734305 0.999769211 0.021308284 0.077266037 0.994672418 0.004914964 -0.102968961 4.666020393
-0.104372539 0.021654457 -0.994302511 -12.310945511 -0.001114415 0.999759734 0.021890288 0.086974069 0.994537652 0.003392811 -0.104323335 4.594355583
-0.103430979 0.023703037 -0.994354129 -12.902345657 0.001405819 0.999718487 0.023684680 0.100167572 0.994635642 0.001051847 -0.103435174 4.535617828
-0.101834446 0.026079128 -0.994459450 -13.603172302 0.000665564 0.999657810 0.026147299 0.107963324 0.994801164 0.002000819 -0.101816967 4.461261272
-0.100122675 0.026059119 -0.994633794 -14.220561981 -0.001511989 0.999651849 0.026342792 0.116311982 0.994973958 0.004141386 -0.100048408 4.395591259
-0.098034590 0.023328865 -0.994909525 -14.932683945 -0.003391316 0.999711633 0.023775632 0.128754660 0.995177150 0.005704887 -0.097927198 4.316472054
-0.097422414 0.023420034 -0.994967461 -15.599209785 -0.003352827 0.999709606 0.023859954 0.139747754 0.995237410 0.005660448 -0.097315639 4.259461880
-0.095291682 0.026250321 -0.995103180 -16.344017029 -0.003043348 0.999639928 0.026661430 0.153900743 0.995444775 0.005569058 -0.095177487 4.183690071
-0.094123662 0.029563952 -0.995121479 -17.034887314 -0.003927816 0.999540091 0.030066743 0.167046487 0.995552778 0.006738645 -0.093964256 4.130829811
-0.091836356 0.031853046 -0.995264530 -17.832759857 -0.004420050 0.999465346 0.032395341 0.177246362 0.995764315 0.007374189 -0.091646463 4.039588928
-0.090583757 0.031010572 -0.995405912 -18.529752731 -0.006364634 0.999476552 0.031716585 0.189978033 0.995868444 0.009208401 -0.090338983 3.988628149
-0.089172572 0.028153112 -0.995618224 -19.327150345 -0.008726213 0.999539912 0.029045574 0.206453681 0.995977998 0.011278044 -0.088885896 3.922195435
-0.087402679 0.027285116 -0.995799303 -20.073997498 -0.009599420 0.999555349 0.028230585 0.222992957 0.996126771 0.012026525 -0.087101892 3.847129345
-0.086813375 0.029387370 -0.995791018 -20.895412445 -0.006468338 0.999527156 0.030061541 0.240190476 0.996203542 0.009050859 -0.086582236 3.791818857
-0.084881373 0.031872287 -0.995881140 -21.644144058 -0.004210313 0.999467790 0.032345928 0.252439857 0.996382177 0.006938539 -0.084702007 3.717885494
-0.083838992 0.033512082 -0.995915651 -22.472148895 -0.003544258 0.999418020 0.033928290 0.269615382 0.996472955 0.006374298 -0.083671428 3.652233601
-0.083058402 0.028909139 -0.996125281 -23.243009567 -0.003413001 0.999565005 0.029293546 0.280583769 0.996538877 0.005832851 -0.082923613 3.585538387
-0.082587525 0.022021499 -0.996340513 -24.069643021 -0.002040750 0.999749959 0.022266017 0.289070845 0.996581793 0.003872178 -0.082521960 3.509170532
-0.083069801 0.017315244 -0.996393263 -24.862747192 0.001395555 0.999850094 0.017258964 0.305052817 0.996542752 0.000043178 -0.083081491 3.457581758
-0.084114142 0.017790932 -0.996297240 -25.701871872 0.002491197 0.999841332 0.017643886 0.319834024 0.996453047 -0.000997872 -0.084145099 3.396572351
-0.083737895 0.025737790 -0.996155441 -26.533250809 0.001991102 0.999668717 0.025661193 0.320615828 0.996485949 0.000165367 -0.083761394 3.317282438
-0.083972797 0.032513134 -0.995937645 -27.387937546 0.000825259 0.999469519 0.032558858 0.335950136 0.996467769 0.001912151 -0.083955079 3.233536243
-0.084498256 0.038030483 -0.995697618 -28.207956314 -0.001181736 0.999266863 0.038267095 0.345784485 0.996422887 0.004410156 -0.084391370 3.167577744
-0.084592737 0.038541891 -0.995670021 -29.057214737 -0.002578096 0.999239802 0.038899112 0.360056221 0.996412277 0.005857516 -0.084429063 3.082548857
-0.085047759 0.034953162 -0.995763659 -29.875991821 -0.002850414 0.999371886 0.035323270 0.373884201 0.996372759 0.005842504 -0.084894709 3.014611959
-0.085339881 0.032346122 -0.995826781 -30.717056274 -0.002800866 0.999461174 0.032704197 0.389914930 0.996347904 0.005580150 -0.085203297 2.932750940
-0.085666850 0.033471424 -0.995761514 -31.549936295 -0.004490619 0.999412417 0.033980478 0.405172348 0.996313691 0.007382585 -0.085466199 2.864033699
-0.085343324 0.036075044 -0.995698392 -32.393802643 -0.006397592 0.999303877 0.036754027 0.410384119 0.996331036 0.009506780 -0.085053124 2.780325174
-0.085730486 0.034750856 -0.995712161 -33.206485748 -0.006232080 0.999353230 0.035414517 0.420992494 0.996298909 0.009241463 -0.085458480 2.722254276
-0.085083455 0.029402323 -0.995939910 -34.042152405 -0.007909526 0.999513030 0.030183528 0.434620321 0.996342480 0.010445533 -0.084809460 2.639441729
-0.085330836 0.024953024 -0.996040225 -34.857799530 -0.008498299 0.999631763 0.025771050 0.454669118 0.996316433 0.010663711 -0.085087359 2.577686787
-0.084917776 0.025929157 -0.996050596 -35.687576294 -0.008271429 0.999608576 0.026726952 0.460790515 0.996353567 0.010508355 -0.084670067 2.499028444
-0.084506266 0.028302608 -0.996020913 -36.521259308 -0.006860496 0.999556303 0.028985145 0.469756424 0.996399343 0.009282620 -0.084274605 2.440956593
-0.084258653 0.032936424 -0.995899439 -37.348762512 -0.005940721 0.999419332 0.033555448 0.487149596 0.996426165 0.008743696 -0.084014043 2.371180296
-0.083495311 0.038864464 -0.995750010 -38.179153442 -0.005823656 0.999203026 0.039487567 0.495606005 0.996491194 0.009095934 -0.083202459 2.303305149
-0.084039256 0.041726042 -0.995588422 -39.003314972 -0.005582674 0.999087453 0.042343933 0.517880797 0.996446908 0.009116599 -0.083729632 2.233679056
-0.083516799 0.041566484 -0.995639086 -39.816299438 -0.005411541 0.999095976 0.042164743 0.540009379 0.996491730 0.008909406 -0.083216362 2.159697771
-0.083632715 0.037336443 -0.995796978 -40.653137207 -0.005227302 0.999267578 0.037905592 0.554553926 0.996482909 0.008375479 -0.083376303 2.094587326
-0.082759388 0.032569304 -0.996037304 -41.473270416 -0.006549972 0.999426365 0.033224367 0.575946510 0.996548057 0.009273642 -0.082498595 2.007245064
-0.083114579 0.030716687 -0.996066511 -42.291416168 -0.010270748 0.999445319 0.031677917 0.576694846 0.996487081 0.012863248 -0.082752988 1.944512606
-0.083901837 0.028482815 -0.996066868 -43.117870331 -0.013284104 0.999470592 0.029699115 0.597005427 0.996385515 0.015723666 -0.083479054 1.870948076
-0.084571734 0.025977932 -0.996078670 -43.937042236 -0.011311549 0.999570549 0.027029406 0.616559923 0.996353149 0.013553116 -0.084241554 1.799492598
-0.085838258 0.023027655 -0.996042848 -44.729476929 -0.008048908 0.999684155 0.023805484 0.610992432 0.996276617 0.010060479 -0.085625820 1.737330914
-0.086581536 0.021571239 -0.996011138 -45.550949097 -0.003563385 0.999752402 0.021962028 0.621448576 0.996238410 0.005450677 -0.086483248 1.664010286
-0.088402987 0.025277771 -0.995764017 -46.345409393 -0.003277976 0.999665201 0.025667820 0.623773932 0.996079326 0.005533203 -0.088290535 1.594767570
-0.090223022 0.031607497 -0.995419860 -47.170139313 -0.000767252 0.999493837 0.031806394 0.629679739 0.995921254 0.003633408 -0.090153098 1.517418861
-0.092262305 0.035243388 -0.995110869 -47.966594696 0.001088341 0.999376416 0.035293553 0.642600536 0.995734155 0.002173242 -0.092243120 1.451639175
-0.093540005 0.034520157 -0.995016873 -48.774623871 0.001499828 0.999402463 0.034531303 0.649768353 0.995614409 0.001737705 -0.093535878 1.370237827
-0.094917573 0.030219639 -0.995026231 -49.548034668 -0.002136074 0.999530613 0.030560203 0.663930833 0.995482802 0.005026146 -0.094808482 1.293260098
-0.096068196 0.026460512 -0.995022953 -50.344821930 -0.006733688 0.999606371 0.027232524 0.673884630 0.995351970 0.009316351 -0.095852219 1.200382710
-0.097390451 0.025251279 -0.994925976 -51.115261078 -0.011124850 0.999588013 0.026458587 0.680941403 0.995184064 0.013645218 -0.097069412 1.118836880
-0.098455369 0.026195809 -0.994796574 -51.907081604 -0.012308967 0.999544919 0.027539071 0.688622475 0.995065331 0.014956287 -0.098088108 1.029850960
-0.098818801 0.027944492 -0.994712949 -52.702919006 -0.013240097 0.999480247 0.029393738 0.691803455 0.995017231 0.016074749 -0.098397471 0.934398174
-0.100470327 0.027344821 -0.994564235 -53.452529907 -0.014114253 0.999482512 0.028905857 0.701761425 0.994839907 0.016941713 -0.100032374 0.872679710
-0.101176955 0.027038084 -0.994500995 -54.225528717 -0.014819297 0.999478757 0.028681075 0.714400589 0.994758129 0.017639669 -0.100723535 0.783257484
-0.101936422 0.029156383 -0.994363487 -54.975135803 -0.012895913 0.999447763 0.030627467 0.716513097 0.994707286 0.015945280 -0.101504117 0.721117496
-0.102472350 0.031765874 -0.994228482 -55.762622833 -0.011808977 0.999380648 0.033147603 0.729890227 0.994665802 0.015137533 -0.102033764 0.639865875
-0.103036046 0.035952583 -0.994027674 -56.483123779 -0.011752559 0.999232829 0.037359070 0.741795301 0.994608223 0.015531695 -0.102534473 0.574675560
-0.103408687 0.038289361 -0.993901670 -57.236354828 -0.011889578 0.999139845 0.039728187 0.749846578 0.994568050 0.015925312 -0.102864482 0.484959126
-0.104512990 0.037854802 -0.993802845 -58.005977631 -0.011112810 0.999168515 0.039227862 0.768584132 0.994461536 0.015143764 -0.104005396 0.409903526
-0.104775250 0.035704531 -0.993854761 -58.676525116 -0.010716054 0.999256790 0.037028316 0.783996105 0.994438112 0.014529854 -0.104314774 0.350221157
-0.104855843 0.032679968 -0.993950307 -59.408359528 -0.010368738 0.999369681 0.033951990 0.786966801 0.994433284 0.013866077 -0.104450904 0.263320446
-0.105201975 0.029594652 -0.994010448 -60.123271942 -0.011026544 0.999460995 0.030923929 0.803472161 0.994389713 0.014213756 -0.104818940 0.197436810
-0.104056180 0.026948933 -0.994206190 -60.839038849 -0.011636089 0.999531388 0.028311137 0.816015065 0.994503319 0.014514623 -0.103693843 0.117953300
-0.102477200 0.026275145 -0.994388282 -61.426101685 -0.013821894 0.999516964 0.027835084 0.815888047 0.994639337 0.016596790 -0.102064528 0.080770493
-0.098454453 0.027535206 -0.994760633 -62.097774506 -0.013976716 0.999480188 0.029049167 0.816548824 0.995043457 0.016763503 -0.098018430 0.012989044
-0.092500098 0.029012887 -0.995289922 -62.768234253 -0.013468903 0.999447584 0.030385852 0.826251030 0.995621622 0.016216155 -0.092058197 -0.050201893
-0.085423365 0.030779101 -0.995869279 -63.389144897 -0.012741510 0.999407291 0.031981386 0.823710561 0.996263266 0.015420839 -0.084980562 -0.107431889
-0.077720076 0.032053892 -0.996459723 -63.952617645 -0.013346487 0.999359965 0.033188157 0.824346900 0.996885777 0.015878631 -0.077242531 -0.111196995
-0.065978467 0.034235232 -0.997233570 -64.562721252 -0.015812665 0.999249756 0.035350636 0.826458931 0.997695684 0.018101297 -0.065387614 -0.150344849
-0.051465187 0.035204690 -0.998053968 -65.156463623 -0.018567031 0.999171913 0.036201540 0.837083220 0.998502195 0.020394014 -0.050768927 -0.179732561
-0.033603091 0.036464214 -0.998769760 -65.742401123 -0.020024760 0.999108970 0.037150320 0.840169668 0.999234617 0.021248491 -0.032842960 -0.179468393
-0.010945559 0.037971895 -0.999218762 -66.288734436 -0.021148754 0.999046326 0.038197007 0.839790583 0.999716341 0.021550318 -0.010132052 -0.195167899
0.012351118 0.037139721 -0.999233723 -66.728172302 -0.020708045 0.999105155 0.036878966 0.875093579 0.999709308 0.020236678 0.013109156 -0.105740428
0.041896161 0.036026631 -0.998472214 -67.246139526 -0.018906230 0.999199331 0.035259549 0.891090155 0.998943090 0.017400095 0.042543743 -0.067597628
0.076360255 0.036250934 -0.996420979 -67.731468201 -0.017933443 0.999227107 0.034978703 0.894390941 0.996918917 0.015198277 0.076951340 -0.018809319
0.114131704 0.036461271 -0.992796302 -68.207527161 -0.017407643 0.999246240 0.034696970 0.902279139 0.993313074 0.013322220 0.114680387 0.062035561
0.155772775 0.037195496 -0.987092376 -68.617317200 -0.017209040 0.999241412 0.034937534 0.891473532 0.987643003 0.011544595 0.156294689 0.121267319
0.198993579 0.037043042 -0.979300380 -68.957969666 -0.015745556 0.999277174 0.034599196 0.908674359 0.979874253 0.008534617 0.199432984 0.261480331
0.246862352 0.035604499 -0.968396246 -69.383201599 -0.013077559 0.999356210 0.033409081 0.917506456 0.968962252 0.004416817 0.247169003 0.414379120
0.298057437 0.030998522 -0.954044521 -69.807388306 -0.005901865 0.999513328 0.030632054 0.919764400 0.954529703 -0.003499467 0.298095286 0.574941635
0.349181682 0.025919821 -0.936696410 -70.190246582 -0.000211990 0.999619544 0.027581979 0.916192174 0.937054873 -0.009432552 0.349054277 0.765182495
0.399799138 0.021392383 -0.916353166 -70.461585999 0.005125163 0.999659836 0.025573269 0.915241420 0.916588604 -0.014920628 0.399553388 0.946218491
0.450874597 0.020906894 -0.892342508 -70.840034485 0.004921345 0.999652267 0.025907693 0.921388030 0.892573774 -0.016072646 0.450614870 1.180942535
0.500287175 0.019886551 -0.865631163 -71.214508057 0.005703761 0.999638855 0.026261637 0.929803133 0.865840793 -0.018075714 0.499993145 1.419803619
0.543962300 0.015617331 -0.838964224 -71.482940674 0.013763394 0.999526203 0.027530015 0.933039069 0.838996768 -0.026522284 0.543489575 1.669851303
0.588706195 0.009497939 -0.808291197 -71.807502747 0.023699369 0.999298453 0.029003449 0.935489774 0.807999611 -0.036230505 0.588068008 1.958663940
0.630751669 0.004198227 -0.775973380 -72.075744629 0.025552474 0.999330699 0.026177036 0.938628078 0.775563896 -0.036339249 0.630222261 2.237945557
0.672676742 -0.000722957 -0.739936173 -72.364120483 0.022552952 0.999554992 0.019526294 0.941834688 0.739592671 -0.029822627 0.672393680 2.534152985
0.713628292 -0.008157102 -0.700477123 -72.653579712 0.019277720 0.999782264 0.007997126 0.952314079 0.700259209 -0.019210577 0.713630140 2.873497009
0.753207982 -0.010039437 -0.657705903 -72.888763428 0.013797650 0.999904692 0.000538266 0.948689163 0.657637775 -0.009480222 0.753274620 3.199989319
0.790832102 -0.011194115 -0.611930907 -73.150703430 0.012038786 0.999923885 -0.002733322 0.950706244 0.611914933 -0.005205305 0.790906549 3.594520569
0.825671554 -0.012036884 -0.564022660 -73.390197754 0.012072485 0.999920428 -0.003666552 0.945752323 0.564021945 -0.003781792 0.825751066 3.992973328
0.857179165 -0.010604192 -0.514909089 -73.621856689 0.008765619 0.999943495 -0.006000839 0.946233749 0.514943719 0.000630300 0.857223749 4.424781799
0.884102941 -0.007973418 -0.467224002 -73.861282349 0.006920317 0.999968112 -0.003970027 0.927461386 0.467240810 0.000276576 0.884130001 4.921369553
0.905962169 -0.002827140 -0.423349261 -74.043388367 0.001598692 0.999993563 -0.003256808 0.927781403 0.423355699 0.002273740 0.905960679 5.369562149
0.924167871 0.001793194 -0.381982416 -74.253112793 -0.003886637 0.999981463 -0.004708971 0.919908345 0.381966919 0.005836506 0.924157619 5.910602570
0.938366294 0.006497908 -0.345581353 -74.430870056 -0.008176932 0.999960661 -0.003400939 0.919209898 0.345545799 0.006017124 0.938382626 6.410055161
0.948828936 0.007020502 -0.315712482 -74.601272583 -0.007872107 0.999967992 -0.001422198 0.909741580 0.315692365 0.003834746 0.948853791 6.964784622
0.956516147 0.006556898 -0.291606009 -74.771545410 -0.006853163 0.999976516 0.000005433 0.902323544 0.291599214 0.001993225 0.956538558 7.569841385
0.962623119 0.006738501 -0.270760804 -74.914566040 -0.006402179 0.999977291 0.002125352 0.897463083 0.270768970 -0.000312453 0.962644339 8.131118774
0.967533171 0.009456884 -0.252567470 -75.082000732 -0.008562078 0.999952734 0.004641698 0.892473161 0.252599388 -0.002328494 0.967568099 8.783676147
0.971367538 0.014194073 -0.237157091 -75.227478027 -0.013106007 0.999895096 0.006163985 0.893558741 0.237219676 -0.002879313 0.971451759 9.377702713
0.974461734 0.017725684 -0.223852634 -75.388336182 -0.016432486 0.999835849 0.007638699 0.887875199 0.223951280 -0.003765165 0.974593043 10.057855606
0.977321923 0.016178453 -0.211140856 -75.511222839 -0.015008708 0.999861896 0.007141597 0.885984063 0.211227268 -0.003810687 0.977429509 10.685433388
0.980158389 0.016291041 -0.197545141 -75.642257690 -0.015229980 0.999860287 0.006889423 0.882783413 0.197629735 -0.003744117 0.980269611 11.360291481
0.982945621 0.016611675 -0.183145642 -75.766494751 -0.015548635 0.999852955 0.007238901 0.883430481 0.183238938 -0.004267782 0.983059168 12.059072495
0.985463381 0.018387143 -0.168889776 -75.892456055 -0.017348865 0.999820471 0.007621351 0.882053018 0.168999568 -0.004580518 0.985605478 12.775264740
0.987532735 0.018743498 -0.156294197 -76.004882812 -0.018198015 0.999822319 0.004920417 0.872812688 0.156358615 -0.002014827 0.987698317 13.496070862
0.989151835 0.019622829 -0.145580322 -76.116714478 -0.019880418 0.999802291 -0.000314610 0.861894488 0.145545349 0.003205395 0.989346385 14.276923180
0.990575314 0.017373784 -0.135862842 -76.212646484 -0.018430039 0.999808908 -0.006520396 0.857431352 0.135723606 0.008962901 0.990706205 14.974222183
0.991508365 0.016566819 -0.128984034 -76.297416687 -0.017568352 0.999823630 -0.006630805 0.850993574 0.128851458 0.008840533 0.991624534 15.786998749
0.992444813 0.019177375 -0.121183485 -76.406074524 -0.019405054 0.999811411 -0.000698839 0.842466295 0.121147245 0.003045131 0.992629886 16.508186340
0.992955744 0.023874443 -0.116054624 -76.507270813 -0.023168067 0.999703944 0.007431904 0.828836679 0.116197705 -0.004690793 0.993214965 17.290294647
0.993377090 0.024622913 -0.112229459 -76.597900391 -0.023567252 0.999664724 0.010723453 0.824094653 0.112455882 -0.008007496 0.993624449 18.112464905
0.993843257 0.023818761 -0.108204648 -76.685516357 -0.022838743 0.999686182 0.010287504 0.809860110 0.108415768 -0.007752907 0.994075418 18.827617645
0.994134605 0.023283595 -0.105613068 -76.764251709 -0.022382908 0.999702215 0.009705637 0.799545050 0.105807625 -0.007284782 0.994359910 19.642570496
0.994466662 0.022490103 -0.102616943 -76.845123291 -0.021410776 0.999703348 0.011607527 0.795549572 0.102847554 -0.009346192 0.994653165 20.368091583
0.994773328 0.020274820 -0.100075372 -76.934570312 -0.019033063 0.999729812 0.013347520 0.799934030 0.100318953 -0.011373017 0.994890273 21.194841385
0.995092869 0.018092232 -0.097277001 -76.992118835 -0.016659446 0.999740779 0.015521134 0.790432453 0.097532593 -0.013824389 0.995136321 21.909446716
0.995379984 0.017172158 -0.094465725 -77.076751709 -0.016168887 0.999804616 0.011375699 0.789233744 0.094642609 -0.009795737 0.995463133 22.711957932
0.995455861 0.019872257 -0.093126766 -77.143066406 -0.019525180 0.999798596 0.004636665 0.777347445 0.093200147 -0.002797279 0.995643437 23.430013657
0.995614767 0.020690139 -0.091230847 -77.227523804 -0.021048523 0.999774039 -0.002967843 0.763545156 0.091148831 0.004875101 0.995825350 24.234418869
0.995688915 0.020940095 -0.090361044 -77.289062500 -0.021660784 0.999740839 -0.007002248 0.755178452 0.090191007 0.008929349 0.995884418 24.947820663
0.995863914 0.022395413 -0.088053383 -77.368492126 -0.022964662 0.999721408 -0.005456982 0.740067363 0.087906621 0.007456527 0.996100843 25.758342743
0.995998442 0.025509508 -0.085651480 -77.436889648 -0.025719535 0.999668300 -0.001349281 0.722594976 0.085588627 0.003546794 0.996324301 26.470331192
0.996107876 0.029058523 -0.083213925 -77.514953613 -0.028839398 0.999576747 0.003834282 0.705944061 0.083290108 -0.001419519 0.996524334 27.279180527
0.996353030 0.026844272 -0.080993868 -77.570442200 -0.026492473 0.999634266 0.005415278 0.700792074 0.081109606 -0.003249799 0.996699870 27.992439270
0.996537089 0.024064263 -0.079590529 -77.638496399 -0.023708034 0.999704242 0.005417853 0.686481476 0.079697363 -0.003512156 0.996812880 28.785375595
0.996679366 0.021963574 -0.078408934 -77.695182800 -0.021607846 0.999752045 0.005382447 0.677801490 0.078507729 -0.003670327 0.996906757 29.507253647
0.996715724 0.021019489 -0.078203753 -77.750976562 -0.020789681 0.999776840 0.003751670 0.667422771 0.078265160 -0.002113520 0.996930301 30.307163239
0.996841431 0.019533012 -0.076977789 -77.807235718 -0.019424219 0.999808908 0.002161910 0.661958218 0.077005312 -0.000659848 0.997030437 31.009553909
0.996904433 0.018639080 -0.076380320 -77.868736267 -0.018515006 0.999825776 0.002332301 0.651884437 0.076410487 -0.000910899 0.997076035 31.819240570
0.996912003 0.021991501 -0.075384371 -77.931198120 -0.021799842 0.999756634 0.003364466 0.644741774 0.075440019 -0.001710710 0.997148871 32.542854309
0.996926606 0.021291226 -0.075392596 -77.997497559 -0.021182509 0.999773026 0.002241493 0.636969447 0.075423211 -0.000637601 0.997151434 33.357894897
0.996796131 0.021335829 -0.077085197 -78.053871155 -0.021224974 0.999772310 0.002257199 0.627963126 0.077115789 -0.000613837 0.997021914 34.092445374
0.996690392 0.018725917 -0.079104558 -78.127281189 -0.018575208 0.999824047 0.002640596 0.618843198 0.079140089 -0.001162473 0.996862769 34.941650391
0.996409237 0.021037728 -0.082011625 -78.191024780 -0.020886496 0.999778211 0.002701572 0.607856035 0.082050279 -0.000978937 0.996627629 35.668910980
0.996058702 0.024682185 -0.085192651 -78.266479492 -0.024570491 0.999695301 0.002359501 0.598300219 0.085224941 -0.000256977 0.996361613 36.487819672
0.995838940 0.024544949 -0.087763354 -78.339645386 -0.024859849 0.999687791 -0.002496708 0.588538289 0.087674677 0.004668104 0.996138215 37.249534607
0.995550156 0.025347494 -0.090759143 -78.418846130 -0.025972867 0.999646366 -0.005715878 0.573965490 0.090582155 0.008047720 0.995856524 38.074348450
0.995446503 0.024138492 -0.092215098 -78.498474121 -0.024964808 0.999657750 -0.007817640 0.570874751 0.091994837 0.010084175 0.995708346 38.854450226
0.995226562 0.024925837 -0.094355039 -78.585075378 -0.025619825 0.999652863 -0.006150675 0.551206231 0.094168968 0.008538676 0.995519578 39.700477600
0.995103419 0.023122584 -0.096096918 -78.677955627 -0.023751277 0.999703348 -0.005403398 0.532963157 0.095943466 0.007659364 0.995357335 40.536319733
0.994897485 0.022474885 -0.098355427 -78.745903015 -0.022974536 0.999728203 -0.003950301 0.526304007 0.098239936 0.006189818 0.995143473 41.315589905
0.994777381 0.021809107 -0.099711150 -78.832489014 -0.021948813 0.999759018 -0.000304129 0.509859562 0.099680498 0.002491083 0.995016396 42.185680389
0.994678199 0.021396693 -0.100784004 -78.915985107 -0.021056674 0.999768376 0.004436476 0.504622400 0.100855574 -0.002290690 0.994898438 43.011482239
0.994763255 0.021477459 -0.099923365 -79.006538391 -0.020891884 0.999757886 0.006903110 0.491959155 0.100047432 -0.004779374 0.994971216 43.884498596
0.994875848 0.024524365 -0.098084882 -79.095321655 -0.023968648 0.999689341 0.006840046 0.487746477 0.098222159 -0.004454033 0.995154560 44.714725494
0.995059848 0.024157368 -0.096292883 -79.182159424 -0.023756554 0.999703705 0.005306881 0.482047111 0.096392550 -0.002993078 0.995338917 45.588779449
0.995239556 0.022097550 -0.094919965 -79.260955811 -0.021926099 0.999755502 0.002849078 0.476582766 0.094959714 -0.000754291 0.995480776 46.433319092
0.995482802 0.018072292 -0.093206264 -79.343460083 -0.018023763 0.999836683 0.001362552 0.463033289 0.093215667 0.000323531 0.995645821 47.320873260
0.995659351 0.016897967 -0.091525190 -79.418663025 -0.016875787 0.999857068 0.001016271 0.455132753 0.091529272 0.000532701 0.995802224 48.169567108
0.995813966 0.014918729 -0.090177640 -79.509017944 -0.014679137 0.999886632 0.003319558 0.448832393 0.090216950 -0.001981933 0.995920122 49.067417145
0.995871782 0.012004416 -0.089972988 -79.569427490 -0.011520642 0.999916255 0.005894282 0.436554193 0.090036213 -0.004833403 0.995926678 49.921813965
0.995990634 0.011355123 -0.088733800 -79.668518066 -0.010858737 0.999922514 0.006074826 0.421972036 0.088795923 -0.005086933 0.996036828 50.803676605
0.995996237 0.013204941 -0.088414133 -79.720901489 -0.013024423 0.999911726 0.002618336 0.416626096 0.088440910 -0.001456310 0.996080279 51.653564453
0.996033490 0.015529648 -0.087613575 -79.812179565 -0.015907312 0.999866903 -0.003613976 0.408952892 0.087545797 0.004993337 0.996147871 52.526435852
0.996092439 0.017308686 -0.086603813 -79.892189026 -0.018153341 0.999794900 -0.008975009 0.389435470 0.086430706 0.010512085 0.996202409 53.371212006
0.996033370 0.021430429 -0.086360984 -79.959999084 -0.022755615 0.999637425 -0.014389541 0.364321530 0.086021304 0.016297655 0.996160030 54.203098297
0.996069193 0.021433605 -0.085945949 -80.035499573 -0.022805817 0.999627113 -0.015015955 0.338413894 0.085592061 0.016916996 0.996186733 55.067825317
0.996229708 0.018626317 -0.084730752 -80.119903564 -0.019485597 0.999766588 -0.009325504 0.324775159 0.084537283 0.010941373 0.996360362 55.921348572
0.996107638 0.017882565 -0.086311616 -80.176109314 -0.018018646 0.999837339 -0.000797775 0.305559456 0.086283304 0.002349888 0.996267974 56.767986298
0.996055067 0.017497528 -0.086994223 -80.258293152 -0.016910752 0.999829054 0.007477435 0.279262185 0.087110177 -0.005976801 0.996180832 57.629638672
0.995818257 0.014602019 -0.090181381 -80.323440552 -0.014224872 0.999887228 0.004823404 0.276121974 0.090241641 -0.003520416 0.995913684 58.451805115
0.995688915 0.010040463 -0.092210926 -80.394470215 -0.009979835 0.999949574 0.001118560 0.263924718 0.092217527 -0.000193487 0.995738864 59.277587891
0.995421290 0.008438127 -0.095211707 -80.470771790 -0.008481801 0.999964058 -0.000053983 0.244389266 0.095207840 0.000861302 0.995457113 60.117496490
0.995151162 0.010346113 -0.097811520 -80.554779053 -0.010637881 0.999940395 -0.002461900 0.230806336 0.097780213 0.003490470 0.995201826 60.919784546
0.994788349 0.012408568 -0.101203389 -80.646591187 -0.013080673 0.999896586 -0.005980202 0.217621267 0.101118706 0.007272843 0.994847715 61.733066559
0.994358957 0.012318496 -0.105348274 -80.729705811 -0.013394616 0.999864936 -0.009513387 0.197622001 0.105216868 0.010870823 0.994389832 62.545394897
0.993976772 0.013917993 -0.108702347 -80.821594238 -0.015423870 0.999796152 -0.013024686 0.170978189 0.108498909 0.014622848 0.993988991 63.351863861
0.993515790 0.018968573 -0.112101875 -80.916870117 -0.020601671 0.999697506 -0.013427424 0.152202487 0.111813284 0.015649840 0.993606031 64.155700684
0.993003249 0.022472970 -0.115929082 -81.018714905 -0.023998873 0.999642432 -0.011783197 0.130178571 0.115622841 0.014482919 0.993187666 64.966827393
0.992446721 0.025533713 -0.119989887 -81.118919373 -0.026416728 0.999634385 -0.005773999 0.108834475 0.119798571 0.008900126 0.992758274 65.767456055
0.991962254 0.025546882 -0.123928502 -81.223693848 -0.025802942 0.999666989 -0.000461302 0.092915654 0.123875439 0.003655313 0.992291033 66.580741882
0.991265714 0.024744293 -0.129539117 -81.317131042 -0.024524087 0.999693811 0.003295074 0.077874720 0.129581004 -0.000089465 0.991568804 67.369041443
0.990438461 0.025002858 -0.135670856 -81.430053711 -0.024677821 0.999687135 0.004077318 0.070040524 0.135730386 -0.000690270 0.990745604 68.164367676
0.989604592 0.022095198 -0.142107457 -81.533531189 -0.021188606 0.999744475 0.007889856 0.056157887 0.142245412 -0.004796780 0.989819765 68.931716919
0.988598406 0.023697443 -0.148699909 -81.652008057 -0.022827134 0.999710917 0.007556972 0.047575831 0.148835987 -0.004076417 0.988853514 69.703552246
0.987540662 0.028022468 -0.154848978 -81.779022217 -0.027346572 0.999604940 0.006493729 0.039497137 0.154969767 -0.002178231 0.987916827 70.450996399
0.986579180 0.029662076 -0.160566837 -81.913780212 -0.029546514 0.999558568 0.003107801 0.028044581 0.160588160 0.001678100 0.987020135 71.196350098
0.985531330 0.028291209 -0.167115256 -82.037292480 -0.028736331 0.999586999 -0.000245455 0.023481248 0.167039290 0.005044183 0.985937297 71.949829102
0.984548867 0.028417239 -0.172788724 -82.169944763 -0.029063636 0.999576807 -0.001211600 0.009676822 0.172681153 0.006214747 0.984958112 72.699737549
0.983621180 0.031790681 -0.177422315 -82.310424805 -0.031695917 0.999491870 0.003369073 0.006041616 0.177439272 0.002309671 0.984129012 73.462310791
0.982433200 0.033063661 -0.183662087 -82.455833435 -0.032280277 0.999452531 0.007254294 -0.005536318 0.183801413 -0.001198196 0.982962668 74.214447021
0.981302917 0.031341922 -0.189900801 -82.600433350 -0.030045077 0.999501526 0.009704935 -0.013321638 0.190110296 -0.003817898 0.981755316 74.954734802
0.979878068 0.028740345 -0.197517604 -82.742233276 -0.028195463 0.999586880 0.005570940 -0.015231550 0.197596088 0.000110258 0.980283558 75.695922852
0.978197217 0.026216133 -0.206016719 -82.896568298 -0.027155148 0.999629676 -0.001731233 -0.020865053 0.205895066 0.007287903 0.978546917 76.409919739
0.976279676 0.023875369 -0.215192378 -83.062133789 -0.025158253 0.999678254 -0.003224144 -0.036897182 0.215046167 0.008561532 0.976566374 77.137634277
0.973821223 0.023179680 -0.226130605 -83.220085144 -0.023918567 0.999713659 -0.000527852 -0.049702264 0.226053640 0.005922752 0.974096775 77.854835510
0.971219838 0.022913044 -0.237080246 -83.408386230 -0.022242405 0.999737382 0.005503452 -0.055948496 0.237144083 -0.000071827 0.971474349 78.586654663
0.968146145 0.025356933 -0.249098286 -83.589103699 -0.022774551 0.999652922 0.013243943 -0.061908245 0.249347627 -0.007148972 0.968387663 79.294357300
0.965190291 0.026040280 -0.260249138 -83.793632507 -0.022466207 0.999608159 0.016699046 -0.069412827 0.260582000 -0.010270946 0.965397120 80.008728027
0.961961985 0.029026754 -0.271637052 -83.993614197 -0.026755057 0.999569178 0.012063538 -0.074721456 0.271870196 -0.004336997 0.962324202 80.708908081
0.958597660 0.028934935 -0.283290118 -84.219451904 -0.029333349 0.999565661 0.002836287 -0.078207552 0.283249080 0.005590989 0.959030092 81.406311035
0.954888880 0.026115859 -0.295812935 -84.439941406 -0.027855985 0.999610543 -0.001668896 -0.085508570 0.295654118 0.009833770 0.955244482 82.106048584
0.950821638 0.025084754 -0.308721453 -84.641510010 -0.025585191 0.999669671 0.002427799 -0.076368272 0.308680356 0.005590293 0.951149404 82.811416626
0.946857929 0.026465632 -0.320561349 -84.880500793 -0.024661571 0.999648929 0.009687178 -0.082754254 0.320705235 -0.001266835 0.947178185 83.536834717
0.942768037 0.026289122 -0.332411081 -85.122535706 -0.022644153 0.999633551 0.014834972 -0.085092545 0.332679331 -0.006458769 0.943017900 84.215621948
0.938300729 0.024053583 -0.344982535 -85.389526367 -0.020787245 0.999697387 0.013164745 -0.093114257 0.345194846 -0.005181252 0.938516796 84.923164368
0.933912516 0.021270106 -0.356867999 -85.654846191 -0.019615693 0.999773502 0.008255001 -0.086813986 0.356962830 -0.000709236 0.934118330 85.627006531
0.930792212 0.017548840 -0.365127206 -85.934631348 -0.018148914 0.999833763 0.001788566 -0.104304343 0.365097910 0.004961877 0.930955946 86.310829163
0.927652955 0.013853148 -0.373186499 -86.163528442 -0.016611589 0.999853253 -0.004176648 -0.110421509 0.373073876 0.010073698 0.927746952 86.909805298
0.924661100 0.013714876 -0.380543977 -86.450607300 -0.017387286 0.999829590 -0.006214286 -0.125067890 0.380393833 0.012362734 0.924742043 87.610458374
0.921304226 0.018537687 -0.388400406 -86.729064941 -0.022689939 0.999723911 -0.006106522 -0.137746155 0.388179988 0.014438746 0.921470404 88.247566223
0.917870581 0.018326728 -0.396456420 -87.028839111 -0.021687523 0.999756753 -0.003995571 -0.150404096 0.396286786 0.012265576 0.918044746 88.942192078
0.914576232 0.019207716 -0.403957188 -87.344390869 -0.019848928 0.999799609 0.002600545 -0.159073323 0.403926194 0.005639722 0.914774239 89.643096924
0.911378801 0.021552585 -0.411003679 -87.653762817 -0.018634209 0.999764740 0.011106192 -0.171114683 0.411146283 -0.002463217 0.911566019 90.338874817
0.908592641 0.031489927 -0.416494757 -87.944145203 -0.026563261 0.999491811 0.017620247 -0.172717333 0.416837901 -0.004946165 0.908967376 90.931892395
0.905774474 0.037418853 -0.422104865 -88.285614014 -0.034522533 0.999298632 0.014505811 -0.177576661 0.422351629 0.001433136 0.906430900 91.621963501
0.903125703 0.034267183 -0.428006947 -88.578109741 -0.034596764 0.999376774 0.007010653 -0.176151454 0.427980512 0.008476154 0.903748155 92.250213623
0.900902510 0.026557053 -0.433208197 -88.899398804 -0.029642014 0.999560475 -0.000367470 -0.184392840 0.433008045 0.013172220 0.901293814 92.932037354
0.899215996 0.026787903 -0.436684012 -89.248718262 -0.030375004 0.999537766 -0.001232403 -0.186472461 0.436449170 0.014372473 0.899614036 93.608818054
0.896586359 0.033181880 -0.441624224 -89.535804749 -0.034944147 0.999380648 0.004145784 -0.197508514 0.441488266 0.011715131 0.897190571 94.225891113
0.893780172 0.035231672 -0.447119355 -89.880584717 -0.035300843 0.999343216 0.008179775 -0.200941801 0.447113872 0.008472773 0.894436896 94.904113770
0.891280651 0.031908400 -0.452328056 -90.234588623 -0.032528855 0.999450207 0.006408011 -0.215246618 0.452283889 0.009002380 0.891828597 95.592079163
0.888954580 0.030024488 -0.457010239 -90.537025452 -0.033844724 0.999427080 -0.000173161 -0.219959855 0.456743181 0.015621318 0.889461398 96.192382812
0.886724114 0.026936132 -0.461513817 -90.902328491 -0.033936318 0.999400258 -0.006873393 -0.226168454 0.461051852 0.021756880 0.887106419 96.862594604
0.884400964 0.027946971 -0.465890527 -91.275863647 -0.035809629 0.999326289 -0.008031763 -0.244012058 0.465352178 0.023786662 0.884805858 97.543746948
0.881801486 0.030518318 -0.470632315 -91.570175171 -0.036776107 0.999315202 -0.004104719 -0.253230214 0.470184714 0.020927569 0.882319927 98.125022888
0.879630566 0.032850415 -0.474521726 -91.951904297 -0.038250316 0.999266684 -0.001727681 -0.272751808 0.474117011 0.019670324 0.880242169 98.805580139
0.877021909 0.033439334 -0.479285330 -92.316345215 -0.038833428 0.999244750 -0.001343005 -0.282235622 0.478878438 0.019790135 0.877658188 99.476043701
0.874590039 0.031596050 -0.483832538 -92.619438171 -0.037305433 0.999301434 -0.002176312 -0.292693675 0.483425856 0.019952960 0.875158012 100.027755737
