0.999144435 0.002209389 -0.041296676 -0.063040234 -0.002350125 0.999991596 -0.003359726 -0.004929997 0.041288901 0.003453904 0.999141276 0.498993546
0.998531997 0.002267400 -0.054117408 -0.095154300 -0.002522290 0.999986053 -0.004642103 -0.000287628 0.054106124 0.004771787 0.998523712 0.622143030
0.997443438 0.001693467 -0.071440570 -0.032542754 -0.002057333 0.999985278 -0.005019999 0.000681204 0.071431011 0.005154141 0.997432172 0.249748066
0.995987296 0.000691961 -0.089492291 -0.141874060 -0.001076318 0.999990404 -0.004246670 -0.007622128 0.089488506 0.004325952 0.995978475 0.910592496
0.993999898 -0.000413626 -0.109381251 -0.177642688 -0.000074425 0.999990106 -0.004457805 -0.009420387 0.109382026 0.004439197 0.993990004 1.070202351
0.991283953 -0.001219651 -0.131736800 -0.183459774 0.000555968 0.999986947 -0.005074612 -0.010525976 0.131741270 0.004957140 0.991271675 1.085373521
0.987838447 0.002444607 -0.155464008 -0.208572894 -0.003473413 0.999973714 -0.006346341 -0.012842388 0.155444458 0.006809152 0.987821043 1.156571507
0.983462691 0.007218738 -0.180966944 -0.341849267 -0.008730982 0.999933243 -0.007561262 -0.026070422 0.180900306 0.009016239 0.983460069 1.574534655
0.978070557 0.009401105 -0.208061144 -0.285793573 -0.011414810 0.999898851 -0.008479888 -0.021823149 0.207960397 0.010668908 0.978079021 1.368477106
0.971275270 0.010041323 -0.237746179 -0.336381942 -0.012361969 0.999889433 -0.008272117 -0.027479135 0.237636805 0.010973517 0.971292078 1.506473780
0.963126540 0.011875741 -0.268786609 -0.419882149 -0.014617356 0.999859512 -0.008200889 -0.030243782 0.268651485 0.011827447 0.963164866 1.712678790
0.953990579 0.014457462 -0.299487859 -0.671316981 -0.017367188 0.999824286 -0.007056086 -0.040234793 0.299333185 0.011932703 0.954073966 2.316525221
0.942706108 0.016548267 -0.333213806 -0.745414734 -0.019567151 0.999792278 -0.005705754 -0.043356925 0.333050221 0.011898891 0.942834258 2.459768295
0.930224001 0.018705560 -0.366515100 -0.876482427 -0.022262890 0.999737144 -0.005480899 -0.043765694 0.366316229 0.013258148 0.930395961 2.684948444
0.916541517 0.021741543 -0.399348140 -0.986592114 -0.025665417 0.999660492 -0.004480442 -0.046719052 0.399115264 0.014355947 0.916788280 2.845556736
0.900483072 0.022598198 -0.434303492 -1.100637317 -0.026945682 0.999629498 -0.003855157 -0.046822101 0.434055418 0.015174109 0.900758326 3.019299507
0.882022202 0.018038778 -0.470862389 -1.223160148 -0.022865532 0.999728262 -0.004532167 -0.045441508 0.470652699 0.014763989 0.882194936 3.196537733
0.860976517 0.013520275 -0.508464992 -1.402574301 -0.018476263 0.999818206 -0.004700048 -0.051806416 0.508309007 0.013441163 0.861069858 3.429863930
0.836236835 0.015453816 -0.548150539 -1.556254148 -0.019265022 0.999813616 -0.001202559 -0.058802873 0.548029900 0.011565758 0.836378813 3.596337318
0.807252944 0.021117708 -0.589827716 -1.750807881 -0.024042586 0.999706686 0.002887402 -0.065291911 0.589715779 0.011850118 0.807523966 3.778557777
0.774967492 0.024059525 -0.631543040 -1.960019469 -0.027498074 0.999612451 0.004338721 -0.063668437 0.631402552 0.014003848 0.775328815 3.955428123
0.739051700 0.023494922 -0.673238814 -2.171336651 -0.026960246 0.999622524 0.005289414 -0.066780992 0.673109055 0.014241535 0.739406049 4.120402813
0.699398756 0.019234207 -0.714472830 -2.402139187 -0.020888280 0.999760926 0.006466822 -0.067083620 0.714426398 0.010401226 0.699633241 4.297369003
0.656849861 0.015521681 -0.753861547 -2.638813496 -0.015585319 0.999853969 0.007006858 -0.064347595 0.753860295 0.007146718 0.656995833 4.455215931
0.612240613 0.015039911 -0.790528476 -2.905044079 -0.013066924 0.999875009 0.008902815 -0.062135987 0.790563524 0.004879110 0.612360597 4.606292725
0.564597189 0.015624211 -0.825218678 -3.190023899 -0.010281580 0.999876320 0.011896636 -0.062146194 0.825302541 0.001767743 0.564688027 4.741882324
0.515148044 0.018039446 -0.856911302 -3.479971170 -0.010965128 0.999835372 0.014456351 -0.051388122 0.857031047 0.001948982 0.515261114 4.822954178
0.462342858 0.019401887 -0.886488855 -3.800486088 -0.009533327 0.999811471 0.016910044 -0.047784612 0.886649907 0.000632952 0.462440699 4.939768791
0.408159554 0.021665702 -0.912653446 -4.136496544 -0.008269087 0.999765038 0.020035544 -0.044312991 0.912873149 -0.000630887 0.408242762 5.034627438
0.353007674 0.023693476 -0.935320377 -4.513396740 -0.007625030 0.999718964 0.022446986 -0.038735986 0.935589373 -0.000792113 0.353089124 5.126813889
0.297737807 0.026870016 -0.954269469 -4.859525204 -0.005242155 0.999634862 0.026511816 -0.036979705 0.954633296 -0.002891140 0.297769904 5.194368839
0.244003132 0.029162260 -0.969335914 -5.283512115 -0.000837325 0.999553680 0.029860582 -0.036695272 0.969774187 -0.006474426 0.243918628 5.267755508
0.193056151 0.029052833 -0.980757535 -5.638040543 0.001732751 0.999549866 0.029950600 -0.028807938 0.981186211 -0.007481556 0.192918912 5.299743176
0.145478979 0.030088816 -0.988903761 -6.110751629 0.000106126 0.999536991 0.030427963 -0.022478536 0.989361405 -0.004531576 0.145408422 5.325265884
0.103191607 0.030352650 -0.994198203 -6.510223389 -0.001966001 0.999538541 0.030311627 -0.007265806 0.994659483 -0.001173311 0.103203669 5.325887680
0.065309048 0.028615050 -0.997454643 -7.023160458 -0.003347158 0.999589443 0.028457133 0.008975402 0.997859478 0.001480129 0.065378025 5.325437546
0.030807020 0.026096927 -0.999184608 -7.439800739 -0.001990747 0.999658763 0.026047928 0.014576480 0.999523520 0.001186665 0.030848455 5.310200691
-0.000649473 0.023256235 -0.999729216 -7.928873539 -0.001195931 0.999728799 0.023257002 0.022163242 0.999999046 0.001210713 -0.000621485 5.287244797
-0.027330628 0.021443516 -0.999396443 -8.437121391 -0.001955164 0.999766827 0.021504937 0.029835597 0.999624550 0.002541727 -0.027282327 5.253447056
-0.048187789 0.018901039 -0.998659432 -8.953427315 -0.002310507 0.999816179 0.019034417 0.043175519 0.998835564 0.003224636 -0.048135266 5.209558964
-0.064385891 0.018116886 -0.997760594 -9.489287376 -0.001922423 0.999831021 0.018278543 0.053565376 0.997923255 0.003094998 -0.064340189 5.158296585
-0.077337936 0.018162563 -0.996839404 -10.092603683 -0.000650916 0.999832869 0.018267607 0.068637818 0.997004747 0.002061638 -0.077313200 5.099125862
-0.086968161 0.019455412 -0.996021032 -10.613019943 -0.001071238 0.999806881 0.019622896 0.072052792 0.996210515 0.002773543 -0.086930528 5.044900894
-0.093679674 0.020930545 -0.995382428 -11.193707466 -0.003509585 0.999765813 0.021353027 0.071386963 0.995596170 0.005493724 -0.093584284 4.980504036
-0.098137803 0.022094088 -0.994927526 -11.789345741 -0.002955209 0.999742568 0.022492513 0.078569993 0.995168447 0.005147585 -0.098047242 4.916005611
-0.099458665 0.022421284 -0.994789004 -12.449913025 -0.000945450 0.999743581 0.022627473 0.093611851 0.995041251 0.003191022 -0.099411950 4.847202301
-0.098457225 0.024885610 -0.994830072 -13.028838158 0.001018345 0.999689400 0.024906375 0.100218922 0.995140672 0.001439134 -0.098451972 4.791007996
-0.096574992 0.027021233 -0.994958818 -13.719764709 0.000224139 0.999632001 0.027126394 0.109204009 0.995325625 0.002396723 -0.096545503 4.718473911
-0.095257416 0.027192190 -0.995081365 -14.338654518 -0.002177884 0.999618709 0.027524669 0.118401706 0.995450318 0.004789100 -0.095161907 4.656395912
-0.093124427 0.024351697 -0.995356619 -15.055868149 -0.004355630 0.999681294 0.024865009 0.132026374 0.995645046 0.006650945 -0.092988685 4.580087662
-0.092504017 0.024480943 -0.995411336 -15.698747635 -0.004268687 0.999678731 0.024982588 0.143663496 0.995703161 0.006560089 -0.092369817 4.527150631
-0.090423770 0.027664665 -0.995519042 -16.445444107 -0.004062106 0.999595523 0.028146913 0.155069083 0.995895028 0.006589054 -0.090274826 4.454874516
-0.088896409 0.030638883 -0.995569527 -17.124492645 -0.004703003 0.999502718 0.031179870 0.173999906 0.996029735 0.007453944 -0.088708103 4.396570683
-0.087068565 0.032942578 -0.995657444 -17.904417038 -0.005058673 0.999425650 0.033509623 0.182852000 0.996189475 0.007954340 -0.086851910 4.321851254
-0.085241713 0.032152995 -0.995841324 -18.601247787 -0.007271811 0.999432445 0.032891396 0.197102487 0.996333718 0.010045290 -0.084959522 4.261263371
-0.083889060 0.029182304 -0.996047676 -19.398059845 -0.009522938 0.999501884 0.030085552 0.215910584 0.996429563 0.012009148 -0.083569385 4.198073864
-0.081935130 0.028449291 -0.996231496 -20.135461807 -0.010522037 0.999512136 0.029408356 0.231338263 0.996582091 0.012891963 -0.081595793 4.124300003
-0.081400275 0.030789275 -0.996205807 -20.951475143 -0.007622510 0.999474227 0.031513128 0.247734517 0.996652305 0.010158766 -0.081122786 4.077393055
-0.079475820 0.033018213 -0.996289790 -21.699285507 -0.005295708 0.999423146 0.033544511 0.262272716 0.996822774 0.007942037 -0.079255104 4.002509117
-0.078380719 0.034930337 -0.996311307 -22.529106140 -0.004684319 0.999361992 0.035405822 0.277575970 0.996912479 0.007442173 -0.078167088 3.942163467
-0.077436291 0.030145064 -0.996541500 -23.294422150 -0.004262035 0.999523640 0.030566458 0.290643781 0.996988177 0.006614248 -0.077270925 3.873192310
-0.077115394 0.023327464 -0.996749222 -24.120698929 -0.003070007 0.999715984 0.023634413 0.299519062 0.997017443 0.004882605 -0.077021874 3.803736448
-0.077405989 0.018562190 -0.996826828 -24.911773682 0.000326620 0.999827087 0.018592697 0.316440016 0.996999621 0.001113602 -0.077398680 3.750138760
-0.078168757 0.019170402 -0.996755838 -25.751670837 0.001322681 0.999816179 0.019125534 0.331590116 0.996939361 0.000176628 -0.078179747 3.691868544
-0.077967428 0.026884882 -0.996593356 -26.580020905 0.000712706 0.999637723 0.026911244 0.334550351 0.996955633 0.001387923 -0.077958331 3.614617109
-0.078044131 0.033951644 -0.996371627 -27.437238693 -0.000852963 0.999417365 0.034122236 0.348467886 0.996949553 0.003512909 -0.077969700 3.533882141
-0.078798160 0.039205380 -0.996119380 -28.259387970 -0.002423844 0.999215841 0.039518997 0.361759782 0.996887684 0.005528461 -0.078641340 3.471204996
-0.078716338 0.039706890 -0.996106029 -29.114515305 -0.003838897 0.999186933 0.040133070 0.375489891 0.996889770 0.006983076 -0.078499906 3.384594917
-0.079229020 0.036192071 -0.996199191 -29.931932449 -0.004164010 0.999319911 0.036636617 0.390601397 0.996847749 0.007050867 -0.079024434 3.322265387
-0.079476155 0.033380847 -0.996277630 -30.777812958 -0.004199352 0.999419034 0.033821099 0.411083281 0.996827960 0.006871690 -0.079289816 3.241155624
-0.079616457 0.034688842 -0.996221781 -31.610780716 -0.005716793 0.999361992 0.035255060 0.425176680 0.996809185 0.008502076 -0.079367355 3.174059391
-0.079301476 0.037241589 -0.996154606 -32.454975128 -0.007361368 0.999252856 0.037943423 0.431872368 0.996823490 0.010342032 -0.078968063 3.096280336
-0.079608351 0.035780169 -0.996183991 -33.273532867 -0.007296691 0.999307871 0.036475483 0.447014570 0.996799588 0.010172597 -0.079292178 3.035843611
-0.078769527 0.030647155 -0.996421695 -34.111621857 -0.009061201 0.999463975 0.031457037 0.460074902 0.996851683 0.011506632 -0.078449599 2.954732180
-0.078918740 0.026120652 -0.996538758 -34.936569214 -0.009381766 0.999592960 0.026943672 0.480946809 0.996836901 0.011475652 -0.078641534 2.892531872
-0.078486450 0.027144870 -0.996545553 -35.770641327 -0.009501321 0.999563515 0.027975390 0.486321568 0.996869802 0.011664187 -0.078194275 2.820205212
-0.078223541 0.029452138 -0.996500850 -36.606403351 -0.008066731 0.999512017 0.030174367 0.497682929 0.996903181 0.010398847 -0.077947803 2.763722420
-0.077925153 0.034104854 -0.996375799 -37.437076569 -0.007084675 0.999370456 0.034761451 0.516736984 0.996933997 0.009767789 -0.077634484 2.697333336
-0.077106439 0.039863031 -0.996225655 -38.272277832 -0.006703749 0.999157131 0.040499184 0.528931618 0.997000456 0.009801189 -0.076774195 2.632062435
-0.077132747 0.042863917 -0.996098936 -39.093528748 -0.006775181 0.999029875 0.043514669 0.551114678 0.996997833 0.010105154 -0.076767489 2.557790518
-0.077092767 0.042857058 -0.996102273 -39.931686401 -0.006562245 0.999032199 0.043490987 0.569455862 0.997002304 0.009889508 -0.076736920 2.499427080
-0.076855309 0.038295239 -0.996306539 -40.760768890 -0.006918040 0.999217570 0.038940787 0.592210889 0.997018218 0.009885295 -0.076530255 2.426372766
-0.076533481 0.034218576 -0.996479630 -41.594005585 -0.007742913 0.999360383 0.034912180 0.605296314 0.997036874 0.010387607 -0.076219566 2.360787868
-0.076407738 0.031843212 -0.996567905 -42.415565491 -0.011728213 0.999392033 0.032832660 0.611808062 0.997007668 0.014196629 -0.075987808 2.281768560
-0.077058442 0.029857237 -0.996579409 -43.247421265 -0.014957056 0.999404371 0.031098384 0.631046236 0.996914387 0.017302291 -0.076565981 2.218494415
-0.077704675 0.027801489 -0.996588707 -44.065677643 -0.012962741 0.999498427 0.028893368 0.643345118 0.996892154 0.015163674 -0.077305317 2.152087927
-0.078842521 0.024082070 -0.996596217 -44.886573792 -0.009222862 0.999647796 0.024885451 0.650734246 0.996844411 0.011153501 -0.078592651 2.090574503
-0.079827361 0.022160500 -0.996562362 -45.702747345 -0.004829600 0.999732494 0.022617858 0.667693615 0.996797025 0.006618521 -0.079698987 2.030156612
-0.081747517 0.025992913 -0.996314049 -46.523254395 -0.004242535 0.999641657 0.026427826 0.670808554 0.996644080 0.006387306 -0.081607953 1.962321281
-0.083591700 0.032301307 -0.995976388 -47.343536377 -0.001833177 0.999467790 0.032568399 0.676251709 0.996498466 0.004548249 -0.083487973 1.891033649
-0.085370645 0.036057789 -0.995696485 -48.169914246 -0.000080137 0.999344707 0.036196772 0.688536763 0.996349156 0.003169932 -0.085311793 1.822930813
-0.086826056 0.034999553 -0.995608389 -48.982116699 -0.000112616 0.999382436 0.035142038 0.699317813 0.996223390 0.003163365 -0.086768478 1.746183395
-0.087882951 0.031129185 -0.995644331 -49.776138306 -0.003485306 0.999495864 0.031557243 0.711582720 0.996124804 0.006243468 -0.087730162 1.670403957
-0.089473076 0.027574819 -0.995607436 -50.577083588 -0.008085493 0.999563575 0.028411008 0.720008194 0.995956421 0.010591999 -0.089211069 1.588525295
-0.090285040 0.026103701 -0.995573759 -51.367691040 -0.012250624 0.999551833 0.027318964 0.730234921 0.995840669 0.014662894 -0.089924768 1.500792027
-0.091180190 0.027104801 -0.995465457 -52.171936035 -0.013793248 0.999499261 0.028478034 0.738727212 0.995738983 0.016327333 -0.090760656 1.412305355
-0.092334539 0.028793853 -0.995311677 -52.960437775 -0.013894081 0.999447227 0.030202441 0.743780673 0.995631099 0.016617669 -0.091883436 1.342132568
-0.093007356 0.028371254 -0.995261133 -53.749244690 -0.016024120 0.999421835 0.029987318 0.752279699 0.995536447 0.018737223 -0.092498958 1.254508495
-0.093716890 0.028048933 -0.995203733 -54.543994904 -0.016221972 0.999427319 0.029695578 0.762535572 0.995466709 0.018927144 -0.093208216 1.176940441
-0.094468266 0.029860364 -0.995079994 -55.314044952 -0.014466299 0.999403358 0.031363465 0.771428227 0.995422781 0.017357975 -0.093979940 1.102877617
-0.094942160 0.032645028 -0.994947314 -56.095726013 -0.013403394 0.999329627 0.034067817 0.784859538 0.995392561 0.016570145 -0.094440959 1.037089825
-0.095142573 0.036685575 -0.994787514 -56.848182678 -0.013266758 0.999185264 0.038116600 0.800651550 0.995375216 0.016824119 -0.094578363 0.955214977
-0.095523663 0.039047152 -0.994661033 -57.619541168 -0.013833243 0.999081731 0.040549196 0.805375099 0.995331168 0.017632792 -0.094895788 0.883822918
-0.096173376 0.038764089 -0.994609475 -58.384357452 -0.013240515 0.999103129 0.040219519 0.821669936 0.995276570 0.017037187 -0.095573865 0.805715561
-0.096570902 0.037081953 -0.994635046 -59.118766785 -0.012646650 0.999179304 0.038479265 0.823976040 0.995245695 0.016294779 -0.096022695 0.733205318
-0.096858442 0.033626366 -0.994729877 -59.836631775 -0.012403863 0.999310732 0.034988992 0.840980172 0.995220900 0.015727470 -0.096374571 0.666940689
-0.096549794 0.030314609 -0.994866371 -60.563926697 -0.012649536 0.999418080 0.031680908 0.859207749 0.995247662 0.015643386 -0.096110143 0.586157322
-0.095929161 0.028271370 -0.994986534 -61.248611450 -0.013440712 0.999468625 0.029694572 0.861729741 0.995297432 0.016221903 -0.095498189 0.527801991
-0.093602851 0.027393462 -0.995232642 -61.926719666 -0.015630249 0.999457717 0.028979799 0.870380878 0.995486915 0.018268324 -0.093123943 0.468759537
-0.088969640 0.028507937 -0.995626330 -62.614219666 -0.015787702 0.999424338 0.030027486 0.871054173 0.995909214 0.018390186 -0.088468350 0.395193100
-0.084049046 0.030221403 -0.996003270 -63.250789642 -0.015474224 0.999379873 0.031629670 0.877160430 0.996341467 0.018070821 -0.083529264 0.352920532
-0.076921307 0.031396542 -0.996542752 -63.889717102 -0.014716412 0.999359369 0.032621216 0.889732838 0.996928632 0.017174797 -0.076410003 0.305500984
-0.068608753 0.033046301 -0.997096062 -64.496284485 -0.015238077 0.999299884 0.034167863 0.885371685 0.997527242 0.017538043 -0.068057172 0.286119461
-0.056234036 0.034938939 -0.997806072 -65.118980408 -0.017337589 0.999202549 0.035964955 0.890002012 0.998267055 0.019322006 -0.055583455 0.238720655
-0.041922059 0.036580343 -0.998450994 -65.707176208 -0.020710070 0.999082983 0.037473049 0.895782709 0.998906195 0.022248935 -0.041126035 0.223358631
-0.023700444 0.037281051 -0.999023676 -66.258720398 -0.022384988 0.999034107 0.037812483 0.916288495 0.999468386 0.023259308 -0.022843016 0.224563599
-0.001618098 0.038070686 -0.999273598 -66.812477112 -0.023337645 0.999001443 0.038098101 0.923414350 0.999726295 0.023382340 -0.000728000 0.232425928
0.023611719 0.038748641 -0.998969853 -67.350135803 -0.022496542 0.999016106 0.038218703 0.926833391 0.999468029 0.021570956 0.024460208 0.266389728
0.053100191 0.038094223 -0.997862220 -67.853652954 -0.021377221 0.999086440 0.037003390 0.939284563 0.998360276 0.019366635 0.053866036 0.310694456
0.086453915 0.037535336 -0.995548427 -68.310249329 -0.020281671 0.999149144 0.035909820 0.953690529 0.996049404 0.017086847 0.087141640 0.387276173
0.123662829 0.038064849 -0.991593957 -68.781051636 -0.020063164 0.999155641 0.035853021 0.956826806 0.992121518 0.015460827 0.124322146 0.479698181
0.165663242 0.038016938 -0.985449314 -69.221252441 -0.019922046 0.999181747 0.035197623 0.961082697 0.985981107 0.013801211 0.166285083 0.550889015
0.209785134 0.038299900 -0.976997077 -69.633209229 -0.018463787 0.999209464 0.035206027 0.973766804 0.977573156 0.010653365 0.210326463 0.683334351
0.258025974 0.037123680 -0.965424478 -70.047225952 -0.015372405 0.999292731 0.034317490 0.973215222 0.966015697 0.005986092 0.258414179 0.831851959
0.308773041 0.032562487 -0.950578153 -70.457214355 -0.008298861 0.999467969 0.031541534 0.972016573 0.951099634 -0.001850457 0.308879048 0.992723465
0.359142691 0.026911266 -0.932894588 -70.832031250 -0.002782053 0.999610603 0.027764797 0.977261245 0.933278501 -0.007376163 0.359077752 1.193878174
0.410997808 0.022013184 -0.911370575 -71.177436829 0.002184793 0.999681652 0.025131520 0.985702157 0.911633730 -0.012320154 0.410818905 1.390462875
0.462520301 0.021445470 -0.886349380 -71.542366028 0.001341682 0.999689221 0.024887890 0.996410191 0.886607707 -0.012700351 0.462347835 1.610984802
0.510230780 0.020293111 -0.859798133 -71.891433716 0.003265903 0.999668598 0.025532452 0.999866903 0.860031307 -0.015835462 0.509995461 1.862255096
0.555335045 0.016018158 -0.831472456 -72.233474731 0.010819877 0.999590635 0.026483454 1.005701423 0.831556320 -0.023703622 0.554934382 2.142814636
0.598932087 0.009602193 -0.800742269 -72.527282715 0.021062937 0.999393404 0.027738808 1.007060051 0.800522804 -0.033479650 0.598366380 2.425964355
0.641529918 0.003899204 -0.767088175 -72.842880249 0.022803079 0.999448299 0.024150956 1.015551090 0.766758978 -0.032985531 0.641086936 2.732940674
0.682696164 0.000044803 -0.730702460 -73.111740112 0.019301239 0.999649882 0.018094469 1.010756850 0.730447471 -0.026456481 0.682456374 3.030612946
0.723134220 -0.007144912 -0.690670609 -73.390319824 0.015899528 0.999853671 0.006303473 1.020072341 0.690524638 -0.015539590 0.723141968 3.370555878
0.762484193 -0.009340428 -0.646939456 -73.654861450 0.011117829 0.999937296 -0.001333475 1.016487002 0.646911323 -0.006175808 0.762540221 3.722129822
0.799408853 -0.010254361 -0.600699902 -73.914268494 0.009506405 0.999944985 -0.004418673 1.016297460 0.600712121 -0.002178169 0.799462497 4.121067047
0.833801389 -0.011158910 -0.551951706 -74.159835815 0.009447651 0.999937713 -0.005943905 1.012701631 0.551983595 -0.000258611 0.833854914 4.538219452
0.864463270 -0.009838097 -0.502599716 -74.390045166 0.006780162 0.999945760 -0.007911588 1.008274555 0.502650261 0.003431569 0.864482999 4.995176315
0.890646875 -0.008359220 -0.454618931 -74.597122192 0.005948289 0.999959588 -0.006733239 0.997080207 0.454656750 0.003292736 0.890660763 5.448534012
0.912006080 -0.002238711 -0.410170764 -74.818702698 -0.000142569 0.999983191 -0.005774910 0.989025950 0.410176814 0.005325229 0.911990464 5.974933624
0.929613888 0.002507106 -0.368526369 -74.992294312 -0.005633269 0.999956667 -0.007407251 0.983502388 0.368491858 0.008961895 0.929587781 6.454048157
0.943323731 0.007816832 -0.331781924 -75.174583435 -0.010448162 0.999926507 -0.006147845 0.978402376 0.331709445 0.009265916 0.943336070 6.992267609
0.953415334 0.008503385 -0.301540881 -75.344932556 -0.010218171 0.999939382 -0.004109865 0.966524243 0.301487684 0.006999605 0.953444421 7.554100037
0.960772514 0.007799985 -0.277228057 -75.497505188 -0.008882851 0.999957025 -0.002650344 0.956673384 0.277195573 0.005008952 0.960800409 8.134914398
0.966610432 0.007857269 -0.256129950 -75.646820068 -0.008393365 0.999964237 -0.000999985 0.956765294 0.256112963 0.003116389 0.966641784 8.735307693
0.971245527 0.010083450 -0.237866759 -75.800865173 -0.009981917 0.999948800 0.001631344 0.950392902 0.237871006 0.000789930 0.971296430 9.385328293
0.974803746 0.015556727 -0.222521111 -75.940834045 -0.015221583 0.999878943 0.003221224 0.943759680 0.222544268 0.000247062 0.974922478 9.989092827
0.977654994 0.019150011 -0.209341139 -76.080383301 -0.018619603 0.999816418 0.004504360 0.936604202 0.209388912 -0.000505862 0.977832317 10.640755653
0.980371535 0.017760256 -0.196357295 -76.207031250 -0.017256709 0.999841869 0.004275185 0.930314481 0.196402192 -0.000802788 0.980523109 11.305027962
0.982954323 0.017781800 -0.182987735 -76.330474854 -0.017400017 0.999841809 0.003691847 0.927497208 0.183024436 -0.000444927 0.983108282 12.019986153
0.985572636 0.018206766 -0.168270871 -76.442657471 -0.017755540 0.999833584 0.004185870 0.925128102 0.168319046 -0.001137738 0.985731900 12.689009666
0.987940967 0.019904986 -0.153545961 -76.572868347 -0.019427693 0.999800622 0.004608392 0.922099173 0.153607085 -0.001569776 0.988130689 13.442338943
0.989783764 0.020381216 -0.141112342 -76.666809082 -0.020326694 0.999791682 0.001827891 0.910007000 0.141120195 0.001059131 0.989991903 14.132235527
0.991269827 0.020717548 -0.130210876 -76.766998291 -0.021319909 0.999767423 -0.003233630 0.897906899 0.130113602 0.005981485 0.991481006 14.896271706
0.992504418 0.019037548 -0.120716609 -76.850425720 -0.020353265 0.999746025 -0.009675525 0.891340613 0.120501749 0.012059980 0.992639899 15.617685318
0.993365705 0.018611351 -0.113481842 -76.928771973 -0.019854004 0.999754548 -0.009829791 0.880732119 0.113271043 0.012017648 0.993491411 16.409608841
0.994144917 0.021111278 -0.105972447 -77.027114868 -0.021639861 0.999758363 -0.003840403 0.868901849 0.105865762 0.006111146 0.994361579 17.163316727
0.994608343 0.025638636 -0.100483112 -77.120895386 -0.025329432 0.999669671 0.004351992 0.849137664 0.100561485 -0.001783347 0.994929314 17.968833923
0.994985402 0.026626054 -0.096411504 -77.199783325 -0.025990732 0.999631405 0.007839709 0.843098283 0.096584715 -0.005294590 0.995310724 18.726062775
0.995360732 0.025497165 -0.092774779 -77.281394958 -0.024966437 0.999664605 0.006876965 0.830380619 0.092919014 -0.004528805 0.995663404 19.524457932
0.995634139 0.025448972 -0.089805007 -77.347694397 -0.025004935 0.999668896 0.006066252 0.822349191 0.089929670 -0.003794199 0.995940804 20.265058517
0.995874882 0.024263807 -0.087432697 -77.417022705 -0.023623107 0.999686003 0.008355320 0.812677264 0.087607987 -0.006255421 0.996135294 21.067115784
0.996156633 0.022459671 -0.084660992 -77.478126526 -0.021630552 0.999708891 0.010698059 0.803192019 0.084876619 -0.008825677 0.996352315 21.805116653
0.996400595 0.019617800 -0.082467616 -77.531265259 -0.018626792 0.999745011 0.012769269 0.797038376 0.082697086 -0.011187200 0.996511936 22.598516464
0.996670663 0.019017953 -0.079283513 -77.601501465 -0.018388301 0.999793351 0.008664435 0.792194366 0.079431914 -0.007177702 0.996814430 23.337703705
0.996745408 0.021934288 -0.077571511 -77.668716431 -0.021894353 0.999759316 0.001365289 0.784025729 0.077582777 0.000337533 0.996985853 24.098457336
0.996859550 0.022396166 -0.075956263 -77.736190796 -0.022950713 0.999715865 -0.006435808 0.773090839 0.075790532 0.008158849 0.997090459 24.873607635
0.996933579 0.022991437 -0.074799262 -77.793327332 -0.023833266 0.999662042 -0.010381315 0.758454204 0.074535295 0.012132191 0.997144580 25.613922119
0.997047484 0.024229396 -0.072865948 -77.848403931 -0.024913128 0.999653578 -0.008489134 0.734662056 0.072635017 0.010279386 0.997305572 26.377403259
0.997164130 0.027689490 -0.069977961 -77.920906067 -0.028090462 0.999594092 -0.004752225 0.722004354 0.069817983 0.006704462 0.997537196 27.135152817
0.997233808 0.030973688 -0.067566603 -77.983039856 -0.031018848 0.999518692 0.000380871 0.705494881 0.067545876 0.001716021 0.997714698 27.895774841
0.997492909 0.028705517 -0.064681664 -78.039169312 -0.028645238 0.999587953 0.001859272 0.694795012 0.064708382 -0.000001788 0.997904181 28.659116745
0.997635186 0.025891062 -0.063669346 -78.084655762 -0.025813943 0.999664724 0.002033731 0.679516077 0.063700646 -0.000385365 0.997968972 29.400745392
0.997758806 0.023796936 -0.062537700 -78.133796692 -0.023709392 0.999716640 0.002141629 0.666553378 0.062570937 -0.000654098 0.998040318 30.152780533
0.997828126 0.024053777 -0.061322927 -78.185371399 -0.024066405 0.999710262 0.000532774 0.652527630 0.061317973 0.000944206 0.998117864 30.910984039
0.997897208 0.021762116 -0.061054006 -78.224411011 -0.021864649 0.999760330 -0.001011703 0.642938316 0.061017368 0.002344500 0.998133957 31.658103943
0.997967303 0.020556169 -0.060321979 -78.272262573 -0.020659335 0.999785960 -0.001086998 0.631349385 0.060286727 0.002331001 0.998178422 32.416496277
0.997905433 0.024034901 -0.060059462 -78.322937012 -0.024069469 0.999710321 0.000147896 0.617968500 0.060045626 0.001298013 0.998194814 33.178615570
0.997960627 0.023161583 -0.059481703 -78.376091003 -0.023250541 0.999729335 -0.000803780 0.607201636 0.059446987 0.002185123 0.998229086 33.958389282
0.997875988 0.023310484 -0.060828403 -78.433174133 -0.023385761 0.999726415 -0.000525814 0.592774570 0.060799498 0.001947216 0.998148143 34.748111725
0.997793376 0.020275328 -0.063224211 -78.476272583 -0.020334199 0.999793172 -0.000287767 0.583275735 0.063205287 0.001572745 0.997999430 35.523715973
0.997571707 0.022224644 -0.066005297 -78.536315918 -0.022298586 0.999751270 -0.000383655 0.570559204 0.065980345 0.001854548 0.997819185 36.312644958
0.997256815 0.025663026 -0.069428131 -78.597610474 -0.025765831 0.999667883 -0.000585510 0.557232499 0.069390059 0.002372778 0.997586727 37.105155945
0.997114480 0.026498407 -0.071138814 -78.674873352 -0.026968192 0.999620318 -0.005651305 0.544347644 0.070962064 0.007553482 0.997450411 37.897552490
0.996856093 0.027570166 -0.074281245 -78.733985901 -0.028319461 0.999557972 -0.009052777 0.534141123 0.073998831 0.011127922 0.997196198 38.707443237
0.996725738 0.026177093 -0.076501399 -78.798164368 -0.027081795 0.999574780 -0.010812404 0.521504819 0.076185837 0.012848796 0.997010827 39.516651154
0.996584952 0.026798531 -0.078104593 -78.877510071 -0.027595047 0.999577463 -0.009136491 0.498853236 0.077826753 0.011260592 0.996903241 40.329723358
0.996450961 0.025910597 -0.080088720 -78.947692871 -0.026677500 0.999607801 -0.008520372 0.482007682 0.079836540 0.010626700 0.996751249 41.144260406
0.996307671 0.024466097 -0.082296401 -79.012382507 -0.025078703 0.999664903 -0.006418231 0.462612063 0.082111806 0.008458419 0.996587276 41.975727081
0.996194959 0.024130665 -0.083745778 -79.079551697 -0.024451356 0.999697089 -0.002805624 0.453307629 0.083652735 0.004842646 0.996483207 42.819274902
0.996164262 0.023565365 -0.084269516 -79.164047241 -0.023502553 0.999722242 0.001737493 0.440191984 0.084287070 0.000249720 0.996441364 43.669494629
0.996231556 0.023464900 -0.083498515 -79.241416931 -0.023223890 0.999722838 0.003856656 0.427908063 0.083565891 -0.001902961 0.996500313 44.533115387
0.996305823 0.026763547 -0.081599273 -79.316757202 -0.026516613 0.999639869 0.004108599 0.416839421 0.081679851 -0.001929686 0.996656716 45.379981995
0.996487498 0.026362050 -0.079482831 -79.393394470 -0.026259702 0.999652386 0.002332860 0.413377643 0.079516701 -0.000237470 0.996833503 46.241905212
0.996632993 0.024608174 -0.078211270 -79.458793640 -0.024670647 0.999695659 0.000167473 0.400872827 0.078191571 0.001762614 0.996936738 47.101448059
0.996849477 0.020425977 -0.076641761 -79.523925781 -0.020595439 0.999786854 -0.001421295 0.386398315 0.076596394 0.002995288 0.997057617 47.982902527
0.997011781 0.019176055 -0.074831568 -79.589179993 -0.019364366 0.999810874 -0.001791674 0.377533793 0.074783072 0.003235386 0.997194588 48.836994171
0.997131824 0.017132273 -0.073719710 -79.658538818 -0.017141746 0.999852896 0.000504218 0.367484838 0.073717490 0.000760912 0.997278929 49.719467163
0.997221410 0.014442527 -0.073081255 -79.717521667 -0.014246732 0.999893308 0.003199764 0.351424575 0.073119670 -0.002149705 0.997320890 50.583869934
0.997320175 0.013421998 -0.071918443 -79.793411255 -0.013193306 0.999906301 0.003654008 0.333412111 0.071960732 -0.002695375 0.997403860 51.447025299
0.997354209 0.015380408 -0.071050860 -79.852523804 -0.015405403 0.999881268 0.000196251 0.324257225 0.071045458 0.000898836 0.997472703 52.307933807
0.997350693 0.017788429 -0.070535362 -79.919342041 -0.018246995 0.999816358 -0.005862124 0.310845435 0.070418127 0.007133652 0.997492075 53.166263580
0.997373939 0.019506024 -0.069746338 -79.982147217 -0.020333754 0.999730706 -0.011177398 0.289255261 0.069509529 0.012566252 0.997502089 54.009090424
0.997348428 0.024279663 -0.068604551 -80.055328369 -0.025491981 0.999532938 -0.016851034 0.265475154 0.068163380 0.018555220 0.997501552 54.846477509
0.997389317 0.024144698 -0.068055473 -80.115585327 -0.025391286 0.999524176 -0.017512089 0.236542106 0.067600273 0.019194381 0.997527838 55.715400696
0.997465849 0.021519942 -0.067813985 -80.175262451 -0.022374175 0.999679267 -0.011862449 0.219318867 0.067536958 0.013349669 0.997627437 56.577262878
0.997477293 0.020147279 -0.068065941 -80.239967346 -0.020390753 0.999787867 -0.002884093 0.195473656 0.067993388 0.004264733 0.997676671 57.425231934
0.997428477 0.019451320 -0.068978459 -80.302597046 -0.019129692 0.999802947 0.005320334 0.168368369 0.069068328 -0.003987118 0.997604072 58.285354614
0.997281432 0.017423198 -0.071597613 -80.366127014 -0.017270135 0.999847054 0.002756375 0.157490328 0.071634695 -0.001512382 0.997429788 59.115531921
0.997203410 0.012651849 -0.073656939 -80.424644470 -0.012719790 0.999918997 -0.000453384 0.141594350 0.073645249 0.001389017 0.997283459 59.949653625
0.997004807 0.011320949 -0.076506540 -80.481979370 -0.011485079 0.999932528 -0.001705601 0.118692383 0.076482087 0.002579176 0.997067630 60.769546509
0.996787369 0.013441199 -0.078956656 -80.562545776 -0.013825535 0.999895036 -0.004322997 0.105596095 0.078890271 0.005400728 0.996868670 61.599449158
0.996465862 0.014889782 -0.082668066 -80.633728027 -0.015599966 0.999846697 -0.007951500 0.090654016 0.082537003 0.009213017 0.996545494 62.417991638
0.996142685 0.015539815 -0.086360425 -80.714294434 -0.016562432 0.999800801 -0.011137394 0.067862570 0.086170144 0.012524772 0.996201694 63.234817505
0.995822966 0.017192049 -0.089671277 -80.792785645 -0.018615060 0.999713361 -0.015057034 0.043838263 0.089386716 0.016663376 0.995857656 64.041404724
0.995423257 0.022119395 -0.092968769 -80.879043579 -0.023602674 0.999610543 -0.014885278 0.016688704 0.092603318 0.017011460 0.995557785 64.851425171
0.994992793 0.025468169 -0.096647419 -80.967468262 -0.026864590 0.999552190 -0.013174732 -0.005585611 0.096268639 0.015705155 0.995231450 65.661895752
0.994507134 0.028534533 -0.100704119 -81.057174683 -0.029423894 0.999539912 -0.007356863 -0.027932763 0.100447848 0.010279559 0.994889259 66.476226807
0.994132876 0.028729010 -0.104280740 -81.149040222 -0.029099766 0.999574423 -0.002035385 -0.044583797 0.104177870 0.005057988 0.994545877 67.280158997
0.993565083 0.027733246 -0.109814964 -81.236610413 -0.027681421 0.999614716 0.001996722 -0.066247746 0.109828047 0.001055961 0.993949950 68.089004517
0.992862284 0.027394572 -0.116077907 -81.336288452 -0.027231567 0.999624670 0.002990228 -0.078108639 0.116116233 0.000192099 0.993235528 68.880348206
0.992211401 0.024853231 -0.122060634 -81.434814453 -0.024225023 0.999684513 0.006628216 -0.091474891 0.122186869 -0.003619669 0.992500484 69.670288086
0.991290927 0.026582470 -0.128978595 -81.534172058 -0.026027771 0.999643266 0.005984681 -0.098072112 0.129091680 -0.002575535 0.991629303 70.443817139
0.990387499 0.030499524 -0.134916499 -81.655815125 -0.030056421 0.999534190 0.005320358 -0.110281229 0.135015935 -0.001214107 0.990842640 71.226058960
0.989538789 0.032640565 -0.140526012 -81.777343750 -0.032691840 0.999463618 0.001944200 -0.122922286 0.140514091 0.002670194 0.990075111 71.973007202
0.988654435 0.031076018 -0.146957994 -81.892028809 -0.031613693 0.999499261 -0.001323985 -0.130483270 0.146843269 0.005954850 0.989141762 72.753326416
0.987806380 0.031383164 -0.152491033 -82.013824463 -0.032074008 0.999483347 -0.002072007 -0.148518994 0.152347192 0.006937740 0.988302708 73.501235962
0.986975849 0.034374118 -0.157152876 -82.144409180 -0.034413137 0.999404550 0.002473480 -0.153376713 0.157144338 0.002966858 0.987571180 74.293968201
0.985899448 0.035706140 -0.163484991 -82.273422241 -0.035143707 0.999362051 0.006332081 -0.164022267 0.163606808 -0.000497326 0.986525536 75.053176880
0.984964848 0.034119248 -0.169351742 -82.415184021 -0.033066027 0.999412298 0.009036372 -0.177722275 0.169560492 -0.003300722 0.985514283 75.809875488
0.983755469 0.031396311 -0.176746458 -82.545593262 -0.031000597 0.999506831 0.005000490 -0.184155196 0.176816285 0.000559986 0.984243751 76.552650452
0.982229829 0.029393936 -0.185366005 -82.692733765 -0.030336237 0.999537230 -0.002248650 -0.188761875 0.185214162 0.007832001 0.982667029 77.300582886
0.980504096 0.027823981 -0.194518983 -82.841506958 -0.029086238 0.999570310 -0.003635362 -0.207149565 0.194334283 0.009222314 0.980892062 78.028320312
0.978338182 0.026395537 -0.205323547 -82.997344971 -0.027213670 0.999628961 -0.001161282 -0.216812700 0.205216721 0.006723732 0.978693485 78.777770996
0.975984097 0.026239013 -0.216256320 -83.170455933 -0.025776535 0.999655426 0.004959324 -0.224140525 0.216311976 0.000734119 0.976324022 79.517143250
0.973217189 0.028191110 -0.228152409 -83.347885132 -0.025954649 0.999581218 0.012797584 -0.229686975 0.228417635 -0.006533217 0.973541319 80.251449585
0.970503807 0.028712904 -0.239369169 -83.538635254 -0.025571238 0.999541402 0.016220778 -0.236389160 0.239725143 -0.009621363 0.970793128 80.975540161
0.967533231 0.031730529 -0.250744253 -83.733230591 -0.029709714 0.999488413 0.011841428 -0.245507479 0.250991702 -0.004007436 0.967980921 81.692596436
0.964358866 0.031431306 -0.262724608 -83.941459656 -0.031857353 0.999488890 0.002638978 -0.248775303 0.262673259 0.005824788 0.964867234 82.398117065
0.960969150 0.029512530 -0.275077164 -84.149620056 -0.031233484 0.999510348 -0.001877066 -0.255027264 0.274887055 0.010395418 0.961420357 83.103668213
0.957352817 0.027865862 -0.287574172 -84.363723755 -0.028348256 0.999594986 0.002487322 -0.252917796 0.287527025 0.005770980 0.957755089 83.834960938
0.953609705 0.028736241 -0.299671084 -84.585296631 -0.027066983 0.999586403 0.009720718 -0.258964181 0.299826562 -0.001158580 0.953993082 84.571243286
0.950014293 0.028645264 -0.310889691 -84.836593628 -0.025148593 0.999567449 0.015250894 -0.267198682 0.311192065 -0.006670128 0.950323641 85.286750793
0.945819378 0.026245557 -0.323630929 -85.084640503 -0.023071760 0.999640822 0.013640275 -0.274291515 0.323872656 -0.005434503 0.946085036 85.996841431
0.941710711 0.024149416 -0.335556090 -85.335220337 -0.022524064 0.999708295 0.008735396 -0.272356391 0.335669041 -0.000668128 0.941979706 86.708625793
0.938671708 0.020578634 -0.344197720 -85.591873169 -0.021023598 0.999776065 0.002439802 -0.289111435 0.344170839 0.004946100 0.938893974 87.405838013
0.935877562 0.016099192 -0.351957202 -85.864395142 -0.018658994 0.999818325 -0.003881910 -0.288066834 0.351830810 0.010200160 0.936007977 88.109527588
0.933037996 0.016016806 -0.359421104 -86.134086609 -0.019393712 0.999795198 -0.005791382 -0.302983105 0.359254748 0.012374088 0.933157444 88.812599182
0.929975569 0.020555925 -0.367046088 -86.429992676 -0.024361376 0.999686778 -0.005737698 -0.315402865 0.366813153 0.014277668 0.930185080 89.508125305
0.926815510 0.020780681 -0.374941826 -86.721450806 -0.023906447 0.999707401 -0.003686599 -0.327694595 0.374755561 0.012380326 0.927041054 90.212493896
0.923529923 0.021262646 -0.382936567 -87.010154724 -0.021763586 0.999758542 0.003024494 -0.336314559 0.382908493 0.005540864 0.923769653 90.911773682
0.920803905 0.022861628 -0.389355332 -87.320198059 -0.020035585 0.999735177 0.011318028 -0.342147708 0.389510900 -0.002620724 0.921018124 91.622215271
0.918250918 0.033040226 -0.394618392 -87.645347595 -0.028186619 0.999438882 0.018091667 -0.351549149 0.394994646 -0.005489732 0.918667018 92.313835144
0.915320456 0.039562810 -0.400778413 -87.963775635 -0.036499210 0.999216914 0.015278663 -0.355705500 0.401069164 0.000643220 0.916047633 93.015228271
0.912995696 0.036550350 -0.406328678 -88.279022217 -0.036457889 0.999303401 0.007971365 -0.360862374 0.406336993 0.007536063 0.913692176 93.704071045
0.910937548 0.027645316 -0.411616981 -88.585540771 -0.030452030 0.999536157 -0.000260931 -0.356008768 0.411418855 0.012772264 0.911356926 94.398475647
0.909285069 0.027498020 -0.415264338 -88.917526245 -0.030900886 0.999521315 -0.001475830 -0.354427338 0.415025026 0.014173988 0.909699619 95.092796326
0.907037735 0.034647744 -0.419621378 -89.257186890 -0.036189623 0.999335706 0.004288078 -0.371323586 0.419491261 0.011296492 0.907689095 95.797790527
0.904347241 0.036940482 -0.425195724 -89.585311890 -0.036750808 0.999286950 0.008651659 -0.381493688 0.425212115 0.007802182 0.905060112 96.490913391
0.902001441 0.033490963 -0.430432081 -89.917373657 -0.033919685 0.999402165 0.006680111 -0.392200291 0.430398464 0.008574650 0.902598262 97.185737610
0.899972916 0.031606771 -0.434798330 -90.273735046 -0.034822002 0.999393404 0.000572047 -0.403786302 0.434552699 0.014625726 0.900527656 97.884521484
0.897751093 0.028155778 -0.439602435 -90.616416931 -0.034396220 0.999388814 -0.006234445 -0.410386086 0.439158231 0.020717641 0.898170829 98.572174072
0.895401120 0.029343903 -0.444292426 -90.971450806 -0.036588676 0.999300599 -0.007738539 -0.422056258 0.443754464 0.023185167 0.895848393 99.258483887
0.893271804 0.032244522 -0.448359042 -91.324958801 -0.037860420 0.999276698 -0.003565098 -0.434588701 0.447919726 0.020159662 0.893846393 99.950080872
0.891303897 0.033855103 -0.452140540 -91.693878174 -0.038739517 0.999248147 -0.001546060 -0.448915511 0.451748312 0.018893717 0.891945302 100.639389038
0.888973773 0.034838669 -0.456630826 -92.045906067 -0.039495096 0.999219537 -0.000654015 -0.464369774 0.456251621 0.018616086 0.889656067 101.307754517
0.886697471 0.032919630 -0.461176664 -92.400329590 -0.037845377 0.999282420 -0.001434144 -0.478271902 0.460798562 0.018725058 0.887307286 101.987823486
