0.981617749 0.001761129 -0.190848947 16.950208664 -0.001838222 0.999998271 -0.000226911 0.488750666 0.190848216 0.000573563 0.981619358 0.774154902
0.983804405 0.003160136 -0.179217428 16.853712082 -0.002873283 0.999994159 0.001860137 0.485964328 0.179222271 -0.001315068 0.983807683 1.254531026
0.985427260 0.003800260 -0.170054466 16.789604187 -0.003175325 0.999987304 0.003946730 0.480879068 0.170067266 -0.003349238 0.985426784 1.728519917
0.987126410 0.004572302 -0.159876674 16.715391159 -0.003660996 0.999975324 0.005994142 0.477643162 0.159900159 -0.005331667 0.987118721 2.218072414
0.988766551 0.004216499 -0.149408609 16.643053055 -0.003150274 0.999967873 0.007372255 0.477404714 0.149434894 -0.006818761 0.988748074 2.723489523
0.987078965 0.152406096 0.049471106 16.848991394 -0.156065717 0.984396517 0.081282951 0.398149669 -0.036311164 -0.087953433 0.995462537 3.095267296
0.986420214 0.152865425 0.060060650 16.881679535 -0.157542080 0.984026372 0.082900397 0.427389055 -0.046428662 -0.091236703 0.994746327 3.548947811
0.985543251 0.153390825 0.071942300 16.916500092 -0.159281045 0.983577490 0.084881783 0.459763139 -0.057740740 -0.095113717 0.993790388 4.007975101
0.984659195 0.152714789 0.084406801 16.960496902 -0.159958199 0.983283639 0.086988233 0.490410805 -0.069711439 -0.099155337 0.992627084 4.472343445
0.983464837 0.152630880 0.097471997 17.008390427 -0.161215767 0.983053744 0.087262750 0.519856513 -0.082501195 -0.101533853 0.991405427 4.935125351
0.982113719 0.152053073 0.111052066 17.064680099 -0.161871985 0.983102381 0.085481934 0.548454165 -0.096177764 -0.101929195 0.990131438 5.397942066
0.980395675 0.152356923 0.124945834 17.125989914 -0.163259834 0.983153760 0.082187302 0.578264058 -0.110319167 -0.100974731 0.988753617 5.863205910
0.860576272 0.361430883 0.358853936 17.591701508 -0.442514449 0.879428446 0.175460994 0.913753033 -0.252169341 -0.309795648 0.916753650 6.076972008
0.852459490 0.363094926 0.376131445 17.797468185 -0.447258294 0.879036367 0.165091187 0.995464563 -0.270689428 -0.308961481 0.911740065 6.585414410
0.535877347 0.519409597 0.665619314 18.482742310 -0.808165967 0.543721318 0.226351246 1.642945528 -0.244342387 -0.659227431 0.711137116 6.745203972
0.514660954 0.520766616 0.681121349 18.906982422 -0.815765619 0.541945875 0.202042446 1.756722450 -0.263913900 -0.659618795 0.703741908 7.189426422
0.288373351 0.437838525 0.851550519 22.605522156 -0.948406041 0.253006607 0.191085547 1.625683308 -0.131783292 -0.862719595 0.488209039 5.114577293
0.258002818 0.437941551 0.861186266 23.137878418 -0.954636157 0.252724618 0.157480702 1.722705960 -0.148675621 -0.862749994 0.483278453 5.433613777
0.230225220 0.438968807 0.868505955 23.545534134 -0.958947599 0.254190922 0.125723958 1.766642451 -0.165577456 -0.861796618 0.479469210 5.659433842
0.201694772 0.440357327 0.874874115 24.107999802 -0.962520599 0.254464209 0.093819425 1.819937706 -0.181310073 -0.861007214 0.475177109 5.983662128
0.172421545 0.443452358 0.879557133 24.501192093 -0.965359807 0.253599226 0.061382744 1.842481375 -0.195834711 -0.859672785 0.471817106 6.196500778
0.145912439 0.446173400 0.882971585 25.099414825 -0.965783715 0.257678092 0.029390242 1.854423404 -0.214409277 -0.857048035 0.468505442 6.528778076
0.065860771 0.406648368 0.911207616 25.720340729 -0.983853936 0.178763419 -0.008665957 1.894806504 -0.166414618 -0.895924449 0.411856085 6.541069984
0.040817089 0.410685569 0.910862923 26.352708817 -0.981676698 0.186306223 -0.040010501 1.853861332 -0.186131194 -0.892539799 0.410764933 6.839360714
0.156113714 0.406110734 0.900390208 28.274898529 -0.902517438 0.429057479 -0.037038963 2.094184399 -0.401361108 -0.806835532 0.433503807 3.646879196
0.134388477 0.408378959 0.902865648 28.920051575 -0.897322893 0.436714560 -0.063968733 2.024689198 -0.420418113 -0.801565289 0.425137252 3.953526497
0.112818465 0.415751338 0.902453780 29.303314209 -0.892057121 0.442398757 -0.092289917 1.969393492 -0.437614113 -0.794628263 0.420784712 4.131037235
0.089142993 0.429082423 0.898855865 29.962629318 -0.887635171 0.443613917 -0.123735599 1.887635946 -0.451837778 -0.786825836 0.420413733 4.442766666
0.221350655 0.454240054 0.862942457 32.702938080 -0.763969958 0.630745411 -0.136051401 2.552949429 -0.606097043 -0.629147172 0.486641645 -1.384004593
0.198770463 0.467248797 0.861492276 33.237785339 -0.760189891 0.628301084 -0.165375456 2.423148155 -0.618548095 -0.622025907 0.480085492 -1.086772919
0.176864862 0.476629555 0.861128926 33.707710266 -0.754000187 0.627968609 -0.192714810 2.325362206 -0.632615626 -0.615206897 0.470444411 -0.842331886
0.155770659 0.479635656 0.863530576 34.260047913 -0.747439504 0.628776610 -0.214415699 2.170714855 -0.645809233 -0.612037301 0.456443578 -0.556530952
0.135031283 0.477982163 0.867928326 34.712032318 -0.740736365 0.630475521 -0.231970280 2.044467449 -0.658085287 -0.611582756 0.439192683 -0.319904327
0.116653405 0.472401500 0.873629749 35.259998322 -0.733897269 0.633671701 -0.244652748 1.869088650 -0.669168711 -0.612614810 0.420614123 -0.054569244
0.221412718 0.267358631 0.937814355 36.734420776 -0.402121931 0.901146352 -0.161966354 1.567203999 -0.888411045 -0.341254324 0.307036072 -2.821936607
0.206791669 0.266727030 0.941325605 37.322029114 -0.398274183 0.901746929 -0.168018863 1.451977730 -0.893652558 -0.340160847 0.292704195 -2.635229111
0.080148771 0.468899041 0.879607797 36.663139343 -0.713204503 0.643459439 -0.278027385 1.395389557 -0.696358740 -0.605056703 0.385993421 0.579204559
0.069077417 0.471102446 0.879369497 37.130706787 -0.709763944 0.642641127 -0.288526207 1.246661186 -0.701044559 -0.604214191 0.378763616 0.811198235
0.159463286 0.388945788 0.907354712 38.590766907 -0.556073666 0.794822276 -0.242980450 1.173661232 -0.815692067 -0.465809584 0.343027562 -1.621150017
0.145871356 0.388406992 0.909869015 39.075088501 -0.554586232 0.793712258 -0.249909833 1.041567802 -0.819240868 -0.468146145 0.331185043 -1.426521301
0.135280550 0.388625830 0.911410570 39.517662048 -0.550635576 0.794222534 -0.256926090 0.927840233 -0.823710978 -0.467097938 0.321434021 -1.243279457
0.131673113 0.390037715 0.911335707 40.095325470 -0.545680821 0.796032786 -0.261847883 0.729004860 -0.827583611 -0.462820083 0.317652136 -1.076323509
0.127756983 0.391731769 0.911166489 40.573490143 -0.543299675 0.796236873 -0.266143471 0.580238342 -0.829761147 -0.461034745 0.314552486 -0.897023201
0.127055570 0.394320935 0.910147190 41.111644745 -0.543695211 0.795142591 -0.268595994 0.435378075 -0.829609752 -0.460716009 0.315417677 -0.712853432
0.145150319 0.280606151 0.948784173 42.109653473 -0.383174419 0.900050461 -0.207572833 0.385623932 -0.912199974 -0.333420545 0.238163710 -1.403745651
0.150805160 0.280347407 0.947978377 42.660125732 -0.385645837 0.899651408 -0.204706669 0.261188507 -0.910239041 -0.334713131 0.243786842 -1.245752335
0.157397807 0.280092418 0.946981609 43.205028534 -0.389748007 0.898710847 -0.201035172 0.159175873 -0.907371163 -0.337441683 0.250620633 -1.093688011
0.166785985 0.281084508 0.945078790 43.865333557 -0.392722458 0.898130596 -0.197814196 0.001187325 -0.904406726 -0.338161021 0.260183811 -0.934277534
0.172551662 0.281254888 0.943992317 44.444042206 -0.396198362 0.897239625 -0.194904506 -0.122529030 -0.901805341 -0.340377063 0.266253024 -0.757480621
0.082782410 0.180960208 0.980000198 45.666423798 -0.271757185 0.950205743 -0.152502716 0.025123596 -0.958798707 -0.253697574 0.127837554 -1.195598602
0.083153881 0.181009009 0.979959786 46.268390656 -0.277091593 0.948786438 -0.151738510 -0.061966896 -0.957238615 -0.258920968 0.129051328 -1.103520393
0.082919896 0.179526150 0.980252326 46.973564148 -0.278693080 0.948570311 -0.150149003 -0.188422680 -0.956793845 -0.260739297 0.128688082 -1.010852337
0.081906281 0.177815974 0.980649233 47.607971191 -0.278252006 0.948908985 -0.148820415 -0.300048828 -0.957009435 -0.260678381 0.127199292 -0.920044899
0.259960264 0.261893094 0.929425955 51.479099274 -0.295172989 0.937998056 -0.181748733 1.014952660 -0.919398487 -0.227094069 0.321146071 -11.325770378
0.259187639 0.261609674 0.929721534 52.055976868 -0.295782357 0.937865317 -0.181443036 0.895706177 -0.919420898 -0.227967486 0.320462644 -11.118935585
0.145936668 0.191634968 0.970555782 53.183280945 -0.236825824 0.959300935 -0.153802723 1.266903877 -0.960529029 -0.207407236 0.185381368 -16.131410599
0.145202994 0.191436455 0.970704913 53.821319580 -0.237372130 0.959189117 -0.153658062 1.157320499 -0.960505307 -0.208106726 0.184718803 -16.004444122
0.010177312 0.140478745 0.990031362 54.328052521 -0.220490292 0.966028631 -0.134806320 0.816534042 -0.975336075 -0.216920286 0.040805716 -14.128045082
0.010115565 0.140311107 0.990055799 55.146858215 -0.221333474 0.965861619 -0.134621024 0.695546627 -0.975145698 -0.217770725 0.040825747 -14.087712288
0.010563439 0.140189871 0.990068257 55.814559937 -0.222605512 0.965606809 -0.134351179 0.597725868 -0.974851310 -0.218975469 0.041407172 -14.051524162
0.012147672 0.138438389 0.990296543 56.790153503 -0.222777575 0.965851903 -0.132288471 0.448309422 -0.974793553 -0.219008893 0.042573839 -14.006391525
0.014020103 0.135264695 0.990710199 57.408973694 -0.222292468 0.966434360 -0.128804460 0.345508575 -0.974879205 -0.218421564 0.043617811 -13.965538025
0.017478539 0.134066135 0.990818202 58.407203674 -0.222786993 0.966578245 -0.126856238 0.210739136 -0.974710405 -0.218524173 0.046762615 -13.924825668
0.020528428 0.133745357 0.990803123 59.061664581 -0.222904757 0.966679931 -0.125870705 0.116718292 -0.974624097 -0.218270823 0.049656913 -13.893029213
-0.032613061 0.112003781 0.993172586 60.041217804 -0.217717871 0.969042063 -0.116431788 -0.095521927 -0.975466728 -0.220028654 -0.007218235 -13.434167862
-0.031904988 0.112725638 0.993113816 60.717132568 -0.217826396 0.968951583 -0.116980985 -0.184539795 -0.975465953 -0.220058635 -0.006359779 -13.427465439
-0.032577671 0.115319394 0.992794156 61.385700226 -0.219131947 0.968328774 -0.119668178 -0.270368099 -0.975151122 -0.221451446 -0.006275719 -13.430769920
-0.318685681 -0.004091708 0.947851598 62.353324890 -0.213479698 0.974608064 -0.067568712 -0.468968868 -0.923507392 -0.223880261 -0.311467141 -12.969125748
-0.323801160 -0.003380488 0.946119070 62.987548828 -0.214916646 0.974115312 -0.070072889 -0.526557446 -0.921392262 -0.226026431 -0.316146195 -13.173522949
-0.329048872 -0.004777631 0.944300711 64.078102112 -0.213010788 0.974589527 -0.069294415 -0.624853611 -0.919974506 -0.223947451 -0.321705252 -13.552774429
-0.334120989 -0.009113656 0.942486107 64.688896179 -0.211162642 0.975258708 -0.065428801 -0.714909554 -0.918571353 -0.220878989 -0.327778846 -13.787218094
-0.296185851 0.009843023 0.955079615 65.747329712 -0.216599017 0.973203421 -0.077200688 -0.755957127 -0.930246651 -0.229735121 -0.286117047 -14.335420609
-0.301324874 0.012747783 0.953436255 66.406044006 -0.215200067 0.973203003 -0.081024081 -0.838229179 -0.928920031 -0.229594052 -0.290506899 -14.559303284
-0.388493657 -0.020833099 0.921215832 67.493621826 -0.209126309 0.975650132 -0.066128343 -0.954567671 -0.897406697 -0.218340978 -0.383390605 -14.695428848
-0.392554045 -0.019974029 0.919512033 68.133338928 -0.212083638 0.974786520 -0.069367133 -1.026933432 -0.894942462 -0.222243816 -0.386892527 -14.980238914
-0.397263914 -0.018958371 0.917508483 69.129592896 -0.210734814 0.974954188 -0.071098872 -1.102085590 -0.893180966 -0.221596047 -0.391309261 -15.384179115
-0.399967194 -0.018997177 0.916332543 69.771141052 -0.208270594 0.975513875 -0.070683286 -1.179126740 -0.892552376 -0.219116077 -0.394130051 -15.683517456
-0.472298592 -0.053314097 0.879824817 70.798309326 -0.196277291 0.979468286 -0.046011414 -1.232343554 -0.859307587 -0.194420710 -0.473065794 -16.277570724
-0.491806209 -0.067235984 0.868104935 71.608810425 -0.191607624 0.980930805 -0.032576680 -1.275786877 -0.849360406 -0.182356879 -0.495310932 -16.773128510
-0.493928879 -0.068453118 0.866803646 72.266647339 -0.190749630 0.981142342 -0.031211814 -1.318287134 -0.848321080 -0.180758864 -0.497671992 -17.144994736
-0.494874269 -0.064159922 0.866592765 73.189628601 -0.190755963 0.980965912 -0.036304850 -1.369159937 -0.847768605 -0.183274060 -0.497693658 -17.663314819
-0.496062189 -0.057855748 0.866357327 73.838821411 -0.189069346 0.981032968 -0.042744193 -1.413293600 -0.847452104 -0.185005382 -0.497592121 -18.041114807
-0.521420538 -0.058014426 0.851325333 74.752342224 -0.172453865 0.984263003 -0.038551152 -1.443865061 -0.835691512 -0.166915670 -0.523219645 -18.773000717
-0.521273732 -0.056729030 0.851501882 75.392181396 -0.168883532 0.984912097 -0.037770260 -1.485360622 -0.836511910 -0.163493276 -0.522989392 -19.170862198
-0.531625628 -0.061306119 0.844757736 76.346214294 -0.164592415 0.985841274 -0.032036960 -1.536073446 -0.830832899 -0.156072393 -0.534189105 -19.870174408
-0.531057715 -0.065981962 0.844762683 77.129135132 -0.165616706 0.985817373 -0.027115120 -1.575607300 -0.830992579 -0.154306546 -0.534453690 -20.350885391
-0.529767394 -0.073062539 0.844990075 77.776779175 -0.169570699 0.985291779 -0.021118740 -1.605858684 -0.831018806 -0.154473618 -0.534364700 -20.754402161
-0.532322824 -0.078571685 0.842887223 78.708305359 -0.175747305 0.984247327 -0.019243782 -1.634768248 -0.828097403 -0.158379078 -0.537746012 -21.365962982
-0.529651046 -0.083363071 0.844109178 79.355430603 -0.183018595 0.982948959 -0.017763494 -1.657165885 -0.828235507 -0.163896114 -0.535876870 -21.767124176
-0.531269968 -0.082285255 0.843196988 80.282859802 -0.177115679 0.984067023 -0.015562257 -1.689309955 -0.828481793 -0.157611191 -0.537379265 -22.378547668
-0.528134525 -0.078994684 0.845478237 80.949645996 -0.172756344 0.984836280 -0.015898438 -1.719487667 -0.831401825 -0.154458269 -0.533772945 -22.794912338
-0.526675880 -0.075281948 0.846726120 81.862327576 -0.166902900 0.985840797 -0.016165448 -1.745749116 -0.833520234 -0.149835005 -0.531783342 -23.428876877
-0.515370846 -0.073379494 0.853819847 82.623397827 -0.165264547 0.986135125 -0.015003695 -1.783735752 -0.840880752 -0.148838654 -0.520352364 -23.845861435
-0.511974633 -0.069740504 0.856164873 83.435066223 -0.154550046 0.987912714 -0.011946498 -1.808241487 -0.844982982 -0.138436615 -0.516564667 -24.391973495
-0.501089394 -0.070602991 0.862510681 84.138465881 -0.157846883 0.987403691 -0.010877252 -1.822919846 -0.850878239 -0.141595080 -0.505921960 -24.810338974
-0.491683930 -0.072988413 0.867709398 85.045936584 -0.160152212 0.987062216 -0.007721695 -1.857344389 -0.855919421 -0.142762229 -0.497011870 -25.352880478
-0.479607850 -0.075987719 0.874186635 85.760070801 -0.160762459 0.986990213 -0.002406583 -1.869419813 -0.862630665 -0.141690582 -0.485584170 -25.751949310
-0.468981326 -0.076980293 0.879846871 86.645820618 -0.160395712 0.987052381 0.000864912 -1.890250444 -0.868521512 -0.140718043 -0.475256473 -26.214664459
-0.457036197 -0.077880181 0.886031926 87.391670227 -0.160530299 0.987023056 0.003951761 -1.895939946 -0.874841630 -0.140428856 -0.463607311 -26.594568253
-0.445597976 -0.076717414 0.891939878 88.264869690 -0.158182129 0.987392306 0.005902367 -1.910129547 -0.881147504 -0.138458893 -0.452115208 -27.031234741
-0.432618678 -0.072635226 0.898646414 89.027664185 -0.158301771 0.987384200 0.003599368 -1.925277710 -0.887570560 -0.140700176 -0.438659161 -27.405521393
-0.427365363 -0.044584796 0.902979016 90.052848816 -0.142285138 0.989653230 -0.018476890 -2.193637848 -0.892812312 -0.136376873 -0.429287225 -27.954063416
-0.414517492 -0.039950602 0.909163952 90.887374878 -0.142875597 0.989503622 -0.021660736 -2.217754841 -0.898755610 -0.138876095 -0.415874511 -28.336376190
-0.402682632 -0.043382745 0.914311051 91.729042053 -0.142578825 0.989656746 -0.015837055 -2.254883289 -0.904166996 -0.136738732 -0.404702961 -28.700099945
-0.391427666 -0.047050502 0.919005394 92.572914124 -0.144406304 0.989458978 -0.010848771 -2.280895233 -0.908807576 -0.136956662 -0.394096017 -29.046131134
-0.381337404 -0.046998281 0.923240542 93.375175476 -0.148227274 0.988893390 -0.010883739 -2.304708481 -0.912474871 -0.140999764 -0.384068459 -29.371328354
-0.373692870 -0.040130612 0.926683962 94.303703308 -0.146430373 0.989088058 -0.016216187 -2.335513115 -0.915921211 -0.141754523 -0.375491500 -29.736017227
-0.368679643 -0.035569571 0.928875744 95.085800171 -0.153148383 0.987936497 -0.022954850 -2.352903366 -0.916853786 -0.150718778 -0.369679481 -30.023490906
-0.365670413 -0.031224798 0.930220425 96.020271301 -0.151572064 0.988093197 -0.026415665 -2.383310080 -0.918319702 -0.150654867 -0.366049170 -30.377712250
-0.361571372 -0.031368859 0.931816518 96.847099304 -0.152095348 0.988030195 -0.025756076 -2.419482231 -0.919854999 -0.151037619 -0.362014443 -30.688251495
-0.356014550 -0.033241913 0.933888972 97.687660217 -0.157350719 0.987230241 -0.024844196 -2.458726406 -0.921137571 -0.155792996 -0.356698960 -31.011814117
-0.350007355 -0.037797626 0.935984135 98.514274597 -0.160600260 0.986812711 -0.020205557 -2.490485907 -0.922877312 -0.157391354 -0.351461977 -31.315475464
-0.344479591 -0.037411623 0.938048065 99.369117737 -0.152758330 0.988122642 -0.016688745 -2.523561001 -0.926282227 -0.149043560 -0.346103013 -31.626159668
-0.338439584 -0.040242530 0.940127194 100.189750671 -0.153127968 0.988123119 -0.012828029 -2.558376789 -0.928445280 -0.148301288 -0.340582162 -31.911085129
-0.334842622 -0.019420639 0.942073822 101.020034790 -0.134366453 0.990554512 -0.027337989 -2.683404922 -0.932644665 -0.135737062 -0.334289342 -32.176528931
-0.329158902 -0.018934054 0.944084704 101.826927185 -0.140873522 0.989594817 -0.029269341 -2.716499090 -0.933707178 -0.142630816 -0.328401268 -32.420948029
-0.321951449 -0.004591508 0.946744978 102.727546692 -0.109317526 0.993480086 -0.032356489 -2.699589968 -0.940423846 -0.113913044 -0.320354193 -32.725006104
-0.315073967 -0.001394771 0.949066103 103.562988281 -0.107829489 0.993576169 -0.034337390 -2.739988327 -0.942921638 -0.113156125 -0.313200384 -32.996715546
-0.307933390 -0.020198585 0.951193452 104.457954407 -0.158944905 0.986816227 -0.030500805 -2.869834185 -0.938037038 -0.160579562 -0.307084173 -33.287990570
-0.300907195 -0.024299201 0.953343749 105.319442749 -0.159181491 0.986930609 -0.025087727 -2.899633169 -0.940274477 -0.159303755 -0.300842464 -33.550746918
-0.293579996 -0.028171049 0.955519319 106.186065674 -0.159872532 0.986934602 -0.020023024 -2.951274633 -0.942470908 -0.158639640 -0.294247985 -33.808265686
-0.287077457 -0.024896752 0.957583725 107.025711060 -0.162519202 0.986435533 -0.023075318 -2.977803707 -0.944020092 -0.162250146 -0.287229598 -34.048542023
-0.285805464 0.004874760 0.958275199 107.932525635 -0.086253516 0.995797276 -0.030790718 -2.878965139 -0.954398036 -0.091454767 -0.284183830 -34.238933563
-0.279395103 0.005600028 0.960159898 108.786682129 -0.087818287 0.995642662 -0.031361062 -2.917349815 -0.956151843 -0.093081720 -0.277685970 -34.472373962
-0.272635490 0.005077953 0.962104023 109.654487610 -0.087862290 0.995676160 -0.030153053 -2.956490040 -0.958097160 -0.092753477 -0.271010458 -34.708114624
-0.264106274 0.004862312 0.964481354 110.503051758 -0.084231071 0.996050358 -0.028086660 -3.005305767 -0.960808635 -0.088657148 -0.262653559 -34.946441650
-0.254805803 0.012974713 0.966905177 111.351509094 -0.068568081 0.997150600 -0.031450123 -3.007313490 -0.964558125 -0.074312508 -0.253190100 -35.211959839
-0.248046383 0.013676714 0.968651593 112.197319031 -0.067608513 0.997217894 -0.031392824 -3.048762321 -0.966386080 -0.073275976 -0.246431649 -35.430976868
-0.241371319 0.021842964 0.970186889 113.072731018 -0.040565114 0.998645723 -0.032575812 -3.098107338 -0.969584644 -0.047218617 -0.240158379 -35.601287842
-0.235139549 0.020461548 0.971746206 113.925033569 -0.043753702 0.998542070 -0.031613134 -3.136025906 -0.970976293 -0.049950961 -0.233901456 -35.808723450
-0.230326936 0.020627022 0.972894609 114.772415161 -0.040927906 0.998685420 -0.030863252 -3.180298328 -0.972252250 -0.046927150 -0.229179919 -36.005870819
-0.228195414 0.003716738 0.973608196 115.707420349 -0.086146548 0.995993495 -0.023993328 -3.234274864 -0.969796717 -0.089348160 -0.226960972 -36.194915771
-0.223488793 0.005103556 0.974693179 116.575988770 -0.085909009 0.995991409 -0.024913276 -3.262399912 -0.970913231 -0.089302748 -0.222154453 -36.390724182
-0.217495233 0.004248591 0.976052165 117.442520142 -0.078998335 0.996633291 -0.021941494 -3.300426960 -0.972859263 -0.081878662 -0.216427341 -36.588172913
-0.209255829 0.015536140 0.977737427 118.313056946 -0.044587057 0.998682261 -0.025411488 -3.335799217 -0.976843894 -0.048911970 -0.208287358 -36.804199219
-0.204311699 0.014956905 0.978791475 119.183486938 -0.043096941 0.998776376 -0.024258288 -3.368300676 -0.977956712 -0.047139186 -0.203417107 -36.985576630
-0.199372083 0.027029723 0.979550958 120.056961060 -0.001654978 0.999608815 -0.027920034 -3.408080578 -0.979922414 -0.007187612 -0.199249372 -37.156127930
-0.195538193 0.029256677 0.980259717 120.902626038 -0.003059191 0.999531865 -0.030442109 -3.439120770 -0.980691254 -0.008951399 -0.195357159 -37.322124481
-0.193495169 0.028264862 0.980693996 121.761711121 -0.005655747 0.999536216 -0.029923815 -3.484839916 -0.981085002 -0.011336663 -0.193245545 -37.490139008
-0.193191305 0.030372472 0.980690897 122.692459106 0.004536341 0.999537706 -0.030062532 -3.512306690 -0.981150627 -0.001359040 -0.193239778 -37.646091461
-0.192260146 0.025834667 0.981003821 123.537040710 0.006147949 0.999665439 -0.025121231 -3.550414324 -0.981324732 0.001201331 -0.192354664 -37.808319092
-0.191111103 0.020641981 0.981351316 124.439872742 0.004187061 0.999786913 -0.020214364 -3.586306095 -0.981559455 0.000245790 -0.191156805 -37.982753754
-0.190026984 0.018835215 0.981598198 125.306892395 0.005256628 0.999821126 -0.018167257 -3.622170448 -0.981764793 0.001707658 -0.190092012 -38.150096893
-0.188299969 0.023781361 0.981823564 126.152244568 0.005114628 0.999716938 -0.023233853 -3.655394554 -0.982098222 0.000646728 -0.188368320 -38.321449280
-0.189581022 0.026918842 0.981495976 127.027946472 0.005272630 0.999637604 -0.026397962 -3.693113804 -0.981850922 0.000170512 -0.189654246 -38.471565247
-0.189738631 0.026084756 0.981488049 127.876945496 0.001474405 0.999653459 -0.026282510 -3.724258423 -0.981833518 -0.003539695 -0.189711332 -38.623645782
-0.188734934 0.025048764 0.981708527 128.727249146 -0.000875867 0.999669969 -0.025675444 -3.765630960 -0.982027650 -0.005705731 -0.188650742 -38.777038574
-0.188015088 0.026314348 0.981813610 129.570922852 0.004087935 0.999653339 -0.026009664 -3.802816391 -0.982157648 -0.000876656 -0.188057527 -38.936092377
-0.187460303 0.028359776 0.981862724 130.434402466 0.002247830 0.999592900 -0.028442722 -3.838200808 -0.982269585 -0.003124791 -0.187447697 -39.105590820
-0.188239619 0.029488716 0.981680334 131.289367676 -0.007920797 0.999471068 -0.031541958 -3.876823425 -0.982091188 -0.013713107 -0.187906474 -39.248279572
-0.187901929 0.031398963 0.981685758 132.149597168 -0.012201773 0.999337196 -0.034299046 -3.922149658 -0.982112050 -0.018423161 -0.187394246 -39.399173737
-0.187144071 0.034487776 0.981726825 132.967025757 -0.010103630 0.999263108 -0.037029844 -3.964167118 -0.982280493 -0.016848922 -0.186657697 -39.549812317
-0.187078714 0.035472993 0.981704175 133.811614990 -0.008379741 0.999253929 -0.037704013 -4.014479637 -0.982309103 -0.015280064 -0.186641872 -39.705551147
-0.185289860 0.036319345 0.982012451 134.631347656 -0.011514785 0.999167919 -0.039126482 -4.057753563 -0.982616484 -0.018557405 -0.184717461 -39.849052429
-0.182407305 0.036678974 0.982538640 135.444000244 -0.005743774 0.999247134 -0.038369037 -4.098152161 -0.983206272 -0.012642259 -0.182059273 -39.984954834
-0.179431200 0.033110879 0.983213186 136.257247925 -0.003280192 0.999407768 -0.034254868 -4.147049904 -0.983765066 -0.009371520 -0.179216325 -40.139179230
-0.177508488 0.028069507 0.983718991 137.080474854 0.000953688 0.999597549 -0.028350502 -4.192961693 -0.984118938 -0.004094293 -0.177463859 -40.289493561
-0.174193814 0.027950710 0.984314620 137.884811401 0.002434491 0.999606192 -0.027954103 -4.229915142 -0.984708488 -0.002473130 -0.174193248 -40.428363800
-0.168981418 0.032946475 0.985068560 138.680328369 0.003676398 0.999455214 -0.032797001 -4.273039818 -0.985612392 -0.001920582 -0.169010475 -40.563766479
-0.161520198 0.036272202 0.986202598 139.488052368 0.004987684 0.999341547 -0.035938565 -4.313374043 -0.986856818 -0.000885940 -0.161594763 -40.701477051
-0.155862570 0.037355021 0.987072170 140.283966064 -0.005324701 0.999238372 -0.038656231 -4.347932816 -0.987764359 -0.011280925 -0.155544966 -40.817436218
-0.147003949 0.033044241 0.988583803 141.075546265 -0.010520053 0.999333084 -0.034967892 -4.400643349 -0.989080071 -0.015540371 -0.146558270 -40.930397034
-0.135088861 0.031782411 0.990323603 141.875045776 -0.007054825 0.999429345 -0.033036973 -4.443883896 -0.990808308 -0.011449491 -0.134787560 -41.038181305
-0.121231183 0.034301177 0.992031455 142.660964966 -0.002810827 0.999386847 -0.034899011 -4.483999729 -0.992620230 -0.007019278 -0.121060461 -41.133472443
-0.106046885 0.035395503 0.993730903 143.479766846 -0.003203486 0.999348879 -0.035937469 -4.526595592 -0.994355857 -0.006994463 -0.105864450 -41.226512909
-0.093223296 0.036072053 0.994991481 144.253173828 -0.005741865 0.999307334 -0.036766496 -4.570480824 -0.995628655 -0.009140597 -0.092951603 -41.295764923
-0.079846807 0.037660901 0.996095419 145.060058594 -0.005767265 0.999251783 -0.038242541 -4.615878582 -0.996790528 -0.008798288 -0.079569876 -41.352348328
-0.065589353 0.043931767 0.996879101 145.839385986 -0.009745916 0.998954475 -0.044664457 -4.671732426 -0.997799039 -0.012645015 -0.065092608 -41.421440125
-0.052923907 0.053057335 0.997188032 146.608093262 -0.017492818 0.998384953 -0.054049421 -4.717701912 -0.998445332 -0.020304134 -0.051910322 -41.446426392
-0.040261369 0.060764894 0.997339666 147.356582642 -0.021684689 0.997860909 -0.061672021 -4.768605232 -0.998953879 -0.024110002 -0.038857579 -41.438552856
-0.025628895 0.061680842 0.997766852 148.133087158 -0.021836575 0.997821927 -0.062245142 -4.819430351 -0.999432981 -0.023383081 -0.024226176 -41.486423492
-0.014067464 0.056740202 0.998289883 148.875137329 -0.025041465 0.998055577 -0.057079758 -4.889972687 -0.999587476 -0.025801605 -0.012619252 -41.474552155
-0.003164592 0.056177378 0.998415768 149.672729492 -0.024916226 0.998106360 -0.056238938 -4.893768311 -0.999684453 -0.025054729 -0.001758871 -41.492683411
0.005313315 0.063036822 0.997997046 150.435577393 -0.028906353 0.997603834 -0.062858075 -4.953513622 -0.999567926 -0.028514475 0.007122748 -41.467594147
0.012288546 0.070926681 0.997405767 151.179290771 -0.032013070 0.996997833 -0.070503242 -5.006722927 -0.999411881 -0.031063644 0.014522232 -41.456142426
0.015176193 0.073341131 0.997191310 151.945571899 -0.034607217 0.996747315 -0.072781779 -5.071064472 -0.999285698 -0.033405472 0.017664960 -41.430168152
0.011099439 0.071536660 0.997376204 152.690704346 -0.045786101 0.996427834 -0.070959106 -5.073289871 -0.998889744 -0.044878360 0.014335173 -41.365921021
0.008083232 0.067516439 0.997685432 153.438446045 -0.048147772 0.996587157 -0.067052022 -5.136832714 -0.998807609 -0.047494326 0.011306408 -41.334674835
0.006321087 0.064071588 0.997925282 154.179153442 -0.045836046 0.996914864 -0.063716382 -5.203835487 -0.998929083 -0.045338191 0.009238373 -41.346126556
0.003457533 0.064241104 0.997928381 154.934310913 -0.045424536 0.996914387 -0.064018428 -5.262471199 -0.998961806 -0.045109086 0.006364986 -41.346729279
0.011295122 0.063028961 0.997947752 155.820083618 -0.032280635 0.997514248 -0.062636197 -5.257895470 -0.999414980 -0.031506907 0.013301661 -41.115432739
0.006286179 0.061684527 0.998075843 156.546722412 -0.033754013 0.997539997 -0.061438795 -5.313229561 -0.999410391 -0.033302855 0.008352815 -41.101463318
0.004440620 0.062075164 0.998061538 157.332595825 -0.033819102 0.997509837 -0.061890371 -5.358248234 -0.999418020 -0.033478722 0.006528888 -41.084110260
-0.001340808 0.059775025 0.998210967 158.072830200 -0.034439757 0.997616887 -0.059785713 -5.413872242 -0.999405801 -0.034458306 0.000721025 -41.080593109
-0.006766679 0.057303272 0.998333812 158.779693604 -0.034343604 0.997754455 -0.057502791 -5.469343662 -0.999387145 -0.034675490 -0.004783483 -41.100540161
-0.012765545 0.057456657 0.998266339 159.500564575 -0.035500385 0.997692227 -0.057877585 -5.517745495 -0.999288142 -0.036177676 -0.010696352 -41.096935272
-0.018645387 0.058826931 0.998094141 160.229522705 -0.037905198 0.997508347 -0.059500527 -5.571461678 -0.999107361 -0.038942367 -0.016369084 -41.098655701
-0.021905946 0.061297424 0.997879148 160.937057495 -0.037871633 0.997351408 -0.062096383 -5.625211716 -0.999042451 -0.039151594 -0.019526500 -41.117111206
-0.024488010 0.063662589 0.997671008 161.649185181 -0.037707727 0.997201204 -0.064558156 -5.680658340 -0.998988628 -0.039200805 -0.022018904 -41.129447937
-0.023392962 0.064889915 0.997618139 162.489654541 -0.035491325 0.997208357 -0.065695480 -5.752813816 -0.999096096 -0.036943607 -0.021024628 -41.184291840
-0.022581909 0.063082561 0.997752786 163.202041626 -0.032561406 0.997431397 -0.063799202 -5.808373928 -0.999214530 -0.033928942 -0.020469844 -41.201030731
-0.017815728 0.060873412 0.997986495 163.905929565 -0.031123821 0.997627437 -0.061407115 -5.845058441 -0.999356747 -0.032155167 -0.015878845 -41.217369080
-0.010860914 0.060581677 0.998104155 164.599044800 -0.031200560 0.997656584 -0.060894012 -5.902919769 -0.999454141 -0.031802777 -0.008945275 -41.214023590
0.001196285 0.060129553 0.998189986 165.274444580 -0.026629308 0.997838497 -0.060076483 -5.973405361 -0.999644637 -0.026509233 0.002794908 -41.224243164
0.015499756 0.060436621 0.998051703 165.957260132 -0.023720041 0.997912824 -0.060059853 -6.019580364 -0.999598503 -0.022742912 0.016900966 -41.201026917
0.030814856 0.057346169 0.997878671 166.599105835 -0.023719003 0.998113632 -0.056627218 -6.077581882 -0.999243617 -0.021923728 0.032116923 -41.179016113
0.047217119 0.053763181 0.997436762 167.293685913 -0.031203642 0.998142481 -0.052324086 -6.112456799 -0.998397112 -0.028653067 0.048807029 -41.132057190
0.063832343 0.047320880 0.996838093 167.967575073 -0.032221455 0.998452067 -0.045334201 -6.156197071 -0.997440398 -0.029225783 0.065258287 -41.084262848
0.080436505 0.040297277 0.995944798 168.644134521 -0.032563921 0.998755336 -0.037781000 -6.193828583 -0.996227682 -0.029392900 0.081648611 -41.008426666
0.097674862 0.033033755 0.994669914 169.308670044 -0.033416733 0.998994410 -0.029895898 -6.230175495 -0.994657278 -0.030318547 0.098680511 -40.929313660
0.114571698 0.026480308 0.993061960 169.976821899 -0.034185700 0.999157727 -0.022698775 -6.270619869 -0.992826581 -0.031347882 0.115380436 -40.838417053
0.132436782 0.024179267 0.990896463 170.629821777 -0.035489626 0.999177158 -0.019638009 -6.301717281 -0.990555823 -0.032565761 0.133185893 -40.740447998
0.150711805 0.022562031 0.988320231 171.249633789 -0.033591136 0.999279022 -0.017689798 -6.326266289 -0.988006890 -0.030532742 0.151361033 -40.643337250
0.168421373 0.022314483 0.985462487 171.884216309 -0.033982813 0.999280810 -0.016819516 -6.337779045 -0.985129178 -0.030656019 0.169058561 -40.529151917
0.183606774 0.021288436 0.982769251 172.495056152 -0.039674234 0.999111295 -0.014230256 -6.363028049 -0.982198834 -0.036377847 0.184288174 -40.389904022
0.198183656 0.017801132 0.980003238 173.112701416 -0.042049225 0.999069095 -0.009643936 -6.382938385 -0.979262590 -0.039297100 0.198747650 -40.251487732
0.209986895 0.013723459 0.977607906 173.722534180 -0.038452432 0.999243796 -0.005767725 -6.405690670 -0.976947725 -0.036380254 0.210355833 -40.119045258
0.221079379 0.012799312 0.975171804 174.330200195 -0.035937108 0.999341786 -0.004969313 -6.419745922 -0.974593461 -0.033946242 0.221393794 -39.983036041
0.230458066 0.016272379 0.972946107 174.917968750 -0.040545776 0.999152422 -0.007106749 -6.440862179 -0.972237110 -0.037811048 0.230922505 -39.824058533
0.239682645 0.023516221 0.970566452 175.510833740 -0.045134027 0.998895586 -0.013056714 -6.460863113 -0.969801545 -0.040676098 0.240479350 -39.665435791
0.247505710 0.032986525 0.968324721 176.081832886 -0.044847388 0.998739123 -0.022559525 -6.476211071 -0.967847884 -0.037843220 0.248673007 -39.495933533
0.255608320 0.038696311 0.966005683 176.680618286 -0.039691769 0.998776317 -0.029506460 -6.494025230 -0.965965271 -0.030800380 0.256831467 -39.340583801
0.261630952 0.038592312 0.964396119 177.303237915 -0.039662670 0.998786092 -0.029208418 -6.516976833 -0.964352608 -0.030608701 0.262844086 -39.164447784
0.267655194 0.031129859 0.963011801 177.905487061 -0.042302571 0.998893917 -0.020532385 -6.534928799 -0.962585688 -0.035242271 0.268676013 -38.992240906
0.271425843 0.020517411 0.962240636 178.514495850 -0.046574891 0.998881578 -0.008160988 -6.561346054 -0.961331725 -0.042601150 0.272077829 -38.801376343
0.272308141 0.014023694 0.962107897 179.095092773 -0.046413183 0.998921335 -0.001423831 -6.570404530 -0.961089969 -0.044266772 0.272665322 -38.625160217
0.273905575 0.013703462 0.961658955 179.701980591 -0.043076605 0.999069810 -0.001967220 -6.582407475 -0.960791409 -0.040886164 0.274241090 -38.461292267
0.274366707 0.015916519 0.961493373 180.297851562 -0.039900843 0.999190450 -0.005154655 -6.592238426 -0.960796952 -0.036950137 0.274779618 -38.281723022
0.275413662 0.015382153 0.961202681 180.874237061 -0.037402797 0.999286294 -0.005274571 -6.604427338 -0.960597754 -0.034498986 0.275792480 -38.099502563
0.277910531 0.013491924 0.960512221 181.502288818 -0.038889717 0.999239743 -0.002783727 -6.606210709 -0.959819436 -0.036580417 0.278223902 -37.931800842
0.280701131 0.010012393 0.959742963 182.112182617 -0.039768904 0.999208152 0.001207316 -6.617615223 -0.958970964 -0.038506821 0.280877084 -37.747806549
0.283002317 0.005286044 0.959104657 182.707748413 -0.039146356 0.999215186 0.006043779 -6.629858971 -0.958320022 -0.039255854 0.282987207 -37.562736511
0.287356168 0.002811073 0.957819700 183.307662964 -0.038268726 0.999230802 0.008548415 -6.635087490 -0.957058966 -0.039110977 0.287242711 -37.378158569
0.293348819 0.000545872 0.956005335 183.927581787 -0.036546003 0.999275267 0.010643509 -6.635679245 -0.955306709 -0.038060442 0.293156177 -37.181114197
0.301186442 -0.002588276 0.953561723 184.540359497 -0.034880478 0.999297142 0.013729559 -6.639523983 -0.952927172 -0.037395846 0.300884455 -36.981021881
0.311225951 -0.004725083 0.950324178 185.180831909 -0.034283064 0.999280930 0.016196022 -6.637624741 -0.949717283 -0.037620652 0.310840189 -36.782768250
0.322155446 -0.002717760 0.946682811 185.780227661 -0.036291972 0.999225378 0.015218734 -6.641620636 -0.945990920 -0.039259788 0.321807235 -36.564590454
0.333637089 0.000910852 0.942701101 186.400161743 -0.036683917 0.999254644 0.012017531 -6.643833637 -0.941987693 -0.038591471 0.333421767 -36.335357666
0.345302552 0.004033223 0.938482821 187.012100220 -0.038129292 0.999225438 0.009734911 -6.646394730 -0.937716544 -0.039145183 0.345188886 -36.099006653
0.356848270 0.004295080 0.934152484 187.622253418 -0.036606614 0.999285638 0.009389256 -6.642558098 -0.933444738 -0.037546694 0.356750667 -35.859733582
0.368198901 0.000934020 0.929746628 188.219558716 -0.035711315 0.999275863 0.013138556 -6.647487640 -0.929060996 -0.038040075 0.367965639 -35.623302460
0.379387617 0.000220461 0.925237834 188.859741211 -0.037183169 0.999195874 0.015008622 -6.644052029 -0.924490392 -0.040097356 0.379090637 -35.346088409
0.390523463 -0.000468488 0.920592904 189.464538574 -0.038603172 0.999112010 0.016884243 -6.643001556 -0.919783235 -0.042131498 0.390158534 -35.080673218
0.398988158 -0.001450739 0.916954935 190.092132568 -0.041074201 0.998966694 0.019452814 -6.642153740 -0.916035712 -0.045424636 0.398516268 -34.777976990
0.406029254 -0.000638285 0.913859844 190.695831299 -0.044116322 0.998820126 0.020298574 -6.637610435 -0.912794650 -0.048557948 0.405522108 -34.497665405
0.410688043 -0.002610154 0.911772132 191.359603882 -0.046493758 0.998634934 0.023800923 -6.629248619 -0.910589695 -0.052166466 0.410006106 -34.194145203
0.412854135 -0.007013715 0.910770059 191.999572754 -0.043405775 0.998682618 0.027366649 -6.624135494 -0.909762263 -0.050831120 0.412005812 -33.900054932
0.412568510 -0.006042214 0.910906494 192.626007080 -0.039501168 0.998918772 0.024516921 -6.614100933 -0.910069764 -0.046096787 0.411883801 -33.612724304
0.412301332 -0.004652665 0.911035657 193.305389404 -0.039175432 0.998971403 0.022831120 -6.596558571 -0.910204887 -0.045103513 0.411695004 -33.313163757
0.411558509 -0.003525078 0.911376536 193.969085693 -0.035367940 0.999177396 0.019836098 -6.586457253 -0.910696805 -0.040397227 0.411095321 -33.014183044
0.411416560 -0.005552852 0.911430538 194.640625000 -0.031846024 0.999283254 0.020463277 -6.574763298 -0.910890937 -0.037444364 0.410944849 -32.717704773
0.410112411 -0.011519260 0.911962271 195.329498291 -0.028461648 0.999271512 0.025421383 -6.584203243 -0.911590815 -0.036381561 0.409485757 -32.407470703
0.409202129 -0.014789839 0.912323892 196.003433228 -0.028341282 0.999180138 0.028909717 -6.579719067 -0.912003517 -0.037686348 0.408447415 -32.115577698
0.408333570 -0.016687920 0.912680209 196.684356689 -0.027965164 0.999134898 0.030780330 -6.556980133 -0.912404299 -0.038091894 0.407513648 -31.807220459
0.405198812 -0.014934797 0.914106548 197.267944336 -0.031924926 0.999025643 0.030473685 -6.541788101 -0.913670957 -0.041530684 0.404327244 -31.504669189
0.404700279 -0.018698119 0.914258182 198.045562744 -0.026775962 0.999120057 0.032286175 -6.521346092 -0.914057314 -0.037546370 0.403843462 -31.191223145
0.402924627 -0.017889181 0.915058315 198.715042114 -0.027134545 0.999136031 0.031480942 -6.514463425 -0.914830863 -0.037514150 0.402091116 -30.893981934
0.402732551 -0.015311768 0.915189624 199.414291382 -0.026020629 0.999264419 0.028168872 -6.518592834 -0.914947808 -0.035158329 0.402037829 -30.600250244
0.401190430 -0.008632175 0.915953934 200.076843262 -0.027603721 0.999387503 0.021508981 -6.507396698 -0.915578723 -0.033912938 0.400706440 -30.295669556
0.400909543 -0.006074992 0.916097522 200.804809570 -0.027672211 0.999441445 0.018737800 -6.483550072 -0.915699601 -0.032862604 0.400517493 -29.982620239
0.398015946 -0.006385315 0.917356312 201.464324951 -0.032771233 0.999238670 0.021173814 -6.480159283 -0.916792929 -0.038490418 0.397503674 -29.679740906
0.398124695 -0.013221708 0.917236030 202.171539307 -0.029137293 0.999209285 0.027050333 -6.489881992 -0.916868448 -0.037495188 0.397424668 -29.379371643
0.395977259 -0.012318984 0.918177664 202.851501465 -0.032949921 0.999075413 0.027614499 -6.481789589 -0.917668939 -0.041188598 0.395205289 -29.085449219
0.390938938 -0.012367222 0.920333505 203.520050049 -0.035625584 0.998957098 0.028556772 -6.475172043 -0.919726908 -0.043951374 0.390090644 -28.794158936
0.383036554 -0.013970618 0.923627496 204.223098755 -0.035165731 0.998940289 0.029693330 -6.465333939 -0.923063576 -0.043853667 0.382139415 -28.487571716
0.372986734 -0.014927281 0.927716553 204.913909912 -0.036232028 0.998873591 0.030639244 -6.478423119 -0.927128971 -0.045041081 0.372025818 -28.193809509
0.363659054 -0.013872907 0.931428790 205.614364624 -0.031764254 0.999122977 0.027282922 -6.461727142 -0.930990398 -0.039507814 0.362899512 -27.931037903
0.352811247 -0.011002639 0.935629785 206.289825439 -0.033276998 0.999150813 0.024297852 -6.460969925 -0.935102522 -0.039707504 0.352145553 -27.679649353
0.341851085 -0.010922864 0.939690590 206.982177734 -0.036357153 0.999030054 0.024839031 -6.454099655 -0.939050496 -0.042655729 0.341122389 -27.424991608
0.331137896 -0.019289257 0.943385184 207.669113159 -0.030580046 0.999046504 0.031161267 -6.444198608 -0.943086684 -0.039167441 0.330232263 -27.191356659
0.322356135 -0.027269080 0.946225524 208.409255981 -0.026866090 0.998918772 0.037940264 -6.433048248 -0.946237087 -0.037651662 0.321274966 -26.944885254
