0.999999881 0.000086029 -0.000384751 0.026301656 -0.000087368 0.999993861 -0.003481207 0.016650129 0.000384449 0.003481240 0.999993861 1.226139188
0.999999642 0.000497132 0.000667387 0.023393404 -0.000495044 0.999994993 -0.003125829 -0.006948587 -0.000668937 0.003125498 0.999994874 2.508410931
0.999999702 -0.000546452 0.000551289 0.036169901 0.000548042 0.999995708 -0.002888941 -0.027924433 -0.000549708 0.002889242 0.999995649 3.803102970
0.999999344 -0.001107468 0.000256625 0.054671034 0.001108351 0.999993384 -0.003466671 -0.044190355 -0.000252784 0.003466954 0.999993980 5.107159138
0.999998927 -0.001228953 0.000706481 0.058902953 0.001231241 0.999993980 -0.003246578 -0.070962667 -0.000702487 0.003247445 0.999994397 6.384151936
0.999999166 -0.001017196 0.000934296 0.069094665 0.001021237 0.999990106 -0.004334187 -0.094534531 -0.000929877 0.004335137 0.999990165 7.661167145
0.999995768 -0.001224024 0.002638264 0.048051804 0.001236408 0.999988139 -0.004697570 -0.120901436 -0.002632482 0.004700812 0.999985456 8.879069328
0.999994099 -0.002069915 0.002749504 0.039423928 0.002078225 0.999993324 -0.003022862 -0.148826227 -0.002743229 0.003028558 0.999991655 10.068613052
0.999994338 -0.002870505 0.001725595 0.028732177 0.002874053 0.999993742 -0.002057164 -0.176356122 -0.001719679 0.002062111 0.999996424 11.250714302
0.999993026 -0.003720368 -0.000322188 0.012674355 0.003719521 0.999989688 -0.002590424 -0.197380364 0.000331822 0.002589208 0.999996543 12.420215607
0.999992669 -0.003402530 -0.001784432 -0.002496051 0.003396664 0.999988854 -0.003279900 -0.218784243 0.001795572 0.003273815 0.999993026 13.587533951
0.999989212 -0.003227626 -0.003329660 -0.012524538 0.003216478 0.999989212 -0.003347971 -0.243168771 0.003340429 0.003337224 0.999988854 14.778071404
0.999988258 -0.001658755 -0.004555228 -0.017133914 0.001642380 0.999992192 -0.003596155 -0.264529407 0.004561158 0.003588632 0.999983132 15.960361481
0.999984026 -0.002111454 -0.005235885 -0.025480621 0.002092049 0.999990880 -0.003708929 -0.285866767 0.005243669 0.003697916 0.999979436 17.136495590
0.999981403 -0.002626799 -0.005494710 -0.040644839 0.002610481 0.999992132 -0.002974744 -0.313009381 0.005502481 0.002960345 0.999980450 18.327985764
0.999978185 -0.003167500 -0.005780327 -0.059352461 0.003151518 0.999991119 -0.002771849 -0.338778853 0.005789056 0.002753572 0.999979436 19.506195068
0.999974906 -0.002618130 -0.006568979 -0.071456335 0.002594848 0.999990284 -0.003550216 -0.364176244 0.006578211 0.003533081 0.999972105 20.684137344
0.999966025 -0.003681731 -0.007374828 -0.084143199 0.003648331 0.999982953 -0.004537369 -0.389341414 0.007391409 0.004510310 0.999962449 21.850257874
0.999970675 -0.002199071 -0.007331956 -0.115316674 0.002171061 0.999990284 -0.003826187 -0.422838479 0.007340300 0.003810158 0.999965787 23.025875092
0.999954164 -0.002712647 -0.009176156 -0.113442957 0.002671390 0.999986351 -0.004505322 -0.437444389 0.009188253 0.004480604 0.999947667 24.191888809
0.999957800 -0.002507196 -0.008836939 -0.154333964 0.002460985 0.999983251 -0.005236236 -0.460369706 0.008849919 0.005214268 0.999947190 25.379516602
0.999936163 -0.002671936 -0.010974070 -0.152589217 0.002623457 0.999986708 -0.004429630 -0.490324020 0.010985760 0.004400558 0.999929965 26.539848328
0.999925733 -0.004179243 -0.011439528 -0.173898771 0.004146460 0.999987185 -0.002887991 -0.517700553 0.011451451 0.002840344 0.999930382 27.748342514
0.999912560 -0.004565817 -0.012409881 -0.199432716 0.004531622 0.999985874 -0.002782146 -0.540847719 0.012422408 0.002725665 0.999919116 28.902990341
0.999896467 -0.006295990 -0.012933456 -0.228245154 0.006249691 0.999973953 -0.003617112 -0.571541429 0.012955893 0.003535908 0.999909818 30.111108780
0.999882042 -0.005551301 -0.014315701 -0.240323260 0.005494324 0.999976873 -0.004016211 -0.606926143 0.014337664 0.003937082 0.999889433 31.265052795
0.999885321 -0.005441767 -0.014134368 -0.286589026 0.005385633 0.999977469 -0.004006484 -0.625516057 0.014155852 0.003929901 0.999892056 32.434066772
0.999858737 -0.005250895 -0.015965275 -0.286372572 0.005190403 0.999979138 -0.003828095 -0.651708841 0.015985046 0.003744688 0.999865174 33.645984650
0.999845982 -0.005495054 -0.016671976 -0.313681334 0.005441532 0.999979913 -0.003253998 -0.681257188 0.016689524 0.003162775 0.999855757 34.854496002
0.999814451 -0.007116447 -0.017902939 -0.322215974 0.007047406 0.999967456 -0.003916547 -0.698801219 0.017930234 0.003789652 0.999832034 36.027366638
0.999796987 -0.007198725 -0.018816931 -0.330005765 0.007117063 0.999964952 -0.004403242 -0.715335190 0.018847967 0.004268428 0.999813199 37.230621338
0.999808192 -0.007774707 -0.017982554 -0.395179480 0.007715054 0.999964416 -0.003384337 -0.745886326 0.018008225 0.003244951 0.999832571 38.381626129
0.999814332 -0.007775168 -0.017632693 -0.425553232 0.007741463 0.999968112 -0.001979016 -0.773046017 0.017647516 0.001842145 0.999842584 39.575099945
0.999825180 -0.006897530 -0.017376769 -0.461162567 0.006874590 0.999975443 -0.001379522 -0.793614447 0.017385855 0.001259822 0.999848068 40.780960083
0.999856174 -0.005803430 -0.015938174 -0.525186002 0.005769309 0.999980867 -0.002186031 -0.803184688 0.015950557 0.002093764 0.999870658 41.960613251
0.999833107 -0.004547635 -0.017689638 -0.520628273 0.004508773 0.999987304 -0.002236085 -0.827175856 0.017699586 0.002155954 0.999841034 43.109325409
0.999855042 -0.001832713 -0.016925231 -0.540619910 0.001825200 0.999998212 -0.000459318 -0.849444032 0.016926045 0.000428359 0.999856710 44.323261261
0.999875605 -0.002161070 -0.015626345 -0.579341412 0.002201876 0.999994218 0.002594610 -0.867727458 0.015620649 -0.002628695 0.999874473 45.489669800
0.999909341 -0.001809063 -0.013342552 -0.609032512 0.001876727 0.999985456 0.005060526 -0.878404379 0.013333205 -0.005085108 0.999898136 46.694591522
0.999937534 -0.000537910 -0.011159920 -0.638013601 0.000635101 0.999961913 0.008707216 -0.899451971 0.011154812 -0.008713760 0.999899805 47.903278351
0.999942005 -0.001815895 -0.010614396 -0.658215940 0.001920986 0.999949098 0.009899071 -0.911595702 0.010595880 -0.009918889 0.999894679 49.096645355
0.999951363 -0.003859767 -0.009076294 -0.676174104 0.003932905 0.999959767 0.008054119 -0.918704450 0.009044844 -0.008089422 0.999926329 50.304885864
0.999965072 -0.002215424 -0.008062483 -0.686775327 0.002267034 0.999977112 0.006397787 -0.928125858 0.008048125 -0.006415842 0.999947011 51.507617950
0.999964654 -0.002261620 -0.008095373 -0.689474106 0.002310304 0.999979258 0.006009528 -0.942438722 0.008081614 -0.006028019 0.999949098 52.711170197
0.999960303 -0.002161112 -0.008643021 -0.686127424 0.002203615 0.999985516 0.004911166 -0.943658471 0.008632282 -0.004930016 0.999950588 53.923435211
0.999960124 -0.003823376 -0.008060985 -0.733645678 0.003860292 0.999982119 0.004568954 -0.976717234 0.008043371 -0.004599890 0.999957085 55.086517334
0.999942541 -0.003821332 -0.010012440 -0.748580694 0.003870769 0.999980330 0.004922952 -0.988924146 0.009993431 -0.004961425 0.999937773 56.273693085
0.999934196 -0.004036964 -0.010736537 -0.769921422 0.004095833 0.999976695 0.005466773 -0.998933792 0.010714217 -0.005510388 0.999927461 57.480998993
0.999910057 -0.004169539 -0.012743275 -0.784422278 0.004253453 0.999969423 0.006565100 -1.020987630 0.012715512 -0.006618712 0.999897182 58.693996429
0.999898136 -0.002925070 -0.013967426 -0.795865953 0.003012826 0.999975801 0.006265915 -1.032006264 0.013948761 -0.006307360 0.999882758 59.908493042
0.999889076 -0.002610456 -0.014663725 -0.818575919 0.002695081 0.999979794 0.005754251 -1.043651342 0.014648407 -0.005793131 0.999875903 61.120231628
0.999880195 -0.003459795 -0.015085937 -0.839686990 0.003539262 0.999979913 0.005244070 -1.058297634 0.015067486 -0.005296834 0.999872565 62.305961609
0.999874115 -0.003642054 -0.015436531 -0.863292396 0.003706215 0.999984562 0.004129905 -1.069151282 0.015421249 -0.004186596 0.999872327 63.494457245
0.999858379 -0.005138278 -0.016026992 -0.883347750 0.005228822 0.999970555 0.005612696 -1.091606855 0.015997678 -0.005695702 0.999855936 64.709609985
0.999860585 -0.004893970 -0.015964063 -0.909843624 0.005015902 0.999958515 0.007606802 -1.113661528 0.015926169 -0.007685815 0.999843657 65.911964417
0.999865770 -0.004204710 -0.015836200 -0.953458667 0.004302317 0.999971986 0.006134432 -1.130566359 0.015809961 -0.006201740 0.999855816 67.082641602
0.999856412 -0.002928870 -0.016688256 -0.973269463 0.003008541 0.999984145 0.004751084 -1.148992777 0.016674073 -0.004800608 0.999849439 68.261924744
0.999857247 -0.000317314 -0.016890593 -1.000741601 0.000398026 0.999988496 0.004775434 -1.154224634 0.016888885 -0.004781475 0.999845922 69.449851990
0.999851763 0.001219611 -0.017171334 -1.022167683 -0.001125407 0.999984264 0.005494767 -1.180942416 0.017177768 -0.005474628 0.999837458 70.644203186
0.999853075 0.003137109 -0.016854947 -1.061636448 -0.003046429 0.999980748 0.005402998 -1.192739248 0.016871572 -0.005350855 0.999843299 71.823158264
0.999872267 0.003179684 -0.015666220 -1.094579101 -0.003077833 0.999974132 0.006521130 -1.212625384 0.015686547 -0.006472078 0.999855995 73.036376953
0.999895096 0.004812827 -0.013664857 -1.122334957 -0.004714368 0.999962807 0.007228366 -1.223582029 0.013699132 -0.007163185 0.999880493 74.220100403
0.999924004 0.003552640 -0.011808251 -1.117082596 -0.003495164 0.999981940 0.004884617 -1.240348101 0.011825390 -0.004842973 0.999918342 75.455497742
0.999963820 0.001537320 -0.008365347 -1.154708862 -0.001542161 0.999998569 -0.000572222 -1.255255699 0.008364457 0.000585102 0.999964774 76.582160950
0.999978781 0.001916071 -0.006230802 -1.167857051 -0.001922429 0.999997556 -0.001014450 -1.273695827 0.006228842 0.001026406 0.999980032 77.755973816
0.999994397 0.001589398 -0.002923637 -1.185173750 -0.001581337 0.999994934 0.002757466 -1.299076796 0.002928005 -0.002752828 0.999991894 78.934585571
0.999997020 0.002329434 0.000687221 -1.195769429 -0.002332245 0.999988794 0.004117991 -1.320672750 -0.000677620 -0.004119581 0.999991298 80.100318909
0.999987721 0.002266002 0.004396214 -1.196604013 -0.002275478 0.999995112 0.002151896 -1.342347383 -0.004391316 -0.002161874 0.999988079 81.283279419
0.999971509 0.001201277 0.007442982 -1.184648752 -0.001196352 0.999998987 -0.000666081 -1.361361980 -0.007443775 0.000657157 0.999972045 82.452331543
0.999937236 0.000384176 0.011197572 -1.168215156 -0.000331377 0.999988854 -0.004716742 -1.382671356 -0.011199258 0.004712735 0.999926209 83.580589294
0.999877214 -0.000106990 0.015666919 -1.287478924 0.000182331 0.999988437 -0.004807545 -1.563546062 -0.015666220 0.004809811 0.999865711 84.715850830
0.999818504 -0.000203070 0.019051256 -1.262894630 0.000265224 0.999994695 -0.003260006 -1.589054585 -0.019050488 0.003264466 0.999813199 85.869987488
0.999752641 0.000003883 0.022241013 -1.237105131 0.000047557 0.999997258 -0.002312333 -1.618046403 -0.022240963 0.002312818 0.999749899 87.049011230
0.999632061 0.000602983 0.027116871 -1.224484921 -0.000466761 0.999987245 -0.005029525 -1.637217045 -0.027119555 0.005015017 0.999619722 88.174942017
0.999535501 0.000794716 0.030466577 -1.201461792 -0.000585452 0.999976158 -0.006876915 -1.668444872 -0.030471316 0.006855884 0.999512076 89.340530396
0.999451876 -0.000112458 0.033104755 -1.153026581 0.000360267 0.999971986 -0.007479714 -1.695681334 -0.033102982 0.007487541 0.999423921 90.501502991
0.999369860 -0.001324914 0.035469417 -1.106884003 0.001544816 0.999979794 -0.006173029 -1.724580526 -0.035460521 0.006223932 0.999351740 91.663978577
0.999250114 -0.002176933 0.038658462 -1.062322617 0.002379747 0.999983609 -0.005201070 -1.738479614 -0.038646501 0.005289165 0.999238968 92.820838928
0.999151587 -0.003018809 0.041072790 -1.015188932 0.003162478 0.999989092 -0.003433429 -1.765284300 -0.041061975 0.003560406 0.999150276 93.979850769
0.999020159 -0.003462847 0.044121418 -0.976953983 0.003565137 0.999991119 -0.002239817 -1.795058012 -0.044113267 0.002394921 0.999023676 95.142738342
0.998897254 -0.004835928 0.046699651 -0.933532238 0.005058415 0.999976337 -0.004647187 -1.817559958 -0.046676081 0.004878289 0.998898208 96.299812317
0.998794496 -0.006148589 0.048699208 -0.876199245 0.006562547 0.999943554 -0.008344949 -1.837609887 -0.048645161 0.008654482 0.998778582 97.436820984
0.998699784 -0.005089844 0.050723795 -0.820399284 0.005649580 0.999924660 -0.010897700 -1.864440441 -0.050664507 0.011170098 0.998653293 98.589286804
0.998628438 -0.005632515 0.052054159 -0.752768040 0.006255560 0.999910712 -0.011813965 -1.895709157 -0.051982973 0.012123389 0.998574436 99.766677856
0.998621285 -0.005563234 0.052198064 -0.671546936 0.006168190 0.999915540 -0.011435710 -1.926714778 -0.052130040 0.011741909 0.998571336 100.982276917
0.998647749 -0.005410990 0.051707786 -0.632719994 0.005893927 0.999940395 -0.009191799 -1.960635662 -0.051654968 0.009484129 0.998619974 102.129089355
0.998708487 -0.006134716 0.050435845 -0.590846539 0.006514843 0.999951541 -0.007375866 -1.999603033 -0.050388161 0.007694921 0.998700082 103.290771484
0.998834312 -0.005615950 0.047942296 -0.527522564 0.005955915 0.999958158 -0.006951208 -2.014959335 -0.047901254 0.007228646 0.998825967 104.469650269
0.998936117 -0.005340071 0.045804866 -0.485939503 0.005630311 0.999964893 -0.006209784 -2.043604851 -0.045770101 0.006461073 0.998931110 105.662895203
0.999060452 -0.004407236 0.043113183 -0.442079067 0.004696247 0.999967158 -0.006604502 -2.066874743 -0.043082651 0.006800765 0.999048352 106.873352051
0.999207497 -0.003235439 0.039672665 -0.416290760 0.003519480 0.999968588 -0.007091832 -2.092696667 -0.039648473 0.007225839 0.999187529 108.069778442
0.999363720 -0.003057468 0.035533883 -0.384992361 0.003290910 0.999973416 -0.006512927 -2.123735428 -0.035513029 0.006625724 0.999347210 109.273429871
0.999502957 -0.002049846 0.031463850 -0.335884571 0.002218902 0.999983251 -0.005339058 -2.155031681 -0.031452384 0.005406217 0.999490619 110.489151001
0.999637127 -0.001927263 0.026872896 -0.302452564 0.002050585 0.999987423 -0.004562315 -2.176122427 -0.026863772 0.004615763 0.999628425 111.699974060
0.999740839 -0.001983581 0.022680106 -0.281531811 0.002083618 0.999988198 -0.004388059 -2.193587780 -0.022671133 0.004434178 0.999733150 112.904335022
0.999833286 -0.001667941 0.018190309 -0.279328585 0.001741110 0.999990404 -0.004007368 -2.226518154 -0.018183451 0.004038372 0.999826550 114.115333557
0.999925017 -0.000930279 0.012219301 -0.232483864 0.000981750 0.999990642 -0.004207024 -2.238947630 -0.012215277 0.004218705 0.999916434 115.348739624
0.999969482 -0.000472691 0.007793635 -0.241663814 0.000509587 0.999988794 -0.004733123 -2.269145966 -0.007791310 0.004736950 0.999958396 116.549766541
0.999996185 0.000593825 0.002699015 -0.237359941 -0.000579471 0.999985695 -0.005316177 -2.291778326 -0.002702133 0.005314594 0.999982297 117.767105103
0.999996722 0.002444039 -0.000720001 -0.243575364 -0.002447846 0.999982774 -0.005336598 -2.316743851 0.000706946 0.005338344 0.999985516 118.997352600
0.999987185 0.004187461 -0.002862609 -0.253877610 -0.004202005 0.999978185 -0.005094181 -2.346743345 0.002841214 0.005106145 0.999982893 120.227371216
0.999977887 0.005599294 -0.003586977 -0.271391511 -0.005619472 0.999968290 -0.005640416 -2.369756222 0.003555281 0.005660450 0.999977589 121.469108582
0.999957800 0.007719997 -0.004973937 -0.277925611 -0.007745468 0.999956906 -0.005122330 -2.397749662 0.004934179 0.005160639 0.999974549 122.709671021
0.999938965 0.009294312 -0.005977290 -0.291221261 -0.009322016 0.999945879 -0.004624011 -2.421317101 0.005933990 0.004679450 0.999971449 123.949256897
0.999943078 0.008697930 -0.006179502 -0.317370504 -0.008723157 0.999953687 -0.004066913 -2.452866077 0.006143843 0.004120587 0.999972641 125.208442688
0.999891758 0.012707883 -0.007416750 -0.333001137 -0.012724931 0.999916434 -0.002256060 -2.466955423 0.007387460 0.002350194 0.999969959 126.443672180
0.999875784 0.013474830 -0.008186198 -0.344943345 -0.013467303 0.999908805 0.000973945 -2.487722635 0.008198574 -0.000863577 0.999966025 127.684921265
0.999884546 0.012688852 -0.008365927 -0.369328439 -0.012684916 0.999919415 0.000523319 -2.510412931 0.008371893 -0.000417137 0.999964893 128.955032349
0.999887764 0.012372362 -0.008447517 -0.396292269 -0.012382327 0.999922693 -0.001128336 -2.525821924 0.008432902 0.001232809 0.999963701 130.215713501
0.999910295 0.009729204 -0.009209098 -0.406756878 -0.009734359 0.999952495 -0.000515031 -2.545048237 0.009203650 0.000604629 0.999957561 131.471527100
0.999917686 0.007288959 -0.010550947 -0.414310157 -0.007270871 0.999972045 0.001751733 -2.567818403 0.010563420 -0.001674875 0.999942720 132.712112427
0.999933243 0.004111900 -0.010793980 -0.426601648 -0.004073646 0.999985337 0.003563563 -2.582530499 0.010808476 -0.003519354 0.999935389 133.975845337
0.999939620 0.002253886 -0.010758555 -0.448161960 -0.002200727 0.999985278 0.004950500 -2.604647636 0.010769556 -0.004926524 0.999929845 135.235412598
0.999935091 -0.002151521 -0.011190314 -0.450508118 0.002181297 0.999994159 0.002649378 -2.616247654 0.011184548 -0.002673616 0.999933898 136.515243530
0.999929488 -0.004743864 -0.010885637 -0.472304940 0.004763719 0.999987125 0.001798906 -2.631643057 0.010876962 -0.001850636 0.999939144 137.766220093
0.999917090 -0.006353759 -0.011196551 -0.476319790 0.006371841 0.999978423 0.001580021 -2.653006554 0.011186270 -0.001651233 0.999936044 139.043975830
0.999919832 -0.006872883 -0.010635460 -0.498251379 0.006890181 0.999975026 0.001590617 -2.665806055 0.010624262 -0.001663770 0.999942124 140.309722900
0.999930203 -0.005988224 -0.010184670 -0.515504599 0.006028190 0.999974251 0.003897953 -2.685355425 0.010161066 -0.003959076 0.999940515 141.598022461
0.999943256 -0.004182613 -0.009795166 -0.522644222 0.004235507 0.999976516 0.005385500 -2.707689285 0.009772411 -0.005426683 0.999937475 142.877151489
0.999954581 -0.003742622 -0.008761007 -0.554804265 0.003776023 0.999985576 0.003799175 -2.721824169 0.008746664 -0.003832084 0.999954343 144.137100220
0.999959469 -0.002948361 -0.008501632 -0.564734101 0.002965650 0.999993503 0.002021747 -2.744145870 0.008495617 -0.002046878 0.999961793 145.398376465
0.999962628 -0.003216944 -0.008020669 -0.582356095 0.003214923 0.999994755 -0.000264682 -2.767835617 0.008021479 0.000238886 0.999967813 146.669082642
0.999960482 -0.005104689 -0.007274983 -0.601921320 0.005070792 0.999976218 -0.004670067 -2.788024902 0.007298649 0.004632993 0.999962687 147.947372437
0.999963343 -0.004590646 -0.007226028 -0.608919203 0.004531975 0.999956727 -0.008114851 -2.814274549 0.007262970 0.008081805 0.999940932 149.186157227
0.999964893 -0.004685659 -0.006941495 -0.616693854 0.004623591 0.999949396 -0.008930832 -2.850832462 0.006982991 0.008898424 0.999935985 150.442901611
0.999964058 -0.004815391 -0.006973413 -0.634466410 0.004756678 0.999953270 -0.008411790 -2.885203362 0.007013593 0.008378316 0.999940217 151.698089600
0.999964237 -0.004364271 -0.007244024 -0.641491294 0.004307194 0.999959707 -0.007876165 -2.916265726 0.007278106 0.007844682 0.999942720 152.954177856
0.999967992 -0.003750457 -0.007068840 -0.669411182 0.003702392 0.999970019 -0.006800362 -2.947371483 0.007094133 0.006773973 0.999951839 154.203567505
0.999970317 -0.002864077 -0.007152233 -0.684275627 0.002816514 0.999973893 -0.006651047 -2.963056087 0.007171096 0.006630707 0.999952257 155.480361938
0.999960423 -0.003306775 -0.008270106 -0.689798176 0.003251473 0.999972284 -0.006691358 -3.011335373 0.008292005 0.006664202 0.999943435 156.708267212
0.999958873 -0.002639044 -0.008675284 -0.713393807 0.002583884 0.999976337 -0.006363267 -3.034980297 0.008691872 0.006340591 0.999942183 157.976394653
0.999953210 -0.002792854 -0.009258430 -0.732394874 0.002743920 0.999982178 -0.005293807 -3.069643497 0.009273050 0.005268155 0.999943137 159.209747314
0.999950945 -0.001365622 -0.009805333 -0.749087334 0.001316692 0.999986649 -0.004994909 -3.095819473 0.009812023 0.004981753 0.999939501 160.458572388
0.999932647 -0.003175590 -0.011163818 -0.728416920 0.003121684 0.999983311 -0.004842606 -3.147525787 0.011179010 0.004807430 0.999925971 161.852737427
0.999927878 -0.001982260 -0.011844906 -0.743331313 0.001911448 0.999980211 -0.005986579 -3.180351973 0.011856540 0.005963507 0.999911904 163.099151611
0.999923170 -0.001606588 -0.012292547 -0.777490497 0.001534083 0.999981403 -0.005905346 -3.211359024 0.012301804 0.005886034 0.999906957 164.354904175
0.999917924 -0.001717782 -0.012691745 -0.802322745 0.001629359 0.999974310 -0.006973993 -3.233449459 0.012703398 0.006952741 0.999895155 165.629257202
0.999907732 -0.000309192 -0.013580960 -0.821191192 0.000202977 0.999969423 -0.007821514 -3.271647930 0.013582963 0.007818035 0.999877155 166.874359131
0.999892592 -0.001116922 -0.014614276 -0.837749004 0.001009611 0.999972522 -0.007348210 -3.307637215 0.014622082 0.007332666 0.999866128 168.128662109
0.999888122 -0.001538212 -0.014877325 -0.872872472 0.001451567 0.999981940 -0.005833074 -3.346099615 0.014886030 0.005810826 0.999872267 169.387329102
0.999875486 -0.001450771 -0.015710551 -0.898841381 0.001367274 0.999984920 -0.005324182 -3.391159534 0.015718037 0.005302039 0.999862432 170.648727417
0.999866843 -0.000290529 -0.016312210 -0.932877660 0.000213566 0.999988794 -0.004719689 -3.424907684 0.016313398 0.004715577 0.999855757 171.909011841
0.999873817 0.000511789 -0.015876641 -0.986597300 -0.000589381 0.999987841 -0.004882864 -3.445610046 0.015873954 0.004891605 0.999862015 173.189376831
0.999859869 -0.000342538 -0.016738594 -1.025266886 0.000258362 0.999987304 -0.005030740 -3.489118338 0.016740106 0.005025711 0.999847233 174.424942017
0.999834120 0.000812122 -0.018193051 -1.013163090 -0.000915271 0.999983549 -0.005662038 -3.516658783 0.018188154 0.005677752 0.999818444 175.698623657
0.999848068 0.001790535 -0.017338842 -1.087798476 -0.001888720 0.999982178 -0.005647955 -3.524778366 0.017328421 0.005679846 0.999833703 176.949066162
0.999817014 0.000803652 -0.019110609 -1.070583344 -0.000934046 0.999976456 -0.006815273 -3.568691254 0.019104676 0.006831877 0.999794126 178.184066772
0.999824643 -0.000606475 -0.018716319 -1.110179901 0.000460260 0.999969363 -0.007815491 -3.606624603 0.018720485 0.007805508 0.999794364 179.467880249
0.999799132 -0.004110161 -0.019612687 -1.120890379 0.003948766 0.999957979 -0.008260681 -3.630331516 0.019645816 0.008181578 0.999773502 180.710067749
0.999789596 -0.003872288 -0.020144356 -1.151215792 0.003783479 0.999982953 -0.004444886 -3.662333250 0.020161226 0.004367736 0.999787211 181.979476929
0.999789000 -0.005124842 -0.019893009 -1.179851055 0.005123491 0.999986887 -0.000118901 -3.688043118 0.019893354 0.000016954 0.999802113 183.225372314
0.999793649 -0.004131308 -0.019886715 -1.218122482 0.004119816 0.999991298 -0.000618769 -3.712074041 0.019889101 0.000536712 0.999802053 184.473083496
0.999809921 -0.002090413 -0.019381993 -1.262993574 0.002015278 0.999990404 -0.003895270 -3.733982801 0.019389948 0.003855470 0.999804556 185.739044189
0.999798834 -0.001540902 -0.019995829 -1.279776335 0.001424151 0.999981880 -0.005851655 -3.763043404 0.020004479 0.005822001 0.999782920 186.981872559
0.999804020 -0.001128832 -0.019766266 -1.321116924 0.001022795 0.999985099 -0.005373829 -3.789463758 0.019772034 0.005352558 0.999790192 188.250808716
0.999797344 -0.002249072 -0.020005088 -1.345650434 0.002161794 0.999988079 -0.004383245 -3.818571568 0.020014709 0.004339110 0.999790251 189.479919434
0.999800265 -0.002005199 -0.019885270 -1.379308224 0.001962482 0.999995768 -0.002167453 -3.853850603 0.019889528 0.002127996 0.999799907 190.740875244
0.999809802 -0.002693099 -0.019314824 -1.393331766 0.002666889 0.999995470 -0.001382606 -3.873176098 0.019318461 0.001330832 0.999812603 191.974700928
0.999838531 -0.002543446 -0.017789090 -1.423890829 0.002510922 0.999995053 -0.001850441 -3.902519226 0.017793708 0.001805475 0.999840140 193.210983276
0.999860168 -0.003830328 -0.016276104 -1.442424297 0.003770644 0.999986053 -0.003696045 -3.922811985 0.016290031 0.003634158 0.999860644 194.472793579
0.999875903 -0.003872850 -0.015278241 -1.477772236 0.003802588 0.999981940 -0.004625082 -3.962619305 0.015295879 0.004566411 0.999872565 195.672622681
0.999897063 -0.004713630 -0.013554377 -1.515096784 0.004643173 0.999975562 -0.005224770 -3.993905544 0.013578676 0.005161298 0.999894440 196.921707153
0.999911070 -0.004367214 -0.012598680 -1.513885736 0.004308049 0.999979556 -0.004719491 -4.013291359 0.012619034 0.004664795 0.999909520 198.130538940
0.999926865 -0.004613278 -0.011176371 -1.540086746 0.004579734 0.999984980 -0.003025047 -4.041120529 0.011190158 0.002973641 0.999933004 199.361679077
0.999942243 -0.003573144 -0.010125752 -1.553639412 0.003549250 0.999990880 -0.002376715 -4.071452141 0.010134151 0.002340639 0.999945819 200.549575806
0.999952078 -0.004456721 -0.008706145 -1.577674508 0.004434345 0.999986827 -0.002588100 -4.094357014 0.008717563 0.002549370 0.999958754 201.760208130
0.999962807 -0.004135482 -0.007553621 -1.585825205 0.004117595 0.999988675 -0.002382222 -4.125325203 0.007563387 0.002351030 0.999968648 202.955154419
0.999971986 -0.003274367 -0.006728853 -1.611595392 0.003256069 0.999990940 -0.002728740 -4.135285378 0.006737728 0.002706753 0.999973655 204.170806885
0.999982893 -0.002828622 -0.005105602 -1.640810251 0.002813933 0.999991834 -0.002882036 -4.163022041 0.005113713 0.002867620 0.999982774 205.374771118
0.999981880 -0.003340709 -0.005000591 -1.642570138 0.003327301 0.999990821 -0.002687195 -4.192754745 0.005009523 0.002670508 0.999983907 206.509246826
0.999980927 -0.004506710 -0.004216601 -1.658371568 0.004495577 0.999986351 -0.002646064 -4.220189571 0.004228469 0.002627057 0.999987721 207.678985596
0.999982715 -0.004203679 -0.004115536 -1.660297394 0.004196933 0.999989748 -0.001646347 -4.245735645 0.004122415 0.001629046 0.999990165 208.806365967
0.999980271 -0.004677855 -0.004198269 -1.678225279 0.004674666 0.999988675 -0.000769115 -4.272409439 0.004201820 0.000749474 0.999990880 209.944625854
0.999974608 -0.004827864 -0.005225388 -1.677006364 0.004824246 0.999988139 -0.000705232 -4.297212124 0.005228731 0.000680005 0.999986112 211.036148071
0.999974430 -0.004217624 -0.005771504 -1.686008334 0.004208455 0.999989867 -0.001600010 -4.327381611 0.005778194 0.001575679 0.999982119 212.139495850
0.999973178 -0.004057630 -0.006090274 -1.702635288 0.004042081 0.999988556 -0.002563526 -4.347486973 0.006100606 0.002538840 0.999978125 213.212997437
0.999967754 -0.004054929 -0.006929085 -1.706328034 0.004038490 0.999989033 -0.002384953 -4.379789829 0.006938680 0.002356893 0.999973118 214.284423828
0.999949813 -0.004685225 -0.008856202 -1.718710661 0.004666958 0.999986947 -0.002082057 -4.410778522 0.008865844 0.002040621 0.999958634 215.318939209
0.999926805 -0.005273381 -0.010893859 -1.724291205 0.005259880 0.999985397 -0.001267613 -4.431708813 0.010900385 0.001210219 0.999939919 216.368347168
0.999903560 -0.006281498 -0.012386663 -1.754662156 0.006288511 0.999980032 0.000527271 -4.457973003 0.012383105 -0.000605114 0.999923110 217.390625000
0.999877691 -0.006354688 -0.014295591 -1.780564785 0.006382463 0.999977767 0.001898036 -4.469791889 0.014283214 -0.001989045 0.999896049 218.424240112
0.999842942 -0.005712885 -0.016776973 -1.796024442 0.005757697 0.999979973 0.002623781 -4.505502224 0.016761648 -0.002719965 0.999855816 219.438217163
0.999789536 -0.005361871 -0.019801840 -1.818766832 0.005400721 0.999983549 0.001908837 -4.523881912 0.019791279 -0.002015378 0.999802113 220.406661987
0.999734700 -0.005073018 -0.022465670 -1.850992918 0.005109800 0.999985695 0.001580100 -4.531679153 0.022457330 -0.001694476 0.999746442 221.395111084
0.999657393 -0.005015175 -0.025693396 -1.872099161 0.005070384 0.999984920 0.002084174 -4.555575848 0.025682561 -0.002213735 0.999667704 222.329040527
0.999579489 -0.004549987 -0.028639320 -1.906701565 0.004604339 0.999987721 0.001832209 -4.579596043 0.028630629 -0.001963303 0.999588132 223.255493164
0.999504209 -0.004606892 -0.031147249 -1.948304653 0.004657472 0.999987960 0.001551566 -4.595939636 0.031139731 -0.001695865 0.999513626 224.167236328
0.999395251 -0.003890924 -0.034552608 -1.968383789 0.003913340 0.999992132 0.000581009 -4.617498875 0.034550078 -0.000715874 0.999402702 225.031768799
0.999293089 -0.002870716 -0.037483599 -2.023011208 0.002898755 0.999995589 0.000693715 -4.642532825 0.037481435 -0.000801881 0.999297023 225.882965088
0.999174178 -0.002692792 -0.040542535 -2.048378468 0.002701303 0.999996305 0.000155146 -4.664021492 0.040541958 -0.000264535 0.999177814 226.711547852
0.999090016 -0.000464270 -0.042649534 -2.094017982 0.000428905 0.999999583 -0.000838323 -4.669467449 0.042649902 0.000819267 0.999089718 227.538955688
0.999042690 0.000328304 -0.043745294 -2.129241943 -0.000323772 1.000000000 0.000110685 -4.695077896 0.043745317 -0.000096416 0.999042690 228.344253540
0.999043584 -0.000148606 -0.043725215 -2.165759087 0.000220636 0.999998629 0.001642551 -4.715641975 0.043724906 -0.001650627 0.999042213 229.096908569
0.999064207 -0.000411892 -0.043248359 -2.202297688 0.000512182 0.999997258 0.002307855 -4.735126019 0.043247290 -0.002327847 0.999061584 229.862655640
0.999089360 -0.000172365 -0.042664718 -2.238902092 0.000251818 0.999998271 0.001856953 -4.746238232 0.042664323 -0.001866006 0.999087632 230.598297119
0.999131739 0.000057658 -0.041663926 -2.284865379 -0.000068720 1.000000000 -0.000264055 -4.763444424 0.041663915 0.000266690 0.999131620 231.344573975
0.999140382 0.000474017 -0.041452330 -2.303808689 -0.000563255 0.999997556 -0.002141117 -4.778829098 0.041451212 0.002162627 0.999138176 232.055099487
0.999194264 0.000828790 -0.040127475 -2.344099998 -0.000971942 0.999993265 -0.003548048 -4.792503834 0.040124264 0.003584192 0.999188244 232.779647827
0.999243677 0.001179547 -0.038866140 -2.364409924 -0.001354209 0.999989092 -0.004467965 -4.802955151 0.038860448 0.004517219 0.999234378 233.519561768
0.999306202 0.000726859 -0.037235808 -2.393767834 -0.000862418 0.999993026 -0.003624637 -4.832675457 0.037232917 0.003654236 0.999299943 234.236907959
0.999373853 0.000365781 -0.035379935 -2.424025059 -0.000524605 0.999989748 -0.004479913 -4.839342594 0.035377935 0.004495669 0.999363840 234.950531006
0.999437511 0.000551493 -0.033529360 -2.449825287 -0.000708369 0.999988735 -0.004667003 -4.857666016 0.033526402 0.004688129 0.999426842 235.666458130
0.999495268 -0.000260703 -0.031765923 -2.467267036 0.000110444 0.999988735 -0.004731912 -4.877919197 0.031766806 0.004726016 0.999484062 236.373504639
0.999594986 0.000127858 -0.028455850 -2.496993065 -0.000248885 0.999990940 -0.004249728 -4.897662163 0.028455051 0.004255090 0.999586105 237.082763672
0.999675274 -0.000936342 -0.025461767 -2.515182495 0.000841198 0.999992669 -0.003747310 -4.910022736 0.025465084 0.003724675 0.999668717 237.792572021
0.999752998 -0.001829255 -0.022150502 -2.536429882 0.001753833 0.999992609 -0.003423969 -4.928362846 0.022156604 0.003384276 0.999748707 238.485534668
0.999813259 -0.001996864 -0.019224882 -2.551586628 0.001938555 0.999993503 -0.003051164 -4.945862770 0.019230852 0.003013326 0.999810517 239.178604126
0.999865115 -0.002526334 -0.016226867 -2.565248013 0.002467626 0.999990284 -0.003636881 -4.960296631 0.016235905 0.003596348 0.999861717 239.872573853
0.999912679 -0.002928244 -0.012880006 -2.580690384 0.002880538 0.999988794 -0.003720630 -4.976786137 0.012890759 0.003683204 0.999910116 240.556121826
0.999946117 -0.001860207 -0.010214226 -2.588521004 0.001813849 0.999987960 -0.004545714 -4.992437363 0.010222560 0.004526941 0.999937475 241.251022339
0.999968290 -0.002205710 -0.007652353 -2.593860865 0.002170294 0.999986887 -0.004633293 -5.011507988 0.007662471 0.004616538 0.999959946 241.944427490
0.999989390 -0.001288166 -0.004423070 -2.602887630 0.001269077 0.999989867 -0.004315805 -5.021508217 0.004428587 0.004310146 0.999980927 242.653198242
0.999997914 -0.001069263 -0.001752556 -2.609624624 0.001062865 0.999992847 -0.003647336 -5.036586761 0.001756444 0.003645465 0.999991894 243.355865479
0.999998748 -0.001466236 0.000553324 -2.608877659 0.001468329 0.999991715 -0.003800046 -5.052920341 -0.000547747 0.003800854 0.999992609 244.074462891
0.999995530 -0.001806750 0.002412729 -2.611977577 0.001818367 0.999986768 -0.004821285 -5.070091248 -0.002403986 0.004825649 0.999985516 244.775268555
0.999989688 -0.000730903 0.004469346 -2.611515522 0.000767850 0.999965429 -0.008270757 -5.081058979 -0.004463146 0.008274104 0.999955833 245.495697021
0.999986291 -0.002233092 0.004720754 -2.604977369 0.002280203 0.999947429 -0.009997629 -5.096726894 -0.004698180 0.010008258 0.999938905 246.223129272
0.999982357 -0.003347347 0.004902805 -2.591808796 0.003396118 0.999944508 -0.009973178 -5.114889145 -0.004869150 0.009989652 0.999938250 246.990264893
0.999977112 -0.004645734 0.004921972 -2.591837406 0.004699178 0.999929488 -0.010902813 -5.132683754 -0.004870973 0.010925690 0.999928415 247.729843140
0.999986708 -0.001895261 0.004795795 -2.569302559 0.001950252 0.999932110 -0.011487944 -5.134216309 -0.004773697 0.011497145 0.999922514 248.400100708
0.999983788 -0.002575595 0.005081620 -2.566912651 0.002632347 0.999933898 -0.011193122 -5.157531261 -0.005052454 0.011206317 0.999924481 249.172561646
0.999982834 -0.002489203 0.005302317 -2.567036629 0.002561847 0.999902248 -0.013738002 -5.174343109 -0.005267602 0.013751348 0.999891579 249.896514893
0.999961138 -0.006607123 0.005819716 -2.562149525 0.006698969 0.999850929 -0.015906539 -5.195356369 -0.005713752 0.015944907 0.999856532 250.642013550
0.999925017 -0.010520673 0.006286266 -2.568984032 0.010620862 0.999813616 -0.016123034 -5.232473373 -0.006115470 0.016188590 0.999850214 251.495254517
0.999941885 -0.008367367 0.006801085 -2.565343380 0.008451064 0.999887764 -0.012372798 -5.252635002 -0.006696793 0.012429554 0.999900341 252.270980835
0.999971211 -0.001876774 0.007358112 -2.555713177 0.001932607 0.999969482 -0.007588111 -5.228861332 -0.007343645 0.007602113 0.999944150 252.877227783
0.999963522 -0.003245658 0.007912466 -2.546124935 0.003274228 0.999988258 -0.003600407 -5.256883621 -0.007900687 0.003626183 0.999962211 253.646469116
0.999942422 -0.003580513 0.010116798 -2.529784441 0.003640086 0.999976099 -0.005876199 -5.272120476 -0.010095516 0.005912687 0.999931574 254.415298462
0.999889433 -0.002879816 0.014585952 -2.531027317 0.003055289 0.999923050 -0.012022457 -5.286557674 -0.014550207 0.012065694 0.999821365 255.191329956
0.999824822 -0.002548623 0.018540967 -2.531884193 0.002833556 0.999878049 -0.015357681 -5.318915367 -0.018499566 0.015407527 0.999710143 256.184051514
0.999751627 -0.000586286 0.022282038 -2.531729221 0.000911170 0.999893367 -0.014573145 -5.345297813 -0.022271123 0.014589826 0.999645472 256.978332520
0.999688327 -0.002502594 0.024837459 -2.488337517 0.002805272 0.999922097 -0.012158961 -5.372099400 -0.024805091 0.012224845 0.999617636 257.801910400
0.999590933 -0.006021480 0.027958868 -2.487338066 0.006280971 0.999938071 -0.009202593 -5.393548965 -0.027901720 0.009374437 0.999566674 258.752563477
0.999483824 -0.009210486 0.030777600 -2.461322784 0.009453146 0.999925315 -0.007748047 -5.411310196 -0.030703938 0.008034992 0.999496222 259.564239502
0.999449015 -0.002432631 0.033100661 -2.388873100 0.002706602 0.999962449 -0.008234586 -5.415171623 -0.033079386 0.008319639 0.999418080 260.259765625
0.999330699 0.000570745 0.036574539 -2.367886543 -0.000176336 0.999941885 -0.010786032 -5.426169872 -0.036578570 0.010772363 0.999272704 261.096130371
0.999263883 -0.000043143 0.038360890 -2.339671135 0.000498874 0.999929368 -0.011870598 -5.472405434 -0.038357668 0.011880998 0.999193430 261.906341553
0.999140680 0.001595139 0.041416898 -2.329936028 -0.001084530 0.999923170 -0.012348036 -5.490641594 -0.041433416 0.012292508 0.999065578 262.760437012
0.999032140 0.002752413 0.043899991 -2.299132347 -0.002287516 0.999940872 -0.010636656 -5.508151531 -0.043926675 0.010525939 0.998979270 263.573516846
0.998885512 0.003809586 0.047044668 -2.248088837 -0.003371152 0.999950171 -0.009395318 -5.519538879 -0.047078118 0.009226252 0.998848557 264.516418457
0.998757482 0.004100169 0.049666293 -2.208096504 -0.003625629 0.999946952 -0.009640895 -5.539433479 -0.049703188 0.009448843 0.998719335 265.346038818
0.998564065 0.005758393 0.053260695 -2.194984436 -0.005221060 0.999934137 -0.010222395 -5.560644150 -0.053316049 0.009929638 0.998528302 266.166473389
0.998467207 0.004579854 0.055158742 -2.133952141 -0.003971003 0.999930024 -0.011142751 -5.573863029 -0.055205915 0.010906633 0.998415411 267.008819580
0.998342335 -0.000794197 0.057550043 -2.093512535 0.001354323 0.999952078 -0.009694524 -5.604435921 -0.057539593 0.009756395 0.998295546 267.832519531
0.998293102 -0.001251313 0.058390699 -2.047081947 0.001846345 0.999946892 -0.010137687 -5.620575905 -0.058374915 0.010228192 0.998242378 268.672546387
0.998238862 -0.000218805 0.059321258 -2.010041237 0.000824997 0.999947667 -0.010194503 -5.646359444 -0.059315920 0.010225491 0.998186827 269.577789307
0.998193622 -0.000490383 0.060076285 -1.966745377 0.001101983 0.999947846 -0.010147676 -5.669544220 -0.060068168 0.010195551 0.998142183 270.414825439
0.998226404 -0.000793518 0.059526566 -1.913305283 0.001347195 0.999956191 -0.009261811 -5.695343971 -0.059516616 0.009325580 0.998183727 271.307739258
0.998252153 0.000109969 0.059098035 -1.863401413 0.000409430 0.999961317 -0.008776588 -5.717475891 -0.059096716 0.008785446 0.998213530 272.154357910
0.998339593 -0.000096448 0.057603169 -1.816943169 0.000665573 0.999951184 -0.009861015 -5.739743233 -0.057599407 0.009882982 0.998290837 273.034454346
0.998415112 0.000326456 0.056278687 -1.775783539 0.000269016 0.999944091 -0.010572856 -5.765872478 -0.056278992 0.010571239 0.998359084 273.878540039
0.998519421 0.000805893 0.054390024 -1.728321075 -0.000190954 0.999935985 -0.011310323 -5.788434982 -0.054395653 0.011283189 0.998455703 274.758422852
0.998556435 0.003837031 0.053575028 -1.695878983 -0.003191859 0.999921322 -0.012122752 -5.800114632 -0.053617336 0.011934246 0.998490155 275.602172852
0.998680592 0.003417044 0.051238086 -1.656173706 -0.002803549 0.999923587 -0.012040467 -5.841018677 -0.051275305 0.011880931 0.998613894 276.464721680
0.998785377 0.004253601 0.049088284 -1.618451118 -0.003699121 0.999928474 -0.011380903 -5.862293243 -0.049133170 0.011185495 0.998729646 277.301849365
0.998916447 0.003899711 0.046379276 -1.589092255 -0.003438677 0.999943912 -0.010016156 -5.888177872 -0.046415739 0.009845817 0.998873711 278.175140381
0.999106646 0.003033991 0.042153824 -1.558878899 -0.002709516 0.999966323 -0.007752402 -5.911614418 -0.042175930 0.007631257 0.999081016 279.006805420
0.999307454 0.001447671 0.037181467 -1.526218414 -0.001234570 0.999982655 -0.005753715 -5.936374187 -0.037189152 0.005703827 0.999291956 279.874298096
0.999474406 0.000987787 0.032401033 -1.500968933 -0.000839171 0.999989033 -0.004600071 -5.955732346 -0.032405220 0.004570464 0.999464333 280.712066650
0.999613762 0.001118583 0.027768092 -1.488934517 -0.001009294 0.999991596 -0.003949524 -5.974109173 -0.027772272 0.003919973 0.999606729 281.536743164
0.999728084 0.000156419 0.023323070 -1.477441311 -0.000081180 0.999994695 -0.003226929 -5.995618820 -0.023323448 0.003224158 0.999722838 282.341125488
0.999827683 -0.000855293 0.018542644 -1.467141628 0.000914582 0.999994397 -0.003189163 -6.014070034 -0.018539814 0.003205572 0.999823034 283.114837646
0.999890447 -0.000907506 0.014774425 -1.470671177 0.000960826 0.999993026 -0.003602307 -6.030805588 -0.014771054 0.003616108 0.999884367 283.937591553
0.999943972 -0.001288218 0.010508724 -1.463063955 0.001322900 0.999993682 -0.003293998 -6.053030014 -0.010504415 0.003307716 0.999939322 284.693084717
0.999976516 -0.000439179 0.006843225 -1.473166704 0.000463641 0.999993503 -0.003573240 -6.075993061 -0.006841611 0.003576329 0.999970198 285.438232422
