0.999747574 -0.007536677 0.021164486 0.021319550 0.007548516 0.999971330 -0.000479553 -0.007398249 -0.021160262 0.000639192 0.999775887 0.883010268
0.999775231 -0.009020508 0.019186405 0.027052030 0.009060284 0.999956965 -0.001987084 -0.009546782 -0.019167654 0.002160471 0.999813974 1.188248277
0.999854207 -0.011552640 0.012568659 0.029183257 0.011593788 0.999927640 -0.003205970 -0.014446298 -0.012530711 0.003351221 0.999915898 1.503650427
0.999911726 -0.012784619 0.003604512 -0.001797741 0.012802009 0.999906301 -0.004843005 -0.005373895 -0.003542259 0.004888723 0.999981761 0.494850993
0.999792159 -0.012495064 -0.016111007 0.005533848 0.012404746 0.999906957 -0.005693758 -0.019683562 0.016180651 0.005492723 0.999853909 2.146082401
0.999337316 -0.008018200 -0.035504468 -0.025479972 0.007828915 0.999954402 -0.005467106 -0.027853586 0.035546675 0.005185521 0.999354661 2.485653400
0.998466969 -0.004474888 -0.055170316 -0.045223780 0.004102096 0.999967933 -0.006868490 -0.029638581 0.055199284 0.006631646 0.998453259 2.657397985
0.997140169 -0.004234592 -0.075455986 -0.103251502 0.003711129 0.999967992 -0.007076191 -0.037954014 0.075483561 0.006775928 0.997124016 3.189090729
0.995279610 -0.006025120 -0.096863218 -0.144290984 0.005415831 0.999963880 -0.006551896 -0.041277986 0.096899204 0.005996373 0.995276153 3.559581995
0.993188560 -0.007279933 -0.116291091 -0.177196860 0.006650757 0.999961078 -0.005797477 -0.044163529 0.116328761 0.004984563 0.993198276 3.769633055
0.990943670 -0.006137278 -0.134137675 -0.271978498 0.005483487 0.999971151 -0.005242923 -0.050905161 0.134165972 0.004459899 0.990948856 4.331152439
0.988778234 -0.005001773 -0.149307251 -0.304585606 0.004344506 0.999979317 -0.004727948 -0.053369310 0.149327800 0.004026226 0.988779604 4.501918793
0.986552894 -0.004218988 -0.163387924 -0.426054537 0.003507819 0.999983072 -0.004640902 -0.066119596 0.163404748 0.004005360 0.986550987 5.146883488
0.984454930 -0.005889522 -0.175539300 -0.512437105 0.005019756 0.999972820 -0.005398455 -0.074281752 0.175566345 0.004433371 0.984457612 5.576347828
0.982633054 -0.009849485 -0.185297653 -0.598235428 0.008599711 0.999934554 -0.007547210 -0.082689010 0.185359851 0.005822632 0.982653379 6.017682076
0.981070518 -0.008630765 -0.193458483 -0.646709383 0.006937479 0.999931574 -0.009428470 -0.088078767 0.193526611 0.007907879 0.981063128 6.258525372
0.979678512 -0.008277638 -0.200402930 -0.801028907 0.006078563 0.999914408 -0.011586113 -0.091508940 0.200481668 0.010132505 0.979645073 6.945651054
0.978023291 -0.009335663 -0.208286270 -0.862172902 0.006466712 0.999874711 -0.014450767 -0.096210741 0.208395064 0.012786261 0.977961183 7.207577705
0.976258755 -0.012745500 -0.216232270 -1.020788908 0.009518796 0.999827385 -0.015957337 -0.109420225 0.216398343 0.013520220 0.976211488 7.935936451
0.974233568 -0.019526716 -0.224694461 -1.080798864 0.016049510 0.999721646 -0.017291520 -0.119290523 0.224969596 0.013239740 0.974275827 8.227694511
0.972191632 -0.020354774 -0.233300284 -1.254461288 0.016253283 0.999677956 -0.019489525 -0.138995379 0.233621895 0.015155657 0.972209394 8.974246025
0.970158875 -0.017102959 -0.241865844 -1.354572296 0.011561908 0.999637604 -0.024310470 -0.141785398 0.242193937 0.020788588 0.970005214 9.310017586
0.967974901 -0.013508887 -0.250683337 -1.553114653 0.007044593 0.999619544 -0.026666136 -0.171020389 0.250948220 0.024046192 0.967701793 10.037391663
0.965775073 -0.015916893 -0.258892328 -1.661554217 0.008710452 0.999542534 -0.028959058 -0.180131003 0.259234846 0.025712866 0.965471923 10.413221359
0.963330805 -0.018985249 -0.267643869 -1.861401081 0.011072246 0.999456704 -0.031043850 -0.208729491 0.268087834 0.026942076 0.963017583 11.166669846
0.960993767 -0.018719923 -0.275935709 -1.975171685 0.009989872 0.999405086 -0.033009797 -0.227349892 0.276389480 0.028965646 0.960609078 11.556379318
0.958735168 -0.017581154 -0.283756524 -2.217812538 0.007388530 0.999289751 -0.036950774 -0.258432150 0.284204602 0.033329468 0.958184123 12.336176872
0.956460178 -0.018445030 -0.291279346 -2.357955456 0.006289968 0.999071896 -0.042611357 -0.276296526 0.291794956 0.038923930 0.955688477 12.768156052
0.954644740 -0.020113217 -0.297067136 -2.600143909 0.005615098 0.998754442 -0.049577162 -0.322925031 0.297694325 0.045660507 0.953568637 13.543797493
0.953137398 -0.021205772 -0.301793724 -2.741721153 0.003887732 0.998316586 -0.057869092 -0.347168028 0.302512854 0.053983901 0.951615274 13.991919518
0.952079892 -0.021255929 -0.305109978 -3.012579918 0.001109010 0.997815430 -0.066053659 -0.402668595 0.305847466 0.062549986 0.950023592 14.792036057
0.950548470 -0.020767625 -0.309881210 -3.168652058 -0.002721785 0.997166455 -0.075177103 -0.435283482 0.310564399 0.072302893 0.947798550 15.273155212
0.949429691 -0.019896951 -0.313348502 -3.460755348 -0.006269122 0.996589780 -0.082276426 -0.497825205 0.313916951 0.080080099 0.946067274 16.099430084
0.947799802 -0.017501356 -0.318385333 -3.641975403 -0.011592695 0.995941222 -0.089256242 -0.542855978 0.318655193 0.088288002 0.943750024 16.599838257
0.946171701 -0.016966110 -0.323220134 -3.934748650 -0.014438914 0.995418429 -0.094517834 -0.626552224 0.323342890 0.094097063 0.941591799 17.435779572
0.944348633 -0.016066581 -0.328553647 -4.123877048 -0.017724533 0.994870067 -0.099595003 -0.682080388 0.328468353 0.099875882 0.939219534 17.970438004
0.942751706 -0.012552912 -0.333259106 -4.442038536 -0.023126405 0.994424939 -0.102879077 -0.775118113 0.332692653 0.104696512 0.937205493 18.812767029
0.941144586 -0.011717774 -0.337801039 -4.643239021 -0.025133215 0.994206071 -0.104510829 -0.829464674 0.337068498 0.106849827 0.935397148 19.334054947
0.938824117 -0.011798698 -0.344194889 -4.973880768 -0.025440613 0.994306505 -0.103475645 -0.932711363 0.343456119 0.105901942 0.933178782 20.222337723
0.936456859 -0.010527457 -0.350624919 -5.185955524 -0.027022272 0.994414330 -0.102028802 -0.996191263 0.349740624 0.105020255 0.930941522 20.776914597
0.933996975 -0.011817977 -0.357085317 -5.532685757 -0.025620643 0.994664252 -0.099932745 -1.098494172 0.356361002 0.102485664 0.928710639 21.652664185
0.930839717 -0.011137841 -0.365257949 -5.759606361 -0.026034951 0.994974017 -0.096688487 -1.162154078 0.364499092 0.099510953 0.925871491 22.208127975
0.927419722 -0.009163754 -0.373909861 -6.041440010 -0.027111847 0.995422840 -0.091642067 -1.230542541 0.373038203 0.095128037 0.922926366 22.878566742
0.923922718 -0.005912706 -0.382533491 -6.455566406 -0.029209986 0.995871782 -0.085942999 -1.339433551 0.381462455 0.090578489 0.919935822 23.866548538
0.920430362 -0.001855178 -0.390902132 -6.718779564 -0.032797016 0.996096492 -0.081952274 -1.405017972 0.389528185 0.088251799 0.916776538 24.450082779
0.916580021 -0.001393084 -0.399848908 -7.129451752 -0.033483602 0.996214092 -0.080225825 -1.489251018 0.398446918 0.086921759 0.913063347 25.361673355
0.912430406 -0.001160469 -0.409230322 -7.433712959 -0.034427404 0.996233344 -0.079585254 -1.544909954 0.407781303 0.086704731 0.908953607 26.004320145
0.908602118 -0.001936814 -0.417658299 -7.746651173 -0.033892360 0.996349394 -0.078352116 -1.603252292 0.416285396 0.085346326 0.905219615 26.670137405
0.904725075 0.000371483 -0.425995797 -8.210594177 -0.036572360 0.996375322 -0.076803058 -1.702389956 0.424423218 0.085065320 0.901459277 27.662452698
0.900643110 -0.003107936 -0.434548408 -8.552170753 -0.032389522 0.996712863 -0.074258961 -1.758213282 0.433350801 0.080955632 0.897581875 28.371952057
0.897063434 -0.003027976 -0.441891313 -8.852754593 -0.031048238 0.997073412 -0.069861881 -1.813875675 0.440809608 0.076390497 0.894344091 28.950967789
0.893332660 0.000702777 -0.449395269 -9.397379875 -0.033065993 0.997391105 -0.064170673 -1.913324714 0.448177665 0.072185472 0.891025245 30.006814957
0.889501333 0.001731546 -0.456929296 -9.714878082 -0.032758787 0.997661293 -0.059990659 -1.967814326 0.455756783 0.068330228 0.887477756 30.647003174
0.885631859 -0.000966630 -0.464386880 -10.221292496 -0.029466035 0.997865796 -0.058271714 -2.033842087 0.463452220 0.065290928 0.883713245 31.604425430
0.882189095 -0.001497742 -0.470892996 -10.642110825 -0.028879384 0.997940481 -0.057277836 -2.093404293 0.470008969 0.064128980 0.880328894 32.375263214
0.878806591 -0.001400913 -0.477176011 -11.040109634 -0.028139560 0.998103261 -0.054754395 -2.139586926 0.476347685 0.061546031 0.877100289 33.116363525
0.876102090 -0.002117882 -0.482120901 -11.552724838 -0.027265197 0.998172402 -0.053930670 -2.219788074 0.481353968 0.060393896 0.874443173 34.044452667
0.873454869 -0.004392075 -0.486885279 -11.974065781 -0.025050387 0.998229742 -0.053944293 -2.267831564 0.486260235 0.059314571 0.871798515 34.816589355
0.870953321 -0.007106316 -0.491314411 -12.499805450 -0.022341382 0.998288631 -0.054043718 -2.335752010 0.490857631 0.058046203 0.869304001 35.769104004
0.869085908 -0.008813689 -0.494582802 -12.904277802 -0.021120964 0.998268247 -0.054903563 -2.371304750 0.494210213 0.058161974 0.867394626 36.526290894
0.868966937 -0.006192082 -0.494831383 -13.485349655 -0.023283862 0.998302758 -0.053380772 -2.456624031 0.494322062 0.057907704 0.867347896 37.491207123
0.868703842 -0.006478711 -0.495289415 -13.929802895 -0.022265410 0.998393118 -0.052111626 -2.500738621 0.494831175 0.056297399 0.867163599 38.275997162
0.868383169 -0.008797479 -0.495815784 -14.413067818 -0.019441817 0.998470008 -0.051767137 -2.554580688 0.495512575 0.054593276 0.866883457 39.098533630
0.867784917 -0.009579345 -0.496847630 -15.021464348 -0.018765824 0.998469353 -0.052026775 -2.635750771 0.496585518 0.054471806 0.866276860 40.155509949
0.866825998 -0.010557823 -0.498499066 -15.503625870 -0.017875208 0.998475134 -0.052229617 -2.690529823 0.498290330 0.054184768 0.865315378 40.983848572
0.865238786 -0.012334902 -0.501208246 -16.099380493 -0.015189445 0.998593390 -0.050797351 -2.747165203 0.501129866 0.051564913 0.863834441 41.972618103
0.862793863 -0.012315338 -0.505405962 -16.584087372 -0.012972561 0.998834789 -0.046484675 -2.803671122 0.505389452 0.046663105 0.861628652 42.798763275
0.860283852 -0.011473826 -0.509686351 -17.186292648 -0.012010832 0.999013186 -0.042762056 -2.877185822 0.509673834 0.042909257 0.859296918 43.794864655
0.855924547 -0.012719675 -0.516944289 -17.676597595 -0.009774711 0.999120772 -0.040768247 -2.932643890 0.517008364 0.039947513 0.855047643 44.616859436
0.851052761 -0.014721531 -0.524873912 -18.298492432 -0.009181036 0.999036789 -0.042907260 -3.001712799 0.525000095 0.041335221 0.850097835 45.611774445
0.845136225 -0.017702281 -0.534257770 -18.830156326 -0.008514202 0.998878896 -0.046565719 -3.058987617 0.534483194 0.043903150 0.844037950 46.425575256
0.839100659 -0.018049834 -0.543676496 -19.470129013 -0.008327072 0.998906016 -0.046015121 -3.117741346 0.543912411 0.043138552 0.838032544 47.406982422
0.833439171 -0.013612919 -0.552443504 -20.048906326 -0.010864815 0.999099612 -0.041010205 -3.170695782 0.552504480 0.040181708 0.832540870 48.245800018
0.827549934 -0.008553128 -0.561326981 -20.501605988 -0.014370191 0.999233544 -0.036411256 -3.465253830 0.561208189 0.038198508 0.826792777 49.431529999
0.823191464 -0.009591551 -0.567682743 -21.064987183 -0.014381292 0.999184251 -0.037736360 -3.517410278 0.567581654 0.039228261 0.822382033 50.251422882
0.819493055 -0.011616620 -0.572971404 -21.678695679 -0.015024870 0.999015391 -0.041743711 -3.576763630 0.572892189 0.042817511 0.818511546 51.126815796
0.815828800 -0.016167736 -0.578067422 -22.307945251 -0.013767563 0.998782754 -0.047364779 -3.652451515 0.578129590 0.046600137 0.814613163 52.034896851
0.812535763 -0.017158106 -0.582658827 -22.911659241 -0.014049244 0.998699903 -0.049001776 -3.704190731 0.582742095 0.048001606 0.811238348 52.864780426
0.808879256 -0.018987903 -0.587667942 -23.589744568 -0.008852068 0.998971879 -0.044461563 -3.763998747 0.587907970 0.041166119 0.807879627 53.774948120
0.805452883 -0.016957227 -0.592417121 -24.207077026 -0.007801939 0.999200583 -0.039208464 -3.819433451 0.592608333 0.036202580 0.804676771 54.615379333
0.803075671 -0.014022045 -0.595711946 -24.870086670 -0.009995077 0.999265432 -0.036995307 -3.860874176 0.595793068 0.035664208 0.802345693 55.447528839
0.800059557 -0.013795287 -0.599761903 -25.498685837 -0.010612193 0.999253690 -0.037140362 -3.923534870 0.599826694 0.036079295 0.799316049 56.250453949
0.796805203 -0.012382256 -0.604109347 -26.159559250 -0.014249846 0.999126852 -0.039274003 -3.971096516 0.604068220 0.039902203 0.795933068 57.131561279
0.793082833 -0.015690912 -0.608911693 -26.826128006 -0.012435825 0.999042571 -0.041941267 -4.027154446 0.608986914 0.040835213 0.792128503 57.967918396
0.788228452 -0.019006468 -0.615089118 -27.435470581 -0.008794311 0.999072909 -0.042141497 -4.076264381 0.615319788 0.038626414 0.787330627 58.739459991
0.783296883 -0.018900491 -0.621360421 -28.171154022 -0.008847380 0.999097526 -0.041543618 -4.133281231 0.621584833 0.038038399 0.782422781 59.691574097
0.778541863 -0.018545048 -0.627318680 -28.849346161 -0.009470957 0.999102294 -0.041289933 -4.182536125 0.627521217 0.038087245 0.777667344 60.531616211
0.773198605 -0.019897878 -0.633851707 -29.514663696 -0.009195779 0.999050736 -0.042579610 -4.237352848 0.634097219 0.038751248 0.772281706 61.319786072
0.767390132 -0.021747041 -0.640811563 -30.238309860 -0.007416703 0.999056637 -0.042786434 -4.303807735 0.641137600 0.037586600 0.766504943 62.193801880
0.761384964 -0.023060836 -0.647889733 -30.918525696 -0.006871787 0.999023914 -0.043634590 -4.361366272 0.648263633 0.037674885 0.760483325 63.004432678
0.756081283 -0.023211421 -0.654065967 -31.737804413 -0.010017264 0.998843431 -0.047026500 -4.418148518 0.654401064 0.042107806 0.754974246 63.892059326
0.750557125 -0.023403229 -0.660391092 -32.499107361 -0.011986258 0.998726130 -0.049016073 -4.464902401 0.660696924 0.044704977 0.749320328 64.702728271
0.743626416 -0.026001653 -0.668089509 -33.179599762 -0.008554010 0.998791695 -0.048393544 -4.544551849 0.668540537 0.041701570 0.742505550 65.512527466
0.737385154 -0.025869669 -0.674977005 -33.874431610 -0.007670010 0.998881280 -0.046663035 -4.609879494 0.675428987 0.039585706 0.736361802 66.279159546
0.731254995 -0.026755549 -0.681579351 -34.654613495 -0.006669667 0.998902142 -0.046367906 -4.669201374 0.682071686 0.038452659 0.730273724 67.073272705
0.725714028 -0.020889720 -0.687679291 -35.448238373 -0.019490115 0.998513579 -0.050900061 -4.746147156 0.687720358 0.050341837 0.724228144 67.875976562
0.718367219 -0.023133297 -0.695279419 -36.200584412 -0.018395020 0.998465896 -0.052226756 -4.818624973 0.695420921 0.050307669 0.716839552 68.679428101
0.712456167 -0.022390431 -0.701359391 -36.993747711 -0.020183636 0.998423398 -0.052376978 -4.884591103 0.701426327 0.051472288 0.710880876 69.466316223
0.707882345 -0.021276353 -0.706009805 -37.830734253 -0.021625195 0.998424768 -0.051771145 -4.941391945 0.705999136 0.051915478 0.706307232 70.266906738
0.702967763 -0.021352364 -0.710901141 -38.639373779 -0.021551948 0.998450696 -0.051300529 -5.034817696 0.710895121 0.051383924 0.701418400 71.028846741
0.697248399 -0.024906358 -0.716396689 -39.464630127 -0.016526772 0.998571932 -0.050801545 -5.075695038 0.716638923 0.047261029 0.695841193 71.846107483
0.692653775 -0.026044870 -0.720799744 -40.281684875 -0.018090112 0.998406112 -0.053459417 -5.146110058 0.721043348 0.050068215 0.691078722 72.602012634
0.687849402 -0.029528312 -0.725252569 -41.132896423 -0.016739819 0.998261034 -0.056520224 -5.219603539 0.725660443 0.051017996 0.686158955 73.388542175
0.680821300 -0.027391011 -0.731937230 -42.271537781 -0.022040023 0.998081863 -0.057851668 -5.341792107 0.732117891 0.055518564 0.678911686 74.344772339
0.676461160 -0.026652703 -0.735995889 -43.129806519 -0.021835083 0.998179853 -0.056216039 -5.424432755 0.736154556 0.054098502 0.674647987 75.106109619
0.670327961 -0.026940113 -0.741575778 -44.005516052 -0.021649215 0.998205364 -0.055832248 -5.492288589 0.741748989 0.053480454 0.668541789 75.936355591
0.665705204 -0.028217418 -0.745681226 -44.852748871 -0.021423049 0.998150229 -0.056896504 -5.561445236 0.745907366 0.053851057 0.663869202 76.671371460
0.660321593 -0.029458215 -0.750405073 -45.819000244 -0.019276263 0.998236299 -0.056149401 -5.648100376 0.750735521 0.051541667 0.658589184 77.526458740
0.656456888 -0.030539690 -0.753745139 -46.706535339 -0.017833326 0.998272598 -0.055978805 -5.721370697 0.754152596 0.050189462 0.654778361 78.280746460
0.652033031 -0.031771883 -0.757524669 -47.671253204 -0.016340045 0.998300672 -0.055935010 -5.801050186 0.758014441 0.048849452 0.650405943 79.106239319
0.647549927 -0.034975775 -0.761219919 -48.560321808 -0.013046793 0.998290777 -0.056967046 -5.881982803 0.761911213 0.046820484 0.645986855 79.875961304
0.643743992 -0.037800603 -0.764306903 -49.498641968 -0.013413344 0.998068333 -0.060659353 -5.963977814 0.765123546 0.049300991 0.641993523 80.644874573
0.639369309 -0.042150799 -0.767743528 -50.390731812 -0.009253908 0.998002052 -0.062499061 -6.035925865 0.768844187 0.047064617 0.637701869 81.373268127
0.632600188 -0.045474079 -0.773142397 -51.295272827 -0.004707643 0.998030603 -0.062553257 -6.122491360 0.774464190 0.043210890 0.631140351 82.117004395
0.624332488 -0.047607049 -0.779706597 -52.224723816 -0.004720110 0.997893035 -0.064708509 -6.181523800 0.781144440 0.044079933 0.622792304 82.883811951
0.615653515 -0.048455670 -0.786525726 -53.145530701 -0.002389291 0.997988284 -0.063353509 -6.258976936 0.788013339 0.040883053 0.614299297 83.588928223
0.606177568 -0.045996696 -0.793998122 -54.285194397 -0.002033544 0.998233318 -0.059380658 -6.403117657 0.795326710 0.037609857 0.605013132 84.414459229
0.596621692 -0.046187103 -0.801192462 -55.225433350 -0.002258786 0.998241901 -0.059228640 -6.479102135 0.802519500 0.037146807 0.595468342 85.115837097
0.587303162 -0.047244404 -0.807987034 -56.181655884 -0.004216822 0.998102665 -0.061425902 -6.555954456 0.809356034 0.039482757 0.585989654 85.803451538
0.578100860 -0.050009701 -0.814431369 -57.128211975 -0.003042061 0.997980893 -0.063439794 -6.622596264 0.815959692 0.039152142 0.576781511 86.496765137
0.567568123 -0.052290775 -0.821664333 -58.107933044 -0.002358674 0.997873724 -0.065134019 -6.699681282 0.823323131 0.038906023 0.566237867 87.185600281
0.558162093 -0.051910587 -0.828106523 -59.106140137 -0.000068333 0.998038054 -0.062608957 -6.799887180 0.829731941 0.035002530 0.557063460 87.836761475
0.547899008 -0.051907238 -0.834932506 -60.267997742 0.000410101 0.998089612 -0.061781485 -6.903243542 0.836544394 0.033507608 0.546873629 88.553497314
0.538084865 -0.052476451 -0.841255486 -61.269546509 0.000085932 0.998063505 -0.062202953 -6.990850925 0.842890680 0.033398177 0.537047327 89.178581238
0.527130008 -0.053523567 -0.848097324 -62.372383118 0.000528220 0.998034894 -0.062657833 -7.086639404 0.849784493 0.032580838 0.526122332 89.859931946
0.517450213 -0.053744361 -0.854023933 -63.396587372 -0.001742377 0.997957468 -0.063857906 -7.168446541 0.855711520 0.034531318 0.516299665 90.459800720
0.507606506 -0.054927066 -0.859836340 -64.477081299 -0.002964841 0.997848511 -0.065493688 -7.253367424 0.861583889 0.035794295 0.506351531 91.095977783
0.497892976 -0.054986980 -0.865493417 -65.528228760 -0.003687334 0.997844636 -0.065516792 -7.343807697 0.867230535 0.035811719 0.496617138 91.693374634
0.489382297 -0.052680381 -0.870476723 -66.595672607 -0.005177827 0.997980535 -0.063307770 -7.433026791 0.872053921 0.035488881 0.488121390 92.282516479
0.480913877 -0.051160745 -0.875273883 -67.756484985 -0.003719215 0.998168051 -0.060387541 -7.537236214 0.876759887 0.032296535 0.479842633 92.917114258
0.473528862 -0.051483504 -0.879272342 -68.811737061 -0.002957127 0.998191655 -0.060039058 -7.626725674 0.880773425 0.031030342 0.472520292 93.475296021
0.465294123 -0.055061504 -0.883441925 -69.991302490 -0.000785113 0.998037279 -0.062617294 -7.712544441 0.885155797 0.029829064 0.464337647 94.103729248
0.458121896 -0.058503807 -0.886961997 -71.078659058 0.001909658 0.997894108 -0.064834520 -7.806050777 0.888887346 0.028008318 0.457268834 94.657623291
0.452124447 -0.060823761 -0.889878571 -72.202178955 0.002163710 0.997744083 -0.067097113 -7.906979561 0.891952217 0.028410805 0.451236159 95.237915039
0.446254849 -0.064113714 -0.892606318 -73.252059937 0.004169812 0.997568429 -0.069568217 -8.013590813 0.894896328 0.027323144 0.445437074 95.780059814
0.442025483 -0.065778904 -0.894587398 -74.393310547 0.010692771 0.997623146 -0.068071678 -8.129140854 0.896938682 0.020523803 0.441678286 96.310287476
0.437342674 -0.063061647 -0.897081256 -75.499336243 0.011836046 0.997855544 -0.064375445 -8.227254868 0.899217069 0.017536229 0.437151164 96.862991333
0.433268309 -0.062374566 -0.899103999 -76.618682861 0.018098313 0.998003244 -0.060514238 -8.320004463 0.901083231 0.009946637 0.433532059 97.408081055
0.430303335 -0.061300855 -0.900600553 -77.676193237 0.019082120 0.998086214 -0.058819029 -8.411630630 0.902482629 0.008124659 0.430649579 97.901397705
0.427258492 -0.060730018 -0.902087629 -78.864112854 0.018685667 0.998121560 -0.058345035 -8.505450249 0.903936386 0.008072302 0.427590698 98.473075867
0.424637198 -0.060145274 -0.903363645 -79.934677124 0.020636216 0.998174727 -0.056757417 -8.590909958 0.905128419 0.005459304 0.425103277 98.974143982
0.421664268 -0.060150195 -0.904754698 -81.095497131 0.024980523 0.998189151 -0.054719675 -8.680963516 0.906407833 0.000472087 0.422403336 99.517967224
0.419574291 -0.060540907 -0.905699790 -82.167846680 0.026361125 0.998165250 -0.054509643 -8.771992683 0.907338142 -0.001004419 0.420400411 100.011856079
0.416507959 -0.062942468 -0.906950593 -83.272178650 0.030356683 0.998007059 -0.055320792 -8.825755119 0.908625126 -0.004490462 0.417588592 100.537200928
0.414584547 -0.060814146 -0.907976508 -84.323684692 0.032430429 0.998118043 -0.052043788 -8.924507141 0.909432828 -0.007869514 0.415776581 101.020889282
0.411677092 -0.061697181 -0.909238935 -85.461303711 0.034815431 0.998042047 -0.051959574 -8.985693932 0.910664499 -0.010264973 0.413019091 101.534225464
0.410177201 -0.063674740 -0.909780264 -86.562522888 0.038072288 0.997885644 -0.052676149 -9.058748245 0.911210835 -0.013030859 0.411734194 102.016052246
0.409333974 -0.064605951 -0.910094380 -87.604492188 0.039106615 0.997815430 -0.053244095 -9.142938614 0.911546111 -0.013796090 0.410966337 102.472732544
0.408742338 -0.065169841 -0.910320044 -88.661026001 0.038655397 0.997788310 -0.054075059 -9.225978851 0.911830723 -0.013086019 0.410357624 102.950149536
0.408635914 -0.066998437 -0.910235047 -89.698196411 0.040053338 0.997657657 -0.055451896 -9.304697037 0.911818087 -0.013798319 0.410362303 103.423049927
0.411128849 -0.067050293 -0.909107983 -90.748115540 0.037429668 0.997691810 -0.056656770 -9.380558968 0.910808504 -0.010734380 0.412689507 103.879364014
0.416465729 -0.066862442 -0.906689465 -91.730392456 0.034217052 0.997738123 -0.057859935 -9.456768990 0.908507288 -0.006927561 0.417811573 104.299316406
0.422016293 -0.074962743 -0.903483748 -92.840164185 0.042164370 0.997120082 -0.063036896 -9.529554367 0.905607224 -0.011492225 0.423961639 104.793037415
0.427593410 -0.074605599 -0.900887311 -93.826538086 0.041086420 0.997162461 -0.063077398 -9.620203018 0.903037012 -0.010042752 0.429445356 105.262138367
0.434569001 -0.075755566 -0.897446811 -94.810577393 0.044978134 0.997038305 -0.062382631 -9.729806900 0.899514735 -0.013255925 0.436689258 105.726730347
0.442966402 -0.074582666 -0.893430591 -95.783477783 0.043433931 0.997148871 -0.061706249 -9.811092377 0.895485461 -0.011471406 0.444942832 106.195083618
0.451935381 -0.074244268 -0.888955712 -96.728034973 0.043267418 0.997181952 -0.061286490 -9.885959625 0.891000748 -0.010765288 0.453874141 106.672790527
0.461577266 -0.074293479 -0.883983552 -97.678276062 0.042893808 0.997190475 -0.061410587 -9.963545799 0.886062324 -0.009571694 0.463467121 107.158111572
0.470689207 -0.073761448 -0.879210413 -98.583786011 0.041520048 0.997247040 -0.061436206 -10.057350159 0.881321728 -0.007587502 0.472455949 107.668342590
0.480838895 -0.076276176 -0.873484910 -99.519493103 0.040860288 0.997075856 -0.064575732 -10.136494637 0.875856400 -0.004640329 0.482549548 108.177612305
0.489793837 -0.083837710 -0.867797971 -100.324317932 0.047841061 0.996450484 -0.069264829 -10.252096176 0.870524824 -0.007590888 0.492066145 108.651138306
0.502672911 -0.081945024 -0.860584140 -101.266830444 0.045492582 0.996625245 -0.068326369 -10.330233574 0.863278866 -0.004804383 0.504704356 109.184417725
0.516187847 -0.080129094 -0.852718830 -102.118423462 0.044499539 0.996778369 -0.066728704 -10.410520554 0.855318606 -0.003501048 0.518090546 109.672988892
0.527746320 -0.077591091 -0.845850706 -102.987228394 0.044303551 0.996978045 -0.063812181 -10.506821632 0.848245800 -0.003797551 0.529588938 110.235237122
0.540244043 -0.076785937 -0.837997675 -103.822257996 0.044702221 0.997040808 -0.062540270 -10.587318420 0.840320230 -0.003673351 0.542078018 110.747901917
0.551110208 -0.076805755 -0.830890059 -104.672386169 0.043562423 0.997045159 -0.063270837 -10.662281990 0.833294570 -0.001326389 0.552827656 111.317214966
0.568228841 -0.042494088 -0.821772575 -106.683273315 0.011366429 0.998975694 -0.043797802 -10.438697815 0.822792053 0.015546556 0.568129838 112.418014526
0.579339564 -0.042616595 -0.813971460 -107.627334595 0.012627653 0.998981595 -0.043315392 -10.527841568 0.814988256 0.014815774 0.579287708 113.092536926
0.589879572 -0.042108450 -0.806392491 -108.431579590 0.012553580 0.998996913 -0.042982932 -10.591586113 0.807393670 0.015231639 0.589816391 113.682693481
0.608286440 -0.042117309 -0.792599320 -109.777664185 0.013109308 0.998988032 -0.043023594 -10.639673233 0.793609321 0.015780248 0.608222961 114.424118042
0.618814826 -0.038572229 -0.784589350 -110.544067383 0.012653222 0.999153554 -0.039140970 -10.698236465 0.785434902 0.014293437 0.618779182 115.005706787
0.623783648 -0.040146947 -0.780565321 -111.126022339 0.014034608 0.999094188 -0.040170934 -10.709320068 0.781471074 0.014103046 0.623782098 115.591926575
0.634869099 -0.039643206 -0.771601975 -111.879882812 0.012693333 0.999083102 -0.040886678 -10.769464493 0.772515357 0.016163491 0.634790301 116.177215576
0.645201981 -0.038256943 -0.763053536 -112.769973755 0.009311384 0.999065101 -0.042216495 -10.826888084 0.763955176 0.020133095 0.644955039 116.917007446
0.654961228 -0.037030797 -0.754754543 -113.478721619 0.008556793 0.999097884 -0.041593682 -10.888290405 0.755613983 0.020783972 0.654687285 117.508552551
0.661237538 -0.035570264 -0.749332786 -114.064414978 0.008288767 0.999160707 -0.040115125 -10.936528206 0.750130773 0.020314584 0.660977423 118.089622498
0.669973850 -0.034174111 -0.741597712 -114.754272461 0.009277206 0.999247313 -0.037665844 -10.994447708 0.742326677 0.018355185 0.669786692 118.703712463
0.676147819 -0.033232156 -0.736016154 -115.319236755 0.009123267 0.999283314 -0.036737870 -11.046199799 0.736709595 0.018125350 0.675966382 119.278854370
0.684662640 -0.032955412 -0.728114665 -115.977935791 0.008370420 0.999267042 -0.037357219 -11.090055466 0.728812039 0.019482464 0.684436619 119.883796692
0.692846656 -0.031737641 -0.720386147 -116.784156799 0.007189500 0.999285340 -0.037110295 -11.134232521 0.721049130 0.020532530 0.692579687 120.648117065
0.700752020 -0.029505245 -0.712794542 -117.430511475 0.006689575 0.999372244 -0.034791220 -11.178382874 0.713373601 0.019611724 0.700509489 121.257865906
0.706417680 -0.025932839 -0.707320035 -118.014976501 0.005295148 0.999494255 -0.031356581 -11.240554810 0.707775414 0.018405473 0.706197679 121.843048096
0.714293361 -0.024447251 -0.699419379 -118.618034363 0.004537786 0.999530435 -0.030302936 -11.281335831 0.699831724 0.018471371 0.714068890 122.441246033
0.721401274 -0.023487940 -0.692118704 -119.282279968 0.003538074 0.999536574 -0.030232791 -11.330190659 0.692508221 0.019361209 0.721150219 123.129798889
0.729682386 -0.020676151 -0.683473527 -119.879112244 0.000797991 0.999567866 -0.029386565 -11.374475479 0.683785677 0.020897456 0.729383469 123.754684448
0.738066614 -0.017758489 -0.674494088 -120.476234436 0.000169035 0.999658406 -0.026134644 -11.414463043 0.674727798 0.019175095 0.737817526 124.388542175
0.747898161 -0.013828796 -0.663669407 -121.048233032 -0.001856680 0.999735534 -0.022923684 -11.451941490 0.663810849 0.018376803 0.747674704 125.010963440
0.757757485 -0.011943854 -0.652427018 -121.631965637 -0.003583112 0.999741256 -0.022463659 -11.488018036 0.652526438 0.019359725 0.757518768 125.677978516
0.767895579 -0.010941485 -0.640481532 -122.173408508 -0.005499316 0.999704719 -0.023671489 -11.524278641 0.640551448 0.021699445 0.767608583 126.302711487
0.777027786 -0.011821518 -0.629355252 -122.685043335 -0.005298048 0.999665380 -0.025318438 -11.560933113 0.629444003 0.023007484 0.776705146 126.936744690
0.787350774 -0.010813323 -0.616410434 -123.207450867 -0.005912716 0.999667764 -0.025088983 -11.594319344 0.616476893 0.023398491 0.787025213 127.576629639
0.797184348 -0.009644157 -0.603658915 -123.713050842 -0.005755109 0.999705553 -0.023571586 -11.630200386 0.603708565 0.022265019 0.796894133 128.260452271
0.807430267 -0.006427038 -0.589927912 -124.179450989 -0.006674986 0.999777138 -0.020028200 -11.670221329 0.589925170 0.020109134 0.807207465 128.894927979
0.817101479 -0.005893666 -0.576463640 -124.691230774 -0.006060849 0.999804616 -0.018812709 -11.685879707 0.576461852 0.018865755 0.816906214 129.611511230
0.826321244 -0.004375852 -0.563182056 -125.163177490 -0.005718719 0.999853194 -0.016159441 -11.711915016 0.563170016 0.016573571 0.826174796 130.287567139
0.834606409 -0.003730088 -0.550834119 -125.633094788 -0.004983751 0.999885023 -0.014322149 -11.738691330 0.550824225 0.014698575 0.834491849 130.986419678
0.842225254 -0.003232349 -0.539116025 -126.067581177 -0.004197781 0.999912441 -0.012553039 -11.771142006 0.539109349 0.012835577 0.842137992 131.637634277
0.848271966 -0.003681106 -0.529547989 -126.508300781 -0.003584961 0.999912977 -0.012693483 -11.788638115 0.529548645 0.012665935 0.848185003 132.378341675
0.855170071 -0.002873537 -0.518339574 -126.934616089 -0.004376648 0.999908984 -0.012763936 -11.817655563 0.518328905 0.013183926 0.855079651 133.063568115
0.861891866 -0.000761889 -0.507091522 -127.381683350 -0.006201094 0.999908149 -0.012042187 -11.831778526 0.507054150 0.013523582 0.861808121 133.808959961
0.868104756 0.000338067 -0.496381104 -127.789871216 -0.007056816 0.999907017 -0.011660435 -11.852569580 0.496331036 0.013625346 0.868026435 134.526367188
0.873854280 -0.000698533 -0.486187369 -128.215606689 -0.006007192 0.999907076 -0.012233716 -11.871109009 0.486150771 0.013611106 0.873768926 135.271026611
0.879160404 -0.001212370 -0.476524353 -128.620040894 -0.005682548 0.999898970 -0.013027916 -11.903116226 0.476492018 0.014161500 0.879064679 135.996978760
0.883507371 -0.002175387 -0.468412429 -129.040634155 -0.004851210 0.999893069 -0.013793895 -11.922204971 0.468392342 0.014459375 0.883402288 136.799591064
0.886886716 -0.001460958 -0.461984605 -129.438018799 -0.005324295 0.999896228 -0.013383245 -11.938273430 0.461956233 0.014329165 0.886786938 137.544921875
0.890016556 0.000255190 -0.455927968 -129.808288574 -0.005675520 0.999928534 -0.010519505 -11.947592735 0.455892712 0.011950161 0.889954448 138.277862549
0.893185139 0.004761995 -0.449663907 -130.241821289 -0.008304989 0.999948084 -0.005906955 -11.978116035 0.449612379 0.009010459 0.893178344 139.119369507
0.896583080 0.007431533 -0.442813158 -130.620300293 -0.009806552 0.999947250 -0.003074092 -11.992639542 0.442766875 0.007098650 0.896608651 139.867980957
0.899679899 0.010176866 -0.436431468 -131.039093018 -0.011733202 0.999930799 -0.000870620 -12.007976532 0.436392367 0.005904019 0.899737060 140.723388672
0.902891636 0.011121744 -0.429724395 -131.406158447 -0.011829662 0.999929547 0.001024044 -12.010382652 0.429705471 0.004158894 0.902959585 141.500915527
0.906286657 0.012594055 -0.422475904 -131.784851074 -0.012158275 0.999919176 0.003726023 -12.012992859 0.422488660 0.001759735 0.906366467 142.294708252
0.909660459 0.012295046 -0.415170521 -132.235321045 -0.011091105 0.999924302 0.005311009 -12.018763542 0.415204406 -0.000226514 0.909728110 143.273468018
0.913332522 0.012571211 -0.407020599 -132.606506348 -0.011035855 0.999920368 0.006119604 -12.024734497 0.407065094 -0.001097413 0.913398564 144.081253052
0.916854084 0.011514998 -0.399056405 -133.006469727 -0.009954981 0.999932528 0.005981500 -12.022263527 0.399098366 -0.001511563 0.916906893 145.018737793
0.920743227 0.008550038 -0.390075535 -133.375396729 -0.007213082 0.999962032 0.004892175 -12.018594742 0.390102595 -0.001690790 0.920769870 145.882400513
0.924748898 0.007407533 -0.380505651 -133.760772705 -0.006372592 0.999971688 0.003979638 -12.031555176 0.380524397 -0.001255358 0.924769938 146.828170776
0.929264188 0.006279064 -0.369362533 -134.126190186 -0.006134494 0.999979973 0.001565870 -12.031061172 0.369364947 0.000810745 0.929284036 147.738677979
0.934361398 0.008160328 -0.356233358 -134.465270996 -0.008431918 0.999964178 0.000790426 -12.041187286 0.356227100 0.002265188 0.934396684 148.620895386
0.940448046 0.012598537 -0.339703679 -134.843292236 -0.012735854 0.999917209 0.001825365 -12.051605225 0.339698583 0.002609756 0.940530717 149.639236450
0.947001934 0.015955864 -0.320831239 -135.166351318 -0.015335043 0.999872446 0.004461884 -12.062750816 0.320861489 0.000694549 0.947125912 150.558837891
0.953470290 0.019052872 -0.300884247 -135.460723877 -0.018208170 0.999818444 0.005611669 -12.055965424 0.300936520 0.000127992 0.953644216 151.445800781
0.959759414 0.020734522 -0.280056864 -135.803131104 -0.019704523 0.999784768 0.006493178 -12.081490517 0.280131191 -0.000713503 0.959961474 152.613693237
0.965650618 0.021913502 -0.258918047 -136.072631836 -0.020670140 0.999758065 0.007523879 -12.082014084 0.259020269 -0.001913568 0.965869963 153.597473145
0.971276164 0.022292349 -0.236908689 -136.305801392 -0.020542039 0.999740422 0.009854317 -12.089736938 0.237066865 -0.004704676 0.971481979 154.533432007
0.976329446 0.025303179 -0.214803413 -136.584411621 -0.023035593 0.999649405 0.013053720 -12.079317093 0.215058416 -0.007796608 0.976570070 155.718826294
0.980910718 0.027070649 -0.192565233 -136.788314819 -0.024281183 0.999563456 0.016831491 -12.070959091 0.192936838 -0.011834478 0.981139779 156.731567383
0.985155284 0.029721772 -0.169073001 -137.023330688 -0.026735470 0.999444187 0.019912506 -12.049089432 0.169570878 -0.015096663 0.985402405 157.834579468
0.988615572 0.031772565 -0.147069961 -137.211822510 -0.029243769 0.999385417 0.019325437 -12.052892685 0.147593603 -0.014804550 0.988937199 159.015228271
0.991709650 0.031232767 -0.124644913 -137.352447510 -0.029394457 0.999430656 0.016560748 -12.027215958 0.125091165 -0.012759587 0.992063105 160.131683350
0.994079530 0.030945813 -0.104154572 -137.439620972 -0.029472820 0.999442995 0.015652180 -12.047849655 0.104580924 -0.012489784 0.994437873 161.112792969
0.996065855 0.029303934 -0.083630346 -137.633132935 -0.027990224 0.999466360 0.016838262 -12.023168564 0.084079139 -0.014431187 0.996354520 162.507385254
0.997523546 0.029824467 -0.063697658 -137.711059570 -0.028731834 0.999424994 0.018001286 -12.008812904 0.064197913 -0.016126554 0.997806787 163.617782593
0.998608708 0.030722117 -0.042856321 -137.801040649 -0.029938513 0.999374866 0.018807994 -12.000545502 0.043407340 -0.017498774 0.998904169 164.768875122
0.999219000 0.032375582 -0.022654872 -137.821426392 -0.031942729 0.999304950 0.019214883 -12.001251221 0.023261221 -0.018476214 0.999558628 166.074859619
0.999463439 0.032670435 -0.002339801 -137.838546753 -0.032618366 0.999275386 0.019616755 -11.994786263 0.002978992 -0.019529907 0.999804854 167.186019897
0.999207199 0.035193462 0.018612217 -137.830581665 -0.035542734 0.999191642 0.018781073 -11.983479500 -0.017936196 -0.019427713 0.999650300 168.537368774
0.998597562 0.036172461 0.038660172 -137.802139282 -0.036863118 0.999170423 0.017303655 -11.973786354 -0.038002186 -0.018704522 0.999102473 169.684005737
0.997595072 0.036867704 0.058693610 -137.783493042 -0.037762731 0.999185622 0.014213283 -11.963859558 -0.058121800 -0.016395532 0.998174846 170.932159424
0.996250033 0.038526282 0.077471390 -137.676040649 -0.039539028 0.999150932 0.011580689 -11.966556549 -0.076959461 -0.014600405 0.996927321 172.345626831
0.994606137 0.038699001 0.096234374 -137.558502197 -0.039780695 0.999164760 0.009346314 -11.972280502 -0.095792308 -0.013124172 0.995314777 173.517257690
0.992606163 0.038083680 0.115250081 -137.447647095 -0.039019924 0.999221087 0.005877626 -11.966917038 -0.114936486 -0.010331219 0.993319154 174.792388916
0.990167677 0.039626192 0.134156570 -137.276092529 -0.040084727 0.999196053 0.000717513 -11.983530045 -0.134020299 -0.006088087 0.990959883 176.191741943
0.987560511 0.041116908 0.151768520 -137.087036133 -0.040623955 0.999154329 -0.006348638 -11.978133202 -0.151901215 0.000104225 0.988395691 177.468215942
0.984643102 0.043701869 0.169021800 -136.888275146 -0.042411909 0.999037147 -0.011236389 -12.021128654 -0.169350088 0.003895295 0.985548258 178.695129395
0.981367350 0.044432066 0.186933026 -136.637527466 -0.042090703 0.998977900 -0.016477630 -12.083345413 -0.187474072 0.008302466 0.982234478 180.197662354
0.977632523 0.047560360 0.204872176 -136.406097412 -0.044525653 0.998819768 -0.019399958 -12.138495445 -0.205553055 0.009843966 0.978596509 181.542358398
0.973988354 0.045373954 0.222008601 -136.107635498 -0.042081892 0.998923123 -0.019538980 -12.158468246 -0.222656086 0.009688199 0.974848926 182.836639404
0.970673084 0.034888107 0.237858444 -135.801971436 -0.032629091 0.999377429 -0.013428997 -12.096569061 -0.238178849 0.005274062 0.971206963 183.881164551
0.966247559 0.035770733 0.255119920 -135.487304688 -0.032139704 0.999314249 -0.018388575 -12.146440506 -0.255602747 0.009568434 0.966734529 185.210113525
0.961820483 0.036925294 0.271178693 -135.131134033 -0.032033429 0.999234736 -0.022445047 -12.199580193 -0.271799982 0.012901322 0.962267220 186.450134277
0.956969500 0.038542710 0.287617356 -134.714569092 -0.033376284 0.999181628 -0.022846621 -12.222360611 -0.288262516 0.012263922 0.957472920 187.880020142
0.951272964 0.039901607 0.305757523 -134.318420410 -0.034160487 0.999125540 -0.024106590 -12.264205933 -0.306452036 0.012487125 0.951804161 189.356079102
0.945501983 0.044067100 0.322620988 -133.860992432 -0.037445199 0.998941779 -0.026706113 -12.333477020 -0.323456526 0.013170077 0.946151376 190.584030151
0.939187825 0.044713508 0.340480566 -133.423858643 -0.036354993 0.998861313 -0.030892866 -12.365394592 -0.341474116 0.016636031 0.939743936 192.011901855
0.932666123 0.045573294 0.357850581 -132.937103271 -0.035975836 0.998793125 -0.033435326 -12.426601410 -0.358942479 0.018310016 0.933180094 193.393707275
0.925758421 0.045382190 0.375382304 -132.421142578 -0.033090338 0.998685956 -0.039130509 -12.493267059 -0.376664907 0.023803873 0.926043689 194.772766113
0.917508125 0.049329285 0.394646138 -131.910583496 -0.034348540 0.998399019 -0.044939596 -12.578760147 -0.396231145 0.027676929 0.917733610 196.027847290
0.908354223 0.051589016 0.415007412 -131.270782471 -0.034349427 0.998212814 -0.048903588 -12.670167923 -0.416788548 0.030166522 0.908502758 197.451446533
0.896965086 0.054524768 0.438726187 -130.663742065 -0.036033109 0.998080313 -0.050372303 -12.736448288 -0.440630555 0.029373530 0.897207797 198.746185303
0.884109855 0.059121732 0.463523865 -129.998016357 -0.038992714 0.997838199 -0.052899275 -12.847923279 -0.465649426 0.028694725 0.884503961 200.088043213
0.870300710 0.062575832 0.488529295 -129.316268921 -0.040287893 0.997616827 -0.056013249 -12.941865921 -0.490870178 0.029066555 0.870747745 201.382293701
0.855808258 0.067212783 0.512908101 -128.589691162 -0.042775124 0.997322083 -0.059319578 -13.045290947 -0.515521586 0.028826477 0.856391549 202.701141357
