0.999743223 -0.008011539 0.021195132 0.022644784 0.008037368 0.999966979 -0.001133727 0.000301934 -0.021185352 0.001303789 0.999774814 0.898775816
0.999772787 -0.009491003 0.019085735 0.029774589 0.009546111 0.999950647 -0.002798414 -0.000212385 -0.019058237 0.002979973 0.999813855 1.204191804
0.999848008 -0.012115243 0.012538306 0.030239334 0.012169051 0.999916971 -0.004224095 -0.003432689 -0.012486091 0.004376032 0.999912381 1.523219347
0.999915183 -0.012867153 0.002005193 0.002645722 0.012876827 0.999905109 -0.004889209 -0.005715569 -0.001942093 0.004914614 0.999986053 0.502385974
0.999785483 -0.012959746 -0.016155066 0.006557271 0.012855010 0.999895811 -0.006570329 -0.010884279 0.016238537 0.006361247 0.999847829 2.168191195
0.999339223 -0.008443520 -0.035351779 -0.027211562 0.008221827 0.999945641 -0.006411697 -0.018086808 0.035403989 0.006116806 0.999354362 2.509618759
0.998465598 -0.004859880 -0.055161797 -0.052113168 0.004437717 0.999959886 -0.007773075 -0.021243330 0.055197358 0.007516355 0.998447120 2.732738018
0.997141480 -0.004775021 -0.075405784 -0.103493124 0.004161201 0.999956906 -0.008295238 -0.026945129 0.075442143 0.007957746 0.997118413 3.216167927
0.995260954 -0.006365558 -0.097031310 -0.133132204 0.005639634 0.999954045 -0.007753762 -0.030537087 0.097076215 0.007169797 0.995251060 3.505829334
0.993055463 -0.007914049 -0.117380477 -0.186973959 0.007146097 0.999950290 -0.006961846 -0.035414442 0.117429726 0.006074687 0.993062496 3.911719084
0.990946293 -0.006634220 -0.134095058 -0.275698334 0.005850418 0.999963343 -0.006238315 -0.044323623 0.134131506 0.005397322 0.990948856 4.361525536
0.988715231 -0.005452734 -0.149707913 -0.351078033 0.004705183 0.999974608 -0.005347150 -0.053687707 0.149733275 0.004582406 0.988715827 4.770828724
0.986565411 -0.004772797 -0.163297862 -0.430379748 0.003893829 0.999976158 -0.005702260 -0.058676451 0.163321212 0.004989798 0.986560345 5.189010620
0.984498143 -0.006285095 -0.175282478 -0.518594503 0.005186857 0.999963939 -0.006722960 -0.064162478 0.175318435 0.005709577 0.984495163 5.619621754
0.982667863 -0.010263446 -0.185090512 -0.603539586 0.008779786 0.999922395 -0.008833716 -0.074300237 0.185166806 0.007055554 0.982681811 6.065647125
0.981065154 -0.009405022 -0.193450049 -0.690423191 0.007426913 0.999912441 -0.010948132 -0.079701602 0.193536118 0.009304091 0.981049061 6.531083584
0.979603648 -0.009243534 -0.200726449 -0.799667656 0.006879065 0.999898553 -0.012473891 -0.089254238 0.200821370 0.010838659 0.979567885 6.998874187
0.977875113 -0.010296691 -0.208935499 -0.893105745 0.007244172 0.999855697 -0.015369846 -0.098508984 0.209063590 0.013516225 0.977808654 7.423177242
0.976194799 -0.013820127 -0.216454923 -1.019827843 0.010386730 0.999801695 -0.016991595 -0.107687667 0.216646820 0.014338845 0.976144850 7.984724522
0.974342823 -0.019793870 -0.224196836 -1.125914216 0.015988892 0.999695897 -0.018774524 -0.117960095 0.224500299 0.014708165 0.974362969 8.451120377
0.972185254 -0.020533912 -0.233311281 -1.254766703 0.016135758 0.999654591 -0.020744257 -0.139903605 0.233656690 0.016402606 0.972180784 9.028379440
0.970079124 -0.016816368 -0.242206126 -1.401411414 0.010924206 0.999611259 -0.025649602 -0.144727081 0.242543355 0.022236228 0.969885707 9.534127235
0.967979193 -0.014110235 -0.250633448 -1.556624651 0.007338006 0.999582827 -0.027934466 -0.171615735 0.250923067 0.025200833 0.967678905 10.101755142
0.965660155 -0.016477918 -0.259285361 -1.706913233 0.009046628 0.999514103 -0.029827928 -0.189960092 0.259650826 0.026457984 0.965340078 10.647158623
0.963239670 -0.019674595 -0.267921895 -1.856314301 0.011499493 0.999420106 -0.032048211 -0.213249713 0.268397123 0.027789138 0.962907434 11.229942322
0.960873842 -0.019854506 -0.276274085 -2.013386250 0.010774937 0.999351978 -0.034343738 -0.236257181 0.276776910 0.030023167 0.960465014 11.780509949
0.958686233 -0.018283524 -0.283877850 -2.211802006 0.007785094 0.999244869 -0.038066585 -0.261078537 0.284359425 0.034283891 0.958104670 12.396768570
0.956398010 -0.018703567 -0.291466922 -2.403244972 0.006214446 0.999024689 -0.043716241 -0.287144840 0.292000294 0.039998818 0.955581486 12.996933937
0.954543531 -0.021282909 -0.297310740 -2.585408926 0.006507994 0.998697937 -0.050597019 -0.326103181 0.298000425 0.046362162 0.953439176 13.599664688
0.953154922 -0.022166008 -0.301669508 -2.779183388 0.004624386 0.998262644 -0.058738925 -0.360186517 0.302447349 0.054592256 0.951601386 14.191039085
0.952066958 -0.021820910 -0.305110425 -2.999297142 0.001326822 0.997737586 -0.067216054 -0.408350587 0.305886865 0.063589357 0.949941933 14.844118118
0.950577617 -0.021511741 -0.309741050 -3.205880165 -0.002307021 0.997080147 -0.076328039 -0.452108383 0.310478628 0.073270306 0.947752416 15.466362000
0.949298799 -0.020531463 -0.313703954 -3.437901974 -0.005918793 0.996520936 -0.083131656 -0.509448647 0.314319432 0.080773540 0.945874631 16.150388718
0.947693586 -0.018301168 -0.318656474 -3.669237614 -0.011036861 0.995878875 -0.090019539 -0.569017708 0.318990737 0.088827901 0.943585992 16.803215027
0.946095347 -0.017237220 -0.323429167 -3.911755085 -0.014529583 0.995318830 -0.095547646 -0.641720295 0.323562115 0.095096491 0.941416085 17.483078003
0.944296181 -0.016269779 -0.328694105 -4.156376839 -0.017948804 0.994744480 -0.100802734 -0.710989714 0.328606695 0.101087309 0.939041555 18.170162201
0.942720354 -0.012619385 -0.333345234 -4.414534569 -0.023483163 0.994294524 -0.104052618 -0.785730243 0.332756460 0.105920509 0.937045455 18.851297379
0.941090763 -0.011539359 -0.337957084 -4.675253391 -0.025796155 0.994055510 -0.105774626 -0.856957197 0.337168694 0.108261526 0.935198843 19.523777008
0.938793063 -0.011702952 -0.344282568 -4.949426651 -0.025987044 0.994168937 -0.104655795 -0.948170781 0.343499780 0.107197046 0.933014810 20.263505936
0.936379194 -0.011075925 -0.350815237 -5.212834358 -0.026738144 0.994346619 -0.102761626 -1.038969040 0.349970132 0.105604015 0.930789292 20.962282181
0.934097290 -0.010385975 -0.356867433 -5.510700226 -0.027609434 0.994481862 -0.101209991 -1.115549564 0.355949432 0.104392879 0.928656101 21.686517715
0.930877209 -0.010741116 -0.365174234 -5.798488617 -0.026869461 0.994847655 -0.097755924 -1.201150417 0.364342660 0.100810796 0.925792515 22.397403717
0.927464008 -0.008839208 -0.373807967 -6.099047661 -0.027671248 0.995356619 -0.092192404 -1.283000350 0.372887075 0.095848851 0.922912896 23.134660721
0.923850596 -0.005472953 -0.382714182 -6.417034149 -0.030093916 0.995763719 -0.086884812 -1.365745902 0.381568432 0.091785952 0.919772208 23.873359680
0.920381665 -0.001367863 -0.391019166 -6.748753548 -0.033821892 0.995967567 -0.083094113 -1.443250895 0.389556080 0.089703307 0.916623890 24.635633469
0.916503251 -0.000193638 -0.400027186 -7.083842754 -0.035320103 0.996055067 -0.081404120 -1.510742903 0.398464918 0.088736132 0.912880957 25.369424820
0.912514448 0.000189827 -0.409044415 -7.427077293 -0.036314040 0.996088862 -0.080548748 -1.594754696 0.407429248 0.088355951 0.908952594 26.126600266
0.908708215 -0.000961935 -0.417430878 -7.768650532 -0.035154171 0.996268451 -0.078823186 -1.666798592 0.415949047 0.086301699 0.905283630 26.843431473
0.904648304 0.000891674 -0.426158071 -8.150471687 -0.037561812 0.996272862 -0.077651672 -1.735011458 0.424500406 0.086254708 0.901309907 27.660646439
0.901000917 -0.000267987 -0.433817387 -8.521766663 -0.036095902 0.996485949 -0.075583607 -1.798740625 0.432313234 0.083759904 0.897824943 28.396827698
0.896835923 -0.000360441 -0.442363054 -8.925142288 -0.034638144 0.996872187 -0.071036793 -1.876881361 0.441004992 0.079031006 0.894018233 29.243446350
0.892988801 0.001670169 -0.450075865 -9.310062408 -0.034689240 0.997273862 -0.065125659 -1.940066934 0.448740155 0.073769271 0.890612304 30.001043320
0.889222562 0.001685907 -0.457471699 -9.741217613 -0.033376567 0.997567296 -0.061200280 -2.004801273 0.456255525 0.069689505 0.887115657 30.826429367
0.885364950 0.000506542 -0.464896351 -10.151088715 -0.031648472 0.997745216 -0.059185334 -2.067863464 0.463818103 0.067113876 0.883384585 31.615169525
0.882152975 0.000149028 -0.470963001 -10.607564926 -0.031372938 0.997797310 -0.058448412 -2.127931118 0.469916910 0.066335931 0.880214572 32.453044891
0.879228950 0.001536105 -0.476396978 -11.052281380 -0.032089397 0.997914612 -0.056005873 -2.195510387 0.475317448 0.064529277 0.877444744 33.246669769
0.875947356 -0.001415864 -0.482404590 -11.498856544 -0.028772911 0.998062015 -0.055175018 -2.248285294 0.481547713 0.062210601 0.874209106 34.082084656
0.873191118 -0.003010597 -0.487368584 -11.956205368 -0.027175732 0.998124421 -0.054854922 -2.309337378 0.486619562 0.061143432 0.871471643 34.901496887
0.870706975 -0.005909261 -0.491766691 -12.454412460 -0.024557380 0.998158038 -0.055474807 -2.361403942 0.491188705 0.060378794 0.868958056 35.819667816
0.869825780 -0.005017197 -0.493333668 -12.929170609 -0.025704127 0.998129368 -0.055471428 -2.420284748 0.492689133 0.060931183 0.868069589 36.611087799
0.868863285 -0.004323670 -0.495033205 -13.456134796 -0.026369223 0.998137951 -0.055000104 -2.489022017 0.494349241 0.060841199 0.867131531 37.557708740
0.868795395 -0.004221544 -0.495153129 -13.953619003 -0.025799651 0.998219490 -0.053778607 -2.542999983 0.494498551 0.059497375 0.867139757 38.405246735
0.868530154 -0.005395100 -0.495606929 -14.483188629 -0.023914443 0.998319924 -0.052776605 -2.617327690 0.495059013 0.057690248 0.866941988 39.327968597
0.867912650 -0.007035600 -0.496666998 -14.994634628 -0.022385700 0.998329759 -0.053260397 -2.677437305 0.496212125 0.057343621 0.866305590 40.201568604
0.867003739 -0.004703137 -0.498279452 -15.371496201 -0.025588192 0.998215973 -0.053945240 -2.896162271 0.497644275 0.059520796 0.865336657 41.246337891
0.865611672 -0.004009819 -0.500699818 -15.905237198 -0.025662903 0.998298407 -0.052360926 -2.956271172 0.500057757 0.058173642 0.864035904 42.140411377
0.862757444 -0.010061857 -0.505517900 -16.617805481 -0.016539559 0.998705268 -0.048106018 -2.867704391 0.505347431 0.049864877 0.861473978 43.004337311
0.859937549 -0.009721454 -0.510306716 -17.144935608 -0.014783667 0.998924613 -0.043942258 -2.936414719 0.510185122 0.045331802 0.858869135 43.885131836
0.856490195 -0.004990491 -0.516138971 -17.564249039 -0.019418450 0.998933852 -0.041881915 -3.151453495 0.515797675 0.045894068 0.855480254 44.933055878
0.851404786 -0.007342608 -0.524457693 -18.111555099 -0.018838493 0.998828828 -0.044566400 -3.206303120 0.524170816 0.047824033 0.850269377 45.807678223
0.844250441 -0.017977672 -0.535647213 -18.853034973 -0.008741179 0.998842418 -0.047300924 -3.126470566 0.535877526 0.044616017 0.843116045 46.669181824
0.838399291 -0.017624324 -0.544771552 -19.462566376 -0.009454228 0.998856485 -0.046864755 -3.182787657 0.544974506 0.044441774 0.837274015 47.563457489
0.832974255 -0.007567564 -0.553259969 -19.903020859 -0.018840080 0.998938680 -0.042028774 -3.393785477 0.552990854 0.045432344 0.831947684 48.536518097
0.827802300 -0.002959939 -0.561012030 -20.510532379 -0.021878675 0.999055028 -0.037554204 -3.451309919 0.560593069 0.043361653 0.826955259 49.419757843
0.823588610 -0.012963047 -0.567039609 -21.115144730 -0.010443068 0.999222755 -0.038011029 -3.500699520 0.567091703 0.037227079 0.822812915 50.288585663
0.819825947 -0.015285075 -0.572408736 -21.720664978 -0.010602296 0.999067128 -0.041863192 -3.564604521 0.572514594 0.040389370 0.818899095 51.154937744
0.817289352 -0.017831694 -0.575951695 -22.358989716 -0.012928456 0.998702049 -0.049266011 -3.608148098 0.576082528 0.047710739 0.815997899 52.023994446
0.813228428 -0.020888543 -0.581569433 -22.953819275 -0.010778505 0.998643517 -0.050940771 -3.674472332 0.581844628 0.047694933 0.811900139 52.882106781
0.809947610 -0.019867586 -0.586165547 -23.566677094 -0.009505561 0.998850107 -0.046989709 -3.740269661 0.586425126 0.043631032 0.808827400 53.697837830
0.806910694 -0.016577080 -0.590440810 -24.205276489 -0.010180202 0.999067366 -0.041962102 -3.791496038 0.590585709 0.039870478 0.805989385 54.570346832
0.803726435 -0.013901642 -0.594836593 -24.827198029 -0.011662302 0.999166906 -0.039108824 -3.838598251 0.594884694 0.038369961 0.802894771 55.404022217
0.801290512 -0.012643888 -0.598141789 -25.537931442 -0.014458729 0.999075413 -0.040488448 -3.879453659 0.598100722 0.041091379 0.800366819 56.320304871
0.797160149 -0.015827276 -0.603560388 -26.150299072 -0.011407097 0.999083042 -0.041265205 -3.958550453 0.603660166 0.039779849 0.796248615 57.121242523
0.793177783 -0.018876579 -0.608697593 -26.793210983 -0.009997394 0.998981118 -0.044007163 -4.011837959 0.608908176 0.040990885 0.792180896 57.967071533
0.788469017 -0.023812748 -0.614613354 -27.470485687 -0.003345945 0.999069452 -0.043000638 -4.080195427 0.615065396 0.035961129 0.787655592 58.828788757
0.783970535 -0.023914736 -0.620337129 -28.153816223 -0.003085464 0.999095321 -0.042415667 -4.131995678 0.620790362 0.035166662 0.783187449 59.688667297
0.778865039 -0.023318188 -0.626757860 -28.835338593 -0.003936712 0.999107182 -0.042063355 -4.188173294 0.627179146 0.035229042 0.778077900 60.538707733
0.772959590 -0.025048481 -0.633960545 -29.538543701 -0.004066757 0.999004185 -0.044430181 -4.249772549 0.634442210 0.036920894 0.772088051 61.359878540
0.767801762 -0.026335644 -0.640145898 -30.237010956 -0.003586629 0.998962402 -0.045399241 -4.310076237 0.640677392 0.037153583 0.766910732 62.185028076
0.762368560 -0.027909303 -0.646540940 -30.934551239 -0.001686052 0.998980641 -0.045111198 -4.365893364 0.647140741 0.035481475 0.761544347 63.023742676
0.756978750 -0.029068999 -0.652792752 -31.659376144 -0.001711748 0.998918355 -0.046466999 -4.430476189 0.653437257 0.036291946 0.756110072 63.844650269
0.750895023 -0.030747741 -0.659705520 -32.407539368 -0.001028707 0.998859942 -0.047726054 -4.493960381 0.660420835 0.036515903 0.750007272 64.691596985
0.744455636 -0.032280441 -0.666891158 -33.124614716 0.000639818 0.998864591 -0.047635172 -4.564584255 0.667671621 0.035035584 0.743631005 65.494911194
0.737881958 -0.032733519 -0.674135566 -33.814361572 0.002807887 0.998963475 -0.045432556 -4.632125378 0.674923837 0.031630971 0.737208962 66.288574219
0.731530070 -0.033854622 -0.680968046 -34.641578674 0.003951780 0.998960376 -0.045418527 -4.688871861 0.681797743 0.030533982 0.730903387 67.118927002
0.725207746 -0.035093222 -0.687635243 -35.393573761 0.004009023 0.998898625 -0.046750367 -4.757079601 0.688518465 0.031146977 0.724549711 67.908973694
0.717201889 -0.035691947 -0.695950866 -36.200859070 0.001261042 0.998752296 -0.049921617 -4.827208042 0.696864307 0.034926258 0.716352046 68.729034424
0.711416900 -0.035532322 -0.701871395 -36.992782593 0.000333094 0.998737991 -0.050223600 -4.886667252 0.702770114 0.035496127 0.710530818 69.505905151
0.705604255 -0.034939446 -0.707744241 -37.806137085 0.000184937 0.998792708 -0.049123354 -4.954682827 0.708606124 0.034530759 0.704758823 70.321350098
0.700748801 -0.034047052 -0.712595224 -38.628974915 -0.000743776 0.998825133 -0.048454233 -5.037619114 0.713407755 0.034484256 0.699900210 71.106330872
0.695136130 -0.023900183 -0.718480706 -39.566398621 -0.019923929 0.998422742 -0.052488975 -5.106829166 0.718602002 0.050801940 0.693563521 71.984046936
0.689884424 -0.026402833 -0.723437965 -40.401473999 -0.020030558 0.998255849 -0.055534206 -5.172465324 0.723642409 0.052803040 0.688152373 72.763298035
0.684991956 -0.028441519 -0.727995217 -41.265884399 -0.019629439 0.998154461 -0.057466082 -5.259147167 0.728286147 0.053653944 0.683169484 73.564750671
0.679872692 -0.028660076 -0.732769728 -42.130836487 -0.020934736 0.998070240 -0.058459993 -5.324855804 0.733031213 0.055085704 0.677960753 74.360115051
0.675904036 -0.039215568 -0.735945582 -42.794685364 -0.001851855 0.998489797 -0.054906271 -5.391640186 0.736987352 0.038474239 0.674810648 74.997253418
0.670349956 -0.039858364 -0.740973771 -43.653724670 -0.000408071 0.998536408 -0.054082312 -5.465010166 0.742044985 0.036556445 0.669352651 75.783538818
0.664446652 -0.031556442 -0.746669114 -44.756553650 -0.015621729 0.998303354 -0.056092724 -5.558801651 0.747172415 0.048934888 0.662826300 76.703071594
0.660114348 -0.032119285 -0.750478148 -45.668746948 -0.015554009 0.998286784 -0.056406271 -5.643649101 0.751004219 0.048907533 0.658483684 77.471405029
0.655151129 -0.031340614 -0.754847527 -46.543121338 -0.016968584 0.998276711 -0.056175049 -5.720865250 0.755307257 0.049611844 0.653490305 78.259155273
0.651744366 -0.031099012 -0.757800758 -47.496143341 -0.017623179 0.998268306 -0.056124199 -5.795409679 0.758233845 0.049933501 0.650067747 79.022621155
0.648144722 -0.046784192 -0.760078728 -48.071929932 0.005755503 0.998383522 -0.056544363 -5.826272488 0.761495411 0.032274298 0.647366285 79.602157593
0.643462598 -0.051101469 -0.763769925 -48.948108673 0.008930847 0.998202562 -0.059262533 -5.921569824 0.765425444 0.031312119 0.642762303 80.349060059
0.637910724 -0.032918457 -0.769406378 -50.294136047 -0.026637461 0.997545004 -0.064764179 -6.082433701 0.769649386 0.061808798 0.635467827 81.461570740
0.630808592 -0.036866289 -0.775062144 -51.188552856 -0.020711223 0.997714877 -0.064313374 -6.178967476 0.775661886 0.056621917 0.628603458 82.206649780
0.622777998 -0.039986320 -0.781376123 -52.135848999 -0.016698234 0.997786403 -0.064369902 -6.269758224 0.782220304 0.053135756 0.620731711 82.939300537
0.614828229 -0.034689486 -0.787897766 -53.093585968 -0.024874492 0.997682154 -0.063336425 -6.375927925 0.788268685 0.058539573 0.612540245 83.663719177
0.605764151 -0.033035215 -0.794958055 -54.036861420 -0.024025315 0.997922480 -0.059777066 -6.474464417 0.795281470 0.055309918 0.603712022 84.382972717
0.596814394 -0.032522433 -0.801719964 -55.052497864 -0.025145030 0.997929394 -0.059200227 -6.554862499 0.801985264 0.055490818 0.594760835 85.126266479
0.587119460 -0.034218017 -0.808776855 -56.011718750 -0.025562206 0.997824252 -0.060772803 -6.630443573 0.809096575 0.056355011 0.584967315 85.824157715
0.577277899 -0.035904627 -0.815758109 -57.011329651 -0.025534609 0.997750461 -0.061984584 -6.721940041 0.816148400 0.056612387 0.575062454 86.511138916
0.567803025 -0.037758537 -0.822298050 -57.992790222 -0.024604132 0.997722626 -0.062803075 -6.811573029 0.822796702 0.055891700 0.565580785 87.167327881
0.558052778 -0.038610931 -0.828906536 -59.076461792 -0.022210337 0.997863948 -0.061433949 -6.899796963 0.829508185 0.052693684 0.556003153 87.887924194
0.548012614 -0.038285881 -0.835593283 -60.078121185 -0.021792984 0.997959435 -0.060017943 -6.988423347 0.836186051 0.051100664 0.546060026 88.532447815
0.537123799 -0.039273228 -0.842588663 -61.168373108 -0.021366287 0.997961521 -0.060135536 -7.068852901 0.843232751 0.050303210 0.535189807 89.226638794
0.526906788 -0.040476248 -0.848958731 -62.211933136 -0.021432595 0.997914910 -0.060880285 -7.155068874 0.849652708 0.050273631 0.524940789 89.863563538
0.516533673 -0.040511396 -0.855307996 -63.295204163 -0.023045205 0.997860610 -0.061180718 -7.252181053 0.855956733 0.051312648 0.514495194 90.511337280
0.508268833 -0.040169127 -0.860261142 -64.332366943 -0.028541090 0.997577190 -0.063443944 -7.313541412 0.860725403 0.056799371 0.505890906 91.097076416
0.497955114 -0.039991908 -0.866280258 -65.385078430 -0.030125877 0.997535348 -0.063368268 -7.419171810 0.866679490 0.057651997 0.495522976 91.727508545
0.489764780 -0.037682272 -0.871039867 -66.510368347 -0.030560922 0.997709572 -0.060345829 -7.497031212 0.871318817 0.056175049 0.487491488 92.317199707
0.481431305 -0.036156103 -0.875737727 -67.617630005 -0.029744780 0.997899294 -0.057551727 -7.588803291 0.875979006 0.053755835 0.479344517 92.925323486
0.474741757 -0.033231750 -0.879497409 -68.679473877 -0.034275550 0.997830749 -0.056204472 -7.696526051 0.879457474 0.056827873 0.472572833 93.480949402
0.466977715 -0.036773708 -0.883504093 -69.786590576 -0.032934841 0.997718275 -0.058935367 -7.773357391 0.883655608 0.056619562 0.464701056 94.060775757
0.459980965 -0.040005758 -0.887027204 -70.912994385 -0.029364048 0.997752845 -0.060226757 -7.864389420 0.887443125 0.053749874 0.457772613 94.651580811
0.452860117 -0.046052162 -0.890391409 -72.051437378 -0.024039395 0.997671366 -0.063827448 -7.928481102 0.891257346 0.050309379 0.450698525 95.237617493
0.446767241 -0.049728889 -0.893267035 -73.152587891 -0.021526404 0.997567296 -0.066301800 -8.027061462 0.894391179 0.048850298 0.444609910 95.781433105
0.443872094 -0.047152810 -0.894848585 -74.275146484 -0.023847464 0.997639298 -0.064398289 -8.150529861 0.895772755 0.049924474 0.441699803 96.315124512
0.440026283 -0.044226531 -0.896895051 -75.383621216 -0.022909729 0.997908473 -0.060447317 -8.246043205 0.897692621 0.047146045 0.438092709 96.846389771
0.436138511 -0.042679712 -0.898866892 -76.541549683 -0.019359959 0.998198450 -0.056789774 -8.334615707 0.899671257 0.042170238 0.434526503 97.407592773
0.432962745 -0.041737407 -0.900444984 -77.646751404 -0.018547522 0.998303533 -0.055191576 -8.425047874 0.901220977 0.040596917 0.431454092 97.922546387
0.430261970 -0.042241745 -0.901715100 -78.803909302 -0.016482981 0.998370290 -0.054634672 -8.504714966 0.902553558 0.038370170 0.428864479 98.470924377
0.428029597 -0.041650705 -0.902804434 -79.926437378 -0.014031909 0.998510778 -0.052718788 -8.591794968 0.903655767 0.035233267 0.426807731 98.979454041
0.426470608 -0.035339221 -0.903810799 -81.077377319 -0.030391542 0.998112381 -0.053366940 -8.647537231 0.903990686 0.050227638 0.424591541 99.535049438
0.424157530 -0.036889736 -0.904836774 -82.163803101 -0.027128089 0.998203933 -0.053413022 -8.725202560 0.905182004 0.047202032 0.422394961 100.040481567
0.420605421 -0.036008194 -0.906528831 -83.241569519 -0.030680740 0.998075962 -0.053879604 -8.791764259 0.906724751 0.050475020 0.418691456 100.563552856
0.418278486 -0.035436310 -0.907627404 -84.357902527 -0.027282558 0.998297632 -0.051549461 -8.868053436 0.907909095 0.046324410 0.416599631 101.087448120
0.416929871 -0.034703773 -0.908275902 -85.421737671 -0.025292499 0.998440981 -0.049758960 -8.951910019 0.908586681 0.043718565 0.415402114 101.537094116
0.414923608 -0.035377204 -0.909168184 -86.462295532 -0.023610570 0.998488724 -0.049628127 -9.028955460 0.909549892 0.042057864 0.413461238 102.016036987
0.413825810 -0.037546471 -0.909581482 -87.546539307 -0.021212194 0.998480082 -0.050866872 -9.101575851 0.910108924 0.040344238 0.412400424 102.500694275
0.413915068 -0.038061824 -0.909519434 -88.593231201 -0.022561690 0.998389602 -0.052048538 -9.180795670 0.910035849 0.042063974 0.412389755 102.939949036
0.411429077 -0.039443385 -0.910587907 -89.660301208 -0.024374155 0.998229682 -0.054252636 -9.247940063 0.911115825 0.044515923 0.409739316 103.395271301
0.414452314 -0.039996486 -0.909191728 -90.689048767 -0.025870096 0.998112261 -0.055701010 -9.317653656 0.909703314 0.046606291 0.412635177 103.841918945
0.418485731 -0.038120735 -0.907422960 -91.726150513 -0.031274144 0.997921348 -0.056345597 -9.416933060 0.907684743 0.051958703 0.416423649 104.273483276
0.423817366 -0.037491951 -0.904971361 -92.736663818 -0.032924350 0.997844815 -0.056758773 -9.515542984 0.905148983 0.053850949 0.421669543 104.726150513
0.428819388 -0.039498702 -0.902526200 -93.703964233 -0.031856954 0.997761130 -0.058802880 -9.567424774 0.902828336 0.053967558 0.426600933 105.196975708
0.436209023 -0.037254740 -0.899073899 -94.699989319 -0.034521941 0.997714221 -0.058091294 -9.658791542 0.899182975 0.056377716 0.433925748 105.675048828
0.444105744 -0.037751913 -0.895178676 -95.684143066 -0.034774207 0.997632802 -0.059324451 -9.694351196 0.895299196 0.057475459 0.441741765 106.141342163
0.452402651 -0.037359260 -0.891030908 -96.634078979 -0.035624284 0.997567654 -0.059913643 -9.770689011 0.891101956 0.058847431 0.449971378 106.620300293
0.463023573 -0.035823036 -0.885621727 -97.556266785 -0.037724100 0.997481167 -0.060070734 -9.846670151 0.885542810 0.061223458 0.460505903 107.059898376
0.472922057 -0.035842072 -0.880375028 -98.515090942 -0.039264198 0.997322381 -0.061695319 -9.935411453 0.880228937 0.063744292 0.470248520 107.560806274
0.483189642 -0.037767861 -0.874700725 -99.395874023 -0.040373601 0.997045100 -0.065353058 -10.011713982 0.874584317 0.066892736 0.480237037 108.041198730
0.494455755 -0.036596257 -0.868431985 -100.329559326 -0.043391328 0.996828258 -0.066712514 -10.122950554 0.868119001 0.070668802 0.491299540 108.565460205
0.506611586 -0.037183560 -0.861372232 -101.211082458 -0.043603957 0.996685982 -0.068670191 -10.177640915 0.861071050 0.072348356 0.503311336 109.072601318
0.516717732 -0.035647683 -0.855413258 -102.001846313 -0.044375509 0.996674716 -0.068339780 -10.245435715 0.855005085 0.073271796 0.513417721 109.649894714
0.529205024 -0.032156121 -0.847884357 -102.877044678 -0.046269748 0.996701062 -0.066679157 -10.336655617 0.847231448 0.074518360 0.525971413 110.181465149
0.549312115 -0.004703309 -0.835603893 -105.311935425 -0.071571603 0.996044517 -0.052656338 -10.013423920 0.832546532 0.088730283 0.546802700 111.590423584
0.560972273 -0.003236357 -0.827828228 -106.172988892 -0.074181512 0.995772839 -0.054161523 -10.087923050 0.824504316 0.091792658 0.558360875 112.155700684
0.567387640 0.025914814 -0.823042989 -107.874748230 -0.096243881 0.994741261 -0.035027396 -10.540294647 0.817806959 0.099086970 0.566898167 113.545768738
0.578957736 0.024866253 -0.814978242 -108.699722290 -0.094893299 0.994797349 -0.037059058 -10.592819214 0.809816837 0.098791584 0.578305304 114.112518311
0.587767541 0.037846416 -0.808144093 -109.559730530 -0.104393661 0.994102180 -0.029371021 -10.734571457 0.802266181 0.101628460 0.588252008 114.745056152
0.599036336 0.041103370 -0.799666166 -110.357109070 -0.106547080 0.993892610 -0.028728530 -10.776254654 0.793601453 0.102411538 0.599757135 115.303474426
0.608459890 0.057619717 -0.791490078 -110.969383240 -0.112851545 0.993507087 -0.014428529 -10.843284607 0.785519660 0.098100059 0.611011684 115.855285645
0.618188620 0.058938887 -0.783817112 -111.726898193 -0.114545457 0.993294656 -0.015650321 -10.870588303 0.777638972 0.099457525 0.620794654 116.447433472
0.627980471 0.061444391 -0.775799692 -112.408561707 -0.117724784 0.992906511 -0.016654177 -10.921333313 0.769273281 0.101789355 0.630759478 116.973396301
0.638090134 0.061256576 -0.767521143 -113.143646240 -0.118926376 0.992708743 -0.019642197 -10.949769974 0.760721684 0.103812002 0.640722692 117.555213928
0.646831512 0.062465187 -0.760070443 -113.792343140 -0.120085426 0.992549300 -0.020623429 -10.986228943 0.753119171 0.104613267 0.649513304 118.106857300
0.656535208 0.064733244 -0.751512587 -114.494949341 -0.121375911 0.992393732 -0.020554135 -11.018469810 0.744465888 0.104710028 0.659398437 118.701591492
0.663973391 0.067552112 -0.744698584 -115.114364624 -0.121690445 0.992395997 -0.018478287 -11.063509941 0.737787724 0.102891788 0.667145073 119.258926392
0.672079206 0.068335578 -0.737319291 -115.780479431 -0.121860020 0.992363453 -0.019104136 -11.098383904 0.730383158 0.102689236 0.675274312 119.858322144
0.680277526 0.068138763 -0.729780495 -116.408592224 -0.122557200 0.992226303 -0.021600777 -11.120880127 0.722635627 0.104134373 0.683340192 120.436256409
0.687463582 0.069582790 -0.722877622 -117.033950806 -0.123359852 0.992122114 -0.021816660 -11.159832001 0.715664864 0.104172230 0.690631568 121.021148682
0.695169806 0.072202310 -0.715210319 -117.675521851 -0.124205835 0.992043138 -0.020576250 -11.193067551 0.708033741 0.103137285 0.698606312 121.625122070
0.702126324 0.075053044 -0.708085895 -118.267303467 -0.125770465 0.991866112 -0.019579809 -11.224346161 0.700856924 0.102803789 0.705854774 122.215637207
0.708829284 0.077578381 -0.701101005 -118.850334167 -0.127418712 0.991665244 -0.019093296 -11.258511543 0.693776250 0.102867261 0.712806344 122.798614502
0.717107713 0.078554355 -0.692521334 -119.463706970 -0.128272891 0.991530061 -0.020355305 -11.292156219 0.685056627 0.103428654 0.721110165 123.407295227
0.724138796 0.080487311 -0.684941471 -120.000236511 -0.130483881 0.991217792 -0.021473320 -11.317100525 0.677197874 0.104923472 0.728281617 123.993362427
0.733622253 0.083350889 -0.674426496 -120.577308655 -0.131360099 0.991124868 -0.020398896 -11.351191521 0.666740537 0.103557803 0.738060236 124.600708008
0.741966784 0.087452292 -0.664708495 -121.100982666 -0.133304551 0.990903735 -0.018430263 -11.385267258 0.657050371 0.102283299 0.746875405 125.190574646
0.752063274 0.089706622 -0.652957559 -121.640861511 -0.135304734 0.990607202 -0.019746600 -11.416406631 0.645052969 0.103198953 0.757137001 125.797286987
0.761646509 0.091454849 -0.641506553 -122.186553955 -0.137584671 0.990241647 -0.022179786 -11.454970360 0.633218050 0.105154619 0.766796887 126.398681641
0.771639109 0.090208560 -0.629631221 -122.684844971 -0.137228891 0.990189850 -0.026313186 -11.488477707 0.621080697 0.106707893 0.776448488 127.001708984
0.781539679 0.091120131 -0.617165148 -123.161071777 -0.137920707 0.990033627 -0.028482689 -11.510911942 0.608418882 0.107380189 0.786317945 127.595588684
0.791729331 0.092802241 -0.603781700 -123.623916626 -0.138096541 0.989996493 -0.028919704 -11.553406715 0.595057964 0.106276743 0.796624959 128.199554443
0.801758587 0.094956994 -0.590056181 -124.079948425 -0.138226926 0.989990294 -0.028502557 -11.587001801 0.581443429 0.104413822 0.806858897 128.812423706
0.811519742 0.096947037 -0.576226473 -124.502159119 -0.138546214 0.989943862 -0.028566653 -11.619705200 0.567662418 0.103016421 0.816790640 129.402847290
0.820723116 0.097554088 -0.562935829 -124.956184387 -0.137023807 0.990166843 -0.028180476 -11.651956558 0.554651260 0.100263968 0.826020062 130.052536011
0.829018474 0.098124295 -0.550545096 -125.375938416 -0.136178717 0.990272582 -0.028562447 -11.679046631 0.542386889 0.098651342 0.834316671 130.672393799
0.836706460 0.098917358 -0.538644195 -125.954048157 -0.135111392 0.990434885 -0.027991347 -11.753852844 0.530723155 0.096197516 0.842068255 131.485931396
0.843348980 0.099091835 -0.528150797 -126.339981079 -0.134846568 0.990427315 -0.029498156 -11.781606674 0.520172060 0.096096568 0.848638058 132.096160889
0.849705458 0.098679081 -0.517940998 -126.562011719 -0.134826437 0.990335822 -0.032508250 -11.790355682 0.509727597 0.097454585 0.854798377 132.610778809
0.856392264 0.100349657 -0.506480217 -126.935714722 -0.135789678 0.990173876 -0.033418126 -11.822701454 0.498149902 0.097393818 0.861603796 133.224456787
0.862727165 0.103333808 -0.494998723 -127.547622681 -0.137969375 0.989858687 -0.033826537 -11.889245987 0.486483306 0.097477749 0.868234992 134.108520508
0.868612230 0.102961928 -0.484676838 -127.896850586 -0.137088299 0.989926517 -0.035388146 -11.927234650 0.476150870 0.097182095 0.873977125 134.728057861
0.873737812 0.101566724 -0.475674748 -128.294525146 -0.135828212 0.989999235 -0.038108516 -11.968413353 0.467047006 0.097906902 0.878795385 135.465072632
0.878182888 0.100495622 -0.467648894 -128.629562378 -0.134582475 0.990096271 -0.039960921 -12.000513077 0.459001482 0.098030344 0.883010566 136.096771240
0.882742286 0.103920408 -0.458221197 -129.270828247 -0.121897846 0.992494822 -0.009741860 -11.108571053 0.453769743 0.064455740 0.888784766 137.765197754
0.886077583 0.106178276 -0.451212406 -129.620208740 -0.122653686 0.992422462 -0.007329097 -11.123581886 0.447015077 0.061837021 0.892386556 138.431518555
0.888717294 0.110207416 -0.445012093 -130.027267456 -0.125066996 0.992139995 -0.004062881 -11.139677048 0.441066504 0.059267096 0.895515323 139.242996216
0.891886055 0.112611368 -0.438015878 -130.368988037 -0.126382262 0.991979003 -0.002306900 -11.150757790 0.434242696 0.057414927 0.898964345 139.941650391
0.894682884 0.121180110 -0.429950982 -130.920745850 -0.118454091 0.992403984 0.033214793 -11.170314789 0.430709958 0.021212751 0.902241051 140.777923584
0.897887588 0.122687362 -0.422783107 -131.266754150 -0.119395845 0.992251575 0.034373783 -11.147241592 0.423724413 0.019614756 0.905578792 141.508178711
0.901074290 0.124175183 -0.415506631 -131.612411499 -0.119855255 0.992117465 0.036576718 -11.133391380 0.416773230 0.016842306 0.908854425 142.259353638
0.904411077 0.124422438 -0.408117175 -132.048919678 -0.119638421 0.992115080 0.037339918 -11.109078407 0.409545153 0.015055859 0.912165582 143.234832764
0.908023775 0.124126226 -0.400106788 -132.401702881 -0.119279481 0.992167175 0.037103504 -11.080001831 0.401578337 0.014033663 0.915717125 144.015777588
0.911657929 0.123567529 -0.391932219 -132.794052124 -0.118922271 0.992242992 0.036211859 -11.059900284 0.393366605 0.013596635 0.919281185 144.938735962
0.915787876 0.120801441 -0.383066058 -133.137939453 -0.116638057 0.992586374 0.034172036 -11.032852173 0.384354204 0.013385747 0.923088670 145.759490967
0.919869125 0.119166404 -0.373684675 -133.465011597 -0.115810402 0.992771387 0.031509455 -11.010122299 0.374738365 0.014291993 0.927020490 146.566268921
0.924254835 0.118180774 -0.363023847 -133.878906250 -0.115882948 0.992862880 0.028185325 -10.987268448 0.363763869 0.016017845 0.931353450 147.610092163
0.929092705 0.120128587 -0.349793971 -134.191375732 -0.118720479 0.992598832 0.025549866 -10.971414566 0.350274384 0.017789511 0.936478138 148.434020996
0.934621990 0.124112584 -0.333283424 -134.573135376 -0.122975551 0.992104828 0.024594784 -10.950757980 0.333704591 0.017998908 0.942505956 149.470245361
0.940664530 0.127825603 -0.314341754 -134.876876831 -0.126293331 0.991669476 0.025326263 -10.944662094 0.314960480 0.015875753 0.948972046 150.330062866
0.946821809 0.129860029 -0.294388652 -135.154144287 -0.128608778 0.991412282 0.023693904 -10.906602859 0.294937432 0.015427053 0.955392003 151.217712402
0.952559412 0.135585904 -0.272482961 -135.597473145 -0.131914198 0.990749657 0.031838957 -10.939825058 0.274279326 0.005615885 0.961633623 152.525894165
0.958152294 0.137341037 -0.251160413 -135.836517334 -0.133916721 0.990515053 0.030760195 -10.927478790 0.253002822 0.004161628 0.967456639 153.454345703
0.963571429 0.138655752 -0.228701770 -136.078155518 -0.135165140 0.990339935 0.030935816 -10.921426773 0.230781943 0.001103623 0.973004878 154.349487305
0.968295574 0.139972791 -0.206908777 -136.342834473 -0.136500314 0.990153670 0.031037465 -10.877151489 0.209215865 -0.001810313 0.977867723 155.591033936
0.972608685 0.142281339 -0.183816195 -136.543212891 -0.138710752 0.989809096 0.032206509 -10.858646393 0.186525315 -0.005827048 0.982432842 156.574676514
0.976393819 0.144008592 -0.160986528 -136.772232056 -0.140619069 0.989536285 0.032314371 -10.819112778 0.163955584 -0.008913770 0.986427426 157.769439697
0.979496598 0.146033689 -0.138782084 -136.931838989 -0.143315896 0.989239275 0.029433370 -10.798719406 0.141586959 -0.008940214 0.989885390 158.779495239
0.982099175 0.147697031 -0.116904981 -137.136367798 -0.145154789 0.988953531 0.030016651 -10.746534348 0.120046973 -0.012510011 0.992689312 160.006713867
0.984366655 0.147486463 -0.096281558 -137.245452881 -0.145634785 0.988996148 0.026022894 -10.709562302 0.099060103 -0.011594125 0.995013833 161.020324707
0.986332536 0.146434680 -0.075531222 -137.371841431 -0.144912332 0.989121437 0.025286188 -10.692512512 0.078412302 -0.013995186 0.996822774 162.301254272
0.987651110 0.146532193 -0.055438124 -137.441146851 -0.145388454 0.989079773 0.024152024 -10.673620224 0.058371771 -0.015793720 0.998169959 163.344757080
0.988447607 0.147465661 -0.035003077 -137.511978149 -0.146744519 0.988921642 0.022362139 -10.659343719 0.037912946 -0.016967293 0.999136984 164.637130737
0.988668919 0.149396420 -0.014651211 -137.543518066 -0.149084225 0.988612235 0.020490099 -10.658489227 0.017545510 -0.018073659 0.999682784 165.738754272
0.988758028 0.149402902 0.006032219 -137.562042236 -0.149488688 0.988600075 0.017973436 -10.629880905 -0.003278167 -0.018673128 0.999820292 167.042892456
0.988117993 0.151361629 0.026690543 -137.564010620 -0.151786000 0.988304794 0.014651486 -10.619970322 -0.024160715 -0.018528653 0.999536455 168.155197144
0.987153888 0.152788326 0.046721969 -137.537658691 -0.153444573 0.988098502 0.010776278 -10.605622292 -0.044519421 -0.017807065 0.998849869 169.251983643
0.986068547 0.152898490 0.065504566 -137.450714111 -0.153587237 0.988119304 0.005581173 -10.614090919 -0.063872993 -0.015564084 0.997836649 170.701293945
0.984402835 0.154876187 0.083453171 -137.377563477 -0.155444130 0.987844586 0.000312005 -10.605187416 -0.082390457 -0.013279441 0.996511638 171.880874634
0.982553065 0.155315012 0.102306522 -137.238403320 -0.155762941 0.987787843 -0.003644646 -10.628998756 -0.101623200 -0.012354495 0.994746268 173.172073364
0.980450213 0.155281276 0.120851763 -137.123992920 -0.155315965 0.987822056 -0.009190638 -10.654675484 -0.120807178 -0.009759247 0.992628098 174.314819336
0.977975428 0.155997783 0.138667166 -136.986694336 -0.155165628 0.987744689 -0.016858630 -10.684114456 -0.139597654 -0.005029052 0.990195632 175.433578491
0.974598587 0.161054909 0.155624300 -136.797149658 -0.159389392 0.986943007 -0.023205500 -10.560169220 -0.157329634 -0.002188828 0.987543702 177.120437622
0.971454561 0.163320333 0.172053620 -136.595306396 -0.160496011 0.986571431 -0.030296173 -10.621768951 -0.174691141 0.001817426 0.984621525 178.342147827
0.968132973 0.164796561 0.188575432 -136.398223877 -0.160809189 0.986315489 -0.036360662 -10.675003052 -0.191986963 0.004877280 0.981385291 179.425567627
0.964842498 0.165204421 0.204417363 -136.164291382 -0.160859630 0.986252725 -0.037810512 -10.690414429 -0.207853645 0.003598689 0.978153288 181.001312256
0.961098969 0.164360866 0.221978128 -135.914749146 -0.159365028 0.986394346 -0.040360197 -10.739293098 -0.225591630 0.003414601 0.974215925 182.182739258
0.957097888 0.164087623 0.238828033 -135.567321777 -0.158354372 0.986439645 -0.043135256 -10.819427490 -0.242667452 0.003465204 0.970103264 183.702667236
0.952922404 0.164116383 0.254960090 -135.265319824 -0.156299308 0.986404121 -0.050768416 -10.879495621 -0.259825587 0.008528277 0.965617836 184.938598633
0.957065821 0.101403102 0.271556020 -134.993804932 -0.097485162 0.994845390 -0.027915921 -11.166952133 -0.272987008 0.000244680 0.962017715 186.388763428
0.952022195 0.103358574 0.288046569 -134.619567871 -0.099088177 0.994643986 -0.029407959 -11.196636200 -0.289543390 -0.000544982 0.957164705 187.640350342
0.946132720 0.105947599 0.305954456 -134.252914429 -0.101323619 0.994370222 -0.031003218 -11.273304939 -0.307516843 -0.001667254 0.951541185 188.850936890
0.940108478 0.109365188 0.322854877 -133.748931885 -0.103495501 0.994001627 -0.035347663 -11.346904755 -0.324784160 -0.000183387 0.945788085 190.449661255
0.933948338 0.109989129 0.340063125 -133.323272705 -0.102241985 0.993927598 -0.040676210 -11.404162407 -0.342472076 0.003220752 0.939522505 191.681884766
0.927274108 0.111891456 0.357271671 -132.836578369 -0.102829121 0.993710876 -0.044327501 -11.479139328 -0.359984607 0.004365809 0.932947993 193.024383545
0.920696437 0.111480057 0.374019325 -132.269790649 -0.099486776 0.993716240 -0.051287279 -11.550251007 -0.377386659 0.010010042 0.926001728 194.602203369
0.912664413 0.114793405 0.392257750 -131.791275024 -0.099728100 0.993284881 -0.058645830 -11.629213333 -0.396355897 0.014404828 0.917984009 195.802734375
0.903085053 0.118505813 0.412787795 -131.265182495 -0.101212174 0.992829919 -0.063599087 -11.718656540 -0.417364985 0.015656233 0.908604085 197.013488770
0.892419577 0.108182810 0.438045382 -130.498962402 -0.090145804 0.994007111 -0.061835181 -12.081637383 -0.442109734 0.015694968 0.896823645 198.805145264
0.879334033 0.113343529 0.462520212 -129.886978149 -0.093252435 0.993441939 -0.066159651 -12.189932823 -0.466985762 0.015045313 0.884136856 200.015945435
0.865423083 0.116974942 0.487195790 -129.149917603 -0.094420590 0.993018806 -0.070699647 -12.322354317 -0.492064714 0.015183798 0.870426238 201.435455322
0.850743830 0.121356465 0.511378229 -128.470642090 -0.096250400 0.992496789 -0.075406924 -12.440230370 -0.516692281 0.014931617 0.856041074 202.667068481
