0.986195147 0.065725088 -0.151984334 19.074693680 -0.063668847 0.997802138 0.018361881 0.610978365 0.152857125 -0.008431733 0.988212287 0.011241913
0.999774873 0.001077598 0.021190422 0.041052058 -0.001164668 0.999990940 0.004097023 -0.002836142 -0.021185819 -0.004120781 0.999767065 0.954661071
0.999491096 0.001568264 0.031860106 0.056206986 -0.001765991 0.999979317 0.006178928 -0.006760350 -0.031849757 -0.006232048 0.999473155 1.448964357
0.999110699 0.001959543 0.042118244 0.084182188 -0.002300123 0.999965012 0.008039366 -0.005845258 -0.042101014 -0.008129093 0.999080300 1.968941808
0.979866266 0.199652195 0.000989619 19.410745621 -0.198927969 0.975865483 0.090078965 0.466088414 0.017018717 -0.088462204 0.995934129 1.711234093
0.983153641 0.181174666 -0.024183623 28.303993225 -0.178839996 0.980823994 0.077462666 1.039571166 0.037754159 -0.071832694 0.996701837 -3.926940441
0.983218789 0.181880429 -0.014151230 28.308593750 -0.180230916 0.980447531 0.078990743 1.062769413 0.028241400 -0.075114697 0.996774912 -3.534375191
0.983088434 0.183129758 -0.000804683 28.294122696 -0.182476357 0.979933262 0.080206737 1.099702597 0.015476791 -0.078703485 0.996777892 -3.039834023
0.983043134 0.183030009 0.011235398 28.307363510 -0.183333591 0.979682744 0.081304662 1.131729245 0.003874082 -0.081985816 0.996625960 -2.598056078
0.982664466 0.183576405 0.025894178 28.304224014 -0.185102001 0.979332864 0.081512228 1.157200813 -0.010395300 -0.084892213 0.996335924 -2.142811060
0.982407331 0.182513729 0.039556496 28.328260422 -0.185169429 0.979493797 0.079397477 1.184457302 -0.024254218 -0.085325301 0.996057987 -1.666743279
0.975878656 0.200204179 0.087058179 19.563621521 -0.207665384 0.974299431 0.087268047 0.653934777 -0.067349330 -0.103241995 0.992373526 4.418171406
0.974668801 0.198843777 0.102381006 19.622228622 -0.207558781 0.974703670 0.082899526 0.684625506 -0.083307073 -0.102049664 0.991284907 4.916453362
0.978701711 0.184381634 0.090257175 28.420980453 -0.190598920 0.979454994 0.065878220 1.259829879 -0.076256081 -0.081678055 0.993737161 -0.318931103
0.975559831 0.187216103 0.115036324 28.480728149 -0.194948822 0.978975356 0.060018178 1.282007098 -0.101381347 -0.080977514 0.991546392 0.192070723
0.956001043 0.217798337 0.196534753 28.324335098 -0.234386548 0.969952643 0.065228641 1.286747694 -0.176422745 -0.108423747 0.978324771 0.801106930
0.948651433 0.218611225 0.228625789 28.444385529 -0.237299576 0.969740450 0.057379451 1.307573080 -0.209163874 -0.108685896 0.971821964 1.322704792
0.553556800 0.074666403 0.829457462 26.953193665 -0.229642898 0.971045196 0.065845430 1.512558460 -0.800524056 -0.226928249 0.554675281 0.684094429
0.524795771 0.076085128 0.847820938 27.433261871 -0.231775030 0.971138000 0.056315456 1.539113641 -0.819066226 -0.226057857 0.527283788 0.982276917
0.497144729 0.076923639 0.864251018 27.810817719 -0.233149976 0.971271873 0.047666177 1.544023871 -0.835755944 -0.225197107 0.500797451 1.197378159
0.468624443 0.080330297 0.879737556 28.305612564 -0.235847309 0.971087098 0.036961153 1.555700898 -0.851332545 -0.224804670 0.474020749 1.463374138
0.440507323 0.081421174 0.894049168 28.711242676 -0.231898621 0.972400367 0.025702229 1.555862904 -0.867281020 -0.218650788 0.447230935 1.660261154
0.412623823 0.083555534 0.907061279 29.237953186 -0.226059079 0.974025369 0.013110634 1.555613756 -0.882405102 -0.210459188 0.420794547 1.900013924
0.050261289 -0.032474149 0.998207986 27.966712952 -0.182857603 0.982277274 0.041163057 1.490544558 -0.981853783 -0.184598833 0.043432437 3.651741028
0.020742396 -0.028516782 0.999378026 28.546234131 -0.177473128 0.983613312 0.031750452 1.495380521 -0.983907044 -0.178021342 0.015341543 3.652368307
0.229877979 0.051979750 0.971830428 30.292118073 -0.189195901 0.981908619 -0.007766143 1.464403510 -0.954652190 -0.182081074 0.235553652 3.124196053
0.203169554 0.060123041 0.977295995 30.898309708 -0.184451088 0.982593060 -0.022103485 1.446105003 -0.961613119 -0.175772548 0.210722774 3.258624077
-0.060350753 0.000319874 0.998177111 30.736623764 -0.158108085 0.987372339 -0.009875778 1.485122800 -0.985575795 -0.158415869 -0.059538089 3.528207541
-0.086592548 0.017396079 0.996091902 31.303491592 -0.156403065 0.987211704 -0.030837456 1.450472593 -0.983890116 -0.158462122 -0.082764328 3.476203442
0.020939862 0.073595770 0.997068286 32.558193207 -0.156688422 0.985204816 -0.069429368 1.468649626 -0.987426043 -0.154775232 0.032161836 2.143480539
-0.005555427 0.083261371 0.996512234 33.144634247 -0.151682884 0.984926581 -0.083138943 1.413034916 -0.988413632 -0.151615739 0.007157717 2.145808220
-0.031144312 0.087354213 0.995690346 33.756214142 -0.147882417 0.984807193 -0.091025040 1.352495670 -0.988514483 -0.150079980 -0.017753020 2.132179260
-0.187390476 0.047878362 0.981117964 34.175849915 -0.144464910 0.986607015 -0.075738572 1.241319180 -0.971604168 -0.155929804 -0.177964032 2.988150120
-0.209760770 0.042914286 0.976810455 34.753189087 -0.140324354 0.987372816 -0.073511630 1.188720703 -0.967630863 -0.152490154 -0.201090202 2.865406513
-0.331120342 0.008933195 0.943546236 36.519439697 -0.125498772 0.990654469 -0.053420700 0.999583483 -0.935205638 -0.136102557 -0.326904774 2.710280418
-0.345494390 0.009212820 0.938375533 36.965538025 -0.122472398 0.990956664 -0.054821372 0.961997271 -0.930394650 -0.133865580 -0.341241688 2.536640167
-0.356950372 0.013552613 0.934025049 37.859718323 -0.119328469 0.991041243 -0.059982918 0.901245117 -0.926470280 -0.132866696 -0.352135390 2.167256355
-0.367719620 0.015850561 0.929801643 38.285121918 -0.119510636 0.990758002 -0.064153977 0.863672018 -0.922225356 -0.134711847 -0.362426817 2.002832413
-0.431151748 0.000741604 0.902279139 39.052524567 -0.121887788 0.990785241 -0.059058107 0.824074984 -0.894008696 -0.135439798 -0.427088469 1.639311790
-0.443818510 -0.000854187 0.896116316 39.448383331 -0.123160161 0.990568101 -0.060053162 0.794966936 -0.887612998 -0.137018532 -0.439737618 1.456142426
-0.453121454 -0.000522119 0.891448617 39.835620880 -0.120950378 0.990788758 -0.060898539 0.766264677 -0.883205533 -0.135415494 -0.449010879 1.261022568
-0.407213867 0.019451480 0.913125634 40.994960785 -0.119165562 0.990095377 -0.074233741 0.621709585 -0.905525506 -0.139042154 -0.400862694 0.850171089
-0.411513031 0.022126131 0.911135197 41.392776489 -0.117628217 0.990054786 -0.077169262 0.578191757 -0.903781354 -0.138931379 -0.404817760 0.677031517
-0.412190706 0.023868583 0.910784900 41.787429810 -0.118037298 0.989832938 -0.079359889 0.530888319 -0.903419077 -0.140218019 -0.405182481 0.510674477
-0.406551033 0.024852850 0.913289964 42.931312561 -0.116598502 0.990044475 -0.078845367 0.440670013 -0.906157315 -0.138542891 -0.399605840 -0.015946388
-0.401585460 0.024030637 0.915506184 43.364398956 -0.118183076 0.989937305 -0.077825181 0.403546095 -0.908163965 -0.139450803 -0.394704491 -0.187947273
-0.445576459 0.006593753 0.895219624 44.328353882 -0.118439585 0.990748763 -0.066248134 0.375649452 -0.887374640 -0.135548040 -0.440673321 -1.017181396
-0.438196063 0.005945353 0.898859859 44.799041748 -0.121161468 0.990461528 -0.065617710 0.340368509 -0.890676320 -0.137660593 -0.433295965 -1.240627289
-0.430556238 0.005121867 0.902549207 45.810569763 -0.123643249 0.990221620 -0.064602755 0.258925200 -0.894054532 -0.139409244 -0.425712854 -1.724931717
-0.425676107 0.002716217 0.904871583 46.317153931 -0.127383828 0.989857256 -0.062896155 0.211596727 -0.895864427 -0.142039388 -0.421012729 -1.958654404
-0.423822761 0.000519263 0.905744970 47.323719025 -0.133004665 0.989123583 -0.062803566 0.141451597 -0.895926356 -0.147085890 -0.419144034 -2.411388397
-0.424411416 -0.002071350 0.905467153 47.836490631 -0.135262847 0.988921642 -0.061138269 0.098328114 -0.895309448 -0.148423836 -0.419989854 -2.637407303
-0.478826404 -0.020136870 0.877678633 49.060428619 -0.126899570 0.990825236 -0.046498485 0.035912752 -0.868689716 -0.133641735 -0.476988524 -3.660610199
-0.479629993 -0.021039136 0.877218544 49.563014984 -0.127895921 0.990712464 -0.046167489 0.008624077 -0.868100107 -0.134335965 -0.477866143 -3.927227020
-0.479261458 -0.021653932 0.877404988 50.720848083 -0.127368540 0.990828693 -0.045118835 -0.072610617 -0.868381083 -0.133377522 -0.477624059 -4.555599213
-0.479858279 -0.022619545 0.877054334 51.224601746 -0.126828253 0.990955651 -0.043833800 -0.107294321 -0.868130624 -0.132269293 -0.478387117 -4.815893173
-0.478845060 -0.022602621 0.877608299 52.440757751 -0.127179772 0.990909100 -0.043871805 -0.190306425 -0.868638396 -0.132621869 -0.477366418 -5.509725571
-0.479104966 -0.024300171 0.877421141 52.946456909 -0.129672542 0.990607917 -0.043371178 -0.220669508 -0.868126452 -0.134556770 -0.477756202 -5.779853821
-0.497495413 -0.032291200 0.866865396 54.280796051 -0.142971903 0.988693058 -0.045222450 -0.244242430 -0.855603516 -0.146435365 -0.496486992 -6.627681732
-0.496050000 -0.033275895 0.867656112 54.752807617 -0.141601950 0.988988161 -0.043026485 -0.298855782 -0.856669784 -0.144205093 -0.495299608 -6.929874420
-0.497750014 -0.035145689 0.866608083 56.039989471 -0.143973321 0.988664329 -0.042597618 -0.353854418 -0.855287433 -0.145971417 -0.497167736 -7.634180069
-0.494790971 -0.035670232 0.868279636 56.623767853 -0.142137915 0.989023447 -0.040367030 -0.369820714 -0.857309043 -0.143388689 -0.494429976 -7.945568085
-0.493042350 -0.038692530 0.869144499 57.780548096 -0.143636227 0.988921404 -0.037456248 -0.464525819 -0.858066320 -0.143308192 -0.493137807 -8.621850967
-0.490382105 -0.039405067 0.870616198 58.302646637 -0.143058226 0.989066124 -0.035812560 -0.506085515 -0.859685838 -0.142110661 -0.490657508 -8.911437988
-0.489375979 -0.038943354 0.871202886 59.544204712 -0.142261535 0.989185274 -0.035694540 -0.563310623 -0.860391080 -0.141406715 -0.489623636 -9.641235352
-0.488507152 -0.038340531 0.871717095 60.096595764 -0.141800463 0.989242077 -0.035954870 -0.597991943 -0.860960782 -0.141174093 -0.488688558 -9.941238403
-0.489349931 -0.036777902 0.871311665 60.663131714 -0.143819138 0.988833785 -0.039033834 -0.629070759 -0.860146940 -0.144412488 -0.489175171 -10.258522034
-0.493082523 -0.034895141 0.869282424 62.200023651 -0.143085897 0.988841176 -0.041468009 -0.712888241 -0.858135223 -0.144829214 -0.492573291 -11.120605469
-0.496815264 -0.034743875 0.867160559 62.759315491 -0.144282341 0.988599539 -0.043053042 -0.757810116 -0.855778635 -0.146505386 -0.496164262 -11.448284149
-0.503139257 -0.035459410 0.863477528 63.918018341 -0.143115938 0.988780737 -0.042787075 -0.824699521 -0.852272570 -0.145105258 -0.502569199 -12.098754883
-0.509657681 -0.037845019 0.859544456 64.516677856 -0.142342269 0.988973975 -0.040856645 -0.866826177 -0.848520875 -0.143172428 -0.509425104 -12.448289871
-0.513873219 -0.040493220 0.856909931 65.614044189 -0.144525841 0.988694251 -0.039948825 -0.947154999 -0.845604241 -0.144374266 -0.513915837 -13.088029861
-0.520633221 -0.036911041 0.852982104 66.247390747 -0.143307328 0.988668740 -0.044687629 -0.977837443 -0.841667354 -0.145504445 -0.520023406 -13.451236725
-0.526087284 -0.036024675 0.849667132 67.362518311 -0.146199778 0.988059103 -0.048630040 -1.051628113 -0.837769508 -0.149804831 -0.525072098 -14.171579361
-0.532502949 -0.034654658 0.845718443 68.005195618 -0.146715626 0.987816215 -0.051901523 -1.093107462 -0.833615720 -0.151717842 -0.531099379 -14.553176880
-0.534410059 -0.035016727 0.844499707 68.984992981 -0.147944793 0.987592041 -0.052671358 -1.182352066 -0.832176805 -0.153087422 -0.532959640 -15.172094345
-0.537554085 -0.035077270 0.842499435 69.655303955 -0.147051290 0.987723768 -0.052701954 -1.232464075 -0.830307961 -0.152220741 -0.536113203 -15.606061935
-0.541181505 -0.038814928 0.840009511 70.786018372 -0.127637982 0.991151392 -0.036432754 -1.176986575 -0.831162512 -0.126933858 -0.541347146 -16.362049103
-0.542805433 -0.047553595 0.838511109 71.517898560 -0.127687603 0.991462171 -0.026430104 -1.227433205 -0.830095232 -0.121413872 -0.544243157 -16.839500427
-0.545044124 -0.048861779 0.836982369 72.413940430 -0.127173722 0.991567135 -0.024929479 -1.276527524 -0.828706205 -0.120029807 -0.546661735 -17.408697128
-0.546219528 -0.044582974 0.836454809 73.149589539 -0.127698258 0.991342366 -0.030550692 -1.309554100 -0.827851057 -0.123501182 -0.547183692 -17.881881714
-0.548679411 -0.036082111 0.835253894 74.043182373 -0.116426237 0.992630780 -0.033599902 -1.323942900 -0.827886343 -0.115681052 -0.548836827 -18.447227478
-0.549674571 -0.032177649 0.834758937 74.779342651 -0.110627301 0.993261039 -0.034558717 -1.371504903 -0.828021526 -0.111343175 -0.549529910 -18.933416367
-0.549298882 -0.030788595 0.835058510 75.619361877 -0.107519783 0.993618250 -0.034091491 -1.413035393 -0.828679800 -0.108511709 -0.549103737 -19.497552872
-0.549257040 -0.034024019 0.834960639 76.362060547 -0.109424137 0.993496060 -0.031497579 -1.445145845 -0.828458309 -0.108665101 -0.549407542 -19.972949982
-0.548561215 -0.039066814 0.835197270 77.129402161 -0.112248413 0.993306100 -0.027262805 -1.475143909 -0.828541398 -0.108704865 -0.549274325 -20.466520309
-0.547498584 -0.044544306 0.835620165 78.017379761 -0.114968359 0.993116856 -0.022387348 -1.494347572 -0.828871250 -0.108326942 -0.548851192 -21.049386978
-0.546069443 -0.049788352 0.836259127 78.785949707 -0.122269921 0.992279589 -0.020763773 -1.536127925 -0.828769147 -0.113587819 -0.547941148 -21.542911530
-0.544582665 -0.054948881 0.836905241 79.603187561 -0.131147444 0.991155803 -0.020262439 -1.551015973 -0.828390062 -0.120792583 -0.546972632 -22.042913437
-0.543351769 -0.054075245 0.837761700 80.353004456 -0.128048703 0.991585076 -0.019045165 -1.580039144 -0.829682052 -0.117622554 -0.545703709 -22.512386322
-0.539817989 -0.051240385 0.840220749 81.157501221 -0.122921884 0.992244601 -0.018462364 -1.636662483 -0.832758427 -0.113247842 -0.541930079 -23.051176071
-0.534409821 -0.047979515 0.843862653 81.910369873 -0.120238297 0.992549360 -0.019712314 -1.671086311 -0.836629510 -0.111999057 -0.536197007 -23.530759811
-0.529382348 -0.045714654 0.847150683 82.748062134 -0.112275653 0.993539333 -0.016546592 -1.716504931 -0.840921223 -0.103873871 -0.531094790 -24.010080338
-0.523250639 -0.042306893 0.851127923 83.510833740 -0.104953773 0.994362533 -0.015096141 -1.742999673 -0.845691085 -0.097228147 -0.524741173 -24.449193954
-0.513571680 -0.043223027 0.856957376 84.334098816 -0.109514140 0.993864357 -0.015503120 -1.763927698 -0.851029277 -0.101810902 -0.515154123 -24.966447830
-0.503144801 -0.045406327 0.863008499 85.108032227 -0.111095309 0.993731380 -0.012485780 -1.785074115 -0.857031584 -0.102158345 -0.505035222 -25.396072388
-0.491368800 -0.048891075 0.869578302 85.954566956 -0.110867642 0.993812025 -0.006771507 -1.816492677 -0.863866389 -0.099735409 -0.493748635 -25.877727509
-0.480467439 -0.049843363 0.875595093 86.749481201 -0.112397395 0.993650198 -0.005112422 -1.829303384 -0.869780362 -0.100870959 -0.483018756 -26.300739288
-0.469150990 -0.050533574 0.881670892 87.591506958 -0.111415185 0.993771195 -0.002327101 -1.849200130 -0.876061618 -0.099323310 -0.471859008 -26.741514206
-0.457536846 -0.049178824 0.887829661 88.384506226 -0.110160358 0.993912339 -0.001715411 -1.862258434 -0.882340431 -0.098588504 -0.460169166 -27.145492554
-0.450427681 -0.043862771 0.891734779 89.237998962 -0.093752801 0.995594144 0.001615558 -1.897076488 -0.887876868 -0.082874961 -0.452555507 -27.569770813
-0.438908964 -0.034759723 0.897858918 90.021720886 -0.091008194 0.995832503 -0.005935733 -1.908210993 -0.893910766 -0.084317759 -0.440243274 -27.950733185
-0.426139325 -0.029637450 0.904171944 90.875946045 -0.090048052 0.995889246 -0.009796143 -1.923393726 -0.900164783 -0.085593447 -0.427056372 -28.362066269
-0.414323747 -0.033062864 0.909528852 91.711204529 -0.092102893 0.995732784 -0.005759718 -1.937382698 -0.905457258 -0.086156629 -0.415600955 -28.734424591
-0.403421104 -0.037381787 0.914250493 92.507087708 -0.095294453 0.995448232 -0.001347731 -1.948909998 -0.910038650 -0.087666698 -0.405147165 -29.079147339
-0.392736405 -0.037811555 0.918873429 93.329277039 -0.100503519 0.994934738 -0.002014808 -1.960093021 -0.914142787 -0.093141295 -0.394547284 -29.428382874
-0.385727227 -0.032981016 0.922023177 94.159225464 -0.103917822 0.994554520 -0.007898417 -1.988218069 -0.916741788 -0.098861292 -0.387054145 -29.761920929
-0.381422400 -0.028024733 0.923975945 94.991676331 -0.108947963 0.993936837 -0.014827637 -2.003723145 -0.917958200 -0.106320888 -0.382163048 -30.074577332
-0.377381623 -0.026438247 0.925680339 95.794700623 -0.113340788 0.993396044 -0.017834533 -2.027289391 -0.919095755 -0.111647747 -0.377885938 -30.406423569
-0.373927295 -0.026416909 0.927081704 96.637985229 -0.113843255 0.993342638 -0.017612319 -2.054481506 -0.920444608 -0.112127714 -0.374445289 -30.726427078
-0.368837595 -0.026905321 0.929104388 97.443122864 -0.116324283 0.993058443 -0.017421300 -2.080588579 -0.922186255 -0.114503011 -0.369407028 -31.042770386
-0.362270415 -0.030924844 0.931559801 98.265571594 -0.119246669 0.992773950 -0.013416372 -2.102891922 -0.924413443 -0.115945749 -0.363340288 -31.358495712
-0.358071476 -0.035204150 0.933030307 99.011390686 -0.121160977 0.992591619 -0.009046793 -2.119377613 -0.925799549 -0.116286241 -0.359684080 -31.624637604
-0.351874232 -0.038215693 0.935266972 99.852989197 -0.121827506 0.992537320 -0.005279196 -2.147868633 -0.928085446 -0.115798831 -0.353903979 -31.937561035
-0.346280992 -0.040147986 0.937271297 100.701110840 -0.131496444 0.991297662 -0.006120018 -2.160475254 -0.928869307 -0.125367075 -0.348546892 -32.227455139
-0.340688288 -0.039605878 0.939341724 101.517181396 -0.137926683 0.990407944 -0.008265394 -2.172404528 -0.930004179 -0.132376209 -0.342883050 -32.486156464
-0.333362192 -0.035940610 0.942113519 102.378547668 -0.135689408 0.990698695 -0.010218931 -2.202435970 -0.932983398 -0.131241411 -0.335138232 -32.789432526
-0.326078445 -0.032588292 0.944780827 103.192810059 -0.134020686 0.990904868 -0.012076199 -2.223221779 -0.935794473 -0.130557954 -0.327480257 -33.084796906
-0.320989519 -0.034677096 0.946447730 104.092422485 -0.135402963 0.990743876 -0.009622087 -2.234079838 -0.937353611 -0.131240413 -0.322713763 -33.357555389
-0.312817335 -0.039882999 0.948975563 104.866539001 -0.135462195 0.990777850 -0.003013505 -2.266267776 -0.940103829 -0.129493013 -0.315335184 -33.626861572
-0.305100918 -0.042207487 0.951384246 105.722366333 -0.136602044 0.990625978 0.000141290 -2.278656244 -0.942471862 -0.129917920 -0.308006555 -33.902488708
-0.298021883 -0.039817788 0.953728318 106.434982300 -0.133139163 0.991097331 -0.000225527 -2.370417118 -0.945228517 -0.127045825 -0.300670028 -34.145137787
-0.292093217 -0.037337825 0.955660760 107.242446899 -0.133133888 0.991096079 -0.001969458 -2.387386084 -0.947078109 -0.127806112 -0.294463336 -34.380344391
-0.283493459 -0.037138186 0.958254755 107.956108093 -0.131403312 0.991328895 -0.000454818 -2.438578844 -0.949928761 -0.126046792 -0.285915345 -34.636890411
-0.276655316 -0.037640538 0.960231781 108.822578430 -0.129555508 0.991570950 0.001542368 -2.455896378 -0.952196002 -0.123976618 -0.279199958 -34.874244690
-0.268933624 -0.038494136 0.962389171 109.662063599 -0.126880854 0.991908967 0.004218830 -2.492044926 -0.954764903 -0.120974183 -0.271641791 -35.107517242
-0.261214942 -0.037140548 0.964565933 110.526466370 -0.125247166 0.992116272 0.004283080 -2.491381645 -0.957120717 -0.119690321 -0.263807386 -35.348037720
-0.254233211 -0.037450712 0.966417551 111.345085144 -0.124065079 0.992257059 0.005814543 -2.521980762 -0.959152460 -0.118420415 -0.256910980 -35.579799652
-0.247587845 -0.038324453 0.968107164 112.167800903 -0.128123567 0.991737068 0.006493018 -2.528427601 -0.960356534 -0.122429773 -0.250452280 -35.767715454
-0.240836054 -0.038927890 0.969784915 113.020408630 -0.130672276 0.991398335 0.007344363 -2.519845963 -0.961729109 -0.124955192 -0.243851319 -35.995704651
-0.235772654 -0.039222956 0.971016347 113.839538574 -0.127579913 0.991786718 0.009084247 -2.541480780 -0.963397503 -0.121740371 -0.238840222 -36.206790924
-0.232464597 -0.039126363 0.971817553 114.658630371 -0.125994235 0.991982579 0.009799644 -2.544153452 -0.964409530 -0.120165348 -0.235530540 -36.378253937
-0.227982000 -0.037885010 0.972928047 115.533065796 -0.124445617 0.992181182 0.009473907 -2.553151131 -0.965679824 -0.118916765 -0.230914086 -36.562698364
-0.222273365 -0.039322287 0.974191129 116.355682373 -0.118181370 0.992905438 0.013113174 -2.559504271 -0.967795253 -0.112216540 -0.225343615 -36.754474640
-0.216749609 -0.040712222 0.975377977 117.200927734 -0.111362435 0.993638992 0.016727354 -2.570600510 -0.969854653 -0.104994789 -0.219904706 -36.966907501
-0.212300032 -0.042656168 0.976273119 118.056144714 -0.104413316 0.994317710 0.020738903 -2.631433010 -0.971610248 -0.097533047 -0.215547547 -37.135841370
-0.209132001 -0.041879185 0.976990342 118.890251160 -0.105305739 0.994237185 0.020077011 -2.642091274 -0.972200871 -0.098683953 -0.212336943 -37.293811798
-0.204440713 -0.039349660 0.978087723 119.759071350 -0.106359035 0.994169176 0.017765373 -2.623544216 -0.973083615 -0.100396514 -0.207433835 -37.485195160
-0.202573955 -0.039927132 0.978452682 120.607444763 -0.109116524 0.993866563 0.017965177 -2.619962454 -0.973168671 -0.103126071 -0.205688238 -37.659042358
-0.201900870 -0.041174605 0.978540063 121.465721130 -0.109843314 0.993764400 0.019151380 -2.612781048 -0.973226845 -0.103619419 -0.205164656 -37.822040558
-0.200537682 -0.046286449 0.978591979 122.313583374 -0.108902901 0.993745863 0.024686318 -2.612085104 -0.973614335 -0.101620957 -0.204324186 -38.001728058
-0.199825689 -0.053772226 0.978354871 122.831687927 -0.105685264 0.993850529 0.033038039 -2.678554058 -0.974115074 -0.096795835 -0.204279840 -38.090179443
-0.199203506 -0.056112140 0.978350282 123.676460266 -0.104900219 0.993843853 0.035641838 -2.672557831 -0.974327445 -0.095529191 -0.203863353 -38.258014679
-0.196444914 -0.052388415 0.979114234 124.401847839 -0.099917807 0.994442880 0.033161543 -2.713913441 -0.975410581 -0.091316544 -0.200587779 -38.426021576
-0.196357459 -0.048603419 0.979327023 125.244415283 -0.100173421 0.994539261 0.029273380 -2.701993704 -0.975401998 -0.092354506 -0.200153947 -38.604598999
-0.194916308 -0.031302173 0.980320394 127.656959534 -0.077562943 0.996852398 0.016408276 -4.134438038 -0.977748215 -0.072838284 -0.196730703 -38.546653748
-0.194928691 -0.033340320 0.980250597 128.495620728 -0.079939328 0.996637166 0.018001243 -4.142816067 -0.977554262 -0.074851617 -0.196938381 -38.694812775
-0.195470333 -0.049572684 0.979455829 127.786979675 -0.099428743 0.994577229 0.030494984 -2.667119026 -0.975656331 -0.091425203 -0.199339315 -39.087577820
-0.194085568 -0.047911122 0.979813814 128.600631714 -0.101358235 0.994440258 0.028548870 -2.661628485 -0.975734234 -0.093771279 -0.197862685 -39.249237061
-0.194140881 -0.046187010 0.979885697 129.481719971 -0.108946063 0.993726909 0.025254352 -2.641572475 -0.974905133 -0.101851806 -0.197954863 -39.413135529
-0.193768367 -0.044555049 0.980035007 130.287063599 -0.115802482 0.993023098 0.022249544 -2.626740217 -0.974188626 -0.109179236 -0.197576016 -39.555046082
-0.190746278 -0.024437891 0.981335163 133.096481323 -0.085541382 0.996300995 0.008183543 -4.544427872 -0.977905273 -0.082383782 -0.192131132 -39.455871582
-0.191388890 -0.023653064 0.981229365 133.912033081 -0.085128874 0.996342361 0.007412982 -4.550674915 -0.977815628 -0.082112171 -0.192702428 -39.598270416
-0.189836591 -0.016819714 0.981671631 134.693603516 -0.109304860 0.993999720 -0.004106530 -4.454933643 -0.975712299 -0.108081058 -0.190536037 -39.742549896
-0.190235421 -0.006772787 0.981715143 135.422622681 -0.151469752 0.988205016 -0.022534052 -4.288296223 -0.969983101 -0.152986944 -0.189017475 -39.888870239
-0.185895935 -0.010637887 0.982511818 136.244720459 -0.143120021 0.989570081 -0.016364688 -4.344388962 -0.972090125 -0.143659264 -0.185479552 -40.059234619
-0.184923500 -0.015217774 0.982635081 137.085357666 -0.143199369 0.989625633 -0.011622861 -4.355543137 -0.972263992 -0.142862067 -0.185184211 -40.212898254
-0.181511581 -0.015325763 0.983269393 137.902252197 -0.140604869 0.990009844 -0.010524840 -4.379798889 -0.973285079 -0.140162840 -0.181853160 -40.358955383
-0.176363900 -0.010241562 0.984271824 138.693588257 -0.139223412 0.990152657 -0.014643596 -4.405685425 -0.974429369 -0.139616266 -0.176053107 -40.493125916
-0.169431522 -0.006196072 0.985522509 139.518676758 -0.144655824 0.989306211 -0.018649437 -4.423597813 -0.974867940 -0.145721361 -0.168515950 -40.642517090
-0.161299884 -0.005591360 0.986889601 140.321014404 -0.144967631 0.989271045 -0.018089052 -4.445910931 -0.976200163 -0.145984814 -0.160379902 -40.765647888
-0.151842400 -0.009701424 0.988357127 141.121398926 -0.143697619 0.989544392 -0.012363352 -4.464887142 -0.977903366 -0.143901825 -0.151648894 -40.878490448
-0.139639154 -0.010826279 0.990143299 141.912399292 -0.142429531 0.989761531 -0.009264618 -4.495816231 -0.979905486 -0.142319337 -0.139751419 -40.993759155
-0.126752913 -0.008340871 0.991899192 142.698776245 -0.139326945 0.990201116 -0.009477730 -4.511358261 -0.982100666 -0.139399633 -0.126672983 -41.086788177
-0.101741858 0.029582568 0.994370818 143.500518799 -0.101343222 0.994049489 -0.039942212 -4.500607491 -0.989635348 -0.104836576 -0.098138429 -41.194477081
-0.089246236 0.029577849 0.995570302 144.246154785 -0.099260733 0.994318664 -0.038438726 -4.539642334 -0.991051197 -0.102251545 -0.085803278 -41.227943420
-0.073602311 0.033798996 0.996714771 145.062438965 -0.097041287 0.994440079 -0.040887877 -4.575616837 -0.992555082 -0.099731922 -0.069913186 -41.301177979
-0.060307637 0.040432017 0.997360647 145.786026001 -0.100473374 0.993858814 -0.046365406 -4.617097855 -0.993110359 -0.103004366 -0.055874929 -41.329021454
-0.047231991 0.049990166 0.997632265 146.601165771 -0.109407611 0.992478967 -0.054911755 -4.669286728 -0.992874086 -0.111742154 -0.041407451 -41.345916748
-0.034577057 0.058320731 0.997698903 147.349517822 -0.113304697 0.991630673 -0.061892785 -4.709569454 -0.992958426 -0.115184054 -0.027679661 -41.333496094
-0.020011330 0.058156084 0.998106897 148.141754150 -0.111905731 0.991903484 -0.060038261 -4.767943382 -0.993517339 -0.112895332 -0.013341309 -41.368415833
-0.008673426 0.054206874 0.998492062 148.926208496 -0.115344137 0.991810262 -0.054846071 -4.825050354 -0.993287802 -0.115645908 -0.002349947 -41.349708557
0.002752132 0.053617179 0.998557687 149.683135986 -0.124305360 0.990835011 -0.052859906 -4.871294498 -0.992240191 -0.123980589 0.009391811 -41.331092834
0.011534858 0.060874552 0.998078823 150.448287964 -0.128026888 0.990019977 -0.058903418 -4.924365997 -0.991703570 -0.127101481 0.019213323 -41.303680420
0.018390194 0.068066582 0.997511268 151.192535400 -0.129717231 0.989410162 -0.065122314 -4.979287148 -0.991380394 -0.128196806 0.027024856 -41.279254913
0.021502059 0.071058378 0.997240365 151.945022583 -0.132035181 0.988935888 -0.067619756 -5.033329964 -0.991011739 -0.130216837 0.030646363 -41.249423981
0.022711486 0.066561617 0.997523725 152.707641602 -0.135378465 0.988795578 -0.062896915 -5.088485718 -0.990533590 -0.133614779 0.031468026 -41.235908508
0.020955190 0.062163275 0.997846007 153.436187744 -0.136598736 0.988883674 -0.058736306 -5.148333073 -0.990404785 -0.135073692 0.029213671 -41.209121704
0.018350706 0.059210211 0.998076856 154.169723511 -0.135088816 0.989238381 -0.056202102 -5.204407692 -0.990663528 -0.133797675 0.026151858 -41.187694550
0.015766585 0.064000800 0.997825265 154.936676025 -0.136416540 0.988755405 -0.061263543 -5.281812668 -0.990526080 -0.135153949 0.024320064 -41.179550171
0.012245242 0.064032950 0.997872651 155.686904907 -0.133562565 0.989109695 -0.061831627 -5.337722778 -0.990964711 -0.132521302 0.020664291 -41.163936615
0.007087308 0.063685276 0.997944832 156.446166992 -0.132439226 0.989238262 -0.062189080 -5.386150360 -0.991165817 -0.131726265 0.015445464 -41.150215149
0.002642081 0.063747264 0.997962534 157.164108276 -0.132831544 0.989144981 -0.062832348 -5.440609932 -0.991135120 -0.132394910 0.011081047 -41.141139984
-0.003587329 0.062162377 0.998059630 157.926742554 -0.134531930 0.988962710 -0.062079348 -5.496949196 -0.990902781 -0.134493560 0.004815091 -41.139122009
-0.008628747 0.058451332 0.998253047 158.662841797 -0.132008672 0.989486337 -0.059079085 -5.569319725 -0.991210997 -0.132287815 -0.000821946 -41.151012421
-0.015648058 0.058810852 0.998146594 159.368530273 -0.133213237 0.989246786 -0.060374875 -5.613765717 -0.990963936 -0.133911058 -0.007645404 -41.124439240
-0.022044819 0.063662894 0.997727871 160.116500854 -0.125914946 0.989847004 -0.065942109 -5.679333210 -0.991796076 -0.127082527 -0.013804892 -41.128890991
-0.025746299 0.066012323 0.997486532 160.814071655 -0.126000881 0.989645302 -0.068745621 -5.739548206 -0.991696000 -0.127454162 -0.017162099 -41.137256622
-0.028257977 0.068516716 0.997249782 161.556884766 -0.126200140 0.989420772 -0.071554832 -5.798130989 -0.991602242 -0.127875045 -0.019312210 -41.150814056
-0.029138297 0.069718458 0.997141004 162.258987427 -0.122842610 0.989753008 -0.072791591 -5.862729549 -0.991998255 -0.124612428 -0.020275317 -41.168201447
-0.028753651 0.068720691 0.997221470 162.996932983 -0.110993661 0.991245091 -0.071509205 -5.903805256 -0.993404984 -0.112741418 -0.020874353 -41.181449890
-0.023377508 0.064796880 0.997624636 163.705688477 -0.108224042 0.991868973 -0.066959061 -5.968657017 -0.993851542 -0.109532304 -0.016174844 -41.204353333
-0.017079193 0.064492650 0.997772038 164.402465820 -0.107399151 0.992025554 -0.065959603 -6.030549526 -0.994069278 -0.108286403 -0.010016540 -41.196811676
-0.006180846 0.064274430 0.997913182 165.088012695 -0.104030445 0.992475986 -0.064568564 -6.094445705 -0.994554877 -0.104212463 0.000552155 -41.184806824
0.009285484 0.066503733 0.997742951 165.775115967 -0.101602793 0.992684722 -0.065221027 -6.127734184 -0.994781733 -0.100767873 0.015974523 -41.185642242
0.024566270 0.064371631 0.997623622 166.463317871 -0.102583714 0.992819130 -0.061535530 -6.176935673 -0.994420946 -0.100828238 0.030993346 -41.156208038
0.040657222 0.058165275 0.997478724 167.142135620 -0.107965395 0.992714763 -0.053486809 -6.242316723 -0.993322909 -0.105518550 0.046640866 -41.107044220
0.056996286 0.051144745 0.997063577 167.825607300 -0.108781174 0.993059218 -0.044720963 -6.285341740 -0.992430389 -0.105912797 0.062164273 -41.054695129
0.074345000 0.045579266 0.996190369 168.526290894 -0.108194500 0.993426919 -0.037378341 -6.314286232 -0.991345882 -0.105003439 0.078787737 -40.991321564
0.091282651 0.038711190 0.995072305 169.184555054 -0.109343514 0.993591905 -0.028623007 -6.344053268 -0.989803791 -0.106191896 0.094930507 -40.913108826
0.108721763 0.032511771 0.993540406 169.853332520 -0.110003076 0.993720233 -0.020480165 -6.375628471 -0.987967074 -0.107065879 0.111615412 -40.826545715
0.126640439 0.030496929 0.991479814 170.502960205 -0.111705586 0.993607700 -0.016294375 -6.404295921 -0.985638976 -0.108690292 0.129237592 -40.729488373
0.145053416 0.028473131 0.989014030 171.141342163 -0.109315380 0.993927479 -0.012581886 -6.424999237 -0.983366489 -0.106289372 0.147285104 -40.632667542
0.161846474 0.027500862 0.986432731 171.769577026 -0.109589100 0.993929327 -0.009729301 -6.439291954 -0.980711937 -0.106527604 0.163877800 -40.514724731
0.178268328 0.026732709 0.983618677 172.398468018 -0.114207879 0.993436992 -0.006300820 -6.453235626 -0.977331519 -0.111213788 0.180151448 -40.385513306
0.192755923 0.023339804 0.980969131 173.025253296 -0.117167361 0.993111968 -0.000605866 -6.468667507 -0.974226296 -0.114820778 0.194162875 -40.244407654
0.205053464 0.021084899 0.978523612 173.683532715 -0.113383487 0.993548512 0.002351307 -6.463291168 -0.972161055 -0.111430570 0.206121221 -40.120471954
0.216638699 0.020199787 0.976042807 174.296432495 -0.110422194 0.993876994 0.003940015 -6.471224785 -0.969986856 -0.108630359 0.217542738 -39.986621857
0.225228548 0.023179397 0.974030197 174.864974976 -0.114977829 0.993363678 0.002947253 -6.502951145 -0.967497885 -0.112655684 0.226398975 -39.819252014
0.234918073 0.030366175 0.971540809 175.453033447 -0.118547440 0.992945492 -0.002370486 -6.514144421 -0.964758933 -0.114616796 0.236860693 -39.671524048
0.242407724 0.040325083 0.969336152 176.039978027 -0.117886595 0.992956758 -0.011827094 -6.517051220 -0.962985575 -0.111404732 0.245454177 -39.492004395
0.251213491 0.045685232 0.966852963 176.633270264 -0.111556225 0.993595779 -0.017963666 -6.530429840 -0.961481690 -0.103345737 0.254701138 -39.349033356
0.256818593 0.044997506 0.965411544 177.227767944 -0.112293966 0.993539095 -0.016436104 -6.535253525 -0.959913671 -0.104188807 0.260212243 -39.170974731
0.262836814 0.037372295 0.964116156 177.824905396 -0.115043581 0.993334711 -0.007141793 -6.548127651 -0.957957029 -0.109038256 0.265384346 -39.004604340
0.266595840 0.026545923 0.963442862 178.438705444 -0.118746877 0.992909312 0.005500829 -6.566191196 -0.956465185 -0.115872338 0.267857730 -38.810024261
0.269081980 0.030867154 0.962622643 179.082107544 -0.118607923 0.992940247 0.001315184 -6.650136471 -0.955785990 -0.114528574 0.270843476 -38.599445343
0.269998848 0.030948760 0.962363124 179.682067871 -0.115960389 0.993253648 0.000591476 -6.659425735 -0.955852330 -0.111755721 0.271766186 -38.426982880
0.271321446 0.032351620 0.961944878 180.284255981 -0.112235181 0.993680120 -0.001762425 -6.671525002 -0.955922544 -0.107485861 0.273237616 -38.254047394
0.272236705 0.032382842 0.961685181 180.863433838 -0.109858789 0.993944407 -0.002369948 -6.671704292 -0.955938399 -0.105004385 0.274145603 -38.070983887
0.274654806 0.030039748 0.961073518 181.482040405 -0.111259446 0.993791103 0.000733247 -6.678339481 -0.955084324 -0.107129917 0.276291728 -37.905132294
0.277609557 0.026687639 0.960323274 182.090881348 -0.111892603 0.993709087 0.004730388 -6.684779167 -0.954155684 -0.108766280 0.278849274 -37.723827362
0.280264944 0.021452680 0.959682941 182.699630737 -0.111159511 0.993749678 0.010248721 -6.693638802 -0.953464806 -0.109550253 0.280897886 -37.537395477
0.284725130 0.019128941 0.958418310 183.300994873 -0.110166244 0.993829489 0.012892270 -6.693817139 -0.952257872 -0.109256089 0.285075575 -37.356613159
0.290508211 0.016677208 0.956727087 183.913558960 -0.108450629 0.993979335 0.015604244 -6.692015648 -0.950706780 -0.108290821 0.290567875 -37.157070160
0.298770994 0.013234906 0.954233050 184.532989502 -0.106439486 0.994127214 0.019538056 -6.695168018 -0.948370397 -0.107405491 0.298425138 -36.960655212
0.310309380 0.011291686 0.950568557 185.164764404 -0.097345896 0.995050430 0.019958105 -6.689148903 -0.945638359 -0.098727129 0.309872687 -36.772254944
0.321431667 0.013357173 0.946838617 185.776336670 -0.099380545 0.994854391 0.019703060 -6.692247391 -0.941703379 -0.100430533 0.321105182 -36.548259735
0.332750529 0.016896438 0.942863524 186.383697510 -0.099719405 0.994864047 0.017364154 -6.687817574 -0.937727749 -0.099799700 0.332726419 -36.325382233
0.344563395 0.019665955 0.938557088 187.000015259 -0.100724645 0.994783521 0.016133983 -6.688610077 -0.933343768 -0.100094996 0.344746888 -36.090389252
0.356053621 0.020356121 0.934243798 187.604797363 -0.099506691 0.994904220 0.016245581 -6.675602913 -0.929152429 -0.098747797 0.356264889 -35.850051880
0.367556393 0.017263362 0.929841042 188.215423584 -0.098730303 0.994901896 0.020555776 -6.675434113 -0.924745739 -0.099358886 0.367386967 -35.609851837
0.378469169 0.016076354 0.925474286 188.837387085 -0.099728532 0.994737029 0.023504093 -6.665738106 -0.920225680 -0.101191781 0.378080547 -35.335365295
0.389813393 0.015616774 0.920761466 189.445770264 -0.101195283 0.994527459 0.025974128 -6.657014370 -0.915316880 -0.103301786 0.389260471 -35.076175690
0.398486108 0.024872763 0.916837037 190.110961914 -0.112756118 0.993377805 0.022058100 -6.647839546 -0.910216928 -0.112168819 0.398651779 -34.771869659
0.405425251 0.025919005 0.913760722 190.724838257 -0.115988307 0.992977381 0.023296703 -6.639104843 -0.906739652 -0.115430623 0.405584425 -34.485351562
0.409679234 0.020698251 0.911994815 191.328155518 -0.114241362 0.993036032 0.028781099 -6.626987934 -0.905047953 -0.115978532 0.409190834 -34.190689087
0.412157953 0.017179258 0.910950422 191.966842651 -0.111295588 0.993283987 0.031623553 -6.616613865 -0.904289186 -0.114418656 0.411301970 -33.902145386
0.411880136 0.019946486 0.911019683 192.638031006 -0.109384239 0.993613482 0.027698735 -6.609614372 -0.904649019 -0.111059748 0.411431521 -33.612197876
0.410782069 0.020180879 0.911510110 193.282012939 -0.108158678 0.993773937 0.026740681 -6.602173805 -0.905295432 -0.109572321 0.410407215 -33.315765381
0.409944296 0.021464853 0.911857903 193.950866699 -0.104854427 0.994204283 0.023736183 -6.590149403 -0.906063557 -0.105342858 0.409819037 -33.010589600
0.410058647 0.019494610 0.911850810 194.610321045 -0.101180069 0.994572818 0.024237461 -6.576377869 -0.906429589 -0.102199897 0.409805626 -32.720031738
0.409020811 0.016414136 0.912377357 195.249908447 -0.101702109 0.994429111 0.027702983 -6.573444366 -0.906839907 -0.104121812 0.408411503 -32.422630310
0.408230662 0.013464584 0.912779510 195.893951416 -0.101071440 0.994410455 0.030534361 -6.563212395 -0.907266319 -0.104721017 0.407309681 -32.146781921
0.406953901 0.007744754 0.913415849 196.677490234 -0.096465304 0.994736731 0.034543894 -6.558564663 -0.908340812 -0.102170728 0.405559033 -31.813926697
0.406584322 0.007483887 0.913582563 197.338134766 -0.097167693 0.994649053 0.035095926 -6.546088696 -0.908431411 -0.103040181 0.405135930 -31.529876709
0.403193891 0.008455376 0.915075541 197.984390259 -0.100013085 0.994374692 0.034878936 -6.523124218 -0.909632981 -0.105582498 0.401771426 -31.221214294
0.401291996 0.005937679 0.915930927 198.719161987 -0.095893286 0.994756043 0.035564534 -6.515604019 -0.910916686 -0.102103390 0.399756968 -30.884048462
0.400432974 0.007942650 0.916291654 199.374954224 -0.093522049 0.995094836 0.032244761 -6.508143902 -0.911541045 -0.098605320 0.399211556 -30.599533081
0.399091631 0.015217099 0.916784763 200.096008301 -0.095385745 0.995126367 0.025005557 -6.494458675 -0.911936104 -0.097427703 0.398598015 -30.275398254
0.398821652 0.017600898 0.916859567 200.783874512 -0.096310206 0.995090365 0.022790959 -6.479632378 -0.911957026 -0.097392462 0.398558766 -29.988647461
0.396460801 0.014810852 0.917932093 201.485961914 -0.098149270 0.994823039 0.026339810 -6.475717545 -0.912789941 -0.100537069 0.395862043 -29.662986755
0.395130366 0.012222276 0.918543756 202.177246094 -0.100850642 0.994444728 0.030150741 -6.475986481 -0.913072348 -0.104549214 0.394167900 -29.356658936
0.392452776 0.012590261 0.919686019 202.855651855 -0.104362093 0.994058490 0.030925486 -6.470692635 -0.913832247 -0.108117156 0.391434997 -29.067543030
0.387478411 0.013099953 0.921785712 203.563537598 -0.106861576 0.993796825 0.030796602 -6.452157974 -0.915664256 -0.110436514 0.386474669 -28.746177673
0.380883843 0.011780827 0.924547851 204.247222900 -0.106596388 0.993811071 0.031250872 -6.438196659 -0.918457806 -0.110456407 0.379782379 -28.473526001
0.369652361 0.011927124 0.929093599 204.912017822 -0.109875314 0.993463039 0.030961910 -6.455881596 -0.922650933 -0.113529593 0.368546426 -28.169136047
0.361885816 0.012294551 0.932141304 205.646209717 -0.104499966 0.994145751 0.027457729 -6.438975811 -0.926346779 -0.107345298 0.361052066 -27.905372620
0.351712465 0.015582557 0.935978353 206.333511353 -0.102389865 0.994502842 0.021918125 -6.415615559 -0.930491626 -0.103543557 0.351374507 -27.663894653
0.340473920 0.013012834 0.940163910 207.028930664 -0.104357153 0.994249523 0.024030786 -6.430094719 -0.934444845 -0.106294669 0.339873940 -27.396366119
0.329959869 0.004900523 0.943982184 207.721725464 -0.097641103 0.994800091 0.028965168 -6.414767742 -0.938931763 -0.101728804 0.328722596 -27.165340424
0.320989579 -0.003928765 0.947074592 208.421234131 -0.094039254 0.994917333 0.035999708 -6.415771484 -0.942402482 -0.100617714 0.318988621 -26.921516418
