0.999995649 -0.002104078 -0.002075331 -0.015972765 0.002098659 0.999994397 -0.002609922 -0.017322510 0.002080811 0.002605555 0.999994457 1.116158247
0.999987423 -0.002558602 -0.004307597 -0.014315623 0.002541891 0.999989212 -0.003880598 -0.031047694 0.004317481 0.003869600 0.999983132 1.678093910
0.999971569 -0.004431540 -0.006102927 -0.022397492 0.004396034 0.999973357 -0.005819056 -0.038905852 0.006128551 0.005792062 0.999964416 2.235172033
0.999947369 -0.006850210 -0.007641406 -0.025835846 0.006790198 0.999946058 -0.007852016 -0.051971834 0.007694782 0.007799717 0.999939919 2.793757439
0.999927402 -0.007932536 -0.009072333 -0.031288680 0.007855525 0.999933004 -0.008492869 -0.063875549 0.009139096 0.008420983 0.999922752 3.364383698
0.999911129 -0.007960091 -0.010695133 -0.039117593 0.007875745 0.999937713 -0.007905593 -0.075759694 0.010757397 0.007820657 0.999911487 3.856005669
0.999897897 -0.008458929 -0.011525742 -0.055459633 0.008364948 0.999931514 -0.008178093 -0.095294796 0.011594129 0.008080843 0.999900162 4.529008865
0.999886811 -0.008014422 -0.012733367 -0.065256312 0.007877364 0.999910891 -0.010777772 -0.112090155 0.012818608 0.010676246 0.999860764 5.121394157
0.999885678 -0.006254352 -0.013765629 -0.085054167 0.006054624 0.999876440 -0.014503392 -0.130660057 0.013854639 0.014418390 0.999800086 5.720522881
0.999852836 -0.005419382 -0.016277369 -0.083450399 0.005124091 0.999822497 -0.018128470 -0.135940567 0.016372725 0.018042393 0.999703109 5.952981949
0.999863446 -0.003208491 -0.016211716 -0.115662493 0.002910774 0.999827266 -0.018354686 -0.154354885 0.016267808 0.018304987 0.999700189 6.955717087
0.999830842 -0.000785989 -0.018377820 -0.116805501 0.000574911 0.999933839 -0.011487936 -0.158561662 0.018385636 0.011475425 0.999765098 7.249529839
0.999836445 0.000243664 -0.018082513 -0.151630148 -0.000261109 0.999999523 -0.000962360 -0.180574432 0.018082270 0.000966924 0.999835968 8.258924484
0.999816120 0.000829529 -0.019158613 -0.161759242 -0.000721984 0.999984026 0.005619618 -0.184403688 0.019162968 -0.005604751 0.999800682 8.626446724
0.999795675 0.003366588 -0.019933190 -0.194416493 -0.003271405 0.999983072 0.004805738 -0.210784167 0.019949034 -0.004739548 0.999789774 9.622684479
0.999766171 0.004998621 -0.021038860 -0.208218023 -0.005048656 0.999984503 -0.002325782 -0.214183092 0.021026907 0.002431456 0.999776006 10.051034927
0.999751449 0.005626540 -0.021572042 -0.238492563 -0.005809299 0.999947667 -0.008418757 -0.219956532 0.021523548 0.008541984 0.999731839 11.014455795
0.999730289 0.002739254 -0.023062499 -0.248788536 -0.002890649 0.999974430 -0.006533779 -0.222452179 0.023044012 0.006598681 0.999712706 11.534637451
0.999728084 0.002304302 -0.023203276 -0.275017589 -0.002246410 0.999994218 0.002520737 -0.232313544 0.023208948 -0.002467928 0.999727547 12.512004852
0.999707699 0.002035913 -0.024089336 -0.283530086 -0.001799812 0.999950111 0.009818685 -0.236823022 0.024108119 -0.009772459 0.999661565 13.106351852
0.999713659 0.001107565 -0.023903685 -0.319684863 -0.000812386 0.999923348 0.012354875 -0.242828041 0.023915539 -0.012331917 0.999638021 14.076663971
0.999694645 -0.001428296 -0.024670636 -0.332751930 0.001704446 0.999936044 0.011176093 -0.236946627 0.024653098 -0.011214730 0.999633193 14.754396439
0.999723196 -0.001283706 -0.023490179 -0.361120522 0.001489994 0.999960482 0.008766519 -0.238359332 0.023477994 -0.008799091 0.999685645 15.699690819
0.999718070 0.001202682 -0.023709843 -0.374065250 -0.001076833 0.999985218 0.005319946 -0.239494890 0.023715889 -0.005292914 0.999704719 16.446710587
0.999753237 -0.002055495 -0.022117950 -0.402956009 0.002054293 0.999997854 -0.000077073 -0.247392967 0.022118058 0.000031617 0.999755383 17.386739731
0.999747694 -0.005248543 -0.021838283 -0.411041468 0.005115637 0.999968052 -0.006137339 -0.260982335 0.021869799 0.006024073 0.999742687 18.193523407
0.999787927 -0.003754682 -0.020247649 -0.446323782 0.003514271 0.999923050 -0.011896100 -0.269318432 0.020290760 0.011822420 0.999724209 19.153259277
0.999780953 -0.002528504 -0.020775890 -0.463383496 0.002247753 0.999905944 -0.013525620 -0.272821605 0.020808140 0.013475959 0.999692678 20.026336670
0.999779522 -0.001932560 -0.020905092 -0.490900099 0.001674938 0.999922574 -0.012333913 -0.302830666 0.020927306 0.012296180 0.999705434 20.904033661
0.999787748 -0.000813980 -0.020585902 -0.510163188 0.000533927 0.999907315 -0.013605908 -0.329529285 0.020595070 0.013592032 0.999695480 21.926210403
0.999783933 0.002266672 -0.020666478 -0.539881468 -0.002583390 0.999879479 -0.015311409 -0.359197676 0.020629287 0.015361490 0.999669194 22.855422974
0.999775052 0.005659826 -0.020439971 -0.569301665 -0.005995437 0.999847591 -0.016395530 -0.377847821 0.020344060 0.016514389 0.999656558 23.838941574
0.999759376 0.007005578 -0.020786941 -0.599596381 -0.007347680 0.999838054 -0.016426995 -0.402527839 0.020668494 0.016575774 0.999648869 24.798297882
0.999732614 0.008130307 -0.021647787 -0.612058282 -0.008485349 0.999830127 -0.016359759 -0.434701443 0.021511104 0.016539074 0.999631822 25.770448685
0.999751329 0.013977264 -0.017374583 -0.538565457 -0.014253238 0.999772549 -0.015862692 -0.539824724 0.017148908 0.016106389 0.999723136 26.774662018
0.999723911 0.014533936 -0.018456331 -0.556785285 -0.014809118 0.999779880 -0.014861843 -0.563754320 0.018236261 0.015131063 0.999719203 27.758836746
0.999694884 0.015052594 -0.019580837 -0.578560293 -0.015307210 0.999799371 -0.012919083 -0.589944243 0.019382443 0.013214872 0.999724805 28.768806458
0.999704301 0.015796043 -0.018486889 -0.604451001 -0.016011387 0.999804974 -0.011558995 -0.624074817 0.018300707 0.011851578 0.999762297 29.785634995
0.999676704 0.016235359 -0.019570334 -0.619181633 -0.016483689 0.999784827 -0.012595231 -0.651463509 0.019361641 0.012913750 0.999729216 30.805738449
0.999634326 0.016993754 -0.021032911 -0.621712446 -0.017269129 0.999766588 -0.012980923 -0.685297966 0.020807406 0.013339397 0.999694586 31.832826614
0.999659836 0.017504511 -0.019332668 -0.667842567 -0.017752206 0.999761581 -0.012715863 -0.708134055 0.019105481 0.013054733 0.999732256 32.870708466
0.999646544 0.016748797 -0.020640001 -0.681985259 -0.016958144 0.999806106 -0.010009696 -0.733976841 0.020468349 0.010356175 0.999736845 33.915512085
0.999650955 0.017000424 -0.020222314 -0.718862474 -0.017131297 0.999833286 -0.006316218 -0.757310271 0.020111557 0.006660447 0.999775529 34.965373993
0.999619663 0.016668558 -0.021969654 -0.724352300 -0.016762028 0.999851167 -0.004077106 -0.782629371 0.021898422 0.004443811 0.999750316 36.028930664
0.999616742 0.016134059 -0.022495881 -0.753500402 -0.016228536 0.999860227 -0.004023569 -0.794635057 0.022427820 0.004387102 0.999738812 37.108699799
0.999631047 0.016273130 -0.021746228 -0.798203409 -0.016385833 0.999853194 -0.005014588 -0.823199749 0.021661423 0.005369069 0.999750972 38.175163269
0.999571025 0.017163284 -0.023729717 -0.812525272 -0.017313849 0.999831200 -0.006154196 -0.832538068 0.023620086 0.006562410 0.999699533 39.275749207
0.999562085 0.016090816 -0.024834653 -0.841911077 -0.016206693 0.999858677 -0.004471801 -0.856778979 0.024759188 0.004872330 0.999681652 40.350898743
0.999571502 0.016469914 -0.024194947 -0.885074377 -0.016529430 0.999860764 -0.002261839 -0.887599826 0.024154317 0.002660798 0.999704719 41.410125732
0.999544382 0.015943645 -0.025627472 -0.913461745 -0.015948065 0.999872804 0.000031805 -0.906551659 0.025624719 0.000376917 0.999671519 42.503574371
0.999504685 0.017455118 -0.026184469 -0.952706933 -0.017487852 0.999846578 -0.001021527 -0.912219524 0.026162615 0.001478931 0.999656618 43.584735870
0.999480844 0.019224564 -0.025853252 -0.978218973 -0.019315990 0.999807954 -0.003291270 -0.956441283 0.025785014 0.003788941 0.999660254 44.634979248
0.999419212 0.021272875 -0.026623387 -1.010705709 -0.021504199 0.999733210 -0.008432801 -0.963796973 0.026436890 0.009000418 0.999609947 45.716114044
0.999415398 0.021537844 -0.026555026 -1.046715975 -0.021765305 0.999728620 -0.008306511 -0.997253418 0.026368910 0.008879631 0.999612808 46.793422699
0.999450386 0.020971689 -0.025670312 -1.081434727 -0.021106353 0.999764740 -0.004986177 -1.025536656 0.025559712 0.005525247 0.999658048 47.878879547
0.999419510 0.022322552 -0.025733540 -1.119984508 -0.022422066 0.999742091 -0.003585047 -1.040126681 0.025646888 0.004159967 0.999662459 48.964374542
0.999436200 0.020197719 -0.026818436 -1.131290793 -0.020263979 0.999792218 -0.002201161 -1.062168598 0.026768411 0.002743368 0.999637842 50.054855347
0.999487460 0.019916492 -0.025059907 -1.179750562 -0.019987876 0.999796867 -0.002601174 -1.093344450 0.025003009 0.003100734 0.999682486 51.110820770
0.999512613 0.018476473 -0.025162499 -1.204398274 -0.018584035 0.999819219 -0.004047527 -1.112873316 0.025083160 0.004513175 0.999675155 52.185382843
0.999506176 0.019170323 -0.024898058 -1.238243103 -0.019364579 0.999783695 -0.007584346 -1.125671625 0.024747280 0.008062740 0.999661148 53.253456116
0.999544501 0.017827699 -0.024349103 -1.272392035 -0.018054251 0.999795377 -0.009116247 -1.164239287 0.024181601 0.009551700 0.999661863 54.335292816
0.999557257 0.016486986 -0.024767747 -1.284870028 -0.016800901 0.999780416 -0.012520303 -1.195002794 0.024555888 0.012930885 0.999614775 55.380287170
0.999578238 0.015148832 -0.024774451 -1.321851373 -0.015493503 0.999784946 -0.013780048 -1.235555887 0.024560375 0.014158078 0.999598086 56.474060059
0.999626875 0.013412938 -0.023796067 -1.344866872 -0.013698586 0.999835491 -0.011881756 -1.257603168 0.023632783 0.012203294 0.999646246 57.543243408
0.999630928 0.011398684 -0.024660643 -1.360772133 -0.011551668 0.999914825 -0.006070031 -1.279901981 0.024589347 0.006352662 0.999677420 58.618408203
0.999661386 0.010194286 -0.023942158 -1.393184781 -0.010201921 0.999947906 -0.000196755 -1.303462744 0.023938902 0.000440944 0.999713361 59.682086945
0.999690056 0.008770009 -0.023300745 -1.424450040 -0.008759817 0.999961495 0.000539440 -1.325127006 0.023304580 -0.000335162 0.999728501 60.775588989
0.999704897 0.005662354 -0.023624921 -1.441254854 -0.005721395 0.999980628 -0.002432233 -1.345070362 0.023610694 0.002566683 0.999717951 61.838191986
0.999717295 0.004098564 -0.023421556 -1.471412659 -0.004226324 0.999976397 -0.005407827 -1.367830515 0.023398839 0.005505284 0.999711096 62.897510529
0.999618411 0.003649132 -0.027381917 -1.488491178 -0.003864247 0.999962032 -0.007807278 -1.413531661 0.027352385 0.007910107 0.999594569 64.000648499
0.999618530 0.003707887 -0.027369278 -1.520490885 -0.004041894 0.999917805 -0.012158487 -1.434914112 0.027321948 0.012264472 0.999551475 65.087539673
0.999617934 0.006431684 -0.026886534 -1.558724523 -0.006786333 0.999890864 -0.013120214 -1.458345890 0.026799221 0.013297660 0.999552369 66.165695190
0.999608815 0.010653364 -0.025859259 -1.603111029 -0.010893446 0.999898672 -0.009161082 -1.494452715 0.025759045 0.009439196 0.999623537 67.259101868
0.999598801 0.012135951 -0.025591470 -1.640290260 -0.012322254 0.999898612 -0.007134802 -1.524122596 0.025502287 0.007447282 0.999647021 68.337409973
0.999595821 0.011054614 -0.026189078 -1.664107561 -0.011224243 0.999916852 -0.006338907 -1.545990944 0.026116826 0.006630299 0.999636889 69.432723999
0.999594867 0.009506620 -0.026829492 -1.688735962 -0.009654338 0.999938846 -0.005381648 -1.574180603 0.026776692 0.005638487 0.999625564 70.514678955
0.999606252 0.008455763 -0.026752478 -1.721233010 -0.008573619 0.999953985 -0.004293703 -1.593407869 0.026714940 0.004521378 0.999632895 71.596817017
0.999615610 0.006879323 -0.026856903 -1.753000140 -0.006947262 0.999972939 -0.002437145 -1.615048409 0.026839413 0.002622791 0.999636292 72.672622681
0.999592900 0.006056203 -0.027880186 -1.785611153 -0.006084489 0.999981046 -0.000929762 -1.636300802 0.027874026 0.001099019 0.999610841 73.774429321
0.999589980 0.005005636 -0.028191451 -1.821557045 -0.005060064 0.999985456 -0.001859647 -1.660998344 0.028181730 0.002001535 0.999600828 74.843032837
0.999574006 0.005440523 -0.028672526 -1.862475872 -0.005610549 0.999967098 -0.005852859 -1.688042402 0.028639741 0.006011233 0.999571681 75.926681519
0.999552131 0.006046681 -0.029309072 -1.902992010 -0.006273105 0.999951124 -0.007639649 -1.712521672 0.029261449 0.007820087 0.999541163 76.997390747
0.999556184 0.012175591 -0.027188905 -1.909452200 -0.012347338 0.999904811 -0.006157899 -1.741178274 0.027111342 0.006490876 0.999611259 78.038810730
0.999522984 0.013375456 -0.027838713 -1.935315251 -0.013434348 0.999907911 -0.001929463 -1.763239145 0.027810343 0.002302537 0.999610484 79.108283997
0.999488711 0.014268890 -0.028612165 -1.974384427 -0.014215253 0.999896765 0.002077183 -1.786152244 0.028638849 -0.001669392 0.999588370 80.168022156
0.999460936 0.015566575 -0.028904505 -2.017351627 -0.015490187 0.999875963 0.002864751 -1.807034135 0.028945511 -0.002415471 0.999577999 81.234794617
0.999443889 0.015055333 -0.029751493 -2.048588276 -0.015040269 0.999886572 0.000730257 -1.826734543 0.029759113 -0.000282380 0.999557018 82.295730591
0.999426067 0.014802710 -0.030467870 -2.076270819 -0.014816771 0.999890208 -0.000235836 -1.844041348 0.030461032 0.000687136 0.999535680 83.350753784
0.999419928 0.014811138 -0.030665789 -2.119229078 -0.014831402 0.999889791 -0.000433370 -1.864667892 0.030655997 0.000887935 0.999529600 84.378372192
0.999427080 0.013064810 -0.031220179 -2.164290190 -0.013068684 0.999914527 0.000079969 -1.889033198 0.031218553 0.000328084 0.999512553 85.402122498
0.999407530 0.012343898 -0.032128066 -2.190962791 -0.012307798 0.999923408 0.001321116 -1.903854489 0.032141913 -0.000924908 0.999482870 86.414138794
0.999382436 0.012388742 -0.032882139 -2.225122452 -0.012270615 0.999917567 0.003791878 -1.923657060 0.032926399 -0.003386052 0.999451995 87.411491394
0.999337077 0.013391086 -0.033853531 -2.267273426 -0.013248380 0.999902308 0.004436287 -1.943182707 0.033909634 -0.003984842 0.999416947 88.384872437
0.999269783 0.012803090 -0.035998572 -2.304187298 -0.012663097 0.999911308 0.004114210 -1.953264475 0.036048058 -0.003655353 0.999343395 89.341529846
0.999203205 0.010245955 -0.038574956 -2.355994701 -0.010090873 0.999940217 0.004212842 -1.979183674 0.038615808 -0.003820230 0.999246836 90.258789062
0.999072909 0.009350384 -0.042022627 -2.403061390 -0.009210743 0.999951422 0.003515378 -1.999383330 0.042053461 -0.003125059 0.999110401 91.167083740
0.998888195 0.011923409 -0.045608100 -2.441609859 -0.011783450 0.999924958 0.003336502 -2.015408516 0.045644458 -0.002795372 0.998953819 92.064224243
0.998760104 0.012882529 -0.048086189 -2.507540464 -0.012684124 0.999909759 0.004428972 -2.037117243 0.048138909 -0.003813550 0.998833358 92.924118042
0.998581767 0.013753667 -0.051431693 -2.545773268 -0.013497148 0.999894559 0.005331580 -2.043258190 0.051499609 -0.004629838 0.998662293 93.749481201
0.998400211 0.014647389 -0.054612122 -2.591966867 -0.014292733 0.999874234 0.006878976 -2.060299873 0.054706000 -0.006087415 0.998483956 94.552345276
0.998237908 0.016565602 -0.056979485 -2.649065971 -0.016144093 0.999839008 0.007849990 -2.073156118 0.057100348 -0.006916276 0.998344421 95.342002869
0.998044252 0.018217094 -0.059798218 -2.696568251 -0.017737569 0.999806285 0.008540113 -2.091183662 0.059942208 -0.007462736 0.998173952 96.085975647
0.997850537 0.020744778 -0.062161479 -2.761740446 -0.020358771 0.999769390 0.006836802 -2.096853971 0.062288962 -0.005556576 0.998042703 96.824020386
0.997666180 0.021412766 -0.064834759 -2.816404819 -0.021247067 0.999768972 0.003244251 -2.111071110 0.064889252 -0.001859133 0.997890711 97.513786316
0.997432172 0.024465835 -0.067307867 -2.870474339 -0.024557512 0.999698222 -0.000534848 -2.121046543 0.067274459 0.002186388 0.997732103 98.170364380
0.997257233 0.025748802 -0.069391012 -2.928445101 -0.026031444 0.999656081 -0.003171788 -2.136888504 0.069285475 0.004969436 0.997584403 98.804328918
0.997116327 0.027717978 -0.070645474 -2.966676235 -0.028071472 0.999597847 -0.004015721 -2.154374599 0.070505761 0.005987263 0.997493386 99.412391663
0.997139215 0.029875474 -0.069433518 -3.023587704 -0.030199939 0.999537289 -0.003627768 -2.169623137 0.069293015 0.005714277 0.997579992 99.992416382
0.997223020 0.033789478 -0.066366285 -3.071970940 -0.033976074 0.999421239 -0.001684676 -2.191421032 0.066270955 0.003934864 0.997793913 100.555984497
0.997435987 0.036630884 -0.061479006 -3.095045090 -0.036744535 0.999324381 -0.000718599 -2.197902918 0.061411142 0.002975774 0.998108089 101.092887878
0.997850299 0.037495133 -0.053748261 -3.130501270 -0.037485875 0.999296427 0.001180726 -2.208458662 0.053754713 0.000836612 0.998553813 101.606658936
0.998337090 0.037562829 -0.043728586 -3.151576996 -0.037443519 0.999292374 0.003545060 -2.223977089 0.043830812 -0.001901812 0.999037027 102.103324890
0.998648465 0.040223096 -0.032914430 -3.156621456 -0.040146615 0.999189317 0.002981544 -2.249971628 0.033007685 -0.001656112 0.999453723 102.591453552
0.999050617 0.039014041 -0.019381024 -3.162556171 -0.038967263 0.999236584 0.002785251 -2.258591890 0.019474890 -0.002027382 0.999808371 103.040527344
0.999222934 0.039205138 -0.004056778 -3.152588367 -0.039197039 0.999229372 0.002057849 -2.274587631 0.004134335 -0.001897237 0.999989688 103.475196838
0.999196291 0.037761182 0.013447918 -3.131563425 -0.037747934 0.999286532 -0.001238363 -2.287942410 -0.013485083 0.000729736 0.999908805 103.889984131
0.998700440 0.037282046 0.034749370 -3.103321552 -0.037085388 0.999292374 -0.006287096 -2.298702955 -0.034959175 0.004990232 0.999376237 104.305625916
0.997665405 0.035121258 0.058569085 -3.054882526 -0.034509316 0.999338984 -0.011427630 -2.311453819 -0.058931727 0.009379772 0.998217940 104.698005676
0.995769858 0.032653075 0.085883975 -3.001782417 -0.031523000 0.999398112 -0.014481920 -2.325520515 -0.086305149 0.011713338 0.996199906 105.091384888
0.992811143 0.030131260 0.115836792 -2.933928490 -0.028481957 0.999468327 -0.015867488 -2.340951443 -0.116253316 0.012454160 0.993141532 105.484992981
0.988594532 0.028477605 0.147884250 -2.843407631 -0.026099762 0.999497414 -0.017995212 -2.354036570 -0.148322359 0.013930229 0.988840938 105.854881287
0.982565045 0.025628952 0.184143946 -2.750349045 -0.022225570 0.999542296 -0.020522827 -2.365370750 -0.184585661 0.016072311 0.982685089 106.239059448
0.974693656 0.022542793 0.222405195 -2.630426407 -0.018214330 0.999603033 -0.021494348 -2.382120132 -0.222801462 0.016899444 0.974717379 106.601821899
0.964664340 0.020096533 0.262714416 -2.523880005 -0.014730241 0.999641001 -0.022380117 -2.404117584 -0.263069928 0.017719455 0.964614034 106.918121338
0.952298760 0.020920396 0.304449558 -2.394817352 -0.014427071 0.999618232 -0.023562301 -2.426928043 -0.304826260 0.018046031 0.952237070 107.246978760
0.936835408 0.023016175 0.349012494 -2.253051758 -0.015329923 0.999575675 -0.024769302 -2.440019131 -0.349434495 0.017854426 0.936790645 107.569892883
0.919006348 0.022946725 0.393574387 -2.082782745 -0.014657371 0.999603212 -0.024054930 -2.455141783 -0.393970191 0.016337868 0.918977976 107.894691467
0.898419261 0.022387214 0.438567728 -1.902343750 -0.013369523 0.999631166 -0.023639489 -2.466633081 -0.438935161 0.015374733 0.898387134 108.204360962
0.875084877 0.021644458 0.483485192 -1.712242126 -0.011285382 0.999640346 -0.024325468 -2.485713959 -0.483837903 0.015830535 0.875014424 108.485298157
0.850276053 0.018648477 0.526006520 -1.479858398 -0.006990538 0.999684095 -0.024141716 -2.469544888 -0.526290536 0.016850054 0.850137830 108.756187439
0.822631657 0.020735219 0.568196416 -1.256168365 -0.005960721 0.999594331 -0.027848350 -2.490488529 -0.568543315 0.019522075 0.822421670 109.018066406
0.791362345 0.025233064 0.610826612 -1.017063141 -0.006857654 0.999451339 -0.032402538 -2.510664701 -0.611309052 0.021453312 0.791101098 109.296020508
0.759615779 0.025069660 0.649888754 -0.892169952 -0.005336148 0.999463320 -0.032317515 -2.494952440 -0.650350213 0.021080991 0.759341955 109.441131592
0.722311616 0.029869575 0.690922558 -0.618469238 -0.006837049 0.999326348 -0.036054663 -2.498465061 -0.691534042 0.021318831 0.722029209 109.688667297
0.683324575 0.030199610 0.729489863 -0.331695557 -0.005913882 0.999340355 -0.035831321 -2.528001308 -0.730090797 0.020170307 0.683052421 109.901573181
0.642548025 0.027546313 0.765749991 -0.012241364 -0.001771350 0.999404371 -0.034465186 -2.544269085 -0.766243398 0.020789130 0.642214060 110.110946655
0.598378897 0.025839165 0.800796509 0.299545288 -0.000098685 0.999482334 -0.032176379 -2.553471088 -0.801213264 0.019174641 0.598071575 110.299728394
0.552839994 0.024303222 0.832933009 0.653156281 0.001420170 0.999545693 -0.030107228 -2.561251163 -0.833286285 0.017827388 0.552554250 110.482162476
0.503602445 0.021599449 0.863665462 0.980987549 0.002405958 0.999648452 -0.026403163 -2.565158129 -0.863932192 0.015374647 0.503373444 110.628280640
0.452892542 0.017341103 0.891396463 1.338916779 0.005395172 0.999739170 -0.022189915 -2.587379932 -0.891548812 0.014858883 0.452680886 110.769943237
0.401163727 0.017901335 0.915831447 1.714797974 0.002285101 0.999786496 -0.020543309 -2.602815151 -0.916003525 0.010333998 0.401037127 110.900138855
0.350500852 0.022634488 0.936288893 2.119522095 -0.000759483 0.999714494 -0.023883473 -2.617064953 -0.936562061 0.007660081 0.350418001 111.012351990
0.303948611 0.022685880 0.952418268 2.295955658 -0.021044845 0.999632359 -0.017094357 -2.769585133 -0.952455938 -0.014847687 0.304314375 111.121520996
0.257361203 0.024712065 0.965999186 2.729600906 -0.020355351 0.999589682 -0.020148301 -2.783647060 -0.966100812 -0.014477864 0.257758707 111.202064514
0.216221392 0.024279872 0.976042509 3.123413086 -0.012829658 0.999675095 -0.022025622 -2.793667078 -0.976260066 -0.007759877 0.216462687 111.257110596
0.180956244 0.024536608 0.983184993 3.600849152 -0.005071000 0.999698758 -0.024015406 -2.799551487 -0.983478129 -0.000639995 0.181026146 111.308181763
0.150815457 0.025492923 0.988233268 4.018079758 -0.001435015 0.999672055 -0.025569012 -2.816921234 -0.988560915 0.002438072 0.150802568 111.344459534
0.122054115 0.024062742 0.992231727 4.529208183 -0.003574373 0.999710381 -0.023804419 -2.832847595 -0.992516994 -0.000641176 0.122104779 111.401527405
0.097346880 0.021173229 0.995025277 4.997682571 -0.007388046 0.999761522 -0.020551218 -2.848799229 -0.995223105 -0.005350696 0.097480088 111.442924500
0.072972171 0.017211480 0.997185528 5.553968430 -0.013179354 0.999780416 -0.016291834 -2.867703915 -0.997246861 -0.011953412 0.073182993 111.484100342
0.049937703 0.013437952 0.998661876 6.069506645 -0.014114754 0.999819040 -0.012747725 -2.873209476 -0.998652697 -0.013459269 0.050118342 111.510246277
0.029665951 0.013892065 0.999463379 6.665626526 -0.005587790 0.999889970 -0.013732145 -2.897694826 -0.999544263 -0.005177409 0.029740317 111.503967285
0.013023351 0.016820189 0.999773681 7.170824051 0.001087713 0.999857664 -0.016835772 -2.919020653 -0.999914527 0.001306725 0.013003202 111.473876953
-0.001579092 0.022339171 0.999749184 7.811995029 0.000119374 0.999750435 -0.022339003 -2.937362432 -0.999998748 0.000084065 -0.001581365 111.476440430
-0.013651124 0.024666933 0.999602437 8.328307152 -0.008923504 0.999652863 -0.024790041 -2.977205992 -0.999867022 -0.009258368 -0.013426269 111.492210388
-0.019987205 0.024327250 0.999504149 9.012723923 -0.007087815 0.999675453 -0.024473147 -2.998202801 -0.999775171 -0.007573451 -0.019808289 111.470016479
-0.022755174 0.021490920 0.999510169 9.634449005 -0.000588849 0.999768555 -0.021509880 -3.007906914 -0.999740899 -0.001078029 -0.022737248 111.454177856
-0.021912416 0.019741053 0.999565065 10.351828575 0.000620451 0.999805093 -0.019732198 -3.034523010 -0.999759734 0.000187799 -0.021920392 111.426429749
-0.018833471 0.021193903 0.999598086 11.088157654 0.006557425 0.999756396 -0.021073714 -3.019209862 -0.999801099 0.006157898 -0.018967861 111.405670166
-0.017211786 0.021575743 0.999619067 11.847568512 0.003231857 0.999763131 -0.021523198 -3.043867350 -0.999846637 0.002860171 -0.017277434 111.399536133
-0.016063495 0.022835566 0.999610186 12.532947540 0.002123307 0.999737680 -0.022804357 -3.061038017 -0.999868691 0.001756169 -0.016107772 111.393943787
-0.015365459 0.023460338 0.999606669 13.310740471 0.001509549 0.999724030 -0.023439890 -3.090034485 -0.999880791 0.001148790 -0.015396632 111.392280579
-0.014906887 0.022744574 0.999630153 14.039230347 -0.000684791 0.999740779 -0.022757310 -3.109152079 -0.999888599 -0.001023771 -0.014887452 111.390113831
-0.014342989 0.021897150 0.999657333 14.856565475 -0.002126530 0.999757290 -0.021929855 -3.123544455 -0.999894798 -0.002440344 -0.014292942 111.379943848
-0.013383735 0.020472426 0.999700844 15.634805679 0.000386863 0.999790430 -0.020469081 -3.161318779 -0.999910355 0.000112794 -0.013388846 111.367622375
-0.013959415 0.018113999 0.999738455 16.479017258 0.001074156 0.999835610 -0.018100757 -3.192935228 -0.999902070 0.000821209 -0.013976576 111.356925964
-0.016049974 0.014443958 0.999767005 17.187438965 -0.007509270 0.999865711 -0.014565939 -3.238278151 -0.999843001 -0.007741302 -0.015939357 111.357620239
-0.017253118 0.013271363 0.999763131 18.045101166 -0.008521356 0.999873638 -0.013419885 -3.259691715 -0.999814868 -0.008750870 -0.017137846 111.347320557
-0.018638484 0.010720477 0.999768913 18.892417908 -0.005703583 0.999925137 -0.010828486 -3.280486345 -0.999810100 -0.005904092 -0.018575942 111.327720642
-0.019285098 0.009889878 0.999765038 19.693433762 -0.004863354 0.999938250 -0.009985404 -3.288848639 -0.999802113 -0.005054785 -0.019235810 111.308097839
-0.020805867 0.008879614 0.999743998 20.575302124 -0.007500384 0.999931037 -0.009037370 -3.317305088 -0.999755383 -0.007686493 -0.020737831 111.290718079
-0.022135310 0.013542354 0.999663174 21.399761200 -0.010347788 0.999851584 -0.013774035 -3.335967541 -0.999701381 -0.010649196 -0.021991890 111.292205811
-0.022609858 0.017530624 0.999590576 22.295763016 -0.008907368 0.999803066 -0.017735826 -3.370435476 -0.999704659 -0.009304726 -0.022449251 111.273132324
-0.023276834 0.021387367 0.999500275 23.130979538 -0.007445926 0.999739707 -0.021565894 -3.325757265 -0.999701321 -0.007944191 -0.023111522 111.230964661
-0.024812734 0.019203911 0.999507666 24.026380539 -0.011248752 0.999746740 -0.019487757 -3.356726646 -0.999628842 -0.011726758 -0.024590431 111.217178345
-0.026329886 0.015125940 0.999538898 24.936212540 -0.014266973 0.999777973 -0.015505377 -3.386447668 -0.999551415 -0.014668651 -0.026108239 111.211349487
-0.025977455 0.009432315 0.999618053 25.781744003 -0.015677826 0.999828756 -0.009841729 -3.419034958 -0.999539673 -0.015927501 -0.025825126 111.192779541
-0.025851421 0.003549866 0.999659479 26.676525116 -0.019036556 0.999810636 -0.004042692 -3.445619106 -0.999484539 -0.019134581 -0.025778944 111.170486450
-0.026154649 0.002769499 0.999654055 27.531711578 -0.021582449 0.999761462 -0.003334473 -3.458788872 -0.999424875 -0.021662192 -0.026088638 111.168434143
-0.026014883 0.010336332 0.999608099 28.438400269 -0.018675018 0.999766946 -0.010823995 -3.479385138 -0.999487042 -0.018949285 -0.025815792 111.162834167
-0.024654765 0.021354523 0.999467909 29.289203644 -0.016508188 0.999626815 -0.021765143 -3.501664877 -0.999559641 -0.017036017 -0.024293039 111.140304565
-0.024015814 0.026517587 0.999359787 30.105691910 -0.014777991 0.999529481 -0.026877221 -3.531024694 -0.999602258 -0.015414010 -0.023612637 111.126014709
-0.023032818 0.021049742 0.999513149 30.997966766 -0.013487687 0.999680638 -0.021364087 -3.562146187 -0.999643683 -0.013973193 -0.022741554 111.112556458
-0.021423886 0.012473055 0.999692798 31.813112259 -0.010066840 0.999868810 -0.012690989 -3.607886314 -0.999719918 -0.010335635 -0.021295514 111.101264954
-0.021108137 0.010112908 0.999726057 32.690853119 -0.009149811 0.999905050 -0.010307906 -3.628386974 -0.999735355 -0.009364886 -0.021013601 111.085700989
-0.021653399 0.010698522 0.999708295 33.524887085 -0.010065266 0.999889731 -0.010918475 -3.652164698 -0.999714971 -0.010298750 -0.021543330 111.080932617
-0.022707868 0.011225205 0.999679148 34.389297485 -0.013629832 0.999840498 -0.011536623 -3.679500818 -0.999649227 -0.013887431 -0.022551252 111.073646545
-0.025401728 0.012297184 0.999601662 35.238471985 -0.015342449 0.999801815 -0.012689525 -3.698127985 -0.999559522 -0.015658673 -0.025208022 111.072662354
-0.026579902 0.012358998 0.999570310 36.121257782 -0.015020471 0.999805748 -0.012761324 -3.707252979 -0.999533832 -0.015353212 -0.026389098 111.033935547
-0.029376408 0.012599815 0.999489069 36.988792419 -0.015871860 0.999788582 -0.013070088 -3.735476732 -0.999442399 -0.016247701 -0.029170215 111.028945923
-0.035571162 0.009473040 0.999322176 36.630935669 -0.037471987 0.999239206 -0.010806079 -3.667619467 -0.998664379 -0.037830971 -0.035189126 110.845123291
-0.037850060 0.008747967 0.999245107 37.468437195 -0.039570700 0.999164283 -0.010246142 -3.689758301 -0.998499572 -0.039928645 -0.037472270 110.826820374
-0.034814745 0.011640265 0.999325991 39.469039917 -0.018646687 0.999750495 -0.012294830 -3.807802200 -0.999219835 -0.019062160 -0.034589011 110.951995850
-0.043684337 0.007033316 0.999020755 39.095729828 -0.040453482 0.999142647 -0.008803090 -3.742227316 -0.998226047 -0.040798418 -0.043362368 110.774673462
-0.045437850 0.008909944 0.998927534 39.926872253 -0.039517984 0.999161482 -0.010709571 -3.753307819 -0.998185277 -0.039962213 -0.045047645 110.745056152
-0.046120148 0.008756248 0.998897493 40.616027832 -0.039676301 0.999156475 -0.010590413 -3.776257992 -0.998147666 -0.040120993 -0.045733828 110.710548401
-0.047099750 0.007188926 0.998864293 41.433937073 -0.037922412 0.999240339 -0.008979799 -3.803195238 -0.998170137 -0.038302295 -0.046791345 110.669708252
-0.048563354 0.006703005 0.998797596 42.239448547 -0.037514791 0.999259710 -0.008530143 -3.826352119 -0.998115301 -0.037883941 -0.048275940 110.630241394
-0.050999522 0.006389070 0.998678267 42.963382721 -0.039712928 0.999175608 -0.008420273 -3.843776941 -0.997908890 -0.040089861 -0.050703749 110.613037109
-0.052679360 0.005806363 0.998594582 43.734634399 -0.041104212 0.999123037 -0.007977827 -3.859491825 -0.997765183 -0.041466717 -0.052394494 110.585266113
-0.052978139 0.004321153 0.998586297 44.515666962 -0.041861471 0.999101996 -0.006544266 -3.882553101 -0.997717798 -0.042148992 -0.052749664 110.548820496
-0.053598732 0.003694738 0.998555660 45.154285431 -0.041679990 0.999113381 -0.005934027 -3.908678532 -0.997692287 -0.041937847 -0.053397212 110.517036438
-0.053207237 0.006099544 0.998564839 45.885444641 -0.041472565 0.999105036 -0.008312655 -3.932966948 -0.997721970 -0.041855346 -0.052906651 110.474037170
-0.054546155 0.009539319 0.998465657 46.557544708 -0.041653775 0.999062121 -0.011820562 -3.942197084 -0.997641981 -0.042234629 -0.054097656 110.455581665
-0.054316211 0.011240791 0.998460591 47.282875061 -0.043907419 0.998942554 -0.013634780 -3.965986252 -0.997557938 -0.044580411 -0.053765230 110.419021606
-0.054684486 0.011759830 0.998434365 47.937549591 -0.043650925 0.998946488 -0.014156631 -3.987348557 -0.997549117 -0.044356730 -0.054113548 110.392135620
-0.054638688 0.012086735 0.998432994 48.648174286 -0.042228889 0.999004066 -0.014404600 -4.000767708 -0.997612834 -0.042949762 -0.054073866 110.356864929
-0.056273490 0.011588798 0.998348117 49.340389252 -0.042131580 0.999014318 -0.013971345 -4.025662422 -0.997526050 -0.042848200 -0.055729773 110.331954956
-0.056400541 0.011371667 0.998343468 50.038890839 -0.046183988 0.998834968 -0.013986388 -4.050825596 -0.997339427 -0.046896327 -0.055809651 110.301971436
-0.055535860 0.010886590 0.998397350 50.654987335 -0.048541896 0.998728693 -0.013590348 -4.081562996 -0.997276127 -0.049218845 -0.054936800 110.273132324
-0.055573422 0.009329622 0.998411059 51.344322205 -0.047130823 0.998817086 -0.011956807 -4.103959084 -0.997341633 -0.047720410 -0.055067975 110.242324829
-0.057599623 0.009576250 0.998293757 52.027404785 -0.047040232 0.998817265 -0.012295402 -4.117272377 -0.997230887 -0.047668178 -0.057081029 110.211105347
-0.059952870 0.009624179 0.998154759 52.695743561 -0.049453743 0.998696864 -0.012599781 -4.128720760 -0.996975422 -0.050117876 -0.059398796 110.159072876
-0.065672554 0.009125655 0.997799456 53.350772858 -0.052943610 0.998517811 -0.012616835 -4.151410103 -0.996435702 -0.053655695 -0.065092057 110.125648499
-0.071685597 0.013378110 0.997337580 54.029483795 -0.049060151 0.998652577 -0.016922042 -4.167016506 -0.996220052 -0.050142601 -0.070932671 110.075798035
-0.078148454 0.015107991 0.996827245 54.660236359 -0.047958530 0.998670697 -0.018895745 -4.201599598 -0.995787501 -0.049283050 -0.077320009 110.025314331
-0.085795097 0.016285507 0.996179700 55.349063873 -0.049050901 0.998584867 -0.020549292 -4.232312202 -0.995104611 -0.050626542 -0.084874868 109.972961426
-0.091690600 0.015523491 0.995666504 56.047489166 -0.052909855 0.998390138 -0.020438407 -4.255309105 -0.994380832 -0.054554585 -0.090721667 109.911224365
-0.096923083 0.015326245 0.995173872 56.654090881 -0.051652629 0.998456717 -0.020407408 -4.265409946 -0.993950665 -0.053381298 -0.095981851 109.850090027
-0.101235695 0.015626488 0.994739771 57.367385864 -0.054547582 0.998285472 -0.021233551 -4.292408466 -0.993365943 -0.056410246 -0.100209735 109.774063110
-0.100087486 0.017531851 0.994824171 58.037807465 -0.046438232 0.998672724 -0.022271749 -4.312973022 -0.993894339 -0.048426989 -0.099140488 109.676651001
-0.102421112 0.014541423 0.994634926 58.765277863 -0.045901731 0.998758912 -0.019328382 -4.331347466 -0.993681550 -0.047635086 -0.101626515 109.600593567
-0.105621092 0.010766078 0.994348109 59.421218872 -0.046185963 0.998809159 -0.015720315 -4.357930660 -0.993333220 -0.047585327 -0.104998060 109.534461975
-0.107358575 0.007654581 0.994190872 60.167545319 -0.046803143 0.998822808 -0.012744320 -4.384851933 -0.993118107 -0.047899470 -0.106873937 109.458526611
-0.107231669 0.008814727 0.994194984 60.832752228 -0.044297341 0.998925328 -0.013634481 -4.395497322 -0.993246734 -0.045502242 -0.106725968 109.399711609
-0.107816845 0.012953058 0.994086385 61.567173004 -0.042035997 0.998961449 -0.017575730 -4.415605068 -0.993281662 -0.043682370 -0.107160375 109.318290710
-0.107082590 0.017177721 0.994101703 62.258773804 -0.033980027 0.999203384 -0.020926135 -4.439828396 -0.993669271 -0.036020428 -0.106413573 109.253425598
-0.107394703 0.022467811 0.993962467 62.998161316 -0.026676083 0.999319434 -0.025471177 -4.466264725 -0.993858516 -0.029250503 -0.106722280 109.163833618
-0.109179281 0.022716235 0.993762493 63.715255737 -0.028072417 0.999269605 -0.025926290 -4.492530346 -0.993625522 -0.030727938 -0.108461827 109.077903748
-0.110018753 0.020256722 0.993723094 64.464126587 -0.030493272 0.999252915 -0.023745466 -4.522832394 -0.993461549 -0.032914318 -0.109318860 109.006393433
-0.108350500 0.016102282 0.993982255 65.175315857 -0.027429728 0.999439716 -0.019180706 -4.548269272 -0.993734241 -0.029342905 -0.107848100 108.936805725
-0.108872220 0.013918863 0.993958175 65.924285889 -0.025570311 0.999531925 -0.016797733 -4.577873707 -0.993726850 -0.027244635 -0.108465336 108.860580444
-0.105501615 0.014169703 0.994318187 66.642227173 -0.019168887 0.999683678 -0.016280070 -4.615595818 -0.994234324 -0.020777550 -0.105196632 108.799591064
-0.107305326 0.014582121 0.994119167 67.385459900 -0.020976294 0.999636650 -0.016927235 -4.641582489 -0.994004786 -0.022669321 -0.106960453 108.729011536
-0.109575354 0.015768573 0.993853390 68.088241577 -0.021259228 0.999608219 -0.018203773 -4.665832520 -0.993751109 -0.023123248 -0.109197214 108.659576416
-0.112126485 0.015200078 0.993577659 68.831390381 -0.020989046 0.999623656 -0.017661208 -4.695527077 -0.993472278 -0.022834539 -0.111765258 108.581199646
-0.114661321 0.015886780 0.993277550 69.540855408 -0.020724852 0.999616265 -0.018380586 -4.716633797 -0.993188441 -0.022693073 -0.114288077 108.498954773
-0.116721906 0.016126964 0.993033648 70.283943176 -0.019749805 0.999632835 -0.018555542 -4.736663342 -0.992968261 -0.021778062 -0.116360530 108.413619995
-0.117464215 0.015644852 0.992953837 70.996269226 -0.022740712 0.999571323 -0.018439291 -4.773438931 -0.992816687 -0.024746427 -0.117058106 108.339378357
-0.119037189 0.017304830 0.992739022 71.748046875 -0.022033434 0.999555886 -0.020065641 -4.799347878 -0.992645323 -0.024261994 -0.118603058 108.265258789
-0.119634606 0.017845253 0.992657602 72.498649597 -0.023026897 0.999519646 -0.020743802 -4.822527885 -0.992550910 -0.025339499 -0.119166203 108.177650452
-0.121542029 0.018825635 0.992407739 73.529273987 -0.026629640 0.999398410 -0.022219628 -4.927181721 -0.992228985 -0.029128080 -0.120967619 107.991722107
-0.122664444 0.017074918 0.992301345 74.291511536 -0.026409119 0.999441803 -0.020462381 -4.952412605 -0.992096782 -0.028715810 -0.122145027 107.911140442
-0.123926878 0.014751420 0.992181659 75.041328430 -0.029107859 0.999405205 -0.018494487 -4.975844860 -0.991864324 -0.031172255 -0.123423792 107.832229614
-0.122584306 0.010837246 0.992398858 75.454010010 -0.028302735 0.999495506 -0.014410786 -4.942546844 -0.992054462 -0.029854147 -0.122215733 107.819160461
-0.124514729 0.010428272 0.992162883 76.218200684 -0.025951415 0.999568462 -0.013762968 -4.964991570 -0.991878390 -0.027461728 -0.124190383 107.725296021
-0.129385203 0.012809106 0.991511643 77.390090942 -0.028913388 0.999442637 -0.016684555 -5.054872513 -0.991172791 -0.030826695 -0.128942743 107.529335022
-0.131709784 0.014184763 0.991186857 78.154769897 -0.029996511 0.999382675 -0.018288016 -5.075753689 -0.990834355 -0.032140851 -0.131202981 107.438400269
-0.133738086 0.017540909 0.990861416 78.944900513 -0.028421147 0.999364197 -0.021527480 -5.105356216 -0.990609109 -0.031040469 -0.133154526 107.343688965
-0.133614615 0.021552268 0.990798950 79.712532043 -0.026087208 0.999340534 -0.025256073 -5.134745598 -0.990689993 -0.029221756 -0.132964283 107.237297058
-0.134984404 0.029533425 0.990407467 80.868736267 -0.030200228 0.998968661 -0.033904761 -5.079706192 -0.990387380 -0.034487154 -0.133953288 107.012939453
-0.134709954 0.030691922 0.990409613 81.688293457 -0.028578052 0.998984098 -0.034844663 -5.108044147 -0.990472913 -0.032997902 -0.133695990 106.901016235
-0.134026229 0.030017069 0.990523040 82.489776611 -0.024222646 0.999143183 -0.033555832 -5.155808449 -0.990681708 -0.028490456 -0.133184344 106.793327332
-0.133617282 0.028104026 0.990634322 83.298225403 -0.023414718 0.999229312 -0.031506043 -5.193845749 -0.990756392 -0.027405186 -0.132856235 106.680099487
-0.132691666 0.026025593 0.990815639 84.124130249 -0.023284752 0.999297440 -0.029366719 -5.225005150 -0.990883827 -0.026967615 -0.131992489 106.585220337
-0.130501270 0.023033945 0.991180480 84.940361023 -0.024451775 0.999351203 -0.026443206 -5.265199661 -0.991146505 -0.027687002 -0.129853413 106.478652954
-0.129702508 0.020302854 0.991345108 85.761505127 -0.024216717 0.999427319 -0.023636768 -5.295557022 -0.991257191 -0.027072879 -0.129136547 106.378326416
-0.127948999 0.017216537 0.991631269 86.649635315 -0.024895979 0.999478638 -0.020565074 -5.335819244 -0.991468251 -0.027318917 -0.127453640 106.267112732
-0.126228854 0.017483840 0.991847038 87.487571716 -0.025621571 0.999453723 -0.020878691 -5.365709305 -0.991670191 -0.028048174 -0.125711918 106.165206909
-0.124584042 0.021522727 0.991975665 88.288673401 -0.024864810 0.999383092 -0.024806265 -5.402477741 -0.991897523 -0.027755754 -0.123972014 106.073951721
-0.122715734 0.027828269 0.992051542 89.165519714 -0.023896545 0.999234080 -0.030985724 -5.436989784 -0.992154121 -0.027509041 -0.121956743 105.960479736
-0.121179827 0.031152762 0.992141604 89.999214172 -0.026590239 0.999046862 -0.034617305 -5.473212242 -0.992274284 -0.030576207 -0.120235965 105.865844727
-0.118927665 0.030022200 0.992448926 90.917343140 -0.028749581 0.999019563 -0.033666100 -5.505267620 -0.992486596 -0.032536313 -0.117947921 105.728858948
