0.999992013 -0.001914692 -0.003520022 -0.008891951 0.001891635 0.999976754 -0.006541954 0.035401825 0.003532467 0.006535246 0.999972463 0.526271641
0.999971926 -0.000692133 -0.007460805 -0.021732453 0.000634562 0.999970019 -0.007715993 0.024495676 0.007465923 0.007711043 0.999942362 1.104869127
0.999934971 -0.000561823 -0.011390921 -0.036349181 0.000454433 0.999955416 -0.009428047 0.022324132 0.011395711 0.009422258 0.999890685 1.703369021
0.999865711 0.000904311 -0.016359866 -0.054121532 -0.001072694 0.999946535 -0.010286655 0.019000772 0.016349686 0.010302823 0.999813259 2.329360008
0.999790013 0.000071820 -0.020490363 -0.076344803 -0.000290903 0.999942839 -0.010689270 0.014029879 0.020488421 0.010692989 0.999732912 2.967879057
0.999683738 0.001817072 -0.025078401 -0.098346762 -0.002119004 0.999925554 -0.012018180 0.003862999 0.025054697 0.012067523 0.999613166 3.614020824
0.999543309 0.004584321 -0.029869255 -0.128681824 -0.004977425 0.999901772 -0.013099832 0.000973649 0.029806269 0.013242525 0.999467969 4.280804634
0.999402225 0.005103424 -0.034192178 -0.159914821 -0.005512257 0.999914289 -0.011873348 -0.002469074 0.034128651 0.012054729 0.999344766 4.965452671
0.999244452 0.004444757 -0.038611274 -0.190864503 -0.004822121 0.999941409 -0.009685821 -0.007575594 0.038565967 0.009864690 0.999207377 5.665300369
0.999118030 0.004294110 -0.041769940 -0.229812995 -0.004593987 0.999964356 -0.007085931 -0.018589431 0.041738033 0.007271572 0.999102175 6.364861965
0.998913527 0.005702278 -0.046251275 -0.257696092 -0.006095384 0.999946475 -0.008362794 -0.023498036 0.046201117 0.008635629 0.998894870 7.130027294
0.998875082 0.005400194 -0.047112513 -0.303934962 -0.005812198 0.999945998 -0.008612506 -0.034044724 0.047063455 0.008876644 0.998852491 7.807369709
0.998694837 0.002883947 -0.050993752 -0.327879727 -0.003371396 0.999949455 -0.009475568 -0.043588854 0.050963841 0.009635122 0.998654068 8.678367615
0.998728871 0.002994426 -0.050319400 -0.386824727 -0.003486144 0.999946892 -0.009687013 -0.037432037 0.050287724 0.009850122 0.998686194 9.257992744
0.998546243 0.001307733 -0.053886242 -0.417571664 -0.001899883 0.999938250 -0.010939114 -0.037705749 0.053868618 0.011025592 0.998487175 10.151715279
0.998436987 0.003552737 -0.055776086 -0.448040485 -0.004226946 0.999919295 -0.011974473 -0.068746671 0.055729065 0.012191519 0.998371482 10.773592949
0.998253882 0.004216983 -0.058918118 -0.492920518 -0.005139344 0.999866366 -0.015512206 -0.074340068 0.058844831 0.015787918 0.998142362 11.688798904
0.998100281 0.007529361 -0.061148614 -0.523641646 -0.008512759 0.999838352 -0.015837543 -0.103442803 0.061019495 0.016328003 0.998003006 12.312422752
0.997903287 0.007923817 -0.064235568 -0.564083099 -0.008963543 0.999833226 -0.015914151 -0.114035569 0.064098753 0.016456567 0.997807860 13.257733345
0.998063266 0.008568927 -0.061613813 -0.656064212 -0.009523448 0.999838889 -0.015215073 -0.130686581 0.061473504 0.015772382 0.997984111 13.844388962
0.997932732 0.009314029 -0.063589953 -0.732423306 -0.010178618 0.999859929 -0.013285936 -0.154883146 0.063457288 0.013905725 0.997887731 14.809687614
0.997745037 0.008615741 -0.066562414 -0.767555952 -0.009595092 0.999850154 -0.014407645 -0.163413078 0.066428304 0.015013827 0.997678220 15.782687187
0.997815371 0.009269364 -0.065410063 -0.836518705 -0.010303192 0.999826968 -0.015485704 -0.176792353 0.065255210 0.016125808 0.997738302 16.242557526
0.997697115 0.007938685 -0.067359820 -0.901308775 -0.009050083 0.999827564 -0.016210316 -0.199507132 0.067219518 0.016782599 0.997597098 17.213317871
0.997764409 0.008936587 -0.066229589 -0.974052966 -0.009934399 0.999841750 -0.014752020 -0.210076153 0.066087276 0.015376990 0.997695386 17.880743027
0.997622073 0.010272055 -0.068151787 -1.033017397 -0.011069622 0.999874353 -0.011335558 -0.234745100 0.068026774 0.012063017 0.997610629 18.881181717
0.997783363 0.011181364 -0.065599047 -1.099368572 -0.011706528 0.999902368 -0.007626749 -0.247179374 0.065507375 0.008377782 0.997816861 19.574796677
0.997724473 0.010200808 -0.066646330 -1.133680820 -0.010608375 0.999927104 -0.005764333 -0.242955625 0.066582665 0.006458227 0.997760057 20.596723557
0.997806311 0.010841989 -0.065305762 -1.211552501 -0.011255022 0.999918938 -0.005960018 -0.244817674 0.065235861 0.006681964 0.997847497 21.601228714
0.998103797 0.011176736 -0.060530689 -1.284061074 -0.011646617 0.999904633 -0.007415447 -0.285294116 0.060442053 0.008106364 0.998138845 22.192663193
0.998032629 0.011824914 -0.061571803 -1.333193660 -0.012655567 0.999833822 -0.013118353 -0.293096840 0.061406463 0.013871770 0.998016536 23.210111618
0.998232484 0.011528621 -0.058302954 -1.405265927 -0.012431930 0.999807835 -0.015154416 -0.321976036 0.058117040 0.015852446 0.998183846 23.967361450
0.998184383 0.009711157 -0.059446033 -1.452508688 -0.010652708 0.999822438 -0.015542395 -0.327901512 0.059284545 0.016147438 0.998110473 24.987817764
0.998275876 0.008256461 -0.058114391 -1.512103915 -0.008835302 0.999913812 -0.009710543 -0.355802327 0.058029212 0.010207259 0.998262763 25.810096741
0.998160958 0.004709349 -0.060436852 -1.553499460 -0.005110123 0.999965906 -0.006478451 -0.372041494 0.060404286 0.006775377 0.998151064 26.804275513
0.998213291 -0.001795965 -0.059723228 -1.616889238 0.001369482 0.999973238 -0.007181162 -0.395921528 0.059734538 0.007086541 0.998189151 27.663211823
0.998005211 -0.004088856 -0.062998518 -1.666037560 0.003381037 0.999930084 -0.011338005 -0.410317212 0.063040495 0.011102388 0.997949183 28.660430908
0.998008609 -0.003186019 -0.062997624 -1.733397484 0.002223200 0.999879658 -0.015347616 -0.430523753 0.063038938 0.015176998 0.997895658 29.563158035
0.997752368 -0.002150831 -0.066974826 -1.788051844 0.001084513 0.999872088 -0.015953433 -0.453790605 0.067000568 0.015844947 0.997627079 30.560222626
0.997831106 -0.000746557 -0.065822028 -1.875259161 -0.000256953 0.999883831 -0.015236050 -0.474593878 0.065825768 0.015219916 0.997714996 31.496280670
0.997685909 0.002257440 -0.067952216 -1.948166728 -0.003191425 0.999901831 -0.013639282 -0.475730449 0.067914754 0.013824588 0.997595310 32.486991882
0.997622848 0.002031271 -0.068880729 -2.014640808 -0.002785625 0.999937117 -0.010857414 -0.527293980 0.068854347 0.011023480 0.997565866 33.458438873
0.997496009 0.002984111 -0.070659488 -2.085561275 -0.003695768 0.999943674 -0.009943057 -0.515318930 0.070625842 0.010179300 0.997450948 34.436157227
0.997395098 0.003036200 -0.072067767 -2.140276909 -0.003481128 0.999975622 -0.006048989 -0.549792051 0.072047621 0.006284108 0.997381508 35.414253235
0.998173594 0.024145406 -0.055376459 -4.020254135 -0.023644840 0.999673545 0.009676920 -2.669402122 0.055592023 -0.008349876 0.998418689 35.504581451
0.998091459 0.024857117 -0.056528825 -4.071396351 -0.024430690 0.999667764 0.008222175 -2.664376259 0.056714427 -0.006825447 0.998367190 36.464839935
0.998172402 0.023903258 -0.055502474 -4.142282009 -0.023528077 0.999695718 0.007403423 -2.679120302 0.055662572 -0.006084029 0.998431206 37.501647949
0.998075247 0.026448555 -0.056091439 -4.195863724 -0.026208922 0.999643862 0.005003601 -2.678809643 0.056203816 -0.003523869 0.998413205 38.448947906
0.998052299 0.026116950 -0.056653686 -4.263543129 -0.025872037 0.999652445 0.005052282 -2.688852072 0.056765959 -0.003576695 0.998381197 39.499034882
0.997979939 0.023901802 -0.058862496 -4.306567192 -0.023603428 0.999704838 0.005759174 -2.684613705 0.058982775 -0.004358185 0.998249531 40.443565369
0.997974813 0.024530450 -0.058690451 -4.375720501 -0.024124350 0.999679863 0.007618004 -2.704944372 0.058858532 -0.006186708 0.998247147 41.476127625
0.997863173 0.027306709 -0.059360433 -4.440621853 -0.027094025 0.999623239 0.004385006 -2.720477343 0.059457809 -0.002767323 0.998227000 42.407310486
0.997747302 0.027686533 -0.061106168 -4.488265991 -0.027733821 0.999615252 0.000074292 -2.726834297 0.061084718 0.001620586 0.998131275 43.304759979
0.997742951 0.028360540 -0.060865730 -4.560130119 -0.028487340 0.999593377 -0.001216454 -2.732646227 0.060806468 0.002947612 0.998145282 44.392242432
0.997731626 0.027234454 -0.061562158 -4.609027863 -0.027163289 0.999628961 0.001992775 -2.741854668 0.061593596 -0.000316026 0.998101294 45.311367035
0.997809529 0.025362892 -0.061096590 -4.681070805 -0.025074862 0.999670565 0.005476458 -2.756361723 0.061215367 -0.003932473 0.998116791 46.334953308
0.997798204 0.022338009 -0.062447410 -4.732048988 -0.021953298 0.999735534 0.006839907 -2.767837763 0.062583692 -0.005453920 0.998024821 47.263309479
0.997909606 0.020345610 -0.061340075 -4.801026344 -0.020096188 0.999787033 0.004680424 -2.769514084 0.061422255 -0.003437937 0.998106003 48.249099731
0.997902393 0.017133502 -0.062428664 -4.855206966 -0.016974295 0.999851167 0.003079731 -2.770811796 0.062472153 -0.002013587 0.998044729 49.171497345
0.997765303 0.008296504 -0.066299282 -5.098515511 -0.008551964 0.999956965 -0.003570286 -2.940490246 0.066266820 0.004129296 0.997793436 50.131248474
0.997668803 0.005584693 -0.068011947 -5.152202129 -0.005574203 0.999984324 0.000343987 -2.950554132 0.068012796 0.000035926 0.997684479 51.052059174
0.997673988 0.004540061 -0.068015434 -5.222165108 -0.004176412 0.999976158 0.005487802 -2.966449261 0.068038732 -0.005190981 0.997669220 52.046932220
0.997582674 0.006316789 -0.069202513 -5.281722546 -0.005807749 0.999954522 0.007554557 -2.975713253 0.069247089 -0.007134388 0.997574031 52.953792572
0.997515619 0.007625625 -0.070033483 -5.365054607 -0.007379964 0.999965668 0.003765764 -2.988506794 0.070059791 -0.003239567 0.997537553 53.934711456
0.997372329 0.008699285 -0.071922041 -5.428419113 -0.009021460 0.999950767 -0.004155851 -2.996324301 0.071882337 0.004793769 0.997401595 54.821216583
0.997204661 0.014174255 -0.073363401 -5.549642086 -0.015163288 0.999801219 -0.012942070 -3.094792843 0.073165394 0.014018316 0.997221231 55.722328186
0.997036278 0.018766858 -0.074609548 -5.615245342 -0.019730056 0.999730885 -0.012193806 -3.111187935 0.074360646 0.013629714 0.997138262 56.592704773
0.996921241 0.021467850 -0.075412683 -5.699312687 -0.022258423 0.999705672 -0.009658477 -3.140309334 0.075183116 0.011307312 0.997105598 57.520793915
0.996771991 0.024241965 -0.076537102 -5.768061638 -0.024935337 0.999656141 -0.008116500 -3.164121151 0.076314010 0.009998780 0.997033715 58.368949890
0.996618688 0.026044326 -0.077928469 -5.855784416 -0.026947744 0.999580979 -0.010563729 -3.203246832 0.077620678 0.012628011 0.996903002 59.274097443
0.996464491 0.027426468 -0.079412118 -5.925608635 -0.028294437 0.999551356 -0.009825215 -3.220946550 0.079107009 0.012037402 0.996793449 60.083988190
0.996282637 0.028392766 -0.081331991 -5.982003212 -0.029224141 0.999531925 -0.009049666 -3.247846127 0.081036970 0.011392881 0.996645987 60.889572144
0.996284306 0.026910819 -0.081812769 -6.061337948 -0.027522879 0.999600887 -0.006362528 -3.243154764 0.081608899 0.008590611 0.996627450 61.779716492
0.996174455 0.026634945 -0.083228730 -6.123187065 -0.027154947 0.999618053 -0.005121982 -3.260782957 0.083060533 0.007362461 0.996517360 62.543811798
0.995980918 0.029571777 -0.084542044 -6.195985794 -0.029914686 0.999548495 -0.002791903 -3.273112059 0.084421299 0.005309733 0.996416032 63.322139740
0.995766282 0.032684170 -0.085914373 -6.287046432 -0.032833874 0.999460757 -0.000329422 -3.329938889 0.085857287 0.003148928 0.996302485 64.181205750
0.995492041 0.035805583 -0.087827206 -6.351344109 -0.035812184 0.999357402 0.001501114 -3.343173742 0.087824516 0.001650934 0.996134639 64.926277161
0.995307803 0.038773131 -0.088653296 -6.445064545 -0.039172776 0.999228656 -0.002771867 -3.359247923 0.088477463 0.006231660 0.996058702 65.705703735
0.995164752 0.038766172 -0.090247907 -6.508661270 -0.039816897 0.999158263 -0.009870754 -3.378570795 0.089789316 0.013416417 0.995870471 66.398078918
0.995038509 0.037975796 -0.091958240 -6.574504375 -0.039613914 0.999086142 -0.016053850 -3.388463020 0.091264553 0.019617023 0.995633364 67.102806091
0.994994998 0.038780272 -0.092092536 -6.656331539 -0.040520508 0.999032438 -0.017101970 -3.407036781 0.091340192 0.020748006 0.995603621 67.831748962
0.994799435 0.041446626 -0.093039863 -6.716875553 -0.042878188 0.998989880 -0.013439690 -3.427005768 0.092388846 0.017359173 0.995571733 68.490707397
0.994671702 0.042191576 -0.094065905 -6.783701897 -0.043442383 0.998992085 -0.011288307 -3.453336239 0.093494855 0.015314605 0.995501935 69.127677917
0.994697690 0.038361322 -0.095420294 -6.845849037 -0.039898425 0.999102116 -0.014252766 -3.477890968 0.094787866 0.017984316 0.995334983 69.782341003
0.994989157 0.030122185 -0.095338330 -6.898820400 -0.032152995 0.999286115 -0.019836765 -3.489883900 0.094672740 0.022802778 0.995247245 70.385231018
0.995230258 0.026402721 -0.093914151 -6.955748558 -0.028866567 0.999271333 -0.024973821 -3.503447533 0.093186341 0.027565684 0.995267034 70.968154907
0.995420635 0.028769238 -0.091160730 -7.004854679 -0.031174416 0.999199510 -0.025070604 -3.528370857 0.090366498 0.027797677 0.995520532 71.533050537
0.995617032 0.033730365 -0.087228961 -7.062850952 -0.035744734 0.999126732 -0.021634344 -3.560346603 0.086423054 0.024657506 0.995953321 72.137008667
0.996076345 0.032467239 -0.082327195 -7.107672691 -0.034128841 0.999239504 -0.018856259 -3.577509165 0.081652373 0.021592006 0.996426940 72.674797058
0.996660173 0.028508522 -0.076521948 -7.140677452 -0.029735170 0.999446213 -0.014938724 -3.591676712 0.076053672 0.017164230 0.996955991 73.211357117
0.997371912 0.023929147 -0.068385370 -7.167716026 -0.024804708 0.999620438 -0.011982814 -3.608529091 0.068072684 0.013647608 0.997586966 73.764068604
0.997977078 0.027685571 -0.057229478 -7.200995922 -0.028436102 0.999519289 -0.012341727 -3.623254299 0.056860283 0.013944144 0.998284817 74.270088196
0.998566091 0.032865182 -0.042257361 -7.220607281 -0.033441912 0.999355912 -0.013014280 -3.641332626 0.041802429 0.014408791 0.999021947 74.757560730
0.998990059 0.037997216 -0.023984190 -7.232883453 -0.038331341 0.999172151 -0.013628518 -3.643280745 0.023446497 0.014534105 0.999619484 75.243949890
0.999338925 0.036266465 -0.002551003 -7.209705830 -0.036296394 0.999258220 -0.012873212 -3.668954611 0.002082245 0.012957290 0.999913931 75.742889404
0.999165773 0.032909956 0.024176905 -7.183515549 -0.032603018 0.999384165 -0.012981996 -3.677399635 -0.024589252 0.012182925 0.999623418 76.201210022
0.998056173 0.031635623 0.053695027 -7.138091087 -0.031038307 0.999447107 -0.011922278 -3.695216179 -0.054042507 0.010232499 0.998486221 76.643226624
0.995748222 0.031255942 0.086651705 -7.080150604 -0.030448206 0.999479711 -0.010628050 -3.718663692 -0.086938828 0.007944477 0.996181965 77.092002869
0.991674781 0.032085665 0.124706268 -7.010840416 -0.030797573 0.999450624 -0.012243736 -3.711968422 -0.125030607 0.008301158 0.992118180 77.524299622
0.985743880 0.031213325 0.165332481 -6.907902718 -0.029639086 0.999488771 -0.011980821 -3.743427277 -0.165621951 0.006909720 0.986165166 77.934448242
0.977100194 0.031104418 0.210494414 -6.794124603 -0.029112853 0.999497235 -0.012554267 -3.761334419 -0.210779086 0.006138684 0.977514446 78.340026855
0.965159655 0.033533495 0.259504288 -6.666746140 -0.030548029 0.999412596 -0.015529910 -3.777503967 -0.259872645 0.007061498 0.965617120 78.732925415
0.949192524 0.034456164 0.312804222 -6.516561508 -0.029971514 0.999367535 -0.019135408 -3.798100471 -0.313265741 0.008787966 0.949624956 79.109008789
0.929358482 0.034528412 0.367560357 -6.329902649 -0.028482182 0.999355137 -0.021863045 -3.817457199 -0.368078262 0.009849682 0.929742634 79.467643738
0.904687285 0.034982581 0.424637675 -6.137674332 -0.027232809 0.999333620 -0.024307990 -3.834793568 -0.425205052 0.010427054 0.905037045 79.801589966
0.875282705 0.034939174 0.482347816 -5.921344757 -0.024731753 0.999315619 -0.027507078 -3.848114014 -0.482978761 0.012147164 0.875547826 80.121772766
0.841410041 0.033511508 0.539357245 -5.677013397 -0.020624248 0.999339521 -0.029916942 -3.869382381 -0.540003657 0.014048579 0.841545522 80.437095642
0.804470718 0.033528741 0.593045413 -5.407936096 -0.018060504 0.999324739 -0.031999152 -3.887733459 -0.593717873 0.015031675 0.804532945 80.721588135
0.763933241 0.030485339 0.644574642 -5.117813110 -0.015515336 0.999462426 -0.028881473 -3.831402779 -0.645108581 0.012062729 0.763995707 80.994415283
0.720533013 0.030278686 0.692759275 -4.829280853 -0.016088495 0.999507248 -0.026952328 -3.851650238 -0.693234026 0.008274587 0.720665097 81.244964600
0.675306082 0.029328242 0.736954212 -4.519729614 -0.013605816 0.999534428 -0.027310371 -3.865391970 -0.737412155 0.008415995 0.675390720 81.467575073
0.628510654 0.024468053 0.777416110 -4.127029419 -0.009976697 0.999676406 -0.023397602 -3.678843737 -0.777737081 0.006949596 0.628551424 81.675209045
0.581866980 0.021630919 0.812996507 -3.788856506 -0.003095875 0.999697864 -0.024382636 -3.693860054 -0.813278198 0.011670514 0.581758142 81.856178284
0.534311414 0.024105063 0.844943881 -3.456272125 -0.004794246 0.999663770 -0.025487291 -3.712692261 -0.845274150 0.009567277 0.534247220 82.027244568
0.486920744 0.026892502 0.873032033 -3.113208771 -0.007317083 0.999616444 -0.026710758 -3.729133606 -0.873415530 0.006617973 0.486930758 82.180763245
0.439540505 0.029476205 0.897738993 -2.775272369 -0.007793058 0.999549031 -0.029003469 -3.744507313 -0.898189068 0.005752067 0.439571947 82.335151672
0.394950360 0.034622077 0.918049812 -2.131832123 -0.009021700 0.999387681 -0.033808336 -3.375680685 -0.918658257 0.005070250 0.395020783 82.414505005
0.355949998 0.026428668 0.934131205 -1.755277634 0.006911930 0.999498308 -0.030911833 -3.397478819 -0.934479535 0.017459719 0.355588704 82.499435425
0.326019585 0.008404277 0.945325673 -0.505813599 0.031996779 0.999289453 -0.019918935 -1.911136627 -0.944821417 0.036741346 0.325519025 82.670562744
0.292496562 0.012515365 0.956184626 -0.138275146 0.029717645 0.999312460 -0.022170475 -1.925148129 -0.955804646 0.034900349 0.291923493 82.764465332
0.261274815 0.020052135 0.965056241 0.224460602 0.019997293 0.999457240 -0.026180899 -1.942103028 -0.965057373 0.026138918 0.260732025 82.864822388
0.232732713 0.023939680 0.972246110 0.615707397 0.016212674 0.999462485 -0.028490769 -1.965578318 -0.972405672 0.022393445 0.232219517 82.949279785
0.207088441 0.026091278 0.977974176 0.994678497 0.017563412 0.999384046 -0.030381566 -1.981204867 -0.978164494 0.023468239 0.206502631 83.010963440
0.182537138 0.027523318 0.982813656 1.405787468 0.024740800 0.999163032 -0.032576263 -1.998568773 -0.982887566 0.030261979 0.181703418 83.070808411
0.163723260 0.033701058 0.985930562 1.815311432 0.032600921 0.998685598 -0.039550740 -2.001720905 -0.985967457 0.038617622 0.162409410 83.101791382
0.143295020 0.041685976 0.988801777 2.253385544 0.035377096 0.998258293 -0.047211409 -1.995539427 -0.989047468 0.041746099 0.141570747 83.160171509
0.126289353 0.041323230 0.991132379 2.688829422 0.034066476 0.998361886 -0.045965381 -2.021101713 -0.991408288 0.039569329 0.124674760 83.206382751
0.109803319 0.037157480 0.993258536 3.155363083 0.031806212 0.998657763 -0.040875606 -2.051712513 -0.993444324 0.036080066 0.108474098 83.258308411
0.096214645 0.033647202 0.994791806 3.620000839 0.032793041 0.998778760 -0.036953740 -2.075188160 -0.994820297 0.036177736 0.094993748 83.288391113
0.082890622 0.031574506 0.996058404 4.122382641 0.035165496 0.998782814 -0.034587279 -2.094089746 -0.995938003 0.037893839 0.081679389 83.319923401
0.071540229 0.030300045 0.996977448 4.591755867 0.039596025 0.998664320 -0.033192594 -2.116320610 -0.996651530 0.041850947 0.070244901 83.337654114
0.061613094 0.031038284 0.997617364 5.105075359 0.042997077 0.998505890 -0.033721436 -2.135632277 -0.997173667 0.044972315 0.060186479 83.357574463
0.053946488 0.031907521 0.998033881 5.651621342 0.045196358 0.998386860 -0.034361795 -2.152301788 -0.997520506 0.046961196 0.052417371 83.374015808
0.048226152 0.032147981 0.998319030 6.166873932 0.047075443 0.998298049 -0.034421396 -2.172370672 -0.997726500 0.048656322 0.046630695 83.400123596
0.042977821 0.033474121 0.998515129 6.748812675 0.048725560 0.998178899 -0.035560086 -2.191682339 -0.997887135 0.050181508 0.041268513 83.415725708
0.036722396 0.033738118 0.998755872 7.278170586 0.049519438 0.998140693 -0.035538074 -2.218939304 -0.998097837 0.050762881 0.034983426 83.433654785
0.032981072 0.033824820 0.998883486 7.900289536 0.052085288 0.998010933 -0.035515018 -2.241173744 -0.998097837 0.053198468 0.031153698 83.442085266
0.029770736 0.033730112 0.998987496 8.456630707 0.053986527 0.997917533 -0.035302822 -2.267905235 -0.998097777 0.054982852 0.027887762 83.453239441
0.026866952 0.032969017 0.999095201 9.114253998 0.054864239 0.997900844 -0.034404971 -2.296470165 -0.998132229 0.055738959 0.025001736 83.467857361
0.024216641 0.032438722 0.999180317 9.689782143 0.057191692 0.997791588 -0.033779744 -2.320231199 -0.998069525 0.057962842 0.022307934 83.483337402
0.023942119 0.031855654 0.999205768 10.392472267 0.061677746 0.997541130 -0.033280451 -2.352240562 -0.997808933 0.062425550 0.021918461 83.485977173
0.024715191 0.031726867 0.999190986 10.992096901 0.065324917 0.997308731 -0.033282928 -2.371783733 -0.997557938 0.066094659 0.022576125 83.500419617
0.026829654 0.031523585 0.999142885 11.719556808 0.066930301 0.997203052 -0.033259641 -2.403665543 -0.997396886 0.067765273 0.024644736 83.527076721
0.030966491 0.031674623 0.999018490 12.457973480 0.068899766 0.997052491 -0.033747979 -2.428234577 -0.997142971 0.069877163 0.028692843 83.545677185
0.035470519 0.030930318 0.998891950 13.068431854 0.069951423 0.996992469 -0.033355467 -2.456617594 -0.996919632 0.071057066 0.033200219 83.563262939
0.039188150 0.029396284 0.998799324 13.824163437 0.071102932 0.996951282 -0.032131631 -2.483840942 -0.996698976 0.072276756 0.036978509 83.602256775
0.043308895 0.027451530 0.998684585 14.527217865 0.071143337 0.996999979 -0.030490424 -2.517144680 -0.996525526 0.072370261 0.041225974 83.626792908
0.047227576 0.025373679 0.998561859 15.330739975 0.068046279 0.997273326 -0.028559227 -2.545255184 -0.996563792 0.069297217 0.045372218 83.678688049
0.051192146 0.024276752 0.998393893 16.149171829 0.067150533 0.997358382 -0.027694689 -2.574720383 -0.996428788 0.068460427 0.049426720 83.729347229
0.055247944 0.025077580 0.998157680 16.799919128 0.064450853 0.997510135 -0.028628660 -2.606449842 -0.996390402 0.065913796 0.053494111 83.762527466
0.058507521 0.029138131 0.997861624 17.620988846 0.062508509 0.997505486 -0.032792792 -2.638396025 -0.996328056 0.064293481 0.056540187 83.812904358
0.060131162 0.033954389 0.997612834 18.438295364 0.057014648 0.997672796 -0.037392996 -2.681171894 -0.996560872 0.059127040 0.058055326 83.861152649
0.059388828 0.037150905 0.997543335 19.115419388 0.053338107 0.997761667 -0.040334519 -2.714625835 -0.996808946 0.055602487 0.057274323 83.919914246
0.059973676 0.037195820 0.997506678 19.968311310 0.051065311 0.997882783 -0.040280055 -2.748371601 -0.996892989 0.053353734 0.057947271 83.963165283
0.059542693 0.035336804 0.997600079 20.684070587 0.048654709 0.998082638 -0.038257897 -2.784016609 -0.997039318 0.050815929 0.057709225 84.026931763
0.059029281 0.034065448 0.997674882 21.523220062 0.049456108 0.998090446 -0.037005804 -2.826918602 -0.997030318 0.051525548 0.057231821 84.085205078
0.059777580 0.033198196 0.997659445 22.366828918 0.047195453 0.998235047 -0.036045197 -2.872874022 -0.997095406 0.049239688 0.058105271 84.137237549
0.059991863 0.033332635 0.997642159 23.028457642 0.045732487 0.998301029 -0.036104705 -2.908051491 -0.997150719 0.047790650 0.058365554 84.176483154
0.060057208 0.033417113 0.997635424 23.851463318 0.042514175 0.998446882 -0.036003631 -2.954289436 -0.997289121 0.044575930 0.058543239 84.222328186
0.058498438 0.034844436 0.997679234 24.677368164 0.039900195 0.998510480 -0.037212994 -2.994697332 -0.997489810 0.041984502 0.057021011 84.283470154
0.055712551 0.034626629 0.997846246 25.345306396 0.036345873 0.998665750 -0.036684364 -3.030050516 -0.997785151 0.038311366 0.054379683 84.327743530
0.052134413 0.033804767 0.998067737 26.173246384 0.034990549 0.998751462 -0.035655662 -3.062394619 -0.998026967 0.036781833 0.050886482 84.369987488
0.047294013 0.031192468 0.998393893 26.903446198 0.032859694 0.998922706 -0.032765560 -3.100917578 -0.998340368 0.034356538 0.046218082 84.410278320
0.041566245 0.028582711 0.998726904 27.703527451 0.031209270 0.999065816 -0.029891316 -3.138370275 -0.998648107 0.032412011 0.040635370 84.434822083
0.033570088 0.029225335 0.999009013 28.464595795 0.031106327 0.999057591 -0.030272037 -3.171632528 -0.998952270 0.032091737 0.032629360 84.478767395
0.024909239 0.029966198 0.999240637 29.274482727 0.029884443 0.999081671 -0.030706400 -3.215911865 -0.999243081 0.030626627 0.023990843 84.495674133
0.014741454 0.030715998 0.999419570 29.998264313 0.031730700 0.999010384 -0.031171447 -3.235735416 -0.999387681 0.032171793 0.013752226 84.511009216
0.004624021 0.029826477 0.999544322 30.806653976 0.033092670 0.999002993 -0.029963413 -3.269368172 -0.999441624 0.033216152 0.003632375 84.510353088
-0.006380573 0.028911740 0.999561548 31.526277542 0.032553006 0.999058306 -0.028689375 -3.302842855 -0.999449670 0.032355681 -0.007315728 84.509849548
-0.017805535 0.027693255 0.999457777 32.315940857 0.033149991 0.999083161 -0.027092293 -3.342951775 -0.999291837 0.032649625 -0.018707240 84.496498108
-0.028502205 0.028310457 0.999192774 33.042007446 0.034568898 0.999028802 -0.027319726 -3.370029688 -0.998995900 0.033762321 -0.029453179 84.473838806
-0.039381862 0.028820483 0.998808622 33.828742981 0.035005443 0.999010146 -0.027446074 -3.404700756 -0.998610973 0.033882856 -0.040351756 84.445068359
-0.049935274 0.030048063 0.998300374 34.546882629 0.034867615 0.998990417 -0.028324751 -3.434585333 -0.998143613 0.033393949 -0.050932560 84.400131226
-0.061039526 0.031183349 0.997648180 35.312927246 0.035624407 0.998943210 -0.029044203 -3.459618092 -0.997499466 0.033767778 -0.062085908 84.364875793
-0.069845743 0.031238176 0.997068524 36.017295837 0.035898998 0.998940825 -0.028782073 -3.508877277 -0.996911705 0.033783458 -0.070893191 84.302276611
-0.080462933 0.032052830 0.996242106 36.782218933 0.036582347 0.998904407 -0.029183866 -3.532526493 -0.996086061 0.034096662 -0.081547350 84.256118774
-0.088687547 0.032496516 0.995529294 37.641387939 0.037952382 0.998852074 -0.029223967 -3.568171024 -0.995336235 0.035190903 -0.089819059 84.157646179
-0.097443931 0.031783354 0.994733453 38.189880371 0.038850520 0.998849571 -0.028109081 -3.598217487 -0.994482458 0.035906848 -0.098566636 84.104522705
-0.104697622 0.030621992 0.994032621 38.921066284 0.040268973 0.998836696 -0.026528608 -3.629318476 -0.993688583 0.037251193 -0.105808944 84.026191711
-0.110290304 0.029295031 0.993467629 39.657802582 0.043827549 0.998736620 -0.024584860 -3.656579494 -0.992932618 0.040829778 -0.111434892 83.949348450
-0.113435879 0.027421881 0.993166983 40.263332367 0.047102340 0.998643458 -0.022193236 -3.690025568 -0.992428184 0.044262964 -0.114573650 83.856880188
-0.116468690 0.026229860 0.992847979 40.968200684 0.049538970 0.998560309 -0.020569474 -3.720263481 -0.991958141 0.046788961 -0.117600404 83.776992798
-0.118164048 0.025294907 0.992671907 41.647811890 0.049364652 0.998589098 -0.019569498 -3.747946501 -0.991766334 0.046690486 -0.119245991 83.703308105
-0.118499957 0.026089575 0.992611289 42.267951965 0.050074711 0.998539746 -0.020267377 -3.759775877 -0.991690576 0.047303040 -0.119633362 83.619041443
-0.118199110 0.026928455 0.992624760 42.900573730 0.050302710 0.998511076 -0.021098234 -3.785474539 -0.991715014 0.047437925 -0.119377695 83.549385071
-0.114722036 0.028609484 0.992985606 43.520423889 0.051557157 0.998409450 -0.022809232 -3.806019068 -0.992058814 0.048578795 -0.116014600 83.471809387
-0.109120108 0.028798705 0.993611336 44.070858002 0.051604547 0.998396456 -0.023270095 -3.835868120 -0.992688179 0.048735630 -0.110431261 83.402221680
-0.101179764 0.029547296 0.994429290 44.648529053 0.051383458 0.998380005 -0.024436595 -3.859791517 -0.993540347 0.048624732 -0.102534086 83.347160339
-0.089826107 0.029716726 0.995514035 45.240604401 0.049655389 0.998445272 -0.025323777 -3.887062311 -0.994718850 0.047157906 -0.091162056 83.304573059
-0.076107427 0.030053562 0.996646643 45.736545563 0.049440607 0.998429894 -0.026331870 -3.908214808 -0.995873094 0.047270760 -0.077473789 83.268859863
-0.059705801 0.031362932 0.997723222 46.257514954 0.047885284 0.998445570 -0.028520077 -3.937842846 -0.997066736 0.046073444 -0.061114825 83.262840271
-0.037808511 0.033316631 0.998729467 46.783966064 0.046048243 0.998440385 -0.031563751 -3.967839241 -0.998223364 0.044796351 -0.039283708 83.243316650
-0.013153572 0.036479466 0.999247789 47.249797821 0.044232626 0.998377204 -0.035865430 -3.989800930 -0.998934686 0.043727595 -0.014745804 83.254783630
0.015384002 0.038168367 0.999152899 47.753822327 0.042109750 0.998359859 -0.038786437 -4.016513348 -0.998994589 0.042670768 0.013751511 83.278923035
0.048457660 0.037640002 0.998115778 48.268909454 0.039103411 0.998452127 -0.039551117 -4.046222210 -0.998059511 0.040946290 0.046910804 83.322433472
0.087339520 0.034993347 0.995563805 48.715801239 0.038408343 0.998521388 -0.038466822 -4.072038174 -0.995437920 0.041597627 0.085866354 83.363815308
0.129365623 0.031128587 0.991108239 49.204296112 0.035942018 0.998703063 -0.036058504 -4.099578857 -0.990945339 0.040287156 0.128079027 83.454223633
0.175160110 0.026847303 0.984173894 49.674072266 0.032361176 0.998930991 -0.033009399 -4.129323959 -0.984008014 0.037630949 0.174104035 83.551025391
0.223975509 0.023508981 0.974311292 50.124984741 0.027626446 0.999154150 -0.030459207 -4.149394989 -0.974203169 0.033738870 0.223136619 83.678527832
0.275580347 0.022266757 0.961020172 50.571315765 0.023450045 0.999278426 -0.029877685 -4.167795181 -0.960991979 0.030769667 0.274859309 83.837753296
0.330476850 0.022062615 0.943556190 51.012870789 0.021393595 0.999294758 -0.030858936 -4.189385414 -0.943571627 0.030384224 0.329771757 84.016654968
0.388529986 0.021929283 0.921175122 51.433914185 0.022675009 0.999186516 -0.033350185 -4.221697807 -0.921157002 0.033845201 0.387716711 84.225173950
0.446258038 0.024405479 0.894571424 51.783218384 0.022106223 0.999022365 -0.038282793 -4.256011486 -0.894631326 0.036859598 0.445282161 84.459465027
0.505562007 0.027424907 0.862354279 52.165840149 0.023012215 0.998710513 -0.045252450 -4.281388283 -0.862483382 0.042722601 0.504278958 84.722473145
0.563198507 0.032490849 0.825682521 52.488632202 0.016368736 0.998591840 -0.050460007 -4.299415112 -0.826159477 0.041934378 0.561873794 85.000686646
0.618230283 0.035526406 0.785193741 52.815109253 0.011162934 0.998480260 -0.053965889 -4.319957733 -0.785917759 0.042128406 0.616894186 85.322921753
0.671482682 0.037314538 0.740080237 53.100536346 0.007587976 0.998332858 -0.057220165 -4.339613914 -0.740981519 0.044038061 0.670079887 85.626617432
0.720623732 0.034148559 0.692484915 53.396339417 0.006601207 0.998403192 -0.056103736 -4.378012657 -0.693295181 0.045000929 0.719247341 85.988151550
0.766179800 0.030781431 0.641888678 53.641902924 0.003112348 0.998662651 -0.051605336 -4.398004532 -0.642618775 0.041536745 0.765059352 86.337684631
0.807588577 0.025790039 0.589182258 53.898139954 0.001150653 0.998972476 -0.045304827 -4.422449589 -0.589745164 0.037265602 0.806729078 86.760078430
0.844222188 0.022897623 0.535504162 54.077606201 -0.002500218 0.999244452 -0.038785104 -4.448951721 -0.535987735 0.031404365 0.843641579 87.130439758
0.875684857 0.018628487 0.482523680 54.270709991 -0.003853156 0.999493361 -0.031594105 -4.476694107 -0.482867807 0.025807239 0.875313044 87.563644409
0.901827276 0.019894313 0.431638569 54.423919678 -0.009208842 0.999597490 -0.026831530 -4.490345001 -0.431998610 0.020222513 0.901647568 87.958747864
0.922090113 0.021589996 0.386372894 54.573436737 -0.013856265 0.999644160 -0.022790406 -4.517914772 -0.386727482 0.015661119 0.922061205 88.435623169
0.937679470 0.027526019 0.346409470 54.681159973 -0.021649888 0.999548852 -0.020822000 -4.528302193 -0.346826255 0.012024641 0.937852263 88.821342468
0.949861586 0.031245517 0.311105847 54.809402466 -0.025940694 0.999439120 -0.021175835 -4.549413681 -0.311593056 0.012043810 0.950139344 89.315628052
0.959121227 0.034161121 0.280926466 54.926383972 -0.029147999 0.999332786 -0.022005277 -4.551871300 -0.281490803 0.012917282 0.959477007 89.808990479
0.965302110 0.028385177 0.259588659 55.052474976 -0.023497017 0.999483645 -0.021914670 -4.568646431 -0.260076731 0.015054717 0.965470612 90.318603516
0.969264448 0.024620442 0.244786352 55.168304443 -0.020078098 0.999577105 -0.021034829 -4.588650703 -0.245200753 0.015473467 0.969348848 90.843475342
0.972583950 0.029353427 0.230692223 55.224159241 -0.025170136 0.999461472 -0.021056369 -4.601568222 -0.231186092 0.014672535 0.972798944 91.150138855
0.974586308 0.034085643 0.221404165 55.328113556 -0.030301426 0.999331236 -0.020467049 -4.608263493 -0.221953720 0.013238044 0.974967360 91.682113647
0.975652516 0.042145710 0.215234473 55.411102295 -0.038319137 0.999025047 -0.021922443 -4.623400688 -0.215948537 0.013141091 0.976316392 92.137062073
0.975928605 0.047611747 0.212829545 55.512176514 -0.043239564 0.998748004 -0.025153510 -4.641083717 -0.213760674 0.015345378 0.976765573 92.696342468
0.975920618 0.049351294 0.212469697 55.632114410 -0.044234227 0.998606741 -0.028773217 -4.654185295 -0.213593662 0.018681945 0.976743996 93.271804810
0.975644469 0.048299566 0.213974416 55.737640381 -0.042556051 0.998601496 -0.031370323 -4.686442375 -0.215190321 0.021500375 0.976335645 93.706230164
0.974722743 0.046942458 0.218430370 55.865028381 -0.039614320 0.998499453 -0.037810791 -4.705554008 -0.219877526 0.028202072 0.975119829 94.305938721
0.973898411 0.047570582 0.221944258 55.987949371 -0.039045483 0.998326957 -0.042644415 -4.725708961 -0.223601580 0.032865398 0.974126339 94.797004700
0.972685397 0.052523702 0.226107448 56.131797791 -0.044092529 0.998136520 -0.042182051 -4.755519390 -0.227901608 0.031060211 0.973188639 95.411300659
0.971120954 0.055520635 0.232037619 56.240829468 -0.047896001 0.998115063 -0.038369473 -4.775139809 -0.233730525 0.026147729 0.971949756 95.941856384
0.969994962 0.052335385 0.237425476 56.400943756 -0.045623906 0.998390675 -0.033678848 -4.804447651 -0.238805994 0.021836039 0.970821798 96.592033386
0.969345510 0.048289783 0.240909562 56.539199829 -0.042730797 0.998687267 -0.028249064 -4.827443123 -0.241957471 0.017088844 0.970136404 97.133346558
0.968686163 0.045541331 0.244075969 56.722503662 -0.041025106 0.998880267 -0.023557756 -4.858476639 -0.244875580 0.012806829 0.969469965 97.796478271
0.968045413 0.040796764 0.247434571 56.859230042 -0.036221575 0.999078631 -0.023016373 -4.875078201 -0.248145640 0.013318418 0.968631208 98.358642578
0.967981458 0.037480634 0.248208120 57.027492523 -0.032002479 0.999147713 -0.026070392 -4.899758816 -0.248973757 0.017292378 0.968355894 99.034805298
0.968259633 0.037044194 0.247186154 57.187557220 -0.029733127 0.999004841 -0.033245947 -4.919937611 -0.248171687 0.024841093 0.968397558 99.615760803
0.968340099 0.039323829 0.246517658 57.356529236 -0.030341189 0.998733580 -0.040132761 -4.943787098 -0.247783586 0.031382523 0.968307078 100.308868408
0.968917310 0.042477619 0.243710890 57.500366211 -0.032843351 0.998515069 -0.043461569 -4.972419262 -0.245195150 0.034106381 0.968873739 100.911659241
0.969473422 0.041232675 0.241704479 57.673542023 -0.032712664 0.998697340 -0.039158974 -4.999066830 -0.243004248 0.030056788 0.969559491 101.642028809
0.970018208 0.036978446 0.240202367 57.833175659 -0.030299736 0.999046326 -0.031439669 -5.032268524 -0.241135865 0.023218986 0.970213592 102.268157959
0.970674634 0.037055623 0.237523571 58.020103455 -0.031892464 0.999164820 -0.025544688 -5.062963009 -0.238271803 0.017220370 0.971045852 103.028038025
0.970852196 0.040771294 0.236185700 58.163574219 -0.035537753 0.999020219 -0.026375167 -5.088871002 -0.237029657 0.017212883 0.971349955 103.671676636
0.971056938 0.046115067 0.234353989 58.329093933 -0.039911084 0.998717666 -0.031149419 -5.116820335 -0.235489935 0.020894542 0.971652150 104.443801880
0.972020984 0.047298841 0.230083019 58.480987549 -0.039985128 0.998538852 -0.036349289 -5.141168594 -0.231466115 0.026132369 0.972491980 105.091987610
0.972949684 0.045962002 0.226399526 58.658298492 -0.037987892 0.998498917 -0.039455529 -5.174489021 -0.227873132 0.029787797 0.973235130 105.895050049
0.974006236 0.043776423 0.222250775 58.814956665 -0.036270026 0.998628855 -0.037746403 -5.203232765 -0.223598421 0.028704189 0.974258602 106.554161072
0.974909306 0.040213253 0.218939841 59.003547668 -0.033169586 0.998809993 -0.035754386 -5.239793777 -0.220117092 0.027595144 0.975083053 107.386337280
0.975363255 0.038746033 0.217175528 59.151123047 -0.032371126 0.998936296 -0.032836173 -5.270592690 -0.218216792 0.024996981 0.975580156 108.063957214
0.975766122 0.035626139 0.215896696 59.345058441 -0.029645508 0.999083400 -0.030877754 -5.296293736 -0.216798872 0.023729105 0.975927889 108.911773682
0.975996614 0.030586746 0.215627298 59.491851807 -0.024866385 0.999264479 -0.029192690 -5.330865383 -0.216361597 0.023130095 0.976039350 109.593757629
0.976124525 0.031043330 0.214981616 59.677318573 -0.025714330 0.999289870 -0.027541397 -5.368662357 -0.215683907 0.021355728 0.976229846 110.438102722
0.975781322 0.036778491 0.215634659 59.822708130 -0.031128632 0.999078751 -0.029540114 -5.394490719 -0.216522440 0.022112276 0.976027191 111.162147522
0.975481689 0.042213831 0.215994686 60.000724792 -0.035879340 0.998805523 -0.033166453 -5.420755386 -0.217136815 0.024603516 0.975831151 112.012786865
0.974922597 0.051071320 0.216605023 60.156478882 -0.044603936 0.998403788 -0.034645610 -5.453501701 -0.218028665 0.024115346 0.975644410 112.740760803
0.973810852 0.057399310 0.219995439 60.333324432 -0.051170226 0.998113930 -0.033914033 -5.500155449 -0.221527174 0.021768635 0.974911213 113.607559204
0.973074913 0.059652526 0.222636148 60.492042542 -0.053877909 0.998036921 -0.031927407 -5.527895927 -0.224103674 0.019072590 0.974378705 114.331649780
0.972526908 0.060083367 0.224903420 60.693313599 -0.054076564 0.997998595 -0.032779455 -5.566033840 -0.226422817 0.019716898 0.973829627 115.198158264
0.972160816 0.058282055 0.226950839 60.888000488 -0.051489167 0.998033702 -0.035742141 -5.601804733 -0.228587747 0.023061601 0.973250151 116.056343079
0.972237051 0.052373759 0.228061572 61.050415039 -0.045721114 0.998363137 -0.034360342 -5.631836891 -0.229487851 0.022979168 0.973040223 116.727401733
0.972578764 0.046047460 0.227969870 61.268795013 -0.038855974 0.998598516 -0.035936456 -5.671976566 -0.229305118 0.026093049 0.973004818 117.574279785
0.972302735 0.044699576 0.229411155 61.474143982 -0.037364870 0.998645127 -0.036219046 -5.711052418 -0.230719298 0.026643958 0.972655475 118.450508118
0.971731484 0.047306836 0.231300578 61.617378235 -0.040791567 0.998626769 -0.032872476 -5.749630928 -0.232538089 0.022508102 0.972326875 119.111984253
0.971154511 0.049753781 0.233202189 61.806144714 -0.044659644 0.998635173 -0.027077191 -5.787248611 -0.234231129 0.015881402 0.972051322 119.979454041
0.970833838 0.052965004 0.233829677 62.007583618 -0.048917010 0.998536050 -0.023081664 -5.823547363 -0.234709963 0.010970210 0.972003639 120.820190430
0.970610023 0.052168772 0.234935448 62.165538788 -0.046488244 0.998478472 -0.029656839 -5.853512764 -0.236125171 0.017863488 0.971558392 121.499259949
0.970962524 0.048032984 0.234360099 62.372943878 -0.038725972 0.998273730 -0.044156842 -5.892861366 -0.236076519 0.033798814 0.971146524 122.318794250
0.971309185 0.045689248 0.233390197 62.624595642 -0.034157619 0.997998595 -0.053216454 -5.940729141 -0.235354528 0.043717574 0.970925927 123.305824280
0.971586049 0.042727295 0.232797980 62.743122101 -0.033440024 0.998484969 -0.043697525 -5.970762253 -0.234312326 0.034671139 0.971542895 123.834602356
