0.999998450 0.000807517 0.001550417 -0.006316368 -0.000800256 0.999988735 -0.004677798 -0.002005884 -0.001554177 0.004676549 0.999987841 0.966918528
0.999996543 -0.001233291 0.002323629 -0.006521296 0.001246235 0.999983668 -0.005577344 -0.000327715 -0.002316712 0.005580220 0.999981761 1.925524831
0.999992847 -0.002709986 0.002621958 -0.008965184 0.002713915 0.999995172 -0.001496025 -0.001610547 -0.002617892 0.001503130 0.999995470 2.884682655
0.999984860 -0.005148174 0.001920621 -0.007188478 0.005139224 0.999976039 0.004636229 -0.004805166 -0.001944443 -0.004626290 0.999987423 3.842963219
0.999961853 -0.008710445 0.000553299 -0.005680633 0.008707754 0.999951005 0.004695370 -0.003525460 -0.000594170 -0.004690372 0.999988735 4.785204411
0.999967337 -0.006633361 -0.004613850 -0.069585323 0.006593494 0.999941230 -0.008602615 -0.138631940 0.004670643 0.008571913 0.999952376 5.734320164
0.999961019 -0.005949822 -0.006518993 -0.069907188 0.005850573 0.999868214 -0.015139025 -0.135364592 0.006608209 0.015100295 0.999864161 6.668360233
0.999958098 -0.005581033 -0.007259412 -0.080224186 0.005467522 0.999863923 -0.015563518 -0.149318904 0.007345286 0.015523175 0.999852538 7.602646351
0.999961913 -0.004372601 -0.007546096 -0.093588099 0.004268388 0.999895990 -0.013771409 -0.158900499 0.007605528 0.013738674 0.999876678 8.530454636
0.999973238 -0.002397555 -0.006915045 -0.100017004 0.002333631 0.999954641 -0.009237288 -0.171124756 0.006936878 0.009220904 0.999933422 9.457466125
0.999966204 -0.002741944 -0.007747194 -0.109483421 0.002683404 0.999967873 -0.007556557 -0.182792202 0.007767664 0.007535513 0.999941409 10.381205559
0.999924302 -0.006325881 -0.010556147 -0.123408623 0.006235587 0.999943852 -0.008564714 -0.192945361 0.010609735 0.008498243 0.999907553 11.298731804
0.999947250 -0.003914416 -0.009498891 -0.123578563 0.003848749 0.999968648 -0.006921700 -0.197101742 0.009525687 0.006884776 0.999930918 12.216102600
0.999886751 0.013187232 -0.007251155 -0.129690453 -0.013212784 0.999906600 -0.003487358 -0.196444929 0.007204487 0.003582771 0.999967575 13.122240067
0.999747872 0.020800965 -0.008455346 -0.140653372 -0.020837078 0.999774039 -0.004205614 -0.206150353 0.008365953 0.004380739 0.999955416 14.028530121
0.999789894 0.017862320 -0.010055613 -0.151961178 -0.017919473 0.999823570 -0.005622398 -0.208936498 0.009953411 0.005801408 0.999933600 14.930713654
0.999732792 0.019913634 -0.011739032 -0.164202332 -0.019986838 0.999781311 -0.006151987 -0.212297827 0.011613958 0.006384969 0.999912083 15.834518433
0.999688029 0.021209287 -0.013202167 -0.184452757 -0.021304719 0.999747634 -0.007129985 -0.215665907 0.013047616 0.007409028 0.999887347 16.733238220
0.999779284 0.014537565 -0.015175987 -0.201398045 -0.014659103 0.999861121 -0.007928112 -0.224026233 0.015058622 0.008148827 0.999853432 17.626007080
0.999764144 0.013941134 -0.016659990 -0.219757020 -0.014062613 0.999875128 -0.007196724 -0.228924647 0.016557582 0.007429308 0.999835312 18.519927979
0.999583602 0.022632433 -0.017898317 -0.237413585 -0.022718005 0.999731362 -0.004592174 -0.235082358 0.017789574 0.004996876 0.999829292 19.413125992
0.999545753 0.022839781 -0.019665115 -0.253419876 -0.022929553 0.999727488 -0.004351446 -0.235771328 0.019560374 0.004800382 0.999797165 20.299402237
0.999589324 0.020030545 -0.020498848 -0.282640010 -0.020120740 0.999788642 -0.004203056 -0.244238734 0.020410331 0.004613782 0.999780953 21.160339355
0.999541461 0.020273423 -0.022490809 -0.300944090 -0.020395931 0.999778271 -0.005230806 -0.241209477 0.022379776 0.005687128 0.999733329 22.036237717
0.999480128 0.022167455 -0.023411252 -0.325742185 -0.022275282 0.999742389 -0.004355018 -0.247236758 0.023308681 0.004874246 0.999716461 22.894771576
0.999438286 0.022090189 -0.025202697 -0.341019899 -0.022160059 0.999751389 -0.002496350 -0.247479230 0.025141286 0.003053441 0.999679327 23.752147675
0.999465883 0.021088865 -0.024962433 -0.376769781 -0.021089086 0.999777496 0.000254339 -0.248563498 0.024962243 0.000272232 0.999688387 24.596294403
0.999429107 0.021436106 -0.026116788 -0.395877212 -0.021400403 0.999769628 0.001645885 -0.250035018 0.026146052 -0.001086036 0.999657571 25.444318771
0.999340892 0.025832694 -0.025504079 -0.433431029 -0.025798893 0.999665797 0.001653704 -0.252861798 0.025538268 -0.000994637 0.999673307 26.251113892
0.999267876 0.027402796 -0.026695749 -0.460076362 -0.027437307 0.999623060 -0.000927264 -0.251399040 0.026660275 0.001659044 0.999643207 27.066322327
0.999155939 0.030793183 -0.027187822 -0.482670426 -0.030816294 0.999524891 -0.000431359 -0.266405612 0.027161624 0.001268823 0.999630272 27.857738495
0.999093711 0.031945758 -0.028128754 -0.512956023 -0.031978812 0.999488235 -0.000725851 -0.265374660 0.028091172 0.001624717 0.999604106 28.656480789
0.999055982 0.032100242 -0.029269990 -0.541702032 -0.032149140 0.999482274 -0.001201338 -0.266411543 0.029216273 0.002141210 0.999570966 29.426542282
0.998988271 0.032322455 -0.031267967 -0.573035121 -0.032405376 0.999472499 -0.002148818 -0.268684655 0.031182019 0.003159895 0.999508798 30.213968277
0.998997152 0.029317513 -0.033840358 -0.585727394 -0.029388392 0.999566793 -0.001598897 -0.272805542 0.033778828 0.002591807 0.999425888 30.979919434
0.998947322 0.029284492 -0.035310008 -0.624896348 -0.029314350 0.999570191 -0.000327996 -0.273986191 0.035285227 0.001362740 0.999376357 31.726093292
0.998867929 0.028847827 -0.037827838 -0.642947793 -0.028796650 0.999583483 0.001897227 -0.271127641 0.037866812 -0.000805766 0.999282598 32.492813110
0.998778582 0.029710449 -0.039478060 -0.683181942 -0.029596029 0.999555826 0.003479680 -0.272377253 0.039563913 -0.002307035 0.999214351 33.229705811
0.998807847 0.027094243 -0.040605199 -0.717079699 -0.026918404 0.999625683 0.004871094 -0.272519708 0.040721979 -0.003772260 0.999163389 33.959850311
0.998657584 0.029292585 -0.042718455 -0.756355345 -0.029135350 0.999566197 0.004298816 -0.275153130 0.042825848 -0.003048429 0.999077857 34.657569885
0.998683095 0.025888935 -0.044292778 -0.789639950 -0.025760802 0.999662161 0.003461304 -0.266215831 0.044367421 -0.002315729 0.999012589 35.385662079
0.998588622 0.026066201 -0.046274345 -0.818517625 -0.025881413 0.999654591 0.004588020 -0.261442721 0.046377946 -0.003383899 0.998918176 36.099803925
0.998517096 0.027762866 -0.046826135 -0.864650488 -0.027484730 0.999600589 0.006573296 -0.260363460 0.046989929 -0.005276545 0.998881340 36.778076172
0.998433113 0.030515252 -0.046905115 -0.906517267 -0.030203233 0.999516785 0.007346710 -0.263242394 0.047106635 -0.005918513 0.998872280 37.463218689
0.998379648 0.033902518 -0.045700446 -0.941798806 -0.033694662 0.999418080 0.005311066 -0.265393496 0.045853905 -0.003762600 0.998941064 38.123508453
0.998399377 0.035580125 -0.043962270 -0.977367818 -0.035520896 0.999366641 0.002127939 -0.262490839 0.044010144 -0.000562954 0.999030888 38.765651703
0.998440862 0.036166504 -0.042517398 -0.989495695 -0.036202099 0.999344468 -0.000067394 -0.254775405 0.042487096 0.001606508 0.999095678 39.413375854
0.998550951 0.037106916 -0.038976010 -1.030227304 -0.037106369 0.999311030 0.000737706 -0.250505507 0.038976531 0.000709621 0.999239862 40.050712585
0.998490989 0.041778408 -0.035641365 -1.061655760 -0.041683938 0.999125063 0.003389768 -0.252888143 0.035751801 -0.001898980 0.999358833 40.683082581
0.998438716 0.046098147 -0.031543676 -1.092736363 -0.045904044 0.998922348 0.006850399 -0.254209697 0.031825475 -0.005391721 0.999478996 41.299888611
0.998329103 0.050981753 -0.027200785 -1.111392379 -0.050800309 0.998681962 0.007320927 -0.246445805 0.027538177 -0.005926886 0.999603152 41.900421143
0.998275995 0.054502528 -0.021781929 -1.132977962 -0.054349560 0.998493314 0.007554772 -0.241631448 0.022160867 -0.006357909 0.999734223 42.480846405
0.998162091 0.058488112 -0.015863782 -1.147257328 -0.058344290 0.998252392 0.009382798 -0.238012850 0.016384842 -0.008439993 0.999830127 43.054756165
0.997923911 0.063735105 -0.009258690 -1.160879970 -0.063636221 0.997916698 0.010609591 -0.237189949 0.009915607 -0.009998376 0.999900818 43.597114563
0.997761726 0.066834450 -0.002158868 -1.166493893 -0.066809356 0.997714341 0.010127315 -0.238545299 0.002830787 -0.009960415 0.999946356 44.135223389
0.997836292 0.065527134 0.005381506 -1.167737603 -0.065588281 0.997773349 0.012103938 -0.244995356 -0.004576388 -0.012430713 0.999912202 44.627723694
0.997490525 0.069667861 0.012619087 -1.160280466 -0.069810368 0.997497022 0.011227319 -0.240674555 -0.011805320 -0.012080085 0.999857306 45.116302490
0.997039497 0.074033163 0.020767329 -1.168954253 -0.074220642 0.997206450 0.008405401 -0.237768799 -0.020087037 -0.009921881 0.999749005 45.575614929
0.996700168 0.075938515 0.028670384 -1.161800623 -0.076120265 0.997084558 0.005300442 -0.241365030 -0.028184293 -0.007465348 0.999574840 46.007045746
0.996375203 0.076663755 0.036864955 -1.150534749 -0.076886937 0.997028887 0.004672800 -0.234807342 -0.036397189 -0.007490295 0.999309480 46.437786102
0.996125996 0.075765833 0.044638619 -1.118687868 -0.076090597 0.997085094 0.005619452 -0.230721205 -0.044082738 -0.008994260 0.998987496 46.832290649
0.995575130 0.077701516 0.052845970 -1.105680227 -0.078146614 0.996921360 0.006406227 -0.235105157 -0.052185491 -0.010507614 0.998582184 47.218212128
0.994867921 0.080335230 0.061514273 -1.084193945 -0.080862939 0.996706426 0.006134250 -0.231076896 -0.060818858 -0.011076994 0.998087466 47.559978485
0.993874609 0.085408695 0.070132710 -1.056187630 -0.085982323 0.996283293 0.005196201 -0.230315968 -0.069428235 -0.011194546 0.997524261 47.889362335
0.992872417 0.089020051 0.079245277 -1.039700747 -0.089711331 0.995954156 0.005198846 -0.232458085 -0.078461885 -0.012270989 0.996841609 48.174396515
0.992113173 0.088105366 0.089156069 -1.024490833 -0.088966005 0.996018291 0.005718158 -0.236168981 -0.088297285 -0.013604922 0.996001244 48.450515747
0.991235435 0.087111525 0.099316701 -0.969657421 -0.087899625 0.996122897 0.003579005 -0.239719242 -0.098619863 -0.012277538 0.995049477 48.712234497
0.990589142 0.079402305 0.111482725 -0.934572220 -0.079966038 0.996797383 0.000587283 -0.248964801 -0.111079052 -0.009496587 0.993766129 48.963951111
0.988976121 0.080361292 0.124371693 -0.888675690 -0.080495127 0.996747196 -0.003956899 -0.246362016 -0.124285109 -0.006098037 0.992227793 49.219512939
0.986693501 0.082293905 0.140227303 -0.859490871 -0.082208194 0.996594667 -0.006413669 -0.246150732 -0.140277594 -0.005199509 0.990098536 49.482032776
0.984060466 0.084173851 0.156652391 -0.819372654 -0.083919294 0.996438384 -0.008250223 -0.242050320 -0.156788900 -0.005027439 0.987619281 49.736850739
0.981177509 0.084357515 0.173708081 -0.768748283 -0.083904833 0.996423900 -0.009961050 -0.242154509 -0.173927143 -0.004801388 0.984746814 49.995449066
0.977949083 0.083307192 0.191509038 -0.700129509 -0.082617797 0.996513903 -0.011596229 -0.244536757 -0.191807464 -0.004481532 0.981422424 50.234340668
0.974063277 0.082337894 0.210763171 -0.631396294 -0.081632905 0.996589482 -0.012058372 -0.252891123 -0.211037204 -0.005459593 0.977462769 50.462276459
0.969488502 0.082859226 0.230708212 -0.567382812 -0.081969485 0.996544003 -0.013455937 -0.263009489 -0.231025785 -0.005865657 0.972929955 50.684978485
0.964078486 0.085265130 0.251559973 -0.489275932 -0.083950914 0.996341825 -0.015972102 -0.267478049 -0.252001613 -0.005720330 0.967709899 50.920658112
0.957747459 0.086136498 0.274409145 -0.411150932 -0.084206767 0.996270418 -0.018827487 -0.268473089 -0.275007427 -0.005075126 0.961428702 51.150012970
0.951279461 0.070600308 0.300138175 -0.321099281 -0.069072820 0.997487843 -0.015710767 -0.286483049 -0.300493419 -0.005786060 0.953766286 51.367462158
0.942577422 0.073571838 0.325783670 -0.223484993 -0.072141200 0.997258127 -0.016487742 -0.299270391 -0.326103479 -0.007961453 0.945300579 51.598590851
0.932628036 0.075452991 0.352862239 -0.116626740 -0.073862426 0.997106254 -0.017991345 -0.299550354 -0.353198588 -0.009284027 0.935502291 51.835453033
0.921369195 0.076147877 0.381156594 -0.002855301 -0.074384749 0.997041285 -0.019379782 -0.307885408 -0.381504536 -0.010496316 0.924307346 52.062633514
0.908738375 0.074061468 0.410742551 0.136159897 -0.071498521 0.997206390 -0.021622056 -0.314963102 -0.411196411 -0.009718696 0.911494911 52.289176941
0.893611550 0.071346655 0.443134427 0.279630661 -0.067518152 0.997418880 -0.024433866 -0.322853923 -0.443733871 -0.008085234 0.896122158 52.514743805
0.876314282 0.067875132 0.476934224 0.416021347 -0.062281124 0.997678280 -0.027550370 -0.337534189 -0.477696985 -0.005561211 0.878507078 52.704780579
0.856778920 0.069333851 0.511001766 0.590101242 -0.061259434 0.997587919 -0.032643400 -0.343888640 -0.512032449 -0.003335499 0.858959675 52.929702759
0.833761036 0.077346116 0.546680987 0.736894608 -0.066246733 0.997000158 -0.040023632 -0.352908015 -0.548136771 -0.002845688 0.836383820 53.125427246
0.808968425 0.080181152 0.582358301 0.934566498 -0.067103274 0.996774256 -0.044024594 -0.361174226 -0.584009707 -0.003463641 0.811739326 53.351196289
0.781698525 0.089981079 0.617130935 1.138132095 -0.075560696 0.995911837 -0.049499292 -0.364067674 -0.619062006 -0.007937306 0.785301983 53.552604675
0.751493633 0.093971021 0.653013587 1.368339539 -0.078541882 0.995507836 -0.052870534 -0.381406188 -0.655048430 -0.011557048 0.755498409 53.788421631
0.718507767 0.095203504 0.688972235 1.633468628 -0.078165859 0.995364904 -0.056024678 -0.399524331 -0.691112638 -0.013599942 0.722619116 54.018730164
0.681538582 0.092838056 0.725869238 1.916532516 -0.074302025 0.995572746 -0.057568673 -0.418094754 -0.728000224 -0.014698293 0.685419321 54.250526428
0.642514169 0.091353066 0.760808885 2.184736252 -0.071098179 0.995692372 -0.059512921 -0.440900922 -0.762968302 -0.015854236 0.646241486 54.431377411
0.600032032 0.090948276 0.794789255 2.523458481 -0.068758920 0.995703101 -0.062028933 -0.463707685 -0.797015488 -0.017429480 0.603707314 54.647762299
0.551386833 0.092933066 0.829057276 2.900054932 -0.067795448 0.995480597 -0.066499077 -0.476590753 -0.831490397 -0.019539597 0.555195391 54.844093323
0.503074825 0.091910273 0.859341741 3.297470093 -0.064312369 0.995553374 -0.068829015 -0.503391266 -0.861846685 -0.020640157 0.506748855 55.043754578
0.454368711 0.089419000 0.886314392 3.721748352 -0.060134567 0.995758474 -0.069632702 -0.532165766 -0.888781726 -0.021659210 0.457818657 55.212703705
0.404589802 0.086836040 0.910366178 4.155628204 -0.058810834 0.995891571 -0.068856932 -0.563340664 -0.912605286 -0.025680583 0.408034384 55.376220703
0.354304522 0.086748339 0.931097746 4.585489273 -0.061101474 0.995707750 -0.069517352 -0.586713195 -0.933131754 -0.032261133 0.358084202 55.520515442
0.304575145 0.087762810 0.948436499 5.065659523 -0.058997631 0.995572329 -0.073178343 -0.610531330 -0.950659394 -0.033667192 0.308404446 55.659851074
0.257396728 0.083452530 0.962695479 5.527304649 -0.045356940 0.996209085 -0.074230574 -0.653651237 -0.965240717 -0.024558224 0.260206103 55.743957520
0.212685108 0.078089416 0.973995388 6.060600281 -0.030661857 0.996843874 -0.073225848 -0.675760686 -0.976639569 -0.014290466 0.214408159 55.834407806
0.170130640 0.075223066 0.982546210 6.537885666 -0.032299910 0.996972084 -0.070734680 -0.719330907 -0.984892011 -0.019702015 0.172045201 55.885147095
0.131510675 0.077270679 0.988298655 7.047725201 -0.029436599 0.996822238 -0.074020043 -0.742902279 -0.990877628 -0.019357726 0.133367375 55.930240631
0.099106796 0.077554457 0.992049992 7.579576015 -0.019264301 0.996920884 -0.076010704 -0.783776879 -0.994890332 -0.011577974 0.100295663 55.960937500
0.070030272 0.076468982 0.994609535 8.119627953 -0.012838318 0.997043967 -0.075752191 -0.821157992 -0.997462273 -0.007464165 0.070804991 55.975818634
0.044878282 0.074107952 0.996239841 8.697451591 -0.008896228 0.997234762 -0.073781185 -0.861183047 -0.998952866 -0.005551604 0.045413461 55.991977692
0.024996147 0.072980464 0.997020066 9.292073250 -0.004125874 0.997330785 -0.072899766 -0.897579432 -0.999679089 -0.002291368 0.025230534 55.992568970
0.008888009 0.074879982 0.997152865 9.855626106 -0.005244038 0.997182131 -0.074835435 -0.924768865 -0.999946773 -0.004563970 0.009255637 55.990669250
-0.004515942 0.074580610 0.997204721 10.471590996 -0.004367214 0.997203946 -0.074600339 -0.972007036 -0.999980271 -0.004691898 -0.004177607 55.988018036
-0.015973270 0.075969316 0.996982217 11.012874603 0.005086638 0.997102678 -0.075897001 -1.008955240 -0.999859452 0.003858967 -0.016313419 55.963394165
-0.024822840 0.078848459 0.996577561 11.652729034 0.009287845 0.996859729 -0.078639463 -1.052918792 -0.999648690 0.007304003 -0.025477225 55.940402985
-0.031555299 0.080006704 0.996294677 12.286319733 0.001496912 0.996793747 -0.079999387 -1.092228889 -0.999500871 -0.001033039 -0.031573884 55.914657593
-0.035802804 0.079520285 0.996190131 12.958964348 0.001903783 0.996832788 -0.079503179 -1.133901358 -0.999357045 -0.000949909 -0.035840802 55.886917114
-0.042558923 0.076934427 0.996127427 13.584070206 -0.053897198 0.995402157 -0.079181150 -1.157618523 -0.997639060 -0.057058346 -0.038216699 55.868564606
-0.045340087 0.069529876 0.996549010 14.297182083 -0.056139376 0.995821059 -0.072033271 -1.213285923 -0.997392893 -0.059211642 -0.041247256 55.855529785
-0.043567266 0.063987136 0.996999383 14.929576874 -0.006160282 0.997910619 -0.064314835 -1.260907412 -0.999031484 -0.008943818 -0.043082055 55.810890198
-0.044033863 0.061484545 0.997136235 15.648535728 -0.003996606 0.998085558 -0.061719563 -1.306285858 -0.999022007 -0.006702912 -0.043703828 55.779609680
-0.046847980 0.064172305 0.996838570 16.318622589 -0.059189744 0.996002495 -0.066900194 -1.351413965 -0.997146845 -0.062136758 -0.042862367 55.746810913
-0.045785211 0.071675174 0.996376634 17.052661896 -0.057821933 0.995560169 -0.074273460 -1.391699195 -0.997276485 -0.061013047 -0.041437540 55.716758728
-0.042050458 0.079245754 0.995967746 17.713378906 -0.025526384 0.996438920 -0.080360994 -1.420595169 -0.998789489 -0.028802669 -0.039877851 55.696346283
-0.039234877 0.079991758 0.996022940 18.465024948 -0.024745503 0.996407032 -0.080997355 -1.467501044 -0.998923659 -0.027825007 -0.037114467 55.659912109
-0.037012249 0.075316221 0.996472538 19.160858154 -0.005842801 0.997122467 -0.075582363 -1.521020532 -0.999297738 -0.008619664 -0.036465686 55.648792267
-0.033946171 0.068788297 0.997053564 19.938304901 -0.006456733 0.997592688 -0.069045320 -1.576047182 -0.999402821 -0.008781536 -0.033420302 55.620964050
-0.032633469 0.067200907 0.997205555 20.646638870 -0.028174959 0.997278631 -0.068127871 -1.624775648 -0.999070168 -0.030319475 -0.030651277 55.613311768
-0.029196614 0.073041014 0.996901393 21.403419495 -0.020640783 0.997069895 -0.073657885 -1.675626516 -0.999360621 -0.022727383 -0.027603438 55.592617035
-0.025228299 0.078038201 0.996631086 22.093141556 0.001034309 0.996949852 -0.078036986 -1.726280928 -0.999681175 -0.000937916 -0.025232067 55.569591522
-0.022416787 0.078683503 0.996647537 22.869293213 -0.005081902 0.996876180 -0.078815848 -1.775679708 -0.999735832 -0.006831664 -0.021946900 55.557975769
-0.021856587 0.075642332 0.996895432 23.569732666 -0.055048410 0.995529830 -0.076745622 -1.838171005 -0.998244464 -0.056554902 -0.017594896 55.567337036
-0.017130446 0.072173305 0.997245014 24.330190659 -0.051503018 0.996003568 -0.072968170 -1.896887660 -0.998525977 -0.052611101 -0.013344841 55.560554504
-0.013656905 0.073392376 0.997209728 25.049755096 -0.052595001 0.995869458 -0.074014038 -1.956901908 -0.998522520 -0.053459052 -0.009740422 55.541584015
-0.010158613 0.078054644 0.996897280 25.796503067 -0.052530896 0.995530546 -0.078482918 -2.007275105 -0.998567581 -0.053165194 -0.006012928 55.529880524
-0.006370441 0.077963725 0.996935785 26.521755219 -0.035231613 0.996319592 -0.078140646 -2.046059370 -0.999358892 -0.035621446 -0.003600208 55.550445557
-0.002258576 0.077335171 0.997002542 27.276582718 -0.035692677 0.996363461 -0.077366456 -2.102072239 -0.999360323 -0.035760425 0.000509937 55.545246124
0.000045178 0.074948519 0.997187376 28.001930237 -0.053189907 0.995775938 -0.074840032 -2.168813705 -0.998584390 -0.053036921 0.004031491 55.554664612
0.003859403 0.075750910 0.997119188 28.754285812 -0.048708115 0.995957434 -0.075474106 -2.216582537 -0.998805523 -0.048276514 0.007533485 55.553512573
0.007440381 0.076708622 0.997025728 29.481456757 -0.046063416 0.996021390 -0.076287575 -2.273174524 -0.998910785 -0.045358814 0.010944237 55.558166504
0.009432429 0.076485246 0.997026145 30.229192734 -0.045371849 0.996076345 -0.075983152 -2.324713707 -0.998925686 -0.044520210 0.012865696 55.593917847
0.013525204 0.074928470 0.997097135 30.965890884 -0.044155482 0.996260345 -0.074266620 -2.380604744 -0.998933077 -0.043022841 0.016783128 55.590248108
0.017032733 0.074108265 0.997104645 31.718736649 -0.042105660 0.996417940 -0.073337950 -2.432876348 -0.998967946 -0.040734611 0.020092098 55.605331421
0.019754743 0.074148282 0.997051537 32.448204041 -0.043957319 0.996346235 -0.073224895 -2.484141588 -0.998838067 -0.042381175 0.022941925 55.631294250
0.022977311 0.075943120 0.996847332 33.217750549 -0.046691693 0.996104002 -0.074810237 -2.532899857 -0.998645067 -0.044825554 0.026433708 55.656566620
0.026106697 0.075731486 0.996786356 33.948116302 -0.039092652 0.996440887 -0.074681342 -2.576919317 -0.998894513 -0.037017342 0.028974323 55.676086426
0.028210636 0.075349517 0.996757984 34.702766418 -0.041322138 0.996390402 -0.074152216 -2.629639864 -0.998747587 -0.039096285 0.031222416 55.717617035
0.030573746 0.076015145 0.996637940 35.445999146 -0.049037926 0.996017396 -0.074463487 -2.684602499 -0.998328865 -0.046596427 0.034179609 55.743362427
0.033354245 0.075938269 0.996554494 36.214118958 -0.051712334 0.995904803 -0.074157976 -2.739010572 -0.998104870 -0.049060680 0.037144601 55.779949188
0.036584850 0.078111529 0.996273041 36.958786011 -0.053332709 0.995672405 -0.076105967 -2.786708832 -0.997906387 -0.050349619 0.040592432 55.816925049
0.039527729 0.081558205 0.995884418 37.721866608 -0.054773532 0.995341599 -0.079339743 -2.841862202 -0.997716069 -0.051411983 0.043810833 55.862926483
0.043302085 0.083717383 0.995548248 38.482585907 -0.054397408 0.995202303 -0.081322238 -2.895624876 -0.997579932 -0.050633825 0.047648340 55.896400452
0.046209227 0.086003304 0.995222688 39.254215240 -0.060217392 0.994714797 -0.083163463 -2.947012901 -0.997115135 -0.056086782 0.051143903 55.944297791
0.049013756 0.085020669 0.995172858 40.025062561 -0.064230248 0.994576335 -0.081806250 -3.005672455 -0.996730745 -0.059910566 0.054208819 55.996475220
0.052141581 0.085491918 0.994973540 40.810623169 -0.062241692 0.994669974 -0.082204044 -3.066269636 -0.996698081 -0.057642590 0.057184834 56.055526733
0.058227684 0.085350551 0.994648039 41.573234558 -0.061886691 0.994730771 -0.081734747 -3.134623528 -0.996383250 -0.056796249 0.063202932 56.090881348
0.061791088 0.086339846 0.994347692 42.359970093 -0.065649807 0.994445443 -0.082268715 -3.189726830 -0.995927691 -0.060195256 0.067116067 56.155319214
0.064169422 0.085787430 0.994244814 43.156372070 -0.067895427 0.994364917 -0.081415772 -3.238241434 -0.995626628 -0.062280275 0.069632404 56.222469330
0.068872482 0.085703596 0.993937373 43.950405121 -0.067533530 0.994418204 -0.081065468 -3.303653240 -0.995337069 -0.061540913 0.074275926 56.285552979
0.075777061 0.087871313 0.993245423 44.734779358 -0.065523922 0.994395256 -0.082974046 -3.364801407 -0.994969487 -0.058793817 0.081110023 56.359367371
0.081814498 0.096534021 0.991961479 45.534118652 -0.067688495 0.993538260 -0.091104671 -3.425848246 -0.994346321 -0.059690699 0.087820083 56.435401917
0.090150118 0.101039074 0.990789533 46.314704895 -0.062123962 0.993473589 -0.095660239 -3.487771988 -0.993988633 -0.052927997 0.095838711 56.513935089
0.097087249 0.103666835 0.989862263 47.119068146 -0.066348299 0.993022442 -0.097490266 -3.560338497 -0.993061841 -0.056210618 0.103287943 56.614379883
0.104958206 0.102010898 0.989230812 47.914749146 -0.066093639 0.993241251 -0.095411889 -3.623072624 -0.992277861 -0.055367604 0.110991076 56.710571289
0.112529449 0.100990295 0.988503039 48.734130859 -0.066979229 0.993330002 -0.093858652 -3.690113306 -0.991388381 -0.055647314 0.118543126 56.811637878
0.119907029 0.096809171 0.988053799 49.534706116 -0.066615053 0.993775904 -0.089285627 -3.762036085 -0.990547717 -0.055113278 0.125609681 56.918315887
0.126917690 0.091353320 0.987697661 50.355766296 -0.069047302 0.994148195 -0.083077461 -3.828875780 -0.989507139 -0.057653844 0.132482678 57.043235779
0.134142995 0.083867826 0.987406611 51.165306091 -0.071413547 0.994639635 -0.074780360 -3.890358448 -0.988385379 -0.060482953 0.139413238 57.165622711
0.141133085 0.081525095 0.986628175 51.973590851 -0.071542308 0.994837642 -0.071969621 -3.946052074 -0.987402260 -0.060428362 0.146237016 57.298431396
0.149441838 0.083473325 0.985240757 52.770389557 -0.066022679 0.995048761 -0.074289940 -4.005777836 -0.986563802 -0.053946212 0.154213041 57.427738190
0.155401468 0.090142056 0.983730018 53.550090790 -0.065052085 0.994600296 -0.080861747 -4.058486938 -0.985707223 -0.051427659 0.160426229 57.559185028
0.161749020 0.092965767 0.982443154 54.330459595 -0.054796748 0.994862795 -0.085119285 -4.115758896 -0.985309362 -0.040066730 0.166012317 57.697120667
0.166646928 0.095917523 0.981340170 55.099250793 -0.055491168 0.994592190 -0.087789513 -4.176824570 -0.984453976 -0.039825857 0.171068311 57.840705872
0.170570761 0.096255429 0.980632722 55.867645264 -0.070769206 0.993843675 -0.085242622 -4.247828484 -0.982800722 -0.054858699 0.176332593 57.985622406
0.176135272 0.093155123 0.979948223 56.628471375 -0.066750228 0.994350851 -0.082526609 -4.313091278 -0.982100189 -0.050875910 0.181358397 58.124298096
0.184451476 0.083206192 0.979313195 57.384651184 -0.031489518 0.996398747 -0.078726865 -4.351588726 -0.982337058 -0.016316818 0.186407343 58.265785217
0.187563777 0.077248372 0.979210079 58.133625031 -0.033937536 0.996817172 -0.072136752 -4.409896374 -0.981665969 -0.019701740 0.189588413 58.415855408
0.196340814 0.066662639 0.978267014 58.861049652 0.002722586 0.997645378 -0.068529561 -4.444132805 -0.980531931 0.016118567 0.195696980 58.576553345
0.199476436 0.066583149 0.977637827 59.586997986 0.000880788 0.997676194 -0.068127602 -4.499122620 -0.979902208 0.014450943 0.198954284 58.730651855
0.201379731 0.068636879 0.977105498 60.295322418 -0.000624214 0.997550666 -0.069944404 -4.549575806 -0.979513049 0.013475456 0.200929344 58.887504578
0.202749893 0.073512711 0.976467252 60.993515015 -0.004905238 0.997241795 -0.074058220 -4.595219612 -0.979218245 0.010225494 0.202551290 59.041442871
0.205741301 0.076386079 0.975620687 61.685192108 -0.001147556 0.996967137 -0.077815399 -4.645034790 -0.978605688 0.014890264 0.205204964 59.196212769
0.207592890 0.081994511 0.974772871 62.364318848 -0.002097781 0.996515930 -0.083376706 -4.695570946 -0.978213072 0.015263547 0.207041606 59.350753784
0.209499881 0.083811872 0.974210143 63.032260895 -0.001307259 0.996342838 -0.085434847 -4.750612259 -0.977807820 0.016625050 0.208843306 59.492099762
0.210590571 0.083801426 0.973975837 63.707923889 -0.003657973 0.996379495 -0.084938116 -4.804923534 -0.977567434 0.014324407 0.210134655 59.651100159
0.211655110 0.080606684 0.974014759 64.363029480 -0.003316582 0.996646583 -0.081758946 -4.862858772 -0.977338731 0.014074296 0.211212695 59.788612366
0.211816445 0.078489013 0.974152565 65.003067017 -0.005243174 0.996846735 -0.079177454 -4.917775631 -0.977295399 0.011663437 0.211560071 59.931995392
0.211550236 0.077351414 0.974301338 65.640213013 -0.004901138 0.996934712 -0.078084119 -4.970324516 -0.977354884 0.011743537 0.211280882 60.070907593
0.210394338 0.076512143 0.974617898 66.270080566 -0.004912010 0.997002780 -0.077209078 -5.020621777 -0.977604210 0.011457015 0.210139588 60.203910828
0.208472669 0.077585675 0.974945962 66.895294189 -0.006454593 0.996935964 -0.077955462 -5.071062088 -0.978006899 0.009958701 0.208334684 60.348247528
0.205954030 0.080439799 0.975249946 67.504966736 -0.007232513 0.996713638 -0.080682777 -5.120920181 -0.978534877 0.009563441 0.205859005 60.485992432
0.201986045 0.086138137 0.975593090 68.101943970 -0.016599199 0.996282816 -0.084528193 -5.180769920 -0.979247749 0.000879439 0.202665076 60.600563049
0.200778767 0.086227238 0.975834370 68.695709229 -0.014228594 0.996270359 -0.085105456 -5.231620312 -0.979533315 0.003202612 0.201256841 60.712757111
0.202471882 0.081366248 0.975901961 69.278289795 0.005523159 0.996431530 -0.084223807 -5.255046368 -0.979272485 0.022443015 0.201299980 60.822837830
0.199789897 0.078659721 0.976676345 69.855476379 0.005098841 0.996675551 -0.081313446 -5.301560879 -0.979825497 0.021225531 0.198724672 60.944297791
0.198059335 0.074718319 0.977338076 70.438194275 0.005364058 0.996992946 -0.077307969 -5.349776268 -0.980175495 0.020554062 0.197062910 61.054298401
0.196634516 0.073637158 0.977707863 70.998878479 0.008841384 0.997001946 -0.076868489 -5.400321007 -0.980436981 0.023759292 0.195393965 61.154766083
0.191808820 0.077146389 0.978395522 71.540763855 0.003756904 0.996840775 -0.079337314 -5.454715729 -0.981425047 0.018893322 0.190913007 61.289897919
0.189178288 0.079337962 0.978732407 72.082351685 0.007738526 0.996579170 -0.082280435 -5.496521473 -0.981912196 0.023139613 0.187917203 61.390651703
0.187493727 0.081164941 0.978906751 72.628875732 0.007288345 0.996437907 -0.084014490 -5.536192417 -0.982238710 0.022886790 0.186234295 61.497024536
0.189374655 0.081317745 0.978531897 73.160148621 0.015881231 0.996180832 -0.085857891 -5.569852829 -0.981776476 0.031799614 0.187359944 61.565025330
0.188679710 0.080306299 0.978749573 73.710548401 0.017340610 0.996223032 -0.085082844 -5.606153488 -0.981885493 0.033025529 0.186574519 61.660572052
0.189101309 0.078736380 0.978795826 74.256500244 0.023319263 0.996138930 -0.084636740 -5.646555901 -0.981680632 0.038829714 0.186535105 61.761375427
0.190746561 0.077524439 0.978573322 74.802436829 0.027859520 0.996047556 -0.084339261 -5.678579807 -0.981243849 0.043350015 0.187832847 61.869781494
0.193744510 0.076324269 0.978078544 75.355445862 0.030756630 0.996006548 -0.083815753 -5.728447914 -0.980569780 0.046321243 0.190623298 61.958011627
0.196478277 0.077171609 0.977466524 75.898658752 0.026347440 0.996122479 -0.083940528 -5.768338203 -0.980154097 0.042246237 0.193683147 62.080528259
0.201532081 0.078083113 0.976364553 76.441482544 0.025479175 0.996062160 -0.084917553 -5.808851719 -0.979150474 0.041990582 0.198749021 62.207092285
0.208574891 0.076410256 0.975016892 76.997657776 0.026542442 0.996133745 -0.083743095 -5.856930256 -0.977646172 0.043346033 0.205740392 62.314163208
0.215809107 0.076880507 0.973404169 77.557327271 0.024442131 0.996157765 -0.084096566 -5.896807194 -0.976129651 0.041940868 0.213100806 62.452377319
0.224095225 0.074608587 0.971707165 78.120971680 0.024777420 0.996306777 -0.082211554 -5.946056366 -0.974252284 0.042499602 0.221419007 62.594993591
0.233091444 0.074477851 0.969598591 78.701850891 0.021072675 0.996441901 -0.081605658 -5.990106583 -0.972226441 0.039453626 0.230692625 62.737358093
0.242752627 0.074016899 0.967260420 79.274131775 0.019997802 0.996491253 -0.081272542 -6.035177231 -0.969882071 0.039072212 0.240420699 62.887351990
0.252567530 0.078021832 0.964428544 79.863143921 0.014242114 0.996335864 -0.084332883 -6.084313393 -0.967474520 0.035035241 0.250530869 63.050384521
0.261743248 0.079580404 0.961851060 80.452781677 0.011758717 0.996257842 -0.085626945 -6.129180908 -0.965065897 0.033722397 0.259828001 63.229396820
0.272531033 0.082350634 0.958616257 81.044708252 0.007499540 0.996118307 -0.087704375 -6.175613403 -0.962117791 0.031091344 0.270855546 63.407852173
0.282406598 0.085875094 0.955443323 81.661827087 0.001851716 0.995934486 -0.090061754 -6.227211952 -0.959292948 0.027203247 0.281099409 63.598041534
0.291937441 0.086685769 0.952500999 82.278961182 -0.001333754 0.995920181 -0.090228505 -6.282086849 -0.956436515 0.025070678 0.290861964 63.804626465
0.302398026 0.086819865 0.949219525 82.902389526 -0.002032646 0.995899677 -0.090441883 -6.332355976 -0.953179479 0.025420034 0.301334679 64.009674072
0.312588394 0.088230662 0.945782185 83.547470093 -0.006820025 0.995859683 -0.090648249 -6.381550789 -0.949864149 0.021885330 0.311895907 64.232765198
0.323528558 0.081923857 0.942665219 84.187416077 -0.001977911 0.996301234 -0.085906349 -6.422289848 -0.946216345 0.025928648 0.322493941 64.462112427
0.334039181 0.074725106 0.939592421 84.842864990 0.001802757 0.996800065 -0.079915673 -6.474037170 -0.942557454 0.028388819 0.332835585 64.699455261
0.344828248 0.071584173 0.935932279 85.518531799 -0.000622633 0.997105062 -0.076033525 -6.532973766 -0.938665569 0.025635775 0.343874574 64.946594238
0.354846060 0.068754636 0.932393253 86.196792603 -0.002126301 0.997348964 -0.072735257 -6.585329533 -0.934922278 0.023827273 0.354051620 65.218528748
0.365141511 0.065488137 0.928645730 86.884498596 0.005034749 0.997369170 -0.072314173 -6.625550747 -0.930938363 0.031080404 0.363851309 65.468452454
0.373743027 0.060024925 0.925587952 87.586402893 0.012105409 0.997503102 -0.069576725 -6.664171696 -0.927453279 0.037208434 0.372083247 65.749679565
0.380695075 0.050412212 0.923325419 88.295631409 0.021452820 0.997762680 -0.063321553 -6.709877491 -0.924451768 0.043914139 0.378761798 66.029891968
0.387413323 0.045846049 0.920765460 89.012062073 0.026790056 0.997781038 -0.060952708 -6.757512093 -0.921516836 0.048281249 0.385325462 66.331520081
0.394978493 0.045588188 0.917558551 89.724411011 0.028841147 0.997660398 -0.061983142 -6.811655045 -0.918237507 0.050945450 0.392739594 66.633552551
0.402635604 0.051517732 0.913909495 90.433410645 0.031786110 0.997025788 -0.070206881 -6.851466656 -0.914808273 0.057317413 0.399800628 66.944160461
0.409702867 0.056236193 0.910483956 91.143463135 0.035103515 0.996386766 -0.077338003 -6.891428471 -0.911543369 0.063646786 0.406248420 67.261260986
0.414817691 0.059325300 0.907968462 91.860610962 0.032123804 0.996295333 -0.079772636 -6.941853046 -0.909337342 0.062258501 0.411375165 67.597465515
0.418968827 0.060513616 0.905981958 92.559600830 0.025302870 0.996611178 -0.078268297 -7.008802891 -0.907647967 0.055715911 0.416017801 67.940887451
0.423163384 0.064842142 0.903730094 93.254539490 0.016201776 0.996734917 -0.079101510 -7.067368984 -0.905908465 0.048114903 0.420731157 68.263580322
0.427116692 0.068067245 0.901630878 93.945671082 0.015377170 0.996471524 -0.082511500 -7.123127937 -0.904065728 0.049106572 0.424562931 68.604949951
0.430998504 0.072196364 0.899459839 94.600654602 0.012094487 0.996242344 -0.085760124 -7.186364651 -0.902271569 0.047840990 0.428505749 68.924789429
0.434693545 0.075188704 0.897434294 95.271682739 0.009467728 0.996072054 -0.088038683 -7.240451813 -0.900528669 0.046766512 0.432274222 69.258415222
0.438293666 0.073564380 0.895816267 95.922317505 0.007671214 0.996302664 -0.085569583 -7.313600540 -0.898799062 0.044376612 0.436108857 69.583374023
0.442685544 0.070585221 0.893894434 96.593528748 0.008846067 0.996504545 -0.083068579 -7.367411613 -0.896633267 0.044680703 0.440513790 69.920509338
0.446164072 0.067494385 0.892402411 97.225143433 0.008921278 0.996767104 -0.079847991 -7.428774834 -0.894906700 0.043586675 0.444119602 70.231788635
0.449513227 0.066287756 0.890810609 97.852851868 0.007793874 0.996913731 -0.078116067 -7.494926453 -0.893239617 0.042057075 0.447609305 70.559219360
0.453067213 0.068565458 0.888835669 98.464546204 0.005383964 0.996809185 -0.079639003 -7.541056633 -0.891460061 0.040867273 0.451252401 70.873031616
0.455294222 0.069248848 0.887643933 99.070587158 0.006328837 0.996693850 -0.081002489 -7.591120720 -0.890318573 0.042497721 0.453350574 71.198783875
0.458088487 0.067280106 0.886356771 99.680450439 0.008650233 0.996746898 -0.080130063 -7.643906116 -0.888864517 0.044373848 0.456016362 71.502304077
0.460018277 0.066380851 0.885424733 100.279670715 0.010941182 0.996702015 -0.080407836 -7.687611103 -0.887842059 0.046676669 0.457774878 71.808525085
0.461539984 0.065967888 0.884663343 100.849815369 0.009235444 0.996819973 -0.079149470 -7.750030041 -0.887071311 0.044700906 0.459463149 72.116363525
0.463389844 0.065595113 0.883723378 101.422683716 0.010061101 0.996802866 -0.079264186 -7.803656578 -0.886097372 0.045621447 0.461248368 72.421966553
0.465385169 0.067303479 0.882545650 101.979049683 0.008519357 0.996717989 -0.080502763 -7.866181374 -0.885067225 0.044983514 0.463284403 72.729583740
0.468866855 0.067005359 0.880723655 102.533416748 0.012751652 0.996501029 -0.082602225 -7.905574799 -0.883176804 0.049960125 0.466371864 73.008232117
0.472136140 0.066630185 0.879004002 103.079963684 0.014399189 0.996423364 -0.083264992 -7.953315735 -0.881408036 0.051969346 0.469488055 73.299331665
0.474944025 0.064708024 0.877633810 103.617919922 0.017584087 0.996396124 -0.082980260 -8.004917145 -0.879840434 0.054843359 0.472094536 73.605628967
0.478393704 0.063760810 0.875827730 104.134574890 0.018804427 0.996387959 -0.082809038 -8.049271584 -0.877944112 0.056084760 0.475466818 73.869857788
0.482156426 0.062875278 0.873826027 104.648353577 0.020496875 0.996338725 -0.083000258 -8.093683243 -0.875845432 0.057929814 0.479102343 74.146270752
0.485040694 0.051862046 0.872952521 105.152732849 0.036888517 0.996137977 -0.079676956 -8.131069183 -0.873713195 0.070848480 0.481254399 74.424255371
0.488251686 0.051267210 0.871195793 105.651016235 0.038647782 0.996023417 -0.080272645 -8.175771713 -0.871846735 0.072863035 0.484328717 74.711250305
0.491943240 0.052225929 0.869059503 106.143424988 0.038534153 0.995914936 -0.081662074 -8.221589088 -0.869774103 0.073661573 0.487921119 74.999427795
0.496407568 0.052859746 0.866478741 106.648849487 0.040335815 0.995661736 -0.083849065 -8.266393661 -0.867151976 0.076573424 0.492121905 75.281707764
0.501398385 0.055956926 0.863405228 107.136024475 0.037846629 0.995532870 -0.086498439 -8.318919182 -0.864388347 0.076047152 0.497040808 75.568611145
0.506865859 0.061948188 0.859796226 107.613388062 0.034761384 0.995134354 -0.092191756 -8.363079071 -0.861323774 0.076616563 0.502246201 75.855041504
0.512681544 0.068986200 0.855802834 108.097961426 0.029041572 0.994803011 -0.097588778 -8.417552948 -0.858087540 0.074885823 0.508013666 76.156776428
0.518707454 0.075259291 0.851632833 108.571830750 0.023529384 0.994484127 -0.102214247 -8.471615791 -0.854627967 0.073057689 0.514075518 76.454315186
0.525026679 0.079745442 0.847341478 109.046890259 0.019798055 0.994186878 -0.105832607 -8.527769089 -0.850855470 0.072340652 0.520395815 76.768989563
0.529572368 0.074422561 0.844993591 109.544029236 0.023633378 0.994462669 -0.102398440 -8.573032379 -0.847935498 0.074197456 0.524881244 77.103691101
0.534981847 0.073775582 0.841636240 110.029655457 0.016716605 0.995060742 -0.097850189 -8.625877380 -0.844698191 0.066417374 0.531106234 77.428627014
0.541469574 0.077066906 0.837180614 110.521774292 0.002828960 0.995616972 -0.093481518 -8.687279701 -0.840715587 0.052985750 0.538878202 77.772369385
0.546960831 0.069408670 0.834275961 111.047531128 0.004468957 0.996300757 -0.085818455 -8.735592842 -0.837146461 0.050667662 0.544627249 78.119316101
0.553005517 0.068009809 0.830397248 111.553726196 0.002294834 0.996534824 -0.083144784 -8.773468971 -0.833174527 0.047885135 0.550933123 78.473884583
0.559538603 0.071323514 0.825729668 112.076271057 -0.003427518 0.996480882 -0.083749808 -8.831980705 -0.828797221 0.044031043 0.557814002 78.838081360
0.565377116 0.075336084 0.821384966 112.594795227 -0.007692941 0.996258557 -0.086079985 -8.880020142 -0.824796736 0.042348783 0.563841403 79.222923279
0.571767271 0.077903040 0.816708803 113.141181946 -0.011385135 0.996139050 -0.087047681 -8.924814224 -0.820336699 0.040472683 0.570446730 79.584358215
0.577850461 0.080125533 0.812199891 113.667129517 -0.014154440 0.996003330 -0.088187806 -8.974788666 -0.816019893 0.039463151 0.576675057 79.975433350
