0.999740601 -0.007718627 0.021432824 0.016488746 0.007776775 0.999966264 -0.002631033 0.023871338 -0.021411795 0.002797028 0.999766827 0.901511490
0.999771416 -0.009184795 0.019315356 0.021126371 0.009267488 0.999948204 -0.004196043 0.022322353 -0.019275820 0.004374089 0.999804556 1.204876542
0.999848008 -0.011736161 0.012889198 0.021459838 0.011809811 0.999914289 -0.005653000 0.019364357 -0.012821749 0.005804361 0.999900937 1.523492813
0.999916673 -0.012864500 0.001099483 0.004602636 0.012869809 0.999904811 -0.004966252 -0.005737300 -0.001035490 0.004979988 0.999987006 0.524287939
0.999796152 -0.012626640 -0.015756581 -0.003674408 0.012501221 0.999889612 -0.008033031 0.011329636 0.015856266 0.007834417 0.999843597 2.167495966
0.999342084 -0.008196405 -0.035328716 -0.030545879 0.007909570 0.999934614 -0.008251127 0.009180723 0.035394032 0.007966264 0.999341667 2.509262562
0.998483062 -0.004571051 -0.054870512 -0.073822960 0.004054022 0.999946356 -0.009530328 0.002251564 0.054911122 0.009293423 0.998447955 2.854005098
0.997182846 -0.004333601 -0.074883394 -0.114654064 0.003585745 0.999942303 -0.010118503 0.000013374 0.074922942 0.009821485 0.997140944 3.214420557
0.995295107 -0.005855211 -0.096712731 -0.136654481 0.004919490 0.999938726 -0.009910873 -0.000626106 0.096764863 0.009388464 0.995263040 3.446047306
0.993098259 -0.007371288 -0.117055044 -0.192291468 0.006364878 0.999939561 -0.008969232 -0.007191578 0.117114082 0.008162285 0.993085086 3.881577253
0.990912199 -0.006360800 -0.134360388 -0.273901492 0.005331372 0.999953568 -0.008020114 -0.017427260 0.134405196 0.007230903 0.990900099 4.359679222
0.988660514 -0.005224148 -0.150076509 -0.346558213 0.004179801 0.999964714 -0.007273346 -0.025068460 0.150109261 0.006563580 0.988647580 4.759951115
0.986567974 -0.004419725 -0.163291350 -0.432274878 0.003285106 0.999968529 -0.007217804 -0.035630438 0.163318112 0.006584425 0.986551464 5.171252251
0.984477997 -0.006165019 -0.175399691 -0.516609311 0.004803073 0.999954939 -0.008188281 -0.042660411 0.175442278 0.007218726 0.984463274 5.600552559
0.982676208 -0.010133094 -0.185053498 -0.601790607 0.008362715 0.999911547 -0.010344869 -0.053190574 0.185141966 0.008618106 0.982673943 6.038386345
0.981042564 -0.008981302 -0.193584293 -0.671691120 0.006626202 0.999895990 -0.012809826 -0.055775937 0.193679214 0.011284256 0.980999947 6.389895439
0.979597747 -0.009096413 -0.200762480 -0.794909716 0.006352044 0.999877393 -0.014309703 -0.064652488 0.200868011 0.012742501 0.979535401 6.963993073
0.977908731 -0.009540986 -0.208814725 -0.886495411 0.006015261 0.999828577 -0.017513011 -0.068978570 0.208946005 0.015870051 0.977798343 7.356618881
0.976144671 -0.013488693 -0.216701686 -1.010697126 0.009714390 0.999782145 -0.018472878 -0.088623166 0.216903612 0.015927078 0.976063132 7.943568707
0.974025548 -0.020122265 -0.225542367 -1.100986719 0.016048983 0.999673545 -0.019879093 -0.103920266 0.225868747 0.015743019 0.974030554 8.418560028
0.972061455 -0.020758515 -0.233806640 -1.240450740 0.015975071 0.999622881 -0.022334419 -0.118048146 0.234182104 0.017975351 0.972026467 8.980353355
0.969739854 -0.017876878 -0.243485287 -1.362818241 0.011560381 0.999559164 -0.027346343 -0.119540825 0.243866801 0.023704058 0.969518960 9.466579437
0.967914581 -0.013921045 -0.250893205 -1.539836884 0.006758631 0.999545395 -0.029386742 -0.155683443 0.251188278 0.026748165 0.967568576 10.045511246
0.965700686 -0.016285229 -0.259146482 -1.690406203 0.008352986 0.999463141 -0.031680927 -0.169797838 0.259523332 0.028429652 0.965318263 10.575125694
0.963262320 -0.019511089 -0.267852724 -1.848776340 0.010901128 0.999376059 -0.033594102 -0.198819056 0.268341094 0.029440034 0.962873995 11.175197601
0.960761130 -0.019281264 -0.276706517 -2.003469229 0.009686843 0.999304831 -0.035998862 -0.220848396 0.277208298 0.031905890 0.960279882 11.731889725
0.958666861 -0.017925380 -0.283965737 -2.202470303 0.006926985 0.999188066 -0.039688431 -0.249461696 0.284446657 0.036080953 0.958012640 12.345252991
0.956300795 -0.019145014 -0.291757166 -2.385290861 0.006212311 0.998959184 -0.045189109 -0.274091989 0.292318642 0.041401897 0.955424309 12.927596092
0.954515934 -0.020733634 -0.297437996 -2.580568075 0.005518426 0.998636901 -0.051903073 -0.321061701 0.298108637 0.047900930 0.953329265 13.555363655
0.952869475 -0.022034923 -0.302578956 -2.764754057 0.004002451 0.998185098 -0.060087189 -0.352732956 0.303353757 0.056044195 0.951228440 14.149264336
0.951933801 -0.022045461 -0.305509686 -2.991207838 0.001067176 0.997639239 -0.068664074 -0.402545750 0.306302190 0.065037608 0.949710011 14.814247131
0.950482249 -0.021308267 -0.310047895 -3.191922188 -0.002997414 0.996971786 -0.077706493 -0.446475148 0.310764790 0.074787974 0.947539985 15.419193268
0.949255884 -0.020568261 -0.313831389 -3.438314438 -0.006396839 0.996390045 -0.084651329 -0.506305397 0.314439654 0.082363300 0.945697546 16.127700806
0.947734773 -0.018354805 -0.318530768 -3.677596092 -0.011509491 0.995727360 -0.091621712 -0.564497530 0.318851501 0.090499207 0.943474174 16.752666473
0.945945323 -0.017500285 -0.323853642 -3.913557529 -0.014844549 0.995160401 -0.097135611 -0.637489080 0.323986262 0.096692435 0.941107571 17.482551575
0.944281161 -0.016553430 -0.328723371 -4.159068108 -0.018271208 0.994558156 -0.102568030 -0.703846097 0.328632355 0.102859236 0.938840151 18.156515121
0.942646921 -0.012567303 -0.333554655 -4.425173759 -0.024114300 0.994115889 -0.105603769 -0.788881183 0.332919121 0.107590511 0.936797261 18.856767654
0.940916657 -0.012408420 -0.338410467 -4.675834656 -0.025434157 0.993916273 -0.107160836 -0.858984590 0.337681413 0.109436609 0.934876919 19.528301239
0.938656449 -0.011341183 -0.344667077 -4.951030731 -0.026934223 0.993994951 -0.106059030 -0.961117029 0.343800157 0.108836323 0.932714343 20.277624130
0.936267793 -0.010271495 -0.351136684 -5.215254307 -0.028286597 0.994122267 -0.104503326 -1.045789242 0.350146174 0.107775562 0.930474162 20.977560043
0.933886707 -0.010671100 -0.357409567 -5.510712624 -0.027879298 0.994338691 -0.102534458 -1.129201412 0.356480300 0.105719902 0.928302288 21.699436188
0.930793762 -0.009823654 -0.365412682 -5.795276642 -0.028495226 0.994647026 -0.099323995 -1.210272074 0.364432395 0.102862671 0.925531387 22.395427704
0.927344978 -0.008004465 -0.374121815 -6.105258942 -0.029236341 0.995165348 -0.093760751 -1.297669888 0.373063624 0.097886525 0.922627568 23.153390884
0.923790216 -0.004847057 -0.382868350 -6.425204277 -0.031323053 0.995611787 -0.088180989 -1.379335761 0.381615728 0.093453333 0.919584632 23.890768051
0.920133770 -0.001343037 -0.391601950 -6.756679058 -0.034467503 0.995835423 -0.084402420 -1.461054802 0.390084445 0.091159046 0.916255474 24.669780731
0.916222751 -0.000488490 -0.400668949 -7.088017464 -0.035578869 0.995949686 -0.082573622 -1.532399058 0.399086416 0.089911163 0.912494361 25.405780792
0.912138999 -0.000431417 -0.409880877 -7.426749229 -0.036393914 0.995964527 -0.082038440 -1.609386206 0.408262104 0.089747638 0.908442318 26.160627365
0.908344209 -0.001488706 -0.418220699 -7.770472527 -0.035265516 0.996159613 -0.080140017 -1.686595678 0.416733831 0.087543495 0.904803276 26.885091782
0.904350281 0.001523682 -0.426788270 -8.150546074 -0.038886420 0.996128261 -0.078842752 -1.758783817 0.425015777 0.087897740 0.900908172 27.693477631
0.900793850 0.001009404 -0.434245735 -8.530025482 -0.038081583 0.996328235 -0.076680027 -1.827059031 0.432573915 0.085609645 0.897524893 28.431524277
0.896487951 -0.000261664 -0.443068266 -8.916210175 -0.035401352 0.996760368 -0.072218433 -1.907605648 0.441651791 0.080428161 0.893574297 29.274259567
0.892672420 0.002748801 -0.450697631 -9.304476738 -0.036641289 0.997113943 -0.066492036 -1.975467920 0.449214131 0.075869754 0.890196860 30.029092789
0.888790965 0.002380170 -0.458306789 -9.712341309 -0.034944050 0.997427523 -0.062586680 -2.027862310 0.456978858 0.071641572 0.886587739 30.808837891
0.885226369 0.002214598 -0.465155184 -10.181478500 -0.034332205 0.997572303 -0.060587421 -2.112356663 0.463891774 0.069603391 0.883153260 31.685665131
0.881778538 0.001919538 -0.471659809 -10.603210449 -0.034189645 0.997621179 -0.059858251 -2.167277575 0.470422864 0.068907596 0.879746497 32.486076355
0.878813505 0.001965994 -0.477161229 -11.086746216 -0.033660311 0.997755766 -0.057883054 -2.226914644 0.475976676 0.066929802 0.876907408 33.341289520
0.875985265 -0.001085782 -0.482336521 -11.579181671 -0.030204151 0.997911453 -0.057101026 -2.269795656 0.481391132 0.064588219 0.874122977 34.150020599
0.873017251 -0.000979543 -0.487688363 -11.996271133 -0.030079940 0.997985959 -0.055850994 -2.372565031 0.486760795 0.063428514 0.871229410 34.997035980
0.870345354 -0.004040269 -0.492425174 -12.424049377 -0.027372658 0.998023450 -0.056568898 -2.403122425 0.491680413 0.062713467 0.868514478 35.810428619
0.869020939 -0.004412594 -0.494755447 -12.959120750 -0.027323589 0.998006225 -0.056893889 -2.471653700 0.494020224 0.062960476 0.867167830 36.725116730
0.868724883 -0.002664130 -0.495287567 -13.442222595 -0.028822092 0.998019099 -0.055921678 -2.546046257 0.494455487 0.062855795 0.866927266 37.548595428
0.868485510 -0.002534968 -0.495708019 -13.964962959 -0.028064573 0.998131692 -0.054273695 -2.608228445 0.494919449 0.061047755 0.866791725 38.470932007
0.868094206 -0.004584052 -0.496378183 -14.468195915 -0.025638839 0.998208821 -0.054057099 -2.654857159 0.495736837 0.059653219 0.866421640 39.332973480
0.867839038 -0.004270643 -0.496827155 -14.987888336 -0.026404418 0.998153508 -0.054702193 -2.731969357 0.496143401 0.060591131 0.866123796 40.191184998
0.866327524 -0.006629876 -0.499432325 -15.537443161 -0.023924613 0.998213351 -0.054751318 -2.800089836 0.498903036 0.059381306 0.864621103 41.190734863
0.865235448 -0.005402222 -0.501336515 -16.112388611 -0.024442833 0.998298407 -0.052942146 -2.871831417 0.500769496 0.058061510 0.863631189 42.087276459
0.862573087 -0.006086295 -0.505895913 -16.605724335 -0.021852572 0.998546302 -0.049272750 -2.923144341 0.505460382 0.053556472 0.861186147 43.014686584
0.859974146 -0.005108878 -0.510312200 -17.157653809 -0.020988796 0.998749793 -0.045368921 -2.991337776 0.509905934 0.049726937 0.858791828 43.906745911
0.855587482 -0.007018566 -0.517610550 -17.708457947 -0.017691815 0.998927474 -0.042788785 -3.059799194 0.517355800 0.045767028 0.854545712 44.863105774
0.850180149 -0.009673499 -0.526402771 -18.240182877 -0.016573949 0.998843968 -0.045123540 -3.125219345 0.526230752 0.047087722 0.849037051 45.729610443
0.844087958 -0.013502359 -0.536034405 -18.821807861 -0.014717028 0.998722911 -0.048331939 -3.186530590 0.536002457 0.048685249 0.842811465 46.640502930
0.838262141 -0.013960189 -0.545088589 -19.424766541 -0.014020218 0.998789907 -0.047140811 -3.251305342 0.545086980 0.047158625 0.837052107 47.516689301
0.832120657 -0.010109145 -0.554502547 -20.009834290 -0.016138857 0.998968959 -0.042431183 -3.305685520 0.554359794 0.044256896 0.831099570 48.421081543
0.827435315 -0.004576935 -0.561542511 -20.618553162 -0.020037517 0.999089360 -0.037668601 -3.363903999 0.561203480 0.042420246 0.826590061 49.276645660
0.822939694 -0.004919186 -0.568107426 -21.222137451 -0.021293638 0.998992801 -0.039495379 -3.415236712 0.567729533 0.044599384 0.822006106 50.171379089
0.819193482 -0.008574211 -0.573453069 -21.817146301 -0.019792709 0.998869956 -0.043209430 -3.478220701 0.573175490 0.046747081 0.818098068 51.021190643
0.816338360 -0.009798805 -0.577490747 -22.449460983 -0.023862137 0.998430192 -0.050672673 -3.534004211 0.577080786 0.055146214 0.814822912 51.895046234
0.813177943 -0.010210624 -0.581925631 -23.068122864 -0.024951130 0.998315275 -0.052383207 -3.597475529 0.581480086 0.057116572 0.811553180 52.729732513
0.809620738 -0.008676781 -0.586889267 -23.700408936 -0.024188338 0.998548090 -0.048130993 -3.667519569 0.586454749 0.053163726 0.808235407 53.620510101
0.806410670 -0.006706457 -0.591317952 -24.325729370 -0.023131819 0.998812556 -0.042874139 -3.726452351 0.590903282 0.048252415 0.805298150 54.465835571
0.803608537 -0.004143705 -0.595143855 -24.974163055 -0.024475548 0.998899639 -0.040003616 -3.778073072 0.594654799 0.046713710 0.802622914 55.305229187
0.800950408 -0.003994429 -0.598717451 -25.632467270 -0.025081599 0.998876035 -0.040217727 -3.844143867 0.598205209 0.047229193 0.799950063 56.126644135
0.796712756 -0.004843501 -0.604338586 -26.282493591 -0.026001539 0.998767257 -0.042283062 -3.888352394 0.603798509 0.049401190 0.795604825 57.025230408
0.792445719 -0.007769058 -0.609892964 -26.936176300 -0.024536911 0.998703480 -0.044603162 -3.951653004 0.609448731 0.050310470 0.791227698 57.890224457
0.788181484 -0.009309906 -0.615372479 -27.607414246 -0.023253979 0.998721063 -0.044893708 -4.017217636 0.615003407 0.049694244 0.786956966 58.737304688
0.783762097 -0.008600988 -0.621001661 -28.301750183 -0.024029804 0.998735428 -0.044160530 -4.072989941 0.620596111 0.049533892 0.782564282 59.620368958
0.778803051 -0.008552057 -0.627210200 -28.980396271 -0.023896437 0.998776734 -0.043290447 -4.135077477 0.626813114 0.048702821 0.777646005 60.438934326
0.773466289 -0.009880089 -0.633760333 -29.686336517 -0.023617225 0.998734951 -0.044393308 -4.199195385 0.633397102 0.049304388 0.772254586 61.286918640
0.767930567 -0.011596099 -0.640428066 -30.375514984 -0.022651866 0.998719037 -0.045245215 -4.256899834 0.640132487 0.049252070 0.766684115 62.113273621
0.762032807 -0.013381713 -0.647400081 -31.108341217 -0.021489326 0.998713076 -0.045937698 -4.318813324 0.647181749 0.048918225 0.760764658 62.973869324
0.756656647 -0.015308119 -0.653633118 -31.812992096 -0.020501254 0.998678744 -0.047121696 -4.385602951 0.653490901 0.049055237 0.755343020 63.778625488
0.750711918 -0.015334542 -0.660451770 -32.546195984 -0.021929495 0.998601139 -0.048112266 -4.457795620 0.660265744 0.050601810 0.749325454 64.587753296
0.744447231 -0.017699789 -0.667446792 -33.269409180 -0.019698717 0.998631060 -0.048453640 -4.513634682 0.667390645 0.049219012 0.743079424 65.413070679
0.737741351 -0.016968764 -0.674870193 -33.974925995 -0.019157894 0.998755097 -0.046055090 -4.590614319 0.674811602 0.046905834 0.736497998 66.213363647
0.731765985 -0.018115323 -0.681315005 -34.788948059 -0.017695569 0.998804688 -0.045562889 -4.650473595 0.681326210 0.045397639 0.730570912 67.037345886
0.725243092 -0.019929005 -0.688204288 -35.550163269 -0.016631214 0.998782218 -0.046448998 -4.715827465 0.688292027 0.045132488 0.724028468 67.839797974
0.718302548 -0.021386169 -0.695402086 -36.316326141 -0.016709372 0.998708785 -0.047973603 -4.780295849 0.695530236 0.046079285 0.717017770 68.644172668
0.712431967 -0.020343598 -0.701446295 -37.103961945 -0.018470218 0.998689771 -0.047723848 -4.841240883 0.701498210 0.046955854 0.711122751 69.424583435
0.707081854 -0.020354943 -0.706838727 -37.915176392 -0.018093007 0.998737633 -0.046860024 -4.904017925 0.706900239 0.045922708 0.705820978 70.215209961
0.701995015 -0.019541848 -0.711913645 -38.732276917 -0.018745285 0.998770118 -0.045900114 -4.991403580 0.711935103 0.045566671 0.700765371 71.022972107
0.697476149 -0.019896708 -0.716331720 -39.610839844 -0.020358862 0.998660743 -0.047561605 -5.052886009 0.716318727 0.047756776 0.696137071 71.863983154
0.691969156 -0.022457229 -0.721577704 -40.406547546 -0.019991020 0.998536706 -0.050247602 -5.113158226 0.721650124 0.049194865 0.690507770 72.617111206
0.686966777 -0.024928324 -0.726261139 -41.252788544 -0.019020479 0.998452306 -0.052262437 -5.194656849 0.726439774 0.049716398 0.685429394 73.387535095
0.681539834 -0.025444904 -0.731338561 -42.104118347 -0.019663949 0.998397648 -0.053061463 -5.258464813 0.731516838 0.050544500 0.679947376 74.208023071
0.676338375 -0.025864352 -0.736136794 -42.901866913 -0.018407259 0.998477697 -0.051993754 -5.322789669 0.736361027 0.048715629 0.674832821 74.967720032
0.671299100 -0.025337130 -0.740753531 -43.840709686 -0.018211307 0.998549998 -0.050658714 -5.398173332 0.740962803 0.047497235 0.669864118 75.786300659
0.666014969 -0.027199687 -0.745442450 -44.723709106 -0.017219141 0.998508155 -0.051817972 -5.460441589 0.745739579 0.047347423 0.664552927 76.569961548
0.661208510 -0.027293988 -0.749705493 -45.628784180 -0.016980100 0.998537421 -0.051328756 -5.545071125 0.750010014 0.046669092 0.659777999 77.369407654
0.657101512 -0.029069059 -0.753241301 -46.522251129 -0.015034389 0.998551965 -0.051651549 -5.600962162 0.753652215 0.045264836 0.655712962 78.130500793
0.653021991 -0.028976835 -0.756784379 -47.473670959 -0.014911525 0.998582125 -0.051102139 -5.686612129 0.757192135 0.044655640 0.651663840 78.944931030
0.648859382 -0.031495046 -0.760256290 -48.379356384 -0.012444640 0.998570144 -0.051988829 -5.767367363 0.760806501 0.043194555 0.647539556 79.724388123
0.644655168 -0.035965770 -0.763627112 -49.290206909 -0.009780128 0.998422921 -0.055280734 -5.840656281 0.764410913 0.043105379 0.643286645 80.484481812
0.640653491 -0.040169276 -0.766778648 -50.200698853 -0.005786496 0.998349667 -0.057135291 -5.911785126 0.767808378 0.041040882 0.639363706 81.213760376
0.633432508 -0.043525007 -0.772572756 -51.141128540 -0.000997985 0.998369992 -0.057064157 -5.993079185 0.773797274 0.036917318 0.632356644 82.001388550
0.624881804 -0.047303643 -0.779284954 -52.078704834 0.003803793 0.998335361 -0.057550166 -6.073446751 0.780710101 0.032997817 0.624021530 82.782424927
0.615635097 -0.048438460 -0.786541104 -53.027606964 0.007411066 0.998420775 -0.055686146 -6.157738209 0.787996471 0.028453249 0.615021825 83.542800903
0.607060075 -0.046756040 -0.793279231 -53.981422424 0.007369287 0.998555839 -0.053215716 -6.237369537 0.794621766 0.026459230 0.606527984 84.235458374
0.598215818 -0.046590384 -0.799979448 -54.943935394 0.006134244 0.998545408 -0.053567637 -6.300983429 0.801311553 0.027137738 0.597631454 84.934959412
0.589197338 -0.047428593 -0.806595922 -55.924499512 0.005014690 0.998471081 -0.055047933 -6.384573460 0.807973623 0.028389269 0.588534355 85.621734619
0.578480959 -0.050030544 -0.814160049 -56.912460327 0.006222454 0.998358905 -0.056928441 -6.470880032 0.815672159 0.027865939 0.577842832 86.354087830
0.568753183 -0.052338719 -0.820841193 -57.923545837 0.006487636 0.998227775 -0.059154067 -6.538478374 0.822482586 0.028318744 0.568084717 87.040496826
0.558771312 -0.052056294 -0.827686310 -58.938694000 0.009229420 0.998356581 -0.056559600 -6.633490562 0.829270422 0.023964819 0.558333457 87.712570190
0.548662841 -0.052108750 -0.834418118 -59.966537476 0.010681303 0.998411119 -0.055326600 -6.723907948 0.835975528 0.021442978 0.548347592 88.399490356
0.538479209 -0.052505132 -0.841001391 -60.996948242 0.011383874 0.998418987 -0.055044077 -6.818502903 0.842561901 0.020066237 0.538225591 89.029006958
0.527812541 -0.053989362 -0.847643197 -62.056221008 0.010780771 0.998323202 -0.056873690 -6.884121895 0.849292457 0.020880405 0.527509451 89.706001282
0.518030822 -0.054237101 -0.853640676 -63.115135193 0.008789614 0.998272538 -0.058092486 -6.961160183 0.855316818 0.022590537 0.517612696 90.335960388
0.508578837 -0.055407334 -0.859230757 -64.149703979 0.006957673 0.998159230 -0.060247853 -7.034421921 0.860987306 0.024662538 0.508028150 90.931106567
0.498659372 -0.055207625 -0.865038276 -65.263389587 0.007617391 0.998210311 -0.059315678 -7.143729210 0.866764545 0.022988979 0.498187453 91.578613281
0.489897907 -0.052837953 -0.870177150 -66.384620667 0.006281903 0.998349667 -0.057084080 -7.238473892 0.871757209 0.022499001 0.489421248 92.188659668
0.481246561 -0.051219039 -0.875087619 -67.488204956 0.007409729 0.998493552 -0.054367099 -7.325169086 0.876554012 0.019679816 0.480901062 92.821830750
0.473578572 -0.051391218 -0.879250944 -68.534782410 0.008216588 0.998510599 -0.053936221 -7.414391041 0.880713344 0.018318599 0.473295480 93.386123657
0.465932846 -0.054908790 -0.883114755 -69.685745239 0.009390427 0.998323321 -0.057117630 -7.482193947 0.884770334 0.018320156 0.465667218 93.989425659
0.458157390 -0.058493294 -0.886944354 -70.836456299 0.013572867 0.998176455 -0.058817793 -7.586629868 0.888767421 0.014909437 0.458115816 94.615097046
0.451609075 -0.061289564 -0.890108287 -71.941787720 0.014604229 0.998011947 -0.061309747 -7.674700737 0.892096400 0.014688699 0.451606303 95.184875488
0.446150780 -0.064728312 -0.892613947 -73.068969727 0.017235959 0.997817516 -0.063742228 -7.785354614 0.894791842 0.013053590 0.446292728 95.745697021
0.441757858 -0.066001095 -0.894703150 -74.154464722 0.019010423 0.997754872 -0.064216726 -7.862038612 0.896932900 0.011359558 0.442020804 96.261817932
0.436784923 -0.062635064 -0.897382677 -75.323936462 0.021256587 0.998013139 -0.059312567 -7.978884697 0.899314702 0.006831546 0.437248528 96.866516113
0.432371914 -0.060645875 -0.899653614 -76.416679382 0.023952352 0.998156130 -0.055774491 -8.062107086 0.901377141 0.002566508 0.433027297 97.399482727
0.429697126 -0.060547102 -0.900940835 -77.569793701 0.025266141 0.998165071 -0.055030473 -8.143202782 0.902619421 0.000883141 0.430438429 97.947540283
0.426121056 -0.060833927 -0.902618408 -78.644653320 0.027049564 0.998147249 -0.054502353 -8.223794937 0.904261708 -0.001190836 0.426977068 98.471557617
0.423539072 -0.059565011 -0.903917372 -79.801826477 0.029482689 0.998213589 -0.051964425 -8.317010880 0.905397952 -0.004640948 0.424538702 99.025405884
0.421856880 -0.058623191 -0.904765308 -80.891746521 0.029691461 0.998265445 -0.050837468 -8.394466400 0.906176090 -0.005417667 0.422865808 99.517242432
0.418589085 -0.058989204 -0.906258047 -82.038772583 0.032338206 0.998223543 -0.050038725 -8.491154671 0.907599807 -0.008361098 0.419753134 100.076034546
0.416041613 -0.059626531 -0.907388508 -83.154678345 0.034665085 0.998162568 -0.049697410 -8.565242767 0.908684611 -0.010778517 0.417344093 100.590789795
0.413381785 -0.056751501 -0.908787429 -84.194282532 0.036453299 0.998287141 -0.045758948 -8.670572281 0.909827948 -0.014212389 0.414742529 101.082824707
0.411397189 -0.058080021 -0.909603834 -85.361564636 0.040148608 0.998153806 -0.045575630 -8.722640038 0.910571516 -0.017769642 0.412969500 101.608840942
0.409731835 -0.059140496 -0.910286903 -86.408798218 0.042349845 0.998053491 -0.045780391 -8.798464775 0.911222458 -0.019792836 0.411438853 102.084274292
0.408209354 -0.060653396 -0.910871148 -87.555076599 0.044258267 0.997931838 -0.046616182 -8.876739502 0.911814868 -0.021284403 0.410049587 102.596580505
0.408294022 -0.061429314 -0.910781324 -88.601524353 0.043706857 0.997904301 -0.047712166 -8.950754166 0.911803544 -0.020326786 0.410123318 103.033111572
0.407975078 -0.062574208 -0.910846174 -89.696090698 0.043836109 0.997840524 -0.048916087 -9.031444550 0.911940098 -0.019971406 0.409836978 103.549537659
0.410871059 -0.062061239 -0.909578681 -90.720382690 0.040680055 0.997934639 -0.049714014 -9.099558830 0.910785437 -0.016575661 0.412547171 103.995643616
0.413760126 -0.062408537 -0.908244252 -91.745094299 0.039731249 0.997934818 -0.050471514 -9.185298920 0.909518540 -0.015202594 0.415385216 104.486068726
0.418270141 -0.062465858 -0.906172216 -92.745178223 0.039270446 0.997943282 -0.050665572 -9.268915176 0.907473385 -0.014393893 0.419862926 104.951362610
0.424271822 -0.063599542 -0.903298855 -93.807167053 0.039122656 0.997886479 -0.051883712 -9.333154678 0.904689312 -0.013326650 0.425863385 105.443588257
0.430812657 -0.062129062 -0.900300145 -94.801078796 0.037527040 0.997997761 -0.050913591 -9.409515381 0.901660800 -0.011851373 0.432281584 105.927017212
0.438999772 -0.060755428 -0.896430671 -95.809173584 0.036086954 0.998098373 -0.049973454 -9.483936310 0.897762179 -0.010411119 0.440357476 106.415046692
0.447966307 -0.060642511 -0.891991436 -96.767723083 0.035867646 0.998112738 -0.049844187 -9.549847603 0.893330634 -0.009665118 0.449296027 106.887329102
0.457810879 -0.059388153 -0.887063742 -97.790901184 0.034016997 0.998205900 -0.049272951 -9.627772331 0.888398588 -0.007617549 0.459009677 107.404174805
0.468097597 -0.059329551 -0.881682813 -98.771705627 0.032150060 0.998226464 -0.050103009 -9.705203056 0.883091748 -0.004893071 0.469174862 107.910133362
0.478199899 -0.060843248 -0.876141012 -99.739440918 0.030342473 0.998146474 -0.052754879 -9.776355743 0.877726734 -0.001356908 0.479159594 108.436004639
0.489338756 -0.060860462 -0.869967580 -100.627105713 0.028035795 0.998144209 -0.054057766 -9.851921082 0.871643066 0.002062331 0.490136862 108.933044434
0.501488447 -0.060246456 -0.863064110 -101.634986877 0.026617240 0.998174608 -0.054211773 -9.920601845 0.864754796 0.004214199 0.502176642 109.521690369
0.515398383 -0.057305112 -0.855032384 -102.522193909 0.025181884 0.998343527 -0.051730763 -9.996479034 0.856580555 0.005130622 0.515987694 110.023818970
0.527850568 -0.054232255 -0.847604036 -103.495254517 0.022881718 0.998505116 -0.049637623 -10.069532394 0.849028945 0.006806619 0.528302491 110.619697571
0.540147305 -0.053655986 -0.839858234 -104.412643433 0.023249915 0.998536050 -0.048840445 -10.143930435 0.841249287 0.006854399 0.540603995 111.191673279
0.551219583 -0.053983226 -0.832611918 -105.298477173 0.023187535 0.998510420 -0.049388420 -10.213896751 0.834037960 0.007917648 0.551650345 111.787857056
0.562472284 -0.055101238 -0.824977994 -106.172241211 0.023266379 0.998436570 -0.050823662 -10.281101227 0.826488554 0.009392654 0.562874973 112.369583130
0.572961509 -0.055955373 -0.817669928 -106.995948792 0.025043141 0.998396099 -0.050774615 -10.351537704 0.819199562 0.008614874 0.573443830 112.953056335
0.584267855 -0.056283388 -0.809606731 -107.885925293 0.025807893 0.998376310 -0.050781779 -10.427131653 0.811150432 0.008775914 0.584771812 113.587783813
0.595217407 -0.053433422 -0.801786304 -108.720062256 0.024653733 0.998531282 -0.048243057 -10.500665665 0.803186417 0.008948082 0.595660448 114.190635681
0.605311871 -0.050696090 -0.794372380 -109.541091919 0.024840126 0.998686790 -0.044807080 -10.566667557 0.795600712 0.007389939 0.605776250 114.811080933
0.615474820 -0.049303982 -0.786612928 -110.348739624 0.024016446 0.998751283 -0.043809202 -10.629615784 0.787790537 0.008071812 0.615890324 115.428176880
0.625786066 -0.048603930 -0.778478920 -111.136337280 0.021680312 0.998754919 -0.044928875 -10.690631866 0.779693365 0.011238199 0.626060665 116.047035217
0.635357141 -0.048390403 -0.770700634 -111.908760071 0.020201830 0.998734713 -0.046053920 -10.750717163 0.771954119 0.013691130 0.635530829 116.676490784
0.644756675 -0.047901478 -0.762885511 -112.672622681 0.020049142 0.998750865 -0.045766797 -10.810751915 0.764124930 0.014213253 0.644911706 117.312385559
0.654061317 -0.045764707 -0.755055904 -113.414733887 0.019431163 0.998855233 -0.043709550 -10.870998383 0.756191969 0.013917121 0.654201865 117.951339722
0.662906110 -0.044425763 -0.747383356 -114.134078979 0.019926559 0.998931229 -0.041703966 -10.925251007 0.748437285 0.012753038 0.663082898 118.589050293
0.671051264 -0.043614049 -0.740126967 -114.858024597 0.020065863 0.998970985 -0.040674031 -10.986503601 0.741139352 0.012443078 0.671235800 119.235260010
0.679134011 -0.042979889 -0.732754827 -115.563720703 0.018967915 0.998978376 -0.041015390 -11.037296295 0.733769178 0.013956120 0.679255426 119.879035950
0.687019408 -0.041580319 -0.725448489 -116.250373840 0.018014301 0.999029219 -0.040201046 -11.091691017 0.726415753 0.014550451 0.687101543 120.516815186
0.694065213 -0.039442752 -0.718830764 -116.930702209 0.017700274 0.999131083 -0.037732579 -11.142713547 0.719694495 0.013465373 0.694160283 121.163032532
0.701660752 -0.036144424 -0.711593628 -117.601295471 0.016254093 0.999264657 -0.034729067 -11.199048996 0.712325752 0.012801709 0.701732397 121.812225342
0.709080398 -0.034539409 -0.704280972 -118.232276917 0.015263573 0.999317408 -0.033641022 -11.248388290 0.704962254 0.013104340 0.709123731 122.443389893
0.716758370 -0.033945262 -0.696494877 -118.881347656 0.014712080 0.999328315 -0.033564430 -11.293729782 0.697166383 0.013810699 0.716776371 123.100349426
0.725222290 -0.030284315 -0.687848449 -119.497344971 0.011803825 0.999432385 -0.031557415 -11.345731735 0.688413560 0.014766903 0.725168109 123.732337952
0.734008133 -0.028484510 -0.678543031 -120.108779907 0.011544549 0.999499083 -0.029469680 -11.378332138 0.679042518 0.013797519 0.733969271 124.386123657
0.743849337 -0.024715489 -0.667890251 -120.679786682 0.009838022 0.999612689 -0.026034083 -11.420199394 0.668274999 0.012794722 0.743804336 125.004882812
0.754437983 -0.022514561 -0.655985057 -121.248931885 0.007930044 0.999651313 -0.025189569 -11.460710526 0.656323373 0.013801983 0.754353523 125.642883301
0.763933837 -0.021295162 -0.644943058 -121.836151123 0.005960118 0.999645531 -0.025947221 -11.503667831 0.645267010 0.015978018 0.763790011 126.320053101
0.774144590 -0.021685392 -0.632637203 -122.391899109 0.005323031 0.999600708 -0.027750406 -11.550273895 0.632986307 0.018115280 0.773950994 126.975875854
0.784221947 -0.020994294 -0.620125115 -122.906959534 0.005372155 0.999619842 -0.027048327 -11.586542130 0.620457113 0.017880486 0.784036517 127.620735168
0.794474602 -0.019900084 -0.606971323 -123.383537292 0.005372846 0.999654293 -0.025741927 -11.611631393 0.607273579 0.017190145 0.794306815 128.254425049
0.804652333 -0.017316228 -0.593493700 -123.910659790 0.004775325 0.999731064 -0.022694588 -11.654837608 0.593727052 0.015427127 0.804518640 128.945404053
0.814605296 -0.015375245 -0.579811871 -124.379447937 0.004507983 0.999786258 -0.020178497 -11.689980507 0.579998195 0.013823728 0.814500451 129.584472656
0.823667526 -0.014510414 -0.566887200 -124.871452332 0.005542610 0.999830782 -0.017539097 -11.712095261 0.567045927 0.011304355 0.823608577 130.294342041
0.831846952 -0.014256404 -0.554821908 -125.328475952 0.006656209 0.999854505 -0.015712032 -11.736589432 0.554965258 0.009376997 0.831820726 130.974502563
0.839146256 -0.014162782 -0.543721676 -125.786560059 0.007887027 0.999872625 -0.013872199 -11.765872955 0.543848932 0.007352455 0.839150906 131.689544678
0.845684171 -0.014159708 -0.533495903 -126.196830750 0.007985108 0.999871790 -0.013880175 -11.781976700 0.533623993 0.007478220 0.845688701 132.361450195
0.852821290 -0.012893085 -0.522043526 -126.678283691 0.006671560 0.999882579 -0.013795631 -11.811172485 0.522160172 0.008282368 0.852807164 133.097595215
0.859895170 -0.011043820 -0.510351062 -127.106208801 0.005194020 0.999903440 -0.012886113 -11.828571320 0.510444164 0.008429938 0.859869599 133.775512695
0.865982890 -0.009800842 -0.499977589 -127.544479370 0.004128748 0.999914110 -0.012449707 -11.853011131 0.500056624 0.008716949 0.865948796 134.547805786
0.871955693 -0.010775520 -0.489466339 -127.952590942 0.005362096 0.999907970 -0.012460553 -11.881982803 0.489555568 0.008240480 0.871933103 135.259216309
0.876970708 -0.011655596 -0.480402499 -128.365112305 0.005784909 0.999889374 -0.013699159 -11.898852348 0.480509043 0.009234676 0.876941144 136.026489258
0.881306469 -0.012334318 -0.472384274 -128.758453369 0.006414623 0.999879360 -0.014140137 -11.920483589 0.472501755 0.009431627 0.881279230 136.755233765
0.884954572 -0.011616425 -0.465532452 -129.174224854 0.006033130 0.999890804 -0.013481581 -11.937368393 0.465638280 0.009121971 0.884928107 137.535095215
0.888407767 -0.009517361 -0.458956480 -129.572418213 0.005485330 0.999933720 -0.010117566 -11.956272125 0.459022343 0.006470997 0.888401091 138.284179688
0.891393483 -0.005556565 -0.453196138 -129.978073120 0.003282635 0.999977767 -0.005803937 -11.977644920 0.453218281 0.003685910 0.891391873 139.084609985
0.894888282 -0.002449864 -0.446283340 -130.353302002 0.001309499 0.999994993 -0.002863642 -11.998142242 0.446288139 0.001978233 0.894887090 139.826354980
0.898106456 -0.000025175 -0.439778030 -130.776458740 -0.000353552 0.999999642 -0.000779256 -12.006244659 0.439777881 0.000855338 0.898106277 140.676345825
0.901405096 0.001508848 -0.432973862 -131.155181885 -0.001082479 0.999998689 0.001231241 -12.010619164 0.432975113 -0.000641163 0.901405632 141.465820312
0.904659808 0.003022500 -0.426123530 -131.572357178 -0.001426719 0.999990821 0.004064035 -12.019357681 0.426131904 -0.003068611 0.904655814 142.340942383
0.908133149 0.002251904 -0.418675244 -131.951339722 0.000152492 0.999983788 0.005709324 -12.015884399 0.418681294 -0.005248673 0.908118069 143.167663574
0.911784649 0.002206322 -0.410662711 -132.377609253 0.000547172 0.999978125 0.006587341 -12.019775391 0.410668254 -0.006230939 0.911763549 144.079727173
0.915602088 0.001667946 -0.402082086 -132.752670288 0.001163928 0.999976218 0.006798613 -12.025054932 0.402083874 -0.006692818 0.915578365 144.928512573
0.919374466 -0.000201613 -0.393383563 -133.144302368 0.002921000 0.999975801 0.006314154 -12.033495903 0.393372715 -0.006954147 0.919352770 145.851425171
0.923511863 -0.001331385 -0.383567393 -133.522155762 0.003686742 0.999978602 0.005405548 -12.047151566 0.383552045 -0.006406204 0.923496962 146.748443604
0.927932560 -0.003089362 -0.372735262 -133.905532837 0.004460013 0.999986112 0.002815063 -12.039345741 0.372721463 -0.004274591 0.927933455 147.697723389
0.933141768 -0.001881247 -0.359503657 -134.261642456 0.002627202 0.999995291 0.001586396 -12.038128853 0.359498948 -0.002424822 0.933142364 148.613113403
0.939457059 0.002603543 -0.342656553 -134.656524658 -0.001663236 0.999993980 0.003037991 -12.051701546 0.342662305 -0.002284144 0.939455807 149.615524292
0.945955932 0.006533318 -0.324229211 -134.984161377 -0.004770212 0.999969125 0.006232338 -12.066088676 0.324259937 -0.004348877 0.945957899 150.554351807
0.952545524 0.009803993 -0.304237902 -135.314636230 -0.007788017 0.999938965 0.007839106 -12.066301346 0.304296136 -0.005097698 0.952564001 151.547393799
0.959032595 0.011315362 -0.283069611 -135.610900879 -0.009354701 0.999922037 0.008277177 -12.067383766 0.283141255 -0.005290051 0.959063768 152.544754028
0.965077341 0.012752590 -0.261654377 -135.906402588 -0.010534937 0.999895751 0.009876497 -12.069070816 0.261753023 -0.006775072 0.965111077 153.565917969
0.970721364 0.013568623 -0.239824772 -136.164718628 -0.010881331 0.999862313 0.012525869 -12.063687325 0.239961728 -0.009549515 0.970735371 154.589462280
0.975863814 0.015875911 -0.217802122 -136.423309326 -0.012728683 0.999793530 0.015845437 -12.056728363 0.218008697 -0.012690657 0.975864291 155.653854370
0.980561137 0.018322272 -0.195356667 -136.644470215 -0.014699250 0.999692261 0.019979464 -12.058713913 0.195662662 -0.016719487 0.980528712 156.716125488
0.984767020 0.020320453 -0.172687680 -136.851852417 -0.016589647 0.999597251 0.023020416 -12.038068771 0.173085988 -0.019804917 0.984707534 157.800384521
0.988359392 0.021613711 -0.150594264 -137.034072876 -0.018388305 0.999571323 0.022777779 -12.021044731 0.151022047 -0.019743454 0.988333166 158.902282715
0.991542816 0.021478785 -0.127990529 -137.186904907 -0.018988814 0.999606550 0.020643074 -12.015609741 0.128383607 -0.018038101 0.991560519 159.975494385
0.994018853 0.021427818 -0.107086077 -137.328018188 -0.019465428 0.999623656 0.019337265 -12.003240585 0.107460126 -0.017137133 0.994061708 161.132278442
0.996011674 0.019632157 -0.087036297 -137.443847656 -0.017886974 0.999623895 0.020786041 -11.981829643 0.087411635 -0.019146325 0.995988309 162.261764526
0.997556031 0.020947076 -0.066657707 -137.509078979 -0.019472413 0.999552786 0.022696333 -11.980052948 0.067103311 -0.021342881 0.997517765 163.384979248
0.998691618 0.021491706 -0.046400025 -137.583145142 -0.020409338 0.999511302 0.023675933 -11.977090836 0.046886194 -0.022697965 0.998642325 164.573776245
0.999377906 0.023607481 -0.026197333 -137.609695435 -0.022970807 0.999439597 0.024343554 -11.967079163 0.026757346 -0.023726638 0.999360383 165.739730835
0.999691308 0.024263196 -0.005338781 -137.622909546 -0.024122454 0.999396086 0.025012417 -11.955144882 0.005942438 -0.024875911 0.999672890 166.873443604
0.999548376 0.025869438 0.015288214 -137.639022827 -0.026230626 0.999369800 0.023916807 -11.925683975 -0.014659863 -0.024307026 0.999597013 168.171279907
0.998989701 0.027569214 0.035491727 -137.597610474 -0.028395435 0.999332428 0.022989416 -11.922052383 -0.034834232 -0.023973990 0.999105453 169.323120117
0.998106658 0.026974972 0.055275626 -137.557815552 -0.028110510 0.999407351 0.019869417 -11.901237488 -0.054706886 -0.021385621 0.998273373 170.570770264
0.996811032 0.029405307 0.074183330 -137.486785889 -0.030766021 0.999377489 0.017266739 -11.881292343 -0.073629431 -0.019494003 0.997095048 171.928588867
0.995201230 0.029589996 0.093268164 -137.371505737 -0.031201441 0.999387205 0.015866635 -11.896987915 -0.092741519 -0.018700598 0.995514572 173.146102905
0.993170440 0.030138316 0.112711936 -137.275390625 -0.031722244 0.999421239 0.012285562 -11.874713898 -0.112276420 -0.015777133 0.993551791 174.450897217
0.990874648 0.030920500 0.131191596 -137.104171753 -0.032093097 0.999461472 0.006832613 -11.875361443 -0.130909681 -0.010980607 0.991333485 175.769805908
0.988270462 0.032747623 0.149161473 -136.932144165 -0.033169053 0.999449730 0.000337756 -11.874932289 -0.149068326 -0.005281338 0.988812804 177.030364990
0.985438824 0.035065331 0.166374490 -136.734970093 -0.034731869 0.999384522 -0.004914306 -11.903544426 -0.166444436 -0.000935750 0.986050367 178.324325562
0.982205510 0.037490580 0.184029296 -136.480072021 -0.036353435 0.999293327 -0.009550275 -11.916568756 -0.184257299 0.002690233 0.982874393 179.727676392
0.978657007 0.039838381 0.201602116 -136.245117188 -0.038037457 0.999194324 -0.012800743 -11.937756538 -0.201949641 0.004859107 0.979383945 181.080612183
0.974941909 0.038706031 0.219066501 -135.936294556 -0.036866896 0.999242246 -0.012478534 -11.972240448 -0.219383508 0.004089541 0.975630164 182.392578125
0.970932961 0.038040340 0.236309469 -135.639694214 -0.035974257 0.999267519 -0.013050212 -12.012235641 -0.236632824 0.004169826 0.971590281 183.708984375
0.966652811 0.038323995 0.253206432 -135.289031982 -0.034780446 0.999224603 -0.018457897 -12.041035652 -0.253717422 0.009035744 0.967236161 185.080734253
0.962173760 0.039654758 0.269534975 -134.936798096 -0.034757324 0.999132872 -0.022920186 -12.087167740 -0.270210147 0.012684884 0.962717712 186.339401245
0.957244873 0.042080279 0.286201835 -134.539001465 -0.037050243 0.999049366 -0.022970250 -12.137691498 -0.286896348 0.011384311 0.957893968 187.750686646
0.951778233 0.044336509 0.303566128 -134.122360229 -0.038941678 0.998957932 -0.023805227 -12.191019058 -0.304305196 0.010835924 0.952512920 189.068878174
0.945792556 0.047918916 0.321216434 -133.686676025 -0.041488253 0.998778403 -0.026838878 -12.239335060 -0.322110146 0.012057303 0.946625352 190.450683594
0.939479172 0.048730131 0.339122534 -133.243820190 -0.040627830 0.998694718 -0.030954946 -12.295099258 -0.340188384 0.015303720 0.940232754 191.799987793
0.933222115 0.049703885 0.355845541 -132.742324829 -0.040426996 0.998621881 -0.033464026 -12.360361099 -0.357018501 0.016843600 0.933945417 193.160522461
0.926373541 0.049823083 0.373295724 -132.220489502 -0.037889015 0.998511016 -0.039243728 -12.406888962 -0.374695152 0.022210542 0.926881969 194.501586914
0.918448329 0.053535856 0.391901433 -131.649780273 -0.039141823 0.998236299 -0.044632901 -12.521984100 -0.393599749 0.025653265 0.918923974 195.838729858
0.908865929 0.057258617 0.413139254 -131.088851929 -0.040467974 0.997964561 -0.049286284 -12.557649612 -0.415120274 0.028075725 0.909333169 197.204437256
0.897483826 0.060484271 0.436880350 -130.492736816 -0.042649172 0.997811556 -0.050528608 -12.660500526 -0.438980430 0.026716035 0.898099303 198.474136353
0.884484231 0.065502532 0.461949259 -129.826950073 -0.046057921 0.997518063 -0.053257912 -12.768362045 -0.464291275 0.025829356 0.885305822 199.843734741
0.870876968 0.069555312 0.486554503 -129.145584106 -0.047752980 0.997226536 -0.057085954 -12.836559296 -0.489175737 0.026480425 0.871783197 201.136871338
0.856498539 0.073254496 0.510924637 -128.404113770 -0.049184825 0.996956289 -0.060488012 -12.945685387 -0.513800621 0.026678162 0.857494771 202.475799561
