0.999999642 -0.000655194 -0.000523044 0.001556336 0.000656067 0.999998391 0.001669366 -0.016610628 0.000521950 -0.001669709 0.999998450 1.006835103
0.999997735 -0.001753702 -0.001206459 0.002833926 0.001755616 0.999997199 0.001588027 -0.028438870 0.001203671 -0.001590142 0.999998033 1.940500855
0.999993384 -0.003347073 -0.001393833 0.001946771 0.003347885 0.999994218 0.000581125 -0.043310653 0.001391880 -0.000585788 0.999998868 2.911026955
0.999991834 -0.003761815 -0.001468039 -0.000553757 0.003762819 0.999992669 0.000681912 -0.055284929 0.001465463 -0.000687430 0.999998689 3.616056204
0.999989033 -0.004225268 -0.002079990 0.006342398 0.004228265 0.999989986 0.001438825 -0.072174646 0.002073890 -0.001447604 0.999996722 4.864606857
0.999982238 -0.005659213 -0.001860975 0.002984363 0.005664344 0.999980152 0.002763549 -0.088005677 0.001845298 -0.002774041 0.999994457 5.836720467
0.999983191 -0.005286643 -0.002425311 0.000943892 0.005294394 0.999980867 0.003200776 -0.101458289 0.002408343 -0.003213562 0.999991953 6.807411671
0.999986112 -0.004477945 -0.002788008 -0.003165549 0.004481614 0.999989092 0.001311193 -0.114890479 0.002782107 -0.001323669 0.999995232 7.784525871
0.999993682 -0.001704392 -0.003128535 -0.010641919 0.001701504 0.999998152 -0.000925496 -0.129458487 0.003130107 0.000920167 0.999994695 8.749784470
0.999992371 0.001547320 -0.003573315 -0.009715527 -0.001553349 0.999997377 -0.001685046 -0.154185146 0.003570698 0.001690584 0.999992192 10.188366890
0.999985754 0.003946676 -0.003583215 -0.020876156 -0.003953568 0.999990344 -0.001918131 -0.161880225 0.003575610 0.001932271 0.999991715 10.700818062
0.999979138 0.005252032 -0.003767838 -0.022489689 -0.005256844 0.999985397 -0.001268673 -0.183710873 0.003761120 0.001288454 0.999992073 12.216454506
0.999994278 0.001347522 -0.003074796 1.707704306 -0.001349546 0.999998808 -0.000656442 0.306922525 0.003073908 0.000660588 0.999995053 2.788496971
0.999985218 -0.003533054 -0.004137557 1.631509066 0.003538997 0.999992728 0.001429828 0.237534031 0.004132474 -0.001444450 0.999990404 5.177867889
0.999970078 -0.006214110 -0.004588240 1.609773040 0.006209874 0.999980271 -0.000936871 0.207834035 0.004593972 0.000908350 0.999988973 6.604494095
0.999967039 -0.006887757 -0.004279106 1.605479717 0.006874225 0.999971330 -0.003168934 0.202100515 0.004300809 0.003139414 0.999985814 6.999062538
0.999980867 -0.004699179 -0.004009114 1.590191722 0.004680414 0.999978065 -0.004677420 0.165455028 0.004031006 0.004658566 0.999981046 9.029881477
0.999991417 -0.002385848 -0.003363607 1.577324152 0.002377415 0.999993980 -0.002508932 0.140975818 0.003369572 0.002500914 0.999991179 10.256082535
0.999994993 -0.001360119 -0.002840524 1.572075367 0.001363434 0.999998450 0.001165480 0.132286042 0.002838934 -0.001169347 0.999995232 10.720065117
0.999986768 -0.004169088 -0.003010666 1.705103040 0.004176795 0.999987960 0.002557978 0.163960412 0.002999966 -0.002570519 0.999992192 11.670377731
0.999960840 -0.008212426 -0.003284128 1.701040149 0.008214145 0.999966145 0.000510173 0.157637477 0.003279828 -0.000537130 0.999994457 12.158626556
0.999945521 -0.009362416 -0.004612477 2.012694120 0.009355053 0.999954939 -0.001615348 0.211755887 0.004627393 0.001572110 0.999988019 12.262035370
0.999948919 -0.009230942 -0.004114247 2.004455328 0.009212373 0.999947429 -0.004509632 0.204464763 0.004155659 0.004471499 0.999981403 12.749691010
0.999973178 -0.006255737 -0.003812643 2.200320482 0.006235179 0.999966085 -0.005380398 0.220815569 0.003846172 0.005356481 0.999978185 13.669438362
0.999979794 -0.005470536 -0.003236011 2.191028833 0.005446846 0.999958694 -0.007284656 0.204521000 0.003275728 0.007266883 0.999968171 14.196306229
0.999986291 -0.004002234 -0.003377038 2.187954664 0.003976656 0.999963641 -0.007547415 0.198710203 0.003407122 0.007533883 0.999965787 14.804688454
0.999972105 -0.005337339 -0.005223406 2.762874126 0.005304313 0.999965966 -0.006316369 0.268066347 0.005256941 0.006288488 0.999966383 14.248624802
0.999976456 -0.004412119 -0.005249258 2.750176430 0.004387121 0.999979079 -0.004764153 0.257951528 0.005270167 0.004741012 0.999974906 14.819322586
0.999970734 -0.002680124 -0.007169118 3.042151928 0.002642275 0.999982536 -0.005283665 0.314501852 0.007183154 0.005264568 0.999960363 15.821299553
0.999973059 -0.000431524 -0.007325539 3.039800882 0.000386691 0.999981225 -0.006120506 0.309467316 0.007328042 0.006117509 0.999954522 16.455068588
0.999972880 0.001863968 -0.007123090 3.005166292 -0.001900961 0.999984741 -0.005189843 0.256725222 0.007113308 0.005203243 0.999961138 18.624334335
0.999969900 0.002101725 -0.007465257 2.997538805 -0.002141313 0.999983609 -0.005299039 0.243912861 0.007453997 0.005314866 0.999958098 19.329536438
0.999970555 0.003497181 -0.006833568 2.684308052 -0.003528686 0.999983191 -0.004603616 0.097233139 0.006817353 0.004627594 0.999966025 22.736570358
0.999967396 0.003167555 -0.007426232 2.677838087 -0.003205830 0.999981642 -0.005147744 0.081657976 0.007409789 0.005171384 0.999959111 23.497941971
0.999947608 0.000096556 -0.010238367 2.949847698 -0.000155466 0.999983430 -0.005753185 0.138256133 0.010237643 0.005754474 0.999931037 24.236457825
0.999926865 0.000706644 -0.012074489 2.943936348 -0.000764751 0.999988079 -0.004808499 0.119943686 0.012070951 0.004817381 0.999915540 25.083463669
0.999933898 0.002463592 -0.011242424 2.628728628 -0.002511412 0.999987960 -0.004241571 -0.016720749 0.011231839 0.004269524 0.999927759 28.317201614
0.999909639 0.002425243 -0.013226626 2.614964008 -0.002480864 0.999988139 -0.004190443 -0.032294050 0.013216307 0.004222877 0.999903738 29.212867737
0.999904513 0.002690451 -0.013556571 2.610484600 -0.002733265 0.999991298 -0.003140535 -0.065224484 0.013548004 0.003177289 0.999903142 30.983499527
0.999890924 0.001433562 -0.014699112 2.588700771 -0.001475957 0.999994755 -0.002873727 -0.076082662 0.014694914 0.002895109 0.999887884 32.136653900
0.999870360 -0.001577656 -0.016025864 2.795803070 0.001532971 0.999994934 -0.002800231 -0.033112966 0.016030198 0.002775301 0.999867678 32.694198608
0.999852479 -0.003696338 -0.016772831 2.771399021 0.003619166 0.999982715 -0.004629014 -0.042698070 0.016789647 0.004567628 0.999848664 33.899246216
0.999848187 -0.005196721 -0.016625289 2.748997688 0.005147533 0.999982238 -0.002999942 -0.092269793 0.016640583 0.002913907 0.999857247 35.464904785
0.999820888 -0.007467751 -0.017385382 3.138216257 0.007407914 0.999966443 -0.003503599 0.040782571 0.017410964 0.003374183 0.999842703 34.342529297
0.999812961 -0.008206201 -0.017509347 3.113542557 0.008147451 0.999960959 -0.003423977 0.022305295 0.017536761 0.003280680 0.999840856 35.587413788
0.999812007 -0.009781658 -0.016739532 3.084797382 0.009725821 0.999946892 -0.003413805 -0.015691712 0.016772036 0.003250358 0.999854028 37.200939178
0.999809980 -0.011560708 -0.015696986 2.881969452 0.011500355 0.999926150 -0.003929756 -0.100617625 0.015741253 0.003748488 0.999869049 39.745933533
0.999831200 -0.010740153 -0.014906788 2.834647179 0.010682211 0.999935091 -0.003961070 -0.150945604 0.014948368 0.003801164 0.999880970 41.254093170
0.999842525 -0.009788492 -0.014802957 2.991802216 0.009720154 0.999941826 -0.004681414 -0.116981462 0.014847917 0.004536791 0.999879420 41.457370758
0.999864817 -0.007590625 -0.014584870 2.987828016 0.007540958 0.999965608 -0.003457372 -0.139032006 0.014610612 0.003346921 0.999887645 42.794853210
0.999886096 -0.004985556 -0.014245003 2.963424206 0.004946533 0.999983907 -0.002773358 -0.148635030 0.014258603 0.002702579 0.999894679 44.039943695
0.999912322 -0.000655998 -0.013227381 2.954132318 0.000634199 0.999998450 -0.001652057 -0.194943100 0.013228443 0.001643523 0.999911129 45.313800812
0.999912739 0.003528018 -0.012729838 2.921097279 -0.003553145 0.999991715 -0.001951775 -0.223915488 0.012722847 0.001996836 0.999917090 46.727424622
0.999898612 0.007118631 -0.012328955 2.896134853 -0.007155162 0.999970078 -0.002921473 -0.251230717 0.012307789 0.003009393 0.999919772 47.969200134
0.999898255 0.008642731 -0.011350804 2.873902798 -0.008674335 0.999958634 -0.002738023 -0.284488946 0.011326668 0.002836206 0.999931812 49.511470795
0.999894142 0.008665618 -0.011687535 2.858232021 -0.008693981 0.999959409 -0.002378268 -0.305859447 0.011666448 0.002479628 0.999928832 50.734916687
0.999903262 0.009043621 -0.010566613 2.793923378 -0.009075280 0.999954462 -0.002952090 -0.350483537 0.010539436 0.003047700 0.999939799 52.430797577
0.999911845 0.007314530 -0.011086235 2.775083780 -0.007362011 0.999963880 -0.004248135 -0.369332075 0.011054763 0.004329377 0.999929547 53.638294220
0.999914527 0.005603738 -0.011813973 2.785351753 -0.005649902 0.999976516 -0.003877952 -0.399292171 0.011791965 0.003944369 0.999922693 55.108772278
0.999902606 0.006024311 -0.012590208 2.774668932 -0.006077653 0.999972761 -0.004202816 -0.422610492 0.012564545 0.004278927 0.999911964 56.315330505
0.999906003 0.005552103 -0.012526860 2.757832527 -0.005612049 0.999972880 -0.004755390 -0.425828874 0.012500118 0.004825245 0.999910176 57.574504852
0.999888718 0.006414730 -0.013472264 2.755404949 -0.006473959 0.999969482 -0.004357321 -0.460291594 0.013443904 0.004444054 0.999899685 58.736965179
0.999883354 0.005059188 -0.014419618 2.688454151 -0.005107176 0.999981523 -0.003293230 -0.517291427 0.014402689 0.003366489 0.999890566 60.609481812
0.999859393 0.003900242 -0.016311534 2.695459843 -0.003952408 0.999987125 -0.003167141 -0.536633015 0.016298970 0.003231166 0.999861896 61.800388336
0.999850035 0.000449060 -0.017312743 2.652389288 -0.000479560 0.999998331 -0.001757683 -0.577452362 0.017311927 0.001765721 0.999848545 63.364128113
0.999830902 -0.001465925 -0.018327013 2.649731636 0.001438011 0.999997795 -0.001536193 -0.610723913 0.018329225 0.001509579 0.999830902 64.535873413
0.999823272 -0.003064312 -0.018545227 2.591092110 0.003025803 0.999993205 -0.002104206 -0.641577482 0.018551547 0.002047722 0.999825835 66.068473816
0.999809504 -0.004114348 -0.019076349 2.580229759 0.004066088 0.999988437 -0.002567977 -0.661287904 0.019086694 0.002489923 0.999814749 67.229591370
0.999806464 -0.004263470 -0.019206243 2.532116175 0.004199409 0.999985516 -0.003374545 -0.687555373 0.019220352 0.003293236 0.999809861 68.784744263
0.999794424 -0.004836465 -0.019688014 2.512452126 0.004765504 0.999982059 -0.003649575 -0.717339814 0.019705314 0.003555002 0.999799490 69.996559143
0.999803007 -0.004987993 -0.019212019 2.515114307 0.004904438 0.999978244 -0.004393770 -0.725888908 0.019233519 0.004298680 0.999805748 71.096023560
0.999811709 -0.003737788 -0.019041795 2.493534088 0.003656156 0.999983907 -0.004320003 -0.757591248 0.019057639 0.004249570 0.999809325 72.273529053
0.999816775 -0.003681774 -0.018784609 2.433495998 0.003628457 0.999989212 -0.002871671 -0.782246649 0.018794985 0.002802987 0.999819458 73.858261108
0.999818802 -0.002058623 -0.018925950 2.401446342 0.002037164 0.999997199 -0.001153015 -0.816043556 0.018928275 0.001114251 0.999820232 75.085105896
0.999828398 -0.002109266 -0.018403366 2.342436314 0.002050993 0.999992847 -0.003184754 -0.843441010 0.018409949 0.003146463 0.999825597 76.626396179
0.999816120 -0.003356298 -0.018877242 2.327938080 0.003255212 0.999980211 -0.005383172 -0.872208357 0.018894937 0.005320733 0.999807298 77.839775085
0.999820411 -0.001950942 -0.018843690 2.288084507 0.001810036 0.999970376 -0.007491765 -0.890298247 0.018857745 0.007456311 0.999794364 79.088905334
0.999823391 -0.004821929 -0.018165546 2.247560501 0.004715169 0.999971390 -0.005915301 -0.925116539 0.018193543 0.005828605 0.999817431 80.612548828
0.999803245 -0.006852011 -0.018613605 2.249535561 0.006783623 0.999970019 -0.003734725 -0.969913602 0.018638635 0.003607724 0.999819756 81.841285706
0.999816895 -0.008554095 -0.017123325 2.204020023 0.008492762 0.999957263 -0.003651413 -0.986079037 0.017153829 0.003505319 0.999846697 83.259407043
0.999818623 -0.009179331 -0.016688772 2.190508842 0.009100682 0.999947131 -0.004782551 -1.013607502 0.016731791 0.004629804 0.999849319 84.502182007
0.999852836 -0.007875267 -0.015239987 2.104753971 0.007769501 0.999945343 -0.006986913 -1.059046507 0.015294179 0.006867478 0.999859393 85.965034485
0.999872148 -0.006947443 -0.014403201 2.089029789 0.006826079 0.999940932 -0.008458309 -1.088158488 0.014461116 0.008358911 0.999860406 87.200752258
0.999910057 -0.003069861 -0.013055954 2.060369492 0.002950112 0.999953508 -0.009181413 -1.115336776 0.013083529 0.009142072 0.999872625 88.569839478
0.999922037 -0.002424377 -0.012250704 2.044137478 0.002338493 0.999972701 -0.007019885 -1.143956661 0.012267388 0.006990688 0.999900341 89.824623108
0.999941289 -0.001868309 -0.010675664 2.004024982 0.001814986 0.999985754 -0.005002423 -1.175660610 0.010684859 0.004982754 0.999930501 91.184951782
0.999949515 -0.001242047 -0.009969435 1.986977935 0.001183688 0.999982059 -0.005857620 -1.186241388 0.009976532 0.005845523 0.999933124 92.424926758
0.999954462 -0.001551975 -0.009419438 1.968881845 0.001497823 0.999982297 -0.005753323 -1.218209863 0.009428200 0.005738953 0.999939084 93.680305481
0.999972403 -0.000011816 -0.007428612 1.909940720 -0.000030072 0.999984026 -0.005638646 -1.269182444 0.007428560 0.005638714 0.999956429 95.228881836
0.999980569 0.000851014 -0.006173774 1.892687678 -0.000888190 0.999981463 -0.006021395 -1.283910275 0.006168535 0.006026762 0.999962747 96.461524963
0.999980152 0.002958829 -0.005561680 1.919652939 -0.002999653 0.999968529 -0.007346267 -1.314644456 0.005539768 0.007362803 0.999957502 97.736022949
0.999976039 0.004567341 -0.005191362 1.916470051 -0.004610465 0.999954760 -0.008325310 -1.346628785 0.005153101 0.008349046 0.999951839 98.962059021
0.999990523 0.002373410 -0.003644526 1.910141945 -0.002404143 0.999961317 -0.008451613 -1.360703230 0.003624326 0.008460294 0.999957621 100.211013794
0.999992430 0.002433657 -0.003020835 1.898929119 -0.002454508 0.999973059 -0.006918079 -1.407103777 0.003003916 0.006925442 0.999971509 101.471633911
0.999997437 0.000905243 -0.002080057 1.847429395 -0.000918978 0.999977708 -0.006611537 -1.440762281 0.002074027 0.006613433 0.999975979 103.090461731
0.999998271 0.000393812 -0.001832436 1.845588684 -0.000404966 0.999981403 -0.006089931 -1.476191521 0.001830005 0.006090664 0.999979794 104.331314087
0.999996841 -0.001739356 -0.001816042 1.858567595 0.001727829 0.999978483 -0.006329814 -1.491050601 0.001827011 0.006326657 0.999978244 105.567146301
0.999993742 -0.002880368 -0.002084612 1.848766088 0.002868000 0.999978423 -0.005911971 -1.508967757 0.002101596 0.005905953 0.999980271 106.829467773
0.999982595 -0.005110031 -0.002930976 1.868943453 0.005091618 0.999967396 -0.006255407 -1.537253618 0.002962846 0.006240376 0.999976158 108.114532471
0.999967694 -0.006600068 -0.004594513 1.867123604 0.006570920 0.999958336 -0.006330695 -1.568245649 0.004636106 0.006300301 0.999969423 109.361793518
0.999951780 -0.007552106 -0.006261747 1.868977308 0.007516454 0.999955475 -0.005697748 -1.600108862 0.006304499 0.005650409 0.999964178 110.655311584
0.999944329 -0.008357954 -0.006438619 1.864077806 0.008322011 0.999949753 -0.005589287 -1.608834386 0.006485011 0.005535394 0.999963641 111.893028259
0.999935031 -0.008503152 -0.007583742 1.850917816 0.008462361 0.999949634 -0.005394908 -1.645771503 0.007629235 0.005330380 0.999956667 113.155181885
0.999911666 -0.009407169 -0.009383721 1.840018868 0.009346474 0.999935269 -0.006491177 -1.658746481 0.009444177 0.006402899 0.999934852 114.411117554
0.999906957 -0.009480431 -0.009807309 1.816741347 0.009417307 0.999934793 -0.006462721 -1.702607632 0.009867939 0.006369759 0.999931037 115.801544189
0.999866366 -0.011914202 -0.011194391 1.804276824 0.011817497 0.999892652 -0.008665519 -1.742792845 0.011296432 0.008532070 0.999899864 117.052383423
0.999784648 -0.016721500 -0.012290079 1.807903290 0.016601136 0.999813855 -0.009831253 -1.751136303 0.012452184 0.009625107 0.999876142 118.412063599
0.999619305 -0.024065569 -0.013490463 1.787093878 0.023966616 0.999685109 -0.007449241 -1.785631418 0.013665482 0.007123085 0.999881208 119.668609619
0.999370337 -0.032348752 -0.014575750 1.731969118 0.032278720 0.999466300 -0.005015166 -1.898217201 0.014730205 0.004541521 0.999881208 121.002044678
0.999224663 -0.035982318 -0.015972383 1.725580454 0.035846721 0.999319434 -0.008696659 -1.922369719 0.016274441 0.008117358 0.999834657 122.263824463
0.999271989 -0.034745064 -0.015753932 1.701954603 0.034554522 0.999328196 -0.012209587 -1.950521946 0.016167570 0.011656327 0.999801338 123.562553406
0.999404132 -0.031330206 -0.014484978 1.692639947 0.031124501 0.999414444 -0.014215169 -1.965070248 0.014921860 0.013755862 0.999794006 124.901206970
0.999396384 -0.031784762 -0.014024723 1.669843197 0.031583775 0.999398410 -0.014326873 -2.003832340 0.014471662 0.013875270 0.999799013 126.166404724
0.999294698 -0.035265516 -0.012902766 1.630023003 0.035132974 0.999329090 -0.010359223 -2.075005293 0.013259431 0.009898604 0.999863029 127.441665649
0.999138772 -0.039606363 -0.012373460 1.603804231 0.039507531 0.999186218 -0.008132483 -2.097472906 0.012685491 0.007636635 0.999890327 128.704788208
0.998929977 -0.044388894 -0.012975707 1.615779638 0.044312164 0.998999000 -0.006142338 -2.143155098 0.013235367 0.005560783 0.999896944 130.034774780
0.998843968 -0.046229746 -0.013167716 1.600009084 0.046152085 0.998915672 -0.006141705 -2.176417589 0.013437366 0.005526886 0.999894381 131.311462402
0.999006927 -0.042826574 -0.012292646 1.576378822 0.042746950 0.999063730 -0.006668185 -2.194099426 0.012566712 0.006136088 0.999902248 132.637390137
0.999148786 -0.039848920 -0.010658162 1.528081059 0.039784107 0.999188900 -0.006225314 -2.264993429 0.010897588 0.005795988 0.999923825 133.920471191
0.999276459 -0.036692709 -0.010004549 1.505138278 0.036612120 0.999296546 -0.008123052 -2.300098658 0.010295568 0.007750886 0.999916971 135.217407227
0.999370277 -0.033931892 -0.010369482 1.499459028 0.033843122 0.999389946 -0.008619653 -2.332986832 0.010655636 0.008263290 0.999909103 136.587066650
0.999486506 -0.030939579 -0.008331994 1.446232200 0.030874327 0.999492407 -0.007849662 -2.366668224 0.008570629 0.007588388 0.999934614 137.521408081
0.999521196 -0.029537579 -0.009211452 1.437965512 0.029460877 0.999531031 -0.008354084 -2.403798103 0.009453890 0.008078706 0.999922752 138.840789795
0.999593079 -0.026849933 -0.009631247 1.423883438 0.026744673 0.999582827 -0.010896238 -2.431916952 0.009919792 0.010634218 0.999894321 140.113906860
0.999650478 -0.024651840 -0.009541667 1.377681017 0.024529723 0.999618292 -0.012710242 -2.501213074 0.009851357 0.012471749 0.999873698 141.252334595
0.999759734 -0.019622309 -0.009760144 1.358574033 0.019482723 0.999709368 -0.014196470 -2.532377005 0.010035872 0.014002909 0.999851644 142.551147461
0.999843240 -0.014522053 -0.010121618 1.355494738 0.014394194 0.999817073 -0.012592715 -2.591389656 0.010302640 0.012445054 0.999869466 143.810440063
0.999885440 -0.012473584 -0.008567271 1.292904139 0.012386182 0.999871433 -0.010180256 -2.657884598 0.008693155 0.010072977 0.999911487 144.963180542
0.999896288 -0.011462864 -0.008719313 1.286058784 0.011390125 0.999900281 -0.008346897 -2.678678513 0.008814124 0.008246717 0.999927163 146.271301270
0.999844253 -0.014836980 -0.009556825 1.287012935 0.014765809 0.999862969 -0.007475214 -2.688511848 0.009666428 0.007332933 0.999926388 147.391326904
0.999796033 -0.016537722 -0.011589184 1.279798388 0.016444253 0.999831796 -0.008114575 -2.706660748 0.011721430 0.007922346 0.999899924 148.698913574
0.999794424 -0.015293347 -0.013308125 1.257722139 0.015125803 0.999806166 -0.012600414 -2.743155718 0.013498247 0.012396527 0.999832034 150.030960083
0.999775946 -0.014585615 -0.015338215 1.254210472 0.014330136 0.999758899 -0.016636472 -2.736020327 0.015577172 0.016412944 0.999743879 151.478515625
0.999815166 -0.010602226 -0.016033364 1.220844507 0.010329735 0.999802411 -0.016983576 -2.775620937 0.016210258 0.016814815 0.999727190 152.742202759
0.999852061 -0.006346389 -0.015991013 1.184527397 0.006086751 0.999849737 -0.016233310 -2.832092524 0.016091634 0.016133569 0.999740303 154.013504028
0.999869466 -0.003794814 -0.015713841 1.140222788 0.003584480 0.999903858 -0.013391916 -2.840409517 0.015763151 0.013333839 0.999786794 155.429656982
0.999884307 -0.002878730 -0.014939805 1.086611748 0.002705783 0.999929249 -0.011583561 -2.881351233 0.014972093 0.011541796 0.999821305 156.729949951
0.999887049 -0.003202106 -0.014690949 1.049358368 0.003040630 0.999934852 -0.011000756 -2.901485443 0.014725218 0.010954840 0.999831557 158.037170410
0.999869645 -0.005236215 -0.015273631 1.049782276 0.005080904 0.999935150 -0.010189674 -2.939455509 0.015325997 0.010110743 0.999831378 159.331237793
0.999858081 -0.007461287 -0.015102003 1.029385567 0.007315861 0.999926567 -0.009661986 -2.968867302 0.015172986 0.009550133 0.999839246 160.644165039
0.999822855 -0.010841036 -0.015387309 0.989084482 0.010692067 0.999895513 -0.009730788 -2.994831324 0.015491191 0.009564542 0.999834239 161.972549438
0.999789834 -0.014285634 -0.014701299 0.995959759 0.014166079 0.999866009 -0.008204545 -3.054764748 0.014816533 0.007994560 0.999858201 163.170013428
0.999732792 -0.018265216 -0.014168801 0.971911192 0.018167637 0.999810576 -0.006985406 -3.082866669 0.014293706 0.006726124 0.999875188 164.461730957
0.999698162 -0.020375170 -0.013728806 0.957770109 0.020279123 0.999769151 -0.007099336 -3.114497185 0.013870287 0.006818782 0.999880552 165.773529053
0.999729633 -0.018731713 -0.013775060 0.941125870 0.018573292 0.999760926 -0.011540060 -3.138540268 0.013987935 0.011281092 0.999838531 167.149978638
0.999837935 -0.012078676 -0.013351731 0.896662474 0.011848094 0.999781609 -0.017216220 -3.153739929 0.013556766 0.017055238 0.999762654 168.507369995
0.999917328 -0.002094979 -0.012684872 0.897019625 0.001875623 0.999848962 -0.017280007 -3.204277754 0.012719155 0.017254785 0.999770164 169.822418213
0.999926865 0.005017349 -0.011003077 0.848380208 -0.005159433 0.999903321 -0.012922900 -3.257031918 0.010937176 0.012978727 0.999855936 171.117492676
0.999929249 0.006130926 -0.010186049 0.816065311 -0.006240408 0.999922812 -0.010751531 -3.294798136 0.010119346 0.010814334 0.999890387 172.455535889
0.999933779 0.004515090 -0.010586815 0.799354196 -0.004629166 0.999931216 -0.010775658 -3.297583580 0.010537433 0.010823953 0.999885917 173.810150146
0.999926507 0.000597676 -0.012113916 0.782053709 -0.000728748 0.999941170 -0.010818329 -3.331043243 0.012106737 0.010826362 0.999868095 175.153869629
0.999918282 -0.000107414 -0.012783615 0.758685350 -0.000041503 0.999932110 -0.011648146 -3.365043163 0.012784000 0.011647725 0.999850512 176.493209839
0.999911189 -0.000366191 -0.013321691 0.715430975 0.000202680 0.999924660 -0.012273351 -3.378705025 0.013325180 0.012269559 0.999836028 177.931777954
0.999907911 0.001457439 -0.013493319 0.680558443 -0.001622867 0.999923587 -0.012257157 -3.413712978 0.013474424 0.012277927 0.999833822 179.262161255
0.999900818 0.002387956 -0.013880203 0.694895506 -0.002543258 0.999934196 -0.011181881 -3.462987423 0.013852587 0.011216071 0.999841094 180.548583984
0.999893665 0.001848456 -0.014460932 0.669564486 -0.002018907 0.999928534 -0.011781299 -3.502825260 0.014438121 0.011809242 0.999826014 181.910873413
0.999894381 0.001501261 -0.014452764 0.618102789 -0.001685964 0.999916971 -0.012776076 -3.530374527 0.014432383 0.012799095 0.999813855 183.299926758
0.999897242 0.001126092 -0.014290568 0.573141098 -0.001318247 0.999908745 -0.013444011 -3.557250500 0.014274124 0.013461468 0.999807417 184.647155762
0.999885976 0.000443953 -0.015088372 0.570638180 -0.000643352 0.999912500 -0.013213037 -3.607616425 0.015081181 0.013221239 0.999798834 185.975097656
0.999884129 0.001064740 -0.015184338 0.544987202 -0.001274383 0.999903917 -0.013803506 -3.639797688 0.015168182 0.013821258 0.999789417 187.303939819
0.999874711 0.000476865 -0.015821526 0.478627682 -0.000692231 0.999907136 -0.013609513 -3.692637444 0.015813563 0.013618760 0.999782205 188.884613037
0.999869466 0.001083755 -0.016123887 0.443723202 -0.001310536 0.999900281 -0.014060982 -3.732399940 0.016107041 0.014080279 0.999771118 190.245132446
0.999853253 0.001171223 -0.017084489 0.470666170 -0.001408501 0.999902546 -0.013883085 -3.770500183 0.017066563 0.013905112 0.999757648 191.419250488
0.999849677 0.001886298 -0.017230388 0.436775923 -0.002125721 0.999901235 -0.013887704 -3.811603308 0.017202487 0.013922243 0.999755085 192.782928467
0.999848962 0.000337150 -0.017375976 0.371615171 -0.000582114 0.999900520 -0.014094722 -3.852023363 0.017369492 0.014102707 0.999749601 194.313842773
0.999860227 -0.000912483 -0.016692882 0.318252563 0.000675890 0.999899328 -0.014173377 -3.896565437 0.016704137 0.014160113 0.999760151 195.682235718
0.999847770 -0.002682313 -0.017242014 0.285170555 0.002440547 0.999898553 -0.014027682 -3.945451021 0.017277895 0.013983467 0.999752879 197.214782715
0.999845743 -0.003725172 -0.017161859 0.255684614 0.003499429 0.999907136 -0.013165032 -3.986048937 0.017209308 0.013102944 0.999765992 198.582092285
0.999855399 -0.003537755 -0.016634190 0.241957664 0.003316554 0.999905944 -0.013306799 -4.016562939 0.016679699 0.013249707 0.999773085 199.755874634
0.999847353 -0.003600515 -0.017099068 0.220953703 0.003382233 0.999912620 -0.012777565 -4.078198433 0.017143581 0.012717780 0.999772131 201.154602051
0.999859750 -0.002491179 -0.016560452 0.189135075 0.002265687 0.999904633 -0.013621141 -4.112990856 0.016592804 0.013581709 0.999770045 202.473785400
0.999868274 -0.001674328 -0.016144564 0.168155432 0.001465354 0.999915123 -0.012947089 -4.154566765 0.016164869 0.012921724 0.999785900 203.869613647
0.999875903 -0.000687757 -0.015741006 0.137402534 0.000509261 0.999935567 -0.011340819 -4.183900356 0.015747793 0.011331395 0.999811828 205.283477783
0.999879122 -0.002381226 -0.015360177 0.068547726 0.002219286 0.999941885 -0.010551220 -4.264103889 0.015384407 0.010515857 0.999826312 206.928421021
0.999900103 -0.001003458 -0.014095932 0.022116423 0.000835685 0.999928772 -0.011903094 -4.306035519 0.014106873 0.011890127 0.999829710 208.316574097
0.999894559 -0.001825009 -0.014400412 0.012127638 0.001636013 0.999912441 -0.013125221 -4.364733219 0.014423106 0.013100279 0.999810159 209.734848022
0.999900877 -0.001333461 -0.014012125 -0.016111851 0.001159454 0.999922156 -0.012419168 -4.409584999 0.014027596 0.012401692 0.999824643 211.137725830
0.999895930 -0.001873719 -0.014299033 -0.041252851 0.001707382 0.999930799 -0.011636070 -4.437458992 0.014319847 0.011610446 0.999830008 212.565841675
0.999895871 -0.001762212 -0.014324784 -0.069601774 0.001606799 0.999939799 -0.010853533 -4.488207340 0.014343049 0.010829384 0.999838412 213.820114136
0.999886453 -0.000889878 -0.015050140 -0.093245983 0.000731277 0.999944150 -0.010540433 -4.534025669 0.015058680 0.010528228 0.999831140 215.225448608
0.999894798 0.000317015 -0.014501712 -0.122487307 -0.000474728 0.999940753 -0.010873337 -4.559736729 0.014497407 0.010879076 0.999835730 216.552185059
0.999895573 0.002072414 -0.014306489 -0.146728754 -0.002241117 0.999927998 -0.011786146 -4.585000038 0.014281035 0.011816976 0.999828219 217.956222534
0.999900699 0.002304264 -0.013899355 -0.190554380 -0.002463550 0.999931276 -0.011453777 -4.625612259 0.013872009 0.011486880 0.999837756 219.383331299
0.999902725 -0.000770186 -0.013927287 -0.238211870 0.000627304 0.999947190 -0.010260592 -4.684558868 0.013934453 0.010250859 0.999850333 220.508438110
0.999890208 -0.001968720 -0.014684204 -0.251393557 0.001827105 0.999951780 -0.009651246 -4.725551128 0.014702495 0.009623358 0.999845564 221.953536987
0.999879181 -0.005340665 -0.014592355 -0.268445015 0.005209440 0.999945760 -0.009015975 -4.743304253 0.014639715 0.008938868 0.999852896 223.387969971
0.999874294 -0.006463938 -0.014473457 -0.306567669 0.006315909 0.999927461 -0.010250071 -4.778495789 0.014538664 0.010157373 0.999842703 224.820053101
0.999845684 -0.008246181 -0.015508896 -0.313900948 0.008072831 0.999904633 -0.011207027 -4.814539909 0.015599831 0.011080096 0.999816954 226.277496338
0.999846756 -0.010535688 -0.013981977 -0.369958401 0.010412238 0.999906361 -0.008872801 -4.852304935 0.014074150 0.008725855 0.999862850 227.390747070
0.999852538 -0.009734652 -0.014150506 -0.402871847 0.009629268 0.999925435 -0.007496666 -4.899548531 0.014222430 0.007359300 0.999871731 228.858032227
0.999819040 -0.013242645 -0.013664322 -0.415182590 0.013129711 0.999879181 -0.008321713 -4.910563946 0.013772871 0.008140798 0.999872029 230.129104614
0.999812484 -0.013198654 -0.014166065 -0.424261093 0.013069757 0.999872744 -0.009153295 -4.949971199 0.014285070 0.008966432 0.999857783 231.536804199
0.999847829 -0.011438318 -0.013172631 -0.442415476 0.011305876 0.999885261 -0.010085134 -4.971649170 0.013286477 0.009934671 0.999862373 232.916687012
0.999865651 -0.011756556 -0.011420364 -0.474238157 0.011661206 0.999897003 -0.008379938 -5.067372322 0.011517706 0.008245638 0.999899685 234.261642456
0.999892831 -0.010104215 -0.010592907 -0.490184069 0.010014980 0.999914229 -0.008443413 -5.110213757 0.010677313 0.008336419 0.999908268 235.637359619
0.999901652 -0.008826206 -0.010890098 -0.480591059 0.008731307 0.999923766 -0.008731198 -5.152330399 0.010966330 0.008635256 0.999902546 237.036056519
0.999950171 -0.005816071 -0.008103246 -0.567710042 0.005737655 0.999936819 -0.009666842 -5.165098190 0.008158958 0.009619868 0.999920368 238.232635498
0.999966562 -0.003486767 -0.007390785 -0.589536548 0.003409314 0.999939442 -0.010466377 -5.221205711 0.007426832 0.010440830 0.999917865 239.633590698
0.999965727 -0.005322684 -0.006341805 -0.591915488 0.005255340 0.999930143 -0.010588880 -5.261284828 0.006397724 0.010555190 0.999923766 241.047073364
0.999946594 -0.007908070 -0.006660728 -0.582053304 0.007838155 0.999914587 -0.010458372 -5.276608467 0.006742866 0.010405605 0.999923110 242.427398682
0.999973238 -0.005961972 -0.004247115 -0.647172332 0.005918942 0.999931753 -0.010073127 -5.298382759 0.004306883 0.010047723 0.999940157 243.728195190
0.999964416 -0.007281066 -0.004259871 -0.649586976 0.007240544 0.999929130 -0.009451747 -5.332775593 0.004328388 0.009420567 0.999946237 245.102813721
0.999950647 -0.008769142 -0.004655771 -0.632147014 0.008716742 0.999899685 -0.011158262 -5.410995007 0.004753153 0.011117129 0.999926925 246.555084229
0.999941230 -0.009819519 -0.004593641 -0.649410605 0.009758310 0.999865770 -0.013162535 -5.465630531 0.004722274 0.013116933 0.999902844 247.927719116
0.999937356 -0.009611784 -0.005736680 -0.655102670 0.009534809 0.999866128 -0.013297922 -5.495964050 0.005863728 0.013242387 0.999895096 249.264099121
0.999932885 -0.009739082 -0.006276269 -0.682516038 0.009651576 0.999857903 -0.013824905 -5.528495789 0.006410018 0.013763401 0.999884725 250.687118530
0.999912977 -0.010607121 -0.007840790 -0.673604012 0.010497021 0.999847710 -0.013952027 -5.572927475 0.007987588 0.013868507 0.999871910 251.989425659
0.999926925 -0.009048097 -0.008013969 -0.700350642 0.008926345 0.999846220 -0.015100040 -5.591933727 0.008149363 0.015027403 0.999853849 253.414031982
0.999876559 -0.011991191 -0.010150203 -0.643363237 0.011854972 0.999840379 -0.013375537 -5.655552864 0.010308968 0.013253561 0.999859035 254.633850098
0.999877870 -0.011652051 -0.010407076 -0.683724999 0.011511531 0.999843121 -0.013461486 -5.694630623 0.010562298 0.013340044 0.999855220 256.019012451
0.999858618 -0.011765754 -0.012014643 -0.693250418 0.011614348 0.999853253 -0.012594763 -5.688299179 0.012161070 0.012453439 0.999848425 257.324005127
0.999885499 -0.009527733 -0.011757514 -0.756760597 0.009395801 0.999892890 -0.011225859 -5.733312607 0.011863211 0.011114102 0.999867797 258.619018555
0.999892950 -0.009778119 -0.010886538 -0.767883539 0.009663351 0.999897718 -0.010545310 -5.794166565 0.010988539 0.010438980 0.999885082 260.027709961
0.999888837 -0.010513196 -0.010577909 -0.784503222 0.010396330 0.999885023 -0.011043232 -5.823377609 0.010692794 0.010932032 0.999882996 261.433746338
0.999900520 -0.009865966 -0.010078794 -0.792809844 0.009744097 0.999879658 -0.012070027 -5.808469296 0.010196663 0.011970621 0.999876320 262.856781006
0.999877930 -0.011892762 -0.010130440 -0.795305967 0.011757105 0.999841809 -0.013346974 -5.838123322 0.010287569 0.013226242 0.999859631 264.227508545
0.999866724 -0.013096172 -0.009747309 -0.815117240 0.012946786 0.999800146 -0.015234360 -5.877621651 0.009944871 0.015106134 0.999836385 265.652832031
0.999860942 -0.013597351 -0.009652347 -0.842508793 0.013442952 0.999783576 -0.015884437 -5.921780586 0.009866242 0.015752476 0.999827206 267.051605225
0.999847353 -0.012784315 -0.011910371 -0.857038975 0.012579279 0.999774098 -0.017133724 -5.967208862 0.012126721 0.016981283 0.999782264 268.450897217
0.999837995 -0.011362053 -0.013962846 -0.877269983 0.011123898 0.999793410 -0.017017208 -5.995051861 0.014153313 0.016859127 0.999757707 269.850952148
0.999840438 -0.011374731 -0.013774801 -0.968705893 0.011192372 0.999849617 -0.013244000 -6.057689667 0.013923375 0.013087715 0.999817550 271.320007324
0.999818683 -0.013301699 -0.013626069 -0.980801582 0.013164414 0.999862194 -0.010115711 -6.097878933 0.013758745 0.009934498 0.999856055 272.748260498
0.999821842 -0.013212645 -0.013475006 -1.015826464 0.013080426 0.999865830 -0.009853610 -6.124514580 0.013603391 0.009675595 0.999860644 274.292053223
0.999820054 -0.013330366 -0.013492638 -1.022248268 0.013180413 0.999850988 -0.011142095 -6.163130760 0.013639156 0.010962253 0.999846876 275.704071045
0.999795079 -0.015869411 -0.012566154 -1.062688589 0.015735231 0.999818802 -0.010705874 -6.209329128 0.012733775 0.010505949 0.999863744 276.936798096
0.999803424 -0.015606782 -0.012227125 -1.092158079 0.015473796 0.999820828 -0.010896457 -6.241864681 0.012394994 0.010705116 0.999865890 278.358612061
0.999824882 -0.014393703 -0.011953829 -1.118678570 0.014261242 0.999836743 -0.011093252 -6.286177635 0.012111551 0.010920834 0.999867022 279.872985840
0.999855042 -0.012616091 -0.011433795 -1.136383057 0.012479874 0.999851167 -0.011907701 -6.325517654 0.011582322 0.011763282 0.999863744 281.273773193
0.999848068 -0.012909370 -0.011709933 -1.120715380 0.012784103 0.999860942 -0.010710143 -6.461990356 0.011846566 0.010558817 0.999873996 282.675933838
0.999838114 -0.014614394 -0.010497811 -1.149743438 0.014526588 0.999859214 -0.008392308 -6.500166893 0.010618981 0.008238452 0.999909639 284.055694580
0.999843776 -0.014799716 -0.009654704 -1.208568931 0.014709227 0.999847770 -0.009377372 -6.452858925 0.009792017 0.009233894 0.999909341 285.430664062
0.999819934 -0.016015721 -0.010168724 -1.211127281 0.015906325 0.999815643 -0.010749641 -6.492297649 0.010339012 0.010585959 0.999890506 286.821075439
0.999840021 -0.014387117 -0.010619395 -1.199803829 0.014290000 0.999855876 -0.009165046 -6.615726471 0.010749723 0.009011829 0.999901593 288.220764160
0.999865294 -0.012719433 -0.010366172 -1.231388927 0.012604105 0.999858797 -0.011115789 -6.650075436 0.010506094 0.010983638 0.999884486 289.593658447
0.999888182 -0.010360014 -0.010783440 -1.292209029 0.010191778 0.999827266 -0.015541305 -6.628164291 0.010942583 0.015429663 0.999821067 291.060241699
0.999892354 -0.009093929 -0.011514692 -1.317360640 0.008917729 0.999843657 -0.015262168 -6.671928883 0.011651683 0.015157840 0.999817193 292.461212158
0.999865711 -0.009180608 -0.013575486 -1.282323360 0.009045280 0.999909043 -0.009996533 -6.777592659 0.013666027 0.009872396 0.999857843 293.742950439
0.999858201 -0.007806161 -0.014918268 -1.306679487 0.007706550 0.999947667 -0.006722978 -6.826150894 0.014969968 0.006607057 0.999866068 295.147369385
0.999815583 -0.008511521 -0.017211568 -1.295701027 0.008389261 0.999939144 -0.007163094 -6.905499935 0.017271487 0.007017381 0.999826193 296.567565918
0.999789774 -0.008549005 -0.018634016 -1.332477093 0.008379431 0.999922991 -0.009159306 -6.938652039 0.018710883 0.009001236 0.999784410 297.940032959
0.999724448 -0.010754777 -0.020865612 -1.379761219 0.010583325 0.999909461 -0.008309974 -6.950301170 0.020953095 0.008086856 0.999747753 299.452270508
0.999688327 -0.012294472 -0.021725047 -1.411685944 0.012132305 0.999897659 -0.007580647 -6.994767189 0.021816023 0.007314710 0.999735236 300.839111328
0.999675274 -0.012349183 -0.022288464 -1.446663857 0.012166184 0.999891341 -0.008327474 -7.026747704 0.022388881 0.008053605 0.999716878 302.167144775
0.999649763 -0.013246282 -0.022911072 -1.478076458 0.013025056 0.999867380 -0.009778239 -7.048194885 0.023037557 0.009476397 0.999689639 303.583618164
0.999653161 -0.013234960 -0.022767154 -1.523032665 0.013015087 0.999867380 -0.009778682 -7.089348793 0.022893561 0.009478974 0.999692917 304.886352539
0.999645352 -0.014188729 -0.022535570 -1.571669102 0.013968189 0.999853194 -0.009913739 -7.124131680 0.022672927 0.009595443 0.999696851 306.260772705
0.999661148 -0.014027140 -0.021926735 -1.644909859 0.013794447 0.999847293 -0.010727828 -7.159689426 0.022073869 0.010421729 0.999701977 307.690246582
0.999686241 -0.013238957 -0.021264121 -1.699488163 0.012985702 0.999843597 -0.012004188 -7.189549446 0.021419719 0.011724291 0.999701798 309.068542480
0.999693990 -0.015039820 -0.019637000 -1.790973663 0.014818822 0.999825776 -0.011351542 -7.226513386 0.019804301 0.011057071 0.999742746 310.203704834
0.999696791 -0.014865332 -0.019624183 -1.819591045 0.014630893 0.999820590 -0.012036311 -7.272808075 0.019799583 0.011745543 0.999734998 311.579711914
0.999670088 -0.016274573 -0.019869525 -1.842676163 0.016009921 0.999781907 -0.013406806 -7.310249329 0.020083386 0.013084273 0.999712706 312.894500732
0.999661207 -0.016774854 -0.019902354 -1.866001606 0.016556596 0.999801457 -0.011081142 -7.360627174 0.020084290 0.010747872 0.999740541 314.242004395
0.999606073 -0.019633099 -0.020056302 -1.898852825 0.019422030 0.999754488 -0.010664970 -7.386516571 0.020260766 0.010271235 0.999741912 315.595092773
0.999628305 -0.019466259 -0.019087369 -1.952665329 0.019248189 0.999748111 -0.011542588 -7.422986031 0.019307254 0.011170900 0.999751091 316.964355469
0.999634445 -0.018967379 -0.019264132 -1.970006943 0.018735070 0.999750435 -0.012169108 -7.462171555 0.019490143 0.011803747 0.999740362 318.297821045
0.999658644 -0.017916897 -0.019017912 -2.003873348 0.017715344 0.999785721 -0.010714125 -7.512972355 0.019205799 0.010373557 0.999761760 319.661071777
0.999683499 -0.016694963 -0.018819366 -2.035742760 0.016506631 0.999812663 -0.010118563 -7.541642189 0.018984765 0.009804716 0.999771655 321.005187988
0.999664068 -0.017713910 -0.018916406 -2.060886860 0.017522071 0.999793828 -0.010259290 -7.585050583 0.019094236 0.009924390 0.999768376 322.381469727
0.999682307 -0.017278941 -0.018346936 -2.103069067 0.017074842 0.999791205 -0.011223275 -7.617042542 0.018537028 0.010906440 0.999768615 323.746154785
0.999715567 -0.016227581 -0.017477158 -2.154029846 0.016014557 0.999796629 -0.012260507 -7.642251015 0.017672561 0.011977131 0.999772012 325.137817383
0.999698877 -0.016567450 -0.018101512 -2.165626764 0.016366754 0.999803543 -0.011179663 -7.700054169 0.018283173 0.010880032 0.999773622 326.487335205
0.999745488 -0.014347268 -0.017410239 -2.216090202 0.014151797 0.999836028 -0.011299053 -7.735386848 0.017569497 0.011049790 0.999784589 327.903839111
0.999731123 -0.014564473 -0.018042274 -2.223122120 0.014376963 0.999841750 -0.010479377 -7.769892693 0.018192044 0.010217167 0.999782443 329.236877441
0.999766171 -0.012487487 -0.017653741 -2.258259058 0.012278998 0.999854147 -0.011869412 -7.806611061 0.017799383 0.011649869 0.999773800 330.626739502
0.999792457 -0.011595178 -0.016752675 -2.293240547 0.011393034 0.999861598 -0.012111933 -7.852198601 0.016890800 0.011918555 0.999786317 331.976776123
0.999777973 -0.012597635 -0.016893230 -2.314946175 0.012396935 0.999851942 -0.011933147 -7.884010315 0.017041057 0.011721074 0.999786079 333.364257812
