0.389019012 0.135080367 -0.911272466 16.077461243 -0.246308625 0.968430161 0.038404755 0.633703709 0.887691557 0.209514081 0.410009235 7.105575562
0.397865564 0.138197631 -0.906975448 16.011095047 -0.247964308 0.967995048 0.038720086 0.632875323 0.883298755 0.209492147 0.419399977 7.139185905
0.405537158 0.139940634 -0.903302968 15.943078041 -0.248433650 0.967886925 0.038411994 0.633812666 0.879670560 0.208833337 0.427280098 7.176471233
0.412440509 0.142146915 -0.899826169 15.875772476 -0.249333173 0.967649102 0.038577743 0.633842587 0.876199782 0.208445475 0.434539557 7.216849804
0.421269208 0.143262401 -0.895549059 15.803376198 -0.249015063 0.967766404 0.037677642 0.634956360 0.872080147 0.207132757 0.443364710 7.255564690
0.430598229 0.144237578 -0.890943646 15.726869583 -0.249441728 0.967716336 0.036109891 0.637106001 0.867389143 0.206689686 0.452675790 7.294553757
0.425284505 0.142334253 -0.893797576 15.363068581 -0.250187337 0.967563331 0.035037693 0.651415765 0.869792759 0.208715856 0.447099864 7.647662640
0.447463870 0.150846347 -0.881488323 15.578144073 -0.250212699 0.967423677 0.038538400 0.638306022 0.858585835 0.203315049 0.470630825 7.381003857
0.457171291 0.154583097 -0.875841558 15.502361298 -0.250633746 0.967259705 0.039892431 0.638646126 0.853332937 0.201277792 0.480947107 7.425818920
0.467535496 0.156695709 -0.869975209 15.426121712 -0.251082242 0.967168987 0.039267041 0.639131904 0.847566009 0.200076625 0.491529316 7.471504211
0.478713095 0.157095075 -0.863802731 15.350362778 -0.250655621 0.967368305 0.037018500 0.638996422 0.841430664 0.198795736 0.502468705 7.518433094
0.489805043 0.155905262 -0.857778966 15.275390625 -0.250602841 0.967535675 0.032755941 0.639391661 0.835038364 0.198917821 0.512974262 7.566722870
0.505524218 0.250423491 -0.825671434 15.740884781 -0.359741956 0.930982351 0.062109001 0.646606803 0.784239113 0.265631020 0.560721993 7.652546406
0.351590782 0.094928883 -0.931328237 23.258972168 -0.194414467 0.980559945 0.026552562 0.919541657 0.915743947 0.171728045 0.363211334 6.373998165
0.374326587 0.094704822 -0.922448099 23.027584076 -0.197287545 0.980129838 0.020568140 0.920117855 0.906066895 0.174288332 0.385572791 6.474910259
0.401637137 0.095576197 -0.910797894 22.817041397 -0.199550241 0.979775548 0.014818272 0.917400360 0.893793821 0.175798371 0.412586421 6.579912186
0.430053502 0.095980950 -0.897686839 22.620193481 -0.200024262 0.979750276 0.008929871 0.912702382 0.880366027 0.175718814 0.440543532 6.684104919
0.462553501 0.095247544 -0.881460249 22.399576187 -0.201110020 0.979568601 0.000314659 0.910785973 0.863480747 0.177124932 0.472258151 6.798089027
0.491723895 0.093850918 -0.865678787 22.228752136 -0.199222952 0.979929686 -0.006925619 0.902954221 0.847654223 0.175868541 0.500552118 6.898595810
0.519867659 0.092632912 -0.849209487 22.015319824 -0.200034112 0.979664862 -0.015593390 0.894368410 0.830496252 0.177977368 0.527825773 7.034046650
0.546341360 0.090889178 -0.832616508 21.881248474 -0.200417191 0.979401827 -0.024596177 0.885896802 0.813230693 0.180308551 0.553303540 7.125421524
0.573554695 0.085539937 -0.814688861 21.658168793 -0.195205539 0.980154812 -0.034514617 0.868649364 0.795568883 0.178827778 0.578870296 7.287522793
0.599379420 0.076651484 -0.796786666 21.547931671 -0.186648905 0.981349170 -0.045999289 0.860563695 0.778400123 0.176290363 0.602507472 7.373134613
0.622947574 0.068453141 -0.779262602 21.339050293 -0.177337199 0.982586682 -0.055450689 0.836344004 0.761897385 0.172735140 0.624239326 7.556799889
0.646604300 0.061827976 -0.760315716 21.253490448 -0.169499338 0.983438373 -0.064177267 0.826220930 0.743755758 0.170370311 0.646375358 7.630239964
0.666975617 0.051156972 -0.743321300 21.055501938 -0.156403303 0.985025287 -0.072547749 0.796533704 0.728478909 0.164645478 0.664988935 7.822537899
0.686997116 0.040046081 -0.725555837 20.989971161 -0.146942317 0.985508621 -0.084739462 0.786104739 0.711647928 0.164830640 0.682926059 7.885886192
0.705846608 0.026514525 -0.707868338 20.787261963 -0.140675917 0.984642208 -0.103392459 0.750408113 0.694255650 0.172559202 0.698736310 8.097889900
0.724488139 0.012344979 -0.689176679 20.657003403 -0.135622874 0.982847750 -0.124966398 0.722799540 0.675813138 0.184004784 0.713735878 8.240736008
0.742984354 0.012462731 -0.669192672 20.581089020 -0.144708663 0.979169548 -0.142430037 0.666352749 0.653478146 0.202661276 0.729311168 8.351608276
0.760867536 0.000898540 -0.648906589 20.445610046 -0.134108141 0.978627920 -0.155891761 0.632496119 0.634898126 0.205636606 0.744726896 8.514416695
0.760867536 0.000898540 -0.648906589 20.445610046 -0.134108141 0.978627920 -0.155891761 0.632496119 0.634898126 0.205636606 0.744726896 8.514416695
0.760867536 0.000898540 -0.648906589 20.445610046 -0.134108141 0.978627920 -0.155891761 0.632496119 0.634898126 0.205636606 0.744726896 8.514416695
0.760867536 0.000898540 -0.648906589 20.445610046 -0.134108141 0.978627920 -0.155891761 0.632496119 0.634898126 0.205636606 0.744726896 8.514416695
0.760867536 0.000898540 -0.648906589 20.445610046 -0.134108141 0.978627920 -0.155891761 0.632496119 0.634898126 0.205636606 0.744726896 8.514416695
0.760867536 0.000898540 -0.648906589 20.445610046 -0.134108141 0.978627920 -0.155891761 0.632496119 0.634898126 0.205636606 0.744726896 8.514416695
0.760867536 0.000898540 -0.648906589 20.445610046 -0.134108141 0.978627920 -0.155891761 0.632496119 0.634898126 0.205636606 0.744726896 8.514416695
0.760867536 0.000898540 -0.648906589 20.445610046 -0.134108141 0.978627920 -0.155891761 0.632496119 0.634898126 0.205636606 0.744726896 8.514416695
0.760867536 0.000898540 -0.648906589 20.445610046 -0.134108141 0.978627920 -0.155891761 0.632496119 0.634898126 0.205636606 0.744726896 8.514416695
0.760867536 0.000898540 -0.648906589 20.445610046 -0.134108141 0.978627920 -0.155891761 0.632496119 0.634898126 0.205636606 0.744726896 8.514416695
0.760867536 0.000898540 -0.648906589 20.445610046 -0.134108141 0.978627920 -0.155891761 0.632496119 0.634898126 0.205636606 0.744726896 8.514416695
0.760867536 0.000898540 -0.648906589 20.445610046 -0.134108141 0.978627920 -0.155891761 0.632496119 0.634898126 0.205636606 0.744726896 8.514416695
0.760867536 0.000898540 -0.648906589 20.445610046 -0.134108141 0.978627920 -0.155891761 0.632496119 0.634898126 0.205636606 0.744726896 8.514416695
0.760867536 0.000898540 -0.648906589 20.445610046 -0.134108141 0.978627920 -0.155891761 0.632496119 0.634898126 0.205636606 0.744726896 8.514416695
0.760867536 0.000898540 -0.648906589 20.445610046 -0.134108141 0.978627920 -0.155891761 0.632496119 0.634898126 0.205636606 0.744726896 8.514416695
0.760867536 0.000898540 -0.648906589 20.445610046 -0.134108141 0.978627920 -0.155891761 0.632496119 0.634898126 0.205636606 0.744726896 8.514416695
0.760867536 0.000898540 -0.648906589 20.445610046 -0.134108141 0.978627920 -0.155891761 0.632496119 0.634898126 0.205636606 0.744726896 8.514416695
0.760867536 0.000898540 -0.648906589 20.445610046 -0.134108141 0.978627920 -0.155891761 0.632496119 0.634898126 0.205636606 0.744726896 8.514416695
0.760867536 0.000898540 -0.648906589 20.445610046 -0.134108141 0.978627920 -0.155891761 0.632496119 0.634898126 0.205636606 0.744726896 8.514416695
0.760867536 0.000898540 -0.648906589 20.445610046 -0.134108141 0.978627920 -0.155891761 0.632496119 0.634898126 0.205636606 0.744726896 8.514416695
0.760867536 0.000898540 -0.648906589 20.445610046 -0.134108141 0.978627920 -0.155891761 0.632496119 0.634898126 0.205636606 0.744726896 8.514416695
0.760867536 0.000898540 -0.648906589 20.445610046 -0.134108141 0.978627920 -0.155891761 0.632496119 0.634898126 0.205636606 0.744726896 8.514416695
0.760867536 0.000898540 -0.648906589 20.445610046 -0.134108141 0.978627920 -0.155891761 0.632496119 0.634898126 0.205636606 0.744726896 8.514416695
0.760867536 0.000898540 -0.648906589 20.445610046 -0.134108141 0.978627920 -0.155891761 0.632496119 0.634898126 0.205636606 0.744726896 8.514416695
0.760867536 0.000898540 -0.648906589 20.445610046 -0.134108141 0.978627920 -0.155891761 0.632496119 0.634898126 0.205636606 0.744726896 8.514416695
0.760867536 0.000898540 -0.648906589 20.445610046 -0.134108141 0.978627920 -0.155891761 0.632496119 0.634898126 0.205636606 0.744726896 8.514416695
0.760867536 0.000898540 -0.648906589 20.445610046 -0.134108141 0.978627920 -0.155891761 0.632496119 0.634898126 0.205636606 0.744726896 8.514416695
0.760867536 0.000898540 -0.648906589 20.445610046 -0.134108141 0.978627920 -0.155891761 0.632496119 0.634898126 0.205636606 0.744726896 8.514416695
0.760867536 0.000898540 -0.648906589 20.445610046 -0.134108141 0.978627920 -0.155891761 0.632496119 0.634898126 0.205636606 0.744726896 8.514416695
0.760867536 0.000898540 -0.648906589 20.445610046 -0.134108141 0.978627920 -0.155891761 0.632496119 0.634898126 0.205636606 0.744726896 8.514416695
0.760867536 0.000898540 -0.648906589 20.445610046 -0.134108141 0.978627920 -0.155891761 0.632496119 0.634898126 0.205636606 0.744726896 8.514416695
0.760867536 0.000898540 -0.648906589 20.445610046 -0.134108141 0.978627920 -0.155891761 0.632496119 0.634898126 0.205636606 0.744726896 8.514416695
0.760867536 0.000898540 -0.648906589 20.445610046 -0.134108141 0.978627920 -0.155891761 0.632496119 0.634898126 0.205636606 0.744726896 8.514416695
0.760867536 0.000898540 -0.648906589 20.445610046 -0.134108141 0.978627920 -0.155891761 0.632496119 0.634898126 0.205636606 0.744726896 8.514416695
0.760867536 0.000898540 -0.648906589 20.445610046 -0.134108141 0.978627920 -0.155891761 0.632496119 0.634898126 0.205636606 0.744726896 8.514416695
0.760867536 0.000898540 -0.648906589 20.445610046 -0.134108141 0.978627920 -0.155891761 0.632496119 0.634898126 0.205636606 0.744726896 8.514416695
0.760867536 0.000898540 -0.648906589 20.445610046 -0.134108141 0.978627920 -0.155891761 0.632496119 0.634898126 0.205636606 0.744726896 8.514416695
0.760867536 0.000898540 -0.648906589 20.445610046 -0.134108141 0.978627920 -0.155891761 0.632496119 0.634898126 0.205636606 0.744726896 8.514416695
0.760867536 0.000898540 -0.648906589 20.445610046 -0.134108141 0.978627920 -0.155891761 0.632496119 0.634898126 0.205636606 0.744726896 8.514416695
0.760867536 0.000898540 -0.648906589 20.445610046 -0.134108141 0.978627920 -0.155891761 0.632496119 0.634898126 0.205636606 0.744726896 8.514416695
0.760867536 0.000898540 -0.648906589 20.445610046 -0.134108141 0.978627920 -0.155891761 0.632496119 0.634898126 0.205636606 0.744726896 8.514416695
0.760867536 0.000898540 -0.648906589 20.445610046 -0.134108141 0.978627920 -0.155891761 0.632496119 0.634898126 0.205636606 0.744726896 8.514416695
0.760867536 0.000898540 -0.648906589 20.445610046 -0.134108141 0.978627920 -0.155891761 0.632496119 0.634898126 0.205636606 0.744726896 8.514416695
0.760867536 0.000898540 -0.648906589 20.445610046 -0.134108141 0.978627920 -0.155891761 0.632496119 0.634898126 0.205636606 0.744726896 8.514416695
0.760867536 0.000898540 -0.648906589 20.445610046 -0.134108141 0.978627920 -0.155891761 0.632496119 0.634898126 0.205636606 0.744726896 8.514416695
0.760867536 0.000898540 -0.648906589 20.445610046 -0.134108141 0.978627920 -0.155891761 0.632496119 0.634898126 0.205636606 0.744726896 8.514416695
0.760867536 0.000898540 -0.648906589 20.445610046 -0.134108141 0.978627920 -0.155891761 0.632496119 0.634898126 0.205636606 0.744726896 8.514416695
0.760867536 0.000898540 -0.648906589 20.445610046 -0.134108141 0.978627920 -0.155891761 0.632496119 0.634898126 0.205636606 0.744726896 8.514416695
0.760867536 0.000898540 -0.648906589 20.445610046 -0.134108141 0.978627920 -0.155891761 0.632496119 0.634898126 0.205636606 0.744726896 8.514416695
0.760867536 0.000898540 -0.648906589 20.445610046 -0.134108141 0.978627920 -0.155891761 0.632496119 0.634898126 0.205636606 0.744726896 8.514416695
0.760867536 0.000898540 -0.648906589 20.445610046 -0.134108141 0.978627920 -0.155891761 0.632496119 0.634898126 0.205636606 0.744726896 8.514416695
0.760867536 0.000898540 -0.648906589 20.445610046 -0.134108141 0.978627920 -0.155891761 0.632496119 0.634898126 0.205636606 0.744726896 8.514416695
0.760867536 0.000898540 -0.648906589 20.445610046 -0.134108141 0.978627920 -0.155891761 0.632496119 0.634898126 0.205636606 0.744726896 8.514416695
0.760867536 0.000898540 -0.648906589 20.445610046 -0.134108141 0.978627920 -0.155891761 0.632496119 0.634898126 0.205636606 0.744726896 8.514416695
0.760867536 0.000898540 -0.648906589 20.445610046 -0.134108141 0.978627920 -0.155891761 0.632496119 0.634898126 0.205636606 0.744726896 8.514416695
0.760867536 0.000898540 -0.648906589 20.445610046 -0.134108141 0.978627920 -0.155891761 0.632496119 0.634898126 0.205636606 0.744726896 8.514416695
0.760867536 0.000898540 -0.648906589 20.445610046 -0.134108141 0.978627920 -0.155891761 0.632496119 0.634898126 0.205636606 0.744726896 8.514416695
0.760867536 0.000898540 -0.648906589 20.445610046 -0.134108141 0.978627920 -0.155891761 0.632496119 0.634898126 0.205636606 0.744726896 8.514416695
0.760867536 0.000898540 -0.648906589 20.445610046 -0.134108141 0.978627920 -0.155891761 0.632496119 0.634898126 0.205636606 0.744726896 8.514416695
0.760867536 0.000898540 -0.648906589 20.445610046 -0.134108141 0.978627920 -0.155891761 0.632496119 0.634898126 0.205636606 0.744726896 8.514416695
0.760867536 0.000898540 -0.648906589 20.445610046 -0.134108141 0.978627920 -0.155891761 0.632496119 0.634898126 0.205636606 0.744726896 8.514416695
0.760867536 0.000898540 -0.648906589 20.445610046 -0.134108141 0.978627920 -0.155891761 0.632496119 0.634898126 0.205636606 0.744726896 8.514416695
0.760867536 0.000898540 -0.648906589 20.445610046 -0.134108141 0.978627920 -0.155891761 0.632496119 0.634898126 0.205636606 0.744726896 8.514416695
0.760867536 0.000898540 -0.648906589 20.445610046 -0.134108141 0.978627920 -0.155891761 0.632496119 0.634898126 0.205636606 0.744726896 8.514416695
0.760867536 0.000898540 -0.648906589 20.445610046 -0.134108141 0.978627920 -0.155891761 0.632496119 0.634898126 0.205636606 0.744726896 8.514416695
0.760867536 0.000898540 -0.648906589 20.445610046 -0.134108141 0.978627920 -0.155891761 0.632496119 0.634898126 0.205636606 0.744726896 8.514416695
0.760867536 0.000898540 -0.648906589 20.445610046 -0.134108141 0.978627920 -0.155891761 0.632496119 0.634898126 0.205636606 0.744726896 8.514416695
0.760867536 0.000898540 -0.648906589 20.445610046 -0.134108141 0.978627920 -0.155891761 0.632496119 0.634898126 0.205636606 0.744726896 8.514416695
0.760867536 0.000898540 -0.648906589 20.445610046 -0.134108141 0.978627920 -0.155891761 0.632496119 0.634898126 0.205636606 0.744726896 8.514416695
0.760867536 0.000898540 -0.648906589 20.445610046 -0.134108141 0.978627920 -0.155891761 0.632496119 0.634898126 0.205636606 0.744726896 8.514416695
0.760867536 0.000898540 -0.648906589 20.445610046 -0.134108141 0.978627920 -0.155891761 0.632496119 0.634898126 0.205636606 0.744726896 8.514416695
0.760867536 0.000898540 -0.648906589 20.445610046 -0.134108141 0.978627920 -0.155891761 0.632496119 0.634898126 0.205636606 0.744726896 8.514416695
0.760867536 0.000898540 -0.648906589 20.445610046 -0.134108141 0.978627920 -0.155891761 0.632496119 0.634898126 0.205636606 0.744726896 8.514416695
0.760867536 0.000898540 -0.648906589 20.445610046 -0.134108141 0.978627920 -0.155891761 0.632496119 0.634898126 0.205636606 0.744726896 8.514416695
0.760867536 0.000898540 -0.648906589 20.445610046 -0.134108141 0.978627920 -0.155891761 0.632496119 0.634898126 0.205636606 0.744726896 8.514416695
0.760867536 0.000898540 -0.648906589 20.445610046 -0.134108141 0.978627920 -0.155891761 0.632496119 0.634898126 0.205636606 0.744726896 8.514416695
0.760867536 0.000898540 -0.648906589 20.445610046 -0.134108141 0.978627920 -0.155891761 0.632496119 0.634898126 0.205636606 0.744726896 8.514416695
0.760867536 0.000898540 -0.648906589 20.445610046 -0.134108141 0.978627920 -0.155891761 0.632496119 0.634898126 0.205636606 0.744726896 8.514416695
0.760867536 0.000898540 -0.648906589 20.445610046 -0.134108141 0.978627920 -0.155891761 0.632496119 0.634898126 0.205636606 0.744726896 8.514416695
0.760867536 0.000898540 -0.648906589 20.445610046 -0.134108141 0.978627920 -0.155891761 0.632496119 0.634898126 0.205636606 0.744726896 8.514416695
0.760867536 0.000898540 -0.648906589 20.445610046 -0.134108141 0.978627920 -0.155891761 0.632496119 0.634898126 0.205636606 0.744726896 8.514416695
0.760867536 0.000898540 -0.648906589 20.445610046 -0.134108141 0.978627920 -0.155891761 0.632496119 0.634898126 0.205636606 0.744726896 8.514416695
0.760867536 0.000898540 -0.648906589 20.445610046 -0.134108141 0.978627920 -0.155891761 0.632496119 0.634898126 0.205636606 0.744726896 8.514416695
0.760867536 0.000898540 -0.648906589 20.445610046 -0.134108141 0.978627920 -0.155891761 0.632496119 0.634898126 0.205636606 0.744726896 8.514416695
0.760867536 0.000898540 -0.648906589 20.445610046 -0.134108141 0.978627920 -0.155891761 0.632496119 0.634898126 0.205636606 0.744726896 8.514416695
0.760867536 0.000898540 -0.648906589 20.445610046 -0.134108141 0.978627920 -0.155891761 0.632496119 0.634898126 0.205636606 0.744726896 8.514416695
0.760867536 0.000898540 -0.648906589 20.445610046 -0.134108141 0.978627920 -0.155891761 0.632496119 0.634898126 0.205636606 0.744726896 8.514416695
0.760867536 0.000898540 -0.648906589 20.445610046 -0.134108141 0.978627920 -0.155891761 0.632496119 0.634898126 0.205636606 0.744726896 8.514416695
0.760867536 0.000898540 -0.648906589 20.445610046 -0.134108141 0.978627920 -0.155891761 0.632496119 0.634898126 0.205636606 0.744726896 8.514416695
0.760867536 0.000898540 -0.648906589 20.445610046 -0.134108141 0.978627920 -0.155891761 0.632496119 0.634898126 0.205636606 0.744726896 8.514416695
0.760867536 0.000898540 -0.648906589 20.445610046 -0.134108141 0.978627920 -0.155891761 0.632496119 0.634898126 0.205636606 0.744726896 8.514416695
0.760867536 0.000898540 -0.648906589 20.445610046 -0.134108141 0.978627920 -0.155891761 0.632496119 0.634898126 0.205636606 0.744726896 8.514416695
0.760867536 0.000898540 -0.648906589 20.445610046 -0.134108141 0.978627920 -0.155891761 0.632496119 0.634898126 0.205636606 0.744726896 8.514416695
0.760867536 0.000898540 -0.648906589 20.445610046 -0.134108141 0.978627920 -0.155891761 0.632496119 0.634898126 0.205636606 0.744726896 8.514416695
0.760867536 0.000898540 -0.648906589 20.445610046 -0.134108141 0.978627920 -0.155891761 0.632496119 0.634898126 0.205636606 0.744726896 8.514416695
0.760867536 0.000898540 -0.648906589 20.445610046 -0.134108141 0.978627920 -0.155891761 0.632496119 0.634898126 0.205636606 0.744726896 8.514416695
0.760867536 0.000898540 -0.648906589 20.445610046 -0.134108141 0.978627920 -0.155891761 0.632496119 0.634898126 0.205636606 0.744726896 8.514416695
0.760867536 0.000898540 -0.648906589 20.445610046 -0.134108141 0.978627920 -0.155891761 0.632496119 0.634898126 0.205636606 0.744726896 8.514416695
0.760867536 0.000898540 -0.648906589 20.445610046 -0.134108141 0.978627920 -0.155891761 0.632496119 0.634898126 0.205636606 0.744726896 8.514416695
0.760867536 0.000898540 -0.648906589 20.445610046 -0.134108141 0.978627920 -0.155891761 0.632496119 0.634898126 0.205636606 0.744726896 8.514416695
0.760867536 0.000898540 -0.648906589 20.445610046 -0.134108141 0.978627920 -0.155891761 0.632496119 0.634898126 0.205636606 0.744726896 8.514416695
0.760867536 0.000898540 -0.648906589 20.445610046 -0.134108141 0.978627920 -0.155891761 0.632496119 0.634898126 0.205636606 0.744726896 8.514416695
0.760867536 0.000898540 -0.648906589 20.445610046 -0.134108141 0.978627920 -0.155891761 0.632496119 0.634898126 0.205636606 0.744726896 8.514416695
0.760867536 0.000898540 -0.648906589 20.445610046 -0.134108141 0.978627920 -0.155891761 0.632496119 0.634898126 0.205636606 0.744726896 8.514416695
0.760867536 0.000898540 -0.648906589 20.445610046 -0.134108141 0.978627920 -0.155891761 0.632496119 0.634898126 0.205636606 0.744726896 8.514416695
0.760867536 0.000898540 -0.648906589 20.445610046 -0.134108141 0.978627920 -0.155891761 0.632496119 0.634898126 0.205636606 0.744726896 8.514416695
0.760867536 0.000898540 -0.648906589 20.445610046 -0.134108141 0.978627920 -0.155891761 0.632496119 0.634898126 0.205636606 0.744726896 8.514416695
0.760867536 0.000898540 -0.648906589 20.445610046 -0.134108141 0.978627920 -0.155891761 0.632496119 0.634898126 0.205636606 0.744726896 8.514416695
0.760867536 0.000898540 -0.648906589 20.445610046 -0.134108141 0.978627920 -0.155891761 0.632496119 0.634898126 0.205636606 0.744726896 8.514416695
0.760867536 0.000898540 -0.648906589 20.445610046 -0.134108141 0.978627920 -0.155891761 0.632496119 0.634898126 0.205636606 0.744726896 8.514416695
0.760867536 0.000898540 -0.648906589 20.445610046 -0.134108141 0.978627920 -0.155891761 0.632496119 0.634898126 0.205636606 0.744726896 8.514416695
0.760867536 0.000898540 -0.648906589 20.445610046 -0.134108141 0.978627920 -0.155891761 0.632496119 0.634898126 0.205636606 0.744726896 8.514416695
0.760867536 0.000898540 -0.648906589 20.445610046 -0.134108141 0.978627920 -0.155891761 0.632496119 0.634898126 0.205636606 0.744726896 8.514416695
0.760867536 0.000898540 -0.648906589 20.445610046 -0.134108141 0.978627920 -0.155891761 0.632496119 0.634898126 0.205636606 0.744726896 8.514416695
0.760867536 0.000898540 -0.648906589 20.445610046 -0.134108141 0.978627920 -0.155891761 0.632496119 0.634898126 0.205636606 0.744726896 8.514416695
0.760867536 0.000898540 -0.648906589 20.445610046 -0.134108141 0.978627920 -0.155891761 0.632496119 0.634898126 0.205636606 0.744726896 8.514416695
0.760867536 0.000898540 -0.648906589 20.445610046 -0.134108141 0.978627920 -0.155891761 0.632496119 0.634898126 0.205636606 0.744726896 8.514416695
0.760867536 0.000898540 -0.648906589 20.445610046 -0.134108141 0.978627920 -0.155891761 0.632496119 0.634898126 0.205636606 0.744726896 8.514416695
0.760867536 0.000898540 -0.648906589 20.445610046 -0.134108141 0.978627920 -0.155891761 0.632496119 0.634898126 0.205636606 0.744726896 8.514416695
0.760867536 0.000898540 -0.648906589 20.445610046 -0.134108141 0.978627920 -0.155891761 0.632496119 0.634898126 0.205636606 0.744726896 8.514416695
0.760867536 0.000898540 -0.648906589 20.445610046 -0.134108141 0.978627920 -0.155891761 0.632496119 0.634898126 0.205636606 0.744726896 8.514416695
0.760867536 0.000898540 -0.648906589 20.445610046 -0.134108141 0.978627920 -0.155891761 0.632496119 0.634898126 0.205636606 0.744726896 8.514416695
0.760867536 0.000898540 -0.648906589 20.445610046 -0.134108141 0.978627920 -0.155891761 0.632496119 0.634898126 0.205636606 0.744726896 8.514416695
0.760867536 0.000898540 -0.648906589 20.445610046 -0.134108141 0.978627920 -0.155891761 0.632496119 0.634898126 0.205636606 0.744726896 8.514416695
0.760867536 0.000898540 -0.648906589 20.445610046 -0.134108141 0.978627920 -0.155891761 0.632496119 0.634898126 0.205636606 0.744726896 8.514416695
0.760867536 0.000898540 -0.648906589 20.445610046 -0.134108141 0.978627920 -0.155891761 0.632496119 0.634898126 0.205636606 0.744726896 8.514416695
0.760867536 0.000898540 -0.648906589 20.445610046 -0.134108141 0.978627920 -0.155891761 0.632496119 0.634898126 0.205636606 0.744726896 8.514416695
0.760867536 0.000898540 -0.648906589 20.445610046 -0.134108141 0.978627920 -0.155891761 0.632496119 0.634898126 0.205636606 0.744726896 8.514416695
0.760867536 0.000898540 -0.648906589 20.445610046 -0.134108141 0.978627920 -0.155891761 0.632496119 0.634898126 0.205636606 0.744726896 8.514416695
0.760867536 0.000898540 -0.648906589 20.445610046 -0.134108141 0.978627920 -0.155891761 0.632496119 0.634898126 0.205636606 0.744726896 8.514416695
0.760867536 0.000898540 -0.648906589 20.445610046 -0.134108141 0.978627920 -0.155891761 0.632496119 0.634898126 0.205636606 0.744726896 8.514416695
0.760867536 0.000898540 -0.648906589 20.445610046 -0.134108141 0.978627920 -0.155891761 0.632496119 0.634898126 0.205636606 0.744726896 8.514416695
0.760867536 0.000898540 -0.648906589 20.445610046 -0.134108141 0.978627920 -0.155891761 0.632496119 0.634898126 0.205636606 0.744726896 8.514416695
0.760867536 0.000898540 -0.648906589 20.445610046 -0.134108141 0.978627920 -0.155891761 0.632496119 0.634898126 0.205636606 0.744726896 8.514416695
0.760867536 0.000898540 -0.648906589 20.445610046 -0.134108141 0.978627920 -0.155891761 0.632496119 0.634898126 0.205636606 0.744726896 8.514416695
0.760867536 0.000898540 -0.648906589 20.445610046 -0.134108141 0.978627920 -0.155891761 0.632496119 0.634898126 0.205636606 0.744726896 8.514416695
0.760867536 0.000898540 -0.648906589 20.445610046 -0.134108141 0.978627920 -0.155891761 0.632496119 0.634898126 0.205636606 0.744726896 8.514416695
0.760867536 0.000898540 -0.648906589 20.445610046 -0.134108141 0.978627920 -0.155891761 0.632496119 0.634898126 0.205636606 0.744726896 8.514416695
0.760867536 0.000898540 -0.648906589 20.445610046 -0.134108141 0.978627920 -0.155891761 0.632496119 0.634898126 0.205636606 0.744726896 8.514416695
0.760867536 0.000898540 -0.648906589 20.445610046 -0.134108141 0.978627920 -0.155891761 0.632496119 0.634898126 0.205636606 0.744726896 8.514416695
0.760867536 0.000898540 -0.648906589 20.445610046 -0.134108141 0.978627920 -0.155891761 0.632496119 0.634898126 0.205636606 0.744726896 8.514416695
0.760867536 0.000898540 -0.648906589 20.445610046 -0.134108141 0.978627920 -0.155891761 0.632496119 0.634898126 0.205636606 0.744726896 8.514416695
0.760867536 0.000898540 -0.648906589 20.445610046 -0.134108141 0.978627920 -0.155891761 0.632496119 0.634898126 0.205636606 0.744726896 8.514416695
0.760867536 0.000898540 -0.648906589 20.445610046 -0.134108141 0.978627920 -0.155891761 0.632496119 0.634898126 0.205636606 0.744726896 8.514416695
0.760867536 0.000898540 -0.648906589 20.445610046 -0.134108141 0.978627920 -0.155891761 0.632496119 0.634898126 0.205636606 0.744726896 8.514416695
0.760867536 0.000898540 -0.648906589 20.445610046 -0.134108141 0.978627920 -0.155891761 0.632496119 0.634898126 0.205636606 0.744726896 8.514416695
0.760867536 0.000898540 -0.648906589 20.445610046 -0.134108141 0.978627920 -0.155891761 0.632496119 0.634898126 0.205636606 0.744726896 8.514416695
0.760867536 0.000898540 -0.648906589 20.445610046 -0.134108141 0.978627920 -0.155891761 0.632496119 0.634898126 0.205636606 0.744726896 8.514416695
0.760867536 0.000898540 -0.648906589 20.445610046 -0.134108141 0.978627920 -0.155891761 0.632496119 0.634898126 0.205636606 0.744726896 8.514416695
0.760867536 0.000898540 -0.648906589 20.445610046 -0.134108141 0.978627920 -0.155891761 0.632496119 0.634898126 0.205636606 0.744726896 8.514416695
0.760867536 0.000898540 -0.648906589 20.445610046 -0.134108141 0.978627920 -0.155891761 0.632496119 0.634898126 0.205636606 0.744726896 8.514416695
0.760867536 0.000898540 -0.648906589 20.445610046 -0.134108141 0.978627920 -0.155891761 0.632496119 0.634898126 0.205636606 0.744726896 8.514416695
0.760867536 0.000898540 -0.648906589 20.445610046 -0.134108141 0.978627920 -0.155891761 0.632496119 0.634898126 0.205636606 0.744726896 8.514416695
0.760867536 0.000898540 -0.648906589 20.445610046 -0.134108141 0.978627920 -0.155891761 0.632496119 0.634898126 0.205636606 0.744726896 8.514416695
0.760867536 0.000898540 -0.648906589 20.445610046 -0.134108141 0.978627920 -0.155891761 0.632496119 0.634898126 0.205636606 0.744726896 8.514416695
0.760867536 0.000898540 -0.648906589 20.445610046 -0.134108141 0.978627920 -0.155891761 0.632496119 0.634898126 0.205636606 0.744726896 8.514416695
0.760867536 0.000898540 -0.648906589 20.445610046 -0.134108141 0.978627920 -0.155891761 0.632496119 0.634898126 0.205636606 0.744726896 8.514416695
0.760867536 0.000898540 -0.648906589 20.445610046 -0.134108141 0.978627920 -0.155891761 0.632496119 0.634898126 0.205636606 0.744726896 8.514416695
0.760867536 0.000898540 -0.648906589 20.445610046 -0.134108141 0.978627920 -0.155891761 0.632496119 0.634898126 0.205636606 0.744726896 8.514416695
0.760867536 0.000898540 -0.648906589 20.445610046 -0.134108141 0.978627920 -0.155891761 0.632496119 0.634898126 0.205636606 0.744726896 8.514416695
0.760867536 0.000898540 -0.648906589 20.445610046 -0.134108141 0.978627920 -0.155891761 0.632496119 0.634898126 0.205636606 0.744726896 8.514416695
0.760867536 0.000898540 -0.648906589 20.445610046 -0.134108141 0.978627920 -0.155891761 0.632496119 0.634898126 0.205636606 0.744726896 8.514416695
0.760867536 0.000898540 -0.648906589 20.445610046 -0.134108141 0.978627920 -0.155891761 0.632496119 0.634898126 0.205636606 0.744726896 8.514416695
0.760867536 0.000898540 -0.648906589 20.445610046 -0.134108141 0.978627920 -0.155891761 0.632496119 0.634898126 0.205636606 0.744726896 8.514416695
0.760867536 0.000898540 -0.648906589 20.445610046 -0.134108141 0.978627920 -0.155891761 0.632496119 0.634898126 0.205636606 0.744726896 8.514416695
0.760867536 0.000898540 -0.648906589 20.445610046 -0.134108141 0.978627920 -0.155891761 0.632496119 0.634898126 0.205636606 0.744726896 8.514416695
0.760867536 0.000898540 -0.648906589 20.445610046 -0.134108141 0.978627920 -0.155891761 0.632496119 0.634898126 0.205636606 0.744726896 8.514416695
0.760867536 0.000898540 -0.648906589 20.445610046 -0.134108141 0.978627920 -0.155891761 0.632496119 0.634898126 0.205636606 0.744726896 8.514416695
0.760867536 0.000898540 -0.648906589 20.445610046 -0.134108141 0.978627920 -0.155891761 0.632496119 0.634898126 0.205636606 0.744726896 8.514416695
0.760867536 0.000898540 -0.648906589 20.445610046 -0.134108141 0.978627920 -0.155891761 0.632496119 0.634898126 0.205636606 0.744726896 8.514416695
0.760867536 0.000898540 -0.648906589 20.445610046 -0.134108141 0.978627920 -0.155891761 0.632496119 0.634898126 0.205636606 0.744726896 8.514416695
0.760867536 0.000898540 -0.648906589 20.445610046 -0.134108141 0.978627920 -0.155891761 0.632496119 0.634898126 0.205636606 0.744726896 8.514416695
0.760867536 0.000898540 -0.648906589 20.445610046 -0.134108141 0.978627920 -0.155891761 0.632496119 0.634898126 0.205636606 0.744726896 8.514416695
0.760867536 0.000898540 -0.648906589 20.445610046 -0.134108141 0.978627920 -0.155891761 0.632496119 0.634898126 0.205636606 0.744726896 8.514416695
0.760867536 0.000898540 -0.648906589 20.445610046 -0.134108141 0.978627920 -0.155891761 0.632496119 0.634898126 0.205636606 0.744726896 8.514416695
0.760867536 0.000898540 -0.648906589 20.445610046 -0.134108141 0.978627920 -0.155891761 0.632496119 0.634898126 0.205636606 0.744726896 8.514416695
0.760867536 0.000898540 -0.648906589 20.445610046 -0.134108141 0.978627920 -0.155891761 0.632496119 0.634898126 0.205636606 0.744726896 8.514416695
0.760867536 0.000898540 -0.648906589 20.445610046 -0.134108141 0.978627920 -0.155891761 0.632496119 0.634898126 0.205636606 0.744726896 8.514416695
0.760867536 0.000898540 -0.648906589 20.445610046 -0.134108141 0.978627920 -0.155891761 0.632496119 0.634898126 0.205636606 0.744726896 8.514416695
0.760867536 0.000898540 -0.648906589 20.445610046 -0.134108141 0.978627920 -0.155891761 0.632496119 0.634898126 0.205636606 0.744726896 8.514416695
0.760867536 0.000898540 -0.648906589 20.445610046 -0.134108141 0.978627920 -0.155891761 0.632496119 0.634898126 0.205636606 0.744726896 8.514416695
0.760867536 0.000898540 -0.648906589 20.445610046 -0.134108141 0.978627920 -0.155891761 0.632496119 0.634898126 0.205636606 0.744726896 8.514416695
0.760867536 0.000898540 -0.648906589 20.445610046 -0.134108141 0.978627920 -0.155891761 0.632496119 0.634898126 0.205636606 0.744726896 8.514416695
0.760867536 0.000898540 -0.648906589 20.445610046 -0.134108141 0.978627920 -0.155891761 0.632496119 0.634898126 0.205636606 0.744726896 8.514416695
0.760867536 0.000898540 -0.648906589 20.445610046 -0.134108141 0.978627920 -0.155891761 0.632496119 0.634898126 0.205636606 0.744726896 8.514416695
0.760867536 0.000898540 -0.648906589 20.445610046 -0.134108141 0.978627920 -0.155891761 0.632496119 0.634898126 0.205636606 0.744726896 8.514416695
0.760867536 0.000898540 -0.648906589 20.445610046 -0.134108141 0.978627920 -0.155891761 0.632496119 0.634898126 0.205636606 0.744726896 8.514416695
0.760867536 0.000898540 -0.648906589 20.445610046 -0.134108141 0.978627920 -0.155891761 0.632496119 0.634898126 0.205636606 0.744726896 8.514416695
0.760867536 0.000898540 -0.648906589 20.445610046 -0.134108141 0.978627920 -0.155891761 0.632496119 0.634898126 0.205636606 0.744726896 8.514416695
0.760867536 0.000898540 -0.648906589 20.445610046 -0.134108141 0.978627920 -0.155891761 0.632496119 0.634898126 0.205636606 0.744726896 8.514416695
0.760867536 0.000898540 -0.648906589 20.445610046 -0.134108141 0.978627920 -0.155891761 0.632496119 0.634898126 0.205636606 0.744726896 8.514416695
0.760867536 0.000898540 -0.648906589 20.445610046 -0.134108141 0.978627920 -0.155891761 0.632496119 0.634898126 0.205636606 0.744726896 8.514416695
0.760867536 0.000898540 -0.648906589 20.445610046 -0.134108141 0.978627920 -0.155891761 0.632496119 0.634898126 0.205636606 0.744726896 8.514416695
0.760867536 0.000898540 -0.648906589 20.445610046 -0.134108141 0.978627920 -0.155891761 0.632496119 0.634898126 0.205636606 0.744726896 8.514416695
0.760867536 0.000898540 -0.648906589 20.445610046 -0.134108141 0.978627920 -0.155891761 0.632496119 0.634898126 0.205636606 0.744726896 8.514416695
0.760867536 0.000898540 -0.648906589 20.445610046 -0.134108141 0.978627920 -0.155891761 0.632496119 0.634898126 0.205636606 0.744726896 8.514416695
0.760867536 0.000898540 -0.648906589 20.445610046 -0.134108141 0.978627920 -0.155891761 0.632496119 0.634898126 0.205636606 0.744726896 8.514416695
0.760867536 0.000898540 -0.648906589 20.445610046 -0.134108141 0.978627920 -0.155891761 0.632496119 0.634898126 0.205636606 0.744726896 8.514416695
0.760867536 0.000898540 -0.648906589 20.445610046 -0.134108141 0.978627920 -0.155891761 0.632496119 0.634898126 0.205636606 0.744726896 8.514416695
0.760867536 0.000898540 -0.648906589 20.445610046 -0.134108141 0.978627920 -0.155891761 0.632496119 0.634898126 0.205636606 0.744726896 8.514416695
0.760867536 0.000898540 -0.648906589 20.445610046 -0.134108141 0.978627920 -0.155891761 0.632496119 0.634898126 0.205636606 0.744726896 8.514416695
0.760867536 0.000898540 -0.648906589 20.445610046 -0.134108141 0.978627920 -0.155891761 0.632496119 0.634898126 0.205636606 0.744726896 8.514416695
0.760867536 0.000898540 -0.648906589 20.445610046 -0.134108141 0.978627920 -0.155891761 0.632496119 0.634898126 0.205636606 0.744726896 8.514416695
0.760867536 0.000898540 -0.648906589 20.445610046 -0.134108141 0.978627920 -0.155891761 0.632496119 0.634898126 0.205636606 0.744726896 8.514416695
0.760867536 0.000898540 -0.648906589 20.445610046 -0.134108141 0.978627920 -0.155891761 0.632496119 0.634898126 0.205636606 0.744726896 8.514416695
0.760867536 0.000898540 -0.648906589 20.445610046 -0.134108141 0.978627920 -0.155891761 0.632496119 0.634898126 0.205636606 0.744726896 8.514416695
0.760867536 0.000898540 -0.648906589 20.445610046 -0.134108141 0.978627920 -0.155891761 0.632496119 0.634898126 0.205636606 0.744726896 8.514416695
0.760867536 0.000898540 -0.648906589 20.445610046 -0.134108141 0.978627920 -0.155891761 0.632496119 0.634898126 0.205636606 0.744726896 8.514416695
0.760867536 0.000898540 -0.648906589 20.445610046 -0.134108141 0.978627920 -0.155891761 0.632496119 0.634898126 0.205636606 0.744726896 8.514416695
0.760867536 0.000898540 -0.648906589 20.445610046 -0.134108141 0.978627920 -0.155891761 0.632496119 0.634898126 0.205636606 0.744726896 8.514416695
0.760867536 0.000898540 -0.648906589 20.445610046 -0.134108141 0.978627920 -0.155891761 0.632496119 0.634898126 0.205636606 0.744726896 8.514416695
0.760867536 0.000898540 -0.648906589 20.445610046 -0.134108141 0.978627920 -0.155891761 0.632496119 0.634898126 0.205636606 0.744726896 8.514416695
0.760867536 0.000898540 -0.648906589 20.445610046 -0.134108141 0.978627920 -0.155891761 0.632496119 0.634898126 0.205636606 0.744726896 8.514416695
0.760867536 0.000898540 -0.648906589 20.445610046 -0.134108141 0.978627920 -0.155891761 0.632496119 0.634898126 0.205636606 0.744726896 8.514416695
0.760867536 0.000898540 -0.648906589 20.445610046 -0.134108141 0.978627920 -0.155891761 0.632496119 0.634898126 0.205636606 0.744726896 8.514416695
0.760867536 0.000898540 -0.648906589 20.445610046 -0.134108141 0.978627920 -0.155891761 0.632496119 0.634898126 0.205636606 0.744726896 8.514416695
0.760867536 0.000898540 -0.648906589 20.445610046 -0.134108141 0.978627920 -0.155891761 0.632496119 0.634898126 0.205636606 0.744726896 8.514416695
0.760867536 0.000898540 -0.648906589 20.445610046 -0.134108141 0.978627920 -0.155891761 0.632496119 0.634898126 0.205636606 0.744726896 8.514416695
0.760867536 0.000898540 -0.648906589 20.445610046 -0.134108141 0.978627920 -0.155891761 0.632496119 0.634898126 0.205636606 0.744726896 8.514416695
0.760867536 0.000898540 -0.648906589 20.445610046 -0.134108141 0.978627920 -0.155891761 0.632496119 0.634898126 0.205636606 0.744726896 8.514416695
0.760867536 0.000898540 -0.648906589 20.445610046 -0.134108141 0.978627920 -0.155891761 0.632496119 0.634898126 0.205636606 0.744726896 8.514416695
0.760867536 0.000898540 -0.648906589 20.445610046 -0.134108141 0.978627920 -0.155891761 0.632496119 0.634898126 0.205636606 0.744726896 8.514416695
0.760867536 0.000898540 -0.648906589 20.445610046 -0.134108141 0.978627920 -0.155891761 0.632496119 0.634898126 0.205636606 0.744726896 8.514416695
0.760867536 0.000898540 -0.648906589 20.445610046 -0.134108141 0.978627920 -0.155891761 0.632496119 0.634898126 0.205636606 0.744726896 8.514416695
0.760867536 0.000898540 -0.648906589 20.445610046 -0.134108141 0.978627920 -0.155891761 0.632496119 0.634898126 0.205636606 0.744726896 8.514416695
0.760867536 0.000898540 -0.648906589 20.445610046 -0.134108141 0.978627920 -0.155891761 0.632496119 0.634898126 0.205636606 0.744726896 8.514416695
0.760867536 0.000898540 -0.648906589 20.445610046 -0.134108141 0.978627920 -0.155891761 0.632496119 0.634898126 0.205636606 0.744726896 8.514416695
0.760867536 0.000898540 -0.648906589 20.445610046 -0.134108141 0.978627920 -0.155891761 0.632496119 0.634898126 0.205636606 0.744726896 8.514416695
0.760867536 0.000898540 -0.648906589 20.445610046 -0.134108141 0.978627920 -0.155891761 0.632496119 0.634898126 0.205636606 0.744726896 8.514416695
0.760867536 0.000898540 -0.648906589 20.445610046 -0.134108141 0.978627920 -0.155891761 0.632496119 0.634898126 0.205636606 0.744726896 8.514416695
0.760867536 0.000898540 -0.648906589 20.445610046 -0.134108141 0.978627920 -0.155891761 0.632496119 0.634898126 0.205636606 0.744726896 8.514416695
0.760867536 0.000898540 -0.648906589 20.445610046 -0.134108141 0.978627920 -0.155891761 0.632496119 0.634898126 0.205636606 0.744726896 8.514416695
0.760867536 0.000898540 -0.648906589 20.445610046 -0.134108141 0.978627920 -0.155891761 0.632496119 0.634898126 0.205636606 0.744726896 8.514416695
0.760867536 0.000898540 -0.648906589 20.445610046 -0.134108141 0.978627920 -0.155891761 0.632496119 0.634898126 0.205636606 0.744726896 8.514416695
0.760867536 0.000898540 -0.648906589 20.445610046 -0.134108141 0.978627920 -0.155891761 0.632496119 0.634898126 0.205636606 0.744726896 8.514416695
0.760867536 0.000898540 -0.648906589 20.445610046 -0.134108141 0.978627920 -0.155891761 0.632496119 0.634898126 0.205636606 0.744726896 8.514416695
0.760867536 0.000898540 -0.648906589 20.445610046 -0.134108141 0.978627920 -0.155891761 0.632496119 0.634898126 0.205636606 0.744726896 8.514416695
0.760867536 0.000898540 -0.648906589 20.445610046 -0.134108141 0.978627920 -0.155891761 0.632496119 0.634898126 0.205636606 0.744726896 8.514416695
0.760867536 0.000898540 -0.648906589 20.445610046 -0.134108141 0.978627920 -0.155891761 0.632496119 0.634898126 0.205636606 0.744726896 8.514416695
0.760867536 0.000898540 -0.648906589 20.445610046 -0.134108141 0.978627920 -0.155891761 0.632496119 0.634898126 0.205636606 0.744726896 8.514416695
