0.999985397 0.004760605 -0.002548995 -0.045880780 -0.004797272 0.999882162 -0.014577267 -0.087456420 0.002479299 0.014589281 0.999890506 0.981274247
0.999996603 -0.001244522 0.002258031 -0.004822840 0.001256840 0.999984264 -0.005461867 -0.000530818 -0.002251199 0.005464687 0.999982536 1.922022820
0.999992669 -0.002750664 0.002668127 -0.009338152 0.002754328 0.999995291 -0.001370086 -0.002760453 -0.002664346 0.001377425 0.999995530 2.882626057
0.999984860 -0.005104363 0.002048801 -0.009851582 0.005094744 0.999976039 0.004672838 -0.003699685 -0.002072604 -0.004662329 0.999987006 3.840630531
0.999962330 -0.008647423 0.000634263 -0.008027845 0.008644283 0.999951124 0.004796931 -0.002891777 -0.000675713 -0.004791268 0.999988317 4.785126686
0.999964535 -0.007200532 -0.004374105 -0.064397246 0.007164537 0.999940753 -0.008189365 -0.130125761 0.004432814 0.008157735 0.999956906 5.732879162
0.999961674 -0.005695235 -0.006645215 -0.062818669 0.005591662 0.999864221 -0.015501888 -0.130360752 0.006732600 0.015464135 0.999857783 6.664427757
0.999951780 -0.006105054 -0.007690542 -0.074805215 0.005980443 0.999852240 -0.016123077 -0.145050317 0.007787837 0.016076310 0.999840438 7.597564220
0.999962807 -0.004203026 -0.007528147 -0.087547265 0.004101524 0.999901175 -0.013448270 -0.153625593 0.007583926 0.013416893 0.999881208 8.525888443
0.999968290 -0.002394266 -0.007583904 -0.095204905 0.002320068 0.999949515 -0.009777389 -0.165306538 0.007606931 0.009759485 0.999923468 9.451942444
0.999962389 -0.002589783 -0.008271061 -0.106748194 0.002523593 0.999964714 -0.008003061 -0.178779930 0.008291494 0.007981886 0.999933779 10.371525764
0.999953866 -0.003796424 -0.008820962 -0.120893024 0.003730252 0.999964833 -0.007506083 -0.181348711 0.008849148 0.007472832 0.999932885 11.259629250
0.999951005 -0.002186908 -0.009646923 -0.116851963 0.002122734 0.999975562 -0.006657641 -0.189137965 0.009661247 0.006636838 0.999931216 12.208259583
0.999932706 -0.002976748 -0.011207999 -0.112188518 0.002893272 0.999967992 -0.007456677 -0.203569919 0.011229836 0.007423748 0.999909341 13.102682114
0.999784708 0.018371176 -0.009642766 -0.133694053 -0.018437261 0.999806821 -0.006809589 -0.198116422 0.009515803 0.006985909 0.999930322 14.024807930
0.999790072 0.016383294 -0.012300449 -0.127936780 -0.016491404 0.999825835 -0.008739618 -0.191397756 0.012155123 0.008940634 0.999886155 14.927524567
0.999764562 0.017430797 -0.012918407 -0.157546222 -0.017541422 0.999809980 -0.008500243 -0.210844964 0.012767785 0.008724851 0.999880373 15.826739311
0.999714673 0.019131871 -0.014300818 -0.179130673 -0.019268863 0.999769151 -0.009504016 -0.216536134 0.014115687 0.009776868 0.999852538 16.711280823
0.999666691 0.020027386 -0.016291764 -0.195348501 -0.020182893 0.999751747 -0.009437404 -0.224287480 0.016098715 0.009763073 0.999822676 17.624502182
0.999643505 0.019514911 -0.018224124 -0.205232814 -0.019674582 0.999769211 -0.008623647 -0.230120212 0.018051632 0.008979124 0.999796689 18.526393890
0.999019802 0.040580135 -0.017681966 -0.238345832 -0.040681839 0.999157310 -0.005430389 -0.231373876 0.017446699 0.006144401 0.999828875 19.422172546
0.998984337 0.040913269 -0.018878546 -0.262106627 -0.041014779 0.999145865 -0.005021344 -0.236651212 0.018656980 0.005790543 0.999809086 20.310182571
0.999296844 0.031135915 -0.020889224 -0.278863639 -0.031261485 0.999494910 -0.005711764 -0.244138598 0.020700833 0.006360775 0.999765456 21.170249939
0.999243736 0.031387970 -0.022949666 -0.299867272 -0.031538460 0.999483168 -0.006224973 -0.246788532 0.022742413 0.006944063 0.999717236 22.041862488
0.998944342 0.039846752 -0.022856470 -0.328516781 -0.039968181 0.999189019 -0.004880564 -0.248205900 0.022643456 0.005788943 0.999726832 22.910312653
0.998885036 0.040294725 -0.024593735 -0.344584525 -0.040384352 0.999179244 -0.003158466 -0.249497056 0.024446279 0.004148147 0.999692500 23.773488998
0.998639822 0.046449605 -0.023680883 -0.381398022 -0.046445951 0.998920500 0.000704507 -0.246012837 0.023688043 0.000396333 0.999719322 24.610086441
0.998621762 0.046340656 -0.024637716 -0.402288377 -0.046283927 0.998924136 0.002868308 -0.252896935 0.024744129 -0.001724024 0.999692321 25.454313278
0.998480260 0.048980355 -0.025261121 -0.423320174 -0.048952445 0.998799622 0.001722473 -0.250155717 0.025315158 -0.000483263 0.999679387 26.265909195
0.998389959 0.050052173 -0.026689742 -0.445144266 -0.050104287 0.998743176 -0.001286891 -0.244318679 0.026591787 0.002622088 0.999642849 27.078981400
0.998225033 0.053097699 -0.026967734 -0.477541298 -0.053131524 0.998587370 -0.000538906 -0.272280902 0.026901023 0.001970787 0.999636173 27.862857819
0.998135865 0.054544326 -0.027376279 -0.513421059 -0.054582946 0.998509049 -0.000665051 -0.270166636 0.027299179 0.002158089 0.999625027 28.659261703
0.998105586 0.054058388 -0.029376689 -0.530834258 -0.054111395 0.998534381 -0.001011761 -0.269978762 0.029278941 0.002599460 0.999567866 29.444314957
0.998047829 0.053974014 -0.031424768 -0.562533259 -0.054060593 0.998535812 -0.001911363 -0.272136539 0.031275596 0.003606473 0.999504268 30.229419708
0.998197556 0.049967553 -0.033237636 -0.584322810 -0.050021201 0.998747826 -0.000784109 -0.276710600 0.033156838 0.002445283 0.999447107 30.995943069
0.998136401 0.050097760 -0.034840614 -0.620928049 -0.050115604 0.998743296 0.000361475 -0.274510771 0.034814946 0.001385257 0.999392807 31.740114212
0.998084247 0.049489994 -0.037128534 -0.642807186 -0.049426097 0.998774230 0.002637539 -0.270220876 0.037213571 -0.000797368 0.999307036 32.508728027
0.997982681 0.050252020 -0.038798425 -0.681592524 -0.050114993 0.998733342 0.004497145 -0.272134185 0.038975276 -0.002543690 0.999237001 33.246410370
0.998038232 0.048141636 -0.040026359 -0.715449095 -0.047950372 0.998833418 0.005725234 -0.271456361 0.040255275 -0.003794724 0.999182224 33.975914001
0.997818410 0.050582670 -0.042425193 -0.749531746 -0.050412167 0.998715639 0.005079831 -0.269209027 0.042627651 -0.002930003 0.999086738 34.679393768
0.998066008 0.044004947 -0.043905977 -0.784633696 -0.043834098 0.999027073 0.004846815 -0.263274372 0.044076547 -0.002912863 0.999023914 35.391456604
0.997971296 0.044302713 -0.045721862 -0.816232502 -0.044070810 0.999009967 0.006068144 -0.258735955 0.045945432 -0.004040834 0.998935819 36.100925446
0.997866750 0.045943800 -0.046380293 -0.858113110 -0.045615520 0.998926103 0.008112282 -0.256021351 0.046703186 -0.005979316 0.998890936 36.782203674
0.997740626 0.048589807 -0.046397418 -0.899507463 -0.048220873 0.998795748 0.009038565 -0.261527389 0.046780720 -0.006780819 0.998882174 37.467525482
0.997622728 0.051864453 -0.045378391 -0.934009969 -0.051612955 0.998644650 0.006697508 -0.254905254 0.045664247 -0.004339473 0.998947442 38.124500275
0.997599185 0.053698227 -0.043730285 -0.964726388 -0.053588919 0.998556316 0.003668913 -0.255431533 0.043864161 -0.001316646 0.999036670 38.761863708
0.997669160 0.053877719 -0.041873947 -0.993080437 -0.053872097 0.998547018 0.001263526 -0.240415156 0.041881189 0.000995258 0.999122083 39.413818359
0.997779191 0.054226425 -0.038679775 -1.024860740 -0.054210488 0.998528421 0.001461589 -0.229926258 0.038702115 0.000638506 0.999250591 40.048419952
0.997596204 0.059622239 -0.035310574 -1.054141402 -0.059493907 0.998217762 0.004675019 -0.242317468 0.035526380 -0.002563017 0.999365449 40.679195404
0.997474909 0.063848816 -0.031097626 -1.086650848 -0.063634843 0.997942567 0.007823271 -0.236060292 0.031533144 -0.005824625 0.999485672 41.305526733
0.997263014 0.068847187 -0.026957810 -1.105546117 -0.068646379 0.997606397 0.008306145 -0.228912741 0.027465142 -0.006432855 0.999602020 41.909233093
0.997133970 0.072618254 -0.021222712 -1.131362081 -0.072450168 0.997335076 0.008584674 -0.228714705 0.021789560 -0.007022481 0.999737859 42.482536316
0.996935725 0.076738819 -0.015176738 -1.149659157 -0.076588146 0.997009933 0.010272294 -0.224199146 0.015919639 -0.009078459 0.999832094 43.054691315
0.996617734 0.081735872 -0.008506302 -1.162236929 -0.081636563 0.996596575 0.011433202 -0.225389570 0.009411855 -0.010700107 0.999898434 43.595142365
0.996401668 0.084746316 -0.001357397 -1.169855833 -0.084727071 0.996346653 0.010704339 -0.225434363 0.002259593 -0.010550813 0.999941707 44.135982513
0.996052384 0.088579282 0.005772564 -1.168058395 -0.088637203 0.996006429 0.010700160 -0.227309525 -0.004801699 -0.011169583 0.999926090 44.633602142
0.995613635 0.092626296 0.013184508 -1.162853479 -0.092758946 0.995640039 0.009831392 -0.222259820 -0.012216380 -0.011011249 0.999864757 45.133762360
0.995846212 0.088435516 0.021666246 -1.172151685 -0.088656768 0.996017218 0.009471426 -0.225626290 -0.020742340 -0.011352943 0.999720395 45.580211639
0.995414853 0.090932637 0.029674400 -1.166411877 -0.091157645 0.995816469 0.006316723 -0.227035910 -0.028975863 -0.008992809 0.999539614 46.022941589
0.995145023 0.091000363 0.037485529 -1.151060700 -0.091267802 0.995811403 0.005482101 -0.221777022 -0.036829632 -0.008876708 0.999282062 46.432292938
0.994908392 0.090007618 0.045339689 -1.120541573 -0.090392381 0.995885015 0.006504370 -0.218957901 -0.044567667 -0.010569616 0.998950362 46.824722290
0.994314134 0.091996111 0.053627834 -1.108032465 -0.092497081 0.995688796 0.006930038 -0.221196383 -0.052759100 -0.011851054 0.998536885 47.206642151
0.993570387 0.094518952 0.062322509 -1.083819628 -0.095107824 0.995445371 0.006543960 -0.216606945 -0.061420128 -0.012429242 0.998034596 47.554969788
0.992462158 0.099742860 0.071204558 -1.068789482 -0.100401528 0.994930565 0.005722562 -0.219586700 -0.070272796 -0.012828471 0.997445405 47.875869751
0.991440177 0.103314914 0.079827078 -1.035886049 -0.104089372 0.994552255 0.005590703 -0.222710997 -0.078814581 -0.013851998 0.996793091 48.179962158
0.990695059 0.102512248 0.089523859 -1.013355732 -0.103427947 0.994620979 0.005637690 -0.223224580 -0.088464409 -0.014844501 0.995968759 48.449756622
0.989775419 0.101841711 0.099864870 -0.976041794 -0.102687739 0.994708002 0.003354810 -0.224678189 -0.098994739 -0.013575408 0.994995415 48.721012115
0.988720238 0.099959470 0.111536175 -0.938395023 -0.100447036 0.994941592 -0.001253578 -0.233173892 -0.111097284 -0.009964040 0.993759573 48.962123871
0.987097979 0.100808010 0.124400087 -0.892450809 -0.100828916 0.994884789 -0.006144136 -0.231473237 -0.124383129 -0.006478261 0.992213070 49.220142365
0.984814882 0.102725320 0.139955074 -0.859005928 -0.102524295 0.994692743 -0.008664995 -0.236694783 -0.140102431 -0.005815384 0.990119934 49.461906433
0.982174814 0.104570441 0.156197846 -0.811559200 -0.104148909 0.994501889 -0.010903373 -0.236068606 -0.156479225 -0.005558819 0.987665653 49.712814331
0.979265809 0.105228528 0.173105076 -0.760697365 -0.104609340 0.994432032 -0.012722105 -0.240368247 -0.173479974 -0.005650089 0.984821200 49.953872681
0.976084888 0.104124218 0.190830484 -0.699127197 -0.103270233 0.994548500 -0.014442404 -0.247539520 -0.191293985 -0.005610095 0.981516778 50.197341919
0.972228408 0.103172846 0.210064828 -0.631089211 -0.102195717 0.994643092 -0.015531252 -0.253453434 -0.210541949 -0.006367803 0.977564156 50.434513092
0.967586279 0.103528202 0.230344728 -0.566637993 -0.102268636 0.994604111 -0.017433992 -0.261581242 -0.230906695 -0.006688151 0.972953022 50.669357300
0.962139189 0.105724074 0.251218319 -0.485756874 -0.103875406 0.994376004 -0.020646891 -0.264056623 -0.251988351 -0.006230228 0.967710197 50.924503326
0.955853105 0.106701411 0.273787737 -0.397759438 -0.104189247 0.994274020 -0.023744080 -0.271430910 -0.274753600 -0.005829884 0.961497009 51.151134491
0.948907375 0.100036457 0.299278349 -0.318335533 -0.097697161 0.994954765 -0.022808870 -0.275627434 -0.300050199 -0.007595146 0.953893185 51.390678406
0.940140605 0.103023686 0.324841142 -0.221961021 -0.100504123 0.994633198 -0.024574334 -0.284409046 -0.325629443 -0.009544549 0.945449293 51.623275757
0.930075943 0.105072133 0.352020830 -0.115161896 -0.102254562 0.994401395 -0.026644427 -0.293236315 -0.352849633 -0.011214387 0.935612917 51.867229462
0.919139504 0.099278964 0.381216884 0.003568649 -0.096358180 0.994985938 -0.026794637 -0.308339953 -0.381965607 -0.012105351 0.924097240 52.089931488
0.906552613 0.097306229 0.410723716 0.141193390 -0.093326733 0.995189905 -0.029783033 -0.318492055 -0.411646128 -0.011331609 0.911273301 52.317985535
0.891591907 0.094312929 0.442909807 0.291332245 -0.088693663 0.995497584 -0.033437386 -0.327567577 -0.444069177 -0.009470788 0.895942450 52.551067352
0.874376655 0.086583808 0.477460593 0.431686401 -0.079030327 0.996224463 -0.035928912 -0.344104648 -0.478768796 -0.006318473 0.877918243 52.742389679
0.854984701 0.088275708 0.511085570 0.605165482 -0.077817529 0.996088028 -0.041866925 -0.351036906 -0.512782156 -0.003975844 0.858509541 52.957729340
0.832887411 0.090367429 0.546014905 0.784444809 -0.077301808 0.995903552 -0.046909980 -0.365461588 -0.548017263 -0.003137220 0.836461127 53.186306000
0.808076680 0.081799760 0.583370268 0.934820175 -0.067976892 0.996644735 -0.045588121 -0.374715090 -0.585142076 -0.002817007 0.810925901 53.361991882
0.780399859 0.085872389 0.619356096 1.150110245 -0.070881620 0.996289253 -0.048821237 -0.387892246 -0.621250331 -0.005800896 0.783590674 53.593509674
0.750247538 0.089872211 0.655020356 1.384469986 -0.073896416 0.995909035 -0.052004397 -0.403565049 -0.657014489 -0.009387484 0.753819585 53.825862885
0.716832697 0.091285817 0.691243649 1.631280899 -0.073724285 0.995758235 -0.055046637 -0.419273257 -0.693336606 -0.011502208 0.720522106 54.047866821
0.679893017 0.088644587 0.727933824 1.909887314 -0.069762737 0.995983303 -0.056127816 -0.442536831 -0.729985535 -0.012621750 0.683346152 54.270629883
0.640390396 0.087230161 0.763079941 2.208318710 -0.066747725 0.996091366 -0.057850577 -0.465699673 -0.765143752 -0.013886899 0.643709779 54.489280701
0.598291337 0.088507682 0.796375453 2.504486084 -0.066676311 0.995933056 -0.060594361 -0.480050921 -0.798499644 -0.016846294 0.601759493 54.666481018
0.551941037 0.088372797 0.829187155 2.870363235 -0.062903114 0.995947778 -0.064274862 -0.502416968 -0.831507266 -0.016682519 0.555263400 54.875228882
0.503453374 0.086838201 0.859647453 3.250585556 -0.059160870 0.996066272 -0.065971069 -0.534232259 -0.861994565 -0.017644133 0.506610394 55.066143036
0.455012143 0.088330358 0.886093497 3.617021561 -0.058401242 0.995885909 -0.069285788 -0.550078034 -0.888568103 -0.020223077 0.458298802 55.192291260
0.405222178 0.085673138 0.910195112 4.054550171 -0.057681054 0.996011734 -0.068070903 -0.586241007 -0.912396848 -0.024917182 0.408547699 55.359710693
0.355160385 0.085721277 0.930866778 4.518564224 -0.060283247 0.995814264 -0.068701811 -0.605122209 -0.932859540 -0.031715501 0.358841300 55.507995605
0.305078506 0.086391561 0.948400676 4.937738419 -0.057449244 0.995732605 -0.072223045 -0.625581622 -0.950592816 -0.032451190 0.308739781 55.633083344
0.258409292 0.082392715 0.962515533 5.428861618 -0.046147518 0.996271610 -0.072892927 -0.675496817 -0.964932680 -0.025581494 0.261248082 55.710796356
0.214164644 0.077293195 0.973734677 5.905045509 -0.030799951 0.996903062 -0.072358064 -0.695828438 -0.976311862 -0.014494447 0.215882048 55.812549591
0.172469407 0.076405428 0.982047081 6.432765961 -0.021268537 0.997043550 -0.073836945 -0.730472863 -0.984785259 -0.008152091 0.173584551 55.857864380
0.132185146 0.077877991 0.988160849 6.924781322 -0.020844929 0.996906757 -0.075778864 -0.758168280 -0.991005838 -0.010581305 0.133399606 55.950492859
0.098948009 0.078484207 0.991992652 7.515616417 -0.012170935 0.996905684 -0.077658914 -0.806358814 -0.995018184 -0.004389284 0.099597067 55.997585297
0.070806600 0.074712507 0.994688153 8.005596161 -0.006264490 0.997204661 -0.074455574 -0.818735421 -0.997470319 -0.000959265 0.071076728 56.006511688
0.045959592 0.073146775 0.996261716 8.594285965 0.001400686 0.997309864 -0.073288344 -0.855086982 -0.998942256 0.004763752 0.045733497 56.015510559
0.027410407 0.074759007 0.996824861 9.160127640 0.011169889 0.997114360 -0.075087868 -0.906921029 -0.999561846 0.013192615 0.026496259 55.965919495
0.011103444 0.076619424 0.996998608 9.786671638 0.014400324 0.996944308 -0.076775648 -0.944969893 -0.999834716 0.015209576 0.009966172 55.977493286
-0.003364129 0.073907651 0.997259438 10.316739082 0.008898964 0.997227907 -0.073875293 -0.962224126 -0.999954760 0.008626049 -0.004012504 56.000080109
-0.014618883 0.074651130 0.997102618 10.963629723 0.010463533 0.997165918 -0.074502468 -1.004941225 -0.999838352 0.009344071 -0.015358567 55.982421875
-0.024152473 0.079797350 0.996518433 11.575937271 0.017392198 0.996691883 -0.079389721 -1.076733112 -0.999556959 0.015414190 -0.025460426 55.949600220
-0.030694269 0.081753626 0.996179760 12.257385254 0.021501500 0.996472716 -0.081115171 -1.121939898 -0.999297500 0.018929591 -0.032343827 55.924083710
-0.034689870 0.077308729 0.996403515 12.812781334 0.014789130 0.996934056 -0.076835021 -1.115457296 -0.999288678 0.012070543 -0.035726838 55.903095245
-0.037962627 0.074832126 0.996473253 13.512761116 0.012420748 0.997150362 -0.074409775 -1.152171135 -0.999201953 0.009552152 -0.038783927 55.874458313
-0.041453563 0.071782880 0.996558487 14.223955154 0.017919587 0.997308791 -0.071091525 -1.247818947 -0.998979747 0.014910920 -0.042628329 55.846370697
-0.042532649 0.066477537 0.996880949 14.941864014 0.018959006 0.997657895 -0.065720454 -1.289790869 -0.998915195 0.016104609 -0.043693379 55.815597534
-0.042450644 0.059717156 0.997312307 15.518194199 0.016073134 0.998123765 -0.059081599 -1.278522253 -0.998969257 0.013521883 -0.043330830 55.792396545
-0.042093728 0.061765119 0.997202754 16.254121780 0.019618444 0.997946024 -0.060983028 -1.326827288 -0.998920977 0.016996562 -0.043219004 55.760303497
-0.041628461 0.070927300 0.996612370 16.946754456 0.023984727 0.997260630 -0.069971576 -1.376588106 -0.998845160 0.020990673 -0.043215595 55.727993011
-0.038794678 0.079133675 0.996108770 17.697608948 0.024684666 0.996631026 -0.078213766 -1.419439793 -0.998942256 0.021554334 -0.040617362 55.691986084
-0.037292808 0.080012769 0.996095955 18.391233444 0.025296919 0.996545434 -0.079101793 -1.454938769 -0.998984158 0.022248236 -0.039188057 55.678558350
-0.034607802 0.075535089 0.996542394 19.170970917 0.024706675 0.996899605 -0.074704148 -1.507944107 -0.999095500 0.022035904 -0.036366727 55.647480011
-0.032544028 0.067499481 0.997188330 19.819688797 0.018717805 0.997583091 -0.066915318 -1.533275843 -0.999294937 0.016487481 -0.033728816 55.639209747
-0.029162832 0.065806471 0.997406125 20.611623764 0.017182713 0.997716129 -0.065324537 -1.585047007 -0.999426961 0.015233094 -0.030226963 55.614326477
-0.027366379 0.071360402 0.997075021 21.277475357 0.015744567 0.997355640 -0.070948347 -1.641003489 -0.999501467 0.013756922 -0.028417554 55.601989746
-0.023721788 0.076380998 0.996796489 22.057718277 0.017260939 0.996959746 -0.075982727 -1.700797677 -0.999569535 0.015403195 -0.024968076 55.581604004
-0.020822734 0.077002645 0.996813357 22.843147278 0.011316699 0.996983886 -0.076779403 -1.746463776 -0.999719083 0.009681880 -0.021631345 55.566967010
-0.018182736 0.074101187 0.997084975 23.477453232 0.002190360 0.997250378 -0.074073538 -1.784882069 -0.999832273 0.000837115 -0.018295050 55.563610077
-0.013390884 0.070496626 0.997422159 24.278974533 0.006483612 0.997496724 -0.070414849 -1.842617035 -0.999889255 0.005523976 -0.013814434 55.550907135
-0.010532298 0.071743026 0.997367501 24.963468552 0.006220390 0.997408271 -0.071680255 -1.897692561 -0.999925196 0.005449057 -0.010951270 55.542503357
-0.007978132 0.076004222 0.997075617 25.754356384 0.005410429 0.997095942 -0.075962469 -1.956053972 -0.999953568 0.004788573 -0.008366181 55.548511505
-0.003851927 0.077055871 0.997019410 26.553070068 0.002161508 0.997025132 -0.077047952 -2.006859303 -0.999990284 0.001858282 -0.004007025 55.548297882
0.001030292 0.077667274 0.996978760 27.324209213 0.024494901 0.996678174 -0.077669159 -2.076444626 -0.999699414 0.024500921 -0.000875583 55.541007996
0.004387752 0.074390106 0.997219622 28.118267059 0.028501378 0.996814728 -0.074485302 -2.141949892 -0.999584138 0.028748956 0.002253555 55.545562744
0.008460791 0.074842863 0.997159421 28.902807236 0.032847662 0.996636152 -0.075082295 -2.201421261 -0.999424517 0.033389617 0.005973917 55.544853210
0.010754208 0.074808896 0.997139812 29.407028198 0.013016694 0.997102618 -0.074946485 -2.212481976 -0.999857426 0.013785448 0.009749284 55.554363251
0.013538564 0.074749313 0.997110426 30.191896439 0.013482383 0.997097552 -0.074931398 -2.262648821 -0.999817431 0.014457885 0.012491473 55.566753387
0.016661501 0.073164843 0.997180641 30.957881927 0.014600500 0.997195005 -0.073409840 -2.322042704 -0.999754548 0.015782457 0.015546523 55.590209961
0.020946424 0.071777955 0.997200608 31.652156830 0.021634676 0.997153342 -0.072228983 -2.370421410 -0.999546409 0.023087053 0.019333908 55.592674255
0.023540197 0.072294392 0.997105479 32.435607910 0.019967383 0.997148931 -0.072768927 -2.418199301 -0.999523461 0.021622585 0.022029553 55.619960785
0.026932154 0.073802322 0.996909142 33.199245453 0.017028514 0.997092307 -0.074275926 -2.471071720 -0.999492228 0.018976295 0.025597099 55.636833191
0.029849257 0.073968180 0.996813774 33.910087585 0.018706448 0.997042179 -0.074545287 -2.518235207 -0.999379337 0.020871960 0.028377282 55.658210754
0.032744475 0.074370272 0.996692896 34.699157715 0.016596885 0.997049749 -0.074942157 -2.564332485 -0.999325931 0.018995939 0.031413555 55.684169769
0.034794960 0.074640691 0.996603251 35.476238251 0.014335752 0.997067213 -0.075175941 -2.618184090 -0.999291658 0.016902797 0.033622887 55.727088928
0.037417557 0.073958300 0.996559083 36.185020447 0.011625034 0.997157812 -0.074439205 -2.677105427 -0.999232054 0.014370360 0.036451440 55.760498047
0.040628690 0.076157816 0.996267676 36.961654663 0.010479103 0.997003675 -0.076641433 -2.724971771 -0.999119401 0.013553830 0.039708883 55.797477722
0.043840557 0.079452664 0.995874107 37.752410889 0.008364432 0.996768415 -0.079892233 -2.791586399 -0.999003530 0.011832437 0.043034308 55.835186005
0.046609279 0.081774175 0.995560348 38.474090576 0.004744244 0.996614218 -0.082082838 -2.845304966 -0.998901904 0.008549004 0.046063516 55.881820679
0.049475960 0.083949976 0.995240927 39.255924225 -0.001528819 0.996466577 -0.083977342 -2.902023315 -0.998774052 0.002633315 0.049429491 55.928379059
0.052616626 0.083062112 0.995154321 40.057846069 -0.005136606 0.996544063 -0.082906529 -2.960393190 -0.998601556 -0.000749457 0.052861445 55.967807770
0.056150556 0.083562620 0.994919300 40.802211761 -0.002605493 0.996500313 -0.083548367 -3.021223783 -0.998418927 0.002099032 0.056171775 56.023040771
0.060198497 0.084992804 0.994561434 41.610153198 -0.004090125 0.996380985 -0.084900737 -3.084203482 -0.998178065 0.001043019 0.060328268 56.072700500
0.063724659 0.086329646 0.994226575 42.417404175 -0.007681036 0.996264279 -0.086014271 -3.139525414 -0.997938037 -0.002155459 0.064149700 56.140373230
0.068007752 0.083919741 0.994149089 43.174583435 -0.008857581 0.996467590 -0.083509527 -3.200793505 -0.997645438 -0.003126465 0.068510838 56.190147400
0.072609127 0.083408892 0.993866563 43.992534637 -0.009009644 0.996511102 -0.082972601 -3.274726868 -0.997319758 -0.002929819 0.073107295 56.259426117
0.077223480 0.087386265 0.993176818 44.809753418 -0.013067367 0.996154606 -0.086632237 -3.333608150 -0.996928155 -0.006288166 0.078068435 56.342617035
0.085646920 0.092324458 0.992038727 45.499084473 -0.008464310 0.995728791 -0.091937147 -3.386051178 -0.996289611 -0.000522795 0.086062558 56.400466919
0.093323849 0.096970178 0.990902364 46.311649323 -0.009425124 0.995287240 -0.096511632 -3.455178022 -0.995591223 -0.000332541 0.093797982 56.476562500
0.099910423 0.100199193 0.989938378 47.147357941 -0.013697155 0.994960845 -0.099325158 -3.524554253 -0.994902134 -0.003635722 0.100779399 56.590591431
0.107209176 0.097766884 0.989417911 47.901256561 -0.018556207 0.995176911 -0.096325286 -3.599117756 -0.994063318 -0.008032893 0.108506270 56.679538727
0.115970314 0.096407883 0.988562822 48.727851868 -0.019037399 0.995311141 -0.094832696 -3.669090271 -0.993070185 -0.007821890 0.117261916 56.759540558
0.123477019 0.093107395 0.987969875 49.609428406 -0.019144164 0.995626926 -0.091436364 -3.741764069 -0.992162645 -0.007623569 0.124719501 56.876518250
0.129835129 0.087160468 0.987697184 50.352325439 -0.021525618 0.996141851 -0.085076101 -3.811620712 -0.991301894 -0.010214928 0.131210387 56.999565125
0.136669576 0.079147443 0.987449765 51.198135376 -0.024129169 0.996773303 -0.076555125 -3.881432533 -0.990322769 -0.013363586 0.138138354 57.138153076
0.144215077 0.076482162 0.986586213 52.004245758 -0.024096657 0.996984363 -0.073765896 -3.951462746 -0.989252925 -0.013135276 0.145623162 57.255424500
0.152326375 0.076873742 0.985336065 52.781536102 -0.019273045 0.997011900 -0.074805200 -4.002131939 -0.988142312 -0.007595624 0.153352797 57.385272980
0.157786220 0.083453380 0.983940601 53.588405609 -0.018146452 0.996499240 -0.081608571 -4.055469513 -0.987306535 -0.004978325 0.158748239 57.525993347
0.162072718 0.089034051 0.982753992 54.435180664 -0.025622252 0.995965064 -0.086005397 -4.128841400 -0.986446142 -0.011241241 0.163700044 57.660518646
0.172193184 0.087523326 0.981167257 55.121913910 -0.007640734 0.996133685 -0.087517448 -4.194928646 -0.985033572 0.007573069 0.172196180 57.807041168
0.177565381 0.087208785 0.980237305 55.895050049 -0.010385255 0.996176302 -0.086745612 -4.259478569 -0.984054267 0.005223003 0.177792147 57.950336456
0.181513086 0.084062919 0.979788959 56.631481171 -0.010607147 0.996449053 -0.083527245 -4.330149651 -0.983331323 0.004768523 0.181760207 58.091873169
0.186310828 0.078074507 0.979383826 57.398735046 -0.010000193 0.996936679 -0.077571407 -4.377053261 -0.982439935 0.004658367 0.186520845 58.230838776
0.190730393 0.070718810 0.979091823 58.142547607 -0.005699168 0.997464597 -0.070935629 -4.430010796 -0.981625915 0.007949575 0.190649882 58.398200989
0.194285199 0.067486487 0.978620887 58.883407593 -0.009050940 0.997711480 -0.067006104 -4.482857704 -0.980903387 0.004160857 0.194451392 58.550083160
0.195808500 0.069144018 0.978201509 59.609706879 -0.014568490 0.997606158 -0.067599431 -4.523535252 -0.980534077 -0.001014373 0.196347073 58.737094879
0.197509065 0.070928767 0.977731705 60.320301056 -0.016977057 0.997476935 -0.068931669 -4.575758457 -0.980154037 -0.002984377 0.198214918 58.893829346
0.199456990 0.075819582 0.976968944 61.033885956 -0.021358784 0.997101545 -0.073021442 -4.625869274 -0.979673803 -0.006302232 0.200498328 59.040790558
0.201776788 0.080480948 0.976119339 61.700721741 -0.024067720 0.996724665 -0.077204764 -4.670059681 -0.979135752 -0.007914840 0.203052938 59.179347992
0.203307897 0.085575230 0.975368083 62.385311127 -0.024912177 0.996302843 -0.082219243 -4.727285385 -0.978797853 -0.007582722 0.204688177 59.336891174
0.205255300 0.087768838 0.974765062 63.059757233 -0.024135975 0.996121883 -0.084609538 -4.778648376 -0.978410721 -0.006160346 0.206577659 59.480823517
0.206166208 0.088042185 0.974548161 63.731964111 -0.026884342 0.996077716 -0.084299788 -4.831068993 -0.978147626 -0.008820314 0.207724527 59.636600494
0.207330555 0.085118137 0.974561036 64.409233093 -0.027635481 0.996319592 -0.081139304 -4.889454365 -0.977880538 -0.010109805 0.208919808 59.782478333
0.208864257 0.082412250 0.974466026 65.063148499 -0.027312312 0.996545732 -0.078425542 -4.944879532 -0.977563202 -0.010234632 0.210393652 59.912704468
0.208097726 0.081623368 0.974696338 65.690956116 -0.027426708 0.996607065 -0.077602617 -4.990900517 -0.977723420 -0.010583785 0.209630311 60.053131104
0.206258819 0.081217937 0.975120962 66.329185486 -0.027735164 0.996634185 -0.077143192 -5.037117958 -0.978104234 -0.011133675 0.207817197 60.199092865
0.204649732 0.081843734 0.975407660 66.950317383 -0.029284885 0.996564209 -0.077474676 -5.093120575 -0.978397071 -0.012709531 0.206343353 60.330883026
0.202245668 0.083442077 0.975773573 67.544914246 -0.025700670 0.996472716 -0.079885229 -5.144719601 -0.978997529 -0.008921590 0.203676805 60.475952148
0.199834228 0.087363355 0.975927174 68.141967773 -0.023870463 0.996155739 -0.084286362 -5.196030140 -0.979539037 -0.006452536 0.201151356 60.603199005
0.198320568 0.088281341 0.976153374 68.731475830 -0.023246063 0.996078908 -0.085360572 -5.241752625 -0.979861438 -0.005762970 0.199595138 60.715148926
0.196154952 0.087525651 0.976658881 69.323646545 -0.023523511 0.996141672 -0.084547140 -5.281171799 -0.980290711 -0.006390110 0.197457045 60.835979462
0.196975306 0.084238894 0.976782739 69.891098022 -0.018403094 0.996443987 -0.082223386 -5.359621048 -0.980235636 -0.001779850 0.197825134 60.940998077
0.194484681 0.080080360 0.977631271 70.474197388 -0.017647585 0.996786356 -0.078138664 -5.411968231 -0.980746746 -0.002056056 0.195272893 61.067413330
0.193104073 0.079325892 0.977966368 71.023200989 -0.014327461 0.996848106 -0.078028418 -5.458517075 -0.981073618 0.001055826 0.193631962 61.161422729
0.191476375 0.080637604 0.978179157 71.574531555 -0.010631379 0.996731162 -0.080085911 -5.505337715 -0.981439710 0.004935165 0.191707745 61.264274597
0.185903504 0.083365433 0.979025006 72.099662781 -0.014987578 0.996518850 -0.082009114 -5.520719528 -0.982453644 0.000572569 0.186505809 61.357254028
0.183420926 0.085447989 0.979313731 72.649581909 -0.015874252 0.996342540 -0.083960660 -5.557971954 -0.982906222 -0.000145732 0.184106499 61.474739075
0.182595372 0.087525226 0.979284644 73.184814453 -0.015432087 0.996162057 -0.086156256 -5.607002258 -0.983067036 0.000619327 0.183245316 61.572307587
0.184885621 0.085273489 0.979053497 73.739624023 -0.005117534 0.996298432 -0.085809104 -5.680352688 -0.982746661 0.010854530 0.184637666 61.674137115
0.185692728 0.083717287 0.979035020 74.278137207 0.000795490 0.996350706 -0.085348837 -5.722514153 -0.982607484 0.016627470 0.184948504 61.768791199
0.187662110 0.082015358 0.978803635 74.831474304 0.005625293 0.996401787 -0.084568456 -5.761055946 -0.982217491 0.021376355 0.186525509 61.871223450
0.190026164 0.081233889 0.978412569 75.380607605 0.008480730 0.996397972 -0.084374279 -5.807945251 -0.981742501 0.024330964 0.188652739 61.965194702
0.193247318 0.081012905 0.977799773 75.936180115 0.005356788 0.996483326 -0.083619565 -5.851930618 -0.981135488 0.021397119 0.192133769 62.085948944
0.195843607 0.082239293 0.977180660 76.472366333 -0.004070262 0.996536851 -0.083052538 -5.869022369 -0.980626702 0.012287932 0.195500076 62.178253174
0.202626839 0.081027269 0.975898087 77.023674011 -0.002497846 0.996610403 -0.082228333 -5.908413410 -0.979252756 0.014224027 0.202142388 62.292915344
0.209629804 0.081585452 0.974371135 77.587188721 -0.004463636 0.996582270 -0.082484901 -5.944777966 -0.977770567 0.012942054 0.209277496 62.431026459
0.219006866 0.079183258 0.972505033 78.173591614 -0.004269879 0.996769845 -0.080197372 -5.994322300 -0.975714028 0.013411296 0.218637496 62.557441711
0.233006671 0.079678789 0.969205558 78.720046997 0.007510055 0.996460617 -0.083724931 -6.004878998 -0.972446144 0.026787253 0.231583640 62.689567566
0.242649302 0.079235062 0.966872871 79.296409607 0.006050780 0.996515930 -0.083182827 -6.055072308 -0.970095158 0.026034590 0.241324469 62.842872620
0.252349496 0.082869060 0.964081228 79.879005432 0.000956457 0.996304274 -0.085889205 -6.102980614 -0.967635691 0.022596197 0.251337618 63.008617401
0.261398435 0.085503176 0.961436450 80.477355957 -0.003019325 0.996136367 -0.087768227 -6.145378113 -0.965226293 0.020039586 0.260646641 63.190467834
0.272698671 0.087884799 0.958077073 81.081817627 -0.006710779 0.995968699 -0.089450508 -6.191844463 -0.962076128 0.017963592 0.272189140 63.367721558
0.282957137 0.089870267 0.954912782 81.687057495 -0.008390401 0.995794415 -0.091231540 -6.242702961 -0.959095836 0.017802516 0.282521158 63.550781250
0.292081028 0.091010235 0.952053428 82.307556152 -0.011975094 0.995732009 -0.091511779 -6.297250748 -0.956318557 0.015327927 0.291924357 63.766181946
0.302296638 0.091841511 0.948779166 82.922355652 -0.013148420 0.995654643 -0.092189752 -6.343080521 -0.953123271 0.015393704 0.302190661 63.968162537
0.312858045 0.092693835 0.945265949 83.574432373 -0.017205168 0.995616317 -0.091936789 -6.395377159 -0.949643970 0.012499707 0.313081354 64.194396973
0.323317289 0.088228911 0.942168593 84.219787598 -0.017186988 0.996027291 -0.087374553 -6.448509216 -0.946134448 0.012056662 0.323549241 64.418739319
0.333913684 0.080820255 0.939132392 84.877655029 -0.012971661 0.996617079 -0.081155144 -6.494560242 -0.942514420 0.014916707 0.333832353 64.661186218
0.344697118 0.076298818 0.935607910 85.537384033 -0.011345823 0.996957123 -0.077121817 -6.548756599 -0.938645363 0.015968427 0.344513953 64.912818909
0.355202734 0.072146066 0.932001054 86.224815369 -0.010412741 0.997260749 -0.073229320 -6.608961105 -0.934731245 0.016306572 0.354981005 65.184547424
0.364809990 0.069364667 0.928494513 86.900352478 -0.003614973 0.997319043 -0.073085964 -6.648508549 -0.931074977 0.023306012 0.364082724 65.447235107
0.373209506 0.064617589 0.925494075 87.615890503 0.002033462 0.997512102 -0.070465878 -6.690024376 -0.927744865 0.028180486 0.372149587 65.736297607
0.380403250 0.054716617 0.923200727 88.320411682 0.011717417 0.997882962 -0.063971050 -6.738289356 -0.924746513 0.035152320 0.378956735 66.010337830
0.387376726 0.050605115 0.920531571 89.051734924 0.016941613 0.997933030 -0.061989509 -6.781637669 -0.921765804 0.039608583 0.385718703 66.314865112
0.395317078 0.050027173 0.917181313 89.780212402 0.019694544 0.997824609 -0.062914416 -6.831001759 -0.918333471 0.042934619 0.393471897 66.612167358
0.402523935 0.056187302 0.913683474 90.472633362 0.021762218 0.997245073 -0.070913322 -6.878453255 -0.915150702 0.048428088 0.400192320 66.925682068
0.409254551 0.060685724 0.910399914 91.179054260 0.025350247 0.996644258 -0.077830397 -6.925033569 -0.912068009 0.054931298 0.406342745 67.251075745
0.414267868 0.062609769 0.907999039 91.880531311 0.023520835 0.996561468 -0.079447679 -6.981401443 -0.909851074 0.054269511 0.411370754 67.586334229
0.418540359 0.064698502 0.905890763 92.572669983 0.016103247 0.996773779 -0.078629382 -7.035622597 -0.908055425 0.047497343 0.416148216 67.926460266
0.422637284 0.068454653 0.903709888 93.259368896 0.009008088 0.996776819 -0.079717144 -7.094399929 -0.906254172 0.041832138 0.420658410 68.253471375
0.427191585 0.071528032 0.901327431 93.963417053 0.008176059 0.996519506 -0.082957461 -7.158601284 -0.904124200 0.042808030 0.425119907 68.577514648
0.430726528 0.076079398 0.899269998 94.625137329 0.004891681 0.996228933 -0.086625248 -7.214425087 -0.902469277 0.041710727 0.428730100 68.904861450
0.434994698 0.078733742 0.896984160 95.252113342 0.002093866 0.996078730 -0.088447295 -7.269387245 -0.900430620 0.040352263 0.433124065 69.190147400
0.438128948 0.077057123 0.895603299 95.941490173 0.000777237 0.996286213 -0.086100042 -7.342824936 -0.898911774 0.038419016 0.436441928 69.566848755
0.442603588 0.074059337 0.893653870 96.589797974 0.002382180 0.996483028 -0.083760880 -7.396589756 -0.896714211 0.039201707 0.440870523 69.884628296
0.445698351 0.071123712 0.892353356 97.213478088 0.001858939 0.996763051 -0.080374017 -7.457134247 -0.895181179 0.037481397 0.444123447 70.203979492
0.449162602 0.070435129 0.890669286 97.866294861 0.000033708 0.996886373 -0.078851864 -7.524678230 -0.893450022 0.035447337 0.447761714 70.541107178
0.452612042 0.072574727 0.888749301 98.480110168 -0.001927019 0.996759772 -0.080413409 -7.569461823 -0.891705453 0.034683444 0.451285243 70.862319946
0.454928100 0.072927728 0.887536943 99.075241089 -0.000881883 0.996677577 -0.081443623 -7.624206543 -0.890527725 0.036268290 0.453480959 71.177749634
0.457643867 0.068841569 0.886466444 99.698646545 0.004442586 0.996808589 -0.079704076 -7.693696022 -0.889124453 0.040414289 0.455877632 71.508506775
0.459890127 0.068221435 0.885351300 100.293090820 0.006568084 0.996755719 -0.080217533 -7.734548569 -0.887951553 0.042706314 0.457950056 71.801025391
0.461553723 0.067937471 0.884507000 100.869369507 0.005167864 0.996840358 -0.079262301 -7.789431095 -0.887097180 0.041154828 0.459744394 72.111717224
0.463404477 0.066912271 0.883616984 101.441162109 0.006844024 0.996845126 -0.079075798 -7.844084740 -0.886120439 0.042691585 0.461484581 72.415954590
0.465741932 0.068878889 0.882235885 101.990745544 0.005599212 0.996716797 -0.080772668 -7.898736000 -0.884902954 0.042559039 0.463827163 72.713218689
0.468508959 0.068502538 0.880798936 102.538940430 0.008799479 0.996577978 -0.082187615 -7.949961662 -0.883414924 0.046256199 0.466302961 73.007934570
0.472022384 0.068081483 0.878953695 103.093673706 0.010108259 0.996530116 -0.082617044 -8.004096985 -0.881528735 0.047881790 0.469696283 73.297515869
0.474943459 0.065954633 0.877541304 103.623817444 0.013860071 0.996503234 -0.082396962 -8.049234390 -0.879907191 0.051296692 0.472368538 73.587432861
0.477983594 0.065139189 0.875950098 104.146743774 0.015754409 0.996450245 -0.082696833 -8.090146065 -0.878227532 0.053327810 0.475260615 73.882682800
0.481556535 0.064675391 0.874025464 104.650360107 0.016324094 0.996438503 -0.082727589 -8.138861656 -0.876263082 0.054105684 0.478785723 74.146446228
0.485352635 0.063760646 0.871990502 105.172546387 0.016570890 0.996487319 -0.082087375 -8.192653656 -0.874161482 0.054290980 0.482591152 74.426437378
0.488580585 0.063319467 0.870218217 105.671035767 0.018018791 0.996418297 -0.082618706 -8.238479614 -0.872332692 0.056046180 0.485689729 74.709541321
0.492983878 0.064197145 0.867666781 106.168029785 0.017883275 0.996315598 -0.083876431 -8.284471512 -0.869854569 0.056866456 0.490019560 74.978302002
0.496735245 0.064561740 0.865497470 106.647399902 0.019714218 0.996132791 -0.085621059 -8.332859039 -0.867678165 0.059593607 0.493541449 75.268432617
0.501651108 0.068086565 0.862386465 107.147445679 0.017980691 0.995861948 -0.089084007 -8.376426697 -0.864883125 0.060195401 0.498350948 75.567337036
0.507015705 0.073941544 0.858759463 107.630638123 0.014357180 0.995451033 -0.094187617 -8.430243492 -0.861817122 0.060083970 0.503647685 75.865577698
0.513242483 0.080686614 0.854442358 108.089729309 0.009394342 0.994983196 -0.099601097 -8.481670380 -0.858192146 0.059146456 0.509909749 76.138580322
0.518039405 0.085418582 0.851080954 108.579292297 0.007566858 0.994504571 -0.104419097 -8.527402878 -0.855323195 0.060533237 0.514546275 76.504203796
0.525035143 0.090012081 0.846307218 109.054687500 0.003837551 0.994130969 -0.108115159 -8.572319031 -0.851071835 0.060012020 0.521608293 76.793075562
0.530770183 0.090126716 0.842710137 109.525825500 0.000031038 0.994327545 -0.106361561 -8.623094559 -0.847515821 0.056479692 0.527756572 77.102172852
0.535795748 0.087429546 0.839808941 110.027526855 -0.002778135 0.994801760 -0.101792850 -8.680229187 -0.844343066 0.052207086 0.533253431 77.447364807
0.541046560 0.085046850 0.836681306 110.508789062 -0.009671267 0.995436966 -0.094930023 -8.741472244 -0.840937018 0.043269802 0.539400339 77.801429749
0.547606647 0.085303344 0.832376301 110.986824036 -0.019817937 0.995832980 -0.089016795 -8.800640106 -0.836501241 0.032250196 0.547015309 78.100715637
0.553458035 0.081719570 0.828858316 111.530563354 -0.018326301 0.996128917 -0.085974164 -8.839651108 -0.832675338 0.032393176 0.552813172 78.490066528
0.559938431 0.085496783 0.824111164 112.033859253 -0.022542922 0.995865524 -0.087998621 -8.873739243 -0.828227520 0.030695926 0.559550762 78.837409973
0.566027284 0.089176387 0.819549084 112.543319702 -0.026759546 0.995595753 -0.089850627 -8.929918289 -0.823952079 0.028927144 0.565920591 79.208892822
0.572047830 0.092410788 0.814997852 113.087043762 -0.029906254 0.995322287 -0.091866113 -8.990744591 -0.819674850 0.028178280 0.572135568 79.606323242
0.578819513 0.094385847 0.809974790 113.603309631 -0.032106746 0.995146453 -0.093019821 -9.045109749 -0.814823389 0.027836043 0.579040647 79.967353821
