0.999982953 0.005038324 -0.002947585 -0.045276243 -0.005081057 0.999879420 -0.014674374 -0.087949798 0.002873296 0.014689101 0.999888003 0.980214834
0.999996781 -0.001350617 0.002143017 -0.003630501 0.001362317 0.999984145 -0.005467657 -0.001123015 -0.002135599 0.005470560 0.999982774 1.930719495
0.999993145 -0.002799271 0.002418271 -0.005303643 0.002802908 0.999994934 -0.001502107 -0.000864756 -0.002414053 0.001508874 0.999995947 2.892422199
0.999985933 -0.004933683 0.001943395 -0.009792318 0.004924831 0.999977589 0.004533095 -0.002310511 -0.001965716 -0.004523460 0.999987841 3.839108229
0.999961674 -0.008746097 0.000405443 -0.004963477 0.008744094 0.999950707 0.004708704 -0.001923228 -0.000446605 -0.004704977 0.999988854 4.789054394
0.999964595 -0.006892892 -0.004813292 -0.064921662 0.006852327 0.999941230 -0.008393900 -0.129334718 0.004870867 0.008360621 0.999953151 5.733077526
0.999955654 -0.006036366 -0.007229651 -0.065368116 0.005922585 0.999859869 -0.015657334 -0.131143391 0.007323151 0.015613821 0.999851286 6.663195610
0.999950826 -0.005755005 -0.008070567 -0.075129941 0.005624319 0.999854207 -0.016123297 -0.144751027 0.008162179 0.016077112 0.999837458 7.598491669
0.999953032 -0.004557946 -0.008553668 -0.088590495 0.004435732 0.999888599 -0.014252825 -0.155434728 0.008617680 0.014214214 0.999861777 8.527947426
0.999945462 -0.004395907 -0.009475604 -0.096717104 0.004287153 0.999925077 -0.011467174 -0.167347103 0.009525303 0.011425925 0.999889374 9.453394890
0.999968648 -0.000012907 -0.007917658 -0.101501465 -0.000043919 0.999974251 -0.007176852 -0.176620662 0.007917547 0.007176976 0.999942899 10.376144409
0.999964833 -0.001230162 -0.008300851 -0.115281530 0.001174950 0.999977231 -0.006653038 -0.180043936 0.008308846 0.006643051 0.999943376 11.276837349
0.999953449 -0.001340006 -0.009550518 -0.116485678 0.001276295 0.999976873 -0.006673872 -0.187928170 0.009559240 0.006661373 0.999932110 12.210258484
0.999937296 -0.001875091 -0.011037725 -0.111590967 0.001791933 0.999970019 -0.007538992 -0.200087339 0.011051530 0.007518741 0.999910653 13.102132797
0.999725401 0.021383006 -0.009578005 -0.135543540 -0.021448877 0.999746621 -0.006828412 -0.195700333 0.009429566 0.007031975 0.999930799 14.028841019
0.999732733 0.019528285 -0.012364770 -0.127801865 -0.019635946 0.999769747 -0.008646568 -0.190663368 0.012193069 0.008887052 0.999886215 14.934988022
0.999265373 0.036186703 -0.012615064 -0.154583886 -0.036282744 0.999313593 -0.007469250 -0.208870977 0.012336117 0.007921471 0.999892533 15.831213951
0.999176800 0.037936468 -0.014369534 -0.170578748 -0.038061164 0.999239206 -0.008506169 -0.213099301 0.014035908 0.009046087 0.999860585 16.724609375
0.999596119 0.023190355 -0.016434332 -0.194429129 -0.023343973 0.999684930 -0.009217753 -0.225099325 0.016215395 0.009597670 0.999822438 17.622247696
0.999563515 0.022704419 -0.018905617 -0.195444286 -0.022873007 0.999700129 -0.008749343 -0.226568967 0.018701298 0.009177952 0.999782920 18.523330688
0.998749018 0.046679590 -0.017936064 -0.235914171 -0.046779566 0.998891711 -0.005195152 -0.233000040 0.017673679 0.006027693 0.999825776 19.410316467
0.998703003 0.047090549 -0.019358711 -0.258674800 -0.047187310 0.998875558 -0.004571916 -0.238739938 0.019121647 0.005479471 0.999802172 20.303871155
0.999174714 0.034620348 -0.021250844 -0.278678387 -0.034741580 0.999381900 -0.005361907 -0.248507306 0.021052076 0.006095768 0.999759793 21.159101486
0.999134600 0.034689184 -0.022951592 -0.303223372 -0.034840815 0.999373376 -0.006240042 -0.247544259 0.022720750 0.007034294 0.999717057 22.033664703
0.998669505 0.045977511 -0.023349170 -0.325084507 -0.046096642 0.998926461 -0.004589671 -0.249544501 0.023113081 0.005659884 0.999716759 22.898426056
0.998611629 0.046282645 -0.025152912 -0.342101663 -0.046362750 0.998921335 -0.002610933 -0.251442254 0.025004938 0.003773468 0.999680221 23.755994797
0.998656213 0.045505971 -0.024795258 -0.375720859 -0.045512646 0.998963714 0.000295149 -0.254565090 0.024782993 0.000833746 0.999692500 24.602371216
0.998622596 0.045654967 -0.025854416 -0.396584600 -0.045614041 0.998956800 0.002170732 -0.258841872 0.025926547 -0.000988418 0.999663293 25.443935394
0.998237908 0.053796120 -0.025038553 -0.431566238 -0.053751070 0.998551309 0.002469170 -0.260447979 0.025135111 -0.001118971 0.999683440 26.265333176
0.998146713 0.054873228 -0.026306305 -0.457325071 -0.054895576 0.998492122 -0.000127609 -0.256288141 0.026259635 0.001571471 0.999653935 27.080739975
0.998112202 0.055188965 -0.026946466 -0.484909803 -0.055251416 0.998471200 -0.001578178 -0.257275581 0.026818179 0.003064029 0.999635637 27.860963821
0.998021126 0.056437355 -0.027724162 -0.515065312 -0.056511063 0.998400211 -0.001881972 -0.256629974 0.027573599 0.003444970 0.999613822 28.659698486
0.997928739 0.057260204 -0.029316565 -0.541739702 -0.057319738 0.998355150 -0.001193664 -0.267700851 0.029200003 0.002871611 0.999569476 29.429422379
0.997866452 0.057258423 -0.031370383 -0.574978709 -0.057354700 0.998351455 -0.002177032 -0.268163443 0.031194013 0.003971627 0.999505460 30.216094971
0.997959673 0.054326866 -0.033546176 -0.594008684 -0.054401651 0.998518288 -0.001319626 -0.272434145 0.033424780 0.003141900 0.999436319 30.975742340
0.997902513 0.054346729 -0.035170954 -0.630409122 -0.054379828 0.998520374 0.000015506 -0.273205847 0.035119753 0.001897116 0.999381363 31.720535278
0.997937202 0.052222807 -0.037337631 -0.650425851 -0.052140035 0.998634696 0.003187794 -0.274786890 0.037453141 -0.001234431 0.999297738 32.484081268
0.997830629 0.053075373 -0.038949922 -0.691084146 -0.052926637 0.998586714 0.004840560 -0.274916202 0.039151795 -0.002768572 0.999229431 33.220443726
0.998227775 0.043529890 -0.040576141 -0.718958497 -0.043327842 0.999043822 0.005846096 -0.271368802 0.040791821 -0.004077659 0.999159336 33.946304321
0.998040080 0.045687694 -0.042762328 -0.758587837 -0.045500599 0.998950064 0.005338896 -0.272402793 0.042961352 -0.003382721 0.999070942 34.639537811
0.997878969 0.047510691 -0.044500012 -0.789127946 -0.047365006 0.998868287 0.004323144 -0.263223171 0.044655040 -0.002206232 0.999000013 35.371112823
0.997780025 0.047966283 -0.046197101 -0.822620749 -0.047764104 0.998843670 0.005471160 -0.258431554 0.046406116 -0.003252452 0.998917282 36.085651398
0.997674286 0.049458068 -0.046903446 -0.866708994 -0.049150068 0.998761654 0.007698227 -0.257562160 0.047226105 -0.005375015 0.998869777 36.757476807
0.997538388 0.052139144 -0.046889953 -0.907524109 -0.051797479 0.998621702 0.008473177 -0.259386569 0.047267102 -0.006023538 0.998864114 37.439575195
0.997398973 0.055504706 -0.045984149 -0.941853523 -0.055277254 0.998451889 0.006204025 -0.257042736 0.046257313 -0.003646011 0.998922884 38.106014252
0.997375011 0.057256643 -0.044325680 -0.975682437 -0.057177521 0.998359382 0.003051910 -0.254416883 0.044427708 -0.000509467 0.999012470 38.753849030
0.997399926 0.057836000 -0.042994298 -0.989234865 -0.057853643 0.998324692 0.000834992 -0.244374633 0.042970572 0.001654556 0.999074936 39.398376465
0.997947872 0.049835604 -0.040205762 -1.017593622 -0.049760673 0.998757064 0.002862857 -0.245981812 0.040298462 -0.000856317 0.999187410 40.031955719
0.997823894 0.054505412 -0.037103247 -1.044841051 -0.054333031 0.998506904 0.005639249 -0.247992337 0.037355211 -0.003611044 0.999295533 40.666858673
0.997199774 0.067653753 -0.031867318 -1.090965390 -0.067450263 0.997695029 0.007419195 -0.243589461 0.032295797 -0.005248961 0.999464571 41.290603638
0.996976733 0.072660245 -0.027526453 -1.112281322 -0.072469518 0.997339487 0.007865650 -0.236985743 0.028024750 -0.005847041 0.999590099 41.885284424
0.996846557 0.076151848 -0.022313040 -1.129250050 -0.075991869 0.997076869 0.007933849 -0.231545269 0.022851992 -0.006213220 0.999719560 42.473613739
0.996668220 0.079904474 -0.016361721 -1.143584728 -0.079757050 0.996769369 0.009473403 -0.224981278 0.017065825 -0.008136878 0.999821246 43.050777435
0.996305943 0.085322969 -0.009716078 -1.157430887 -0.085217886 0.996304274 0.010758643 -0.227227479 0.010598130 -0.009890918 0.999894857 43.589351654
0.996078432 0.088439181 -0.002492307 -1.163962007 -0.088410266 0.996034086 0.009982779 -0.226500034 0.003365290 -0.009723284 0.999947071 44.126682281
0.995747268 0.092015132 0.004533548 -1.163404226 -0.092056155 0.995704949 0.009866041 -0.226868480 -0.003606251 -0.010241425 0.999941051 44.620555878
0.995311201 0.095993407 0.011864595 -1.158799410 -0.096102007 0.995331407 0.008949023 -0.222946852 -0.010950156 -0.010047276 0.999889553 45.117679596
0.995595455 0.091801688 0.019025438 -1.161184072 -0.091962382 0.995732248 0.007748800 -0.217664361 -0.018232888 -0.009464295 0.999789000 45.565357208
0.995201528 0.094119497 0.026747419 -1.154006124 -0.094277509 0.995534718 0.004706208 -0.224195465 -0.026185036 -0.007205304 0.999631166 45.997177124
0.994931400 0.094343625 0.034795932 -1.141743779 -0.094531052 0.995514870 0.003777717 -0.216004536 -0.034283463 -0.007047867 0.999387264 46.424732208
0.994716227 0.093435563 0.042538125 -1.110818028 -0.093708791 0.995589554 0.004470780 -0.211243182 -0.041932773 -0.008433353 0.999084890 46.824954987
0.994146705 0.095285930 0.050921120 -1.099509239 -0.095670141 0.995399654 0.005156368 -0.216506436 -0.050195538 -0.009997816 0.998689353 47.206157684
0.993376315 0.098094575 0.059839673 -1.081714153 -0.098558597 0.995119452 0.004845822 -0.212717354 -0.059072275 -0.010711439 0.998196244 47.547378540
0.992328405 0.103011526 0.068358362 -1.059026003 -0.103531614 0.994617581 0.004100239 -0.221145213 -0.067568079 -0.011146040 0.997652233 47.870681763
0.991311848 0.106618091 0.077028036 -1.026061296 -0.107226282 0.994227350 0.003791454 -0.222098470 -0.076179139 -0.012017944 0.997021616 48.180961609
0.990589797 0.105849378 0.086762041 -1.007700443 -0.106575385 0.994297504 0.003765375 -0.218706504 -0.085868709 -0.012976637 0.996221781 48.445056915
0.989704132 0.105049938 0.097212143 -0.968112946 -0.105690323 0.994398057 0.001447118 -0.222712457 -0.096515514 -0.011706597 0.995262563 48.716373444
0.989632607 0.092632532 0.109756835 -0.937343597 -0.093157046 0.995651364 -0.000350286 -0.230007917 -0.109311990 -0.009877970 0.993958414 48.969173431
0.988020360 0.093567036 0.122723237 -0.891844273 -0.093633987 0.995592892 -0.005234422 -0.226876348 -0.122672155 -0.006319351 0.992427170 49.227363586
0.984859884 0.105897866 0.137247354 -0.855748177 -0.105397530 0.994370103 -0.010928337 -0.231112123 -0.137631968 -0.003702653 0.990476549 49.481166840
0.982252359 0.107623018 0.153615162 -0.811236858 -0.106857926 0.994185984 -0.013252880 -0.229868829 -0.154148355 -0.003397325 0.988041818 49.732452393
0.979420185 0.108112566 0.170433953 -0.759719849 -0.107094109 0.994132936 -0.015185492 -0.233800650 -0.171075746 -0.003379492 0.985252142 49.982833862
0.976191401 0.107540332 0.188376516 -0.703806877 -0.106311589 0.994193554 -0.016644578 -0.248255253 -0.189072728 -0.003778317 0.981955767 50.214138031
0.972365439 0.106871612 0.207566962 -0.633370399 -0.105483659 0.994262159 -0.017776290 -0.255183756 -0.208275735 -0.004609871 0.978059292 50.451862335
0.967783451 0.106903031 0.227962792 -0.570580482 -0.105166607 0.994257748 -0.019786971 -0.263310432 -0.228769049 -0.004824572 0.973468840 50.695659637
0.962441683 0.109128274 0.248590082 -0.487746239 -0.106759593 0.994018018 -0.023032349 -0.266599238 -0.249616504 -0.004372087 0.968334973 50.943595886
0.957893372 0.089840658 0.272706687 -0.402541161 -0.087808587 0.995943010 -0.019672720 -0.269773781 -0.273367733 -0.005101625 0.961896062 51.162555695
0.950556517 0.090771824 0.296989560 -0.311740875 -0.088367790 0.995854974 -0.021539470 -0.274079263 -0.297713637 -0.005769827 0.954637706 51.403549194
0.941846371 0.093744643 0.322703093 -0.219150543 -0.091296829 0.995563865 -0.022749102 -0.287969112 -0.323404193 -0.008035609 0.946226835 51.635929108
0.931860805 0.095699795 0.349967033 -0.113410950 -0.092935674 0.995365024 -0.024725532 -0.291891992 -0.350711197 -0.009483662 0.936435699 51.881088257
0.921071410 0.090654373 0.378694415 0.003738403 -0.087988399 0.995823085 -0.024378924 -0.308733344 -0.379322857 -0.010865980 0.925200641 52.096641541
0.908389151 0.089028724 0.408537984 0.139593124 -0.085347630 0.995977879 -0.027272331 -0.314206243 -0.409322858 -0.010093861 0.912333846 52.327270508
0.893601060 0.086226009 0.440502286 0.284387589 -0.081138335 0.996238828 -0.030411582 -0.327702284 -0.441467732 -0.008565813 0.897236228 52.548248291
0.876370907 0.085450329 0.473996162 0.445068359 -0.078103893 0.996323347 -0.035207413 -0.339646220 -0.475261986 -0.006166201 0.879822671 52.767234802
0.855809987 0.076960415 0.511533320 0.597564697 -0.067721263 0.997028887 -0.036703840 -0.353906393 -0.512838244 -0.003230171 0.858479202 52.961029053
0.833853126 0.078949429 0.546311080 0.786355972 -0.067251422 0.996876180 -0.041414097 -0.363658190 -0.547874093 -0.002206920 0.836557984 53.188552856
0.808713317 0.080188051 0.582711399 0.965782166 -0.066633664 0.996776104 -0.044691071 -0.370005965 -0.584416509 -0.002685933 0.811449409 53.398361206
0.781257033 0.084265694 0.618495524 1.190261841 -0.069742888 0.996425867 -0.047659826 -0.390457749 -0.620300829 -0.005901095 0.784341693 53.629165649
0.751013041 0.088135600 0.654378712 1.416276932 -0.072652049 0.996064067 -0.050774992 -0.401558638 -0.656278193 -0.009409286 0.754460335 53.861457825
0.719335854 0.093284011 0.688370526 1.617427826 -0.075583339 0.995569646 -0.055930514 -0.420130610 -0.690538228 -0.011796523 0.723199666 54.032688141
0.682417452 0.090429559 0.725347400 1.888467789 -0.071392037 0.995819271 -0.056982789 -0.445710182 -0.727467716 -0.012897966 0.686020494 54.259651184
0.643096745 0.087936543 0.760719180 2.200719833 -0.067383036 0.996029735 -0.058173388 -0.464062810 -0.762814462 -0.013848454 0.646469057 54.483211517
0.600647211 0.087878495 0.794669986 2.547468185 -0.065726876 0.996004045 -0.060463719 -0.485749125 -0.796808004 -0.015913812 0.604022980 54.701843262
0.554498971 0.087301038 0.827592492 2.916065216 -0.061180595 0.996067524 -0.064081237 -0.506644130 -0.829932392 -0.015099617 0.557659626 54.919708252
0.503063083 0.088789448 0.859676600 3.253540039 -0.059620585 0.995904148 -0.067970730 -0.534625292 -0.862190783 -0.017060867 0.506296277 55.056983948
0.454255879 0.087405138 0.886573076 3.666194916 -0.057349052 0.995980263 -0.068807214 -0.552593112 -0.889023483 -0.019588055 0.457442492 55.234283447
0.404604137 0.084331252 0.910595238 4.110540390 -0.055613466 0.996164978 -0.067545258 -0.586504698 -0.912799358 -0.023312267 0.407742471 55.402404785
0.354318321 0.084589824 0.931291103 4.521831512 -0.060113341 0.995900750 -0.067587689 -0.613003254 -0.933190703 -0.032035463 0.357950866 55.546699524
0.304384440 0.085640706 0.948691666 5.000137329 -0.057722375 0.995778263 -0.071371309 -0.631672144 -0.950798690 -0.033036422 0.308042765 55.684642792
0.257762939 0.081432499 0.962770462 5.459111214 -0.045719538 0.996353805 -0.072032534 -0.673872232 -0.965125918 -0.025450112 0.260546178 55.758998871
0.213976949 0.075697385 0.973901272 5.979904175 -0.031340923 0.997011662 -0.070607707 -0.702713251 -0.976335824 -0.015414546 0.215709910 55.828857422
0.171005160 0.073993996 0.982487679 6.404904366 -0.028729666 0.997126460 -0.070095979 -0.717909098 -0.984851122 -0.016239770 0.172639579 55.875942230
0.132476687 0.075630106 0.988296509 6.953078270 -0.025470134 0.997015178 -0.072883166 -0.747459292 -0.990858793 -0.015516723 0.134007588 55.927265167
0.100068256 0.076158792 0.992061555 7.447753906 -0.015944349 0.997061014 -0.074934281 -0.784607589 -0.994852841 -0.008319230 0.100988455 55.953693390
0.070968658 0.074946761 0.994658947 8.029359818 -0.008744511 0.997181773 -0.074512929 -0.823002636 -0.997440279 -0.003409723 0.071424007 55.973468781
0.046025939 0.073040128 0.996266365 8.556275368 -0.001381216 0.997327030 -0.073054068 -0.860564649 -0.998939216 0.001986321 0.046003796 55.981540680
0.025760844 0.071816653 0.997085154 9.154518127 0.003487467 0.997403622 -0.071929693 -0.897392988 -0.999662101 0.005330271 0.025443496 55.993389130
0.009100939 0.074390084 0.997187614 9.715769768 0.003317154 0.997221231 -0.074422859 -0.911264300 -0.999953091 0.003985145 0.008828884 56.003879547
-0.004295672 0.073622391 0.997276902 10.335876465 0.003325700 0.997281671 -0.073608413 -0.963856697 -0.999985278 0.003000448 -0.004528841 56.000598907
-0.015625888 0.074806042 0.997075677 10.920777321 0.006779286 0.997182548 -0.074707814 -0.997459829 -0.999854922 0.005592084 -0.016088994 55.978488922
-0.024290282 0.077724099 0.996678948 11.565127373 0.011332816 0.996930540 -0.077467516 -1.038680553 -0.999640703 0.009413473 -0.025096556 55.950286865
-0.030437695 0.077796355 0.996504486 12.143886566 0.005793662 0.996963441 -0.077655211 -1.053150654 -0.999519825 0.003409761 -0.030795995 55.923156738
-0.034644004 0.077210121 0.996412814 12.813358307 0.006244124 0.997008502 -0.077039182 -1.094399929 -0.999380171 0.003552775 -0.035022482 55.895153046
-0.038944412 0.075315632 0.996398985 13.440254211 0.007379570 0.997149885 -0.075083964 -1.138170481 -0.999214113 0.004428892 -0.039389219 55.876201630
-0.041563779 0.067921631 0.996824563 14.155732155 0.005561182 0.997686923 -0.067748502 -1.192865252 -0.999120355 0.002727641 -0.041845363 55.862125397
-0.042537581 0.062783226 0.997120261 14.783123970 0.006636697 0.998019338 -0.062556714 -1.223407030 -0.999072969 0.003956577 -0.042870007 55.819976807
-0.042839784 0.060676754 0.997237742 15.521336555 0.008905061 0.998137653 -0.060348958 -1.261546969 -0.999042332 0.006295127 -0.043300334 55.788410187
-0.042710308 0.061698057 0.997180641 16.161819458 0.008963230 0.998074889 -0.061369490 -1.300071955 -0.999047220 0.006316847 -0.043181103 55.758686066
-0.041802660 0.069135316 0.996731102 16.906965256 0.010141318 0.997581065 -0.068768948 -1.337824821 -0.999074280 0.007233439 -0.042402670 55.729457855
-0.039880626 0.078010380 0.996154547 17.566982269 0.014271668 0.996890485 -0.077496648 -1.384235620 -0.999102533 0.011126172 -0.040869955 55.704868317
-0.037197948 0.078950465 0.996184230 18.338163376 0.014976689 0.996806324 -0.078440525 -1.425849438 -0.999195755 0.012001720 -0.038261563 55.669849396
-0.035508819 0.074496776 0.996588886 19.023708344 0.014202693 0.997154653 -0.074033037 -1.472330689 -0.999268413 0.011525423 -0.036465839 55.654724121
-0.033259384 0.068209469 0.997116446 19.822824478 0.013103128 0.997612417 -0.067806318 -1.523945808 -0.999360859 0.010810147 -0.034073733 55.638484955
-0.030517109 0.065447539 0.997389376 20.495519638 0.008301034 0.997836173 -0.065222867 -1.565042138 -0.999499798 0.006288944 -0.030994365 55.628131866
-0.026756743 0.071350999 0.997092366 21.270111084 0.015877880 0.997353971 -0.070943631 -1.611445189 -0.999515951 0.013933494 -0.027818847 55.597900391
-0.023790125 0.077172987 0.996733844 21.970689774 0.022208160 0.996810794 -0.076648884 -1.675364375 -0.999470234 0.020312130 -0.025428129 55.577983856
-0.021349020 0.077727780 0.996746063 22.753690720 0.016101636 0.996870637 -0.077392645 -1.726955175 -0.999642432 0.014396982 -0.022533756 55.574039459
-0.017969115 0.073620744 0.997124434 23.432180405 0.006983383 0.997270346 -0.073505670 -1.755900621 -0.999814093 0.005642470 -0.018434191 55.573036194
-0.013165012 0.070256732 0.997442126 24.211000443 0.010675007 0.997481585 -0.070118614 -1.812834978 -0.999856293 0.009724587 -0.013881849 55.563796997
-0.010593648 0.071235806 0.997403264 24.880933762 0.001204477 0.997459412 -0.071227022 -1.874880314 -0.999943137 0.000446795 -0.010652536 55.547939301
-0.007876150 0.076031730 0.997074425 25.651214600 0.000978330 0.997105241 -0.076026373 -1.924491405 -0.999968410 0.000376679 -0.007927736 55.553153992
-0.004224000 0.076297633 0.997076154 26.356554031 0.000387608 0.997085214 -0.076296695 -1.974068403 -0.999991000 0.000064194 -0.004241261 55.559997559
0.000109811 0.075623676 0.997136414 27.129203796 -0.000367788 0.997136414 -0.075623631 -2.029620647 -0.999999940 -0.000358433 0.000137310 55.551898956
0.003094085 0.072789676 0.997342646 27.851511002 0.000582919 0.997346997 -0.072791822 -2.082943916 -0.999995053 0.000806594 0.003043446 55.560043335
0.006919960 0.073518381 0.997269869 28.616949081 0.005128220 0.997277975 -0.073554568 -2.130721569 -0.999962986 0.005623215 0.006524106 55.559692383
0.010244300 0.074500233 0.997168481 29.345521927 0.003915045 0.997210026 -0.074543580 -2.195706129 -0.999939859 0.004667605 0.009924049 55.563789368
0.012555650 0.074501030 0.997141838 30.121908188 0.004320307 0.997207105 -0.074560300 -2.243742228 -0.999911785 0.005244118 0.012198717 55.586921692
0.016663659 0.073185258 0.997179151 30.905036926 0.005908727 0.997292995 -0.073292352 -2.296262264 -0.999843717 0.007113384 0.016186122 55.590030670
0.020150911 0.071470454 0.997239172 31.583765030 0.011770653 0.997355700 -0.071716651 -2.350019932 -0.999727666 0.013183306 0.019256374 55.610111237
0.022623744 0.071620561 0.997175336 32.370597839 0.010158056 0.997362792 -0.071864478 -2.403106689 -0.999692500 0.011755204 0.021836553 55.643054962
0.025629502 0.073429279 0.996971071 33.152725220 0.006704367 0.997263670 -0.073623173 -2.458899498 -0.999648988 0.008570985 0.025067074 55.668582916
0.028641097 0.073711298 0.996868253 33.836418152 0.008737957 0.997220814 -0.073988415 -2.496770859 -0.999551713 0.010829708 0.027917409 55.684734344
0.031187389 0.073990606 0.996771157 34.628028870 0.006686021 0.997218430 -0.074233003 -2.542729616 -0.999491274 0.008979565 0.030605942 55.714603424
0.033795558 0.074262805 0.996665835 35.405914307 0.004651388 0.997213006 -0.074461281 -2.594068050 -0.999418020 0.007152344 0.033355940 55.746200562
0.036122397 0.073987752 0.996604860 36.109451294 -0.002110596 0.997258902 -0.073959835 -2.658765793 -0.999345124 0.000568176 0.036179539 55.785114288
0.039234642 0.075926289 0.996341228 36.899349213 -0.003578890 0.997113287 -0.075844184 -2.710401535 -0.999223650 -0.000590080 0.039393105 55.822086334
0.042616978 0.080601677 0.995834827 37.687927246 -0.013579887 0.996695101 -0.080090135 -2.761834383 -0.998999119 -0.010110126 0.043570697 55.862285614
0.046060536 0.083012886 0.995483339 38.489219666 -0.013306133 0.996503651 -0.082482286 -2.818808317 -0.998850048 -0.009446860 0.047004070 55.902812958
0.049231000 0.084937871 0.995169222 39.290691376 -0.019097174 0.996275246 -0.084087543 -2.878220558 -0.998604894 -0.014865204 0.050669700 55.943901062
0.051638760 0.084007092 0.995126188 39.995513916 -0.023408217 0.996283650 -0.082890116 -2.932219505 -0.998391449 -0.019013787 0.053413309 56.003360748
0.054694138 0.084471740 0.994923532 40.811870575 -0.020891882 0.996293783 -0.083439551 -2.995763779 -0.998284578 -0.016222168 0.056256197 56.067295074
0.059362799 0.084647201 0.994641066 41.521553040 -0.013272497 0.996377110 -0.084002823 -3.055121422 -0.998148203 -0.008214730 0.060271211 56.095981598
0.062968291 0.085755929 0.994324327 42.348957062 -0.017425073 0.996244013 -0.084818028 -3.115150690 -0.997863412 -0.011985327 0.064226091 56.165180206
0.067155503 0.083713472 0.994224429 43.166648865 -0.018038807 0.996412933 -0.082679316 -3.174027205 -0.997579515 -0.012382254 0.068424702 56.225528717
0.071829975 0.083621465 0.993905306 43.904815674 -0.018227452 0.996423066 -0.082515977 -3.237056255 -0.997250319 -0.012189242 0.073097236 56.283218384
0.077391617 0.087395951 0.993162870 44.743274689 -0.021030100 0.996072054 -0.086013190 -3.295178175 -0.996778965 -0.014229614 0.078925572 56.349174500
0.083924972 0.095315807 0.991902947 45.513332367 -0.031415462 0.995172977 -0.092971973 -3.377571583 -0.995976746 -0.023358421 0.086514235 56.426548004
0.091494538 0.100811064 0.990689576 46.327693939 -0.032962427 0.994623899 -0.098167174 -3.434714317 -0.995259881 -0.023673775 0.094325610 56.506889343
0.098544002 0.103724033 0.989712358 47.157806396 -0.037375756 0.994237125 -0.100476824 -3.508152485 -0.994430542 -0.027089853 0.101852864 56.610145569
0.105392724 0.102416821 0.989142597 47.932006836 -0.044945773 0.994156420 -0.098146982 -3.571392059 -0.993414462 -0.034113798 0.109380051 56.713775635
0.112610027 0.100733675 0.988519967 48.737442017 -0.045440894 0.994329095 -0.096149117 -3.650238514 -0.992599726 -0.034091868 0.116548836 56.822116852
0.120103799 0.097663149 0.987945795 49.550891876 -0.048290607 0.994546115 -0.092444956 -3.717124701 -0.991586089 -0.036605515 0.124164976 56.927120209
0.127652094 0.091722012 0.987568736 50.363998413 -0.051588677 0.994980812 -0.085742131 -3.799656153 -0.990476310 -0.040002204 0.131743222 57.033981323
0.134711444 0.084271424 0.987294853 51.178894043 -0.050812870 0.995653570 -0.078051724 -3.852897406 -0.989581108 -0.039652828 0.138408005 57.162460327
0.142140582 0.081232727 0.986507654 51.992683411 -0.050861832 0.995909750 -0.074678525 -3.922777653 -0.988538861 -0.039560746 0.145690829 57.286140442
0.150028333 0.084934071 0.985026777 52.775501251 -0.056702401 0.995402515 -0.077192456 -3.990228891 -0.987054288 -0.044272333 0.154154539 57.432197571
0.155395821 0.091985792 0.983560205 53.568702698 -0.056227475 0.994864702 -0.084159456 -4.046167374 -0.986250639 -0.042225085 0.159769952 57.575481415
0.160544544 0.094946131 0.982451379 54.329025269 -0.058195151 0.994541585 -0.086604759 -4.109174252 -0.985311627 -0.043269981 0.165193617 57.696651459
0.165556282 0.098009944 0.981318116 55.106700897 -0.058502644 0.994273067 -0.089433968 -4.167513371 -0.984463573 -0.042603347 0.170342028 57.843811035
0.170620918 0.096005797 0.980648458 55.856685638 -0.059098884 0.994447291 -0.087074220 -4.226268768 -0.983562768 -0.043098550 0.175347328 57.970371246
0.175977975 0.092988528 0.979992270 56.620971680 -0.055131745 0.994896889 -0.084502727 -4.292762756 -0.982849061 -0.039158069 0.180206537 58.113922119
0.180546075 0.086790696 0.979729831 57.386196136 -0.053714205 0.995482743 -0.078287631 -4.338497639 -0.982098699 -0.038490884 0.184392408 58.258262634
0.186530828 0.083675101 0.978879333 58.127498627 -0.055723853 0.995663524 -0.074491337 -4.415481567 -0.980867505 -0.040651996 0.190384671 58.423145294
0.189507172 0.080441102 0.978578746 58.856994629 -0.059315410 0.995756090 -0.070366360 -4.472443581 -0.980086029 -0.044709869 0.193474293 58.585704803
0.195362702 0.079306617 0.977519274 59.588420868 -0.047711868 0.996313453 -0.071295917 -4.516090393 -0.979569793 -0.032710705 0.198426321 58.735187531
0.197027341 0.081367008 0.977015674 60.301574707 -0.050182104 0.996080697 -0.072834924 -4.569592953 -0.979112923 -0.034678224 0.200338319 58.895553589
0.198709518 0.085689895 0.976305187 60.996925354 -0.054081596 0.995611250 -0.076377042 -4.622630119 -0.978565156 -0.037623297 0.202471644 59.047149658
0.200532585 0.089307211 0.975607991 61.674854279 -0.054404974 0.995314837 -0.079928443 -4.675908089 -0.978175282 -0.037049662 0.204451799 59.197521210
0.202816412 0.094930202 0.974604487 62.375350952 -0.054871548 0.994827747 -0.085481197 -4.730472565 -0.977678239 -0.036141060 0.206976339 59.349792480
0.204543546 0.097078443 0.974031687 63.043144226 -0.054721605 0.994647861 -0.087641835 -4.787341595 -0.977326691 -0.035374001 0.208761126 59.500740051
0.205732226 0.097027697 0.973786354 63.715545654 -0.056985188 0.994571865 -0.087059490 -4.841732025 -0.976947725 -0.037580457 0.210144639 59.654144287
0.206255347 0.094286688 0.973944962 64.367416382 -0.057034843 0.994812846 -0.084228456 -4.897106171 -0.976834536 -0.038176235 0.210563123 59.803756714
0.207135737 0.091854379 0.973990560 65.024169922 -0.057364359 0.995009899 -0.081637144 -4.952826023 -0.976628900 -0.038962372 0.211371288 59.947921753
0.207907587 0.088314019 0.974153519 65.671043396 -0.046403050 0.995684862 -0.080362491 -4.990844727 -0.977047205 -0.028495712 0.211108506 60.083061218
0.206098706 0.087517597 0.974609733 66.305213928 -0.046564303 0.995741189 -0.079568297 -5.041106224 -0.977422714 -0.028983098 0.209296197 60.226882935
0.204565838 0.088532776 0.974840879 66.934646606 -0.048328925 0.995600283 -0.080276482 -5.095642090 -0.977659047 -0.030691188 0.207944512 60.360824585
0.198439717 0.095219053 0.975476801 67.533996582 -0.074721806 0.993842840 -0.081811257 -5.154466629 -0.977260590 -0.056654785 0.204332843 60.495422363
0.196012512 0.098993212 0.975591838 68.132621765 -0.072498314 0.993631542 -0.086257592 -5.205410957 -0.977917731 -0.053821202 0.201941058 60.624519348
0.199134827 0.094689384 0.975386739 68.714889526 -0.040923771 0.995256186 -0.088263296 -5.240183830 -0.979117215 -0.022340197 0.202065244 60.730216980
0.196858823 0.093739562 0.975940287 69.309280396 -0.041309193 0.995327950 -0.087269180 -5.284232140 -0.979561210 -0.023135595 0.199811414 60.854057312
0.196893349 0.087199278 0.976539373 69.872482300 -0.022609580 0.996175885 -0.084394082 -5.314650536 -0.980164170 -0.005462521 0.198111907 60.962142944
0.194853947 0.083005086 0.977313697 70.446693420 -0.021544833 0.996534526 -0.080341995 -5.365628242 -0.980595648 -0.005401110 0.195967004 61.077533722
0.191128150 0.085179254 0.977862239 71.000045776 -0.035051126 0.996184468 -0.079924338 -5.432601452 -0.980939090 -0.018999388 0.193384528 61.179302216
0.189734444 0.086571321 0.978011429 71.548332214 -0.031406548 0.996130586 -0.082082324 -5.478540421 -0.981333017 -0.015142110 0.191719174 61.277503967
0.188028336 0.087600298 0.978249133 72.077247620 -0.018522609 0.996153653 -0.085643388 -5.519724846 -0.981988907 -0.002016345 0.188927710 61.386672974
0.186122388 0.089633428 0.978429437 72.616249084 -0.019474495 0.995971024 -0.087535843 -5.559965134 -0.982333541 -0.002762036 0.187118053 61.497047424
0.184828565 0.092118368 0.978443861 73.150512695 -0.019125208 0.995745957 -0.090134546 -5.606315613 -0.982584655 -0.002053509 0.185804069 61.599857330
0.184022143 0.090373918 0.978758633 73.702583313 -0.017306702 0.995907724 -0.088703454 -5.654922485 -0.982769728 -0.000615677 0.184833139 61.694145203
0.185236305 0.088435084 0.978706658 74.245018005 -0.011148206 0.996067464 -0.087893814 -5.702607155 -0.982630730 0.005370304 0.185493752 61.779289246
0.189126953 0.083148584 0.978425920 74.819053650 0.007227234 0.996263623 -0.086061470 -5.715795517 -0.981926024 0.023347860 0.187819406 61.865997314
0.191759154 0.081981853 0.978011966 75.366958618 0.009985118 0.996290565 -0.085471831 -5.768226147 -0.981391191 0.026155572 0.190229267 61.960952759
0.195350319 0.082064711 0.977293968 75.918792725 0.007359575 0.996342301 -0.085135303 -5.811544895 -0.980705857 0.023823682 0.194031790 62.078002930
0.199726969 0.083094895 0.976321816 76.473861694 0.005885873 0.996277988 -0.085997432 -5.851734638 -0.979833901 0.022922514 0.198494479 62.207511902
0.206764996 0.082091250 0.974940658 77.027961731 0.006988942 0.996324420 -0.085374005 -5.890062332 -0.978365660 0.024466157 0.205431297 62.315773010
0.212683246 0.084015802 0.973502636 77.566253662 -0.000401852 0.996304035 -0.085895851 -5.948930264 -0.977121115 0.017877407 0.211930975 62.469341278
0.221719235 0.081845917 0.971669674 78.144462585 -0.000137174 0.996473908 -0.083903939 -5.996170521 -0.975110412 0.018469835 0.220948651 62.602874756
0.230488911 0.081639312 0.969644189 78.712646484 -0.003747450 0.996541381 -0.083013140 -6.043104649 -0.973067760 0.015499912 0.229997694 62.745273590
0.239582509 0.081166342 0.967477262 79.295104980 -0.004755125 0.996585429 -0.082430832 -6.090144157 -0.970864356 0.015148514 0.239150435 62.907852173
0.249483630 0.085013628 0.964640081 79.873573303 -0.010012277 0.996312201 -0.085215427 -6.134640694 -0.968327343 0.011601611 0.249414787 63.068702698
0.259842277 0.085544400 0.961854517 80.487937927 -0.007659940 0.996219695 -0.086531438 -6.163941383 -0.965620637 0.015116786 0.259515285 63.234542847
0.270737350 0.088109083 0.958612502 81.085754395 -0.011830872 0.996031880 -0.088207074 -6.213939667 -0.962580502 0.012539728 0.270705462 63.413963318
0.280882210 0.090679646 0.955448806 81.684638977 -0.011484262 0.995772660 -0.091130577 -6.235078812 -0.959673524 0.014624326 0.280736238 63.605628967
0.290655792 0.091436557 0.952448726 82.297378540 -0.014371212 0.995728374 -0.091205865 -6.287675381 -0.956719756 0.012821670 0.290728241 63.808181763
0.300908297 0.091454998 0.949257672 82.932159424 -0.017270572 0.995750308 -0.090459630 -6.360980988 -0.953496695 0.010825830 0.301209033 64.013641357
0.310923129 0.092801414 0.945893586 83.572723389 -0.021821231 0.995656371 -0.090510800 -6.407781601 -0.950184524 0.007501350 0.311597705 64.239303589
0.321684539 0.087710120 0.942775667 84.212265015 -0.021028303 0.996116459 -0.085497551 -6.457087517 -0.946613371 0.007678261 0.322279662 64.460693359
0.331897169 0.080750152 0.939853013 84.863563538 -0.017621355 0.996686339 -0.079410382 -6.510241032 -0.943150938 0.009794594 0.332220286 64.700889587
0.343137324 0.076524317 0.936162829 85.525924683 -0.014036389 0.996982157 -0.076351017 -6.542795658 -0.939180374 0.013058538 0.343175948 64.951026917
0.353484422 0.073358066 0.932559609 86.204025269 -0.015086270 0.997237742 -0.072727464 -6.593947411 -0.935318768 0.011639180 0.353614748 65.217826843
0.362709939 0.070950836 0.929197192 86.876426697 -0.009482889 0.997326910 -0.072451398 -6.639346123 -0.931853771 0.017467367 0.362413257 65.483322144
0.371490777 0.064348824 0.926203966 87.589836121 0.002163083 0.997532666 -0.070172019 -6.671536922 -0.928434134 0.028071724 0.370434940 65.770286560
0.378614396 0.055212498 0.923906088 88.305984497 0.011222169 0.997871995 -0.064231493 -6.715267658 -0.925486445 0.034687199 0.377189130 66.051269531
0.385706306 0.050425239 0.921242595 89.017204285 0.016934196 0.997950196 -0.061713941 -6.762406826 -0.922466218 0.039403960 0.384061754 66.341400146
0.393092394 0.049224969 0.918180346 89.730659485 0.020153686 0.997864842 -0.062125187 -6.815749645 -0.919278145 0.042925663 0.391260982 66.647048950
0.400530040 0.056846339 0.914518535 90.445404053 0.021084419 0.997237682 -0.071222439 -6.852098465 -0.916041017 0.047808830 0.398224950 66.959167480
0.407912761 0.060921263 0.910986185 91.157524109 0.025284324 0.996634901 -0.077970512 -6.896698952 -0.912670732 0.054838832 0.404999793 67.270820618
0.412910551 0.062724106 0.908609271 91.849014282 0.023425760 0.996564209 -0.079441585 -6.951970577 -0.910470247 0.054087121 0.410022557 67.594757080
0.417008132 0.064713322 0.906596005 92.557914734 0.015921323 0.996788919 -0.078474686 -7.014368057 -0.908763230 0.047158793 0.414638788 67.952087402
0.421421021 0.068605363 0.904266298 93.245391846 0.009098887 0.996764302 -0.079863451 -7.066784382 -0.906819463 0.041883960 0.419433087 68.265670776
0.425375044 0.071635298 0.902177632 93.924766541 0.008419754 0.996506035 -0.083095133 -7.127884865 -0.904978037 0.042942714 0.423285574 68.602592468
0.429163933 0.076128416 0.900012612 94.600173950 0.004971966 0.996227562 -0.086637668 -7.188481331 -0.903212845 0.041656610 0.427166373 68.931449890
0.432973772 0.078860879 0.897950232 95.255233765 0.002097439 0.996074855 -0.088489845 -7.245002747 -0.901404083 0.040197179 0.431108892 69.246734619
0.436566889 0.077254079 0.896348774 95.908340454 0.000750778 0.996274769 -0.086232133 -7.313225269 -0.899671495 0.038319051 0.434882522 69.580184937
0.440985769 0.073794320 0.894475222 96.556381226 0.002500854 0.996509254 -0.083445087 -7.369298935 -0.897510588 0.039035052 0.439261913 69.895797729
0.444273442 0.070923537 0.893079400 97.179504395 0.001622255 0.996796191 -0.079967171 -7.433110237 -0.895889699 0.036976095 0.442735016 70.211578369
0.447783649 0.069966301 0.891400337 97.806182861 0.000887634 0.996898532 -0.078692779 -7.489319324 -0.894141555 0.036028579 0.446332812 70.534103394
0.452376455 0.069987744 0.889076650 98.451011658 0.003222784 0.996781170 -0.080105990 -7.540857315 -0.891821206 0.039103374 0.450694740 70.867187500
0.454794794 0.070149533 0.887829244 99.036979675 0.004269140 0.996709943 -0.080939345 -7.598279953 -0.890585959 0.040601064 0.452998996 71.172676086
0.457340896 0.068508990 0.886648715 99.633636475 0.005858924 0.996774495 -0.080040202 -7.651435852 -0.889272153 0.041800462 0.455464303 71.477310181
0.459011912 0.067669831 0.885849237 100.245742798 0.007924929 0.996743441 -0.080247425 -7.701708794 -0.888394773 0.043854814 0.456980914 71.794990540
0.460420400 0.067236267 0.885151029 100.814010620 0.006803184 0.996830940 -0.079258226 -7.760243416 -0.887674928 0.042513948 0.458503902 72.106498718
0.462335885 0.066993155 0.884170473 101.399688721 0.008202972 0.996775985 -0.079814591 -7.806774139 -0.886666954 0.044153973 0.460295737 72.418769836
0.465164483 0.068444565 0.882574201 101.951034546 0.007204491 0.996680677 -0.081090786 -7.862110138 -0.885194957 0.044079047 0.463127375 72.701484680
0.467934072 0.068369076 0.881114841 102.503776550 0.010667299 0.996493518 -0.082986832 -7.908552647 -0.883699000 0.048231486 0.465563983 72.996688843
0.470956117 0.068086922 0.879525185 103.048782349 0.012281402 0.996414363 -0.083711974 -7.959096432 -0.882071137 0.050226465 0.468431205 73.297195435
0.474642634 0.065769173 0.877717912 103.577735901 0.015244318 0.996440530 -0.082908966 -8.008655548 -0.880046546 0.052732334 0.471950561 73.560859680
0.477554649 0.064928293 0.876199663 104.094467163 0.015820205 0.996468544 -0.082462966 -8.065134048 -0.878459573 0.053242236 0.474841088 73.849159241
0.481038004 0.064288266 0.874339461 104.600303650 0.016767144 0.996450722 -0.082491688 -8.114936829 -0.876539350 0.054341808 0.478252739 74.117469788
0.484566331 0.063788272 0.872425616 105.119644165 0.017788721 0.996412873 -0.082734026 -8.153263092 -0.874573648 0.055609468 0.481693447 74.409378052
0.487751245 0.063204803 0.870691657 105.620147705 0.018936502 0.996374846 -0.082936361 -8.204658508 -0.872777283 0.056940161 0.484786242 74.701354980
0.491947234 0.064290397 0.868248045 106.117980957 0.019502291 0.996205807 -0.084815137 -8.242788315 -0.870406628 0.058657404 0.488826871 74.974388123
0.496046215 0.064496472 0.865897417 106.596221924 0.020888090 0.996062517 -0.086157985 -8.295946121 -0.868044853 0.060825292 0.492745876 75.252502441
0.503081501 0.063196070 0.861925304 107.102127075 0.027186748 0.995672107 -0.088870473 -8.350090981 -0.863811255 0.068142034 0.499186069 75.546440125
0.508073509 0.069572635 0.858499229 107.577438354 0.023539906 0.995238364 -0.094585240 -8.396131516 -0.860991955 0.068265244 0.504016519 75.848464966
0.514265180 0.075977944 0.854259074 108.042182922 0.018692777 0.994838536 -0.099734165 -8.452185631 -0.857427478 0.067258269 0.510190547 76.132934570
0.519502103 0.082384080 0.850488365 108.543251038 0.013069616 0.994458735 -0.104313277 -8.508052826 -0.854369223 0.065306529 0.515546620 76.473411560
0.526595592 0.087103322 0.845641851 109.024642944 0.009067070 0.994104981 -0.108041644 -8.555917740 -0.850067556 0.064561747 0.522701681 76.769012451
0.531950772 0.087536991 0.842238545 109.494331360 0.005569411 0.994259119 -0.106854640 -8.603542328 -0.846756995 0.061532188 0.528409421 77.088432312
0.537078023 0.086504631 0.839085340 110.011077881 -0.001080418 0.994797528 -0.101866081 -8.664471626 -0.843531907 0.053803455 0.534377337 77.433769226
0.541985095 0.083862387 0.836193323 110.495521545 -0.008062188 0.995481610 -0.094611928 -8.731147766 -0.840349495 0.044536710 0.540212154 77.795989990
0.548123538 0.082548618 0.832313776 110.980499268 -0.014032705 0.995885253 -0.089530289 -8.783784866 -0.836279750 0.037394039 0.547026455 78.131774902
0.554629505 0.080699809 0.828175008 111.514976501 -0.016658695 0.996163368 -0.085912764 -8.828022003 -0.831930637 0.033853438 0.553846002 78.483612061
0.560773790 0.084387198 0.823657393 112.021263123 -0.021651721 0.995947003 -0.087297767 -8.872784615 -0.827686012 0.031120706 0.560328066 78.848464966
0.566950858 0.088344529 0.819000542 112.535430908 -0.025289498 0.995630503 -0.089890786 -8.919455528 -0.823363364 0.030251544 0.566707790 79.217971802
0.572933018 0.091368131 0.814493477 113.070831299 -0.028353903 0.995381534 -0.091715001 -8.979850769 -0.819111586 0.029452482 0.572877586 79.612380981
0.579711080 0.093391106 0.809452355 113.589736938 -0.030485732 0.995200276 -0.092988729 -9.032449722 -0.814251602 0.029229848 0.579775751 79.977500916
