0.999999702 -0.000666409 -0.000391954 -0.001052461 0.000667080 0.999998331 0.001713769 -0.021727586 0.000390812 -0.001714030 0.999998450 1.316026688
0.999998033 -0.001715272 -0.000994604 -0.002401645 0.001716977 0.999997079 0.001716011 -0.040237151 0.000991658 -0.001717716 0.999997973 2.626693726
0.999993742 -0.003347702 -0.001136518 -0.005676185 0.003348558 0.999994040 0.000752693 -0.059891451 0.001133991 -0.000756494 0.999999046 3.939734936
0.999991715 -0.003882348 -0.001243415 -0.007828635 0.003883584 0.999991953 0.000992936 -0.082770586 0.001239550 -0.000997757 0.999998748 5.242754936
0.999989867 -0.004181809 -0.001661322 -0.003101736 0.004184750 0.999989688 0.001770895 -0.102004118 0.001653900 -0.001777829 0.999997079 6.575746059
0.999983132 -0.005636213 -0.001415581 -0.009366874 0.005640264 0.999979913 0.002875055 -0.118086606 0.001399348 -0.002882991 0.999994874 7.899649143
0.999984920 -0.005159198 -0.001878799 -0.012581962 0.005165433 0.999981105 0.003328714 -0.136328891 0.001861590 -0.003338369 0.999992669 9.227967262
0.999987364 -0.004425139 -0.002432935 -0.014036920 0.004428590 0.999989212 0.001414828 -0.153925642 0.002426648 -0.001425585 0.999996066 10.559123039
0.999998271 0.001843402 0.000208603 0.007371424 -0.001842897 0.999995410 -0.002393062 -0.173864931 -0.000213013 0.002392674 0.999997139 11.912105560
0.999985456 0.005392618 -0.000292189 0.005268091 -0.005393562 0.999979854 -0.003334101 -0.188369289 0.000274203 0.003335629 0.999994397 12.705019951
0.999978781 0.006424643 0.001011908 -0.004991235 -0.006421344 0.999974191 -0.003229573 -0.214509308 -0.001032631 0.003223007 0.999994278 14.594542503
0.999971390 0.007569653 0.000015957 0.000275197 -0.007569595 0.999968648 -0.002346257 -0.228509828 -0.000033717 0.002346069 0.999997258 15.558032990
0.999984682 0.005414073 0.001139674 -0.005513897 -0.005414157 0.999985337 0.000070342 -0.257103592 -0.001139277 -0.000076512 0.999999344 17.302278519
0.999989271 -0.003233259 0.003303802 0.004942644 0.003223666 0.999990523 0.002904982 -0.273487508 -0.003313161 -0.002894300 0.999990344 18.658672333
0.999985337 -0.005029164 0.002011606 0.004070126 0.005030038 0.999987185 -0.000429660 -0.278232992 -0.002009419 0.000439773 0.999997854 19.857030869
0.999996960 -0.002442687 0.000237970 0.010139978 0.002443287 0.999993742 -0.002555517 -0.319447517 -0.000231726 0.002556091 0.999996662 21.361877441
0.999999762 0.000639278 0.000056728 0.002113462 -0.000638993 0.999987841 -0.004877953 -0.331736296 -0.000059847 0.004877915 0.999988079 22.629718781
0.999988914 -0.001859138 0.004323687 0.015782505 0.001862875 0.999997914 -0.000860310 -0.361111224 -0.004322081 0.000868355 0.999990225 24.085029602
0.999991357 -0.001111217 0.004003925 0.015892930 0.001101692 0.999996603 0.002380426 -0.376928926 -0.004006557 -0.002375994 0.999989152 25.415899277
0.999971747 -0.005315772 0.005313301 0.015714228 0.005291449 0.999975502 0.004581346 -0.389098525 -0.005337524 -0.004553101 0.999975383 26.833045959
0.999950111 -0.009035172 0.004234174 0.011290744 0.009027721 0.999957681 0.001775438 -0.391311675 -0.004250036 -0.001737124 0.999989450 28.184610367
0.999927998 -0.011127920 0.004472288 0.033007205 0.011124889 0.999937892 0.000701739 -0.427457690 -0.004479817 -0.000651935 0.999989748 29.584812164
0.999946415 -0.009281667 0.004579152 0.008494437 0.009297651 0.999950707 -0.003481959 -0.421723425 -0.004546608 0.003524350 0.999983430 30.939287186
0.999934018 -0.010229879 0.005222460 0.037012011 0.010241374 0.999945164 -0.002179169 -0.476065218 -0.005199881 0.002232509 0.999983966 32.337226868
0.999942720 -0.009603440 0.004716836 0.030309245 0.009623218 0.999944925 -0.004188546 -0.506492496 -0.004676350 0.004233697 0.999980092 33.701473236
0.999959290 -0.007077506 0.005601764 0.036869571 0.007101465 0.999965668 -0.004268678 -0.519345164 -0.005571362 0.004308286 0.999975145 35.120319366
0.999967396 -0.007084146 0.003894990 0.060961619 0.007095980 0.999970198 -0.003032970 -0.554463387 -0.003873389 0.003060509 0.999987781 36.467041016
0.999959171 -0.007702747 0.004717980 0.039671376 0.007706403 0.999970019 -0.000757272 -0.585875273 -0.004712005 0.000793600 0.999988556 37.907073975
0.999978304 -0.005179351 0.004057806 0.015147537 0.005182341 0.999986231 -0.000726792 -0.595651329 -0.004053985 0.000747806 0.999991477 39.273624420
0.999984443 -0.002377554 0.005034767 0.035411432 0.002382594 0.999996662 -0.000995450 -0.630452752 -0.005032384 0.001007431 0.999986768 40.701114655
0.999991775 -0.001343826 0.003810877 0.042890377 0.001344086 0.999999166 -0.000065610 -0.654186904 -0.003810786 0.000070732 0.999992728 42.065116882
0.999990284 0.000428032 0.004381167 0.041945547 -0.000424890 0.999999583 -0.000718122 -0.672607839 -0.004381475 0.000716254 0.999990106 43.522167206
0.999995470 -0.000676257 0.002925328 0.042739645 0.000679604 0.999999106 -0.001143402 -0.683058202 -0.002924556 0.001145385 0.999995053 44.916526794
0.999995112 -0.001430699 0.002789927 0.054281905 0.001434303 0.999998152 -0.001290136 -0.722145200 -0.002788078 0.001294131 0.999995291 46.364196777
0.999997377 -0.002314074 0.000100042 0.068551652 0.002314197 0.999996603 -0.001249772 -0.744914353 -0.000097150 0.001250000 0.999999285 47.766300201
0.999998391 -0.001552619 0.000904196 0.046426710 0.001552652 0.999998808 -0.000034075 -0.769512236 -0.000904145 0.000035480 0.999999583 49.202083588
0.999998987 -0.001435532 -0.000162219 0.009777614 0.001435334 0.999998212 -0.001225437 -0.762103736 0.000163977 0.001225204 0.999999225 50.569240570
0.999997258 -0.001567273 -0.001698322 0.039089479 0.001567381 0.999998689 0.000062402 -0.813303649 0.001698218 -0.000065062 0.999998510 52.031364441
0.999993145 -0.001706332 -0.003265061 0.016485348 0.001709594 0.999997914 0.000996932 -0.836427271 0.003263354 -0.001002507 0.999994159 53.447048187
0.999990404 -0.002610968 -0.003520616 0.015022695 0.002617671 0.999994695 0.001900232 -0.866553724 0.003515632 -0.001909428 0.999992013 54.912342072
0.999986529 -0.003162024 -0.004120532 -0.016862452 0.003164349 0.999994814 0.000557520 -0.865515351 0.004118747 -0.000570550 0.999991298 56.336219788
0.999968708 -0.006485390 -0.004518700 -0.007449329 0.006490147 0.999978423 0.001038711 -0.900897980 0.004511870 -0.001068006 0.999989271 57.778980255
0.999950290 -0.008386878 -0.005389186 -0.034209281 0.008394003 0.999963939 0.001300784 -0.920914948 0.005378087 -0.001345956 0.999984622 59.185787201
0.999925435 -0.010835685 -0.005627466 0.001264602 0.010846604 0.999939263 0.001913316 -0.928639531 0.005606393 -0.001974211 0.999982357 60.628993988
0.999930561 -0.010408598 -0.005521115 -0.002532452 0.010418562 0.999944091 0.001779180 -0.953783095 0.005502288 -0.001836579 0.999983132 61.980003357
0.999884963 -0.014352950 -0.004904684 -0.000916511 0.014363669 0.999894500 0.002157114 -0.966239750 0.004873205 -0.002227315 0.999985635 63.473880768
0.999832928 -0.017523345 -0.005211085 0.001881242 0.017530432 0.999845505 0.001317730 -0.978957772 0.005187187 -0.001408863 0.999985516 64.885276794
0.999872386 -0.015469383 -0.003983691 -0.022613794 0.015474417 0.999879479 0.001236039 -1.019886255 0.003964090 -0.001297526 0.999991298 66.293823242
0.999899328 -0.013536082 -0.004245486 -0.027642995 0.013539080 0.999908090 0.000678423 -1.046158552 0.004235912 -0.000735835 0.999990702 67.675056458
0.999911964 -0.013090026 -0.002143044 -0.061413206 0.013096102 0.999910176 0.002846616 -1.078238964 0.002105591 -0.002874431 0.999993622 69.100242615
0.999956310 -0.009172698 -0.001801175 -0.070887744 0.009179060 0.999951482 0.003557788 -1.086951017 0.001768452 -0.003574165 0.999991953 70.456504822
0.999980390 -0.006223117 -0.000710752 -0.084330723 0.006226152 0.999971151 0.004350276 -1.110682487 0.000683659 -0.004354616 0.999990284 71.917396545
0.999997556 -0.002241831 -0.000164838 -0.113898382 0.002242381 0.999991715 0.003411493 -1.120330930 0.000157188 -0.003411854 0.999994218 73.285057068
0.999998689 0.001592706 0.000290778 -0.113317072 -0.001593611 0.999993742 0.003136834 -1.148327589 -0.000285779 -0.003137293 0.999995053 74.769821167
0.999989450 0.004337716 0.001535945 -0.137546480 -0.004341213 0.999987960 0.002280674 -1.163199306 -0.001526031 -0.002287318 0.999996305 76.069015503
0.999994636 0.003092407 0.001085771 -0.118051134 -0.003096129 0.999989271 0.003442988 -1.191267610 -0.001075113 -0.003446331 0.999993443 77.568946838
0.999994576 0.003106838 0.001099726 -0.130655617 -0.003109710 0.999991715 0.002620013 -1.211401701 -0.001091577 -0.002623419 0.999995947 78.902122498
0.999998748 0.001473731 0.000751967 -0.124358751 -0.001474988 0.999997497 0.001673728 -1.225001335 -0.000749499 -0.001674834 0.999998271 80.350646973
0.999999881 0.000469682 -0.000314819 -0.108426005 -0.000469167 0.999998510 0.001635051 -1.245727181 0.000315586 -0.001634903 0.999998689 81.692665100
0.999999940 0.000211195 -0.000100467 -0.121634960 -0.000210972 0.999997497 0.002226069 -1.277190685 0.000100936 -0.002226047 0.999997497 83.116783142
0.999999464 -0.000643260 -0.000844414 -0.126799807 0.000644421 0.999998868 0.001375857 -1.285617471 0.000843528 -0.001376400 0.999998629 84.464355469
0.999998331 -0.000342261 -0.001751586 -0.136683896 0.000345305 0.999998450 0.001737547 -1.307738185 0.001750988 -0.001738149 0.999996901 85.881538391
0.999994040 -0.001555312 -0.003073007 -0.144740731 0.001562741 0.999995887 0.002416430 -1.322824001 0.003069235 -0.002421217 0.999992371 87.259971619
0.999991000 -0.002463530 -0.003437190 -0.172831699 0.002475692 0.999990702 0.003538592 -1.359470844 0.003428441 -0.003547070 0.999987781 88.625671387
0.999976337 -0.004494566 -0.005207533 -0.165251315 0.004515059 0.999982119 0.003930281 -1.381729245 0.005189773 -0.003953700 0.999978721 89.955970764
0.999956369 -0.007587771 -0.005434745 -0.181680053 0.007611424 0.999961615 0.004344750 -1.407916546 0.005401570 -0.004385927 0.999975801 91.367958069
0.999945521 -0.008606317 -0.005903404 -0.190762997 0.008625919 0.999957442 0.003303057 -1.419176579 0.005874725 -0.003353799 0.999977112 92.710891724
0.999930263 -0.009980332 -0.006312098 -0.204328507 0.010002703 0.999943793 0.003522554 -1.453545570 0.006276589 -0.003585446 0.999973893 94.094749451
0.999933541 -0.009710535 -0.006223144 -0.225041986 0.009727165 0.999949276 0.002647380 -1.464469671 0.006197121 -0.002707737 0.999977112 95.437011719
0.999932289 -0.009148022 -0.007192350 -0.209023714 0.009163059 0.999955952 0.002060380 -1.497204065 0.007173184 -0.002126145 0.999971986 96.785408020
0.999945581 -0.008317104 -0.006299820 -0.260853231 0.008326467 0.999964178 0.001461404 -1.515528440 0.006287440 -0.001513779 0.999979079 98.170211792
0.999950230 -0.007831324 -0.006182601 -0.275596410 0.007840461 0.999968171 0.001455059 -1.530444503 0.006171009 -0.001503461 0.999979854 99.499259949
0.999958813 -0.005970687 -0.006836906 -0.255673587 0.005985745 0.999979615 0.002184187 -1.543186426 0.006823726 -0.002225021 0.999974251 100.864669800
0.999962628 -0.005633043 -0.006548076 -0.295499891 0.005658597 0.999976337 0.003890479 -1.576570630 0.006526008 -0.003927387 0.999970973 102.231697083
0.999952912 -0.006677423 -0.007030727 -0.285821497 0.006694498 0.999974728 0.002408064 -1.592016101 0.007014471 -0.002455017 0.999972403 103.548774719
0.999963462 -0.005670968 -0.006384881 -0.316905439 0.005671133 0.999983907 0.000007840 -1.622446656 0.006384731 -0.000044049 0.999979615 104.899421692
0.999960542 -0.005740499 -0.006780925 -0.327923417 0.005728300 0.999981821 -0.001817224 -1.637736559 0.006791234 0.001778309 0.999975383 106.245178223
0.999944210 -0.007702646 -0.007230897 -0.317920774 0.007701237 0.999970317 -0.000222677 -1.677312374 0.007232397 0.000166978 0.999973834 107.573913574
0.999934137 -0.009705215 -0.006120831 -0.356618166 0.009713409 0.999951959 0.001310667 -1.689412236 0.006107818 -0.001370035 0.999980390 108.922943115
0.999918938 -0.011357322 -0.005761829 -0.351470798 0.011366353 0.999934256 0.001537275 -1.698561549 0.005743990 -0.001602642 0.999982238 110.242568970
0.999902725 -0.012837067 -0.005468009 -0.353724062 0.012838872 0.999917626 0.000294984 -1.718809724 0.005463771 -0.000365158 0.999984980 111.596939087
0.999935150 -0.010754330 -0.003752644 -0.403285354 0.010747289 0.999940455 -0.001891539 -1.751603127 0.003772765 0.001851086 0.999991179 112.958335876
0.999966562 -0.007616609 -0.003008339 -0.407930523 0.007602275 0.999959826 -0.004748187 -1.771765471 0.003044384 0.004725158 0.999984205 114.283348083
0.999987066 -0.004686008 -0.002032490 -0.414004177 0.004677150 0.999979615 -0.004342084 -1.796689510 0.002052796 0.004332521 0.999988496 115.636543274
0.999992549 -0.003855713 0.000240895 -0.441905230 0.003856262 0.999989867 -0.002321804 -1.827716589 -0.000231939 0.002322715 0.999997258 116.960670471
0.999990702 -0.004265322 0.000657453 -0.429668695 0.004265474 0.999990880 -0.000229608 -1.840772271 -0.000656469 0.000232411 0.999999762 118.316696167
0.999989867 -0.004191222 0.001642878 -0.449218929 0.004190796 0.999991119 0.000262459 -1.867857575 -0.001643964 -0.000255572 0.999998629 119.634597778
0.999988556 -0.003879586 0.002807250 -0.449410826 0.003880345 0.999992430 -0.000264726 -1.883829474 -0.002806201 0.000275617 0.999996006 120.991775513
0.999990404 -0.001908818 0.003945036 -0.450122148 0.001913303 0.999997556 -0.001133331 -1.896223187 -0.003942863 0.001140868 0.999991596 122.302902222
0.999984443 -0.000199190 0.005557342 -0.489257097 0.000207736 0.999998748 -0.001537398 -1.919360995 -0.005557029 0.001538528 0.999983311 123.647727966
0.999979734 0.001293588 0.006219621 -0.454883814 -0.001279201 0.999996424 -0.002316775 -1.961924672 -0.006222596 0.002308773 0.999977887 124.964118958
0.999973118 0.001783598 0.007099942 -0.461161137 -0.001762490 0.999993980 -0.002978185 -1.984905601 -0.007105211 0.002965591 0.999970317 126.293380737
0.999966800 0.001083654 0.008074620 -0.439075708 -0.001055044 0.999993145 -0.003546687 -2.008876085 -0.008078407 0.003538049 0.999961138 127.630645752
0.999957800 0.000869897 0.009143642 -0.440949202 -0.000849454 0.999997139 -0.002239453 -2.040199518 -0.009145563 0.002231591 0.999955714 128.938842773
0.999954224 -0.000517889 0.009558912 -0.424551606 0.000533889 0.999998510 -0.001671408 -2.064332724 -0.009558032 0.001676434 0.999952972 130.289489746
0.999950409 -0.000878175 0.009918275 -0.414724112 0.000890804 0.999998927 -0.001269011 -2.089518785 -0.009917149 0.001277783 0.999949992 131.628753662
0.999945521 -0.002530965 0.010130865 -0.417618036 0.002545247 0.999995768 -0.001397124 -2.114366770 -0.010127285 0.001422833 0.999947667 133.007492065
0.999952853 -0.004422751 0.008643910 -0.377452254 0.004426334 0.999990225 -0.000395358 -2.146857500 -0.008642077 0.000433601 0.999962509 134.317077637
0.999943733 -0.005656160 0.008976104 -0.384528399 0.005666367 0.999983251 -0.001112107 -2.152984142 -0.008969666 0.001162907 0.999959052 135.626007080
0.999946117 -0.006930772 0.007725321 -0.382198811 0.006938760 0.999975383 -0.001007695 -2.180065632 -0.007718146 0.001061245 0.999969661 136.941711426
0.999943316 -0.008615949 0.006270064 -0.371826530 0.008616960 0.999962807 -0.000134004 -2.210356236 -0.006268678 0.000188026 0.999980330 138.273483276
0.999972105 -0.006232676 0.004097994 -0.358753979 0.006240241 0.999978840 -0.001835851 -2.258173227 -0.004086465 0.001861373 0.999989927 139.579315186
0.999975860 -0.006330686 0.002837954 -0.356484354 0.006337039 0.999977469 -0.002235876 -2.271270514 -0.002823735 0.002253807 0.999993443 140.921539307
0.999976635 -0.006664303 0.001472687 -0.366264403 0.006668208 0.999974191 -0.002662625 -2.297895908 -0.001454904 0.002672383 0.999995410 142.251861572
0.999976277 -0.006832188 0.000769258 -0.364056170 0.006834206 0.999973118 -0.002651346 -2.333095789 -0.000751122 0.002656541 0.999996185 143.492355347
0.999956429 -0.009307677 -0.000553564 -0.364141911 0.009304574 0.999942362 -0.005368087 -2.363423824 0.000603497 0.005362704 0.999985456 144.822860718
0.999889195 -0.014720984 -0.002177536 -0.353592396 0.014706096 0.999869406 -0.006703548 -2.359984159 0.002275934 0.006670784 0.999975204 146.136489868
0.999745965 -0.022392547 -0.002560684 -0.366834372 0.022383988 0.999743879 -0.003323373 -2.440496445 0.002634446 0.003265210 0.999991119 147.412689209
0.999548018 -0.029738611 -0.004403645 -0.366680473 0.029727999 0.999554932 -0.002455598 -2.451817036 0.004474711 0.002323576 0.999987245 148.779663086
0.999428570 -0.033353135 -0.005484424 -0.389241934 0.033319816 0.999426365 -0.006057919 -2.461291790 0.005683328 0.005871717 0.999966562 150.079315186
0.999485314 -0.031755343 -0.004550610 -0.381830037 0.031713657 0.999456882 -0.008956930 -2.507032871 0.004832571 0.008808002 0.999949515 151.335662842
0.999593735 -0.028275367 -0.003609794 -0.399743378 0.028234875 0.999542892 -0.010815735 -2.548905373 0.003913963 0.010709419 0.999934912 152.683212280
0.999626279 -0.027160686 -0.003077986 -0.407418042 0.027122363 0.999561667 -0.011874838 -2.565491438 0.003399166 0.011786919 0.999924719 154.039779663
0.999479234 -0.032196876 -0.002149235 -0.401871055 0.032180164 0.999454618 -0.007405676 -2.609642744 0.002386502 0.007332656 0.999970257 155.170928955
0.999346197 -0.036087744 -0.002219045 -0.392486572 0.036074921 0.999333620 -0.005570175 -2.620521307 0.002418581 0.005486480 0.999982059 156.531875610
0.999177575 -0.040440034 -0.002956151 -0.381639063 0.040428661 0.999175131 -0.003812890 -2.652786016 0.003107906 0.003690240 0.999988377 157.883270264
0.999134660 -0.041538954 -0.002112200 -0.405126452 0.041531444 0.999131143 -0.003482745 -2.704081059 0.002255035 0.003392008 0.999991715 159.216598511
0.999224663 -0.039350018 -0.001313765 -0.411903203 0.039345428 0.999220073 -0.003351656 -2.735684872 0.001444628 0.003297366 0.999993563 160.552993774
0.999398053 -0.034693439 -0.000043210 -0.426801026 0.034692816 0.999386072 -0.004877607 -2.748940468 0.000212405 0.004873171 0.999988139 161.875442505
0.999500275 -0.031587981 0.001152032 -0.419084787 0.031594846 0.999479413 -0.006533472 -2.753904819 -0.000945053 0.006566606 0.999977946 162.948226929
0.999580026 -0.028903248 0.002098660 -0.439846247 0.028917734 0.999555528 -0.007235209 -2.781942606 -0.001888607 0.007292860 0.999971628 164.287399292
0.999638438 -0.026771275 0.002512063 -0.440615296 0.026785700 0.999623954 -0.005895533 -2.812462091 -0.002353287 0.005960690 0.999979436 165.573196411
0.999689817 -0.024855621 0.001574723 -0.437349230 0.024865327 0.999669909 -0.006475017 -2.846975327 -0.001413263 0.006512165 0.999977767 166.928695679
0.999767065 -0.021521091 0.001631941 -0.459785938 0.021535711 0.999722600 -0.009544198 -2.867102146 -0.001426087 0.009577120 0.999953151 168.253982544
0.999782085 -0.020718852 0.002555214 -0.480110466 0.020744912 0.999728262 -0.010631930 -2.940883875 -0.002334239 0.010682620 0.999940157 169.359375000
0.999884188 -0.014988180 0.002621733 -0.497170329 0.015017515 0.999820530 -0.011552563 -2.994550228 -0.002448110 0.011590598 0.999929786 170.687683105
0.999949992 -0.009571093 0.002894974 -0.532408357 0.009601803 0.999895811 -0.010787118 -3.030558825 -0.002791428 0.010814377 0.999937654 172.067550659
0.999966145 -0.007664769 0.002991950 -0.494570732 0.007691312 0.999930263 -0.008962884 -3.052349091 -0.002923043 0.008985592 0.999955356 173.305587769
0.999974430 -0.006425174 0.003132087 -0.499621332 0.006447095 0.999954462 -0.007039657 -3.079388142 -0.003086713 0.007059669 0.999970317 174.635421753
0.999970555 -0.007161635 0.002754401 -0.511979580 0.007181683 0.999947250 -0.007338658 -3.079504490 -0.002701699 0.007358225 0.999969244 175.936676025
0.999929905 -0.011836423 0.000185213 -0.486681402 0.011837329 0.999911427 -0.006073418 -3.128552675 -0.000113310 0.006075186 0.999981523 177.250335693
0.999916613 -0.012759198 -0.001995136 -0.483109176 0.012737984 0.999865830 -0.010306295 -3.154516697 0.002126368 0.010280022 0.999944866 178.589889526
0.999946654 -0.009815539 -0.003208824 -0.494689852 0.009767002 0.999842584 -0.014806915 -3.199637890 0.003353657 0.014774784 0.999885201 179.857330322
0.999980092 -0.004878629 -0.003983300 -0.488681614 0.004814081 0.999859512 -0.016056214 -3.174620152 0.004061074 0.016036719 0.999863148 181.146286011
0.999991894 -0.000336293 -0.004002856 -0.498191237 0.000275742 0.999885738 -0.015117791 -3.222632885 0.004007482 0.015116567 0.999877751 182.475906372
0.999989271 0.002328306 -0.003988356 -0.518017948 -0.002374524 0.999929607 -0.011623034 -3.270322323 0.003961013 0.011632381 0.999924421 183.832305908
0.999993682 0.000604288 -0.003507618 -0.502583265 -0.000639493 0.999949276 -0.010044530 -3.226045609 0.003501369 0.010046709 0.999943316 185.122711182
0.999992549 -0.000539246 -0.003827557 -0.499686658 0.000506346 0.999962926 -0.008591207 -3.265815258 0.003832049 0.008589203 0.999955714 186.496582031
0.999995232 -0.000553746 -0.003035271 -0.580628037 0.000526570 0.999959767 -0.008946982 -3.283247948 0.003040103 0.008945341 0.999955297 187.895660400
0.999985158 -0.004577666 -0.002957075 -0.475078851 0.004553815 0.999957383 -0.008022767 -3.263491631 0.002993676 0.008009182 0.999963462 188.902343750
0.999965250 -0.007702787 -0.003193334 -0.476732939 0.007678397 0.999941766 -0.007581068 -3.308750629 0.003251543 0.007556284 0.999966264 190.226028442
0.999926567 -0.011724154 -0.003072257 -0.476251185 0.011702730 0.999907732 -0.006901089 -3.326374054 0.003152883 0.006864629 0.999971509 191.603088379
0.999896288 -0.014194917 -0.002406605 -0.541104138 0.014182263 0.999885857 -0.005196099 -3.430467606 0.002480089 0.005161429 0.999983609 193.180175781
0.999852121 -0.017110709 -0.001702599 -0.568578303 0.017101323 0.999839187 -0.005381408 -3.458196640 0.001794405 0.005351496 0.999984086 194.504837036
0.999875844 -0.015599482 -0.002206989 -0.539276421 0.015578057 0.999834299 -0.009414130 -3.485094309 0.002353478 0.009378582 0.999953270 195.876647949
0.999971569 -0.007402820 -0.001406288 -0.572942197 0.007380904 0.999860227 -0.014998381 -3.524813175 0.001517121 0.014987576 0.999886453 197.272750854
0.999996185 0.002756186 -0.000125639 -0.590221882 -0.002757754 0.999884605 -0.014939131 -3.576167345 0.000084450 0.014939421 0.999888361 198.630981445
0.999945283 0.010357870 0.001465479 -0.620074272 -0.010340169 0.999879122 -0.011609630 -3.597098827 -0.001585552 0.011593839 0.999931514 199.948028564
0.999945343 0.010287317 0.001877053 -0.535953760 -0.010268124 0.999897659 -0.009961935 -3.522705555 -0.001979342 0.009942115 0.999948561 201.009658813
0.999964952 0.008210599 0.001648454 -0.543606639 -0.008194304 0.999919772 -0.009660107 -3.548511028 -0.001727637 0.009646262 0.999951959 202.350860596
0.999987125 0.005068630 0.000455823 -0.552558124 -0.005063860 0.999937952 -0.009917539 -3.578160286 -0.000506064 0.009915101 0.999950647 203.720031738
0.999991775 0.004006936 -0.000620541 -0.554999113 -0.004013331 0.999935031 -0.010672357 -3.615430593 0.000577737 0.010674761 0.999942839 205.072067261
0.999993682 0.003144566 -0.001664113 -0.551419735 -0.003161884 0.999939799 -0.010508859 -3.677836895 0.001630967 0.010514054 0.999943376 206.511199951
0.999990344 0.004032954 -0.001747900 -0.574167728 -0.004050144 0.999942362 -0.009945890 -3.716671944 0.001707688 0.009952875 0.999948978 207.862197876
0.999983430 0.005504491 -0.001733737 -0.602672160 -0.005521226 0.999936759 -0.009800433 -3.735553741 0.001679681 0.009809844 0.999950469 209.267944336
0.999981403 0.005615276 -0.002354234 -0.565280437 -0.005639315 0.999930739 -0.010331782 -3.770333290 0.002296055 0.010344864 0.999943852 210.698562622
0.999983251 0.005006306 -0.002897047 -0.571898699 -0.005038288 0.999925256 -0.011139580 -3.813977003 0.002841063 0.011153989 0.999933779 212.113845825
0.999983609 0.004709321 -0.003278553 -0.578271925 -0.004748228 0.999917209 -0.011962199 -3.842303991 0.003221948 0.011977569 0.999923050 213.488616943
0.999988496 0.003317880 -0.003457455 -0.606883526 -0.003356673 0.999930799 -0.011275654 -3.903507233 0.003419804 0.011287130 0.999930382 214.897323608
0.999987602 0.003684868 -0.003345445 -0.635489047 -0.003724021 0.999923766 -0.011773885 -3.933062553 0.003301805 0.011786196 0.999925077 216.316116333
0.999987125 0.004033349 -0.003072286 -0.669316053 -0.004069645 0.999920905 -0.011901023 -3.977299929 0.003024041 0.011913373 0.999924421 217.709060669
0.999979198 0.004654418 -0.004448152 -0.648264885 -0.004708547 0.999914050 -0.012236938 -4.019665241 0.004390813 0.012257627 0.999915183 219.140289307
0.999977708 0.004417080 -0.004987420 -0.649609864 -0.004478382 0.999913752 -0.012347898 -4.055918694 0.004932448 0.012369956 0.999911308 220.556533813
0.999971151 0.005540318 -0.005197036 -0.675997853 -0.005605255 0.999905348 -0.012564709 -4.099707603 0.005126932 0.012593477 0.999907553 222.001174927
0.999980092 0.003334258 -0.005361919 -0.686450779 -0.003400491 0.999917448 -0.012391179 -4.136108398 0.005320162 0.012409166 0.999908864 223.395523071
0.999981225 0.002730350 -0.005501094 -0.702009320 -0.002796057 0.999924421 -0.011972286 -4.199539185 0.005467991 0.011987440 0.999913216 224.816528320
0.999986529 0.000370796 -0.005199819 -0.720476031 -0.000434359 0.999925137 -0.012228365 -4.218276978 0.005194896 0.012230458 0.999911726 226.239166260
0.999988377 -0.000928061 -0.004726434 -0.731414974 0.000873153 0.999932230 -0.011605931 -4.246454239 0.004736885 0.011601670 0.999921441 227.642395020
0.999985933 -0.001149306 -0.005177235 -0.742820680 0.001090195 0.999934375 -0.011405920 -4.294685841 0.005190004 0.011400115 0.999921560 229.079406738
0.999987960 -0.000863877 -0.004838422 -0.774616957 0.000806216 0.999928772 -0.011906602 -4.334746361 0.004848364 0.011902557 0.999917388 230.534454346
0.999985933 0.000681703 -0.005260326 -0.771298885 -0.000746784 0.999923170 -0.012379968 -4.383856297 0.005251483 0.012383722 0.999909520 231.951065063
0.999991238 0.001228811 -0.004008550 -0.804219604 -0.001275820 0.999930203 -0.011745933 -4.412391663 0.003993837 0.011750945 0.999922991 233.385131836
0.999989331 0.002502282 -0.003900575 -0.802762806 -0.002539864 0.999950111 -0.009659977 -4.457626343 0.003876208 0.009669779 0.999945700 234.859146118
0.999990344 0.001462655 -0.004154480 -0.779307425 -0.001501720 0.999954522 -0.009415449 -4.479946136 0.004140519 0.009421597 0.999947011 236.236587524
0.999995351 0.002164261 -0.002150774 -0.929985523 -0.002189453 0.999928176 -0.011780426 -4.465362549 0.002125124 0.011785081 0.999928296 238.022308350
0.999995232 0.001919660 -0.002466369 -0.924293637 -0.001953251 0.999904394 -0.013690332 -4.495773792 0.002439852 0.013695081 0.999903262 239.458984375
0.999995589 0.002453835 -0.001689343 -0.942152441 -0.002475381 0.999914050 -0.012872800 -4.542451382 0.001657610 0.012876925 0.999915779 240.911010742
0.999993503 0.003293050 -0.001427991 -0.998584151 -0.003310480 0.999917865 -0.012380056 -4.546610355 0.001387106 0.012384703 0.999922335 242.394607544
0.999992907 0.003547100 -0.001216625 -1.032108545 -0.003561581 0.999920189 -0.012114547 -4.589440346 0.001173556 0.012118795 0.999925852 243.862609863
0.999981701 0.005978118 -0.000952118 -1.124955654 -0.005989690 0.999902010 -0.012653380 -4.585847855 0.000876381 0.012658850 0.999919474 245.242309570
0.999975383 0.006892712 -0.001352225 -1.121004820 -0.006909225 0.999896586 -0.012612626 -4.619233131 0.001265150 0.012621657 0.999919534 246.670532227
0.999963880 0.008467071 -0.000767994 -1.142002583 -0.008476364 0.999879122 -0.013036661 -4.657552242 0.000657519 0.013042700 0.999914706 248.143447876
0.999958515 0.009061567 -0.000909829 -1.153960228 -0.009072287 0.999879837 -0.012563849 -4.701000690 0.000795871 0.012571584 0.999920666 249.524002075
0.999969780 0.007731327 -0.000712576 -1.168630838 -0.007739928 0.999885678 -0.012981921 -4.737329483 0.000612127 0.012987046 0.999915481 250.974075317
0.999982119 0.005860932 -0.001146356 -1.172061920 -0.005874139 0.999912143 -0.011879830 -4.782061577 0.001076629 0.011886352 0.999928832 252.447006226
0.999997795 0.002076361 -0.000571581 -1.206907511 -0.002082700 0.999933720 -0.011320936 -4.800881386 0.000548036 0.011322101 0.999935746 253.829208374
0.999999225 0.000637240 -0.001068637 -1.192683220 -0.000650152 0.999926209 -0.012125782 -4.835963726 0.001060832 0.012126466 0.999925911 255.243087769
0.999993682 -0.002953069 -0.001986561 -1.213518143 0.002928129 0.999918282 -0.012442327 -4.888747692 0.002023142 0.012436431 0.999920607 256.717498779
0.999992371 -0.003856648 -0.000666062 -1.216695189 0.003849008 0.999930799 -0.011114660 -4.915266991 0.000708881 0.011112011 0.999938011 258.024414062
0.999992549 -0.003842644 -0.000532588 -1.223175287 0.003837692 0.999952078 -0.009008583 -4.981781006 0.000567179 0.009006472 0.999959290 259.498504639
0.999980688 -0.006210899 -0.000234294 -1.220615864 0.006208010 0.999922633 -0.010781833 -4.986855984 0.000301241 0.010780171 0.999941885 260.909362793
0.999980688 -0.006174180 0.000717077 -1.246105433 0.006181601 0.999921978 -0.010853352 -5.033147812 -0.000650011 0.010857577 0.999940813 262.263824463
0.999984980 -0.005306011 0.001396689 -1.254462957 0.005321935 0.999917865 -0.011655867 -5.058716774 -0.001334728 0.011663127 0.999931157 263.711822510
0.999991775 -0.003609105 0.001844644 -1.258302212 0.003629913 0.999928355 -0.011403714 -5.104425430 -0.001803354 0.011410319 0.999933243 265.215026855
0.999992132 -0.000109453 0.003960584 -1.285795689 0.000155059 0.999933779 -0.011516454 -5.159485817 -0.003959061 0.011516979 0.999925852 266.495880127
0.999982715 0.002141107 0.005460108 -1.308668137 -0.002074689 0.999924123 -0.012141082 -5.200794220 -0.005485688 0.012129545 0.999911427 267.932373047
0.999982953 0.001050004 0.005735706 -1.311310530 -0.000980435 0.999926090 -0.012118518 -5.239000797 -0.005748007 0.012112688 0.999910176 269.416625977
0.999968708 0.003203763 0.007234783 -1.361029625 -0.003112281 0.999915540 -0.012620747 -5.308304310 -0.007274606 0.012597836 0.999894202 270.763153076
0.999953032 0.004184994 0.008734820 -1.367935896 -0.004067155 0.999901175 -0.013465067 -5.350910664 -0.008790309 0.013428912 0.999871194 272.198699951
0.999963284 0.002460816 0.008207811 -1.352173805 -0.002351226 0.999908328 -0.013334928 -5.375692844 -0.008239873 0.013315142 0.999877393 273.679473877
0.999933481 0.003162977 0.011090497 -1.370193005 -0.003030893 0.999924541 -0.011906327 -5.444917202 -0.011127318 0.011871922 0.999867558 274.982116699
0.999932766 0.001639187 0.011478833 -1.352533579 -0.001500210 0.999925613 -0.012105417 -5.467173576 -0.011497821 0.012087383 0.999860823 276.435211182
0.999942958 0.002964769 0.010268716 -1.299803972 -0.002821960 0.999899507 -0.013893914 -5.567784309 -0.010308877 0.013864143 0.999850750 277.830200195
0.999913990 -0.004014501 0.012484845 -1.459258795 0.004165380 0.999918282 -0.012082485 -5.801565647 -0.012435320 0.012133448 0.999849081 279.280120850
0.999928355 -0.003006022 0.011585239 -1.449273825 0.003142016 0.999926150 -0.011738301 -5.850688457 -0.011549097 0.011773859 0.999863982 280.735656738
0.999930739 -0.005761779 0.010258870 -1.428936720 0.005886306 0.999908864 -0.012149938 -5.884212494 -0.010187929 0.012209484 0.999873579 282.152038574
0.999946594 -0.003170707 0.009833398 -1.342142582 0.003306734 0.999898672 -0.013847909 -5.858160973 -0.009788494 0.013879683 0.999855697 283.304718018
0.999959052 -0.003137904 0.008486380 -1.320965052 0.003249196 0.999908447 -0.013132382 -5.928499222 -0.008444396 0.013159420 0.999877751 284.618835449
0.999963462 -0.003863267 0.007619081 -1.317379236 0.003966301 0.999900281 -0.013554721 -5.945655823 -0.007565954 0.013584442 0.999879062 286.205841064
0.999976873 -0.000551556 0.006781648 -1.197466135 0.000647524 0.999899507 -0.014156966 -5.907702923 -0.006773158 0.014161028 0.999876797 286.847686768
0.999984622 -0.001726996 0.005275980 -1.156730771 0.001789690 0.999927461 -0.011901469 -5.965456009 -0.005255044 0.011910729 0.999915242 288.193542480
0.999971032 0.003525196 0.006743265 -1.218913198 -0.003447865 0.999928474 -0.011445354 -6.010619164 -0.006783131 0.011421771 0.999911726 289.563598633
0.999977827 0.002398864 0.006214470 -1.182310939 -0.002326346 0.999929428 -0.011650247 -5.979233265 -0.006241979 0.011635534 0.999912798 290.794006348
0.999964416 0.002263873 0.008126853 -1.242658854 -0.002171116 0.999932587 -0.011404303 -6.005343437 -0.008152124 0.011386251 0.999901950 291.906585693
0.999966085 0.001597259 0.008080116 -1.161629438 -0.001497527 0.999922812 -0.012333875 -6.032562256 -0.008099192 0.012321359 0.999891222 293.349639893
0.999964952 -0.000167084 0.008376750 -1.151313305 0.000277522 0.999913037 -0.013184506 -6.073838234 -0.008373819 0.013186367 0.999877930 294.670410156
0.999962211 -0.001802061 0.008503580 -1.153747320 0.001931390 0.999882221 -0.015225180 -6.126351357 -0.008475143 0.015241029 0.999847949 296.238922119
0.999963582 -0.001855693 0.008326538 -1.149331093 0.001988621 0.999870241 -0.015984619 -6.165610790 -0.008295796 0.016000595 0.999837577 297.621917725
0.999975681 -0.001021191 0.006891252 -1.160686016 0.001134965 0.999862850 -0.016526282 -6.215603828 -0.006873430 0.016533701 0.999839723 299.002441406
0.994986951 0.078720778 -0.061676860 1.929189682 -0.083102055 0.993934989 -0.072022498 -4.270738602 0.055633124 0.076786920 0.995494187 324.095489502
0.994884253 0.080315694 -0.061277088 1.825237274 -0.084525287 0.993993580 -0.069513351 -4.364048004 0.055326026 0.074337199 0.995697200 325.455902100
0.995101333 0.078535169 -0.060046807 1.695552826 -0.082497895 0.994360805 -0.066639237 -4.473461151 0.054474670 0.071266532 0.995968580 326.834960938
0.995062053 0.078475930 -0.060769219 1.704996109 -0.082416244 0.994456291 -0.065303154 -4.563455582 0.055307597 0.069989070 0.996013343 327.584136963
0.995094001 0.078357957 -0.060398180 1.596153259 -0.082327902 0.994396806 -0.066311747 -4.690578461 0.054863703 0.070958875 0.995969236 328.979400635
0.994036019 0.087125279 -0.065586150 1.758230209 -0.091947526 0.992973089 -0.074498981 -4.545354843 0.058634542 0.080085166 0.995061934 331.327362061
0.994108737 0.086717509 -0.065021858 1.651617050 -0.091503605 0.993002832 -0.074648812 -4.663551331 0.058093533 0.080158778 0.995087802 332.716369629
0.994045377 0.087694928 -0.064679496 1.592292786 -0.092439093 0.992933333 -0.074419498 -4.760427475 0.057696227 0.079955272 0.995127201 333.629913330
0.993930161 0.089208864 -0.064378902 1.493764877 -0.093988903 0.992706835 -0.075492918 -4.885379791 0.057174742 0.081085600 0.995065868 335.036163330
0.993871510 0.090950884 -0.062827632 1.411537170 -0.095698453 0.992410898 -0.077216141 -4.957241058 0.055327948 0.082755424 0.995032847 336.142333984
0.994173884 0.088495933 -0.061535671 1.317903519 -0.093022041 0.992831051 -0.075055040 -5.085018158 0.054452464 0.080341928 0.995278895 337.522949219
0.994207919 0.087504998 -0.062397864 1.275474548 -0.092028938 0.993021846 -0.073744871 -5.178159714 0.055509396 0.079060137 0.995323181 338.393249512
0.994224846 0.087056115 -0.062754698 1.197584152 -0.091712683 0.992911935 -0.075595349 -5.301769257 0.055728853 0.080914170 0.995161891 339.763153076
0.994100749 0.088700868 -0.062415801 1.116102219 -0.093315214 0.992779732 -0.075370558 -5.392766953 0.055279706 0.080750287 0.995200217 340.689666748
0.993964016 0.090164855 -0.062495340 1.007982254 -0.094888382 0.992485344 -0.077259339 -5.523830414 0.055059630 0.082723089 0.995050430 342.070556641
0.993702710 0.092545852 -0.063167870 0.945652008 -0.097489282 0.991994321 -0.080268532 -5.610389709 0.055233646 0.085921235 0.994769812 343.003967285
0.993482471 0.094349168 -0.063959382 0.845632553 -0.099355087 0.991813123 -0.080219246 -5.742799759 0.055867139 0.086051106 0.994723141 344.423919678
0.993397534 0.095151894 -0.064089522 0.784137726 -0.099939384 0.992073536 -0.076172628 -5.833797455 0.056333546 0.082074769 0.995032787 345.271423340
0.993226647 0.096374057 -0.064907089 0.680562973 -0.101036794 0.992211342 -0.072858088 -5.971212387 0.057379927 0.078922600 0.995227933 346.679290771
0.993091702 0.096665516 -0.066518128 0.613237381 -0.101538591 0.992056310 -0.074257910 -6.047998428 0.058811553 0.080499068 0.995018125 347.583129883
0.993039608 0.096060202 -0.068152562 0.522768021 -0.101140603 0.992004335 -0.075484879 -6.184911728 0.060356542 0.081852466 0.994815171 348.937194824
0.993060291 0.094485283 -0.070025913 0.441333771 -0.099647708 0.992243946 -0.074311748 -6.258636475 0.062461421 0.080773972 0.994773388 349.882293701
0.993130624 0.093160972 -0.070799328 0.332740784 -0.098338641 0.992431283 -0.073549464 -6.396266937 0.063411526 0.080006517 0.994775355 351.284149170
0.993125498 0.092734613 -0.071427427 0.274374008 -0.097991399 0.992433012 -0.073989481 -6.473474503 0.064025551 0.080480129 0.994697750 352.143096924
0.993158102 0.091945425 -0.071993373 0.165863037 -0.097330473 0.992403150 -0.075251386 -6.595479965 0.064527430 0.081743672 0.994562268 353.575958252
0.993157685 0.091899186 -0.072056904 0.092414856 -0.097292945 0.992402732 -0.075304814 -6.675254822 0.064589009 0.081800185 0.994553685 354.389404297
0.993263841 0.091178320 -0.071507186 -0.030164719 -0.096586727 0.992401540 -0.076224543 -6.790954590 0.064013809 0.082617737 0.994523287 355.772338867
0.993233800 0.091310106 -0.071757250 -0.089599609 -0.096740544 0.992384911 -0.076246060 -6.884504318 0.064248778 0.082672000 0.994503617 356.644744873
0.993251681 0.091235757 -0.071604617 -0.199392319 -0.096717261 0.992310703 -0.077234596 -7.012334824 0.064007483 0.083638795 0.994438291 358.040191650
0.993340492 0.090365663 -0.071475483 -0.261583328 -0.095801562 0.992442429 -0.076681562 -7.095344543 0.064005919 0.083018363 0.994490445 358.874694824
0.993328333 0.090753950 -0.071151353 -0.353956223 -0.096225627 0.992324591 -0.077669375 -7.210233688 0.063556433 0.083997779 0.994436979 360.067840576
0.993474841 0.088559568 -0.071867675 -0.432899475 -0.094151616 0.992453337 -0.078561313 -7.311523438 0.064367965 0.084815152 0.994315386 361.104370117
0.993589103 0.087419078 -0.071684241 -0.513120651 -0.092876650 0.992718399 -0.076707222 -7.416006088 0.064456590 0.082873248 0.994473398 362.241058350
0.993736744 0.085640796 -0.071783036 -0.600257874 -0.091042824 0.992965341 -0.075703956 -7.523265839 0.064794704 0.081765138 0.994543195 363.340057373
0.993771672 0.085676759 -0.071255118 -0.695814133 -0.091084391 0.992903411 -0.076462492 -7.629913330 0.064198382 0.082476482 0.994523108 364.460632324
0.993729711 0.086156994 -0.071260847 -0.781177521 -0.091636360 0.992766321 -0.077574529 -7.728404999 0.064061768 0.083618186 0.994436562 365.582427979
0.993703663 0.087396555 -0.070104823 -0.887386322 -0.092726164 0.992728412 -0.076760903 -7.835105896 0.062886409 0.082778156 0.994581819 366.700592041
0.993567467 0.088618219 -0.070501953 -0.960714340 -0.093902953 0.992710352 -0.075553849 -7.942468643 0.063292556 0.081688188 0.994646192 367.832244873
0.993630707 0.088184349 -0.070153691 -1.057947159 -0.093471818 0.992713809 -0.076042488 -8.047731400 0.062936768 0.082115553 0.994633615 368.992797852
0.993672609 0.087748028 -0.070107520 -1.136610031 -0.093056336 0.992723286 -0.076425269 -8.154428482 0.062891200 0.082465656 0.994607508 370.100128174
0.993654132 0.087984160 -0.070074528 -1.225625992 -0.093341127 0.992633224 -0.077243201 -8.254409790 0.062762134 0.083293855 0.994546711 371.256652832
0.993628502 0.088503443 -0.069784001 -1.311143875 -0.093790740 0.992646277 -0.076529250 -8.371913910 0.062497713 0.082586743 0.994622290 372.378356934
0.993495762 0.090263464 -0.069416843 -1.409244537 -0.095494904 0.992512882 -0.076150544 -8.483386993 0.062023494 0.082284190 0.994677067 373.549468994
0.993403733 0.091274433 -0.069412097 -1.487804413 -0.096509047 0.992409170 -0.076223977 -8.575393677 0.061927885 0.082420066 0.994671762 374.674804688
0.993260205 0.093098566 -0.069042668 -1.582273483 -0.098377407 0.992129445 -0.077467144 -8.682291031 0.061287172 0.083737276 0.994601429 375.830657959
0.993191004 0.094365232 -0.068313450 -1.667242050 -0.099625185 0.991948247 -0.078190312 -8.793565750 0.060384955 0.084463678 0.994595110 376.965515137
