0.994220793 -0.107253641 0.004665041 0.266085863 0.106247671 0.989261150 0.100367770 -0.110233665 -0.015379751 -0.099292055 0.994939446 1.395298600
0.993179083 -0.116591357 -0.001251837 0.449254811 0.116094194 0.987833261 0.103477314 0.079263404 -0.010827954 -0.102916852 0.994631052 2.963883877
0.992590070 -0.121046565 -0.010617326 0.745429814 0.121501699 0.987618148 0.099236012 0.516209543 -0.001526311 -0.099790692 0.995007277 4.624241829
0.992421925 -0.122373343 -0.011124435 0.775724351 0.122877151 0.988666475 0.086254179 1.255818129 0.000443141 -0.086967483 0.996211112 6.467557430
0.990571320 -0.136224657 -0.014537951 0.874837160 0.136983410 0.986431420 0.090490788 1.555503368 0.002013617 -0.091629028 0.995791197 8.166704178
0.990022123 -0.139870524 -0.017093763 0.928740740 0.140817702 0.986476183 0.083875641 1.988471508 0.005130857 -0.085445851 0.996329606 9.777036667
0.989475429 -0.143263653 -0.020342212 1.021375537 0.144469485 0.986027062 0.082939669 2.222908735 0.008175736 -0.085005581 0.996346951 11.372771263
0.988402367 -0.150204659 -0.022347346 1.102307796 0.151566759 0.984875679 0.083947927 2.489669561 0.009399990 -0.086361445 0.996219575 12.899410248
0.986589789 -0.161525458 -0.023457108 1.174415708 0.162950292 0.982991159 0.084710501 2.747199297 0.009375222 -0.087396853 0.996129453 14.377489090
0.986320019 -0.162883148 -0.025337992 1.233415842 0.164448828 0.982885242 0.083024435 3.003256798 0.011381059 -0.086055458 0.996225297 15.859010696
0.984553516 -0.172615379 -0.029297516 1.370977044 0.174486816 0.981169581 0.082827911 3.279741287 0.014448463 -0.086660542 0.996133149 17.313146591
0.983694196 -0.176968127 -0.032062575 1.445612669 0.179077134 0.980281770 0.083539791 3.601315975 0.016646480 -0.087919295 0.995988429 18.899421692
0.987389863 -0.154950097 -0.032430723 1.440926790 0.156934455 0.984989405 0.071884714 4.333731651 0.020805379 -0.076067731 0.996885538 20.735353470
0.988000751 -0.150785834 -0.033439193 1.456584930 0.152673289 0.986213446 0.063826293 4.783918381 0.023354089 -0.068165682 0.997400582 22.375280380
0.988060355 -0.150426388 -0.033294205 1.428395033 0.152241006 0.986451685 0.061120119 5.080250263 0.023649039 -0.065459110 0.997574985 23.872877121
0.987851441 -0.151533321 -0.034456309 1.445350409 0.153312430 0.986547351 0.056741793 5.410359383 0.025394505 -0.061335042 0.997794151 25.295654297
0.988122642 -0.149496198 -0.035559215 1.464935780 0.151306480 0.986940205 0.055276509 5.645451546 0.026831193 -0.060000323 0.997837603 26.697748184
0.988475740 -0.147183970 -0.035391655 1.460651994 0.148856401 0.987569511 0.050478980 5.947613239 0.027522024 -0.055165522 0.998097837 28.107519150
0.988744736 -0.145252004 -0.035856239 1.461843848 0.146750003 0.988219500 0.043435507 6.277392387 0.029124742 -0.048208542 0.998412609 29.478942871
0.988485038 -0.147015736 -0.035828140 1.455340981 0.148484603 0.988000393 0.042513881 6.444359303 0.029148012 -0.047344267 0.998453200 30.762117386
0.988802850 -0.144573420 -0.036977906 1.454894662 0.146214783 0.988164723 0.046385303 6.561613560 0.029834189 -0.051272642 0.998238921 32.032806396
0.988730490 -0.145089433 -0.036891870 1.428088903 0.146693960 0.988143563 0.045311444 6.725811958 0.029880254 -0.050212622 0.998291492 33.323760986
0.988683760 -0.145469218 -0.036650192 1.375371575 0.147046566 0.988113821 0.044812925 6.766222000 0.029695662 -0.049695089 0.998322904 34.717826843
0.989850044 -0.137579188 -0.035618193 1.385086417 0.139030084 0.989393473 0.042086165 7.019813061 0.029450225 -0.046610992 0.998478949 35.801872253
0.990971267 -0.129726693 -0.033862751 1.329374433 0.130964503 0.990684092 0.037325148 7.220012188 0.028705228 -0.041422974 0.998729229 36.980659485
0.991072416 -0.129179955 -0.032982424 1.280466795 0.130366147 0.990783572 0.036775533 7.244417667 0.027927786 -0.040747013 0.998779058 38.325698853
0.991488099 -0.126346096 -0.031430807 1.307615161 0.127636880 0.990881503 0.043156728 7.401287079 0.025691522 -0.046801116 0.998573840 39.290790558
0.991523087 -0.126060635 -0.031480554 1.376343966 0.127320349 0.990977943 0.041857626 7.626663208 0.025919944 -0.045510903 0.998627543 40.454940796
0.991522789 -0.126444027 -0.029906310 1.332436442 0.127657205 0.990890205 0.042896029 7.662344456 0.024209928 -0.046350140 0.998631895 41.765533447
0.990854502 -0.132155314 -0.027244302 1.339664102 0.132900462 0.990743995 0.027637320 8.489344597 0.023339706 -0.031005353 0.999246716 42.913993835
0.990889311 -0.132578656 -0.023695109 1.309293509 0.133207753 0.990712166 0.027297437 8.508854866 0.019855974 -0.030205114 0.999346554 44.163608551
0.991387784 -0.129462346 -0.019742547 1.282424927 0.129881725 0.991292238 0.021687284 8.905499458 0.016762948 -0.024064705 0.999569893 45.120391846
0.991502285 -0.129056826 -0.016357668 1.268323183 0.129376248 0.991388559 0.020259477 8.915646553 0.013602184 -0.022203613 0.999660909 46.346221924
0.993698418 -0.111696176 -0.009342332 1.180527449 0.111857794 0.993541121 0.019069958 9.226421356 0.007151950 -0.019994801 0.999774516 46.979854584
0.993661642 -0.112335987 -0.004116770 1.177908182 0.112395436 0.993471324 0.019541897 9.231834412 0.001894635 -0.019880742 0.999800563 48.176471710
0.994556665 -0.104191065 0.001089464 1.103163838 0.104138620 0.994296789 0.023002809 9.294557571 -0.003479935 -0.022764139 0.999734819 48.605667114
0.994619548 -0.103247799 0.008481752 1.113840222 0.103019871 0.994391084 0.023945929 9.300834656 -0.010906542 -0.022943296 0.999677360 49.795532227
0.995010138 -0.097589798 0.020761410 0.976868749 0.096926659 0.994813144 0.030855343 9.355513573 -0.023664892 -0.028689045 0.999308228 49.983943939
0.994969785 -0.095258020 0.030999796 1.014818788 0.094252549 0.995020092 0.032426141 9.376117706 -0.033934273 -0.029341223 0.998993278 51.149692535
0.995335102 -0.086284757 0.043163292 1.073233247 0.085010841 0.995912135 0.030530285 9.631085396 -0.045621142 -0.026718510 0.998601496 51.698482513
0.994721711 -0.084436856 0.058302760 1.131314754 0.082637131 0.996045589 0.032623164 9.640883446 -0.060826816 -0.027632993 0.997765779 52.837524414
0.995259404 -0.062867522 0.074206740 1.092565536 0.064635374 0.997673690 -0.021664735 12.679490089 -0.072672121 0.026358413 0.997007549 52.772132874
0.993787587 -0.062833615 0.091859937 1.191718578 0.064869553 0.997706115 -0.019345369 12.638006210 -0.090433687 0.025184106 0.995584011 53.856304169
0.992562652 -0.031500097 0.117588006 0.952172279 0.039691109 0.996896803 -0.067979567 15.058721542 -0.115081750 0.072141193 0.990732968 55.126293182
0.989908695 -0.032601923 0.137905478 1.092005253 0.042293344 0.996792614 -0.067939334 14.969746590 -0.135248214 0.073086224 0.988112569 56.192794800
0.986966312 -0.021237932 0.159519628 1.121033669 0.036129616 0.995191455 -0.091041550 16.192140579 -0.156819060 0.095618337 0.982987642 57.416275024
0.983060360 -0.026447680 0.181364164 1.303614616 0.043007616 0.995192289 -0.087991834 16.081861496 -0.178165048 0.094301328 0.979471445 58.442455292
0.978897095 -0.025902919 0.202705353 1.460359573 0.044607926 0.995098114 -0.088259310 16.401170731 -0.199425578 0.095439047 0.975254238 59.347137451
0.973495483 -0.031204496 0.226567581 1.698757172 0.052286763 0.994777799 -0.087653309 16.294588089 -0.222649261 0.097176582 0.970043361 60.348190308
0.966329038 -0.042338349 0.253802210 1.766004562 0.067248270 0.993642807 -0.090285927 16.420776367 -0.248366237 0.104313679 0.963033140 61.114383698
0.958870292 -0.045920860 0.280105263 2.060566902 0.073252775 0.993432403 -0.087897837 16.316879272 -0.274229288 0.104801118 0.955936670 62.087055206
0.951379478 -0.053695593 0.303304851 2.448279381 0.084370144 0.992456734 -0.088945150 16.315467834 -0.296240926 0.110210471 0.948733449 63.035736084
0.941895008 -0.057721615 0.330911040 2.773050308 0.090287022 0.992376506 -0.083887555 16.211017609 -0.323546290 0.108890250 0.939925909 63.957977295
0.934002757 -0.061676223 0.351901799 3.035413742 0.096687786 0.991866112 -0.082784809 16.336658478 -0.343933582 0.111345865 0.932368875 64.452171326
0.922472835 -0.061080035 0.381199419 3.398342133 0.100449257 0.991370320 -0.084230937 16.243476868 -0.372764945 0.115991957 0.920647621 65.317344666
0.942201912 0.083877787 0.324376434 7.287963867 0.113548979 0.830920339 -0.544681489 35.767494202 -0.315217644 0.550032616 0.773370564 71.428031921
0.931871057 0.081481896 0.353521049 7.640834332 0.133789167 0.828585207 -0.543642223 35.251579285 -0.337219357 0.553901732 0.761233270 72.136726379
0.926635027 0.107927456 0.360137761 9.200102806 0.154925376 0.763182104 -0.627336562 38.387737274 -0.342557579 0.637106478 0.690470576 75.706130981
0.912771583 0.110145427 0.393339694 9.574383736 0.173863664 0.766605556 -0.618132114 37.782253265 -0.369620889 0.632600725 0.680585563 76.355171204
0.904926121 0.131562620 0.404722035 10.843526840 0.201009929 0.706106901 -0.678975701 39.627464294 -0.375104874 0.695775986 0.612529278 79.302223206
0.888421059 0.137038663 0.438096225 11.238102913 0.224443689 0.702845752 -0.675005913 38.990947723 -0.400416017 0.698017418 0.593665600 79.856521606
0.878212929 0.142755017 0.456467956 12.219226837 0.247094452 0.681743622 -0.688600063 38.900337219 -0.409495264 0.717528164 0.563442111 80.804061890
0.861015856 0.144840539 0.487517059 12.664435387 0.271169007 0.680215895 -0.681009412 38.261447906 -0.430254608 0.718559444 0.546400428 81.308670044
0.853054643 0.141924322 0.502150595 13.557829857 0.292232543 0.667312860 -0.685050130 38.230255127 -0.432316750 0.731130004 0.527779579 81.848197937
0.834488690 0.141386971 0.532577038 14.050914764 0.317053467 0.667295694 -0.673938930 37.595161438 -0.450672567 0.731249869 0.512023568 82.304313660
0.817022026 0.140738279 0.559166968 14.611078262 0.341458917 0.663335562 -0.665876508 37.160655975 -0.464629710 0.734968364 0.493903518 82.644332886
0.796547115 0.142969131 0.587428570 15.159083366 0.364637136 0.661411405 -0.655419350 36.559051514 -0.482236713 0.736270785 0.474713564 83.072494507
0.775073647 0.143770918 0.615297377 15.705741882 0.388168633 0.660025954 -0.643188000 36.117191315 -0.498583972 0.737357199 0.455761462 83.418869019
0.752628267 0.145501018 0.642168224 16.306468964 0.410359710 0.659059227 -0.630274355 35.535339355 -0.514932454 0.737882316 0.436318964 83.809379578
0.733265996 0.149216622 0.663366735 16.995140076 0.430673569 0.653037250 -0.622946799 35.242012024 -0.526157320 0.742480159 0.414586335 84.054382324
0.708363414 0.157234401 0.688112378 17.628181458 0.452306807 0.647303879 -0.613527775 34.684318542 -0.541885436 0.745838523 0.387408137 84.413093567
0.684598684 0.163515627 0.710343063 18.279918671 0.466171563 0.650951862 -0.599120736 34.261177063 -0.560364783 0.741298974 0.369414479 84.440361023
0.657400489 0.168440253 0.734474301 18.965877533 0.485553116 0.650682151 -0.583824337 33.710807800 -0.576248825 0.740432739 0.345972091 84.767433167
0.642149687 0.172854632 0.746836603 20.200784683 0.504149973 0.638684690 -0.581304193 33.594818115 -0.577474296 0.749802053 0.322986573 85.138771057
0.613164127 0.173634917 0.770636439 20.939064026 0.521492183 0.643788278 -0.559984326 33.053157806 -0.593359530 0.745243311 0.304198653 85.434692383
0.589355767 0.174639165 0.788771808 21.698223114 0.538109362 0.643383265 -0.544514716 32.892562866 -0.602576017 0.745358407 0.285206616 85.505989075
0.557547212 0.179360598 0.810537457 22.478017807 0.553121984 0.647810698 -0.523829460 32.372955322 -0.619029045 0.740385711 0.261976749 85.765472412
0.532106400 0.179540217 0.827422500 23.237224579 0.570030987 0.646627128 -0.506890476 32.238971710 -0.626041114 0.741376221 0.241730884 85.776298523
0.499802381 0.179701611 0.847292781 24.059398651 0.586361706 0.649783254 -0.483695865 31.751224518 -0.637477517 0.738572419 0.219392985 85.986328125
0.470289946 0.178967506 0.864174783 24.956398010 0.604391456 0.648224354 -0.463158935 31.536756516 -0.643069685 0.740118682 0.196686983 86.049926758
0.438237190 0.178178370 0.881022573 25.831539154 0.621212482 0.648368418 -0.440129042 31.093391418 -0.649648726 0.740182996 0.173452526 86.212310791
0.409479201 0.176786050 0.895027101 26.711908340 0.639155030 0.644456804 -0.419709802 30.922447205 -0.651005208 0.743923426 0.150897950 86.260719299
0.379665792 0.174044535 0.908604622 27.627002716 0.658412516 0.639103234 -0.397542626 30.536598206 -0.649882257 0.749170065 0.128052503 86.380630493
0.349300563 0.179818839 0.919594586 28.432874680 0.670629025 0.637438953 -0.379378736 30.407127380 -0.654404938 0.749224186 0.102066077 86.425514221
0.319755226 0.184626982 0.929338157 29.364929199 0.682464719 0.635509372 -0.361067533 30.052675247 -0.657265961 0.749693871 0.077206083 86.497932434
0.292149007 0.194635734 0.936357737 30.208854675 0.692241251 0.632513344 -0.347460508 30.017446518 -0.659887016 0.749695778 0.050053257 86.606788635
0.268911570 0.192477360 0.943736613 31.162570953 0.701334655 0.632455230 -0.328831404 29.691417694 -0.660163879 0.750301898 0.035083476 86.622909546
0.236885652 0.197075039 0.951339364 31.896537781 0.703829288 0.640186191 -0.307873100 29.514888763 -0.669708431 0.742511332 0.012943741 86.781761169
0.217783242 0.194810823 0.956357181 32.857318878 0.709348977 0.641440153 -0.292196035 29.199357986 -0.670368850 0.742026508 0.001506054 86.797752380
0.211622834 0.189367920 0.958830297 33.896690369 0.716419458 0.637259245 -0.283978462 29.127601624 -0.664799929 0.747020960 -0.000808261 86.474739075
0.197894573 0.193313763 0.960972250 34.885196686 0.721813321 0.634545565 -0.276292413 28.849851608 -0.663191795 0.748319209 -0.013963329 86.460563660
0.187988147 0.196176633 0.962379932 35.905494690 0.726531684 0.631579936 -0.270662934 28.752969742 -0.660917699 0.750080884 -0.023798989 86.338371277
0.179917470 0.198497415 0.963446140 36.883064270 0.731880307 0.627398908 -0.265936077 28.487257004 -0.657252729 0.752973676 -0.032396309 86.304985046
0.176262498 0.203441307 0.963090420 37.919021606 0.733214021 0.625661492 -0.266354561 28.415031433 -0.656756163 0.753099859 -0.038885355 86.200569153
0.173022628 0.207701534 0.962768495 38.889465332 0.735174835 0.623260319 -0.266579121 28.138008118 -0.655424356 0.753927529 -0.044858783 86.150138855
0.162254795 0.219078660 0.962121427 39.794551849 0.728650689 0.630892634 -0.266538203 28.018384933 -0.665388286 0.744297683 -0.057266455 86.251464844
0.152448818 0.228567421 0.961517632 40.707244873 0.725215733 0.635083854 -0.265952259 27.851268768 -0.671432316 0.737851918 -0.068942927 86.316772461
0.150344089 0.231610030 0.961120844 41.690273285 0.726772368 0.633169770 -0.266266614 27.579883575 -0.670222759 0.738547802 -0.073134452 86.239204407
0.155534327 0.237255856 0.958915353 43.084724426 0.726157844 0.630649388 -0.273817420 27.542398453 -0.669704258 0.738911927 -0.074197583 86.011260986
0.153382108 0.237992406 0.959079504 44.060791016 0.728492796 0.628534734 -0.272474051 27.256580353 -0.667661607 0.740475178 -0.076969787 85.930870056
0.161288410 0.241802856 0.956826806 45.569343567 0.720817029 0.633359849 -0.281563669 27.376577377 -0.674098432 0.735110164 -0.072141990 85.605537415
0.158859551 0.241682053 0.957263470 46.544242859 0.720925093 0.634053707 -0.279719442 27.084869385 -0.674559712 0.734551430 -0.073509149 85.523986816
0.153524175 0.245819092 0.957080662 47.628997803 0.711846232 0.644256175 -0.279658824 27.035297394 -0.685350537 0.724228680 -0.076076493 85.367736816
0.145470425 0.250578701 0.957104325 48.662094116 0.705622733 0.651819170 -0.277899951 26.845041275 -0.693494797 0.715780675 -0.081993595 85.301361084
0.142509207 0.253327042 0.956826270 49.647644043 0.704803705 0.652750075 -0.277793586 26.560382843 -0.694940984 0.713962853 -0.085522905 85.211364746
0.142289326 0.261591971 0.954632699 50.826347351 0.699007273 0.656290472 -0.284027249 26.520801544 -0.700815678 0.707709074 -0.089471564 85.012008667
0.139579833 0.266179234 0.953764141 51.820587158 0.697575629 0.657176554 -0.285494328 26.219491959 -0.702784240 0.705171883 -0.093951523 84.912467957
0.133518264 0.268922985 0.953862309 52.657249451 0.689645946 0.666004002 -0.284301102 26.117065430 -0.711731255 0.695786715 -0.096537955 84.760925293
0.130506545 0.268005192 0.954537213 53.666290283 0.688978910 0.667798758 -0.281696469 25.815290451 -0.712934971 0.694419265 -0.097497799 84.655647278
0.125382707 0.264201880 0.956282616 54.487129211 0.686538815 0.672723591 -0.275875539 25.744113922 -0.716200829 0.691115141 -0.097036973 84.523330688
0.123392463 0.262609392 0.956979871 55.506660461 0.687338710 0.672960103 -0.273295254 25.452373505 -0.715779245 0.691491961 -0.097463384 84.415794373
0.121493697 0.262721121 0.957192183 56.513916016 0.687378466 0.673412204 -0.272078872 25.156414032 -0.716065764 0.691009223 -0.098773524 84.296585083
0.116348378 0.263118267 0.957722187 57.300189972 0.687059879 0.675006688 -0.268913954 25.079319000 -0.717225015 0.689300358 -0.102242060 84.167900085
0.115348354 0.265654892 0.957142711 58.282279968 0.687714994 0.673933446 -0.269928962 24.793331146 -0.716758490 0.689377367 -0.104957752 84.062629700
0.112235978 0.271119744 0.955979705 59.225406647 0.683206439 0.677530766 -0.272361785 24.733230591 -0.721548319 0.683700323 -0.109187447 83.951995850
0.111044012 0.270452559 0.956307769 60.244171143 0.681033552 0.680092931 -0.271416336 24.428726196 -0.723783433 0.681416988 -0.108667016 83.839309692
0.117856562 0.271310598 0.955248892 61.407325745 0.677532136 0.681298852 -0.277095556 24.398895264 -0.725988984 0.679869354 -0.103526115 83.521858215
0.116887145 0.273096830 0.954859018 62.440750122 0.675024390 0.683382094 -0.278084219 24.083942413 -0.728477418 0.677057505 -0.104468457 83.413162231
0.113653705 0.276101261 0.954385042 63.358940125 0.668468714 0.689406514 -0.279048681 23.985412598 -0.735005081 0.669691503 -0.106211454 83.284378052
0.112403080 0.276546955 0.954404116 64.404388428 0.665651619 0.692164063 -0.278956383 23.663173676 -0.737748921 0.666656256 -0.106282562 83.175865173
0.107187405 0.268566817 0.957278848 65.208114624 0.667509973 0.694125950 -0.269480348 23.505851746 -0.736845553 0.667878032 -0.104869470 83.042785645
0.106885523 0.259201914 0.959890544 66.252838135 0.669989049 0.694543123 -0.262153864 23.202060699 -0.734636128 0.671136558 -0.099425837 82.933815002
0.100582495 0.248868614 0.963300347 67.020370483 0.674562216 0.694635928 -0.249893248 23.015081406 -0.731333673 0.674941003 -0.098009139 82.825981140
0.102905713 0.249844477 0.962802231 68.099929810 0.680054188 0.688710690 -0.251403689 22.743362427 -0.725904047 0.680628657 -0.099035539 82.710716248
0.096601039 0.254615784 0.962205291 68.883903503 0.679628253 0.689402163 -0.250659078 22.626373291 -0.727168262 0.678155899 -0.106447101 82.620063782
0.098713249 0.259510666 0.960681975 69.967620850 0.681804001 0.685559034 -0.255248845 22.350101471 -0.724844158 0.680193365 -0.109261654 82.489532471
0.096508093 0.263129056 0.959921539 70.971603394 0.678571403 0.688160717 -0.256857187 22.282037735 -0.728166819 0.676164150 -0.112138778 82.288421631
0.095921218 0.260842890 0.960604012 72.055931091 0.676399529 0.690926135 -0.255156428 21.986007690 -0.730262160 0.674226940 -0.110159546 82.162414551
0.091928989 0.260228366 0.961160839 73.094573975 0.664113581 0.703196645 -0.253904521 22.010261536 -0.741958320 0.661661208 -0.108177058 81.964447021
0.091190465 0.258294582 0.961752653 74.195083618 0.663133264 0.704751790 -0.252149105 21.702487946 -0.742925704 0.660763741 -0.107017107 81.837844849
0.069908082 0.242650121 0.967591822 74.641387939 0.620036185 0.749270976 -0.232697561 21.646213531 -0.781452656 0.616209269 -0.098071754 81.829940796
0.070584334 0.247854277 0.966222703 75.746376038 0.620233834 0.747721255 -0.237113804 21.382089615 -0.781234860 0.616020501 -0.100950219 81.710540771
0.061921284 0.231214046 0.970930398 76.279220581 0.596708775 0.771221519 -0.221711308 21.260040283 -0.800065279 0.593091369 -0.090212457 81.557960510
0.061764129 0.229731604 0.971292257 77.383995056 0.597407043 0.771067262 -0.220363036 20.990612030 -0.799556077 0.593867421 -0.089619003 81.479240417
0.055496056 0.227043986 0.972302020 78.371734619 0.584670901 0.781993747 -0.215976000 21.094139099 -0.809370160 0.580462635 -0.089348443 81.344833374
0.055322777 0.225639954 0.972638786 79.498054504 0.584695041 0.782314897 -0.214744136 20.844240189 -0.809364617 0.580577374 -0.088650748 81.239669800
0.053680647 0.228510782 0.972060382 80.614341736 0.581751525 0.784040749 -0.216437757 20.555667877 -0.811593175 0.577116191 -0.090848714 81.154350281
0.054855306 0.230702445 0.971476912 81.758010864 0.582342386 0.782942116 -0.218812451 20.284143448 -0.811090648 0.577735305 -0.091399297 81.047149658
0.318703711 0.577663362 0.751487076 94.237640381 0.530661464 0.548189342 -0.646441638 43.931049347 -0.785383046 0.604808629 -0.131833702 82.308265686
0.318699062 0.575475514 0.753165781 95.131225586 0.529939234 0.550626040 -0.644961536 43.157104492 -0.785872459 0.604680717 -0.129483089 82.160591125
0.298316121 0.573504686 0.762954652 95.394256592 0.512794614 0.577885509 -0.634893596 42.971862793 -0.805015028 0.580637932 -0.121697560 81.940971375
0.298988014 0.572824478 0.763202727 96.273971558 0.512994885 0.577903509 -0.634715438 42.194816589 -0.804638088 0.581291378 -0.121069796 81.800895691
0.301744550 0.572655916 0.762243629 97.211402893 0.513902962 0.575722039 -0.635962069 41.439121246 -0.803028047 0.583617330 -0.120568551 81.653083801
0.303760350 0.570555747 0.763017535 98.107192993 0.512678385 0.577141404 -0.635663927 40.655113220 -0.803050756 0.584272087 -0.117198937 81.473037720
0.294530839 0.557529867 0.776151955 99.256896973 0.524830163 0.584366441 -0.618925631 39.726371765 -0.798626721 0.589640856 -0.120494589 80.981582642
0.294183463 0.556855559 0.776767612 100.160354614 0.524082184 0.585659623 -0.618336976 38.998416901 -0.799245834 0.588994741 -0.119546741 80.849838257
0.295883656 0.556744039 0.776201546 101.123199463 0.521755040 0.586463988 -0.619541466 38.248554230 -0.800140381 0.588299334 -0.116958894 80.686233521
0.284217656 0.537947237 0.793620169 101.917068481 0.537795305 0.595819175 -0.596469343 37.390140533 -0.793723166 0.596332431 -0.119963236 80.388771057
0.280172497 0.537332058 0.795473337 102.871948242 0.538507164 0.598017633 -0.593620300 36.685729980 -0.794678211 0.594684064 -0.121809095 80.187469482
0.281297803 0.539320648 0.793728411 103.826812744 0.538123250 0.596186280 -0.595806539 35.963333130 -0.794540703 0.594722748 -0.122515105 80.043479919
0.274634629 0.537247181 0.797459245 104.683486938 0.528327823 0.608627975 -0.591981113 35.505569458 -0.803396225 0.583898485 -0.116692357 79.762184143
0.265149891 0.539283156 0.799292922 105.465927124 0.520700395 0.617608249 -0.589432776 34.978912354 -0.811521173 0.572480142 -0.117046230 79.650260925
0.256694496 0.545083702 0.798117459 106.273773193 0.515451193 0.621334612 -0.590129793 34.478778839 -0.817568243 0.562873781 -0.121470913 79.533248901
0.255005330 0.545438349 0.798416674 107.262443542 0.514012814 0.622917354 -0.589715898 33.739276886 -0.819001257 0.560777247 -0.121515110 79.390296936
0.246181935 0.539565504 0.805148065 108.109245300 0.515297294 0.630716741 -0.580228508 33.168182373 -0.820891678 0.557732463 -0.122765571 79.210731506
0.243626982 0.538532972 0.806615174 109.115142822 0.514192641 0.633451641 -0.578225791 32.421447754 -0.822345436 0.555627048 -0.122583769 79.053367615
0.231530204 0.541622460 0.808108211 110.012222290 0.505200326 0.642944932 -0.575668693 31.962455750 -0.831364036 0.541541338 -0.124766707 78.864753723
0.230537221 0.541486621 0.808483005 111.017227173 0.506688058 0.642532408 -0.574821115 31.239345551 -0.830734432 0.542166412 -0.126237169 78.703727722
0.203409791 0.546577632 0.812328339 111.451385498 0.481274992 0.666702867 -0.569105983 31.181713104 -0.852642298 0.506715059 -0.127440244 78.671310425
0.199386522 0.542961538 0.815743685 112.472953796 0.481248468 0.670896351 -0.564178944 30.451557159 -0.853606939 0.505065143 -0.127531737 78.511810303
0.187958315 0.559112906 0.807505012 113.662506104 0.466296911 0.672797084 -0.574378967 30.429584503 -0.864429653 0.484496474 -0.134254813 78.370437622
0.179687753 0.566351593 0.804337084 114.681022644 0.465637147 0.671279371 -0.576685369 29.688140869 -0.866541505 0.478152603 -0.143093646 78.227813721
0.176883981 0.569437981 0.802777946 116.170074463 0.466970205 0.669437766 -0.577747345 28.873146057 -0.866401076 0.477067620 -0.147497728 77.767120361
0.170498744 0.566118538 0.806498528 117.447189331 0.472527623 0.671255827 -0.571080744 28.091403961 -0.864666343 0.478461415 -0.153058365 77.466957092
0.162436128 0.563613057 0.809910357 118.443222046 0.479975253 0.672023237 -0.563922346 27.376140594 -0.862112761 0.480338246 -0.161359489 77.256385803
0.146507874 0.566525459 0.810915649 119.904632568 0.481383920 0.675316334 -0.558764040 26.545406342 -0.864178717 0.472225100 -0.173777103 76.919860840
0.133812934 0.567225397 0.812618852 121.093215942 0.489328474 0.675242305 -0.551910758 25.804637909 -0.861772358 0.471490413 -0.187203363 76.636466980
0.120975137 0.566815972 0.814913809 122.323860168 0.493745476 0.677827179 -0.544761956 25.098663330 -0.861150622 0.468262732 -0.197862566 76.270057678
0.109947182 0.567359328 0.816097558 123.490379333 0.502120793 0.676892519 -0.538229823 24.417457581 -0.857779860 0.468956441 -0.210460559 75.881851196
0.091020361 0.572770536 0.814646661 124.542739868 0.504290998 0.678889930 -0.533665538 23.838500977 -0.858723402 0.459393501 -0.227050215 75.629463196
0.076924503 0.577093959 0.813046813 125.608612061 0.508035362 0.678972840 -0.529996037 23.262386322 -0.857894301 0.453826219 -0.240954548 75.287757874
0.059587542 0.578182518 0.813728690 126.709808350 0.511427820 0.682378292 -0.522304118 22.671676636 -0.857257783 0.447286367 -0.255037367 74.936721802
0.039587051 0.577068210 0.815735877 127.721588135 0.511062860 0.689822376 -0.512795925 22.103713989 -0.858631134 0.437192470 -0.267610133 74.607498169
0.022004735 0.575518072 0.817493081 128.813491821 0.513588548 0.695040703 -0.503135502 21.478363037 -0.857754350 0.430926532 -0.280285239 74.237663269
0.005736122 0.577048242 0.816689909 129.828811646 0.517524064 0.697110116 -0.496191680 20.874279022 -0.855649471 0.425502896 -0.294637710 73.870422363
-0.008708902 0.580096126 0.814501405 130.886779785 0.522432685 0.697165489 -0.490942150 20.296810150 -0.852636039 0.421246648 -0.309132755 73.473632812
-0.022989690 0.582006991 0.812858641 131.912078857 0.528740644 0.697130919 -0.484191865 19.712097168 -0.848472059 0.418659985 -0.323757648 73.064208984
-0.035639919 0.582154989 0.812296271 132.923019409 0.534918547 0.697685838 -0.476546437 19.172504425 -0.844151497 0.417528331 -0.336271048 72.633522034
-0.051569942 0.580427051 0.812677681 133.904983521 0.539213777 0.701132119 -0.466542631 18.630401611 -0.840588391 0.414147496 -0.349131614 72.208694458
-0.065328538 0.579224885 0.812545896 134.921447754 0.543508589 0.703554094 -0.457831889 18.120014191 -0.836857557 0.411716193 -0.360775858 71.706947327
-0.081409506 0.581290901 0.809613049 135.884124756 0.546166003 0.705505729 -0.451624244 17.641887665 -0.833711743 0.405416667 -0.374916196 71.240539551
-0.096763596 0.582531512 0.807027817 136.803741455 0.550883889 0.706657052 -0.444029957 17.179920197 -0.828953326 0.401612729 -0.389285982 70.777168274
-0.110182345 0.583313406 0.804739416 137.746643066 0.554171324 0.708187342 -0.437452674 16.738033295 -0.825078130 0.397763848 -0.401285440 70.255844116
-0.127338141 0.582925856 0.802485108 138.626937866 0.558732986 0.710644543 -0.427553236 16.287040710 -0.819513619 0.393931091 -0.416191965 69.796157837
-0.143250406 0.585315764 0.798050702 139.543258667 0.560579419 0.712527514 -0.421966016 15.877790451 -0.815616369 0.386924088 -0.430185765 69.271560669
-0.158585519 0.588286698 0.792949736 140.491928101 0.564407527 0.712970972 -0.416072547 15.516525269 -0.810120225 0.381563723 -0.445100397 68.705673218
-0.175589189 0.583138883 0.793169320 141.390884399 0.566886008 0.718595088 -0.402816653 15.106035233 -0.804865658 0.378906280 -0.456750810 68.111404419
-0.192334220 0.583799481 0.788787484 142.317855835 0.569552124 0.720970690 -0.394729793 14.807674408 -0.799135745 0.373335570 -0.471171647 67.506744385
-0.207829848 0.584217727 0.784535885 143.275787354 0.574723780 0.721938133 -0.385354370 14.328125000 -0.791517138 0.370803267 -0.485804081 66.909790039
-0.230943084 0.581229568 0.780280352 144.064788818 0.567381561 0.731936932 -0.377288222 14.171031952 -0.790407181 0.355584621 -0.498814672 66.332031250
-0.255831748 0.579264164 0.773952961 144.924377441 0.561809421 0.740609825 -0.368601382 13.919246674 -0.786714852 0.340514123 -0.514907658 65.825630188
-0.270909160 0.579462111 0.768655956 145.841888428 0.566839159 0.741420329 -0.359150350 13.483009338 -0.778011203 0.338407218 -0.529319406 65.179855347
-0.294946879 0.574273825 0.763685644 146.631759644 0.559209466 0.751813948 -0.349371523 13.291002274 -0.774784505 0.324014217 -0.542884588 64.547409058
-0.310449600 0.571885109 0.759320974 147.515716553 0.562152207 0.754593253 -0.338487536 13.050947189 -0.766554594 0.321770608 -0.555749774 63.900310516
-0.325292468 0.568486214 0.755650818 148.444137573 0.567028821 0.756770194 -0.325233877 12.629722595 -0.756744981 0.322679609 -0.568519771 63.193305969
-0.340428680 0.568460166 0.748973489 149.433883667 0.570508361 0.758050323 -0.316037893 12.529026031 -0.747414589 0.319707334 -0.582373321 62.485485077
-0.362550497 0.568423390 0.738547146 150.460876465 0.566841006 0.763525188 -0.309387207 12.345556259 -0.739762247 0.306470364 -0.599022150 61.845771790
-0.378015697 0.569923103 0.729583323 151.354797363 0.570300043 0.764133751 -0.301425755 11.967443466 -0.729288697 0.302137703 -0.613881707 61.094242096
-0.402164489 0.566964388 0.718898475 152.489959717 0.560160279 0.773454964 -0.296627313 12.024967194 -0.724212885 0.283405304 -0.628647268 60.240257263
-0.419670880 0.564565718 0.710733235 153.394027710 0.563385189 0.775955200 -0.283708870 11.655635834 -0.711669505 0.281352192 -0.643713892 59.453735352
-0.457819730 0.573766768 0.679111898 155.531097412 0.531475365 0.788977861 -0.308298647 12.911117554 -0.712695599 0.219786048 -0.666152537 58.592086792
-0.475626469 0.571883917 0.668377459 156.377899170 0.536021531 0.790885270 -0.295265108 12.525918961 -0.697467148 0.217828766 -0.682708025 57.746109009
-0.505977392 0.564014971 0.652590215 157.367507935 0.520442069 0.802974164 -0.290469497 12.654891968 -0.687842250 0.192664355 -0.699823976 56.860126495
-0.525719523 0.561002731 0.639448941 158.186187744 0.523036659 0.806003273 -0.277112722 12.283841133 -0.670858920 0.188771605 -0.717156768 55.959381104
-0.551861584 0.544970274 0.631233871 158.777297974 0.509305239 0.819622457 -0.262349427 12.300770760 -0.660346091 0.176710129 -0.729874372 55.093948364
-0.567188144 0.546935976 0.615758657 159.559906006 0.515855670 0.818750143 -0.252073944 11.972772598 -0.642020702 0.174669206 -0.746525228 54.156620026
-0.582794368 0.547071755 0.600885272 160.279174805 0.518587172 0.819679022 -0.243297130 11.951593399 -0.625634134 0.169819221 -0.761408806 53.114620209
-0.596382499 0.547233343 0.587250829 161.031280518 0.525405407 0.819225132 -0.229824573 11.631272316 -0.606858373 0.171481460 -0.776090920 52.114227295
-0.613672793 0.545192480 0.571113586 161.708419800 0.521956146 0.822855413 -0.224656507 11.692660332 -0.592424929 0.160230651 -0.789530694 51.028526306
-0.628049552 0.546877980 0.553604841 162.425216675 0.526263595 0.822553694 -0.215527490 11.411517143 -0.573237062 0.155980051 -0.804406345 49.999385834
-0.663087010 0.525081694 0.533483505 163.133270264 0.499655396 0.841159165 -0.206871197 11.593476295 -0.557368875 0.129384309 -0.820121706 49.277072906
-0.675058544 0.523326993 0.520023882 163.797149658 0.503787279 0.841924548 -0.193291232 11.330004692 -0.538975418 0.131498531 -0.831993818 48.202400208
-0.684428573 0.525366545 0.505517066 164.446823120 0.509062171 0.840722084 -0.184505090 11.082878113 -0.521932065 0.131059080 -0.842858434 47.067729950
-0.698829591 0.521543324 0.489519954 164.963821411 0.500215411 0.845525205 -0.186739475 11.565906525 -0.511294127 0.114366338 -0.851762056 45.956207275
-0.709611237 0.521174252 0.474161685 165.636703491 0.501716018 0.846245706 -0.179302022 11.368641853 -0.494704843 0.110659763 -0.861986995 44.865711212
-0.726078629 0.530216217 0.437813401 167.237747192 0.479738593 0.846764863 -0.229870379 13.798062325 -0.492605925 0.043132022 -0.869182944 43.547988892
-0.734088600 0.528024137 0.426971376 167.759887695 0.480948657 0.848171830 -0.222020164 13.489168167 -0.479377180 0.042368867 -0.876585603 42.385307312
-0.742746234 0.526663423 0.413465440 168.364807129 0.483371913 0.849059701 -0.213188320 13.189214706 -0.463335335 0.041512758 -0.885210156 41.313552856
-0.774563849 0.493925244 0.395080596 169.315063477 0.448577404 0.869346261 -0.207401335 13.201712608 -0.445902616 0.016578697 -0.894927919 39.836952209
-0.781454504 0.490240932 0.385995686 169.822860718 0.448795378 0.871392608 -0.198134914 12.930765152 -0.433487654 0.018399695 -0.900971591 38.652626038
-0.787389696 0.487366438 0.377480268 170.320861816 0.449792475 0.872942567 -0.188833416 12.653272629 -0.421549648 0.021102328 -0.906559706 37.495315552
-0.824744880 0.437988371 0.357717901 171.293594360 0.400115728 0.898972392 -0.178202093 12.590380669 -0.399628997 -0.003842660 -0.916668892 36.123825073
-0.826830626 0.441405475 0.348586202 171.777847290 0.404865921 0.897297323 -0.175900519 12.339314461 -0.390428990 -0.004309225 -0.920622945 34.936412811
-0.842904210 0.420064092 0.336242080 172.439605713 0.381728917 0.907264531 -0.176504880 12.249670029 -0.379203886 -0.020423375 -0.925087750 33.631866455
-0.843271792 0.423494309 0.330975980 172.868972778 0.385413170 0.905642211 -0.176829308 12.013114929 -0.374632090 -0.021552648 -0.926923156 32.402427673
-0.855068445 0.405938357 0.322602093 173.423690796 0.367017955 0.913322926 -0.176462859 11.874583244 -0.366272837 -0.032487050 -0.929940343 31.199914932
-0.859321117 0.398929477 0.320035249 173.854751587 0.361701339 0.916446149 -0.171168059 11.627758026 -0.361579061 -0.031331152 -0.931814849 29.972099304
-0.873965919 0.373882324 0.310476243 174.419113159 0.336487740 0.926487982 -0.168510944 11.511455536 -0.350655824 -0.042801399 -0.935525835 28.761655807
-0.878067195 0.367732704 0.306220204 174.833282471 0.330189586 0.928750157 -0.168516695 11.279182434 -0.346371174 -0.046858255 -0.936926544 27.531764984
-0.894001007 0.337911993 0.294240803 175.392532349 0.298115253 0.938831866 -0.172400489 11.227693558 -0.334498912 -0.066408522 -0.940053403 26.352699280
-0.896501303 0.334794611 0.290168762 175.817413330 0.293306798 0.939369261 -0.177641019 11.061064720 -0.332048953 -0.074146934 -0.940343320 25.087732315
-0.897000849 0.335285485 0.288050413 176.209060669 0.293460131 0.939031124 -0.179168567 10.814582825 -0.330561012 -0.076183029 -0.940704763 23.870023727
-0.903491974 0.320301831 0.284796387 176.650482178 0.278203338 0.943731844 -0.178810358 10.622294426 -0.326044738 -0.082322411 -0.941763103 22.673618317
-0.907502472 0.310166895 0.283259153 177.054809570 0.266263187 0.946334720 -0.183179080 10.473451614 -0.324874133 -0.090813994 -0.941387177 21.473165512
-0.906766653 0.311561286 0.284084320 177.422088623 0.266873389 0.945734739 -0.185376227 10.224326134 -0.326424450 -0.092278436 -0.940708160 20.268833160
-0.911873996 0.296986252 0.283346087 177.804138184 0.250558227 0.949502051 -0.188855588 10.105503082 -0.325125247 -0.101217769 -0.940238535 19.145095825
-0.912995338 0.292052001 0.284859806 178.195877075 0.244194761 0.950550914 -0.191889808 9.905135155 -0.326815605 -0.105633236 -0.939166248 17.948955536
-0.914847016 0.284527034 0.286529869 178.592864990 0.235529840 0.952368438 -0.193700105 9.683155060 -0.327994972 -0.109719612 -0.938286126 16.790294647
-0.914696932 0.279972047 0.291453570 178.958541870 0.230943143 0.953924596 -0.191554457 9.423544884 -0.331654668 -0.107905075 -0.937209487 15.643585205
-0.913859129 0.276257932 0.297561944 179.341964722 0.226742953 0.955160022 -0.190412194 9.184669495 -0.336822182 -0.106539845 -0.935521305 14.472930908
-0.913379014 0.271115154 0.303702652 179.739334106 0.221142575 0.956750393 -0.189009190 8.945435524 -0.341810971 -0.105475411 -0.933830917 13.323162079
-0.911224306 0.270741165 0.310434103 180.131805420 0.219938383 0.957017779 -0.189060897 8.688219070 -0.348277599 -0.104000531 -0.931604266 12.171066284
-0.909456730 0.268425971 0.317546904 180.555435181 0.216091722 0.957593441 -0.190576077 8.450293541 -0.355236471 -0.104701437 -0.928894281 11.017997742
-0.907668948 0.266036510 0.324594557 180.977355957 0.211093396 0.957863033 -0.194777101 8.209072113 -0.362735003 -0.108273342 -0.925581038 9.885269165
-0.905166805 0.264479190 0.332751751 181.413024902 0.207498282 0.958167493 -0.197128266 7.979533195 -0.370968223 -0.109388568 -0.922180414 8.760295868
-0.901992381 0.262582064 0.342724860 181.861297607 0.203247920 0.958584189 -0.199515730 7.717415810 -0.380919904 -0.110303551 -0.918005049 7.630790710
-0.897950709 0.262097895 0.353538156 182.314666748 0.199272260 0.958393991 -0.204380751 7.484148979 -0.392396629 -0.113073483 -0.912819445 6.525863647
-0.894157827 0.258821726 0.365367025 182.776580811 0.193516597 0.959242463 -0.205925494 7.225065231 -0.403773576 -0.113425314 -0.907800436 5.435325623
-0.891756594 0.250025511 0.377170593 183.270874023 0.182844862 0.961514354 -0.205079913 6.964443207 -0.413930178 -0.113917634 -0.903152585 4.366680145
-0.887972951 0.246037617 0.388547987 183.779525757 0.175824299 0.962298393 -0.207527474 6.712403297 -0.424958736 -0.115962595 -0.897754312 3.297298431
-0.883086443 0.245545596 0.399832010 184.296875000 0.172344610 0.962318659 -0.210333183 6.492282867 -0.436412185 -0.116833478 -0.892129123 2.230739594
-0.877706885 0.244277090 0.412261248 184.796173096 0.169619054 0.962988913 -0.209479660 6.246161461 -0.448174089 -0.113934383 -0.886656046 1.216880798
-0.872368932 0.243137836 0.424094617 185.348678589 0.165954500 0.963315547 -0.210907921 6.041751862 -0.459816724 -0.113609098 -0.880716503 0.175430298
-0.865683794 0.244966745 0.436557949 185.918090820 0.165550426 0.963112116 -0.212150842 5.827619553 -0.472424150 -0.111383200 -0.874304891 -0.846817017
-0.859994829 0.243714094 0.448343933 186.441879272 0.161775902 0.963473141 -0.213419989 5.608068466 -0.483980805 -0.111008823 -0.868008971 -1.778213501
-0.849955916 0.245960012 0.465916961 186.935577393 0.161791459 0.963460386 -0.213465437 5.376651764 -0.501396477 -0.106054820 -0.858693123 -2.768295288
-0.842464268 0.244872719 0.479886681 187.469100952 0.158879250 0.964046597 -0.213005766 5.125331879 -0.514792562 -0.103205711 -0.851080060 -3.687347412
-0.832305312 0.246614918 0.496436208 188.063064575 0.157416716 0.963865697 -0.214901596 4.855062485 -0.531495869 -0.100716390 -0.841051936 -4.695899963
-0.820094585 0.238304809 0.520245612 188.143707275 0.141283587 0.965335190 -0.219469607 4.802337646 -0.554511964 -0.106483698 -0.825334847 -5.543991089
-0.810286701 0.231148064 0.538522065 188.633850098 0.131580234 0.967223406 -0.217176095 4.524412155 -0.571070969 -0.105116047 -0.814142883 -6.422813416
-0.801542044 0.219968766 0.556007206 189.179306030 0.118317448 0.969835103 -0.213121414 4.237005234 -0.586115360 -0.105040424 -0.803389907 -7.265029907
-0.788812816 0.209136486 0.577958703 189.735107422 0.103289306 0.972062767 -0.210772693 3.950643539 -0.605892539 -0.106563233 -0.788377225 -8.163261414
-0.775959730 0.201125085 0.597858846 190.341308594 0.089312419 0.973287821 -0.211504385 3.705286026 -0.624427617 -0.110722676 -0.773195148 -8.975692749
-0.764663517 0.195474252 0.614067912 191.077301025 0.073336080 0.973090887 -0.218439668 3.500080109 -0.640243232 -0.121999532 -0.758422494 -9.787666321
-0.751808167 0.192705691 0.630594134 191.836273193 0.062187217 0.972800553 -0.223140910 3.313100815 -0.656442881 -0.128544271 -0.743343294 -10.607002258
-0.734008491 0.193070248 0.651118517 192.615814209 0.057195943 0.972907066 -0.224010065 3.027519226 -0.676727474 -0.127183974 -0.725164950 -11.491859436
