0.976079762 0.217411980 0.000413629 0.091001630 -0.178552076 0.802699387 -0.569028020 0.561827123 -0.124045521 0.555342913 0.822318017 2.312405348
0.975805581 0.218638554 0.000789898 0.076082408 -0.179302603 0.802302301 -0.569351852 0.127943039 -0.125116020 0.555435181 0.822093487 2.908140182
0.975370228 0.220573023 0.000711227 0.060273036 -0.180883139 0.801699221 -0.569701374 -0.301658988 -0.126230940 0.555541098 0.821851492 3.508281708
0.975379288 0.220531881 0.000987577 0.050809737 -0.180648714 0.801534653 -0.570007265 -0.719152808 -0.126496345 0.555794835 0.821639061 4.087885380
0.975352049 0.220649123 0.001497416 0.041617814 -0.180552796 0.801975667 -0.569417059 -1.128534675 -0.126842245 0.555111766 0.822047472 4.655181408
0.975124300 0.221636310 0.003151059 0.016910730 -0.180777788 0.803426147 -0.567296922 -1.519615054 -0.128265247 0.552615464 0.823507190 5.203180790
0.975224376 0.221165672 0.004811026 0.022118771 -0.179936901 0.805702865 -0.564327419 -1.899598360 -0.128686145 0.549480200 0.825536907 5.728584290
0.975347996 0.220572770 0.006624484 0.019885425 -0.178847998 0.807717919 -0.561787426 -2.051681757 -0.129265726 0.546753466 0.827255070 5.941721439
0.975530028 0.219703138 0.008470600 0.009741951 -0.177375168 0.809180856 -0.560146630 -2.618453979 -0.129920229 0.544937432 0.828350067 6.731363773
0.975397408 0.220270649 0.008989923 0.013065532 -0.177507207 0.808908761 -0.560497701 -2.801669836 -0.130733207 0.545112193 0.828107238 6.988232613
0.986722171 0.162189484 0.008596931 0.005624391 -0.124644853 0.790120423 -0.600144386 -3.215441942 -0.104129732 0.591104150 0.799845457 7.687533379
0.986700952 0.162325740 0.008461630 0.005799189 -0.124496982 0.788176537 -0.602725625 -3.420127392 -0.104507133 0.593656480 0.797903597 7.954870224
0.986973405 0.160555378 0.010269746 0.010677628 -0.121854566 0.787697256 -0.603891134 -3.854371548 -0.105047420 0.594773114 0.797000647 8.496454239
0.987520933 0.157083303 0.011292157 0.015842833 -0.118142888 0.786311746 -0.606428921 -4.068521023 -0.104139023 0.597527087 0.795057535 8.779476166
0.987824917 0.154989019 0.013427191 0.017526701 -0.115100287 0.786194205 -0.607166052 -4.420972347 -0.104660451 0.598228276 0.794461548 9.212106705
0.987069666 0.159622237 0.014633368 0.012078092 -0.117807835 0.784333110 -0.609050810 -4.628196716 -0.108695485 0.599451661 0.792996228 9.472363472
0.986409366 0.163323596 0.017938994 0.010400191 -0.118679695 0.783739805 -0.609645069 -4.918331146 -0.113628924 0.599230647 0.792471528 9.816877365
0.986285925 0.163775623 0.020432239 0.026081845 -0.117591083 0.784169734 -0.609303176 -5.113795280 -0.115811341 0.598544538 0.792674124 10.066101074
0.986874104 0.159662977 0.024230218 0.031993985 -0.112057216 0.785072565 -0.609183192 -5.342739105 -0.116286486 0.598472059 0.792659163 10.344277382
0.987547517 0.155137271 0.026119493 0.053631485 -0.107233264 0.785274744 -0.609790504 -5.513146400 -0.115112208 0.599396348 0.792132020 10.561378479
0.988027513 0.151552141 0.028870927 0.059662998 -0.102849737 0.786521256 -0.608938575 -5.680685520 -0.114993550 0.598678648 0.792691827 10.767527580
0.988027334 0.151039198 0.031448796 0.069136202 -0.100992791 0.787294805 -0.608249485 -5.828539848 -0.116628967 0.597791016 0.793122709 10.940280914
0.987851381 0.151774853 0.033375800 0.071462154 -0.100290813 0.786707699 -0.609124601 -5.950300217 -0.118706785 0.598377287 0.792372048 11.089388847
0.987658441 0.152600780 0.035267353 0.078660786 -0.099630117 0.785871446 -0.610311270 -6.079159737 -0.120849587 0.599265456 0.791376173 11.242292404
0.987276435 0.154551178 0.037407555 0.083409518 -0.099729128 0.785044789 -0.611358047 -6.184288502 -0.123852730 0.599848688 0.790469408 11.372487068
0.986787856 0.157322034 0.038724665 0.088453472 -0.101044998 0.784423470 -0.611939251 -6.290504456 -0.126648083 0.599941313 0.789956152 11.494603157
0.986472368 0.158783361 0.040744837 0.076359898 -0.100819096 0.783649564 -0.612967312 -6.379384041 -0.129258662 0.600567460 0.789057016 11.596584320
0.986526430 0.158046380 0.042271506 0.085044235 -0.099065721 0.782711387 -0.614450157 -6.477165699 -0.130197987 0.601983666 0.787822425 11.713476181
0.986663878 0.156783208 0.043743096 0.089213222 -0.096948236 0.781920671 -0.615793169 -6.565664291 -0.130749643 0.603340089 0.786692739 11.825796127
0.986760259 0.155936867 0.044586908 0.097961903 -0.095591992 0.781270623 -0.616829395 -6.649063110 -0.131020859 0.604400575 0.785833061 11.927700043
0.986590087 0.156705752 0.045641527 0.113000095 -0.095365882 0.780394256 -0.617972553 -6.755308628 -0.132458240 0.605333090 0.784873605 12.057044029
0.986377001 0.157738000 0.046680909 0.110970914 -0.095286816 0.779189110 -0.619503617 -6.829479694 -0.134092525 0.606616139 0.783604443 12.144041061
0.986399770 0.157510668 0.046963960 0.123609722 -0.094631538 0.777863264 -0.621267796 -6.910343170 -0.134387836 0.608374298 0.782189608 12.242040634
0.986495852 0.156704977 0.047639623 0.124905407 -0.093277767 0.776613533 -0.623033464 -6.975296021 -0.134630039 0.610176265 0.780743003 12.316964149
0.986648321 0.155995756 0.046799168 0.130536973 -0.093063928 0.775829077 -0.624041975 -7.059161186 -0.133656055 0.611354768 0.779988050 12.408072472
0.986839414 0.155260503 0.045189820 0.123474658 -0.093314119 0.775020480 -0.625008583 -7.127681255 -0.132062197 0.612566292 0.779308736 12.499051094
0.986959636 0.155486539 0.041647233 0.137630254 -0.095565386 0.774197936 -0.625687540 -7.213449478 -0.129529163 0.613548338 0.778961241 12.611186028
0.987118840 0.155574813 0.037319392 0.140422434 -0.098247670 0.773559690 -0.626061499 -7.291209221 -0.126268134 0.614330590 0.778880119 12.704112053
0.987316847 0.155663893 0.031207971 0.141649336 -0.102028660 0.772728503 -0.626482904 -7.368996620 -0.121636018 0.615353167 0.778810084 12.801811218
0.976411521 0.214556843 0.024204269 0.121628225 -0.159260556 0.791354001 -0.590249896 -7.250744820 -0.145796299 0.572472036 0.806857586 13.014720917
0.976591885 0.214416116 0.017144369 0.114311516 -0.163276181 0.790830910 -0.589853764 -7.321784019 -0.140032440 0.573247194 0.807328045 13.113496780
0.976754010 0.214165449 0.009202668 0.107132405 -0.167764917 0.790446937 -0.589108229 -7.397118568 -0.133440837 0.573870003 0.808001757 13.215434074
0.976970077 0.213374242 -0.000898514 0.093138866 -0.173096150 0.790073812 -0.588065624 -7.471725464 -0.124768160 0.574678063 0.808812678 13.317347527
0.998186648 0.058628805 -0.013651316 0.133737981 -0.053590432 0.762191296 -0.645129740 -7.903635979 -0.027418280 0.644691467 0.763950944 13.289199829
0.997912049 0.057511549 -0.029394586 0.107624054 -0.062877700 0.761004627 -0.645692110 -7.994260788 -0.014765344 0.646192312 0.763031781 13.401037216
0.997121990 0.058199752 -0.048585303 0.084958136 -0.075811438 0.760302663 -0.645129859 -8.100305557 -0.000606863 0.646956503 0.762526631 13.525180817
0.985665262 0.153816700 -0.069314227 0.023500681 -0.163401842 0.768076181 -0.619159818 -8.102481842 -0.041998494 0.621610343 0.782199919 13.734367371
0.983682036 0.154538155 -0.092129566 -0.018741131 -0.178305566 0.768994927 -0.613884389 -8.218147278 -0.024021393 0.620294154 0.784001410 13.876494408
0.980675995 0.156284198 -0.117685445 -0.074463248 -0.195587054 0.769337952 -0.608165205 -8.342621803 -0.004506718 0.619430721 0.785038352 14.047550201
0.986948907 0.062042478 -0.148602769 -0.115166426 -0.142831147 0.763454676 -0.629869938 -8.647567749 0.074372828 0.642874420 0.762352347 14.165023804
0.981609166 0.062072951 -0.180527955 -0.199948549 -0.162922263 0.765272915 -0.622746944 -8.790609360 0.099497437 0.640706182 0.761311948 14.348368645
0.974282205 0.063178845 -0.216292948 -0.293141603 -0.185977638 0.767433167 -0.613562107 -8.940553665 0.127226263 0.638008237 0.759446442 14.536805153
0.966184855 -0.021028137 -0.256991595 -0.354725599 -0.149530351 0.766272604 -0.624873519 -9.198415756 0.210065544 0.642171383 0.737216532 14.738248825
0.954733074 -0.017570492 -0.296944499 -0.477900505 -0.177136123 0.768379807 -0.614992142 -9.352748871 0.238971889 0.639752865 0.730485141 14.917559624
0.940635443 -0.014530787 -0.339107454 -0.587455750 -0.205698192 0.770307362 -0.603584945 -9.517103195 0.269987524 0.637507141 0.721589327 15.104637146
0.924334228 -0.010861217 -0.381429106 -0.746940136 -0.234185725 0.773056448 -0.589525819 -9.715448380 0.301269174 0.634244144 0.712019086 15.341840744
0.898907483 -0.107609101 -0.424718112 -0.881471634 -0.193898991 0.771570385 -0.605873108 -9.956051826 0.392897338 0.626976430 0.672705054 15.557275772
0.877302647 -0.104419820 -0.468440533 -1.047014236 -0.223725513 0.774532378 -0.591647208 -10.132431030 0.424602032 0.623855829 0.656137943 15.749020576
0.853482187 -0.099492788 -0.511536241 -1.261105061 -0.255472690 0.775674820 -0.577115476 -10.333485603 0.454204589 0.623241365 0.636606991 15.947363853
0.821818113 -0.138392001 -0.552686691 -1.486415386 -0.273365676 0.755324781 -0.595613718 -10.665897369 0.499886125 0.640571713 0.582907975 16.145744324
0.791840971 -0.134421766 -0.595750570 -1.711496353 -0.307612956 0.754919171 -0.579198897 -10.872267723 0.527600467 0.641893983 0.556425929 16.313787460
0.759564698 -0.131503209 -0.636999488 -1.994554520 -0.340133280 0.754464447 -0.561331272 -11.080209732 0.554410338 0.643032014 0.528335929 16.502288818
0.733024657 -0.095860504 -0.673413396 -2.307242393 -0.408599675 0.729437292 -0.548604965 -11.442536354 0.543802500 0.677297413 0.495526969 16.651723862
0.695247054 -0.094903469 -0.712477922 -2.640304565 -0.437718868 0.730336130 -0.524415135 -11.658931732 0.570117295 0.676463127 0.466223061 16.830680847
0.655609071 -0.095297799 -0.749062836 -3.005763054 -0.465760618 0.729774594 -0.500495791 -11.870347977 0.594343245 0.677013576 0.434060842 17.006072998
0.654906750 -0.016179083 -0.755536497 -3.323786736 -0.568031192 0.648869038 -0.506270170 -12.454712868 0.498435289 0.760728002 0.415758520 16.968341827
0.612686753 -0.016835753 -0.790146470 -3.731868744 -0.592730045 0.651519716 -0.473490328 -12.679813385 0.522767425 0.758444905 0.389198482 17.144552231
0.566899538 -0.016662434 -0.823618352 -4.175049782 -0.618938267 0.651173115 -0.439191192 -12.896718979 0.543636203 0.758746266 0.358836770 17.341920853
0.538271248 -0.083279677 -0.838646889 -4.642037392 -0.555247545 0.713561952 -0.427234709 -12.999635696 0.634006500 0.695624769 0.337849021 17.511110306
0.489039987 -0.084445514 -0.868164062 -5.130218983 -0.576268077 0.715880275 -0.394246876 -13.205869675 0.654793859 0.693097711 0.301430762 17.645301819
0.434875578 -0.098283403 -0.895110965 -5.721407890 -0.550746679 0.757405519 -0.350734919 -13.282856941 0.712433398 0.645505428 0.275247902 17.816596985
0.383509487 -0.099844016 -0.918124020 -6.280289173 -0.570061743 0.756556034 -0.320394337 -13.454826355 0.726601720 0.646261573 0.233229175 17.937953949
0.334783077 -0.094222151 -0.937572658 -6.895247936 -0.587050974 0.757445276 -0.285740912 -13.598085403 0.737083077 0.646064162 0.198266685 18.016296387
0.286266685 -0.093624771 -0.953564703 -7.448288441 -0.601085126 0.757471263 -0.254821360 -13.663260460 0.746155560 0.646120489 0.160562351 18.103174210
0.239568472 -0.093023717 -0.966412723 -8.099762917 -0.611045599 0.759081244 -0.224541545 -13.797695160 0.754473627 0.644315183 0.125010237 18.160816193
0.196065709 -0.091316417 -0.976329625 -8.721686363 -0.619516611 0.760244906 -0.195516720 -13.927885056 0.760103524 0.643186569 0.092485934 18.187301636
0.157023996 -0.092720136 -0.983232617 -9.450343132 -0.629026711 0.758128464 -0.171949193 -14.046592712 0.761359930 0.645479858 0.060720898 18.206235886
0.124274403 -0.104622424 -0.986716747 -10.129224777 -0.637907624 0.753263533 -0.160211965 -14.092166901 0.760019541 0.649344444 0.026871936 18.226482391
0.097501963 -0.104870155 -0.989694655 -10.894803047 -0.644579470 0.751029074 -0.143082798 -14.176848412 0.758294582 0.651887774 0.005629664 18.207920074
0.076630987 -0.100278072 -0.992004037 -11.612394333 -0.649357021 0.749977112 -0.125974432 -14.266675949 0.756612957 0.653818488 -0.007644787 18.188282013
0.064143345 -0.094398446 -0.993465900 -12.442597389 -0.650285482 0.751184046 -0.113362819 -14.356777191 0.756977081 0.653308034 -0.013202485 18.158576965
0.054762676 -0.083425418 -0.995008171 -13.179183006 -0.650534511 0.753004611 -0.098938622 -14.460877419 0.757499635 0.652705371 -0.013034571 18.115982056
0.051010851 -0.086491190 -0.994945824 -14.041861534 -0.649957895 0.753517032 -0.098826982 -14.553153038 0.758256316 0.651714087 -0.017778091 18.090377808
0.051572047 -0.098956235 -0.993754625 -14.854631424 -0.645710588 0.755795419 -0.108770631 -14.644349098 0.761838675 0.647287369 -0.024919175 18.080757141
0.055230167 -0.101816081 -0.993268967 -15.744878769 -0.636110187 0.763189495 -0.113602117 -14.736514091 0.769618988 0.638102770 -0.022615168 18.052062988
0.059204441 -0.097097084 -0.993512452 -16.581279755 -0.634920895 0.764337182 -0.112535127 -14.836738586 0.770305336 0.637464404 -0.016396817 18.041782379
0.065875292 -0.098361745 -0.992967904 -17.507228851 -0.635498941 0.763070405 -0.117748626 -14.932912827 0.769286454 0.638786733 -0.012241300 17.989480972
0.067717418 -0.109102383 -0.991721153 -18.363891602 -0.632059693 0.764399946 -0.127252787 -15.075568199 0.771955252 0.635444283 -0.017196026 17.969663620
0.070138268 -0.119397692 -0.990365982 -19.308242798 -0.633335948 0.761710525 -0.136684388 -15.201299667 0.770691991 0.636821210 -0.022193808 17.945075989
0.073431574 -0.127230138 -0.989151239 -20.278314590 -0.639664412 0.754932523 -0.144590348 -15.305285454 0.765138626 0.643342376 -0.025948718 17.889392853
0.071661629 -0.129236117 -0.989021063 -21.236337662 -0.643607199 0.751526713 -0.144836470 -15.448474884 0.761993706 0.646920145 -0.029321667 17.853679657
0.070793405 -0.122882426 -0.989893079 -22.278858185 -0.651205719 0.746029198 -0.139181674 -15.564241409 0.755592108 0.654477119 -0.027207794 17.789632797
0.067375153 -0.117495857 -0.990785182 -23.270544052 -0.658973873 0.740383208 -0.132612437 -15.700991631 0.749142170 0.661836326 -0.027543273 17.738023758
0.064160943 -0.108618774 -0.992010772 -24.345115662 -0.660921276 0.740174830 -0.123791233 -15.814088821 0.747707427 0.663583636 -0.024298148 17.685337067
0.061853856 -0.098350748 -0.993227661 -25.406908035 -0.661786377 0.740885317 -0.114576623 -15.958923340 0.747136474 0.664391518 -0.019260567 17.644577026
0.061480265 -0.090748325 -0.993974268 -26.508996964 -0.660955548 0.742514729 -0.108672515 -16.085660934 0.747902393 0.663654089 -0.014330613 17.596258163
0.058999024 -0.092681810 -0.993946195 -27.576610565 -0.663136542 0.740604162 -0.108421296 -16.235288620 0.746169567 0.665518999 -0.017765775 17.564458847
0.058369212 -0.095308043 -0.993735015 -28.670013428 -0.664730310 0.738953114 -0.109916590 -16.350347519 0.744799614 0.666981697 -0.020222025 17.515449524
0.054420430 -0.101966202 -0.993298113 -29.752510071 -0.668684840 0.735048294 -0.112091437 -16.510625839 0.741551697 0.670303464 -0.028181601 17.438047409
0.050638258 -0.107462436 -0.992918730 -30.870923996 -0.669734538 0.733862936 -0.113581210 -16.629745483 0.740871906 0.670743525 -0.034809779 17.382684708
0.044116803 -0.111583471 -0.992775321 -31.968427658 -0.670197725 0.733646393 -0.112240687 -16.765552521 0.740870237 0.670307457 -0.042416848 17.319284439
0.038805321 -0.113535054 -0.992775857 -33.094314575 -0.671855628 0.732464433 -0.110026799 -16.877393723 0.739664972 0.671271622 -0.047855657 17.236959457
0.031408299 -0.111023106 -0.993321419 -34.233924866 -0.672626078 0.732755423 -0.103167839 -17.008373260 0.739315689 0.671374202 -0.051662441 17.165391922
0.026892178 -0.106475189 -0.993951619 -35.384769440 -0.674477398 0.731941044 -0.096656337 -17.100172043 0.737805486 0.672997236 -0.052131616 17.062410355
0.019833673 -0.103026561 -0.994480848 -36.546386719 -0.677229941 0.730348110 -0.089169338 -17.230772018 0.735504031 0.675260782 -0.055287182 16.993053436
0.016279455 -0.100706778 -0.994782925 -37.688117981 -0.680255055 0.728049278 -0.084836282 -17.318597794 0.732794642 0.678087234 -0.056654047 16.899698257
0.015594161 -0.098974176 -0.994967818 -38.825508118 -0.683883607 0.724874675 -0.082825243 -17.411895752 0.729424477 0.681733668 -0.056382991 16.793575287
0.012044402 -0.097002238 -0.995211303 -39.984779358 -0.686607182 0.722750425 -0.078755319 -17.511354446 0.726928830 0.684267759 -0.057897329 16.711297989
0.011991737 -0.097579546 -0.995155513 -41.133739471 -0.688144505 0.721258402 -0.079014905 -17.584255219 0.725474656 0.685758412 -0.058499675 16.609930038
0.008891066 -0.098072186 -0.995139539 -42.286994934 -0.688616395 0.721003532 -0.077208199 -17.692909241 0.725071192 0.685956061 -0.061123632 16.516378403
0.008610216 -0.099118896 -0.995038390 -43.444194794 -0.689950585 0.719678581 -0.077659689 -17.772537231 0.723805368 0.687195957 -0.062190544 16.423313141
0.008136882 -0.099652044 -0.994989097 -44.658882141 -0.691312373 0.718376756 -0.077601701 -17.876289368 0.722510219 0.688479662 -0.063045345 16.331886292
0.008894471 -0.101625375 -0.994782984 -45.814746857 -0.694558144 0.715057313 -0.079259194 -17.966709137 0.719381630 0.691639543 -0.064224675 16.218416214
0.010231789 -0.106150992 -0.994297385 -46.994041443 -0.698302090 0.710964501 -0.083088294 -18.050014496 0.715730071 0.695170105 -0.066851020 16.111349106
0.008204991 -0.107178591 -0.994205952 -48.176185608 -0.698981524 0.710382462 -0.082350083 -18.088855743 0.715092659 0.695607185 -0.069087178 16.030599594
0.010074709 -0.102901503 -0.994640529 -49.371643066 -0.699527621 0.710051835 -0.080544628 -18.197425842 0.714534581 0.696590006 -0.064828880 15.931653976
0.012811799 -0.099844366 -0.994920611 -50.535633087 -0.699373424 0.710233629 -0.080280848 -18.292142868 0.714641571 0.696849585 -0.060729131 15.823115349
0.012902766 -0.100079983 -0.994895697 -51.765327454 -0.697561622 0.711969554 -0.080666125 -18.401702881 0.716408610 0.695041835 -0.060625579 15.717283249
0.016057581 -0.101139523 -0.994742632 -52.976345062 -0.697365105 0.711819947 -0.083630808 -18.502395630 0.716536105 0.695041776 -0.059101082 15.619729996
0.021294646 -0.100548521 -0.994704306 -54.185249329 -0.699491441 0.709364653 -0.086680040 -18.591867447 0.714323699 0.697632909 -0.055227157 15.521211624
0.027487554 -0.099348217 -0.994673014 -55.363815308 -0.702459216 0.706019640 -0.089929722 -18.648155212 0.711193025 0.701189160 -0.050381310 15.385183334
0.034620944 -0.099758282 -0.994409263 -56.576423645 -0.704834521 0.702973485 -0.095060937 -18.747303009 0.708526433 0.704185009 -0.045975465 15.303007126
0.040837266 -0.100607157 -0.994087875 -57.817977905 -0.704873085 0.702245295 -0.100027390 -18.867046356 0.708156884 0.704790533 -0.042237502 15.221454620
0.044960458 -0.101310179 -0.993838429 -59.031032562 -0.703576267 0.703042686 -0.103496172 -19.002021790 0.709196031 0.703894436 -0.039670311 15.152332306
0.050890759 -0.101323694 -0.993551016 -60.235324860 -0.701525927 0.704447508 -0.107773431 -19.122406006 0.710824549 0.702486575 -0.035231337 15.065779686
0.055414189 -0.099836692 -0.993459582 -61.486568451 -0.700652778 0.704983294 -0.109928288 -19.327447891 0.711347282 0.702161789 -0.030884763 14.958687782
0.061984077 -0.098768085 -0.993178189 -62.723426819 -0.699803591 0.705211520 -0.113805436 -19.451107025 0.711641073 0.702083766 -0.025406377 14.891308784
0.066141360 -0.095834427 -0.993197262 -63.947475433 -0.698944509 0.705924571 -0.114660986 -19.662136078 0.712110937 0.701773643 -0.020292137 14.826585770
0.071635596 -0.097010776 -0.992702067 -65.198455811 -0.698056340 0.706023097 -0.119368680 -19.807207108 0.712450564 0.701512933 -0.017142599 14.782658577
0.075960062 -0.101094380 -0.991972744 -66.447013855 -0.697086990 0.705948770 -0.125324219 -19.970617294 0.712951362 0.701010883 -0.016847661 14.728815079
0.080416501 -0.105649211 -0.991146505 -67.683540344 -0.696350574 0.705514491 -0.131701127 -20.146028519 0.713182330 0.700776398 -0.016833879 14.673686981
0.083250128 -0.106604062 -0.990810275 -68.946929932 -0.695356429 0.705988646 -0.134384751 -20.323970795 0.713826776 0.700153887 -0.015354185 14.643964767
0.087189861 -0.103892528 -0.990759432 -70.222984314 -0.694071770 0.707091212 -0.135227084 -20.500629425 0.714606345 0.699448586 -0.010457687 14.584577560
0.088408858 -0.104624540 -0.990574300 -71.466407776 -0.694111705 0.706788003 -0.136600494 -20.682430267 0.714417815 0.699645936 -0.010134805 14.562599182
0.089901254 -0.105232574 -0.990375519 -72.718406677 -0.695540428 0.705098152 -0.138057977 -20.839834213 0.712840319 0.701257885 -0.009804300 14.527246475
0.085061684 -0.106965020 -0.990617454 -74.095611572 -0.696179032 0.704888821 -0.135891601 -21.081085205 0.712810814 0.701206267 -0.014507790 14.655472755
0.086625591 -0.107834607 -0.990387619 -75.368263245 -0.696895778 0.703850091 -0.137590975 -21.245227814 0.711921513 0.702115893 -0.014178064 14.604449272
0.084519453 -0.110589303 -0.990265846 -76.551689148 -0.696587741 0.704059124 -0.138080716 -21.444303513 0.712475955 0.701477587 -0.017528467 14.646097183
0.085954405 -0.112141363 -0.989967763 -77.803627014 -0.694933832 0.705267966 -0.140229136 -21.605773926 0.713917971 0.700015426 -0.017309947 14.586957932
0.085094072 -0.112718873 -0.989976466 -79.088867188 -0.692784548 0.707405925 -0.140094101 -21.802497864 0.716106534 0.697761595 -0.017893849 14.547840118
0.085459441 -0.112915412 -0.989922583 -80.376892090 -0.691122890 0.708943188 -0.140529782 -21.982585907 0.717666984 0.696167767 -0.017452534 14.506672859
0.088709593 -0.108993813 -0.990076184 -81.671577454 -0.690420091 0.709733844 -0.139992729 -22.109910965 0.717948973 0.695987225 -0.012291308 14.359975815
0.089253157 -0.105939336 -0.990358889 -82.969932556 -0.692060947 0.708494246 -0.138158038 -22.287887573 0.716299891 0.697719693 -0.010081124 14.323053360
0.091830157 -0.104031079 -0.990325570 -84.158866882 -0.694131494 0.706385255 -0.138568819 -22.471014023 0.713966846 0.700140953 -0.007343783 14.229343414
0.093627840 -0.104834549 -0.990072489 -85.406066895 -0.694347978 0.705811203 -0.140397474 -22.652259827 0.713522732 0.700599909 -0.006708069 14.165320396
0.095714569 -0.107065618 -0.989634037 -87.080764771 -0.695408344 0.704153836 -0.143438235 -22.838813782 0.712212026 0.701928854 -0.007056526 14.017758369
0.095210329 -0.107883200 -0.989593863 -88.359756470 -0.693482757 0.705999732 -0.143687427 -23.025573730 0.714154541 0.699946821 -0.007596650 13.986579895
0.094203450 -0.106134214 -0.989879429 -89.428619385 -0.692924201 0.706940830 -0.141740963 -23.229219437 0.714829743 0.699263930 -0.006946701 13.961355209
0.094730429 -0.103064008 -0.990153551 -90.682945251 -0.692004681 0.708202899 -0.139921874 -23.420915604 0.715650499 0.698445737 -0.004232411 13.910387993
0.095068090 -0.100640573 -0.990370393 -91.920661926 -0.692876756 0.707644999 -0.138421208 -23.604644775 0.714761436 0.699364066 -0.002457054 13.885212898
0.093734801 -0.100913100 -0.990469754 -93.214546204 -0.694115758 0.706574976 -0.137677580 -23.798374176 0.713734627 0.700405836 -0.003814696 13.869618416
0.095914312 -0.102903813 -0.990056157 -94.416389465 -0.693499446 0.706599355 -0.140626654 -23.957626343 0.714044094 0.700091541 -0.003590740 13.816429138
0.096372522 -0.104834870 -0.989809036 -95.673377991 -0.692543745 0.707195103 -0.142331377 -24.137750626 0.714909554 0.699202895 -0.004448561 13.783331871
0.095797680 -0.103549279 -0.990000129 -96.915298462 -0.691432297 0.708544672 -0.141017035 -24.339862823 0.716061592 0.698027194 -0.003720363 13.766978264
0.095903054 -0.101560719 -0.990195990 -98.192489624 -0.689682186 0.710514009 -0.139672294 -24.525123596 0.717733264 0.696315527 -0.001904167 13.742116928
0.095637791 -0.098663375 -0.990514517 -99.427940369 -0.688969076 0.711646378 -0.137408301 -24.707252502 0.718453228 0.695575297 0.000084272 13.710966110
0.096584342 -0.097187296 -0.990568578 -100.688575745 -0.689275801 0.711426735 -0.137007058 -24.878368378 0.718032300 0.696007609 0.001723842 13.680507660
0.097597249 -0.095300674 -0.990652621 -101.944320679 -0.690687299 0.710180104 -0.136364475 -25.049613953 0.716537416 0.697539866 0.003488673 13.647050858
0.097852282 -0.095468491 -0.990611255 -103.094444275 -0.692237079 0.708610713 -0.136670128 -25.214172363 0.715005457 0.699111342 0.003252345 13.612787247
0.098235354 -0.099381305 -0.990188479 -104.330230713 -0.693079829 0.707187295 -0.139737174 -25.394042969 0.714135885 0.700006783 0.000591609 13.578421593
0.098958269 -0.100608438 -0.989992499 -105.568458557 -0.694530964 0.705487013 -0.141119778 -25.570583344 0.712624729 0.701545417 -0.000061886 13.546833992
0.099149302 -0.102672897 -0.989761353 -106.864387512 -0.694419980 0.705273211 -0.142724976 -25.790618896 0.712706327 0.701461196 -0.001370753 13.549170494
0.098194025 -0.102639124 -0.989860117 -108.097831726 -0.693632483 0.706187248 -0.142033219 -25.978603363 0.713604867 0.700546026 -0.001850448 13.539367676
0.098101296 -0.100028962 -0.990136504 -109.349411011 -0.693306148 0.706892431 -0.140105888 -26.204849243 0.713934660 0.700212300 -0.000003620 13.518715858
0.097553410 -0.098149151 -0.990378737 -110.582145691 -0.692180455 0.708334386 -0.138378367 -26.392787933 0.715101004 0.699020088 0.001163518 13.494780540
0.097933404 -0.098892026 -0.990267336 -111.795616150 -0.694887996 0.705521166 -0.139177740 -26.562337875 0.712418199 0.701754987 0.000375214 13.462847710
0.097783253 -0.097106427 -0.990458906 -113.030868530 -0.697644114 0.703066528 -0.137804985 -26.741592407 0.709740222 0.704462707 0.001002420 13.431232452
0.098853834 -0.097436137 -0.990320206 -114.282493591 -0.700205028 0.700319886 -0.138797969 -26.909656525 0.707064927 0.707147837 0.001004047 13.392275810
0.099786215 -0.101562932 -0.989811957 -115.558334351 -0.700930059 0.698875368 -0.142373502 -27.074417114 0.706215024 0.707995892 -0.001450391 13.365012169
0.097593516 -0.104434334 -0.989731729 -116.774070740 -0.700831592 0.698876917 -0.142850161 -27.296119690 0.706619143 0.707576513 -0.004985038 13.321885109
0.096038260 -0.105445318 -0.989776671 -118.019317627 -0.698623598 0.701158464 -0.142485142 -27.487094879 0.709014595 0.705165386 -0.006328548 13.299497604
0.095940776 -0.107335493 -0.989582896 -119.316772461 -0.695306718 0.704182446 -0.143789917 -27.654560089 0.712280810 0.701858938 -0.007071281 13.258738518
0.095177278 -0.105206773 -0.989885271 -120.597785950 -0.694904864 0.704993546 -0.141742989 -27.844430923 0.712775111 0.701366961 -0.006009339 13.220191002
0.094017580 -0.101202987 -0.990413368 -121.891960144 -0.694828451 0.705795765 -0.138078421 -28.040531158 0.713003576 0.701149285 -0.003961502 13.189724922
0.093065351 -0.101914026 -0.990430415 -123.205596924 -0.693292439 0.707333863 -0.137928680 -28.228324890 0.714621902 0.699494243 -0.004827935 13.175759315
0.092516690 -0.105710790 -0.990083754 -124.441802979 -0.693447292 0.706724465 -0.140254647 -28.422193527 0.714542866 0.699546814 -0.007921048 13.152793884
0.091443613 -0.109087683 -0.989817083 -125.746574402 -0.693921804 0.705928266 -0.141907826 -28.618831635 0.714220345 0.699832201 -0.011145674 13.118955612
0.090327471 -0.111047089 -0.989701688 -127.069793701 -0.693468809 0.706247270 -0.142533824 -28.808153152 0.714802086 0.699202001 -0.013214163 13.087088585
0.089663155 -0.109314643 -0.989954948 -128.409591675 -0.694628894 0.705451965 -0.140813306 -29.017158508 0.713758647 0.700277090 -0.012680063 13.044137955
0.095688000 -0.104480624 -0.989912927 -129.394546509 -0.697308123 0.702652395 -0.141565561 -28.899930954 0.710355699 0.703820586 -0.005619789 12.773988724
0.096644118 -0.100273021 -0.990255117 -130.739486694 -0.700998127 0.699438512 -0.139239013 -29.086448669 0.706584573 0.707623601 -0.002694566 12.704879761
0.098028280 -0.100229815 -0.990123510 -132.105392456 -0.706250966 0.693946481 -0.140171081 -29.248811722 0.701142073 0.713016272 -0.002761024 12.671363831
0.098650940 -0.101292729 -0.989953339 -133.435180664 -0.708462656 0.691448510 -0.141349286 -29.452274323 0.698819458 0.715289295 -0.003550063 12.621991158
0.099133499 -0.102583416 -0.989772320 -134.766433716 -0.710419238 0.689183891 -0.142583489 -29.626731873 0.696761727 0.717288196 -0.004556039 12.571133614
0.098512746 -0.102937959 -0.989797354 -136.113983154 -0.710661769 0.688975155 -0.142383635 -29.824920654 0.696602523 0.717437863 -0.005281250 12.519187927
0.098179929 -0.104726434 -0.989642918 -137.438903809 -0.708618462 0.690864563 -0.143409178 -29.977626801 0.698727846 0.715359032 -0.006382057 12.497612953
0.098153137 -0.103576630 -0.989766598 -138.759231567 -0.708519280 0.691136062 -0.142588124 -30.172838211 0.698832214 0.715264142 -0.005548868 12.433038712
0.097992748 -0.099248409 -0.990225852 -140.109268188 -0.708592951 0.691700637 -0.139450163 -30.324554443 0.698780060 0.715332031 -0.002545062 12.401397705
0.097346887 -0.093138501 -0.990882933 -141.414901733 -0.706693232 0.694576561 -0.134714425 -30.572589874 0.700791180 0.713364244 0.001794519 12.274417877
0.098637499 -0.095498241 -0.990530491 -142.634048462 -0.707420230 0.693331063 -0.137290120 -30.664615631 0.699876606 0.714263201 0.000831054 12.220871925
0.100314043 -0.096621551 -0.990253210 -143.930160522 -0.707161367 0.693199635 -0.139273703 -30.824497223 0.699899912 0.714239955 0.001210637 12.147871971
0.102108717 -0.097344764 -0.989998937 -145.278930664 -0.706396878 0.693617761 -0.141060069 -30.989425659 0.700412273 0.713735461 0.002060376 12.093893051
0.100126393 -0.098894909 -0.990047693 -146.679061890 -0.706760168 0.693314254 -0.140731215 -31.283325195 0.700331748 0.713817298 -0.000475942 12.198245049
0.101745181 -0.095854864 -0.990181684 -147.991760254 -0.706247985 0.694033146 -0.139755949 -31.463201523 0.700615108 0.713533342 0.002917215 12.113764763
0.104261443 -0.094324097 -0.990066946 -149.314117432 -0.707281172 0.692831993 -0.140488416 -31.546806335 0.699201524 0.714903235 0.005522005 12.097269058
0.105978929 -0.093016572 -0.990008235 -150.642456055 -0.707769215 0.692268550 -0.140807986 -31.740196228 0.698449075 0.715620100 0.007531608 12.067255020
0.108293720 -0.095946759 -0.989477932 -151.982086182 -0.709383607 0.689844728 -0.144530907 -31.917991638 0.696453393 0.717571259 0.006642798 12.034371376
0.107917435 -0.099280506 -0.989190161 -153.294891357 -0.708157957 0.690671623 -0.146577299 -32.113014221 0.697757959 0.716320992 0.004229229 12.018620491
0.107963361 -0.100871906 -0.989024162 -154.528289795 -0.706465304 0.692161441 -0.147713304 -32.286273956 0.699464560 0.714658797 0.003465589 11.971844673
0.107001044 -0.101146623 -0.989100695 -155.863510132 -0.705684483 0.693063676 -0.147214577 -32.512809753 0.700399995 0.713745117 0.002780918 11.960042000
0.106508501 -0.100964233 -0.989172578 -157.150527954 -0.704122782 0.694752932 -0.146729007 -32.716873169 0.702044904 0.712126672 0.002905888 11.935275078
0.103113070 -0.106953539 -0.988902688 -158.645507812 -0.705311835 0.693166316 -0.148511514 -32.922561646 0.701357901 0.712798238 -0.003961084 12.165204048
0.103448950 -0.106984898 -0.988864303 -159.960418701 -0.704846323 0.693583190 -0.148775220 -33.124149323 0.701776206 0.712388039 -0.003657482 12.137907982
0.102902457 -0.104844041 -0.989150524 -161.246871948 -0.703049302 0.695805132 -0.146890223 -33.308853149 0.703656733 0.710537076 -0.002110454 12.095503807
0.102294683 -0.104166530 -0.989285231 -162.558990479 -0.701551676 0.697505116 -0.145985916 -33.511375427 0.705238223 0.708968341 -0.001727143 12.079762459
0.101883188 -0.105645962 -0.989170730 -163.828628540 -0.699840128 0.699063659 -0.146744326 -33.704818726 0.706996143 0.707212090 -0.002712450 12.039503098
0.101427585 -0.105307400 -0.989253640 -165.130111694 -0.701139450 0.697879255 -0.146177605 -33.903518677 0.705773294 0.708431244 -0.003050960 12.015634537
0.101863638 -0.100595847 -0.989699006 -166.412017822 -0.701187909 0.698455572 -0.143161967 -34.096527100 0.705662370 0.708548009 0.000610649 11.977641106
0.103500992 -0.093648486 -0.990210831 -167.737655640 -0.704606950 0.695760667 -0.139449552 -34.288654327 0.702008963 0.712142646 0.006026550 11.944046021
0.105100684 -0.091208816 -0.990270078 -169.048690796 -0.706545830 0.693901837 -0.138899907 -34.524185181 0.699819148 0.714269578 0.008486358 11.823858261
0.107447445 -0.094332069 -0.989725471 -170.340728760 -0.709119320 0.690477788 -0.142794400 -34.701602936 0.696853459 0.717176378 0.007297374 11.794347763
0.109208107 -0.099556439 -0.989020765 -171.594512939 -0.710017145 0.688518643 -0.147707835 -34.891464233 0.695664465 0.718352675 0.004505053 11.771010399
0.110260695 -0.100857466 -0.988772094 -172.860916138 -0.711715400 0.686401308 -0.149380162 -35.083660126 0.693760574 0.720195115 0.003901273 11.744311333
0.110609472 -0.104447514 -0.988360345 -174.138763428 -0.707896948 0.689741969 -0.152112424 -35.297607422 0.697601259 0.716482341 0.002353910 11.721128464
0.110279858 -0.108937547 -0.987912416 -175.363784790 -0.705843031 0.691199720 -0.155011579 -35.494720459 0.699731350 0.714405775 -0.000667406 11.684583664
0.109053761 -0.112713568 -0.987625003 -176.627075195 -0.701704621 0.694999576 -0.156799838 -35.706272125 0.704072356 0.710120559 -0.003299303 11.656784058
0.107870623 -0.110266551 -0.988030970 -177.916107178 -0.700325072 0.696960509 -0.154242069 -35.911758423 0.705626428 0.708581269 -0.002040869 11.634950638
0.108931206 -0.102491029 -0.988751471 -179.061538696 -0.700244784 0.698072314 -0.149506390 -36.115440369 0.705543101 0.708654106 0.004273054 11.557525635
0.110464089 -0.099381499 -0.988898873 -180.332321167 -0.700974762 0.697574377 -0.148405999 -36.313480377 0.704579353 0.709586680 0.007392998 11.538524628
0.112230524 -0.102406658 -0.988391221 -181.602401733 -0.701505125 0.696309924 -0.151799276 -36.510478973 0.703771889 0.710397959 0.006308444 11.517122269
0.114072837 -0.102340132 -0.988187194 -182.865493774 -0.702650785 0.694874048 -0.153075099 -36.692039490 0.702331305 0.711812198 0.007356880 11.489579201
0.115083054 -0.101908371 -0.988114655 -184.138793945 -0.701347768 0.696100891 -0.153475866 -36.892131805 0.703467906 0.710674465 0.008636194 11.473753929
0.114887424 -0.103333041 -0.987989426 -185.359771729 -0.701313972 0.695943892 -0.154339865 -37.096084595 0.703533649 0.710622549 0.007486275 11.450558662
0.117039390 -0.105054528 -0.987555265 -186.582107544 -0.701470137 0.695171833 -0.157085478 -37.279254913 0.703023195 0.711125672 0.007669878 11.435837746
0.118649408 -0.103102714 -0.987568915 -187.789855957 -0.701584756 0.695106924 -0.156859994 -37.486759186 0.702638686 0.711474657 0.010138732 11.409232140
0.120240316 -0.101194687 -0.987573683 -188.952896118 -0.701433063 0.695307732 -0.156648532 -37.678504944 0.702519596 0.711552382 0.012622712 11.381895065
0.120245412 -0.098842829 -0.987811267 -190.085113525 -0.701813459 0.695292532 -0.155003831 -37.902198792 0.702138841 0.711897731 0.014236514 11.364108086
0.120371968 -0.097578779 -0.987921476 -191.186126709 -0.701682866 0.695602715 -0.154201522 -38.091274261 0.702247739 0.711769104 0.015261714 11.347244263
0.120548740 -0.096831620 -0.987973511 -192.293197632 -0.701642990 0.695731640 -0.153800651 -38.261142731 0.702257156 0.711745143 0.015928347 11.328053474
0.120992437 -0.097840622 -0.987819850 -193.347579956 -0.701687932 0.695458233 -0.154828817 -38.430988312 0.702135980 0.711874306 0.015491614 11.313151360
0.122829244 -0.097384110 -0.987638235 -194.360504150 -0.702031374 0.694888353 -0.155827373 -38.602115631 0.701473415 0.712493181 0.016985912 11.289099693
0.124088474 -0.096431345 -0.987574279 -195.325683594 -0.702535570 0.694324017 -0.156070456 -38.768371582 0.700746596 0.713172615 0.018411146 11.287223816
0.123303607 -0.098111093 -0.987507164 -196.338958740 -0.701277316 0.695462346 -0.156659693 -38.940654755 0.702144086 0.711833119 0.016949929 11.266002655
0.119861878 -0.101456016 -0.987592936 -197.299346924 -0.699923277 0.696852803 -0.156536192 -39.103828430 0.704088449 0.710002065 0.012514671 11.255980492
0.115241617 -0.105978847 -0.987667859 -198.276824951 -0.701325655 0.695459604 -0.156455308 -39.235641479 0.703464031 0.710707009 0.005820202 11.264284134
0.110767528 -0.108574845 -0.987897754 -199.234542847 -0.703243673 0.693823159 -0.155105412 -39.395660400 0.702266812 0.711913645 0.000498488 11.236286163
0.107505538 -0.110400274 -0.988055825 -200.202453613 -0.706064105 0.691188157 -0.154053211 -39.515960693 0.699940026 0.714192331 -0.003643122 11.239356995
0.105760984 -0.108909063 -0.988409519 -201.159240723 -0.708072901 0.689640284 -0.151753455 -39.658107758 0.698174477 0.715915501 -0.004178521 11.192674637
0.102659889 -0.107982509 -0.988838196 -202.113143921 -0.707317114 0.691037297 -0.148895010 -39.818370819 0.699402153 0.714707792 -0.005436046 11.182651520
0.101626500 -0.107063442 -0.989044785 -203.080642700 -0.705771506 0.692908645 -0.147526473 -39.956996918 0.701112390 0.713032246 -0.005144456 11.152851105
0.099390142 -0.106482759 -0.989334643 -204.008438110 -0.704373956 0.694748640 -0.145538777 -40.108543396 0.702836215 0.711326718 -0.005952504 11.119777679
0.098567076 -0.107654527 -0.989290178 -204.952560425 -0.705097735 0.693965733 -0.145769134 -40.249637604 0.702226162 0.711914301 -0.007504796 11.089051247
0.098611951 -0.108006179 -0.989247382 -205.889236450 -0.706336737 0.692648947 -0.146033853 -40.395179749 0.700973690 0.713142455 -0.007985269 11.049003601
0.099710733 -0.109598085 -0.988962054 -206.842041016 -0.709001958 0.689523280 -0.147898018 -40.518684387 0.698121786 0.715923011 -0.008952397 11.027075768
0.100077316 -0.108594455 -0.989035785 -207.792831421 -0.710152626 0.688434899 -0.147447020 -40.706344604 0.696898639 0.717122495 -0.008221921 10.973062515
0.100752316 -0.112095512 -0.988576591 -208.745803833 -0.710131109 0.687825143 -0.150367200 -40.848400116 0.696823180 0.717168868 -0.010302544 10.957225800
0.101447664 -0.114081018 -0.988278210 -209.689910889 -0.709966958 0.687580645 -0.152249008 -40.996009827 0.696889758 0.717090189 -0.011240290 10.918769836
0.102755547 -0.114034891 -0.988148451 -210.656982422 -0.709914148 0.687434137 -0.153154224 -41.143135071 0.696751952 0.717238009 -0.010317309 10.877618790
0.102439746 -0.111468606 -0.988474011 -211.627899170 -0.707791865 0.690057158 -0.151168093 -41.309783936 0.698954046 0.715119481 -0.008207291 10.849832535
0.102165438 -0.110383645 -0.988624156 -212.606506348 -0.707194865 0.690875649 -0.150221124 -41.464168549 0.699598312 0.714497209 -0.007479128 10.820820808
0.105313070 -0.112096854 -0.988100946 -213.514739990 -0.703177869 0.694202423 -0.153700635 -41.601333618 0.703171432 0.710997403 -0.005715429 10.723057747
0.105191469 -0.115536787 -0.987717688 -214.499603271 -0.702092767 0.694777906 -0.156043157 -41.756904602 0.704273105 0.709883749 -0.008032825 10.701749802
0.106430531 -0.114751883 -0.987676263 -215.493362427 -0.705406010 0.691347361 -0.156336784 -41.905975342 0.700767338 0.713351846 -0.007366209 10.672152519
0.109241478 -0.110581003 -0.987845182 -216.492675781 -0.705862820 0.691087902 -0.155419782 -42.045314789 0.699874282 0.714261413 -0.002559558 10.630408287
0.114515901 -0.109106697 -0.987411618 -217.562759399 -0.703287005 0.693091750 -0.158149287 -42.193031311 0.701622069 0.712544382 0.002636696 10.516162872
0.117019214 -0.108873464 -0.987143934 -218.577453613 -0.701477647 0.694554627 -0.159758821 -42.343727112 0.703018904 0.711154222 0.004903930 10.511411667
0.121124350 -0.102996476 -0.987279415 -219.827926636 -0.701598465 0.694709659 -0.158550143 -42.511173248 0.702202618 0.711878002 0.011884106 10.434447289
0.123079032 -0.099481486 -0.987398088 -220.872222900 -0.699819326 0.696755648 -0.157431304 -42.677856445 0.703636706 0.710376740 0.016136957 10.419452667
0.122815415 -0.099818878 -0.987396836 -221.726119995 -0.698718727 0.697853446 -0.157456860 -42.827293396 0.704775393 0.709250867 0.015961837 10.447002411
0.125497088 -0.098691098 -0.987173021 -222.777725220 -0.700747490 0.695551813 -0.158621162 -42.996299744 0.702284515 0.711665511 0.018132180 10.443408012
0.138252497 -0.093999848 -0.985926092 -224.297729492 -0.702036321 0.692880452 -0.164504141 -43.085098267 0.698592305 0.714899063 0.029801151 10.237169266
