0.999953210 0.003229248 0.009114053 -0.003766789 -0.003240959 0.999993861 0.001270508 0.000542543 -0.009109894 -0.001299986 0.999957681 1.385492921
0.999997377 -0.001724076 -0.001509656 -0.013991993 0.001726613 0.999997079 0.001680713 -0.046434082 0.001506754 -0.001683315 0.999997437 2.600769758
0.999967277 0.000433329 0.008076154 0.001058303 -0.000435429 0.999999881 0.000258139 -0.044438183 -0.008076040 -0.000261647 0.999967337 3.994328976
0.999969125 -0.000113041 0.007876125 0.001766205 0.000108644 0.999999940 0.000558673 -0.070889287 -0.007876188 -0.000557800 0.999968827 5.291529655
0.999973416 -0.000448708 0.007275134 0.010338660 0.000439421 0.999999046 0.001278126 -0.093828253 -0.007275701 -0.001274895 0.999972701 6.621226311
0.999972284 -0.001906820 0.007198322 0.011960462 0.001888811 0.999994993 0.002507852 -0.116532251 -0.007203068 -0.002494187 0.999970973 7.936516762
0.999977231 -0.001486230 0.006578928 0.013931256 0.001467110 0.999994636 0.002910090 -0.138830394 -0.006583218 -0.002900372 0.999974132 9.248931885
0.999981523 -0.000618166 0.006048025 0.011779018 0.000610821 0.999999046 0.001216187 -0.147829682 -0.006048772 -0.001212470 0.999980927 9.749416351
0.999978244 0.001794477 0.006351088 0.031730298 -0.001789839 0.999998093 -0.000735831 -0.186980560 -0.006352395 0.000724448 0.999979556 11.917806625
0.999966502 0.005268545 0.006266138 0.022767406 -0.005256908 0.999984443 -0.001872206 -0.198680967 -0.006275904 0.001839203 0.999978602 12.560442924
0.999952734 0.007336675 0.006396229 0.030259296 -0.007324369 0.999971211 -0.001945459 -0.227772236 -0.006410319 0.001898518 0.999977648 14.609695435
0.999945045 0.008581444 0.006019626 0.018144101 -0.008575106 0.999962628 -0.001077696 -0.243232816 -0.006028651 0.001026018 0.999981284 15.425547600
0.999967396 0.005570406 0.005844811 0.039420538 -0.005578418 0.999983549 0.001355479 -0.266136050 -0.005837162 -0.001388040 0.999981999 17.323041916
0.999985337 0.001874427 0.005078626 0.029717103 -0.001886980 0.999995172 0.002468174 -0.273880661 -0.005073975 -0.002477721 0.999984086 18.329717636
0.999989927 -0.000857215 0.004410657 0.048101835 0.000855483 0.999999583 0.000394418 -0.301512688 -0.004410989 -0.000390641 0.999990225 20.028493881
0.999993980 -0.001735935 0.003014364 0.049760409 0.001742778 0.999995947 -0.002268918 -0.316224962 -0.003010412 0.002274158 0.999992907 21.165538788
0.999989331 0.001262491 0.004423410 0.052902866 -0.001243199 0.999989688 -0.004361309 -0.325201809 -0.004428871 0.004355765 0.999980688 22.763946533
0.999982417 0.004654466 0.003636099 0.039754100 -0.004638511 0.999979556 -0.004384040 -0.322820187 -0.003656428 0.004367098 0.999983788 24.008760452
0.999923944 -0.006833741 0.010268315 0.048871845 0.006786415 0.999966204 0.004636629 -0.358555436 -0.010299654 -0.004566592 0.999936521 25.488033295
0.999921262 -0.008699742 0.009045403 0.045400649 0.008644240 0.999943614 0.006157049 -0.368097484 -0.009098459 -0.006078373 0.999940097 26.809875488
0.999799311 -0.015692011 0.012454505 0.050626248 0.015631573 0.999865592 0.004935445 -0.375662684 -0.012530274 -0.004739769 0.999910355 28.225105286
0.999854326 -0.013623931 0.010283424 0.057030499 0.013632735 0.999906719 -0.000786372 -0.347590357 -0.010271749 0.000926450 0.999946773 29.613079071
0.999763429 -0.016885420 0.013719826 0.027483314 0.016889555 0.999857366 -0.000185387 -0.421931475 -0.013714734 0.000417065 0.999906003 30.990390778
0.999855220 -0.010967940 0.013011759 0.017338574 0.011006325 0.999935269 -0.002881967 -0.425950944 -0.012979307 0.003024760 0.999911249 32.361274719
0.999788344 -0.014963615 0.014115719 0.026287168 0.015003767 0.999883592 -0.002742876 -0.477278143 -0.014073033 0.002954084 0.999896586 33.762279510
0.999861836 -0.010821617 0.012614999 0.056847632 0.010865272 0.999935210 -0.003397135 -0.512928784 -0.012577416 0.003533731 0.999914646 35.042678833
0.999745965 -0.018602181 0.012724414 0.048484176 0.018599734 0.999826968 0.000310993 -0.553914964 -0.012727997 -0.000074243 0.999918938 36.516246796
0.999737680 -0.020073881 0.011026870 -0.035970718 0.020071466 0.999798536 0.000329765 -0.485133857 -0.011031268 -0.000108356 0.999939084 38.026962280
0.999816775 -0.014577995 0.012402262 0.039291471 0.014554590 0.999892116 0.001974961 -0.594399035 -0.012429709 -0.001794090 0.999921262 39.312046051
0.999868929 -0.010988529 0.011891250 0.037901402 0.010992569 0.999939501 -0.000274911 -0.587125003 -0.011887508 0.000405589 0.999929309 40.596019745
0.999906778 -0.010038461 0.009256642 0.046448052 0.010038325 0.999949515 0.000061251 -0.596392751 -0.009256791 0.000031676 0.999957144 42.015811920
0.999881327 -0.009526157 0.012105270 0.025512159 0.009506113 0.999953330 0.001712050 -0.655714035 -0.012121015 -0.001596776 0.999925256 43.520347595
0.999896467 -0.009726071 0.010598594 0.018318623 0.009719865 0.999952495 0.000636955 -0.666087568 -0.010604287 -0.000533872 0.999943614 44.850646973
0.999864936 -0.013254216 0.009718875 0.051229149 0.013239277 0.999911010 0.001599954 -0.712396324 -0.009739222 -0.001471066 0.999951422 46.334949493
0.999869704 -0.014317899 0.007462214 0.051419377 0.014318517 0.999897420 -0.000028982 -0.687969029 -0.007461035 0.000135827 0.999972165 47.668788910
0.999878347 -0.013655293 0.007541722 0.050610512 0.013635220 0.999903321 0.002706757 -0.757745922 -0.007577954 -0.002603594 0.999967873 49.173721313
0.999883413 -0.014175246 0.005689010 0.024329036 0.014168360 0.999898851 0.001248870 -0.751232684 -0.005706139 -0.001168122 0.999983013 50.501487732
0.999908149 -0.012560385 0.005078420 0.043583974 0.012548143 0.999918282 0.002436023 -0.800337732 -0.005108602 -0.002372074 0.999984086 52.013641357
0.999910951 -0.013132421 0.002355419 0.045322113 0.013125387 0.999909401 0.002976854 -0.815617800 -0.002394296 -0.002945676 0.999992847 53.396373749
0.999893010 -0.014335650 0.002907319 0.025123551 0.014322291 0.999887109 0.004564449 -0.853003502 -0.002972421 -0.004522320 0.999985337 54.883026123
0.999874055 -0.015688613 0.002375643 0.010091491 0.015678387 0.999868095 0.004262771 -0.867229462 -0.002442206 -0.004224990 0.999988019 56.314002991
0.999831438 -0.018362494 0.000060475 0.013058022 0.018362148 0.999824464 0.003704580 -0.885697961 -0.000128490 -0.003702846 0.999993086 57.726127625
0.999781370 -0.020894112 0.000920330 0.004010089 0.020890089 0.999773026 0.004185747 -0.907413661 -0.001007574 -0.004165604 0.999990821 59.189876556
0.999771655 -0.021364603 -0.000324390 0.000137839 0.021365637 0.999765277 0.003607350 -0.912560344 0.000247245 -0.003613457 0.999993503 60.577781677
0.999724090 -0.023464501 0.001086633 0.000888288 0.023458775 0.999712229 0.005011362 -0.937102079 -0.001203905 -0.004984488 0.999986827 62.078201294
0.999710202 -0.024033720 0.001391668 -0.014117174 0.024027023 0.999700546 0.004643635 -0.971030056 -0.001502858 -0.004608854 0.999988258 63.490684509
0.999677718 -0.025382772 0.000398799 -0.005085500 0.025381461 0.999673367 0.003004404 -0.987070441 -0.000474929 -0.002993314 0.999995470 64.859207153
0.999639928 -0.026774749 0.001726319 -0.013042465 0.026768241 0.999634862 0.003687619 -1.005383253 -0.001824424 -0.003640081 0.999991715 66.349243164
0.999687433 -0.024897113 0.002259995 -0.033699930 0.024890905 0.999686480 0.002734940 -1.026477218 -0.002327382 -0.002677832 0.999993682 67.675346375
0.999709964 -0.023785014 0.003765513 -0.044616759 0.023767045 0.999706268 0.004746673 -1.044199586 -0.003877305 -0.004655802 0.999981642 69.137870789
0.999788404 -0.020124009 0.004264588 -0.067951083 0.020098526 0.999780357 0.005936446 -1.070071220 -0.004383117 -0.005849479 0.999973238 70.458511353
0.999840379 -0.017008279 0.005476205 -0.068705559 0.016971536 0.999833524 0.006687747 -1.093063354 -0.005589045 -0.006593740 0.999962568 71.923301697
0.999901652 -0.013062040 0.005106997 -0.083802521 0.013031761 0.999897540 0.005917820 -1.102738619 -0.005183775 -0.005850685 0.999969363 73.285850525
0.999938250 -0.009137490 0.006317478 -0.094387829 0.009103732 0.999944210 0.005351570 -1.132872820 -0.006366025 -0.005293726 0.999965727 74.765647888
0.999955654 -0.006627030 0.006689709 -0.105012894 0.006597773 0.999968648 0.004385830 -1.141234040 -0.006718564 -0.004341498 0.999968052 76.054122925
0.999947846 -0.006787560 0.007632862 -0.113072097 0.006743659 0.999960601 0.005762708 -1.180300713 -0.007671677 -0.005710934 0.999954283 77.546997070
0.999949157 -0.006824229 0.007431170 -0.122645259 0.006791151 0.999966979 0.004467410 -1.193665385 -0.007461411 -0.004416716 0.999962449 78.847702026
0.999935389 -0.008409948 0.007648966 -0.124999940 0.008376367 0.999955297 0.004411536 -1.227964401 -0.007685724 -0.004347181 0.999961019 80.348823547
0.999931514 -0.009790429 0.006399463 -0.111045361 0.009761903 0.999942422 0.004473331 -1.243217826 -0.006442891 -0.004410557 0.999969482 81.640029907
0.999934733 -0.009375035 0.006520709 -0.132212520 0.009345052 0.999945700 0.004613301 -1.280462503 -0.006563604 -0.004552064 0.999968052 83.154815674
0.999928832 -0.010780949 0.005102914 -0.141492575 0.010761670 0.999934852 0.003790770 -1.285606146 -0.005143451 -0.003735585 0.999979794 84.497955322
0.999928176 -0.011169383 0.004336212 -0.175416708 0.011152209 0.999929905 0.003964564 -1.290488720 -0.004380188 -0.003915920 0.999982715 85.805801392
0.999941170 -0.010297451 0.003387924 -0.136803597 0.010280984 0.999935448 0.004842284 -1.333302736 -0.003437568 -0.004807168 0.999982536 87.285896301
0.999925852 -0.012092260 0.001404326 -0.144926995 0.012084690 0.999913156 0.005279412 -1.343640804 -0.001468043 -0.005262050 0.999985039 88.622848511
0.999904990 -0.013744030 0.001079086 -0.164135098 0.013737283 0.999887466 0.006029011 -1.380210161 -0.001161829 -0.006013615 0.999981165 90.058700562
0.999884784 -0.015181284 0.000089439 -0.175185814 0.015180667 0.999872744 0.004885775 -1.386580706 -0.000163600 -0.004883855 0.999988019 91.365882874
0.999846160 -0.017525399 -0.000684409 -0.179733574 0.017528968 0.999830544 0.005609334 -1.427074790 0.000585987 -0.005620467 0.999984026 92.798439026
0.999833822 -0.018160261 -0.001575060 -0.171549007 0.018167265 0.999824524 0.004554419 -1.431732893 0.001492073 -0.004582276 0.999988377 94.061508179
0.999835849 -0.017976597 -0.002226167 -0.188356265 0.017985042 0.999830902 0.003835300 -1.453402996 0.002156847 -0.003874708 0.999990165 95.426811218
0.999813318 -0.019315708 -0.000449549 -0.237877697 0.019317564 0.999802947 0.004568952 -1.498538494 0.000361206 -0.004576783 0.999989450 96.882148743
0.999834120 -0.018188044 -0.000924881 -0.243700415 0.018190846 0.999829710 0.003112794 -1.502435088 0.000868107 -0.003129103 0.999994695 98.192962646
0.999860585 -0.016698711 -0.000028400 -0.273821890 0.016698701 0.999853373 0.003779829 -1.535926700 -0.000034725 -0.003779776 0.999992847 99.554428101
0.999871373 -0.016039558 -0.000227189 -0.293497652 0.016040437 0.999860644 0.004625170 -1.548795938 0.000152972 -0.004628219 0.999989212 100.868278503
0.999886274 -0.015068799 -0.000645100 -0.312922239 0.015072749 0.999864459 0.006630183 -1.588166237 0.000545104 -0.006639152 0.999977767 102.167892456
0.999814391 -0.019211514 -0.001415246 -0.301531017 0.019219097 0.999799848 0.005556227 -1.606890440 0.001308221 -0.005582396 0.999983490 103.610031128
0.999802649 -0.019670766 -0.002760718 -0.292216688 0.019679412 0.999801397 0.003140758 -1.618889928 0.002698389 -0.003194467 0.999991238 104.946792603
0.999831200 -0.018178448 -0.002664936 -0.309823364 0.018180916 0.999834239 0.000904994 -1.638780832 0.002648043 -0.000953291 0.999996066 106.240074158
0.999767959 -0.021511627 -0.001107167 -0.354837507 0.021515429 0.999762356 0.003549715 -1.678760171 0.001030544 -0.003572714 0.999993086 107.631782532
0.999736547 -0.022917999 -0.001251061 -0.348411739 0.022924256 0.999723494 0.005239122 -1.713404179 0.001130645 -0.005266422 0.999985456 108.883728027
0.999750853 -0.022318354 -0.000255695 -0.360725939 0.022319149 0.999744058 0.003708725 -1.683398128 0.000172856 -0.003713508 0.999993086 110.179931641
0.999664724 -0.025872348 0.001002070 -0.388497680 0.025867591 0.999655187 0.004502579 -1.741669655 -0.001118217 -0.004475147 0.999989390 111.626678467
0.999697387 -0.024570022 0.001169060 -0.398151129 0.024567630 0.999696076 0.002018301 -1.762553453 -0.001218294 -0.001988969 0.999997318 112.911926270
0.999744117 -0.022561634 0.001626325 -0.399977505 0.022561088 0.999745369 0.000353054 -1.788507223 -0.001633876 -0.000316272 0.999998629 114.201065063
0.999847531 -0.017217636 0.002917290 -0.398919106 0.017222054 0.999850512 -0.001496024 -1.777762175 -0.002891096 0.001546039 0.999994695 115.507568359
0.999827385 -0.017863177 0.005102337 -0.434920728 0.017854962 0.999839246 0.001650405 -1.827134252 -0.005130998 -0.001559019 0.999985576 116.988624573
0.999836266 -0.017162243 0.005743832 -0.442481518 0.017143993 0.999847889 0.003211429 -1.842556596 -0.005798073 -0.003112431 0.999978364 118.279602051
0.999840140 -0.017048715 0.005404620 -0.431945384 0.017031252 0.999849617 0.003260985 -1.854994535 -0.005459404 -0.003168416 0.999980092 119.587417603
0.999792993 -0.018971432 0.007355034 -0.450099349 0.018944783 0.999813795 0.003675901 -1.881118298 -0.007423401 -0.003535800 0.999966204 120.987312317
0.999838889 -0.015567748 0.008937354 -0.462377071 0.015545079 0.999875784 0.002600183 -1.901624560 -0.008976722 -0.002460832 0.999956727 122.277297974
0.999854386 -0.014046021 0.009686928 -0.479033351 0.014028849 0.999899924 0.001838137 -1.913710713 -0.009711777 -0.001701973 0.999951422 123.591995239
0.999884307 -0.010581182 0.010929340 -0.451619506 0.010556676 0.999941647 0.002297537 -1.978970766 -0.010953013 -0.002181893 0.999937654 124.972862244
0.999880195 -0.010192936 0.011651768 -0.455704570 0.010178738 0.999947429 0.001277276 -1.984722972 -0.011664174 -0.001158521 0.999931335 126.243286133
0.999869406 -0.010922776 0.011908909 -0.451133609 0.010924018 0.999940336 -0.000039253 -1.989617348 -0.011907770 0.000169340 0.999929070 127.614028931
0.999842525 -0.011426001 0.013577595 -0.454316974 0.011394523 0.999932170 0.002393476 -2.045898914 -0.013604023 -0.002238386 0.999904931 128.966949463
0.999819994 -0.013530712 0.013300020 -0.419133306 0.013480568 0.999901712 0.003852496 -2.069207668 -0.013350840 -0.003672511 0.999904156 130.288604736
0.999805093 -0.014512788 0.013380280 -0.446631312 0.014470012 0.999889910 0.003288263 -2.071307421 -0.013426526 -0.003094009 0.999905050 131.623107910
0.999778748 -0.015444522 0.014277481 -0.432432294 0.015400602 0.999876261 0.003180971 -2.095237017 -0.014324843 -0.002960384 0.999893010 132.963424683
0.999751687 -0.017407479 0.013913596 -0.442906976 0.017356304 0.999842107 0.003790339 -2.108623028 -0.013977381 -0.003547908 0.999896049 134.270843506
0.999733388 -0.018957604 0.013183552 -0.474931955 0.018918961 0.999816358 0.003049616 -2.114815712 -0.013238942 -0.002799384 0.999908447 135.551101685
0.999742031 -0.019677592 0.011344609 -0.400797963 0.019645829 0.999802768 0.002904438 -2.148328304 -0.011399524 -0.002680814 0.999931455 136.918106079
0.999702632 -0.022672802 0.008977141 -0.380055785 0.022642221 0.999737501 0.003493412 -2.144160509 -0.009053990 -0.003289110 0.999953628 138.226562500
0.999697268 -0.023243163 0.008073703 -0.399231553 0.023218848 0.999725580 0.003092089 -2.152377844 -0.008143358 -0.002903691 0.999962628 139.556381226
0.999700427 -0.023086563 0.008120311 -0.402577758 0.023053339 0.999725580 0.004161405 -2.226038456 -0.008214154 -0.003972957 0.999958396 140.853729248
0.999678552 -0.024462812 0.006649415 -0.410515606 0.024434894 0.999692440 0.004248050 -2.252269268 -0.006751287 -0.004084207 0.999968886 142.155334473
0.999681354 -0.024823884 0.004557983 -0.394887745 0.024805930 0.999684453 0.003953988 -2.267641306 -0.004654697 -0.003839663 0.999981880 143.461685181
0.999706149 -0.024023028 0.003248734 -0.411733568 0.024024358 0.999711215 -0.000370891 -2.308569193 -0.003238886 0.000448831 0.999994576 144.759521484
0.999564707 -0.029436357 0.002000711 -0.428016365 0.029438343 0.999566078 -0.000971020 -2.325893879 -0.001971259 0.001029496 0.999997497 146.076141357
0.999322236 -0.036809314 0.000232781 -0.427268147 0.036809046 0.999321699 0.001048741 -2.353844166 -0.000271227 -0.001039462 0.999999344 147.403671265
0.999099851 -0.042407528 -0.001041724 -0.431967080 0.042409532 0.999098301 0.001991946 -2.380474806 0.000956313 -0.002034331 0.999997497 148.630722046
0.998944938 -0.045849599 -0.002616666 -0.430905670 0.045844309 0.998946428 -0.002048060 -2.385997772 0.002707812 0.001925940 0.999994457 149.930648804
0.999006212 -0.044479966 -0.002856272 -0.434034854 0.044464860 0.998997748 -0.005148398 -2.420948505 0.003082408 0.005016277 0.999982715 151.246124268
0.999086976 -0.042720299 -0.000441250 -0.448470354 0.042716824 0.999068618 -0.006094457 -2.449771643 0.000701198 0.006070044 0.999981284 152.581756592
0.999108911 -0.042206191 -0.000208296 -0.465818316 0.042203881 0.999087036 -0.006643421 -2.473816872 0.000488499 0.006628711 0.999977887 153.902297974
0.998931944 -0.046203688 -0.000372767 -0.472558647 0.046202473 0.998928189 -0.002791201 -2.515226126 0.000501331 0.002770997 0.999996006 155.215789795
0.998751044 -0.049947985 0.001258068 -0.502725184 0.049948886 0.998751462 -0.000699467 -2.543848038 -0.001221560 0.000761432 0.999998987 156.412673950
0.998556852 -0.053703412 0.000437539 -0.492357641 0.053702895 0.998556376 0.001104736 -2.577108145 -0.000496237 -0.001079646 0.999999285 157.754119873
0.998397589 -0.056585815 -0.000546140 -0.480122268 0.056586698 0.998396158 0.001767786 -2.615530729 0.000445232 -0.001795859 0.999998271 159.084396362
0.998573720 -0.053342868 0.002258968 -0.512498617 0.053339660 0.998575330 0.001460642 -2.608773947 -0.002333664 -0.001338066 0.999996364 160.424209595
0.998735845 -0.050230496 0.001900234 -0.486585796 0.050229538 0.998737514 0.000546123 -2.636380434 -0.001925267 -0.000449985 0.999998033 161.764434814
0.998944640 -0.045773476 0.003825854 -0.547316194 0.045781899 0.998949170 -0.002140936 -2.651190281 -0.003723835 0.002313830 0.999990404 163.062881470
0.999152660 -0.040788043 0.005529655 -0.613658249 0.040806439 0.999161780 -0.003255268 -2.709311485 -0.005392245 0.003478153 0.999979377 164.147705078
0.999202251 -0.039555840 0.005500066 -0.629620433 0.039567143 0.999215007 -0.001961577 -2.732090950 -0.005418158 0.002177634 0.999982893 165.483749390
0.999277532 -0.037648309 0.005202267 -0.665838540 0.037665378 0.999285102 -0.003222762 -2.741363049 -0.005077218 0.003416376 0.999981284 166.825317383
0.999339581 -0.035972826 0.005127259 -0.639596879 0.035997275 0.999340475 -0.004758423 -2.793813705 -0.004952704 0.004939850 0.999975502 167.746093750
0.999482334 -0.031842198 0.004591351 -0.655744672 0.031876896 0.999462128 -0.007692860 -2.834820271 -0.004343923 0.007835236 0.999959886 169.050659180
0.999640822 -0.026515778 0.003910538 -0.667377651 0.026552122 0.999601781 -0.009553836 -2.857340336 -0.003655654 0.009654237 0.999946713 170.393341064
0.999710202 -0.023419989 0.005557915 -0.758813143 0.023457278 0.999702096 -0.006741954 -2.934279919 -0.005398363 0.006870372 0.999961793 171.645889282
0.999767661 -0.020667497 0.006120996 -0.784437776 0.020700593 0.999771178 -0.005393791 -2.969081402 -0.006008120 0.005519246 0.999966741 172.996627808
0.999808729 -0.018430425 0.006545335 -0.814504385 0.018457845 0.999821067 -0.004153697 -2.979749918 -0.006467609 0.004273714 0.999969959 174.303070068
0.999706447 -0.023739191 0.004849826 -0.762390912 0.023749018 0.999715924 -0.001978550 -3.013962746 -0.004801480 0.002093148 0.999986291 175.562011719
0.999686599 -0.024790369 0.003500631 -0.791095138 0.024799192 0.999689341 -0.002500881 -3.023357868 -0.003437547 0.002586910 0.999990702 176.822555542
0.999693274 -0.024701996 0.001799965 -0.823945165 0.024713494 0.999672294 -0.006674915 -3.071591854 -0.001634492 0.006717348 0.999976039 178.145202637
0.999716699 -0.023798235 -0.000353613 -0.789725542 0.023793275 0.999662757 -0.010400244 -3.104672909 0.000601001 0.010388880 0.999945879 179.505706787
0.999785900 -0.020642743 -0.001407597 -0.816938996 0.020626787 0.999731660 -0.010538189 -3.149918079 0.001624757 0.010506897 0.999943495 180.852493286
0.999874532 -0.015792819 -0.001186141 -0.828973055 0.015780056 0.999824584 -0.010091337 -3.177727938 0.001345303 0.010071352 0.999948442 182.119598389
0.999907315 -0.013572826 -0.000980698 -0.883337080 0.013564889 0.999878526 -0.007687807 -3.180696011 0.001084924 0.007673793 0.999970019 183.447250366
0.999916732 -0.012900090 -0.000066460 -0.843882918 0.012899583 0.999903798 -0.005086096 -3.164062977 0.000132064 0.005084815 0.999987066 184.527740479
0.999887645 -0.014930323 -0.001322357 -0.834455788 0.014925945 0.999883235 -0.003261646 -3.221221924 0.001370899 0.003241542 0.999993801 185.878067017
0.999891460 -0.014677485 -0.001318580 -0.846481323 0.014671803 0.999883354 -0.004219614 -3.223147154 0.001380359 0.004199811 0.999990225 187.260940552
0.999844313 -0.017645406 0.000126864 -0.892415702 0.017645719 0.999839306 -0.003165388 -3.257936478 -0.000070988 0.003167133 0.999994993 188.488845825
0.999789894 -0.020497289 -0.000286200 -0.895725846 0.020496268 0.999784827 -0.003199579 -3.288909912 0.000351721 0.003193040 0.999994814 189.819641113
0.999736249 -0.022965932 -0.000281228 -0.909765840 0.022964884 0.999730885 -0.003293538 -3.298171043 0.000356792 0.003286211 0.999994576 191.180221558
0.999654531 -0.026288778 0.000062070 -0.868947923 0.026288848 0.999652863 -0.001746087 -3.286017418 -0.000016147 0.001747115 0.999998450 192.482223511
0.999587953 -0.028704083 0.000192066 -0.878703415 0.028704463 0.999584973 -0.002412046 -3.303560019 -0.000122751 0.002416565 0.999997020 193.817687988
0.999671519 -0.025623186 0.000627117 -0.891422987 0.025626956 0.999646962 -0.007007340 -3.324952841 -0.000447345 0.007021108 0.999975204 195.131301880
0.999787152 -0.020550415 0.001836345 -0.964033723 0.020568432 0.999734282 -0.010398843 -3.420835018 -0.001622157 0.010434401 0.999944210 196.474349976
0.999935925 -0.010793890 0.003404204 -0.991420925 0.010828098 0.999889314 -0.010195774 -3.468738079 -0.003293775 0.010231980 0.999942243 197.789184570
0.999982655 -0.004399093 0.003950388 -0.996320605 0.004425263 0.999968112 -0.006640320 -3.497793674 -0.003921052 0.006657687 0.999970078 199.125305176
0.999982059 -0.003690593 0.004724245 -1.010996103 0.003711542 0.999983311 -0.004433293 -3.533392429 -0.004707804 0.004450749 0.999979019 200.441329956
0.999978483 -0.004358624 0.004920288 -1.035010815 0.004381472 0.999979675 -0.004642394 -3.551368475 -0.004899954 0.004663854 0.999977052 201.723754883
0.999945104 -0.009967445 0.003234131 -1.015464664 0.009980353 0.999942124 -0.003999692 -3.558315754 -0.003194077 0.004031750 0.999986768 202.882385254
0.999929667 -0.011623613 0.002364215 -1.014793158 0.011634860 0.999920785 -0.004800382 -3.586646795 -0.002308230 0.004827552 0.999985635 204.213928223
0.999940813 -0.010654288 0.002236263 -1.052404284 0.010666175 0.999928653 -0.005372126 -3.611999512 -0.002178867 0.005395661 0.999983072 205.538833618
0.999953330 -0.009521398 0.001590349 -1.047622442 0.009529515 0.999941170 -0.005177606 -3.655370712 -0.001540957 0.005192520 0.999985278 206.952423096
0.999960303 -0.008820486 0.001238433 -1.064055681 0.008825490 0.999952614 -0.004093716 -3.692105293 -0.001202266 0.004104483 0.999990880 208.288543701
0.999956667 -0.009227045 0.001159817 -1.081424475 0.009232143 0.999947369 -0.004470571 -3.731766224 -0.001118506 0.004481085 0.999989331 209.617111206
0.999956369 -0.009289409 0.000969583 -1.094850421 0.009294949 0.999939680 -0.005873243 -3.752689362 -0.000914966 0.005882000 0.999982297 211.032546997
0.999956429 -0.009266783 0.001115014 -1.119008183 0.009273777 0.999936283 -0.006439201 -3.784134865 -0.001055272 0.006449261 0.999978662 212.364929199
0.999968886 -0.007814231 0.001049669 -1.152149677 0.007821587 0.999943614 -0.007196993 -3.810911179 -0.000993371 0.007204981 0.999973536 213.706985474
0.999973834 -0.007202784 0.000636053 -1.231653571 0.007207631 0.999942183 -0.007977622 -3.793045521 -0.000578555 0.007981999 0.999967992 215.526672363
0.999975681 -0.006951395 0.000586666 -1.258719802 0.006956187 0.999938786 -0.008603055 -3.824237347 -0.000526828 0.008606927 0.999962866 216.896820068
0.999980628 -0.006213495 -0.000365669 -1.259116411 0.006209958 0.999940395 -0.008985561 -3.862920761 0.000421479 0.008983118 0.999959588 218.265518188
0.999974966 -0.007071622 -0.000278106 -1.281866908 0.007068974 0.999938190 -0.008581416 -3.906358719 0.000338773 0.008579234 0.999963105 219.614624023
0.999981940 -0.006000177 -0.000451446 -1.304517865 0.005995891 0.999941826 -0.008961621 -3.934272766 0.000505191 0.008958752 0.999959707 220.999420166
0.999974608 -0.007124402 -0.000325773 -1.332493663 0.007120950 0.999928653 -0.009592840 -3.954038143 0.000394093 0.009590277 0.999953926 222.368026733
0.999674797 -0.025290051 -0.003261332 -1.227955699 0.025303204 0.999671519 0.004056593 -4.831903458 0.003157670 -0.004137798 0.999986410 224.101882935
0.999643147 -0.026531778 -0.003104749 -1.253914714 0.026545333 0.999637783 0.004409471 -4.853039742 0.002986633 -0.004490314 0.999985516 225.508453369
0.999606013 -0.027986843 -0.002145982 -1.300176978 0.027996985 0.999596238 0.004851913 -4.860046864 0.002009326 -0.004910084 0.999985933 226.908981323
0.999814212 -0.019265097 -0.000565659 -1.436473370 0.019264039 0.999812782 -0.001825010 -4.478112698 0.000600712 0.001813772 0.999998152 228.188858032
0.999817431 -0.019063590 -0.001242222 -1.418759823 0.019060435 0.999815166 -0.002505557 -4.494760990 0.001289758 0.002481422 0.999996066 229.557281494
0.999818325 -0.018993894 -0.001596870 -1.434712648 0.018990174 0.999817073 -0.002312575 -4.542409897 0.001640503 0.002281831 0.999995947 230.997009277
0.999666572 -0.025655227 -0.002917128 -1.324771404 0.025670052 0.999657154 0.005164028 -4.958334446 0.002783644 -0.005237187 0.999982417 232.202056885
0.999666393 -0.025668805 -0.002858323 -1.339369178 0.025686244 0.999650598 0.006241970 -4.948846340 0.002697100 -0.006313308 0.999976397 233.631286621
0.999670804 -0.025609611 -0.001507819 -1.375750780 0.025619749 0.999646246 0.007141007 -4.981911659 0.001324407 -0.007177287 0.999973357 235.034561157
0.999695718 -0.024658240 -0.000660874 -1.399879694 0.024661686 0.999678791 0.005845185 -5.005334377 0.000516530 -0.005859706 0.999982715 236.283126831
0.999686182 -0.025045497 -0.000423147 -1.413893461 0.025047220 0.999675035 0.004737654 -5.031029701 0.000304352 -0.004746767 0.999988675 237.687377930
0.999696970 -0.024598261 -0.000916370 -1.411288023 0.024602598 0.999684453 0.005069917 -5.045753956 0.000791369 -0.005090926 0.999986708 239.107192993
0.999621451 -0.027509121 -0.000284715 -1.445027828 0.027510509 0.999590397 0.007886987 -5.161346912 0.000067635 -0.007891833 0.999968886 240.284744263
0.999628901 -0.027229574 -0.000751345 -1.453542829 0.027234858 0.999594867 0.008269612 -5.180482864 0.000525863 -0.008287006 0.999965549 241.691940308
0.999657571 -0.026142513 -0.001110616 -1.468970299 0.026150351 0.999627948 0.007757109 -5.190913677 0.000907413 -0.007783495 0.999969363 243.125915527
0.999667346 -0.025776839 -0.000861850 -1.489797473 0.025783254 0.999631226 0.008520539 -5.210053444 0.000641900 -0.008539926 0.999963343 244.374954224
0.999714792 -0.023872098 -0.000738879 -1.505612612 0.023877393 0.999680758 0.008262585 -5.223871231 0.000541398 -0.008277872 0.999965668 245.768157959
0.999717236 -0.023777777 0.000334163 -1.549003601 0.023774676 0.999690175 0.007362073 -5.215885162 -0.000509113 -0.007352048 0.999972820 247.194931030
0.999583483 -0.028857095 -0.000139838 -1.583951592 0.028856749 0.999514639 0.011732141 -5.400750160 -0.000198786 -0.011731290 0.999931157 248.273635864
0.999539971 -0.030294519 -0.001395326 -1.580313921 0.030309003 0.999469697 0.011904130 -5.405878544 0.001033956 -0.011940945 0.999928176 249.720733643
0.999459565 -0.032845195 -0.001308890 -1.605411291 0.032859650 0.999372482 0.013219539 -5.421833515 0.000873871 -0.013255403 0.999911785 251.153137207
0.999357283 -0.035846241 -0.000590439 -1.640312433 0.035850823 0.999279618 0.012445933 -5.421769142 0.000143873 -0.012459101 0.999922335 252.411087036
0.999335229 -0.036426507 -0.001531466 -1.637385845 0.036440410 0.999282479 0.010321802 -5.422079086 0.001154380 -0.010370748 0.999945521 253.847442627
0.999316514 -0.036961474 -0.000648800 -1.658694386 0.036966648 0.999241650 0.012227288 -5.442281723 0.000196369 -0.012242913 0.999925017 255.259582520
0.999191999 -0.040188957 0.000484397 -1.693264961 0.040177565 0.999085248 0.014643154 -5.446021080 -0.001072447 -0.014611861 0.999892652 256.492279053
0.999125719 -0.041775856 0.001576744 -1.734441042 0.041749652 0.999029279 0.014047946 -5.455563068 -0.002162079 -0.013969837 0.999900043 257.950897217
0.999164402 -0.040838517 0.001623656 -1.729270697 0.040814519 0.999085069 0.012771166 -5.462558270 -0.002143726 -0.012694225 0.999917150 259.322570801
0.999102890 -0.042331461 0.001195038 -1.727200270 0.042312123 0.999017894 0.013150885 -5.466172695 -0.001750560 -0.013088523 0.999912798 260.720916748
0.999091625 -0.042482015 0.003353744 -1.813233137 0.042429809 0.998996377 0.014348088 -5.520608902 -0.003959914 -0.014192753 0.999891460 261.769866943
0.999151528 -0.040880218 0.005017826 -1.817898273 0.040802661 0.999059200 0.014691899 -5.546173096 -0.005613714 -0.014474691 0.999879479 263.125030518
0.999233127 -0.038821455 0.005106052 -1.814143777 0.038749933 0.999158740 0.013431191 -5.534601212 -0.005623175 -0.013223034 0.999896705 264.519531250
0.999374807 -0.034736339 0.006584110 -1.802474141 0.034653760 0.999324203 0.012266092 -5.532093048 -0.007005738 -0.012030263 0.999903083 265.910644531
0.999295115 -0.037037138 0.006113035 -1.802902102 0.036965765 0.999251366 0.011402856 -5.495455265 -0.006530788 -0.011168844 0.999916315 267.431976318
0.999196589 -0.039674412 0.005661886 -1.756416678 0.039613187 0.999159455 0.010545330 -5.477413177 -0.006075507 -0.010312572 0.999928355 268.817779541
0.999156058 -0.040156357 0.008640415 -1.878959179 0.040046573 0.999119222 0.012524915 -5.556838036 -0.009135759 -0.012168325 0.999884188 270.019897461
0.999152303 -0.039964970 0.009877404 -1.895500660 0.039834570 0.999120831 0.013064476 -5.572289467 -0.010390841 -0.012659940 0.999865830 271.443145752
0.999095023 -0.041106451 0.010925001 -1.874925137 0.040954702 0.999066174 0.013768360 -5.570638180 -0.011480765 -0.013308470 0.999845564 272.687194824
0.999165416 -0.039705914 0.009584770 -1.840124607 0.039625436 0.999178886 0.008445214 -5.400449753 -0.009912225 -0.008058366 0.999918342 274.046295166
0.999110997 -0.041123070 0.009272823 -1.834182501 0.041063756 0.999135435 0.006498018 -5.430096626 -0.009532024 -0.006111465 0.999935865 275.434112549
0.999108732 -0.041572720 0.007308522 -1.809074879 0.041532516 0.999121606 0.005569558 -5.433484554 -0.007533644 -0.005261053 0.999957800 276.849090576
0.999176919 -0.039860237 0.007525512 -1.771470547 0.039831087 0.999198437 0.003985144 -5.294520855 -0.007678329 -0.003682116 0.999963760 278.126525879
0.999253988 -0.037841573 0.007699670 -1.806501865 0.037825301 0.999281764 0.002248692 -5.306738853 -0.007779235 -0.001955773 0.999967813 279.538391113
0.999167740 -0.040079203 0.007584441 -1.860606670 0.040052656 0.999190986 0.003620178 -5.374089718 -0.007723399 -0.003313388 0.999964714 280.729644775
0.999130189 -0.041211039 0.006364669 -1.863555193 0.041181467 0.999140561 0.004709342 -5.397113323 -0.006553276 -0.004443139 0.999968708 282.151702881
0.999136209 -0.041159820 0.005714546 -1.841317058 0.041136697 0.999145091 0.004106608 -5.412185669 -0.005878688 -0.003867983 0.999975264 283.433624268
0.999122143 -0.041583717 0.005068894 -1.856377721 0.041552328 0.999117374 0.006148273 -5.437810421 -0.005320088 -0.005932251 0.999968290 284.760742188
0.999245286 -0.038644347 0.003934976 -1.847216010 0.038622580 0.999238908 0.005467596 -5.367860317 -0.004143273 -0.005311490 0.999977291 286.306152344
0.999309599 -0.036860112 0.004651590 -1.848636746 0.036832605 0.999304235 0.005867251 -5.393339634 -0.004864621 -0.005691870 0.999971926 287.666351318
0.999277830 -0.037627731 0.005283791 -1.854212284 0.037598103 0.999277234 0.005600265 -5.408960342 -0.005490698 -0.005397561 0.999970376 289.128082275
0.999206424 -0.039400954 0.005854152 -1.856341481 0.039370082 0.999210656 0.005298420 -5.414836884 -0.006058294 -0.005063737 0.999968886 290.489715576
0.999166489 -0.040511604 0.005018121 -1.806268573 0.040491194 0.999171376 0.004104756 -5.428123474 -0.005180254 -0.003898145 0.999979019 291.861572266
0.999046445 -0.043121014 0.006829238 -1.947160959 0.043089978 0.999060392 0.004628506 -5.615950584 -0.007022407 -0.004329820 0.999965966 293.660125732
0.999050736 -0.043090131 0.006388084 -1.939211488 0.043065865 0.999064624 0.003888810 -5.638805389 -0.006549679 -0.003610009 0.999972045 295.030517578
0.999064505 -0.042966843 0.004885288 -1.968020320 0.042953394 0.999073088 0.002824390 -5.662491798 -0.005002115 -0.002611907 0.999984086 296.476989746
0.999123514 -0.041761935 0.002853591 -1.977437019 0.041752376 0.999122441 0.003330779 -5.676255226 -0.002990187 -0.003208715 0.999990404 297.900848389
0.999171078 -0.040635239 0.002427977 -2.001102209 0.040618986 0.999154150 0.006405500 -5.698826790 -0.002686212 -0.006301567 0.999976516 299.331573486
0.999097645 -0.042389680 0.002625434 -2.006990194 0.042363133 0.999057531 0.009452942 -5.716133118 -0.003023667 -0.009333191 0.999951780 300.776519775
0.999045908 -0.043605428 0.002422045 -2.007927418 0.043579493 0.999001026 0.009889265 -5.729970932 -0.002850851 -0.009774277 0.999948144 302.222076416
0.999038100 -0.043681599 0.003832301 -2.113007069 0.043644272 0.999003530 0.009335343 -5.782763481 -0.004236265 -0.009159106 0.999949038 303.810455322
0.998910010 -0.046507478 0.003998578 -2.117806435 0.046466004 0.998870790 0.009903442 -5.797495842 -0.004454647 -0.009706850 0.999942899 305.228912354
0.998997748 -0.044628866 0.003421726 -2.039652348 0.044595886 0.998962998 0.009174882 -5.776974201 -0.003827642 -0.009013092 0.999952018 306.539520264
0.999024510 -0.043954484 0.004233760 -2.061763763 0.043915976 0.998996496 0.008795191 -5.794649601 -0.004616100 -0.008600682 0.999952376 308.011291504
0.999057472 -0.043075159 0.005339148 -2.098008394 0.043030422 0.999039888 0.008229287 -5.812409878 -0.005688499 -0.007991783 0.999951899 309.394714355
0.999100089 -0.041710168 0.007717912 -2.241736174 0.041632205 0.999082923 0.010002216 -5.970604420 -0.008128029 -0.009671900 0.999920189 310.972778320
0.999061882 -0.042451851 0.008559405 -2.260687351 0.042348456 0.999031842 0.011919698 -5.980750084 -0.009057131 -0.011546038 0.999892354 312.427703857
0.998984635 -0.044293992 0.008230825 -2.241778374 0.044184290 0.998937905 0.013064169 -5.997593880 -0.008800748 -0.012687230 0.999880791 313.809661865
0.998956084 -0.044928581 0.008255773 -2.252104044 0.044840589 0.998938382 0.010551400 -5.982586861 -0.008721069 -0.010170190 0.999910295 315.248657227
0.999046087 -0.042849779 0.008406589 -2.243032217 0.042755377 0.999023914 0.011104846 -6.022599697 -0.008874223 -0.010734826 0.999903023 316.643798828
0.999069750 -0.042355087 0.008103697 -2.276810408 0.042271148 0.999053478 0.010263544 -6.076281071 -0.008530740 -0.009911443 0.999914467 318.158111572
0.999147058 -0.040586371 0.007608443 -2.291322470 0.040529631 0.999150395 0.007469444 -6.093989372 -0.007905137 -0.007154705 0.999943078 319.585876465
0.999195039 -0.039549470 0.006711018 -2.290028811 0.039496861 0.999189377 0.007797556 -6.107059479 -0.007013967 -0.007526217 0.999947011 320.965881348
0.999253452 -0.038188517 0.005839421 -2.305226326 0.038122617 0.999212444 0.011008256 -6.126628399 -0.006255211 -0.010777425 0.999922335 322.400360107
0.999257445 -0.038262457 0.004533938 -2.327436209 0.038194202 0.999168098 0.014291283 -6.144502163 -0.005076988 -0.014107501 0.999887526 323.851898193
0.999308884 -0.037057396 0.002909307 -2.305907726 0.037014846 0.999223232 0.013523672 -6.186919212 -0.003408199 -0.013406638 0.999904335 325.241333008
0.999286413 -0.037738394 0.001546721 -2.336588860 0.037718151 0.999222159 0.011507737 -6.185591698 -0.001979802 -0.011441184 0.999932647 326.650024414
0.999245346 -0.038839694 -0.000403017 -2.339384794 0.038841669 0.999163210 0.012817183 -6.195194244 -0.000095136 -0.012823166 0.999917746 328.067565918
0.999135971 -0.041532125 -0.001565241 -2.354828835 0.041550666 0.999028563 0.014680824 -6.253178596 0.000953995 -0.014733175 0.999890924 329.367553711
0.999134123 -0.041572120 -0.001674637 -2.381662607 0.041591357 0.999038756 0.013846719 -6.263118267 0.001097389 -0.013904380 0.999902666 330.795227051
0.999108493 -0.042173926 -0.001863600 -2.399176121 0.042194847 0.999022722 0.013160551 -6.275403500 0.001306747 -0.013227453 0.999911666 332.133911133
0.999104261 -0.042250801 -0.002370384 -2.412109375 0.042278208 0.999020875 0.013035816 -6.282809734 0.001817289 -0.013124355 0.999912262 333.555664062
0.999068856 -0.043075617 -0.002396408 -2.429660320 0.043103501 0.998984098 0.013155030 -6.309382915 0.001827312 -0.013246075 0.999910653 334.959777832
0.999057591 -0.043327175 -0.002573970 -2.434406757 0.043355931 0.998982310 0.012427605 -6.316049099 0.002032898 -0.012527489 0.999919474 336.323394775
0.999077797 -0.042937033 -0.000279387 -2.536778212 0.042937413 0.999011934 0.011460399 -6.321770191 -0.000212965 -0.011461825 0.999934316 337.708892822
0.999077141 -0.042736515 -0.004285981 -2.405325651 0.042778023 0.999033451 0.010111783 -6.273053169 0.003849697 -0.010285798 0.999939680 339.203186035
0.999074519 -0.042841371 -0.003837148 -2.433196068 0.042875987 0.999035776 0.009443886 -6.285251617 0.003428860 -0.009599667 0.999948084 340.594909668
0.998974979 -0.045099523 -0.003865792 -2.459808111 0.045130223 0.998947024 0.008261556 -6.304160118 0.003489129 -0.008427553 0.999958396 342.014190674
0.998977482 -0.045019392 -0.004148387 -2.462250233 0.045057196 0.998939037 0.009523817 -6.309648514 0.003715229 -0.009700995 0.999945998 343.319335938
0.998894691 -0.046799324 -0.004380941 -2.480721951 0.046841480 0.998851597 0.010073179 -6.319506645 0.003904492 -0.010267256 0.999939680 344.722412109
0.998880148 -0.047124602 -0.004214251 -2.494375229 0.047163703 0.998839974 0.009719545 -6.346287727 0.003751333 -0.009907422 0.999943852 346.031616211
0.998929083 -0.046128429 -0.003600116 -2.525854588 0.046160046 0.998891175 0.009257312 -6.360023499 0.003169099 -0.009413580 0.999950647 347.438873291
0.998986661 -0.044867095 -0.003532454 -2.543008327 0.044900663 0.998940587 0.010079872 -6.372788429 0.003076457 -0.010228267 0.999942899 348.765808105
0.999049306 -0.043453775 -0.003495739 -2.558780670 0.043489955 0.998992860 0.011041719 -6.388705254 0.003012414 -0.011183253 0.999932945 350.148254395
0.999027133 -0.043999784 -0.002968028 -2.582010984 0.044030026 0.998969257 0.011037669 -6.405394554 0.002479314 -0.011157616 0.999934614 351.497589111
0.998992205 -0.044811092 -0.002571229 -2.612506151 0.044836305 0.998936355 0.010763617 -6.423758507 0.002086165 -0.010868053 0.999938726 352.887542725
0.999029458 -0.043977614 -0.002448270 -2.619315863 0.043999810 0.998982430 0.009897624 -6.428098679 0.002010505 -0.009995743 0.999948025 354.250946045
0.999036133 -0.043815538 -0.002643832 -2.637689114 0.043839280 0.998991370 0.009710444 -6.442530632 0.002215697 -0.009816989 0.999949336 355.696929932
0.999142885 -0.041346736 -0.001950408 -2.660741806 0.041363768 0.999097228 0.009697155 -6.455342770 0.001547701 -0.009769521 0.999951005 357.026336670
0.999165595 -0.040802624 -0.001802474 -2.683982611 0.040819574 0.999109745 0.010665433 -6.466805458 0.001365692 -0.010730110 0.999941409 358.439025879
0.999220669 -0.039447132 -0.001343343 -2.706068516 0.039458152 0.999175966 0.009504503 -6.476503372 0.000967310 -0.009550102 0.999953866 359.811828613
0.999309659 -0.037144560 -0.000633883 -2.729940653 0.037148621 0.999273241 0.008538181 -6.489614487 0.000316276 -0.008555834 0.999963343 361.198059082
