0.999998569 0.000767067 0.001484130 -0.004180861 -0.000760233 0.999989152 -0.004599731 -0.002338311 -0.001487643 0.004598595 0.999988258 0.963704526
0.999996662 -0.001325964 0.002208166 -0.003554589 0.001338036 0.999984145 -0.005474658 -0.000633976 -0.002200872 0.005477596 0.999982536 1.919508457
0.999992788 -0.002812253 0.002553694 -0.006587775 0.002815804 0.999994993 -0.001387816 -0.002743799 -0.002549778 0.001394997 0.999995768 2.879058123
0.999984920 -0.005181283 0.001826630 -0.004409373 0.005172610 0.999975443 0.004722150 -0.004914742 -0.001851052 -0.004712631 0.999987185 3.834763527
0.999961972 -0.008717874 0.000520961 -0.004596995 0.008715256 0.999950349 0.004830375 -0.004379986 -0.000563046 -0.004825650 0.999988198 4.778353691
0.999970555 -0.005392571 -0.005461082 -0.062766209 0.005339420 0.999938786 -0.009701054 -0.127505094 0.005513061 0.009671610 0.999938011 5.730679512
0.999970496 -0.003480036 -0.006840574 -0.064426005 0.003373181 0.999873102 -0.015570530 -0.130064711 0.006893891 0.015546996 0.999855399 6.662988186
0.999965370 -0.003229137 -0.007664653 -0.073998526 0.003106138 0.999867082 -0.016005501 -0.144119009 0.007715318 0.015981143 0.999842465 7.596466064
0.999976397 -0.000216137 -0.006854557 -0.085704304 0.000128820 0.999918878 -0.012736324 -0.154537812 0.006856754 0.012735142 0.999895394 8.521088600
0.999974370 0.001456786 -0.007009244 -0.091802850 -0.001519814 0.999958396 -0.008995267 -0.164947778 0.006995848 0.009005689 0.999934971 9.448500633
0.999971032 0.001414776 -0.007482219 -0.107193552 -0.001472620 0.999969065 -0.007730932 -0.169113696 0.007471049 0.007741727 0.999942124 10.307601929
0.999962211 -0.000011600 -0.008688894 -0.106889665 -0.000045923 0.999978065 -0.006620273 -0.179091305 0.008688780 0.006620422 0.999940336 11.291669846
0.999952972 0.002249022 -0.009434477 -0.106971443 -0.002302591 0.999981403 -0.005671293 -0.192284226 0.009421547 0.005692752 0.999939322 12.204013824
0.999952376 0.001828766 -0.009591326 -0.129656821 -0.001897526 0.999972582 -0.007164756 -0.195388883 0.009577960 0.007182615 0.999928236 13.097099304
0.998937070 0.045372564 -0.008123196 -0.142436549 -0.045416191 0.998954237 -0.005269411 -0.195105284 0.007875613 0.005632735 0.999953151 14.029275894
0.998978555 0.044111937 -0.009798836 -0.152352497 -0.044176251 0.999002934 -0.006446800 -0.197813332 0.009504683 0.006873091 0.999931276 14.924407959
0.998931646 0.044698797 -0.011730659 -0.158776253 -0.044782151 0.998972654 -0.006941734 -0.204255939 0.011408319 0.007459642 0.999907017 15.827134132
0.998832703 0.046237946 -0.013971699 -0.169002861 -0.046351552 0.998893797 -0.007919903 -0.208754033 0.013590042 0.008558268 0.999870956 16.713621140
0.999673128 0.019829379 -0.016145168 -0.199123606 -0.019985350 0.999754608 -0.009557057 -0.224443480 0.015951701 0.009876600 0.999823928 17.616334915
0.999642074 0.019269329 -0.018561335 -0.202149421 -0.019435037 0.999772489 -0.008788751 -0.229703367 0.018387761 0.009146347 0.999789059 18.518175125
0.998715997 0.047272317 -0.018219486 -0.228260010 -0.047373857 0.998863757 -0.005181759 -0.230196923 0.017953834 0.006038231 0.999820590 19.404943466
0.998675764 0.047664572 -0.019363185 -0.252957016 -0.047767024 0.998846650 -0.004863237 -0.232674137 0.019109048 0.005781718 0.999800742 20.292236328
0.998698771 0.046638787 -0.020629309 -0.273095012 -0.046744503 0.998895884 -0.004671879 -0.237747520 0.020388639 0.005630106 0.999776304 21.154218674
0.998636127 0.046952698 -0.022833005 -0.288040906 -0.047092631 0.998874605 -0.005629682 -0.234736651 0.022542981 0.006697270 0.999723434 22.028516769
0.998634994 0.046697147 -0.023398519 -0.321398616 -0.046820778 0.998891890 -0.004763590 -0.244141325 0.023150146 0.005852624 0.999714851 22.887241364
0.998585343 0.046791226 -0.025259353 -0.338754684 -0.046881456 0.998896003 -0.002991351 -0.244463190 0.025091494 0.004171314 0.999676466 23.746746063
0.998084605 0.057204772 -0.023553981 -0.383059174 -0.057193078 0.998362541 0.001170142 -0.241387233 0.023582347 0.000179224 0.999721885 24.589233398
0.998055279 0.057255842 -0.024645388 -0.403889298 -0.057200797 0.998358369 0.002933345 -0.244665712 0.024772886 -0.001517905 0.999692023 25.435167313
0.997998953 0.058132704 -0.024873206 -0.431494951 -0.058110617 0.998308837 0.001610565 -0.243550539 0.024924770 -0.000161944 0.999689281 26.245307922
0.997890234 0.059327628 -0.026368013 -0.451835692 -0.059377491 0.998234987 -0.001111437 -0.238922387 0.026255529 0.002674759 0.999651730 27.057535172
0.997859180 0.059679065 -0.026747398 -0.483242720 -0.059729248 0.998213947 -0.001080323 -0.249533579 0.026635155 0.002675614 0.999641657 27.848043442
0.997744083 0.061280072 -0.027409505 -0.516673803 -0.061340615 0.998115897 -0.001372679 -0.246160269 0.027273741 0.003050897 0.999623299 28.650642395
0.997724712 0.060974203 -0.028764827 -0.541901946 -0.061052699 0.998132825 -0.001857789 -0.250230163 0.028597847 0.003609730 0.999584496 29.416849136
0.997668445 0.060880840 -0.030838914 -0.572887301 -0.060990803 0.998134792 -0.002636679 -0.253367305 0.030620871 0.004511422 0.999520898 30.210876465
0.997599959 0.060840160 -0.033053622 -0.593558311 -0.060950618 0.998138011 -0.002343874 -0.259284705 0.032849479 0.004352888 0.999450803 30.962509155
0.997559607 0.060671289 -0.034551147 -0.631665111 -0.060741313 0.998153031 -0.000979719 -0.260612547 0.034427892 0.003076009 0.999402463 31.713916779
0.997860253 0.054035150 -0.036811285 -0.649275303 -0.053908456 0.998536170 0.004426121 -0.269175768 0.036996558 -0.002432211 0.999312401 32.466007233
0.997752249 0.054980293 -0.038307361 -0.690567017 -0.054783318 0.998479187 0.006173615 -0.270292044 0.038588539 -0.004061134 0.999246895 33.198551178
0.997600496 0.056294292 -0.040301867 -0.722143114 -0.056079194 0.998405516 0.006448842 -0.265933901 0.040600635 -0.004173271 0.999166727 33.930309296
0.997376323 0.058471557 -0.042678468 -0.757249296 -0.058272351 0.998283327 0.005897805 -0.265365958 0.042950045 -0.003395356 0.999071419 34.637428284
0.997209907 0.060063597 -0.044327248 -0.794573009 -0.059900749 0.998191833 0.004994044 -0.254954636 0.044547047 -0.002324875 0.999004483 35.365634918
0.997463763 0.054556750 -0.045711555 -0.828376949 -0.054274961 0.998498738 0.007383985 -0.264410019 0.046045765 -0.004884265 0.998927414 36.056404114
0.997348189 0.056213256 -0.046224214 -0.872214854 -0.055818141 0.998392880 0.009795612 -0.270091534 0.046700563 -0.007189485 0.998883069 36.722332001
0.997172892 0.058917467 -0.046634868 -0.903862834 -0.058513522 0.998236716 0.009981202 -0.258442074 0.047140703 -0.007224215 0.998862088 37.426868439
0.997040033 0.062157933 -0.045249104 -0.946202159 -0.061854858 0.998052537 0.008068761 -0.258106291 0.045662526 -0.005246001 0.998943150 38.086441040
0.996969521 0.064178482 -0.043967102 -0.979015827 -0.064022519 0.997936189 0.004947889 -0.258911669 0.044193909 -0.002118009 0.999020755 38.743572235
0.997014880 0.064605944 -0.042279117 -1.006909847 -0.064560845 0.997910798 0.002432862 -0.243986368 0.042347968 0.000303976 0.999102890 39.379508972
0.997076154 0.065432720 -0.039467886 -1.023587584 -0.065366246 0.997856796 0.002974014 -0.238407969 0.039577909 -0.000385450 0.999216437 40.040653229
0.997478306 0.061911583 -0.034696646 -1.073503733 -0.061709698 0.998070478 0.006860398 -0.245752394 0.035054427 -0.004701979 0.999374330 40.665527344
0.997328758 0.066283263 -0.030690284 -1.105484247 -0.065997221 0.997767270 0.010242730 -0.241976380 0.031300679 -0.008189897 0.999476492 41.287185669
0.996453524 0.079725221 -0.026917063 -1.121872187 -0.079488277 0.996787965 0.009762845 -0.236255258 0.027608953 -0.007588629 0.999589980 41.881793976
0.996287823 0.083374351 -0.021430263 -1.137920499 -0.083185464 0.996488154 0.009561204 -0.229390234 0.022152165 -0.007743025 0.999724627 42.468544006
0.996773064 0.078849882 -0.015038794 -1.157420993 -0.078663222 0.996821284 0.012624799 -0.229233682 0.015986457 -0.011401060 0.999807179 43.034896851
0.996412277 0.084213853 -0.008400751 -1.166425705 -0.084093928 0.996363163 0.013733223 -0.230885267 0.009526727 -0.012977500 0.999870360 43.583129883
0.996232748 0.086709723 -0.001266141 -1.176110625 -0.086685985 0.996150374 0.013033521 -0.228195608 0.002391400 -0.012874664 0.999914229 44.107688904
0.995895565 0.090300985 0.006151237 -1.179895163 -0.090372890 0.995827794 0.012635075 -0.221859992 -0.004984614 -0.013139118 0.999901235 44.620082855
0.995425582 0.094585858 0.013464093 -1.174496770 -0.094748043 0.995429397 0.011963840 -0.221659243 -0.012270942 -0.013184810 0.999837756 45.101142883
0.994906723 0.098544180 0.021200450 -1.172490001 -0.098746531 0.995074451 0.008717494 -0.216092676 -0.020236967 -0.010766568 0.999737203 45.562259674
0.994458258 0.101043507 0.029034369 -1.164364815 -0.101242781 0.994846702 0.005473006 -0.218719900 -0.028331736 -0.008382197 0.999563396 45.992076874
0.994140089 0.101486176 0.037227608 -1.155583501 -0.101724312 0.994802177 0.004554548 -0.211548105 -0.036571883 -0.008314813 0.999296427 46.408752441
0.993898749 0.100749478 0.044886399 -1.127276897 -0.101104036 0.994859576 0.005694673 -0.213992774 -0.044081938 -0.010198126 0.998975813 46.811798096
0.993310988 0.102507479 0.053155661 -1.107911825 -0.102963567 0.994667590 0.005906579 -0.211159468 -0.052266747 -0.011340167 0.998568773 47.180934906
0.992477119 0.105608851 0.061933845 -1.086011171 -0.106157362 0.994333506 0.005624594 -0.209931463 -0.060988888 -0.012157016 0.998064518 47.552783966
0.991395593 0.110369951 0.070378184 -1.065410137 -0.110974252 0.993811965 0.004723222 -0.213476002 -0.069421396 -0.012492747 0.997509181 47.859024048
0.990312397 0.113925248 0.079387240 -1.036622286 -0.114616953 0.993400812 0.004196539 -0.212796122 -0.078385264 -0.013255007 0.996834993 48.177845001
0.990788400 0.101701699 0.089415610 -1.021632195 -0.102727354 0.994685411 0.006932515 -0.222382039 -0.088235341 -0.016054085 0.995970249 48.428970337
0.989907742 0.100518160 0.099893630 -0.980534554 -0.101491287 0.994825423 0.004694994 -0.226444781 -0.098904788 -0.014785944 0.994987011 48.702327728
0.988762140 0.099289119 0.111763626 -0.951702118 -0.099904977 0.994997084 -0.000090645 -0.227484360 -0.111213468 -0.011076112 0.993734837 48.959556580
0.987140536 0.100172289 0.124575526 -0.904219627 -0.100353636 0.994940162 -0.004834675 -0.226343349 -0.124429472 -0.007729101 0.992198408 49.224285126
0.984890759 0.101928249 0.140002817 -0.866876602 -0.101896212 0.994767487 -0.007416072 -0.232638597 -0.140026152 -0.006961735 0.990123332 49.462600708
0.982266903 0.103835255 0.156109273 -0.815839291 -0.103645481 0.994570017 -0.009377560 -0.234826893 -0.156235367 -0.006968753 0.987695336 49.705551147
0.979359150 0.104515821 0.173009008 -0.767274857 -0.104120277 0.994499505 -0.011385402 -0.240462184 -0.173247352 -0.006863353 0.984854400 49.965805054
0.976081550 0.103501871 0.191186324 -0.704501152 -0.102807581 0.994608641 -0.013574474 -0.235775650 -0.191560566 -0.006405616 0.981459796 50.223526001
0.972188413 0.102537781 0.210560024 -0.638448715 -0.101764545 0.994702339 -0.014533806 -0.242440701 -0.210934818 -0.007297949 0.977472901 50.461490631
0.967644036 0.102428958 0.230593413 -0.571675301 -0.101401627 0.994711459 -0.016334303 -0.255396962 -0.231047004 -0.007576758 0.972913086 50.681221008
0.962216556 0.104834609 0.251294672 -0.498806000 -0.103235692 0.994464278 -0.019575367 -0.252308130 -0.251955748 -0.007106840 0.967712641 50.915046692
0.955944061 0.105758056 0.273835957 -0.411888123 -0.103512406 0.994369626 -0.022679733 -0.255060375 -0.274692684 -0.006664861 0.961508989 51.150856018
0.948541760 0.107070133 0.298000634 -0.315781593 -0.104421698 0.994222820 -0.024842937 -0.262169540 -0.298938930 -0.007553170 0.954242289 51.388183594
0.940645993 0.101740398 0.323780835 -0.223960876 -0.099359736 0.994763970 -0.023921540 -0.281147301 -0.324519366 -0.009669091 0.945829630 51.622055054
0.930564702 0.103823259 0.351098299 -0.119649887 -0.101218767 0.994529128 -0.025817940 -0.291631520 -0.351858079 -0.011512481 0.935982645 51.856616974
0.919345260 0.104378328 0.379353970 0.002046585 -0.101328894 0.994457304 -0.028056972 -0.305381179 -0.380179912 -0.012645483 0.924826145 52.091629028
0.906678677 0.102728851 0.409121722 0.133926392 -0.098516367 0.994639158 -0.031422082 -0.311661720 -0.410156459 -0.011815450 0.911938667 52.327270508
0.891893864 0.099882618 0.441076905 0.281148911 -0.094064862 0.994947135 -0.035100553 -0.324360251 -0.442354083 -0.010183876 0.896782696 52.542114258
0.875372589 0.090021648 0.474993676 0.430593491 -0.082629330 0.995912850 -0.036468461 -0.336601853 -0.476335227 -0.007324926 0.879233241 52.750610352
0.855810583 0.092343271 0.508980334 0.600809097 -0.082093574 0.995712996 -0.042616293 -0.345402718 -0.510733783 -0.005312544 0.859722614 52.979228973
0.834051073 0.093976289 0.543624282 0.788238525 -0.080989189 0.995565951 -0.047846407 -0.359133005 -0.545710266 -0.004121335 0.837963879 53.203426361
0.808975101 0.088137463 0.581197977 0.962511063 -0.074258253 0.996097803 -0.047695398 -0.370710135 -0.583133817 -0.004574370 0.812363267 53.395809174
0.781266689 0.092300899 0.617335320 1.176034927 -0.077097885 0.995702803 -0.051301554 -0.384415388 -0.619417727 -0.007515049 0.785025537 53.634563446
0.751276791 0.096489787 0.652895570 1.413858414 -0.080096155 0.995272815 -0.054923415 -0.401259899 -0.655108929 -0.011031760 0.755453944 53.867248535
0.718214512 0.095881194 0.689184010 1.660856247 -0.078041464 0.995311201 -0.057141636 -0.416219234 -0.691431463 -0.012744986 0.722329557 54.091140747
0.681488633 0.092955761 0.725901127 1.947929382 -0.073930711 0.995570600 -0.058081027 -0.446074486 -0.728084922 -0.014084834 0.685342252 54.320678711
0.642215788 0.092316180 0.760944664 2.245794296 -0.071111366 0.995615482 -0.060769957 -0.465682745 -0.763218224 -0.015084400 0.645964622 54.537750244
0.599417329 0.092375860 0.795088410 2.587160110 -0.069285214 0.995577991 -0.063435212 -0.485047817 -0.797432482 -0.017063715 0.603166997 54.765918732
0.549381912 0.090110496 0.830698252 2.943021774 -0.065765321 0.995746970 -0.064520404 -0.500490308 -0.832979143 -0.019184798 0.552971542 54.960220337
0.500594497 0.089080364 0.861086428 3.325382233 -0.062390331 0.995817363 -0.066747673 -0.527638555 -0.863430798 -0.020309949 0.504058301 55.162544250
0.451434493 0.086613156 0.888090670 3.751356125 -0.059933223 0.995973468 -0.066669412 -0.563832045 -0.890289187 -0.023129258 0.454807758 55.349571228
0.401109666 0.083463453 0.912219763 4.199661255 -0.054642595 0.996247113 -0.067124799 -0.593803644 -0.914398849 -0.022921642 0.404165089 55.494018555
0.350367695 0.083765939 0.932858944 4.678438187 -0.057266310 0.996045053 -0.067931384 -0.610269666 -0.934859931 -0.029620420 0.353779018 55.663326263
0.300946653 0.084014677 0.949932992 5.159324646 -0.054698523 0.995992482 -0.070759378 -0.639417052 -0.952071071 -0.030665137 0.304336071 55.790885925
0.254764795 0.079878487 0.963698268 5.649245262 -0.041067950 0.996577024 -0.071746930 -0.682554364 -0.966130555 -0.021298518 0.257173270 55.865962982
0.210724816 0.074069418 0.974735200 6.173457146 -0.027113877 0.997184575 -0.069913656 -0.713556528 -0.977169275 -0.011696314 0.212139830 55.934677124
0.168688953 0.073205605 0.982947171 6.719253540 -0.017805757 0.997301698 -0.071218938 -0.749935687 -0.985508382 -0.005488266 0.169537336 55.990795135
0.128012836 0.074437447 0.988975108 7.257702827 -0.025284758 0.997100234 -0.071776144 -0.751630783 -0.991450071 -0.015817730 0.129523784 56.055377960
0.095624983 0.075138174 0.992577553 7.828979969 -0.016148483 0.997132897 -0.073927283 -0.796563387 -0.995286405 -0.008959329 0.096564189 56.077861786
0.066129245 0.073704496 0.995085120 8.413023949 -0.012524503 0.997250855 -0.073032580 -0.828252792 -0.997732460 -0.007633358 0.066870555 56.092903137
0.041595537 0.071834639 0.996548772 9.014188766 -0.005530559 0.997413337 -0.071666107 -0.872943342 -0.999119163 -0.002530481 0.041885227 56.092384338
0.022653062 0.071610145 0.997175336 9.642220497 0.011920979 0.997341037 -0.071892858 -0.925290942 -0.999672234 0.013515903 0.021739166 56.108169556
0.005997278 0.073348895 0.997288346 10.273218155 0.014681217 0.997192264 -0.073430121 -0.963044167 -0.999874234 0.015081787 0.004903587 56.121910095
-0.008134526 0.072989866 0.997299492 10.908216476 0.004591717 0.997324824 -0.072954267 -0.978781581 -0.999956369 0.003985870 -0.008447913 56.084140778
-0.019549062 0.073846467 0.997078001 11.556849480 0.006458024 0.997257113 -0.073733099 -1.017605901 -0.999787986 0.004997742 -0.019972343 56.066677094
-0.028780986 0.076604359 0.996646106 12.234213829 0.008914511 0.997039139 -0.076377138 -1.065787554 -0.999545991 0.006686403 -0.029378660 56.030776978
-0.035586100 0.078422524 0.996284842 12.920495987 0.012906956 0.996869147 -0.078007504 -1.112864971 -0.999283254 0.010083024 -0.036486886 56.005126953
-0.039899644 0.078085788 0.996147811 13.621180534 0.013752844 0.996890247 -0.077593118 -1.151494026 -0.999109030 0.010603929 -0.040849455 55.968154907
-0.043410935 0.075529978 0.996198058 14.336669922 0.011374728 0.997110844 -0.075103514 -1.191226482 -0.998992503 0.008071171 -0.044144645 55.938270569
-0.045900993 0.068576485 0.996589363 15.070821762 0.011039149 0.997614801 -0.068138614 -1.242817640 -0.998884976 0.007873869 -0.046548538 55.913352966
-0.047139313 0.062937699 0.996903539 15.809009552 0.010829490 0.997986555 -0.062493995 -1.285468936 -0.998829722 0.007850036 -0.047725972 55.871520996
-0.047331516 0.060177192 0.997064888 16.552608490 0.013137230 0.998134792 -0.059618130 -1.334958315 -0.998792887 0.010276855 -0.048033793 55.827716827
-0.047836978 0.062770963 0.996880829 17.268207550 0.014775630 0.997958720 -0.062129822 -1.360779405 -0.998745859 0.011757433 -0.048666801 55.793865204
-0.046929970 0.070192650 0.996428788 18.028926849 0.015734486 0.997456253 -0.069523960 -1.401978254 -0.998774290 0.012415539 -0.047915027 55.763225555
-0.044294488 0.078040041 0.995965719 18.845027924 0.018326614 0.996839881 -0.077293471 -1.464050770 -0.998850405 0.014829000 -0.045584727 55.726593018
-0.041684903 0.079086632 0.995995760 19.633041382 0.019059123 0.996743798 -0.078348361 -1.503918052 -0.998948991 0.015716860 -0.043056499 55.688941956
-0.040032361 0.074685752 0.996403217 20.441440582 0.018307386 0.997089982 -0.074001700 -1.558075786 -0.999030650 0.015279075 -0.041283164 55.664466858
-0.037576810 0.068089955 0.996971309 21.247314453 0.017677525 0.997564971 -0.067464232 -1.615691662 -0.999137402 0.015088893 -0.038688973 55.642864227
-0.034974210 0.066674970 0.997161627 22.006650925 0.014821291 0.997696877 -0.066190921 -1.650303125 -0.999278307 0.012464247 -0.035881869 55.610622406
-0.031504311 0.072455995 0.996873915 22.815769196 0.022210933 0.997173488 -0.071775809 -1.701421261 -0.999256849 0.019880250 -0.033024576 55.584896088
-0.028174169 0.077637509 0.996583521 23.603389740 0.024140824 0.996741235 -0.076967329 -1.758501291 -0.999311447 0.021889860 -0.029956592 55.555942535
-0.026233872 0.078295037 0.996585011 24.355129242 0.015263830 0.996843219 -0.077913530 -1.803047180 -0.999539316 0.013167730 -0.027346136 55.522663116
-0.023154439 0.074982680 0.996916056 25.165822983 0.010841823 0.997143507 -0.074747972 -1.856131792 -0.999673128 0.009077638 -0.023901246 55.523269653
-0.018690201 0.071174845 0.997288704 25.958187103 0.014467777 0.997377813 -0.070910059 -1.906354904 -0.999720633 0.013103227 -0.019670933 55.502761841
-0.014598848 0.072392173 0.997269332 26.764324188 0.018997399 0.997215748 -0.072110176 -1.961986780 -0.999713004 0.017892798 -0.015933465 55.475574493
-0.012262772 0.076671325 0.996981025 27.578947067 0.019035583 0.996893167 -0.076430440 -2.031729698 -0.999743581 0.018040866 -0.013684157 55.481098175
-0.008310240 0.077472083 0.996959865 28.396705627 0.015284575 0.996887624 -0.077339076 -2.085179806 -0.999848664 0.014595403 -0.009468502 55.478195190
-0.004938506 0.077237591 0.997000456 29.194189072 0.014375449 0.996915221 -0.077159762 -2.127333164 -0.999884486 0.013951278 -0.006033596 55.480930328
-0.001141446 0.074335404 0.997232556 30.018430710 0.018240871 0.997068942 -0.074302323 -2.181414366 -0.999832988 0.018105583 -0.002494043 55.472801208
0.002216668 0.074795939 0.997196317 30.835680008 0.022467216 0.996943474 -0.074826896 -2.245957136 -0.999745190 0.022570098 0.000529436 55.472408295
0.005735321 0.075538538 0.997126341 31.639436722 0.025280025 0.996813118 -0.075660221 -2.309760094 -0.999663949 0.025641307 0.003807428 55.480995178
0.008371827 0.075372271 0.997120321 32.460178375 0.025450572 0.996816158 -0.075562961 -2.363623619 -0.999641061 0.026009878 0.006426904 55.487983704
0.011734878 0.073306210 0.997240365 33.243339539 0.026696289 0.996930659 -0.073597573 -2.452919483 -0.999574721 0.027486270 0.009741855 55.496864319
0.015342114 0.072497591 0.997250617 34.064983368 0.028983416 0.996916652 -0.072919205 -2.507270336 -0.999462068 0.030022463 0.013193578 55.509864807
0.018332593 0.073020719 0.997161925 34.903923035 0.027371772 0.996919096 -0.073506154 -2.543158054 -0.999457181 0.028641639 0.016277406 55.529247284
0.021050947 0.075030997 0.996958911 35.720043182 0.024213294 0.996849298 -0.075533986 -2.592163801 -0.999485135 0.025729723 0.019167870 55.560558319
0.024663512 0.074971117 0.996880651 36.547397614 0.026452610 0.996785879 -0.075618438 -2.649946451 -0.999345720 0.028235111 0.022601055 55.565212250
0.027210038 0.074915573 0.996818602 37.375251770 0.024129305 0.996848047 -0.075576447 -2.704784155 -0.999338448 0.026108984 0.025316617 55.595584869
0.029584957 0.075000465 0.996744514 38.196605682 0.022159658 0.996886790 -0.075668901 -2.767058849 -0.999316573 0.024326183 0.027830871 55.622264862
0.032380879 0.075078070 0.996651769 39.022911072 0.019464642 0.996938229 -0.075732052 -2.823394775 -0.999286056 0.021851733 0.030820366 55.658554077
0.035130486 0.077390343 0.996381760 39.865909576 0.018054551 0.996785283 -0.078058258 -2.877175331 -0.999219656 0.020731449 0.033620302 55.704280853
0.037821949 0.080649018 0.996024728 40.713970184 0.016261911 0.996556282 -0.081309564 -2.945451736 -0.999152184 0.019272555 0.036380187 55.752182007
0.041502528 0.082434617 0.995731950 41.544345856 0.017080978 0.996386409 -0.083200753 -3.011345148 -0.998992383 0.020461118 0.039944489 55.786525726
0.044757135 0.085090689 0.995367467 42.386337280 0.011048524 0.996262729 -0.085664041 -3.067079544 -0.998936713 0.014831419 0.043649755 55.829113007
0.047911923 0.084148251 0.995300710 43.244422913 0.007372513 0.996387959 -0.084595107 -3.132307053 -0.998824298 0.011390979 0.047118492 55.875164032
0.050750084 0.084312499 0.995146155 44.071250916 0.008847137 0.996353090 -0.084865957 -3.218065739 -0.998672128 0.013111146 0.049819086 55.927925110
0.054867413 0.085333608 0.994840622 44.927413940 0.008173890 0.996269643 -0.085906990 -3.287199974 -0.998460174 0.012845213 0.053965230 55.972465515
0.058476187 0.086916566 0.994497895 45.807495117 0.004422759 0.996170163 -0.087322786 -3.335370541 -0.998278975 0.009504723 0.057867836 56.043117523
0.062684149 0.084625930 0.994439065 46.680744171 0.003716547 0.996371925 -0.085024655 -3.404824495 -0.998026431 0.009025577 0.062142216 56.106117249
0.067075834 0.084450699 0.994167566 47.548656464 0.003394552 0.996386349 -0.084868222 -3.483092546 -0.997742116 0.009067360 0.066546783 56.179374695
0.072003700 0.087684117 0.993542612 48.398838043 -0.000245078 0.996129751 -0.087894678 -3.566534519 -0.997404337 0.006085250 0.071746521 56.240467072
0.078047708 0.095901184 0.992326260 49.255966187 -0.002183960 0.995376587 -0.096024208 -3.644684553 -0.996947229 0.005327268 0.077896319 56.311973572
0.085384503 0.100919701 0.991223872 50.146224976 -0.003747814 0.994882584 -0.100969359 -3.715090990 -0.996340990 0.004906298 0.085325778 56.397106171
0.090186261 0.102878936 0.990596890 50.983512878 -0.010697197 0.994692922 -0.102330416 -3.851025581 -0.995867491 -0.001367812 0.090808146 56.581188202
0.096681707 0.101225108 0.990154564 51.871608734 -0.014411490 0.994852960 -0.100298263 -3.931605577 -0.995211065 -0.004572595 0.097642891 56.690460205
0.104479864 0.099469803 0.989540160 52.777156830 -0.014539177 0.995032191 -0.098486751 -4.015219688 -0.994420767 -0.004097216 0.105407014 56.792251587
0.112519927 0.096037239 0.988997519 53.661571503 -0.014599336 0.995370686 -0.094995119 -4.091194630 -0.993542135 -0.003749866 0.113401122 56.889560699
0.120067023 0.090350240 0.988645852 54.538158417 -0.017745335 0.995886326 -0.088856824 -4.176679611 -0.992607176 -0.006875080 0.121176392 56.991153717
0.127080321 0.083179839 0.988398552 55.465534210 -0.018950475 0.996499240 -0.081425071 -4.235854149 -0.991711318 -0.008383097 0.128211752 57.140533447
0.134004593 0.080724001 0.987687528 56.307514191 -0.020759027 0.996686637 -0.078643046 -4.316751480 -0.990763187 -0.009964900 0.135236368 57.263576508
0.140890881 0.082351036 0.986594141 57.185180664 -0.021643879 0.996552467 -0.080091409 -4.397082806 -0.989788473 -0.010069577 0.142187566 57.399177551
0.146333992 0.088969901 0.985226214 58.037895203 -0.020817669 0.996003807 -0.086851150 -4.464627743 -0.989016175 -0.007800838 0.147601336 57.541275024
0.151834652 0.092726648 0.984046757 58.895759583 -0.022462495 0.995656312 -0.090354756 -4.528883934 -0.988150656 -0.008385162 0.153257996 57.673156738
0.156450108 0.095470443 0.983060956 59.749248505 -0.022923719 0.995400250 -0.093020581 -4.604095459 -0.987419844 -0.007982334 0.157919034 57.831890106
0.162866086 0.095137328 0.982050657 60.592498779 -0.024453368 0.995423794 -0.092377454 -4.669622421 -0.986345172 -0.008969288 0.164447218 57.962940216
0.167710632 0.092335597 0.981502533 61.474151611 -0.022769846 0.995701253 -0.089780636 -4.761924744 -0.985573411 -0.007291494 0.169092163 58.099800110
0.172783867 0.085720725 0.981222510 62.310733795 -0.022686318 0.996287823 -0.083042011 -4.830714226 -0.984698534 -0.007912006 0.174087122 58.236850739
0.175448254 0.079780690 0.981250584 63.129219055 -0.024834970 0.996752501 -0.076600544 -4.900813103 -0.984175444 -0.010929895 0.176859841 58.409816742
0.176821649 0.081507646 0.980862141 64.011512756 -0.032254450 0.996509731 -0.076993354 -4.774345875 -0.983714283 -0.018023068 0.178833500 58.609634399
0.179660335 0.081300341 0.980363488 64.806854248 -0.034259498 0.996491551 -0.076359473 -4.840391636 -0.983132005 -0.019867986 0.181815341 58.771766663
0.182301432 0.083737902 0.979670525 65.590568542 -0.035916403 0.996268928 -0.078473188 -4.899824142 -0.982586503 -0.020880457 0.184628874 58.920501709
0.183589056 0.087868989 0.979067981 66.377120972 -0.040702648 0.995822191 -0.081740320 -4.966802120 -0.982160091 -0.024844032 0.186398551 59.084999084
0.183375865 0.093494430 0.978586793 66.927825928 -0.045121659 0.995218396 -0.086628139 -5.010448456 -0.982006729 -0.028269952 0.186717629 59.239753723
0.185015574 0.099094450 0.977726817 67.681373596 -0.046371602 0.994675219 -0.092037305 -5.074048042 -0.981640875 -0.028310416 0.188625574 59.396877289
0.187175542 0.100922160 0.977128386 68.424263000 -0.044568531 0.994556606 -0.094184816 -5.139354229 -0.981314838 -0.025920082 0.190654621 59.540901184
0.188267797 0.101164497 0.976893604 69.153541565 -0.047699317 0.994448721 -0.093789801 -5.202535629 -0.980958700 -0.028939556 0.192048147 59.693656921
0.188766494 0.097955272 0.977124333 69.816261292 -0.047326896 0.994763911 -0.090580732 -5.263570309 -0.980880857 -0.029145658 0.192414001 59.834896088
0.189511180 0.095527723 0.977220535 70.538925171 -0.048298180 0.994958103 -0.087895237 -5.332820892 -0.980689883 -0.030540843 0.193169519 59.981914520
0.189040691 0.094152987 0.977445066 71.210174561 -0.047013558 0.995119035 -0.086762890 -5.395019531 -0.980843127 -0.029551448 0.192544445 60.112274170
0.187314168 0.093523882 0.977837741 71.934509277 -0.047127277 0.995166481 -0.086153589 -5.458024979 -0.981168866 -0.029945038 0.190816388 60.274116516
0.185049430 0.094032906 0.978219986 72.618347168 -0.048669245 0.995067000 -0.086445600 -5.528275490 -0.981523335 -0.031612530 0.188713118 60.419204712
0.182510331 0.096777454 0.978429377 73.287254333 -0.049520764 0.994785666 -0.089157976 -5.589657307 -0.981956124 -0.032180313 0.186351165 60.559635162
0.179870427 0.100960925 0.978495598 73.950141907 -0.048553377 0.994417787 -0.093678549 -5.658613205 -0.982491374 -0.030659260 0.183768392 60.692390442
0.179717883 0.101556323 0.978461981 74.553131104 -0.044117145 0.994488060 -0.095116533 -5.692641258 -0.982728422 -0.026072806 0.183207661 60.777515411
0.177333161 0.100504957 0.979005516 75.215652466 -0.045559291 0.994543552 -0.093847685 -5.753602028 -0.983095706 -0.027960492 0.180944473 60.896713257
0.174951717 0.097757049 0.979712009 75.838241577 -0.043913558 0.994843185 -0.091425031 -5.798623085 -0.983597219 -0.027027667 0.178342402 61.018692017
0.175649673 0.091926947 0.980151296 76.370483398 -0.042575411 0.995408475 -0.085728087 -5.901726723 -0.983531654 -0.026672240 0.178756952 60.951213837
0.173967451 0.091124520 0.980526268 76.973266602 -0.039096486 0.995563507 -0.085585393 -5.960258007 -0.983974993 -0.023446059 0.176758289 61.049888611
0.169440746 0.094323076 0.981016278 77.647804260 -0.037063010 0.995315254 -0.089296386 -5.968584538 -0.984843194 -0.021228971 0.172142878 61.328163147
0.167214230 0.096371636 0.981199145 78.241630554 -0.033264425 0.995196104 -0.092077501 -6.023852348 -0.985359311 -0.017242359 0.169616669 61.420902252
0.168401301 0.096465349 0.980987072 78.766799927 -0.031315148 0.995221198 -0.092489347 -6.114808083 -0.985220969 -0.015144430 0.170617342 61.360633850
0.164173439 0.100853980 0.981262207 79.417167664 -0.033412799 0.994757235 -0.096650757 -6.125733376 -0.985865355 -0.016919227 0.166682571 61.622707367
0.166828692 0.096107423 0.981290758 79.849662781 -0.028685823 0.995289862 -0.092601649 -6.256969929 -0.985568523 -0.012700520 0.168799832 61.469852448
0.167581141 0.094758458 0.981293738 80.443405151 -0.022687316 0.995476961 -0.092253633 -6.303524971 -0.985597134 -0.006802954 0.168972999 61.567176819
0.170024648 0.092591912 0.981080115 81.044990540 -0.017713800 0.995702267 -0.090902045 -6.364492416 -0.985280514 -0.001923070 0.170934096 61.655036926
0.172095180 0.092088155 0.980766475 81.652458191 -0.015218058 0.995750546 -0.090824738 -6.419337749 -0.984962702 0.000705143 0.172765270 61.762687683
0.175804511 0.091546193 0.980159163 82.262237549 -0.018108185 0.995798826 -0.089758985 -6.479634285 -0.984258413 -0.001968870 0.176723719 61.871200562
0.180441454 0.093138918 0.979165971 82.908264160 -0.019768391 0.995648801 -0.091063850 -6.505874157 -0.983387053 -0.002924842 0.181497529 62.030937195
0.187547296 0.092267163 0.977912426 83.536804199 -0.018883117 0.995733082 -0.090327092 -6.553352833 -0.982074082 -0.001525432 0.188489333 62.144313812
0.194252416 0.092269428 0.976602435 84.152297974 -0.020648684 0.995730519 -0.089969486 -6.605632782 -0.980734229 -0.002688767 0.195328325 62.293174744
0.203198776 0.089597836 0.975029469 84.717590332 -0.019614493 0.995977104 -0.087435067 -6.670440674 -0.978941023 -0.001358014 0.204138741 62.390693665
0.212137714 0.089339383 0.973147452 85.355384827 -0.022897825 0.995993435 -0.086445220 -6.726037502 -0.976971626 -0.003944670 0.213333428 62.545303345
0.221802026 0.088984311 0.971023083 85.999000549 -0.024444489 0.996021748 -0.085691564 -6.780564308 -0.974785268 -0.004729597 0.223094821 62.701187134
0.231776372 0.092324562 0.968377948 86.644744873 -0.029227933 0.995697439 -0.087933615 -6.834301949 -0.972329915 -0.007922749 0.233477548 62.867584229
0.240557790 0.094748698 0.965999305 87.268470764 -0.033152841 0.995445609 -0.089381039 -6.878588200 -0.970068455 -0.010524319 0.242603421 63.047210693
0.251352578 0.097804010 0.962941468 87.936691284 -0.037873436 0.995113432 -0.091185704 -6.929743767 -0.967154264 -0.013550143 0.253828526 63.235450745
0.261311740 0.099195682 0.960143924 88.639488220 -0.038867377 0.994980037 -0.092216641 -7.001791954 -0.964471638 -0.013220989 0.263855457 63.461051941
0.270991057 0.099859990 0.957388043 89.318992615 -0.041941684 0.994884551 -0.091899365 -7.059621811 -0.961667776 -0.015250563 0.273793101 63.672866821
0.281474739 0.100455493 0.954295874 90.022567749 -0.043082528 0.994825244 -0.092014439 -7.107402802 -0.958600998 -0.015213735 0.284346104 63.892845154
0.291521937 0.101560414 0.951157391 90.726219177 -0.047610361 0.994656026 -0.091612794 -7.162598610 -0.955378652 -0.018577816 0.294799328 64.127868652
0.302484363 0.096351273 0.948271930 91.416831970 -0.046657536 0.995181739 -0.086234599 -7.227012634 -0.952011704 -0.018159414 0.305522442 64.348159790
0.312919825 0.089533672 0.945550025 92.148223877 -0.043450970 0.995854020 -0.079917274 -7.281711578 -0.948785067 -0.016077364 0.315512776 64.602081299
0.323989362 0.085057318 0.942229331 92.873977661 -0.041588902 0.996267796 -0.075635001 -7.328570366 -0.945146143 -0.014681349 0.326317638 64.860198975
0.334127665 0.082385071 0.938920379 93.631286621 -0.042788032 0.996471286 -0.072208144 -7.376388550 -0.941556096 -0.016047813 0.336473703 65.146759033
0.343914270 0.079963200 0.935590088 94.379714966 -0.036501151 0.996752799 -0.071773186 -7.422111511 -0.938291371 -0.009466294 0.345716178 65.417366028
0.352518797 0.074277222 0.932852328 95.158851624 -0.029239180 0.997232437 -0.068354137 -7.468615532 -0.935347855 -0.003179719 0.353714973 65.714698792
0.359642565 0.064989910 0.930824041 95.926803589 -0.019984541 0.997879148 -0.061950255 -7.516207218 -0.932876110 0.003677851 0.360178560 66.001441956
0.366451263 0.060718022 0.928454041 96.704345703 -0.015202481 0.998125911 -0.059274107 -7.568395615 -0.930313051 0.007606260 0.366687536 66.309684753
0.374327362 0.060576230 0.925316036 97.503334045 -0.012662742 0.998104811 -0.060218815 -7.618463039 -0.927210152 0.010824507 0.374385059 66.627822876
0.382059604 0.066475518 0.921743810 98.299301147 -0.009738403 0.997643650 -0.067912839 -7.665753365 -0.924086452 0.016970441 0.381806731 66.961662292
0.388932824 0.071236983 0.918507874 99.063613892 -0.006046951 0.997181833 -0.074778222 -7.704978943 -0.921246231 0.023529531 0.388267517 67.294708252
0.394509643 0.073870286 0.915917754 99.843917847 -0.008719850 0.997019529 -0.076655395 -7.760447025 -0.918850422 0.022254637 0.393977970 67.617843628
0.398710757 0.075161323 0.913991451 100.610656738 -0.015794011 0.997050881 -0.075101785 -7.829040051 -0.916940808 0.015508310 0.398722023 67.974906921
0.402834058 0.079455793 0.911817729 101.455299377 -0.022281600 0.996780872 -0.077015661 -7.855248928 -0.915001810 0.010707767 0.403307617 68.365089417
0.407080740 0.082307078 0.909676313 102.208259583 -0.022833442 0.996537447 -0.079948276 -7.918163300 -0.913106799 0.011774358 0.407550484 68.706123352
0.410984457 0.087161735 0.907466054 102.989418030 -0.026270537 0.996137857 -0.083780885 -7.962649345 -0.911263764 0.010593028 0.411687016 69.071350098
0.415198803 0.090516493 0.905216336 103.730270386 -0.029643927 0.995855391 -0.085982993 -8.019786835 -0.909247577 0.008865869 0.416161269 69.405067444
0.418427169 0.088797592 0.903899193 104.449134827 -0.030976878 0.996025562 -0.083508305 -8.094705582 -0.907721937 0.006942168 0.419514775 69.757377625
0.422750652 0.084804021 0.902269483 105.112220764 -0.028791374 0.996366262 -0.080158204 -8.165027618 -0.905788600 0.007909360 0.423656106 70.074363708
0.426598042 0.081575938 0.900755048 105.825637817 -0.028692057 0.996643484 -0.076671414 -8.228550911 -0.903986156 0.006863361 0.427506745 70.412376404
0.430107653 0.080603227 0.899172187 106.526901245 -0.029512886 0.996729374 -0.075231291 -8.290264130 -0.902295172 0.005820384 0.431079715 70.764915466
0.433072031 0.083626211 0.897471607 107.228401184 -0.032710731 0.996489108 -0.077068180 -8.324906349 -0.900765598 0.004019117 0.434286952 71.109489441
0.435572773 0.084229179 0.896204114 107.894813538 -0.032327775 0.996434033 -0.077937290 -8.389562607 -0.899572849 0.004975078 0.436742455 71.445640564
0.437985510 0.082533292 0.895185471 108.561523438 -0.030327762 0.996566474 -0.077041917 -8.444374084 -0.898470342 0.006594270 0.438984722 71.772361755
0.439572871 0.081910580 0.894464254 109.253684998 -0.028245755 0.996601284 -0.077382773 -8.475429535 -0.897762716 0.008750552 0.440392524 72.126220703
0.441313207 0.081139214 0.893677294 109.895713806 -0.028463302 0.996668279 -0.076434366 -8.527998924 -0.896901608 0.008294489 0.442152441 72.460273743
0.443195403 0.080721736 0.892783165 110.526687622 -0.027269447 0.996690512 -0.076579504 -8.580513954 -0.896010160 0.009593987 0.443929940 72.776741028
0.445657730 0.083036378 0.891343892 111.140777588 -0.028846463 0.996503770 -0.078410126 -8.637456894 -0.894738436 0.009231970 0.446494967 73.089050293
0.448974729 0.082955115 0.889685392 111.752708435 -0.025761280 0.996469021 -0.079911441 -8.690996170 -0.893172979 0.012958782 0.449526489 73.381698608
0.451713085 0.082554847 0.888335466 112.353759766 -0.024453575 0.996481180 -0.080170535 -8.749754906 -0.891828120 0.014491108 0.452142328 73.711227417
0.455593318 0.079722799 0.886610925 112.897254944 -0.020551665 0.996658325 -0.079057395 -8.811634064 -0.889950752 0.017796701 0.455709249 73.958450317
0.458648950 0.079004787 0.885098517 113.475624084 -0.019786825 0.996700943 -0.078713201 -8.867798805 -0.888397217 0.018588439 0.458699107 74.266075134
0.462102681 0.078498423 0.883345425 114.035194397 -0.018665779 0.996715069 -0.078808419 -8.917665482 -0.886629939 0.019929253 0.462049931 74.551635742
0.465639442 0.077650972 0.881561279 114.601066589 -0.017741440 0.996761918 -0.078427255 -8.962411880 -0.884796679 0.020878648 0.465509266 74.858360291
0.469014794 0.077327937 0.879798710 115.158653259 -0.016299069 0.996747851 -0.078918010 -9.010358810 -0.883039892 0.022673815 0.468749851 75.165779114
0.473348320 0.078044392 0.877411306 115.717803955 -0.016237954 0.996671200 -0.079892293 -9.060835838 -0.880725741 0.023569517 0.473039865 75.459472656
0.477544904 0.079911195 0.874965727 116.361145020 -0.015111039 0.996454954 -0.082759492 -9.080392838 -0.878477395 0.026299728 0.477059543 75.802238464
0.482555360 0.083226770 0.871902287 116.905158997 -0.017356815 0.996188223 -0.085484236 -9.133269310 -0.875693440 0.026117437 0.482160598 76.115707397
0.487163305 0.087805182 0.868885577 117.319885254 -0.020218449 0.995800078 -0.089294523 -9.214834213 -0.873076797 0.025933500 0.486892521 76.388687134
0.494034350 0.096142687 0.864110351 117.957130432 -0.025800899 0.995050669 -0.095960349 -9.231557846 -0.869059503 0.025112886 0.494069755 76.723983765
0.499419153 0.102578744 0.860266328 118.488395691 -0.031642541 0.994462907 -0.100210674 -9.287534714 -0.865782440 0.022826118 0.499899685 77.070281982
0.505281746 0.106869891 0.856311500 119.011924744 -0.035984736 0.994048178 -0.102826364 -9.357133865 -0.862203896 0.021142134 0.506119967 77.418182373
0.512493908 0.108501360 0.851808310 119.615379333 -0.040610611 0.993937433 -0.102171905 -9.387406349 -0.857729912 0.017770031 0.513793290 77.710502625
0.517488122 0.107495680 0.848911464 120.148056030 -0.046900678 0.994149685 -0.097296655 -9.443639755 -0.854404092 0.010535356 0.519502342 78.062927246
0.522223115 0.103614636 0.846490979 120.639572144 -0.052755218 0.994615674 -0.089199699 -9.521566391 -0.851175547 0.001925332 0.524877548 78.452575684
0.529485345 0.103060707 0.842035472 121.248779297 -0.059911087 0.994657278 -0.084067784 -9.558941841 -0.846200883 -0.005934606 0.532830954 78.779296875
0.535199761 0.101235732 0.838637233 121.812141418 -0.062779330 0.994813979 -0.080024153 -9.613682747 -0.842389345 -0.009820180 0.538779736 79.175926208
0.541706085 0.105031587 0.833980083 122.372726440 -0.067198649 0.994398355 -0.081586249 -9.647462845 -0.837877572 -0.011846580 0.545729637 79.557044983
0.547520280 0.108713955 0.829700470 122.933090210 -0.071715876 0.993973076 -0.082912855 -9.714584351 -0.833713770 -0.014106236 0.552016795 79.943183899
0.554104209 0.112035483 0.824873686 123.521591187 -0.073674157 0.993613660 -0.085463800 -9.755077362 -0.829180717 -0.013416035 0.558819592 80.339942932
