0.727781355 -0.064724512 -0.682748199 54.324958801 0.034440242 0.997729659 -0.057872929 4.148616791 0.684944034 0.018604813 0.728358209 -14.279447556
0.729750276 -0.064648405 -0.680650532 53.438957214 0.032331489 0.997668862 -0.060095169 4.076932907 0.682948947 0.021848023 0.730139375 -13.471759796
0.735136092 -0.065811999 -0.674717367 52.537727356 0.033458479 0.997585893 -0.060850050 3.988222361 0.677093267 0.022158025 0.735563457 -12.889604568
0.736301363 -0.065359779 -0.673489630 51.627380371 0.030439343 0.997515798 -0.063527144 3.928777695 0.675968766 0.026274532 0.736461818 -11.936109543
0.736979961 -0.065748408 -0.672709167 50.816169739 0.030184619 0.997466266 -0.064420670 3.865114212 0.675240219 0.027171284 0.737097204 -11.122438431
0.737553954 -0.064983249 -0.672154307 50.007759094 0.027786627 0.997436643 -0.065940976 3.785662174 0.674716353 0.029958099 0.737468958 -10.278882980
0.738015890 -0.063371718 -0.671800971 49.220886230 0.024579432 0.997444212 -0.067088008 3.718415737 0.674335539 0.032999527 0.737687349 -9.512548447
0.736910880 -0.061950229 -0.673145235 48.481109619 0.021961257 0.997460127 -0.067755654 3.687675953 0.675633073 0.035146769 0.736399770 -8.593915939
0.736761808 -0.059893366 -0.673494339 47.749290466 0.020415423 0.997585416 -0.066381328 3.639840126 0.675843954 0.035157561 0.736205697 -7.773649216
0.737785518 -0.059332211 -0.672422707 47.008811951 0.021045784 0.997667193 -0.064939111 3.587183952 0.674707234 0.033759486 0.737312973 -6.934679031
0.738574922 -0.057825841 -0.671686828 46.246944427 0.016461536 0.997564375 -0.067780040 3.541739225 0.673970401 0.039003681 0.737728059 -5.921817780
0.740179300 -0.057927802 -0.669909596 45.487239838 0.016028725 0.997519135 -0.068546526 3.457081318 0.672218442 0.039998963 0.739271581 -4.991821289
0.740502656 -0.060334940 -0.669339478 44.769760132 0.018565457 0.997418284 -0.069368996 3.378844738 0.671796918 0.038941368 0.739710987 -3.929351807
0.742924213 -0.058332592 -0.666828990 44.104003906 0.013269356 0.997283220 -0.072456367 3.375774860 0.669243872 0.044981178 0.741680145 -2.975677490
0.741079152 -0.060151063 -0.668717921 43.493469238 0.014794822 0.997199953 -0.073302224 3.311790943 0.671254754 0.044429168 0.739894152 -2.288965225
0.746918857 -0.056124698 -0.662542164 43.060985565 0.007340878 0.997066557 -0.076186888 3.223257780 0.664874613 0.052041784 0.745139778 -1.204040527
0.745492578 -0.057466891 -0.664031923 42.432594299 0.005980091 0.996812820 -0.079552844 3.155484438 0.666487098 0.055335082 0.743460119 -0.495729446
0.698608577 -0.064221472 -0.712615967 55.155216217 -0.001431837 0.995836198 -0.091149129 4.904694557 0.715502560 0.064697914 0.695607781 1.733217239
0.696905077 -0.063933812 -0.714307845 54.458869934 -0.002554603 0.995790660 -0.091620147 4.824530602 0.717158735 0.065675311 0.693808377 2.424703598
0.699208319 -0.069360793 -0.711545289 57.356777191 0.011081755 0.996214509 -0.086220466 4.844561100 0.714832187 0.052400947 0.697329938 3.927579880
0.697844028 -0.067780472 -0.713035405 56.651248932 0.010293573 0.996358573 -0.084638648 4.753585815 0.716175795 0.051724941 0.696000516 4.612220764
0.691714227 -0.074362710 -0.718332469 57.221649170 0.014306412 0.995900214 -0.089320533 4.925562859 0.722029805 0.051507533 0.689942062 7.126913071
0.689875901 -0.074839018 -0.720048726 56.511600494 0.013900776 0.995828092 -0.090184085 4.827938080 0.723794281 0.052206598 0.688038111 7.816242218
0.678079247 -0.102454036 -0.727812767 58.292922974 0.062134694 0.994682610 -0.082132302 4.916119576 0.732357562 0.010469764 0.680839598 8.858753204
0.677442491 -0.101379678 -0.728555799 57.560302734 0.062241163 0.994804978 -0.080554083 4.828463554 0.732937634 0.009224579 0.680233181 9.538526535
0.675834417 -0.107106566 -0.729229689 58.353847504 0.071187504 0.994245172 -0.080056012 5.205060959 0.733607590 0.002192571 0.679569781 9.115686417
0.675978363 -0.104233213 -0.729512632 57.630634308 0.071210839 0.994552851 -0.076117180 5.114650726 0.733472764 -0.000495637 0.679718673 9.790693283
0.678225994 -0.108714834 -0.726767302 57.478187561 0.077906966 0.994059920 -0.075994864 5.550471306 0.730712056 -0.005078554 0.682666898 11.275045395
0.679149270 -0.108367130 -0.725956559 56.746372223 0.077672698 0.994098544 -0.075729445 5.471235275 0.729878962 -0.004955417 0.683558404 11.958755493
0.679631710 -0.109888673 -0.725276113 56.055084229 0.076627299 0.993941784 -0.078790188 5.390536308 0.729540288 -0.002027648 0.683934808 12.634847641
0.682072937 -0.115420498 -0.722118020 56.201789856 0.076993503 0.993311882 -0.086043246 5.806019783 0.727219582 0.003089370 0.686397910 14.430402756
0.682701528 -0.118380956 -0.721044004 55.484626770 0.078011326 0.992957532 -0.089160748 5.715637684 0.726521075 0.004620577 0.687128723 15.112092972
0.684966564 -0.114233159 -0.719563365 55.991287231 0.069477819 0.993372381 -0.091563985 5.745558739 0.725254059 0.012724577 0.688363731 16.177286148
0.684385598 -0.111941755 -0.720475733 55.263000488 0.071320556 0.993683159 -0.086642601 5.646592617 0.725623608 0.007912227 0.688046396 16.875104904
0.683687449 -0.112194657 -0.721099079 55.785850525 0.072117127 0.993661880 -0.086226679 5.754372597 0.726202905 0.006948501 0.687445343 18.209432602
0.681985676 -0.117453210 -0.721872747 55.070449829 0.078126870 0.993072271 -0.087769106 5.666730881 0.727180660 0.003459614 0.686437428 18.903617859
0.995886385 0.015794965 -0.089224666 3.513022900 -0.024249794 0.995230794 -0.094485834 -1.256119013 0.087306716 0.096260861 0.991519749 20.410541534
0.995660603 0.016081452 -0.091658659 3.429815292 -0.025130017 0.994825661 -0.098439060 -1.361947536 0.089601338 0.100315303 0.990912974 21.400455475
0.995874703 0.015953610 -0.089326032 4.144483089 -0.024612887 0.995009661 -0.096694723 -1.293284178 0.087337665 0.098494411 0.991297543 21.484664917
0.995769501 0.016593253 -0.090375975 4.051561832 -0.025263267 0.995094299 -0.095650844 -1.397441387 0.088345483 0.097529396 0.991303682 22.474998474
0.995561242 0.019262182 -0.092123955 3.965250015 -0.027862232 0.995276272 -0.092998259 -1.497561932 0.089897469 0.095152237 0.991395235 23.466314316
0.951389432 -0.019510623 -0.307371855 17.393873215 -0.014386858 0.994086742 -0.107631162 0.095171213 0.307654262 0.106821261 0.945482969 23.635320663
0.950919509 -0.017591884 -0.308937967 17.093929291 -0.015664300 0.994365931 -0.104837514 -0.022598624 0.309041709 0.104531333 0.945286453 24.576168060
0.735169947 -0.026387867 -0.677369118 53.310829163 -0.116891794 0.979339302 -0.165017843 6.497880459 0.667728662 0.200495064 0.716896296 26.202919006
0.735026240 -0.020640472 -0.677724540 52.610305786 -0.123131268 0.978853524 -0.163353547 6.330982208 0.666764736 0.203518242 0.716941595 26.914264679
0.734628081 -0.021005867 -0.678144813 51.937854767 -0.123074688 0.978812039 -0.163644835 6.147170067 0.667213917 0.203680575 0.716477513 27.627883911
0.738697052 -0.037637211 -0.672985911 52.503463745 -0.092124060 0.983432829 -0.156118348 6.601357460 0.667712331 0.177322388 0.722991705 29.160991669
0.738971472 -0.036870927 -0.672726989 51.836585999 -0.095473312 0.982694387 -0.158734411 6.439884663 0.666937709 0.181527719 0.722663045 29.864919662
0.730606258 -0.040381644 -0.681603968 53.692634583 -0.109637044 0.978358746 -0.175482050 7.314189911 0.673939407 0.202937275 0.710367739 31.327934265
0.729458809 -0.041698806 -0.682752609 53.018745422 -0.107482284 0.978753507 -0.174611926 7.138166428 0.675527573 0.200755998 0.709478438 32.032798767
0.744084001 -0.036931135 -0.667064428 51.145263672 -0.121179834 0.974448025 -0.189120263 7.554476738 0.657004118 0.221556187 0.720595837 32.869594574
0.743722558 -0.037723765 -0.667423129 50.487300873 -0.123696916 0.973399043 -0.192855790 7.356748581 0.656944335 0.225989416 0.719272435 33.571044922
0.743687570 -0.039746247 -0.667344689 49.820537567 -0.124754809 0.972444952 -0.196944147 7.159963608 0.656783760 0.229719415 0.718236744 34.257167816
0.746575713 -0.007113006 -0.665262461 50.489646912 -0.179544300 0.960687816 -0.211761296 7.470783710 0.640615642 0.277539849 0.715949118 35.215476990
0.746671975 -0.005190522 -0.665172279 49.840049744 -0.178513929 0.961724758 -0.207890809 7.244856358 0.640791595 0.273968667 0.717166185 35.901638031
0.758124828 -0.010119314 -0.652030826 49.083465576 -0.162604913 0.965362728 -0.204045072 7.029122829 0.631511033 0.260715127 0.730220079 36.327056885
0.757653594 -0.011270425 -0.652559459 48.449405670 -0.160584867 0.965893865 -0.203129023 6.817746162 0.632592678 0.258692652 0.730003178 37.034088135
0.743375599 -0.042414654 -0.667528093 50.233238220 -0.136452973 0.967383206 -0.213424727 7.782023907 0.654807925 0.249740943 0.713341415 38.909549713
0.742956400 -0.045194913 -0.667812288 49.587375641 -0.134126663 0.967428386 -0.214690715 7.567925930 0.655763566 0.249077275 0.712695301 39.590473175
0.741961181 -0.045710828 -0.668882787 48.952667236 -0.132911831 0.967843175 -0.213574558 7.347941875 0.657136202 0.247366503 0.712026536 40.277301788
0.758230269 -0.024390709 -0.651530504 49.257659912 -0.135167241 0.971708596 -0.193680197 7.402725697 0.637821853 0.234919757 0.733482063 42.441020966
0.758059800 -0.021487005 -0.651831031 48.651725769 -0.134730950 0.972738147 -0.188753426 7.212083817 0.638116658 0.230908230 0.734498680 43.117820740
0.753082633 -0.024120335 -0.657483637 48.758167267 -0.135591999 0.972185314 -0.190972686 7.536528111 0.643802285 0.232967734 0.728865266 44.268253326
0.751893699 -0.025594963 -0.658787310 48.143615723 -0.137108415 0.971328139 -0.194223672 7.334186554 0.644869804 0.236360833 0.726826251 44.944801331
0.762358546 -0.040600415 -0.645879924 48.320365906 -0.104812510 0.977107406 -0.185136080 7.639060020 0.638610661 0.208836332 0.740650773 46.091873169
0.761820495 -0.042288296 -0.646406353 47.720623016 -0.106800951 0.976011992 -0.189721271 7.460946560 0.638923287 0.213570327 0.739029527 46.767555237
0.759681523 -0.054315902 -0.648022890 47.852321625 -0.087140404 0.979015768 -0.184214368 7.715086937 0.644430280 0.196413279 0.739007056 47.849170685
0.759012401 -0.050763562 -0.649094105 47.267169952 -0.089953184 0.979218543 -0.181767553 7.538301468 0.644832253 0.196351945 0.738672674 48.506374359
0.749905527 -0.047561396 -0.659832835 47.445777893 -0.107416265 0.975421965 -0.192388847 7.835684299 0.652765751 0.215150282 0.726365626 49.629135132
0.749116838 -0.047292918 -0.660747528 46.866157532 -0.108288072 0.975288510 -0.192576826 7.657458305 0.653526962 0.215813652 0.725483954 50.259513855
0.747335851 -0.058986064 -0.661822915 47.002540588 -0.085359454 0.979275048 -0.183668137 7.885610580 0.658940494 0.193754613 0.726812482 51.275913239
0.746141970 -0.058007985 -0.663254976 46.455482483 -0.086156413 0.979408443 -0.182581991 7.711229324 0.660188735 0.193375751 0.725779951 51.885776520
0.740810335 -0.061795346 -0.668865681 46.612854004 -0.083157524 0.979662299 -0.182611406 7.903391361 0.666546881 0.190901697 0.720605135 52.990398407
0.740025818 -0.061700013 -0.669742405 46.060646057 -0.082415335 0.979960501 -0.181342930 7.742640018 0.667509913 0.189395502 0.720111072 53.579727173
0.739182174 -0.057807799 -0.671020091 45.515140533 -0.085498922 0.980195165 -0.178626835 7.586321354 0.668056548 0.189409301 0.719600260 54.154541016
0.727474868 -0.063919879 -0.683150411 47.308143616 -0.083899938 0.979892612 -0.181028485 8.751878738 0.680985332 0.189010009 0.707484424 54.937778473
0.726298630 -0.060400479 -0.684720457 46.782665253 -0.087187715 0.979991257 -0.178928807 8.592667580 0.681827486 0.189655006 0.706500053 55.480789185
0.724163711 -0.061817747 -0.686851859 45.689300537 -0.091666631 0.978508055 -0.184713513 8.326152802 0.683508694 0.196724162 0.702933431 56.971382141
0.723379493 -0.066277161 -0.687262356 45.198104858 -0.092502497 0.977105796 -0.191592366 8.176453590 0.684226155 0.202167436 0.700687468 57.470485687
0.717436552 -0.073232397 -0.692763805 44.850734711 -0.093677975 0.975284219 -0.200112030 8.149476051 0.690296471 0.208464399 0.692844391 58.802551270
0.717160165 -0.073564045 -0.693014860 44.372627258 -0.094538718 0.974951684 -0.201324373 8.008307457 0.690466285 0.209898591 0.692241967 59.281894684
0.716678560 -0.069016591 -0.693980157 43.900039673 -0.097026490 0.975546360 -0.197218433 7.852032661 0.690621197 0.208676696 0.692456841 59.751178741
0.715475440 -0.061788473 -0.695900142 43.971813202 -0.105911687 0.974976242 -0.195458412 7.864241600 0.690563262 0.213549644 0.691027462 59.999271393
0.714918315 -0.066224404 -0.696064711 43.524513245 -0.102943204 0.974686801 -0.198464453 7.727766037 0.691588342 0.213540986 0.690004289 60.421367645
0.708327353 -0.074932031 -0.701895595 43.313076019 -0.102041692 0.973035753 -0.206854790 7.634542465 0.698469520 0.218143523 0.681581736 60.958686829
0.708873451 -0.080945209 -0.700675488 42.896167755 -0.098344199 0.972346961 -0.211824805 7.506438255 0.698445797 0.219064355 0.681310713 61.369571686
0.711211205 -0.079543948 -0.698463440 42.486221313 -0.100023732 0.972018123 -0.212546751 7.381093979 0.695825934 0.221028566 0.683353961 61.766075134
0.659343064 -0.055602532 -0.749783278 43.738788605 -0.235751823 0.931676269 -0.276406348 9.188430786 0.713924289 0.359009445 0.601185918 62.618835449
0.662621498 -0.054644093 -0.746958256 43.322772980 -0.232568517 0.933019757 -0.274565428 9.025695801 0.711930215 0.355652004 0.605530441 62.956771851
0.666644514 -0.053952172 -0.743420601 42.921375275 -0.227552399 0.935032010 -0.271910071 8.864599228 0.709792256 0.350434512 0.611057103 63.300540924
0.632578254 -0.076234750 -0.770735443 43.245635986 -0.228042692 0.932695627 -0.279419810 8.862306595 0.740163088 0.352515370 0.572618246 64.666709900
0.641048610 -0.074388333 -0.763886750 42.856723785 -0.228482217 0.931669354 -0.282467991 8.715859413 0.732702315 0.355610192 0.580248892 64.967445374
0.653248429 -0.071211167 -0.753787398 42.466819763 -0.229018152 0.930347800 -0.286363125 8.562312126 0.721676826 0.359697163 0.591439486 65.260116577
0.638739169 -0.080731787 -0.765176177 42.348205566 -0.229212016 0.929362237 -0.289391935 8.255055428 0.734488904 0.360233545 0.575115502 66.226493835
0.655754268 -0.081073128 -0.750608742 41.986228943 -0.221302196 0.929904163 -0.293775082 8.102701187 0.721811295 0.358755589 0.591847062 66.519081116
0.671726167 -0.083702497 -0.736055493 41.235862732 -0.212390959 0.930123508 -0.299600005 7.768077850 0.709699929 0.357580721 0.607010663 67.388435364
0.693151236 -0.082854755 -0.716014147 40.925220490 -0.202517062 0.930969894 -0.303779304 7.610613346 0.691757202 0.355570108 0.628523529 67.684577942
0.714660406 -0.083708115 -0.694444716 40.318565369 -0.189799607 0.932357371 -0.307710767 7.276689529 0.673228502 0.351714015 0.650431097 68.232894897
0.740445793 -0.083072759 -0.666962504 40.038810730 -0.178427368 0.932430863 -0.314223588 7.130560875 0.647999883 0.351669878 0.675592005 68.550575256
0.756171584 -0.090920530 -0.648026168 39.801834106 -0.162287384 0.933305800 -0.320316941 6.788119793 0.633930087 0.347381085 0.690984130 69.313323975
0.785200596 -0.090748072 -0.612555861 39.560455322 -0.147237360 0.933474660 -0.327026278 6.636550903 0.601482451 0.346972376 0.719603300 69.632713318
0.828059435 -0.079388335 -0.554991126 38.393836975 -0.135956123 0.931940675 -0.336158425 6.118864059 0.543905854 0.353813589 0.760908902 70.663375854
0.857296288 -0.079968743 -0.508574724 38.217872620 -0.117662422 0.931280971 -0.344777107 5.962033272 0.501197338 0.355416238 0.788974345 70.996055603
0.886883855 -0.080388367 -0.454944640 37.774864197 -0.095745176 0.931383312 -0.351223350 5.552095413 0.451962203 0.355053097 0.818332136 71.841415405
0.913443804 -0.080394365 -0.398944855 37.651165009 -0.073887229 0.931240082 -0.356836855 5.400816917 0.400201112 0.355427414 0.844695389 72.176605225
0.937479675 -0.081111185 -0.338456392 37.550064087 -0.050187290 0.930795908 -0.362077653 5.256538391 0.344402313 0.356426716 0.868531585 72.524513245
0.982646942 -0.076709375 -0.168880403 29.330234528 0.017956235 0.945541263 -0.325006515 1.018545151 0.184614509 0.316334218 0.930510700 76.032997131
0.991581976 -0.077026173 -0.104076907 29.333061218 0.039423615 0.945247948 -0.323963016 0.890399933 0.123332173 0.317132831 0.940327585 76.402931213
0.996177912 -0.078067452 -0.039178506 29.352806091 0.061569497 0.945750713 -0.319005847 0.759986877 0.061957061 0.315374434 0.946942568 76.772361755
0.634264112 -0.137712032 0.760752559 14.365703583 0.175874040 0.983909309 0.031476170 -5.393733501 -0.752846241 0.113832414 0.648278296 79.861007690
0.585141659 -0.138907075 0.798945665 14.697284698 0.174384221 0.983724475 0.043315645 -5.372378349 -0.791959226 0.113977715 0.599841356 80.047142029
0.533512414 -0.139795616 0.834159255 15.042669296 0.174316972 0.983246446 0.053291131 -5.350097179 -0.827634096 0.116976641 0.548942924 80.232048035
0.589343250 -0.029546620 0.807342231 2.699996948 0.031243019 0.999417007 0.013769335 -9.356484413 -0.807278395 0.017108979 0.589922786 80.748550415
0.543671787 -0.027750514 0.838838995 3.042968750 0.027656304 0.999502718 0.015140937 -9.363875389 -0.838842213 0.014967517 0.544168949 80.911506653
0.493187517 -0.023270942 0.869611561 3.268886566 0.021001913 0.999669254 0.014840388 -9.353861809 -0.869669497 0.010944396 0.493513197 81.024459839
0.447831243 -0.020946840 0.893872619 3.615245819 0.018560963 0.999727905 0.014128379 -9.354191780 -0.893925488 0.010263989 0.448098272 81.160812378
0.407266974 -0.024098869 0.912991107 3.730125427 0.022495160 0.999613225 0.016350683 -9.363986015 -0.913032055 0.013878789 0.407651603 81.161087036
0.367254764 -0.032523748 0.929551482 4.105934143 0.036459956 0.999123812 0.020553112 -9.364165306 -0.929405570 0.026343185 0.368118763 81.255508423
0.330534756 -0.034973279 0.943145573 4.240409851 0.036095086 0.999050498 0.024396509 -9.361472130 -0.943103313 0.025979057 0.331483305 81.283798218
0.296974063 -0.030074531 0.954411805 4.615743637 0.032132201 0.999252498 0.021489358 -9.351410866 -0.954344749 0.024285603 0.297718555 81.388168335
0.268321842 -0.022559503 0.963065088 4.742370605 0.018185697 0.999666214 0.018350132 -9.359020233 -0.963157654 0.012590275 0.268642515 81.403793335
0.240312427 -0.018709365 0.970515251 5.139049530 0.013171371 0.999785066 0.016012235 -9.364794731 -0.970606208 0.008935086 0.240507200 81.492004395
0.214216471 -0.017327305 0.976632416 5.248310089 0.010460434 0.999826074 0.015444364 -9.373904228 -0.976730227 0.006907568 0.214360461 81.488677979
0.190545425 -0.015355225 0.981558144 5.670517921 0.016495489 0.999786675 0.012438167 -9.367909431 -0.981539786 0.013821253 0.190758079 81.542533875
0.170005277 -0.010846043 0.985383451 5.823480606 0.019352017 0.999783397 0.007665821 -9.376438141 -0.985253274 0.017765906 0.170178324 81.550659180
0.149860874 -0.003676888 0.988700211 6.263925552 0.021448929 0.999769866 0.000466993 -9.354708672 -0.988474488 0.021136569 0.149905205 81.607673645
0.131470710 -0.003792206 0.991312742 6.476746559 0.016332816 0.999865234 0.001658793 -9.365468025 -0.991185486 0.015972840 0.131514952 81.650611877
0.115717664 -0.008097639 0.993249059 6.954384804 0.013351321 0.999889195 0.006596261 -9.373177528 -0.993192375 0.012497872 0.115812942 81.703140259
0.100663766 -0.011720913 0.994851410 7.215070724 0.011315864 0.999879360 0.010635204 -9.380183220 -0.994856119 0.010187026 0.100784265 81.731712341
0.087602064 -0.013878273 0.996058881 7.568306446 0.012801260 0.999836028 0.012805009 -9.377500534 -0.996073306 0.011629075 0.087765373 81.755966187
0.076289453 -0.014915366 0.996974170 8.084869385 0.016408304 0.999771416 0.013701596 -9.375927925 -0.996950746 0.015313370 0.076516762 81.777267456
0.065675408 -0.014356235 0.997737765 8.336020470 0.018710896 0.999738276 0.013153423 -9.375073433 -0.997665644 0.017804725 0.065926827 81.798904419
0.057992890 -0.013955774 0.998219490 8.893318176 0.020299235 0.999711990 0.012797359 -9.371794701 -0.998110652 0.019520946 0.058259472 81.821876526
0.051757962 -0.014191962 0.998558760 9.177084923 0.020329930 0.999706805 0.013154591 -9.378422737 -0.998452783 0.019619800 0.052031290 81.848075867
0.046679452 -0.013312170 0.998821259 9.618680954 0.021232281 0.999698520 0.012331583 -9.375230789 -0.998684227 0.020631645 0.046948045 81.862190247
0.040459767 -0.012817289 0.999099016 10.228075027 0.021707330 0.999692917 0.011945844 -9.373443604 -0.998945296 0.021204462 0.040725596 81.883743286
0.035759449 -0.012493246 0.999282360 10.579455376 0.023452990 0.999656916 0.011658615 -9.363521576 -0.999085188 0.023019224 0.036040187 81.905517578
0.032267883 -0.012560472 0.999400318 11.095805168 0.024445852 0.999631822 0.011774108 -9.358775139 -0.999180198 0.024051264 0.032563057 81.931152344
0.029097671 -0.013171466 0.999489725 11.772352219 0.025392186 0.999600351 0.012433711 -9.355405807 -0.999254048 0.025017422 0.029420495 81.952445984
0.026797084 -0.013949883 0.999543548 12.193799973 0.027185252 0.999543011 0.013221002 -9.352905273 -0.999271095 0.026818573 0.027164072 81.954353333
0.026032921 -0.014440399 0.999556839 12.915273666 0.031937230 0.999397218 0.013606252 -9.353320122 -0.999150813 0.031568877 0.026478421 81.968978882
0.027651552 -0.012854389 0.999534965 13.475219727 0.034376644 0.999337971 0.011900798 -9.307689667 -0.999026358 0.034031574 0.028075123 81.975532532
0.030446813 -0.013500007 0.999445260 14.233863831 0.036857642 0.999243855 0.012374418 -9.315597534 -0.998856664 0.036460418 0.030921362 81.989326477
0.032722339 -0.014831202 0.999354362 14.598333359 0.038639318 0.999161184 0.013563178 -9.335265160 -0.998717248 0.038170576 0.033267967 82.026496887
0.037218280 -0.016024671 0.999178648 15.362615585 0.039531283 0.999112368 0.014551144 -9.340768814 -0.998524904 0.038957261 0.037818741 82.053596497
0.040218484 -0.017344056 0.999040484 15.853582382 0.040797520 0.999044240 0.015701735 -9.330479622 -0.998357594 0.040126909 0.040887658 82.090545654
0.043970864 -0.019072114 0.998850763 16.659219742 0.040903572 0.999013901 0.017274596 -9.322986603 -0.998195112 0.040097006 0.044707630 82.135787964
0.047539633 -0.021182105 0.998644650 17.182115555 0.037299149 0.999115527 0.019416511 -9.320538521 -0.998172760 0.036325574 0.048287675 82.181037903
0.051587161 -0.021984851 0.998426497 18.010837555 0.036360253 0.999136150 0.020121815 -9.308786392 -0.998006403 0.035265051 0.052341990 82.232879639
0.055063002 -0.021735782 0.998246193 18.555892944 0.033154361 0.999251485 0.019928897 -9.318184853 -0.997932255 0.031998884 0.055742420 82.283721924
0.058409870 -0.017567113 0.998137951 19.389472961 0.030811049 0.999400556 0.015786316 -9.314262390 -0.997817039 0.029831609 0.058916129 82.334716797
0.059761178 -0.013040599 0.998127460 19.970005035 0.024672015 0.999628484 0.011582981 -9.323754311 -0.997907698 0.023933610 0.060060706 82.391906738
0.059241865 -0.009944377 0.998194098 20.811758041 0.021767614 0.999725580 0.008667708 -9.319112778 -0.998006225 0.021214824 0.059442054 82.459777832
0.060051419 -0.010598388 0.998139024 21.395299911 0.019012198 0.999774277 0.009471939 -9.322268486 -0.998014212 0.018408036 0.060239382 82.493598938
0.060009282 -0.012933042 0.998113990 22.242916107 0.016233739 0.999796391 0.011978844 -9.334800720 -0.998065829 0.015484290 0.060207032 82.555488586
0.059813239 -0.014018777 0.998111129 22.836545944 0.016526632 0.999778211 0.013051779 -9.331488609 -0.998072743 0.015714750 0.060031675 82.596359253
0.060324021 -0.015043353 0.998065472 23.678285599 0.013761840 0.999803960 0.014237750 -9.341073036 -0.998083949 0.012876350 0.060519222 82.652526855
0.060067780 -0.014802006 0.998084545 24.280525208 0.012220819 0.999826193 0.014092344 -9.337102890 -0.998119533 0.011350890 0.060238250 82.709747314
0.060175240 -0.014345375 0.998084784 25.124471664 0.008777964 0.999865651 0.013841741 -9.340647697 -0.998149216 0.007928204 0.060293097 82.764846802
0.058821797 -0.013317682 0.998179615 25.714536667 0.004542660 0.999904215 0.013072941 -9.345580101 -0.998258173 0.003765408 0.058876663 82.819198608
0.055895105 -0.013864244 0.998340309 26.551296234 0.001229225 0.999903858 0.013817078 -9.345075607 -0.998435855 0.000454871 0.055906769 82.876342773
0.052706208 -0.015031589 0.998496890 27.163642883 -0.002014376 0.999883175 0.015158802 -9.344062805 -0.998608053 -0.002810292 0.052669782 82.915245056
0.048229240 -0.017379001 0.998685062 28.006908417 -0.004116164 0.999836743 0.017597836 -9.340255737 -0.998827815 -0.004959459 0.048149839 82.957435608
0.041854117 -0.019649545 0.998930395 28.611997604 -0.007795059 0.999769688 0.019992644 -9.339190483 -0.999093413 -0.008623480 0.041691285 82.992141724
0.034867931 -0.019398004 0.999203503 29.428813934 -0.008381757 0.999770701 0.019701485 -9.337746620 -0.999356747 -0.009062013 0.034697324 83.008537292
0.024962652 -0.018369135 0.999519587 30.095911026 -0.009746585 0.999779224 0.018617306 -9.327817917 -0.999640882 -0.010206636 0.024778109 83.065200806
0.014758155 -0.017715374 0.999734163 30.930040359 -0.009703847 0.999793470 0.017859658 -9.319373131 -0.999844015 -0.009964846 0.014583209 83.079811096
0.003807544 -0.018974528 0.999812663 31.594848633 -0.009835161 0.999770880 0.019011192 -9.317595482 -0.999944389 -0.009905703 0.003620029 83.100334167
-0.006565589 -0.019647192 0.999785423 32.427093506 -0.010661107 0.999751508 0.019576518 -9.309437752 -0.999921560 -0.010530288 -0.006773444 83.093544006
-0.018671215 -0.020441601 0.999616683 33.107883453 -0.011165496 0.999732852 0.020235395 -9.300588608 -0.999763370 -0.010783385 -0.018894462 83.101936340
-0.030285344 -0.019829124 0.999344647 33.911998749 -0.011960857 0.999738872 0.019474441 -9.288234711 -0.999469817 -0.011363214 -0.030514603 83.090110779
-0.041630253 -0.019066418 0.998951137 34.666248322 -0.012956940 0.999744058 0.018541595 -9.280901909 -0.999049067 -0.012171461 -0.041866660 83.077552795
-0.051782150 -0.018176900 0.998492956 35.467163086 -0.012984858 0.999762058 0.017526614 -9.282143593 -0.998574018 -0.012057732 -0.052005880 83.030487061
-0.064085148 -0.016669838 0.997805178 36.199344635 -0.014444448 0.999771237 0.015774986 -9.256937027 -0.997839928 -0.013401799 -0.064311303 83.032913208
-0.073618859 -0.015649596 0.997163713 36.991683960 -0.014232401 0.999791563 0.014640095 -9.254913330 -0.997184932 -0.013114240 -0.073826268 82.969108582
-0.083618291 -0.015234912 0.996381342 37.717567444 -0.014171869 0.999800205 0.014097875 -9.245576859 -0.996397078 -0.012941733 -0.083817542 82.930595398
-0.093577929 -0.014854512 0.995501101 38.489318848 -0.014013531 0.999809265 0.013601536 -9.240079880 -0.995513380 -0.012677660 -0.093768291 82.873092651
-0.102399543 -0.015010067 0.994629979 39.176368713 -0.013638292 0.999813318 0.013684209 -9.233318329 -0.994649887 -0.012163798 -0.102585129 82.803222656
-0.109663129 -0.015957691 0.993840575 39.932060242 -0.012071279 0.999818742 0.014721715 -9.230566025 -0.993895590 -0.010382509 -0.109835871 82.718727112
-0.116325639 -0.017121147 0.993063509 40.610027313 -0.010090359 0.999820113 0.016055688 -9.214210510 -0.993159890 -0.008152693 -0.116477489 82.674880981
-0.120213449 -0.018283360 0.992579818 41.325172424 -0.007415210 0.999818981 0.017518660 -9.208756447 -0.992720366 -0.005254219 -0.120327279 82.582733154
-0.123082526 -0.019467175 0.992205620 42.001262665 -0.006219782 0.999803066 0.018844672 -9.202190399 -0.992376924 -0.003851861 -0.123179398 82.519630432
-0.124809094 -0.020576490 0.991967380 42.698673248 -0.006161592 0.999781668 0.019963320 -9.202772141 -0.992161572 -0.003620499 -0.124908671 82.435546875
-0.124609761 -0.015280437 0.992088079 43.446102142 -0.005330078 0.999877334 0.014730913 -9.101205826 -0.992191553 -0.003452264 -0.124675937 82.345611572
-0.123978600 -0.014248881 0.992182493 44.117763519 -0.003986962 0.999896109 0.013861442 -9.103059769 -0.992276907 -0.002237246 -0.124022514 82.270744324
-0.121904194 -0.017390314 0.992389441 44.472415924 -0.005462445 0.999843061 0.016849963 -9.192343712 -0.992526829 -0.003366776 -0.121980034 82.225830078
-0.116552502 -0.016762743 0.993043005 45.078643799 -0.005029276 0.999854684 0.016287480 -9.190989494 -0.993171811 -0.003095925 -0.116619840 82.155273438
-0.109224364 -0.016581504 0.993878901 45.554695129 -0.006325678 0.999852240 0.015985960 -9.201329231 -0.993997037 -0.004540898 -0.109313130 82.120643616
-0.097858280 -0.016489461 0.995063782 46.127326965 -0.006973045 0.999849558 0.015882980 -9.201639175 -0.995176017 -0.005384342 -0.097958565 82.069969177
-0.084422313 -0.016621532 0.996291339 46.584529877 -0.008039239 0.999839664 0.015999448 -9.209992409 -0.996397614 -0.006658714 -0.084542446 82.046417236
-0.067507163 -0.015468770 0.997598827 47.114471436 -0.008505567 0.999852359 0.014928085 -9.214859962 -0.997682571 -0.007477380 -0.067628816 82.029548645
-0.046210255 -0.013129835 0.998845398 47.555438995 -0.009611920 0.999873221 0.012698613 -9.219557762 -0.998885512 -0.009014018 -0.046330601 82.025398254
-0.021456495 -0.010080934 0.999718964 48.074378967 -0.010546071 0.999895930 0.009856324 -9.223752022 -0.999714196 -0.010331630 -0.021560578 82.032386780
0.006945148 -0.008425592 0.999940395 48.511493683 -0.011867470 0.999893308 0.008507612 -9.220904350 -0.999905407 -0.011925838 0.006844416 82.054290771
0.039848115 -0.008965929 0.999165535 49.027278900 -0.012883136 0.999872029 0.009486057 -9.223449707 -0.999122620 -0.013250377 0.039727505 82.099449158
0.078135110 -0.012599059 0.996863186 49.431964874 -0.014502138 0.999799967 0.013772859 -9.239833832 -0.996837318 -0.015532792 0.077936761 82.148155212
0.120508388 -0.016482666 0.992575467 49.931896210 -0.015163284 0.999714971 0.018442180 -9.239595413 -0.992596507 -0.017273141 0.120224088 82.231330872
0.167121455 -0.021312779 0.985705912 50.331413269 -0.017153881 0.999552250 0.024520505 -9.248271942 -0.985787094 -0.021006586 0.166680977 82.306640625
0.215857431 -0.024677778 0.976112962 50.807464600 -0.019346420 0.999376297 0.029544167 -9.240562439 -0.976233244 -0.025261624 0.215245351 82.437866211
0.268208772 -0.028752923 0.962931573 51.205772400 -0.023106517 0.999074996 0.036268108 -9.268082619 -0.963083804 -0.031977415 0.267296255 82.576919556
0.323607475 -0.028923063 0.945749223 51.651016235 -0.020894088 0.999070644 0.037703097 -9.253148079 -0.945960760 -0.031961568 0.322702378 82.756828308
0.384279370 -0.032970972 0.922627926 52.012374878 -0.021805214 0.998759210 0.044773545 -9.309048653 -0.922959447 -0.037323661 0.383083552 82.902221680
0.442923337 -0.029433025 0.896076262 52.414234161 -0.017146233 0.999000192 0.041288935 -9.296350479 -0.896395564 -0.033652175 0.441975802 83.149726868
0.507500648 -0.027900295 0.861199498 52.807567596 -0.017027590 0.998955846 0.042397428 -9.340837479 -0.861482978 -0.036180913 0.506495655 83.344245911
0.564884365 -0.022810768 0.824854791 53.169227600 -0.015905330 0.999131203 0.038522650 -9.306915283 -0.825016737 -0.034880459 0.564030826 83.648834229
0.621492803 -0.017059525 0.783234060 53.460121155 -0.019958295 0.999093592 0.037597906 -9.306614876 -0.783165514 -0.038998883 0.620589137 83.913589478
0.673285425 -0.016169423 0.739205778 53.771114349 -0.016997153 0.999158084 0.037336975 -9.295408249 -0.739187121 -0.037702862 0.672443926 84.268791199
0.723644316 -0.013352289 0.690043986 54.047740936 -0.018495876 0.999078512 0.038728554 -9.286146164 -0.689925194 -0.040788677 0.722730637 84.575820923
0.769005895 -0.016757410 0.639022052 54.327735901 -0.015460027 0.998876393 0.044798784 -9.266790390 -0.639054716 -0.044329837 0.767882824 84.976463318
0.809547663 -0.020318840 0.586702347 54.523441315 -0.013033360 0.998532474 0.052565232 -9.258745193 -0.586909413 -0.050200790 0.808094859 85.327377319
0.846995890 -0.025134459 0.531004667 54.784145355 -0.008552954 0.998108089 0.060886893 -9.250530243 -0.531530440 -0.056112636 0.845178604 85.775581360
0.877251148 -0.028365456 0.479192674 54.949069977 -0.004340224 0.997743130 0.067006260 -9.215276718 -0.480011821 -0.060861155 0.875148356 86.218338013
0.903516114 -0.025630170 0.427787006 55.102390289 -0.005957305 0.997362435 0.072337605 -9.198466301 -0.428512752 -0.067906648 0.900980294 86.601821899
0.923825264 -0.023389360 0.382099271 55.248447418 -0.006033280 0.997118235 0.075623423 -9.175560951 -0.382766962 -0.072168127 0.921021819 87.071052551
0.939682305 -0.016946228 0.341628462 55.391891479 -0.010377482 0.996899724 0.077994749 -9.151206970 -0.341891080 -0.076835521 0.936593175 87.543930054
0.951608658 -0.013128805 0.307031929 55.511459351 -0.010974513 0.996998012 0.076646194 -9.118075371 -0.307116568 -0.076306708 0.948607802 88.035018921
0.960906923 -0.010572923 0.276669800 55.627029419 -0.010978401 0.997029781 0.076230712 -9.082077026 -0.276654065 -0.076288000 0.957936764 88.531623840
0.967115462 -0.017044697 0.253766447 55.772521973 -0.002342419 0.997112632 0.075900011 -9.042889595 -0.254327506 -0.073998488 0.964283049 89.046592712
0.970948577 -0.020730779 0.238388851 55.892456055 0.002690985 0.997123122 0.075751558 -9.005844116 -0.239273474 -0.072909363 0.968210936 89.560775757
0.974398375 -0.015076532 0.224322170 56.008663177 -0.002173486 0.997070789 0.076453768 -8.993946075 -0.224817693 -0.074983992 0.971511424 90.014244080
0.976603925 -0.010249213 0.214802086 56.109306335 -0.006460082 0.997014582 0.076943465 -8.950565338 -0.214949414 -0.076530918 0.973622084 90.555274963
0.977990091 -0.002059978 0.208640829 56.212421417 -0.013923747 0.997077942 0.075111359 -8.908433914 -0.208185926 -0.076363221 0.975103736 91.089996338
0.978490591 0.003839693 0.206255078 56.313705444 -0.019047957 0.997237206 0.071800478 -8.873010635 -0.205409512 -0.074184835 0.975860476 91.659080505
0.978768587 0.005808279 0.204886138 56.440704346 -0.020453548 0.997376800 0.069434956 -8.848224640 -0.203945443 -0.072151430 0.976319790 92.208244324
0.978146374 0.004321993 0.207872659 56.564582825 -0.018302958 0.997692525 0.065381177 -8.803462982 -0.207110420 -0.067757078 0.975968361 92.803428650
0.977815628 0.001007274 0.209465027 56.743808746 -0.013280897 0.998274565 0.057196766 -8.730241776 -0.209045961 -0.058709752 0.976141870 93.349441528
0.976751268 0.001449269 0.214371070 56.873199463 -0.012928681 0.998555243 0.052156836 -8.686293602 -0.213985771 -0.053715765 0.975358784 93.965423584
0.975425601 0.009225721 0.220136240 56.969413757 -0.022042369 0.998196661 0.055836387 -8.714265823 -0.219224155 -0.059316549 0.973869801 94.575195312
0.974120378 0.012238959 0.225697935 57.110904694 -0.026314953 0.997883558 0.059463922 -8.671141624 -0.224492520 -0.063864246 0.972380817 95.213905334
0.973102212 0.009311310 0.230185404 57.259796143 -0.024888109 0.997584164 0.064859875 -8.650086403 -0.229025364 -0.068844169 0.970982969 95.817893982
0.972130835 0.005021479 0.234385282 57.422592163 -0.022159703 0.997262657 0.070543408 -8.609028816 -0.233389482 -0.073771320 0.969581008 96.491149902
0.971499205 0.002488163 0.237029642 57.594261169 -0.020935860 0.996937752 0.075343348 -8.573087692 -0.236116350 -0.078158394 0.968576431 97.113716125
0.970816731 -0.002225450 0.239811823 57.767509460 -0.016441442 0.996986628 0.075810939 -8.525196075 -0.239257872 -0.077541366 0.967854798 97.786407471
0.970693767 -0.005623553 0.240254045 57.937541962 -0.012275285 0.997260869 0.072938077 -8.486070633 -0.240006059 -0.073749721 0.967965961 98.431152344
0.970774889 -0.006416577 0.239905864 58.111736298 -0.009730346 0.997768164 0.066060349 -8.445003510 -0.239794329 -0.066464067 0.968545914 99.103683472
0.970875084 -0.004023437 0.239552587 58.274955750 -0.010566302 0.998167157 0.059588574 -8.404922485 -0.239353240 -0.060384225 0.969053030 99.790382385
0.971483052 -0.000412927 0.237108633 58.441795349 -0.013087361 0.998380721 0.055360228 -8.353326797 -0.236747548 -0.056884628 0.969904482 100.512481689
0.972141564 -0.002330354 0.234382376 58.615242004 -0.012056187 0.998129725 0.059929088 -8.312294960 -0.234083757 -0.061085306 0.970295548 101.203460693
0.972537875 -0.006219606 0.232661694 58.796829224 -0.009763759 0.997672617 0.067483082 -8.269384384 -0.232539877 -0.067901492 0.970213711 101.936668396
0.973202109 -0.005907384 0.229875758 58.973953247 -0.011260489 0.997246325 0.073299684 -8.226580620 -0.229675770 -0.073923908 0.970455706 102.696151733
0.973663986 -0.002484986 0.227974147 59.149726868 -0.014447015 0.997258544 0.072572812 -8.183311462 -0.227529481 -0.073955096 0.970958829 103.430610657
0.974096060 0.002635583 0.226119310 59.311500549 -0.018386280 0.997544527 0.067578934 -8.132922173 -0.225385979 -0.069985881 0.971752584 104.191314697
0.974940896 0.004204209 0.222424030 59.485244751 -0.018531207 0.997881413 0.062365249 -8.079497337 -0.221690670 -0.064924240 0.972953320 104.961791992
0.975843012 0.003116053 0.218450099 59.662536621 -0.016478339 0.998099864 0.059373468 -8.029643059 -0.217850015 -0.061538909 0.974040270 105.752052307
0.976756692 0.000609914 0.214349598 59.846839905 -0.013945687 0.998058081 0.060708310 -7.984282017 -0.213896275 -0.062286507 0.974868476 106.538894653
0.977421820 -0.002940887 0.211276710 60.019908905 -0.010524574 0.997984350 0.062580965 -7.938223839 -0.211034849 -0.063391596 0.975420713 107.361236572
0.978218317 -0.005161286 0.207514331 60.243850708 -0.008231553 0.997940004 0.063623950 -7.851167202 -0.207415283 -0.063946292 0.976160765 108.177665710
0.978490949 -0.008259824 0.206124365 60.423648834 -0.005376680 0.997837543 0.065508828 -7.794158459 -0.206219733 -0.065208077 0.976330578 109.010543823
0.978227437 -0.012159801 0.207179189 60.556865692 -0.002270946 0.997595131 0.069273636 -7.804610252 -0.207523331 -0.068235829 0.975847304 109.803634644
0.978371739 -0.011149445 0.206553400 60.734321594 -0.003594161 0.997479379 0.070866726 -7.752620697 -0.206822902 -0.070076361 0.975865662 110.642829895
0.978238702 -0.005493094 0.207409620 60.888847351 -0.009146677 0.997535884 0.069559008 -7.720878601 -0.207280666 -0.069942407 0.975778222 111.485038757
0.978157520 0.000144470 0.207865030 61.064407349 -0.014144506 0.997728169 0.065866888 -7.661913872 -0.207383335 -0.067368329 0.975937426 112.333953857
0.977920651 0.009043549 0.208780646 61.225433350 -0.023128280 0.997609556 0.065119334 -7.630589485 -0.207692608 -0.068510287 0.975791991 113.170646667
0.977120519 0.015129237 0.212147459 61.392208099 -0.029720915 0.997392714 0.065761290 -7.582116127 -0.210599363 -0.070561916 0.975022495 114.021156311
0.976454616 0.017942887 0.214975432 61.566299438 -0.033273637 0.997136474 0.067908749 -7.538482666 -0.213141412 -0.073462814 0.974255621 114.879547119
0.975837290 0.018364215 0.217725456 61.750717163 -0.033708729 0.997185171 0.066973016 -7.486861229 -0.215882763 -0.072693996 0.973709524 115.737747192
0.975423634 0.017157787 0.219668418 61.937362671 -0.032064963 0.997403800 0.064477362 -7.444992065 -0.217991799 -0.069936357 0.973441601 116.585418701
0.975271463 0.011152295 0.220728621 62.138557434 -0.026310304 0.997482479 0.065852024 -7.398495674 -0.219438538 -0.070030987 0.973109722 117.425559998
0.975214005 0.004747070 0.221213162 62.337398529 -0.019519759 0.997717559 0.064642265 -7.357566833 -0.220401451 -0.067358077 0.973080695 118.295280457
0.974919438 0.003692093 0.222527623 62.529373169 -0.018427532 0.997768283 0.064178631 -7.306737900 -0.221794069 -0.066669635 0.972811699 119.139282227
0.974555850 0.006338676 0.224055201 62.724533081 -0.022072122 0.997455657 0.067786686 -7.271776199 -0.223055482 -0.071007282 0.972216129 119.998168945
0.974229991 0.009007510 0.225377515 62.908279419 -0.026279675 0.996930122 0.073754355 -7.223441124 -0.224021316 -0.077776544 0.971475840 120.855407715
0.974014163 0.012335907 0.226150617 63.097480774 -0.030655006 0.996507585 0.077672206 -7.173460960 -0.224402636 -0.082586452 0.970990837 121.702133179
0.973658919 0.011749373 0.227706403 63.285362244 -0.028712641 0.997039616 0.071327657 -7.125517845 -0.226194248 -0.075986832 0.971113861 122.527282715
0.973784924 0.006953440 0.227364361 63.484859467 -0.020382524 0.998179257 0.056769844 -7.080503941 -0.226555690 -0.059915856 0.972153604 123.331550598
0.973930180 0.004640849 0.226800546 63.690448761 -0.015962277 0.998714447 0.048109394 -7.039681911 -0.226285771 -0.050475415 0.972752273 124.197517395
