0.999999821 -0.000452762 -0.000405387 0.018480454 0.000453420 0.999998569 0.001624267 -0.023881702 0.000404651 -0.001624450 0.999998569 1.421405315
0.999997854 -0.001769668 -0.001052966 -0.000171627 0.001771494 0.999996901 0.001736643 -0.039766103 0.001049889 -0.001738504 0.999997914 2.608387947
0.999994576 -0.003029605 -0.001304834 0.014776235 0.003030447 0.999995291 0.000644238 -0.059923109 0.001302876 -0.000648189 0.999998927 4.005562305
0.999992609 -0.003599719 -0.001338785 0.008743069 0.003600921 0.999993026 0.000896259 -0.082594186 0.001335549 -0.000901073 0.999998629 5.292973995
0.999991238 -0.003940462 -0.001403754 0.009401099 0.003942642 0.999991119 0.001553900 -0.100480467 0.001397618 -0.001559421 0.999997735 6.607474327
0.999985516 -0.005260761 -0.001217399 0.005171496 0.005263955 0.999982655 0.002635030 -0.115308791 0.001203515 -0.002641400 0.999995768 7.914487362
0.999987006 -0.004902301 -0.001417642 0.002587294 0.004906248 0.999984086 0.002794158 -0.128821418 0.001403921 -0.002801077 0.999995112 9.218366623
0.999990463 -0.003958564 -0.001908972 -0.006677648 0.003960771 0.999991477 0.001153972 -0.150922447 0.001904387 -0.001161522 0.999997497 10.525508881
0.999996364 -0.001449202 -0.002282142 -0.011395277 0.001446687 0.999998271 -0.001103180 -0.169392690 0.002283738 0.001099874 0.999996781 11.829895973
0.999994040 0.001869254 -0.002920654 -0.016781365 -0.001874495 0.999996603 -0.001792975 -0.186982393 0.002917293 0.001798439 0.999994099 12.724708557
0.999987006 0.004555957 -0.002284779 -0.032654870 -0.004560763 0.999987304 -0.002102488 -0.213915378 0.002275174 0.002112882 0.999995172 14.460158348
0.999975443 0.006480774 -0.002651196 -0.049052518 -0.006486436 0.999976695 -0.002132713 -0.219801605 0.002637313 0.002149858 0.999994218 15.487477303
0.999995291 0.002473275 0.001815378 -0.001207571 -0.002475528 0.999996185 0.001239599 -0.248585433 -0.001812306 -0.001244088 0.999997556 17.306673050
0.999998093 -0.001403652 0.001368922 -0.004402807 0.001400106 0.999995649 0.002588652 -0.256498158 -0.001372549 -0.002586730 0.999995768 18.429666519
0.999971867 -0.007176644 0.002183671 0.010088053 0.007174089 0.999973595 0.001175415 -0.296017438 -0.002192049 -0.001159717 0.999996841 20.021183014
0.999965429 -0.008161168 0.001616960 0.007794898 0.008163336 0.999965727 -0.001338803 -0.305959672 -0.001605980 0.001351957 0.999997795 21.223886490
0.999979675 -0.005823976 0.002605755 0.012936193 0.005830789 0.999979556 -0.002614672 -0.337879360 -0.002590472 0.002629812 0.999993205 22.734188080
0.999991655 -0.003449621 0.002172825 -0.000827082 0.003452440 0.999993205 -0.001295232 -0.343363613 -0.002168341 0.001302722 0.999996841 23.934389114
0.999990523 -0.002855841 0.003282685 0.017771214 0.002845080 0.999990582 0.003278339 -0.385943860 -0.003292016 -0.003268968 0.999989212 25.470014572
0.999985099 -0.004345497 0.003295918 0.010065518 0.004331046 0.999980986 0.004378754 -0.389584243 -0.003314883 -0.004364414 0.999984980 26.716857910
0.999953330 -0.009047769 0.003391956 0.028501652 0.009036926 0.999953985 0.003198966 -0.415437758 -0.003420745 -0.003168164 0.999989152 28.218568802
0.999952197 -0.009388465 0.002753006 0.026057392 0.009386624 0.999955714 0.000681060 -0.427539647 -0.002759278 -0.000655186 0.999995947 29.488458633
0.999935746 -0.010280157 0.004775254 0.037931621 0.010286388 0.999946296 -0.001281839 -0.468140751 -0.004761822 0.001330876 0.999987781 31.018871307
0.999969661 -0.006057787 0.004894246 0.038109988 0.006071660 0.999977589 -0.002824695 -0.479412228 -0.004877025 0.002854325 0.999984026 32.345352173
0.999960303 -0.006506695 0.006076186 0.030588463 0.006532802 0.999969482 -0.004286633 -0.511407495 -0.006048104 0.004326160 0.999972343 33.762809753
0.999972761 -0.004919658 0.005489272 0.044306263 0.004941691 0.999979734 -0.004007610 -0.531405330 -0.005469443 0.004034629 0.999976933 35.069694519
0.999969482 -0.005478895 0.005567625 0.048007935 0.005492163 0.999982119 -0.002370695 -0.564719319 -0.005554537 0.002401201 0.999981642 36.549896240
0.999980927 -0.004049487 0.004662125 0.042739391 0.004056421 0.999990702 -0.001478892 -0.570539176 -0.004656094 0.001497776 0.999988019 37.898830414
0.999984801 -0.001223686 0.005370396 0.039968073 0.001226782 0.999999106 -0.000573363 -0.611649632 -0.005369691 0.000579942 0.999985397 39.353618622
0.999989212 0.000114411 0.004626382 0.040061533 -0.000108870 0.999999285 -0.001197997 -0.616412163 -0.004626515 0.001197481 0.999988556 40.697784424
0.999980688 0.003093025 0.005392740 0.039814681 -0.003090287 0.999995112 -0.000516017 -0.656070590 -0.005394310 0.000499342 0.999985337 42.186920166
0.999988854 0.003006644 0.003640474 0.054153308 -0.003005850 0.999995470 -0.000223487 -0.679348469 -0.003641129 0.000212543 0.999993324 43.530357361
0.999985278 0.003050149 0.004515850 0.041207388 -0.003047035 0.999995112 -0.000696313 -0.704009175 -0.004517953 0.000682542 0.999989569 45.009719849
0.999996722 0.001601644 0.002004521 0.070557386 -0.001598915 0.999997795 -0.001362092 -0.719338179 -0.002006700 0.001358883 0.999997020 46.383193970
0.999994993 0.002185611 0.002265627 0.061944272 -0.002182225 0.999996483 -0.001495979 -0.737667739 -0.002268887 0.001491028 0.999996305 47.825725555
0.999996901 0.002492758 0.000068177 0.068383537 -0.002492703 0.999996603 -0.000807512 -0.755209863 -0.000070190 0.000807340 0.999999702 49.189292908
0.999998569 0.001572467 -0.000648827 0.046219856 -0.001572715 0.999998629 -0.000381075 -0.780379295 0.000648224 0.000382094 0.999999642 50.664371490
0.999995112 0.001746805 -0.002609258 0.040179521 -0.001746886 0.999998391 -0.000028823 -0.799361229 0.002609202 0.000033381 0.999996543 52.017852783
0.999994755 0.002054760 -0.002501167 0.022107795 -0.002053281 0.999997735 0.000593268 -0.817598581 0.002502380 -0.000588128 0.999996841 53.527080536
0.999990106 -0.000225685 -0.004447960 0.031077489 0.000233804 0.999998331 0.001824989 -0.844880879 0.004447540 -0.001826011 0.999988496 54.912132263
0.999991655 -0.000908264 -0.003979582 -0.008337826 0.000913502 0.999998689 0.001314864 -0.836027503 0.003978386 -0.001318488 0.999991238 56.369213104
0.999982834 -0.003490092 -0.004708974 -0.018605083 0.003490798 0.999993920 0.000142047 -0.847918510 0.004708448 -0.000158484 0.999988914 57.717235565
0.999978662 -0.004733020 -0.004494275 -0.025650904 0.004737122 0.999988377 0.000902720 -0.872597277 0.004489953 -0.000923991 0.999989510 59.229377747
0.999982357 -0.003783020 -0.004590089 -0.037364274 0.003784677 0.999992847 0.000352520 -0.881834567 0.004588724 -0.000369886 0.999989450 60.552639008
0.999968350 -0.007080956 -0.003625834 -0.045411989 0.007088351 0.999972761 0.002030576 -0.913294852 0.003611361 -0.002056213 0.999991298 62.094787598
0.999964297 -0.007624085 -0.003637116 -0.049727634 0.007628125 0.999970317 0.001098162 -0.935851336 0.003628637 -0.001125868 0.999992728 63.447090149
0.999924421 -0.011825466 -0.003360726 -0.057251126 0.011829212 0.999929428 0.001096955 -0.969869494 0.003347517 -0.001136627 0.999993682 64.969841003
0.999933720 -0.011102207 -0.003035303 -0.064087793 0.011103533 0.999938250 0.000420216 -0.991402030 0.003030449 -0.000453891 0.999995232 66.366340637
0.999952972 -0.009469640 -0.002076065 -0.072962962 0.009470326 0.999955118 0.000320917 -1.012643456 0.002072935 -0.000340563 0.999997795 67.812042236
0.999977887 -0.006463614 -0.001562970 -0.093104593 0.006465640 0.999978304 0.001294810 -1.032651067 0.001554570 -0.001304887 0.999997973 69.182884216
0.999992311 -0.003082903 -0.002425936 -0.102733530 0.003087325 0.999993563 0.001821161 -1.022740126 0.002420306 -0.001828637 0.999995410 70.546325684
0.999997854 0.000705045 -0.001939918 -0.118309058 -0.000700272 0.999996722 0.002459818 -1.052760363 0.001941645 -0.002458455 0.999995112 71.855308533
0.999982655 0.005835426 -0.000680155 -0.151939631 -0.005834095 0.999981105 0.001941191 -1.076523066 0.000691469 -0.001937189 0.999997914 73.377204895
0.999976456 0.006821204 -0.000583369 -0.165303215 -0.006820715 0.999976337 0.000834975 -1.076918840 0.000589051 -0.000830976 0.999999523 74.707725525
0.999950528 0.009946418 0.000210893 -0.148284748 -0.009946650 0.999949872 0.001128795 -1.115855455 -0.000199656 -0.001130837 0.999999344 76.196998596
0.999947548 0.010237934 0.000254172 -0.156216532 -0.010238290 0.999946535 0.001448504 -1.140964866 -0.000239328 -0.001451030 0.999998927 77.539413452
0.999952078 0.009712763 0.001156504 -0.198485851 -0.009714091 0.999952078 0.001148561 -1.181694388 -0.001145293 -0.001159740 0.999998629 79.006248474
0.999961138 0.008700958 0.001410878 -0.229683489 -0.008701136 0.999962091 0.000120300 -1.204345465 -0.001409777 -0.000132572 0.999998987 80.329681396
0.999968410 0.007940696 0.000390488 -0.204879820 -0.007940717 0.999968469 0.000055962 -1.220632911 -0.000390032 -0.000059061 0.999999940 81.637100220
0.999977529 0.006701489 -0.000082306 -0.189179868 -0.006701430 0.999977291 0.000692277 -1.250821114 0.000086944 -0.000691710 0.999999762 83.186019897
0.999979436 0.006349172 -0.000917274 -0.184686065 -0.006348749 0.999979734 0.000462942 -1.282139182 0.000920195 -0.000457109 0.999999464 84.442459106
0.999975920 0.006743416 -0.001641127 -0.209647909 -0.006743609 0.999977171 -0.000112243 -1.281112075 0.001640333 0.000123308 0.999998629 85.820426941
0.999976039 0.006471804 -0.002465404 -0.213637933 -0.006468723 0.999978304 0.001256172 -1.328727126 0.002473480 -0.001240195 0.999996185 87.347908020
0.999978244 0.004478767 -0.004848608 -0.148727089 -0.004468354 0.999987721 0.002156310 -1.357258558 0.004858206 -0.002134598 0.999985874 88.629104614
0.999982238 0.002357181 -0.005475055 -0.204377919 -0.002344307 0.999994397 0.002356517 -1.368969202 0.005480580 -0.002343639 0.999982238 90.134025574
0.999979258 -0.000669385 -0.006408447 -0.209219515 0.000686520 0.999996185 0.002672067 -1.392551303 0.006406633 -0.002676411 0.999975920 91.421134949
0.999973655 -0.001695361 -0.007051880 -0.229988962 0.001710990 0.999996006 0.002210955 -1.423526883 0.007048103 -0.002222962 0.999972701 92.880332947
0.999970257 -0.002163370 -0.007405502 -0.228977233 0.002175446 0.999996364 0.001623072 -1.440575361 0.007401964 -0.001639134 0.999971271 94.149513245
0.999970078 -0.001623526 -0.007566365 -0.247787684 0.001628989 0.999998391 0.000716003 -1.459508657 0.007565191 -0.000728306 0.999971211 95.504096985
0.999966502 -0.003034291 -0.007598796 -0.266926795 0.003039359 0.999995291 0.000655575 -1.492637157 0.007596772 -0.000678648 0.999970913 96.978431702
0.999970496 -0.001978988 -0.007414673 -0.281609982 0.001975372 0.999997973 -0.000494943 -1.508487344 0.007415637 0.000480282 0.999972403 98.293388367
0.999971390 -0.000420396 -0.007556252 -0.292155981 0.000417275 0.999999762 -0.000414581 -1.519085884 0.007556426 0.000411416 0.999971330 99.606964111
0.999968171 -0.000544378 -0.007968135 -0.294898152 0.000552646 0.999999285 0.001035467 -1.541072488 0.007967565 -0.001039838 0.999967754 100.922172546
0.999972343 0.001164537 -0.007339930 -0.327865809 -0.001145024 0.999995828 0.002662160 -1.575653672 0.007342999 -0.002653681 0.999969542 102.303291321
0.999973178 0.000613673 -0.007296497 -0.328119963 -0.000605458 0.999999225 0.001127975 -1.593266964 0.007297184 -0.001123527 0.999972820 103.550468445
0.999971271 0.001109254 -0.007501769 -0.352865189 -0.001121070 0.999998152 -0.001570992 -1.617797852 0.007500013 0.001579357 0.999970675 104.882217407
0.999971986 -0.000080779 -0.007482824 -0.370538116 0.000062512 0.999996960 -0.002441379 -1.647294402 0.007482999 0.002440843 0.999968946 106.329948425
0.999970317 -0.002001415 -0.007440142 -0.371007442 0.001991390 0.999997079 -0.001354550 -1.665356517 0.007442831 0.001339694 0.999971390 107.604034424
0.999966979 -0.004234237 -0.006933812 -0.391765624 0.004238610 0.999990821 0.000616037 -1.701768875 0.006931139 -0.000645407 0.999975741 109.001991272
0.999965429 -0.005593672 -0.006148922 -0.414683461 0.005599446 0.999983907 0.000922183 -1.716213226 0.006143664 -0.000956581 0.999980628 110.319587708
0.999964178 -0.006426013 -0.005503773 -0.432374537 0.006420493 0.999978900 -0.001020077 -1.713466287 0.005510211 0.000984704 0.999984324 111.606910706
0.999979675 -0.004610009 -0.004404288 -0.440776289 0.004597390 0.999985337 -0.002870897 -1.766283870 0.004417459 0.002850590 0.999986172 113.009796143
0.999990284 -0.002983842 -0.003251212 -0.455524832 0.002968249 0.999984086 -0.004790613 -1.786194086 0.003265455 0.004780917 0.999983251 114.299987793
0.999995649 0.000325079 -0.002944832 -0.443060398 -0.000340165 0.999986827 -0.005124082 -1.809735775 0.002943127 0.005125061 0.999982476 115.635330200
0.999997854 0.001436434 -0.001438893 -0.441057235 -0.001440931 0.999994040 -0.003129171 -1.843134403 0.001434389 0.003131238 0.999993980 117.028823853
0.999999464 0.000515261 -0.000814089 -0.447528124 -0.000515719 0.999999642 -0.000561900 -1.867960811 0.000813800 0.000562319 0.999999464 118.313468933
0.999998450 0.001689335 0.000434540 -0.464707643 -0.001689130 0.999998450 -0.000471281 -1.888707399 -0.000435335 0.000470547 0.999999821 119.676368713
0.999996543 0.002430153 0.000995629 -0.463565201 -0.002428931 0.999996245 -0.001227832 -1.907989144 -0.000998610 0.001225410 0.999998748 120.966468811
0.999990046 0.003658791 0.002546032 -0.461722851 -0.003655035 0.999992371 -0.001478419 -1.942286134 -0.002551421 0.001469099 0.999995649 122.343124390
0.999974847 0.005952282 0.003854174 -0.460663676 -0.005945399 0.999980748 -0.001795135 -1.969377398 -0.003864785 0.001772175 0.999990880 123.620231628
0.999975383 0.005441334 0.004418117 -0.470023751 -0.005430932 0.999982476 -0.002363138 -1.991435051 -0.004430898 0.002339085 0.999987364 124.961631775
0.999951065 0.008101514 0.005671402 -0.479538202 -0.008081074 0.999960721 -0.003617363 -2.031887770 -0.005700485 0.003571354 0.999977350 126.347869873
0.999955714 0.006876225 0.006428480 -0.467804551 -0.006851298 0.999968886 -0.003891638 -2.050567150 -0.006455041 0.003847421 0.999971747 127.618324280
0.999942482 0.007671944 0.007495978 -0.463123560 -0.007647549 0.999965370 -0.003277875 -2.068068027 -0.007520865 0.003220361 0.999966562 129.029159546
0.999943733 0.006495161 0.008391324 -0.457661510 -0.006470040 0.999974489 -0.003017433 -2.082753181 -0.008410709 0.002962971 0.999960303 130.333267212
0.999953568 0.004757671 0.008383117 -0.453800201 -0.004743872 0.999987304 -0.001665249 -2.136275768 -0.008390933 0.001625403 0.999963462 131.709136963
0.999963105 0.002774665 0.008136726 -0.435263991 -0.002761006 0.999994755 -0.001689521 -2.164376736 -0.008141371 0.001666993 0.999965429 133.009506226
0.999977052 0.001236143 0.006661921 -0.399952710 -0.001228957 0.999998689 -0.001082652 -2.181834936 -0.006663250 0.001074440 0.999977171 134.326263428
0.999971867 -0.000255603 0.007493038 -0.431984067 0.000267688 0.999998689 -0.001611859 -2.197776079 -0.007492617 0.001613820 0.999970615 135.735580444
0.999980032 -0.001611320 0.006100971 -0.418852746 0.001623224 0.999996841 -0.001946755 -2.216587305 -0.006097815 0.001956620 0.999979496 137.038482666
0.999985099 -0.003193660 0.004409317 -0.401857972 0.003198870 0.999994278 -0.001174920 -2.243514299 -0.004405540 0.001189008 0.999989569 138.348037720
0.999983490 -0.004335777 0.003797257 -0.401132226 0.004338232 0.999990404 -0.000638284 -2.277883053 -0.003794454 0.000654746 0.999992609 139.765090942
0.999987543 -0.004475755 0.002228270 -0.399570256 0.004477456 0.999989688 -0.000758900 -2.299350500 -0.002224851 0.000768867 0.999997258 141.066879272
0.999989629 -0.004472293 0.000860984 -0.396855712 0.004473569 0.999988914 -0.001485057 -2.314300776 -0.000854332 0.001488893 0.999998569 142.383041382
0.999988019 -0.004882860 0.000327678 -0.403750122 0.004883315 0.999987006 -0.001403233 -2.357980728 -0.000320822 0.001404816 0.999998987 143.764221191
0.999965847 -0.008211930 -0.000872131 -0.406374156 0.008208605 0.999959230 -0.003751192 -2.390635490 0.000902900 0.003743905 0.999992609 145.053833008
0.999921679 -0.012335377 -0.002077085 -0.412305117 0.012324932 0.999911666 -0.004968457 -2.400954723 0.002138190 0.004942468 0.999985516 146.392242432
0.999704659 -0.024293493 0.000615594 -0.272007108 0.024293797 0.999704719 -0.000497967 -2.401365042 -0.000603315 0.000512775 0.999999702 147.922576904
0.999525428 -0.030782780 -0.001145220 -0.264123321 0.030783460 0.999525845 0.000580857 -2.413315773 0.001126797 -0.000615836 0.999999225 149.260955811
0.999405205 -0.034409076 -0.002263116 -0.270410031 0.034402952 0.999404490 -0.002690862 -2.444207191 0.002354359 0.002611404 0.999993801 150.549972534
0.999452174 -0.033071734 -0.001253930 -0.276731282 0.033063546 0.999434829 -0.006067703 -2.461510420 0.001453891 0.006022919 0.999980748 151.972702026
0.999551177 -0.029949103 -0.000625579 -0.283932865 0.029943125 0.999519467 -0.008017258 -2.496894836 0.000865388 0.007994927 0.999967635 153.288665771
0.999599814 -0.028285053 0.000269211 -0.292042196 0.028286319 0.999561310 -0.008779189 -2.514795780 -0.000020773 0.008783290 0.999961376 154.612411499
0.999462605 -0.032774042 0.000608077 -0.282444179 0.032776557 0.999451637 -0.004727774 -2.561107635 -0.000452795 0.004745167 0.999988616 156.051467896
0.999286652 -0.037756253 0.000757501 -0.273679256 0.037757795 0.999284685 -0.002138957 -2.584655523 -0.000676200 0.002166033 0.999997437 157.380371094
0.999132991 -0.041631408 0.000072605 -0.263799876 0.041631430 0.999132872 -0.000650573 -2.605525732 -0.000045458 0.000653030 0.999999821 158.698791504
0.999067247 -0.043172467 0.000890217 -0.260265023 0.043173123 0.999067426 -0.000736094 -2.640659094 -0.000857607 0.000773840 0.999999344 160.130813599
0.999123693 -0.041824739 0.001589217 -0.258767784 0.041824553 0.999124944 0.000147249 -2.678761482 -0.001593985 -0.000080652 0.999998748 161.467575073
0.999310672 -0.037000842 0.003015012 -0.280136764 0.037005670 0.999313831 -0.001563179 -2.684494495 -0.002955104 0.001673674 0.999994278 162.769332886
0.999436557 -0.033351265 0.003770666 -0.272018492 0.033364490 0.999437094 -0.003500365 -2.705533981 -0.003651802 0.003624199 0.999986768 164.202743530
0.999538004 -0.030004896 0.004854135 -0.291553319 0.030026255 0.999539495 -0.004388141 -2.729132891 -0.004720234 0.004531865 0.999978602 165.532318115
0.999600470 -0.027871476 0.004672159 -0.289504528 0.027888451 0.999604523 -0.003609234 -2.758742809 -0.004569717 0.003738091 0.999982595 166.923995972
0.999501288 -0.030496381 0.008191559 -0.341808796 0.030509386 0.999533355 -0.001468113 -2.822217941 -0.008142965 0.001717301 0.999965370 168.319107056
0.999609828 -0.026824322 0.007790409 -0.333467484 0.026860178 0.999628961 -0.004534887 -2.843378067 -0.007665873 0.004742370 0.999959409 169.653182983
0.999718130 -0.022705540 0.006923092 -0.323032379 0.022757769 0.999712467 -0.007561610 -2.854536057 -0.006749410 0.007717032 0.999947429 170.969329834
0.999770284 -0.020261385 0.007003678 -0.338390827 0.020315010 0.999764144 -0.007671943 -2.918000221 -0.006846584 0.007812456 0.999945998 172.455200195
0.999869466 -0.014393833 0.007340024 -0.339732051 0.014443035 0.999873221 -0.006695022 -2.957066536 -0.007242728 0.006800158 0.999950588 173.800704956
0.999902546 -0.011958306 0.007202531 -0.338608503 0.011995386 0.999914825 -0.005127149 -2.974465847 -0.007140606 0.005213046 0.999960899 175.181427002
0.999899149 -0.011213929 0.008713916 -0.372961879 0.011234049 0.999934256 -0.002263189 -3.021217108 -0.008687964 0.002360853 0.999959469 176.575241089
0.999887943 -0.012566682 0.008141202 -0.361323357 0.012584665 0.999918461 -0.002161515 -3.031878710 -0.008113375 0.002263726 0.999964535 177.869323730
0.999867678 -0.015278398 0.005573250 -0.336203337 0.015290393 0.999880791 -0.002115925 -3.059618473 -0.005540256 0.002200861 0.999982238 179.308975220
0.999846935 -0.016725035 0.005128638 -0.392992556 0.016753573 0.999844134 -0.005573379 -3.086727619 -0.005034624 0.005658449 0.999971330 180.669464111
0.999880672 -0.014991712 0.003724682 -0.394397855 0.015028175 0.999837458 -0.009962857 -3.122727633 -0.003574715 0.010017645 0.999943435 182.045379639
0.999940515 -0.010327780 0.003525289 -0.453451455 0.010365030 0.999888897 -0.010717341 -3.148524284 -0.003414212 0.010753240 0.999936342 183.394912720
0.999961197 -0.007955183 0.003776832 -0.456251204 0.007987593 0.999930680 -0.008644877 -3.203038216 -0.003707799 0.008674713 0.999955416 184.797790527
0.999973118 -0.006038061 0.004154522 -0.476565301 0.006059683 0.999968052 -0.005211469 -3.222303152 -0.004122924 0.005236504 0.999977767 186.144317627
0.999981821 -0.004461048 0.004040094 -0.469092727 0.004476169 0.999982953 -0.003741328 -3.250082731 -0.004023334 0.003759345 0.999984860 187.494888306
0.999969840 -0.006046895 0.004881510 -0.489426672 0.006058738 0.999978721 -0.002414803 -3.281654596 -0.004866804 0.002444306 0.999985158 188.768920898
0.999962449 -0.007551487 0.004256012 -0.460997283 0.007559055 0.999969900 -0.001764836 -3.312462807 -0.004242558 0.001796942 0.999989390 190.374526978
0.999936879 -0.010258690 0.004586885 -0.480985105 0.010263858 0.999946713 -0.001104630 -3.333986759 -0.004575308 0.001151640 0.999988914 191.775100708
0.999911010 -0.012527830 0.004590815 -0.454424500 0.012533375 0.999920726 -0.001180797 -3.366308689 -0.004575658 0.001238232 0.999988794 193.178039551
0.999855936 -0.016105432 0.005362733 -0.465742350 0.016107081 0.999870300 -0.000264118 -3.380790949 -0.005357783 0.000350458 0.999985576 194.519424438
0.999772906 -0.020625835 0.005360398 -0.440834403 0.020620055 0.999786735 0.001131947 -3.394448042 -0.005382603 -0.001021157 0.999985039 195.761642456
0.999766529 -0.020998389 0.005082146 -0.424495339 0.020996608 0.999779463 0.000403334 -3.436677694 -0.005089493 -0.000296533 0.999987006 197.434829712
0.999783337 -0.020130333 0.005288697 -0.429386497 0.020149421 0.999790549 -0.003581258 -3.459672928 -0.005215496 0.003687045 0.999979615 198.787002563
0.999915361 -0.012014371 0.004989514 -0.422725499 0.012059709 0.999885321 -0.009158043 -3.487279415 -0.004878913 0.009217442 0.999945641 200.189651489
0.999963522 -0.004551230 0.007228123 -0.402462482 0.004613482 0.999952197 -0.008619254 -3.498549938 -0.007188549 0.008652287 0.999936700 201.703887939
0.999968171 0.001595247 0.007813415 -0.395488858 -0.001558190 0.999987483 -0.004746410 -3.526609898 -0.007820888 0.004734083 0.999958158 203.087524414
0.999935448 0.007000995 0.008952626 -0.468571901 -0.006967837 0.999968708 -0.003729283 -3.573662281 -0.008978455 0.003666662 0.999952972 204.371337891
0.999955773 0.002963158 0.008920631 -0.398235083 -0.002939215 0.999992013 -0.002696011 -3.590991735 -0.008928549 0.002669672 0.999956489 206.039199829
0.999969423 -0.000433120 0.007805417 -0.398886561 0.000453493 0.999996483 -0.002608271 -3.620032310 -0.007804260 0.002611730 0.999966085 207.428756714
0.999972522 -0.001800364 0.007192823 -0.398412228 0.001824637 0.999992669 -0.003369516 -3.642740726 -0.007186705 0.003382547 0.999968410 208.831405640
0.999980152 -0.001415234 0.006139256 -0.370635986 0.001440483 0.999990523 -0.004110114 -3.669310808 -0.006133380 0.004118874 0.999972701 210.379638672
0.999982357 -0.000545541 0.005924744 -0.380765796 0.000569098 0.999991953 -0.003974833 -3.695294619 -0.005922528 0.003978133 0.999974549 211.772079468
0.999979794 0.001021585 0.006279958 -0.394831538 -0.000998250 0.999992609 -0.003717658 -3.703283548 -0.006283708 0.003711313 0.999973416 213.178497314
0.999981165 0.000738073 0.006084141 -0.386153579 -0.000714327 0.999992132 -0.003904297 -3.747212410 -0.006086974 0.003899877 0.999973893 214.755630493
0.999984920 -0.000769970 0.005447083 -0.400007725 0.000794089 0.999989927 -0.004427102 -3.772170782 -0.005443619 0.004431360 0.999975443 216.209991455
0.999985635 -0.000182153 0.005362069 -0.378104925 0.000208167 0.999988317 -0.004851478 -3.817338467 -0.005361122 0.004852525 0.999973834 217.683700562
0.999986291 -0.000099424 0.005225292 -0.376774430 0.000124938 0.999988019 -0.004882819 -3.847975254 -0.005224744 0.004883404 0.999974430 219.119186401
0.999987602 0.000112850 0.004987380 -0.388248086 -0.000086779 0.999986351 -0.005227388 -3.872678280 -0.004987902 0.005226891 0.999973893 220.575408936
0.999986529 -0.001040988 0.005074744 -0.378881812 0.001068719 0.999984503 -0.005464747 -3.909282684 -0.005068976 0.005470098 0.999972105 222.118499756
0.999991000 -0.000394799 0.004217624 -0.368111670 0.000420239 0.999981761 -0.006032575 -3.935488701 -0.004215166 0.006034292 0.999972880 223.580093384
0.999990225 -0.001041661 0.004298900 -0.372605801 0.001065889 0.999983549 -0.005637425 -3.974132776 -0.004292957 0.005641951 0.999974787 225.034515381
0.999993324 0.000205953 0.003630087 -0.358580470 -0.000183555 0.999980927 -0.006169159 -4.006320000 -0.003631288 0.006168451 0.999974310 226.595870972
0.999993503 -0.001082274 0.003416816 -0.353302121 0.001102385 0.999981999 -0.005889522 -4.047899246 -0.003410380 0.005893250 0.999976814 228.074737549
0.999991953 -0.002402100 0.003255090 -0.357870698 0.002422804 0.999976754 -0.006371058 -4.076782703 -0.003239711 0.006378892 0.999974430 229.600326538
0.999987066 -0.003466000 0.003757095 -0.363334298 0.003489725 0.999973893 -0.006326467 -4.105134010 -0.003735071 0.006339495 0.999972939 231.076446533
0.999981284 -0.004494774 0.004173929 -0.366358697 0.004517972 0.999974310 -0.005565075 -4.137257576 -0.004148808 0.005583829 0.999975801 232.572036743
0.999981105 -0.005263021 0.003174961 -0.347757697 0.005279380 0.999972701 -0.005166362 -4.177997589 -0.003147684 0.005183025 0.999981582 234.104446411
0.999984801 -0.004371862 0.003368590 -0.337148786 0.004389366 0.999976814 -0.005206611 -4.225528717 -0.003345749 0.005221318 0.999980748 235.612548828
0.999985039 -0.004466241 0.003149032 -0.341564715 0.004483652 0.999974549 -0.005543618 -4.257654190 -0.003124193 0.005557656 0.999979615 237.109619141
0.999985576 -0.002476315 0.004750590 -0.363422871 0.002499909 0.999984562 -0.004967096 -4.288639069 -0.004738217 0.004978900 0.999976337 238.597442627
0.999989152 -0.002205532 0.004094261 -0.342615962 0.002220023 0.999991298 -0.003538321 -4.304849625 -0.004086421 0.003547373 0.999985337 240.152343750
0.999980748 -0.002881829 0.005490188 -0.360790968 0.002897711 0.999991655 -0.002887034 -4.336408615 -0.005481822 0.002902886 0.999980688 241.671188354
0.999976635 -0.002187057 0.006467924 -0.375712752 0.002215694 0.999987721 -0.004423677 -4.366741180 -0.006458171 0.004437905 0.999969304 243.164962769
0.999979615 -0.002858669 0.005697982 -0.347321391 0.002892095 0.999978662 -0.005866725 -4.403433800 -0.005681089 0.005883085 0.999966502 244.703872681
0.999979258 -0.001873226 0.006179557 -0.337839246 0.001902908 0.999986589 -0.004800708 -4.445641994 -0.006170483 0.004812367 0.999969304 246.207458496
0.999976158 -0.002198062 0.006553669 -0.353972554 0.002219673 0.999992073 -0.003292121 -4.481818676 -0.006546382 0.003306588 0.999973059 247.720474243
0.999980390 -0.001719358 0.006011176 -0.345885992 0.001745998 0.999988675 -0.004429260 -4.494410038 -0.006003493 0.004439669 0.999972045 249.233230591
0.999982119 -0.002517153 0.005425307 -0.334094524 0.002533259 0.999992371 -0.002963970 -4.539313316 -0.005417806 0.002977661 0.999980867 250.783401489
0.999986827 -0.001461269 0.004925042 -0.325268507 0.001477528 0.999993443 -0.003299386 -4.559422493 -0.004920189 0.003306619 0.999982417 252.335815430
0.999988019 0.000268061 0.004882343 -0.320494890 -0.000249460 0.999992669 -0.003809901 -4.580085754 -0.004883329 0.003808638 0.999980807 253.837081909
0.999983311 0.000439646 0.005760232 -0.334271193 -0.000424164 0.999996305 -0.002688396 -4.622486591 -0.005761392 0.002685909 0.999979734 255.342086792
0.999988019 -0.000922838 0.004800796 -0.328549027 0.000935179 0.999996305 -0.002568978 -4.654192448 -0.004798408 0.002573437 0.999985099 256.893737793
0.999981225 -0.002335918 0.005649551 -0.345053434 0.002345080 0.999995887 -0.001615676 -4.686817169 -0.005645754 0.001628895 0.999982715 258.434387207
0.999970257 -0.005672757 0.005220708 -0.332729816 0.005679552 0.999982953 -0.001287640 -4.697961807 -0.005213315 0.001317253 0.999985456 259.942779541
0.999950945 -0.006819566 0.007184902 -0.365377307 0.006840166 0.999972463 -0.002846424 -4.712635517 -0.007165293 0.002895431 0.999970078 261.465881348
0.999940932 -0.009662856 0.004978987 -0.342240810 0.009676099 0.999949694 -0.002642576 -4.759402275 -0.004953202 0.002690596 0.999984086 263.008758545
0.999942362 -0.009709483 0.004586267 -0.318342686 0.009718251 0.999950945 -0.001893704 -4.780235291 -0.004567656 0.001938165 0.999987662 264.538635254
0.999915481 -0.012058586 0.004860312 -0.331103206 0.012061005 0.999927223 -0.000468737 -4.801286221 -0.004854307 0.000527317 0.999988079 266.085510254
0.999898493 -0.013087601 0.005621686 -0.319522738 0.013094417 0.999913692 -0.001177811 -4.817411900 -0.005605785 0.001251305 0.999983490 267.602050781
0.999920309 -0.010863358 0.006430944 -0.323286057 0.010878094 0.999938250 -0.002260779 -4.849691391 -0.006405988 0.002330555 0.999976754 269.065521240
0.999910355 -0.011479312 0.006892870 -0.312477231 0.011497001 0.999930739 -0.002532315 -4.868606567 -0.006863323 0.002611336 0.999973059 270.557067871
0.999895573 -0.012275627 0.007622069 -0.306071281 0.012287161 0.999923408 -0.001468289 -4.907649994 -0.007603461 0.001561791 0.999969840 272.149963379
0.999902248 -0.010139121 0.009632512 -0.330666304 0.010159823 0.999946117 -0.002102781 -4.933491230 -0.009610673 0.002200441 0.999951422 273.652862549
0.999910116 -0.008270556 0.010549337 -0.329563856 0.008294098 0.999963224 -0.002189659 -4.959507942 -0.010530839 0.002276960 0.999942005 275.193572998
0.999905229 -0.008738331 0.010640216 -0.316078424 0.008763146 0.999958992 -0.002287732 -4.990669727 -0.010619789 0.002380757 0.999940693 276.739074707
0.999889612 -0.011708443 0.009152374 -0.211754322 0.011739813 0.999925435 -0.003381389 -4.968977928 -0.009112101 0.003488462 0.999952376 278.173187256
0.999866903 -0.011227275 0.011834795 -0.263054848 0.011275534 0.999928355 -0.004018893 -5.009542465 -0.011788826 0.004151801 0.999921858 279.690246582
0.999886096 -0.008310834 0.012593737 -0.267331839 0.008362549 0.999956787 -0.004059623 -5.069860935 -0.012559456 0.004164477 0.999912381 281.336578369
0.999872625 -0.008272775 0.013649963 -0.267097235 0.008319057 0.999959826 -0.003337282 -5.110563278 -0.013621806 0.003450412 0.999901175 282.839355469
0.999854326 -0.008428353 0.014839143 -0.244440079 0.008499988 0.999952435 -0.004771087 -5.088497639 -0.014798226 0.004896525 0.999878466 284.306274414
0.999869645 -0.009877501 0.012772763 -0.191900015 0.009947550 0.999935687 -0.005432235 -5.169895172 -0.012718286 0.005558585 0.999903679 285.856750488
0.999866962 -0.010090017 0.012813242 -0.192985296 0.010198938 0.999912083 -0.008464010 -5.195341110 -0.012726716 0.008593567 0.999882102 287.391204834
0.999879777 -0.011511948 0.010381358 -0.142207861 0.011593268 0.999902248 -0.007807354 -5.243498325 -0.010290464 0.007926770 0.999915659 288.901184082
0.999890447 -0.010672133 0.010249634 -0.139126301 0.010757491 0.999907613 -0.008309226 -5.265632153 -0.010160011 0.008418576 0.999912918 290.370025635
0.999901414 -0.009990875 0.009864316 -0.144515276 0.010084339 0.999904275 -0.009471080 -5.301362038 -0.009768750 0.009569621 0.999906480 291.910736084
0.999932408 -0.007513346 0.008867798 -0.149423599 0.007594624 0.999929190 -0.009167703 -5.376544952 -0.008798288 0.009234432 0.999918640 293.392669678
0.999926031 -0.009954535 0.007005620 -0.071783781 0.010016195 0.999910891 -0.008821790 -5.358733177 -0.006917180 0.008891307 0.999936521 294.729522705
0.999935150 -0.010317539 0.004822415 0.001949549 0.010356806 0.999912798 -0.008189712 -5.413447380 -0.004737497 0.008239124 0.999954820 296.090972900
0.999911308 -0.012029169 0.005713874 -0.104754090 0.012066656 0.999905705 -0.006572511 -5.449337959 -0.005634274 0.006640876 0.999962091 297.510375977
0.999922931 -0.011051897 0.005649442 -0.142132998 0.011083029 0.999923408 -0.005509505 -5.478804111 -0.005588121 0.005571693 0.999968886 298.946990967
0.999934673 -0.009263597 0.006699335 -0.143310070 0.009295970 0.999945283 -0.004817274 -5.521727562 -0.006654344 0.004879238 0.999965966 300.400573730
0.999985635 -0.002866732 0.004523515 0.013181210 0.002906191 0.999957502 -0.008740860 -5.598213673 -0.004498264 0.008753880 0.999951541 305.128326416
0.999982059 -0.003803259 0.004630763 0.040342093 0.003847809 0.999945998 -0.009650113 -5.596828938 -0.004593813 0.009667759 0.999942720 306.565093994
0.999872208 -0.013237205 0.008966411 -0.156543732 0.013290627 0.999894083 -0.005924748 -5.599692345 -0.008887034 0.006043158 0.999942303 304.635955811
0.999955416 -0.007596942 0.005607107 0.021159291 0.007664996 0.999895930 -0.012216972 -5.695061684 -0.005513712 0.012259407 0.999909639 309.702178955
0.999958992 -0.007049685 0.005675171 0.019519687 0.007123211 0.999889553 -0.013041389 -5.732921600 -0.005582607 0.013081282 0.999898851 311.185546875
0.999972463 -0.006465324 0.003640238 0.002557516 0.006515720 0.999880612 -0.014006513 -5.782525539 -0.003549247 0.014029846 0.999895275 312.679168701
0.999970853 -0.007271561 0.002333209 -0.025842130 0.007299857 0.999896944 -0.012357394 -5.847492695 -0.002243111 0.012374065 0.999920905 314.164215088
0.999977767 -0.006505167 0.001416372 -0.023686498 0.006517719 0.999937832 -0.009045582 -5.900160789 -0.001357441 0.009054611 0.999958098 315.683135986
0.999961972 -0.008339137 0.002563379 -0.052198291 0.008354004 0.999947965 -0.005845021 -5.926130295 -0.002514505 0.005866213 0.999979615 317.099884033
0.999956846 -0.008713008 0.003225100 -0.023679256 0.008727659 0.999951541 -0.004556975 -5.981657505 -0.003185239 0.004584926 0.999984443 318.987487793
0.999955416 -0.008712649 0.003633586 -0.044118404 0.008734940 0.999942839 -0.006164431 -6.011501789 -0.003579669 0.006195895 0.999974430 320.511230469
0.999949694 -0.009529565 0.003108341 -0.031810760 0.009550237 0.999931931 -0.006704228 -6.045306206 -0.003044239 0.006733577 0.999972701 322.042144775
0.999942958 -0.010225925 0.003094755 -0.029624224 0.010246555 0.999924898 -0.006725129 -6.072902679 -0.003025751 0.006756455 0.999972522 323.542480469
0.999941051 -0.009798390 0.004674441 -0.041484118 0.009825028 0.999935448 -0.005709880 -6.134150982 -0.004618192 0.005755472 0.999972761 325.321563721
0.999957740 -0.007663068 0.005063406 -0.038797379 0.007698856 0.999945283 -0.007086523 -6.161319733 -0.005008825 0.007125206 0.999962032 326.839385986
0.999893486 -0.012287020 0.007879674 -0.101896763 0.012309644 0.999920189 -0.002828914 -6.328957081 -0.007844288 0.002925609 0.999964952 328.195922852
0.999862611 -0.013876501 0.009067858 -0.101995945 0.013885259 0.999903262 -0.000903567 -6.356408596 -0.009054442 0.001029352 0.999958456 329.698150635
0.999836922 -0.015573665 0.009139308 -0.086888790 0.015566100 0.999878407 0.000898257 -6.399689198 -0.009152185 -0.000755847 0.999957860 331.192504883
0.999886990 -0.012512559 0.008335304 -0.061870813 0.012545152 0.999913812 -0.003869440 -6.361325741 -0.008286168 0.003973570 0.999957740 333.026702881
0.999890447 -0.012216027 0.008365135 -0.045178413 0.012244293 0.999919415 -0.003336193 -6.402858257 -0.008323704 0.003438252 0.999959409 334.520874023
0.999920011 -0.009555926 0.008286129 -0.039131403 0.009601329 0.999939024 -0.005457013 -6.440601349 -0.008233475 0.005536135 0.999950767 335.989685059
0.999912322 -0.010906877 0.007512134 -0.051220417 0.010953089 0.999921143 -0.006138317 -6.519397736 -0.007444594 0.006220060 0.999952972 337.691467285
0.999934077 -0.009336169 0.006693933 -0.035606861 0.009377174 0.999937296 -0.006120858 -6.552000999 -0.006636370 0.006183223 0.999958873 339.183715820
0.999945045 -0.009131026 0.005146267 -0.033600330 0.009142986 0.999955535 -0.002305168 -6.579813004 -0.005124990 0.002352093 0.999984086 340.856811523
0.999959588 -0.007921190 0.004236504 -0.035573006 0.007917766 0.999968290 0.000824626 -6.613115788 -0.004242903 -0.000791049 0.999990702 342.342712402
0.999969661 -0.007417083 0.002423420 -0.029384196 0.007419312 0.999972045 -0.000912155 -6.640038013 -0.002416586 0.000930109 0.999996662 344.041595459
0.999969780 -0.007676881 0.001222732 -0.048509359 0.007680229 0.999966741 -0.002757005 -6.666062355 -0.001201526 0.002766313 0.999995470 345.507995605
0.999982476 -0.005901966 -0.000425683 -0.041155465 0.005901187 0.999980927 -0.001808000 -6.695911407 0.000436346 0.001805456 0.999998212 347.176788330
0.999969542 -0.007674001 -0.001385700 -0.048948497 0.007672481 0.999970019 -0.001098816 -6.729536057 0.001394090 0.001088151 0.999998450 348.670562744
0.999971211 -0.007425184 -0.001534265 -0.062328249 0.007421636 0.999969780 -0.002304838 -6.751735687 0.001551333 0.002293383 0.999996126 350.311798096
0.999962687 -0.008377466 -0.002098370 -0.071160495 0.008369914 0.999958575 -0.003582319 -6.771709442 0.002128293 0.003564622 0.999991357 351.833740234
0.999971330 -0.007224551 -0.002270638 -0.076212704 0.007214271 0.999963760 -0.004503511 -6.796154976 0.002303090 0.004486999 0.999987245 353.469512939
0.999964595 -0.008151611 -0.002117272 -0.089714766 0.008140598 0.999953508 -0.005159450 -6.819144249 0.002159231 0.005142030 0.999984384 354.956268311
0.999962568 -0.008307290 -0.002381977 -0.091788113 0.008294635 0.999951661 -0.005274259 -6.864244461 0.002425677 0.005254303 0.999983191 356.614349365
0.999971151 -0.007348276 -0.001882073 -0.112673998 0.007336721 0.999954641 -0.006073920 -6.900372505 0.001926620 0.006059937 0.999979794 358.118530273
0.999960542 -0.008513683 -0.002516172 -0.103262424 0.008497844 0.999944448 -0.006239780 -6.929004192 0.002569156 0.006218154 0.999977350 359.654418945
0.999959588 -0.008629571 -0.002519109 -0.123164475 0.008613211 0.999942183 -0.006433988 -6.974815845 0.002574485 0.006412029 0.999976099 361.337005615
0.999937654 -0.011015136 -0.001858769 -0.162200749 0.011001355 0.999913037 -0.007269122 -7.013718605 0.001938678 0.007248219 0.999971867 362.839935303
0.999919236 -0.012325474 -0.003075963 -0.139577687 0.012306924 0.999906421 -0.005978197 -7.067246437 0.003149359 0.005939857 0.999977410 364.497344971
0.999907434 -0.013203753 -0.003278133 -0.149185777 0.013185476 0.999897778 -0.005536245 -7.097105026 0.003350896 0.005492509 0.999979317 366.004150391
0.999892771 -0.014332529 -0.002980808 -0.157627344 0.014314922 0.999880373 -0.005846610 -7.143636227 0.003064247 0.005803314 0.999978423 367.583770752
0.999905765 -0.013416518 -0.002919256 -0.165525854 0.013397694 0.999889851 -0.006375014 -7.178950310 0.003004465 0.006335302 0.999975383 369.110321045
0.999917626 -0.012524678 -0.002789117 -0.175865352 0.012510072 0.999908268 -0.005193854 -7.222376347 0.002853912 0.005158535 0.999982536 370.700714111
0.999928355 -0.011639978 -0.002794191 -0.187744439 0.011629519 0.999925494 -0.003730330 -7.267313957 0.002837404 0.003697568 0.999989033 372.235595703
0.999933720 -0.011345564 -0.001966528 -0.205560923 0.011336766 0.999925852 -0.004429242 -7.293691158 0.002016635 0.004406653 0.999988258 373.799072266
0.999926090 -0.011911436 -0.002444751 -0.209262609 0.011899691 0.999917805 -0.004764415 -7.334988594 0.002501302 0.004734972 0.999985635 375.358093262
0.999934852 -0.011297175 -0.001584707 -0.224688768 0.011288711 0.999922395 -0.005250270 -7.363721371 0.001643898 0.005232039 0.999984980 376.929260254
0.999945223 -0.010377778 -0.001260913 -0.229150429 0.010370197 0.999928951 -0.005874816 -7.395061016 0.001321791 0.005861420 0.999981999 378.482391357
0.999965489 -0.008264437 -0.000867889 -0.250088751 0.008259404 0.999949872 -0.005651290 -7.431038857 0.000914550 0.005643927 0.999983668 380.080749512
0.999965012 -0.008331918 -0.000838996 -0.260664731 0.008327786 0.999953747 -0.004814767 -7.457355499 0.000879073 0.004807611 0.999988079 381.650146484
0.999988914 -0.004693497 -0.000353730 -0.304406226 0.004691113 0.999968112 -0.006461634 -7.500753880 0.000384046 0.006459904 0.999979079 383.283477783
0.999991417 -0.003969949 0.001125528 -0.305609703 0.003977630 0.999968231 -0.006906842 -7.538802147 -0.001098073 0.006911261 0.999975502 384.838500977
