0.999127805 0.001991782 -0.041709956 -0.053122565 -0.002133677 0.999992013 -0.003357683 -0.004397907 0.041702949 0.003443750 0.999124110 0.485360682
0.998487175 0.001813336 -0.054954611 -0.077779204 -0.002054218 0.999988496 -0.004327121 -0.002910021 0.054946125 0.004433464 0.998479605 0.606753349
0.997452796 0.001640870 -0.071310937 -0.029322665 -0.002002799 0.999985456 -0.005004172 0.000522657 0.071301699 0.005134246 0.997441530 0.223683730
0.995929599 0.000321545 -0.090134241 -0.125534236 -0.000702644 0.999990880 -0.004196434 -0.007125625 0.090132080 0.004242685 0.995920777 0.885291696
0.993925273 -0.000698522 -0.110054873 -0.159698516 0.000202836 0.999989688 -0.004515124 -0.007340317 0.110056885 0.004465372 0.993915260 1.040112853
0.991254866 -0.001025323 -0.131957576 -0.203129590 0.000396148 0.999988377 -0.004794170 -0.013219306 0.131960973 0.004699969 0.991243780 1.196266413
0.987719357 0.002377060 -0.156220004 -0.136526629 -0.003353606 0.999976456 -0.005987826 -0.010590900 0.156202093 0.006438191 0.987704217 0.849068463
0.983357430 0.006912019 -0.181550011 -0.318978220 -0.008429390 0.999935627 -0.007587612 -0.023686802 0.181485921 0.008991688 0.983352423 1.529263854
0.977999866 0.009259001 -0.208399907 -0.229944706 -0.011177542 0.999905288 -0.008030280 -0.021486288 0.208305791 0.010183012 0.978010714 1.137492537
0.971274137 0.009793556 -0.237761840 -0.290920317 -0.012141637 0.999890983 -0.008413335 -0.023828816 0.237653539 0.011058471 0.971287012 1.316291332
0.963136137 0.011801974 -0.268755466 -0.389724791 -0.014582631 0.999858677 -0.008352395 -0.026933743 0.268619001 0.011963656 0.963172197 1.598950386
0.953609645 0.013587995 -0.300739169 -0.481669366 -0.016460536 0.999839962 -0.007019736 -0.033270109 0.300595701 0.011644416 0.953680515 1.820788860
0.942435503 0.015763815 -0.334016204 -0.724363685 -0.018899791 0.999802530 -0.006140810 -0.040741205 0.333853394 0.012100151 0.942547381 2.422699928
0.929965079 0.018244138 -0.367194802 -0.833427787 -0.021845799 0.999745309 -0.005654593 -0.042703040 0.366998106 0.013280237 0.930126846 2.606366158
0.916181445 0.021396799 -0.400191963 -0.918972135 -0.025250364 0.999671698 -0.004358262 -0.048206106 0.399967313 0.014097951 0.916420877 2.733574867
0.900067329 0.021887846 -0.435200930 -1.042102575 -0.026379531 0.999642789 -0.004281511 -0.043887682 0.434951872 0.015334041 0.900323033 2.921054363
0.881658554 0.016918024 -0.471584648 -1.134696245 -0.021963118 0.999745190 -0.005195782 -0.041443821 0.471376717 0.014938371 0.881805360 3.053724766
0.860479951 0.012311645 -0.509335518 -1.343872786 -0.017370485 0.999835730 -0.005177986 -0.046850447 0.509188116 0.013302960 0.860552430 3.334903955
0.835659564 0.013749424 -0.549075603 -1.465368629 -0.017659064 0.999842405 -0.001838922 -0.051385246 0.548963845 0.011232876 0.835770607 3.467185497
0.806673706 0.019595580 -0.590672195 -1.692436576 -0.022838179 0.999737144 0.001976518 -0.057790585 0.590555608 0.011895470 0.806909204 3.682937145
0.774033546 0.022647148 -0.632739544 -1.852884769 -0.026309896 0.999647260 0.003594566 -0.057251967 0.632597685 0.013864995 0.774356365 3.825015545
0.738222539 0.022035614 -0.674197197 -2.096247196 -0.025448022 0.999664724 0.004808558 -0.065397121 0.674077034 0.013607201 0.738535762 4.014497280
0.698565841 0.017533766 -0.715330958 -2.288809299 -0.019326497 0.999797344 0.005632896 -0.062908560 0.715284824 0.009889891 0.698763132 4.165280342
0.655945122 0.014034972 -0.754678130 -2.557585001 -0.014273933 0.999878883 0.006188542 -0.061011717 0.754673600 0.006712881 0.656066000 4.343564987
0.610909700 0.013022395 -0.791593313 -2.786580086 -0.011673252 0.999904096 0.007440496 -0.054739345 0.791614354 0.004694996 0.611003041 4.477546692
0.563852847 0.014079966 -0.825755179 -3.061971903 -0.009103914 0.999899864 0.010832855 -0.056883264 0.825825095 0.001409469 0.563924551 4.563794136
0.512264550 0.014053725 -0.858712733 -3.340124130 -0.006743276 0.999901116 0.012341724 -0.051480100 0.858801365 -0.000531689 0.512308657 4.693016052
0.460247964 0.018259261 -0.887602806 -3.554807901 -0.008912219 0.999833107 0.015946759 -0.042345084 0.887745738 0.000571046 0.460333914 4.614145279
0.404735118 0.020551028 -0.914203107 -3.890197039 -0.006665557 0.999787152 0.019523965 -0.044246189 0.914409757 -0.001808363 0.404785961 4.729395390
0.350435048 0.022179861 -0.936324418 -4.242484570 -0.007449170 0.999753952 0.020894419 -0.030040085 0.936557412 -0.000347297 0.350514024 4.796752930
0.294640064 0.024993166 -0.955281496 -4.621616840 -0.004974833 0.999684513 0.024620494 -0.024757564 0.955595374 -0.002501817 0.294671357 4.879349232
0.241587356 0.027607072 -0.969986320 -5.009315014 -0.000585559 0.999599218 0.028304052 -0.029170215 0.970378816 -0.006269917 0.241506666 4.934909344
0.191079065 0.028637107 -0.981156826 -5.440999985 0.002182940 0.999559522 0.029599350 -0.028747126 0.981572151 -0.007797622 0.190932378 4.973904133
0.143025905 0.029076936 -0.989291668 -5.854355812 -0.000155444 0.999568999 0.029356528 -0.018244222 0.989718914 -0.004044964 0.142968744 4.999762058
0.099943697 0.028777974 -0.994576871 -6.341140747 -0.002045169 0.999585509 0.028717380 0.003426716 0.994991004 -0.000836042 0.099961109 5.015182972
0.062338855 0.027800132 -0.997667909 -6.763096809 -0.002245060 0.999613345 0.027714068 0.004940391 0.998052537 0.000512161 0.062377173 5.007634163
0.026978847 0.024501964 -0.999335706 -7.276887417 -0.001999764 0.999698937 0.024456881 0.021323383 0.999634027 0.001338617 0.027019735 5.004061222
-0.003647342 0.022229088 -0.999746263 -7.735179424 -0.000741937 0.999752522 0.022231942 0.022687003 0.999993026 0.000822836 -0.003629947 4.971201420
-0.030321686 0.020042203 -0.999339283 -8.288960457 -0.001086205 0.999797642 0.020084359 0.033166230 0.999539554 0.001694478 -0.030293778 4.936688900
-0.051022563 0.018040655 -0.998534501 -8.769582748 -0.001794328 0.999833643 0.018155809 0.041273236 0.998695850 0.002718055 -0.050981704 4.891310692
-0.067737274 0.016859042 -0.997560740 -9.360225677 -0.001270290 0.999854922 0.016984072 0.058031030 0.997702360 0.002417647 -0.067706041 4.844284534
-0.080474287 0.017547576 -0.996602237 -9.865988731 -0.000484390 0.999844193 0.017643774 0.061106242 0.996756613 0.001902612 -0.080453247 4.789436817
-0.090065718 0.018570585 -0.995762646 -10.509027481 -0.001392671 0.999822795 0.018772267 0.068817586 0.995934963 0.003077507 -0.090023890 4.718747139
-0.096775196 0.019939166 -0.995106697 -11.026350975 -0.002899772 0.999789357 0.020315006 0.068068892 0.995302081 0.004851570 -0.096697003 4.664570808
-0.101328425 0.020930458 -0.994632959 -11.683437347 -0.002670589 0.999769270 0.021310618 0.077241749 0.994849563 0.004815625 -0.101249143 4.595102310
-0.102593362 0.021811461 -0.994484186 -12.251993179 -0.000928636 0.999757051 0.022022901 0.084367007 0.994722843 0.003182918 -0.102548167 4.532492638
-0.101441503 0.024016786 -0.994551599 -12.939385414 0.001359780 0.999710917 0.024002682 0.095361188 0.994840562 0.001082497 -0.101444833 4.462604523
-0.100187391 0.026189484 -0.994623840 -13.537295341 0.000581491 0.999654830 0.026263384 0.104667976 0.994968414 0.002052895 -0.100168049 4.405359745
-0.098440453 0.026007021 -0.994803011 -14.249324799 -0.001788220 0.999652207 0.026310749 0.112934485 0.995141327 0.004368968 -0.098359719 4.331170082
-0.096986793 0.023533499 -0.995007336 -14.870138168 -0.003300818 0.999707282 0.023966398 0.123565063 0.995280206 0.005608763 -0.096880727 4.268963814
-0.096272737 0.023075636 -0.995087385 -15.610987663 -0.003395920 0.999717772 0.023511557 0.143135846 0.995349169 0.005642760 -0.096167207 4.206345081
-0.094082661 0.026189283 -0.995220006 -16.280759811 -0.002862152 0.999642611 0.026576245 0.151882589 0.995560408 0.005348832 -0.093974054 4.137814999
-0.092103548 0.029316057 -0.995317876 -17.046043396 -0.003986739 0.999547601 0.029809561 0.165815264 0.995741427 0.006713638 -0.091944985 4.061931610
-0.090618901 0.031749554 -0.995379448 -17.738162994 -0.004792183 0.999466240 0.032316189 0.171135843 0.995874107 0.007698496 -0.090418361 4.006489277
-0.089305483 0.031294379 -0.995512545 -18.517936707 -0.007078706 0.999461114 0.032053526 0.181350321 0.995979071 0.009909496 -0.089035831 3.941554070
-0.086889639 0.028183075 -0.995819151 -19.248479843 -0.009263084 0.999533713 0.029096445 0.200221568 0.996174991 0.011752537 -0.086588055 3.861278057
-0.085262261 0.027366025 -0.995982587 -20.059398651 -0.010016697 0.999548674 0.028321499 0.220819712 0.996308208 0.012391213 -0.084949657 3.784705639
-0.084028363 0.029698221 -0.996020675 -20.810750961 -0.007489158 0.999508679 0.030434038 0.234674901 0.996435225 0.010016679 -0.083764687 3.731281757
-0.082957186 0.031607360 -0.996051788 -21.621385574 -0.005267457 0.999468923 0.032154508 0.253382295 0.996539235 0.007914105 -0.082746655 3.662950039
-0.081537448 0.033808623 -0.996096671 -22.407419205 -0.004442696 0.999402404 0.034284487 0.262676686 0.996660411 0.007220824 -0.081338525 3.599213600
-0.081061803 0.029097822 -0.996284246 -23.235652924 -0.004110822 0.999555528 0.029527836 0.275953829 0.996700585 0.006489126 -0.080906160 3.529490232
-0.080892518 0.021994144 -0.996480286 -24.021593094 -0.003029864 0.999746442 0.022312200 0.288793504 0.996718228 0.004824091 -0.080805369 3.475277185
-0.081094876 0.017587958 -0.996551335 -24.861314774 0.000278914 0.999844670 0.017623387 0.299257100 0.996706307 0.001151214 -0.081087187 3.410510540
-0.082054168 0.018179417 -0.996462047 -25.669622421 0.001240649 0.999834716 0.018138787 0.312094867 0.996627092 0.000252104 -0.082063183 3.355479240
-0.082002312 0.025764408 -0.996299148 -26.520692825 0.001453405 0.999667883 0.025731901 0.320438385 0.996631086 0.000662050 -0.082012527 3.278692722
-0.082783282 0.032684330 -0.996031463 -27.368595123 0.000109309 0.999462306 0.032787830 0.333844364 0.996567547 0.002605409 -0.082742356 3.211534023
-0.082835570 0.038100038 -0.995834649 -28.192007065 -0.002146605 0.999259770 0.038409650 0.343319178 0.996560812 0.005319348 -0.082692474 3.142789364
-0.083073802 0.038528614 -0.995798230 -29.041664124 -0.003886707 0.999232233 0.038985729 0.355161846 0.996535778 0.007109067 -0.082860269 3.061175585
-0.083641790 0.035027638 -0.995880067 -29.876419067 -0.003279619 0.999366939 0.035425726 0.373281658 0.996490479 0.006229179 -0.083473966 2.996207476
-0.083774276 0.032361895 -0.995959103 -30.726472855 -0.003599645 0.999456167 0.032778300 0.390417755 0.996478319 0.006331079 -0.083612218 2.912641525
-0.083689265 0.033432111 -0.995930910 -31.577219009 -0.005087471 0.999409676 0.033976391 0.407497764 0.996478856 0.007910230 -0.083469793 2.822674036
-0.084155239 0.036084842 -0.995799065 -32.399658203 -0.006023110 0.999307275 0.036721002 0.410563588 0.996434391 0.009088072 -0.083879627 2.781085968
-0.084186085 0.034282688 -0.995860040 -33.241592407 -0.006973910 0.999363184 0.034992836 0.428451240 0.996425629 0.009890949 -0.083893403 2.701501369
-0.083581112 0.028774142 -0.996085405 -34.093803406 -0.007004519 0.999541283 0.029461719 0.450648069 0.996476352 0.009439544 -0.083341233 2.617469311
-0.083874010 0.024769122 -0.996168494 -34.883743286 -0.009706350 0.999623299 0.025672263 0.459085941 0.996429086 0.011822401 -0.083602034 2.570282698
-0.083594389 0.025937900 -0.996162236 -35.711959839 -0.009311453 0.999597251 0.026808720 0.460744113 0.996456444 0.011516780 -0.083319195 2.500677347
-0.083083801 0.028340986 -0.996139467 -36.539302826 -0.007935087 0.999545097 0.029099703 0.468974411 0.996510983 0.010322167 -0.082821108 2.425586462
-0.082532175 0.033269346 -0.996032953 -37.365684509 -0.007420316 0.999394417 0.033996470 0.482273400 0.996560812 0.010196683 -0.082235321 2.365032673
-0.081480198 0.039177988 -0.995904624 -38.204345703 -0.007057686 0.999179363 0.039884232 0.494984627 0.996650040 0.010278558 -0.081136815 2.286252499
-0.082487918 0.042093556 -0.995702744 -39.024921417 -0.007485406 0.999053180 0.042855322 0.512243271 0.996563971 0.010988289 -0.082094729 2.228677750
-0.082470916 0.041853372 -0.995714307 -39.845550537 -0.006230664 0.999076605 0.042510770 0.537204266 0.996573985 0.009709867 -0.082133986 2.170220613
-0.082404457 0.037257835 -0.995902300 -40.670822144 -0.005878154 0.999265373 0.037870031 0.556138575 0.996581554 0.008974727 -0.082124911 2.098216534
-0.081934892 0.033166923 -0.996085644 -41.494567871 -0.006804304 0.999404252 0.033837132 0.570085585 0.996614397 0.009550110 -0.081660412 2.024706841
-0.081837706 0.029970586 -0.996194899 -42.315025330 -0.011132861 0.999457896 0.030983316 0.590393841 0.996583462 0.013626103 -0.081459701 1.958181620
-0.082731470 0.028235175 -0.996171713 -43.136131287 -0.014365044 0.999460876 0.029521398 0.602380633 0.996468306 0.016752403 -0.082281284 1.886978626
-0.083028331 0.025618400 -0.996217847 -43.961219788 -0.012287225 0.999567211 0.026728591 0.621252596 0.996471345 0.014459982 -0.082677625 1.812370777
-0.084303245 0.022042852 -0.996196270 -44.796188354 -0.009154259 0.999695897 0.022894969 0.629480362 0.996398032 0.011049561 -0.084075823 1.742791653
-0.085170195 0.020974562 -0.996145666 -45.573612213 -0.004236329 0.999761760 0.021412907 0.631728530 0.996357381 0.006043742 -0.085061051 1.690435410
-0.087272249 0.024823830 -0.995875239 -46.394538879 -0.004202074 0.999671459 0.025286701 0.631964922 0.996175647 0.006391573 -0.087139264 1.617428303
-0.088949643 0.030831026 -0.995558918 -47.225791931 -0.001671731 0.999514759 0.031102903 0.643227696 0.996034682 0.004430898 -0.088854954 1.534939766
-0.091201104 0.034495421 -0.995234907 -48.007358551 0.000151815 0.999400258 0.034625892 0.655365407 0.995832503 0.003006832 -0.091151655 1.487744808
-0.092548400 0.033481106 -0.995145202 -48.826965332 -0.000504212 0.999432743 0.033672255 0.664043128 0.995708108 0.003618077 -0.092479035 1.402199745
-0.093498230 0.029929675 -0.995169580 -49.638381958 -0.003940028 0.999529123 0.030430963 0.668121159 0.995611787 0.006766238 -0.093336284 1.309210300
-0.095199637 0.025890559 -0.995121479 -50.381797791 -0.007818641 0.999611378 0.026755359 0.685215831 0.995427489 0.010327601 -0.094960228 1.249402523
-0.096521437 0.024511123 -0.995029032 -51.188545227 -0.011520791 0.999602258 0.025741331 0.696135998 0.995264351 0.013948112 -0.096200638 1.159225464
-0.097630680 0.025586953 -0.994893730 -51.949127197 -0.013001260 0.999551296 0.026982578 0.699420691 0.995137691 0.015569200 -0.097254217 1.087485790
-0.098538496 0.027048567 -0.994765580 -52.744884491 -0.012995338 0.999510288 0.028464857 0.707332730 0.995048285 0.015732195 -0.098138757 1.002090931
-0.098918870 0.026747489 -0.994735956 -53.541999817 -0.015277926 0.999480069 0.028394323 0.713466763 0.994978130 0.018006235 -0.098458789 0.906469822
-0.101077013 0.026554840 -0.994524181 -54.267112732 -0.014720389 0.999494374 0.028183637 0.714747488 0.994769692 0.017488506 -0.100635007 0.876770020
-0.101534672 0.028427202 -0.994425833 -55.030574799 -0.012578962 0.999475062 0.029855909 0.721567571 0.994752526 0.015540255 -0.101123795 0.802384377
-0.102256410 0.030946564 -0.994276583 -55.845157623 -0.011312229 0.999415219 0.032269903 0.734617710 0.994693816 0.014547284 -0.101846531 0.713560104
-0.103174359 0.035289802 -0.994037151 -56.512252808 -0.011967881 0.999254048 0.036717203 0.749318838 0.994591236 0.015684791 -0.102675073 0.672313690
-0.103605516 0.037673660 -0.993904710 -57.282806396 -0.012424005 0.999155402 0.039167777 0.753814816 0.994540870 0.016406272 -0.103049964 0.581350327
-0.104367375 0.037169874 -0.993843913 -58.028202057 -0.011735776 0.999185741 0.038602080 0.775784254 0.994469523 0.015692329 -0.103846185 0.500254631
-0.104335330 0.035070557 -0.993923604 -58.795181274 -0.011386977 0.999270499 0.036454547 0.784575105 0.994476974 0.015121284 -0.103859879 0.412702560
-0.104972906 0.032071237 -0.993957758 -59.552120209 -0.011343958 0.999376178 0.033444121 0.785111308 0.994410455 0.014786149 -0.104543604 0.328238010
-0.106425740 0.028595839 -0.993909299 -60.102344513 -0.011125231 0.999489605 0.029947655 0.805983603 0.994258344 0.014244675 -0.106053278 0.342070580
-0.105668232 0.026183633 -0.994056582 -60.811264038 -0.011554395 0.999553502 0.027556656 0.817735434 0.994334280 0.014397584 -0.105318509 0.269185066
-0.102901794 0.025345195 -0.994368553 -61.514911652 -0.014399543 0.999532580 0.026966950 0.821317315 0.994587183 0.017093398 -0.102488726 0.177648544
-0.098855980 0.025912207 -0.994764328 -62.199817657 -0.014369082 0.999519587 0.027464015 0.831983745 0.994997978 0.017008830 -0.098436147 0.112583160
-0.094912060 0.028553234 -0.995076060 -62.737281799 -0.013431991 0.999460816 0.029960228 0.814141750 0.995395064 0.016209437 -0.094477370 0.123907566
-0.087885223 0.030114833 -0.995675266 -63.385314941 -0.012654882 0.999428570 0.031345360 0.818232536 0.996050298 0.015354956 -0.087453902 0.069676876
-0.079509750 0.031332351 -0.996341467 -64.007781982 -0.013536776 0.999379814 0.032508146 0.819849610 0.996742189 0.016071966 -0.079036303 0.025496483
-0.068018362 0.033100605 -0.997134805 -64.638725281 -0.015759747 0.999289095 0.034247149 0.826139331 0.997559607 0.018044027 -0.067448363 -0.010133266
-0.052912928 0.035579924 -0.997965038 -65.233688354 -0.019388469 0.999140024 0.036649805 0.815860271 0.998410881 0.021288263 -0.052177589 -0.047834396
-0.036164340 0.036021523 -0.998696387 -65.669525146 -0.019945215 0.999125004 0.036759231 0.837837219 0.999146819 0.021248586 -0.035414249 -0.012244225
-0.014313295 0.036712918 -0.999223232 -66.223175049 -0.020800935 0.999098480 0.037006289 0.853247404 0.999681175 0.021314465 -0.013536735 -0.010948896
0.011019390 0.037455197 -0.999237418 -66.759635925 -0.020582885 0.999095023 0.037222870 0.852070928 0.999727488 0.020157015 0.011780359 0.016837001
0.038952041 0.035863779 -0.998597264 -67.202560425 -0.019060370 0.999200463 0.035141971 0.875680923 0.999059260 0.017664796 0.039604481 0.086487770
0.073350184 0.036248811 -0.996647239 -67.696189880 -0.018115958 0.999222696 0.035009202 0.875977278 0.997141659 0.015487290 0.073949859 0.136928558
0.111048728 0.036509618 -0.993144155 -68.163093567 -0.017934557 0.999235749 0.034728199 0.883412361 0.993653059 0.013955085 0.111618638 0.213591576
0.152707666 0.036621913 -0.987592638 -68.629333496 -0.017448220 0.999257267 0.034356508 0.883467913 0.988117278 0.011985237 0.153233230 0.299909592
0.198058724 0.037383489 -0.979477048 -69.071174622 -0.016939927 0.999253750 0.034712903 0.894072294 0.980043769 0.009717078 0.198544189 0.409339905
0.244155407 0.035511103 -0.969085753 -69.330718994 -0.012457186 0.999361634 0.033482008 0.895729542 0.969656110 0.003897273 0.244441882 0.545721054
0.294224679 0.031324685 -0.955222845 -69.723411560 -0.005024922 0.999499559 0.031228893 0.889891982 0.955723047 -0.004388391 0.294234872 0.708120346
0.346345305 0.026031652 -0.937745810 -70.130058289 0.000142924 0.999613345 0.027801869 0.893084109 0.938107073 -0.009763072 0.346207678 0.896215439
0.397192597 0.020826379 -0.917498946 -70.438400269 0.006117580 0.999660134 0.025339713 0.902688980 0.917714894 -0.015677616 0.396930188 1.091491699
0.448669791 0.020071944 -0.893472135 -70.811080933 0.005424661 0.999668121 0.025181716 0.916510463 0.893681169 -0.016145056 0.448411971 1.316289902
0.497901797 0.019017559 -0.867024899 -71.193840027 0.007150739 0.999635458 0.026032696 0.919164658 0.867203891 -0.019161593 0.497584343 1.564268112
0.541269720 0.014648151 -0.840721369 -71.442176819 0.015287193 0.999511540 0.027256938 0.921855092 0.840709984 -0.027605623 0.540781438 1.805170059
0.586060643 0.008845665 -0.810218930 -71.774642944 0.024661103 0.999282420 0.028748062 0.925155580 0.809891760 -0.036829002 0.585421920 2.098499298
0.628079951 0.003444308 -0.778141201 -72.026847839 0.026830757 0.999299705 0.026079783 0.926253438 0.777686119 -0.037258305 0.627547741 2.369323730
0.670229852 -0.000601279 -0.742153406 -72.330268860 0.022854932 0.999541998 0.019830205 0.922599912 0.741801620 -0.030252658 0.669936776 2.678852081
0.710821211 -0.007756602 -0.703330040 -72.571678162 0.019505568 0.999771953 0.008687441 0.931353331 0.703102231 -0.019894065 0.710810423 2.977462769
0.750981569 -0.010881135 -0.660233498 -72.855728149 0.015143299 0.999885023 0.000745880 0.938266993 0.660149395 -0.010558255 0.751059949 3.339233398
0.788894951 -0.011349538 -0.614423335 -73.092864990 0.012873282 0.999915302 -0.001941512 0.936525524 0.614393294 -0.006377996 0.788974166 3.692035675
0.823431611 -0.013108870 -0.567264199 -73.345138550 0.013766945 0.999900341 -0.003122755 0.934369266 0.567248642 -0.005238121 0.823529959 4.133087158
0.855604470 -0.011511972 -0.517502308 -73.569229126 0.009982198 0.999933660 -0.005739865 0.936216414 0.517534018 -0.000254755 0.855662525 4.526231766
0.882345021 -0.009419425 -0.470508933 -73.797027588 0.008592295 0.999955416 -0.003905639 0.921073973 0.470524788 -0.000596630 0.882386625 5.019863129
0.904602349 -0.003773754 -0.426239789 -73.986495972 0.002760077 0.999991715 -0.002995849 0.919788539 0.426247507 0.001533597 0.904605269 5.459173203
0.922870755 0.000731279 -0.385109365 -74.191368103 -0.002631052 0.999986827 -0.004406165 0.911755919 0.385101110 0.005079561 0.922860444 5.989570618
0.937216997 0.005544193 -0.348702550 -74.370758057 -0.006951361 0.999971926 -0.002784310 0.905713081 0.348677307 0.005033460 0.937229335 6.487096786
0.947709918 0.006758157 -0.319061548 -74.549896240 -0.007474901 0.999971509 -0.001021979 0.900153518 0.319045573 0.003353494 0.947733402 7.075145721
0.955592215 0.005645445 -0.294638246 -74.704841614 -0.005655253 0.999983609 0.000818753 0.889101684 0.294638067 0.000883860 0.955608547 7.603992462
0.961774349 0.005632127 -0.273785174 -74.860076904 -0.005159476 0.999983668 0.002446383 0.893724203 0.273794532 -0.000940281 0.961787701 8.195529938
0.966779172 0.008318321 -0.255477786 -75.034904480 -0.007259098 0.999960661 0.005088706 0.888331294 0.255510092 -0.003065116 0.966801643 8.854124069
0.970574796 0.013105729 -0.240442753 -75.171508789 -0.011853911 0.999907613 0.006651939 0.887471676 0.240507737 -0.003606018 0.970640540 9.426372528
0.973682761 0.017005987 -0.227272093 -75.334579468 -0.015553429 0.999845564 0.008180748 0.880668998 0.227376148 -0.004430593 0.973796964 10.111129761
0.976611018 0.015398274 -0.214462176 -75.456962585 -0.014056047 0.999870837 0.007782252 0.879335821 0.214554369 -0.004585738 0.976701260 10.715550423
0.979511321 0.015379289 -0.200800911 -75.596832275 -0.014226255 0.999873042 0.007184017 0.878881752 0.200885922 -0.004180179 0.979605734 11.431571960
0.982374668 0.015904592 -0.186244279 -75.716606140 -0.014707061 0.999861419 0.007809874 0.880815983 0.186342701 -0.004933117 0.982472420 12.070672989
0.984892070 0.017543592 -0.172278374 -75.847328186 -0.016379403 0.999832511 0.008176931 0.881573975 0.172392979 -0.005231576 0.985014439 12.822470665
0.987033486 0.017818162 -0.159522310 -75.953903198 -0.017160377 0.999837637 0.005500166 0.872472763 0.159594387 -0.002691385 0.987178981 13.483867645
0.988684237 0.018314105 -0.148889497 -76.060874939 -0.018463174 0.999829412 0.000381028 0.864826381 0.148871079 0.002372256 0.988853753 14.247363091
0.990145147 0.016169140 -0.139107987 -76.163368225 -0.017152030 0.999835670 -0.005869654 0.859076142 0.138990223 0.008197795 0.990259826 14.936866760
0.991175473 0.016032059 -0.131583318 -76.259361267 -0.016952375 0.999839067 -0.005876858 0.849101663 0.131467924 0.008055646 0.991287768 15.736683846
0.992082059 0.018219871 -0.124262065 -76.365730286 -0.018385448 0.999831080 -0.000185774 0.846090078 0.124237649 0.002468917 0.992249429 16.451393127
0.992605984 0.022904981 -0.119200811 -76.475799561 -0.022119287 0.999724090 0.007910374 0.831990182 0.119349122 -0.005215247 0.992838621 17.275791168
0.993064523 0.023895675 -0.115115710 -76.558830261 -0.022713488 0.999674976 0.011570531 0.825741887 0.115354776 -0.008875605 0.993284702 17.986232758
0.993563950 0.022700928 -0.110973969 -76.665069580 -0.021657376 0.999709249 0.010600144 0.816728234 0.111182339 -0.008128516 0.993766785 18.793140411
0.993835747 0.022230886 -0.108610429 -76.730842590 -0.021297636 0.999725699 0.009745263 0.813055515 0.108797275 -0.007372045 0.994036674 19.499389648
0.994121850 0.021266699 -0.106158160 -76.817481995 -0.020079440 0.999723434 0.012240317 0.804693818 0.106389113 -0.010036769 0.994274020 20.314609528
0.994430304 0.019616930 -0.103555277 -76.886421204 -0.018224515 0.999730587 0.014375325 0.800469518 0.103809416 -0.012408013 0.994519770 21.014503479
0.994745493 0.016897518 -0.100974903 -76.962783813 -0.015330798 0.999750078 0.016271891 0.798308611 0.101224631 -0.014638364 0.994755805 21.827325821
0.995067298 0.015848054 -0.097928040 -77.042648315 -0.014720901 0.999816954 0.012221940 0.797513366 0.098103814 -0.010720065 0.995118380 22.526098251
0.995223880 0.019002464 -0.095751539 -77.134826660 -0.018590979 0.999813735 0.005187794 0.790239632 0.095832288 -0.003382903 0.995391667 23.331092834
0.995315433 0.018934036 -0.094808906 -77.195289612 -0.019266263 0.999810934 -0.002589994 0.782393336 0.094741955 0.004404474 0.995492101 24.011564255
0.995426536 0.019601477 -0.093497932 -77.275329590 -0.020343535 0.999768615 -0.006990033 0.771513939 0.093339309 0.008860141 0.995594919 24.812431335
0.995595276 0.021356676 -0.091290735 -77.342315674 -0.021894721 0.999748290 -0.004896190 0.752777815 0.091163181 0.006873408 0.995812237 25.497612000
0.995714486 0.024936274 -0.089055523 -77.420387268 -0.025109671 0.999684393 -0.000827086 0.735276997 0.089006796 0.003059695 0.996026278 26.299240112
0.995844662 0.027552718 -0.086799838 -77.487655640 -0.027316226 0.999619186 0.003911401 0.729164720 0.086874552 -0.001524104 0.996218085 26.994974136
0.996127784 0.026009906 -0.083980851 -77.561637878 -0.025598040 0.999654412 0.005977507 0.715286016 0.084107295 -0.003804616 0.996449471 27.791870117
0.996315956 0.023127263 -0.082581908 -77.621185303 -0.022741476 0.999725580 0.005609314 0.708333611 0.082688995 -0.003710614 0.996568441 28.494113922
0.996464431 0.020963935 -0.081357121 -77.691474915 -0.020589411 0.999773204 0.005439791 0.698244452 0.081452712 -0.003745464 0.996670127 29.293787003
0.996519744 0.020424187 -0.080816843 -77.738510132 -0.020184427 0.999789059 0.003782663 0.690615535 0.080877058 -0.002138256 0.996721745 29.965444565
0.996591210 0.017939512 -0.080523930 -77.795059204 -0.017792014 0.999838471 0.002548939 0.682486415 0.080556646 -0.001107567 0.996749401 30.749320984
0.996689081 0.017289611 -0.079447895 -77.857040405 -0.017136788 0.999849737 0.002605005 0.672871113 0.079481006 -0.001234899 0.996835589 31.456804276
0.996683121 0.020813638 -0.078673832 -77.925567627 -0.020593412 0.999781370 0.003609601 0.665582299 0.078731768 -0.001977466 0.996893883 32.255332947
0.996716559 0.020101443 -0.078435183 -77.995101929 -0.019960223 0.999797404 0.002584150 0.656792700 0.078471243 -0.001010081 0.996915877 33.040916443
0.996562541 0.019636218 -0.080483451 -78.045852661 -0.019484036 0.999806583 0.002675821 0.644965470 0.080520429 -0.001098480 0.996752262 33.723876953
0.996431172 0.017241914 -0.082630642 -78.114738464 -0.017051069 0.999850035 0.003014770 0.637880981 0.082670219 -0.001595071 0.996575713 34.544639587
0.996165514 0.018530602 -0.085504383 -78.198020935 -0.018326821 0.999827027 0.003167697 0.621270418 0.085548274 -0.001588526 0.996332824 35.341526031
0.995823324 0.022365991 -0.088518873 -78.258575439 -0.022225875 0.999749720 0.002568359 0.619394898 0.088554144 -0.000590223 0.996071219 36.055904388
0.995593071 0.022324558 -0.091082513 -78.339126587 -0.022614852 0.999741971 -0.002156203 0.608504176 0.091010854 0.004206518 0.995841086 36.869190216
0.995307207 0.023291314 -0.093920097 -78.415092468 -0.023953587 0.999695480 -0.005930104 0.602352381 0.093753375 0.008151997 0.995562077 37.624721527
0.995158672 0.021961791 -0.095795266 -78.501838684 -0.022776650 0.999713004 -0.007420955 0.590569615 0.095604785 0.009566922 0.995373428 38.440132141
0.994970322 0.023156397 -0.097456023 -78.600776672 -0.023852803 0.999697566 -0.005986664 0.569918811 0.097287908 0.008281152 0.995221853 39.263122559
0.994779885 0.021702532 -0.099709049 -78.668693542 -0.022331122 0.999737203 -0.005192350 0.559297681 0.099570133 0.007391861 0.995003045 40.029026031
0.994605005 0.021140056 -0.101558246 -78.761123657 -0.021607142 0.999760509 -0.003501194 0.544747770 0.101459906 0.005676688 0.994823396 40.876125336
0.994495153 0.020838808 -0.102690533 -78.856559753 -0.020972583 0.999779999 -0.000223034 0.539170921 0.102663301 0.002375491 0.994713306 41.729759216
0.994376242 0.019064907 -0.104174063 -78.917976379 -0.018697347 0.999815047 0.004503814 0.528096259 0.104240656 -0.002530707 0.994548917 42.503608704
0.994432509 0.018186186 -0.103793018 -79.004013062 -0.017564371 0.999821901 0.006901832 0.517901599 0.103900045 -0.005040349 0.994574964 43.377029419
0.994559169 0.021453299 -0.101940602 -79.100189209 -0.020841816 0.999757886 0.007059855 0.509110510 0.102067381 -0.004896816 0.994765460 44.215427399
0.994762480 0.021081353 -0.100015201 -79.195396423 -0.020660084 0.999772847 0.005246040 0.510667801 0.100103050 -0.003152241 0.994972110 45.096702576
0.994974494 0.019524079 -0.098207593 -79.290466309 -0.019297121 0.999808490 0.003260444 0.498317748 0.098252438 -0.001348935 0.995160639 45.985427856
0.995166421 0.015517667 -0.096968815 -79.355987549 -0.015446252 0.999879599 0.001487145 0.486234039 0.096980207 0.000017848 0.995286286 46.805290222
0.995388150 0.013942745 -0.094910011 -79.449165344 -0.013912776 0.999902785 0.000977506 0.480939031 0.094914421 0.000347464 0.995485306 47.707832336
0.995529950 0.011486650 -0.093744583 -79.548950195 -0.011248867 0.999932051 0.003064544 0.478732169 0.093773417 -0.001996325 0.995591521 48.602111816
0.995511055 0.010389003 -0.094073214 -79.584327698 -0.009902342 0.999935091 0.005638554 0.464014292 0.094125681 -0.004681698 0.995549321 49.416419983
0.995640039 0.008385944 -0.092900909 -79.682304382 -0.007841070 0.999949872 0.006228590 0.445699573 0.092948489 -0.005472992 0.995655894 50.290325165
0.995765448 0.011665700 -0.091186598 -79.787239075 -0.011458986 0.999930441 0.002790154 0.436322808 0.091212809 -0.001733433 0.995829940 51.180286407
0.995627999 0.013772708 -0.092385948 -79.818290710 -0.014120575 0.999895394 -0.003112701 0.425898135 0.092333429 0.004403635 0.995718360 51.985614777
0.995682538 0.014892538 -0.091621585 -79.900489807 -0.015762793 0.999837160 -0.008782017 0.411563694 0.091475889 0.010188313 0.995755136 52.845798492
0.995672882 0.019473143 -0.090863898 -79.991928101 -0.020909445 0.999670565 -0.014882045 0.391165555 0.090544164 0.016717564 0.995752156 53.720829010
0.995684206 0.019899366 -0.090646930 -80.064369202 -0.021393470 0.999650300 -0.015540860 0.358586907 0.090305977 0.017413041 0.995761871 54.600490570
0.995824575 0.015687967 -0.089928389 -80.133155823 -0.016622016 0.999815285 -0.009647056 0.348227739 0.089760423 0.011101566 0.995901644 55.359313965
0.995659173 0.015026836 -0.091852248 -80.193710327 -0.015183954 0.999884248 -0.001011950 0.335411251 0.091826409 0.002402237 0.995772123 56.237812042
0.995635450 0.014754380 -0.092153072 -80.293884277 -0.014161886 0.999874651 0.007080106 0.310141653 0.092245996 -0.005744143 0.995719731 57.095672607
0.995356083 0.012430364 -0.095455877 -80.338546753 -0.012080038 0.999917984 0.004247060 0.306326956 0.095500857 -0.003074226 0.995424569 57.834709167
0.995201290 0.007607126 -0.097553559 -80.414939880 -0.007564696 0.999971092 0.000804799 0.291643322 0.097556867 -0.000062974 0.995229959 58.668624878
0.994970322 0.005662752 -0.100010782 -80.502861023 -0.005772287 0.999983072 -0.000805885 0.276809424 0.100004531 0.001379122 0.994985998 59.498752594
0.994691610 0.008207962 -0.102573648 -80.597579956 -0.008542137 0.999959588 -0.002819065 0.253528059 0.102546357 0.003680297 0.994721353 60.323429108
0.994189322 0.009684554 -0.107209325 -80.650657654 -0.010491993 0.999920666 -0.006969937 0.251292825 0.107133314 0.008054277 0.994212031 61.013984680
0.993728817 0.010693026 -0.111304291 -80.747879028 -0.011915921 0.999875724 -0.010327542 0.235359907 0.111180000 0.011589070 0.993732691 61.835002899
0.993305027 0.012175737 -0.114877559 -80.822631836 -0.013938179 0.999796987 -0.014551141 0.210032940 0.114677064 0.016054906 0.993273079 62.572879791
0.992891550 0.016840257 -0.117825158 -80.934547424 -0.018691260 0.999718308 -0.014622346 0.189246416 0.117545724 0.016720705 0.992926717 63.373756409
0.992341757 0.020684469 -0.121778630 -81.041801453 -0.022386111 0.999669731 -0.012621567 0.164657056 0.121477336 0.015251057 0.992477059 64.182632446
0.991676569 0.022079669 -0.126846761 -81.107864380 -0.023156766 0.999707222 -0.007022792 0.145241976 0.126654550 0.009901699 0.991897464 64.878196716
0.991215885 0.025242638 -0.129822999 -81.238731384 -0.025743119 0.999666274 -0.002178157 0.139514223 0.129724666 0.005501072 0.991534770 65.655227661
0.990401030 0.022062751 -0.136451900 -81.306381226 -0.022023425 0.999755859 0.001798026 0.115537226 0.136458248 0.001224371 0.990645051 66.376594543
0.989554107 0.021388084 -0.142567098 -81.431678772 -0.021150328 0.999771357 0.003183078 0.098419622 0.142602563 -0.000134487 0.989780009 67.161437988
0.988630176 0.019576617 -0.149087667 -81.520706177 -0.018816667 0.999801815 0.006506329 0.091738820 0.149185494 -0.003627021 0.988802552 67.830772400
0.987597346 0.020968990 -0.155601397 -81.645668030 -0.020300042 0.999776661 0.005887093 0.084152877 0.155690089 -0.002655364 0.987802327 68.597267151
0.986531436 0.025455017 -0.161578372 -81.762222290 -0.024978589 0.999675572 0.004979583 0.076607972 0.161652699 -0.000876515 0.986847341 69.233222961
0.985507548 0.026577042 -0.167536259 -81.895797729 -0.026752617 0.999641299 0.001209320 0.065583192 0.167508304 0.003290239 0.985865235 69.991058350
0.984452605 0.025465006 -0.173794955 -82.007492065 -0.026155761 0.999656439 -0.001685022 0.057315290 0.173692331 0.006204564 0.984780431 70.593940735
0.983459949 0.026325690 -0.179202855 -82.148101807 -0.027223101 0.999626100 -0.002550087 0.041253954 0.179068744 0.007386366 0.983808815 71.342147827
0.982502282 0.028836455 -0.184005588 -82.270263672 -0.028982408 0.999578118 0.001896765 0.039257348 0.183982670 0.003469349 0.982923388 71.961837769
0.981290340 0.029735737 -0.190224409 -82.417144775 -0.029151719 0.999557793 0.005868295 0.026493490 0.190314785 -0.000213133 0.981723130 72.710128784
0.980154932 0.028937614 -0.196109831 -82.542236328 -0.027832694 0.999577463 0.008388340 0.018037617 0.196269691 -0.002763608 0.980546057 73.286918640
0.978691876 0.026669664 -0.203595519 -82.690765381 -0.026311928 0.999643862 0.004464242 0.013299495 0.203642011 0.000987874 0.979044974 74.023605347
0.976992548 0.023995165 -0.211919516 -82.819549561 -0.025177177 0.999678850 -0.002880591 0.006931007 0.211782351 0.008149851 0.977282882 74.579193115
0.975027502 0.021878272 -0.221003845 -82.984344482 -0.023384243 0.999717653 -0.004199832 -0.011342376 0.220849559 0.009262958 0.975263894 75.292121887
0.972591519 0.021168321 -0.231555015 -83.126403809 -0.022155331 0.999753118 -0.001662635 -0.020281747 0.231462687 0.006747244 0.972820401 75.868728638
0.969958901 0.021174207 -0.242345825 -83.324851990 -0.020761941 0.999775410 0.004255174 -0.027089953 0.242381513 0.000904226 0.970180631 76.594177246
0.966843426 0.023328092 -0.254302055 -83.468063354 -0.020946786 0.999707878 0.012068366 -0.031768084 0.254509270 -0.006341408 0.967049539 77.150009155
0.963872135 0.023572229 -0.265319973 -83.682952881 -0.020236969 0.999678195 0.015297712 -0.038001060 0.265595198 -0.009375764 0.964039028 77.876068115
0.960585475 0.027195835 -0.276651025 -83.839912415 -0.025135534 0.999623656 0.010991345 -0.047003150 0.276845753 -0.003604358 0.960907698 78.403541565
0.957066536 0.027234279 -0.288585931 -84.067405701 -0.027924823 0.999608517 0.001724629 -0.053319246 0.288519889 0.006408124 0.957452536 79.103378296
0.953338325 0.024264079 -0.300927490 -84.292991638 -0.026372654 0.999647796 -0.002945974 -0.058859020 0.300750017 0.010744766 0.953642428 79.800384521
0.949471593 0.023118420 -0.313000202 -84.447387695 -0.023786314 0.999715567 0.001685036 -0.058769092 0.312950164 0.005845228 0.949751556 80.271629333
0.945569515 0.024113409 -0.324525356 -84.693969727 -0.022564424 0.999708891 0.008536024 -0.062249959 0.324636728 -0.000748677 0.945838392 80.991241455
0.941501856 0.024807652 -0.336093277 -84.898590088 -0.021255774 0.999672711 0.014243587 -0.071651101 0.336336553 -0.006266444 0.941721022 81.538612366
0.937035739 0.022806872 -0.348487943 -85.169410706 -0.019663742 0.999727845 0.012554344 -0.078792691 0.348679453 -0.004911292 0.937229216 82.239501953
0.932432532 0.020312807 -0.360772938 -85.429748535 -0.018795254 0.999793589 0.007714851 -0.075941384 0.360855162 -0.000412759 0.932621777 82.946319580
0.929288328 0.016552569 -0.368984371 -85.711059570 -0.017292835 0.999849617 0.001301024 -0.096134603 0.368950397 0.005171759 0.929434717 83.622413635
0.926230073 0.012202639 -0.376760989 -85.872283936 -0.015092752 0.999874949 -0.004719835 -0.097545713 0.376656353 0.010058016 0.926298380 84.013595581
0.923186779 0.011844861 -0.384168863 -86.161102295 -0.015714044 0.999852538 -0.006934162 -0.108263671 0.384030133 0.012438376 0.923236728 84.713836670
0.919826508 0.017104536 -0.391952366 -86.403366089 -0.021481458 0.999746144 -0.006784027 -0.122904658 0.391736865 0.014659834 0.919960499 85.252502441
0.916395664 0.017336257 -0.399898112 -86.707786560 -0.020956598 0.999769390 -0.004681874 -0.137193203 0.399724752 0.012670952 0.916547596 85.943649292
0.913002074 0.018055236 -0.407555073 -87.025169373 -0.018873379 0.999819815 0.002013347 -0.146228909 0.407517970 0.005853752 0.913178384 86.646835327
0.909791529 0.020044789 -0.414581388 -87.336364746 -0.017325824 0.999796689 0.010318423 -0.155199289 0.414703876 -0.002204649 0.909953713 87.343132019
0.907179356 0.030744407 -0.419619471 -87.561943054 -0.026021067 0.999517262 0.016976794 -0.155178666 0.419938773 -0.004482047 0.907541394 87.759513855
0.904399455 0.036718179 -0.425104082 -87.914245605 -0.033974942 0.999324143 0.014035264 -0.164658308 0.425332069 0.001749401 0.905035734 88.456390381
0.901808321 0.033418853 -0.430842251 -88.167556763 -0.033998996 0.999401689 0.006355647 -0.161044955 0.430796802 0.008916624 0.902405024 88.991256714
0.899565995 0.025523167 -0.436038703 -88.495208740 -0.028943151 0.999580324 -0.001201310 -0.166118622 0.435825050 0.013700991 0.899927139 89.678153992
0.897730350 0.025757141 -0.439791799 -88.845687866 -0.029686922 0.999557078 -0.002058053 -0.170521528 0.439543992 0.014903643 0.898097396 90.363647461
0.895329595 0.032227855 -0.444236785 -89.082260132 -0.034369428 0.999403894 0.003234046 -0.178776622 0.444076240 0.012372628 0.895903587 90.839256287
0.892624676 0.034987044 -0.449441016 -89.439949036 -0.035408650 0.999345005 0.007470379 -0.187049687 0.449408025 0.009245857 0.893278718 91.527076721
0.889936328 0.031309292 -0.455008924 -89.778091431 -0.032306649 0.999462306 0.005585826 -0.199749053 0.454939276 0.009728785 0.890469313 92.200508118
0.887826979 0.029044475 -0.459260106 -90.140213013 -0.033071220 0.999452651 -0.000724954 -0.211480051 0.458987683 0.015831927 0.888301492 92.870605469
0.885452151 0.026127743 -0.463995427 -90.368652344 -0.033503052 0.999409437 -0.007657512 -0.211580753 0.463521302 0.022325629 0.885804415 93.294662476
0.883092821 0.026952714 -0.468423575 -90.742797852 -0.035146073 0.999343991 -0.008757502 -0.233018279 0.467880219 0.024196940 0.883460581 93.969902039
0.881196082 0.030385964 -0.471773207 -91.132057190 -0.036940813 0.999306738 -0.004636151 -0.242637217 0.471305251 0.021513049 0.881707728 94.646476746
0.878731191 0.031937391 -0.476247489 -91.376167297 -0.037654664 0.999287724 -0.002464422 -0.253388315 0.475829691 0.020098504 0.879307806 95.113853455
0.876083076 0.032290980 -0.481077820 -91.750640869 -0.037912875 0.999279141 -0.001968751 -0.263022959 0.480667472 0.019963834 0.876675665 95.791015625
0.873753905 0.030555898 -0.485407531 -92.127738953 -0.036612272 0.999324918 -0.002997148 -0.277241796 0.484988302 0.020390643 0.874282897 96.457321167
