0.999995291 0.001869449 0.002402436 0.002682457 -0.001870959 0.999997973 0.000626344 -0.008981573 -0.002401259 -0.000630836 0.999996901 1.348160625
0.999998152 0.000760744 0.001774936 0.006040463 -0.000761860 0.999999523 0.000628312 -0.029136866 -0.001774458 -0.000629664 0.999998212 2.659121037
0.999998391 -0.000843553 0.001593517 0.006601806 0.000844180 0.999999583 -0.000392742 -0.049931824 -0.001593185 0.000394087 0.999998629 3.973802567
0.999997735 -0.001286483 0.001690042 0.006154568 0.001286665 0.999999166 -0.000106456 -0.074620843 -0.001689904 0.000108630 0.999998569 5.281153679
0.999997795 -0.001683921 0.001250994 0.013538061 0.001683347 0.999998450 0.000459947 -0.092809752 -0.001251767 -0.000457840 0.999999106 6.613612652
0.999993980 -0.003060396 0.001606331 0.009397148 0.003057625 0.999993861 0.001723878 -0.112767674 -0.001611597 -0.001718956 0.999997199 7.936750412
0.999995947 -0.002565187 0.001216751 0.007167083 0.002562674 0.999994695 0.002063866 -0.130596519 -0.001222039 -0.002060739 0.999997139 9.264564514
0.999998152 -0.001717868 0.000830773 0.004444973 0.001717711 0.999998510 0.000190390 -0.150046468 -0.000831099 -0.000188962 0.999999642 10.596233368
0.999999523 0.000839455 0.000459111 0.002323917 -0.000838460 0.999997258 -0.002163188 -0.168957338 -0.000460925 0.002162802 0.999997556 11.918565750
0.999990463 0.004334864 0.000570329 -0.007239046 -0.004333057 0.999985695 -0.003132273 -0.191612124 -0.000583899 0.003129772 0.999994874 13.241643906
0.999976873 0.006793530 -0.000405599 -0.008776599 -0.006794757 0.999972045 -0.003104914 -0.209114105 0.000384495 0.003107597 0.999995053 14.191942215
0.999966145 0.008218042 0.000373214 -0.017758071 -0.008217050 0.999962926 -0.002585096 -0.235910237 -0.000394444 0.002581942 0.999996603 15.936026573
0.999986947 0.005009650 0.000968440 -0.005478038 -0.005009749 0.999987543 0.000100978 -0.252180398 -0.000967922 -0.000105829 0.999999464 17.294349670
0.999999285 0.001152359 0.000271854 -0.007123122 -0.001152770 0.999998212 0.001516649 -0.267719537 -0.000270106 -0.001516961 0.999998748 18.469484329
0.999998689 -0.001613522 0.000159167 0.006369938 0.001613606 0.999998569 -0.000528940 -0.291300327 -0.000158314 0.000529196 0.999999821 19.996486664
0.999995172 -0.002887084 -0.001116625 0.013191005 0.002883522 0.999990880 -0.003178067 -0.300359428 0.001125790 0.003174832 0.999994278 21.265022278
0.999980211 -0.005073706 0.003726592 0.017857686 0.005084699 0.999982715 -0.002946521 -0.331146926 -0.003711578 0.002965411 0.999988735 22.718860626
0.999992430 -0.002160387 0.003249260 0.011140205 0.002166084 0.999996185 -0.001751262 -0.335950106 -0.003245465 0.001758286 0.999993205 24.024785995
0.999987304 -0.002012244 0.004601025 0.018526047 0.001999738 0.999994278 0.002721133 -0.375999957 -0.004606474 -0.002711898 0.999985635 25.459487915
0.999985099 -0.002827695 0.004658368 0.010854498 0.002809483 0.999988437 0.003911515 -0.381952345 -0.004669375 -0.003898369 0.999981463 26.803443909
0.999932647 -0.010834688 0.004142624 0.033045828 0.010822051 0.999936700 0.003060738 -0.409494519 -0.004175522 -0.003015700 0.999986649 28.200067520
0.999928415 -0.011635338 0.002757310 0.036513008 0.011632400 0.999931753 0.001079045 -0.429193139 -0.002769675 -0.001046893 0.999995589 29.570272446
0.999927342 -0.011087161 0.004714702 0.035404526 0.011096766 0.999936402 -0.002016310 -0.448706567 -0.004692045 0.002068482 0.999986827 30.956808090
0.999964535 -0.007172450 0.004392947 0.036498740 0.007185402 0.999969900 -0.002939800 -0.472972274 -0.004371728 0.002971261 0.999985993 32.324428558
0.999958515 -0.007250671 0.005498969 0.036370575 0.007275436 0.999963403 -0.004496984 -0.507569194 -0.005466161 0.004536806 0.999974787 33.729209900
0.999975502 -0.005372373 0.004469543 0.053502582 0.005392885 0.999974847 -0.004590029 -0.530967355 -0.004444772 0.004614022 0.999979496 35.095821381
0.999958158 -0.007949958 0.004522340 0.056078069 0.007962173 0.999964654 -0.002689262 -0.555079520 -0.004500802 0.002725159 0.999986112 36.511001587
0.999965668 -0.006903516 0.004580821 0.019520551 0.006911434 0.999974608 -0.001714706 -0.555406868 -0.004568871 0.001746308 0.999988019 37.880668640
0.999983549 -0.003612862 0.004449850 0.039985269 0.003616624 0.999993086 -0.000837698 -0.605273306 -0.004446796 0.000853778 0.999989688 39.309963226
0.999988019 -0.002798113 0.004009710 0.037395418 0.002806198 0.999994040 -0.002012067 -0.583170950 -0.004004057 0.002023295 0.999989867 40.659938812
0.999990523 0.000556637 0.004311795 0.044557795 -0.000554363 0.999999702 -0.000528503 -0.652623653 -0.004312091 0.000526108 0.999990523 42.130767822
0.999994993 0.001424462 0.002827695 0.045387655 -0.001420688 0.999998093 -0.001336067 -0.653583825 -0.002829592 0.001332043 0.999995112 43.514263153
0.999993205 -0.000720714 0.003618174 0.038488470 0.000724237 0.999999285 -0.000972022 -0.693328023 -0.003617470 0.000974636 0.999992967 44.940368652
0.999995649 -0.002312686 0.001831141 0.030809112 0.002319001 0.999991417 -0.003454207 -0.659396231 -0.001823134 0.003458438 0.999992371 46.354213715
0.999993742 -0.003244707 0.001385158 0.043223530 0.003246221 0.999994099 -0.001091502 -0.743042231 -0.001381610 0.001095992 0.999998391 47.747936249
0.999994814 -0.003106515 -0.000805480 0.044975583 0.003106304 0.999995112 -0.000264764 -0.753973544 0.000806299 0.000262261 0.999999642 49.153854370
0.999997079 -0.002302970 -0.000615566 0.035956044 0.002302839 0.999997318 -0.000212407 -0.793927431 0.000616053 0.000210988 0.999999881 50.603382111
0.999994934 -0.002152720 -0.002325725 0.019098148 0.002153418 0.999997675 0.000297950 -0.811723769 0.002325079 -0.000302957 0.999997258 51.970195770
0.999993563 -0.002336176 -0.002716333 0.010938913 0.002338208 0.999996960 0.000745651 -0.833691120 0.002714582 -0.000751997 0.999996126 53.451229095
0.999981046 -0.004102462 -0.004586481 0.007475793 0.004108428 0.999990702 0.001292470 -0.843846440 0.004581135 -0.001311288 0.999988616 54.855644226
0.999964297 -0.005340723 -0.006528691 0.001097709 0.005350205 0.999984622 0.001435787 -0.868382692 0.006520923 -0.001470665 0.999977648 56.290653229
0.999963164 -0.007203199 -0.004672009 -0.012939245 0.007209470 0.999973118 0.001327289 -0.907339573 0.004662323 -0.001360923 0.999988198 57.756175995
0.999947846 -0.008691403 -0.005369056 -0.026284516 0.008698633 0.999961257 0.001324738 -0.926614046 0.005357333 -0.001371373 0.999984682 59.145076752
0.999932826 -0.010354123 -0.005192459 -0.005964726 0.010363643 0.999944627 0.001809771 -0.925478935 0.005173433 -0.001863461 0.999984860 60.602935791
0.999955058 -0.008229844 -0.004691090 -0.022886932 0.008233441 0.999965787 0.000747658 -0.933838904 0.004684777 -0.000786248 0.999988735 61.959197998
0.999900937 -0.013349399 -0.004460976 -0.014594704 0.013360047 0.999907970 0.002365476 -0.979886591 0.004428985 -0.002424840 0.999987185 63.405792236
0.999868095 -0.015743224 -0.004010957 -0.027288884 0.015746968 0.999875605 0.000902992 -0.987326622 0.003996243 -0.000966033 0.999991536 64.815643311
0.999875605 -0.015341052 -0.003662809 -0.036850721 0.015345910 0.999881387 0.001301705 -1.016093016 0.003642405 -0.001357752 0.999992430 66.270118713
0.999923825 -0.011886054 -0.003312176 -0.004460067 0.011886601 0.999929368 0.000145642 -1.038565516 0.003310210 -0.000185002 0.999994516 67.550529480
0.999937057 -0.010968851 -0.002333464 -0.061284617 0.010973665 0.999937654 0.002060799 -1.064703584 0.002310717 -0.002086276 0.999995172 69.080062866
0.999968648 -0.007625913 -0.002116263 -0.069406450 0.007632646 0.999965787 0.003192372 -1.078608513 0.002091850 -0.003208424 0.999992669 70.464576721
0.999991775 -0.003938305 -0.000968575 -0.086411640 0.003942042 0.999984682 0.003886336 -1.109694242 0.000953257 -0.003890123 0.999991953 71.913581848
0.999998868 0.000149195 -0.001437196 -0.097314827 -0.000144008 0.999993503 0.003609245 -1.123727202 0.001437725 -0.003609035 0.999992430 73.313400269
0.999994159 0.003387659 0.000185862 -0.113686427 -0.003388158 0.999990463 0.002747640 -1.148877144 -0.000176552 -0.002748254 0.999996126 74.761894226
0.999982953 0.005663238 0.001387628 -0.133094415 -0.005665642 0.999982417 0.001734379 -1.157519102 -0.001377782 -0.001742212 0.999997437 76.080307007
0.999986887 0.005023859 0.001012165 -0.126299709 -0.005026948 0.999982655 0.003073461 -1.189512968 -0.000996707 -0.003078508 0.999994755 77.562225342
0.999991298 0.004132221 0.000558271 -0.123486221 -0.004133629 0.999988198 0.002543648 -1.210300684 -0.000547754 -0.002545933 0.999996603 78.915519714
0.999993384 0.003396109 0.001305609 -0.143594235 -0.003398373 0.999992728 0.001735845 -1.240671039 -0.001299706 -0.001740271 0.999997616 80.350044250
0.999998033 0.001952036 0.000333648 -0.130133480 -0.001952719 0.999995947 0.002057589 -1.261058331 -0.000329630 -0.002058236 0.999997795 81.686820984
0.999997497 0.002220653 0.000220396 -0.134751916 -0.002221095 0.999995470 0.002023818 -1.289086342 -0.000215902 -0.002024302 0.999997854 83.130538940
0.999998391 0.001647956 -0.000592982 -0.137962252 -0.001647172 0.999997735 0.001321735 -1.306307554 0.000595159 -0.001320756 0.999998927 84.502342224
0.999997973 0.001494634 -0.001349632 -0.154497921 -0.001492276 0.999997318 0.001747158 -1.325177670 0.001352240 -0.001745140 0.999997556 85.917533875
0.999996781 0.000404271 -0.002476830 -0.163921207 -0.000398508 0.999997199 0.002326861 -1.339362383 0.002477763 -0.002325867 0.999994159 87.305335999
0.999989450 -0.001380987 -0.004368407 -0.149804994 0.001395513 0.999993503 0.003323888 -1.368919730 0.004363790 -0.003329949 0.999984920 88.664375305
0.999978364 -0.003284859 -0.005691514 -0.150191993 0.003308187 0.999986172 0.004094213 -1.397614598 0.005677987 -0.004112953 0.999975443 89.988784790
0.999967873 -0.005499060 -0.005833863 -0.173977941 0.005522320 0.999976933 0.003978597 -1.416389465 0.005811848 -0.004010687 0.999975026 91.411010742
0.999961376 -0.006422796 -0.005997439 -0.192007452 0.006439674 0.999975443 0.002799270 -1.427968264 0.005979313 -0.002837784 0.999978125 92.743858337
0.999949157 -0.006550746 -0.007668925 -0.146523714 0.006571269 0.999974847 0.002654010 -1.465822220 0.007651347 -0.002704270 0.999967098 94.093963623
0.999946117 -0.007819424 -0.006826798 -0.213712335 0.007834691 0.999966800 0.002212216 -1.472714543 0.006809276 -0.002265583 0.999974251 95.487968445
0.999949038 -0.007200577 -0.007084613 -0.215030283 0.007213108 0.999972463 0.001744857 -1.507802963 0.007071855 -0.001795870 0.999973416 96.810264587
0.999958336 -0.005286843 -0.007447627 -0.225603938 0.005284576 0.999985993 -0.000323931 -1.513802648 0.007449236 0.000284560 0.999972165 98.160507202
0.999962151 -0.005674268 -0.006588865 -0.267523199 0.005680640 0.999983430 0.000948860 -1.538583279 0.006583371 -0.000986253 0.999977827 99.497406006
0.999947309 -0.005799034 -0.008463343 -0.202447951 0.005815068 0.999981344 0.001871177 -1.539081812 0.008452334 -0.001920293 0.999962389 100.810234070
0.999964297 -0.003503233 -0.007695707 -0.258173466 0.003529759 0.999987841 0.003436035 -1.574768782 0.007683578 -0.003463076 0.999964476 102.125663757
0.999971867 -0.004486216 -0.006003269 -0.308218569 0.004501785 0.999986529 0.002582513 -1.617981195 0.005991604 -0.002609466 0.999978662 103.583747864
0.999971569 -0.004508658 -0.006053256 -0.323143929 0.004505577 0.999989748 -0.000522448 -1.620020270 0.006055551 0.000495160 0.999981523 104.931350708
0.999971628 -0.003396234 -0.006718635 -0.296270788 0.003382929 0.999992251 -0.001990578 -1.655092001 0.006725342 0.001967792 0.999975443 106.221977234
0.999943078 -0.008315846 -0.006685803 -0.351386964 0.008317109 0.999965370 0.000161083 -1.680242896 0.006684233 -0.000216681 0.999977648 107.608451843
0.999936283 -0.009417556 -0.006220969 -0.342563421 0.009430517 0.999953389 0.002057534 -1.712575316 0.006201302 -0.002116070 0.999978542 108.821937561
0.999925613 -0.010875261 -0.005527177 -0.359052777 0.010885075 0.999939144 0.001748411 -1.713323474 0.005507826 -0.001808445 0.999983191 110.195159912
0.999929070 -0.010759885 -0.005110910 -0.395088911 0.010761457 0.999942064 0.000280132 -1.743639708 0.005107601 -0.000335113 0.999986887 111.591316223
0.999948144 -0.009110835 -0.004548350 -0.400943369 0.009098724 0.999954998 -0.002676283 -1.758023500 0.004572530 0.002634760 0.999986053 112.897064209
0.999970794 -0.006650902 -0.003764454 -0.406481802 0.006634486 0.999968469 -0.004356517 -1.786462903 0.003793309 0.004331414 0.999983370 114.180519104
0.999988317 -0.004408812 -0.001967183 -0.428889990 0.004400602 0.999981642 -0.004158761 -1.813642263 0.001985481 0.004150055 0.999989331 115.602394104
0.999995232 -0.002940814 -0.000945624 -0.435481071 0.002938022 0.999991357 -0.002940582 -1.826942325 0.000954263 0.002937790 0.999995172 116.944442749
0.999991894 -0.003866777 -0.001145069 -0.407326996 0.003866090 0.999992371 -0.000601799 -1.844531298 0.001147386 0.000597368 0.999999106 118.248146057
0.999993801 -0.003409028 0.000874533 -0.452439547 0.003408674 0.999994040 0.000405299 -1.881011248 -0.000875909 -0.000402316 0.999999523 119.632644653
0.999993205 -0.002265230 0.002891872 -0.477549493 0.002267466 0.999997079 -0.000770416 -1.901031613 -0.002890119 0.000776967 0.999995470 120.912574768
0.999992430 0.001059493 0.003754307 -0.488387764 -0.001052918 0.999997854 -0.001752746 -1.919122696 -0.003756156 0.001748780 0.999991357 122.227951050
0.999988794 0.001944041 0.004321087 -0.471792817 -0.001936679 0.999996603 -0.001707226 -1.938412428 -0.004324391 0.001698838 0.999989212 123.672477722
0.999989450 0.000773779 0.004527073 -0.471689701 -0.000762696 0.999996662 -0.002449321 -1.949684739 -0.004528953 0.002445843 0.999986768 125.069007874
0.999969184 0.004599945 0.006362953 -0.480407238 -0.004575648 0.999982119 -0.003827814 -1.989372015 -0.006380448 0.003798581 0.999972343 126.350028992
0.999974072 0.003129965 0.006490842 -0.456596017 -0.003102505 0.999986172 -0.004236192 -2.006843328 -0.006504012 0.004215944 0.999969900 127.685226440
0.999966443 0.003191581 0.007548442 -0.460022628 -0.003168067 0.999990046 -0.003125054 -2.037600040 -0.007558342 0.003101036 0.999966621 128.986206055
0.999960601 0.000785251 0.008836975 -0.448118329 -0.000771785 0.999998510 -0.001527101 -2.071025610 -0.008838162 0.001520219 0.999959767 130.388717651
0.999960184 0.000142028 0.008917009 -0.427549839 -0.000133210 0.999999464 -0.000989481 -2.103734255 -0.008917146 0.000988254 0.999959707 131.703552246
0.999955356 -0.001208856 0.009371162 -0.430191875 0.001221128 0.999998391 -0.001303985 -2.134621143 -0.009369572 0.001315371 0.999955237 132.979492188
0.999957204 -0.003136689 0.008697497 -0.416612267 0.003141711 0.999994934 -0.000563797 -2.145365953 -0.008695683 0.000591097 0.999961972 134.414489746
0.999957383 -0.004843371 0.007866508 -0.405966401 0.004851726 0.999987781 -0.001043505 -2.167953491 -0.007861357 0.001081626 0.999968469 135.752044678
0.999960780 -0.006404188 0.006129905 -0.388096631 0.006413298 0.999978423 -0.001467762 -2.183294296 -0.006120373 0.001507018 0.999980152 137.082885742
0.999931216 -0.009082198 0.007423231 -0.334725618 0.009079497 0.999958694 0.000397448 -2.207638979 -0.007426535 -0.000330021 0.999972343 138.542404175
0.999924600 -0.010566228 0.006255503 -0.328486562 0.010564575 0.999944150 0.000297323 -2.227464437 -0.006258295 -0.000231214 0.999980390 139.874557495
0.999934137 -0.010444057 0.004767166 -0.329009116 0.010445486 0.999945402 -0.000275119 -2.234973669 -0.004764033 0.000324896 0.999988556 141.185241699
0.999932885 -0.010867973 0.004007387 -0.327526927 0.010868757 0.999940932 -0.000173922 -2.277676821 -0.004005260 0.000217466 0.999991953 142.569686890
0.999941945 -0.010378138 0.002896277 -0.320696950 0.010380973 0.999945700 -0.000964980 -2.292740822 -0.002886105 0.000994990 0.999995291 143.881027222
0.999906957 -0.013593792 0.001088212 -0.301422775 0.013597134 0.999902725 -0.003124653 -2.314060450 -0.001045630 0.003139159 0.999994576 145.222259521
0.999803007 -0.019788491 0.001492990 -0.304723799 0.019792726 0.999799907 -0.002876792 -2.361504555 -0.001435765 0.002905777 0.999994755 146.599441528
0.999635994 -0.026975457 0.000431221 -0.298994571 0.026975701 0.999635994 -0.000570241 -2.388245821 -0.000415681 0.000581666 0.999999762 147.912719727
0.999452710 -0.033032745 -0.001736378 -0.287607193 0.033032551 0.999454200 -0.000139894 -2.387527466 0.001740051 0.000082461 0.999998510 149.267242432
0.999317169 -0.036923811 -0.001334699 -0.302833766 0.036919534 0.999313414 -0.003098884 -2.422617197 0.001448206 0.003047492 0.999994278 150.643386841
0.999334097 -0.036475319 -0.000920731 -0.317014188 0.036469087 0.999316335 -0.006058254 -2.453063488 0.001141076 0.006020641 0.999981165 151.953475952
0.999501884 -0.031558059 0.000051372 -0.324209511 0.031557318 0.999464333 -0.008672282 -2.477257490 0.000222335 0.008669584 0.999962330 153.242950439
0.999494970 -0.031762272 -0.000894475 -0.327185869 0.031753294 0.999457836 -0.008703473 -2.519734859 0.001170432 0.008670678 0.999961734 154.684188843
0.999375880 -0.035314910 -0.000804799 -0.321912646 0.035309967 0.999361336 -0.005495956 -2.542987108 0.000998374 0.005464109 0.999984622 156.010864258
0.999167740 -0.040788937 0.000192558 -0.341933995 0.040789310 0.999163985 -0.002753683 -2.569277048 -0.000080077 0.002759247 0.999996185 157.318740845
0.998983443 -0.045065165 0.001088177 -0.285191894 0.045066044 0.998983622 -0.000792164 -2.604742289 -0.001051372 0.000840399 0.999999106 158.778549194
0.998909593 -0.046681385 0.000671235 -0.279973894 0.046681978 0.998909414 -0.000895150 -2.628941059 -0.000628716 0.000925509 0.999999404 160.102447510
0.998994887 -0.044804528 0.001325357 -0.266257405 0.044805441 0.998995483 -0.000661352 -2.639733791 -0.001294394 0.000720071 0.999998927 161.462036133
0.999190092 -0.040051505 0.003885097 -0.286857128 0.040058542 0.999195814 -0.001752617 -2.656949520 -0.003811778 0.001906828 0.999990880 162.825256348
0.999309063 -0.036916234 0.004331032 -0.289406419 0.036930576 0.999312520 -0.003281029 -2.693970919 -0.004206931 0.003438709 0.999985218 164.161926270
0.999437511 -0.033178784 0.004876801 -0.297199607 0.033202343 0.999437034 -0.004833152 -2.702471018 -0.004713697 0.004992356 0.999976456 165.527893066
0.999461770 -0.032191392 0.006314569 -0.298454523 0.032211646 0.999476135 -0.003132387 -2.743326902 -0.006210425 0.003334103 0.999975085 166.889328003
0.999497652 -0.031145485 0.005868778 -0.292056382 0.031168034 0.999506950 -0.003791150 -2.771875143 -0.005747808 0.003972163 0.999975562 168.224563599
0.999582887 -0.028403282 0.005232066 -0.270681739 0.028436208 0.999575496 -0.006329216 -2.790160179 -0.005050075 0.006475355 0.999966323 169.507537842
0.999682963 -0.024659982 0.005073034 -0.305066109 0.024703393 0.999657154 -0.008680260 -2.845515728 -0.004857239 0.008802829 0.999949455 170.951339722
0.999819756 -0.018409712 0.004630277 -0.305801988 0.018457422 0.999774754 -0.010481913 -2.865569115 -0.004436265 0.010565487 0.999934316 172.351150513
0.999871314 -0.015450903 0.004316091 -0.294262350 0.015488342 0.999841511 -0.008781298 -2.905781269 -0.004179727 0.008847017 0.999952137 173.636962891
0.999914169 -0.011826199 0.005643825 -0.314943552 0.011865702 0.999904990 -0.007018232 -2.944194078 -0.005560290 0.007084598 0.999959409 175.080673218
0.999929428 -0.010453954 0.005661699 -0.313503563 0.010483834 0.999931157 -0.005273453 -2.970585346 -0.005606182 0.005332437 0.999970078 176.427780151
0.999895513 -0.013485830 0.005208221 -0.321038961 0.013510197 0.999897838 -0.004672041 -2.980557919 -0.005144683 0.004741916 0.999975562 177.760787964
0.999861956 -0.016353838 0.002913734 -0.298487663 0.016365087 0.999858558 -0.003880020 -3.027416706 -0.002849868 0.003927169 0.999988198 179.208953857
0.999877095 -0.015600139 0.001511137 -0.314910442 0.015612448 0.999841869 -0.008510211 -3.054234028 -0.001378137 0.008532758 0.999962628 180.514709473
0.999916673 -0.012912103 -0.000129391 -0.311612308 0.012909284 0.999830186 -0.013146861 -3.085565805 0.000299123 0.013144096 0.999913573 181.893066406
0.999944687 -0.010445596 -0.001169513 -0.318365991 0.010429567 0.999861598 -0.012961028 -3.129416704 0.001304736 0.012948118 0.999915302 183.333847046
0.999987841 -0.004864487 -0.000763025 -0.344780982 0.004854779 0.999913156 -0.012247753 -3.174349785 0.000822538 0.012243900 0.999924719 184.670227051
0.999994040 -0.003253851 -0.001163432 -0.350599170 0.003243276 0.999954462 -0.008978230 -3.206792116 0.001192593 0.008974406 0.999958992 186.060974121
0.999988079 -0.004875047 -0.000156531 -0.358331919 0.004873798 0.999962389 -0.007175377 -3.208997726 0.000191503 0.007174531 0.999974251 187.520828247
0.999982238 -0.005929480 -0.000499344 -0.361236632 0.005926368 0.999964356 -0.006018330 -3.237512589 0.000535011 0.006015266 0.999981761 188.963256836
0.999980211 -0.006261510 0.000597055 -0.423798025 0.006265253 0.999959350 -0.006488020 -3.241899967 -0.000556406 0.006491633 0.999978781 190.323883057
0.999897659 -0.014175111 0.001925461 -0.318881273 0.014181148 0.999894440 -0.003158934 -3.253932953 -0.001880478 0.003185916 0.999993145 191.731979370
0.999856830 -0.016803226 0.002000071 -0.317129761 0.016807929 0.999855876 -0.002358968 -3.307055235 -0.001960145 0.002392247 0.999995232 193.070388794
0.999806523 -0.019485814 0.002704849 -0.350768924 0.019491524 0.999807775 -0.002100024 -3.316872597 -0.002663408 0.002152339 0.999994159 194.472244263
0.999712110 -0.023836065 0.002739837 -0.305389106 0.023838487 0.999715447 -0.000854691 -3.329489470 -0.002718686 0.000919759 0.999995828 195.972534180
0.999649942 -0.026193645 0.003715197 -0.330115795 0.026198849 0.999655724 -0.001358895 -3.345857382 -0.003678325 0.001455754 0.999992132 197.323104858
0.999700546 -0.024196561 0.003652739 -0.314928293 0.024216780 0.999691010 -0.005596999 -3.369537115 -0.003516183 0.005683782 0.999977648 198.728042603
0.999918759 -0.012603877 0.001915872 -0.390556574 0.012626645 0.999843657 -0.012376403 -3.479624033 -0.001759582 0.012399587 0.999921560 200.238571167
0.999989390 -0.003121483 0.003416329 -0.404936552 0.003160835 0.999927998 -0.011574671 -3.541931152 -0.003379954 0.011585345 0.999927104 201.631668091
0.999981046 0.003872884 0.004789459 -0.418114901 -0.003834027 0.999959826 -0.008095453 -3.557029247 -0.004820620 0.008076936 0.999955773 202.934204102
0.999970496 -0.000191333 0.007679614 -0.334574819 0.000225227 0.999990165 -0.004413181 -3.503516436 -0.007678695 0.004414782 0.999960780 204.528289795
0.999970198 -0.001219960 0.007619423 -0.345414758 0.001255795 0.999988139 -0.004700192 -3.518652439 -0.007613598 0.004709621 0.999959946 205.905990601
0.999969602 -0.004993699 0.005988919 -0.322234154 0.005020687 0.999977231 -0.004499916 -3.547614336 -0.005966311 0.004529848 0.999971926 207.276794434
0.999927938 -0.010123546 0.006452653 -0.319613934 0.010153529 0.999937713 -0.004630826 -3.593508959 -0.006405371 0.004696009 0.999968469 208.899459839
0.999937177 -0.009465409 0.006014355 -0.322955251 0.009496726 0.999941409 -0.005200065 -3.620244026 -0.005964783 0.005256854 0.999968410 210.292999268
0.999959230 -0.007036866 0.005659260 -0.318023205 0.007068364 0.999959528 -0.005564922 -3.635850668 -0.005619872 0.005604695 0.999968469 211.684677124
0.999958277 -0.007363312 0.005397097 -0.322004557 0.007383727 0.999965549 -0.003772701 -3.691891193 -0.005369132 0.003812396 0.999978304 213.290802002
0.999954462 -0.008149300 0.004969983 -0.330075383 0.008169369 0.999958456 -0.004031000 -3.725197315 -0.004936927 0.004071419 0.999979496 214.699996948
0.999953151 -0.008007483 0.005432059 -0.360786319 0.008039615 0.999950111 -0.005919360 -3.735865116 -0.005384389 0.005962754 0.999967694 216.184249878
0.999950051 -0.009084370 0.004161776 -0.307343125 0.009109857 0.999939561 -0.006146267 -3.761608601 -0.004105689 0.006183872 0.999972463 217.694808960
0.999950051 -0.008897051 0.004547505 -0.327625275 0.008923272 0.999943495 -0.005778582 -3.811892509 -0.004495836 0.005818872 0.999972939 219.088928223
0.999958098 -0.008097245 0.004250219 -0.329467416 0.008123738 0.999947488 -0.006253370 -3.840295315 -0.004199361 0.006287635 0.999971390 220.581344604
0.999964476 -0.007815841 0.003152351 -0.302284837 0.007836336 0.999947906 -0.006542789 -3.868812561 -0.003101049 0.006567262 0.999973655 222.115631104
0.999976218 -0.006058135 0.003286669 -0.322775185 0.006082710 0.999953270 -0.007519746 -3.898687363 -0.003240959 0.007539560 0.999966383 223.596160889
0.999972343 -0.006974449 0.002567960 -0.295073032 0.006993504 0.999947608 -0.007487848 -3.917633533 -0.002515601 0.007505600 0.999968708 224.951431274
0.999974132 -0.006960887 0.001810420 -0.290976852 0.006973604 0.999950349 -0.007115207 -3.968356133 -0.001760802 0.007127648 0.999973059 226.582626343
0.999964774 -0.008286200 0.001299754 -0.283358991 0.008295102 0.999941051 -0.007000180 -4.005407333 -0.001241672 0.007010716 0.999974668 228.049316406
0.999960124 -0.008864253 0.001123360 -0.285203636 0.008872052 0.999935150 -0.007138940 -4.050498009 -0.001060006 0.007148621 0.999973893 229.528549194
0.999943316 -0.010524917 0.001604810 -0.299711883 0.010535870 0.999920130 -0.006976470 -4.080761909 -0.001531255 0.006992983 0.999974370 231.081649780
0.999933302 -0.011372658 0.002045272 -0.307181329 0.011384537 0.999917805 -0.005892996 -4.129422188 -0.001978085 0.005915887 0.999980569 232.545150757
0.999930799 -0.011651725 0.001592704 -0.298436463 0.011660354 0.999916732 -0.005520883 -4.167512894 -0.001528244 0.005539073 0.999983490 234.056594849
0.999908149 -0.013371194 0.002191658 -0.313243806 0.013382297 0.999897301 -0.005132949 -4.221055031 -0.002122799 0.005161808 0.999984384 235.588928223
0.999919593 -0.012506464 0.002121211 -0.290633857 0.012518000 0.999906480 -0.005515540 -4.257250786 -0.002052033 0.005541650 0.999982595 237.065734863
0.999934077 -0.010735225 0.004079007 -0.332331359 0.010757479 0.999927163 -0.005473633 -4.274744511 -0.004019949 0.005517153 0.999976695 238.538558960
0.999937713 -0.010137635 0.004659615 -0.373565793 0.010157886 0.999938905 -0.004343132 -4.294172764 -0.004615301 0.004390193 0.999979734 240.100982666
0.999940515 -0.009596677 0.005189216 -0.363938451 0.009614471 0.999947906 -0.003415281 -4.349395752 -0.005156171 0.003464969 0.999980688 241.567001343
0.999956310 -0.008158137 0.004564268 -0.320553303 0.008175092 0.999959648 -0.003708081 -4.424497604 -0.004533834 0.003745232 0.999982774 243.064270020
0.999928594 -0.010034473 0.006489038 -0.383134842 0.010078395 0.999926388 -0.006771913 -4.397949219 -0.006420607 0.006836828 0.999956012 244.650329590
0.999924600 -0.010324396 0.006647265 -0.375901818 0.010364329 0.999928236 -0.006001208 -4.432538033 -0.006584829 0.006069650 0.999959886 246.150527954
0.999926329 -0.010262685 0.006490205 -0.367931247 0.010294545 0.999935031 -0.004894762 -4.467672348 -0.006439550 0.004961214 0.999966919 247.656356812
0.999938548 -0.009349724 0.005960522 -0.363126636 0.009380425 0.999942780 -0.005143723 -4.496723175 -0.005912089 0.005199316 0.999969006 249.283386230
0.999950051 -0.008075815 0.005901617 -0.368985653 0.008105882 0.999954283 -0.005088709 -4.535777569 -0.005860250 0.005136292 0.999969661 250.789016724
0.999961734 -0.006735681 0.005594117 -0.342450261 0.006764263 0.999964058 -0.005106196 -4.563303947 -0.005559522 0.005143841 0.999971330 252.314819336
0.999963582 -0.006495742 0.005522478 -0.341200709 0.006523032 0.999966621 -0.004938456 -4.594659328 -0.005490214 0.004974300 0.999972582 253.805435181
0.999964237 -0.006219529 0.005715527 -0.343528509 0.006246789 0.999969125 -0.004764170 -4.628214836 -0.005685720 0.004799704 0.999972343 255.312484741
0.999958217 -0.007256971 0.005546005 -0.325798988 0.007284572 0.999961078 -0.004973124 -4.656409264 -0.005509699 0.005013316 0.999972284 256.839569092
0.999927640 -0.010412911 0.006022461 -0.370730281 0.010433479 0.999939919 -0.003394052 -4.699737072 -0.005986757 0.003456642 0.999976039 258.418182373
0.999915838 -0.012160003 0.004524176 -0.343052268 0.012177345 0.999918580 -0.003825726 -4.711687088 -0.004477287 0.003880497 0.999982417 259.976409912
0.999883771 -0.014228079 0.005469719 -0.369134665 0.014244199 0.999894321 -0.002919613 -4.763577938 -0.005427600 0.002997186 0.999980807 261.471710205
0.999896348 -0.013192182 0.005763111 -0.399894357 0.013226378 0.999894917 -0.005936175 -4.749455452 -0.005684195 0.006011785 0.999965727 263.013793945
0.999870896 -0.014965732 0.005846803 -0.382644653 0.014992712 0.999877036 -0.004598185 -4.770042419 -0.005777270 0.004685252 0.999972284 264.551452637
0.999855101 -0.015994655 0.005828404 -0.370405078 0.016006904 0.999869764 -0.002061226 -4.825645447 -0.005794676 0.002154222 0.999980927 266.084411621
0.999824226 -0.017558560 0.006589262 -0.365896344 0.017584898 0.999837458 -0.003960758 -4.825181961 -0.006518647 0.004075933 0.999970436 267.667053223
0.999809086 -0.018291086 0.006882642 -0.328650951 0.018326147 0.999819219 -0.005065836 -4.838349342 -0.006788739 0.005191001 0.999963462 269.115722656
0.999821842 -0.017601350 0.006817581 -0.313155890 0.017636085 0.999831617 -0.005069141 -4.872832298 -0.006727208 0.005188474 0.999963939 270.668426514
0.999863446 -0.013902537 0.008932834 -0.365403891 0.013947146 0.999890387 -0.004951067 -4.932751656 -0.008863023 0.005074980 0.999947846 272.273559570
0.999876440 -0.012500524 0.009530772 -0.349988937 0.012551714 0.999906957 -0.005330270 -4.964040279 -0.009463255 0.005449240 0.999940395 273.802825928
0.999883473 -0.010677085 0.010917604 -0.348092794 0.010738954 0.999926388 -0.005623902 -5.002926826 -0.010856754 0.005740489 0.999924660 275.323913574
0.999875665 -0.010920919 0.011377339 -0.347376347 0.010988532 0.999922216 -0.005897236 -5.031255722 -0.011312052 0.006021522 0.999917865 276.929077148
0.999876142 -0.010352842 0.011853574 -0.344340324 0.010437725 0.999920070 -0.007121728 -5.050823212 -0.011778898 0.007244571 0.999904335 278.484802246
0.999865592 -0.009442298 0.013405093 -0.323827028 0.009540726 0.999927878 -0.007297639 -5.112178802 -0.013335220 0.007424554 0.999883533 280.021881104
0.999826670 -0.012824791 0.013491833 -0.295159101 0.012922056 0.999890983 -0.007146759 -5.107696533 -0.013398706 0.007319863 0.999883473 281.550781250
0.999823391 -0.010956665 0.015265911 -0.302389622 0.011047909 0.999921560 -0.005905584 -5.191731930 -0.015200008 0.006073198 0.999865949 283.128021240
0.999807537 -0.012474351 0.015136395 -0.272831917 0.012564011 0.999903977 -0.005842993 -5.208058357 -0.015062055 0.006032042 0.999868333 284.648132324
0.999825299 -0.012316045 0.014057875 -0.238357067 0.012431215 0.999889553 -0.008134593 -5.271581650 -0.013956138 0.008307929 0.999868095 286.234832764
0.999822557 -0.011543974 0.014888054 -0.240741730 0.011706445 0.999872327 -0.010872161 -5.316369057 -0.014760646 0.011044517 0.999830008 287.729370117
0.999829650 -0.013174695 0.012922643 -0.207636595 0.013309834 0.999857068 -0.010427915 -5.358671665 -0.012783412 0.010598138 0.999862134 289.383636475
0.999823868 -0.014150003 0.012323229 -0.205232859 0.014280667 0.999842107 -0.010580477 -5.389120102 -0.012171567 0.010754600 0.999868095 290.929779053
0.999838889 -0.013779655 0.011502311 -0.205901623 0.013911633 0.999837399 -0.011473996 -5.432702065 -0.011342334 0.011632162 0.999868035 292.473724365
0.999837697 -0.014361023 0.010870987 -0.192716122 0.014488985 0.999825537 -0.011785176 -5.444627285 -0.010699844 0.011940775 0.999871433 294.178985596
0.999829888 -0.016016357 0.009136708 -0.154047012 0.016117785 0.999808013 -0.011138080 -5.478974342 -0.008956561 0.011283449 0.999896228 295.646087646
0.999846280 -0.015181134 0.008762666 -0.148491144 0.015280278 0.999818802 -0.011360636 -5.516376495 -0.008588611 0.011492789 0.999897003 297.253051758
0.999850035 -0.014903038 0.008821708 -0.159828186 0.014987163 0.999842107 -0.009548197 -5.565529823 -0.008678018 0.009678978 0.999915481 298.680694580
0.999877214 -0.013777333 0.007468052 -0.157133102 0.013840468 0.999868333 -0.008469190 -5.599299431 -0.007350387 0.008571510 0.999936223 300.271392822
0.999886632 -0.012262194 0.008740872 -0.157578230 0.012334414 0.999889791 -0.008256872 -5.631657600 -0.008638662 0.008363748 0.999927700 301.771362305
0.999854147 -0.014812968 0.008502696 -0.140319586 0.014873514 0.999864101 -0.007102504 -5.645141602 -0.008396332 0.007227933 0.999938548 303.436981201
0.999814928 -0.016850166 0.009286290 -0.150211096 0.016914373 0.999833226 -0.006879687 -5.677765846 -0.009168816 0.007035485 0.999933183 304.890075684
0.999798357 -0.017619602 0.009634153 -0.146627188 0.017698869 0.999809623 -0.008205043 -5.723901272 -0.009487750 0.008373901 0.999919951 306.596282959
0.999758542 -0.019438365 0.010248777 -0.139612913 0.019545358 0.999754429 -0.010445396 -5.746150970 -0.010043218 0.010643190 0.999892890 308.075561523
0.999759674 -0.019484818 0.010043723 -0.130290031 0.019599164 0.999742746 -0.011415137 -5.792357922 -0.009818717 0.011609244 0.999884367 309.807830811
0.999799550 -0.018548284 0.007529726 -0.126532555 0.018639570 0.999751389 -0.012239989 -5.840525627 -0.007300825 0.012377890 0.999896705 311.319000244
0.999821126 -0.017849354 0.006265500 -0.133757591 0.017921943 0.999770641 -0.011727488 -5.878185272 -0.006054735 0.011837683 0.999911606 312.859008789
0.999796093 -0.019595426 0.004875149 -0.110086441 0.019627761 0.999785066 -0.006675567 -5.950160503 -0.004743290 0.006769894 0.999965847 314.653228760
0.999767780 -0.020819336 0.005559067 -0.095707774 0.020840660 0.999775529 -0.003805602 -5.977087975 -0.005478590 0.003920573 0.999977291 316.233428955
0.999750912 -0.021694450 0.005245517 -0.087261319 0.021710314 0.999759853 -0.002986382 -6.017974854 -0.005179469 0.003099520 0.999981761 317.903747559
0.999746263 -0.021825595 0.005563412 -0.072937250 0.021850662 0.999751151 -0.004485114 -6.042453766 -0.005464137 0.004605541 0.999974430 319.473114014
0.999711156 -0.023254756 0.006057288 -0.088825941 0.023281224 0.999719501 -0.004336895 -6.079502106 -0.005954736 0.004476665 0.999972224 321.148162842
0.999711156 -0.023228087 0.006157164 -0.088267326 0.023255311 0.999719918 -0.004387680 -6.110709667 -0.006053522 0.004529599 0.999971390 322.733947754
0.999727309 -0.022248158 0.007086017 -0.089313745 0.022280293 0.999741673 -0.004488913 -6.148662567 -0.006984318 0.004645570 0.999964833 324.412506104
0.999751985 -0.021060962 0.007226550 -0.072208643 0.021099295 0.999763489 -0.005269598 -6.185425282 -0.007113857 0.005420767 0.999960005 325.976867676
0.999693513 -0.023331612 0.008280445 -0.089976549 0.023362815 0.999720216 -0.003691900 -6.268109322 -0.008191993 0.003884223 0.999958873 327.689025879
0.999650419 -0.024714414 0.009396828 -0.086402655 0.024730381 0.999692917 -0.001586731 -6.306076050 -0.009354725 0.001818562 0.999954522 329.282501221
0.999622405 -0.025941044 0.009051656 -0.069077015 0.025946546 0.999663174 -0.000490985 -6.339210510 -0.009035871 0.000725659 0.999958873 330.926422119
0.999610364 -0.026490718 0.008787842 -0.060157299 0.026516549 0.999644339 -0.002835973 -6.354185104 -0.008709593 0.003067892 0.999957323 332.525268555
0.999649227 -0.024861703 0.009125813 -0.050247192 0.024881668 0.999688208 -0.002080500 -6.401075363 -0.009071245 0.002306837 0.999956191 334.164947510
0.999698937 -0.022750620 0.009195155 -0.053695440 0.022792108 0.999730349 -0.004432019 -6.426299572 -0.009091845 0.004640263 0.999947906 335.729400635
0.999735475 -0.021568228 0.007990306 -0.031863689 0.021619612 0.999745786 -0.006401816 -6.462646484 -0.007850201 0.006572870 0.999947608 337.396636963
0.999779403 -0.019627376 0.007471077 -0.034240007 0.019676900 0.999784529 -0.006614159 -6.494278908 -0.007339648 0.006759708 0.999950290 339.000457764
0.999793649 -0.019214276 0.006589898 -0.027151108 0.019231528 0.999811769 -0.002564509 -6.537557125 -0.006539383 0.002690714 0.999975026 340.604766846
0.999815881 -0.018423563 0.005366988 -0.025079131 0.018420188 0.999830067 0.000677611 -6.578505993 -0.005378559 -0.000578626 0.999985397 342.195831299
0.999815643 -0.018456513 0.005291179 -0.045976400 0.018457273 0.999829590 -0.000094366 -6.624042988 -0.005288535 0.000192009 0.999985993 343.858978271
0.999809802 -0.019176278 0.003547693 -0.042881012 0.019183274 0.999814034 -0.001948458 -6.651073456 -0.003509669 0.002016143 0.999991834 345.425720215
0.999764502 -0.021629822 0.001741988 -0.038925111 0.021630181 0.999766052 -0.000188180 -6.674941540 -0.001737510 0.000225816 0.999998450 347.050445557
0.999726415 -0.023380360 0.000588172 -0.036182299 0.023380108 0.999726593 0.000427153 -6.712111950 -0.000597998 -0.000413284 0.999999762 348.622222900
0.999719143 -0.023695488 0.000344565 -0.036261395 0.023695543 0.999719203 -0.000162088 -6.732729435 -0.000340628 0.000170207 0.999999940 350.236816406
0.999704659 -0.024296114 -0.000351737 -0.030109406 0.024295555 0.999703646 -0.001509592 -6.750889778 0.000388310 0.001500600 0.999998808 351.832611084
0.999695957 -0.024654949 -0.000049304 -0.051447503 0.024654858 0.999695122 -0.001342207 -6.785481453 0.000082382 0.001340584 0.999999106 353.436126709
0.999676764 -0.025422370 -0.000075086 -0.060542628 0.025422188 0.999675095 -0.001849021 -6.810158730 0.000122068 0.001846517 0.999998331 355.013702393
0.999668598 -0.025741708 0.000086206 -0.062709130 0.025741836 0.999666393 -0.002101667 -6.845319748 -0.000032076 0.002103188 0.999997795 356.636260986
0.999686241 -0.025046563 0.000448691 -0.078481972 0.025047816 0.999681592 -0.003047031 -6.878563881 -0.000372231 0.003057313 0.999995232 358.207305908
0.999792755 -0.020282594 -0.001808062 -0.134735346 0.020273535 0.999782503 -0.004896155 -6.976480007 0.001906976 0.004858484 0.999986351 359.801361084
0.999792755 -0.020265501 -0.001910181 -0.137920916 0.020254476 0.999779046 -0.005623149 -7.013524055 0.002023715 0.005583295 0.999982297 361.401336670
0.999763131 -0.021691820 -0.001732048 -0.151292205 0.021678884 0.999739289 -0.007166691 -7.047884941 0.001887055 0.007127443 0.999972761 362.981750488
0.999735534 -0.022922385 -0.001836558 -0.151215851 0.022911660 0.999721408 -0.005662659 -7.075209618 0.001965848 0.005619082 0.999982238 364.560180664
0.999689519 -0.024825517 -0.002141479 -0.157355130 0.024815271 0.999681056 -0.004687233 -7.114262104 0.002257159 0.004632636 0.999986708 366.169219971
0.999676585 -0.025326094 -0.002313469 -0.157159805 0.025313456 0.999665320 -0.005339421 -7.158185959 0.002447922 0.005279133 0.999983072 367.755523682
0.999702632 -0.024334913 -0.001575873 -0.178526074 0.024324659 0.999684870 -0.006226064 -7.184017181 0.001726887 0.006185881 0.999979317 369.348907471
0.999729693 -0.023231294 -0.000881146 -0.201965258 0.023226755 0.999718547 -0.004849360 -7.235341549 0.000993555 0.004827584 0.999987781 370.925750732
0.999760091 -0.021890445 -0.000905540 -0.201072067 0.021886531 0.999751925 -0.004133279 -7.260538101 0.000995795 0.004112468 0.999991059 372.532958984
0.999751210 -0.022294076 -0.000758613 -0.216170996 0.022290701 0.999742746 -0.004202616 -7.300541878 0.000852111 0.004184661 0.999990880 374.149353027
0.999741316 -0.022739260 -0.000300772 -0.223007903 0.022737509 0.999729395 -0.004909512 -7.332745552 0.000412329 0.004901404 0.999987900 375.749328613
0.999764204 -0.021711262 0.000129068 -0.240037918 0.021711646 0.999745786 -0.006081292 -7.351557732 0.000002997 0.006082661 0.999981582 377.378295898
0.999765217 -0.021667840 -0.000205679 -0.233061761 0.021666482 0.999751687 -0.005194531 -7.407879829 0.000318183 0.005188855 0.999986470 378.984893799
0.999803126 -0.019844875 0.000116772 -0.249959305 0.019845212 0.999790370 -0.005035902 -7.444540977 -0.000016811 0.005037228 0.999987304 380.627075195
0.999822080 -0.018852549 0.000560695 -0.254371524 0.018855084 0.999810219 -0.004924684 -7.467296124 -0.000467745 0.004934380 0.999987721 382.209594727
0.999859512 -0.016736792 0.000878265 -0.259255946 0.016742002 0.999840021 -0.006305146 -7.500333786 -0.000772596 0.006318965 0.999979794 383.823486328
0.999883056 -0.015137115 0.002184450 -0.278261900 0.015151637 0.999862134 -0.006791060 -7.545181274 -0.002081351 0.006823363 0.999974549 385.438964844
