0.999724388 -0.007439198 0.022267148 0.008283518 0.007446613 0.999972224 -0.000250048 -0.011708261 -0.022264665 0.000415793 0.999752045 0.882110894
0.999746323 -0.008919718 0.020681767 0.009977082 0.008958012 0.999958277 -0.001759681 -0.013712843 -0.020665210 0.001944502 0.999784589 1.186661363
0.999826908 -0.011433509 0.014676091 0.004448745 0.011480430 0.999929249 -0.003116817 -0.016885433 -0.014639417 0.003284766 0.999887466 1.502500057
0.999837875 -0.012686699 0.012788173 -0.087787703 0.012751211 0.999906301 -0.004975878 -0.020745382 -0.012723848 0.005138136 0.999905765 1.780795217
0.999836683 -0.012455874 -0.013087983 -0.027633321 0.012384001 0.999907792 -0.005558332 -0.023772400 0.013156011 0.005395344 0.999898911 2.143553734
0.999449968 -0.008001221 -0.032182079 -0.060768627 0.007824359 0.999953628 -0.005617897 -0.028748771 0.032225538 0.005363003 0.999466240 2.481817484
0.998647511 -0.004516116 -0.051795069 -0.098445356 0.004163065 0.999967337 -0.006922182 -0.034711957 0.051824640 0.006697193 0.998633742 2.823237419
0.997441828 -0.004119197 -0.071363591 -0.147646606 0.003601846 0.999966323 -0.007376680 -0.038989019 0.071391575 0.007100768 0.997423053 3.180142164
0.996036530 -0.005805399 -0.088756725 -0.211362645 0.005186334 0.999960721 -0.007203877 -0.038077142 0.088795058 0.006715002 0.996027291 3.525541067
0.993683338 -0.007305085 -0.111982062 -0.246092424 0.006643127 0.999958217 -0.006283269 -0.044822298 0.112023294 0.005499669 0.993690312 3.931823730
0.991549969 -0.006293050 -0.129572242 -0.315074444 0.005594845 0.999967813 -0.005751843 -0.049443439 0.129604265 0.004978303 0.991553307 4.317168713
0.989416599 -0.005015063 -0.145016015 -0.385928065 0.004372223 0.999979138 -0.004751259 -0.059759744 0.145036831 0.004066932 0.989417911 4.720269680
0.987836123 -0.004234478 -0.155441314 -0.486183077 0.003547651 0.999982655 -0.004695704 -0.068834804 0.155458510 0.004087134 0.987833977 5.101706982
0.985408843 -0.006173041 -0.170092225 -0.554073930 0.005161465 0.999966264 -0.006388769 -0.068674333 0.170125887 0.005417625 0.985407412 5.556021690
0.984235168 -0.010188770 -0.176571310 -0.656418085 0.008830713 0.999925077 -0.008475390 -0.078091152 0.176644415 0.006782526 0.984251320 5.980063915
0.982154429 -0.009176126 -0.187851921 -0.724088788 0.007276352 0.999915183 -0.010800242 -0.082754955 0.187935054 0.009240632 0.982137978 6.461757183
0.981192529 -0.009609804 -0.192792267 -0.840197802 0.007253777 0.999890208 -0.012922702 -0.086165607 0.192895293 0.011281186 0.981154501 6.912153721
0.979044020 -0.010522793 -0.203376561 -0.925435483 0.007708276 0.999863267 -0.014626131 -0.104965717 0.203502715 0.012751943 0.978991330 7.408201694
0.977863789 -0.014955239 -0.208707005 -1.042231441 0.011785673 0.999795675 -0.016422063 -0.107860073 0.208909944 0.013598788 0.977840364 7.888710499
0.975497067 -0.020440659 -0.219060525 -1.140876412 0.016914794 0.999695599 -0.017958978 -0.125330582 0.219360963 0.013813565 0.975546002 8.411224365
0.974063277 -0.021484772 -0.225253314 -1.260851026 0.016879722 0.999607623 -0.022350062 -0.131832808 0.225645155 0.017968159 0.974043906 8.916090012
0.971473157 -0.017183725 -0.236526221 -1.412156343 0.011595235 0.999620259 -0.024998246 -0.150080472 0.236865968 0.021542544 0.971303463 9.466410637
0.969907343 -0.013604984 -0.243094340 -1.574388504 0.007057049 0.999588966 -0.027786363 -0.167025313 0.243372485 0.025234666 0.969604552 9.997042656
0.967157900 -0.016847184 -0.253616869 -1.711386085 0.009691499 0.999519646 -0.029437622 -0.191157505 0.253990978 0.026012905 0.966856658 10.569441795
0.965415299 -0.019881228 -0.259957641 -1.876693130 0.012232622 0.999444246 -0.031007422 -0.218404740 0.260429680 0.026755078 0.965122104 11.142595291
0.962536633 -0.019572485 -0.270444244 -2.028152227 0.010687101 0.999354780 -0.034288522 -0.233078659 0.270940900 0.030113695 0.962124765 11.707531929
0.960683584 -0.018824391 -0.277006686 -2.217128992 0.008567486 0.999233663 -0.038191579 -0.254816055 0.277513355 0.034316771 0.960108697 12.323428154
0.957971036 -0.020185608 -0.286153942 -2.390304565 0.008218026 0.999042928 -0.042961691 -0.289871812 0.286747277 0.038804442 0.957220078 12.894759178
0.957157910 -0.021201981 -0.288789183 -2.610708237 0.007046828 0.998725951 -0.049967393 -0.333777606 0.289480627 0.045791645 0.956087947 13.508337021
0.954973459 -0.022425663 -0.295842558 -2.779435635 0.005343772 0.998277664 -0.058422558 -0.362557232 0.296643108 0.054211084 0.953448474 14.117712021
0.953870595 -0.022755960 -0.299354553 -2.987067223 0.002400836 0.997669399 -0.068189524 -0.396650195 0.300208628 0.064325273 0.951702178 14.775532722
0.952507555 -0.021384390 -0.303763181 -3.202627659 -0.001825367 0.997112334 -0.075918734 -0.456596553 0.304509431 0.072867654 0.949717999 15.389196396
0.951442957 -0.021228807 -0.307092100 -3.436218023 -0.004700257 0.996501029 -0.083449066 -0.508481503 0.307789087 0.080840454 0.948014140 16.056577682
0.949666440 -0.018915504 -0.312691033 -3.656051159 -0.009597044 0.995949984 -0.089394584 -0.570717037 0.313115627 0.087895960 0.945638895 16.694133759
0.949178994 -0.018330211 -0.314202458 -3.931748867 -0.012223120 0.995402634 -0.094995677 -0.642426491 0.314499199 0.094008423 0.944591284 17.351676941
0.946552992 -0.015332534 -0.322183728 -4.145598412 -0.018153116 0.994754016 -0.100672320 -0.709993720 0.322037101 0.101140335 0.941309035 18.051479340
0.944997370 -0.013548075 -0.326797187 -4.415637493 -0.021690683 0.994346499 -0.103945561 -0.786319613 0.326357901 0.105316728 0.939360857 18.787893295
0.943083405 -0.011885127 -0.332343757 -4.658585548 -0.024550518 0.994146049 -0.105218574 -0.860391378 0.331648767 0.107389107 0.937270880 19.452957153
0.940970719 -0.012186555 -0.338268816 -4.923488617 -0.024586443 0.994251192 -0.104211852 -0.941469312 0.337594122 0.106377117 0.935261548 20.157989502
0.938700557 -0.011850738 -0.344529897 -5.196125507 -0.025128094 0.994398296 -0.102667734 -1.023091316 0.343816668 0.105031632 0.933144391 20.876394272
0.936398625 -0.012202343 -0.350726098 -5.498587608 -0.024701374 0.994624913 -0.100554481 -1.117998958 0.350067884 0.102822497 0.931063950 21.628255844
0.933074653 -0.010747205 -0.359522194 -5.762258530 -0.026263032 0.994849682 -0.097899988 -1.186902642 0.358722687 0.100790143 0.927986681 22.324306488
0.929798305 -0.008810611 -0.367964208 -6.082717419 -0.027059145 0.995371997 -0.092208371 -1.272141457 0.367073655 0.095691986 0.925256610 23.095146179
0.926515937 -0.004775993 -0.376225114 -6.395378590 -0.030213334 0.995746076 -0.087045752 -1.344318390 0.375040412 0.092016309 0.922430336 23.818323135
0.923137665 -0.001332685 -0.384467334 -6.739574432 -0.033100165 0.996005654 -0.082928687 -1.431297421 0.383042127 0.089280523 0.919406176 24.591718674
0.919122458 -0.000512908 -0.393971622 -7.050092697 -0.034198008 0.996120751 -0.081079617 -1.498723269 0.392484933 0.087995149 0.915539384 25.328582764
0.915275991 -0.000707533 -0.402826607 -7.412503242 -0.034574978 0.996170223 -0.080308676 -1.575204492 0.401340693 0.087432340 0.911746204 26.097141266
0.911466599 -0.000358461 -0.411373734 -7.753003120 -0.035407580 0.996220171 -0.079319447 -1.638331652 0.409847289 0.086862788 0.908008814 26.844066620
0.907900035 0.000641374 -0.419186175 -8.150251389 -0.036454111 0.996330976 -0.077430189 -1.711313963 0.417598635 0.085579924 0.904592395 27.642812729
0.903788269 -0.000772713 -0.427979112 -8.498254776 -0.034753378 0.996563375 -0.075190015 -1.784256458 0.426566422 0.082829565 0.900655508 28.407466888
0.899872601 -0.002146009 -0.436147630 -8.905753136 -0.031814251 0.997001052 -0.070545733 -1.854757905 0.434991002 0.077357866 0.897105694 29.235363007
0.896255016 0.001721146 -0.443535805 -9.297356606 -0.034207176 0.997282207 -0.065252647 -1.924038529 0.442218095 0.073655114 0.893878102 30.009666443
0.892158389 0.000762261 -0.451722026 -9.697320938 -0.031438399 0.997678578 -0.060407817 -1.996544003 0.450627297 0.068094768 0.890111268 30.823726654
0.888842165 0.001240163 -0.458211988 -10.159389496 -0.032071665 0.997712135 -0.059512451 -2.049768448 0.457089961 0.067592792 0.886848390 31.652639389
0.885609686 -0.001592293 -0.464427620 -10.588948250 -0.028926341 0.997863412 -0.058580372 -2.101104736 0.463528544 0.065313540 0.883671522 32.481891632
0.882465839 0.001068248 -0.470375270 -11.042081833 -0.031409677 0.997899294 -0.056661054 -2.164252281 0.469326615 0.064775780 0.880645573 33.301124573
0.879684567 -0.001504612 -0.475555301 -11.482854843 -0.028275402 0.998060346 -0.055461746 -2.225030661 0.474716365 0.062235359 0.877935708 34.127407074
0.877103686 -0.001379427 -0.480299085 -11.987442017 -0.028646760 0.998065352 -0.055180088 -2.295579195 0.479445934 0.062157676 0.875367343 34.991252899
0.874893010 -0.001199872 -0.484314710 -12.442687988 -0.029374918 0.998024464 -0.055537060 -2.359264612 0.483424515 0.062815689 0.873129368 35.829444885
0.873596013 -0.001249272 -0.486650199 -12.928319931 -0.029665930 0.998000264 -0.055815879 -2.423101664 0.485746741 0.063197464 0.871811986 36.677211761
0.872938871 -0.000560663 -0.487829328 -13.439311981 -0.029771531 0.998074234 -0.054421313 -2.494487286 0.486920297 0.062029913 0.871241033 37.562549591
0.872886598 -0.002342191 -0.487917513 -13.943637848 -0.027046226 0.998218715 -0.053177647 -2.542734623 0.487172991 0.059614372 0.871268392 38.465053558
0.872887373 -0.003157147 -0.487911671 -14.483068466 -0.026096666 0.998245597 -0.053147037 -2.596274614 0.487223476 0.059124235 0.871273518 39.371288300
0.871863067 -0.004471537 -0.489729345 -14.967428207 -0.024966404 0.998252332 -0.053562261 -2.666234970 0.489112914 0.058925733 0.870227754 40.269134521
0.870755613 -0.007253929 -0.491662681 -15.514590263 -0.022222579 0.998288929 -0.054085784 -2.725268126 0.491213709 0.058021501 0.869104505 41.207241058
0.869322836 -0.007664882 -0.494185120 -16.026657104 -0.020707527 0.998436928 -0.051912595 -2.794553757 0.493810594 0.055362161 0.867805362 42.110797882
0.866892040 -0.006440647 -0.498454332 -16.540344238 -0.020080270 0.998653829 -0.047826663 -2.870211124 0.498091370 0.051469650 0.865595758 43.026199341
0.864451468 -0.006576380 -0.502673268 -17.102592468 -0.017953921 0.998872638 -0.043943573 -2.924996138 0.502395570 0.047012039 0.863358855 43.946537018
0.860204875 -0.007617050 -0.509891689 -17.653232574 -0.015807595 0.999009728 -0.041591730 -2.993422031 0.509703457 0.043837577 0.859232545 44.876525879
0.855373919 -0.010065028 -0.517913222 -18.197448730 -0.015022654 0.998908699 -0.044223692 -3.046255589 0.517793119 0.045608219 0.854289293 45.763999939
0.850016236 -0.013286818 -0.526589036 -18.795244217 -0.013653728 0.998790145 -0.047241081 -3.119436026 0.526579559 0.047345582 0.848806381 46.645965576
0.843303382 -0.013452903 -0.537269533 -19.337728500 -0.013827869 0.998812616 -0.046714012 -3.169381618 0.537260115 0.046823375 0.842115939 47.555835724
0.837805271 -0.009250311 -0.545890749 -19.959001541 -0.015758434 0.999030173 -0.041114163 -3.239203453 0.545741677 0.043048047 0.836847067 48.463958740
0.834431231 -0.008046686 -0.551053345 -20.342302322 -0.015327257 0.999167740 -0.037799489 -3.508347750 0.550898969 0.039987199 0.833613455 49.650825500
0.830349028 -0.009387788 -0.557164490 -20.945703506 -0.015266147 0.999099612 -0.039585382 -3.563049793 0.557034492 0.041375436 0.829458117 50.545974731
0.826937616 -0.010692437 -0.562191963 -21.541688919 -0.016765280 0.998905838 -0.043658718 -3.618856192 0.562043667 0.045528341 0.825853527 51.404991150
0.824502051 -0.012339959 -0.565724313 -22.176912308 -0.019886781 0.998512805 -0.050763775 -3.680029631 0.565509379 0.053105272 0.823030412 52.275253296
0.820460618 -0.013583561 -0.571541488 -22.753295898 -0.019982219 0.998425484 -0.052414048 -3.737967491 0.571353495 0.054424331 0.818897486 53.231430054
0.817358792 -0.011984247 -0.576004326 -23.378688812 -0.019146223 0.998666346 -0.047946859 -3.802186966 0.575810730 0.050218098 0.816039205 54.084884644
0.814944744 -0.009372875 -0.579462707 -24.050083160 -0.019099969 0.998891652 -0.043018997 -3.856550932 0.579223752 0.046125833 0.813862562 54.953681946
0.811745167 -0.006455555 -0.583975971 -24.661121368 -0.021634553 0.998920143 -0.041115269 -3.896161795 0.583610713 0.046009183 0.810729027 55.855361938
0.808879137 -0.006578081 -0.587938190 -25.317974091 -0.022129809 0.998888314 -0.041621912 -3.957334518 0.587558389 0.046678055 0.807834327 56.730979919
0.805406928 -0.007542880 -0.592674255 -25.980018616 -0.022535460 0.998806357 -0.043335926 -4.007167816 0.592293680 0.048259240 0.804275572 57.506046295
0.801195920 -0.010410359 -0.598311603 -26.621721268 -0.020958466 0.998746991 -0.045443133 -4.079129696 0.598035038 0.048948545 0.799973845 58.358833313
0.796004415 -0.012484824 -0.605162084 -27.234508514 -0.017367184 0.998904467 -0.043451987 -4.236485004 0.605041623 0.045097943 0.794915557 59.414558411
0.791466832 -0.012176183 -0.611090958 -27.902507782 -0.017495977 0.998940408 -0.042564481 -4.290107727 0.610961735 0.044380002 0.790415227 60.274543762
0.786753237 -0.012061965 -0.617149591 -28.576354980 -0.017445687 0.998975158 -0.041764677 -4.353754044 0.617020845 0.043625109 0.785736620 61.113208771
0.781265676 -0.013574300 -0.624051154 -29.260643005 -0.016675722 0.998952806 -0.042605899 -4.421490192 0.623975813 0.043693036 0.780221045 61.971309662
0.776117206 -0.015222006 -0.630404890 -29.940261841 -0.016046070 0.998908162 -0.043875001 -4.470116615 0.630384505 0.044167664 0.775025547 62.791488647
0.770404398 -0.017130004 -0.637325346 -30.650527954 -0.014582274 0.998904109 -0.044475678 -4.530143738 0.637388706 0.043557912 0.769310355 63.649929047
0.765015244 -0.018970124 -0.643732727 -31.343612671 -0.013734887 0.998858154 -0.045757912 -4.592153549 0.643865705 0.043847088 0.763881147 64.463455200
0.759062886 -0.019162215 -0.650735259 -32.063598633 -0.014856786 0.998796523 -0.046741590 -4.661122322 0.650847673 0.045147635 0.757864714 65.282936096
0.752811432 -0.021306816 -0.657891273 -32.710628510 -0.013199423 0.998786330 -0.047451053 -4.690767288 0.658103883 0.044405483 0.751616538 66.054306030
0.746619463 -0.021759158 -0.664895415 -33.446502686 -0.011387922 0.998900414 -0.045477334 -4.747361183 0.665153861 0.041526046 0.745550692 66.867233276
0.740269780 -0.022197986 -0.671943307 -34.220306396 -0.010491254 0.998951674 -0.044558920 -4.826109886 0.672228098 0.040035147 0.739260972 67.704879761
0.733958423 -0.023814071 -0.678776860 -34.961395264 -0.009886260 0.998904705 -0.045735333 -4.889156342 0.679122448 0.040278398 0.732918978 68.505264282
0.726902008 -0.025839591 -0.686254799 -35.766685486 -0.009269859 0.998831630 -0.047427993 -4.952669621 0.686678469 0.040836986 0.725813270 69.372444153
0.720937252 -0.025218470 -0.692541301 -36.552906036 -0.010603068 0.998819292 -0.047409214 -5.011818886 0.692919195 0.041522134 0.719818652 70.181671143
0.715885401 -0.024549350 -0.697785974 -37.342483521 -0.011208945 0.998848796 -0.046640962 -5.075733185 0.698127747 0.041211035 0.714786053 70.960945129
0.710298121 -0.036044139 -0.702977657 -39.184642792 0.011676076 0.999154031 -0.039432496 -5.347753525 0.703804135 0.019800805 0.710117936 70.716560364
0.705986738 -0.036034487 -0.707307816 -40.035362244 0.010223007 0.999119222 -0.040697195 -5.409129143 0.708151400 0.021500865 0.705733240 71.520683289
0.703421056 -0.037056409 -0.709806740 -40.916927338 0.008208849 0.998996913 -0.044018973 -5.462736130 0.710725963 0.025137179 0.703019738 72.209938049
0.698808610 -0.039837901 -0.714198470 -41.758926392 0.009191017 0.998865545 -0.046723634 -5.526086807 0.715249658 0.026086668 0.698382080 72.990959167
0.690250933 -0.041606508 -0.722372890 -42.505508423 0.010982675 0.998832822 -0.047035456 -5.593140125 0.723486722 0.024532679 0.689902067 73.922531128
0.685634613 -0.040694546 -0.726807475 -43.354221344 0.010564470 0.998887241 -0.045962505 -5.655648232 0.727869213 0.023835149 0.685301483 74.699340820
0.683103025 -0.039806403 -0.729236305 -44.286201477 0.010048554 0.998931170 -0.045115218 -5.724513531 0.730252862 0.023490574 0.682772875 75.424667358
0.677865982 -0.041684840 -0.734002769 -45.161354065 0.011054458 0.998856306 -0.046517160 -5.780111790 0.735102415 0.023418391 0.677551448 76.226348877
0.668875515 -0.043213136 -0.742117286 -45.917221069 0.011688802 0.998797059 -0.047624256 -5.806643486 0.743282378 0.023180233 0.668576002 77.150421143
0.664535880 -0.044714872 -0.745917320 -46.817604065 0.013799412 0.998772204 -0.047578685 -5.865776062 0.747128844 0.021324523 0.664336979 77.943435669
0.662086546 -0.045075160 -0.748070598 -47.794410706 0.015647415 0.998803437 -0.046334248 -5.977680206 0.749264002 0.018971913 0.661999643 78.703399658
0.657906055 -0.047997959 -0.751568854 -48.704666138 0.018404588 0.998693645 -0.047669306 -6.049549103 0.752875030 0.017529614 0.657929957 79.505828857
0.651048601 -0.052669536 -0.757206500 -49.601703644 0.019269373 0.998414993 -0.052879572 -6.078848362 0.758791447 0.019836277 0.651031554 80.377151489
0.646658063 -0.057394490 -0.760617673 -50.510154724 0.023711700 0.998195767 -0.055162504 -6.139495373 0.762411475 0.017635742 0.646852195 81.131553650
0.639848292 -0.060466859 -0.766118765 -51.445976257 0.027907614 0.998070538 -0.055466004 -6.221696854 0.767994404 0.014109279 0.640301168 81.920951843
0.630102158 -0.064517513 -0.773827314 -52.336574554 0.033570249 0.997874081 -0.055862147 -6.301881313 0.775786281 0.009221276 0.630928338 82.702445984
0.621202052 -0.065551087 -0.780903995 -53.306625366 0.036461491 0.997833848 -0.054755937 -6.381001472 0.782801688 0.005541571 0.622246444 83.472511292
0.612154245 -0.063471556 -0.788186789 -54.209972382 0.036337793 0.997978270 -0.052143589 -6.466769695 0.789903045 0.003278950 0.613223135 84.173393250
0.603121877 -0.063531026 -0.795114994 -55.178939819 0.035732374 0.997974277 -0.052635591 -6.531944752 0.796848357 0.003334326 0.604170144 84.895462036
0.593691945 -0.064862512 -0.802074015 -56.182209015 0.034493726 0.997881234 -0.055165026 -6.609688282 0.803952813 0.005084510 0.594671369 85.633682251
0.583685875 -0.066948563 -0.809214830 -57.131267548 0.035637911 0.997747004 -0.056840759 -6.692209721 0.811196923 0.004338420 0.584756792 86.317001343
0.573648036 -0.069044739 -0.816186666 -58.156753540 0.035923731 0.997602999 -0.059142906 -6.765836239 0.818313658 0.004606740 0.574753284 87.034805298
0.563568830 -0.069287121 -0.823158264 -59.163928986 0.038441971 0.997596383 -0.057650995 -6.856268406 0.825174212 0.000846481 0.564877689 87.724723816
0.553115547 -0.069233462 -0.830222726 -60.158615112 0.038623527 0.997600377 -0.057459351 -6.933432579 0.832208753 -0.000284469 0.554462492 88.387931824
0.543085575 -0.069607139 -0.836787164 -61.212974548 0.038998231 0.997573614 -0.057671618 -7.031590462 0.838771224 -0.001312598 0.544482470 89.053405762
0.532440007 -0.070766285 -0.843504429 -62.220237732 0.038167059 0.997492731 -0.059593268 -7.100745678 0.845606804 -0.000464238 0.533806026 89.697975159
0.522448897 -0.071644865 -0.849655390 -63.292587280 0.036563877 0.997429550 -0.061622579 -7.176979542 0.851886332 0.001127954 0.523725569 90.353118896
0.513075292 -0.071921103 -0.855325162 -64.324447632 0.034680109 0.997406662 -0.063065000 -7.270844936 0.857642710 0.002694320 0.514238954 90.961677551
0.503481448 -0.072044872 -0.860997081 -65.402404785 0.033882830 0.997397244 -0.063644782 -7.362506866 0.863341331 0.002870952 0.504612148 91.590606689
0.494560301 -0.069383025 -0.866369486 -66.478988647 0.032830656 0.997588396 -0.061150558 -7.461949825 0.868523061 0.001799157 0.495645523 92.200592041
0.486621320 -0.067929007 -0.870967984 -67.573707581 0.033441734 0.997690022 -0.059128050 -7.548841476 0.872972727 -0.000353712 0.487768859 92.808883667
0.479202688 -0.068070173 -0.875060678 -68.679840088 0.032999128 0.997680485 -0.059537604 -7.636772633 0.877083659 -0.000345659 0.480337471 93.404350281
0.471003205 -0.071489759 -0.879229903 -69.779251099 0.035882205 0.997438431 -0.061879154 -7.727741241 0.881401360 -0.002403434 0.472361863 94.006286621
0.464696467 -0.074199498 -0.882355690 -70.903739929 0.034955002 0.997243464 -0.065451466 -7.810607433 0.884779811 -0.000427679 0.466009140 94.596076965
0.458012134 -0.077544004 -0.885557294 -71.988731384 0.038893688 0.996982157 -0.067185022 -7.913082123 0.888094664 -0.003671029 0.459645927 95.157455444
0.452475816 -0.081182584 -0.888073802 -73.089904785 0.041216951 0.996687412 -0.070111275 -8.017646790 0.890823662 -0.004880042 0.454322994 95.718521118
0.447713852 -0.081929885 -0.890415549 -74.212852478 0.043923024 0.996606469 -0.069615714 -8.124758720 0.893097460 -0.007941823 0.449793041 96.287055969
0.443557650 -0.079115964 -0.892746925 -75.320625305 0.045692775 0.996797025 -0.065634698 -8.229951859 0.895080328 -0.011679324 0.445751965 96.838226318
0.439292938 -0.077726305 -0.894975066 -76.427719116 0.048805088 0.996843696 -0.062617660 -8.321332932 0.897017181 -0.016171854 0.441699803 97.389709473
0.437720716 -0.074896798 -0.895986080 -77.541748047 0.043127060 0.997126341 -0.062282175 -8.419837952 0.898076057 -0.011379045 0.439692944 97.923477173
0.434957504 -0.074609488 -0.897354782 -78.656593323 0.044591427 0.997123420 -0.061290681 -8.516180992 0.899346232 -0.013355481 0.437033236 98.457077026
0.433059514 -0.073269062 -0.898382485 -79.766761780 0.045347434 0.997199535 -0.059468832 -8.614604950 0.900223911 -0.014985800 0.435169399 98.981994629
0.430952668 -0.072517358 -0.899456024 -80.869850159 0.047038589 0.997215807 -0.057861697 -8.703191757 0.901147723 -0.017373485 0.433164001 99.505790710
0.427417934 -0.074974142 -0.900940061 -81.997077942 0.053917706 0.996895373 -0.057380069 -8.798932076 0.902444899 -0.024051350 0.430133462 99.995079041
0.424870938 -0.076595172 -0.902007759 -83.077514648 0.056792762 0.996706545 -0.057885643 -8.866835594 0.903470695 -0.026633585 0.427821666 100.513244629
0.423986077 -0.075476259 -0.902518272 -84.150863647 0.059988439 0.996673346 -0.055168878 -8.959539413 0.903679848 -0.030749822 0.427103370 100.977203369
0.420531660 -0.074525356 -0.904211879 -85.206718445 0.062101580 0.996647656 -0.053261675 -9.047665596 0.905149937 -0.033754766 0.423750073 101.506797791
0.418349028 -0.074883044 -0.905194342 -86.232589722 0.063459001 0.996570051 -0.053113677 -9.137260437 0.906066835 -0.035222676 0.421666086 102.013458252
0.417805851 -0.078769319 -0.905115306 -87.352447510 0.068907477 0.996112227 -0.054880477 -9.205018044 0.905919433 -0.039439820 0.421609372 102.482376099
0.416659623 -0.079124235 -0.905612528 -88.342147827 0.066143736 0.996203005 -0.056607429 -9.278360367 0.906653047 -0.036314588 0.420311153 102.960021973
0.418192625 -0.079319425 -0.904888511 -89.368507385 0.065485969 0.996220529 -0.057061076 -9.371153831 0.905994833 -0.035394982 0.421806425 103.407073975
0.420957446 -0.083616585 -0.903218150 -90.426765442 0.068486124 0.995829940 -0.060271304 -9.391971588 0.904491186 -0.036486272 0.424928576 103.808303833
0.425544560 -0.083425023 -0.901083827 -91.412147522 0.065892726 0.995954931 -0.061090067 -9.480175018 0.902535260 -0.033378333 0.429320216 104.275756836
0.429968506 -0.084263116 -0.898903012 -92.406471252 0.066127777 0.995900154 -0.061724983 -9.562097549 0.900418818 -0.032902669 0.433777869 104.762969971
0.437691957 -0.082137078 -0.895365536 -93.442382812 0.063664213 0.996150315 -0.060260955 -9.690574646 0.896868229 -0.030627003 0.441236228 105.216697693
0.444597781 -0.081565656 -0.892008901 -94.408981323 0.062979788 0.996227384 -0.059704866 -9.759988785 0.893513501 -0.029633876 0.448057443 105.699890137
0.452058256 -0.079111502 -0.888473213 -95.361778259 0.060823411 0.996474624 -0.057781003 -9.854475975 0.889912248 -0.027919592 0.455276430 106.195602417
0.460934877 -0.079514161 -0.883864522 -96.302787781 0.060687102 0.996470511 -0.057996113 -9.922592163 0.885356426 -0.026906742 0.464133561 106.682929993
0.470404774 -0.077234834 -0.879064500 -97.239639282 0.058251534 0.996707439 -0.056399457 -10.012696266 0.880526006 -0.024676267 0.473355025 107.180473328
0.480817795 -0.076139726 -0.873508573 -98.148948669 0.055705883 0.996862590 -0.056228973 -10.109631538 0.875049233 -0.021623671 0.483550668 107.675964355
0.493954688 -0.084515214 -0.865370333 -99.072624207 0.059632603 0.996214151 -0.063255526 -10.083416939 0.867440343 -0.020358929 0.497124493 108.019958496
0.506369650 -0.083289742 -0.858284652 -99.974960327 0.056309488 0.996393859 -0.063470751 -10.188627243 0.860476136 -0.016189912 0.509233594 108.525314331
0.516605973 -0.084128089 -0.852080226 -100.796875000 0.056800686 0.996336401 -0.063933313 -10.235894203 0.854337156 -0.015370413 0.519491911 109.053062439
0.529015124 -0.082309805 -0.844611108 -101.669792175 0.055993803 0.996501803 -0.062040709 -10.306937218 0.846763074 -0.014472514 0.531773448 109.603775024
0.543175757 -0.073806256 -0.836368799 -102.522514343 0.049890459 0.997205913 -0.055598386 -10.448852539 0.838135481 -0.011527122 0.545340359 110.112686157
0.555358052 -0.069118753 -0.828733981 -103.462875366 0.046883758 0.997557461 -0.051780954 -10.593291283 0.830288708 -0.010097193 0.557242095 110.689422607
0.566826701 -0.069559306 -0.820895255 -104.400199890 0.046759482 0.997539222 -0.052240066 -10.657663345 0.822508991 -0.008773572 0.568684399 111.287582397
0.578404665 -0.070738032 -0.812677145 -105.221466064 0.047247026 0.997465730 -0.053195633 -10.726252556 0.814380527 -0.007627974 0.580281019 111.849639893
0.595211208 -0.074546471 -0.800104141 -106.438362122 0.051160406 0.997183025 -0.054849423 -10.757794380 0.801939011 -0.008286654 0.597348273 112.247100830
0.606231868 -0.074615106 -0.791779935 -107.508354187 0.051587388 0.997181714 -0.054473344 -10.840860367 0.793613017 -0.007822389 0.608372569 113.166687012
0.617050588 -0.072146140 -0.783609271 -108.323669434 0.050472144 0.997366548 -0.052082431 -10.913831711 0.785303235 -0.007412942 0.619066894 113.813598633
0.627225280 -0.069399774 -0.775739729 -109.006637573 0.050667915 0.997548044 -0.048275746 -10.971191406 0.777188003 -0.009025348 0.629203737 114.356872559
0.636231065 -0.068967454 -0.768409550 -110.022186279 0.050489914 0.997583330 -0.047731750 -11.001338005 0.769844651 -0.008428507 0.638175726 115.253540039
0.646444678 -0.068585970 -0.759871721 -110.758071899 0.048590407 0.997630477 -0.048708789 -11.062651634 0.761411965 -0.005434930 0.648245573 115.858551025
0.655843079 -0.067748405 -0.751851022 -111.287071228 0.046528839 0.997698903 -0.049314152 -11.107957840 0.753461957 -0.002640408 0.657486141 116.323631287
0.665061891 -0.067094527 -0.743768096 -111.901840210 0.046315573 0.997744322 -0.048591044 -11.162391663 0.745350540 -0.002131996 0.666669309 116.865028381
0.674197078 -0.065006778 -0.735685050 -112.588607788 0.045586970 0.997882307 -0.046398256 -11.219665527 0.737143219 -0.002256088 0.675732851 117.486640930
0.682592690 -0.063373514 -0.728046000 -113.150077820 0.046143465 0.997982502 -0.043607775 -11.263595581 0.729340792 -0.003828211 0.684139788 118.009796143
0.690550923 -0.063435473 -0.720496655 -113.810310364 0.046927612 0.997977138 -0.042888820 -11.316900253 0.721759737 -0.004194260 0.692130983 118.640235901
0.698594153 -0.061642949 -0.712857902 -114.202529907 0.045063380 0.998094678 -0.042146523 -11.370788574 0.714097679 -0.002680483 0.700040936 119.037452698
0.705830455 -0.060991645 -0.705750167 -114.764877319 0.044802569 0.998135507 -0.041452214 -11.414899826 0.706962466 -0.002361181 0.707247078 119.596618652
0.713315845 -0.058701642 -0.698379934 -115.400131226 0.044195406 0.998270392 -0.038768049 -11.464343071 0.699447811 -0.003211323 0.714676499 120.234046936
0.720242798 -0.055677000 -0.691484153 -115.984123230 0.043183547 0.998439312 -0.035412915 -11.493577957 0.692376733 -0.004354849 0.721522987 120.771835327
0.727389336 -0.053866316 -0.684107542 -116.400909424 0.041789405 0.998541236 -0.034191366 -11.534246445 0.684951305 -0.003718010 0.728579342 121.282829285
0.735039651 -0.052707694 -0.675972283 -116.988418579 0.040891949 0.998605192 -0.033399254 -11.581857681 0.676789880 -0.003092046 0.736169755 121.911514282
0.742550671 -0.050069228 -0.667915821 -117.462196350 0.038373306 0.998744249 -0.032207984 -11.604228973 0.668689728 -0.001714073 0.743539572 122.422180176
0.751458645 -0.047471281 -0.658070087 -118.004287720 0.037715837 0.998867929 -0.028987247 -11.643636703 0.658701301 -0.003036952 0.752398372 123.039222717
0.760849357 -0.043639995 -0.647459447 -118.474945068 0.035942402 0.999038577 -0.025100080 -11.679441452 0.647932291 -0.004173864 0.761686444 123.522666931
0.770898998 -0.041524768 -0.635602474 -118.987533569 0.034256190 0.999131441 -0.023726529 -11.713695526 0.636035621 -0.003482561 0.771651864 124.138671875
0.780969858 -0.039793827 -0.623299837 -119.574447632 0.032152701 0.999206483 -0.023507081 -11.782877922 0.623740554 -0.001682455 0.781629503 124.680625916
0.790536940 -0.041401263 -0.611013412 -120.051834106 0.032618321 0.999142587 -0.025498252 -11.805160522 0.611545265 0.000227076 0.791209400 125.294548035
0.800499320 -0.040459331 -0.597966373 -120.518119812 0.032036435 0.999180913 -0.024718853 -11.830753326 0.598476827 0.000630714 0.801139832 125.909538269
0.810230732 -0.038265970 -0.584860444 -120.834533691 0.031343065 0.999267459 -0.021958770 -11.867287636 0.585272431 -0.000539646 0.810836673 126.366127014
0.820168197 -0.037299082 -0.570905387 -121.281478882 0.032141749 0.999300539 -0.019112367 -11.884748459 0.571219027 -0.002674544 0.820793450 126.971099854
0.829475999 -0.034726992 -0.557461679 -121.602066040 0.031063948 0.999388754 -0.016035119 -11.911199570 0.557677865 -0.004016214 0.830047667 127.477256775
0.838513196 -0.033449687 -0.543853462 -122.014160156 0.031613998 0.999419034 -0.012726761 -11.930514336 0.543963194 -0.006521828 0.839083672 128.090972900
0.846260846 -0.032284353 -0.531789720 -122.350852966 0.031685200 0.999445319 -0.010253118 -11.951151848 0.531825721 -0.008173048 0.846814394 128.635070801
0.853539824 -0.033095967 -0.519975305 -122.741035461 0.033501610 0.999401569 -0.008618101 -11.968357086 0.519949317 -0.010064119 0.854137897 129.258209229
0.859614432 -0.032614134 -0.509901226 -123.057296753 0.033362936 0.999413729 -0.007679438 -11.985507965 0.509852886 -0.010410451 0.860198557 129.810424805
0.866130471 -0.032093938 -0.498786509 -123.439392090 0.032618009 0.999438524 -0.007667540 -12.002162933 0.498752564 -0.009628337 0.866690874 130.457077026
0.872642457 -0.029394198 -0.487474233 -123.779510498 0.030469945 0.999519408 -0.005724810 -12.041374207 0.487408161 -0.009857602 0.873118520 130.974868774
0.878675997 -0.028669722 -0.476557076 -124.136398315 0.030047664 0.999537289 -0.004730374 -12.056585312 0.476472139 -0.010162962 0.879130781 131.629119873
0.884390116 -0.029040596 -0.465844035 -124.441856384 0.030304559 0.999529302 -0.004778147 -12.069398880 0.465763509 -0.009891450 0.884853959 132.201721191
0.889192224 -0.029559141 -0.456577957 -124.774192810 0.030537222 0.999519944 -0.005237865 -12.090424538 0.456513554 -0.009285149 0.889667988 132.856842041
0.893394291 -0.030597068 -0.448230386 -125.081153870 0.031326745 0.999492466 -0.005788106 -12.095516205 0.448179930 -0.008870538 0.893899322 133.460723877
0.896869361 -0.029745461 -0.441294163 -125.419113159 0.030933658 0.999511302 -0.004503739 -12.125729561 0.441212475 -0.009611578 0.897351205 134.079193115
0.899828017 -0.027777433 -0.435359597 -125.740203857 0.030350177 0.999538898 -0.001044387 -12.139322281 0.435187787 -0.012273473 0.900255978 134.706329346
0.902990401 -0.023149002 -0.429037035 -126.071159363 0.027414283 0.999617100 0.003763523 -12.154010773 0.428785622 -0.015160166 0.903279006 135.382400513
0.906082213 -0.021020243 -0.422579139 -126.368103027 0.026220247 0.999635100 0.006496126 -12.156091690 0.422288388 -0.016966155 0.906302750 136.028823853
0.909268081 -0.018233662 -0.415811360 -126.688110352 0.024167303 0.999667406 0.009011211 -12.161199570 0.415508777 -0.018242648 0.909406245 136.714691162
0.912333727 -0.016899876 -0.409098417 -126.997680664 0.023472795 0.999663413 0.011050718 -12.154022217 0.408773959 -0.019684624 0.912423372 137.405532837
0.915596783 -0.015589335 -0.401795298 -127.319396973 0.023227494 0.999630153 0.014145147 -12.150222778 0.401426166 -0.022283949 0.915620327 138.120635986
0.918801188 -0.016526526 -0.394374520 -127.667861938 0.024624448 0.999576867 0.015481327 -12.122087479 0.393951744 -0.023935517 0.918819368 138.840225220
0.922217369 -0.017295308 -0.386284798 -127.998237610 0.025525019 0.999543130 0.016185483 -12.105188370 0.385828376 -0.024786465 0.922237515 139.603088379
0.925657332 -0.017314916 -0.377966583 -128.284637451 0.025587643 0.999530077 0.016876113 -12.111553192 0.377496719 -0.025292765 0.925665438 140.307556152
0.929216683 -0.019435206 -0.369023830 -128.593322754 0.027607396 0.999476314 0.016877575 -12.109490395 0.368502527 -0.025870712 0.929266691 141.089233398
0.932995260 -0.021068705 -0.359271348 -128.879425049 0.028670741 0.999463320 0.015843932 -12.103373528 0.358744681 -0.025082886 0.933098674 141.859741211
0.937183499 -0.021522092 -0.348172158 -129.121109009 0.028321611 0.999494374 0.014450705 -12.125201225 0.347685188 -0.023403758 0.937319160 142.579910278
0.942082524 -0.019497618 -0.334813744 -129.394683838 0.025666090 0.999572396 0.014008665 -12.120517731 0.334397465 -0.021790680 0.942180157 143.365829468
0.947908401 -0.015725274 -0.318154633 -129.698730469 0.021791942 0.999642015 0.015517976 -12.117374420 0.317796767 -0.021642826 0.947911739 144.184539795
0.954007626 -0.012569508 -0.299518853 -129.970626831 0.019069163 0.999641657 0.018787194 -12.111963272 0.299175411 -0.023634700 0.953905404 145.017929077
0.960221112 -0.009304382 -0.279085726 -130.254425049 0.015726948 0.999660432 0.020782622 -12.080749512 0.278797418 -0.024345081 0.960041285 145.820526123
0.966151774 -0.006893978 -0.257881969 -130.491439819 0.013040462 0.999670029 0.022131685 -12.080520630 0.257644236 -0.024745470 0.965922832 146.681976318
0.971724451 -0.005793856 -0.236046866 -130.709350586 0.011835484 0.999637425 0.024186198 -12.066759109 0.235821098 -0.026296047 0.971440613 147.559860229
0.976673186 -0.005345537 -0.214664593 -130.924392700 0.011390444 0.999572337 0.026932668 -12.037820816 0.214428842 -0.028749540 0.976316392 148.352233887
0.981292129 -0.003300272 -0.192496330 -131.112701416 0.009357589 0.999488950 0.030566514 -12.019047737 0.192297101 -0.031795982 0.980821431 149.258041382
0.985426843 -0.001099354 -0.170096725 -131.277664185 0.007216590 0.999348819 0.035349179 -11.999221802 0.169947192 -0.036061544 0.984793067 150.171737671
0.989157140 0.001127748 -0.146856740 -131.433837891 0.004658477 0.999226391 0.039050587 -11.967147827 0.146787167 -0.039311286 0.988386631 151.106994629
0.992148578 0.002756248 -0.125035197 -131.552764893 0.002187644 0.999221683 0.039385471 -11.951148987 0.125046447 -0.039349768 0.991370261 152.002822876
0.994711041 0.002473798 -0.102682367 -131.663177490 0.001412994 0.999285698 0.037762582 -11.931630135 0.102702454 -0.037707947 0.993997097 152.953186035
0.996640682 0.001916170 -0.081875786 -131.741500854 0.001103679 0.999321163 0.036822129 -11.894410133 0.081890754 -0.036788799 0.995962083 153.886596680
0.998093724 0.000632890 -0.061714835 -131.805084229 0.001779007 0.999236882 0.039018530 -11.865215302 0.061692435 -0.039053939 0.997330844 154.883789062
0.999156237 0.001327698 -0.041048020 -131.868331909 0.000358287 0.999157488 0.041038863 -11.841475487 0.041067928 -0.041018944 0.998314023 155.846893311
0.999779224 0.002618330 -0.020847177 -131.884796143 -0.001728051 0.999090374 0.042609066 -11.820415497 0.020939780 -0.042563628 0.998874307 156.818359375
0.999992371 0.003885467 -0.000033726 -131.908218384 -0.003880336 0.999048769 0.043434061 -11.788302422 0.000202456 -0.043433607 0.999056220 157.838150024
0.999773741 0.004099454 0.020872509 -131.913528442 -0.005024235 0.998999059 0.044448245 -11.757251740 -0.020669404 -0.044543054 0.998793542 158.860626221
0.999120831 0.006238833 0.041453443 -131.879089355 -0.008067441 0.998994887 0.044092532 -11.715585709 -0.041136686 -0.044388197 0.998167098 159.864562988
0.998063982 0.007661480 0.061721530 -131.899841309 -0.010317811 0.999028921 0.042834256 -11.680307388 -0.061333418 -0.043388154 0.997173846 160.787048340
0.996690989 0.007553296 0.080931649 -131.816955566 -0.010858147 0.999121666 0.040473111 -11.644285202 -0.080554858 -0.041217960 0.995897591 161.807510376
0.994892299 0.010368847 0.100408040 -131.721221924 -0.014266779 0.999168992 0.038180977 -11.616806030 -0.099928707 -0.039418459 0.994213402 162.925674438
0.992836773 0.010140277 0.119047739 -131.599945068 -0.014618360 0.999215603 0.036803070 -11.596246719 -0.118581176 -0.038279720 0.992206156 163.880538940
0.990412354 0.009853072 0.137791306 -131.458450317 -0.014674974 0.999313295 0.034022223 -11.568607330 -0.137361467 -0.035718113 0.989876807 165.007965088
0.987619698 0.011371785 0.156454355 -131.336242676 -0.016011111 0.999467731 0.028424613 -11.526721954 -0.156047836 -0.030577717 0.987276077 166.020324707
0.984591782 0.012619001 0.174412593 -131.159576416 -0.016622107 0.999630392 0.021510223 -11.490140915 -0.174076706 -0.024077892 0.984437704 167.116790771
0.981254637 0.015932791 0.192055702 -130.960449219 -0.019583510 0.999661565 0.017125314 -11.503934860 -0.191717848 -0.020565419 0.981234550 168.189590454
0.977669001 0.018003739 0.209378004 -130.739013672 -0.021184994 0.999691546 0.012960893 -11.492733002 -0.209080040 -0.017107133 0.977748930 169.268020630
0.973753691 0.020435229 0.226685256 -130.438354492 -0.023274381 0.999680519 0.009858645 -11.453902245 -0.226411358 -0.014875850 0.973918080 170.405380249
0.969592214 0.019460756 0.243951559 -130.161315918 -0.022515714 0.999699116 0.009740287 -11.443959236 -0.243688613 -0.014936849 0.969738424 171.497146606
0.965144396 0.019282831 0.261006564 -129.873519897 -0.022547241 0.999700487 0.009518107 -11.461381912 -0.260744870 -0.015071326 0.965290129 172.591278076
0.960439324 0.019481042 0.277806818 -129.556884766 -0.021515669 0.999759316 0.004276863 -11.462213516 -0.277656615 -0.010084867 0.960627437 173.826721191
0.955558538 0.020762293 0.294068962 -129.227676392 -0.021670252 0.999765158 -0.000170768 -11.467329979 -0.294003427 -0.006209371 0.955784142 174.909606934
0.950362682 0.023229405 0.310275823 -128.852691650 -0.024569016 0.999698043 0.000409581 -11.490425110 -0.310172588 -0.008012424 0.950646460 176.002365112
0.944438457 0.025059862 0.327731580 -128.487197876 -0.026443435 0.999650300 -0.000234647 -11.497276306 -0.327622890 -0.008444740 0.944770813 177.177963257
0.938145816 0.028272474 0.345084429 -128.099304199 -0.029041016 0.999573886 -0.002943404 -11.514795303 -0.345020652 -0.007260261 0.938566983 178.333526611
0.931600988 0.029368369 0.362294137 -127.671936035 -0.028794961 0.999561012 -0.006983438 -11.526832581 -0.362340152 -0.003926469 0.932037592 179.447753906
0.924599707 0.030859534 0.379688144 -127.212677002 -0.029370645 0.999521375 -0.009715031 -11.534716606 -0.379806221 -0.002169168 0.925063550 180.652099609
0.917383909 0.031389367 0.396763682 -126.743316650 -0.027739216 0.999503672 -0.014936546 -11.570775986 -0.397035569 0.002696636 0.917799234 181.750152588
0.908721149 0.035203435 0.415916562 -126.245773315 -0.029127641 0.999356151 -0.020946203 -11.618557930 -0.416386217 0.006919591 0.909161508 182.885742188
0.899026513 0.038337059 0.436212867 -125.710174561 -0.030905809 0.999231100 -0.024122292 -11.646554947 -0.436802208 0.008205072 0.899520159 184.017303467
0.887141228 0.041058313 0.459668040 -125.157173157 -0.033017959 0.999128938 -0.025520494 -11.678978920 -0.460315406 0.007462986 0.887724161 185.106933594
0.873674929 0.046307240 0.484301269 -124.550888062 -0.037143141 0.998903275 -0.028505854 -11.734042168 -0.485090107 0.006916385 0.874436796 186.300537109
0.858579159 0.049891818 0.510247588 -124.075973511 -0.039501779 0.998732686 -0.031187199 -11.796015739 -0.511156917 0.006620992 0.859461904 187.406280518
0.843530595 0.053602230 0.534399390 -123.412597656 -0.041814748 0.998541474 -0.034154292 -11.858847618 -0.535450697 0.006464414 0.844541728 188.536865234
