0.999997854 0.001629651 0.001294236 0.015143771 -0.001630265 0.999998569 0.000474107 -0.009171289 -0.001293462 -0.000476216 0.999999046 1.362656355
0.999998033 -0.001707201 -0.001027406 -0.001579443 0.001709081 0.999996781 0.001830943 -0.042112272 0.001024277 -0.001832695 0.999997735 2.627462864
0.999993622 -0.003328832 -0.001274542 -0.003205439 0.003329928 0.999994040 0.000859041 -0.062677681 0.001271675 -0.000863280 0.999998808 3.939689398
0.999998629 -0.001602074 0.000343994 0.017842200 0.001602168 0.999998689 -0.000273558 -0.074585326 -0.000343556 0.000274109 0.999999881 5.279989243
0.999998093 -0.001962460 -0.000008231 0.023143183 0.001962464 0.999997973 0.000478134 -0.095557973 0.000007293 -0.000478149 0.999999821 6.610029221
0.999994218 -0.003394277 0.000194238 0.018993471 0.003393954 0.999992907 0.001638792 -0.113790661 -0.000199799 -0.001638124 0.999998629 7.932891846
0.999995649 -0.002929708 -0.000271737 0.018087273 0.002930271 0.999993503 0.002092783 -0.133838266 0.000265605 -0.002093571 0.999997795 9.263463020
0.999997258 -0.002277732 -0.000540828 0.011453395 0.002277879 0.999997377 0.000272482 -0.154390752 0.000540206 -0.000273713 0.999999821 10.587779999
0.999999106 0.001270609 0.000092123 0.005739163 -0.001270393 0.999996543 -0.002304935 -0.171362981 -0.000095052 0.002304817 0.999997258 11.913702011
0.999988794 0.004727360 0.000119505 -0.002162478 -0.004726940 0.999983430 -0.003294590 -0.194550484 -0.000135078 0.003293989 0.999994516 13.238353729
0.999974549 0.007128496 -0.000099637 -0.006819519 -0.007128783 0.999969244 -0.003261886 -0.221627995 0.000076381 0.003262514 0.999994636 14.588477135
0.999968827 0.007837845 0.000889402 -0.015410367 -0.007835520 0.999965966 -0.002586849 -0.234835103 -0.000909645 0.002579800 0.999996245 15.933368683
0.999985754 0.005325921 0.000386970 -0.011707300 -0.005325929 0.999985814 0.000021197 -0.253468603 -0.000386852 -0.000023258 0.999999940 17.095092773
0.999990642 -0.002954794 0.003137794 0.003326524 0.002944569 0.999990344 0.003258192 -0.274402082 -0.003147391 -0.003248923 0.999989748 18.652324677
0.999987423 -0.004529808 0.002166763 0.001669545 0.004530103 0.999989688 -0.000131227 -0.274275512 -0.002166145 0.000141041 0.999997616 19.897043228
0.999976873 -0.006277623 0.002618495 0.012014426 0.006281006 0.999979377 -0.001285430 -0.311470240 -0.002610370 0.001301847 0.999995708 21.358949661
0.999990404 -0.004046574 0.001700228 0.024245307 0.004052162 0.999986351 -0.003294856 -0.326184928 -0.001686872 0.003301714 0.999993145 22.652729034
0.999991775 -0.001787841 0.003639522 0.007159375 0.001791244 0.999997914 -0.000931935 -0.354520768 -0.003637848 0.000938447 0.999992967 24.080715179
0.999994636 -0.000826834 0.003157397 0.007641867 0.000820654 0.999997675 0.001957930 -0.364077181 -0.003159008 -0.001955329 0.999993145 25.442743301
0.999979317 -0.004469249 0.004622692 0.025477856 0.004447755 0.999979258 0.004649720 -0.384622991 -0.004643377 -0.004629063 0.999978483 26.851585388
0.999960423 -0.008147236 0.003576356 0.014894038 0.008139482 0.999964535 0.002177135 -0.389128149 -0.003593965 -0.002147940 0.999991238 28.206033707
0.999923110 -0.011701549 0.004102767 0.040158667 0.011696357 0.999930739 0.001287259 -0.420308053 -0.004117545 -0.001239172 0.999990761 29.599729538
0.999946415 -0.009457535 0.004190173 0.025226064 0.009467982 0.999952078 -0.002480403 -0.419093966 -0.004166514 0.002519942 0.999988198 30.957654953
0.999947906 -0.008890511 0.005007556 0.042660639 0.008900757 0.999958277 -0.002027608 -0.459063113 -0.004989322 0.002072074 0.999985337 32.338714600
0.999958694 -0.007989506 0.004328410 0.040947974 0.008007814 0.999958932 -0.004229166 -0.492285430 -0.004294444 0.004263652 0.999981642 33.713783264
0.999972522 -0.006200940 0.004069772 0.041786060 0.006219663 0.999970078 -0.004603915 -0.498271585 -0.004041102 0.004629101 0.999981046 35.058868408
0.999964476 -0.006882892 0.004851682 0.051741689 0.006895254 0.999972939 -0.002535909 -0.537936926 -0.004834096 0.002569275 0.999985039 36.521953583
0.999968708 -0.006142095 0.004977969 0.000298902 0.006150967 0.999979496 -0.001768926 -0.525970876 -0.004967002 0.001799492 0.999986053 37.892692566
0.999985516 -0.002423850 0.004791882 0.042733178 0.002428347 0.999996543 -0.000932908 -0.582919180 -0.004789603 0.000944530 0.999988079 39.324077606
0.999992132 -0.001171519 0.003785683 0.060840547 0.001178454 0.999997616 -0.001830223 -0.582671106 -0.003783530 0.001834671 0.999991179 40.664218903
0.999991477 0.000878554 0.004023173 0.055235378 -0.000876130 0.999999404 -0.000604225 -0.639388442 -0.004023700 0.000600696 0.999991655 42.129978180
0.999995112 0.001655773 0.002644500 0.055988073 -0.001653308 0.999998271 -0.000934011 -0.655342162 -0.002646042 0.000929634 0.999996006 43.512241364
0.999992192 0.001435579 0.003683636 0.043087356 -0.001433091 0.999998689 -0.000676969 -0.684410095 -0.003684603 0.000671685 0.999992967 44.953258514
0.999999225 0.000129251 0.001262825 0.080423564 -0.000127207 0.999998569 -0.001617523 -0.690763891 -0.001263033 0.001617362 0.999997854 46.317104340
0.999998510 -0.000904057 0.001417067 0.055359397 0.000905435 0.999999106 -0.000971069 -0.737778306 -0.001416187 0.000972352 0.999998510 47.765964508
0.999999344 -0.000547693 -0.000928362 0.068176180 0.000547506 0.999999821 -0.000200326 -0.754701793 0.000928471 0.000199817 0.999999464 49.178062439
0.999999881 0.000040889 -0.000443122 0.040473767 -0.000040923 1.000000000 -0.000076548 -0.781855702 0.000443122 0.000076567 1.000000000 50.604331970
0.999997020 -0.000070167 -0.002441105 0.024077058 0.000071354 0.999999881 0.000486362 -0.802313924 0.002441072 -0.000486535 0.999996901 51.989990234
0.999996006 0.000282377 -0.002788569 0.024051055 -0.000279199 0.999999225 0.001140206 -0.825478315 0.002788889 -0.001139423 0.999995470 53.462051392
0.999993622 -0.001175855 -0.003367073 0.011581495 0.001183379 0.999996781 0.002233461 -0.850525558 0.003364436 -0.002237431 0.999991834 54.890869141
0.999983490 -0.002429058 -0.005209656 0.022066027 0.002441384 0.999994218 0.002361024 -0.876864552 0.005203893 -0.002373703 0.999983668 56.324405670
0.999977350 -0.005030678 -0.004476385 -0.016253859 0.005037313 0.999986231 0.001472061 -0.896945000 0.004468918 -0.001494577 0.999988914 57.748912811
0.999964416 -0.006277586 -0.005641234 -0.024646223 0.006286401 0.999979019 0.001546162 -0.913401246 0.005631409 -0.001581570 0.999982953 59.159961700
0.999963582 -0.007017024 -0.004844059 -0.011763453 0.007027813 0.999972880 0.002213828 -0.930773437 0.004828400 -0.002247790 0.999985814 60.599292755
0.999952495 -0.008413388 -0.004912920 -0.021588922 0.008424937 0.999961734 0.002334679 -0.943251669 0.004893089 -0.002375959 0.999985158 62.014141083
0.999927521 -0.011108180 -0.004635936 -0.016661227 0.011119867 0.999935031 0.002503146 -0.978015780 0.004607829 -0.002554515 0.999986112 63.441417694
0.999900103 -0.013406905 -0.004466840 -0.020505041 0.013415237 0.999908328 0.001840847 -0.997460246 0.004441752 -0.001900586 0.999988377 64.808319092
0.999921799 -0.012051663 -0.003337681 -0.036854461 0.012057246 0.999925852 0.001657176 -1.026712179 0.003317462 -0.001697289 0.999993086 66.269302368
0.999918401 -0.012285300 -0.003508801 -0.043948993 0.012290650 0.999923289 0.001506984 -1.050329089 0.003490019 -0.001549986 0.999992728 67.665786743
0.999967694 -0.007785079 -0.001976009 -0.068276018 0.007790243 0.999966204 0.002619751 -1.068238854 0.001955546 -0.002635060 0.999994636 69.084663391
0.999991059 -0.003905202 -0.001630387 -0.064193070 0.003911575 0.999984622 0.003923824 -1.089293599 0.001615038 -0.003930166 0.999991000 70.429702759
0.999999225 -0.000959572 -0.000712252 -0.084632263 0.000962507 0.999990940 0.004132991 -1.112989783 0.000708280 -0.004133674 0.999991119 71.897605896
0.999996841 0.002508118 0.000192762 -0.112289347 -0.002508754 0.999991179 0.003373542 -1.119520426 -0.000184299 -0.003374015 0.999994218 73.248970032
0.999976158 0.006896680 0.000279035 -0.100217119 -0.006897477 0.999971747 0.002964627 -1.151575923 -0.000258580 -0.002966481 0.999995589 74.750938416
0.999953866 0.009387315 0.002035862 -0.139021590 -0.009391649 0.999953568 0.002129121 -1.162878394 -0.002015781 -0.002148142 0.999995708 76.063476562
0.999963641 0.008451959 0.001103286 -0.112029046 -0.008455591 0.999958694 0.003330990 -1.194564104 -0.001075086 -0.003340197 0.999993861 77.552459717
0.999967754 0.007920611 0.001264033 -0.118155852 -0.007924210 0.999964476 0.002868615 -1.218995690 -0.001241266 -0.002878539 0.999995172 78.888336182
0.999975443 0.006848816 0.001492373 -0.136502594 -0.006851981 0.999974251 0.002125423 -1.249127984 -0.001477777 -0.002135596 0.999996603 80.351387024
0.999982774 0.005824375 0.000836202 -0.114894599 -0.005826593 0.999979496 0.002671745 -1.280573487 -0.000820624 -0.002676571 0.999996066 81.661041260
0.999984205 0.005594131 0.000482847 -0.139967486 -0.005595282 0.999981403 0.002418807 -1.295849800 -0.000469306 -0.002421470 0.999996960 83.154922485
0.999987066 0.005040567 -0.000692458 -0.112861417 -0.005039345 0.999985695 0.001755496 -1.312856674 0.000701296 -0.001751984 0.999998212 84.485198975
0.999990702 0.004048963 -0.001501720 -0.143177301 -0.004045296 0.999988854 0.002436397 -1.333913922 0.001511568 -0.002430299 0.999995887 85.914848328
0.999990225 0.003503396 -0.002716294 -0.145910531 -0.003494906 0.999989033 0.003123789 -1.351891518 0.002727208 -0.003114265 0.999991417 87.306602478
0.999991953 0.002575713 -0.003076794 -0.168293238 -0.002563869 0.999989331 0.003847332 -1.378637195 0.003086671 -0.003839413 0.999987841 88.650993347
0.999989569 0.001198690 -0.004414557 -0.169369102 -0.001179876 0.999990225 0.004262000 -1.404418707 0.004419622 -0.004256747 0.999981165 90.007812500
0.999982893 -0.002489650 -0.005295751 -0.178657681 0.002512731 0.999987364 0.004356263 -1.415748954 0.005284839 -0.004369496 0.999976456 91.386871338
0.999976635 -0.003849096 -0.005642211 -0.187655747 0.003868909 0.999986351 0.003504748 -1.426966310 0.005628644 -0.003526495 0.999977887 92.733337402
0.999969006 -0.004911354 -0.006150878 -0.202999741 0.004933072 0.999981582 0.003520672 -1.459857225 0.006133472 -0.003550905 0.999974906 94.110488892
0.999972284 -0.004363545 -0.006039365 -0.223557055 0.004377882 0.999987602 0.002362678 -1.470961332 0.006028980 -0.002389052 0.999979019 95.473663330
0.999963701 -0.005191641 -0.006757938 -0.225640833 0.005208846 0.999983251 0.002530672 -1.506127596 0.006744688 -0.002565782 0.999973953 96.824996948
0.999970913 -0.004265506 -0.006319253 -0.243078142 0.004276664 0.999989271 0.001753221 -1.529619575 0.006311706 -0.001780195 0.999978542 98.179809570
0.999978662 -0.002858851 -0.005878521 -0.272635758 0.002870236 0.999993980 0.001929163 -1.548967123 0.005872970 -0.001945995 0.999980867 99.495933533
0.999975204 -0.002247879 -0.006678681 -0.250525296 0.002268357 0.999992728 0.003060252 -1.563422322 0.006671754 -0.003075326 0.999972999 100.889289856
0.999977350 -0.000710075 -0.006694937 -0.257028997 0.000739095 0.999990344 0.004333052 -1.579259634 0.006691795 -0.004337902 0.999968231 102.177856445
0.999981999 -0.002053312 -0.005632551 -0.311308295 0.002073417 0.999991477 0.003565914 -1.622802138 0.005625181 -0.003577529 0.999977767 103.542488098
0.999980271 -0.002533455 -0.005746763 -0.318803519 0.002540866 0.999995947 0.001282746 -1.644646645 0.005743491 -0.001297323 0.999982655 104.894851685
0.999981463 -0.001259111 -0.005939799 -0.326285094 0.001254636 0.999998927 -0.000757108 -1.664179206 0.005940747 0.000749641 0.999982119 106.165786743
0.999971449 -0.004928456 -0.005721464 -0.347541064 0.004934871 0.999987185 0.001107592 -1.690155983 0.005715932 -0.001135795 0.999982953 107.564201355
0.999960601 -0.006844347 -0.005659810 -0.366865456 0.006859964 0.999972761 0.002744563 -1.707652569 0.005640870 -0.002783281 0.999980152 108.907272339
0.999961674 -0.006962213 -0.005313572 -0.381874859 0.006974775 0.999972939 0.002349386 -1.718358874 0.005297071 -0.002386357 0.999983132 110.274116516
0.999957919 -0.008049739 -0.004390978 -0.395257294 0.008056211 0.999966443 0.001458375 -1.749900103 0.004379092 -0.001493688 0.999989271 111.580993652
0.999974847 -0.005844726 -0.004011317 -0.407939702 0.005840858 0.999982476 -0.000975311 -1.774633884 0.004016947 0.000951857 0.999991417 112.916976929
0.999988019 -0.004198662 -0.002527349 -0.418694735 0.004189957 0.999985397 -0.003439706 -1.786653996 0.002541753 0.003429076 0.999990880 114.260276794
0.999998689 -0.000930597 -0.001313523 -0.430605888 0.000925709 0.999992669 -0.003716708 -1.804574251 0.001316972 0.003715487 0.999992192 115.582969666
0.999999940 0.000334816 0.000114108 -0.445380181 -0.000334669 0.999999225 -0.001280420 -1.847479939 -0.000114537 0.001280381 0.999999106 116.950210571
0.999999642 -0.000323010 0.000808183 -0.443328500 0.000322140 0.999999404 0.001076228 -1.865010977 -0.000808531 -0.001075968 0.999999046 118.281379700
0.999997854 -0.000294433 0.002043552 -0.461207539 0.000291749 0.999999046 0.001313696 -1.883506417 -0.002043938 -0.001313097 0.999997020 119.625259399
0.999995649 0.000302742 0.002917569 -0.472921371 -0.000304803 0.999999702 0.000706084 -1.906937838 -0.002917354 -0.000706971 0.999995470 120.957946777
0.999990642 0.001370028 0.004101767 -0.469892800 -0.001372777 0.999998748 0.000667641 -1.929524183 -0.004100848 -0.000673266 0.999991357 122.313011169
0.999979079 0.003915002 0.005142466 -0.458927453 -0.003915493 0.999992251 0.000085629 -1.949841619 -0.005142092 -0.000105762 0.999986768 123.629898071
0.999972820 0.004084023 0.006134378 -0.467530251 -0.004074572 0.999990463 -0.001552316 -1.950532913 -0.006140659 0.001527279 0.999979973 124.958084106
0.999954164 0.006095351 0.007383383 -0.473414600 -0.006080997 0.999979556 -0.001964916 -1.993450165 -0.007395209 0.001919928 0.999970794 126.355606079
0.999956489 0.004757411 0.008027246 -0.457768440 -0.004739885 0.999986291 -0.002200822 -2.016154766 -0.008037607 0.002162678 0.999965310 127.661621094
0.999955833 0.003839248 0.008581516 -0.475401521 -0.003832541 0.999992371 -0.000797700 -2.033004045 -0.008584513 0.000764776 0.999962807 129.032730103
0.999952316 0.002403358 0.009478875 -0.440596223 -0.002402719 0.999997139 -0.000078860 -2.060477734 -0.009479038 0.000056082 0.999955058 130.402023315
0.999949217 0.002226325 0.009833511 -0.436339021 -0.002231295 0.999997497 0.000494488 -2.097806215 -0.009832383 -0.000516404 0.999951482 131.720092773
0.999949038 0.000776054 0.010061061 -0.431996703 -0.000779581 0.999999642 0.000346578 -2.119784117 -0.010060787 -0.000354403 0.999949336 133.020706177
0.999952972 -0.001192397 0.009622043 -0.411817908 0.001183753 0.999998868 0.000903965 -2.126847982 -0.009623110 -0.000892532 0.999953270 134.438385010
0.999958098 -0.002780453 0.008716071 -0.398665786 0.002777995 0.999996066 0.000294102 -2.152367592 -0.008716855 -0.000269877 0.999961972 135.787429810
0.999964237 -0.004598522 0.007099883 -0.381450772 0.004598964 0.999989331 -0.000045953 -2.159945488 -0.007099598 0.000078604 0.999974787 137.128387451
0.999964476 -0.005223752 0.006611415 -0.389606237 0.005217152 0.999985874 0.001015165 -2.193017721 -0.006616625 -0.000980636 0.999977648 138.498550415
0.999959350 -0.007091121 0.005558215 -0.387619376 0.007086244 0.999974489 0.000896702 -2.207208157 -0.005564433 -0.000857278 0.999984145 139.838043213
0.999966264 -0.007040658 0.004231069 -0.397598743 0.007036869 0.999974847 0.000909818 -2.230445862 -0.004237368 -0.000880013 0.999990702 141.153442383
0.999967754 -0.007258246 0.003437972 -0.393743157 0.007255817 0.999973416 0.000718778 -2.258723974 -0.003443098 -0.000693809 0.999993861 142.514297485
0.999975681 -0.006672482 0.002031454 -0.379426837 0.006671631 0.999977648 0.000425113 -2.280772924 -0.002034245 -0.000411549 0.999997914 143.815414429
0.999948025 -0.010140541 0.001048188 -0.396568537 0.010142545 0.999946713 -0.001924025 -2.296139240 -0.001028622 0.001934557 0.999997675 145.151031494
0.999911726 -0.013207333 0.001443002 -0.312254190 0.013211480 0.999908507 -0.002903024 -2.362865448 -0.001404529 0.002921832 0.999994755 146.654281616
0.999795258 -0.020234257 0.000136915 -0.303352594 0.020234363 0.999795020 -0.000801596 -2.386668444 -0.000120667 0.000804203 0.999999702 147.988311768
0.999612927 -0.027745713 -0.002042858 -0.276442885 0.027747674 0.999614537 0.000938966 -2.420160294 0.002016018 -0.000995288 0.999997497 149.335998535
0.999515116 -0.031111335 -0.001256406 -0.311715007 0.031107944 0.999512494 -0.002630471 -2.437736273 0.001337631 0.002590111 0.999995768 150.702789307
0.999551952 -0.029921915 -0.000834410 -0.321881324 0.029916257 0.999533534 -0.006124400 -2.457506657 0.001017275 0.006096692 0.999980927 152.006500244
0.999664664 -0.025893856 -0.000046164 -0.326738685 0.025892546 0.999629319 -0.008405889 -2.489665508 0.000263807 0.008401874 0.999964714 153.323104858
0.999596953 -0.028342871 -0.001611542 -0.401131511 0.028329605 0.999568760 -0.007731627 -2.492619038 0.001829984 0.007682859 0.999968827 154.563095093
0.999495864 -0.031728510 -0.001122423 -0.407352805 0.031723056 0.999486268 -0.004579776 -2.513288260 0.001267156 0.004541860 0.999988914 155.893844604
0.999363899 -0.035650689 -0.000849566 -0.400138438 0.035648484 0.999361277 -0.002486366 -2.524231911 0.000937664 0.002454499 0.999996543 157.236892700
0.999225438 -0.039320748 0.001529337 -0.306496561 0.039321322 0.999226511 -0.000350934 -2.613489151 -0.001514355 0.000410797 0.999998748 158.816192627
0.999154568 -0.041084912 0.001458638 -0.302096277 0.041086074 0.999155343 -0.000775011 -2.633384705 -0.001425566 0.000834286 0.999998569 160.150527954
0.999257565 -0.038472950 0.002062414 -0.293195784 0.038474545 0.999259353 -0.000741651 -2.646956921 -0.002032353 0.000820451 0.999997616 161.486068726
0.999405682 -0.034319755 0.003222207 -0.298365414 0.034323696 0.999410093 -0.001176090 -2.674203157 -0.003179944 0.001285989 0.999994040 162.882949829
0.999506474 -0.031156970 0.004009629 -0.313307464 0.031168763 0.999509871 -0.002915154 -2.710420609 -0.003916836 0.003038691 0.999987662 164.215728760
0.999635577 -0.026611650 0.004530498 -0.307911158 0.026632428 0.999634743 -0.004590755 -2.712470531 -0.004406676 0.004709740 0.999979198 165.613723755
0.999648213 -0.025855541 0.005909451 -0.307233572 0.025873311 0.999660850 -0.002950641 -2.737505198 -0.005831156 0.003102500 0.999978185 166.934127808
0.999696910 -0.024132116 0.004873299 -0.295249283 0.024150673 0.999701142 -0.003785572 -2.768675327 -0.004780489 0.003902117 0.999980986 168.298080444
0.999738276 -0.022415997 0.004571022 -0.284302175 0.022442989 0.999730468 -0.005942273 -2.784934998 -0.004436589 0.006043305 0.999971926 169.595397949
0.999779522 -0.020095240 0.006087938 -0.357770801 0.020140124 0.999769747 -0.007403385 -2.863423824 -0.005937764 0.007524363 0.999954045 171.004821777
0.999875188 -0.014493847 0.006286915 -0.359456778 0.014549778 0.999854147 -0.008944164 -2.891098022 -0.006156363 0.009034520 0.999940217 172.342864990
0.999921203 -0.010773128 0.006451232 -0.370095491 0.010819594 0.999915421 -0.007211686 -2.935276031 -0.006372995 0.007280917 0.999953151 173.633682251
0.999942422 -0.008215587 0.006898100 -0.365976930 0.008252357 0.999951720 -0.005319091 -2.971923828 -0.006854068 0.005375710 0.999962032 175.120971680
0.999952197 -0.006852842 0.006980611 -0.359564900 0.006874830 0.999971390 -0.003130624 -2.995861053 -0.006958958 0.003178464 0.999970734 176.468276978
0.999931753 -0.010039356 0.005975961 -0.347156644 0.010056962 0.999945104 -0.002923384 -2.998790741 -0.005946284 0.002983284 0.999977827 177.811386108
0.999918044 -0.012179667 0.003942485 -0.337792337 0.012190025 0.999922276 -0.002614364 -3.032362223 -0.003910337 0.002662207 0.999988794 179.213134766
0.999912262 -0.013199628 0.001086811 -0.315041691 0.013206990 0.999887764 -0.007071260 -3.056688309 -0.000993351 0.007084993 0.999974370 180.559082031
0.999942958 -0.010669008 0.000386596 -0.325916320 0.010672681 0.999879837 -0.011242582 -3.094482422 -0.000266603 0.011246067 0.999936700 181.860092163
0.999975681 -0.006969583 0.000054408 -0.352327019 0.006969748 0.999909878 -0.011468989 -3.131959200 0.000025531 0.011469088 0.999934256 183.319900513
0.999997675 -0.002102142 0.000371818 -0.369017452 0.002106027 0.999939620 -0.010779484 -3.173382998 -0.000349135 0.010780239 0.999941885 184.640930176
0.999999225 0.001197312 0.000235399 -0.377006471 -0.001195474 0.999969959 -0.007658415 -3.211623669 -0.000244562 0.007658128 0.999970675 186.039398193
0.999999285 -0.001166371 0.000554961 -0.356407732 0.001168952 0.999988317 -0.004672458 -3.232011795 -0.000549504 0.004673104 0.999988914 187.472274780
0.999995708 -0.002908224 -0.000351861 -0.342846930 0.002907151 0.999991119 -0.003010750 -3.268814564 0.000360615 0.003009714 0.999995410 188.919662476
0.999992371 -0.003885070 0.000323646 -0.386523634 0.003886171 0.999986410 -0.003475481 -3.269309521 -0.000310140 0.003476714 0.999993920 190.289642334
0.999959886 -0.008600419 0.002468544 -0.321925104 0.008604899 0.999961257 -0.001809670 -3.282055616 -0.002452884 0.001830839 0.999995291 191.678878784
0.999929905 -0.011632672 0.002170271 -0.304341227 0.011634906 0.999931753 -0.001019938 -3.329326391 -0.002158258 0.001045116 0.999997079 193.013397217
0.999888539 -0.014699578 0.002601624 -0.320974529 0.014701323 0.999891639 -0.000652524 -3.334836960 -0.002591750 0.000690699 0.999996424 194.410232544
0.999820828 -0.018647945 0.003241493 -0.304012597 0.018645812 0.999825895 0.000686801 -3.354422808 -0.003253736 -0.000626237 0.999994516 195.907196045
0.999781549 -0.020427065 0.004418653 -0.341185331 0.020427473 0.999791324 -0.000047206 -3.364727259 -0.004416767 0.000137458 0.999990225 197.265319824
0.999825001 -0.018190516 0.004349133 -0.316682935 0.018208202 0.999825895 -0.004061797 -3.394707680 -0.004274489 0.004140278 0.999982297 198.647964478
0.999954045 -0.009237511 0.002573898 -0.378924906 0.009262366 0.999908924 -0.009818187 -3.473618031 -0.002482968 0.009841576 0.999948502 200.160308838
0.999988735 0.001827587 0.004380463 -0.399295092 -0.001783009 0.999946773 -0.010158721 -3.513653994 -0.004398796 0.010150797 0.999938846 201.515472412
0.999952674 0.008136002 0.005346547 -0.419530392 -0.008102620 0.999947786 -0.006236356 -3.536448002 -0.005397007 0.006192739 0.999966264 202.885437012
0.999958098 0.005400235 0.007380434 -0.332057714 -0.005377224 0.999980628 -0.003134190 -3.529413462 -0.007397216 0.003094373 0.999967813 204.505737305
0.999964356 0.004239962 0.007292056 -0.337521553 -0.004217335 0.999986291 -0.003115488 -3.543799400 -0.007305165 0.003084623 0.999968588 205.874923706
0.999980628 0.001005532 0.006137539 -0.334450483 -0.000985782 0.999994338 -0.003220155 -3.566062927 -0.006140742 0.003214042 0.999975920 207.257614136
0.999985397 -0.001073638 0.005293203 -0.325365901 0.001094713 0.999991417 -0.003980275 -3.590956688 -0.005288885 0.003986012 0.999978006 208.864120483
0.999989688 -0.000464160 0.004506661 -0.322632611 0.000485548 0.999988616 -0.004745977 -3.609714985 -0.004504407 0.004748117 0.999978542 210.260482788
0.999988735 0.001467024 0.004530695 -0.323057473 -0.001445941 0.999988139 -0.004653180 -3.631091595 -0.004537468 0.004646576 0.999978900 211.653991699
0.999990165 0.001606651 0.004137488 -0.329246879 -0.001593197 0.999993443 -0.003253314 -3.685664654 -0.004142688 0.003246691 0.999986112 213.269027710
0.999991834 0.001047437 0.003909643 -0.333724976 -0.001033590 0.999993145 -0.003542182 -3.719649315 -0.003913326 0.003538112 0.999986053 214.684127808
0.999988973 0.001734913 0.004363387 -0.362558007 -0.001711978 0.999984801 -0.005254569 -3.731381178 -0.004372436 0.005247042 0.999976695 216.138244629
0.999994040 0.000712348 0.003355465 -0.322082162 -0.000692090 0.999981523 -0.006034972 -3.744494915 -0.003359702 0.006032612 0.999976099 217.676589966
0.999993265 0.001083049 0.003506823 -0.336219788 -0.001062408 0.999982059 -0.005882592 -3.792352200 -0.003513132 0.005878826 0.999976516 219.088607788
0.999991834 0.002495348 0.003181504 -0.337728083 -0.002473399 0.999973178 -0.006884043 -3.805570602 -0.003198597 0.006876117 0.999971271 220.574920654
0.999995112 0.000550593 0.003086610 -0.322191000 -0.000530620 0.999978960 -0.006468285 -3.852151632 -0.003090106 0.006466617 0.999974310 222.145446777
0.999993563 0.002059737 0.002956584 -0.336103201 -0.002038562 0.999972403 -0.007147487 -3.883769989 -0.002971225 0.007141413 0.999970078 223.621032715
0.999995172 0.001691374 0.002594232 -0.320982754 -0.001673767 0.999975681 -0.006774378 -3.925422668 -0.002605628 0.006770003 0.999973655 225.083053589
0.999996781 0.001527939 0.002032864 -0.326495558 -0.001512883 0.999971569 -0.007387052 -3.942784548 -0.002044094 0.007383953 0.999970675 226.609313965
0.999999106 0.000080871 0.001395801 -0.322240710 -0.000070981 0.999974906 -0.007084104 -3.984420776 -0.001396339 0.007083998 0.999973893 228.074737549
0.999997199 -0.000585964 0.002298193 -0.352342010 0.000603571 0.999970376 -0.007667678 -4.018126965 -0.002293632 0.007669044 0.999967933 229.560089111
0.999983430 -0.004879199 0.003084183 -0.358797729 0.004899775 0.999965549 -0.006699243 -4.082849503 -0.003051390 0.006714243 0.999972820 231.083618164
0.999976873 -0.005640937 0.003792783 -0.374374866 0.005663369 0.999966443 -0.005930029 -4.113203049 -0.003759204 0.005951372 0.999975264 232.533569336
0.999977231 -0.005742604 0.003543305 -0.362758577 0.005762785 0.999967098 -0.005711955 -4.147968292 -0.003510386 0.005732244 0.999977410 234.058105469
0.999980092 -0.005762928 0.002565640 -0.335673213 0.005777235 0.999967575 -0.005603957 -4.198144913 -0.002533263 0.005618668 0.999980986 235.598205566
0.999983311 -0.004866628 0.003121980 -0.335623145 0.004885633 0.999969423 -0.006109301 -4.230264664 -0.003092154 0.006124451 0.999976456 237.051696777
0.999986708 -0.002648717 0.004415060 -0.353887081 0.002673005 0.999981284 -0.005504574 -4.264780998 -0.004400398 0.005516305 0.999975085 238.530639648
0.999985039 -0.003837638 0.003882809 -0.350243270 0.003853285 0.999984443 -0.004030350 -4.275049210 -0.003867282 0.004045252 0.999984264 240.139205933
0.999982893 -0.003101545 0.004968001 -0.358159304 0.003118854 0.999989092 -0.003480097 -4.319941044 -0.004957153 0.003495532 0.999981582 241.615402222
0.999987423 -0.000638814 0.004968741 -0.335522771 0.000659146 0.999991357 -0.004091360 -4.398788929 -0.004966084 0.004094584 0.999979258 243.123062134
0.999977469 -0.003194954 0.005908469 -0.365500093 0.003233532 0.999973357 -0.006531180 -4.377618790 -0.005887446 0.006550135 0.999961197 244.686538696
0.999976873 -0.003523035 0.005829954 -0.353170991 0.003556544 0.999977052 -0.005747342 -4.411503792 -0.005809572 0.005767941 0.999966502 246.199096680
0.999985754 -0.003010150 0.004414497 -0.311803818 0.003031169 0.999984026 -0.004762551 -4.451089859 -0.004400091 0.004775864 0.999978900 247.713134766
0.999980927 -0.002593837 0.005596041 -0.347865820 0.002621852 0.999983966 -0.005004667 -4.474419594 -0.005582971 0.005019242 0.999971807 249.243103027
0.999984145 -0.001459860 0.005441333 -0.353007674 0.001487378 0.999986053 -0.005056466 -4.511603832 -0.005433877 0.005064479 0.999972343 250.738006592
0.999983609 -0.000282838 0.005718142 -0.340035915 0.000311548 0.999987364 -0.005020706 -4.536548615 -0.005716650 0.005022406 0.999971032 252.242691040
0.999981165 0.002074605 0.005771982 -0.335692286 -0.002041262 0.999981225 -0.005776646 -4.544106483 -0.005783858 0.005764755 0.999966681 253.800338745
0.999978781 0.002411766 0.006045426 -0.341175199 -0.002378498 0.999981940 -0.005504228 -4.578223228 -0.006058593 0.005489733 0.999966621 255.297058105
0.999983549 0.001307286 0.005588754 -0.332688928 -0.001277291 0.999984741 -0.005367233 -4.609204769 -0.005595685 0.005360006 0.999969959 256.826232910
0.999981523 -0.001200733 0.005962248 -0.342496872 0.001227397 0.999989271 -0.004470331 -4.648238659 -0.005956817 0.004477567 0.999972165 258.418884277
0.999973655 -0.003455589 0.006392315 -0.349450350 0.003485094 0.999983311 -0.004610220 -4.660607815 -0.006376278 0.004632376 0.999968886 259.937408447
0.999967396 -0.005151916 0.006212363 -0.358439684 0.005178778 0.999977291 -0.004315644 -4.709094524 -0.006189988 0.004347675 0.999971390 261.469879150
0.999967694 -0.005703145 0.005662592 -0.358313203 0.005739799 0.999962687 -0.006478131 -4.712197304 -0.005625434 0.006510425 0.999962986 263.054718018
0.999955237 -0.007732654 0.005453881 -0.333713055 0.007759378 0.999957919 -0.004896116 -4.746201038 -0.005415792 0.004938215 0.999973178 264.595886230
0.999918938 -0.011136856 0.006168862 -0.344933152 0.011156214 0.999933004 -0.003112558 -4.766903877 -0.006133784 0.003181128 0.999976158 266.121612549
0.999941647 -0.008914415 0.006105416 -0.328368664 0.008938413 0.999952376 -0.003914356 -4.809446812 -0.006070232 0.003968701 0.999973655 267.729064941
0.999948621 -0.007084494 0.007248766 -0.402238488 0.007121787 0.999961495 -0.005131975 -4.866167068 -0.007212130 0.005183334 0.999960542 269.388916016
0.999944866 -0.006524582 0.008230958 -0.425843239 0.006574852 0.999959767 -0.006095194 -4.876825333 -0.008190859 0.006148974 0.999947548 270.939636230
0.999956310 -0.005090530 0.007839352 -0.294481277 0.005134593 0.999971032 -0.005610948 -4.902938366 -0.007810562 0.005650955 0.999953568 272.272125244
0.999936819 -0.007178755 0.008645842 -0.334844589 0.007217435 0.999964178 -0.004451000 -4.962605000 -0.008613578 0.004513120 0.999952734 273.933593750
0.999953508 -0.000260366 0.009638825 -0.267434597 0.000327988 0.999975324 -0.007014752 -4.982555389 -0.009636762 0.007017587 0.999928951 275.273010254
0.999941468 -0.004155604 0.009994900 -0.293591499 0.004213249 0.999974608 -0.005753307 -5.032339573 -0.009970738 0.005795082 0.999933481 276.946105957
0.999924064 -0.004252876 0.011564464 -0.316979170 0.004324719 0.999971449 -0.006194540 -5.044981480 -0.011537789 0.006244082 0.999913931 278.541839600
0.999905288 -0.002940922 0.013440868 -0.319599390 0.003026608 0.999975145 -0.006359128 -5.098994255 -0.013421833 0.006399207 0.999889433 280.048553467
0.999900520 -0.004545991 0.013354017 -0.282803297 0.004634674 0.999967277 -0.006617460 -5.120145798 -0.013323499 0.006678694 0.999888957 281.564910889
0.999891341 -0.004525137 0.014025118 -0.268138885 0.004611811 0.999970376 -0.006153699 -5.154126167 -0.013996854 0.006217712 0.999882698 283.224822998
0.999876678 -0.006387489 0.014346723 -0.243824482 0.006476687 0.999959946 -0.006179470 -5.159435272 -0.014306678 0.006271627 0.999877989 284.709381104
0.999873638 -0.006644449 0.014439738 -0.248708248 0.006748126 0.999951661 -0.007143132 -5.242786884 -0.014391579 0.007239668 0.999870241 286.302825928
0.999868155 -0.008016762 0.014117095 -0.229331017 0.008158370 0.999916732 -0.010002120 -5.266380787 -0.014035733 0.010115974 0.999850273 287.794952393
0.999888659 -0.007639228 0.012818202 -0.194861889 0.007768189 0.999919355 -0.010041304 -5.308984280 -0.012740460 0.010139758 0.999867380 289.308990479
0.999877334 -0.008466447 0.013175576 -0.228425503 0.008595875 0.999915063 -0.009797947 -5.340049744 -0.013091503 0.009910003 0.999865174 290.959320068
0.999890566 -0.008175488 0.012326468 -0.214926004 0.008301888 0.999913096 -0.010238294 -5.390859127 -0.012241694 0.010339507 0.999871552 292.458496094
0.999904633 -0.007324119 0.011704734 -0.211857080 0.007447015 0.999917209 -0.010490818 -5.436510086 -0.011626928 0.010576984 0.999876380 294.082458496
0.999918103 -0.007373698 0.010457266 -0.181540966 0.007482472 0.999917805 -0.010401025 -5.454583168 -0.010379715 0.010478418 0.999891222 295.580566406
0.999918222 -0.009015559 0.009068125 -0.168036699 0.009102831 0.999912202 -0.009629102 -5.493521214 -0.008980515 0.009710861 0.999912500 297.221313477
0.999921322 -0.009625980 0.008042440 -0.162253380 0.009689027 0.999922335 -0.007837369 -5.532824516 -0.007966374 0.007914676 0.999936938 298.670410156
0.999928653 -0.009387809 0.007385150 -0.168479204 0.009433651 0.999936223 -0.006197130 -5.595685005 -0.007326502 0.006266357 0.999953508 300.317565918
0.999929607 -0.008218526 0.008559456 -0.176571131 0.008268739 0.999948680 -0.005847638 -5.627917290 -0.008510957 0.005918003 0.999946237 301.777557373
0.999922991 -0.008535509 0.009011190 -0.155162573 0.008590055 0.999944925 -0.006031817 -5.673547268 -0.008959208 0.006108761 0.999941230 303.469848633
0.999904454 -0.009413371 0.010128725 -0.163766861 0.009477752 0.999935091 -0.006327162 -5.693435669 -0.010068507 0.006422556 0.999928653 304.931152344
0.999884069 -0.011958307 0.009418523 -0.136955500 0.012021888 0.999905109 -0.006723320 -5.757524490 -0.009337231 0.006835771 0.999933064 306.620910645
0.999850035 -0.014245881 0.009844608 -0.134821177 0.014334492 0.999856770 -0.008989924 -5.781060219 -0.009715131 0.009129695 0.999911189 308.137207031
0.999849081 -0.014513997 0.009547010 -0.114420652 0.014604960 0.999847949 -0.009528184 -5.836419106 -0.009407265 0.009666182 0.999909043 309.841522217
0.999882460 -0.013480354 0.007299512 -0.113551855 0.013557101 0.999852300 -0.010568601 -5.874073029 -0.007155966 0.010666320 0.999917507 311.387969971
0.999901295 -0.013107595 0.005069651 -0.106218457 0.013155326 0.999868333 -0.009499070 -5.925991535 -0.004944474 0.009564823 0.999942005 312.947937012
0.999904752 -0.013128493 0.004255441 -0.089279056 0.013154059 0.999895275 -0.006036843 -5.962830544 -0.004175740 0.006092244 0.999972701 314.680603027
0.999883413 -0.014645671 0.004327026 -0.063282967 0.014658920 0.999887943 -0.003046202 -5.995822906 -0.004281927 0.003109277 0.999985993 316.289550781
0.999879062 -0.014877745 0.004526581 -0.067566633 0.014887630 0.999886870 -0.002157992 -6.027611732 -0.004493962 0.002225122 0.999987423 317.940002441
0.999871135 -0.015424441 0.004447117 -0.046593904 0.015439622 0.999875069 -0.003399812 -6.052141190 -0.004394122 0.003468036 0.999984324 319.510681152
0.999839485 -0.017097361 0.005359100 -0.073323369 0.017116793 0.999846935 -0.003600812 -6.091735840 -0.005296716 0.003691964 0.999979079 321.166870117
0.999839187 -0.017195612 0.005090420 -0.067289829 0.017214987 0.999844611 -0.003787128 -6.114304066 -0.005024507 0.003874151 0.999979854 322.760314941
0.999857008 -0.015747057 0.006163497 -0.068868279 0.015768200 0.999869883 -0.003396882 -6.161098957 -0.006109203 0.003493583 0.999975204 324.429595947
0.999881566 -0.014145460 0.006061691 -0.050656080 0.014171632 0.999890268 -0.004296562 -6.190719604 -0.006000249 0.004381957 0.999972343 326.007080078
0.999847829 -0.016182005 0.006514930 -0.049484491 0.016201694 0.999864280 -0.002980742 -6.274271488 -0.006465812 0.003085841 0.999974310 327.682159424
0.999808967 -0.018107796 0.007360160 -0.049165726 0.018111244 0.999835849 -0.000401831 -6.316033363 -0.007351676 0.000535057 0.999972880 329.272277832
0.999791682 -0.019037053 0.007362944 -0.035260916 0.019036105 0.999818921 0.000198544 -6.341742992 -0.007365389 -0.000058342 0.999972880 330.907318115
0.999784470 -0.019582985 0.006893292 -0.017222166 0.019597286 0.999805927 -0.002013563 -6.359029770 -0.006852522 0.002148219 0.999974251 332.478027344
0.999807656 -0.018153464 0.007421431 -0.024140835 0.018163523 0.999834180 -0.001290269 -6.403265953 -0.007396778 0.001424820 0.999971628 334.143524170
0.999844968 -0.015863311 0.007634159 -0.038000584 0.015891479 0.999867141 -0.003643591 -6.430788040 -0.007575344 0.003764343 0.999964297 335.689636230
0.999879599 -0.014184342 0.006293620 -0.011912823 0.014223597 0.999879360 -0.006236984 -6.469979286 -0.006204395 0.006325751 0.999960721 337.373504639
0.999903977 -0.012712184 0.005506346 -0.011273146 0.012746143 0.999899626 -0.006176818 -6.503242493 -0.005427272 0.006246410 0.999965727 338.954406738
0.999916196 -0.012122993 0.004569408 -0.007265925 0.012134131 0.999923468 -0.002417385 -6.539168835 -0.004539751 0.002472627 0.999986649 340.583282471
0.999932408 -0.011171907 0.003225633 -0.002447248 0.011168716 0.999937177 0.001005074 -6.584440231 -0.003236659 -0.000968980 0.999994338 342.169433594
0.999924600 -0.011915522 0.002961232 -0.028260827 0.011915316 0.999929011 0.000086528 -6.611516953 -0.002962053 -0.000051237 0.999995589 343.835418701
0.999923170 -0.012300380 0.001496900 -0.040338635 0.012303309 0.999922395 -0.001963358 -6.638045311 -0.001472633 0.001981625 0.999996960 345.385284424
0.999903798 -0.013868953 -0.000321305 -0.042715266 0.013868893 0.999903798 -0.000186683 -6.672770977 0.000323863 0.000182209 0.999999940 347.018646240
0.999885082 -0.015120141 -0.001121323 -0.048187315 0.015120680 0.999885619 0.000474346 -6.711421490 0.001114022 -0.000491246 0.999999285 348.572814941
0.999891877 -0.014603032 -0.001722634 -0.044220209 0.014602563 0.999893427 -0.000284036 -6.734840393 0.001726598 0.000258851 0.999998450 350.203643799
0.999877155 -0.015495694 -0.002321252 -0.045085847 0.015491975 0.999878645 -0.001612190 -6.753701687 0.002345952 0.001576031 0.999996006 351.795745850
0.999877095 -0.015492938 -0.002388171 -0.061131597 0.015489283 0.999878824 -0.001540793 -6.786996365 0.002411753 0.001503612 0.999995947 353.400756836
0.999867678 -0.016123604 -0.002128587 -0.085546076 0.016119324 0.999868035 -0.002011450 -6.810225010 0.002160738 0.001976872 0.999995649 354.973480225
0.999906600 -0.013194368 -0.003568679 -0.089313626 0.013180454 0.999905527 -0.003895287 -6.902896881 0.003619738 0.003847887 0.999985993 356.633880615
0.999925613 -0.011881413 -0.002745405 -0.125946701 0.011866632 0.999915361 -0.005338492 -6.927655220 0.002808601 0.005305516 0.999981940 358.222381592
0.999907196 -0.013232166 -0.003230387 -0.130725980 0.013215846 0.999899983 -0.005022148 -6.969439507 0.003296518 0.004978989 0.999982178 359.810699463
0.999913514 -0.012733391 -0.003297933 -0.138799906 0.012713422 0.999901116 -0.006006848 -7.007733822 0.003374094 0.005964400 0.999976516 361.410186768
0.999885201 -0.014688435 -0.003718239 -0.138081551 0.014661201 0.999866247 -0.007249551 -7.043581009 0.003824226 0.007194206 0.999966741 362.966247559
0.999889731 -0.014483511 -0.003285805 -0.151365995 0.014465540 0.999880672 -0.005428116 -7.087059975 0.003364031 0.005379988 0.999979854 364.556823730
0.999820471 -0.018484717 -0.004155923 -0.146922350 0.018466817 0.999820352 -0.004303778 -7.113034248 0.004234730 0.004226259 0.999982059 366.144256592
0.999829590 -0.018149892 -0.003362744 -0.177899003 0.018132495 0.999822438 -0.005133399 -7.153096676 0.003455317 0.005071549 0.999981165 367.724639893
0.999837577 -0.017682431 -0.003488570 -0.178660631 0.017662238 0.999827504 -0.005735812 -7.183166504 0.003589391 0.005673265 0.999977469 369.318542480
0.999861121 -0.016512608 -0.002271359 -0.221307099 0.016500950 0.999851108 -0.005058258 -7.217465878 0.002354545 0.005020076 0.999984622 370.890319824
0.999880075 -0.015230536 -0.002808883 -0.207670212 0.015219920 0.999877095 -0.003762200 -7.257170677 0.002865838 0.003718998 0.999988973 372.511260986
0.999873638 -0.015690267 -0.002566733 -0.226751745 0.015678285 0.999866366 -0.004623565 -7.269864559 0.002638935 0.004582739 0.999985993 374.097564697
0.999880314 -0.015334187 -0.002100462 -0.241057754 0.015323616 0.999870300 -0.004959690 -7.324290752 0.002176243 0.004926911 0.999985516 375.716613770
0.999879956 -0.015400568 -0.001739532 -0.268633455 0.015391111 0.999867439 -0.005324702 -7.353826523 0.001821305 0.005297290 0.999984264 377.332153320
0.999887466 -0.014875844 -0.001950962 -0.257156610 0.014865900 0.999876916 -0.005015146 -7.400040150 0.002025326 0.004985578 0.999985516 378.949218750
0.999922872 -0.012393599 -0.000862428 -0.291355997 0.012388920 0.999909520 -0.005235076 -7.433917046 0.000927231 0.005223987 0.999985993 380.579040527
0.999922693 -0.012330104 -0.001593758 -0.278362304 0.012322910 0.999914110 -0.004446283 -7.463649750 0.001648444 0.004426299 0.999988854 382.186065674
0.999948740 -0.010059990 -0.001159417 -0.288213372 0.010053272 0.999933362 -0.005660151 -7.502949238 0.001216281 0.005648205 0.999983311 383.807678223
0.999956906 -0.009272031 -0.000401007 -0.302617669 0.009269102 0.999934018 -0.006781373 -7.528144836 0.000463858 0.006777364 0.999976873 385.432647705
