0.999998748 0.000772700 0.001383968 -0.003377910 -0.000766274 0.999988973 -0.004637999 -0.002222989 -0.001387536 0.004636932 0.999988258 0.970438838
0.999996841 -0.001425219 0.002060251 -0.002309241 0.001436585 0.999983728 -0.005525758 -0.000321443 -0.002052342 0.005528701 0.999982595 1.933488131
0.999992967 -0.002969432 0.002285099 -0.003109918 0.002972835 0.999994457 -0.001487072 -0.000615369 -0.002280671 0.001493855 0.999996305 2.895032883
0.999984741 -0.005205966 0.001823278 -0.006894531 0.005197403 0.999975562 0.004670093 -0.002968868 -0.001847546 -0.004660547 0.999987364 3.841434956
0.999959886 -0.008943499 0.000257202 -0.001704071 0.008942140 0.999948144 0.004869738 -0.002690369 -0.000300740 -0.004867243 0.999988139 4.792003632
0.999973118 -0.005841092 -0.004430286 -0.065427899 0.005801616 0.999943733 -0.008871206 -0.132415920 0.004481855 0.008845265 0.999950767 5.736576080
0.999978304 -0.003549199 -0.005538436 -0.067216851 0.003468361 0.999888301 -0.014538020 -0.132627189 0.005589415 0.014518498 0.999878943 6.668612957
0.999973893 -0.003285044 -0.006432293 -0.074894927 0.003188324 0.999882519 -0.014989541 -0.145281017 0.006480779 0.014968640 0.999866962 7.602447033
0.999969423 -0.002888068 -0.007266249 -0.089229763 0.002792046 0.999909103 -0.013190304 -0.156981170 0.007303683 0.013169613 0.999886632 8.533099174
0.999963105 -0.002720048 -0.008146170 -0.096178077 0.002635965 0.999943316 -0.010314689 -0.168719053 0.008173764 0.010292836 0.999913633 9.459520340
0.999953389 -0.003067538 -0.009150209 -0.105529092 0.002989369 0.999959052 -0.008544241 -0.181976825 0.009176043 0.008516490 0.999921620 10.383538246
0.999944508 -0.004110410 -0.009698097 -0.116853014 0.004033382 0.999960303 -0.007948628 -0.186368242 0.009730384 0.007909071 0.999921381 11.301837921
0.999949157 -0.002627031 -0.009734297 -0.114936963 0.002561489 0.999974012 -0.006739581 -0.186362341 0.009751749 0.006714304 0.999929905 12.216974258
0.999946237 0.005693046 -0.008668209 -0.122398689 -0.005743730 0.999966443 -0.005833516 -0.187590584 0.008634710 0.005882990 0.999945402 13.127495766
0.999938846 0.005395732 -0.009657021 -0.141781285 -0.005470321 0.999955177 -0.007714265 -0.194169968 0.009614966 0.007766620 0.999923646 14.034528732
0.999927044 0.004155747 -0.011342295 -0.155043751 -0.004259717 0.999948978 -0.009157900 -0.196162641 0.011303658 0.009205546 0.999893725 14.925926208
0.999904931 0.004177324 -0.013142644 -0.168713570 -0.004310085 0.999939859 -0.010089547 -0.200871691 0.013099705 0.010145235 0.999862671 15.832017899
0.999622226 0.023825679 -0.013704045 -0.180737481 -0.023945063 0.999676168 -0.008614818 -0.213385448 0.013494354 0.008939709 0.999868929 16.724769592
0.999555349 0.025424371 -0.015582305 -0.200132355 -0.025559276 0.999637067 -0.008520623 -0.216885924 0.015360018 0.008915107 0.999842286 17.620065689
0.999683738 0.018659219 -0.016860999 -0.222583920 -0.018798204 0.999790311 -0.008122416 -0.226499960 0.016705908 0.008436806 0.999824762 18.510761261
0.999657869 0.018726341 -0.018259769 -0.245357215 -0.018855505 0.999798179 -0.006927333 -0.228680372 0.018126361 0.007269262 0.999809146 19.404113770
0.999486625 0.025725601 -0.019097086 -0.269055307 -0.025839252 0.999649704 -0.005728507 -0.235895902 0.018943034 0.006219021 0.999801219 20.282054901
0.999478042 0.024554145 -0.020992145 -0.286176741 -0.024681004 0.999678493 -0.005805714 -0.241311908 0.020842843 0.006320791 0.999762774 21.152221680
0.999452710 0.024143858 -0.022610275 -0.307092726 -0.024296544 0.999683619 -0.006502849 -0.244373068 0.022446120 0.007048642 0.999723196 22.022983551
0.999457061 0.023899229 -0.022675317 -0.343848407 -0.024027675 0.999696672 -0.005409310 -0.255514085 0.022539161 0.005951209 0.999728262 22.894624710
0.999267578 0.030404877 -0.023235714 -0.362482041 -0.030499650 0.999527752 -0.003735184 -0.248032182 0.023111179 0.004441129 0.999723017 23.745250702
0.999288440 0.029569002 -0.023419186 -0.390196621 -0.029603720 0.999561071 -0.001137075 -0.249679938 0.023375286 0.001829560 0.999725044 24.600662231
0.998398125 0.051091012 -0.024308672 -0.395829856 -0.051051527 0.998693526 0.002242515 -0.236990035 0.024391480 -0.000997928 0.999701917 25.435544968
0.998353779 0.051650599 -0.024939485 -0.429053962 -0.051631413 0.998665154 0.001412982 -0.239653185 0.024979178 -0.000122994 0.999687910 26.274959564
0.998102307 0.055878654 -0.025872298 -0.449290305 -0.055895068 0.998436630 0.000088785 -0.254580349 0.025836820 0.001357517 0.999665201 27.071407318
0.998056829 0.056283839 -0.026733164 -0.476250857 -0.056353040 0.998409152 -0.001841776 -0.251214862 0.026586976 0.003344693 0.999640882 27.877708435
0.998048246 0.055827834 -0.027981991 -0.502368152 -0.055843797 0.998439491 0.000211198 -0.268374890 0.027950108 0.001351837 0.999608397 28.661149979
0.997945428 0.056992717 -0.029273212 -0.528584480 -0.057036746 0.998371840 -0.000670601 -0.264422625 0.029187331 0.002338872 0.999571264 29.436197281
0.998145700 0.052085020 -0.031499110 -0.554476380 -0.052102569 0.998641670 0.000263978 -0.278398961 0.031470079 0.001377698 0.999503732 30.223413467
0.998087943 0.052122664 -0.033221528 -0.588436365 -0.052147102 0.998639405 0.000131137 -0.277307212 0.033183165 0.001601520 0.999448001 30.989740372
0.998013914 0.052307121 -0.035103325 -0.622196317 -0.052292909 0.998630941 0.001323538 -0.271802843 0.035124492 0.000514745 0.999382854 31.755376816
0.997762680 0.055581335 -0.037149150 -0.644905150 -0.055462100 0.998451769 0.004233148 -0.281253606 0.037326917 -0.002163306 0.999300778 32.504596710
0.997630239 0.056750622 -0.038899813 -0.683711052 -0.056577884 0.998382866 0.005527982 -0.273764610 0.039150625 -0.003314013 0.999227822 33.246456146
0.997468591 0.058165614 -0.040903222 -0.720631123 -0.057981353 0.998301506 0.005677839 -0.268427581 0.041164000 -0.003291841 0.999147058 33.973876953
0.997595549 0.054512568 -0.042795364 -0.751181185 -0.054292381 0.998505175 0.006291620 -0.273987263 0.043074373 -0.003953028 0.999064147 34.685966492
0.997454464 0.056001000 -0.044141766 -0.800795376 -0.055794556 0.998424888 0.005896099 -0.273393720 0.044402421 -0.003418220 0.999007881 35.388484955
0.997327149 0.056623787 -0.046177518 -0.823526084 -0.056377038 0.998387516 0.006629671 -0.258824259 0.046478458 -0.004008599 0.998911202 36.110786438
0.997506320 0.053229026 -0.046345111 -0.864596128 -0.052844334 0.998557687 0.009487469 -0.264467388 0.046783280 -0.007014734 0.998880386 36.762302399
0.997363031 0.055560473 -0.046691786 -0.905043960 -0.055138309 0.998425782 0.010282556 -0.264844626 0.047189586 -0.007680933 0.998856485 37.445064545
0.997222424 0.059071478 -0.045366157 -0.943667829 -0.058790639 0.998242021 0.007501168 -0.250098974 0.045729510 -0.004813228 0.998942196 38.112831116
0.997204185 0.060732227 -0.043533467 -0.988204896 -0.060576797 0.998151481 0.004881960 -0.256404221 0.043749500 -0.002231193 0.999040067 38.754882812
0.997270942 0.060712487 -0.042007275 -1.006173611 -0.060649429 0.998155236 0.002775272 -0.250157744 0.042098284 -0.000219983 0.999113441 39.414535522
0.997327983 0.062297054 -0.038159478 -1.047297955 -0.062206034 0.998056948 0.003569398 -0.250552267 0.038307693 -0.001186112 0.999265313 40.041866302
0.998190939 0.048848607 -0.035052732 -1.071529746 -0.048677344 0.998798132 0.005723162 -0.243115380 0.035290163 -0.004006535 0.999369085 40.675785065
0.998115003 0.053020347 -0.030908272 -1.102659106 -0.052752130 0.998563111 0.009430057 -0.248305917 0.031363852 -0.007781805 0.999477684 41.295906067
0.997947335 0.058176804 -0.026771162 -1.117568970 -0.057912458 0.998265922 0.010546494 -0.253602833 0.027338300 -0.008974461 0.999585927 41.868434906
0.997896314 0.061101817 -0.021670770 -1.126929283 -0.060896669 0.998093903 0.010003880 -0.235376596 0.022240713 -0.008663157 0.999715090 42.452373505
0.996953130 0.076467462 -0.015401944 -1.153403282 -0.076282628 0.997010946 0.012251269 -0.230811894 0.016292730 -0.011039040 0.999806345 43.051803589
0.996653676 0.081238106 -0.009048106 -1.161763430 -0.081116788 0.996619165 0.013051844 -0.225330830 0.010077821 -0.012274215 0.999873877 43.595973969
0.996452987 0.084139124 -0.001380182 -1.179417968 -0.084115215 0.996376514 0.012588252 -0.228889585 0.002434345 -0.012427509 0.999919772 44.132930756
0.996125340 0.087750062 0.005851339 -1.181089997 -0.087816887 0.996059954 0.012358490 -0.226748109 -0.004743827 -0.012824453 0.999906540 44.635982513
0.995683551 0.091830306 0.013460841 -1.172837257 -0.091987059 0.995693505 0.011528705 -0.225588143 -0.012344188 -0.012717167 0.999842942 45.119136810
0.996083915 0.085917205 0.020858429 -1.175600290 -0.086111426 0.996248364 0.008597804 -0.222070545 -0.020041483 -0.010360284 0.999745429 45.575290680
0.995642066 0.088666886 0.028898239 -1.174099207 -0.088853531 0.996030986 0.005237373 -0.220876455 -0.028319158 -0.007782259 0.999568582 46.015579224
0.995397747 0.088521756 0.036704797 -1.153786898 -0.088752218 0.996042788 0.004694583 -0.220006779 -0.036143962 -0.007930610 0.999315143 46.434585571
0.995202899 0.087284982 0.044188686 -1.117255449 -0.087620981 0.996137440 0.005720827 -0.219919652 -0.043518666 -0.009565240 0.999006808 46.831054688
0.994600773 0.089359790 0.052763693 -1.111341476 -0.089807309 0.995940089 0.006167622 -0.219917953 -0.051998336 -0.010872887 0.998587966 47.207202911
0.993839145 0.092162006 0.061563205 -1.090062857 -0.092692725 0.995677769 0.005815111 -0.215221763 -0.060761180 -0.011485745 0.998086214 47.553165436
0.992789090 0.097224116 0.070124090 -1.070020437 -0.097813770 0.995192170 0.005016617 -0.217431068 -0.069299199 -0.011839545 0.997525632 47.873886108
0.991729319 0.101039819 0.079147562 -1.041990995 -0.101734959 0.994800091 0.004789692 -0.218695179 -0.078252047 -0.012802150 0.996851385 48.178375244
0.991045117 0.099921972 0.088572845 -1.019319534 -0.100758962 0.994898200 0.005018391 -0.221760139 -0.087619498 -0.013897960 0.996056974 48.438613892
0.990082502 0.099178366 0.099500142 -0.992135048 -0.099990867 0.994983196 0.003199991 -0.231273875 -0.098683611 -0.013117361 0.995032310 48.710758209
0.989045560 0.097485870 0.110840395 -0.948135376 -0.097874656 0.995196819 -0.001940958 -0.227767959 -0.110497259 -0.008928769 0.993836343 48.969493866
0.987396777 0.098649271 0.123757951 -0.902944088 -0.098604679 0.995105445 -0.006500414 -0.231395125 -0.123793460 -0.005784623 0.992291212 49.233867645
0.985229671 0.100097366 0.138935253 -0.859754562 -0.099762954 0.994966984 -0.009386702 -0.232660592 -0.139175549 -0.004612535 0.990256906 49.462623596
0.982619286 0.101930358 0.155143723 -0.811927319 -0.101398438 0.994781077 -0.011359252 -0.233556271 -0.155491829 -0.004569510 0.987826586 49.717624664
0.979705751 0.102786392 0.172080025 -0.760125160 -0.102053404 0.994692385 -0.013124761 -0.240322649 -0.172515720 -0.004702951 0.984995544 49.959522247
0.976519942 0.101572007 0.189978421 -0.697081566 -0.100540161 0.994818628 -0.015087210 -0.240742624 -0.190526500 -0.004367497 0.981672406 50.207366943
0.972621083 0.100765288 0.209414989 -0.638510704 -0.099635735 0.994895875 -0.015964352 -0.248204172 -0.209954739 -0.005337950 0.977696538 50.442226410
0.968011856 0.100848116 0.229745209 -0.579757690 -0.099400587 0.994886518 -0.017895943 -0.256089211 -0.230375171 -0.005513326 0.973086238 50.685989380
0.962688386 0.103202820 0.250160635 -0.490241051 -0.101148084 0.994647741 -0.021091886 -0.255884111 -0.250998467 -0.004998362 0.967974603 50.925937653
0.956352711 0.104131348 0.273031652 -0.406482697 -0.101427875 0.994552433 -0.024038497 -0.265685916 -0.274047434 -0.004703741 0.961704671 51.167907715
0.950159609 0.094129056 0.297214538 -0.320103645 -0.091895431 0.995536387 -0.021511570 -0.276708424 -0.297912747 -0.006873237 0.954568326 51.385795593
0.941364467 0.097277470 0.323063880 -0.225327492 -0.094920285 0.995217204 -0.023084154 -0.286661565 -0.323764354 -0.008934721 0.946095526 51.632720947
0.931494296 0.099018291 0.350019723 -0.118482590 -0.096410498 0.995029688 -0.024913864 -0.295515895 -0.350747019 -0.010538458 0.936411083 51.857326508
0.920350432 0.099431925 0.378244013 0.000492096 -0.096372016 0.994977295 -0.027063202 -0.304938734 -0.379035205 -0.011544518 0.925310314 52.084838867
0.907742202 0.097753681 0.407980829 0.134523392 -0.093638837 0.995151103 -0.030098829 -0.315632463 -0.408944815 -0.010880888 0.912494242 52.317543030
0.892867744 0.095201105 0.440140724 0.277681351 -0.089559495 0.995413721 -0.033624940 -0.326785922 -0.441323251 -0.009396166 0.897299051 52.537643433
0.875929773 0.088281065 0.474292517 0.430261612 -0.080688044 0.996075153 -0.036385756 -0.337648749 -0.475643009 -0.006398375 0.879615068 52.750354767
0.856349111 0.090425573 0.508418560 0.599367142 -0.080054097 0.995893061 -0.042287938 -0.348233938 -0.510154426 -0.004487758 0.860071063 52.979595184
0.833568931 0.086744033 0.545562565 0.779468536 -0.074219249 0.996226192 -0.044999070 -0.357939243 -0.547406971 -0.002981427 0.836861134 53.181735992
0.808917999 0.089386545 0.581086576 0.980684280 -0.074744232 0.995990217 -0.049159907 -0.371445298 -0.583150804 -0.003666542 0.812355578 53.408996582
0.782594442 0.092405222 0.615635574 1.141716003 -0.077351004 0.995692313 -0.051122330 -0.377386212 -0.617707670 -0.007611965 0.786370993 53.585220337
0.752391756 0.096494168 0.651609957 1.371030807 -0.080400608 0.995268822 -0.054549322 -0.394819498 -0.653790832 -0.011347385 0.756590247 53.823734283
0.719398975 0.097704783 0.687690914 1.631095886 -0.079970099 0.995124340 -0.057726491 -0.415236950 -0.689978063 -0.013466337 0.723704994 54.054412842
0.682727754 0.095231757 0.724440098 1.920196533 -0.075971261 0.995348215 -0.059247207 -0.437134385 -0.726712346 -0.014586923 0.686786950 54.288810730
0.643569112 0.093654305 0.759636581 2.195323944 -0.072369054 0.995484948 -0.061420128 -0.458824754 -0.761959016 -0.015446101 0.647441030 54.478622437
0.601025641 0.093395554 0.793754101 2.535221100 -0.069953002 0.995484531 -0.064163804 -0.479387760 -0.796162605 -0.016961405 0.604845047 54.698295593
0.552756310 0.091807500 0.828270316 2.860086441 -0.064142026 0.995651603 -0.067554466 -0.509541988 -0.830870807 -0.015785763 0.556241393 54.859909058
0.504086733 0.090586305 0.858889103 3.239807129 -0.060556047 0.995743692 -0.069479533 -0.540334463 -0.861527443 -0.016987208 0.507426798 55.059181213
0.456228137 0.088447727 0.885456324 3.654510498 -0.056098249 0.995927572 -0.070578218 -0.565380216 -0.888092816 -0.017472778 0.459331959 55.221817017
0.406473011 0.086048514 0.909601748 4.096010208 -0.055030290 0.996053517 -0.069635525 -0.596184254 -0.912004054 -0.021750687 0.409604192 55.393634796
0.356402487 0.085919991 0.930373669 4.557947159 -0.057588626 0.995889604 -0.069909662 -0.620884061 -0.932556093 -0.028662957 0.359885544 55.539291382
0.306345165 0.086434729 0.947988212 4.974558830 -0.054584477 0.995825589 -0.073157266 -0.646709919 -0.950354159 -0.029334063 0.309784353 55.666919708
0.258980125 0.082799017 0.962327242 5.471933365 -0.042729165 0.996325672 -0.074225053 -0.687293768 -0.964936972 -0.021896636 0.261566460 55.763767242
0.214830339 0.076767698 0.973629594 5.943023682 -0.030125236 0.996952653 -0.071959540 -0.715372443 -0.976186633 -0.013871733 0.216488317 55.842979431
0.173241675 0.076350652 0.981915295 6.488248825 -0.020160194 0.997056663 -0.073971063 -0.741084158 -0.984672904 -0.006980731 0.174271002 55.896686554
0.134085551 0.077404618 0.987942040 6.986773491 -0.016889665 0.996978462 -0.075820304 -0.779304981 -0.990825832 -0.006519605 0.134987757 55.954421997
0.101318553 0.077816084 0.991806090 7.569998741 -0.008381721 0.996967614 -0.077364832 -0.831700444 -0.994818687 -0.000474548 0.101663545 55.991558075
0.071811184 0.076658621 0.994467974 8.093286514 -0.001892488 0.997050762 -0.076721065 -0.855343878 -0.997416437 0.003627411 0.071744494 56.028511047
0.047090419 0.074839085 0.996083140 8.691683769 0.005523213 0.997154593 -0.075180717 -0.897998571 -0.998875380 0.009041869 0.046543080 56.036064148
0.027135231 0.074261099 0.996869564 9.251611710 0.010284531 0.997163236 -0.074562930 -0.926439226 -0.999578893 0.012275618 0.026294515 56.034088135
0.010779904 0.076009922 0.997048795 9.881354332 0.013215918 0.997008801 -0.076149754 -0.967075825 -0.999854565 0.013997803 0.009743121 56.046482086
-0.003852076 0.076117262 0.997091413 10.440555573 0.008184671 0.997067750 -0.076083846 -1.001739502 -0.999959052 0.007867784 -0.004463776 56.029357910
-0.015144258 0.077052251 0.996912062 11.088869095 0.010043246 0.996987760 -0.076905534 -1.041437745 -0.999834895 0.008847556 -0.015872495 56.011291504
-0.023330366 0.079382092 0.996571183 11.708790779 0.019525843 0.996688545 -0.078934327 -1.094914556 -0.999537051 0.017617328 -0.024803115 55.994247437
-0.029964060 0.081237026 0.996244252 12.393343925 0.023770256 0.996467829 -0.080540314 -1.141588449 -0.999268293 0.021267667 -0.031789247 55.970550537
-0.035377402 0.081276476 0.996063530 13.004498482 0.019147022 0.996559620 -0.080636911 -1.174207211 -0.999190509 0.016218927 -0.036811892 55.930019379
-0.038791705 0.078721143 0.996141672 13.704778671 0.016666343 0.996804237 -0.078124501 -1.215417624 -0.999108315 0.013571453 -0.039979730 55.900760651
-0.040744502 0.071455486 0.996611178 14.399967194 0.019639429 0.997304082 -0.070702218 -1.267615557 -0.998976588 0.016692149 -0.042037997 55.893596649
-0.041572306 0.066100948 0.996946454 15.126613617 0.020961970 0.997647226 -0.065273292 -1.310351849 -0.998915613 0.018184401 -0.042860091 55.857864380
-0.044138979 0.064333983 0.996951938 15.776522636 0.016933773 0.997829139 -0.063640878 -1.337184191 -0.998881817 0.014073113 -0.045132596 55.817638397
-0.043722026 0.066439174 0.996832132 16.526828766 0.020459685 0.997636497 -0.065595418 -1.388510942 -0.998834193 0.017526910 -0.044978023 55.777858734
-0.042285692 0.073209926 0.996419728 17.215463638 0.022892805 0.997120917 -0.072289929 -1.440490723 -0.998843253 0.019754017 -0.043839928 55.749595642
-0.039527148 0.081589974 0.995881855 17.980535507 0.023696838 0.996457040 -0.080696568 -1.482275248 -0.998937547 0.020409549 -0.041320529 55.714210510
-0.037892852 0.082385868 0.995879889 18.693843842 0.024233691 0.996378243 -0.081505045 -1.522940993 -0.998987913 0.021045383 -0.039752126 55.696166992
-0.035347953 0.077979170 0.996328175 19.482875824 0.023919305 0.996731639 -0.077162147 -1.576198459 -0.999088764 0.021103954 -0.037097625 55.663700104
-0.033045769 0.071452089 0.996896446 20.218318939 0.022996970 0.997231543 -0.070713766 -1.632834911 -0.999189258 0.020588804 -0.034597460 55.646427155
-0.029956695 0.069795869 0.997111380 21.007877350 0.021556776 0.997372210 -0.069166481 -1.688521385 -0.999318659 0.019422507 -0.031382553 55.622695923
-0.026892634 0.075298630 0.996798337 21.735761642 0.028788097 0.996803701 -0.074522346 -1.740236878 -0.999223650 0.026691828 -0.028974384 55.599388123
-0.023306252 0.080305599 0.996497810 22.508888245 0.030225433 0.996369421 -0.079588331 -1.801798224 -0.999271333 0.028264679 -0.025648909 55.578044891
-0.022961458 0.082767226 0.996304274 23.134763718 0.019820262 0.996408880 -0.082319126 -1.842013955 -0.999539852 0.017856847 -0.024519468 55.540508270
-0.019100184 0.079573616 0.996645927 23.922561646 0.015325456 0.996734023 -0.079286955 -1.894258499 -0.999700069 0.013759660 -0.020257305 55.530014038
-0.014800225 0.075425535 0.997041583 24.671453476 0.019321375 0.996986151 -0.075134546 -1.962481260 -0.999703705 0.018152207 -0.016212946 55.517147064
-0.011283536 0.076476790 0.997007489 25.453039169 0.023674401 0.996811926 -0.076193854 -2.025032520 -0.999656022 0.022743823 -0.013058105 55.509296417
-0.008624927 0.081061810 0.996671736 26.193178177 0.023756213 0.996444106 -0.080837719 -2.076473951 -0.999680519 0.022979930 -0.010519980 55.504749298
-0.004610851 0.081972666 0.996623874 26.980285645 0.019887300 0.996444821 -0.081865922 -2.130037308 -0.999791622 0.019442691 -0.006224674 55.504737854
-0.000995808 0.081481792 0.996674299 27.735990524 0.019076956 0.996495008 -0.081448078 -2.187109470 -0.999817550 0.018932406 -0.002546742 55.505729675
0.003119289 0.078644328 0.996897876 28.541950226 0.022882329 0.996636033 -0.078695290 -2.243095875 -0.999733329 0.023056822 0.001309231 55.497085571
0.006696275 0.077903360 0.996938407 29.388433456 0.030139280 0.996492267 -0.078070916 -2.302619696 -0.999523282 0.030569794 0.004324835 55.543186188
0.010296055 0.078699514 0.996845126 30.174983978 0.033013467 0.996327937 -0.078999646 -2.365713120 -0.999401867 0.033722695 0.007660103 55.547996521
0.012377532 0.079586372 0.996751070 30.827959061 0.030540559 0.996332288 -0.079932168 -2.425935745 -0.999456882 0.031430688 0.009901523 55.521915436
0.016169135 0.078292474 0.996799231 31.613494873 0.031929549 0.996380806 -0.078777537 -2.480264187 -0.999359310 0.033101115 0.013610775 55.528347015
0.020040056 0.077237494 0.996811271 32.404182434 0.033907369 0.996385574 -0.077886179 -2.544234753 -0.999224067 0.035360094 0.017348701 55.544639587
0.022803091 0.077100873 0.996762514 33.153568268 0.032430828 0.996439993 -0.077817850 -2.604693174 -0.999213815 0.034100313 0.020221462 55.559452057
0.025232054 0.079064503 0.996550143 33.952751160 0.029573353 0.996372163 -0.079799175 -2.658874035 -0.999244034 0.031484820 0.022802312 55.601039886
0.028814452 0.078812040 0.996472955 34.748287201 0.031158987 0.996331632 -0.079701871 -2.722275496 -0.999099076 0.033345651 0.026253045 55.610614777
0.030991033 0.078904383 0.996400356 35.500442505 0.029015487 0.996387959 -0.079805881 -2.771488667 -0.999098420 0.031384304 0.028589645 55.647613525
0.032886658 0.078771234 0.996350110 36.297927856 0.027020317 0.996454775 -0.079671375 -2.836602211 -0.999093831 0.029541822 0.030641647 55.686996460
0.035766970 0.078705341 0.996256053 37.089035034 0.024543433 0.996524036 -0.079607666 -2.901458263 -0.999058723 0.027298866 0.033710942 55.721607208
0.039079349 0.081182718 0.995932758 37.861335754 0.022997193 0.996357024 -0.082119688 -2.948302746 -0.998971462 0.026112843 0.037070017 55.754833221
0.042304020 0.084710315 0.995507181 38.664321899 0.021364141 0.996094584 -0.085668169 -3.011682510 -0.998876333 0.024892269 0.040329054 55.790782928
0.045750193 0.086828396 0.995172203 39.471286774 0.021868195 0.995889544 -0.087896302 -3.077950716 -0.998713553 0.025783891 0.043663353 55.835628510
0.048837047 0.088884145 0.994843900 40.253738403 0.015760249 0.995839775 -0.089746796 -3.138480186 -0.998682439 0.020061955 0.047233041 55.880107880
0.051499888 0.088187657 0.994771600 41.076683044 0.011988174 0.995967031 -0.088914268 -3.198714256 -0.998600960 0.016504575 0.050234996 55.942676544
0.054916944 0.088515982 0.994559765 41.898010254 0.013919041 0.995898247 -0.089403667 -3.276908875 -0.998393953 0.018753098 0.053459629 55.991409302
0.058100820 0.089648694 0.994277239 42.712745667 0.011310653 0.995836735 -0.090450257 -3.369890451 -0.998246610 0.016501153 0.056844939 56.012138367
0.061255783 0.091291249 0.993938386 43.538440704 0.006837965 0.995746732 -0.091878749 -3.425568342 -0.998098612 0.012424620 0.060370985 56.082180023
0.065683119 0.088763498 0.993884623 44.367835999 0.006347997 0.995978236 -0.089369982 -3.498486996 -0.997820318 0.012179274 0.064855494 56.141838074
0.070835195 0.088880688 0.993520319 45.148910522 0.008011782 0.995939374 -0.089668326 -3.547020912 -0.997455835 0.014311544 0.069835477 56.227817535
0.075901687 0.093075983 0.992761672 45.987304688 0.004749756 0.995588720 -0.093704164 -3.613146067 -0.997104049 0.011827679 0.075124770 56.303001404
0.081824437 0.100968368 0.991519094 46.814296722 0.002200523 0.994834363 -0.101487562 -3.695378065 -0.996644199 0.010486022 0.081179589 56.377502441
0.087334670 0.106077164 0.990515172 47.657253265 -0.002220232 0.994332671 -0.106290244 -3.785192490 -0.996176541 0.007083653 0.087075241 56.435176849
0.094249077 0.108850114 0.989580154 48.491413116 -0.006608568 0.994051278 -0.108712532 -3.869729519 -0.995526731 0.003706348 0.094407737 56.534355164
0.101453871 0.106776327 0.989093482 49.354660034 -0.010240888 0.994282842 -0.106286094 -3.960832834 -0.994787574 0.000653942 0.101967320 56.627822876
0.109187089 0.105380349 0.988419533 50.199703217 -0.010999258 0.994431973 -0.104806274 -4.042208195 -0.993960321 0.000571612 0.109738246 56.733707428
0.116871163 0.101960808 0.987899363 51.070507050 -0.010875426 0.994787812 -0.101385176 -4.124265671 -0.993087471 0.001105178 0.117370881 56.839164734
0.124004968 0.095882207 0.987638354 51.913467407 -0.014387534 0.995389760 -0.094828278 -4.217370510 -0.992177248 -0.002450504 0.124812767 56.950469971
0.130095348 0.077225633 0.988489449 50.553764343 0.002620978 0.996931851 -0.078230157 -3.951953888 -0.991498053 0.012768188 0.129493788 57.176509857
0.137728170 0.073777638 0.987718523 51.400451660 0.003256987 0.997182786 -0.074938715 -4.028061390 -0.990464747 0.013538160 0.137099862 57.295383453
0.145302296 0.076521285 0.986423790 52.239669800 0.003046995 0.996965230 -0.077787876 -4.076871872 -0.989382684 0.014308383 0.144628152 57.415573120
0.158556104 0.080370300 0.984073400 53.099796295 0.015400079 0.996358991 -0.083854973 -3.983612776 -0.987230003 0.028450523 0.156741053 57.574623108
0.163547531 0.084071375 0.982946694 53.903514862 0.012937362 0.996093750 -0.087348439 -4.047981262 -0.986450613 0.027002357 0.161820993 57.707191467
0.168571532 0.087018587 0.981840789 54.674877167 0.012409174 0.995829165 -0.090388879 -4.114605427 -0.985611320 0.027420824 0.166788623 57.852729797
0.173594132 0.086374313 0.981022298 55.474052429 0.009400750 0.995955586 -0.089352630 -4.189353943 -0.984772444 0.024733432 0.172080085 58.000774384
0.179059714 0.083579071 0.980281651 56.227066040 0.013514451 0.996082067 -0.087394804 -4.256083965 -0.983745396 0.028896851 0.177228644 58.137153625
0.183966532 0.077461027 0.979875624 57.012954712 0.014686750 0.996562064 -0.081537493 -4.309177876 -0.982822776 0.029391354 0.182196423 58.279689789
0.186977476 0.070791945 0.979810059 57.795055389 0.012602963 0.997145116 -0.074449435 -4.379721165 -0.982283354 0.026268881 0.185551494 58.437805176
0.199453846 0.067824669 0.977557123 58.923248291 0.004346376 0.997530699 -0.070097268 -4.403748989 -0.979897559 0.018230001 0.198666543 58.501159668
0.201874390 0.067951836 0.977051318 59.664913177 0.001848276 0.997562051 -0.069760203 -4.459035873 -0.979409635 0.015888656 0.201256648 58.669487000
0.204575896 0.070285641 0.976324022 60.424198151 0.000766370 0.997406960 -0.071963981 -4.511069298 -0.978850365 0.015470320 0.203991577 58.827819824
0.206183136 0.074554645 0.975669086 61.053974152 -0.003668449 0.997145057 -0.075420476 -4.559551716 -0.978506565 0.011971241 0.205868036 58.969867706
0.208198249 0.078438222 0.974936366 61.776668549 -0.004130789 0.996840715 -0.079318412 -4.615879059 -0.978077888 0.012486696 0.207864523 59.128417969
0.210053012 0.084270425 0.974051535 62.479553223 -0.004857840 0.996356130 -0.085152537 -4.668397427 -0.977677941 0.013154763 0.209696978 59.293277740
0.212899834 0.086258195 0.973259032 63.096939087 -0.004066215 0.996165097 -0.087398842 -4.709941387 -0.977065563 0.014649719 0.212434098 59.394187927
0.213924885 0.086148821 0.973043859 63.795921326 -0.006492660 0.996207058 -0.086772151 -4.769505501 -0.976828516 0.012245080 0.213672802 59.559051514
0.214837179 0.083017230 0.973115146 64.478950500 -0.005986754 0.996474028 -0.083688281 -4.831585884 -0.976631463 0.012153553 0.214576647 59.711326599
0.216182888 0.081449814 0.972949564 65.088951111 -0.007228857 0.996620417 -0.081825197 -4.863245964 -0.976326048 0.010655897 0.216041103 59.830764771
0.216270626 0.080093309 0.973042667 65.762794495 -0.006395961 0.996724308 -0.080621019 -4.917699814 -0.976312459 0.011212418 0.216074482 59.978256226
0.214100644 0.079923518 0.973536313 66.415092468 -0.006938821 0.996746242 -0.080302984 -4.971773148 -0.976786911 0.010437726 0.213958621 60.138137817
0.212325975 0.079443842 0.973964393 66.957099915 -0.006846066 0.996786475 -0.079812936 -5.034927368 -0.977174938 0.010278534 0.212187514 60.267463684
0.209964052 0.081857421 0.974276364 67.596000671 -0.007918797 0.996598721 -0.082026362 -5.094789028 -0.977677107 0.009507487 0.209898114 60.412963867
0.207483187 0.085913748 0.974458575 68.155845642 -0.005288767 0.996219873 -0.086706251 -5.138903618 -0.978224218 0.012836410 0.207153291 60.533298492
0.206454009 0.086489178 0.974626303 68.779670715 -0.003399907 0.996143103 -0.087678388 -5.190690041 -0.978450418 0.014787917 0.205951795 60.654426575
0.203804314 0.085527986 0.975268543 69.382621765 -0.004001887 0.996241093 -0.086530916 -5.236083508 -0.979003489 0.013732456 0.203380480 60.782417297
0.201445445 0.082614586 0.976009488 69.902061462 -0.004237735 0.996500909 -0.083474427 -5.279970646 -0.979490578 0.012679476 0.201090693 60.891017914
0.199537605 0.078402363 0.976748526 70.498558044 -0.004000074 0.996850848 -0.079198778 -5.338390350 -0.979882061 0.011896065 0.199222848 61.010765076
0.197518781 0.077851698 0.977202892 71.027145386 -0.000384220 0.996847570 -0.079339102 -5.377482891 -0.980298936 0.015295499 0.196926057 61.113883972
0.196512535 0.079400070 0.977281213 71.599998474 0.003582342 0.996651113 -0.081694126 -5.419307709 -0.980494678 0.019554876 0.195569962 61.209362030
0.194694534 0.082037799 0.977427185 72.123527527 0.006724651 0.996361017 -0.084966473 -5.452975273 -0.980840981 0.023115356 0.193434387 61.287822723
0.192624480 0.083729409 0.977693796 72.681900024 0.005951123 0.996234953 -0.086489767 -5.500345707 -0.981254518 0.022478420 0.191400960 61.403408051
0.191661596 0.086466298 0.977644861 73.247489929 0.006309867 0.995982587 -0.089325175 -5.539403439 -0.981440842 0.023289014 0.190346017 61.511310577
0.190795273 0.084649637 0.977973223 73.741630554 0.007536223 0.996119261 -0.087690547 -5.592004776 -0.981600940 0.024101164 0.189416915 61.602478027
0.191857368 0.082895085 0.977915764 74.312911987 0.013704690 0.996103108 -0.087125503 -5.638280869 -0.981327057 0.030117702 0.189973652 61.696495056
0.192367703 0.080811240 0.977989912 74.828765869 0.019147011 0.996104717 -0.086074241 -5.684511185 -0.981136203 0.035283476 0.190071076 61.828399658
0.195117250 0.079613134 0.977543354 75.394821167 0.021660138 0.996107101 -0.085448362 -5.742815018 -0.980540693 0.037846174 0.192633256 61.922954559
0.198487267 0.079561189 0.976868808 75.975845337 0.019153509 0.996194601 -0.085026912 -5.788622856 -0.979916215 0.035587233 0.196208045 62.050239563
0.204246566 0.080795683 0.975579441 76.477951050 0.017426034 0.996130109 -0.086145952 -5.814917088 -0.978764296 0.034595501 0.202048212 62.147682190
0.211284101 0.079549871 0.974182069 77.058235168 0.018590789 0.996175170 -0.085377812 -5.856769562 -0.977247775 0.036149792 0.208997101 62.265430450
0.217334181 0.078784443 0.972912550 77.584808350 0.018816648 0.996213853 -0.084874704 -5.911442280 -0.975915849 0.036753125 0.215028882 62.415195465
0.225862727 0.076652952 0.971138716 78.184890747 0.019233244 0.996354163 -0.083116420 -5.959600449 -0.973969221 0.037451047 0.223565012 62.560752869
0.234546334 0.076244175 0.969110310 78.731979370 0.015708765 0.996492028 -0.082200289 -6.005586624 -0.971978009 0.034503300 0.232525855 62.708244324
0.244203255 0.075979002 0.966742992 79.334548950 0.014341311 0.996533871 -0.081943035 -6.053477287 -0.969617963 0.033875115 0.242267177 62.863960266
0.253551424 0.079729617 0.964030504 79.941833496 0.009180409 0.996354222 -0.084817491 -6.102508068 -0.967278361 0.030355791 0.251895070 63.047302246
0.262875408 0.082059510 0.961333811 80.477577209 0.005686549 0.996227503 -0.086593024 -6.140714645 -0.964813054 0.028229846 0.261417091 63.204807281
0.274095654 0.084390402 0.957992613 81.100914001 0.001894962 0.996093094 -0.088288873 -6.191399097 -0.961700559 0.026014954 0.272864878 63.391178131
0.284062147 0.085141957 0.955018044 81.691406250 0.003341131 0.995955527 -0.089785405 -6.237588406 -0.958800018 0.028695479 0.282628775 63.580055237
0.293680370 0.086185709 0.952010453 82.322052002 0.000203398 0.995921493 -0.090223722 -6.289936066 -0.955903649 0.026690576 0.292465031 63.793006897
0.304299563 0.086268470 0.948661923 82.928909302 -0.000528731 0.995905817 -0.090395078 -6.339874744 -0.952576280 0.027005596 0.303099215 63.989009857
0.314536124 0.087561071 0.945198417 83.589218140 -0.005178377 0.995879948 -0.090532884 -6.390610218 -0.949231446 0.023581257 0.313693613 64.219566345
0.324907184 0.082752213 0.942118585 84.202972412 -0.004499067 0.996288538 -0.085958704 -6.435446739 -0.945735216 0.023689952 0.324073613 64.440567017
0.335200489 0.075942263 0.939081192 84.868095398 -0.001023859 0.996774793 -0.080242418 -6.487031937 -0.942146420 0.025935814 0.334197193 64.685165405
0.345982552 0.071406752 0.935519755 85.536293030 0.000454516 0.997086763 -0.076274179 -6.540795803 -0.938240886 0.026814738 0.344942153 64.941696167
0.356667489 0.068021402 0.931751788 86.197937012 -0.000139267 0.997349679 -0.072756991 -6.589532375 -0.934231281 0.025820298 0.355731755 65.194664001
0.365779817 0.065277718 0.928409398 86.885627747 0.005759148 0.997359335 -0.072394721 -6.639451981 -0.930683553 0.031827372 0.364437968 65.469589233
0.374584645 0.059960879 0.925251901 87.587249756 0.012790184 0.997477651 -0.069819517 -6.674836159 -0.927104414 0.037987459 0.372872889 65.746650696
0.381798029 0.051349387 0.922818184 88.319946289 0.021559218 0.997688949 -0.064435199 -6.711461544 -0.923994243 0.044496473 0.379808664 66.031654358
0.388827860 0.044898111 0.920215726 89.004486084 0.029970082 0.997666836 -0.061340563 -6.760262012 -0.920822799 0.051429864 0.386575133 66.319168091
0.396191597 0.044463351 0.917090654 89.733261108 0.032357037 0.997530222 -0.062341839 -6.812713623 -0.917597532 0.054373648 0.393774390 66.626899719
0.403676867 0.050899204 0.913484633 90.445075989 0.034459237 0.996896923 -0.070774749 -6.856754303 -0.914252400 0.060048115 0.400670230 66.948532104
0.410700440 0.056013420 0.910048127 91.145240784 0.036573499 0.996295750 -0.077827409 -6.900895119 -0.911036491 0.065247394 0.407130569 67.259513855
0.415900975 0.058327802 0.907537401 91.863861084 0.034266815 0.996227145 -0.079731531 -6.954437256 -0.908764064 0.064258836 0.412333190 67.595611572
0.419741780 0.060161352 0.905647457 92.564193726 0.026660908 0.996553063 -0.078556702 -7.020852566 -0.907251894 0.057118919 0.416691035 67.949066162
0.423959076 0.063479386 0.903454006 93.257644653 0.020517405 0.996611416 -0.079653010 -7.078920364 -0.905448914 0.052306149 0.421220005 68.282218933
0.428515673 0.066004999 0.901120186 93.908279419 0.021377943 0.996308267 -0.083143294 -7.129354954 -0.903281331 0.054892309 0.425522625 68.580909729
0.431664854 0.070784517 0.899252474 94.585533142 0.018211942 0.996029198 -0.087144487 -7.182751656 -0.901850224 0.053994350 0.428661704 68.942070007
0.436052829 0.073246241 0.896935165 95.233863831 0.015161098 0.995942771 -0.088702172 -7.246946335 -0.899793327 0.052277356 0.433173180 69.232063293
0.439547330 0.071617454 0.895359695 95.876373291 0.013578902 0.996172547 -0.086347312 -7.316374779 -0.898116887 0.050111733 0.436892450 69.555175781
0.444164366 0.068208143 0.893345177 96.554176331 0.015198285 0.996380806 -0.083631530 -7.377876282 -0.895816445 0.050723463 0.441520184 69.893615723
0.447450638 0.065851726 0.891880810 97.187866211 0.014670230 0.996610641 -0.080944344 -7.431498528 -0.894188225 0.049302705 0.444968015 70.216316223
0.451261342 0.064449422 0.890061498 97.811141968 0.014232533 0.996742010 -0.079390056 -7.495965004 -0.892278254 0.048493497 0.448873878 70.534957886
0.454514295 0.066787258 0.888232052 98.430938721 0.011698760 0.996651471 -0.080925770 -7.545366287 -0.890662491 0.047173146 0.452210993 70.856979370
0.456992984 0.067424357 0.886911094 99.039398193 0.012456062 0.996539950 -0.082176656 -7.596117973 -0.889383078 0.048601579 0.454571903 71.182281494
0.459430218 0.065910242 0.885765016 99.645538330 0.014241146 0.996568263 -0.081541784 -7.646285057 -0.888099670 0.050077070 0.456914932 71.487823486
0.461353123 0.064950719 0.884835899 100.254158020 0.015780680 0.996558249 -0.081379652 -7.703111172 -0.887076199 0.051508073 0.458740324 71.803192139
0.462809324 0.064414553 0.884114385 100.826347351 0.015183152 0.996634066 -0.080560431 -7.754018784 -0.886327803 0.050707757 0.460273445 72.114334106
0.465124071 0.063471459 0.882967114 101.405151367 0.016895147 0.996608019 -0.080540374 -7.808043003 -0.885084271 0.052379120 0.462474078 72.419555664
0.466967076 0.065476283 0.881847262 101.959495544 0.015681120 0.996484816 -0.082291678 -7.862783909 -0.884135544 0.052255861 0.464298844 72.725471497
0.470424712 0.065389447 0.880014122 102.520751953 0.018900052 0.996275425 -0.084131554 -7.909888268 -0.882237732 0.056209873 0.467436701 73.005317688
0.473461658 0.065309398 0.878389895 103.067085266 0.020230105 0.996178031 -0.084971346 -7.958166122 -0.880582154 0.058000587 0.470330864 73.299255371
0.476502597 0.063209631 0.876897871 103.610900879 0.023539415 0.996137261 -0.084596023 -8.011230469 -0.878857911 0.060951889 0.473174065 73.605812073
0.480120957 0.062038798 0.875005722 104.125122070 0.025439680 0.996091664 -0.084582835 -8.052895546 -0.876833320 0.062869847 0.476666242 73.869293213
0.483418494 0.061012864 0.873260438 104.636253357 0.026730131 0.996074259 -0.084390834 -8.107899666 -0.874981105 0.064138457 0.479889780 74.151275635
0.486190140 0.060488816 0.871757030 105.155090332 0.027600911 0.996040642 -0.084505916 -8.153827667 -0.873417079 0.065147236 0.482595563 74.468551636
0.491667271 0.056975249 0.868917227 105.683517456 0.034538932 0.995795906 -0.084838212 -8.207107544 -0.870097935 0.071723647 0.487632394 74.712570190
0.495617807 0.057990331 0.866602659 106.180770874 0.034303546 0.995683074 -0.086246490 -8.254290581 -0.867863059 0.072472855 0.491488993 75.001228333
0.499399900 0.058087885 0.864422083 106.667160034 0.036424413 0.995459914 -0.087936781 -8.303697586 -0.865605652 0.075401686 0.495016724 75.295539856
0.504754961 0.061627626 0.861060023 107.162605286 0.034205910 0.995237410 -0.091282494 -8.352152824 -0.862584710 0.075528629 0.500242889 75.572196960
0.510313570 0.067658499 0.857322752 107.642608643 0.030888073 0.994815111 -0.096895032 -8.399198532 -0.859433532 0.075927898 0.505577981 75.861099243
0.515538156 0.074502252 0.853621602 108.096725464 0.025662720 0.994423449 -0.102289930 -8.455759048 -0.856482267 0.074640624 0.510751426 76.179115295
0.520802259 0.080395103 0.849883318 108.545448303 0.021387819 0.994014323 -0.107135534 -8.507053375 -0.853409350 0.073973589 0.515965462 76.483535767
0.527220309 0.085058227 0.845460713 109.032035828 0.017436767 0.993684947 -0.110843800 -8.558830261 -0.849549592 0.073181227 0.522407711 76.805549622
0.533155978 0.085493617 0.841686130 109.499923706 0.013728612 0.993875623 -0.109648362 -8.607290268 -0.845905542 0.070014872 0.528717041 77.106491089
0.538221538 0.084746957 0.838531792 110.014167786 0.007003928 0.994447529 -0.105000257 -8.668416977 -0.842774332 0.062386427 0.534639478 77.448318481
0.543570042 0.082337447 0.835315645 110.507049561 0.000361306 0.995153904 -0.098327905 -8.730932236 -0.839363754 0.053749904 0.540906072 77.808540344
0.549546421 0.080757439 0.831551015 110.992576599 -0.005614831 0.995651841 -0.092983693 -8.789960861 -0.835444391 0.046429835 0.547610223 78.153518677
0.556090176 0.079254724 0.827334523 111.522277832 -0.008821317 0.995949745 -0.089478031 -8.829687119 -0.831075132 0.042459682 0.554536998 78.490036011
0.562378109 0.082589306 0.822745383 112.029205322 -0.013427456 0.995780468 -0.090780824 -8.877056122 -0.826771259 0.040005766 0.561113954 78.849433899
0.568422079 0.086628474 0.818163693 112.542999268 -0.017137792 0.995472133 -0.093495637 -8.926326752 -0.822558582 0.039123461 0.567333043 79.229461670
0.575110674 0.086826935 0.813454866 113.106079102 -0.015935557 0.995351970 -0.094975971 -8.991929054 -0.817920387 0.041658830 0.573821187 79.614364624
0.581897914 0.088804685 0.808398843 113.629135132 -0.018095523 0.995187938 -0.096298531 -9.046865463 -0.813060522 0.041407507 0.580704629 79.982070923
0.588145196 0.090044148 0.803727210 114.170974731 -0.021112181 0.995153546 -0.096040934 -9.089927673 -0.808479726 0.039517585 0.587195635 80.402893066
