0.999913990 0.013117103 -0.000100076 0.028954580 -0.013117476 0.999892056 -0.006614454 0.018684521 0.000013303 0.006615197 0.999978125 1.651215911
0.999918699 0.012584133 -0.002100494 0.052702241 -0.012594774 0.999907434 -0.005129337 -0.040081959 0.002035751 0.005155375 0.999984562 3.305645943
0.999863982 0.015957657 -0.004167647 0.079588965 -0.015985465 0.999849677 -0.006727849 -0.066457927 0.004059661 0.006793558 0.999968648 4.919304848
0.999801934 0.019102104 -0.005573872 0.079041772 -0.019141763 0.999791265 -0.007150321 -0.121102586 0.005436122 0.007255598 0.999958873 6.504500866
0.999768257 0.020394336 -0.006881425 0.078172602 -0.020444896 0.999763846 -0.007359073 -0.154231265 0.006729716 0.007498058 0.999949217 8.105317116
0.999745846 0.020706696 -0.008914620 0.081510082 -0.020769626 0.999759555 -0.007025625 -0.197533906 0.008766998 0.007208994 0.999935567 9.677473068
0.999765754 0.018803028 -0.010717395 0.086037003 -0.018886155 0.999791980 -0.007708610 -0.236980438 0.010570220 0.007909217 0.999912798 11.279307365
0.999767780 0.017948661 -0.011927742 0.072212622 -0.018039446 0.999808669 -0.007547888 -0.275874764 0.011789988 0.007761305 0.999900281 12.851829529
0.999724567 0.019438231 -0.013144496 0.054231077 -0.019540170 0.999779642 -0.007671854 -0.322931349 0.012992471 0.007926588 0.999884129 14.433162689
0.999695897 0.020400407 -0.013849637 0.023962349 -0.020507947 0.999760270 -0.007667724 -0.361811608 0.013689892 0.007949421 0.999874651 15.994876862
0.999648809 0.022519805 -0.013960764 0.003719896 -0.022631161 0.999712765 -0.007870463 -0.388320476 0.013779514 0.008183646 0.999871552 17.553981781
0.999605715 0.024164412 -0.014291431 -0.038412005 -0.024273708 0.999677002 -0.007524536 -0.416763306 0.014104985 0.007868475 0.999869525 18.996421814
0.999521315 0.027164862 -0.014802953 -0.046841234 -0.027260447 0.999608576 -0.006294371 -0.451953948 0.014626176 0.006694893 0.999870598 20.523881912
0.999524355 0.026029525 -0.016533239 -0.033592284 -0.026143314 0.999635696 -0.006704185 -0.469978660 0.016352711 0.007133231 0.999840856 22.027494431
0.999470174 0.028437069 -0.015835984 -0.076269984 -0.028557984 0.999564230 -0.007462502 -0.489929020 0.015616868 0.007910792 0.999846756 23.456745148
0.999444544 0.028890895 -0.016616207 -0.072164714 -0.029005699 0.999556661 -0.006710171 -0.527242601 0.016414978 0.007188408 0.999839425 24.944450378
0.999388337 0.031315643 -0.015566234 -0.105571240 -0.031409223 0.999489784 -0.005803564 -0.568119884 0.015376552 0.006288936 0.999861956 26.395401001
0.999375522 0.031673212 -0.015665250 -0.143350899 -0.031783856 0.999471188 -0.006864836 -0.609107137 0.015439535 0.007358450 0.999853730 27.799570084
0.999307394 0.033272587 -0.016662940 -0.092098475 -0.033419818 0.999404013 -0.008636382 -0.661552787 0.016365658 0.009187273 0.999823809 29.254016876
0.999365628 0.031394493 -0.016813889 -0.119540960 -0.031542372 0.999465406 -0.008603358 -0.698166251 0.016534802 0.009128251 0.999821603 30.641937256
0.999371707 0.030898379 -0.017359275 -0.091438025 -0.030983075 0.999509156 -0.004631368 -0.789506614 0.017207656 0.005166302 0.999838591 32.014675140
0.999431849 0.028828328 -0.017461771 -0.107141554 -0.028892208 0.999576688 -0.003417018 -0.821283042 0.017355874 0.003919587 0.999841750 33.439651489
0.999433339 0.029290460 -0.016583778 -0.133112401 -0.029385710 0.999552846 -0.005529488 -0.812758207 0.016414406 0.006013681 0.999847174 34.805889130
0.999445140 0.029031193 -0.016323335 -0.166262299 -0.029157363 0.999546289 -0.007545448 -0.837865353 0.016096879 0.008017207 0.999838293 36.169406891
0.999375165 0.031865627 -0.015285319 -0.187881529 -0.032013670 0.999441862 -0.009540189 -0.852755070 0.014972785 0.010023569 0.999837637 37.470653534
0.999320865 0.033771373 -0.014733362 -0.206566393 -0.033930410 0.999367118 -0.010681340 -0.885119438 0.014363313 0.011173997 0.999834359 38.817802429
0.999346673 0.033516876 -0.013516291 -0.238568485 -0.033647560 0.999388039 -0.009559780 -0.918468714 0.013187606 0.010008326 0.999862969 40.125377655
0.999345243 0.034191027 -0.011836156 -0.245188937 -0.034281112 0.999384105 -0.007493996 -0.966490865 0.011572640 0.007894846 0.999901772 41.397705078
0.999385297 0.033506829 -0.010311848 -0.265162736 -0.033574853 0.999415100 -0.006496544 -0.988886356 0.010088137 0.006838770 0.999925673 42.719505310
0.999356687 0.034978144 -0.007928030 -0.261653662 -0.035027336 0.999367356 -0.006153964 -1.033729553 0.007707762 0.006427702 0.999949515 43.947593689
0.999400675 0.034276962 -0.004844187 -0.266158402 -0.034310639 0.999386311 -0.007049840 -1.062314630 0.004599569 0.007211823 0.999963343 45.172485352
0.999383271 0.035101231 -0.001031231 -0.268566519 -0.035108447 0.999350667 -0.008095333 -1.126825213 0.000746406 0.008126546 0.999966681 46.398529053
0.999372423 0.035364203 0.002037674 -0.266732931 -0.035342205 0.999325454 -0.009976904 -1.151752710 -0.002389125 0.009898626 0.999948204 47.620746613
0.999356389 0.035406042 0.005789678 -0.257047534 -0.035349786 0.999329388 -0.009546693 -1.191854477 -0.006123806 0.009335882 0.999937654 48.830501556
0.999125838 0.039936766 0.012354151 -0.276255846 -0.039791312 0.999138176 -0.011803126 -1.179475307 -0.012814886 0.011301219 0.999853969 49.944240570
0.998982012 0.041225035 0.018314756 -0.244641840 -0.040986165 0.999072075 -0.013231507 -1.211856842 -0.018843230 0.012467386 0.999744654 51.130729675
0.998686552 0.044262078 0.025806744 -0.225654364 -0.043918353 0.998940647 -0.013737462 -1.241861224 -0.026387455 0.012586030 0.999572515 52.273410797
0.998374939 0.045428287 0.034405939 -0.189518929 -0.044993918 0.998898804 -0.013295855 -1.267847061 -0.034972060 0.011726191 0.999319494 53.436679840
0.997852862 0.048063707 0.044492222 -0.150442839 -0.047529258 0.998785198 -0.012993828 -1.308349848 -0.045062710 0.010851245 0.998925209 54.560958862
0.997060716 0.050349351 0.057748880 -0.102984667 -0.049651440 0.998675823 -0.013458055 -1.341002226 -0.058350019 0.010551180 0.998240471 55.706035614
0.995897949 0.054031577 0.072580844 -0.030181885 -0.053159155 0.998489261 -0.013899920 -1.381988049 -0.073222250 0.009984562 0.997265637 56.879608154
0.994515836 0.056046329 0.088300556 0.064924717 -0.055088434 0.998393536 -0.013249842 -1.418925762 -0.088901311 0.008312838 0.996005774 57.957923889
0.992703974 0.056751203 0.106386244 0.160502434 -0.055643130 0.998361409 -0.013357427 -1.439310789 -0.106969975 0.007340308 0.994235039 59.075706482
0.990419328 0.057664182 0.125476778 0.310250282 -0.056331750 0.998311877 -0.014144434 -1.519436359 -0.126080617 0.006940593 0.991995633 60.261493683
0.987714529 0.056713723 0.145614564 0.466341972 -0.054953869 0.998359323 -0.016083201 -1.546732664 -0.146287799 0.007883526 0.989210606 61.316268921
0.984734237 0.052383061 0.165995449 0.630413055 -0.050158095 0.998586774 -0.017570540 -1.559080601 -0.166681230 0.008976298 0.985969901 62.292587280
0.980743706 0.051553946 0.188371584 0.837681770 -0.049588006 0.998655021 -0.015137486 -1.649670601 -0.188898608 0.005505024 0.981981158 63.473720551
0.976272166 0.046435036 0.211509258 1.060220718 -0.044350088 0.998909473 -0.014593313 -1.682433844 -0.211956233 0.004866594 0.977267087 64.518875122
0.971040606 0.041060638 0.235359147 1.303539276 -0.038281400 0.999132872 -0.016367428 -1.723037243 -0.235827103 0.006883558 0.971770644 65.478195190
0.964771748 0.037558898 0.260393649 1.588828087 -0.033926692 0.999254346 -0.018431267 -1.773781300 -0.260891825 0.008947672 0.965326548 66.568817139
0.957489252 0.033595875 0.286506146 1.880504608 -0.029414276 0.999388814 -0.018887894 -1.806563139 -0.286965668 0.009657586 0.957892060 67.513023376
0.949034512 0.032245412 0.313517988 2.213834763 -0.028305368 0.999452710 -0.017112235 -1.867031693 -0.313898176 0.007365861 0.949428082 68.533012390
0.939584017 0.028186610 0.341156095 2.550741196 -0.024259361 0.999581158 -0.015773125 -1.900163651 -0.341457784 0.006543949 0.939874411 69.453567505
0.928862751 0.024964169 0.369581908 2.911626816 -0.020099126 0.999653220 -0.017008891 -1.936817169 -0.369878411 0.008370654 0.929042459 70.347076416
0.917039335 0.027027424 0.397879601 3.383876801 -0.020297093 0.999570787 -0.021118412 -2.028904676 -0.398279697 0.011290614 0.917194545 71.380874634
0.904093504 0.025985701 0.426543802 3.781005859 -0.015675651 0.999494195 -0.027664924 -2.062080383 -0.427047044 0.018325329 0.904043794 72.231018066
0.889967501 0.024144284 0.455384225 4.211818695 -0.011261296 0.999456346 -0.030982561 -2.112291813 -0.455884814 0.022445261 0.889755785 73.091674805
0.873928130 0.023171429 0.485502571 4.646841049 -0.010433525 0.999527097 -0.028923256 -2.166103363 -0.485943258 0.020211345 0.873756588 73.920654297
0.857464194 0.023325559 0.514014661 5.292572021 -0.016094601 0.999699056 -0.018516963 -2.419943571 -0.514291883 0.007604775 0.857581556 74.865066528
0.837454319 0.023078809 0.546019793 5.789472580 -0.017034439 0.999724805 -0.016129253 -2.465731621 -0.546241820 0.004206377 0.837617040 75.671836853
0.816065192 0.029261062 0.577218592 6.318574905 -0.020151842 0.999550819 -0.022179987 -2.505140781 -0.577608347 0.006468303 0.816288471 76.449340820
0.794782877 0.035795204 0.605837405 6.996898651 -0.023365486 0.999323785 -0.028391303 -2.638999939 -0.606443942 0.008409236 0.795081794 77.300949097
0.772340417 0.038594380 0.634035349 7.578292847 -0.023200568 0.999200404 -0.032560948 -2.655751705 -0.634785116 0.010438156 0.772618234 78.020187378
0.748985052 0.036106437 0.661602437 8.208976746 -0.021149941 0.999308109 -0.030593108 -2.698731422 -0.662249327 0.008920929 0.749230564 78.736175537
0.724622786 0.033064820 0.688352048 8.944679260 -0.022035079 0.999449134 -0.024812145 -2.950312138 -0.688793361 0.002811556 0.724952221 79.539077759
0.699503481 0.034852266 0.713778734 9.585628510 -0.020031072 0.999373674 -0.029166795 -2.985394001 -0.714348376 0.006104523 0.699763656 80.159835815
0.672975302 0.037574086 0.738710046 10.248500824 -0.019567400 0.999263704 -0.033000834 -3.019340754 -0.739406109 0.007754105 0.673215032 80.780014038
0.645691514 0.040710375 0.762512326 11.065868378 -0.021574246 0.999151766 -0.035075549 -3.081866264 -0.763293505 0.006197352 0.646022141 81.515907288
0.617851198 0.041895103 0.785178006 11.789279938 -0.020315913 0.999096692 -0.037322804 -3.133013248 -0.786032498 0.007108328 0.618144274 82.078742981
0.588861108 0.048590034 0.806772292 12.525100708 -0.020461645 0.998767555 -0.045218557 -3.177060366 -0.807975233 0.010119565 0.589129627 82.635383606
0.558171690 0.057079710 0.827759743 13.441341400 -0.021961175 0.998297691 -0.054030713 -3.312932014 -0.829434752 0.011979843 0.558475077 83.290489197
0.527516246 0.065697350 0.847000778 14.215862274 -0.022135573 0.997729719 -0.063602462 -3.368696213 -0.849256456 0.014802489 0.527773023 83.769271851
0.495359033 0.070200890 0.865847111 15.045207977 -0.023616429 0.997449160 -0.067359723 -3.447190762 -0.868367076 0.012919037 0.495753437 84.269973755
0.460293472 0.067134313 0.885224760 16.047582626 -0.029902069 0.997743189 -0.060119282 -3.709294796 -0.887263060 0.001202459 0.461262137 84.891830444
0.426880509 0.066770993 0.901839554 16.920824051 -0.033232830 0.997754991 -0.058141883 -3.755505323 -0.903697193 -0.005151044 0.428141207 85.319946289
0.391215116 0.065135710 0.917991340 17.947265625 -0.037471004 0.997792363 -0.054829154 -3.933400631 -0.919536114 -0.012948060 0.392792165 85.821723938
0.355117261 0.068251915 0.932326913 18.840330124 -0.044301536 0.997439265 -0.056144357 -3.999730587 -0.933771491 -0.021365678 0.357231557 86.190773010
0.318422824 0.070916176 0.945292473 19.895549774 -0.047065105 0.997150719 -0.058952671 -4.050385475 -0.946779788 -0.025718402 0.320853233 86.599578857
0.282378852 0.070282303 0.956724942 20.846210480 -0.048546657 0.997081697 -0.058918346 -4.119424820 -0.958073795 -0.029808495 0.284966856 86.891700745
0.246641710 0.069719337 0.966595709 21.797079086 -0.047286693 0.997086644 -0.059852693 -4.188933372 -0.967952430 -0.030944936 0.249219984 87.132873535
0.209556624 0.069033623 0.975356400 22.946384430 -0.045912318 0.997099042 -0.060708188 -4.287064552 -0.976717949 -0.032059077 0.212118223 87.419120789
0.174927622 0.067711204 0.982250094 23.906913757 -0.041468173 0.997253776 -0.061360464 -4.349024773 -0.983707666 -0.029998485 0.177255124 87.573356628
0.139702663 0.066904947 0.987930596 25.048656464 -0.032493457 0.997487128 -0.062957257 -4.441374779 -0.989660203 -0.023305984 0.141525596 87.766311646
0.106136635 0.069848798 0.991895258 26.029680252 -0.029784834 0.997305393 -0.067042693 -4.529295444 -0.993905425 -0.022427749 0.107931100 87.867019653
0.073247202 0.074946776 0.994493783 27.168048859 -0.026640676 0.996963680 -0.073170744 -4.617038727 -0.996957839 -0.021134434 0.075021423 87.973144531
0.045160137 0.078673378 0.995877087 28.167593002 -0.018108686 0.996794879 -0.077924699 -4.701168060 -0.998815596 -0.014514933 0.046440050 88.005035400
0.019649616 0.075614549 0.996943474 29.339929581 -0.014510365 0.997052670 -0.075336814 -4.834956169 -0.999701560 -0.012985677 0.020688897 88.026306152
-0.002063844 0.072507530 0.997365654 30.352210999 -0.011957809 0.997294724 -0.072527111 -4.917998314 -0.999926329 -0.012075993 -0.001191232 88.020133972
-0.021741811 0.071549848 0.997200072 31.494258881 -0.010417882 0.997365355 -0.071788862 -4.983573914 -0.999709308 -0.011949531 -0.020939130 88.016868591
-0.038223684 0.074386306 0.996496737 32.502872467 -0.007767178 0.997173131 -0.074734747 -5.070354462 -0.999238968 -0.010596602 -0.037537854 87.986885071
-0.051957786 0.078994870 0.995520115 33.674911499 -0.004237435 0.996840239 -0.079320773 -5.165224075 -0.998640299 -0.008339784 -0.051458873 87.905158997
-0.063907638 0.084409006 0.994379759 34.682121277 0.000750697 0.996420324 -0.084533982 -5.249919415 -0.997955501 -0.004655891 -0.063742235 87.836677551
-0.072012790 0.087705702 0.993539989 35.844276428 0.007737284 0.996145368 -0.087374888 -5.365762711 -0.997373700 0.001395192 -0.072413810 87.748878479
-0.077470258 0.093096875 0.992638469 36.875518799 0.011378808 0.995648444 -0.092491098 -5.467036247 -0.996929705 0.004129735 -0.078192472 87.662757874
-0.080924615 0.097817600 0.991908729 37.976734161 0.014501173 0.995182991 -0.096957378 -5.582306385 -0.996614754 0.006537600 -0.081953257 87.567199707
-0.083932318 0.101786003 0.991259336 39.000106812 0.016681055 0.994773507 -0.100734420 -5.687427521 -0.996331811 0.008080376 -0.085191548 87.478523254
-0.086109586 0.104620688 0.990777314 40.155559540 0.017614951 0.994475424 -0.103480265 -5.831739426 -0.996129930 0.008541856 -0.087476745 87.380348206
-0.088898651 0.108305030 0.990134954 41.175643921 0.019175924 0.994072556 -0.107014053 -5.940993309 -0.995856047 0.009473348 -0.090448536 87.298744202
-0.090576656 0.112205856 0.989548326 42.198337555 0.020424344 0.993632793 -0.110799521 -6.049175262 -0.995680034 0.010175026 -0.092291668 87.200004578
-0.093274318 0.112121806 0.989307106 43.386314392 0.025193267 0.993586600 -0.110231526 -6.251976967 -0.995321631 0.014642103 -0.095500827 87.125152588
-0.094914980 0.110291615 0.989356756 44.402355194 0.024445930 0.993802190 -0.108441934 -6.386221409 -0.995185077 0.013892980 -0.097022891 87.010437012
-0.097559832 0.109053619 0.989236712 45.616455078 0.026285779 0.993913889 -0.106976889 -6.576930523 -0.994882405 0.015566209 -0.099832654 86.923858643
-0.099602886 0.110059202 0.988921583 46.686935425 0.026593514 0.993803322 -0.107924014 -6.708564281 -0.994671702 0.015549363 -0.101912536 86.812088013
-0.101555578 0.111591212 0.988551378 47.832038879 0.027356626 0.993626356 -0.109353714 -6.878188133 -0.994453609 0.015937954 -0.103961065 86.696235657
-0.104250506 0.113798551 0.988019049 48.888702393 0.025268419 0.993414521 -0.111753836 -6.998658180 -0.994230032 0.013315286 -0.106439486 86.584838867
-0.106060527 0.117238618 0.987424016 49.931076050 0.023600727 0.993042052 -0.115370683 -7.128590584 -0.994079590 0.011067654 -0.108089492 86.462959290
-0.108425796 0.119043440 0.986951113 51.205230713 0.025066283 0.992815852 -0.116997033 -7.383836746 -0.993788421 0.012053698 -0.110630825 86.353324890
-0.111166932 0.121287361 0.986372769 52.246620178 0.023090728 0.992572010 -0.119447224 -7.515423775 -0.993533432 0.009497487 -0.113141797 86.237159729
-0.113199398 0.116562590 0.986711264 53.478267670 0.024564616 0.993119359 -0.114501446 -7.774399757 -0.993268609 0.011276696 -0.115283817 86.099906921
-0.116574809 0.112524547 0.986787021 54.565361023 0.021624343 0.993613183 -0.110748343 -7.898420334 -0.992946565 0.008428159 -0.118263535 85.982246399
-0.118237615 0.110116616 0.986860812 55.583190918 0.022162225 0.993877351 -0.108244233 -8.033695221 -0.992738008 0.009072496 -0.119954094 85.820007324
-0.120852269 0.111067973 0.986437380 56.688648224 0.021352127 0.993781686 -0.109278999 -8.152318954 -0.992440879 0.007855925 -0.122472301 85.722969055
-0.121728115 0.113639303 0.986036599 57.916629791 0.021668486 0.993491888 -0.111823469 -8.326936722 -0.992326915 0.007753865 -0.123398274 85.571792603
-0.123046711 0.117064998 0.985472023 58.994483948 0.022127911 0.993094921 -0.115207613 -8.441600800 -0.992154121 0.007630522 -0.124787465 85.458496094
-0.123123989 0.115273185 0.985673606 60.151290894 0.023443647 0.993291497 -0.113235645 -8.654335976 -0.992114365 0.009165756 -0.125000432 85.333702087
-0.123365663 0.113660201 0.985830724 61.234603882 0.020222379 0.993500888 -0.112013914 -8.790465355 -0.992155194 0.006117172 -0.124862365 85.209617615
-0.123586178 0.113079250 0.985869944 62.357032776 0.016281985 0.993583560 -0.111922912 -8.925262451 -0.992200255 0.002219796 -0.124634340 85.086059570
-0.124967612 0.113168880 0.985685527 63.496131897 0.014034537 0.993575692 -0.112295456 -9.099195480 -0.992061555 -0.000199654 -0.125753045 84.989555359
-0.126525581 0.112849526 0.985523343 64.566505432 0.009140646 0.993598282 -0.112600639 -9.242388725 -0.991921186 -0.005238544 -0.126747116 84.893653870
-0.125606507 0.110068537 0.985955238 65.737579346 0.006815721 0.993898451 -0.110087015 -9.435931206 -0.992056608 -0.007107652 -0.125590354 84.718666077
-0.125730261 0.105364747 0.986453354 66.834381104 0.007001982 0.994413316 -0.105322562 -9.549442291 -0.992039621 -0.006335105 -0.125765696 84.574188232
-0.126007289 0.096891172 0.987286389 68.016326904 0.011015323 0.995294154 -0.096271165 -9.677265167 -0.991968095 -0.001255595 -0.126481593 84.433990479
-0.126136675 0.091664992 0.987768769 69.127777100 0.016575228 0.995777369 -0.090291582 -9.793682098 -0.991874397 0.004983412 -0.127123475 84.298545837
-0.124483719 0.094087087 0.987750709 70.250106812 0.025937147 0.995462358 -0.091552846 -9.903504372 -0.991882563 0.014222601 -0.126359239 84.133193970
-0.123254865 0.099273600 0.987397075 71.347724915 0.031273987 0.994878113 -0.096121877 -10.017286301 -0.991882086 0.019032352 -0.125728279 83.989074707
-0.122036844 0.104680769 0.986989856 72.476242065 0.035960887 0.994235933 -0.101002909 -10.140506744 -0.991873860 0.023166951 -0.125097841 83.837646484
-0.121388204 0.109197423 0.986580431 73.609130859 0.036595330 0.993746996 -0.105487972 -10.264138222 -0.991930246 0.023299240 -0.124625280 83.693992615
-0.121952429 0.106177531 0.986840427 74.724609375 0.033602107 0.994133294 -0.102809697 -10.384108543 -0.991966963 0.020622024 -0.124804758 83.568367004
-0.121067137 0.100169942 0.987577140 75.897926331 0.034894690 0.994709849 -0.096615635 -10.547578812 -0.992030799 0.022764225 -0.123922072 83.418151855
-0.121663153 0.098572031 0.987664759 77.031410217 0.032187685 0.994924963 -0.095331654 -10.657827377 -0.992049396 0.020192292 -0.124218516 83.292266846
-0.122561425 0.095722973 0.987833917 78.168243408 0.034948938 0.995136678 -0.092094488 -10.870063782 -0.991845369 0.023236511 -0.125310794 83.206375122
-0.121650301 0.101817578 0.987337053 79.305572510 0.036248449 0.994517088 -0.098091818 -10.976358414 -0.991910934 0.023856536 -0.124674000 83.048645020
-0.121071450 0.102993615 0.987286329 80.476524353 0.037759151 0.994360685 -0.099101201 -11.129451752 -0.991925359 0.025280757 -0.124277659 82.918968201
-0.120860189 0.100363418 0.987582862 81.597427368 0.040361512 0.994549930 -0.096132010 -11.286647797 -0.991848648 0.028241798 -0.124252282 82.800621033
-0.119768240 0.093117401 0.988425255 82.754837036 0.042373545 0.995163977 -0.088617802 -11.407559395 -0.991897166 0.031269487 -0.123134747 82.647155762
-0.120896362 0.090549722 0.988526583 83.901824951 0.044457901 0.995325565 -0.085735351 -11.545204163 -0.991669059 0.033582728 -0.124356896 82.532035828
-0.121369235 0.093456544 0.988198042 85.057029724 0.042036314 0.995148599 -0.088951029 -11.661470413 -0.991716802 0.030744279 -0.124709003 82.403732300
-0.120600834 0.095347278 0.988111436 86.210250854 0.041328166 0.994995892 -0.090967402 -11.793049812 -0.991840363 0.029866105 -0.123937838 82.265701294
-0.121170282 0.094748452 0.988099396 87.364219666 0.040723372 0.995070517 -0.090423003 -11.894790649 -0.991795957 0.029282169 -0.124431439 82.135345459
-0.120609216 0.089539215 0.988653719 88.516593933 0.041022994 0.995522618 -0.085156783 -12.054111481 -0.991852045 0.030286839 -0.123742379 81.998649597
-0.119604707 0.088677526 0.988853395 89.689697266 0.041966535 0.995564401 -0.084203385 -12.156337738 -0.991934121 0.031427611 -0.122795701 81.850196838
-0.118515126 0.086824834 0.989149034 90.846199036 0.045173481 0.995609760 -0.081979461 -12.315702438 -0.991924167 0.034967493 -0.121917009 81.718345642
-0.117009759 0.086917304 0.989319980 92.015922546 0.047190730 0.995524228 -0.081880972 -12.416292191 -0.992008984 0.037105866 -0.120587744 81.566032410
-0.115956046 0.086041406 0.989520609 93.172500610 0.048519507 0.995542347 -0.080879286 -12.522903442 -0.992068589 0.038632613 -0.119613856 81.427955627
-0.114550695 0.085947700 0.989692330 94.347694397 0.050296053 0.995474398 -0.080628365 -12.637140274 -0.992143273 0.040541582 -0.118355140 81.277046204
-0.113439381 0.084539779 0.989941597 95.527565002 0.049584936 0.995613456 -0.079342082 -12.734600067 -0.992306828 0.040085666 -0.117133670 81.139190674
-0.111348279 0.082717404 0.990333080 96.699005127 0.051501971 0.995671093 -0.077372648 -12.851779938 -0.992445946 0.042388774 -0.115126371 80.986068726
-0.111630030 0.082411900 0.990326703 97.880035400 0.052280679 0.995662272 -0.076962799 -12.948463440 -0.992373645 0.043183587 -0.115454346 80.875854492
-0.107851774 0.082437523 0.990743160 99.065719604 0.052578025 0.995634556 -0.077120908 -13.057678223 -0.992775679 0.043773677 -0.111715339 80.711273193
-0.106700420 0.085613579 0.990598500 100.275016785 0.052221254 0.995393574 -0.080403090 -13.151712418 -0.992918968 0.043151252 -0.110679761 80.576660156
-0.104856126 0.083707243 0.990958214 101.457794189 0.052351449 0.995534301 -0.078554332 -13.265678406 -0.993108451 0.043641198 -0.108770065 80.445304871
-0.104040101 0.082178690 0.991172194 102.664459229 0.050363742 0.995737255 -0.077270679 -13.372974396 -0.993297160 0.041879911 -0.107735433 80.315246582
-0.104030944 0.082920417 0.991111338 103.882011414 0.048146747 0.995769858 -0.078256510 -13.474681854 -0.993408024 0.039577704 -0.107583232 80.193176270
-0.104350023 0.082511336 0.991111875 105.082977295 0.045955192 0.995888174 -0.078070514 -13.571682930 -0.993478358 0.037400067 -0.107712783 80.067192078
-0.105362915 0.079754040 0.991230547 106.291671753 0.044074744 0.996173739 -0.075466856 -13.673738480 -0.993456602 0.035736818 -0.108474918 79.940559387
-0.105933376 0.078122243 0.991299629 107.567665100 0.041662678 0.996382296 -0.074070595 -13.780414581 -0.993500054 0.033453651 -0.108804904 79.793701172
-0.107632756 0.077475622 0.991167307 108.721534729 0.039809104 0.996495187 -0.073569119 -13.872785568 -0.993393362 0.031539038 -0.110339768 79.674133301
-0.109399684 0.077217668 0.990993977 109.931427002 0.040900242 0.996483386 -0.073130265 -13.978012085 -0.993156135 0.032531478 -0.112173192 79.543685913
-0.112321749 0.075786270 0.990777612 111.182983398 0.040029459 0.996622980 -0.071695358 -14.080160141 -0.992865384 0.031607337 -0.114976130 79.412933350
-0.114886008 0.070875593 0.990846992 112.390251160 0.039948497 0.996974230 -0.066681936 -14.168983459 -0.992575049 0.031922024 -0.117369778 79.265136719
-0.118485652 0.070979849 0.990415514 113.635726929 0.039940145 0.996975183 -0.066671826 -14.260488510 -0.992152095 0.031657703 -0.120962195 79.105461121
-0.124483131 0.077598624 0.989182651 114.892692566 0.034701787 0.996667743 -0.073818766 -14.346855164 -0.991614759 0.025137227 -0.126761109 78.969459534
-0.131343767 0.080012225 0.988102615 116.110404968 0.036325864 0.996456563 -0.075860068 -14.455606461 -0.990671039 0.025929933 -0.133784860 78.805541992
-0.140046909 0.076645143 0.987173796 117.350090027 0.038643990 0.996662974 -0.071899585 -14.547323227 -0.989390433 0.028079012 -0.142541438 78.617988586
-0.151454240 0.073281199 0.985744178 118.563980103 0.040141717 0.996881545 -0.067941591 -14.665169716 -0.987648785 0.029279413 -0.153923556 78.443702698
-0.164451480 0.074597485 0.983560264 119.793792725 0.040467642 0.996806860 -0.068835974 -14.754302979 -0.985554636 0.028482191 -0.166945159 78.249153137
-0.178564250 0.074017428 0.981140196 121.008827209 0.042832568 0.996805966 -0.067403875 -14.858200073 -0.982995570 0.029988836 -0.181164265 78.029846191
-0.193175077 0.072095126 0.978511930 122.255233765 0.044061694 0.996928036 -0.064753443 -14.959877014 -0.980174601 0.030606169 -0.195758283 77.796478271
-0.208317772 0.075309642 0.975157499 123.466888428 0.047956772 0.996618330 -0.066722259 -15.043870926 -0.976884782 0.032865971 -0.211224943 77.543449402
-0.223947778 0.078284137 0.971451998 124.613037109 0.048849147 0.996417463 -0.069034830 -15.135694504 -0.973376215 0.031994395 -0.226969615 77.297622681
-0.239049390 0.082321927 0.967511535 125.815666199 0.049684346 0.996131480 -0.072481252 -15.238616943 -0.969735444 0.030743580 -0.242214769 77.006301880
-0.254798055 0.080137312 0.963667989 127.020904541 0.046479482 0.996423244 -0.070571825 -15.340114594 -0.965876579 0.026809236 -0.257611454 76.702880859
-0.272103399 0.074058957 0.959413886 128.168930054 0.040588811 0.997029901 -0.065451056 -15.441614151 -0.961411595 0.021132011 -0.274301231 76.421295166
-0.286927849 0.069861181 0.955401361 129.342651367 0.036743697 0.997405887 -0.061897717 -15.539065361 -0.957247257 0.017344791 -0.288750470 76.048492432
-0.302379578 0.071065277 0.950534880 130.510208130 0.034926236 0.997373223 -0.063456520 -15.630197525 -0.952547491 0.014010644 -0.304067403 75.698089600
-0.316717893 0.073617019 0.945658684 131.634582520 0.035660319 0.997202873 -0.065686315 -15.705228806 -0.947849214 0.012918455 -0.318457276 75.324920654
-0.330211014 0.075551338 0.940878630 132.780349731 0.037190858 0.997058809 -0.067010030 -15.805471420 -0.943174183 0.012864618 -0.332049668 74.925392151
-0.344424307 0.075099923 0.935805440 133.891357422 0.038602799 0.997085035 -0.065809913 -15.896152496 -0.938020170 0.013458177 -0.346319437 74.532257080
-0.358103842 0.073433369 0.930789649 135.019042969 0.040192727 0.997190714 -0.063208595 -15.991556168 -0.932816267 0.014775726 -0.360049307 74.091293335
-0.372534662 0.072348341 0.925193846 136.110931396 0.039726548 0.997285843 -0.061989658 -16.071289062 -0.927167594 0.013661467 -0.374397725 73.656311035
-0.388272285 0.072304867 0.918703914 137.222503662 0.037392221 0.997332335 -0.062690079 -16.184223175 -0.920785725 0.010011543 -0.389940172 73.222816467
-0.403367490 0.074552357 0.911995947 138.290084839 0.037882712 0.997181475 -0.064760782 -16.263628006 -0.914253533 0.008426491 -0.405054837 72.766151428
-0.417804360 0.074969158 0.905438662 139.380981445 0.037507642 0.997163355 -0.065256387 -16.372989655 -0.907762349 0.006696461 -0.419431210 72.265090942
-0.432166189 0.078455746 0.898374856 140.442779541 0.042200845 0.996876419 -0.066757120 -16.453121185 -0.900806069 0.009061999 -0.434127182 71.763702393
-0.447603256 0.080471694 0.890604079 141.552368164 0.040006708 0.996747494 -0.069955692 -16.560512543 -0.893336833 0.004317754 -0.449366868 71.232452393
-0.461971283 0.082923405 0.883009791 142.592239380 0.041765075 0.996548831 -0.071735285 -16.646030426 -0.885910928 0.003739340 -0.463840276 70.673080444
-0.478031009 0.079880580 0.874703109 143.710021973 0.039662424 0.996803224 -0.069355376 -16.748361588 -0.877446890 0.001538838 -0.479671091 70.102592468
-0.494079620 0.075633869 0.866120577 144.752563477 0.037566498 0.997135639 -0.065644875 -16.831844330 -0.868604660 0.000103302 -0.495505661 69.517593384
-0.510135889 0.075885504 0.856739521 145.827743530 0.036164552 0.997111619 -0.066785179 -16.917249680 -0.859333217 -0.003085915 -0.511407018 68.905334473
-0.526074529 0.075363755 0.847092628 146.883789062 0.035232067 0.997141898 -0.066832945 -16.999294281 -0.849708378 -0.005314297 -0.527226150 68.271926880
-0.542404056 0.073783405 0.836871505 147.909088135 0.033795793 0.997245848 -0.066018768 -17.088226318 -0.839437842 -0.007526110 -0.543403625 67.632812500
-0.557405353 0.073481865 0.826982081 148.925918579 0.032739874 0.997246265 -0.066543311 -17.179176331 -0.829594672 -0.010016310 -0.558276176 66.932960510
-0.572829127 0.072992444 0.816418290 149.955169678 0.032211449 0.997262359 -0.066560194 -17.263347626 -0.819041610 -0.011829617 -0.573612154 66.225624084
-0.588236809 0.070766531 0.805586338 150.958160400 0.031701170 0.997416079 -0.064469658 -17.337516785 -0.808067083 -0.012385413 -0.588960350 65.513046265
-0.602809370 0.066824332 0.795082033 151.959197998 0.031338360 0.997700632 -0.060093954 -17.433286667 -0.797269523 -0.011308639 -0.603517532 64.757003784
-0.617637932 0.065394118 0.783739090 152.945877075 0.032173183 0.997803748 -0.057900798 -17.511524200 -0.785804152 -0.010546361 -0.618385434 63.990570068
-0.632506430 0.063718893 0.771929681 153.908950806 0.030982807 0.997894228 -0.056984328 -17.593704224 -0.773935258 -0.012126385 -0.633148789 63.218894958
-0.647040009 0.064671062 0.759708285 154.851623535 0.029358665 0.997770607 -0.059931718 -17.673322678 -0.761890590 -0.016474180 -0.647496104 62.423301697
-0.662334085 0.063886613 0.746479750 155.783645630 0.026784763 0.997739851 -0.061624948 -17.755395889 -0.748729646 -0.020822018 -0.662548304 61.617370605
-0.678219676 0.060658496 0.732351422 156.712600708 0.024612410 0.997903228 -0.059860185 -17.836311340 -0.734446943 -0.022573417 -0.678290606 60.784111023
-0.694384754 0.052982964 0.717650831 157.616851807 0.020253168 0.998329639 -0.054108456 -17.912139893 -0.719318748 -0.023037393 -0.694297969 59.935512543
-0.711184859 0.050497554 0.701189160 158.494766235 0.018766759 0.998425007 -0.052869339 -17.990869522 -0.702754438 -0.024440825 -0.711012542 59.067192078
-0.728518307 0.047943883 0.683346450 159.385864258 0.016735923 0.998495638 -0.052212659 -18.062805176 -0.684821844 -0.026601445 -0.728224814 58.156574249
-0.745494783 0.043965247 0.665059805 160.242553711 0.012342023 0.998561442 -0.052177396 -18.127990723 -0.666397095 -0.030689798 -0.744965017 57.190357208
-0.762520015 0.041076273 0.645659328 161.083694458 0.011277902 0.998674691 -0.050215647 -18.212125778 -0.646866381 -0.031008750 -0.761972725 56.272983551
-0.778381288 0.042956173 0.626320422 161.894790649 0.012732863 0.998531222 -0.052660044 -18.292100906 -0.627662659 -0.033014733 -0.777785063 55.288772583
-0.793404877 0.042763643 0.607190311 162.673416138 0.015831003 0.998641312 -0.049646936 -18.366861343 -0.608488560 -0.029777687 -0.793003738 54.283382416
-0.808197916 0.042934455 0.587343752 163.479324341 0.017937398 0.998670816 -0.048319966 -18.443712234 -0.588637710 -0.028516682 -0.807893872 53.242698669
-0.822675288 0.044440020 0.566771924 164.227172852 0.019219559 0.998544335 -0.050397478 -18.513725281 -0.568186522 -0.030567659 -0.822331905 52.198200226
-0.836282730 0.045531433 0.546404719 164.937042236 0.018919637 0.998349011 -0.054234684 -18.583290100 -0.547971964 -0.035017744 -0.835763335 51.126533508
-0.849137962 0.046088953 0.526156306 165.622009277 0.020873152 0.998335421 -0.053763576 -18.647859573 -0.527758479 -0.034670141 -0.848686516 50.055618286
-0.860778093 0.043739308 0.507097602 166.304901123 0.020935526 0.998500168 -0.050587650 -18.727008820 -0.508549690 -0.032928385 -0.860402703 48.926200867
-0.871130586 0.046241801 0.488869309 166.951049805 0.023780376 0.998360872 -0.052059323 -18.795276642 -0.490475178 -0.033724979 -0.870802283 47.794589996
-0.880438983 0.048341732 0.471688539 167.559875488 0.025374673 0.998167336 -0.054935187 -18.877208710 -0.473479837 -0.036398135 -0.880052269 46.668865204
-0.890013397 0.045604751 0.453647763 168.200714111 0.022712592 0.998184323 -0.055786524 -18.960596085 -0.455368251 -0.039347239 -0.889433324 45.562355042
-0.897721171 0.043254722 0.438435555 168.755950928 0.021298867 0.998266160 -0.054875255 -19.035181046 -0.440048963 -0.039924502 -0.897085726 44.386798859
-0.904381990 0.041338988 0.424716741 169.274444580 0.019714139 0.998281419 -0.055186950 -19.100862503 -0.426268220 -0.041537162 -0.903642714 43.189556122
-0.911315620 0.038666867 0.409888655 169.852844238 0.018319687 0.998402238 -0.053453702 -19.201808929 -0.411300600 -0.041204169 -0.910567939 42.049041748
-0.917419136 0.036374621 0.396256149 170.379760742 0.016943878 0.998480976 -0.052427515 -19.282320023 -0.397561282 -0.041383885 -0.916641831 40.838890076
-0.923399627 0.031013938 0.382584810 170.917373657 0.013505043 0.998738348 -0.048366405 -19.353767395 -0.383602232 -0.039494697 -0.922653496 39.679267883
-0.928417027 0.027862445 0.370493382 171.415725708 0.011842280 0.998896658 -0.045445140 -19.409379959 -0.371350825 -0.037804555 -0.927722752 38.450904846
-0.932754695 0.028361212 0.359394312 171.907852173 0.014493154 0.999044836 -0.041223694 -19.494247437 -0.360220194 -0.033242844 -0.932274818 37.237915039
-0.935897529 0.032330114 0.350785404 172.372406006 0.018431561 0.998909891 -0.042888947 -19.561521530 -0.351789594 -0.033674140 -0.935473263 36.028591156
-0.938001156 0.037284989 0.344621181 172.829147339 0.023384489 0.998739839 -0.044406213 -19.622270584 -0.345842600 -0.033594280 -0.937690973 34.779121399
-0.940038621 0.040304497 0.338678449 173.286346436 0.025876459 0.998559177 -0.047010832 -19.685466766 -0.340085268 -0.035428200 -0.939727008 33.536994934
-0.941774428 0.037614059 0.334134549 173.733673096 0.023773553 0.998685181 -0.045416646 -19.757781982 -0.335403562 -0.034828674 -0.941430509 32.330219269
-0.943430841 0.030061560 0.330203444 174.178115845 0.017250607 0.998982906 -0.041659836 -19.822141647 -0.331120014 -0.033606965 -0.942989945 31.062610626
-0.945837915 0.022817621 0.323836505 174.643554688 0.010439237 0.999148726 -0.039910156 -19.882194519 -0.324471503 -0.034367934 -0.945270896 29.867670059
-0.947106004 0.016378677 0.320502907 175.072250366 0.003316519 0.999142945 -0.041258734 -19.945960999 -0.320903957 -0.038013436 -0.946348608 28.596483231
-0.949010074 0.012202574 0.315009654 175.525527954 -0.001644365 0.999045312 -0.043654036 -20.012462616 -0.315241575 -0.041946113 -0.948083937 27.407890320
-0.949578643 0.012898478 0.313263565 175.942443848 -0.001687597 0.998928666 -0.046245933 -20.070297241 -0.313524336 -0.044442818 -0.948539495 26.163377762
-0.949988365 0.012444984 0.312037021 176.365768433 -0.003008328 0.998794556 -0.048993722 -20.135227203 -0.312270671 -0.047482185 -0.948805809 24.919134140
-0.949832559 0.014826653 0.312407106 176.771759033 -0.000900234 0.998742044 -0.050136741 -20.211645126 -0.312757462 -0.047902741 -0.948624372 23.684898376
-0.949490190 0.013764032 0.313494742 177.187683105 -0.002813497 0.998623908 -0.052366041 -20.282861710 -0.313784212 -0.050603054 -0.948144913 22.454929352
-0.948934078 0.014561879 0.315138340 177.597549438 -0.002628209 0.998534501 -0.054054141 -20.359035492 -0.315463692 -0.052122064 -0.947505057 21.189979553
-0.948737085 0.013834910 0.315763265 178.037582397 -0.003483308 0.998523176 -0.054215338 -20.430063248 -0.316047013 -0.052536018 -0.947287858 20.000919342
-0.947591245 0.014151699 0.319171846 178.445129395 -0.003689295 0.998467147 -0.055224020 -20.502553940 -0.319464087 -0.053507302 -0.946086586 18.762382507
-0.946896672 0.011219738 0.321342677 178.894668579 -0.006969810 0.998439968 -0.055398561 -20.585803986 -0.321463019 -0.054696400 -0.945341110 17.556804657
-0.945355594 0.009098873 0.325914413 179.312515259 -0.008763051 0.998540342 -0.053295575 -20.663269043 -0.325923651 -0.053239260 -0.943895817 16.366016388
-0.943459809 0.006365973 0.331425786 179.755691528 -0.010931529 0.998674214 -0.050300818 -20.742473602 -0.331306696 -0.051079787 -0.942139447 15.155967712
-0.940346479 0.004104912 0.340193748 180.179733276 -0.012612427 0.998819172 -0.046914779 -20.819221497 -0.339984685 -0.048406806 -0.939184368 13.898521423
-0.938219488 0.004335431 0.346013606 180.629760742 -0.012971851 0.998777926 -0.047687661 -20.892873764 -0.345797658 -0.049229920 -0.937016785 12.750602722
-0.935224175 0.004321252 0.354029685 181.089035034 -0.013630487 0.998744667 -0.048197627 -20.956233978 -0.353793591 -0.049901195 -0.933991432 11.566642761
-0.931307733 0.006516735 0.364174992 181.551345825 -0.012911759 0.998620749 -0.050889179 -21.032110214 -0.364004374 -0.052095614 -0.929939151 10.368919373
-0.927526355 0.006298762 0.373704582 182.029159546 -0.013283077 0.998670757 -0.049800821 -21.114883423 -0.373521537 -0.051155511 -0.926209867 9.217586517
-0.922228098 0.008173215 0.386559814 182.522628784 -0.012784265 0.998585284 -0.051613398 -21.177558899 -0.386434734 -0.052541211 -0.920818985 8.000236511
-0.916571915 0.009501643 0.399756938 183.036392212 -0.012895308 0.998495281 -0.053299442 -21.247577667 -0.399661809 -0.054007772 -0.915070236 6.830398560
-0.910781801 0.011493140 0.412727892 183.569839478 -0.011315629 0.998542190 -0.052776817 -21.331834793 -0.412732691 -0.052738436 -0.909324050 5.676094055
-0.904609919 0.009406855 0.426136583 184.117736816 -0.013604779 0.998609722 -0.050924513 -21.401437759 -0.426023185 -0.051864315 -0.903224289 4.509262085
-0.898322582 0.011664097 0.439181507 184.668945312 -0.011899166 0.998634756 -0.050861593 -21.483297348 -0.439175159 -0.050915994 -0.896957457 3.382362366
-0.890903175 0.013754804 0.453984916 185.244491577 -0.010645946 0.998634458 -0.051148206 -21.542726517 -0.454068452 -0.050401207 -0.889540076 2.205970764
-0.883975983 0.016269919 0.467249095 185.838150024 -0.007506962 0.998771489 -0.048980076 -21.607421875 -0.467472017 -0.046804842 -0.882767916 1.097663879
-0.876717806 0.015717018 0.480748236 186.421554565 -0.007217976 0.998923540 -0.045820709 -21.702079773 -0.480950862 -0.043641876 -0.875660598 0.047561646
-0.868719816 0.018851679 0.494944900 187.036865234 -0.003579715 0.999010324 -0.044333816 -21.768115997 -0.495290875 -0.040285420 -0.867792606 -1.041961670
-0.859215558 0.021823857 0.511147916 187.647109985 -0.000146665 0.999079108 -0.042902995 -21.836292267 -0.511613548 -0.036937889 -0.858421266 -2.115295410
-0.848845840 0.023917953 0.528098881 188.289962769 0.001891174 0.999106944 -0.042210419 -21.904407501 -0.528636992 -0.034831423 -0.848133206 -3.172653198
-0.838317037 0.026863407 0.544520855 188.950927734 0.005586469 0.999156117 -0.040691745 -21.976127625 -0.545154452 -0.031070635 -0.837759733 -4.201286316
-0.826411307 0.027136447 0.562412560 189.607376099 0.005681615 0.999188900 -0.039862365 -22.052047729 -0.563038170 -0.029747304 -0.825895309 -5.231391907
-0.814879835 0.028953480 0.578906119 190.318817139 0.007163467 0.999178410 -0.039889582 -22.114936829 -0.579585433 -0.028358240 -0.814417839 -6.222824097
-0.801725745 0.031189272 0.596877694 191.030960083 0.008698980 0.999140620 -0.040524680 -22.167140961 -0.597628653 -0.027297441 -0.801308155 -7.217803955
-0.788857877 0.031865586 0.613749146 191.782989502 0.010404703 0.999204338 -0.038504977 -22.228195190 -0.614487648 -0.023989076 -0.788561642 -8.165191650
-0.773461521 0.033173472 0.632974505 192.540557861 0.012689020 0.999239624 -0.036863700 -22.291786194 -0.633716285 -0.020480825 -0.773294330 -9.118232727
-0.757358611 0.035438694 0.652036846 193.317718506 0.013998112 0.999177873 -0.038046882 -22.349121094 -0.652849138 -0.019687844 -0.757232010 -10.018119812
