0.841636777 0.024479572 0.539488792 10.848337173 -0.055654034 0.997584820 0.041557927 0.467819989 -0.537168503 -0.065001406 0.840966582 5.815439224
0.839552879 0.024527829 0.542724192 11.060848236 -0.057327356 0.997402728 0.043604482 0.468726307 -0.540245175 -0.067721203 0.838778317 5.996773720
0.863592446 0.022944143 0.503668189 11.313724518 -0.051446874 0.997759879 0.042759065 0.476299286 -0.501558900 -0.062838554 0.862838328 6.130507946
0.835834980 0.023750594 0.548466742 11.506814957 -0.059042782 0.997157872 0.046797611 0.478449136 -0.545796514 -0.071498074 0.834861815 6.405676842
0.833257496 0.023134833 0.552400827 11.735948563 -0.058713425 0.997177124 0.046802752 0.493488014 -0.549758732 -0.071432084 0.832263649 6.634655476
0.830670774 0.023070674 0.556285679 11.971038818 -0.059449665 0.997104347 0.047420282 0.500199080 -0.553580940 -0.072461650 0.829636872 6.883531094
0.831984639 0.021439137 0.554384291 12.256843567 -0.061349999 0.996680021 0.053526580 0.472245306 -0.551396191 -0.078544766 0.830537736 7.062994003
0.814402938 0.007412094 0.580252469 12.925527573 -0.060393635 0.995571077 0.072047062 0.338538289 -0.577148616 -0.093718894 0.811243594 7.089832306
0.853950977 0.014147977 0.520161033 13.109029770 -0.062216587 0.995235264 0.075071648 0.335644364 -0.516620457 -0.096470147 0.850762486 7.106282234
0.898951530 0.021446032 0.437522858 14.959379196 -0.059975404 0.995420635 0.074435323 0.390885651 -0.433922946 -0.093154348 0.896121144 6.147873878
0.960422993 0.036294173 0.276170999 17.044857025 -0.052734155 0.997236311 0.052334338 0.655574203 -0.273508340 -0.064826749 0.959682524 5.580131054
0.995612860 0.047934014 0.080357663 19.487333298 -0.050165717 0.998402715 0.025985993 0.933159113 -0.078983761 -0.029903186 0.996427298 5.812612534
0.995849371 0.048180796 0.077217788 19.717712402 -0.050177991 0.998448610 0.024135379 0.934661448 -0.075935133 -0.027909838 0.996722102 6.224841595
0.991380870 0.055872146 0.118499383 20.097274780 -0.058940846 0.998006701 0.022549149 0.951360524 -0.117003314 -0.029339250 0.992698073 6.398895741
0.990858018 0.059157759 0.121246777 20.370519638 -0.062274929 0.997814775 0.022079978 0.932430744 -0.119675681 -0.029428758 0.992376804 6.823546410
0.935108840 0.054967433 0.350071460 20.765514374 -0.069549114 0.997150838 0.029208796 0.937232196 -0.347468644 -0.051660571 0.936267495 6.880107880
0.932504058 0.057657316 0.356527418 21.187450409 -0.070835315 0.997199059 0.024004858 0.964475393 -0.354144722 -0.047639348 0.933976471 7.277667999
0.760415554 0.009625453 0.649365485 21.981201172 -0.034594432 0.999070883 0.025701445 1.059423566 -0.648514748 -0.042008203 0.760042071 7.172034264
0.755460918 0.012871602 0.655067146 22.581758499 -0.033462942 0.999260128 0.018956644 1.105133057 -0.654338479 -0.036241472 0.755332828 7.449472904
0.750839472 0.018667027 0.660220802 23.169075012 -0.034668401 0.999336421 0.011171667 1.145624280 -0.659574091 -0.031276930 0.750988424 7.731697083
0.747336328 0.021076640 0.664111674 23.758571625 -0.034881257 0.999363065 0.007536103 1.133866310 -0.663529754 -0.028797049 0.747595549 8.023292542
0.745583773 0.019199669 0.666135192 24.356559753 -0.030522063 0.999519765 0.005353730 1.100466013 -0.665712595 -0.024323473 0.745811701 8.308606148
0.577005982 -0.019852297 0.816498637 25.758079529 0.019788632 0.999750912 0.010323586 1.091016769 -0.816500187 0.010200622 0.577255070 7.815396786
0.399499834 -0.012380228 0.916649640 26.812080383 0.025464879 0.999672771 0.002403287 1.106781363 -0.916379452 0.022382258 0.399684429 7.559734344
0.230062470 -0.005315394 0.973161280 27.755666733 0.015317257 0.999880970 0.001840221 1.030428529 -0.973055422 0.014482798 0.230116472 7.206510544
0.248127595 -0.000486250 0.968727171 28.572736740 0.023008658 0.999720693 -0.005391580 1.034908652 -0.968454063 0.023626911 0.248069450 6.992413044
-0.013698786 0.031682935 0.999404073 29.202577591 -0.014315583 0.999389172 -0.031878687 1.009868026 -0.999803662 -0.014743748 -0.013236799 6.682691097
-0.002630029 0.045513611 0.998960257 30.025831223 -0.008370388 0.998927712 -0.045534175 0.952658892 -0.999961495 -0.008481449 -0.002246242 6.366954327
0.006981364 0.075529352 0.997119129 30.836084366 -0.010699535 0.997092009 -0.075452380 0.996158600 -0.999918401 -0.010141943 0.007769191 6.104831219
-0.126879930 0.095038362 0.987354636 31.548984528 -0.066214986 0.992367566 -0.104029849 0.969993353 -0.989705503 -0.078576967 -0.119618528 5.819496155
-0.099696636 0.127358750 0.986833394 32.219764709 -0.068735726 0.988523841 -0.134521067 1.004678249 -0.992640913 -0.081242025 -0.089798495 5.538932800
-0.303119928 0.062370386 0.950909138 33.270908356 -0.063604087 0.994306624 -0.085491814 0.860445261 -0.950827420 -0.086395994 -0.297427207 5.199478149
-0.373210281 0.045762848 0.926617384 34.200668335 -0.064491622 0.995086908 -0.075119399 0.873829603 -0.925502658 -0.087794363 -0.368425280 4.814352989
-0.369515538 0.058936790 0.927353621 34.682010651 -0.086712092 0.991444826 -0.097561538 0.928184032 -0.925169885 -0.116463281 -0.361243755 4.587415695
-0.463954419 0.014623142 0.885738373 35.475975037 -0.025711069 0.999220252 -0.029964253 0.894654572 -0.885485888 -0.036675327 -0.463216662 4.425550461
-0.477641642 0.015023661 0.878426194 36.202831268 -0.022986667 0.999297798 -0.029589871 0.849249780 -0.878253937 -0.034325421 -0.476960868 4.019124985
-0.488285005 0.018787799 0.872481942 36.923259735 -0.021740669 0.999195993 -0.033683587 0.807903051 -0.872413397 -0.035415538 -0.487483978 3.591525078
-0.497891694 0.021301573 0.866977513 37.639225006 -0.019726682 0.999161422 -0.035878014 0.761883974 -0.867014825 -0.034965970 -0.497053951 3.172327042
-0.508207202 0.020825408 0.860983014 38.397922516 -0.024956549 0.998931646 -0.038893066 0.715544820 -0.860873163 -0.041252911 -0.507144570 2.740201950
-0.518075764 0.019487867 0.855112672 39.076095581 -0.025191884 0.998959005 -0.038028758 0.672387123 -0.854963541 -0.041243691 -0.517045617 2.301031113
-0.526603281 0.020757956 0.849857688 39.754241943 -0.022811165 0.998996794 -0.038535353 0.624551773 -0.849805057 -0.039679106 -0.525601506 1.870296478
-0.533642113 0.023635840 0.845379949 40.437709808 -0.020186799 0.998968542 -0.040672798 0.580438972 -0.845469356 -0.038770247 -0.532614589 1.429384232
-0.537136376 0.026560402 0.843077064 41.133785248 -0.019564556 0.998842835 -0.043932520 0.543553114 -0.843268454 -0.040092185 -0.535995185 0.985431671
-0.537354171 0.028706696 0.842867970 41.827720642 -0.019379633 0.998736322 -0.046370395 0.497516990 -0.843133986 -0.041251797 -0.536118805 0.553407669
-0.533073246 0.029079147 0.845569193 42.560806274 -0.017642381 0.998809934 -0.045471415 0.453215718 -0.845885098 -0.039157446 -0.531925797 0.078546524
-0.527011573 0.027971800 0.849397540 43.305450439 -0.019124744 0.998814762 -0.044758324 0.401465416 -0.849642813 -0.039832667 -0.525851965 -0.379562378
-0.520598531 0.026653798 0.853385448 44.056182861 -0.020890543 0.998815715 -0.043940082 0.353857040 -0.853546023 -0.040702820 -0.519425154 -0.822555542
-0.513043940 0.026141113 0.857964337 44.839797974 -0.022541832 0.998781085 -0.043911148 0.306454301 -0.858066320 -0.041868437 -0.511829376 -1.290651321
-0.506554782 0.024697537 0.861853898 45.641090393 -0.025709262 0.998712540 -0.043730021 0.259345770 -0.861824393 -0.044309277 -0.505267620 -1.752870560
-0.501956940 0.022352081 0.864603579 46.462745667 -0.030219868 0.998602331 -0.043360807 0.212252498 -0.864364505 -0.047893465 -0.500579834 -2.218902588
-0.501968920 0.019412475 0.864667773 47.277160645 -0.034067310 0.998528421 -0.042194970 0.162800550 -0.864214420 -0.050637476 -0.500568926 -2.665943146
-0.500732422 0.016766159 0.865439594 48.141799927 -0.037976656 0.998424172 -0.041315265 0.112104416 -0.864768624 -0.053554378 -0.499306560 -3.164274216
-0.502754986 0.015706800 0.864286244 48.995567322 -0.038984478 0.998405576 -0.040821422 0.062713146 -0.863549471 -0.054216925 -0.501341045 -3.649074554
-0.503433108 0.015052200 0.863903105 49.856067657 -0.038926173 0.998438060 -0.040080205 0.015866160 -0.863156915 -0.053806152 -0.502060771 -4.145427704
-0.503538132 0.014384079 0.863853276 50.734062195 -0.038974836 0.998465359 -0.039343856 -0.038071752 -0.863093495 -0.053479671 -0.502204716 -4.652067184
-0.503509343 0.013710191 0.863880992 51.619304657 -0.038364395 0.998533189 -0.038207706 -0.091313243 -0.863137603 -0.052380215 -0.502244711 -5.165372849
-0.503534913 0.013425090 0.863870561 52.514720917 -0.038395219 0.998543739 -0.037897896 -0.146640301 -0.863121271 -0.052251421 -0.502286196 -5.681001663
-0.503464222 0.011881090 0.863934398 53.412334442 -0.040589843 0.998476207 -0.037385389 -0.195621014 -0.863062143 -0.053889163 -0.502214789 -6.196971893
-0.503433168 0.011064893 0.863963425 54.296398163 -0.040022582 0.998546004 -0.036109749 -0.257319331 -0.863106728 -0.052756902 -0.502258420 -6.707403183
-0.502874017 0.010170591 0.864299893 55.189380646 -0.041071150 0.998520255 -0.035646372 -0.313100815 -0.863383412 -0.053423434 -0.501712143 -7.215553284
-0.500868499 0.009798910 0.865467966 56.041397095 -0.043925870 0.998359561 -0.036724553 -0.337656021 -0.864408016 -0.056410611 -0.499616414 -7.690425873
-0.499082446 0.006772548 0.866528034 56.980285645 -0.040622089 0.998687267 -0.031202028 -0.421765804 -0.865601778 -0.050772559 -0.498152196 -8.243410110
-0.496290296 0.005795864 0.868137360 57.816001892 -0.040808257 0.998716593 -0.029996600 -0.459952116 -0.867196977 -0.050314192 -0.495416820 -8.708171844
-0.493475378 0.005586870 0.869741797 58.752613068 -0.039394133 0.998809576 -0.028767450 -0.513087988 -0.868867159 -0.048458755 -0.492667824 -9.252813339
-0.491429687 0.005888218 0.870897353 59.640628815 -0.039004155 0.998824954 -0.028762406 -0.560210347 -0.870043457 -0.048103310 -0.490622520 -9.740114212
-0.490085542 0.006202739 0.871652305 60.489479065 -0.040255792 0.998746693 -0.029740926 -0.606745005 -0.870744407 -0.049664654 -0.489221513 -10.202442169
-0.491834909 0.007571978 0.870655596 61.414215088 -0.040189344 0.998698950 -0.031388599 -0.658144355 -0.869760573 -0.050429091 -0.490890682 -10.730541229
-0.494600058 0.009326722 0.869070590 62.291069031 -0.041391853 0.998555005 -0.034273002 -0.712575793 -0.868134499 -0.052923873 -0.493499219 -11.223962784
-0.499174058 0.009973672 0.866444230 63.128574371 -0.043661702 0.998373926 -0.036646616 -0.756809950 -0.865401030 -0.056123473 -0.497926980 -11.694564819
-0.504759192 0.008600579 0.863217354 64.041633606 -0.041571911 0.998547971 -0.034257762 -0.811966896 -0.862258613 -0.053177524 -0.503668785 -12.223382950
-0.510257840 0.006337967 0.859998167 64.880599976 -0.041028846 0.998654842 -0.031703249 -0.861806393 -0.859042168 -0.051461566 -0.509311438 -12.721063614
-0.515654862 0.003504336 0.856789231 65.767105103 -0.043276113 0.998608828 -0.030129923 -0.918972969 -0.855702758 -0.052615162 -0.514785826 -13.238019943
-0.519980967 0.006624489 0.854152262 66.582565308 -0.041040231 0.998621285 -0.032728940 -0.973940253 -0.853191316 -0.052073028 -0.518992245 -13.745874405
-0.526278019 0.003434043 0.850305736 67.450538635 -0.049633779 0.998162746 -0.034750912 -1.014608741 -0.848862708 -0.060492534 -0.525140524 -14.278842926
-0.530968964 0.004124215 0.847381294 68.260360718 -0.051057879 0.998015642 -0.036850218 -1.066215277 -0.845851660 -0.062831819 -0.529704690 -14.777898788
-0.534722030 0.004404245 0.845016479 69.107765198 -0.052066632 0.997914672 -0.038148653 -1.116443872 -0.843422413 -0.064396091 -0.533377647 -15.303750992
-0.537703037 0.004195248 0.843123794 69.916076660 -0.050506216 0.998031497 -0.037176441 -1.172004223 -0.841620088 -0.062572882 -0.536432862 -15.830677032
-0.541863620 -0.006702464 0.840439677 70.761734009 -0.057176378 0.997945547 -0.028905237 -1.208070040 -0.838519335 -0.063715994 -0.541133642 -16.354341507
-0.543607950 -0.015545843 0.839195311 71.574600220 -0.057915110 0.998140216 -0.019025588 -1.255116820 -0.837338865 -0.058944546 -0.543497264 -16.884338379
-0.545353949 -0.015343118 0.838065445 72.388687134 -0.053897101 0.998405397 -0.016793853 -1.297512412 -0.836471260 -0.054327901 -0.545311213 -17.403411865
-0.546474636 -0.010849347 0.837405384 73.190452576 -0.054230954 0.998275876 -0.022456514 -1.328156710 -0.835718036 -0.057685211 -0.546120822 -17.917436600
-0.548629880 -0.004572627 0.836052895 73.973327637 -0.052979648 0.998165488 -0.029306738 -1.363025188 -0.834385037 -0.060372341 -0.547865570 -18.407508850
-0.550716460 0.000931069 0.834691763 74.788696289 -0.044026449 0.998574972 -0.030161841 -1.408378959 -0.833530486 -0.053359140 -0.549890816 -18.959926605
-0.550626695 0.002310959 0.834748387 75.573493958 -0.039813049 0.998785436 -0.029027060 -1.459484100 -0.833801627 -0.049216956 -0.549866140 -19.481111526
-0.550180852 -0.000908905 0.835045159 76.381774902 -0.041778177 0.998777092 -0.026439002 -1.495391607 -0.833999872 -0.049432892 -0.549545884 -19.995098114
-0.550131142 -0.005675241 0.835058987 77.185737610 -0.043079369 0.998838305 -0.021592073 -1.529643536 -0.833966374 -0.047852289 -0.549736559 -20.517210007
-0.549573481 -0.012417149 0.835353017 77.992561340 -0.046738770 0.998780549 -0.015902726 -1.559621096 -0.834136903 -0.047783095 -0.549483776 -21.035306931
-0.548785508 -0.012981660 0.835862339 78.786117554 -0.044710275 0.998904109 -0.013840705 -1.595952511 -0.834766626 -0.044967219 -0.548764586 -21.528270721
-0.546614110 -0.017871862 0.837193906 79.586868286 -0.052033618 0.998565137 -0.012656681 -1.620562315 -0.835766375 -0.050480545 -0.546759844 -22.038869858
-0.544782817 -0.009449473 0.838523865 80.367927551 -0.033119291 0.999398768 -0.010254954 -1.649243712 -0.837922931 -0.033358037 -0.544768155 -22.538646698
-0.541944623 -0.006011138 0.840392768 81.156547546 -0.029116586 0.999508321 -0.011627173 -1.675806761 -0.839909792 -0.030770654 -0.541853130 -23.043411255
-0.536687613 -0.010264867 0.843718588 81.940315247 -0.041440554 0.999040008 -0.014205706 -1.705841780 -0.842762768 -0.042588193 -0.536597729 -23.552146912
-0.528648913 -0.007912914 0.848803759 82.726554871 -0.036952686 0.999223113 -0.013699553 -1.732610226 -0.848035872 -0.038607832 -0.528530598 -24.058464050
-0.519969583 0.007779787 0.854149342 83.521148682 -0.003191383 0.999933779 -0.011050404 -1.762875199 -0.854178786 -0.008471791 -0.519910395 -24.535905838
-0.510207951 0.006796926 0.860024214 84.326042175 -0.006331507 0.999911964 -0.011658640 -1.781070948 -0.860027730 -0.011393580 -0.510120153 -25.003780365
-0.498925179 0.006723188 0.866618991 85.133575439 -0.003817283 0.999943078 -0.009955180 -1.805753231 -0.866636634 -0.008275017 -0.498871148 -25.452589035
-0.485414058 0.013915693 0.874173641 85.952713013 0.019740732 0.999792814 -0.004953694 -1.819165587 -0.874061346 0.014852232 -0.485588223 -25.900344849
-0.473995566 0.012555556 0.880437732 86.770332336 0.017917957 0.999828815 -0.004611768 -1.837212324 -0.880344868 0.013589690 -0.474139422 -26.339710236
-0.464922309 0.001583454 0.885350049 87.584701538 -0.004096911 0.999983847 -0.003939877 -1.871571064 -0.885342002 -0.005458939 -0.464908361 -26.755802155
-0.453277409 0.002866537 0.891364932 88.401657104 -0.002622572 0.999986172 -0.004549487 -1.893766403 -0.891365647 -0.004399853 -0.453263581 -27.159755707
-0.438642681 0.015237321 0.898532271 89.238250732 0.014733973 0.999843776 -0.009762575 -1.910150766 -0.898540676 0.008956670 -0.438798666 -27.568679810
-0.427051157 0.024802074 0.903887212 90.054519653 0.018137353 0.999657571 -0.018860765 -1.934442997 -0.904045522 0.008339614 -0.427354783 -27.948728561
-0.413677931 0.029492101 0.909945488 90.887077332 0.019147160 0.999536097 -0.023691146 -1.968120456 -0.910221934 0.007622368 -0.414050639 -28.336496353
-0.402160645 0.025828270 0.915204823 91.732238770 0.018061226 0.999631226 -0.020274408 -2.004023552 -0.915390849 0.008376150 -0.402478933 -28.697162628
-0.391167134 0.021808412 0.920061231 92.558265686 0.013926031 0.999745011 -0.017776478 -2.030597448 -0.920214295 0.005859229 -0.391371071 -29.031833649
-0.380864531 0.022495683 0.924357116 93.410316467 0.011660802 0.999741375 -0.019525655 -2.066560507 -0.924557328 0.003342117 -0.381028295 -29.382284164
-0.374643832 0.026670532 0.926785052 94.239151001 0.005848714 0.999634206 -0.026402665 -2.104415417 -0.927150369 -0.004471102 -0.374662787 -29.690910339
-0.369794995 0.031394247 0.928582847 95.100555420 -0.000817982 0.999417603 -0.034114834 -2.137235165 -0.929113030 -0.013375059 -0.369553924 -30.018947601
-0.365218639 0.033796284 0.930308104 95.934288025 -0.003189813 0.999289453 -0.037554502 -2.182026386 -0.930916309 -0.016683111 -0.364851415 -30.341238022
-0.361385256 0.036181752 0.931714356 96.775123596 0.002780110 0.999284208 -0.037727404 -2.225873947 -0.932412386 -0.011043852 -0.361227125 -30.650188446
-0.356837273 0.035816297 0.933479846 97.628601074 0.001265839 0.999282360 -0.037857179 -2.271436214 -0.934165716 -0.012327215 -0.356626540 -30.959754944
-0.350745797 0.031526815 0.935939848 98.466598511 -0.002519030 0.999397755 -0.034608379 -2.317004681 -0.936467350 -0.014496397 -0.350455046 -31.275016785
-0.345595986 0.027798213 0.937971592 99.319252014 -0.003285381 0.999519110 -0.030832773 -2.360144854 -0.938377619 -0.013737271 -0.345338464 -31.577407837
-0.338511050 0.032823406 0.940389752 100.167259216 0.024464771 0.999360561 -0.026075169 -2.388154745 -0.940644264 0.014179685 -0.339097649 -31.888315201
-0.332608521 0.031348474 0.942543805 101.028236389 0.016135614 0.999490261 -0.027548481 -2.422292709 -0.942926943 0.006045662 -0.332944810 -32.169635773
-0.326555222 0.030371606 0.944690049 101.874687195 0.007119025 0.999534190 -0.029673968 -2.478228569 -0.945151329 -0.002964911 -0.326619387 -32.448036194
-0.319674015 0.034239806 0.946908832 102.730018616 0.009281996 0.999412060 -0.033004727 -2.525295973 -0.947482109 -0.001761554 -0.319803923 -32.734508514
-0.313158631 0.035759058 0.949027359 103.598167419 0.002221308 0.999315739 -0.036920924 -2.565685987 -0.949698150 -0.009454023 -0.313023806 -33.010482788
-0.307498634 0.033794176 0.950948298 104.447540283 0.000625932 0.999376118 -0.035312772 -2.610185623 -0.951548278 -0.010263398 -0.307327986 -33.271205902
-0.300156146 0.028754801 0.953456581 105.335365295 0.000580873 0.999550879 -0.029962070 -2.663697481 -0.953889906 -0.008439461 -0.300038069 -33.551532745
-0.292129785 0.029258804 0.955931008 106.188743591 0.010382885 0.999570012 -0.027421512 -2.693025351 -0.956322253 0.001914682 -0.292308003 -33.812812805
-0.285719365 0.032802738 0.957751691 107.024826050 0.008913979 0.999461710 -0.031572048 -2.732724905 -0.958271801 -0.000483363 -0.285857975 -34.057403564
-0.279656559 0.035587940 0.959440231 107.896972656 0.009323046 0.999366283 -0.034351423 -2.772952557 -0.960054755 -0.000661696 -0.279811084 -34.298194885
-0.272986889 0.036279462 0.961333394 108.791427612 0.007538737 0.999338567 -0.035572983 -2.816529036 -0.961988270 -0.002463719 -0.273079902 -34.538414001
-0.266535223 0.035429850 0.963173747 109.683853149 0.006377439 0.999367058 -0.034996398 -2.851429701 -0.963804126 -0.003185187 -0.266592443 -34.764274597
-0.257900566 0.031980027 0.965642035 110.483840942 0.001001844 0.999460340 -0.032832447 -2.921709299 -0.966170847 -0.007500092 -0.257793456 -35.005908966
-0.250155240 0.033238281 0.967635036 111.320983887 0.004042367 0.999437630 -0.033285663 -2.962586880 -0.968197286 -0.004415047 -0.250148892 -35.229854584
-0.243736729 0.033554658 0.969260752 112.205795288 0.006002155 0.999434352 -0.033089884 -3.020809889 -0.969822884 -0.002247576 -0.243800253 -35.438739777
-0.236685932 0.032128852 0.971054792 113.075340271 -0.000362040 0.999450088 -0.033156592 -3.070436716 -0.971586168 -0.008199263 -0.236544162 -35.640853882
-0.231324837 0.030471014 0.972399294 113.960769653 -0.005090240 0.999457777 -0.032529846 -3.104985952 -0.972863257 -0.012474698 -0.231044307 -35.841388702
-0.226403356 0.030250030 0.973563731 114.842071533 -0.001765771 0.999503195 -0.031466637 -3.154488325 -0.974031985 -0.008843242 -0.226237476 -36.043979645
-0.222377867 0.030545715 0.974481940 115.707626343 -0.000514956 0.999505281 -0.031447601 -3.196776390 -0.974960387 -0.007495065 -0.222252145 -36.231719971
-0.217355549 0.031868901 0.975572169 116.594406128 -0.000505214 0.999463141 -0.032761905 -3.234457731 -0.976092398 -0.007613854 -0.217222735 -36.429435730
-0.211203694 0.032491516 0.976901829 117.451675415 0.010760775 0.999464095 -0.030915476 -3.274769306 -0.977382839 0.003982758 -0.211440116 -36.612434387
-0.205978855 0.031658795 0.978044152 118.323463440 0.018799182 0.999420166 -0.028391562 -3.317793846 -0.978375912 0.012538372 -0.206454545 -36.804771423
-0.201187670 0.028922744 0.979125559 119.211570740 0.014773482 0.999539912 -0.026490161 -3.359163761 -0.979441226 0.009135605 -0.201522395 -36.994937897
-0.196981445 0.030086977 0.979945481 120.088676453 0.013447885 0.999517918 -0.027984710 -3.404523849 -0.980314910 0.007665731 -0.197291106 -37.164840698
-0.192975909 0.031915553 0.980684221 120.948532104 0.013614647 0.999461710 -0.029847607 -3.443063021 -0.981109023 0.007591802 -0.193306535 -37.334140778
-0.191818342 0.032374937 0.980896294 121.823951721 0.013574261 0.999447644 -0.030332731 -3.478053808 -0.981336594 0.007496567 -0.192151889 -37.490135193
-0.190911904 0.030124761 0.981144726 122.697509766 0.010360572 0.999535143 -0.028673442 -3.523000956 -0.981552482 0.004691118 -0.191135287 -37.654464722
-0.189482197 0.025457665 0.981554091 123.569015503 0.011464427 0.999653041 -0.023713958 -3.560878754 -0.981817245 0.006759583 -0.189708352 -37.827838898
-0.188440889 0.020539721 0.981869578 124.442733765 0.010615896 0.999765456 -0.018876672 -3.596809626 -0.982027113 0.006866293 -0.188614726 -37.992324829
-0.187612996 0.018730106 0.982064426 125.312728882 0.011353886 0.999792755 -0.016899183 -3.631194115 -0.982177377 0.007979740 -0.187786773 -38.155189514
-0.186623618 0.022695635 0.982169271 126.173759460 0.009473256 0.999728322 -0.021301350 -3.669669867 -0.982385814 0.005329008 -0.186787903 -38.313987732
-0.187241748 0.024042858 0.982019603 127.035423279 -0.004389300 0.999669969 -0.025311902 -3.704501152 -0.982304037 -0.009049826 -0.187074453 -38.472038269
-0.187237546 0.025373980 0.981986880 127.887176514 0.004055970 0.999677718 -0.025057741 -3.734374523 -0.982306242 -0.000708844 -0.187280148 -38.622512817
-0.186395228 0.024619292 0.982166290 128.741287231 0.005255195 0.999696791 -0.024061382 -3.776290178 -0.982460737 0.000676550 -0.186468050 -38.777122498
-0.185627952 0.025226686 0.982296228 129.595123291 0.006965415 0.999679089 -0.024356818 -3.811893940 -0.982595384 0.002320796 -0.185744077 -38.942428589
-0.185284808 0.025331296 0.982358336 130.437957764 -0.006844933 0.999610186 -0.027067194 -3.848555088 -0.982661009 -0.011739316 -0.185039237 -39.092689514
-0.186618015 0.026160676 0.982084155 131.289489746 -0.017743431 0.999392629 -0.029993389 -3.887001514 -0.982272327 -0.023022849 -0.186040461 -39.237312317
-0.184827656 0.029878924 0.982316613 132.126937866 -0.007922297 0.999459982 -0.031890992 -3.926886797 -0.982739031 -0.013676540 -0.184491158 -39.379341125
-0.184612200 0.033720881 0.982232809 132.959350586 -0.004836134 0.999368012 -0.035218105 -3.967026949 -0.982799470 -0.011251899 -0.184332430 -39.532371521
-0.185630590 0.032212149 0.982091486 133.788955688 -0.019859871 0.999135375 -0.036525015 -4.013217926 -0.982418835 -0.026284371 -0.184830382 -39.684692383
-0.181322545 0.035098489 0.982797146 134.617874146 -0.007941321 0.999278069 -0.037152208 -4.059897423 -0.983391643 -0.014541244 -0.180912912 -39.831787109
-0.179852933 0.034339651 0.983093917 135.439498901 -0.001319937 0.999381185 -0.035150044 -4.101998329 -0.983692646 -0.007619462 -0.179696351 -39.972633362
-0.175018877 0.030574277 0.984090269 136.269271851 0.001709396 0.999525666 -0.030749828 -4.150068760 -0.984563589 -0.003699601 -0.174988091 -40.129184723
-0.173055470 0.025559278 0.984580398 137.090133667 0.006089216 0.999671817 -0.024880772 -4.194532871 -0.984893203 0.001689569 -0.173154369 -40.275657654
-0.169341534 0.025320649 0.985232055 137.900115967 0.007810110 0.999673009 -0.024349384 -4.230148792 -0.985526443 0.003571406 -0.169483945 -40.415748596
-0.163120374 0.030284183 0.986141264 138.708663940 0.001032056 0.999533415 -0.030524736 -4.270439625 -0.986605644 -0.003961449 -0.163075492 -40.546401978
-0.156250402 0.033546019 0.987147689 139.508728027 0.002765608 0.999433994 -0.033525791 -4.311287880 -0.987713635 -0.002508352 -0.156254724 -40.669273376
-0.148812860 0.033927985 0.988283157 140.304992676 0.003426111 0.999422908 -0.033794511 -4.347287178 -0.988859415 -0.001643087 -0.148843229 -40.787773132
-0.138576031 0.029511901 0.989911973 141.106536865 0.004265911 0.999564409 -0.029202480 -4.387305737 -0.990342617 0.000176114 -0.138641596 -40.891975403
-0.126807347 0.028245825 0.991525114 141.901031494 0.007801652 0.999591887 -0.027477870 -4.425209522 -0.991896689 0.004251138 -0.126975998 -40.991497040
-0.110797942 0.031445511 0.993345499 142.697143555 0.021580096 0.999339759 -0.029228227 -4.455389500 -0.993608594 0.018198056 -0.111403406 -41.081104279
-0.096368551 0.032885414 0.994802415 143.490783691 0.020694587 0.999304116 -0.031029511 -4.488717556 -0.995130599 0.017596751 -0.096982054 -41.151081085
-0.080974773 0.032611497 0.996182501 144.283401489 0.030613700 0.999074399 -0.030217739 -4.529872894 -0.996245921 0.028049953 -0.081898198 -41.219306946
-0.067187242 0.033925824 0.997163415 145.064758301 0.031193592 0.999004602 -0.031886693 -4.572500706 -0.997252584 0.028962733 -0.068178631 -41.269599915
-0.053725626 0.040482823 0.997734785 145.834747314 0.027660184 0.998854697 -0.039038833 -4.615978241 -0.998172581 0.025500139 -0.054783858 -41.303089142
-0.040672369 0.049854286 0.997927964 146.595031738 0.020936945 0.998577535 -0.049033411 -4.660056114 -0.998953104 0.018899258 -0.041658305 -41.320152283
-0.025873039 0.057883896 0.997987986 147.347869873 0.010237590 0.998285174 -0.057635721 -4.703936100 -0.999612808 0.008725783 -0.026421264 -41.342060089
-0.013740777 0.058484871 0.998193741 148.117980957 0.016528038 0.998164892 -0.058255669 -4.751399040 -0.999768972 0.015697706 -0.014682201 -41.338279724
-0.001962905 0.054334212 0.998520851 148.875335693 0.012117261 0.998450756 -0.054306574 -4.808396339 -0.999924660 0.011992740 -0.002618244 -41.331932068
0.009418606 0.052517444 0.998575568 149.646408081 -0.008863191 0.998584986 -0.052434336 -4.864980698 -0.999916375 -0.008356709 0.009870752 -41.313133240
0.017865231 0.059854642 0.998047233 150.393127441 -0.013455559 0.998130500 -0.059618782 -4.915180206 -0.999749899 -0.012364182 0.018637210 -41.282943726
0.024575854 0.067156263 0.997439742 151.152191162 -0.016851464 0.997627199 -0.066753678 -4.975712299 -0.999555945 -0.015167792 0.025649222 -41.254684448
0.027652565 0.069691367 0.997185230 151.904647827 -0.019631905 0.997412205 -0.069162816 -5.034748554 -0.999424815 -0.017664118 0.028949177 -41.224658966
0.027164772 0.066086322 0.997444212 152.671630859 -0.042032070 0.997005343 -0.064912543 -5.086701393 -0.998746872 -0.040161312 0.029861175 -41.216926575
0.025262488 0.061854836 0.997765481 153.425582886 -0.042544715 0.997246146 -0.060745463 -5.151936054 -0.998775125 -0.040915065 0.027824517 -41.190116882
0.022147991 0.058786768 0.998024821 154.186843872 -0.042513289 0.997422099 -0.057807818 -5.207732201 -0.998850405 -0.041148990 0.024590114 -41.172458649
0.019170191 0.059041325 0.998071432 154.945816040 -0.041764755 0.997430861 -0.058201246 -5.260381222 -0.998943508 -0.040568482 0.021586785 -41.161781311
0.015832635 0.058934685 0.998136282 155.687347412 -0.039944187 0.997501791 -0.058263618 -5.314257145 -0.999076426 -0.038947280 0.018147182 -41.144821167
0.011144757 0.058209736 0.998242140 156.433685303 -0.039318189 0.997557640 -0.057730857 -5.370067596 -0.999164581 -0.038605683 0.013406239 -41.130508423
0.006228057 0.058281813 0.998280764 157.162948608 -0.038364884 0.997579038 -0.058001496 -5.417282104 -0.999244392 -0.037937690 0.008448954 -41.123210907
0.000360188 0.056256104 0.998416245 157.904418945 -0.040533103 0.997596681 -0.056195304 -5.469131947 -0.999178112 -0.040448669 0.002639557 -41.117542267
-0.005419284 0.053201545 0.998569131 158.644714355 -0.038436633 0.997834682 -0.053371020 -5.528050423 -0.999246299 -0.038670864 -0.003362660 -41.117671967
-0.011028529 0.053426925 0.998510838 159.373260498 -0.038648281 0.997802615 -0.053815898 -5.578233719 -0.999191999 -0.039184235 -0.008939435 -41.122753143
-0.016584119 0.055798829 0.998304307 160.104644775 -0.038865019 0.997651041 -0.056407962 -5.626150131 -0.999106824 -0.039734595 -0.014376541 -41.145675659
-0.020379873 0.057797536 0.998120308 160.814208984 -0.038666926 0.997535169 -0.058553163 -5.684583664 -0.999044299 -0.039787546 -0.018094786 -41.157329559
-0.022756858 0.060365506 0.997916818 161.550231934 -0.046515942 0.997030437 -0.061372638 -5.739403725 -0.998658240 -0.047815695 -0.019881321 -41.167980194
-0.024598360 0.061117202 0.997827470 162.270843506 -0.035422470 0.997449398 -0.061967276 -5.795677185 -0.999069631 -0.036869805 -0.022370698 -41.186519623
-0.023328520 0.059202291 0.997973382 162.977661133 -0.031974375 0.997690141 -0.059932921 -5.849983215 -0.999216437 -0.033307720 -0.021381678 -41.210033417
-0.019182753 0.055719621 0.998262167 163.709091187 -0.024369795 0.998123169 -0.056180164 -5.902141094 -0.999518931 -0.025405133 -0.017788876 -41.225467682
-0.011304921 0.055309750 0.998405218 164.412597656 -0.023409281 0.998180747 -0.055562381 -5.956873417 -0.999661982 -0.024000078 -0.009989594 -41.234149933
-0.000281146 0.056720078 0.998390019 165.101882935 -0.026779041 0.998031676 -0.056707259 -6.012117863 -0.999641359 -0.026751872 0.001238317 -41.232540131
0.014665565 0.057175215 0.998256385 165.781402588 -0.024055066 0.998095036 -0.056812569 -6.057111740 -0.999603033 -0.023179939 0.016012982 -41.219036102
0.029608125 0.053488456 0.998129427 166.486206055 -0.023856964 0.998320580 -0.052791025 -6.112286091 -0.999276817 -0.022249294 0.030834476 -41.189872742
0.046158150 0.049162172 0.997723699 167.174407959 -0.029642770 0.998415828 -0.047824897 -6.158712387 -0.998494208 -0.027367787 0.047542334 -41.151000977
0.062152177 0.042721983 0.997151911 167.854187012 -0.028550612 0.998750687 -0.041010939 -6.197983265 -0.997658253 -0.025920378 0.063294254 -41.093132019
0.079290435 0.035144251 0.996231854 168.525604248 -0.024577282 0.999143481 -0.033290859 -6.231889725 -0.996548533 -0.021845024 0.080086283 -41.027576447
0.097306266 0.027658520 0.994870126 169.193359375 -0.025559256 0.999353409 -0.025283271 -6.265596867 -0.994926214 -0.022967918 0.097950295 -40.956375122
0.113859549 0.021546165 0.993263185 169.864181519 -0.026704056 0.999469995 -0.018619675 -6.297747612 -0.993137896 -0.024404129 0.114374571 -40.857486725
0.131325409 0.019710040 0.991143346 170.492431641 -0.022709630 0.999599874 -0.016869202 -6.319869995 -0.991079152 -0.020293146 0.131720468 -40.764450073
0.149617940 0.018238865 0.988575637 171.135437012 -0.026490634 0.999544859 -0.014431967 -6.347319603 -0.988388896 -0.024028718 0.150033012 -40.662170410
0.166512862 0.017767860 0.985879183 171.773498535 -0.027314063 0.999537110 -0.013400720 -6.363675594 -0.985660970 -0.024696978 0.166921064 -40.539787292
0.182328209 0.016764395 0.983094811 172.400970459 -0.031947933 0.999427676 -0.011117739 -6.382307053 -0.982718527 -0.029380769 0.182759479 -40.398551941
0.197072387 0.012944065 0.980303586 173.024566650 -0.033944666 0.999403358 -0.006372302 -6.401581287 -0.979801118 -0.032020275 0.197394148 -40.264583588
0.208477929 0.009258285 0.977983236 173.642013550 -0.030506346 0.999530137 -0.002959189 -6.418828011 -0.977551281 -0.029217765 0.208662391 -40.121517181
0.220012903 0.008142274 0.975463033 174.252731323 -0.028096352 0.999603212 -0.002006721 -6.432147980 -0.975092232 -0.026965450 0.220154375 -39.985874176
0.227767706 0.012752469 0.973631978 174.846160889 -0.027255336 0.999605954 -0.006716665 -6.445974350 -0.973333955 -0.025006820 0.228025526 -39.819297791
0.237145424 0.019748922 0.971273422 175.440856934 -0.032179911 0.999404430 -0.012463886 -6.467103958 -0.970941007 -0.028299740 0.237639725 -39.662307739
0.245873928 0.029595885 0.968849897 176.020370483 -0.027279314 0.999349117 -0.023604637 -6.477557659 -0.968917906 -0.020625787 0.246521220 -39.500431061
0.254480124 0.035096280 0.966440976 176.606964111 -0.021819834 0.999295175 -0.030543853 -6.498625755 -0.966831803 -0.013314772 0.255066633 -39.353073120
0.260136575 0.033577688 0.964987814 177.214599609 -0.021707512 0.999345958 -0.028921409 -6.516130447 -0.965327740 -0.013423979 0.260695308 -39.168563843
0.266205758 0.026010998 0.963565230 177.821487427 -0.024030317 0.999504209 -0.020342262 -6.534182549 -0.963616669 -0.017739549 0.266698807 -38.995243073
0.270037770 0.015141567 0.962730706 178.426147461 -0.027939323 0.999578536 -0.007884352 -6.562415123 -0.962444305 -0.024768971 0.270347059 -38.803897858
0.271007210 0.007153542 0.962550640 179.042831421 -0.025715984 0.999669254 -0.000189036 -6.574879169 -0.962233722 -0.024701709 0.271101564 -38.617530823
0.272288471 0.006944825 0.962190628 179.655654907 -0.022762271 0.999740601 -0.000774398 -6.586285591 -0.961946309 -0.021690780 0.272375971 -38.447238922
0.272220314 0.009689574 0.962186277 180.240951538 -0.022780770 0.999733925 -0.003622592 -6.600538731 -0.961965263 -0.020933198 0.272368640 -38.267116547
0.273155719 0.009723024 0.961920679 180.821960449 -0.020351784 0.999783516 -0.004326459 -6.605894566 -0.961754501 -0.018395003 0.273294508 -38.084033966
0.275895685 0.007160716 0.961160898 181.458709717 -0.021630511 0.999765217 -0.001239411 -6.612862110 -0.960944176 -0.020448452 0.275985807 -37.918712616
0.279283464 0.003275339 0.960203111 182.080657959 -0.021971742 0.999754190 0.002980422 -6.625214577 -0.959957302 -0.021929717 0.279286742 -37.742664337
0.281288803 -0.001034003 0.959622622 182.682312012 -0.022136780 0.999726295 0.007566047 -6.628586292 -0.959367812 -0.023371197 0.281188935 -37.545722961
0.285310596 -0.003328684 0.958429396 183.287017822 -0.021718485 0.999714673 0.009937351 -6.632309437 -0.958189130 -0.023650860 0.285156846 -37.357509613
0.290685028 -0.005969770 0.956800163 183.902252197 -0.018418288 0.999760270 0.011833464 -6.624626160 -0.956641495 -0.021062437 0.290505409 -37.157253265
0.298413754 -0.009204089 0.954392195 184.525665283 -0.016781271 0.999748349 0.014888569 -6.628678322 -0.954289079 -0.020458873 0.298184186 -36.955379486
0.308289081 -0.010814353 0.951231182 185.150115967 -0.014254525 0.999770582 0.015986003 -6.628878593 -0.951185822 -0.018487662 0.308064193 -36.752490997
0.319265962 -0.009145928 0.947620988 185.752136230 -0.015828855 0.999762475 0.014982115 -6.638678551 -0.947532952 -0.019783031 0.319045335 -36.538745880
0.330179751 -0.005138676 0.943904042 186.372070312 -0.017832052 0.999772787 0.011680517 -6.635333061 -0.943749607 -0.020688418 0.330013067 -36.303005219
0.342115521 -0.001908218 0.939655960 186.990417480 -0.019453784 0.999769270 0.009113140 -6.641760349 -0.939456522 -0.021397607 0.341999441 -36.071365356
0.353273541 -0.001656484 0.935518622 187.601699829 -0.017739931 0.999806702 0.008469329 -6.633882523 -0.935351849 -0.019588031 0.353175879 -35.823074341
0.364584625 -0.004696212 0.931158423 188.220657349 -0.016997265 0.999787092 0.011697423 -6.636707783 -0.931015134 -0.020091847 0.364427149 -35.578113556
0.374893486 -0.003577007 0.927061021 188.836196899 -0.023653518 0.999630094 0.013422241 -6.636404037 -0.926766217 -0.026960161 0.374670237 -35.303150177
0.386478990 -0.004316628 0.922288120 189.454132080 -0.024911672 0.999575317 0.015117441 -6.633975983 -0.921961784 -0.028818309 0.386207402 -35.045276642
0.396778494 0.001845899 0.917912543 190.067657471 -0.049786463 0.998569250 0.019512691 -6.628354549 -0.916563213 -0.053441834 0.396302700 -34.750297546
0.403789312 0.002819268 0.914847672 190.690292358 -0.053072859 0.998383224 0.020348240 -6.623761177 -0.913311243 -0.056769978 0.403286129 -34.461204529
0.407826990 0.000078906 0.913059175 191.325225830 -0.053482428 0.998285174 0.023802182 -6.619665146 -0.911491513 -0.058539800 0.407131761 -34.166587830
0.409937501 -0.003544356 0.912106752 191.964355469 -0.050937407 0.998342931 0.026772778 -6.614346504 -0.910690188 -0.057435524 0.409077585 -33.876350403
0.411059797 -0.000595288 0.911608160 192.612716675 -0.053991046 0.998228610 0.024997346 -6.606267929 -0.910008073 -0.059494097 0.410299420 -33.586280823
0.409639150 -0.000021141 0.912247658 193.264389038 -0.053068131 0.998305976 0.023853056 -6.600485802 -0.910702765 -0.058182422 0.408944130 -33.286468506
0.408799708 0.001296504 0.912623227 193.923675537 -0.049652599 0.998549402 0.020822771 -6.591279984 -0.911272466 -0.053826451 0.408271104 -32.988998413
0.409750491 -0.001783576 0.912195921 194.598617554 -0.044261631 0.998781264 0.021834813 -6.578735828 -0.911123335 -0.049322095 0.409172207 -32.705268860
0.408649117 -0.007802978 0.912658215 195.254302979 -0.041117385 0.998790741 0.026949987 -6.576291084 -0.911764920 -0.048539206 0.407834202 -32.409156799
0.407181799 -0.009564732 0.913297057 195.960494995 -0.042683925 0.998653352 0.029488724 -6.568628311 -0.912349224 -0.050990373 0.406225145 -32.095664978
0.406016529 -0.013044452 0.913772643 196.623809814 -0.040701099 0.998647809 0.032340787 -6.566983223 -0.912958980 -0.050322440 0.404936552 -31.808837891
0.405449748 -0.021957777 0.913853526 197.310928345 -0.018419260 0.999312162 0.032183230 -6.551910400 -0.913931727 -0.029881192 0.404766411 -31.494659424
0.402960092 -0.022994885 0.914928675 197.977752686 -0.019120988 0.999254525 0.033535667 -6.542552948 -0.915017784 -0.031007877 0.402220100 -31.193466187
0.401386559 -0.021413485 0.915658414 198.678039551 -0.020261247 0.999274373 0.032250609 -6.531394958 -0.915684640 -0.031497337 0.400661439 -30.880638123
0.400521278 -0.018657003 0.916097581 199.352020264 -0.019010592 0.999408185 0.028665189 -6.528870583 -0.916090310 -0.028896570 0.399929523 -30.591201782
0.399974078 -0.011797540 0.916450560 200.048049927 -0.020006727 0.999566495 0.021599200 -6.513655663 -0.916308105 -0.026974296 0.399564594 -30.287620544
0.398717105 -0.009649007 0.917023182 200.736633301 -0.018948453 0.999644518 0.018757051 -6.495491028 -0.916878104 -0.024854930 0.398392558 -29.980018616
0.396656096 -0.011814525 0.917891264 201.414031982 -0.021189922 0.999532878 0.022022346 -6.488552094 -0.917722642 -0.028185340 0.396220475 -29.679191589
0.396094084 -0.015587782 0.918077648 202.112121582 -0.021423152 0.999426842 0.026211757 -6.489199638 -0.917959988 -0.030050434 0.395533055 -29.381217957
0.393205255 -0.014666411 0.919333816 202.782592773 -0.025881754 0.999300063 0.027011935 -6.487991810 -0.919086337 -0.034415200 0.392550409 -29.088195801
0.388876319 -0.016037753 0.921150386 203.504425049 -0.026816444 0.999227762 0.028718054 -6.490570545 -0.920899630 -0.035869744 0.388145953 -28.766067505
0.381652504 -0.016931307 0.924150825 204.201522827 -0.026950706 0.999203265 0.029436350 -6.481345177 -0.923912883 -0.036140971 0.380892187 -28.472473145
0.373263359 -0.017551752 0.927559376 204.895828247 -0.026646141 0.999205709 0.029630274 -6.475445747 -0.927342653 -0.035775773 0.372499198 -28.195541382
0.363183051 -0.016608382 0.931569695 205.580444336 -0.024356043 0.999330163 0.027311925 -6.478012085 -0.931399405 -0.032608580 0.362535298 -27.939483643
0.353119433 -0.014891398 0.935459614 206.286941528 -0.023232145 0.999425411 0.024679374 -6.468791485 -0.935289741 -0.030447507 0.352570534 -27.664520264
0.342101306 -0.014821107 0.939546108 206.986160278 -0.025109306 0.999374330 0.024907513 -6.451182842 -0.939327538 -0.032112245 0.341515124 -27.418594360
0.330527812 -0.022018293 0.943539321 207.697647095 -0.022051023 0.999274731 0.031043539 -6.446009159 -0.943538606 -0.031066760 0.329802543 -27.170047760
0.321417212 -0.030913200 0.946433008 208.416076660 -0.017366841 0.999106526 0.038531601 -6.440265179 -0.946778476 -0.028821275 0.320593148 -26.927497864
