0.999995589 -0.002590093 -0.001428066 0.004327658 0.002594250 0.999992371 0.002916645 -0.020807784 0.001420501 -0.002920337 0.999994755 1.543598771
0.999993622 -0.002579917 -0.002460834 -0.013342841 0.002588672 0.999990284 0.003561538 -0.035525206 0.002451622 -0.003567885 0.999990642 3.072538137
0.999993324 -0.001515892 -0.003322258 -0.052663811 0.001523282 0.999996364 0.002222612 -0.015423384 0.003318877 -0.002227658 0.999992013 4.587794304
0.999975324 -0.001836873 0.006781854 0.004745200 0.001846339 0.999997318 -0.001389723 -0.104385063 -0.006779286 0.001402210 0.999976158 6.072230816
0.999978065 -0.002233634 0.006239919 -0.022108831 0.002246229 0.999995410 -0.002012089 -0.103015751 -0.006235396 0.002026061 0.999978483 7.592548847
0.999981701 -0.002660943 0.005422133 -0.052399237 0.002671615 0.999994636 -0.001962018 -0.121085078 -0.005416882 0.001976468 0.999983370 9.080020905
0.999986649 -0.004228456 0.002969225 -0.110909961 0.004235030 0.999988556 -0.002211815 -0.130285725 -0.002959838 0.002224360 0.999993265 10.582035065
0.999978244 -0.005853504 0.003003697 -0.150634810 0.005858908 0.999981225 -0.001793843 -0.153530955 -0.002993140 0.001811403 0.999993861 12.072858810
0.999973655 -0.005406355 0.004827772 -0.163933575 0.005417350 0.999982774 -0.002267514 -0.191551864 -0.004815430 0.002293608 0.999985695 13.569808960
0.999976039 -0.005017042 0.004772920 -0.189787745 0.005029135 0.999984145 -0.002525454 -0.213137627 -0.004760174 0.002549397 0.999985397 15.034863472
0.999930561 -0.002896019 0.011424438 -0.382627666 0.002930796 0.999991119 -0.003028564 -0.205228448 -0.011415564 0.003061836 0.999930084 16.462543488
0.999977529 -0.001739522 0.006465847 -0.275802881 0.001750394 0.999997079 -0.001676248 -0.246907860 -0.006462916 0.001687528 0.999977708 17.933650970
0.999952435 -0.001587283 0.009622484 -0.346498966 0.001599706 0.999997973 -0.001283559 -0.261606246 -0.009620428 0.001298891 0.999952853 19.373327255
0.999971569 -0.000341094 0.007532208 -0.226363063 0.000342815 1.000000000 -0.000227168 -0.324887216 -0.007532130 0.000229744 0.999971628 20.828983307
0.999951124 -0.000715855 0.009859916 -0.244438484 0.000702492 0.999998868 0.001358720 -0.385978878 -0.009860873 -0.001351727 0.999950469 22.331218719
0.999966741 0.001795664 0.007952789 -0.194619372 -0.001797329 0.999998331 0.000202243 -0.347468346 -0.007952416 -0.000216530 0.999968350 23.751239777
0.999922872 0.002836520 0.012088743 -0.241350561 -0.002853535 0.999994874 0.001390432 -0.365092069 -0.012084739 -0.001424821 0.999925911 25.164068222
0.999947131 0.004880089 0.009052726 -0.176449060 -0.004892326 0.999987125 0.001330169 -0.398816854 -0.009046119 -0.001374388 0.999958098 26.537128448
0.999884844 0.006069691 0.013918345 -0.239364654 -0.006052667 0.999980807 -0.001264934 -0.405619562 -0.013925754 0.001180545 0.999902308 27.924116135
0.999935329 0.003685857 0.010759491 -0.192090929 -0.003675446 0.999992907 -0.000987219 -0.432910860 -0.010763058 0.000947609 0.999941647 29.286901474
0.999900818 0.003655238 0.013599500 -0.225133389 -0.003683099 0.999991238 0.002024187 -0.457379043 -0.013591981 -0.002074075 0.999905527 30.567800522
0.999922097 -0.000113405 0.012480189 -0.223495811 0.000085054 0.999997437 0.002272169 -0.472000957 -0.012480422 -0.002270931 0.999919534 31.922183990
0.999881268 -0.003395566 0.015034765 -0.244544417 0.003384383 0.999993980 0.000769236 -0.502177417 -0.015037285 -0.000718261 0.999886692 33.227760315
0.999986887 -0.004162055 0.002975285 -0.584031105 0.004155675 0.999989033 0.002147367 -0.448276222 -0.002984191 -0.002134974 0.999993205 36.168827057
0.999965549 -0.000229777 0.008284221 -0.650620222 0.000230978 0.999999940 -0.000144000 -0.437725753 -0.008284192 0.000145909 0.999965668 37.435192108
0.999981403 -0.003622497 -0.004906661 -0.686180830 0.003639603 0.999987304 0.003481700 -0.487559140 0.004893993 -0.003499496 0.999981880 39.005485535
0.999992788 -0.003792850 -0.000025045 -0.735310018 0.003792928 0.999980628 0.004932831 -0.513083398 0.000006338 -0.004932890 0.999987781 40.270446777
0.999995887 -0.002765351 -0.000721172 -0.737738967 0.002770095 0.999973953 0.006662961 -0.526569307 0.000702728 -0.006664931 0.999977529 41.694004059
0.999979138 -0.003826475 0.005205286 -0.786297321 0.003786427 0.999963343 0.007682042 -0.533797264 -0.005234490 -0.007662172 0.999956906 42.943206787
0.999984205 -0.002939296 0.004778653 -0.777278304 0.002900501 0.999962926 0.008105230 -0.544446111 -0.004802300 -0.008091243 0.999955654 44.272392273
0.999929249 -0.003474735 0.011372204 -0.798973739 0.003392719 0.999968231 0.007223281 -0.557433963 -0.011396942 -0.007184189 0.999909222 45.464008331
0.999880552 -0.003356994 0.015081516 -0.909477413 0.003283958 0.999982774 0.004864966 -0.539652467 -0.015097588 -0.004814859 0.999874353 46.800628662
0.999782205 -0.003372487 0.020595117 -0.901118398 0.003309190 0.999989688 0.003106722 -0.546919525 -0.020605387 -0.003037891 0.999783039 47.930892944
0.999700487 -0.002895238 0.024301462 -0.919028997 0.002751584 0.999978542 0.005942693 -0.638092935 -0.024318149 -0.005874047 0.999686956 49.173805237
0.999440372 -0.002913772 0.033323992 -0.922096372 0.002740040 0.999982417 0.005257904 -0.637560487 -0.033338718 -0.005163653 0.999430716 50.317985535
0.999337971 -0.001273604 0.036357865 -0.833574176 0.001182067 0.999996066 0.002539065 -0.597320676 -0.036360957 -0.002494405 0.999335527 51.601806641
0.998962939 -0.001020619 0.045518499 -0.800792217 0.000900192 0.999996006 0.002666095 -0.614748836 -0.045521043 -0.002622354 0.998959839 52.711185455
0.998543084 0.001819943 0.053928100 -0.764135599 -0.002130470 0.999981463 0.005701247 -0.675584614 -0.053916711 -0.005807832 0.998528659 53.945453644
0.997750521 0.003640545 0.066937886 -0.747755289 -0.004103113 0.999968648 0.006774221 -0.701241374 -0.066911131 -0.007033635 0.997734129 54.986900330
0.996909678 0.006249463 0.078307591 -0.638887405 -0.006770281 0.999956608 0.006387183 -0.702216625 -0.078264281 -0.006897608 0.996908784 56.185657501
0.995769501 0.005450717 0.091725193 -0.541163921 -0.006047235 0.999962330 0.006226648 -0.726233065 -0.091687791 -0.006754989 0.995764911 57.025379181
0.993822873 0.011416676 0.110389166 -0.506820679 -0.012655324 0.999864638 0.010526584 -0.775542676 -0.110254034 -0.011858572 0.993832707 58.204952240
0.991677105 0.009749015 0.128380790 -0.401944160 -0.011154812 0.999885380 0.010235734 -0.771905899 -0.128266275 -0.011582606 0.991672158 59.126842499
0.989012241 0.010974021 0.147425666 -0.239239693 -0.012664690 0.999864280 0.010534130 -0.791854084 -0.147290096 -0.012285484 0.989017010 60.287193298
0.985798061 0.009659448 0.167657167 -0.100090027 -0.011378078 0.999891937 0.009293251 -0.795572102 -0.167549312 -0.011068883 0.985801578 61.151679993
0.981907725 0.006812042 0.189237505 0.076882362 -0.008613244 0.999925017 0.008697418 -0.794424593 -0.189164087 -0.010170011 0.981892765 62.130134583
0.977706432 0.001729711 0.209969088 0.325932503 -0.004183595 0.999928057 0.011243283 -0.804046869 -0.209934488 -0.011871057 0.977643371 63.264057159
0.972351134 -0.003402351 0.233498782 0.534275055 0.000345811 0.999913752 0.013129864 -0.816905439 -0.233523324 -0.012686092 0.972268403 64.146827698
0.966436327 -0.007711681 0.256790459 0.809569359 0.004646590 0.999910593 0.012540795 -0.797045231 -0.256864250 -0.010926680 0.966385722 65.120986938
0.959480822 -0.013589744 0.281446069 1.066423416 0.010939046 0.999879897 0.010987209 -0.804112375 -0.281561494 -0.007463266 0.959514081 65.958641052
0.951372027 -0.017748024 0.307532609 1.329423904 0.014944067 0.999822617 0.011470356 -0.806028843 -0.307681590 -0.006316788 0.951468468 66.763397217
0.942184210 -0.019505948 0.334527194 1.694906235 0.015474305 0.999772131 0.014712865 -0.816595733 -0.334737957 -0.008685652 0.942271233 67.817680359
0.931924462 -0.023932232 0.361861914 1.998754501 0.018941004 0.999670327 0.017334664 -0.812913656 -0.362157464 -0.009300568 0.932070613 68.595298767
0.920314491 -0.026304109 0.390293956 2.399311066 0.021349745 0.999627054 0.017027728 -0.810939312 -0.390596241 -0.007338188 0.920532823 69.535202026
0.907871068 -0.025707500 0.418460637 2.754709244 0.022249624 0.999666035 0.013141327 -0.809126973 -0.418658674 -0.002620039 0.908139825 70.275093079
0.893974304 -0.026680570 0.447323382 3.143829346 0.025939623 0.999633133 0.007782805 -0.810515821 -0.447367013 0.004645774 0.894338429 71.060485840
0.878965139 -0.028694894 0.476022154 3.530878067 0.029616525 0.999545813 0.005566917 -0.823499799 -0.475965738 0.009204999 0.879415691 71.809677124
0.862778664 -0.029191062 0.504738450 4.092161179 0.028625859 0.999550760 0.008876227 -0.824416578 -0.504770815 0.006790352 0.863226712 72.738433838
0.844241917 -0.027311414 0.535266042 4.544210434 0.023505526 0.999626577 0.013931148 -0.811884642 -0.535446703 0.000820451 0.844568670 73.475357056
0.824213266 -0.028265873 0.565573692 5.046028137 0.021855619 0.999597132 0.018106923 -0.824433804 -0.565857589 -0.002563004 0.824499011 74.182388306
0.802177787 -0.021817649 0.596686542 5.624107361 0.017593162 0.999761939 0.012903946 -0.823803008 -0.596826017 0.000146344 0.802370667 74.962722778
0.779446483 -0.014771948 0.626294672 6.148143768 0.014483001 0.999879599 0.005558803 -0.822711110 -0.626301289 0.004737836 0.779566705 75.631622314
0.756497800 -0.012415672 0.653878391 6.699779510 0.013424877 0.999903858 0.003454139 -0.828092694 -0.653858423 0.006165189 0.756591737 76.270126343
0.732625902 -0.014463592 0.680477798 7.286125183 0.013966262 0.999883115 0.006216008 -0.820213079 -0.680488229 0.004949724 0.732742190 76.892944336
0.707534909 -0.015488551 0.706508636 7.974628448 0.014809538 0.999865234 0.007088662 -0.840439200 -0.706523180 0.005447591 0.707668900 77.593574524
0.681828976 -0.013183208 0.731392860 8.590225220 0.015524629 0.999873221 0.003549934 -0.834856093 -0.731346965 0.008934154 0.681947052 78.160827637
0.654945612 -0.010594221 0.755601823 9.217929840 0.014734726 0.999890745 0.001247508 -0.846710265 -0.755532384 0.010316536 0.655030131 78.707336426
0.649691403 -0.006118501 0.760173440 9.827335358 0.025125744 0.999594092 -0.013428462 -1.110592604 -0.759782732 0.027824279 0.649581432 79.910446167
0.621794105 -0.004658313 0.783166945 10.497920990 0.025144186 0.999585509 -0.014017606 -1.139890671 -0.782777011 0.028408159 0.621653557 80.442489624
0.592831373 0.001990910 0.805324197 11.184497833 0.024350522 0.999495327 -0.020396331 -1.155104995 -0.804958403 0.031701647 0.592483759 80.972366333
0.564620614 0.010539028 0.825283289 11.951766968 0.026012760 0.999194443 -0.030556636 -1.197782397 -0.824940562 0.038720798 0.563891649 81.536743164
0.533912063 0.019232828 0.845321238 12.681507111 0.024928136 0.998948753 -0.038472991 -1.226336837 -0.845172524 0.041613482 0.532871246 82.000686646
0.502219915 0.023534983 0.864419580 13.454723358 0.022401752 0.998939931 -0.040212698 -1.285847783 -0.864449739 0.039560132 0.501160324 82.462463379
0.468536198 0.023642913 0.883127868 14.334440231 0.020303298 0.999089658 -0.037519161 -1.314522266 -0.883210957 0.035509489 0.467629671 82.958564758
0.435162961 0.022702770 0.900065482 15.141614914 0.016048532 0.999327660 -0.032965638 -1.348257422 -0.900208712 0.028790154 0.434505999 83.372016907
0.400887370 0.024207406 0.915807545 15.969831467 0.012727832 0.999407172 -0.031988695 -1.373882055 -0.916038990 0.024480104 0.400341570 83.745498657
0.362685382 0.030086093 0.931425869 16.925600052 0.018397450 0.999052763 -0.039434250 -1.337246895 -0.931730032 0.031438086 0.361788273 84.253204346
0.327018708 0.031738877 0.944484711 17.794248581 0.013908261 0.999165893 -0.038392011 -1.384398341 -0.944915473 0.025691045 0.326304525 84.560913086
0.290428340 0.032305140 0.956351280 18.713932037 0.016410457 0.999114811 -0.038733266 -1.402076006 -0.956755936 0.026943408 0.289641082 84.869056702
0.254500121 0.031847853 0.966548204 19.611572266 0.016424829 0.999171138 -0.037247572 -1.444650412 -0.966933250 0.025354903 0.253766000 85.103355408
0.218438566 0.030922916 0.975360751 20.527086258 0.017553445 0.999211550 -0.035610303 -1.490004539 -0.975692868 0.024899604 0.217723578 85.314895630
0.183101937 0.030071748 0.982633889 21.551239014 0.019234074 0.999231160 -0.034163713 -1.534141183 -0.982905746 0.025155496 0.182382733 85.505203247
0.149016246 0.028846780 0.988413811 22.493503571 0.027912179 0.999053419 -0.033365414 -1.578659058 -0.988440812 0.032560773 0.148069978 85.633132935
0.111197226 0.034288343 0.993206680 23.484407425 0.026591411 0.998944044 -0.037463527 -1.619783759 -0.993442655 0.030576602 0.110168025 85.769088745
0.078838795 0.038919594 0.996127367 24.429868698 0.028148724 0.998752177 -0.041249987 -1.665521860 -0.996489942 0.031291813 0.077644892 85.842536926
0.048580825 0.043587841 0.997867703 25.533800125 0.033529833 0.998413086 -0.045244053 -1.708355904 -0.998256266 0.035656337 0.047042243 85.895195007
0.023033435 0.041849326 0.998858392 26.495605469 0.035658725 0.998453319 -0.042654641 -1.750276327 -0.999098599 0.036600504 0.021505514 85.918594360
0.000597161 0.038950164 0.999240994 27.524332047 0.037173033 0.998549640 -0.038945429 -1.800222754 -0.999308646 0.037168074 -0.000851597 85.916572571
-0.018315090 0.036274381 0.999173999 28.489109039 0.037193291 0.998674631 -0.035574485 -1.844707489 -0.999140203 0.036511019 -0.019639976 85.898208618
-0.035600968 0.039571978 0.998582304 29.530931473 0.038938444 0.998511910 -0.038180966 -1.897471309 -0.998607337 0.037523959 -0.037088860 85.874183655
-0.050200641 0.043863237 0.997775555 30.502038956 0.041402448 0.998267710 -0.041801814 -1.939275980 -0.997880757 0.039211869 -0.051929727 85.825317383
-0.061742391 0.049242649 0.996876657 31.512172699 0.045833964 0.997868419 -0.046452876 -1.988878131 -0.997039199 0.042822696 -0.063867770 85.742912292
-0.070744343 0.052586466 0.996107399 32.478527069 0.051270824 0.997481167 -0.049017694 -2.038021326 -0.996176004 0.047603525 -0.073262289 85.670776367
-0.076367632 0.057761438 0.995405257 33.462070465 0.055414990 0.997023404 -0.053603906 -2.097713947 -0.995538592 0.051066767 -0.079341166 85.586143494
-0.079664178 0.062696330 0.994848073 34.445682526 0.057294771 0.996658206 -0.058222424 -2.157647610 -0.995173752 0.052361354 -0.082990125 85.501449585
-0.083041728 0.067181870 0.994278967 35.482166290 0.058148958 0.996351719 -0.062465351 -2.218207598 -0.994848132 0.052629065 -0.086645313 85.409431458
-0.085365988 0.069962844 0.993890345 36.496315002 0.058834467 0.996144831 -0.065068215 -2.291644335 -0.994611084 0.052920394 -0.089153126 85.316688538
-0.087897718 0.073341638 0.993425906 37.480953217 0.060518675 0.995836854 -0.068164989 -2.366806746 -0.994289398 0.054129269 -0.091970332 85.226928711
-0.089791924 0.076801047 0.992994964 38.496246338 0.060556076 0.995598793 -0.071526624 -2.448351383 -0.994117916 0.053709369 -0.094047502 85.126419067
-0.091437206 0.078453206 0.992715657 39.475330353 0.064993441 0.995236397 -0.072665989 -2.515046835 -0.993687630 0.057875630 -0.096100576 85.023513794
-0.093649246 0.077328198 0.992597640 40.503482819 0.064700067 0.995344400 -0.071437880 -2.593808889 -0.993500769 0.057531029 -0.098216400 84.925201416
-0.096480384 0.076886646 0.992360771 41.520008087 0.063336350 0.995465577 -0.070969447 -2.679944754 -0.993317723 0.056005355 -0.100912616 84.831085205
-0.099005990 0.078188248 0.992010355 42.583644867 0.063583739 0.995368063 -0.072107039 -2.770461559 -0.993053317 0.055936713 -0.103518903 84.730369568
-0.100546017 0.079409763 0.991758347 43.565254211 0.062947705 0.995320439 -0.073313244 -2.864041328 -0.992939055 0.055057563 -0.105074175 84.601486206
-0.103361763 0.082107820 0.991249084 44.630462646 0.060583360 0.995256364 -0.076122478 -2.937452078 -0.992797017 0.052185044 -0.107845806 84.483093262
-0.105677642 0.084726848 0.990784287 45.643409729 0.059023824 0.995141327 -0.078803912 -3.043352842 -0.992647111 0.050152067 -0.110165074 84.394180298
-0.107484005 0.088592954 0.990251720 46.650863647 0.055916362 0.994984090 -0.082947038 -3.128814459 -0.992633104 0.046455793 -0.111898668 84.260520935
-0.110240094 0.090776458 0.989750803 47.709014893 0.053812120 0.994904876 -0.085255481 -3.220850706 -0.992447197 0.043862011 -0.114563279 84.141197205
-0.111876756 0.089687958 0.989666462 48.751689911 0.052297939 0.995069981 -0.084265612 -3.302542448 -0.992344975 0.042330157 -0.116015695 83.997184753
-0.114630826 0.085604183 0.989712954 49.815452576 0.049830645 0.995521545 -0.080335088 -3.393978119 -0.992157578 0.040109154 -0.118383177 83.866470337
-0.116934575 0.083634630 0.989611804 50.894058228 0.049646497 0.995694339 -0.078282349 -3.492989302 -0.991897941 0.039976850 -0.120583236 83.722282410
-0.119508527 0.084421717 0.989237487 51.997219086 0.048992455 0.995665967 -0.079051606 -3.577431917 -0.991623640 0.039017837 -0.123126596 83.614067078
-0.121781573 0.087587744 0.988684893 52.961990356 0.048267100 0.995442986 -0.082241163 -3.663178444 -0.991382658 0.037705485 -0.125454232 83.505523682
-0.121393755 0.090974316 0.988426626 54.057086945 0.048813496 0.995133460 -0.085596569 -3.748723745 -0.991403461 0.037857667 -0.125243753 83.340171814
-0.122442842 0.090754360 0.988317370 55.074729919 0.048234276 0.995177805 -0.085408561 -3.856092215 -0.991302729 0.037213113 -0.126229867 83.232582092
-0.122248299 0.089927815 0.988417029 56.177394867 0.044269927 0.995389640 -0.085086837 -3.942847729 -0.991511703 0.033355437 -0.125665784 83.091339111
-0.122431673 0.088726498 0.988502979 57.248706818 0.041222431 0.995590925 -0.084257089 -4.058542252 -0.991620600 0.030432755 -0.125549361 82.973266602
-0.122675650 0.089813530 0.988374531 58.348407745 0.037632138 0.995601475 -0.085799403 -4.161619663 -0.991733134 0.026669152 -0.125515938 82.854881287
-0.123215899 0.090340197 0.988259315 59.406188965 0.033333477 0.995662630 -0.086860947 -4.249542236 -0.991819918 0.022239471 -0.125692815 82.724082947
-0.123808920 0.089303061 0.988279521 60.494232178 0.029147884 0.995839715 -0.086334653 -4.359997749 -0.991877794 0.018117255 -0.125896856 82.603080750
-0.124018922 0.084627904 0.988664448 61.594215393 0.030192079 0.996217012 -0.081487067 -4.446824074 -0.991820395 0.019743895 -0.126104876 82.464492798
-0.124747105 0.075894751 0.989281595 62.687843323 0.033884533 0.996814430 -0.072199866 -4.535888672 -0.991609812 0.024514623 -0.126921371 82.337936401
-0.123779900 0.070012100 0.989836752 63.765655518 0.039378695 0.997068703 -0.065599285 -4.630304337 -0.991528034 0.030858601 -0.126174018 82.172935486
-0.123121604 0.072500780 0.989739716 64.882324219 0.047430281 0.996617973 -0.067104399 -4.708614826 -0.991257489 0.038681630 -0.126143903 82.024391174
-0.123169899 0.078173943 0.989301801 65.955520630 0.052958034 0.995989740 -0.072109058 -4.784854889 -0.990971565 0.043509815 -0.126815900 81.886581421
-0.122626200 0.083684243 0.988918543 67.053497314 0.056079697 0.995430827 -0.077281423 -4.874010563 -0.990867198 0.045981530 -0.126758873 81.745140076
-0.121506356 0.088551514 0.988632798 68.167121887 0.057525069 0.994966865 -0.082048811 -4.956060410 -0.990922332 0.046901718 -0.125988707 81.600898743
-0.121686570 0.085586652 0.988871753 69.275642395 0.054064266 0.995367944 -0.079495966 -5.051880836 -0.991095126 0.043789025 -0.125750080 81.462516785
-0.121807180 0.080978543 0.989244878 70.453765869 0.054596707 0.995704114 -0.074784696 -5.150207043 -0.991051018 0.044900209 -0.125705063 81.334854126
-0.122283302 0.078743868 0.989366472 71.599487305 0.052937221 0.995946169 -0.072724618 -5.250208855 -0.991082489 0.043481316 -0.125956044 81.198165894
-0.121074736 0.079739779 0.989435434 72.661941528 0.051544569 0.995928526 -0.073955692 -5.323097706 -0.991304159 0.042045850 -0.124691948 81.053131104
-0.120316327 0.085362747 0.989058733 73.807739258 0.052627768 0.995443761 -0.079511784 -5.414462090 -0.991339564 0.042485394 -0.124260589 80.893959045
-0.120552480 0.088622443 0.988743186 74.949890137 0.051311787 0.995231926 -0.082947865 -5.497464180 -0.991379917 0.040734604 -0.124525070 80.785438538
-0.120338283 0.086750083 0.988935351 76.076499939 0.052465137 0.995338142 -0.080927536 -5.603929043 -0.991345584 0.042145941 -0.124328651 80.660713196
-0.117989801 0.081126772 0.989695251 77.339004517 0.054120947 0.995701134 -0.075166874 -5.692594051 -0.991538882 0.044694319 -0.121873237 80.458869934
-0.118345968 0.079738259 0.989765584 78.489852905 0.054309577 0.995798349 -0.073730484 -5.780459404 -0.991486132 0.045028049 -0.122179240 80.321083069
-0.117015541 0.082222223 0.989720523 79.673858643 0.050700385 0.995762050 -0.076729767 -5.904917717 -0.991835177 0.041200630 -0.120688319 80.158424377
-0.115839258 0.085205041 0.989606619 80.850105286 0.049957864 0.995552719 -0.079869136 -6.001157284 -0.992010832 0.040186647 -0.119580731 80.004158020
-0.115813650 0.085692048 0.989567518 82.021919250 0.049043216 0.995549798 -0.080470324 -6.074073792 -0.992059410 0.039212015 -0.119500853 79.871208191
-0.116495311 0.081515163 0.989840448 83.144210815 0.048867896 0.995889544 -0.076261990 -6.185911655 -0.991988301 0.039487261 -0.119999923 79.758666992
-0.114632227 0.080618307 0.990131319 84.338546753 0.048942711 0.995949566 -0.075425699 -6.282761574 -0.992201626 0.039813492 -0.118113600 79.598434448
-0.108866073 0.076801933 0.991085172 85.516647339 0.069733769 0.995144725 -0.069456592 -6.006455898 -0.991607487 0.061550632 -0.113693215 79.350395203
-0.107377008 0.077305607 0.991208315 86.704544067 0.072667211 0.994916201 -0.069722779 -6.087866306 -0.991559267 0.064541720 -0.112448692 79.207504272
-0.110875942 0.067321762 0.991551459 87.890563965 0.074460961 0.995461524 -0.059260961 -6.319223881 -0.991040826 0.067261264 -0.115385607 79.150108337
-0.108139269 0.068110898 0.991799831 89.100120544 0.076376900 0.995270729 -0.060021635 -6.391419888 -0.991197467 0.069259882 -0.112829968 78.982292175
-0.111002333 0.059574623 0.992033064 90.343269348 0.077236503 0.995699704 -0.051152553 -6.574238777 -0.990814328 0.070943102 -0.115126342 78.903404236
-0.109593578 0.058709361 0.992241144 91.575271606 0.075598016 0.995855093 -0.050573360 -6.644609451 -0.991097450 0.069468945 -0.113577634 78.760559082
-0.108467296 0.057653427 0.992426753 92.752090454 0.076925248 0.995810211 -0.049442437 -6.716005325 -0.991119266 0.070979789 -0.112447843 78.628158569
-0.106605135 0.058641590 0.992570639 93.968994141 0.075244509 0.995872617 -0.050755188 -6.785310745 -0.991450191 0.069274716 -0.110577598 78.494323730
-0.105791226 0.061598703 0.992478609 95.169372559 0.074818097 0.995743454 -0.053826246 -6.844865322 -0.991569638 0.068561025 -0.109949604 78.372879028
-0.104757167 0.059749760 0.992701292 96.454315186 0.073676683 0.995916784 -0.052168380 -6.909357548 -0.991764903 0.067673929 -0.108731598 78.235626221
-0.104318075 0.058406822 0.992827475 97.665596008 0.070087068 0.996223867 -0.051242467 -6.978040695 -0.992071331 0.064238846 -0.108017735 78.109764099
-0.106023997 0.057577644 0.992695153 98.931976318 0.067272842 0.996450186 -0.050610412 -7.047102451 -0.992085338 0.061415508 -0.109521039 77.985527039
-0.106575757 0.056777474 0.992682219 100.159904480 0.065011546 0.996629953 -0.050023545 -7.112833977 -0.992176950 0.059204504 -0.109907769 77.859375000
-0.107688300 0.053088255 0.992766380 101.361206055 0.061965507 0.996990204 -0.046592567 -7.192798615 -0.992251754 0.056499794 -0.110653818 77.725585938
-0.109460510 0.051185131 0.992672324 102.618438721 0.059771840 0.997204959 -0.044827901 -7.263369560 -0.992192388 0.054426972 -0.112213999 77.597137451
-0.109808736 0.050864805 0.992650330 103.788848877 0.057304814 0.997352540 -0.044766586 -7.313695908 -0.992299438 0.051967885 -0.112432815 77.454521179
-0.111587800 0.051048145 0.992442548 105.025993347 0.058344901 0.997293591 -0.044737503 -7.378714561 -0.992040277 0.052911796 -0.114264198 77.313270569
-0.114240058 0.049849711 0.992201686 106.215339661 0.056550004 0.997447193 -0.043602202 -7.431695938 -0.991842330 0.051127896 -0.116767421 77.188156128
-0.117911004 0.044744998 0.992015541 107.468261719 0.054324672 0.997778952 -0.038547922 -7.491982460 -0.991537094 0.049345698 -0.120079882 77.055358887
-0.120906867 0.045964714 0.991599023 108.565948486 0.056777675 0.997612238 -0.039320480 -7.531624794 -0.991038740 0.051546566 -0.123227939 76.926368713
-0.127219528 0.052330241 0.990493178 109.817848206 0.050625540 0.997648239 -0.046205882 -7.588689327 -0.990581691 0.044265959 -0.129569620 76.799613953
-0.133215159 0.055657711 0.989523113 110.951408386 0.053181767 0.997384965 -0.048940267 -7.642701149 -0.989659250 0.046104994 -0.135826796 76.623260498
-0.141992807 0.051811703 0.988510847 112.187652588 0.055301778 0.997484684 -0.044338342 -7.702448845 -0.988321722 0.048370678 -0.144500941 76.438438416
-0.153011724 0.049167141 0.987000465 113.321701050 0.056534763 0.997561336 -0.040928807 -7.774411678 -0.986605942 0.049537253 -0.155418217 76.264183044
-0.165767327 0.050399467 0.984876156 114.537261963 0.056286115 0.997548759 -0.041574277 -7.829267502 -0.984557390 0.048543196 -0.168197781 76.062202454
-0.179596871 0.049296308 0.982504368 115.594589233 0.057498761 0.997562170 -0.039541334 -7.900818348 -0.982058465 0.049391288 -0.181993559 75.859130859
-0.195281148 0.047105424 0.979615510 116.718994141 0.057411179 0.997682035 -0.036529563 -7.952275276 -0.979065478 0.049107332 -0.197532907 75.697921753
-0.210883752 0.049564041 0.976253748 117.907165527 0.060461689 0.997462869 -0.037580296 -8.013196945 -0.975639403 0.051100884 -0.213345394 75.453002930
-0.222996101 0.052244511 0.973418355 118.929145813 0.059740946 0.997418404 -0.039846823 -8.064783096 -0.972986996 0.049267244 -0.225541517 75.130599976
-0.238389745 0.056036975 0.969551563 120.110153198 0.059836820 0.997284651 -0.042927403 -8.126744270 -0.969324470 0.047781426 -0.241095543 74.858940125
-0.253316343 0.054584995 0.965842187 121.153060913 0.055818807 0.997568130 -0.041738115 -8.170389175 -0.965771735 0.043339211 -0.255747199 74.546913147
-0.269605428 0.047889914 0.961779296 122.312515259 0.048345022 0.998176277 -0.036150180 -8.242389679 -0.961756527 0.036750957 -0.271429002 74.249000549
-0.286090821 0.044297557 0.957177997 123.465065002 0.044535309 0.998465955 -0.032897182 -8.283768654 -0.957166910 0.033216640 -0.287624806 73.935234070
-0.301270604 0.045736529 0.952441156 124.604644775 0.041402247 0.998534441 -0.034853835 -8.331806183 -0.952639401 0.028932771 -0.302722722 73.610214233
-0.315180540 0.047979105 0.947818160 125.705024719 0.041236561 0.998470366 -0.036830641 -8.376891136 -0.948135376 0.027476458 -0.316676915 73.246292114
-0.330607921 0.047887973 0.942552447 126.779197693 0.040429946 0.998513520 -0.036550052 -8.489121437 -0.942901790 0.026023606 -0.332052618 72.936492920
-0.345128983 0.047842067 0.937335074 127.858093262 0.042272352 0.998478889 -0.035398088 -8.542280197 -0.937602758 0.027406460 -0.346626431 72.552474976
-0.369974166 0.072199665 0.926232338 131.082183838 0.065811507 0.996507823 -0.051389895 -9.534933090 -0.926708162 0.041943807 -0.373433679 71.622070312
-0.384523511 0.071393646 0.920350313 132.145080566 0.065183833 0.996616066 -0.050075870 -9.596776962 -0.920810997 0.040736604 -0.387876004 71.182968140
-0.399275154 0.078531049 0.913461685 133.045349121 0.068603456 0.996090770 -0.055648096 -9.645889282 -0.914260805 0.040447734 -0.403101832 70.822891235
-0.414147884 0.080890186 0.906608224 134.078521729 0.068922505 0.995970488 -0.057378866 -9.712140083 -0.907596350 0.038722366 -0.418054283 70.357101440
-0.428685427 0.074387759 0.900386155 135.247070312 0.062745698 0.996649504 -0.052466769 -9.823232651 -0.901272237 0.034003619 -0.431916654 69.776718140
-0.443002254 0.077663042 0.893150330 136.255752563 0.066855364 0.996328652 -0.053474579 -9.886728287 -0.894024193 0.036022529 -0.446568072 69.279716492
-0.457517654 0.087928854 0.884842455 137.216857910 0.070877783 0.995538771 -0.062280856 -9.935520172 -0.886371195 0.034221079 -0.461708754 68.798629761
-0.471580654 0.091221690 0.877091944 138.200134277 0.073710546 0.995231807 -0.063877292 -10.002713203 -0.878736794 0.034527630 -0.476056099 68.249427795
-0.485523969 0.090286441 0.869548619 139.342636108 0.072914213 0.995369256 -0.062637955 -10.080476761 -0.871177375 0.032990228 -0.489858717 67.578689575
-0.501796603 0.086487010 0.860651016 140.349517822 0.071077511 0.995746732 -0.058621552 -10.150184631 -0.862060428 0.031756833 -0.505809605 67.000083923
-0.513731182 0.089182183 0.853303432 141.373565674 0.072518781 0.995537162 -0.060387693 -10.217477798 -0.854880869 0.030857489 -0.517905831 66.328948975
-0.529601932 0.088407949 0.843626559 142.380310059 0.070918851 0.995686591 -0.059822492 -10.288198471 -0.845276356 0.028146919 -0.533587396 65.707946777
-0.545648158 0.086790077 0.833508015 143.354766846 0.069423802 0.995885193 -0.058250178 -10.365330696 -0.835133731 0.026081188 -0.549428284 65.072387695
-0.560298204 0.086947516 0.823714793 144.358718872 0.068901278 0.995921135 -0.058257520 -10.442902565 -0.825420201 0.024113420 -0.564003587 64.385208130
-0.575425863 0.086743608 0.813240886 145.319747925 0.068781316 0.995969534 -0.057566520 -10.507291794 -0.814956546 0.022810515 -0.579073012 63.709342957
-0.590745986 0.083922252 0.802481174 146.302261353 0.067397587 0.996232688 -0.054569799 -10.579339981 -0.804037809 0.021848409 -0.594176590 62.999038696
-0.605387747 0.080417968 0.791857719 147.245071411 0.067051046 0.996498942 -0.049938962 -10.652652740 -0.793101490 0.022862453 -0.608660400 62.274505615
-0.620714426 0.078738630 0.780072987 148.241699219 0.067342348 0.996621728 -0.047011334 -10.711448669 -0.781139314 0.023351328 -0.623919964 61.515014648
-0.635179520 0.077375740 0.768478990 149.145446777 0.066476122 0.996753931 -0.045414779 -10.779973984 -0.769498467 0.022238968 -0.638261318 60.764019012
-0.649696410 0.078025550 0.756178856 150.030364990 0.064524211 0.996789098 -0.047414526 -10.843369484 -0.757450402 0.017986797 -0.652644873 60.000358582
-0.664934754 0.077820338 0.742836237 150.922531128 0.061822601 0.996878922 -0.049094889 -10.899827957 -0.744338512 0.013279169 -0.667670429 59.223773956
-0.680909276 0.074153632 0.728603899 151.800277710 0.058900438 0.997182906 -0.046443440 -10.959008217 -0.729995489 0.011291320 -0.683358788 58.432914734
-0.697085679 0.067836441 0.713771701 152.669265747 0.055578988 0.997631133 -0.040534589 -11.016277313 -0.714830458 0.011414626 -0.699204564 57.613540649
-0.714106441 0.064817555 0.697029889 153.497619629 0.053026941 0.997852027 -0.038465254 -11.072799683 -0.698025882 0.009493078 -0.716009617 56.811794281
-0.730948746 0.063971922 0.679427207 154.340560913 0.052575629 0.997916400 -0.037397008 -11.120424271 -0.680403948 0.008386019 -0.732789159 55.891784668
-0.748579085 0.059445582 0.660375297 155.145690918 0.047219057 0.998223543 -0.036332048 -11.170231819 -0.661361933 0.003984891 -0.750056267 55.031826019
-0.764608145 0.057464831 0.641928315 155.971847534 0.046870541 0.998337567 -0.033542216 -11.223904610 -0.642788708 0.004440872 -0.766030550 54.040225983
-0.780723453 0.059484575 0.622038782 156.728759766 0.048000839 0.998226404 -0.035212733 -11.270803452 -0.623030126 0.002366974 -0.782194257 53.125919342
-0.795603037 0.059359703 0.602903306 157.505279541 0.050458003 0.998223066 -0.031696122 -11.308314323 -0.603713572 0.005203761 -0.797184289 52.139778137
-0.809818685 0.059733368 0.583631456 158.212738037 0.052317817 0.998192608 -0.029569115 -11.363565445 -0.584342897 0.006588699 -0.811480045 51.173881531
-0.823856771 0.061987057 0.563398242 158.917282104 0.054036327 0.998063982 -0.030793251 -11.403281212 -0.564216316 0.005074742 -0.825611413 50.135669708
-0.837507546 0.063250281 0.542752743 159.592666626 0.053716026 0.997996926 -0.033414893 -11.454958916 -0.543779135 0.001169296 -0.839227557 49.107154846
-0.850133121 0.063092880 0.522774160 160.230331421 0.054240342 0.998007238 -0.032242656 -11.482334137 -0.523766637 0.000944903 -0.851861238 48.093315125
-0.861008883 0.062787026 0.504699409 160.860427856 0.056257166 0.998018503 -0.028184477 -11.535825729 -0.505469024 0.004125876 -0.862834930 46.954765320
-0.871922612 0.063273005 0.485538334 161.463668823 0.056383546 0.997993708 -0.028800968 -11.580801010 -0.486386597 0.002264157 -0.873740792 45.968959808
-0.880477369 0.066985101 0.469332129 161.974838257 0.059335195 0.997753799 -0.031089611 -11.640028954 -0.470360428 0.000474213 -0.882474244 44.886001587
-0.889303505 0.066525511 0.452452838 162.539596558 0.057302065 0.997775078 -0.034077745 -11.595029831 -0.453713238 -0.004378982 -0.891136944 43.797927856
-0.898173749 0.061336350 0.435341001 163.147949219 0.053606898 0.998110652 -0.030027382 -11.713062286 -0.436360270 -0.003632529 -0.899764717 42.697334290
-0.904751778 0.059865605 0.421711236 163.621139526 0.052321319 0.998196006 -0.029450964 -11.751966476 -0.422713548 -0.004581324 -0.906251788 41.574726105
-0.911806583 0.057312664 0.406600833 164.182144165 0.050375078 0.998344600 -0.027755659 -11.805381775 -0.407518506 -0.004825246 -0.913184226 40.469879150
-0.917768955 0.054207370 0.393397689 164.669906616 0.048016690 0.998519182 -0.025569219 -11.865666389 -0.394201189 -0.004576979 -0.919012785 39.314701080
-0.923712552 0.050291490 0.379770666 165.173873901 0.045614094 0.998731792 -0.021311285 -11.900456429 -0.380360842 -0.002362610 -0.924835205 38.176773071
-0.930700064 -0.021171905 0.365170032 166.444595337 -0.041888878 0.997924745 -0.048903275 -12.783850670 -0.363376826 -0.060810842 -0.929655492 35.976085663
-0.934889197 -0.021220993 0.354305029 166.880462646 -0.040103152 0.998134494 -0.046035461 -12.849679947 -0.352667123 -0.057246797 -0.933996141 34.806961060
-0.938293219 -0.016547687 0.345444709 167.339569092 -0.035637688 0.998163581 -0.048984103 -12.907238007 -0.343999773 -0.058272302 -0.937159777 33.635013580
-0.940784335 -0.012068107 0.338790745 167.767608643 -0.030894257 0.998259664 -0.050230790 -12.984829903 -0.337594986 -0.057723034 -0.939519882 32.478546143
-0.942689598 -0.008075153 0.333573073 168.185974121 -0.027496930 0.998186886 -0.053543210 -13.042840004 -0.332535803 -0.059646867 -0.941202521 31.285175323
-0.944209456 -0.011034656 0.329160422 168.604171753 -0.029758150 0.998208821 -0.051898845 -13.130520821 -0.327998132 -0.058798589 -0.942846775 30.104362488
-0.946684420 -0.068802655 0.314729780 169.649673462 -0.095195331 0.993046820 -0.069252037 -13.668509483 -0.307776690 -0.095520630 -0.946651638 28.187114716
-0.948239565 -0.075221673 0.308518171 170.075714111 -0.100967154 0.992540598 -0.068328202 -13.750327110 -0.301077127 -0.095941707 -0.948761225 27.024507523
-0.948866427 -0.081951059 0.304854989 170.449356079 -0.108142085 0.991666913 -0.070014343 -13.850006104 -0.296576858 -0.099401914 -0.949821770 25.849412918
-0.949761510 -0.085587606 0.301044285 170.837188721 -0.112414591 0.990982413 -0.072917052 -13.945846558 -0.292088807 -0.103095599 -0.950818241 24.698625565
-0.947616100 -0.091088489 0.306147903 171.096557617 -0.121757112 0.989118636 -0.082579963 -13.976206779 -0.295294493 -0.115529783 -0.948395491 23.471714020
-0.948124290 -0.090086691 0.304868430 171.483489990 -0.121443555 0.988912106 -0.085465580 -14.075366974 -0.293788731 -0.118056297 -0.948551893 22.323028564
-0.947983801 -0.087941177 0.305929810 171.859680176 -0.119701207 0.989024282 -0.086617403 -14.199539185 -0.294954717 -0.118732058 -0.948105693 21.115688324
-0.947687685 -0.086878695 0.307148248 172.237731934 -0.119152650 0.988977313 -0.087900355 -14.313463211 -0.296125948 -0.119899608 -0.947593510 19.957691193
-0.946542084 -0.087666020 0.310439646 172.623382568 -0.120944165 0.988608479 -0.089587048 -14.450710297 -0.299049526 -0.122343779 -0.946362197 18.770858765
-0.946217179 -0.086696699 0.311699867 173.021148682 -0.120068036 0.988724828 -0.089481086 -14.561349869 -0.300427675 -0.122093722 -0.945957899 17.592914581
-0.944139659 -0.089502290 0.317158312 173.400909424 -0.124132007 0.988113582 -0.090678863 -14.679018021 -0.305272400 -0.124983013 -0.944027543 16.425743103
-0.942916334 -0.089821339 0.320688069 173.810943604 -0.124824308 0.988063514 -0.090273708 -14.801132202 -0.308751643 -0.125150219 -0.942873240 15.274837494
-0.940958560 -0.091982454 0.325785428 174.213287354 -0.126928985 0.988032103 -0.087644450 -14.911252022 -0.313824743 -0.123821422 -0.941372514 14.087490082
-0.938814163 -0.093849428 0.331391364 174.637115479 -0.128313005 0.988199770 -0.083647519 -15.030943871 -0.319630593 -0.121051297 -0.939778090 12.913841248
-0.936198831 -0.100108609 0.336912304 175.060409546 -0.135082349 0.987438917 -0.081958503 -15.138304710 -0.324475497 -0.122240379 -0.937962055 11.812648773
-0.934030533 -0.097054966 0.343754590 175.490814209 -0.132867545 0.987723649 -0.082148351 -15.235462189 -0.331561655 -0.122402906 -0.935459495 10.675445557
-0.930613458 -0.099582791 0.352195710 175.911468506 -0.136248797 0.987371206 -0.080835126 -15.359352112 -0.339698106 -0.123212509 -0.932429016 9.566699982
-0.927399337 -0.096380308 0.361443460 176.346099854 -0.134665191 0.987474740 -0.082212761 -15.464686394 -0.348992616 -0.124917902 -0.928762436 8.472537994
-0.922884524 -0.096828833 0.372704029 176.802429199 -0.136217311 0.987380326 -0.080777124 -15.572118759 -0.360179067 -0.125316709 -0.924427807 7.298873901
-0.918654621 -0.093528502 0.383830696 177.268829346 -0.133938342 0.987765312 -0.079875991 -15.679070473 -0.371664047 -0.124788113 -0.919942319 6.203113556
-0.912568986 -0.094070792 0.397955447 177.758148193 -0.136748627 0.987354875 -0.080188118 -15.792901993 -0.385379821 -0.127597064 -0.913893521 5.054588318
-0.904455185 -0.098310903 0.415085256 178.431716919 -0.144754291 0.986075044 -0.081867158 -15.951828003 -0.401256830 -0.134130552 -0.906091571 3.601280212
-0.898704767 -0.097995609 0.427465171 178.961151123 -0.144358084 0.986498117 -0.077346310 -16.053297043 -0.414113939 -0.131219566 -0.900716960 2.504966736
-0.892431438 -0.094989777 0.441070199 179.548828125 -0.142275080 0.986957550 -0.075316623 -16.168937683 -0.428163230 -0.129968196 -0.894306719 1.305259705
-0.886033952 -0.093504742 0.454093039 180.095733643 -0.141605154 0.987226605 -0.073017240 -16.257425308 -0.441465288 -0.128997654 -0.887957156 0.243766785
-0.878935277 -0.092683256 0.467848837 180.718688965 -0.141368955 0.987481773 -0.069960915 -16.359037399 -0.455508024 -0.127630427 -0.881035089 -0.967872620
-0.871704400 -0.090365976 0.481628001 181.294769287 -0.137935162 0.988357782 -0.064208820 -16.463651657 -0.470218480 -0.122404560 -0.874020457 -2.026626587
-0.863626778 -0.087174311 0.496537477 181.954360962 -0.135158122 0.988916039 -0.061461866 -16.538127899 -0.485675871 -0.120191187 -0.865836620 -3.220069885
-0.855397880 -0.084619597 0.511012852 182.575714111 -0.132571965 0.989471018 -0.058067326 -16.621734619 -0.500718713 -0.117416650 -0.857609510 -4.245010376
-0.845509946 -0.081156425 0.527756035 183.247940063 -0.129504681 0.990039289 -0.055232782 -16.689874649 -0.518016875 -0.115046762 -0.847598314 -5.359863281
-0.835834563 -0.078562692 0.543330848 183.899902344 -0.126963630 0.990538776 -0.052088335 -16.760046005 -0.534098029 -0.112520494 -0.837901175 -6.343139648
-0.824102223 -0.079442404 0.560842574 184.575378418 -0.130995572 0.990004957 -0.052252367 -16.820581436 -0.551085949 -0.116529197 -0.826271772 -7.402160645
-0.813784122 -0.077454247 0.575982928 185.275787354 -0.129407734 0.990347147 -0.049660079 -16.888034821 -0.566576719 -0.114949219 -0.815952003 -8.336791992
-0.800796151 -0.078814268 0.593728542 186.027084351 -0.136234641 0.989288628 -0.052424919 -16.942537308 -0.583236933 -0.122868106 -0.802955806 -9.398887634
-0.787200272 -0.080190055 0.611461401 186.757995605 -0.140476033 0.988760412 -0.051179104 -16.994680405 -0.600484848 -0.126183897 -0.789617419 -10.363082886
-0.772491455 -0.081170619 0.629816115 187.521942139 -0.143715575 0.988410830 -0.048885927 -17.086608887 -0.618548930 -0.128278330 -0.775204420 -11.318183899
-0.756803036 -0.078133330 0.648956299 188.302749634 -0.140481248 0.989071727 -0.044744432 -17.162374496 -0.638368368 -0.125028923 -0.759508789 -12.233848572
