0.983902574 0.178643405 -0.004718183 0.089579590 -0.142557681 0.768687248 -0.623536110 1.105337620 -0.107763804 0.614171386 0.781780303 2.449010372
0.977855980 0.209247038 -0.003656643 0.077406064 -0.167341143 0.771289349 -0.614092469 0.577211022 -0.125676721 0.601105988 0.789225519 2.987902403
0.977435172 0.211203039 -0.003715479 0.064859994 -0.168867454 0.770699680 -0.614414871 0.102841139 -0.126902789 0.601178110 0.788974285 3.579291821
0.983325005 0.181807667 -0.004229295 0.061726928 -0.144610971 0.767618358 -0.624379456 -0.333338380 -0.110270485 0.614579558 0.781109750 4.182013035
0.983310282 0.181899726 -0.003645281 0.052242339 -0.144414455 0.768173516 -0.623742044 -0.793509960 -0.110658281 0.613858461 0.781621754 4.735704422
0.983135700 0.182863995 -0.002201753 0.033881508 -0.144543111 0.769622147 -0.621923566 -1.231176496 -0.112032920 0.611753643 0.783074737 5.275128365
0.983184159 0.182615966 -0.000607038 0.039088670 -0.143794432 0.772115648 -0.618999660 -1.653187871 -0.112570524 0.608677983 0.785390913 5.785506725
0.983298182 0.181995615 0.001497504 0.030444290 -0.142397732 0.774428070 -0.616428375 -2.058375597 -0.113346979 0.605919540 0.787409544 6.273748875
0.992398679 0.123037472 0.002582908 0.016756028 -0.094541736 0.775657237 -0.624033332 -2.451470137 -0.078782946 0.619045734 0.781393349 6.784618378
0.992340863 0.123484612 0.003367470 0.020124881 -0.094376385 0.775447845 -0.624318480 -2.826588392 -0.079705045 0.619218886 0.781162560 7.226102829
0.992210925 0.124481477 0.004654809 0.009464294 -0.094137147 0.773768544 -0.626434684 -3.193542242 -0.081581257 0.621117234 0.779460013 7.661709785
0.992207706 0.124478810 0.005377992 0.008363407 -0.093424797 0.771850526 -0.628902674 -3.538102865 -0.082436062 0.623499632 0.777465403 8.076548576
0.992429972 0.122651868 0.006265751 0.022835258 -0.091312177 0.771041274 -0.630204320 -3.840076923 -0.082126886 0.624861538 0.776404023 8.430252075
0.992858469 0.119012222 0.008251998 0.020125002 -0.087035328 0.769924641 -0.632171571 -4.176103115 -0.081589565 0.626938701 0.774784446 8.828687668
0.993076980 0.117053784 0.009820448 0.026961289 -0.084408939 0.769255459 -0.633341253 -4.450946808 -0.081689432 0.628127694 0.773810267 9.153064728
0.992505550 0.121607102 0.012012464 0.021890059 -0.086397007 0.767840683 -0.634788275 -4.741939068 -0.086418420 0.628993034 0.772592723 9.484768867
0.991961420 0.125667676 0.014835253 0.018593282 -0.087662429 0.767002642 -0.635627449 -4.983751297 -0.091256492 0.629217386 0.771853447 9.767360687
0.991829157 0.126228601 0.018472200 0.025009304 -0.085869633 0.767650902 -0.635089338 -5.224828720 -0.094346642 0.628313959 0.772217810 10.043140411
0.992289484 0.122120537 0.021170191 0.045174360 -0.080963574 0.768002629 -0.635308385 -5.429206848 -0.093842976 0.628695846 0.771968305 10.285957336
0.992803931 0.117345959 0.023881167 0.056780338 -0.075547352 0.768478394 -0.635400414 -5.619471550 -0.092913814 0.629023969 0.771813452 10.505723953
0.993124843 0.114047833 0.026384080 0.065217733 -0.071515717 0.769557238 -0.634560585 -5.780826092 -0.092674308 0.628311098 0.772422612 10.693522453
0.993130326 0.113307737 0.029215835 0.078922927 -0.069268927 0.770516813 -0.633644640 -5.960528374 -0.094308138 0.627267897 0.773072362 10.888951302
0.993015587 0.113841154 0.030987389 0.086080462 -0.068491034 0.770079613 -0.634260476 -6.097835064 -0.096067689 0.627708197 0.772498190 11.043140411
0.992838562 0.114823841 0.032969460 0.093534768 -0.067807309 0.768863976 -0.635806680 -6.221663475 -0.098354802 0.629017830 0.771143734 11.189865112
0.992455959 0.117255583 0.035810258 0.090054750 -0.067759544 0.768012583 -0.636840045 -6.326836586 -0.102175787 0.629609227 0.770163774 11.316461563
0.997759104 0.055903569 0.036764164 0.106580943 -0.019553954 0.769107223 -0.638820589 -6.410748005 -0.063987933 0.636670113 0.768476844 11.467167854
0.997615993 0.057424769 0.038271807 0.106654227 -0.019641520 0.767923713 -0.640240133 -6.510573387 -0.066155463 0.637961924 0.767220855 11.583026886
0.997609854 0.056432378 0.039873622 0.119828820 -0.017767135 0.767153919 -0.641217113 -6.612985134 -0.066774592 0.638976038 0.766322911 11.691096306
0.997607827 0.055110209 0.041728929 0.122288823 -0.015446845 0.766121984 -0.642509699 -6.702600479 -0.067378275 0.640328109 0.765140533 11.797503471
0.997604549 0.054415297 0.042712435 0.131751955 -0.014219843 0.765565276 -0.643200994 -6.789261818 -0.067699142 0.641052842 0.764505088 11.891328812
0.997502685 0.055179615 0.044089984 0.138443291 -0.013825862 0.764699280 -0.644238889 -6.876209259 -0.069264449 0.642020404 0.763552427 11.988497734
0.997385144 0.056183912 0.045455314 0.138226002 -0.013579994 0.763472557 -0.645697415 -6.942791462 -0.070981689 0.643391788 0.762239099 12.061942101
0.997352183 0.056142971 0.046224236 0.145515501 -0.012877501 0.761912227 -0.647552252 -7.022674561 -0.071574323 0.645242333 0.760617733 12.154213905
0.997389257 0.055052321 0.046732217 0.153846920 -0.011557957 0.760506451 -0.649227440 -7.109313965 -0.071281597 0.646992207 0.759157360 12.250504494
0.997486413 0.054055706 0.045813538 0.167372346 -0.011300202 0.759630561 -0.650256515 -7.197658062 -0.069951423 0.648104131 0.758332193 12.339996338
0.997566342 0.053906761 0.044221103 0.159314901 -0.012100442 0.758457124 -0.651610553 -7.263896942 -0.068666004 0.649489582 0.757263660 12.425909042
0.997701883 0.053761002 0.041241832 0.159074962 -0.013902294 0.758133650 -0.651950896 -7.345222473 -0.066316336 0.649879217 0.757138789 12.512943268
0.983733356 0.176347747 0.034207251 0.157636106 -0.113256529 0.756686866 -0.643892765 -7.482124805 -0.139433220 0.629544616 0.764350653 12.719423294
0.983923376 0.176381096 0.028008187 0.161272079 -0.117147550 0.755796909 -0.644241810 -7.562525749 -0.134800568 0.630603671 0.764308751 12.816942215
0.984102309 0.176267043 0.021739956 0.149484962 -0.121116191 0.755591273 -0.643749118 -7.646898270 -0.129898250 0.630881965 0.764927745 12.914501190
0.984025836 0.177376151 0.015197458 0.132722661 -0.126092315 0.754684806 -0.643856823 -7.708436012 -0.125674129 0.631655395 0.764995039 13.004322052
0.984256923 0.176629364 0.006359066 0.141626358 -0.131191507 0.754220486 -0.643382013 -7.801713943 -0.118436277 0.632418871 0.765518904 13.110353470
0.998592436 0.053028595 -0.001078604 0.143334031 -0.040747520 0.753989756 -0.655621111 -7.919883728 -0.033953402 0.654742241 0.755089164 13.182573318
0.998591483 0.051103510 -0.014264642 0.130970851 -0.047912925 0.753085971 -0.656175256 -8.009803772 -0.022790354 0.655934453 0.754473746 13.283198357
0.998252571 0.050598711 -0.030522637 0.118147403 -0.058185190 0.751515687 -0.657144308 -8.110587120 -0.010312423 0.657771885 0.753146529 13.417777061
0.997456789 0.051035210 -0.049753480 0.087665081 -0.071169019 0.751060426 -0.656386495 -8.220213890 0.003869071 0.658258021 0.752782464 13.530710220
0.996083438 0.051777199 -0.071672484 0.058598876 -0.086136669 0.751211584 -0.654417038 -8.335333824 0.019957352 0.658027589 0.752729416 13.665062904
0.994098961 0.052400883 -0.094981350 0.008417845 -0.101849325 0.752235711 -0.650974751 -8.478464127 0.037336688 0.656807065 0.753133714 13.824008942
0.991148114 0.053618498 -0.121451594 -0.044016361 -0.120036423 0.752743900 -0.647277355 -8.608762741 0.056715906 0.656126261 0.752516747 13.981993675
0.986922920 0.054404922 -0.151734188 -0.104248762 -0.140209824 0.754148006 -0.641562283 -8.769380569 0.079525873 0.654447198 0.751913965 14.161607742
0.981332064 0.054130424 -0.184546098 -0.179589987 -0.160968363 0.756291270 -0.634123623 -8.920898438 0.105245218 0.651991963 0.750886083 14.342751503
0.973701954 0.055399217 -0.220987603 -0.267910242 -0.184955910 0.758584440 -0.624772608 -9.089212418 0.133025870 0.649215162 0.748881638 14.541818619
0.963765621 0.057242785 -0.260535896 -0.370903969 -0.210908145 0.761516750 -0.612870216 -9.250654221 0.163320035 0.645612478 0.745996654 14.739818573
0.951602995 0.060903057 -0.301234931 -0.506884098 -0.238777652 0.763599932 -0.599916995 -9.426290512 0.193486169 0.642811000 0.741186380 14.954444885
0.932129204 -0.102189288 -0.347408265 -0.590602875 -0.150612175 0.763043582 -0.628554106 -9.626799583 0.329319119 0.638217688 0.695864379 15.169206619
0.915099442 -0.099379770 -0.390789658 -0.748373508 -0.180161789 0.766268373 -0.616745055 -9.828405380 0.360741705 0.634788513 0.683307469 15.369610786
0.895759046 -0.095560446 -0.434147209 -0.930090427 -0.209798306 0.770140946 -0.602384925 -10.028396606 0.391918749 0.630675137 0.669812381 15.571168900
0.873412907 -0.091262244 -0.478352666 -1.114132404 -0.240479574 0.773330569 -0.586625516 -10.227714539 0.423461467 0.627400279 0.653490126 15.774280548
0.844255567 -0.146442533 -0.515545487 -1.270635128 -0.246314034 0.748310089 -0.615923226 -10.538248062 0.475985199 0.646982729 0.595694065 16.034572601
0.816572309 -0.143077925 -0.559230208 -1.493329048 -0.279915154 0.749122441 -0.600385725 -10.745416641 0.504833877 0.646795332 0.571662903 16.209815979
0.786247611 -0.139881909 -0.601870358 -1.766004562 -0.314137012 0.748287380 -0.584280729 -10.970046043 0.532102346 0.648459017 0.544396937 16.400177002
0.752460957 -0.137175262 -0.644193649 -2.040328026 -0.346946239 0.748819232 -0.564710557 -11.182173729 0.559848905 0.648423195 0.515864730 16.574138641
0.715671659 -0.134823218 -0.685300589 -2.373192787 -0.379446745 0.748707116 -0.543560386 -11.399896622 0.586373866 0.649045944 0.484670073 16.779727936
0.719771683 -0.034335863 -0.693361163 -2.591671944 -0.499386609 0.668179452 -0.551497281 -11.955938339 0.482225835 0.743207574 0.463789672 16.753936768
0.680732787 -0.034119509 -0.731736720 -2.935903549 -0.528669834 0.668569565 -0.522994280 -12.167216301 0.507061183 0.742866576 0.437079281 16.912204742
0.645456195 -0.041029166 -0.762694478 -3.338495255 -0.551477373 0.665838420 -0.502525449 -12.432786942 0.528449476 0.744966865 0.407142937 17.107139587
0.602356017 -0.040988147 -0.797174573 -3.757183075 -0.576437831 0.668490648 -0.469935954 -12.658584595 0.552165449 0.742590249 0.379042238 17.271745682
0.583136916 -0.073020332 -0.809085488 -4.152564049 -0.575289309 0.666077256 -0.474745512 -12.842031479 0.573579431 0.742299914 0.346406400 17.424032211
0.536823869 -0.073204421 -0.840512455 -4.625909805 -0.602890074 0.663627923 -0.442856252 -13.050163269 0.590206563 0.744472384 0.312117040 17.569522858
0.484615207 -0.088855043 -0.870202720 -5.208790302 -0.544712067 0.747740865 -0.379700333 -13.163482666 0.684424460 0.658018529 0.313966155 17.675895691
0.432223946 -0.090331808 -0.897230625 -5.731576443 -0.564134717 0.749143064 -0.347183943 -13.349067688 0.703515768 0.656220078 0.272838295 17.815912247
0.357298315 -0.086403377 -0.929985166 -6.350169659 -0.557023466 0.779538989 -0.286432922 -13.485434532 0.749708474 0.620365560 0.230399236 17.988340378
0.306594342 -0.080809683 -0.948403835 -6.961031437 -0.573335767 0.779675663 -0.251777619 -13.606911659 0.759793341 0.620947421 0.192713067 18.070947647
0.233150288 -0.058141693 -0.970701039 -7.577485561 -0.586979032 0.787435889 -0.188149795 -13.778296471 0.775304139 0.613648355 0.149462938 18.163368225
0.190404609 -0.061988503 -0.979746640 -8.176108360 -0.587822437 0.792118609 -0.164355099 -13.845335007 0.786263764 0.607211053 0.114384852 18.211549759
0.162815928 -0.073231302 -0.983935058 -8.794427872 -0.600560725 0.783869684 -0.157718405 -13.948002815 0.782826781 0.616591811 0.083646618 18.223041534
0.099653997 -0.057222240 -0.993375421 -9.517688751 -0.605593979 0.788657904 -0.106182061 -14.024198532 0.789509356 0.612163603 0.043939460 18.250240326
0.060853623 -0.059421495 -0.996376395 -10.225940704 -0.620866835 0.779359460 -0.084398523 -14.102994919 0.781550467 0.623753011 0.010534010 18.265560150
0.058702629 -0.080068752 -0.995059311 -10.883217812 -0.622768819 0.776093125 -0.099189036 -14.142312050 0.780200601 0.625514567 -0.004305620 18.231367111
0.015258069 -0.057032257 -0.998255730 -11.659831047 -0.620413125 0.782401264 -0.054182924 -14.142001152 0.784126699 0.620157719 -0.023445630 18.191799164
0.002538848 -0.051180527 -0.998686194 -12.454127312 -0.620258093 0.783287585 -0.041718617 -14.174796104 0.784393609 0.619549155 -0.029756488 18.155448914
0.000325579 -0.053215414 -0.998582959 -13.206927299 -0.617497683 0.785447419 -0.042058550 -14.226026535 0.786572635 0.616636395 -0.032604665 18.132242203
-0.003498404 -0.056457020 -0.998398960 -14.055308342 -0.616999984 0.785826862 -0.042274613 -14.266643524 0.786955357 0.615864277 -0.037583113 18.101016998
-0.009976099 -0.055514038 -0.998408079 -14.852543831 -0.614868760 0.787729919 -0.037656024 -14.292303085 0.788566351 0.613514245 -0.041992322 18.062709808
-0.006116804 -0.057815246 -0.998308659 -15.732026100 -0.605096519 0.795025826 -0.042334970 -14.324213982 0.796128809 0.603814006 -0.039846819 18.027996063
-0.001287647 -0.057367418 -0.998352289 -16.562517166 -0.604352593 0.795449138 -0.044928700 -14.385236740 0.796715915 0.603298962 -0.035694402 18.009901047
0.005109039 -0.058560051 -0.998270810 -17.476945877 -0.605659008 0.794171453 -0.049686976 -14.423896790 0.795707881 0.604865551 -0.031409964 17.946359634
0.003301527 -0.062907405 -0.998013914 -18.352743149 -0.610307455 0.790466309 -0.051844098 -14.494568825 0.792157710 0.609266520 -0.035783116 17.939897537
0.006785373 -0.073782124 -0.997251332 -19.351106644 -0.612147927 0.788270533 -0.062485680 -14.541654587 0.790714085 0.610889375 -0.039816864 17.903280258
0.011067919 -0.083589263 -0.996438801 -20.212381363 -0.609752297 0.789225042 -0.072979324 -14.603862762 0.792514741 0.608388603 -0.042233665 17.842811584
0.010942647 -0.086385161 -0.996201634 -21.212289810 -0.614242315 0.785558045 -0.074866354 -14.661185265 0.789041579 0.612728477 -0.044465326 17.780441284
0.004082684 -0.077839687 -0.996957541 -22.171779633 -0.629882693 0.774129272 -0.063021332 -14.715446472 0.776679575 0.628223598 -0.045869354 17.726411819
0.000408446 -0.070314832 -0.997524798 -23.241563797 -0.634472132 0.771014333 -0.054608058 -14.755419731 0.772945762 0.632923961 -0.044297881 17.661159515
-0.013807203 -0.055301804 -0.998374224 -24.231105804 -0.652785599 0.756828189 -0.032894302 -14.848907471 0.757416904 0.651270092 -0.046549898 17.615001678
-0.013962719 -0.045330390 -0.998874485 -25.331863403 -0.653914988 0.756149173 -0.025174435 -14.869050026 0.756439209 0.652827442 -0.040200111 17.536273956
-0.038489155 -0.018353522 -0.999090433 -26.283063889 -0.636980414 0.770810127 0.010379189 -14.729991913 0.769918561 0.636800528 -0.041358657 17.472415924
-0.039007057 -0.017931284 -0.999077976 -27.403686523 -0.636845529 0.770912468 0.011028188 -14.715239525 0.770004034 0.636688650 -0.041490480 17.407861710
-0.017407937 -0.040373396 -0.999033034 -28.450210571 -0.642484784 0.766043544 -0.019762557 -14.990173340 0.766100705 0.641519487 -0.039274529 17.407398224
-0.018926542 -0.045557957 -0.998782396 -29.563802719 -0.642783165 0.765710413 -0.022746239 -15.003643036 0.765814424 0.641570032 -0.043776136 17.329658508
-0.065770544 -0.018644979 -0.997660697 -30.509820938 -0.641487956 0.766623318 0.027962763 -14.728458405 0.764308453 0.641826332 -0.062381767 17.220407486
-0.070659332 -0.023618143 -0.997220874 -31.608663559 -0.642097235 0.766135097 0.027351487 -14.688522339 0.763359964 0.642245412 -0.069299735 17.127744675
-0.078242004 -0.025327105 -0.996612608 -32.645923615 -0.642139435 0.765962899 0.030947506 -14.670476913 0.762584507 0.642385662 -0.076194003 17.049419403
-0.084001377 -0.023394417 -0.996190965 -33.776485443 -0.642499924 0.765429974 0.036201999 -14.620446205 0.761667490 0.643093765 -0.079328090 16.941204071
-0.090790339 -0.018050093 -0.995706439 -34.829975128 -0.642985046 0.764569163 0.044768497 -14.589962959 0.760478377 0.644288898 -0.081021436 16.843381882
-0.095982529 -0.015096003 -0.995268524 -35.987598419 -0.645384610 0.762174666 0.050679639 -14.533178329 0.757803500 0.647195339 -0.082898192 16.721128464
-0.105697125 -0.008900405 -0.994358540 -37.019012451 -0.652175903 0.755481720 0.062561966 -14.511428833 0.750662863 0.655109286 -0.085656874 16.621335983
-0.106834173 -0.007867865 -0.994245708 -38.164421082 -0.656130254 0.751881659 0.064552873 -14.429653168 0.747047305 0.659251094 -0.085488997 16.491989136
-0.109456860 -0.006640323 -0.993969381 -39.209194183 -0.658517241 0.749531507 0.067509234 -14.375215530 0.744562984 0.661935389 -0.086414136 16.395364761
-0.110035494 -0.007784481 -0.993897140 -40.368118286 -0.659748673 0.748477697 0.067179248 -14.279142380 0.743386686 0.663114488 -0.087494902 16.269662857
-0.112143755 -0.007834322 -0.993661106 -41.419532776 -0.659721315 0.748376966 0.068555139 -14.236974716 0.743095934 0.663227260 -0.089094281 16.163465500
-0.112881236 -0.008915775 -0.993568480 -42.585788727 -0.660827756 0.747417092 0.068370961 -14.157643318 0.742000401 0.664295375 -0.090261139 16.042612076
-0.120059617 -0.003042248 -0.992762029 -43.645805359 -0.661694109 0.745733142 0.077736691 -14.062541008 0.740099072 0.666237831 -0.091545478 15.928387642
-0.120166518 -0.005646373 -0.992737710 -44.795818329 -0.665294349 0.742671251 0.076306887 -13.975603104 0.736846864 0.669632375 -0.093000732 15.797933578
-0.120727807 -0.010846143 -0.992626369 -45.881412506 -0.668677390 0.739936531 0.073242560 -13.895912170 0.733686090 0.672589242 -0.096583486 15.681873322
-0.119346820 -0.012177841 -0.992777884 -47.051109314 -0.670170128 0.738755345 0.071502611 -13.802263260 0.732549369 0.673863709 -0.096329316 15.559669495
-0.122791387 -0.004714640 -0.992421329 -48.088996887 -0.672994792 0.735332429 0.079775736 -13.654843330 0.729383469 0.677690148 -0.093465418 15.451383591
-0.120689340 -0.001622658 -0.992689073 -49.276710510 -0.673434913 0.734831333 0.080673859 -13.565068245 0.729327977 0.678247988 -0.089779072 15.325538635
-0.118617527 -0.001912422 -0.992938221 -50.445163727 -0.672189951 0.736164510 0.078882702 -13.469112396 0.730814993 0.676799893 -0.088607520 15.195576668
-0.116744377 -0.002616761 -0.993158519 -51.509593964 -0.671567380 0.736931562 0.077000134 -13.399227142 0.731688440 0.675962210 -0.087789960 15.090200424
-0.112143047 -0.002548963 -0.993688703 -52.703208923 -0.675100029 0.733974576 0.074305840 -13.309729576 0.729152977 0.679172277 -0.084030941 14.983987808
-0.106293522 -0.001656500 -0.994333446 -53.799407959 -0.678762436 0.730884314 0.071341604 -13.228451729 0.726624548 0.682499349 -0.078812636 14.858584404
-0.099524394 -0.002779548 -0.995031238 -55.003124237 -0.682344913 0.728025436 0.066215374 -13.133260727 0.724224031 0.685544550 -0.074352883 14.746053696
-0.092600718 -0.003580224 -0.995696902 -56.167114258 -0.683653057 0.727256358 0.060965359 -13.042089462 0.723908484 0.686356664 -0.069792077 14.625339508
-0.088531606 -0.004561962 -0.996062934 -57.281753540 -0.683233917 0.727940559 0.057392921 -12.999733925 0.724812746 0.685625076 -0.067562632 14.561944008
-0.082117334 -0.005542498 -0.996607304 -58.465747833 -0.682873666 0.728668094 0.052214283 -12.905456543 0.725906491 0.684844673 -0.063621111 14.466231346
-0.083338298 -0.000746960 -0.996521056 -59.543785095 -0.677666903 0.733224154 0.056123171 -12.639142036 0.730631411 0.679986477 -0.061611846 14.363374710
-0.076887041 0.000508555 -0.997039676 -60.732601166 -0.677335560 0.733790874 0.052607231 -12.571770668 0.731645405 0.679375172 -0.056074545 14.278137207
-0.072095104 0.001397329 -0.997396767 -61.912555695 -0.677917361 0.733433783 0.050029602 -12.515254021 0.731594503 0.679759443 -0.051929701 14.206704140
-0.066383041 0.000272914 -0.997794092 -63.122776031 -0.677936316 0.733723342 0.045303643 -12.462348938 0.732117236 0.679448247 -0.048521776 14.132404327
-0.068792440 0.002634173 -0.997627497 -64.266311646 -0.663818836 0.746367872 0.047745045 -12.298900604 0.744722962 0.665528417 -0.049595848 14.050242424
-0.063661776 -0.002155371 -0.997969151 -65.460830688 -0.663964748 0.746653140 0.040742598 -12.255319595 0.745049000 0.665210128 -0.048964351 13.962420464
-0.060904883 -0.002951325 -0.998139143 -66.637428284 -0.663453937 0.747237623 0.038273457 -12.223816872 0.745734215 0.664550424 -0.047468483 13.907402039
-0.056899007 -0.000725970 -0.998379648 -67.868766785 -0.662916720 0.747766674 0.037236784 -12.179723740 0.746527970 0.663961351 -0.043028425 13.827924728
-0.059879925 0.008061874 -0.998173058 -68.989883423 -0.650136054 0.758476496 0.045127288 -12.036570549 0.757454634 0.651650488 -0.040176202 13.731584549
-0.058170918 0.006702645 -0.998284161 -70.187156677 -0.652207255 0.756815195 0.043086085 -11.964365005 0.755805314 0.653594553 -0.039653122 13.669824600
-0.057588302 0.008470688 -0.998304486 -71.381889343 -0.652453601 0.756546855 0.044056874 -11.933970451 0.755637407 0.653884590 -0.038041521 13.597560883
-0.055860925 0.007624110 -0.998409510 -72.585746765 -0.653327942 0.755890965 0.042325821 -11.875816345 0.755011380 0.654653192 -0.037243724 13.528048515
-0.061989523 0.005724995 -0.998060405 -73.676712036 -0.647612512 0.760664225 0.044586472 -11.737884521 0.759444058 0.649120271 -0.043445636 13.421133995
-0.060224608 0.003612404 -0.998178303 -74.893615723 -0.646599710 0.761685133 0.041768815 -11.669861794 0.760448456 0.647937238 -0.043536406 13.349975586
-0.063092075 0.006128765 -0.997988880 -76.035583496 -0.642222643 0.765178442 0.045299862 -11.637656212 0.763917208 0.643789113 -0.044340666 13.260551453
-0.062512375 0.006066493 -0.998025775 -77.267753601 -0.640681028 0.766499817 0.044788882 -11.583590508 0.765258253 0.642215908 -0.044029038 13.196463585
-0.060405698 0.037162166 -0.997481883 -78.442619324 -0.633056641 0.771194637 0.067068376 -11.259738922 0.771745086 0.635513842 -0.023058794 13.422985077
-0.060127534 0.039982475 -0.997389615 -79.685775757 -0.635184646 0.769260466 0.069129474 -11.173383713 0.770016372 0.637683094 -0.020857478 13.378158569
-0.059681598 0.040971056 -0.997376323 -80.834770203 -0.635979354 0.768558443 0.069627605 -11.107527733 0.769394815 0.638466358 -0.019812053 13.339274406
-0.058555547 0.039201550 -0.997514248 -82.027427673 -0.636680365 0.768162429 0.067562275 -11.035029411 0.768901467 0.639053702 -0.020021316 13.291778564
-0.059564333 0.035978515 -0.997575879 -83.222236633 -0.636261404 0.768669724 0.065713383 -10.960494995 0.769170642 0.638633192 -0.022893557 13.268312454
-0.059481345 0.037040748 -0.997541964 -84.406219482 -0.636198461 0.768656194 0.066476934 -10.877608299 0.769229174 0.638588786 -0.022155432 13.263264656
-0.059420381 0.038496379 -0.997490466 -85.608322144 -0.634900212 0.769637644 0.067523740 -10.809087753 0.770305753 0.637319326 -0.021290803 13.222356796
-0.058844350 0.038223110 -0.997535110 -86.815025330 -0.631928742 0.772136867 0.066863723 -10.687576294 0.772789359 0.634305656 -0.021281613 13.215850830
-0.058696952 0.044048108 -0.997303605 -87.992134094 -0.635225117 0.769023955 0.071352229 -10.675239563 0.770093322 0.637700379 -0.017158896 13.132799149
-0.058026578 0.044431504 -0.997325838 -89.186203003 -0.636174738 0.768248975 0.071240015 -10.596384048 0.769359887 0.638607204 -0.016312659 13.083341599
-0.057459820 0.038870055 -0.997590840 -90.371360779 -0.633110583 0.771198213 0.066515177 -10.481841087 0.771925926 0.635407150 -0.019703878 13.078508377
-0.057278708 0.037451752 -0.997655511 -91.542678833 -0.631841004 0.772344947 0.065269738 -10.416656494 0.772978604 0.634098291 -0.020575371 13.041805267
-0.057253793 0.039761592 -0.997567534 -92.715171814 -0.631719351 0.772292972 0.067038998 -10.357704163 0.773079991 0.634020925 -0.019098544 12.997373581
-0.056970291 0.041981157 -0.997492850 -93.903350830 -0.628858328 0.774495482 0.068512231 -10.290882111 0.775429964 0.631184816 -0.017723031 12.961634636
-0.058529925 0.047317073 -0.997163653 -95.117492676 -0.629512668 0.773491442 0.073653586 -10.264889717 0.774782598 0.632038057 -0.015485700 12.923604965
-0.058188118 0.048453573 -0.997129083 -96.284614563 -0.630194545 0.772871017 0.074331604 -10.181667328 0.774253786 0.632710516 -0.014436736 12.897176743
-0.057607599 0.051186834 -0.997026324 -97.448020935 -0.632530987 0.770785570 0.076119021 -10.110637665 0.772389710 0.635035038 -0.012025847 12.847137451
-0.057317123 0.050406408 -0.997082710 -98.604736328 -0.633554876 0.770020247 0.075347297 -10.038410187 0.771571577 0.636025429 -0.012200120 12.809003830
-0.056868218 0.046084743 -0.997317493 -99.764526367 -0.635544598 0.768721938 0.071761139 -9.959960938 0.769967020 0.637920618 -0.014426939 12.772325516
-0.056849800 0.044576354 -0.997387230 -100.915557861 -0.636481822 0.768053114 0.070605367 -9.890932083 0.769193769 0.638832569 -0.015291647 12.733001709
-0.056770597 0.042655062 -0.997475564 -102.077400208 -0.636406898 0.768254578 0.069073513 -9.814769745 0.769261658 0.638721645 -0.016468300 12.697268486
-0.056542445 0.042507265 -0.997494876 -103.238883972 -0.635240614 0.769244730 0.068788871 -9.745450974 0.770241737 0.637538731 -0.016492637 12.670729637
-0.055878874 0.045036010 -0.997421324 -104.404579163 -0.635598660 0.768810272 0.070322029 -9.674932480 0.769994795 0.637889087 -0.014335428 12.623028755
-0.056749340 0.047466997 -0.997259438 -105.561531067 -0.634586334 0.769421935 0.072733842 -9.610862732 0.770765662 0.636974692 -0.013542278 12.600564003
-0.057679232 0.045877609 -0.997280478 -106.729232788 -0.637441516 0.767112553 0.072156660 -9.533274651 0.768336713 0.639869928 -0.015002169 12.572352409
-0.051931564 0.050816186 -0.997356892 -107.904754639 -0.642118812 0.763186276 0.072319597 -9.520402908 0.764844120 0.644177318 -0.007003432 12.617180824
-0.052217867 0.050258089 -0.997370243 -109.078262329 -0.644801557 0.760941625 0.072103247 -9.451148987 0.762564242 0.646870971 -0.007328254 12.587328911
-0.049929217 0.047293693 -0.997632384 -110.243072510 -0.647026122 0.759395182 0.068382010 -9.377063751 0.760831296 0.648908496 -0.007315747 12.567461967
-0.051570881 0.043443933 -0.997723997 -111.423385620 -0.647721171 0.758967221 0.066527501 -9.300548553 0.760129988 0.649677873 -0.011001054 12.546278954
-0.051185969 0.042142637 -0.997799516 -112.630943298 -0.644134343 0.762125909 0.065232165 -9.222346306 0.763197839 0.646055818 -0.011864626 12.518829346
-0.051885504 0.042140376 -0.997763515 -113.819129944 -0.641271532 0.764501631 0.065635875 -9.164491653 0.765557706 0.643242896 -0.012643126 12.493285179
-0.050996196 0.043853048 -0.997735560 -115.023208618 -0.639812231 0.765661359 0.066354834 -9.087242126 0.766837478 0.641747296 -0.010988100 12.485990524
-0.052529521 0.047951240 -0.997467399 -116.235656738 -0.639071345 0.765911877 0.070475027 -9.027211189 0.767351568 0.641154945 -0.009588716 12.466089249
-0.052076533 0.047762513 -0.997500241 -117.475402832 -0.637798727 0.767013311 0.070023872 -8.937030792 0.768440545 0.639850974 -0.009480524 12.431529045
-0.053681299 0.043616656 -0.997605026 -118.703460693 -0.637332141 0.767595768 0.067855291 -8.876122475 0.768717229 0.639448285 -0.013407243 12.410595894
-0.053406794 0.040410120 -0.997754991 -119.938079834 -0.638081372 0.767201185 0.065227017 -8.791478157 0.768114507 0.640132308 -0.015188807 12.358037949
-0.054229427 0.038838763 -0.997772932 -121.169555664 -0.637382329 0.767840981 0.064530581 -8.716508865 0.768637002 0.639462173 -0.016884431 12.323597908
-0.056703392 0.039868623 -0.997594655 -122.397392273 -0.638083100 0.767053366 0.066923819 -8.682024002 0.767876625 0.640343308 -0.018055046 12.273297310
-0.056878846 0.044319626 -0.997396886 -123.666175842 -0.641694427 0.763710439 0.070529811 -8.595597267 0.764848292 0.644035816 -0.014999320 12.227604866
-0.058233302 0.047772035 -0.997159302 -124.962821960 -0.645689189 0.759994686 0.074117661 -8.522367477 0.761376619 0.648171067 -0.013411111 12.182003975
-0.058453958 0.047478635 -0.997160435 -126.233238220 -0.651568949 0.754957557 0.074141674 -8.428294182 0.756333888 0.654052615 -0.013194660 12.135082245
-0.058645766 0.045114610 -0.997258902 -127.496772766 -0.653656840 0.753308535 0.072518207 -8.339996338 0.754515350 0.656117916 -0.014688887 12.097737312
-0.059160519 0.043449488 -0.997302532 -128.768753052 -0.655308127 0.751957357 0.071633764 -8.249743462 0.753041446 0.657778144 -0.016013395 12.058843613
-0.057096522 0.043006420 -0.997441947 -130.026336670 -0.655337572 0.752091050 0.069941148 -8.156983376 0.753175080 0.657654524 -0.014758052 11.996086121
-0.056825854 0.042198852 -0.997491837 -131.321899414 -0.654095054 0.753246903 0.069129035 -8.067036629 0.754274905 0.656382740 -0.015201831 11.949018478
-0.059409566 0.043410983 -0.997289300 -132.602752686 -0.653589189 0.753442526 0.071731582 -8.032816887 0.754514098 0.656079113 -0.016388731 11.917356491
-0.059874129 0.048543941 -0.997024775 -133.880462646 -0.653533459 0.753081143 0.075913116 -7.945005417 0.754525781 0.656134307 -0.013364991 11.873525620
-0.061653420 0.052148178 -0.996734381 -135.102539062 -0.652803123 0.753313541 0.079792053 -7.849090576 0.755014479 0.655590773 -0.012401865 11.854774475
-0.060845781 0.050978344 -0.996844590 -136.384307861 -0.653661966 0.752715588 0.078392141 -7.746219635 0.754336655 0.656369090 -0.012476965 11.810004234
-0.060393717 0.049599793 -0.996941566 -137.659133911 -0.652595103 0.753780603 0.077035613 -7.690640450 0.755296171 0.655251622 -0.013155031 11.776771545
-0.059265811 0.049422171 -0.997018099 -138.914718628 -0.651710749 0.754635453 0.076146960 -7.612842560 0.756148577 0.654280365 -0.012515122 11.741208076
-0.058715519 0.048564211 -0.997092724 -140.166503906 -0.651732802 0.754717648 0.075137526 -7.535936356 0.756172538 0.654249787 -0.012662749 11.705983162
-0.056950632 0.050949171 -0.997076094 -141.435333252 -0.652127326 0.754311204 0.075792201 -7.449119568 0.755967379 0.654536963 -0.009733148 11.658660889
-0.056919787 0.053791475 -0.996928513 -142.705474854 -0.652761698 0.753544450 0.077928670 -7.364149094 0.755421937 0.655192494 -0.007778579 11.651767731
-0.055113778 0.054322705 -0.997001231 -143.952270508 -0.654008329 0.752542317 0.077156365 -7.268040657 0.754477024 0.656299472 -0.005947953 11.618860245
-0.054131400 0.051947679 -0.997181654 -145.218734741 -0.656103432 0.750961065 0.074737117 -7.194652557 0.752727032 0.658299983 -0.006567515 11.595901489
-0.053614315 0.048259690 -0.997394860 -146.439956665 -0.655290484 0.751975000 0.071609579 -7.093038559 0.753471911 0.657422602 -0.008692508 11.540851593
-0.053362407 0.046581455 -0.997488141 -147.660202026 -0.653785646 0.753420174 0.070159227 -7.015082359 0.754795909 0.655887246 -0.009750031 11.509670258
-0.054015167 0.047310058 -0.997418702 -148.918869019 -0.652359366 0.754565537 0.071119428 -6.961672783 0.755982399 0.654517055 -0.009894826 11.470216751
-0.054227348 0.047739424 -0.997386754 -150.143707275 -0.650364816 0.756244004 0.071557216 -6.882003784 0.757683873 0.652545691 -0.009961065 11.440283775
-0.053955007 0.045183428 -0.997520506 -151.387649536 -0.648896754 0.757703185 0.069418967 -6.798107147 0.758960843 0.651033461 -0.011562494 11.414074898
-0.053823393 0.044999298 -0.997536004 -152.625381470 -0.648044288 0.758454084 0.069180310 -6.712776184 0.759698272 0.650171101 -0.011661030 11.386844635
-0.053635199 0.047872122 -0.997412443 -153.854705811 -0.646647811 0.759456098 0.071224168 -6.623191833 0.760900736 0.648794770 -0.009777183 11.345152855
-0.053901639 0.049179841 -0.997334361 -155.086273193 -0.644719243 0.760986030 0.072369501 -6.551038742 0.762516558 0.646901548 -0.009311196 11.314932823
-0.053528216 0.048102289 -0.997407079 -156.312103271 -0.643188655 0.762382329 0.071285903 -6.470124245 0.763834536 0.645336628 -0.009870127 11.279613495
-0.053556640 0.050700039 -0.997276902 -157.525848389 -0.643640399 0.761810303 0.073294625 -6.376257896 0.763451815 0.645813107 -0.008167411 11.286062241
-0.053045187 0.055411331 -0.997053564 -158.753677368 -0.644024551 0.761163712 0.076565087 -6.293193817 0.763163447 0.646188378 -0.004689812 11.259938240
-0.053377729 0.061563723 -0.996674836 -159.989059448 -0.647925556 0.757333100 0.081479974 -6.215135574 0.759831071 0.650120318 -0.000536017 11.227684975
-0.051254686 0.060814463 -0.996832192 -161.214782715 -0.651703417 0.754293084 0.079526700 -6.106373787 0.756740093 0.653715134 0.000971944 11.200438499
-0.050298613 0.057791725 -0.997060716 -162.425659180 -0.654344797 0.752305269 0.076614827 -6.029404640 0.754521608 0.656275034 -0.000024194 11.172186852
-0.048663713 0.052009519 -0.997460186 -163.645767212 -0.655768394 0.751598835 0.071183212 -5.951259613 0.753392100 0.657566905 -0.002469388 11.142874718
-0.047748875 0.051946022 -0.997507751 -164.853103638 -0.657275259 0.750342488 0.070537262 -5.889474869 0.752136469 0.659005105 -0.001685172 11.109671593
-0.047207341 0.049856581 -0.997640073 -166.069686890 -0.653671682 0.753663123 0.068595044 -5.827362061 0.755304456 0.655367255 -0.002988595 11.097187996
-0.046479896 0.045233957 -0.997894526 -167.271865845 -0.651091576 0.756244421 0.064606629 -5.756072044 0.757574558 0.652723730 -0.005698712 11.067714691
-0.047022242 0.042032856 -0.998009026 -168.449859619 -0.646503329 0.760348082 0.062484033 -5.697824478 0.761460662 0.648154378 -0.008578894 11.051077843
-0.048614454 0.045194279 -0.997794628 -169.717315674 -0.644687295 0.761600018 0.065906428 -5.612685204 0.762899041 0.646469533 -0.007888587 11.037661552
-0.047767561 0.051671710 -0.997521102 -170.926589966 -0.644990087 0.760950089 0.070303477 -5.539416313 0.762696624 0.646749437 -0.003020985 11.005257607
-0.046621680 0.054951195 -0.997399986 -172.158081055 -0.646210849 0.759748936 0.072063908 -5.470473289 0.761733532 0.647890270 0.000089286 10.988080025
-0.044563390 0.051621336 -0.997671902 -173.360504150 -0.647015512 0.759421229 0.068194307 -5.398448944 0.761173427 0.648548186 -0.000442575 10.967560768
-0.043546297 0.051562410 -0.997720063 -174.579254150 -0.648992956 0.757795095 0.067488864 -5.314512253 0.759547114 0.650452077 0.000464475 10.940298080
-0.042683855 0.052554209 -0.997705460 -175.778411865 -0.647334635 0.759194732 0.067684919 -5.244463921 0.761009812 0.648738265 0.001614799 10.925133705
-0.042062659 0.050621733 -0.997831702 -176.977722168 -0.647596061 0.759136498 0.065811105 -5.174519539 0.760821939 0.648960114 0.000851138 10.904650688
-0.039903816 0.048556678 -0.998022974 -178.161834717 -0.648707449 0.758439183 0.062837422 -5.088310242 0.759990990 0.649932384 0.001234463 10.886666298
-0.038112745 0.051140603 -0.997964084 -179.301208496 -0.648993671 0.758127749 0.063635610 -5.044065475 0.759838521 0.650097609 0.004295596 10.855118752
-0.036325946 0.053088248 -0.997928917 -180.419586182 -0.649205685 0.757919550 0.063952081 -4.981272697 0.759744883 0.650184274 0.006933044 10.826879501
-0.036587879 0.053398408 -0.997902751 -181.525985718 -0.650015414 0.757191598 0.064350456 -4.922291756 0.759039700 0.651006520 0.007005756 10.845105171
-0.036776908 0.054520007 -0.997835159 -182.578277588 -0.649677634 0.757397711 0.065327883 -4.874375343 0.759319723 0.650673687 0.007565676 10.836605072
-0.036343120 0.055378783 -0.997803748 -183.633041382 -0.649860501 0.757209003 0.065695561 -4.807235718 0.759184122 0.650820851 0.008469145 10.815240860
-0.035355203 0.054070149 -0.997910976 -184.645462036 -0.649872303 0.757339060 0.064059615 -4.740612984 0.759220719 0.650779545 0.008362819 10.795915604
-0.034095503 0.054541402 -0.997929335 -185.615615845 -0.650886476 0.756507576 0.063584961 -4.703878403 0.758409023 0.651706576 0.009706758 10.780066490
-0.033128519 0.055379510 -0.997915626 -186.563095093 -0.651535273 0.755949199 0.063581020 -4.669735909 0.757894576 0.652283490 0.011038221 10.785021782
-0.033753861 0.052814655 -0.998033643 -187.486190796 -0.650339007 0.757104874 0.062059715 -4.618459702 0.758893847 0.651154995 0.008792217 10.758698463
-0.036402714 0.049719919 -0.998099506 -188.403640747 -0.648213208 0.758975327 0.061449688 -4.568388939 0.760588348 0.649218142 0.004600340 10.740726471
-0.041723352 0.046332590 -0.998054326 -189.314224243 -0.648143947 0.758962810 0.062328719 -4.527650833 0.760374010 0.649483383 -0.001636287 10.728805542
-0.046716083 0.043176927 -0.997974694 -190.230667114 -0.649124980 0.758053184 0.063182950 -4.481460571 0.759245932 0.650761843 -0.007386060 10.708231926
-0.050509308 0.042222567 -0.997830689 -191.153854370 -0.650765061 0.756495953 0.064951792 -4.419610023 0.757597268 0.652634025 -0.010733112 10.682383537
-0.052804481 0.042970710 -0.997679949 -192.068252563 -0.652090967 0.755170941 0.067039095 -4.356381416 0.756299555 0.654118001 -0.011855593 10.643795013
-0.055709831 0.044814233 -0.997440755 -192.975830078 -0.650895953 0.755903482 0.070316494 -4.319615364 0.757120132 0.653147459 -0.012941854 10.628469467
-0.056372274 0.045724530 -0.997362256 -193.892883301 -0.648829281 0.757576466 0.071404152 -4.248912811 0.758843064 0.651143014 -0.013038890 10.601830482
-0.058206826 0.046693455 -0.997211933 -194.768218994 -0.646539569 0.759351432 0.073294103 -4.232203484 0.760656655 0.649003208 -0.014010273 10.566534996
-0.058973253 0.045434609 -0.997225106 -195.665527344 -0.647112668 0.758906364 0.072845094 -4.172040939 0.760110021 0.649612963 -0.015353872 10.536104202
-0.059294354 0.044501040 -0.997248113 -196.557281494 -0.648367047 0.757880449 0.072370127 -4.115877151 0.759015381 0.650873959 -0.016085025 10.500247955
-0.059105564 0.042901374 -0.997329414 -197.461837769 -0.651319504 0.755465567 0.071096987 -4.044985771 0.756498218 0.653782248 -0.016709717 10.473106384
-0.057551391 0.042077538 -0.997455418 -198.341903687 -0.652678192 0.754442215 0.069484428 -3.994553566 0.755446196 0.655016363 -0.015956109 10.417837143
-0.056760885 0.039031606 -0.997624516 -199.248443604 -0.652603328 0.754761696 0.066660248 -3.938893318 0.755570710 0.654836833 -0.017368786 10.394607544
-0.056367107 0.036318243 -0.997749329 -200.102722168 -0.652933419 0.754676163 0.064357325 -3.902013779 0.755315006 0.655091524 -0.018825514 10.354783058
-0.055121142 0.036063418 -0.997828186 -201.030883789 -0.652923524 0.754770219 0.063347064 -3.844532013 0.755415440 0.654997289 -0.018057141 10.318466187
-0.054838836 0.039368194 -0.997718811 -201.958358765 -0.651024997 0.756214380 0.065621957 -3.798128128 0.757072747 0.653138518 -0.015840244 10.297115326
-0.054806445 0.040665697 -0.997668564 -202.892364502 -0.650378704 0.756687403 0.066571370 -3.745873451 0.757630348 0.652510941 -0.015023247 10.269475937
-0.053674832 0.037109695 -0.997868598 -203.783096313 -0.646650434 0.760176003 0.063053131 -3.698071480 0.760895669 0.648656547 -0.016805317 10.237261772
-0.053761363 0.034133032 -0.997970223 -204.716232300 -0.645364404 0.761450410 0.060809713 -3.650070190 0.761980653 0.647323668 -0.018908376 10.211586952
-0.053149216 0.033824231 -0.998013556 -205.656356812 -0.648903787 0.758480251 0.060263444 -3.588130951 0.759011924 0.650817633 -0.018363968 10.183067322
-0.043141052 0.046932857 -0.997965932 -206.842529297 -0.649904251 0.757340968 0.063711323 -3.437572479 0.758790672 0.651330948 -0.002170622 10.337319374
-0.034358453 0.042784654 -0.998493314 -207.830856323 -0.644863963 0.762326300 0.054855037 -3.297166824 0.763524711 0.645777106 0.001397926 10.366292953
-0.032892391 0.044685617 -0.998459458 -208.848922729 -0.644777656 0.762362778 0.055360220 -3.252079964 0.763662100 0.645605326 0.003736355 10.364763260
-0.031386562 0.049645539 -0.998273730 -209.829544067 -0.645295620 0.761714995 0.058169793 -3.205667496 0.763287902 0.646007299 0.008128430 10.358137131
-0.029502736 0.053306196 -0.998142242 -210.813400269 -0.643147171 0.763405561 0.059779894 -3.155742645 0.765174031 0.643716156 0.011761165 10.361702919
-0.028114295 0.053795818 -0.998156190 -211.815338135 -0.642819285 0.763721645 0.059266724 -3.098552704 0.765501618 0.643300295 0.013109498 10.361395836
-0.031166075 0.050313730 -0.998247087 -212.896926880 -0.639573574 0.766493022 0.058600850 -3.029726028 0.768097818 0.640278816 0.008290753 10.288530350
-0.037992183 0.044483405 -0.998287439 -213.905929565 -0.638024032 0.767791450 0.058494087 -2.978719711 0.769078612 0.639153719 -0.000788591 10.376656532
-0.033050306 0.044889957 -0.998445094 -214.916168213 -0.639146388 0.767069578 0.055644225 -2.918889046 0.768374622 0.639991641 0.003339372 10.349769592
