0.999133289 0.002066042 -0.041571815 -0.057033774 -0.002204732 0.999992132 -0.003290596 -0.005243881 0.041564696 0.003379400 0.999130130 0.495841473
0.998494744 0.001917266 -0.054813582 -0.082436152 -0.002153257 0.999988616 -0.004246613 -0.004439007 0.054804817 0.004358250 0.998487473 0.618841588
0.997383416 0.001612114 -0.072275281 -0.039462585 -0.001950085 0.999987483 -0.004605846 -0.001058367 0.072266936 0.004734738 0.997374117 0.327981681
0.995938838 0.000439730 -0.090031825 -0.130683616 -0.000806448 0.999991477 -0.004036864 -0.009043710 0.090029299 0.004093076 0.995930672 0.903665245
0.993940771 -0.000771775 -0.109913714 -0.166470394 0.000300660 0.999990642 -0.004302732 -0.010851033 0.109916009 0.004243614 0.993931770 1.060572863
0.991244316 -0.001334845 -0.132033363 -0.165545374 0.000719635 0.999988675 -0.004707105 -0.012728064 0.132038176 0.004570875 0.991234004 0.995617270
0.987638891 0.002382687 -0.156728327 -0.168480858 -0.003384398 0.999975502 -0.006124833 -0.012807800 0.156709895 0.006579553 0.987622738 0.996041000
0.983232975 0.006382362 -0.182241663 -0.217331409 -0.007853463 0.999942124 -0.007351727 -0.019920170 0.182184219 0.008659691 0.983226180 1.161182165
0.977985978 0.009422399 -0.208457753 -0.399665177 -0.011460145 0.999897659 -0.008569736 -0.029924337 0.208355680 0.010770036 0.977993846 1.737378001
0.971285224 0.010160327 -0.237701103 -0.474607348 -0.012560421 0.999884248 -0.008584728 -0.034083135 0.237586364 0.011323841 0.971300423 1.918721795
0.963130116 0.011972486 -0.268769383 -0.525041521 -0.014875322 0.999850988 -0.008766504 -0.031490289 0.268624306 0.012441314 0.963164687 2.037361860
0.953867793 0.013874291 -0.299906433 -0.633396566 -0.016784968 0.999833703 -0.007131070 -0.040479571 0.299757600 0.011836018 0.953942060 2.252772093
0.942488015 0.015840869 -0.333864421 -0.697084188 -0.018919934 0.999803126 -0.005972677 -0.041055404 0.333704054 0.011945871 0.942602336 2.376407862
0.929979444 0.018383509 -0.367151618 -0.852875948 -0.021950481 0.999743700 -0.005541868 -0.044214249 0.366955608 0.013212979 0.930144608 2.657040358
0.916041672 0.021124691 -0.400526464 -0.941340089 -0.025092943 0.999674201 -0.004664782 -0.046531674 0.400297403 0.014323521 0.916273296 2.792718887
0.900197327 0.021959549 -0.434928268 -1.078742146 -0.026415104 0.999642134 -0.004200950 -0.045560241 0.434680462 0.015270359 0.900455236 2.991578341
0.881882608 0.017477928 -0.471145064 -1.182107925 -0.022285972 0.999740839 -0.004627460 -0.047022492 0.470942140 0.014580801 0.882043540 3.136405230
0.860685587 0.013169498 -0.508966506 -1.374891639 -0.018257812 0.999820769 -0.005004446 -0.050736651 0.508809388 0.013599868 0.860771775 3.393230200
0.835817039 0.014863990 -0.548806846 -1.502897143 -0.018687749 0.999824405 -0.001381463 -0.056301892 0.548689961 0.011410614 0.835948050 3.536231041
0.806849003 0.020394800 -0.590405703 -1.717989922 -0.023604965 0.999718666 0.002275422 -0.060981769 0.590286076 0.012100584 0.807103455 3.738380909
0.774336874 0.023485767 -0.632337570 -1.927823305 -0.026884610 0.999629617 0.004205542 -0.064156473 0.632202208 0.013743644 0.774681509 3.923504829
0.738468945 0.022991931 -0.673895299 -2.137888670 -0.026396884 0.999638081 0.005179339 -0.068281069 0.673770607 0.013963956 0.738808513 4.083106518
0.698688269 0.018556355 -0.715185404 -2.359891653 -0.020336298 0.999774754 0.006073163 -0.066271886 0.715137124 0.010300976 0.698908389 4.252609730
0.656120539 0.014881904 -0.754509330 -2.602247953 -0.014999328 0.999865115 0.006677888 -0.064568982 0.754507005 0.006935635 0.656255245 4.415985107
0.611367226 0.014419553 -0.791215718 -2.855865002 -0.012532860 0.999884963 0.008538399 -0.062185597 0.791247725 0.004696100 0.611477554 4.561790466
0.563847840 0.014775764 -0.825746536 -3.115474224 -0.009857727 0.999889135 0.011160652 -0.058793362 0.825819910 0.001847076 0.563930929 4.652298927
0.512772679 0.015513313 -0.858384252 -3.402318478 -0.008231345 0.999879539 0.013153360 -0.055505745 0.858484983 0.000320971 0.512838542 4.779454708
0.460568607 0.016633293 -0.887468278 -3.726946592 -0.007071247 0.999861419 0.015070053 -0.048882604 0.887596011 -0.000665286 0.460622221 4.892742634
0.404356986 0.020787364 -0.914364994 -3.974007607 -0.007566702 0.999783456 0.019383086 -0.041847765 0.914569914 -0.000918961 0.404426813 4.879189491
0.350015610 0.022963239 -0.936462402 -4.351619244 -0.007436681 0.999736071 0.021735230 -0.034595340 0.936714411 -0.000643498 0.350094020 4.956366539
0.293556929 0.025997445 -0.955588043 -4.699321747 -0.004642885 0.999657094 0.025770085 -0.034324169 0.955930352 -0.003128301 0.293576926 5.040286541
0.239728138 0.028279537 -0.970428109 -5.114985466 0.000071043 0.999575078 0.029146470 -0.034899518 0.970840156 -0.007056172 0.239624262 5.110272884
0.188694328 0.028191309 -0.981631100 -5.486899853 0.002449382 0.999571204 0.029177364 -0.027575910 0.982032776 -0.007909995 0.188544407 5.144777298
0.141190439 0.029435286 -0.989544690 -5.959437847 0.000876641 0.999553800 0.029858097 -0.023888066 0.989982009 -0.005083156 0.141101673 5.166625500
0.098697826 0.029555716 -0.994678438 -6.358598709 -0.001143170 0.999561608 0.029587379 -0.008393437 0.995116770 -0.001783123 0.098688327 5.169689178
0.060465507 0.028102964 -0.997774601 -6.863121510 -0.001954139 0.999605000 0.028036095 0.003682002 0.998168349 0.000254573 0.060496546 5.170360565
0.026026398 0.025300313 -0.999341071 -7.292542458 -0.001205320 0.999679744 0.025277495 0.012697056 0.999660552 0.000546644 0.026048550 5.153481483
-0.005282348 0.022395415 -0.999735236 -7.780133247 -0.000539724 0.999749005 0.022398576 0.019982725 0.999985874 0.000657898 -0.005268935 5.128558636
-0.032783724 0.020217353 -0.999258041 -8.332603455 -0.000779727 0.999794602 0.020253792 0.028058231 0.999462247 0.001443143 -0.032761224 5.100306034
-0.052956276 0.018067045 -0.998433292 -8.816848755 -0.001381153 0.999834061 0.018165644 0.042402804 0.998595834 0.002340975 -0.052922528 5.048646927
-0.069723167 0.017441152 -0.997413874 -9.412758827 -0.000910390 0.999845684 0.017547309 0.049802922 0.997565925 0.002131490 -0.069696523 4.997875690
-0.082168341 0.017687621 -0.996461511 -9.907514572 0.000050867 0.999842584 0.017743442 0.061327010 0.996618390 0.001407262 -0.082156293 4.942280769
-0.091827899 0.018696452 -0.995599389 -10.476307869 -0.000380134 0.999823034 0.018810829 0.066766091 0.995774806 0.002105820 -0.091804519 4.882206917
-0.098305024 0.019771593 -0.994959891 -11.113142967 -0.002525701 0.999794424 0.020117210 0.070172951 0.995153189 0.004490594 -0.098234862 4.805650711
-0.103017591 0.021083374 -0.994455993 -11.664391518 -0.002204140 0.999767959 0.021424327 0.075719312 0.994677126 0.004399002 -0.102947220 4.749431610
-0.104001947 0.021881318 -0.994336307 -12.332451820 -0.000629142 0.999756157 0.022066394 0.082977012 0.994576931 0.002920526 -0.103962831 4.672688484
-0.103346810 0.023950493 -0.994356930 -12.902735710 0.002040258 0.999713063 0.023867449 0.095800444 0.994643271 0.000437880 -0.103366025 4.618704319
-0.101603724 0.026466662 -0.994472802 -13.595629692 0.001527784 0.999648988 0.026448328 0.101020098 0.994823754 0.001167909 -0.101608507 4.542206764
-0.100018926 0.026338879 -0.994636774 -14.211864471 -0.001139886 0.999645889 0.026586145 0.112012982 0.994984865 0.003792891 -0.099953473 4.478069305
-0.098039396 0.023613721 -0.994902253 -14.927782059 -0.003267057 0.999705493 0.024049662 0.122883320 0.995177150 0.005608218 -0.097933374 4.400139332
-0.097324044 0.023565706 -0.994973719 -15.577870369 -0.003011287 0.999708056 0.023972394 0.137593865 0.995248139 0.005329242 -0.097224660 4.342488766
-0.095663130 0.026245829 -0.995067596 -16.326650620 -0.002619579 0.999642253 0.026618324 0.154781222 0.995410323 0.005153051 -0.095560133 4.274414062
-0.093962215 0.029765507 -0.995130658 -17.000278473 -0.003551752 0.999536574 0.030232653 0.164438277 0.995569408 0.006375185 -0.093812943 4.211198807
-0.092247330 0.032060552 -0.995219886 -17.783590317 -0.004109740 0.999460757 0.032578100 0.172273904 0.995727658 0.007095338 -0.092065834 4.130175591
-0.090406142 0.031182127 -0.995416701 -18.481222153 -0.006012636 0.999474406 0.031855315 0.188306510 0.995886803 0.008864995 -0.090171114 4.067895412
-0.088544451 0.028151633 -0.995674312 -19.286649704 -0.008259524 0.999545455 0.028995594 0.206102163 0.996037960 0.010791196 -0.088271670 3.986498356
-0.087196335 0.027471600 -0.995812297 -20.016010284 -0.009169794 0.999555230 0.028377792 0.221135944 0.996148944 0.011605832 -0.086905621 3.927307129
-0.086363681 0.029680829 -0.995821416 -20.833297729 -0.006462253 0.999518454 0.030351466 0.237794399 0.996242762 0.009056513 -0.086130284 3.865637302
-0.084840059 0.032014787 -0.995880127 -21.583833694 -0.003998793 0.999464691 0.032470684 0.250791550 0.996386528 0.006737133 -0.084666617 3.800048828
-0.083729461 0.033773664 -0.995916069 -22.406793594 -0.003024275 0.999412239 0.034146488 0.266283810 0.996483862 0.005870991 -0.083578117 3.732434511
-0.082814820 0.029097587 -0.996140063 -23.181867599 -0.002998022 0.999561846 0.029446779 0.278669566 0.996560454 0.005425080 -0.082691282 3.664781094
-0.082419664 0.022217296 -0.996350050 -24.006500244 -0.001783718 0.999746621 0.022440586 0.287858218 0.996596158 0.003626755 -0.082359150 3.590140343
-0.082723059 0.017663404 -0.996416032 -24.803094864 0.001840210 0.999843895 0.017571401 0.301022589 0.996570826 -0.000380055 -0.082742654 3.534201384
-0.083628714 0.018402819 -0.996327043 -25.640001297 0.002962415 0.999829650 0.018218860 0.312427729 0.996492624 -0.001427914 -0.083668977 3.471492767
-0.083526827 0.025983440 -0.996166766 -26.476999283 0.002500911 0.999662340 0.025864918 0.316658616 0.996502340 -0.000330908 -0.083563633 3.394496918
-0.083834566 0.032705963 -0.995942831 -27.333421707 0.001393237 0.999464214 0.032704320 0.333938301 0.996478736 0.001354169 -0.083835214 3.312387943
-0.084376037 0.038284127 -0.995698214 -28.163095474 -0.000381268 0.999260187 0.038453396 0.342100084 0.996433914 0.003624173 -0.084299006 3.247379541
-0.084777333 0.038681641 -0.995648801 -29.015617371 -0.001600869 0.999239564 0.038957458 0.359515190 0.996398628 0.004896613 -0.084650934 3.167982340
-0.084899977 0.035071541 -0.995771945 -29.842529297 -0.002281869 0.999370873 0.035392843 0.371317804 0.996386826 0.005277073 -0.084766530 3.090990305
-0.085225977 0.032524202 -0.995830595 -30.684505463 -0.001935176 0.999459863 0.032808349 0.387795508 0.996359825 0.004723231 -0.085116990 3.011554480
-0.085242026 0.033459947 -0.995798230 -31.537694931 -0.003498853 0.999419749 0.033881146 0.404288590 0.996354163 0.006372249 -0.085075483 2.922996759
-0.085358858 0.036258459 -0.995690286 -32.358707428 -0.004922803 0.999310076 0.036812302 0.408410728 0.996338189 0.008043845 -0.085121475 2.867388248
-0.085326403 0.034343537 -0.995760918 -33.199268341 -0.004966915 0.999378622 0.034893930 0.431196630 0.996340752 0.007923231 -0.085102797 2.788648844
-0.085083462 0.029341197 -0.995941639 -34.033248901 -0.007114492 0.999522924 0.030054489 0.440902889 0.996348560 0.009642758 -0.084834106 2.719994783
-0.084718511 0.024948657 -0.996092618 -34.863876343 -0.008436098 0.999632597 0.025754826 0.456397176 0.996369243 0.010585045 -0.084476918 2.637946844
-0.084471971 0.025786607 -0.996092081 -35.683502197 -0.007862408 0.999616683 0.026544608 0.464357913 0.996394873 0.010073956 -0.084236830 2.574556112
-0.084213428 0.028408859 -0.996042728 -36.529876709 -0.006762960 0.999554157 0.029080810 0.468434215 0.996424794 0.009185190 -0.083983772 2.510237694
-0.083624236 0.033223346 -0.995943367 -37.366039276 -0.006114843 0.999408126 0.033852361 0.486123621 0.996478617 0.008920916 -0.083371595 2.429867268
-0.083579294 0.038928095 -0.995740533 -38.175590515 -0.005297326 0.999205232 0.039508186 0.493707776 0.996487081 0.008576828 -0.083306655 2.377902269
-0.083363123 0.041843385 -0.995640337 -39.022624969 -0.006077860 0.999078095 0.042496756 0.517116547 0.996500611 0.009594026 -0.083031952 2.299187422
-0.083805129 0.041949879 -0.995598733 -39.825847626 -0.005776527 0.999076247 0.042582650 0.533041000 0.996465325 0.009319747 -0.083485387 2.245330572
-0.083482809 0.036993299 -0.995822310 -40.680709839 -0.005520560 0.999278128 0.037584480 0.562904358 0.996493876 0.008635157 -0.083218329 2.162968636
-0.082989745 0.033204023 -0.995997012 -41.488468170 -0.006060448 0.999409497 0.033822745 0.568417907 0.996531963 0.008843130 -0.082739495 2.092909575
-0.082517952 0.030311417 -0.996128500 -42.312492371 -0.010287465 0.999458194 0.031264935 0.586841762 0.996536493 0.012827554 -0.082161404 2.007670164
-0.083039701 0.028593021 -0.996136010 -43.128482819 -0.013052327 0.999471366 0.029776827 0.595508158 0.996460676 0.015474549 -0.082622588 1.927701473
-0.083999135 0.026429797 -0.996115267 -43.952083588 -0.011174001 0.999560416 0.027463470 0.607391477 0.996403217 0.013437502 -0.083666876 1.867206812
-0.084890351 0.023131087 -0.996121764 -44.762470245 -0.007458305 0.999687672 0.023849491 0.609218597 0.996362448 0.009453974 -0.084691323 1.793800354
-0.086086504 0.021268299 -0.996060729 -45.582191467 -0.003164715 0.999761224 0.021620832 0.625011206 0.996282637 0.005013512 -0.085998639 1.735141039
-0.087972417 0.024973148 -0.995809913 -46.395545959 -0.003098853 0.999673963 0.025343815 0.626752794 0.996118128 0.005315424 -0.087866351 1.661044598
-0.089604527 0.030817267 -0.995500505 -47.229640961 -0.000355726 0.999520183 0.030973718 0.639592409 0.995977402 0.003129511 -0.089550577 1.583031654
-0.091809154 0.034975439 -0.995162249 -48.013950348 0.001235984 0.999386251 0.035009865 0.644895911 0.995775819 0.001984224 -0.091796048 1.520535469
-0.093112968 0.033966653 -0.995076060 -48.825309753 0.001443503 0.999421597 0.033979900 0.657009721 0.995654464 0.001727574 -0.093108125 1.439544201
-0.094105482 0.029926721 -0.995112419 -49.635715485 -0.002073449 0.999540091 0.030255955 0.666011870 0.995560110 0.004910565 -0.094000146 1.348394871
-0.095649883 0.026306242 -0.995067358 -50.378334045 -0.006767512 0.999610424 0.027076861 0.673884332 0.995392025 0.009324025 -0.095434591 1.279053211
-0.096652135 0.025247810 -0.994997978 -51.180686951 -0.010893828 0.999591529 0.026422573 0.679749966 0.995258629 0.013393137 -0.096337594 1.183716297
-0.098185770 0.026020356 -0.994827807 -51.941425323 -0.012219897 0.999551237 0.027349962 0.688666642 0.995093048 0.014842072 -0.097823724 1.113199234
-0.098898202 0.027579160 -0.994715214 -52.731025696 -0.012291105 0.999505758 0.028934002 0.695904672 0.995021641 0.015087671 -0.098510332 1.029126167
-0.100150034 0.027263207 -0.994598806 -53.494297028 -0.014116214 0.999485075 0.028818555 0.699779391 0.994872212 0.016926145 -0.099713579 0.952488422
-0.100632012 0.026979247 -0.994557858 -54.276527405 -0.014341894 0.999489009 0.028564166 0.711256564 0.994820297 0.017138310 -0.100193650 0.865622044
-0.101460628 0.028796066 -0.994422674 -55.012187958 -0.012521924 0.999464869 0.030219680 0.719324172 0.994760692 0.015518198 -0.101045720 0.797270298
-0.101883203 0.031488691 -0.994297862 -55.786193848 -0.011333846 0.999397337 0.032811541 0.731475472 0.994731843 0.014612162 -0.101464897 0.717151165
-0.102308542 0.035741981 -0.994110346 -56.518585205 -0.011362130 0.999247074 0.037095990 0.743584514 0.994687855 0.015090448 -0.101825394 0.643514633
-0.102546863 0.037900526 -0.994005919 -57.270568848 -0.011327919 0.999164581 0.039265867 0.755878568 0.994663656 0.015286607 -0.102031849 0.555130959
-0.103577174 0.037500922 -0.993914187 -58.035751343 -0.010791976 0.999187708 0.038824540 0.771211147 0.994562864 0.014747635 -0.103088334 0.477497578
-0.103817284 0.035816099 -0.993951321 -58.695716858 -0.010697721 0.999253333 0.037124518 0.775978208 0.994538844 0.014487181 -0.103356630 0.411215305
-0.103974029 0.032832995 -0.994037926 -59.421058655 -0.010421017 0.999364138 0.034098927 0.775103450 0.994525492 0.013904289 -0.103565753 0.328325748
-0.104337320 0.029114548 -0.994115710 -60.134632111 -0.011008799 0.999476314 0.030426968 0.807607889 0.994481087 0.014118685 -0.103962161 0.263371944
-0.103320070 0.026843078 -0.994285941 -60.843490601 -0.011494579 0.999536812 0.028179282 0.813325882 0.994581819 0.014340379 -0.102963664 0.182485104
-0.101168104 0.026116483 -0.994526505 -61.439846039 -0.013626926 0.999525309 0.027633945 0.811628878 0.994775951 0.016348014 -0.100764170 0.133525848
-0.097308137 0.026987724 -0.994888365 -62.114540100 -0.013272191 0.999508262 0.028411169 0.818791747 0.995165825 0.015968982 -0.096902095 0.068800449
-0.091301180 0.028661776 -0.995410800 -62.782196045 -0.013043616 0.999465466 0.029974915 0.825716138 0.995737851 0.015720496 -0.090878546 0.006689072
-0.084407747 0.030280592 -0.995971024 -63.351325989 -0.012458920 0.999427915 0.031441577 0.823053122 0.996353388 0.015062637 -0.083982162 -0.031463623
-0.075694486 0.031199681 -0.996642828 -63.990188599 -0.013357222 0.999388933 0.032300118 0.833849669 0.997041523 0.015757322 -0.075231500 -0.082940578
-0.063619748 0.033753954 -0.997403204 -64.594665527 -0.015711730 0.999270022 0.034819320 0.828416944 0.997850478 0.017886128 -0.063042969 -0.127119303
-0.049552221 0.034902323 -0.998161435 -65.132568359 -0.018767510 0.999180257 0.035869628 0.838477254 0.998595178 0.020510428 -0.048856571 -0.128751993
-0.031465977 0.036145009 -0.998851061 -65.711196899 -0.020206824 0.999118686 0.036791250 0.847217679 0.999300539 0.021341279 -0.030707866 -0.137374282
-0.009236977 0.036971778 -0.999273658 -66.286247253 -0.021399319 0.999080062 0.037162419 0.858851790 0.999728322 0.021727048 -0.008437306 -0.132497281
0.016339470 0.037087858 -0.999178410 -66.814956665 -0.020582441 0.999112606 0.036748827 0.866356969 0.999654651 0.019965071 0.017088320 -0.109028220
0.044729762 0.036052324 -0.998348415 -67.235336304 -0.019292377 0.999193430 0.035218477 0.881312370 0.998812854 0.017685190 0.045389220 -0.049681664
0.079162791 0.036226571 -0.996203244 -67.731399536 -0.018488146 0.999220848 0.034867164 0.886256337 0.996690392 0.015657764 0.079770893 0.002779007
0.116701089 0.036519781 -0.992495418 -68.189659119 -0.017761439 0.999240637 0.034679525 0.890727639 0.993008196 0.013581008 0.117261127 0.084765434
0.158407345 0.036442123 -0.986701190 -68.651756287 -0.017673668 0.999263108 0.034068715 0.895242691 0.987215698 0.012041885 0.158934698 0.171449661
0.202628240 0.037282653 -0.978545785 -68.997268677 -0.016531883 0.999262810 0.034648713 0.898397207 0.979116201 0.009156391 0.203095213 0.279646873
0.250608563 0.035887167 -0.967423141 -69.412086487 -0.012973534 0.999347448 0.033710659 0.900101781 0.968001544 0.004102716 0.250910610 0.430889130
0.301400185 0.031298701 -0.952983975 -69.825889587 -0.005937617 0.999503314 0.030948641 0.900260568 0.953479290 -0.003669471 0.301436335 0.591917038
0.352016389 0.026224807 -0.935626388 -70.154365540 -0.000294684 0.999610424 0.027907351 0.896571934 0.935993791 -0.009548131 0.351886988 0.760562897
0.403925717 0.021615742 -0.914536417 -70.529876709 0.004579999 0.999660373 0.025650574 0.903046370 0.914780319 -0.014549502 0.403689623 0.978803635
0.455168277 0.020921107 -0.890159607 -70.875007629 0.004622234 0.999654949 0.025858039 0.912151694 0.890393436 -0.015884286 0.454914570 1.187974930
0.503785491 0.019628188 -0.863605797 -71.242187500 0.005997173 0.999638319 0.026218412 0.920563340 0.863808036 -0.018387651 0.503485560 1.437255859
0.548739970 0.015277419 -0.835853457 -71.552673340 0.013533254 0.999539614 0.027153833 0.926596284 0.835883558 -0.026212210 0.548280597 1.693529129
0.592631936 0.008948791 -0.805423737 -71.854621887 0.023763774 0.999308646 0.028588396 0.929739118 0.805122793 -0.036082298 0.592009544 1.978050232
0.635520041 0.003996522 -0.772074044 -72.170410156 0.025031475 0.999354184 0.025777247 0.931686521 0.771678507 -0.035708107 0.635009527 2.283393860
0.676701546 -0.000257348 -0.736257374 -72.425254822 0.021600580 0.999576449 0.019503919 0.930523515 0.735940516 -0.029101919 0.676420391 2.566402435
0.717874348 -0.007855337 -0.696128368 -72.728340149 0.018250421 0.999805033 0.007538408 0.945269167 0.695933521 -0.018116266 0.717877626 2.909145355
0.757014453 -0.009454626 -0.653329730 -72.956428528 0.012970584 0.999915659 0.000558819 0.933993578 0.653269410 -0.008897104 0.757073283 3.233558655
0.794183969 -0.010605643 -0.607584774 -73.218429565 0.011411153 0.999931633 -0.002538511 0.937545955 0.607570231 -0.004917200 0.794250846 3.638587952
0.829033613 -0.011401135 -0.559082568 -73.458938599 0.011133426 0.999930441 -0.003882000 0.931283295 0.559087992 -0.003006196 0.829102874 4.033889771
0.860230982 -0.010756545 -0.509791255 -73.706451416 0.008781365 0.999941766 -0.006280835 0.933998048 0.509829164 0.000926306 0.860275209 4.500967026
0.886695206 -0.008389365 -0.462278575 -73.901321411 0.007116623 0.999964595 -0.004496839 0.918931961 0.462299913 0.000697463 0.886723340 4.934494019
0.908409238 -0.002636960 -0.418073982 -74.124160767 0.001352713 0.999993384 -0.003368127 0.910313487 0.418080091 0.002494102 0.908406734 5.454011917
0.926425099 0.002261059 -0.376472324 -74.305503845 -0.004474529 0.999977529 -0.005005168 0.906299591 0.376452595 0.006321451 0.926414311 5.930490494
0.940412819 0.007464218 -0.339952886 -74.491043091 -0.009255400 0.999950469 -0.003647711 0.902797222 0.339908838 0.006576750 0.940435350 6.466381073
0.950980663 0.008521264 -0.309133083 -74.688407898 -0.009485766 0.999953687 -0.001617135 0.892985880 0.309105068 0.004470228 0.951017439 7.048648834
0.958314180 0.007632569 -0.285614491 -74.818740845 -0.008052725 0.999967575 -0.000296618 0.885876358 0.285603017 0.002584231 0.958344579 7.601140976
0.964314640 0.007921804 -0.264640331 -74.976516724 -0.007833029 0.999968290 0.001390751 0.888432741 0.264642954 0.000731812 0.964346170 8.207571030
0.969206512 0.010116472 -0.246041358 -75.147850037 -0.009468217 0.999947846 0.003817600 0.884809136 0.246067151 -0.001370471 0.969251752 8.862859726
0.972790658 0.015559014 -0.231162548 -75.281311035 -0.014717997 0.999877274 0.005362343 0.880050778 0.231217623 -0.001814185 0.972900391 9.463098526
0.975756824 0.019143805 -0.218018860 -75.434417725 -0.018074855 0.999812841 0.006896460 0.872266531 0.218110055 -0.002788611 0.975920260 10.147597313
0.978558183 0.017943226 -0.205187514 -75.557655334 -0.016950516 0.999834538 0.006594889 0.867182136 0.205271930 -0.002975450 0.978700459 10.783238411
0.981339455 0.017511448 -0.191484258 -75.693634033 -0.016650070 0.999842644 0.006106628 0.865486622 0.191561103 -0.002804449 0.981476665 11.503076553
0.984053254 0.018424656 -0.176917061 -75.810104370 -0.017511390 0.999824047 0.006722210 0.862326324 0.177009836 -0.003516950 0.984202743 12.165747643
0.986475587 0.019910129 -0.162694216 -75.937690735 -0.019017966 0.999794304 0.007039431 0.864425898 0.162800908 -0.003850116 0.986651421 12.923550606
0.988498032 0.020628523 -0.149820015 -76.045394897 -0.020223767 0.999786496 0.004224850 0.854799271 0.149875194 -0.001146331 0.988704205 13.612748146
0.990107834 0.021220727 -0.138694823 -76.154838562 -0.021568261 0.999766827 -0.001003101 0.846378148 0.138641208 0.003984584 0.990334630 14.386643410
0.991372466 0.019220348 -0.129658848 -76.238800049 -0.020327820 0.999767184 -0.007223266 0.839922547 0.129489824 0.009796632 0.991532326 15.106050491
0.992341459 0.018930210 -0.122065455 -76.329650879 -0.020014983 0.999770284 -0.007666701 0.832172394 0.121892288 0.010051126 0.992492378 15.917468071
0.993147552 0.021334408 -0.114903010 -76.428405762 -0.021652160 0.999764442 -0.001517910 0.822817266 0.114843562 0.003995407 0.993375540 16.655269623
0.993698180 0.026604008 -0.108885147 -76.548843384 -0.026061539 0.999639928 0.006402338 0.806462109 0.109016262 -0.003524280 0.994033754 17.490623474
0.994066894 0.026816111 -0.105413049 -76.615303040 -0.025875982 0.999612451 0.010276253 0.799443126 0.105647750 -0.007487619 0.994375348 18.225751877
0.994497955 0.025824193 -0.101522632 -76.718460083 -0.025040291 0.999646008 0.008988483 0.794740081 0.101718821 -0.006396874 0.994792581 19.053972244
0.994774282 0.025674220 -0.098817699 -76.778182983 -0.024967503 0.999653101 0.008381975 0.784458399 0.098998606 -0.005870944 0.995070279 19.769866943
0.995038211 0.024571095 -0.096411094 -76.856445312 -0.023640251 0.999662340 0.010785533 0.774857938 0.096643537 -0.008452837 0.995283127 20.596641541
0.995346963 0.022632256 -0.093660213 -76.924530029 -0.021493565 0.999682486 0.013148800 0.768254280 0.093928061 -0.011074526 0.995517373 21.320405960
0.995671332 0.020060172 -0.090753257 -76.997619629 -0.018802859 0.999715328 0.014688102 0.767397285 0.091022074 -0.012918103 0.995765030 22.103961945
0.995921791 0.018837389 -0.088231310 -77.072792053 -0.017952399 0.999780476 0.010813177 0.763482928 0.088415623 -0.009185117 0.996041417 22.923017502
0.996011615 0.022070222 -0.086450972 -77.139846802 -0.021825468 0.999754608 0.003775410 0.755244672 0.086513080 -0.001873515 0.996248841 23.627780914
0.996122181 0.022530368 -0.085046083 -77.215858459 -0.022945317 0.999729037 -0.003904661 0.742870033 0.084935062 0.005840927 0.996369302 24.434831619
0.996221244 0.022891991 -0.083780289 -77.277572632 -0.023653282 0.999687433 -0.008105309 0.734309912 0.083568551 0.010056360 0.996451318 25.152009964
0.996368647 0.024429917 -0.081564292 -77.350303650 -0.025028601 0.999666870 -0.006325532 0.715842366 0.081382580 0.008344003 0.996647954 25.954975128
0.996480703 0.027840110 -0.079064310 -77.416519165 -0.028109189 0.999602199 -0.002292274 0.698895931 0.078969039 0.004506645 0.996866882 26.673292160
0.996561348 0.031012939 -0.076834783 -77.484123230 -0.030898964 0.999518871 0.002672074 0.686062872 0.076880693 -0.000288771 0.997040212 27.438106537
0.996860325 0.028657369 -0.073811173 -77.556381226 -0.028423188 0.999587059 0.004221344 0.676719904 0.073901661 -0.002110142 0.997263253 28.244529724
0.996982396 0.026049986 -0.073127151 -77.596511841 -0.025804203 0.999657691 0.004303806 0.664703131 0.073214233 -0.002403826 0.997313380 28.943515778
0.997131586 0.024032287 -0.071772270 -77.663055420 -0.023804350 0.999708414 0.004029532 0.653601587 0.071848191 -0.002309481 0.997413039 29.753343582
0.997195661 0.023679063 -0.070994392 -77.707077026 -0.023564856 0.999719262 0.002445868 0.641401112 0.071032368 -0.000766035 0.997473776 30.511377335
0.997276485 0.021499939 -0.070550457 -77.757469177 -0.021466831 0.999768794 0.001227647 0.633599162 0.070560530 0.000290191 0.997507453 31.205774307
0.997389674 0.020301377 -0.069293417 -77.822731018 -0.020288330 0.999793768 0.000892100 0.629518211 0.069297232 0.000516076 0.997595847 31.999549866
0.997317016 0.024679435 -0.068917170 -77.870658875 -0.024566794 0.999695122 0.002481600 0.614594996 0.068957396 -0.000781868 0.997619212 32.741168976
0.997325301 0.024532303 -0.068850718 -77.933311462 -0.024478963 0.999699116 0.001618435 0.603103042 0.068869695 0.000071287 0.997625589 33.543060303
0.997228384 0.022814015 -0.070817582 -77.983779907 -0.022773867 0.999739707 0.001374360 0.595529437 0.070830502 0.000242240 0.997488260 34.336879730
0.997137785 0.021317843 -0.072537124 -78.043037415 -0.021251993 0.999772727 0.001679542 0.586302578 0.072556421 -0.000133174 0.997364283 35.068931580
0.996853054 0.023557900 -0.075690441 -78.108085632 -0.023509311 0.999722421 0.001532937 0.577271104 0.075705521 0.000251318 0.997130215 35.892635345
0.996536136 0.026931284 -0.078678876 -78.175102234 -0.026903022 0.999636948 0.001419368 0.562702954 0.078688547 0.000702248 0.996899009 36.654762268
0.996289790 0.026405476 -0.081911005 -78.245964050 -0.026776863 0.999635518 -0.003438688 0.547485769 0.081790328 0.005619250 0.996633768 37.515335083
0.996101260 0.028285239 -0.083559893 -78.327491760 -0.029001923 0.999552071 -0.007375319 0.544545054 0.083313853 0.009769963 0.996475577 38.312316895
0.995939076 0.027076155 -0.085861944 -78.394073486 -0.027915077 0.999573469 -0.008584796 0.529321194 0.085592858 0.010946772 0.996270061 39.054637909
0.995746851 0.027979221 -0.087780207 -78.471633911 -0.028749220 0.999558389 -0.007519678 0.519486845 0.087531038 0.010011309 0.996111453 39.887710571
0.995620847 0.025751542 -0.089867592 -78.555564880 -0.026456706 0.999627769 -0.006664084 0.497626781 0.089662522 0.009012500 0.995931506 40.735130310
0.995472252 0.025421649 -0.091590285 -78.637008667 -0.025971470 0.999651074 -0.004815919 0.484653711 0.091435879 0.007172848 0.995785117 41.524059296
0.995351672 0.025610778 -0.092840262 -78.717552185 -0.025819691 0.999666154 -0.001049554 0.470847249 0.092782378 0.003441782 0.995680511 42.392177582
0.995227635 0.024350014 -0.094494432 -78.791259766 -0.024132214 0.999702811 0.003447134 0.463790327 0.094550289 -0.001150321 0.995519400 43.261672974
0.995346308 0.024715422 -0.093139157 -78.878662109 -0.024277508 0.999688208 0.005831962 0.447875112 0.093254253 -0.003543634 0.995636046 44.077560425
0.995476544 0.027677702 -0.090886980 -78.968437195 -0.027220532 0.999609828 0.006266014 0.432342082 0.091024928 -0.003763677 0.995841563 44.950134277
0.995583832 0.027124397 -0.089872733 -79.032745361 -0.026817478 0.999629617 0.004621045 0.426396251 0.089964800 -0.002190477 0.995942533 45.826980591
0.995802581 0.025147149 -0.088005193 -79.114433289 -0.025038598 0.999683678 0.002337256 0.418613702 0.088036135 -0.000123918 0.996117234 46.641799927
0.996015251 0.021630701 -0.086520456 -79.183265686 -0.021685926 0.999764740 0.000301613 0.409090340 0.086506620 0.001575864 0.996249914 47.527198792
0.996223688 0.020236176 -0.084432639 -79.265876770 -0.020280862 0.999794245 0.000328528 0.398230344 0.084421903 0.001385079 0.996429086 48.398750305
0.996311009 0.017935744 -0.083919838 -79.321884155 -0.017763315 0.999838293 0.002800951 0.390441209 0.083956480 -0.001299925 0.996468484 49.226428986
0.996383131 0.015031838 -0.083633862 -79.380500793 -0.014656909 0.999879599 0.005095192 0.381855071 0.083700381 -0.003850950 0.996483445 50.115459442
0.996489108 0.015083903 -0.082352847 -79.472496033 -0.014714686 0.999878705 0.005088517 0.374922603 0.082419612 -0.003858856 0.996590197 51.004322052
0.996555328 0.016707560 -0.081231795 -79.534095764 -0.016618388 0.999860287 0.001773747 0.361553699 0.081250094 -0.000417696 0.996693671 51.800598145
0.996563852 0.019759066 -0.080437295 -79.621261597 -0.020184129 0.999786258 -0.004474667 0.352272660 0.080331683 0.006082849 0.996749640 52.670196533
0.996571600 0.021206416 -0.079971276 -79.693275452 -0.022020409 0.999714196 -0.009310306 0.323205709 0.079750985 0.011039386 0.996753633 53.538879395
0.996535242 0.025150238 -0.079277538 -79.752975464 -0.026450466 0.999531627 -0.015393499 0.311459363 0.078853264 0.017437097 0.996733665 54.326522827
0.996667266 0.024372840 -0.077847183 -79.836067200 -0.025689892 0.999542534 -0.015961787 0.286489964 0.077422529 0.017908474 0.996837437 55.188766479
0.996754229 0.021473857 -0.077588439 -79.902778625 -0.022303572 0.999702811 -0.009843001 0.263794243 0.077354006 0.011541552 0.996936858 56.047695160
0.996649563 0.021164842 -0.079004191 -79.951248169 -0.021351578 0.999770820 -0.001519519 0.249425203 0.078953937 0.003201291 0.996873081 56.866245270
0.996563971 0.020993819 -0.080120921 -80.026084900 -0.020544302 0.999768138 0.006430778 0.223732263 0.080237366 -0.004762654 0.996764362 57.729290009
0.996420443 0.018287506 -0.082534268 -80.091217041 -0.018013412 0.999829412 0.004064423 0.219321042 0.082594529 -0.002563150 0.996579885 58.532192230
0.996276736 0.014300262 -0.085019343 -80.145797729 -0.014262737 0.999897718 0.001048780 0.198459014 0.085025653 0.000167733 0.996378720 59.360527039
0.996063054 0.012459447 -0.087768055 -80.221817017 -0.012559461 0.999920905 -0.000587374 0.182055026 0.087753803 0.001687382 0.996140718 60.207412720
0.995837390 0.014293572 -0.090019666 -80.306915283 -0.014646808 0.999887347 -0.003264639 0.173570618 0.089962862 0.004569551 0.995934665 60.965950012
0.995502293 0.016287109 -0.093326651 -80.392074585 -0.016983612 0.999833405 -0.006673663 0.156991154 0.093202405 0.008228671 0.995613277 61.785530090
0.995086074 0.016582878 -0.097615033 -80.470886230 -0.017665297 0.999791563 -0.010234766 0.139187753 0.097424977 0.011908870 0.995171666 62.568027496
0.994706869 0.018588657 -0.101058252 -80.555290222 -0.020128563 0.999696016 -0.014239425 0.117143154 0.100762829 0.016198210 0.994778633 63.378807068
0.994300902 0.023311190 -0.104029678 -80.650909424 -0.024913156 0.999589801 -0.014126249 0.093183756 0.103657693 0.016637456 0.994473875 64.154167175
0.993796706 0.026669687 -0.107966185 -80.745948792 -0.028161529 0.999527395 -0.012316383 0.070464194 0.107586697 0.015280475 0.994078279 64.970214844
0.993299782 0.030343715 -0.111511327 -80.845672607 -0.031275745 0.999488890 -0.006618020 0.053542405 0.111253530 0.010061277 0.993741095 65.744796753
0.992850363 0.030082388 -0.115512401 -80.942459106 -0.030416269 0.999536693 -0.001128530 0.033497855 0.115424924 0.004633918 0.993305326 66.558021545
0.992220879 0.029678516 -0.120899588 -81.033866882 -0.029562764 0.999559104 0.002751395 0.018831760 0.120927930 0.000844133 0.992660940 67.330902100
0.991448045 0.029190309 -0.127195522 -81.142219543 -0.028971134 0.999573886 0.003573263 0.007327825 0.127245605 0.000142294 0.991871297 68.116569519
0.990726113 0.027248010 -0.133113429 -81.242774963 -0.026493570 0.999621212 0.007435923 -0.004155278 0.133265629 -0.003840314 0.991072893 68.880218506
0.989763618 0.028545827 -0.139832631 -81.356369019 -0.027867632 0.999588430 0.006806036 -0.010831654 0.139969364 -0.002839562 0.990151763 69.662200928
0.988739014 0.033283126 -0.145901337 -81.475433350 -0.032747235 0.999445140 0.006073826 -0.021822929 0.146022558 -0.001227563 0.989280522 70.402290344
0.987812757 0.034478083 -0.151779845 -81.601119995 -0.034449175 0.999402463 0.002820793 -0.039329976 0.151786402 0.002442277 0.988410294 71.157890320
0.986857235 0.033636604 -0.158055052 -81.722969055 -0.034171507 0.999415755 -0.000667171 -0.038402174 0.157940283 0.006059381 0.987430036 71.906219482
0.985924363 0.034306500 -0.163634896 -81.850578308 -0.035032354 0.999384999 -0.001551330 -0.054288477 0.163481042 0.007262008 0.986519694 72.653907776
0.985026538 0.037317492 -0.168316305 -81.985282898 -0.037356105 0.999297738 0.002938124 -0.055365801 0.168307737 0.003393513 0.985728562 73.416496277
0.983887553 0.038031962 -0.174696892 -82.120803833 -0.037394907 0.999276459 0.006938131 -0.066939473 0.174834371 -0.000293567 0.984597743 74.168716431
0.982855618 0.037204377 -0.180584073 -82.262046814 -0.036117081 0.999304235 0.009306581 -0.072619855 0.180804685 -0.002624857 0.983515441 74.896575928
0.981531322 0.034667924 -0.188133791 -82.398178101 -0.034312300 0.999397874 0.005147672 -0.076674968 0.188198969 0.001402701 0.982129872 75.639343262
0.979951560 0.032294240 -0.196601078 -82.547996521 -0.033328015 0.999442518 -0.001951227 -0.082678795 0.196428493 0.008464433 0.980481625 76.345298767
0.978147745 0.030392392 -0.205677554 -82.706260681 -0.031757288 0.999490023 -0.003337424 -0.101674855 0.205471218 0.009796256 0.978614151 77.072494507
0.975825012 0.029257704 -0.216586649 -82.860458374 -0.030140169 0.999545336 -0.000771629 -0.110489443 0.216465622 0.007280931 0.976263046 77.783569336
0.973390818 0.029062411 -0.227301046 -83.046524048 -0.028574096 0.999576807 0.005439273 -0.117481053 0.227362961 0.001200383 0.973809361 78.518913269
0.970437825 0.031225512 -0.239322960 -83.218261719 -0.028892666 0.999494731 0.013250722 -0.123257160 0.239615723 -0.005944321 0.970849633 79.223541260
0.967653632 0.031922583 -0.250255078 -83.419029236 -0.028642485 0.999449670 0.016738959 -0.129272699 0.250651658 -0.009029586 0.968035221 79.951828003
0.964448273 0.035128444 -0.261926442 -83.609466553 -0.033083208 0.999377966 0.012215408 -0.136402369 0.262192637 -0.003115760 0.965010524 80.628196716
0.961102545 0.035120163 -0.273949474 -83.824707031 -0.035593309 0.999361038 0.003244767 -0.144134194 0.273888379 0.006632213 0.961738646 81.335433960
0.957659543 0.032198220 -0.286096692 -84.045249939 -0.034028288 0.999419868 -0.001426001 -0.148808986 0.285884798 0.011101002 0.958199739 82.030014038
0.953831375 0.030792525 -0.298759937 -84.245147705 -0.031300299 0.999505281 0.003086374 -0.144054115 0.298707247 0.006407394 0.954323232 82.718666077
0.950060427 0.032354467 -0.310384154 -84.478271484 -0.030713456 0.999476492 0.010174121 -0.146340609 0.310550809 -0.000133059 0.950556755 83.444038391
0.946119726 0.032303564 -0.322201580 -84.719421387 -0.028774299 0.999462426 0.015711499 -0.152917385 0.322535962 -0.005593835 0.946540713 84.131301880
0.941791534 0.029994531 -0.334856808 -84.976852417 -0.026821993 0.999540806 0.014095671 -0.159081459 0.335125834 -0.004293657 0.942163646 84.838005066
0.937539339 0.027602127 -0.346782655 -85.235221863 -0.025927259 0.999619007 0.009469287 -0.156165123 0.346911907 0.000113294 0.937897801 85.540390015
0.934493721 0.023833381 -0.355180889 -85.506027222 -0.024445301 0.999697328 0.002765316 -0.168386787 0.355139226 0.006098334 0.934793651 86.219451904
0.931412101 0.019947013 -0.363419175 -85.743713379 -0.022636073 0.999738753 -0.003141581 -0.176399499 0.363261580 0.011152490 0.931620359 86.872421265
0.928447068 0.019892694 -0.370931655 -86.019844055 -0.023431784 0.999712765 -0.005036484 -0.189185202 0.370724976 0.013367700 0.928646445 87.574943542
0.925200403 0.024715105 -0.378673136 -86.301071167 -0.028756445 0.999573767 -0.005019911 -0.200614631 0.378387719 0.015533718 0.925516784 88.226974487
0.921870410 0.024589727 -0.386717528 -86.591506958 -0.027915740 0.999605775 -0.002985795 -0.212715209 0.386491686 0.013548024 0.922193408 88.921066284
0.918636262 0.025401708 -0.394287139 -86.900360107 -0.025973091 0.999655008 0.003888338 -0.220911890 0.394249916 0.006668885 0.918979108 89.623054504
0.915550947 0.027537588 -0.401258290 -87.201911926 -0.024661297 0.999619842 0.012332305 -0.230387688 0.401445389 -0.001395305 0.915881991 90.319198608
0.912803113 0.037242100 -0.406698585 -87.497062683 -0.032354262 0.999297976 0.018890876 -0.231486082 0.407116592 -0.004085219 0.913367033 90.936943054
0.909982920 0.043524880 -0.412355304 -87.831497192 -0.040515218 0.999050081 0.016042924 -0.239821553 0.412661910 0.002107883 0.910881937 91.626777649
0.907482862 0.040188994 -0.418162376 -88.124740601 -0.040471874 0.999146998 0.008195807 -0.230663598 0.418135107 0.009486264 0.908335328 92.270362854
0.905310035 0.032185949 -0.423530370 -88.436599731 -0.035220962 0.999379337 0.000661300 -0.235564679 0.423288792 0.014318468 0.905881703 92.956893921
0.903571308 0.032628961 -0.427193701 -88.776016235 -0.036099382 0.999348164 -0.000024980 -0.238739923 0.426914424 0.015444001 0.904160142 93.636344910
0.901103020 0.039332833 -0.431817442 -89.069610596 -0.041037396 0.999143124 0.005373121 -0.250315189 0.431658834 0.012878928 0.901944935 94.259429932
0.898426473 0.041579273 -0.437151015 -89.407348633 -0.041624121 0.999088347 0.009482194 -0.253314376 0.437146753 0.009676974 0.899338126 94.940361023
0.895901620 0.038288955 -0.442599446 -89.739974976 -0.038929574 0.999212682 0.007640629 -0.264328003 0.442543536 0.010384956 0.896686912 95.616622925
0.893763661 0.036423415 -0.447056770 -90.054206848 -0.039920092 0.999201596 0.001599804 -0.275834024 0.446758062 0.016416701 0.894504189 96.231315613
0.891513765 0.033407189 -0.451760024 -90.408370972 -0.040025424 0.999185622 -0.005098359 -0.280510068 0.451221764 0.022627143 0.892124891 96.899490356
0.889047503 0.034092300 -0.456543803 -90.730018616 -0.041731447 0.999106824 -0.006657411 -0.290786624 0.455909014 0.024970993 0.889676034 97.519821167
0.886944771 0.036738195 -0.460411996 -91.094444275 -0.042677294 0.999085844 -0.002492977 -0.302469969 0.459899545 0.021860275 0.887701869 98.201339722
0.884765089 0.038863521 -0.464414060 -91.459022522 -0.043977015 0.999032497 -0.000179571 -0.318950713 0.463957787 0.020582419 0.885618150 98.875282288
0.882300258 0.039827380 -0.468998998 -91.760086060 -0.044767953 0.998997211 0.000615491 -0.331278414 0.468553126 0.020453077 0.883198500 99.436622620
0.879890978 0.037911098 -0.473660797 -92.116462708 -0.043009210 0.999074638 0.000068817 -0.345884174 0.473225117 0.020311225 0.880707383 100.104217529
