0.999997616 0.000431578 -0.002216917 0.038701914 -0.000430029 0.999999642 0.000699075 0.155110598 0.002217218 -0.000698119 0.999997318 -3.337678194
0.999999344 0.000506262 -0.001033098 0.037569020 -0.000505049 0.999999166 0.001173600 0.139259070 0.001033691 -0.001173077 0.999998808 -2.177495480
1.000000000 -0.000108609 0.000111479 0.038384736 0.000108454 0.999998987 0.001387652 0.125463068 -0.000111630 -0.001387640 0.999999046 -1.028774381
0.999999523 -0.000950306 0.000031459 0.057654213 0.000950263 0.999998748 0.001269013 0.110504359 -0.000032666 -0.001268983 0.999999166 0.143260106
0.999999344 -0.001145482 0.000237419 0.062312633 0.001145189 0.999998450 0.001236684 0.094825611 -0.000238835 -0.001236411 0.999999166 1.267202735
0.999999642 -0.000732349 -0.000449985 0.079756983 0.000732521 0.999999583 0.000379751 0.080413744 0.000449710 -0.000380081 0.999999762 2.415441513
0.999997616 -0.002102179 -0.000570252 0.077974349 0.002102473 0.999997616 0.000517000 0.056426927 0.000569163 -0.000518198 0.999999642 3.514939308
0.999999166 -0.001325756 -0.000151176 0.059892863 0.001326181 0.999995112 0.002845178 0.015287089 0.000147403 -0.002845376 0.999995947 4.506758690
0.999948621 -0.007540900 -0.006765448 0.287102908 0.007563478 0.999965847 0.003318007 -0.036152054 0.006740196 -0.003369007 0.999971569 6.563588619
0.999913454 -0.008418428 -0.010113070 0.281031102 0.008450001 0.999959409 0.003083243 -0.049830057 0.010086707 -0.003168431 0.999944031 7.709846497
0.999892592 -0.008433416 -0.011994038 0.267693222 0.008465819 0.999960482 0.002653317 -0.060010694 0.011971191 -0.002754570 0.999924541 8.335989952
0.999867678 -0.008028397 -0.014140673 0.245604649 0.008085959 0.999959171 0.004018303 -0.102022864 0.014107835 -0.004132112 0.999891937 9.993000031
0.999871135 -0.006149889 -0.014826161 0.219005659 0.006209277 0.999972820 0.003962961 -0.116540000 0.014801386 -0.004054511 0.999882162 11.169328690
0.999873340 -0.006521184 -0.014515697 0.177627832 0.006573307 0.999972105 0.003546069 -0.123260215 0.014492166 -0.003641036 0.999888361 12.352144241
0.999859929 -0.006725082 -0.015329403 0.160022512 0.006795710 0.999966383 0.004559792 -0.142789409 0.015298225 -0.004663328 0.999872029 13.570755959
0.999848127 -0.007109825 -0.015920276 0.131955251 0.007189809 0.999961793 0.004972423 -0.155085444 0.015884316 -0.005086131 0.999860883 14.776806831
0.999816060 -0.006466521 -0.018056106 0.113748252 0.006532682 0.999972105 0.003607699 -0.159650981 0.018032275 -0.003724990 0.999830425 16.004150391
0.999766171 -0.007359717 -0.020332327 0.103137761 0.007431478 0.999966383 0.003456063 -0.189066917 0.020306207 -0.003606355 0.999787211 17.301349640
0.999793589 -0.006015697 -0.019405270 0.022907257 0.006074613 0.999977112 0.002978668 -0.189779609 0.019386908 -0.003095933 0.999807179 18.731882095
0.999633908 -0.008725558 -0.025614191 0.107441247 0.008801618 0.999957085 0.002858138 -0.200205162 0.025588155 -0.003082538 0.999667764 20.293325424
0.999635220 -0.008501139 -0.025639068 0.063553810 0.008563668 0.999960601 0.002330015 -0.214235112 0.025618251 -0.002548729 0.999668539 21.204566956
0.999389827 -0.011010730 -0.033149406 0.067647934 0.011142246 0.999930739 0.003785334 -0.260865897 0.033105433 -0.004152382 0.999443233 23.671588898
0.999244153 -0.011884985 -0.037012473 0.055838883 0.011976303 0.999925673 0.002246440 -0.217749566 0.036983024 -0.002688014 0.999312282 25.699430466
0.999217093 -0.011922764 -0.037724685 0.013257980 0.012011304 0.999925554 0.002121218 -0.233960390 0.037696593 -0.002572680 0.999285877 26.700332642
0.999139011 -0.015938932 -0.038303528 -0.136766732 0.016082328 0.999864757 0.003438427 -0.319330096 0.038243540 -0.004051477 0.999260187 29.201269150
0.999119401 -0.015556367 -0.038966369 -0.180695832 0.015683413 0.999872684 0.002956850 -0.338561893 0.038915403 -0.003565373 0.999236166 30.205455780
0.998682559 -0.017368285 -0.048286255 -0.201905012 0.017448958 0.999847054 0.001249714 -0.355359554 0.048257165 -0.002090612 0.998832703 33.326248169
0.998616338 -0.017880419 -0.049454018 -0.240305543 0.017984992 0.999836862 0.001670379 -0.374419361 0.049416080 -0.002557498 0.998775005 34.411842346
0.998036861 -0.021709904 -0.058746833 -0.329452634 0.021681292 0.999764264 -0.001124467 -0.348703116 0.058757402 -0.000151448 0.998272181 37.305595398
0.997933388 -0.021992341 -0.060376883 -0.374398947 0.021957640 0.999758005 -0.001238302 -0.395384967 0.060389508 -0.000089990 0.998174846 39.601886749
0.997917354 -0.021988325 -0.060643245 -0.449177265 0.021948805 0.999758124 -0.001317872 -0.413335204 0.060657561 -0.000015920 0.998158574 40.754985809
0.998380184 -0.017572897 -0.054111034 -0.215934515 0.017250197 0.999830484 -0.006425000 -0.376476020 0.054214768 0.005481168 0.998514175 46.859619141
0.998377025 -0.016938761 -0.054371957 -0.276193619 0.016703710 0.999848962 -0.004774661 -0.409301072 0.054444626 0.003858699 0.998509288 48.014141083
0.998909712 -0.016125783 -0.043810569 -0.760330439 0.015830746 0.999849677 -0.007073002 -0.413547933 0.043918043 0.006371738 0.999014676 51.185142517
0.998912871 -0.015344737 -0.044019025 -0.811836600 0.015013111 0.999856412 -0.007854410 -0.434876621 0.044133231 0.007185008 0.998999715 52.368000031
0.998515606 -0.014574459 -0.052480578 -0.732520103 0.014399165 0.999889374 -0.003716701 -0.543336868 0.052528944 0.002955507 0.998615026 53.576744080
0.998584032 -0.011375440 -0.051966894 -0.801032066 0.011258515 0.999933362 -0.002542159 -0.554030061 0.051992357 0.001953488 0.998645544 54.788558960
0.998692214 -0.012148766 -0.049662430 -1.033375502 0.012295770 0.999920845 0.002655675 -0.635235310 0.049626242 -0.003262841 0.998762488 56.934574127
0.998784006 -0.011738534 -0.047884177 -1.096340060 0.012001981 0.999914408 0.005218013 -0.648702264 0.047818828 -0.005786373 0.998839259 58.133640289
0.998796344 -0.010045103 -0.048010468 -1.202389359 0.010430366 0.999915302 0.007780740 -0.637981713 0.047928244 -0.008272143 0.998816550 60.882999420
0.998675823 -0.011743920 -0.050086141 -1.288254261 0.012246331 0.999877572 0.009735885 -0.674108565 0.049965665 -0.010336366 0.998697460 62.364059448
0.998707473 -0.013785628 -0.048922919 -1.342158675 0.014194760 0.999867022 0.008025231 -0.683924735 0.048805781 -0.008709308 0.998770237 63.557735443
0.998563468 -0.013921971 -0.051743042 -1.467275739 0.014342477 0.999866962 0.007764398 -0.725005209 0.051628068 -0.008495367 0.998630226 65.940872192
0.998567641 -0.013640474 -0.051737253 -1.520580888 0.014047172 0.999873161 0.007505401 -0.736311495 0.051628314 -0.008221413 0.998632550 67.132080078
0.998876989 -0.020936536 -0.042502675 -2.282436848 0.021202588 0.999758184 0.005818435 -0.598624229 0.042370584 -0.006713064 0.999079287 66.769905090
0.998862982 -0.021384319 -0.042608760 -2.346758366 0.021578752 0.999758601 0.004108363 -0.606057048 0.042510625 -0.005023134 0.999083221 67.963607788
0.997354209 0.001669651 -0.072675996 -1.581298113 -0.000092446 0.999764502 0.021699825 -2.015175104 0.072695106 -0.021635693 0.997119546 62.704212189
0.997181416 0.001035594 -0.075021721 -1.665773392 0.000675072 0.999740422 0.022773338 -2.009755135 0.075025834 -0.022759793 0.996921837 63.914115906
0.995125771 0.003336605 -0.098558120 -2.936367035 -0.002814824 0.999981225 0.005432736 0.185696483 0.098574400 -0.005128831 0.995116472 92.298393250
0.994968235 0.004172566 -0.100105368 -3.049627304 -0.003684889 0.999980450 0.005056048 0.172719151 0.100124508 -0.004661731 0.994964004 93.497070312
0.995131612 0.005581799 -0.098397143 -3.839760303 -0.005227291 0.999978840 0.003860259 0.165808648 0.098416612 -0.003327115 0.995139718 101.030815125
0.995044589 0.004965172 -0.099306554 -3.956350327 -0.004639495 0.999983132 0.003510178 0.148434684 0.099322304 -0.003032051 0.995050669 102.209846497
0.993960261 -0.000843323 -0.109736890 -5.867419720 0.002694511 0.999856472 0.016722145 -0.837706804 0.109707005 -0.016916830 0.993820131 104.463592529
0.993853152 -0.001686091 -0.110692903 -5.991574764 0.003641438 0.999840856 0.017464826 -0.828233242 0.110645816 -0.017760552 0.993701220 105.668876648
0.993837297 -0.003398445 -0.110797063 -10.094654083 0.006311279 0.999643326 0.025949724 -0.893848181 0.110669352 -0.026489073 0.993504167 107.660560608
0.993809581 -0.002848099 -0.111061588 -10.240864754 0.005620956 0.999680042 0.024661751 -0.892701387 0.110955805 -0.025133353 0.993507445 108.833068848
0.990555525 0.000853480 -0.137110502 -8.785215378 0.001784942 0.999815583 0.019118929 -0.709184408 0.137101561 -0.019183096 0.990371168 137.174057007
0.990446866 0.002737250 -0.137867510 -8.940772057 -0.000000750 0.999803007 0.019844916 -0.712607861 0.137894660 -0.019655231 0.990251839 138.349349976
0.990465820 0.005266116 -0.137658715 -9.115394592 -0.002590161 0.999804258 0.019610958 -0.701553583 0.137735069 -0.019067423 0.990285516 139.533554077
0.985022485 0.020686502 -0.171180829 -7.276821136 -0.021444492 0.999766707 -0.002579912 1.729658961 0.171087533 0.006212155 0.985236287 180.222732544
0.985143960 0.021205217 -0.170416623 -7.486698151 -0.021795796 0.999761164 -0.001595162 1.704557657 0.170342147 0.005285831 0.985370755 181.396743774
0.985399365 0.023272069 -0.168660805 -7.692670822 -0.023793487 0.999716282 -0.001070909 1.686710596 0.168588057 0.005068302 0.985673606 182.566909790
0.995141864 -0.000474141 -0.098450422 -21.821887970 0.004326440 0.999233007 0.038919501 -3.011853695 0.098356463 -0.039156366 0.994380534 156.699798584
0.995334685 -0.003422056 -0.096421011 -21.930244446 0.006706163 0.999407530 0.033756629 -2.989774704 0.096248358 -0.034245759 0.994768023 157.871582031
0.995706379 0.004400183 -0.092463024 -22.741348267 -0.002272765 0.999730468 0.023101032 -1.279946327 0.092539750 -0.022791700 0.995448053 185.172943115
0.995935440 0.003279349 -0.090010479 -22.840555191 -0.000863024 0.999638438 0.026870741 -1.271796227 0.090066060 -0.026683843 0.995578289 186.359329224
0.989080310 0.010566006 -0.146997914 -20.262744904 -0.007586733 0.999754608 0.020813385 0.010083199 0.147181734 -0.019470876 0.988917768 225.878738403
0.989634454 0.010213012 -0.143245339 -20.433071136 -0.007534742 0.999786794 0.019227104 0.012924671 0.143411145 -0.017948491 0.989500403 227.039764404
0.992107570 0.008261768 -0.125117436 -22.139560699 -0.005570985 0.999745846 0.021840699 -0.368171215 0.125266090 -0.020971293 0.991901517 233.744171143
0.992494166 0.006253502 -0.122132592 -22.269674301 -0.003951923 0.999810100 0.019078080 -0.380722046 0.122228719 -0.018452222 0.992330432 234.885635376
0.993992507 0.002208796 -0.109425984 -25.664806366 0.000047161 0.999787629 0.020609401 -0.995327473 0.109448269 -0.020490753 0.993781209 242.843154907
0.994301260 0.002936162 -0.106566191 -25.776544571 -0.000665911 0.999772251 0.021333005 -0.981543064 0.106604561 -0.021140471 0.994076669 243.990173340
0.995178521 0.003320354 -0.098022893 -27.792505264 -0.000585033 0.999609947 0.027920475 -2.577322006 0.098077372 -0.027728515 0.994792342 247.102951050
0.995530486 0.002332200 -0.094411395 -27.897789001 0.000090515 0.999670982 0.025648847 -2.562051773 0.094440162 -0.025542755 0.995202780 248.223968506
0.995030165 -0.000839254 -0.099570565 -29.573945999 0.002846967 0.999795437 0.020023352 -0.824590683 0.099533394 -0.020207312 0.994828999 277.847686768
0.995318234 -0.001373382 -0.096643142 -29.685926437 0.003303356 0.999798238 0.019812947 -0.825684071 0.096596435 -0.020039434 0.995121837 279.010009766
0.995506287 0.001663538 -0.094681256 -31.354114532 0.000549600 0.999727309 0.023343740 -1.545949936 0.094694272 -0.023290876 0.995233834 287.928741455
0.995716572 0.001489202 -0.092446916 -31.459342957 0.000811551 0.999690950 0.024844702 -1.536384106 0.092455350 -0.024813306 0.995407522 289.073425293
0.995824516 0.000573201 -0.091286667 -31.581108093 0.000786266 0.999889255 0.014855608 2.820305586 0.091285080 -0.014865355 0.995713830 375.462677002
0.996045530 -0.001213299 -0.088836066 -31.692386627 0.002636785 0.999870002 0.015908133 2.816725492 0.088805221 -0.016079469 0.995919108 376.600769043
0.996259809 -0.002640110 -0.086369328 -31.796569824 0.003800598 0.999904633 0.013274672 2.818814993 0.086326048 -0.013553277 0.996174753 377.750305176
0.996424973 -0.006307842 -0.084247261 -36.090431213 0.007702570 0.999838412 0.016240411 1.382889748 0.084131204 -0.016831269 0.996312499 375.073944092
0.996633351 -0.005639588 -0.081793912 -36.206443787 0.006761482 0.999886632 0.013445606 1.392034531 0.081708811 -0.013953384 0.996558547 376.205657959
0.996950150 -0.006325016 -0.077783607 -37.633659363 0.007395949 0.999881804 0.013487747 0.559562206 0.077689089 -0.014021899 0.996878922 375.399322510
0.996959209 -0.006152183 -0.077681951 -37.732101440 0.007292247 0.999869764 0.014400926 0.552867413 0.077583224 -0.014923614 0.996874154 376.553100586
0.996908367 -0.005942281 -0.078347318 -37.836299896 0.007226577 0.999844015 0.016119014 0.554734707 0.078239322 -0.016635366 0.996795654 377.720611572
0.996786833 -0.006800126 -0.079811700 -37.943119049 0.008256244 0.999805212 0.017928641 0.543245792 0.079674251 -0.018529980 0.996648669 378.882812500
0.996395230 -0.002057397 -0.084807083 -39.914466858 0.004019084 0.999728084 0.022966955 -0.381581306 0.084736772 -0.023225011 0.996132612 394.804656982
0.996222377 -0.001652415 -0.086822875 -40.049571991 0.003702972 0.999717891 0.023461971 -0.376149178 0.086759590 -0.023694845 0.995947421 395.959838867
0.994599462 -0.002199502 -0.103766046 -42.928310394 0.004305349 0.999789178 0.020074572 0.631621361 0.103700034 -0.020412907 0.994399130 444.673736572
0.994214952 -0.000961885 -0.107405134 -43.072387695 0.003065144 0.999806702 0.019419106 0.638156891 0.107365698 -0.019635979 0.994025707 445.860229492
0.993745029 -0.000762644 -0.111670628 -43.215507507 0.003024140 0.999793708 0.020083496 0.638071060 0.111632288 -0.020295586 0.993542254 447.040191650
0.994946539 -0.002280165 -0.100380480 -39.952362061 0.004795605 0.999680281 0.024824908 1.010292053 0.100291781 -0.025180839 0.994639397 421.095153809
0.857259214 -0.500598252 -0.120449454 -59.406478882 0.502222359 0.864536583 -0.018685503 1.815613747 0.113486886 -0.044474080 0.992543519 542.321533203
0.856620729 -0.500618398 -0.124828994 -59.550949097 0.502186894 0.864507377 -0.020865321 1.775364876 0.118361153 -0.044813801 0.991958857 543.516845703
0.856979251 -0.497881234 -0.133044660 -53.644706726 0.499872178 0.865858674 -0.020405706 3.516511917 0.125357524 -0.049018063 0.990899920 502.472595215
0.856681824 -0.497252673 -0.137244612 -53.812911987 0.499125332 0.866227210 -0.022895714 3.462878227 0.130269974 -0.048887916 0.990272582 503.671081543
0.856112421 -0.494768709 -0.149249569 -50.381080627 0.496864468 0.867451370 -0.025567833 4.264860153 0.142116889 -0.052267849 0.988468945 495.651947021
0.855870426 -0.493928194 -0.153364599 -50.565731049 0.495795876 0.867969751 -0.028544474 4.214476585 0.147214755 -0.051607158 0.987757325 496.841430664
0.991003633 0.003414070 -0.133791611 -53.332530975 -0.000189339 0.999709249 0.024107957 0.726799965 0.133835018 -0.023865741 0.990716159 512.063720703
0.990827024 0.005026256 -0.135044217 -54.945934296 -0.001771362 0.999705195 0.024211798 0.794761658 0.135126129 -0.023750486 0.990543723 521.199279785
0.990645826 0.006180301 -0.136318833 -55.113655090 -0.002934494 0.999707699 0.023998521 0.803091049 0.136427313 -0.023374008 0.990374327 522.424011230
0.990536928 0.008506376 -0.136982784 -57.901966095 -0.005242903 0.999694169 0.024167161 1.005380630 0.137146458 -0.023220278 0.990278542 541.081909180
0.990356147 0.009734486 -0.138202384 -59.281082153 -0.006321851 0.999664664 0.025110545 1.007343292 0.138400495 -0.023994688 0.990085602 551.220520020
0.990217566 0.009553509 -0.139204472 -59.458362579 -0.006094480 0.999662459 0.025253657 1.021314621 0.139398739 -0.024158234 0.989941657 552.454956055
0.990108669 0.013638593 -0.139638558 -62.152893066 -0.010005037 0.999593616 0.026690189 1.471577644 0.139945835 -0.025029099 0.989842772 570.689147949
0.989982367 0.014756761 -0.140418261 -63.677230835 -0.010677723 0.999499977 0.029758424 1.619459152 0.140787214 -0.027960962 0.989644945 580.869567871
0.989962101 0.013760459 -0.140662879 -65.193862915 -0.009687367 0.999514759 0.029600270 1.707078934 0.141001970 -0.027940486 0.989614904 591.085083008
0.989905238 0.013310675 -0.141105294 -65.379699707 -0.009461755 0.999565482 0.027912863 1.729745865 0.141415536 -0.026295980 0.989600956 592.323486328
0.989797175 0.010784656 -0.142074808 -68.164550781 -0.006749645 0.999560893 0.028851988 2.015683174 0.142323583 -0.027598660 0.989435315 611.450500488
0.983214676 -0.047100343 -0.176268056 -48.308700562 0.055300761 0.997590125 0.041900374 -4.077259064 0.173869729 -0.050944827 0.983450055 481.668945312
0.983048975 -0.050400384 -0.176279932 -48.537311554 0.058902174 0.997322857 0.043330368 -4.039512634 0.173624113 -0.052979141 0.983385980 482.906951904
0.989616990 0.003704788 -0.143681750 -72.676681519 0.001171424 0.999426603 0.033838160 2.456832886 0.143724695 -0.033655129 0.989045262 642.361999512
0.989666224 -0.000693474 -0.143388569 -72.862579346 0.005293737 0.999483287 0.031703491 2.482597351 0.143292457 -0.032134935 0.989158511 643.606811523
0.989638925 -0.003105171 -0.143544883 -75.691207886 0.007630175 0.999490798 0.030983549 2.819017410 0.143375546 -0.031757798 0.989158690 663.158874512
0.989648104 -0.004284272 -0.143451571 -77.235488892 0.008779321 0.999489605 0.030716656 2.966772079 0.143246770 -0.031658087 0.989180446 673.624328613
0.989720166 -0.004370229 -0.142951235 -77.428756714 0.008865017 0.999485612 0.030821020 2.984928131 0.142743021 -0.031771444 0.989249647 674.866088867
0.990009248 -0.003868341 -0.140949592 -80.671318054 0.008516921 0.999438822 0.032392144 3.531734467 0.140745193 -0.033268970 0.989486694 694.973571777
0.990097225 -0.001215021 -0.140378252 -82.211166382 0.006043455 0.999404371 0.033974715 3.682960510 0.140253380 -0.034486644 0.989514768 705.748352051
0.990153551 -0.001913125 -0.139972359 -82.385604858 0.006489737 0.999458790 0.032247417 3.704343796 0.139834940 -0.032838281 0.989630044 707.011108398
0.990188479 -0.000900935 -0.139735535 -85.253097534 0.005265939 0.999509513 0.030871030 3.896301270 0.139639154 -0.031303976 0.989707530 727.302978516
0.990318716 -0.001359061 -0.138805151 -85.446113586 0.005276917 0.999597907 0.027861480 3.920179367 0.138711452 -0.028324211 0.989927709 728.562377930
0.990419328 -0.002874377 -0.138062686 -88.444702148 0.006231297 0.999695122 0.023888404 4.231644630 0.137951940 -0.024519846 0.990135372 748.853454590
0.990534127 -0.003214801 -0.137229338 -88.634216309 0.006093513 0.999769866 0.020562453 4.233678818 0.137131691 -0.021204019 0.990325868 750.098144531
0.990495682 -0.004584643 -0.137467071 -91.693611145 0.007289448 0.999789476 0.019179067 4.392224312 0.137350187 -0.019998841 0.990320623 772.015014648
0.990500212 -0.004617894 -0.137433767 -91.871620178 0.007368837 0.999782443 0.019514458 4.389111519 0.137313768 -0.020341802 0.990318656 773.265930176
0.990452170 -0.004422855 -0.137785226 -95.161911011 0.007230316 0.999776185 0.019881798 4.510970116 0.137666419 -0.020688200 0.990262568 794.861267090
0.990474105 -0.003343633 -0.137657985 -95.347152710 0.006297119 0.999759138 0.021025347 4.510889053 0.137554497 -0.021691911 0.990256667 796.104248047
0.990351915 -0.002857780 -0.138545856 -98.535743713 0.005907178 0.999749124 0.021603858 4.548529625 0.138449341 -0.022213835 0.990120351 817.668823242
0.990246713 -0.002460204 -0.139303714 -98.712600708 0.005489537 0.999756634 0.021366211 4.542969704 0.139217228 -0.021922531 0.990019143 818.899353027
0.990089953 -0.002459515 -0.140413597 -101.848625183 0.005490212 0.999760151 0.021200784 4.736722946 0.140327767 -0.021761581 0.989865899 841.231506348
0.989976645 -0.002615426 -0.141207322 -102.025413513 0.005882822 0.999724448 0.022726519 4.734430313 0.141108945 -0.023329420 0.989719152 842.467773438
0.986842930 -0.007533586 -0.161507145 -80.474243164 0.015136772 0.998831332 0.045897864 2.270339966 0.160972655 -0.047738660 0.985803545 714.386840820
0.986599267 -0.007773267 -0.162977040 -80.673469543 0.015235971 0.998889089 0.044590127 2.311809540 0.162449405 -0.046475682 0.985621631 715.621093750
0.989848614 -0.002391967 -0.142105669 -109.508895874 0.005446228 0.999762356 0.021107834 4.789641380 0.142021418 -0.021667499 0.989626408 891.365051270
0.989813030 -0.001438363 -0.142365485 -109.704772949 0.004492891 0.999766469 0.021136409 4.796969414 0.142301843 -0.021560725 0.989588499 892.611572266
0.989725888 -0.002269473 -0.142959639 -113.554779053 0.005153195 0.999790549 0.019804562 4.908423424 0.142884746 -0.020337787 0.989530325 917.651855469
0.989643455 -0.001513808 -0.143539295 -113.740997314 0.004232232 0.999817371 0.018635096 4.913730621 0.143484876 -0.019049592 0.989469111 918.892395020
0.989719152 -0.001658877 -0.143015161 -117.707092285 0.004277896 0.999828696 0.018007342 5.223166466 0.142960802 -0.018434016 0.989556611 944.012878418
0.989589274 -0.001863238 -0.143909231 -117.891036987 0.004691447 0.999802470 0.019315893 5.221691132 0.143844798 -0.019789940 0.989402354 945.234008789
0.989806473 -0.000552834 -0.142417461 -122.283790588 0.003444522 0.999792814 0.020058567 5.144128799 0.142376855 -0.020344662 0.989603400 970.905212402
0.989680588 0.000631960 -0.143289700 -122.469879150 0.002393142 0.999777853 0.020938454 5.140131950 0.143271118 -0.021065298 0.989459157 972.133850098
0.989694834 0.001385944 -0.143186063 -126.531723022 0.001500215 0.999798000 0.020046774 5.456873894 0.143184915 -0.020055002 0.989492714 998.523132324
0.989563823 0.001757472 -0.144084603 -126.720520020 0.001010197 0.999816358 0.019133225 5.454014778 0.144091785 -0.019079104 0.989380360 999.760803223
0.989572644 0.001803795 -0.144023806 -126.922492981 0.000865228 0.999829054 0.018467028 5.458559036 0.144032523 -0.018399080 0.989401937 1001.019348145
0.989444017 0.004478977 -0.144846126 -134.384307861 -0.001947121 0.999842882 0.017616659 6.068958282 0.144902274 -0.017148666 0.989297330 1057.369384766
0.989535451 0.003660249 -0.144243315 -134.598083496 -0.001312864 0.999865174 0.016365608 6.055261612 0.144283772 -0.016004978 0.989406884 1058.549926758
0.990033865 0.004290810 -0.140763745 -141.059921265 -0.002159863 0.999880791 0.015287747 5.849642754 0.140812576 -0.014831359 0.989925146 1096.913574219
0.990027726 0.001019801 -0.140868902 -141.248977661 0.001203536 0.999876082 0.015696919 5.846435547 0.140867487 -0.015709925 0.989903808 1098.171386719
0.990294576 0.002541655 -0.138961375 -147.030242920 0.000009645 0.999831498 0.018356014 5.954324722 0.138984621 -0.018179201 0.990127683 1135.779418945
0.990349829 0.002755491 -0.138563171 -147.221954346 0.000375250 0.999745309 0.022563126 5.952440262 0.138590053 -0.022397382 0.990096569 1137.034545898
0.997455955 0.002529682 -0.071240716 -151.010040283 -0.001708312 0.999931395 0.011588084 5.861343384 0.071265139 -0.011436902 0.997391880 1177.214721680
0.997516930 0.003738369 -0.070327617 -151.122253418 -0.003179003 0.999962449 0.008063965 5.855072021 0.070355117 -0.007820371 0.997491419 1178.452636719
0.999740362 0.003696505 -0.022481591 -150.069396973 -0.003811110 0.999979913 -0.005057017 7.684625626 0.022462443 0.005141384 0.999734402 1227.755493164
0.999735951 0.003414939 -0.022725336 -150.107330322 -0.003525990 0.999981999 -0.004848370 7.660437107 0.022708369 0.004927219 0.999729991 1229.005493164
0.999741197 0.002720258 -0.022586776 -150.143463135 -0.002802416 0.999989629 -0.003606603 7.626461983 0.022576731 0.003668969 0.999738336 1230.259277344
0.999641418 0.003287652 0.026575146 -157.744338989 -0.003102044 0.999970615 -0.007022468 3.809244156 -0.026597446 0.006937513 0.999622166 1283.583007812
0.999622524 0.001906597 0.027409153 -157.722915649 -0.001738835 0.999979675 -0.006143241 3.771681786 -0.027420307 0.006093261 0.999605477 1284.870971680
0.999574721 0.003269044 0.028976593 -157.696365356 -0.003071746 0.999971747 -0.006850830 3.735259056 -0.028998172 0.006758907 0.999556601 1286.054077148
0.998710096 -0.000355793 0.050777376 -163.142608643 0.000633023 0.999984980 -0.005443719 -1.588291645 -0.050774682 0.005468840 0.998695135 1312.573364258
0.998643279 -0.000744400 0.052068956 -163.080688477 0.001109589 0.999974966 -0.006984994 -1.617814541 -0.052062456 0.007033292 0.998619020 1313.807983398
0.998555183 -0.001181948 0.053723317 -163.040802002 0.001597250 0.999969184 -0.007688069 -1.646178246 -0.053712573 0.007762770 0.998526275 1315.033325195
0.996496260 0.005320826 0.083468929 -174.838165283 -0.005094166 0.999982774 -0.002928231 -14.589666367 -0.083483078 0.002492767 0.996506035 1461.633422852
0.996388316 0.004939673 0.084769376 -174.741577148 -0.004862192 0.999987602 -0.001120458 -14.620912552 -0.084773861 0.000704247 0.996399939 1462.871459961
0.999823332 -0.014656061 0.011767647 -111.265060425 0.014373872 0.999615312 0.023716899 -41.397533417 -0.012110710 -0.023543561 0.999649405 1562.190551758
0.999805808 -0.014705610 0.013117798 -111.257637024 0.014392920 0.999617398 0.023621306 -41.388160706 -0.013460140 -0.023427915 0.999634862 1563.406982422
0.999796927 -0.015263686 0.013157951 -111.235870361 0.014942362 0.999595881 0.024182461 -41.399574280 -0.013521742 -0.023980942 0.999620914 1564.594848633
0.999783099 -0.014948918 0.014503747 -111.224418640 0.014600903 0.999609828 0.023811191 -41.385223389 -0.014854036 -0.023594256 0.999611259 1565.805053711
0.998627543 0.014788041 0.050241984 -139.871414185 -0.014170107 0.999819756 -0.012633168 -14.027792931 -0.050419744 0.011903897 0.998657167 1707.730712891
0.998611033 0.014428521 0.050673366 -139.803436279 -0.013806997 0.999825358 -0.012593995 -14.063117981 -0.050846223 0.011876855 0.998635888 1708.886596680
0.998604834 0.016334686 0.050215393 -135.681854248 -0.015757047 0.999805331 -0.011877703 -17.542842865 -0.050399639 0.011069885 0.998667717 1774.773193359
0.998573542 0.016300317 0.050843690 -135.641326904 -0.015763676 0.999815881 -0.010937992 -17.580560684 -0.051012624 0.010120905 0.998646617 1775.900512695
0.998639226 0.015794834 0.049701057 -135.568725586 -0.015310222 0.999831617 -0.010116229 -17.613704681 -0.049852476 0.009341526 0.998712838 1777.022460938
0.998569071 0.017821338 0.050419241 -132.781585693 -0.017363334 0.999804020 -0.009507379 -21.195503235 -0.050578792 0.008618330 0.998682797 1870.433837891
0.998595655 0.018718112 0.049560826 -132.727432251 -0.018216109 0.999778271 -0.010561431 -21.224763870 -0.049747527 0.009643794 0.998715222 1871.522460938
0.999960363 0.003871935 0.008014642 -118.710128784 -0.003736748 0.999851644 -0.016814310 -19.419355392 -0.008078555 0.016783692 0.999826491 1839.022216797
0.999968231 0.003326487 0.007244419 -118.705581665 -0.003204227 0.999853373 -0.016823286 -19.464122772 -0.007299316 0.016799536 0.999832273 1840.086669922
0.981437385 0.043701526 0.186737224 -214.995147705 -0.048489962 0.998599708 0.021150226 -41.548114777 -0.185551450 -0.029812507 0.982182145 2047.829589844
0.981853843 0.043373123 0.184612364 -214.796051025 -0.048252225 0.998592496 0.022016771 -41.543502808 -0.183397591 -0.030525211 0.982564747 2048.848144531
0.999078929 0.012703572 0.040986799 -118.317817688 -0.012275776 0.999867737 -0.010672266 -26.421047211 -0.041116953 0.010159289 0.999102712 2086.508544922
0.999169827 0.012330184 0.038828261 -118.283096313 -0.011975905 0.999884665 -0.009343596 -26.448308945 -0.038938988 0.008870834 0.999202251 2087.529541016
0.999240160 0.013310584 0.036631189 -118.254882812 -0.012996357 0.999876916 -0.008802859 -26.485588074 -0.036743846 0.008320098 0.999290049 2088.538330078
0.993903995 0.028755737 0.106432989 -157.766845703 -0.026344677 0.999364972 -0.023990685 -22.792469025 -0.107055262 0.021040495 0.994030416 2177.605224609
0.994184136 0.028876085 0.103750005 -157.677291870 -0.026511081 0.999357879 -0.024102643 -22.826181412 -0.104379378 0.021211943 0.994311333 2178.573730469
0.999713957 -0.003576884 -0.023647366 -76.897819519 0.003663059 0.999986827 0.003601876 -38.187114716 0.023634173 -0.003687467 0.999713778 2298.948242188
0.999653757 -0.002997492 -0.026140308 -76.934852600 0.003087168 0.999989450 0.003390891 -38.208145142 0.026129870 -0.003470415 0.999652445 2299.859863281
0.999570310 -0.003122876 -0.029144155 -76.970733643 0.003215363 0.999989986 0.003127099 -38.225547791 0.029134095 -0.003219464 0.999570310 2300.754394531
0.999982953 0.005730102 -0.001052984 -97.048713684 -0.005737206 0.999959826 -0.006873558 -36.430454254 0.001013555 0.006879482 0.999975801 2345.173339844
0.999969244 0.006788198 -0.003910050 -97.071044922 -0.006813517 0.999955535 -0.006498863 -36.463256836 0.003865759 0.006525305 0.999971211 2346.014160156
0.999930501 0.011223106 0.003611711 -105.412147522 -0.011187120 0.999889016 -0.009834139 -36.679626465 -0.003721680 0.009793053 0.999945045 2391.610107422
0.999916136 0.012906920 0.001046362 -105.416908264 -0.012895363 0.999862790 -0.010386934 -36.700885773 -0.001180283 0.010372572 0.999945462 2392.423339844
0.999903679 0.013876005 -0.000042201 -105.418731689 -0.013875746 0.999854863 -0.009875627 -36.727371216 -0.000094834 0.009875262 0.999951303 2393.224365234
0.999920249 0.012264464 -0.002998859 -104.015487671 -0.012288241 0.999892056 -0.008043103 -39.320777893 0.002899898 0.008079310 0.999963284 2469.084228516
0.999929905 0.011571243 -0.002513173 -104.019271851 -0.011589469 0.999905646 -0.007362819 -39.346244812 0.002427744 0.007391427 0.999969780 2469.846435547
0.999921381 0.012119007 -0.003218487 -105.765663147 -0.012147906 0.999884665 -0.009117174 -40.529205322 0.003107617 0.009155557 0.999953210 2513.346679688
0.999919951 0.012425606 -0.002399473 -105.779884338 -0.012451993 0.999858439 -0.011314625 -40.551246643 0.002258540 0.011343597 0.999933124 2514.079345703
0.999847829 0.015956368 0.007058820 -110.353408813 -0.015840696 0.999743998 -0.016150165 -40.765235901 -0.007314713 0.016035890 0.999844611 2554.151611328
0.999835074 0.016061949 0.008478607 -110.360916138 -0.015910927 0.999718666 -0.017588597 -40.791339874 -0.008758738 0.017450793 0.999809325 2554.863037109
0.999791861 0.017553903 0.010394892 -111.704078674 -0.017365050 0.999687314 -0.017987883 -42.164672852 -0.010707398 0.017803630 0.999784172 2596.678955078
0.999768496 0.017551575 0.012446941 -111.710174561 -0.017329736 0.999692917 -0.017712153 -42.195041656 -0.012753990 0.017492352 0.999765635 2597.380126953
0.999758244 0.017141521 0.013767045 -111.694297791 -0.016892772 0.999695480 -0.017985869 -42.220146179 -0.014071163 0.017748959 0.999743402 2598.094482422
0.999801219 0.016206546 0.011613769 -109.480995178 -0.016033232 0.999760926 -0.014863795 -45.597358704 -0.011851882 0.014674634 0.999822021 2640.330078125
0.999786496 0.015536529 0.013618883 -109.471572876 -0.015331015 0.999768853 -0.015066992 -45.622165680 -0.013849816 0.014854983 0.999793708 2641.018310547
0.999742448 0.015466818 0.016605284 -109.468177795 -0.015234363 0.999785483 -0.014034977 -45.660575867 -0.016818793 0.013778395 0.999763548 2641.723388672
0.999902010 0.012614263 0.006074463 -105.241294861 -0.012502566 0.999758184 -0.018087754 -45.713230133 -0.006301160 0.018010035 0.999817848 2688.678955078
0.999887526 0.012078597 0.008889713 -105.232131958 -0.011917151 0.999767005 -0.017995287 -45.736152649 -0.009105003 0.017887320 0.999798536 2689.375244141
0.998694718 0.016583646 0.048310563 -116.987274170 -0.015972355 0.999787748 -0.013012032 -49.587577820 -0.048516098 0.012223412 0.998747587 2753.908447266
0.998565614 0.016143601 0.051050436 -116.951370239 -0.015475084 0.999789596 -0.013463526 -49.608169556 -0.051257048 0.012654202 0.998605371 2754.589111328
0.999877214 0.012461122 0.009499961 -87.352676392 -0.012298591 0.999780118 -0.016979301 -52.259742737 -0.009709452 0.016860379 0.999810696 2875.149414062
0.994713664 0.013328649 0.101820521 -120.469818115 -0.013422446 0.999909878 0.000236091 -59.238636017 -0.101808213 -0.001601523 0.994802713 2919.924316406
0.994382441 0.013602857 0.104969703 -120.402374268 -0.013612913 0.999907136 -0.000620687 -59.244644165 -0.104968391 -0.000811743 0.994475186 2920.600585938
0.999593258 0.012491521 0.025634391 -89.191925049 -0.012148778 0.999835253 -0.013482891 -55.810947418 -0.025798582 0.013165978 0.999580562 2940.255126953
0.998448193 0.017286032 0.052936148 -100.781784058 -0.016335860 0.999698520 -0.018329777 -54.167488098 -0.053237032 0.017436575 0.998429716 2948.277587891
0.998318374 0.017029211 0.055412069 -100.749404907 -0.016026126 0.999700427 -0.018496603 -54.193302155 -0.055710454 0.017577454 0.998292267 2948.973388672
0.998076081 0.018036919 0.059321158 -98.262481689 -0.016842032 0.999646306 -0.020581385 -55.743103027 -0.059671398 0.019542696 0.998026729 2997.783447266
0.998013318 0.018087083 0.060351737 -95.845275879 -0.016732138 0.999598086 -0.022881227 -56.612644196 -0.060741343 0.021825956 0.997914851 3024.044921875
0.998011649 0.016285563 0.060889911 -93.540695190 -0.014832966 0.999596298 -0.024232494 -57.565559387 -0.061259970 0.023281135 0.997850180 3050.591552734
0.998003304 0.018308429 0.060450368 -90.832122803 -0.016809860 0.999540865 -0.025206231 -58.327045441 -0.060884114 0.024139736 0.997852921 3078.274658203
0.998172641 0.017614955 0.057801843 -87.339828491 -0.016204653 0.999561608 -0.024777569 -59.988739014 -0.058212962 0.023795633 0.998020470 3104.769531250
0.998146653 0.019262319 0.057724774 -85.714141846 -0.017826745 0.999521375 -0.025281888 -60.971237183 -0.058184128 0.024205988 0.998012364 3131.439453125
0.998119533 0.019656615 0.058060851 -84.161697388 -0.018189657 0.999504507 -0.025687287 -62.064186096 -0.058537006 0.024582872 0.997982502 3158.818359375
0.998134136 0.018940147 0.058047853 -82.517761230 -0.017358210 0.999467254 -0.027636424 -63.169807434 -0.058540378 0.026577251 0.997931182 3186.983886719
0.998194396 0.014503310 0.058289643 -82.474517822 -0.012798839 0.999482453 -0.029509153 -63.201801300 -0.058687471 0.028709833 0.997863472 3187.736816406
0.998198330 0.011957265 0.058797766 -78.991775513 -0.010179770 0.999484777 -0.030437823 -65.597869873 -0.059131429 0.029784435 0.997805715 3244.833007812
0.998146236 0.014163950 0.059189789 -78.950057983 -0.012561275 0.999546587 -0.027361825 -65.611145020 -0.059550509 0.026567603 0.997871578 3245.576660156
0.998008728 0.018633759 0.060261339 -75.476303101 -0.017411837 0.999633253 -0.020738978 -67.802520752 -0.060625680 0.019648422 0.997967064 3306.197265625
0.998008192 0.017289700 0.060669001 -75.424835205 -0.016287277 0.999723196 -0.016978603 -67.841621399 -0.060945760 0.015956655 0.998013437 3306.968994141
0.997872353 0.016577598 0.063055746 -75.376953125 -0.015405449 0.999700189 -0.019030096 -67.869598389 -0.063352309 0.018018205 0.997828484 3307.751464844
0.997584641 0.017811587 0.067139156 -69.650604248 -0.016119715 0.999540746 -0.025657613 -71.096618652 -0.067565322 0.024513379 0.997413695 3397.264648438
0.997260213 0.019751810 0.071287833 -69.613998413 -0.017679384 0.999405742 -0.029586148 -71.126739502 -0.071829848 0.028244764 0.997016966 3398.054443359
0.997006476 0.021160429 0.074366145 -66.432525635 -0.019041374 0.999395370 -0.029089358 -73.319412231 -0.074936718 0.027586244 0.996806622 3458.168945312
0.996806085 0.019794457 0.077368364 -66.371063232 -0.017738434 0.999473333 -0.027171990 -73.352081299 -0.077865474 0.025712810 0.996632159 3458.976562500
0.996653318 0.016178114 0.080127634 -61.031402588 -0.014313629 0.999614477 -0.023788964 -75.943260193 -0.080481604 0.022562431 0.996500611 3522.169921875
0.996485472 0.013657934 0.082645111 -60.959259033 -0.011832464 0.999675930 -0.022537692 -75.973693848 -0.082926139 0.021480586 0.996324122 3522.993652344
0.996113479 0.015728291 0.086663224 -55.309539795 -0.013877603 0.999663472 -0.021916224 -78.380554199 -0.086978741 0.020628370 0.995996535 3589.126464844
0.995752811 0.018181523 0.090254687 -55.261383057 -0.016088851 0.999585867 -0.023860009 -78.413558960 -0.090651102 0.022306576 0.995632827 3589.936767578
0.995607853 0.019180918 0.091635823 -50.020263672 -0.016812894 0.999506235 -0.026544182 -80.935913086 -0.092099711 0.024886934 0.995438695 3654.527832031
0.995285928 0.019552294 0.094992712 -49.969848633 -0.017043881 0.999486148 -0.027146423 -80.960632324 -0.095474660 0.025399411 0.995107710 3655.344726562
0.997808993 0.009520199 0.065471373 -41.801055908 -0.008200027 0.999758303 -0.020403333 -85.131340027 -0.065649778 0.019821765 0.997645795 3678.383789062
0.997582257 0.011947084 0.068461142 -41.746032715 -0.010634540 0.999753237 -0.019504586 -85.150711060 -0.068677261 0.018729378 0.997463107 3679.237548828
0.994411051 0.022179656 0.103222452 -37.845733643 -0.019835789 0.999522924 -0.023678415 -86.076347351 -0.103698388 0.021498580 0.994376361 3785.914062500
0.994049668 0.022494029 0.106580682 -37.775512695 -0.020050589 0.999512315 -0.023942214 -86.106681824 -0.107067257 0.021662742 0.994015753 3786.741455078
0.663210511 0.203877181 0.720129013 -48.211181641 -0.106308617 0.978088140 -0.179002449 -94.223663330 -0.740844250 0.042160381 0.670352340 4362.130859375
0.662625313 0.200433850 0.721632838 -47.618896484 -0.102078617 0.978702724 -0.178103432 -94.387542725 -0.741962075 0.044352543 0.668973267 4362.697753906
0.993667722 0.016884983 0.111083254 -23.174377441 -0.014281017 0.999605179 -0.024195665 -91.287696838 -0.111447945 0.022456065 0.993516505 3919.075195312
0.993707836 0.016315991 0.110809788 -23.073364258 -0.013650299 0.999599874 -0.024772691 -91.310958862 -0.111169659 0.023104226 0.993532777 3919.908447266
0.993601084 0.015855104 0.111827806 -15.906951904 -0.013247271 0.999623537 -0.024024736 -94.123542786 -0.112166606 0.022389589 0.993437111 3985.800781250
0.993614733 0.016740985 0.111577272 -15.815155029 -0.014165665 0.999615490 -0.023834025 -94.151054382 -0.111933365 0.022101272 0.993469894 3986.644531250
0.993646622 0.017434338 0.111186318 -8.792205811 -0.014912179 0.999613047 -0.023475541 -96.454269409 -0.111552566 0.021668361 0.993522227 4052.731689453
0.993756413 0.017200829 0.110237814 -8.706970215 -0.014629891 0.999602675 -0.024088368 -96.491447449 -0.110608347 0.022325205 0.993613303 4053.575195312
0.993957222 0.016897026 0.108460285 -1.897735596 -0.014296436 0.999592364 -0.024710385 -99.505706787 -0.108833618 0.023010472 0.993793547 4119.405761719
0.994158983 0.018724130 0.106289834 -1.805358887 -0.016025286 0.999528527 -0.026189009 -99.528381348 -0.106730089 0.024332713 0.993990242 4120.259765625
0.994278789 0.018903561 0.105129838 4.865386963 -0.016259253 0.999530852 -0.025953250 -102.133163452 -0.105571121 0.024095433 0.994119823 4186.415039062
0.994416058 0.020536846 0.103513271 4.944091797 -0.017877402 0.999487519 -0.026554519 -102.164794922 -0.104005560 0.024555691 0.994273543 4187.254882812
0.994603932 0.020855621 0.101627484 10.913299561 -0.018363981 0.999508798 -0.025391711 -105.184448242 -0.102107130 0.023388406 0.994498372 4252.425781250
0.994955301 0.020794759 0.098141506 11.005401611 -0.018505160 0.999536276 -0.024182564 -105.217529297 -0.098598853 0.022244440 0.994878590 4253.265136719
0.995341897 0.019453332 0.094424948 17.284576416 -0.017458921 0.999607563 -0.021902110 -107.743804932 -0.094813973 0.020151528 0.995290995 4319.803710938
0.995828331 0.017290849 0.089593671 17.354919434 -0.015596471 0.999686599 -0.019577568 -107.786468506 -0.089904107 0.018098550 0.995785952 4320.624511719
0.996219039 0.017638553 0.085069589 22.614318848 -0.016104821 0.999695718 -0.018681927 -110.432838440 -0.085373223 0.017241256 0.996199965 4385.610351562
0.996628940 0.016804328 0.080302022 22.671295166 -0.015414646 0.999721110 -0.017894424 -110.465103149 -0.080580309 0.016596276 0.996609986 4386.426757812
0.996997118 0.016710695 0.075614363 27.188568115 -0.015442926 0.999730587 -0.017320035 -112.922943115 -0.075883426 0.016100315 0.996986747 4450.334960938
0.997362733 0.016443554 0.070691742 27.239746094 -0.015237892 0.999729574 -0.017560828 -112.946105957 -0.070961386 0.016437320 0.997343719 4451.140136719
