0.999127805 0.002003804 -0.041709334 -0.054028325 -0.002147454 0.999991953 -0.003399561 -0.004444188 0.041702170 0.003486164 0.999123991 0.489800990
0.998500049 0.001917702 -0.054717850 -0.081037045 -0.002151690 0.999988735 -0.004217677 -0.005095402 0.054709159 0.004329085 0.998492956 0.611788392
0.997402251 0.001629598 -0.072016306 -0.025795966 -0.001952628 0.999988317 -0.004415348 -0.001233540 0.072008267 0.004544497 0.997393608 0.206575230
0.995955288 0.000388937 -0.089849725 -0.129007354 -0.000759492 0.999991357 -0.004090012 -0.009123264 0.089847371 0.004141709 0.995946944 0.890796065
0.993948817 -0.000831822 -0.109839842 -0.162167594 0.000356422 0.999990404 -0.004347687 -0.010736643 0.109842405 0.004282231 0.993939817 1.047081709
0.990998089 -0.001501800 -0.133867070 -0.069402881 0.000846683 0.999987483 -0.004950582 -0.004789329 0.133872822 0.004792673 0.990986884 0.453717947
0.987604201 0.002355028 -0.156948060 -0.136770964 -0.003363778 0.999975324 -0.006161980 -0.010402298 0.156929627 0.006613533 0.987587571 0.864520609
0.983296871 0.006491617 -0.181893155 -0.207917094 -0.008014956 0.999938726 -0.007641081 -0.016816955 0.181832373 0.008971317 0.983288527 1.114500284
0.978006959 0.009636832 -0.208349645 -0.391309232 -0.011642640 0.999896884 -0.008402899 -0.032766685 0.208247185 0.010643833 0.978018284 1.714741707
0.971341372 0.010334186 -0.237464070 -0.466880023 -0.012722947 0.999882638 -0.008529087 -0.035569221 0.237348020 0.011305897 0.971358895 1.894962549
0.963200629 0.012020453 -0.268514633 -0.504745722 -0.014889141 0.999851704 -0.008649645 -0.034410425 0.268370867 0.012329295 0.963236749 1.983334303
0.953858733 0.013879536 -0.299934924 -0.554874063 -0.016819710 0.999832332 -0.007222946 -0.036949515 0.299784422 0.011934489 0.953932285 2.024175644
0.942262113 0.015725261 -0.334506929 -0.596166134 -0.018869165 0.999803007 -0.006150953 -0.037107192 0.334344357 0.012107677 0.942373216 2.112391710
0.929983199 0.018294996 -0.367146552 -0.842280447 -0.021776557 0.999748647 -0.005342386 -0.047737952 0.366956502 0.012963517 0.930147767 2.633171320
0.916166008 0.021020101 -0.400247633 -0.909005523 -0.024918819 0.999679208 -0.004538231 -0.048542481 0.400023878 0.014131471 0.916395783 2.733142853
0.900283039 0.022430098 -0.434726715 -1.077631712 -0.026624186 0.999639273 -0.003559247 -0.053847898 0.434489995 0.014778573 0.900555372 2.978093386
0.881847799 0.017502857 -0.471209109 -1.155215502 -0.022298569 0.999740839 -0.004595889 -0.051383466 0.471006542 0.014560161 0.882009447 3.090784788
0.860579550 0.013003805 -0.509149790 -1.359921694 -0.017890749 0.999828815 -0.004703592 -0.054720581 0.509001672 0.013156887 0.860665083 3.367838383
0.835795939 0.014632658 -0.548845172 -1.467916965 -0.018413298 0.999829412 -0.001383991 -0.057689957 0.548731387 0.011262784 0.835922956 3.484642982
0.806725621 0.020370100 -0.590575039 -1.711097240 -0.023516223 0.999720573 0.002359185 -0.063290298 0.590458155 0.011984877 0.806979299 3.720103264
0.774298906 0.023285381 -0.632391453 -1.858732224 -0.026760384 0.999633610 0.004042298 -0.063477777 0.632253885 0.013793090 0.774638474 3.849171638
0.738256276 0.022892889 -0.674131751 -2.123402119 -0.026089782 0.999645174 0.005375529 -0.071748391 0.674015522 0.013619436 0.738591552 4.059001446
0.698323250 0.018341672 -0.715547621 -2.296256542 -0.019863311 0.999783218 0.006242330 -0.071113169 0.715506911 0.009853980 0.698536038 4.194015503
0.656082690 0.015212378 -0.754535675 -2.587949276 -0.015044814 0.999861777 0.007076714 -0.069649830 0.754539013 0.006708940 0.656220853 4.388634682
0.611445367 0.014612513 -0.791151643 -2.810091257 -0.012295941 0.999884129 0.008964811 -0.067128971 0.791191220 0.004246463 0.611554205 4.516380310
0.572765410 0.017418522 -0.819534183 -3.064477921 -0.009624771 0.999848127 0.014524280 -0.052701108 0.819662809 -0.000431178 0.572846174 4.689229012
0.521872997 0.017283607 -0.852848053 -3.326604843 -0.007122713 0.999848068 0.015904162 -0.045392267 0.852993309 -0.002225362 0.521916986 4.810364723
0.466746092 0.020680163 -0.884149551 -3.681867123 -0.015567702 0.999763787 0.015166116 -0.042331360 0.884254396 0.006685453 0.466957748 4.959987164
0.412206709 0.022673102 -0.910808206 -3.996930599 -0.014116945 0.999729216 0.018497711 -0.037924707 0.910980999 0.005232948 0.412415147 5.059518337
0.354756773 0.026247827 -0.934590161 -4.404711723 -0.022187985 0.999560714 0.019650279 -0.042666972 0.934695244 0.013765603 0.355183303 5.166213989
0.298922330 0.029528271 -0.953820467 -4.776665688 -0.019478565 0.999501705 0.024837984 -0.043560907 0.954078674 0.011154423 0.299348593 5.251537323
0.244622856 0.030979427 -0.969123304 -5.185821056 -0.017270954 0.999470115 0.027590029 -0.023953810 0.969464481 0.009988533 0.245028242 5.322995663
0.194354564 0.031844467 -0.980414331 -5.614336014 -0.015229777 0.999450445 0.029443663 -0.019612163 0.980813086 0.009208983 0.194732726 5.361783981
0.145570844 0.033177935 -0.988791347 -6.020257950 -0.016863022 0.999375582 0.031050485 -0.018377542 0.989204049 0.012153964 0.146039456 5.394252300
0.102495059 0.032702811 -0.994195759 -6.497491360 -0.018577034 0.999348044 0.030957121 0.003471017 0.994560003 0.015296256 0.103035763 5.413200378
0.064949974 0.032186493 -0.997369230 -6.896844387 -0.019196054 0.999334991 0.030999854 0.007129177 0.997703910 0.017132115 0.065524630 5.401854038
0.029864453 0.028856454 -0.999137223 -7.421521664 -0.018248916 0.999432325 0.028319508 0.026816547 0.999387383 0.017387427 0.030374091 5.398957729
-0.001767905 0.026823649 -0.999638617 -7.868505955 -0.017687596 0.999482870 0.026850756 0.030673444 0.999841988 0.017728671 -0.001292545 5.381915569
-0.028551301 0.025075465 -0.999277771 -8.360994339 -0.018225867 0.999505997 0.025601940 0.041521236 0.999426126 0.018943675 -0.028080175 5.349587440
-0.049264416 0.022338780 -0.998535931 -8.928283691 -0.018321911 0.999561369 0.023265660 0.060420245 0.998617768 0.019441256 -0.048833519 5.307109833
-0.064977780 0.022150297 -0.997640789 -9.383531570 -0.017518207 0.999574363 0.023334213 0.068933502 0.997732878 0.018993089 -0.064562082 5.248271942
-0.077595674 0.022727937 -0.996725798 -9.986097336 -0.017241638 0.999560118 0.024134837 0.080673411 0.996835828 0.019057948 -0.077169672 5.186440945
-0.088868625 0.023403225 -0.995768368 -10.531760216 -0.018430239 0.999514163 0.025136095 0.097948655 0.995872855 0.020586060 -0.088394143 5.154692650
-0.095782399 0.024421670 -0.995102704 -11.154314041 -0.020177618 0.999445975 0.026470436 0.108087569 0.995197833 0.022614205 -0.095236577 5.088024139
-0.099676058 0.026365023 -0.994670510 -11.687624931 -0.019445678 0.999406338 0.028439201 0.106097251 0.994829893 0.022176750 -0.099104173 5.015784264
-0.100729637 0.027064297 -0.994545698 -12.359675407 -0.017349029 0.999430120 0.028954364 0.122036040 0.994762540 0.020170962 -0.100202680 4.942517281
-0.099443890 0.029483335 -0.994606256 -12.924416542 -0.014687640 0.999408543 0.031094206 0.135761470 0.994934738 0.017700547 -0.098952025 4.880041122
-0.097693235 0.031866409 -0.994706213 -13.611186981 -0.015150754 0.999323785 0.033502340 0.146724790 0.995101213 0.018343503 -0.097144365 4.808917046
-0.096973687 0.031949189 -0.994774044 -14.245521545 -0.018203257 0.999260545 0.033867791 0.163569212 0.995120406 0.021392412 -0.096320398 4.751730919
-0.095430329 0.029046470 -0.995012283 -14.959634781 -0.019924082 0.999318182 0.031083062 0.183516949 0.995236635 0.022790970 -0.094786540 4.683602333
-0.094426505 0.029645741 -0.995090306 -15.619299889 -0.020079305 0.999296486 0.031676430 0.199278653 0.995329320 0.022971814 -0.093764827 4.617465496
-0.091457814 0.032247521 -0.995286644 -16.385686874 -0.019986557 0.999214768 0.034211379 0.224302202 0.995608330 0.023021249 -0.090741500 4.523940563
-0.091365427 0.035369471 -0.995189071 -17.069643021 -0.021352265 0.999069631 0.037467681 0.247301936 0.995588601 0.024672789 -0.090525225 4.486068726
-0.089711472 0.037664078 -0.995255291 -17.852245331 -0.021941585 0.998967350 0.039782345 0.261225700 0.995726109 0.025406411 -0.088792436 4.408936024
-0.087767363 0.037321720 -0.995441616 -18.565319061 -0.024511358 0.998914361 0.039613072 0.274645448 0.995839357 0.027876364 -0.086757287 4.342781067
-0.086024769 0.034140352 -0.995707870 -19.365356445 -0.026467090 0.998981655 0.036539230 0.302439809 0.995941401 0.029496772 -0.085033581 4.267727375
-0.084551007 0.033713538 -0.995848536 -20.113346100 -0.027772628 0.998959422 0.036176834 0.320822984 0.996032000 0.030716121 -0.083526708 4.201201916
-0.083718434 0.035952281 -0.995840609 -20.931058884 -0.025409143 0.998946965 0.038200520 0.342094541 0.996165395 0.028501544 -0.082716756 4.145786285
-0.081977122 0.038424142 -0.995893240 -21.701539993 -0.022880673 0.998920560 0.040424377 0.360283434 0.996371567 0.026100580 -0.081009470 4.072845459
-0.081019066 0.040242203 -0.995899856 -22.530887604 -0.021802805 0.998873889 0.042136099 0.382043004 0.996474147 0.025127232 -0.080050454 4.011276245
-0.080145329 0.035499837 -0.996150792 -23.324625015 -0.021988200 0.999059439 0.037372556 0.404912829 0.996540785 0.024898797 -0.079289384 3.937914133
-0.079828396 0.028445037 -0.996402681 -24.154590607 -0.020810088 0.999327302 0.030195769 0.422616929 0.996591449 0.023145705 -0.079182774 3.864749432
-0.080031842 0.023935927 -0.996504903 -24.987646103 -0.017181955 0.999529898 0.025388520 0.443038791 0.996644258 0.019153791 -0.079582967 3.804032803
-0.080627762 0.024580026 -0.996441185 -25.803674698 -0.016504036 0.999526024 0.025991552 0.461739719 0.996607661 0.018540943 -0.080183886 3.740798473
-0.080492109 0.032406535 -0.996228337 -26.660188675 -0.016239248 0.999296010 0.033818405 0.473812789 0.996622920 0.018900115 -0.079909198 3.664008141
-0.080850855 0.039393563 -0.995947480 -27.534687042 -0.018054135 0.998996854 0.040979806 0.491982281 0.996562660 0.021294221 -0.080058545 3.586118221
-0.081223845 0.044764429 -0.995690167 -28.349987030 -0.022514407 0.998653591 0.046734285 0.511943042 0.996441543 0.026213311 -0.080106638 3.517520428
-0.081442975 0.045103163 -0.995656967 -29.199857712 -0.023815069 0.998602271 0.047184609 0.532972574 0.996393442 0.027554495 -0.080255002 3.435065746
-0.082128696 0.041159052 -0.995771408 -30.041963577 -0.022837672 0.998806715 0.043168105 0.569550395 0.996360064 0.026286440 -0.081090726 3.370507956
-0.082268447 0.038939018 -0.995849133 -30.893470764 -0.024222728 0.998862982 0.041057937 0.585589528 0.996315777 0.027499953 -0.081231691 3.284049273
-0.082205594 0.040418807 -0.995795488 -31.754228592 -0.025819920 0.998755455 0.042670470 0.601296186 0.996280849 0.029219108 -0.081059679 3.200885296
-0.081666656 0.042237964 -0.995764196 -32.619743347 -0.026439548 0.998658121 0.044529125 0.634261012 0.996308863 0.029964102 -0.080440320 3.104027033
-0.082154483 0.041698247 -0.995746911 -33.434860229 -0.028203450 0.998627067 0.044145785 0.639621735 0.996220410 0.031710278 -0.080865666 3.053889275
-0.081355467 0.036879010 -0.996002614 -34.265476227 -0.029248213 0.998796523 0.039371520 0.657149136 0.996255875 0.032334387 -0.080178909 2.968709469
-0.081643455 0.032247610 -0.996139824 -35.109375000 -0.029284144 0.998967290 0.034739271 0.688852429 0.996231258 0.032007337 -0.080614805 2.900045156
-0.081642725 0.034222737 -0.996073902 -35.943065643 -0.029564928 0.998887300 0.036742672 0.701964498 0.996223032 0.032448627 -0.080540091 2.837233305
-0.081383117 0.036856275 -0.996001244 -36.773914337 -0.028951425 0.998806834 0.039325710 0.713001192 0.996262252 0.032036100 -0.080218978 2.768634558
-0.081101924 0.041644949 -0.995835483 -37.604236603 -0.028297329 0.998627722 0.044066295 0.736959994 0.996304035 0.031753343 -0.079812169 2.704376698
-0.081118524 0.047069918 -0.995592415 -38.491294861 -0.027856616 0.998386979 0.049471732 0.767666936 0.996315122 0.031746909 -0.079676457 2.629648209
-0.081208587 0.049711984 -0.995456636 -39.334812164 -0.027414938 0.998266101 0.052088767 0.797214866 0.996320069 0.031520434 -0.079704925 2.546363831
-0.081265219 0.049781986 -0.995448589 -40.158584595 -0.027484031 0.998260200 0.052166302 0.824999690 0.996313512 0.031598248 -0.079755619 2.480693340
-0.080918521 0.045715217 -0.995671749 -41.021110535 -0.027473638 0.998465776 0.048076287 0.852821946 0.996342003 0.031244988 -0.079538420 2.414818764
-0.079881094 0.040790677 -0.995969474 -41.839309692 -0.028711246 0.998653710 0.043203376 0.887400925 0.996390760 0.032046657 -0.078602396 2.332688808
-0.079885274 0.038623229 -0.996055484 -42.651573181 -0.032674741 0.998610616 0.041342869 0.899111092 0.996268392 0.035848543 -0.078512266 2.258075953
-0.080304913 0.036554616 -0.996099770 -43.536170959 -0.039913204 0.998407841 0.039857101 0.906615138 0.995970845 0.042958256 -0.078718059 2.209207058
-0.080989361 0.033901554 -0.996138155 -44.340709686 -0.037199434 0.998622239 0.037010536 0.934953332 0.996020496 0.040053241 -0.079616658 2.145423174
-0.082059495 0.030455276 -0.996161938 -45.165153503 -0.033671696 0.998877585 0.033312030 0.948064327 0.996058464 0.036276031 -0.080941916 2.069666624
-0.082803845 0.029444888 -0.996130884 -46.033306122 -0.029805128 0.999043226 0.032008540 0.959395051 0.996120095 0.032340240 -0.081846990 2.001199245
-0.084394641 0.033289608 -0.995876193 -46.841091156 -0.029724784 0.998912930 0.035910118 0.969143331 0.995988965 0.032632828 -0.083313361 1.927961826
-0.086310863 0.038936201 -0.995507181 -47.670486450 -0.027131233 0.998773575 0.041416250 0.994284451 0.995898783 0.030584008 -0.085148625 1.857565880
-0.088206060 0.043295063 -0.995160878 -48.523475647 -0.025247259 0.998636961 0.045684084 1.008165717 0.995782197 0.029154707 -0.086992733 1.784079552
-0.089681767 0.042450015 -0.995065391 -49.336284637 -0.025111591 0.998677254 0.044867337 1.026732922 0.995653749 0.029011458 -0.088497147 1.707412720
-0.090467706 0.038713355 -0.995146751 -50.146209717 -0.029124523 0.998713851 0.041499816 1.040799022 0.995473385 0.032737568 -0.089223869 1.616214752
-0.092334613 0.034796838 -0.995119810 -50.968482971 -0.033463031 0.998716176 0.038027547 1.068600178 0.995165586 0.036810983 -0.091051683 1.538024902
-0.093421660 0.033421490 -0.995065510 -51.774742126 -0.037775502 0.998597741 0.037086684 1.085895538 0.994909704 0.041053802 -0.092028141 1.443949223
-0.094219744 0.034614835 -0.994949400 -52.565757751 -0.039673675 0.998470902 0.038494371 1.098190784 0.994760633 0.043100234 -0.092702381 1.351169109
-0.095225237 0.035863627 -0.994809449 -53.394149780 -0.040075377 0.998402655 0.039829258 1.110074997 0.994648755 0.043660119 -0.093635872 1.298233509
-0.095999502 0.035265982 -0.994756460 -54.181339264 -0.041815907 0.998347044 0.039428744 1.129714847 0.994502664 0.045381781 -0.094366141 1.211767197
-0.096972533 0.035447318 -0.994655609 -55.003463745 -0.042738460 0.998295605 0.039743755 1.149331808 0.994368970 0.046364099 -0.095292270 1.130711555
-0.097833768 0.037550535 -0.994494081 -55.776744843 -0.040900141 0.998291969 0.041717503 1.162778258 0.994361937 0.044756331 -0.096130840 1.060073853
-0.098539710 0.039915930 -0.994332254 -56.520477295 -0.039377000 0.998256266 0.043975774 1.189088941 0.994353771 0.043487180 -0.096796118 0.995634079
-0.099489637 0.043844882 -0.994072199 -57.374786377 -0.041499551 0.997976661 0.048170492 1.225193024 0.994172812 0.046046011 -0.097468764 0.916478157
-0.099661663 0.046297695 -0.993943691 -58.136924744 -0.041673377 0.997846186 0.050658017 1.234305501 0.994148254 0.046469651 -0.097517617 0.830699921
-0.099826500 0.045941159 -0.993943751 -58.914669037 -0.041537933 0.997870207 0.050294500 1.260255098 0.994137466 0.046307087 -0.097705588 0.735063076
-0.101035617 0.043834839 -0.993916571 -59.678989410 -0.040235095 0.998031557 0.048106380 1.285316110 0.994068801 0.044850785 -0.099073038 0.661094666
-0.101089701 0.040452439 -0.994054556 -60.419303894 -0.040217090 0.998190224 0.044710584 1.304337621 0.994064033 0.044497762 -0.099279873 0.575819969
-0.100849725 0.037525002 -0.994193733 -61.152751923 -0.040745363 0.998294353 0.041812934 1.327305079 0.994067013 0.044725604 -0.099148728 0.502198696
-0.100312144 0.034920577 -0.994342983 -61.834865570 -0.041227877 0.998379648 0.039221525 1.346747637 0.994101405 0.044929050 -0.098709911 0.437824726
-0.097715288 0.034040838 -0.994632065 -62.587295532 -0.043576006 0.998310030 0.038447730 1.362093449 0.994259953 0.047099024 -0.096066780 0.358951569
-0.093551137 0.034861963 -0.995003939 -63.261981964 -0.043596227 0.998284757 0.039075859 1.377745867 0.994659543 0.047033999 -0.091870829 0.296477318
-0.087864593 0.036176164 -0.995475352 -63.923019409 -0.042633630 0.998288095 0.040041395 1.393614411 0.995219648 0.045958955 -0.086171865 0.236979961
-0.080539852 0.037719995 -0.996037364 -64.566764832 -0.042372324 0.998250842 0.041230053 1.403214216 0.995850265 0.045525085 -0.078800701 0.179269791
-0.072165214 0.039356623 -0.996615887 -65.261047363 -0.043503951 0.998145998 0.042567179 1.410466671 0.996443391 0.046428598 -0.070319258 0.143893242
-0.060866214 0.041254088 -0.997293055 -65.866935730 -0.045620881 0.997986376 0.044067089 1.418647647 0.997102737 0.048179589 -0.058861621 0.111155272
-0.045425504 0.042595927 -0.998059154 -66.476173401 -0.049008407 0.997792482 0.044815116 1.432673693 0.997764826 0.050949045 -0.043237660 0.078253746
-0.027479809 0.043781608 -0.998663127 -67.043220520 -0.050287981 0.997714877 0.045123804 1.440083742 0.998356640 0.051460735 -0.025215320 0.071816325
-0.005215608 0.044884682 -0.998978555 -67.611763000 -0.051801383 0.997638762 0.045094945 1.451940656 0.998643816 0.051983681 -0.002878197 0.076109871
0.020434354 0.044809956 -0.998786509 -68.205238342 -0.051965304 0.997692347 0.043697711 1.483598828 0.998439789 0.051009312 0.022715764 0.111909509
0.050077949 0.043427099 -0.997800708 -68.722389221 -0.050435297 0.997889519 0.040899709 1.506150007 0.997471035 0.048276201 0.052162521 0.153746128
0.084134236 0.043763194 -0.995492876 -69.206176758 -0.049660258 0.997977734 0.039675385 1.509728789 0.995216131 0.046098374 0.086137392 0.210951328
0.121672533 0.044547692 -0.991570115 -69.679153442 -0.049808186 0.998007834 0.038725097 1.509628892 0.991319776 0.044676527 0.123648986 0.298988342
0.163683012 0.045052208 -0.985483706 -70.088211060 -0.049610741 0.998068511 0.037387483 1.506449938 0.985264838 0.042770881 0.165601954 0.352899551
0.206054956 0.043518532 -0.977572203 -70.638786316 -0.046312876 0.998324752 0.034680445 1.512248993 0.977443874 0.038128097 0.207725286 0.514673233
0.254508466 0.042317107 -0.966144145 -71.057678223 -0.043270722 0.998539865 0.032337368 1.514441848 0.966101944 0.033575632 0.255967975 0.657968521
0.304979920 0.037382826 -0.951624811 -71.470535278 -0.036017686 0.998967111 0.027699523 1.516006947 0.951677501 0.025827521 0.306011409 0.827386856
0.356703103 0.031849142 -0.933674753 -71.876190186 -0.030516598 0.999282539 0.022428505 1.517934442 0.933719277 0.020492258 0.357419163 1.019157410
0.408289373 0.025996756 -0.912482321 -72.256446838 -0.022839183 0.999572396 0.018258596 1.505959392 0.912566781 0.013385559 0.408708572 1.282331467
0.459303409 0.025719531 -0.887907088 -72.633384705 -0.022905916 0.999591231 0.017105682 1.505313158 0.887984097 0.012481628 0.459704757 1.518815994
0.508306861 0.024594193 -0.860824764 -73.003494263 -0.021138424 0.999647200 0.016078435 1.509864211 0.860916555 0.010023700 0.508647442 1.762613297
0.553692758 0.017529393 -0.832536459 -73.337257385 -0.010599511 0.999845803 0.014002772 1.525148392 0.832653582 0.001071244 0.553793132 2.082954407
0.597835958 0.011242443 -0.801539481 -73.652465820 0.000094186 0.999900639 0.014094920 1.520840883 0.801618516 -0.008501946 0.597775400 2.375736237
0.640599787 0.006366433 -0.767848492 -73.982360840 0.002047238 0.999947906 0.009998797 1.516035080 0.767872155 -0.007977196 0.640553415 2.690567017
0.681638896 -0.004591907 -0.731674194 -74.279449463 0.006568506 0.999978423 -0.000156434 1.502205610 0.731659174 -0.004699375 0.681654334 2.993629456
0.722284555 -0.011311348 -0.691503406 -74.560897827 0.004052861 0.999918282 -0.012123012 1.496286988 0.691584110 0.005953697 0.722271323 3.329677582
0.760667682 -0.011976855 -0.649031103 -74.798660278 -0.000171864 0.999826014 -0.018651651 1.457448721 0.649141669 0.014299251 0.760533214 3.716781616
0.797520876 -0.012527897 -0.603161097 -75.046051025 -0.001116678 0.999751985 -0.022241753 1.446890473 0.603290319 0.018411802 0.797309160 4.113937378
0.833512366 -0.016940895 -0.552241027 -75.157714844 0.008465851 0.999804020 -0.017892884 1.544525743 0.552436054 0.010238748 0.833492339 4.287551880
0.864120960 -0.015630733 -0.503041506 -75.395172119 0.006162412 0.999771297 -0.020479599 1.538184166 0.503246665 0.014596900 0.864019454 4.754882812
0.890618622 -0.013103993 -0.454562187 -75.667678833 0.003292076 0.999744356 -0.022370221 1.534366608 0.454739094 0.018426882 0.890434027 5.238918304
0.911973417 -0.006981449 -0.410189807 -75.887641907 -0.001939936 0.999770641 -0.021329191 1.516177535 0.410244644 0.020247396 0.911750674 5.766166687
0.929643273 -0.002134486 -0.368454665 -76.012207031 -0.005197341 0.999807715 -0.018905306 1.485763311 0.368424177 0.019490175 0.929453492 6.226245880
0.943233550 0.002536045 -0.332120538 -76.209594727 -0.009001303 0.999798715 -0.017929621 1.479090452 0.332008213 0.019901341 0.943066537 6.807744980
0.953468025 0.006701306 -0.301419437 -76.326187134 -0.010538006 0.999882877 -0.011104559 1.436222076 0.301309735 0.013764207 0.953426898 7.316568375
0.960764766 0.006174358 -0.277295500 -76.490379333 -0.009256729 0.999909103 -0.009808104 1.421547651 0.277209818 0.011990131 0.960734606 7.934438705
0.966691613 0.006555437 -0.255860031 -76.640907288 -0.008857892 0.999929965 -0.007847542 1.416951895 0.255790651 0.009852530 0.966681957 8.530868530
0.971392334 0.009218656 -0.237301320 -76.806838989 -0.010807439 0.999926984 -0.005395160 1.405058026 0.237234265 0.007805435 0.971421063 9.200696945
0.974869907 0.014282466 -0.222316667 -76.942741394 -0.015506209 0.999872625 -0.003759899 1.395123482 0.222234637 0.007112703 0.974967420 9.814981461
0.977724195 0.018091803 -0.209112659 -77.094642639 -0.019007912 0.999816418 -0.002371967 1.380780816 0.209031373 0.006293925 0.977888763 10.512726784
0.980573595 0.017436791 -0.195374638 -77.237197876 -0.018182356 0.999832630 -0.002023136 1.384815097 0.195306674 0.005536205 0.980726600 11.197337151
0.983079970 0.017019222 -0.182384416 -77.355392456 -0.017747315 0.999839723 -0.002360616 1.373959422 0.182314977 0.005557508 0.983224511 11.927001953
0.985804558 0.018419566 -0.166883454 -77.482337952 -0.018981934 0.999818206 -0.001775237 1.368851066 0.166820407 0.004917803 0.985975027 12.609146118
0.988129616 0.019571694 -0.152370602 -77.607574463 -0.020036465 0.999798119 -0.001515225 1.363333344 0.152310178 0.004550206 0.988322198 13.377733231
0.989947021 0.020533783 -0.139940277 -77.703956604 -0.021316405 0.999764383 -0.004095784 1.344353795 0.139823198 0.007037634 0.990151405 14.091279030
0.991415858 0.021237861 -0.129009649 -77.806365967 -0.022641411 0.999699235 -0.009422414 1.327922940 0.128770739 0.012262495 0.991598547 14.877975464
0.992654264 0.019441511 -0.119413577 -77.890876770 -0.021444513 0.999649644 -0.015511496 1.314338446 0.119070165 0.017958306 0.992723525 15.610422134
0.993504405 0.018902231 -0.112213008 -77.969680786 -0.020780316 0.999662519 -0.015590691 1.297358632 0.111880444 0.017821247 0.993561804 16.432474136
0.994273841 0.021298934 -0.104718603 -78.067955017 -0.022459798 0.999698520 -0.009918726 1.285722733 0.104475781 0.012213890 0.994452357 17.196186066
0.994714439 0.026058899 -0.099319056 -78.165687561 -0.026378551 0.999650180 -0.001906399 1.262588978 0.099234633 0.004516213 0.995053768 18.032283783
0.995104551 0.026307948 -0.095262095 -78.245300293 -0.026254898 0.999653637 0.001810499 1.244303107 0.095276728 0.000699460 0.995450616 18.800201416
0.995499194 0.025314784 -0.091327064 -78.338455200 -0.025348319 0.999678433 0.000792928 1.228170156 0.091317765 0.001525629 0.995820761 19.637073517
0.995714068 0.024812007 -0.089094378 -78.393486023 -0.024938760 0.999689043 -0.000309657 1.209004283 0.089058973 0.002530233 0.996023178 20.389492035
0.995955944 0.023584221 -0.086692311 -78.465774536 -0.023505935 0.999721885 0.001923898 1.194109321 0.086713575 0.000121666 0.996233284 21.230154037
0.996258914 0.022349196 -0.083478533 -78.531509399 -0.022051293 0.999746740 0.004489045 1.184456706 0.083557718 -0.002631441 0.996499479 21.981178284
0.996560693 0.020014154 -0.080411777 -78.606628418 -0.019571709 0.999788642 0.006286781 1.174304008 0.080520615 -0.004691364 0.996741951 22.824661255
0.996775448 0.018916938 -0.077980079 -78.662933350 -0.018795226 0.999820650 0.002294562 1.165980101 0.078009523 -0.000821511 0.996952236 23.576726913
0.996883273 0.022171877 -0.075710699 -78.743041992 -0.022614708 0.999731779 -0.004996584 1.153200865 0.075579621 0.006693186 0.997117341 24.399436951
0.996953666 0.023078822 -0.074503712 -78.771377563 -0.024071412 0.999632835 -0.012452291 1.152508974 0.074188977 0.014207769 0.997143030 24.976863861
0.997045279 0.023545666 -0.073117808 -78.833473206 -0.024815975 0.999555588 -0.016513752 1.130783200 0.072696500 0.018279448 0.997186542 25.791976929
0.997157276 0.025022438 -0.071071692 -78.919647217 -0.026132938 0.999549866 -0.014738309 1.085122466 0.070670895 0.016553724 0.997362316 26.703369141
0.997224927 0.028348438 -0.068838201 -78.985305786 -0.029157789 0.999516666 -0.010780934 1.061276436 0.068499312 0.012758184 0.997569501 27.528354645
0.997287154 0.032171723 -0.066206440 -79.037925720 -0.032628369 0.999450564 -0.005827321 1.045543432 0.065982580 0.007971714 0.997788906 28.272670746
0.997535288 0.030503510 -0.063189089 -79.102310181 -0.030794606 0.999519110 -0.003637703 1.021235704 0.063047744 0.005574617 0.997994840 29.088487625
0.997688115 0.027415579 -0.062183689 -79.150093079 -0.027687734 0.999610484 -0.003518966 1.000912666 0.062063009 0.005232554 0.998058498 29.874151230
0.997809350 0.025922650 -0.060863573 -79.194946289 -0.026230015 0.999646902 -0.004256397 0.986787736 0.060731754 0.005843526 0.998136997 30.628757477
0.997869015 0.026440851 -0.059650682 -79.246414185 -0.026828691 0.999623835 -0.005710241 0.962990701 0.059477258 0.007298423 0.998202980 31.445909500
0.997951806 0.023905549 -0.059335612 -79.290451050 -0.024390496 0.999674797 -0.007462081 0.955127597 0.059137914 0.008894023 0.998210192 32.257896423
0.998011708 0.023565382 -0.058458067 -79.311187744 -0.024062447 0.999679923 -0.007813537 0.950767934 0.058255233 0.009204645 0.998259246 32.843643188
0.997958362 0.026896648 -0.057930201 -79.363105774 -0.027335459 0.999603212 -0.006795553 0.933947206 0.057724435 0.008365229 0.998297513 33.673469543
0.997998118 0.026781110 -0.057295389 -79.420181274 -0.027279770 0.999596238 -0.007938758 0.914934754 0.057059657 0.009485869 0.998325646 34.462280273
0.997908413 0.026803629 -0.058826093 -79.472999573 -0.027326213 0.999593735 -0.008097061 0.897636116 0.058585171 0.009687620 0.998235464 35.301719666
0.997843444 0.024714306 -0.060810074 -79.522361755 -0.025211610 0.999654591 -0.007424202 0.873628497 0.060605593 0.008941310 0.998121738 36.108509064
0.997600973 0.026454937 -0.063972428 -79.578689575 -0.027004940 0.999605358 -0.007748099 0.856477976 0.063742206 0.009457082 0.997921586 36.971252441
0.997298479 0.031142661 -0.066527031 -79.652908325 -0.031733073 0.999465644 -0.007836320 0.833250105 0.066247433 0.009926260 0.997753799 37.773777008
0.997115076 0.031587590 -0.069018349 -79.719940186 -0.032538623 0.999389827 -0.012698728 0.809968710 0.068575099 0.014907861 0.997534573 38.632762909
0.996936500 0.032638520 -0.071081176 -79.801742554 -0.033878505 0.999292791 -0.016309135 0.798676670 0.070498608 0.018667296 0.997337222 39.500267029
0.996806383 0.031598154 -0.073340885 -79.857185364 -0.033002969 0.999292731 -0.018021956 0.773082078 0.072719559 0.020384863 0.997144103 40.309162140
0.996661425 0.032495428 -0.074900895 -79.943534851 -0.033836100 0.999287903 -0.016699886 0.753629446 0.074304886 0.019178485 0.997051179 41.186923981
0.996523559 0.030925715 -0.077359200 -80.006904602 -0.032235436 0.999356449 -0.015739046 0.719666600 0.076822661 0.018178040 0.996879160 42.080566406
0.996408284 0.031050241 -0.078781135 -80.081687927 -0.032286000 0.999374032 -0.014460728 0.699275851 0.078282788 0.016952315 0.996787071 42.913894653
0.996303499 0.030482678 -0.080312803 -80.151458740 -0.031454571 0.999446213 -0.010863855 0.676060677 0.079937153 0.013349899 0.996710539 43.837093353
0.996253550 0.029819502 -0.081176564 -80.219184875 -0.030395873 0.999520659 -0.005873489 0.660646200 0.080962494 0.008318915 0.996682405 44.652091980
0.996345162 0.030254804 -0.079882927 -80.307289124 -0.030683819 0.999520481 -0.004148152 0.635088086 0.079719134 0.006584103 0.996795654 45.622425079
0.996400118 0.033213668 -0.077997729 -80.378479004 -0.033591043 0.999429345 -0.003530838 0.610905111 0.077835962 0.006138153 0.996947348 46.490192413
0.996524990 0.032713011 -0.076603994 -80.441848755 -0.033171356 0.999438524 -0.004718160 0.587944508 0.076406635 0.007242821 0.997050524 47.371017456
0.996769905 0.032365121 -0.073500492 -80.531143188 -0.033099275 0.999413371 -0.008792061 0.573198915 0.073172808 0.011196475 0.997256398 48.367824554
0.997017741 0.028491711 -0.071720317 -80.591148376 -0.029320437 0.999514639 -0.010528617 0.550717533 0.071385525 0.012600090 0.997369170 49.250556946
0.997184336 0.027231017 -0.069870971 -80.653991699 -0.028049881 0.999548554 -0.010765222 0.531800807 0.069546275 0.012694783 0.997497916 50.152572632
0.997349858 0.027816091 -0.067226581 -80.741264343 -0.028514182 0.999548793 -0.009446877 0.500346661 0.066933468 0.011338755 0.997692943 51.168521881
0.997495055 0.025065348 -0.066144913 -80.800239563 -0.025598088 0.999646306 -0.007218871 0.483501524 0.065940566 0.008893973 0.997783899 52.045925140
0.997519314 0.025079569 -0.065774724 -80.863273621 -0.025590844 0.999648392 -0.006942037 0.458873302 0.065577500 0.008608047 0.997810304 52.973087311
0.997586310 0.027048510 -0.063951403 -80.921218872 -0.027812060 0.999551713 -0.011079432 0.424775541 0.063623078 0.012831311 0.997891426 53.953506470
0.997557759 0.029610308 -0.063258961 -80.998954773 -0.030713607 0.999391317 -0.016540103 0.390142798 0.062730715 0.018442620 0.997860014 54.839881897
0.997520506 0.031799003 -0.062783048 -81.053482056 -0.033228170 0.999208927 -0.021851946 0.356825948 0.062038530 0.023883928 0.997787893 55.709674835
0.997435510 0.036818679 -0.061374202 -81.117820740 -0.038625423 0.998846829 -0.028516110 0.327811480 0.060253508 0.030813580 0.997707486 56.692066193
0.997521639 0.035897408 -0.060513858 -81.176986694 -0.037715085 0.998862863 -0.029167488 0.290606022 0.059398007 0.031377487 0.997741103 57.568969727
0.997678638 0.032650013 -0.059760921 -81.239143372 -0.034089252 0.999148965 -0.023224222 0.258813977 0.058951799 0.025207516 0.997942507 58.439899445
0.997627735 0.033157676 -0.060328081 -81.275077820 -0.034111477 0.999307692 -0.014849358 0.217215359 0.059793945 0.016872013 0.998068154 59.391216278
0.997592390 0.033582993 -0.060677178 -81.345916748 -0.034053136 0.999397397 -0.006730628 0.175908536 0.060414575 0.008780673 0.998134792 60.258491516
0.997530401 0.030981671 -0.063033536 -81.399314880 -0.031648107 0.999452949 -0.009601646 0.155981719 0.062701561 0.011572826 0.997965217 61.182647705
0.997500777 0.026899150 -0.065334193 -81.444152832 -0.027773529 0.999535918 -0.012511796 0.122132003 0.064967297 0.014295088 0.997784972 62.017177582
0.997357488 0.025306955 -0.068099931 -81.504745483 -0.026305884 0.999558449 -0.013811832 0.091475070 0.067720331 0.015566764 0.997582853 62.880336761
0.997131228 0.027442768 -0.070542403 -81.578788757 -0.028714366 0.999441803 -0.017075408 0.069784284 0.070034437 0.019052003 0.997362614 63.834777832
0.996821523 0.029473489 -0.074013822 -81.648857117 -0.031050861 0.999312580 -0.020252138 0.039800167 0.073366053 0.022485960 0.997051537 64.664947510
0.996534526 0.030754307 -0.077284895 -81.730186462 -0.032677114 0.999183953 -0.023738958 -0.001250386 0.076491743 0.026182137 0.996726394 65.545539856
0.996211231 0.032248247 -0.080765702 -81.800262451 -0.034576211 0.999021053 -0.027592525 -0.035380006 0.079796828 0.030280555 0.996351242 66.365058899
0.995770633 0.037634607 -0.083812296 -81.883171082 -0.040054150 0.998822391 -0.027376089 -0.072322965 0.082683317 0.030617334 0.996105433 67.187881470
0.995373011 0.042193290 -0.086326659 -81.985733032 -0.044605099 0.998661041 -0.026201803 -0.112157226 0.085105538 0.029931180 0.995922208 68.127677917
0.994892359 0.045566332 -0.090071246 -82.068542480 -0.047559880 0.998665929 -0.020111000 -0.146542668 0.089034699 0.024292063 0.995732248 68.944793701
0.994456708 0.050010502 -0.092491649 -82.194160461 -0.051928572 0.998480439 -0.018447265 -0.114210486 0.091428541 0.023147969 0.995542586 70.033767700
0.993978620 0.049491379 -0.097760364 -82.276206970 -0.051168472 0.998581588 -0.014721633 -0.142598510 0.096893102 0.019635240 0.995101213 70.848327637
0.993299305 0.050529651 -0.103938922 -82.365730286 -0.052265294 0.998534560 -0.014041660 -0.160852194 0.103077084 0.019379968 0.994484603 71.648277283
0.992930591 0.050665226 -0.107339904 -82.498657227 -0.052286077 0.998555899 -0.012338257 -0.167191565 0.106559768 0.017863415 0.994145811 72.522590637
0.992160022 0.050921343 -0.114129350 -82.595878601 -0.052682500 0.998533428 -0.012466581 -0.193292499 0.113327160 0.018381460 0.993387699 73.331535339
0.991255403 0.056541074 -0.119230069 -82.718559265 -0.058578242 0.998189688 -0.013648351 -0.221805453 0.118242480 0.020513292 0.992772818 74.178306580
0.990499914 0.056824576 -0.125223011 -82.831100464 -0.059342261 0.998101950 -0.016464941 -0.255154014 0.124049701 0.023739541 0.991992056 74.962364197
0.989857018 0.055850971 -0.130628139 -82.929061890 -0.058820732 0.998088121 -0.018984724 -0.353384495 0.129318058 0.026475808 0.991249800 75.846351624
0.989083707 0.056679793 -0.136017248 -83.040405273 -0.059907276 0.998008609 -0.019750500 -0.379905701 0.134626925 0.027683327 0.990509629 76.609153748
0.988369286 0.058424145 -0.140401587 -83.167533875 -0.061095819 0.998022258 -0.014790681 -0.401724100 0.139259815 0.023196606 0.989984155 77.385871887
0.987792194 0.055392183 -0.145595983 -83.285743713 -0.056701120 0.998379409 -0.004852542 -0.627524614 0.145091236 0.013048759 0.989332199 78.241836548
0.986957610 0.054926969 -0.151319817 -83.412139893 -0.055885009 0.998435020 -0.002082462 -0.656552792 0.150968626 0.010511811 0.988482654 78.993957520
0.985803425 0.053353734 -0.159201115 -83.524414062 -0.055145811 0.998454750 -0.006857027 -0.647710025 0.158589259 0.015538956 0.987222373 79.895050049
0.984511614 0.051508851 -0.167581707 -83.660316467 -0.054596670 0.998412192 -0.013867851 -0.662667751 0.166601285 0.022802465 0.985760689 80.628555298
0.982951522 0.049396124 -0.177105352 -83.801933289 -0.053047653 0.998464763 -0.015939562 -0.682382941 0.176046088 0.025062840 0.984062850 81.496726990
0.981059015 0.049115878 -0.187378839 -83.953903198 -0.052421801 0.998543978 -0.012725633 -0.703943133 0.186480984 0.022307334 0.982205331 82.234580994
0.978171468 0.045926772 -0.202660918 -83.988693237 -0.047884084 0.998841465 -0.004762964 -0.759304523 0.202207446 0.014363227 0.979237318 83.139572144
0.975669384 0.047487445 -0.214042172 -84.160125732 -0.047916804 0.998846233 0.003184871 -0.772076309 0.213946462 0.007148835 0.976819217 83.865280151
0.973151684 0.049162008 -0.224852562 -84.366340637 -0.048857130 0.998781800 0.006923256 -0.792243183 0.224918991 0.004248272 0.974368334 84.713516235
0.970310926 0.052617997 -0.236067653 -84.555099487 -0.053447433 0.998566449 0.002888727 -0.807997882 0.235881254 0.009814246 0.971732318 85.415969849
0.967199266 0.052422535 -0.248550728 -84.750656128 -0.055764638 0.998423338 -0.006419719 -0.812454402 0.247822300 0.020069487 0.968597591 86.131607056
0.964371502 0.050651558 -0.259657681 -85.010932922 -0.055454236 0.998398304 -0.011199524 -0.826430082 0.258674473 0.025199616 0.965635777 86.945571899
0.961226463 0.049259983 -0.271325231 -85.223205566 -0.052836571 0.998585761 -0.005888082 -0.840372562 0.270651400 0.019995671 0.962469757 87.662734985
0.957890809 0.050033472 -0.282739818 -85.446853638 -0.051688809 0.998661816 0.001606736 -0.855295300 0.282441914 0.013075410 0.959195256 88.402519226
0.954636991 0.051678095 -0.293253601 -85.728492737 -0.052051522 0.998623013 0.006535747 -0.871095717 0.293187529 0.009025031 0.956012309 89.275390625
0.950759470 0.049576335 -0.305938810 -85.969421387 -0.050427403 0.998714566 0.005126105 -0.880426288 0.305799723 0.010554010 0.952037334 89.998916626
0.947046757 0.047585107 -0.317550421 -86.216827393 -0.049873177 0.998755097 0.000924722 -0.888128519 0.317199111 0.014961493 0.948240995 90.709373474
0.944073975 0.044522293 -0.326714307 -86.465827942 -0.048864424 0.998792410 -0.005090375 -0.912000895 0.326093078 0.020770395 0.945109487 91.416252136
0.941952288 0.040284406 -0.333321333 -86.785202026 -0.046776276 0.998839557 -0.011470499 -0.917417526 0.332472414 0.026396191 0.942743540 92.248275757
0.939218581 0.039934944 -0.340989232 -87.046005249 -0.047236826 0.998797417 -0.013134691 -0.938547134 0.340054572 0.028443595 0.939975381 92.965339661
0.936314821 0.045812495 -0.348160446 -87.371978760 -0.053718664 0.998470426 -0.013083509 -0.959052563 0.347028553 0.030952999 0.937343597 93.786972046
0.933285654 0.045956898 -0.356182337 -87.648735046 -0.053131130 0.998533607 -0.010379538 -0.980916619 0.355183065 0.028611440 0.934358835 94.502296448
0.930338442 0.046043359 -0.363799900 -87.938697815 -0.050900377 0.998696625 -0.003769175 -0.991435409 0.363152266 0.022024162 0.931469440 95.228111267
0.928031385 0.048530813 -0.369327188 -88.291816711 -0.050777066 0.998703420 0.003642228 -0.981097400 0.369025081 0.015373249 0.929292262 96.069061279
0.925393343 0.058772434 -0.374423653 -88.606307983 -0.059075434 0.998196483 0.010678858 -0.995171070 0.374375939 0.012237098 0.927196205 96.767738342
0.922452629 0.065461129 -0.380520970 -88.952491760 -0.067510091 0.997686744 0.007975512 -1.005823731 0.380162835 0.018331973 0.924737930 97.590225220
0.920258164 0.062377837 -0.386308342 -89.259086609 -0.067238979 0.997736514 0.000930437 -1.017079711 0.385491997 0.025118738 0.922369301 98.295585632
0.918549955 0.054617479 -0.391513586 -89.605552673 -0.062316775 0.998032033 -0.006975699 -1.023092270 0.390362114 0.030805394 0.920145869 99.116821289
0.917050481 0.055315614 -0.394915760 -89.930389404 -0.063529268 0.997949958 -0.007741770 -1.029148579 0.393677950 0.032188307 0.918684721 99.822967529
0.914720416 0.061747815 -0.399341375 -90.296752930 -0.068255499 0.997665763 -0.002081014 -1.052364111 0.398280621 0.029160794 0.916799963 100.649009705
0.912292063 0.064292729 -0.404462069 -90.628906250 -0.069120117 0.997604847 0.002672680 -1.070631146 0.403665066 0.025518203 0.914550900 101.365127563
0.910074115 0.060774088 -0.409965366 -90.933967590 -0.066304736 0.997799218 0.000727162 -1.083466768 0.409107268 0.026520874 0.912100792 102.063362122
0.907802880 0.058951586 -0.415233344 -91.317367554 -0.067171238 0.997727871 -0.005203326 -1.105061293 0.413983077 0.032615330 0.909700096 102.930023193
0.905662417 0.055741895 -0.420319647 -91.646011353 -0.066988081 0.997681260 -0.012028755 -1.114218354 0.418674529 0.039050393 0.907296300 103.629333496
0.903440535 0.057319488 -0.424864113 -92.046775818 -0.069355808 0.997508526 -0.012903379 -1.138410807 0.423066020 0.041124236 0.905165136 104.449272156
0.901329279 0.059896529 -0.428972960 -92.384902954 -0.070408195 0.997480571 -0.008661014 -1.153304935 0.427373499 0.038009640 0.903275847 105.154434204
0.899338603 0.061874166 -0.432852805 -92.737411499 -0.071620949 0.997412503 -0.006231755 -1.175403357 0.431347221 0.036605794 0.901442945 105.857040405
0.896578968 0.062780611 -0.438411623 -93.131393433 -0.072285011 0.997371495 -0.005003575 -1.209151030 0.436945140 0.036176689 0.898760319 106.756652832
0.894454360 0.061119754 -0.442962438 -93.479125977 -0.070934266 0.997465253 -0.005604609 -1.225869894 0.441497058 0.036434278 0.896522641 107.451835632
