0.999362230 0.035693910 -0.000999783 0.039710868 -0.035706062 0.999203503 -0.017812071 -1.349792719 0.000363204 0.017836409 0.999840856 1.700585485
0.999980807 0.006155407 0.000680053 -0.018419802 -0.006157052 0.999978185 0.002444050 -0.065503560 -0.000664994 -0.002448191 0.999996722 2.182535887
0.999966443 0.008173105 0.000538532 -0.020303065 -0.008174394 0.999963582 0.002434654 -0.085280836 -0.000518614 -0.002438974 0.999996841 2.884310007
0.999966145 0.008199709 0.000838793 -0.017303456 -0.008201570 0.999963880 0.002240460 -0.098466083 -0.000820392 -0.002247263 0.999997139 3.570759296
0.999233544 0.039142840 0.000210291 0.021767201 -0.039133281 0.999082863 -0.017373824 -1.464457393 -0.000890159 0.017352277 0.999849021 4.408119678
0.999197483 0.040033642 0.001312618 0.008042658 -0.040010367 0.999093413 -0.014543546 -1.486633420 -0.001893659 0.014479356 0.999893367 5.042986870
0.999212742 0.039607476 0.002268003 0.019179463 -0.039581794 0.999161899 -0.010427095 -1.511652708 -0.002679093 0.010329114 0.999943078 5.653862953
0.999232948 0.038950462 0.004032446 0.013034573 -0.038922660 0.999219358 -0.006756279 -1.533811688 -0.004292457 0.006594143 0.999969065 6.239029408
0.999265730 0.037963107 0.005179359 0.012719166 -0.037939560 0.999269605 -0.004571532 -1.552941322 -0.005349125 0.004371675 0.999976099 6.803480625
0.999234259 0.038672283 0.005944002 0.015010700 -0.038643185 0.999240875 -0.004935292 -1.564168572 -0.006130349 0.004701820 0.999970198 7.188596249
0.999205709 0.039232817 0.006973310 0.021312691 -0.039181311 0.999204874 -0.007374770 -1.589652181 -0.007257098 0.007095694 0.999948502 7.862413883
0.999199033 0.039285038 0.007610315 0.023225680 -0.039202079 0.999173403 -0.010759197 -1.594899774 -0.008026699 0.010452240 0.999913216 8.252305984
0.999245644 0.037663069 0.009461736 0.029532876 -0.037550054 0.999224484 -0.011850481 -1.618093133 -0.009900723 0.011486253 0.999885023 8.812981606
0.999375105 0.033726986 0.010577080 0.041890729 -0.033573736 0.999333262 -0.014346262 -1.629701376 -0.011053884 0.013982185 0.999841154 9.196208954
0.999411166 0.031734537 0.013046372 0.045412861 -0.031530567 0.999381781 -0.015553360 -1.649257660 -0.013531885 0.015132843 0.999793947 9.661808968
0.999239862 0.036175609 0.014525805 0.048321672 -0.035916764 0.999198020 -0.017701859 -1.664583921 -0.015154532 0.017166683 0.999737799 10.006714821
0.999017000 0.040373031 0.018296808 0.042044371 -0.040044229 0.999035895 -0.017994082 -1.688325405 -0.019005643 0.017243715 0.999670625 10.387449265
0.998952508 0.040633328 0.021040674 0.057919487 -0.040271685 0.999038339 -0.017335562 -1.695836663 -0.021724841 0.016470062 0.999628305 10.696441650
0.999027193 0.036590099 0.024614390 0.067214131 -0.036181919 0.999203503 -0.016828885 -1.710108995 -0.025210554 0.015921921 0.999555290 11.013260841
0.999141455 0.031724617 0.026643731 0.090818480 -0.031272996 0.999362886 -0.017199386 -1.718006492 -0.027172400 0.016351394 0.999496937 11.275198936
0.999151528 0.028585194 0.029649775 0.093997210 -0.028120346 0.999476790 -0.015978325 -1.727501988 -0.030091008 0.015131008 0.999432564 11.519413948
0.999086618 0.028011603 0.032268088 0.104605168 -0.027539670 0.999508440 -0.014978285 -1.738514900 -0.032671794 0.014075952 0.999366999 11.739988327
0.998996973 0.028859116 0.034232501 0.113676250 -0.028325785 0.999471247 -0.015963430 -1.748905659 -0.034675095 0.014977762 0.999286354 11.980000496
0.998900950 0.029875167 0.036113281 0.122113377 -0.029265504 0.999421954 -0.017294139 -1.757756114 -0.036609076 0.016218264 0.999197960 12.151721001
0.998717725 0.032021400 0.039211284 0.118542492 -0.031320449 0.999340653 -0.018362137 -1.761847377 -0.039773405 0.017110476 0.999062181 12.251033783
0.998538792 0.035253964 0.040956844 0.120267779 -0.034493431 0.999221742 -0.019129951 -1.769379973 -0.041599382 0.017689254 0.998977780 12.409966469
0.998458028 0.036141373 0.042135183 0.126460105 -0.035311267 0.999170542 -0.020281781 -1.782091856 -0.042833246 0.018762659 0.998906016 12.548745155
0.998407841 0.035308033 0.043989550 0.135275364 -0.034361452 0.999165237 -0.022092029 -1.789413691 -0.044732861 0.020545309 0.998787642 12.694896698
0.998386860 0.033974607 0.045489408 0.144826978 -0.032926533 0.999179363 -0.023594547 -1.794528008 -0.046253696 0.022058681 0.998686075 12.845009804
0.998381674 0.033049591 0.046277147 0.160821736 -0.031937581 0.999188006 -0.024566315 -1.801462650 -0.047051474 0.023048583 0.998626411 12.980916023
0.998286426 0.033972126 0.047644686 0.164892882 -0.032751616 0.999120951 -0.026167978 -1.805920243 -0.048491783 0.024562696 0.998521507 13.101686478
0.998193085 0.034619477 0.049113031 0.167377859 -0.033265445 0.999050677 -0.028124508 -1.811568975 -0.050040063 0.026439922 0.998397112 13.190946579
0.998143852 0.034916811 0.049896594 0.179281652 -0.033421654 0.998976111 -0.030491713 -1.816782117 -0.050910167 0.028767491 0.998288810 13.312128067
0.998129308 0.034084462 0.050756138 0.180442274 -0.032424808 0.998923540 -0.033170730 -1.817948818 -0.051832110 0.031462919 0.998159945 13.429249763
0.998188376 0.033025939 0.050291341 0.185066879 -0.031308535 0.998912036 -0.034562416 -1.828132749 -0.051378086 0.032925256 0.998136401 13.536474228
0.998301804 0.032287225 0.048486043 0.186845601 -0.030589981 0.998906791 -0.035348088 -1.838234901 -0.049574327 0.033804875 0.998198211 13.652272224
0.998465776 0.032465436 0.044855304 0.197752327 -0.030836485 0.998856187 -0.036542621 -1.838235378 -0.045990374 0.035103381 0.998324931 13.787158012
0.998623371 0.033144135 0.040652964 0.198935896 -0.031620409 0.998793662 -0.037568476 -1.844696283 -0.041849080 0.036231298 0.998466849 13.908449173
0.998777509 0.033976670 0.035901874 0.178633004 -0.032582138 0.998718083 -0.038739089 -1.847652078 -0.037172068 0.037521973 0.998604238 14.018492699
0.999046683 0.033186622 0.028359037 0.192063630 -0.032065544 0.998720169 -0.039111938 -1.852996826 -0.029620733 0.038165301 0.998832464 14.157057762
0.999206781 0.033645067 0.021302108 0.183302820 -0.032786295 0.998683333 -0.039455205 -1.858553886 -0.022601528 0.038725492 0.998994231 14.228000641
0.999357820 0.033156745 0.013586860 0.169969589 -0.032592177 0.998673737 -0.039856616 -1.867430449 -0.014890352 0.039388198 0.999113083 14.352490425
0.999470830 0.032360435 0.003283065 0.162907511 -0.032199621 0.998646975 -0.040834833 -1.871019125 -0.004600054 0.040707510 0.999160588 14.489696503
0.999492764 0.030253487 -0.009942371 0.161589980 -0.030648541 0.998633504 -0.042329084 -1.873189926 0.008648185 0.042612329 0.999054313 14.620040894
0.999227881 0.029367898 -0.026096907 0.140697867 -0.030489590 0.998580337 -0.043677524 -1.882703066 0.024777140 0.044439487 0.998704672 14.768233299
0.998513877 0.029905120 -0.045560390 0.116653204 -0.031923063 0.998511374 -0.044227444 -1.886670351 0.044169936 0.045616146 0.997981966 14.945359230
0.986405075 0.149594262 -0.068018369 0.103240252 -0.156733900 0.980827987 -0.115805373 -2.863849401 0.049390510 0.124891810 0.990940213 14.872293472
0.984421611 0.150319561 -0.091203526 0.059115171 -0.160022676 0.980905950 -0.110526741 -2.888519287 0.072847746 0.123399548 0.989679635 15.071119308
0.981486857 0.151346430 -0.117378742 0.002193809 -0.163815632 0.980882406 -0.105043091 -2.904557943 0.099236846 0.122326888 0.987516165 15.284613609
0.977310538 0.152275324 -0.147228718 -0.032924175 -0.167574078 0.981002986 -0.097734705 -2.925932646 0.129549220 0.120188877 0.984261990 15.455037117
0.971909523 0.152146146 -0.179564044 -0.108926058 -0.170068279 0.981409013 -0.088956699 -2.941837788 0.162691325 0.116996028 0.979716063 15.703525543
0.964567482 0.153104857 -0.214868262 -0.209141731 -0.173422515 0.981672227 -0.079020157 -2.958976507 0.198831826 0.113483272 0.973441124 15.957495689
0.934758782 0.251100212 -0.251345843 -0.309323072 -0.284422815 0.952835560 -0.105868019 -3.743093014 0.212907806 0.170449540 0.962090015 16.001451492
0.922506511 0.254527986 -0.290167391 -0.437206268 -0.290861517 0.952606499 -0.089109316 -3.765935183 0.253734559 0.166602448 0.952818155 16.283031464
0.907971978 0.257875711 -0.330283165 -0.553656101 -0.296828419 0.952168822 -0.072576158 -3.779441595 0.295769691 0.163934559 0.941087484 16.538957596
0.877241194 0.286244452 -0.385372579 -0.912468910 -0.401665717 0.877300441 -0.262694567 -6.963553429 0.262892663 0.385237396 0.884578764 15.921895981
0.858045101 0.289731383 -0.424045205 -1.086419582 -0.414024711 0.878780067 -0.237337247 -7.031471252 0.303878456 0.379211247 0.873988986 16.179111481
0.835657477 0.293800414 -0.464066744 -1.256907940 -0.426758677 0.879201353 -0.211853862 -7.092189789 0.345765412 0.375081748 0.860092998 16.440940857
0.809010088 0.293605804 -0.509213388 -1.528578281 -0.493929803 0.809205174 -0.318151355 -9.062902451 0.318647027 0.508903325 0.799675882 16.082099915
0.780441463 0.296551138 -0.550425887 -1.742499828 -0.511740506 0.808769166 -0.289852142 -9.154607773 0.359211564 0.507887781 0.782954097 16.338493347
0.749090731 0.299972802 -0.590660095 -1.981256008 -0.529419959 0.807030320 -0.261565775 -9.232599258 0.398218006 0.508643746 0.763350546 16.579605103
0.713538408 0.304430574 -0.631018996 -2.270881653 -0.592656016 0.742620826 -0.311886519 -10.715177536 0.373660058 0.596520185 0.710311055 16.316837311
0.676191390 0.307581037 -0.669446945 -2.551072121 -0.611179352 0.741583049 -0.276612371 -10.804935455 0.411369741 0.596195102 0.689439178 16.577844620
0.638032079 0.308752120 -0.705398679 -2.864750862 -0.625775218 0.741720796 -0.241362408 -10.882525444 0.448687673 0.595417917 0.666450918 16.835483551
0.597808480 0.306911945 -0.740560591 -3.264368057 -0.676048696 0.689463615 -0.259996265 -11.771437645 0.430793673 0.656082928 0.619654655 16.726436615
0.558551908 0.304745436 -0.771459579 -3.620978355 -0.686142564 0.692352831 -0.223284483 -11.834764481 0.466077298 0.654047191 0.595813870 16.961940765
0.514498651 0.306167930 -0.800969601 -3.989444733 -0.696872711 0.693583131 -0.182512775 -11.926938057 0.499659479 0.652076423 0.570207596 17.202760696
0.528340638 0.174820721 -0.830839276 -4.192363739 -0.736996770 0.580283046 -0.346565038 -14.106580734 0.421535194 0.795430243 0.435429424 16.309940338
0.480395168 0.174564570 -0.859504342 -4.618263245 -0.756260693 0.578753531 -0.305145800 -14.220021248 0.444173515 0.796599984 0.410046756 16.477333069
0.446381062 0.117331728 -0.887117326 -4.954395771 -0.781654239 0.533729434 -0.322721988 -14.912276268 0.435615182 0.837475955 0.329959601 16.239753723
0.393347561 0.116259933 -0.912009537 -5.435388088 -0.797761023 0.536245584 -0.275713623 -15.045202255 0.457006693 0.836016834 0.303678542 16.385944366
0.340129644 0.114397012 -0.933394372 -5.939773560 -0.812482297 0.535510242 -0.230436921 -15.144028664 0.473480999 0.836744845 0.275088489 16.529207230
0.352025300 -0.020630775 -0.935763121 -6.541804314 -0.878114760 0.338821322 -0.337808490 -13.738418579 0.324025780 0.940624475 0.101157464 17.881793976
0.302499950 -0.016163375 -0.953012347 -7.105331421 -0.894434333 0.340690404 -0.289684683 -13.880290985 0.329364479 0.940036535 0.088601738 17.919889450
0.254396141 -0.014675505 -0.966988742 -7.784095764 -0.906930506 0.343560219 -0.243810058 -14.042991638 0.335796893 0.939015925 0.074090771 17.955293655
0.210581034 -0.013300710 -0.977485895 -8.440486908 -0.916862011 0.344205528 -0.202204347 -14.162758827 0.339145511 0.938800097 0.060288232 17.974502563
0.171762764 -0.014730736 -0.985028148 -9.083684921 -0.924737811 0.342317849 -0.166368932 -14.256050110 0.339643478 0.939468682 0.045175381 17.998058319
0.139379963 -0.023079474 -0.989969969 -9.845682144 -0.934022069 0.328988940 -0.139172792 -14.296146393 0.328901142 0.944051683 0.024297709 18.025943756
0.111721091 -0.022479873 -0.993485272 -10.526236534 -0.938680589 0.325769454 -0.112929381 -14.354070663 0.326185763 0.945181966 0.015293906 18.029273987
0.086688630 -0.013868143 -0.996138930 -11.340502739 -0.939238608 0.332223296 -0.086362101 -14.438576698 0.332138211 0.943098783 0.015774541 18.017545700
0.074037716 -0.007875351 -0.997224331 -12.128267288 -0.939816415 0.333918512 -0.072412618 -14.491404533 0.333561957 0.942569017 0.017321154 18.021837234
0.065775394 -0.005021979 -0.997821748 -12.981174469 -0.940665781 0.333304703 -0.063685209 -14.550372124 0.332898587 0.942805767 0.017199298 18.017932892
0.062464956 -0.008188237 -0.998013556 -13.818940163 -0.940555274 0.334005743 -0.061609067 -14.604935646 0.333846748 0.942535400 0.013162162 18.025871277
0.053307526 -0.000520588 -0.998578012 -14.698806763 -0.931019604 0.361543238 -0.049889520 -14.694313049 0.361055046 0.932355225 0.018788271 18.011457443
0.058473635 -0.003396102 -0.998283207 -15.586056709 -0.926338971 0.372576058 -0.055527031 -14.734477997 0.372125000 0.927995503 0.018639967 18.027576447
0.063086249 -0.003320510 -0.998002529 -16.519807816 -0.925849557 0.373135686 -0.059766777 -14.811925888 0.372588873 0.927770853 0.020465443 18.048099518
0.069681033 -0.004398243 -0.997559667 -17.439638138 -0.926183522 0.371192664 -0.066331916 -14.853964806 0.370578647 0.928545415 0.021791501 18.044857025
0.083614908 -0.028089557 -0.996102095 -18.395725250 -0.934357822 0.345256209 -0.088168010 -14.971846581 0.346387178 0.938088000 0.002622907 18.031305313
0.082845286 -0.033922441 -0.995984852 -19.382736206 -0.932069480 0.351053864 -0.089485452 -15.037384033 0.352679938 0.935740471 -0.002534950 18.040573120
0.085320584 -0.041786760 -0.995476902 -20.375736237 -0.934740543 0.342536420 -0.094493493 -15.091200829 0.344935685 0.938574851 -0.009834374 18.030210495
0.086643070 -0.048256580 -0.995069921 -21.398281097 -0.939375341 0.328667551 -0.097732551 -15.221396446 0.331763417 0.943211973 -0.016854288 17.989395142
0.085211277 -0.041451767 -0.995500267 -22.458772659 -0.942852020 0.319673508 -0.094015695 -15.283391953 0.322132200 0.946620524 -0.011843082 17.967283249
0.085688025 -0.040055253 -0.995516539 -23.462415695 -0.947398186 0.305985928 -0.093857847 -15.460420609 0.308373541 0.951193035 -0.011728941 17.893405914
0.082582146 -0.030832544 -0.996107221 -24.560211182 -0.948357940 0.304735035 -0.088055976 -15.529464722 0.306263775 0.951937973 -0.004074605 17.877653122
0.082238920 -0.023380155 -0.996338308 -25.661777496 -0.950051546 0.300163865 -0.085462019 -15.680073738 0.301062882 0.953601062 0.002472771 17.834009171
0.082405753 -0.015744772 -0.996474564 -26.797315598 -0.949760735 0.301685274 -0.083309419 -15.762117386 0.301933289 0.953277588 0.009906812 17.820425034
0.084204540 -0.020114055 -0.996245444 -27.858097076 -0.952395022 0.292367339 -0.086401068 -15.940451622 0.293007404 0.956094563 0.005462134 17.759250641
0.083352968 -0.022983372 -0.996254981 -28.991626740 -0.953177392 0.289796382 -0.086434349 -16.028303146 0.290697664 0.956812382 0.002248151 17.752037048
0.073363498 -0.019672850 -0.997111201 -30.224617004 -0.949176550 0.305464506 -0.075863421 -15.977497101 0.306074530 0.952000201 0.003736949 17.836128235
0.069618523 -0.025436178 -0.997249365 -31.365468979 -0.949706495 0.304257095 -0.074060023 -16.051094055 0.305304021 0.952250242 -0.002974987 17.830789566
0.069607407 -0.037293650 -0.996877074 -32.416881561 -0.954335511 0.288527578 -0.077430867 -16.305475235 0.290514231 0.956745028 -0.015506999 17.677318573
0.064625978 -0.039120194 -0.997142494 -33.577453613 -0.955068648 0.287211448 -0.073167101 -16.362398148 0.289253056 0.957068086 -0.018801153 17.639385223
0.059638768 -0.041264400 -0.997366726 -34.652545929 -0.958778501 0.275714993 -0.068738580 -16.610145569 0.277825475 0.960353315 -0.023120113 17.543750763
0.054720812 -0.036632918 -0.997829437 -35.821990967 -0.959632158 0.274182230 -0.062692016 -16.658369064 0.275883704 0.960979819 -0.020150654 17.502624512
0.045081303 -0.029862612 -0.998537004 -37.094585419 -0.958820939 0.279277116 -0.051640403 -16.681842804 0.280410677 0.959746063 -0.016042717 17.501287460
0.041966423 -0.027029961 -0.998753309 -38.252010345 -0.960175395 0.275279671 -0.047795508 -16.714466095 0.276228428 0.960984111 -0.014401000 17.457300186
0.040790617 -0.028364701 -0.998765051 -39.393886566 -0.963358641 0.264094144 -0.046844795 -16.848932266 0.265096754 0.964079738 -0.016552810 17.382755280
0.040616900 -0.026713377 -0.998817623 -40.557975769 -0.964576900 0.259730041 -0.046170976 -16.881637573 0.260656387 0.965311646 -0.015217674 17.345645905
0.040965822 -0.027115680 -0.998792589 -41.720836639 -0.964901567 0.258445531 -0.046592169 -16.902294159 0.259396851 0.965645134 -0.015576532 17.303646088
0.037294116 -0.027597135 -0.998923302 -42.975627899 -0.965147138 0.258123666 -0.043164268 -16.974325180 0.259036928 0.965717673 -0.017008811 17.261783600
0.037279889 -0.028552398 -0.998896837 -44.167358398 -0.965675533 0.256106585 -0.043360569 -17.014909744 0.257062107 0.966226816 -0.018024724 17.226392746
0.035540093 -0.028774034 -0.998953938 -45.411304474 -0.966160238 0.254548430 -0.041705444 -17.071380615 0.255482197 0.966631830 -0.018753652 17.186985016
0.036611188 -0.030817797 -0.998854220 -46.594963074 -0.967446685 0.249368429 -0.043153800 -17.092130661 0.250412643 0.967918158 -0.020684902 17.143169403
0.035687305 -0.035376500 -0.998736680 -47.865905762 -0.968674541 0.244534135 -0.043274816 -17.148124695 0.245756030 0.968995273 -0.025541550 17.101394653
0.037852760 -0.036088742 -0.998631477 -49.057621002 -0.968980849 0.242909878 -0.045507193 -17.175428391 0.244219735 0.969377339 -0.025774490 17.056882858
0.040621188 -0.031710126 -0.998671293 -50.316043854 -0.969155967 0.241905153 -0.047101695 -17.233062744 0.243077353 0.969781518 -0.020905584 17.011415482
0.040204573 -0.027968878 -0.998799920 -51.588066101 -0.968899429 0.243177250 -0.045810562 -17.317272186 0.244166613 0.969578564 -0.017322194 16.950555801
0.042964600 -0.028830728 -0.998660505 -52.826042175 -0.968530774 0.244079709 -0.048714787 -17.354534149 0.245157227 0.969326496 -0.017436661 16.916954041
0.046774670 -0.030562764 -0.998437822 -54.053737640 -0.968468130 0.243472993 -0.052823506 -17.401512146 0.244707033 0.969425976 -0.018210698 16.901359558
0.049425364 -0.028938562 -0.998358488 -55.332630157 -0.968919396 0.241194025 -0.054959223 -17.470123291 0.242388532 0.970045388 -0.016118035 16.844568253
0.056916952 -0.027400430 -0.998002827 -56.556980133 -0.969715536 0.236291349 -0.061791144 -17.519327164 0.237512589 0.971295893 -0.013121638 16.802627563
0.065457925 -0.027390869 -0.997479260 -57.763805389 -0.969904542 0.233190462 -0.070051819 -17.549575806 0.234521434 0.972045362 -0.011302365 16.749876022
0.096216366 -0.025276674 -0.995039582 -54.658046722 -0.958508611 0.267145574 -0.099470221 -11.076369286 0.268334657 0.963324606 0.001475868 14.615511894
0.103206098 -0.026245799 -0.994313717 -55.887546539 -0.957736731 0.267218471 -0.106463030 -11.189416885 0.268493176 0.963278472 0.002442003 14.601859093
0.108144194 -0.027363565 -0.993758559 -57.276027679 -0.956641257 0.269076169 -0.111514091 -11.318811417 0.270448148 0.962730110 0.002921904 14.599526405
0.115054585 -0.027035121 -0.992991269 -58.517326355 -0.955389917 0.270721257 -0.118068486 -11.443561554 0.272015780 0.962278068 0.005318641 14.582710266
0.144521087 -0.018517999 -0.989328444 -57.994037628 -0.947361350 0.286083907 -0.143745348 -8.594890594 0.285692841 0.958025634 0.023801917 13.372010231
0.151916653 -0.017857322 -0.988231897 -59.256538391 -0.946500659 0.285374850 -0.150658160 -8.751226425 0.284706861 0.958249688 0.026451223 13.392375946
0.158243179 -0.019329390 -0.987210929 -61.149616241 -0.944254875 0.289355248 -0.157023132 -8.489765167 0.288689852 0.957026601 0.027536623 13.213799477
0.165107742 -0.023956278 -0.985984564 -62.418819427 -0.943144560 0.288568079 -0.164945245 -8.662321091 0.288475126 0.957159638 0.025050584 13.220866203
0.162648231 -0.031270944 -0.986188471 -63.878402710 -0.942867398 0.289619207 -0.164686963 -8.961507797 0.290769070 0.956630945 0.017621702 13.288104057
0.168307975 -0.032148540 -0.985210001 -65.148956299 -0.942089438 0.288863778 -0.170367450 -9.144569397 0.290068597 0.956830323 0.018331276 13.296935081
0.169719487 -0.029872607 -0.985039532 -66.546195984 -0.941398859 0.290725708 -0.171016976 -9.412189484 0.291485041 0.956340015 0.021219792 13.303796768
0.173262879 -0.030369297 -0.984407246 -67.813018799 -0.940933287 0.290125608 -0.174561605 -9.615198135 0.290903062 0.956506550 0.021692518 13.310751915
0.172771603 -0.030063843 -0.984502971 -69.218482971 -0.941528380 0.288503796 -0.174040005 -9.881118774 0.289265156 0.957006633 0.021539301 13.324188232
0.174458176 -0.028607808 -0.984248996 -70.498397827 -0.941466510 0.287975580 -0.175245211 -10.101489067 0.288453043 0.957210302 0.023306411 13.328111649
0.173647046 -0.028655037 -0.984390974 -71.862030029 -0.941723168 0.287593395 -0.174492106 -10.317697525 0.288104385 0.957323968 0.022954632 13.312519073
0.175860807 -0.030546766 -0.983940959 -73.169479370 -0.941429913 0.286915481 -0.177170128 -10.535115242 0.287719816 0.957468808 0.021699538 13.309932709
0.150845468 -0.030204022 -0.988095820 -74.304389954 -0.938538313 0.309541106 -0.152741909 -9.742582321 0.310469717 0.950406253 0.018345244 13.181695938
0.152400061 -0.031293139 -0.987823308 -75.601745605 -0.937598050 0.311501890 -0.154519394 -9.918213844 0.312544227 0.949730098 0.018132512 13.184091568
0.150968209 -0.030410381 -0.988070726 -76.918243408 -0.936594427 0.315341860 -0.152808532 -10.149198532 0.316227019 0.948490739 0.019124404 13.186365128
0.152305767 -0.028130163 -0.987932980 -78.247543335 -0.936478436 0.315421432 -0.153354421 -10.335000992 0.315929115 0.948534667 0.021697214 13.191442490
0.055993762 -0.009608655 -0.998384893 -79.562095642 -0.934240937 0.352252394 -0.055786453 -10.787446976 0.352219462 0.935855687 0.010747125 13.242400169
0.057358265 -0.010174651 -0.998301744 -80.972488403 -0.935226977 0.349381775 -0.057295110 -10.852354050 0.349371374 0.936925173 0.010524313 13.231307983
-0.013901318 0.004424723 -0.999893606 -82.029968262 -0.930415452 0.366217196 0.014556007 -10.963205338 0.366242677 0.930518866 -0.000974076 13.222740173
-0.013441169 0.001653041 -0.999908268 -83.408294678 -0.930272400 0.366635084 0.013111206 -10.939051628 0.366623193 0.930363476 -0.003390220 13.206766129
-0.013278947 0.000945288 -0.999911368 -84.460525513 -0.929501951 0.368598819 0.012692342 -10.916287422 0.368578076 0.929588079 -0.004015957 13.180982590
-0.013699225 0.001857243 -0.999904394 -85.851257324 -0.928969562 0.369912982 0.013414438 -10.908180237 0.369902581 0.929064512 -0.003342186 13.163279533
-0.032036945 0.010174938 -0.999434888 -86.890548706 -0.927665412 0.371904671 0.033522632 -10.815339088 0.372035533 0.928215146 -0.002475757 13.126803398
-0.027218688 0.011384763 -0.999564648 -88.103393555 -0.927805007 0.371897221 0.029500417 -10.791145325 0.372071177 0.928204119 0.000440291 13.103168488
-0.026587838 0.011998351 -0.999574482 -89.447883606 -0.928386927 0.370470822 0.029141245 -10.743765831 0.370662808 0.928766668 0.001289084 13.067074776
-0.033160612 0.011042347 -0.999389052 -90.489234924 -0.927952111 0.371062756 0.034890171 -10.660695076 0.371221304 0.928542137 -0.002057902 13.051622391
-0.033324681 0.009662876 -0.999397993 -91.683517456 -0.927413404 0.372440934 0.034525432 -10.626257896 0.372550249 0.928005576 -0.003450003 13.028466225
-0.033890430 0.011329473 -0.999361277 -92.939086914 -0.926957905 0.373465896 0.035668947 -10.588129997 0.373631477 0.927574694 -0.002154976 13.007063866
-0.033275064 0.014347938 -0.999343097 -94.092407227 -0.926077664 0.375589788 0.036228001 -10.557010651 0.375862867 0.926674902 0.000789539 12.973752975
-0.034254145 0.017192991 -0.999265313 -95.299377441 -0.925750852 0.376198769 0.038206864 -10.532980919 0.376579195 0.926379442 0.003030059 12.958075523
-0.060018536 0.020740941 -0.997981787 -96.262535095 -0.922550440 0.380633742 0.063392766 -10.176095963 0.381180346 0.924493253 -0.003710517 12.928373337
-0.059815943 0.022761442 -0.997949898 -97.479209900 -0.923530281 0.378151387 0.063980266 -10.097176552 0.378832430 0.925463915 -0.001598603 12.899434090
-0.060567968 0.022693001 -0.997906148 -98.681716919 -0.923885345 0.377168357 0.064652316 -10.041484833 0.377845764 0.925866663 -0.001878592 12.863915443
-0.059513003 0.018036677 -0.998064578 -99.761520386 -0.925268531 0.374222189 0.061935101 -9.932445526 0.374614954 0.927163661 -0.005582317 12.823640823
-0.059519950 0.016587716 -0.998089314 -100.974319458 -0.925765216 0.373079062 0.061407357 -9.860555649 0.373384774 0.927651286 -0.006849315 12.794318199
-0.058869075 0.015395403 -0.998147011 -102.125717163 -0.925703824 0.373402745 0.060355853 -9.782135010 0.373639971 0.927541614 -0.007730290 12.745244980
-0.059695378 0.015968790 -0.998088956 -103.326240540 -0.925332844 0.374162585 0.061330233 -9.724401474 0.374426872 0.927225709 -0.007559328 12.723274231
-0.059835181 0.018834295 -0.998030543 -104.461250305 -0.925102174 0.374534070 0.062530898 -9.661899567 0.374974251 0.927021801 -0.004986668 12.683835030
-0.060429845 0.022166658 -0.997926235 -105.679382324 -0.924667358 0.375302434 0.064330108 -9.598643303 0.375950128 0.926637232 -0.002182686 12.643959999
-0.060341064 0.019755693 -0.997982442 -106.777969360 -0.926087260 0.371951997 0.063357100 -9.520235062 0.372453183 0.928041697 -0.004148485 12.632542610
-0.061215982 0.020518702 -0.997913659 -107.980659485 -0.926997960 0.369485378 0.064462937 -9.442138672 0.370037228 0.929009974 -0.003597619 12.604575157
-0.060636159 0.021027019 -0.997938454 -109.116004944 -0.928706825 0.365228057 0.064125076 -9.361055374 0.365823418 0.930680513 -0.002618092 12.560854912
-0.060849670 0.016550973 -0.998009741 -110.339378357 -0.929167747 0.364303023 0.062693909 -9.272006989 0.364615649 0.931133389 -0.006789090 12.551780701
-0.061867304 0.013988398 -0.997986376 -111.483024597 -0.928881645 0.365031034 0.062699854 -9.213089943 0.365173042 0.930890262 -0.009589919 12.503273010
-0.063546166 0.013329547 -0.997889936 -112.691215515 -0.927536964 0.368213236 0.063984551 -9.148861885 0.368289083 0.929645836 -0.011034890 12.481695175
-0.063236408 0.013578903 -0.997906148 -113.893630981 -0.926258087 0.371459067 0.063750714 -9.072692871 0.371546924 0.928350031 -0.010912168 12.433935165
-0.064028122 0.015265942 -0.997831345 -115.133743286 -0.925752819 0.372482777 0.065101705 -8.992609978 0.372668892 0.927913487 -0.009716885 12.407118797
-0.064827658 0.019499753 -0.997705877 -116.347015381 -0.925385773 0.372982293 0.067418322 -8.922174454 0.373441309 0.927633524 -0.006134777 12.371831894
-0.065943159 0.019790536 -0.997627139 -117.610275269 -0.924938500 0.373883337 0.068555400 -8.845191002 0.374352872 0.927264631 -0.006350020 12.349966049
-0.066422760 0.015642544 -0.997668862 -118.808143616 -0.924585998 0.374957532 0.067436032 -8.771239281 0.375138342 0.926909983 -0.010442835 12.316252708
-0.068455487 0.011688727 -0.997585654 -120.045196533 -0.924708724 0.374581337 0.067843549 -8.700119972 0.374469936 0.927120447 -0.014833479 12.296004295
-0.070991710 0.011841124 -0.997406542 -121.302932739 -0.924295962 0.375157386 0.070241794 -8.605776787 0.375016272 0.926885486 -0.015688360 12.278957367
-0.071852773 0.013219737 -0.997327626 -122.565467834 -0.924903274 0.373402685 0.071584456 -8.511195183 0.373351187 0.927575171 -0.014603039 12.240244865
-0.072299808 0.017601967 -0.997227609 -123.833610535 -0.926585197 0.368795335 0.073687732 -8.398800850 0.369069964 0.929343879 -0.010354105 12.204800606
-0.073085241 0.020666094 -0.997111619 -125.111885071 -0.928617716 0.363255650 0.075593680 -8.303933144 0.363768607 0.931460321 -0.007357723 12.167096138
-0.064220466 0.013757880 -0.997840881 -126.298271179 -0.931521833 0.357850343 0.064886108 -8.340991974 0.357970417 0.933677554 -0.010165545 12.115730286
-0.064468898 0.011792764 -0.997850001 -127.566421509 -0.932587922 0.355142117 0.064449593 -8.256732941 0.355138570 0.934737921 -0.011897827 12.075789452
-0.072995402 0.016250327 -0.997199893 -128.934646606 -0.933205903 0.351631403 0.074041188 -7.980726242 0.351850033 0.935997486 -0.010502577 12.087052345
-0.073774807 0.015901268 -0.997148156 -130.213012695 -0.933150768 0.351649433 0.074647561 -7.880523682 0.351833582 0.935996652 -0.011104587 12.040631294
-0.065189838 0.008952882 -0.997832716 -131.376403809 -0.932598829 0.355174243 0.064114757 -7.991813660 0.354978502 0.934757233 -0.014804311 11.956712723
-0.065906614 0.009396615 -0.997781575 -132.659408569 -0.932686210 0.354793280 0.064948127 -7.909941673 0.354616493 0.934897482 -0.014619131 11.921002388
-0.065521188 0.013917829 -0.997754097 -133.908050537 -0.932552099 0.354916066 0.066190250 -7.830164909 0.355040133 0.934794605 -0.010275423 11.884790421
-0.066465780 0.018339101 -0.997620165 -135.191619873 -0.932053387 0.355760336 0.068637311 -7.753216743 0.356172472 0.934397221 -0.006552864 11.842161179
-0.066523343 0.016984984 -0.997640252 -136.464859009 -0.932374597 0.354998916 0.068215311 -7.643915176 0.355319887 0.934712410 -0.007779350 11.808297157
-0.065310687 0.015226980 -0.997748792 -137.707931519 -0.932217121 0.355746537 0.066450261 -7.578135490 0.355957478 0.934458375 -0.009039200 11.781022072
-0.064408824 0.014975083 -0.997811258 -138.979629517 -0.931945801 0.356631160 0.065509491 -7.493702888 0.356831610 0.934125304 -0.009014230 11.744454384
-0.063779242 0.014021497 -0.997865498 -140.197799683 -0.932200432 0.356133223 0.064586401 -7.423509598 0.356278718 0.934329987 -0.009643056 11.719665527
-0.062776931 0.016101388 -0.997897685 -141.478286743 -0.932334244 0.355817795 0.064393617 -7.334115982 0.356106579 0.934416592 -0.007325271 11.680578232
-0.064267024 0.018616505 -0.997759044 -142.778961182 -0.932494581 0.354974300 0.066686466 -7.322667122 0.355420321 0.934690654 -0.005453349 11.686641693
-0.063178062 0.019532837 -0.997811139 -144.033386230 -0.933042884 0.353659242 0.066000283 -7.236480713 0.354174346 0.935170412 -0.004118532 11.656226158
-0.061860297 0.016674612 -0.997945547 -145.246566772 -0.933852255 0.351928502 0.063767664 -7.155941010 0.352268755 0.935878336 -0.006198783 11.623626709
-0.061818086 0.013230898 -0.997999787 -146.529190063 -0.933274806 0.353683680 0.062497832 -7.067670822 0.353803188 0.935271442 -0.009515991 11.600111008
-0.062004596 0.012003320 -0.998003781 -147.734161377 -0.932673395 0.355315328 0.062219217 -7.010950089 0.355352849 0.934669375 -0.010836006 11.568037987
-0.062885113 0.010903711 -0.997961223 -148.976119995 -0.932019472 0.356955588 0.062629975 -6.948077202 0.356910795 0.934057713 -0.012284724 11.542316437
-0.063961931 0.013188615 -0.997865200 -150.165939331 -0.930951834 0.359413862 0.064423181 -6.899396896 0.359496176 0.933085084 -0.010710839 11.471817970
-0.063920975 0.011334009 -0.997890592 -151.401260376 -0.930427551 0.360897422 0.063698627 -6.811448097 0.360858113 0.932536602 -0.012523441 11.454846382
-0.065294147 0.011783990 -0.997796476 -152.624252319 -0.929774821 0.362322956 0.065121956 -6.734904289 0.362291962 0.931978106 -0.012701110 11.411769867
-0.065939911 0.014974594 -0.997711182 -153.866561890 -0.928987324 0.364022255 0.066861458 -6.659531593 0.364190340 0.931269825 -0.010092391 11.370721817
-0.066431746 0.016282741 -0.997658134 -155.101623535 -0.927882493 0.366662383 0.067769833 -6.576828003 0.366907179 0.930211604 -0.009249551 11.341572762
-0.066501312 0.014871038 -0.997675598 -156.340911865 -0.927004099 0.368965209 0.067290314 -6.488570213 0.369108230 0.929324269 -0.010751165 11.309482574
-0.067772590 0.014987567 -0.997588217 -157.566711426 -0.927517593 0.367443025 0.068532653 -6.406000137 0.367584020 0.929925263 -0.011001335 11.282922745
-0.067731634 0.019661037 -0.997509718 -158.822830200 -0.927762449 0.366505384 0.070219599 -6.326332092 0.366973281 0.930208266 -0.006583240 11.254799843
-0.067245357 0.025838865 -0.997401953 -160.019439697 -0.929659963 0.361307114 0.072038271 -6.232038498 0.362229735 0.932088733 -0.000274872 11.222065926
-0.065198109 0.025430467 -0.997548282 -161.245498657 -0.931539834 0.356841803 0.069980882 -6.127765656 0.357746512 0.933818638 0.000424080 11.196013451
-0.063931473 0.021652922 -0.997719288 -162.468811035 -0.932892382 0.353781760 0.067455441 -6.026592255 0.354435533 0.935077250 -0.002417947 11.161925316
-0.062404137 0.016307209 -0.997917652 -163.688430786 -0.933443129 0.352944851 0.064139813 -5.951148033 0.353255838 0.935501933 -0.006803367 11.126385689
-0.061225157 0.014322842 -0.998021185 -164.901184082 -0.934405804 0.350710064 0.062355697 -5.861288071 0.350909233 0.936374545 -0.008088933 11.101164818
-0.060613021 0.011743379 -0.998092234 -166.100067139 -0.932879508 0.355014920 0.060829770 -5.799478531 0.355051965 0.934786856 -0.010563367 11.065517426
-0.056403771 0.015424457 -0.998288870 -167.363159180 -0.930838287 0.360772431 0.058167044 -5.726733208 0.361052215 0.932526469 -0.005991251 11.157121658
-0.056763653 0.012160789 -0.998313546 -168.524566650 -0.928726315 0.366316408 0.057269182 -5.651723862 0.366395026 0.930410981 -0.009499412 11.125994682
-0.058521964 0.014501450 -0.998180747 -169.766860962 -0.927886963 0.368043453 0.059747621 -5.597008705 0.368240327 0.929695487 -0.008082919 11.104734421
-0.057680190 0.020886207 -0.998116672 -170.980819702 -0.928165078 0.367082387 0.061319191 -5.519109726 0.367671758 0.929953933 -0.001787533 11.074841499
-0.056052767 0.023590665 -0.998149037 -172.159286499 -0.928853929 0.365422964 0.060797933 -5.440834999 0.366180837 0.930542529 0.001429314 11.057156563
-0.053629320 0.021810452 -0.998322666 -173.403793335 -0.929108560 0.365247846 0.057890780 -5.372345924 0.365897834 0.930654764 0.000676284 11.031896591
-0.052150983 0.021960329 -0.998397768 -174.600570679 -0.929996669 0.363189310 0.056566633 -5.290161133 0.363849550 0.931456506 0.001482357 11.005569458
-0.052495729 0.023455108 -0.998345613 -175.863403320 -0.929152966 0.365206420 0.057437532 -5.242973328 0.365949392 0.930631042 0.002621606 11.002160072
-0.051730849 0.021470537 -0.998430252 -177.044601440 -0.929029286 0.365743846 0.056000099 -5.164108276 0.366372049 0.930467784 0.001026518 10.979744911
-0.050242987 0.019479761 -0.998547018 -178.256896973 -0.929554045 0.364726663 0.053886656 -5.106972694 0.365246415 0.930910826 -0.000217466 10.977003098
-0.047972426 0.021233255 -0.998622954 -179.358367920 -0.930199027 0.363294661 0.052410003 -5.042979240 0.363907248 0.931432307 0.002323026 10.952089310
-0.047022101 0.023497177 -0.998617470 -180.510574341 -0.930108666 0.363534570 0.052350074 -4.988501549 0.364262044 0.931284308 0.004760768 10.922052383
-0.046274971 0.024667967 -0.998624146 -181.591018677 -0.930646360 0.362195998 0.052071910 -4.932662964 0.362982184 0.931775510 0.006196542 10.907641411
-0.045368753 0.023027061 -0.998704791 -182.654922485 -0.931487083 0.360235184 0.050621126 -4.830527306 0.360934228 0.932577252 0.005105985 10.932403564
-0.044709228 0.024151303 -0.998707950 -183.694076538 -0.931251824 0.360871702 0.050416198 -4.769102097 0.361623079 0.932302713 0.006356646 10.907125473
-0.044853758 0.023252994 -0.998722911 -184.697509766 -0.931151927 0.361155510 0.050227754 -4.732535362 0.361862212 0.932215631 0.005452885 10.888362885
-0.043580577 0.024393439 -0.998752058 -185.651535034 -0.931326270 0.360812992 0.049450912 -4.704261780 0.361568928 0.932319105 0.006993813 10.849279404
-0.041636750 0.024007855 -0.998844385 -186.610336304 -0.932032943 0.359248757 0.047486492 -4.641750336 0.359973550 0.932933152 0.007418163 10.849958420
-0.043530647 0.021084541 -0.998829544 -187.536773682 -0.931619406 0.360224158 0.048205573 -4.642711639 0.360818952 0.932627439 0.003961978 10.844449997
-0.046196677 0.018259065 -0.998765528 -188.422012329 -0.930748165 0.362270921 0.049673531 -4.589897156 0.362730771 0.931893945 0.000258879 10.816810608
-0.051033497 0.014402249 -0.998593032 -189.371612549 -0.930552602 0.362333953 0.052782033 -4.552412033 0.362584382 0.931936979 -0.005089122 10.797878265
-0.056034029 0.011155362 -0.998366475 -190.280624390 -0.930778742 0.361225605 0.056276806 -4.494561195 0.361263305 0.932411730 -0.009857750 10.773881912
-0.059730329 0.010221275 -0.998162210 -191.192291260 -0.931594253 0.358610600 0.059419077 -4.438259125 0.358558893 0.933431268 -0.011897848 10.747135162
-0.062116556 0.010864648 -0.998009741 -192.111557007 -0.932125926 0.356804848 0.061900206 -4.368459702 0.356767237 0.934115767 -0.012036270 10.712026596
-0.064416215 0.012428701 -0.997845650 -193.003662109 -0.931671262 0.357513428 0.064597324 -4.313683510 0.357546091 0.933825314 -0.011450201 10.691040993
-0.066197880 0.014130369 -0.997706413 -193.901260376 -0.930324256 0.360596716 0.066834137 -4.261047363 0.360714078 0.932614803 -0.010724912 10.665743828
-0.067573287 0.014530114 -0.997608542 -194.808227539 -0.929667890 0.362022638 0.068244152 -4.201466560 0.362148434 0.932056069 -0.010954878 10.641070366
-0.069417931 0.013805339 -0.997492135 -195.696365356 -0.929738760 0.361561716 0.069706827 -4.148335457 0.361617237 0.932245970 -0.012263497 10.606929779
-0.070247754 0.012695357 -0.997448742 -196.582138062 -0.930255234 0.360154569 0.070099473 -4.086807251 0.360125631 0.932806253 -0.013490127 10.577856064
-0.069679320 0.013485333 -0.997478247 -197.501403809 -0.931141317 0.357899487 0.069883913 -4.022192955 0.357939363 0.933662713 -0.012381441 10.534216881
-0.068497382 0.011489489 -0.997585118 -198.401550293 -0.932051778 0.355868489 0.068096295 -3.949814796 0.355791479 0.934465408 -0.013667260 10.504111290
-0.068263724 0.008915946 -0.997627497 -199.316925049 -0.932161987 0.355794609 0.066963971 -3.896730423 0.355547518 0.934521616 -0.015976759 10.478515625
-0.067016654 0.006840669 -0.997728467 -200.215209961 -0.932094097 0.356327027 0.065051109 -3.829525948 0.355962604 0.934336245 -0.017503694 10.441606522
-0.065675542 0.008521561 -0.997804761 -201.144927979 -0.931468189 0.358083308 0.064367436 -3.769959450 0.357845813 0.933650732 -0.015579760 10.417116165
-0.065112926 0.011456827 -0.997812092 -202.067138672 -0.930578649 0.360300332 0.064862512 -3.712879181 0.360255212 0.932766020 -0.012798736 10.390273094
-0.065522000 0.013234238 -0.997763336 -203.001068115 -0.930284202 0.360875934 0.065877341 -3.660005569 0.360940605 0.932519913 -0.011333706 10.357347488
-0.065141127 0.009916971 -0.997826755 -203.930206299 -0.928487539 0.365763396 0.064249612 -3.608924866 0.365605682 0.930655062 -0.014618448 10.332479477
-0.065441735 0.006796798 -0.997833133 -204.861312866 -0.928009927 0.367127687 0.063363165 -3.554182053 0.366762906 0.930145800 -0.017717974 10.308258057
-0.063995317 0.007078842 -0.997925103 -205.820648193 -0.929748833 0.362902969 0.062197562 -3.475760460 0.362590283 0.931800187 -0.016642546 10.276593208
-0.056314252 0.021150662 -0.998189032 -206.869094849 -0.929004669 0.365147173 0.060148239 -3.423986435 0.365758091 0.930709481 -0.000913926 10.364215851
-0.054957613 0.020636396 -0.998275399 -207.836074829 -0.928196490 0.367431790 0.058695167 -3.367452621 0.368009448 0.929821432 -0.001038546 10.352005959
-0.050630234 0.024634538 -0.998413622 -208.816726685 -0.927571058 0.369403154 0.056152303 -3.317193985 0.370200366 0.928942561 0.004147316 10.351797104
-0.049610898 0.028897991 -0.998350441 -209.797225952 -0.928039074 0.368130773 0.056772742 -3.261622429 0.369164139 0.929324746 0.008555166 10.349635124
-0.045059282 0.035771769 -0.998343647 -210.802703857 -0.927240372 0.370387584 0.055121511 -3.184186935 0.371745884 0.928188264 0.016479626 10.341217041
-0.044671394 0.036493666 -0.998334944 -211.791244507 -0.926806629 0.371482283 0.055050153 -3.147028923 0.372872740 0.927722573 0.017227933 10.347016335
-0.049082514 0.031903461 -0.998285055 -212.791305542 -0.926428556 0.372062862 0.057440042 -3.070341110 0.373257369 0.927659035 0.011294498 10.315025330
-0.045892164 0.033765204 -0.998375535 -213.803298950 -0.927551150 0.369606555 0.055136725 -3.005148888 0.370867819 0.928574681 0.014356906 10.306760788
-0.046885122 0.031709291 -0.998396754 -214.848312378 -0.927595198 0.369472295 0.055294756 -2.952580452 0.370633483 0.928700566 0.012090629 10.300649643
-0.043944217 0.029002883 -0.998612881 -215.876129150 -0.928818107 0.366935492 0.051529840 -2.895406723 0.367921025 0.929794133 0.010813712 10.296279907
