0.999999821 -0.000585999 -0.000146418 -0.005945076 0.000586245 0.999998331 0.001684347 -0.021454340 0.000145430 -0.001684433 0.999998510 1.320146918
0.999998152 -0.001764500 -0.000761280 -0.008324986 0.001765728 0.999997139 0.001615066 -0.038805127 0.000758428 -0.001616407 0.999998391 2.637602091
0.999993861 -0.003353190 -0.001020904 -0.006368982 0.003354026 0.999994040 0.000818860 -0.023534875 0.001018152 -0.000822280 0.999999166 1.465441227
0.999993443 -0.003552105 -0.000699339 -0.015046768 0.003552808 0.999993205 0.001006741 -0.083596736 0.000695759 -0.001009219 0.999999166 5.257400036
0.999992371 -0.003808475 -0.000778277 -0.019054908 0.003809809 0.999991238 0.001719409 -0.101826824 0.000771722 -0.001722362 0.999998152 6.589050770
0.999985754 -0.005316840 -0.000530285 -0.023411162 0.005318344 0.999981701 0.002876545 -0.120298326 0.000514981 -0.002879324 0.999995708 7.914716244
0.999987602 -0.004921156 -0.000705391 -0.031217752 0.004923578 0.999981821 0.003473814 -0.140518889 0.000688283 -0.003477244 0.999993682 9.241106987
0.999990940 -0.004101592 -0.001096727 -0.036888931 0.004103335 0.999990225 0.001592352 -0.158899546 0.001090184 -0.001596837 0.999998093 10.574788094
0.999997973 -0.001464304 -0.001372094 -0.044437669 0.001463461 0.999998748 -0.000615960 -0.178137377 0.001372993 0.000613951 0.999998868 11.899860382
0.999997556 0.002050563 -0.000860041 -0.057849910 -0.002051919 0.999996662 -0.001578531 -0.200721860 0.000856801 0.001580292 0.999998331 13.225543976
0.999989748 0.004440240 -0.000843757 -0.067764945 -0.004441518 0.999988973 -0.001519657 -0.225203410 0.000837001 0.001523389 0.999998450 14.574914932
0.999983370 0.005736805 -0.000583386 -0.079177439 -0.005737348 0.999983132 -0.000933383 -0.243195668 0.000578021 0.000936715 0.999999404 15.921903610
0.999988377 0.003772011 0.003004306 -0.005641345 -0.003776454 0.999991715 0.001474313 -0.256578594 -0.002998719 -0.001485642 0.999994397 17.279083252
0.999992728 -0.000599795 0.003746092 -0.002792679 0.000587329 0.999994278 0.003327878 -0.277235001 -0.003748065 -0.003325654 0.999987423 18.629163742
0.999993384 -0.002889764 0.002188370 0.015111871 0.002888799 0.999995708 0.000444196 -0.287597746 -0.002189644 -0.000437872 0.999997437 19.948999405
0.999981821 -0.004823460 0.003656410 0.006701536 0.004826200 0.999988079 -0.000741146 -0.315641344 -0.003652794 0.000758779 0.999993026 21.335752487
0.999990582 -0.002784061 0.003332683 0.010189034 0.002793666 0.999991894 -0.002880970 -0.328287601 -0.003324636 0.002890253 0.999990344 22.675315857
0.999988377 0.000978379 0.004716895 -0.002311155 -0.000975233 0.999999285 -0.000669277 -0.358085483 -0.004717546 0.000664669 0.999988675 24.065626144
0.999987602 0.001810956 0.004631509 0.002024122 -0.001823606 0.999994636 0.002728652 -0.378205091 -0.004626543 -0.002737065 0.999985576 25.433032990
0.999983609 -0.001773196 0.005445022 0.010663405 0.001745999 0.999985993 0.004995658 -0.393655926 -0.005453803 -0.004986069 0.999972701 26.830383301
0.999968469 -0.006377477 0.004744632 0.009137586 0.006360651 0.999973476 0.003552879 -0.408123672 -0.004767166 -0.003522588 0.999982417 28.202514648
0.999965966 -0.006626293 0.004903963 0.033719294 0.006622021 0.999977708 0.000886853 -0.424004704 -0.004909729 -0.000854349 0.999987602 29.595314026
0.999965966 -0.006200373 0.005436147 0.015037045 0.006212335 0.999978364 -0.002186185 -0.438412875 -0.005422473 0.002219882 0.999982834 30.962610245
0.999971271 -0.004748291 0.005905069 0.024562493 0.004761209 0.999986291 -0.002175550 -0.465798050 -0.005894658 0.002203602 0.999980152 32.346412659
0.999975324 -0.003896349 0.005842571 0.015824705 0.003921282 0.999983251 -0.004261933 -0.491632462 -0.005825867 0.004284739 0.999973834 33.721881866
0.999980867 -0.002691004 0.005565376 0.026391715 0.002713368 0.999988198 -0.004014553 -0.510311484 -0.005554507 0.004029577 0.999976516 35.085010529
0.999979973 -0.002344281 0.005876031 0.033522964 0.002359970 0.999993682 -0.002664480 -0.547117531 -0.005869747 0.002678294 0.999979198 36.511985779
0.999979973 -0.001188215 0.006218712 0.002988160 0.001195546 0.999998689 -0.001175254 -0.558373034 -0.006217306 0.001182665 0.999979973 37.877605438
0.999982119 0.001747802 0.005716329 0.025386393 -0.001743736 0.999998212 -0.000716147 -0.598433197 -0.005717570 0.000706166 0.999983430 39.314826965
0.999981940 0.003339860 0.004997442 0.030964300 -0.003332365 0.999993324 -0.001507218 -0.601825058 -0.005002442 0.001490538 0.999986410 40.710254669
0.999966323 0.005632584 0.005972941 0.026997611 -0.005629030 0.999983907 -0.000611630 -0.642837584 -0.005976290 0.000577987 0.999981999 42.127445221
0.999965131 0.006444941 0.005319842 0.034973860 -0.006442179 0.999979079 -0.000536406 -0.666465461 -0.005323188 0.000502116 0.999985754 43.503890991
0.999972999 0.005289359 0.005093611 0.028637767 -0.005287839 0.999985993 -0.000311228 -0.703186095 -0.005095185 0.000284285 0.999987006 44.942348480
0.999983907 0.004249190 0.003749683 0.042374969 -0.004247095 0.999990821 -0.000566126 -0.729407072 -0.003752053 0.000550192 0.999992847 46.323696136
0.999986291 0.004152944 0.003226316 0.031781532 -0.004150760 0.999991179 -0.000683252 -0.746958256 -0.003229126 0.000669850 0.999994516 47.762165070
0.999985933 0.004894641 0.002046073 0.026523039 -0.004894873 0.999988079 0.000108600 -0.765548587 -0.002045517 -0.000118614 0.999997914 49.173667908
0.999987543 0.004980635 0.000341862 0.029712554 -0.004980624 0.999987602 -0.000033227 -0.792304397 -0.000342023 0.000031523 0.999999940 50.609130859
0.999987006 0.005083118 -0.000409300 0.007246032 -0.005083065 0.999987066 0.000131550 -0.808783293 0.000409963 -0.000129468 0.999999881 51.971946716
0.999986112 0.005135039 -0.001198070 0.010180630 -0.005133784 0.999986231 0.001047617 -0.833290637 0.001203431 -0.001041451 0.999998748 53.459403992
0.999992907 0.003318591 -0.001858930 -0.002732597 -0.003314470 0.999992073 0.002215439 -0.862146199 0.001866267 -0.002209261 0.999995828 54.871135712
0.999990344 0.002494728 -0.003611946 0.005455837 -0.002487450 0.999994874 0.002018086 -0.875091553 0.003616964 -0.002009082 0.999991417 56.321701050
0.999992192 -0.000490811 -0.003930419 -0.002939656 0.000495908 0.999998987 0.001295688 -0.895653129 0.003929781 -0.001297627 0.999991417 57.731697083
0.999989748 -0.002167853 -0.003968053 -0.014711305 0.002176288 0.999995351 0.002122561 -0.925538778 0.003963433 -0.002131175 0.999989867 59.155925751
0.999993205 -0.001657512 -0.003287240 -0.031659946 0.001665195 0.999995887 0.002335659 -0.942759156 0.003283355 -0.002341117 0.999991894 60.544876099
0.999982834 -0.004797108 -0.003349398 -0.025567755 0.004807522 0.999983609 0.003108153 -0.955996096 0.003334434 -0.003124202 0.999989510 62.017444611
0.999983966 -0.005074241 -0.002490034 -0.042065747 0.005081954 0.999982357 0.003101574 -0.994407415 0.002474252 -0.003114178 0.999992073 63.384689331
0.999960780 -0.008043665 -0.003702453 -0.021349937 0.008048962 0.999966562 0.001417815 -0.992632985 0.003690924 -0.001447560 0.999992132 64.865364075
0.999963760 -0.007674123 -0.003678115 -0.017937109 0.007677697 0.999970078 0.000958331 -1.019959927 0.003670650 -0.000986536 0.999992728 66.299865723
0.999973476 -0.007088073 -0.001667617 -0.047876850 0.007090438 0.999973834 0.001416382 -1.046632290 0.001657534 -0.001428169 0.999997616 67.703514099
0.999995172 -0.003089543 0.000038720 -0.101869576 0.003089439 0.999992251 0.002432726 -1.073340893 -0.000046236 -0.002432595 0.999997079 69.091629028
0.999998689 0.000570047 -0.001470974 -0.057119526 -0.000565143 0.999994218 0.003332226 -1.083570242 0.001472865 -0.003331391 0.999993384 70.541931152
0.999984860 0.005497077 -0.000226142 -0.084070310 -0.005496194 0.999977887 0.003733740 -1.114035964 0.000246661 -0.003732441 0.999993026 71.907447815
0.999952614 0.009728479 0.000037145 -0.097619601 -0.009728549 0.999947250 0.003294783 -1.130230904 -0.000005090 -0.003294988 0.999994516 73.347732544
0.999927819 0.011988755 0.000769621 -0.112845421 -0.011990477 0.999925554 0.002274561 -1.134310961 -0.000742295 -0.002283625 0.999997079 74.722236633
0.999890745 0.014679840 0.001681711 -0.121715665 -0.014683939 0.999889195 0.002451192 -1.170502543 -0.001645541 -0.002475618 0.999995589 76.139175415
0.999902725 0.013834690 0.001740918 -0.128198475 -0.013840384 0.999898791 0.003303158 -1.200667620 -0.001695044 -0.003326932 0.999993026 77.544418335
0.999914467 0.012922512 0.001997776 -0.139159217 -0.012928013 0.999912620 0.002765426 -1.229548931 -0.001961865 -0.002791017 0.999994159 78.937324524
0.999924779 0.012037179 0.002379772 -0.165569931 -0.012040976 0.999926209 0.001588052 -1.248358727 -0.002360481 -0.001616587 0.999995887 80.302108765
0.999942303 0.010675586 0.001204541 -0.134808838 -0.010677780 0.999941409 0.001829506 -1.266885042 -0.001184939 -0.001842262 0.999997616 81.709693909
0.999933302 0.011488932 0.001165036 -0.146669805 -0.011490859 0.999932528 0.001660040 -1.292905331 -0.001145886 -0.001673316 0.999997973 83.087112427
0.999938726 0.011057558 0.000312768 -0.142943710 -0.011058003 0.999937892 0.001458573 -1.313667536 -0.000296621 -0.001461943 0.999998868 84.486351013
0.999934256 0.011456848 -0.000225694 -0.152194545 -0.011456389 0.999932528 0.001933734 -1.338853002 0.000247833 -0.001931022 0.999998093 85.835220337
0.999945641 0.010368232 -0.001128236 -0.175861523 -0.010365343 0.999943018 0.002538304 -1.354462981 0.001154489 -0.002526471 0.999996126 87.238685608
0.999956489 0.008960855 -0.002579848 -0.174562126 -0.008953029 0.999955356 0.003029963 -1.374333978 0.002606884 -0.003006733 0.999992132 88.622665405
0.999972343 0.006424525 -0.003742885 -0.186870530 -0.006409808 0.999971867 0.003931114 -1.401157260 0.003768035 -0.003907014 0.999985278 90.012451172
0.999981344 0.004209927 -0.004412712 -0.186612144 -0.004192843 0.999983728 0.003873559 -1.418055654 0.004428947 -0.003854985 0.999982774 91.348617554
0.999982238 0.003072741 -0.005112050 -0.195560992 -0.003054878 0.999989152 0.003498324 -1.444357157 0.005122744 -0.003482645 0.999980807 92.741271973
0.999983430 0.001688920 -0.005502670 -0.198976487 -0.001671160 0.999993384 0.003230378 -1.459052682 0.005508089 -0.003221129 0.999979615 94.059127808
0.999982595 0.001213913 -0.005772022 -0.224796355 -0.001198886 0.999996006 0.002606188 -1.483536243 0.005775162 -0.002599223 0.999979973 95.462417603
0.999982834 0.000817517 -0.005803638 -0.236046374 -0.000804394 0.999997139 0.002263174 -1.507997513 0.005805471 -0.002258467 0.999980628 96.808395386
0.999981880 0.002237605 -0.005580015 -0.245341480 -0.002229475 0.999996364 0.001462679 -1.532993913 0.005583269 -0.001450212 0.999983370 98.188331604
0.999983728 0.002084630 -0.005314528 -0.255915761 -0.002074968 0.999996185 0.001822912 -1.554095030 0.005318308 -0.001811855 0.999984205 99.499168396
0.999982655 0.003246676 -0.004913395 -0.280892491 -0.003231363 0.999989927 0.003121461 -1.573287964 0.004923480 -0.003105530 0.999983072 100.873527527
0.999979019 0.004597228 -0.004578777 -0.304672718 -0.004574768 0.999977529 0.004903888 -1.599758506 0.004601218 -0.004882839 0.999977529 102.226753235
0.999977112 0.004987913 -0.004571686 -0.313220024 -0.004974583 0.999983370 0.002922583 -1.618118525 0.004586188 -0.002899774 0.999985278 103.572265625
0.999979019 0.004467568 -0.004682320 -0.310293436 -0.004464196 0.999989808 0.000730168 -1.642074585 0.004685534 -0.000709249 0.999988794 104.871009827
0.999973595 0.004866140 -0.005380860 -0.317484140 -0.004872432 0.999987483 -0.001156770 -1.656834722 0.005375163 0.001182957 0.999984860 106.276153564
0.999987543 0.002649569 -0.004225344 -0.357870758 -0.002648275 0.999996364 0.000311867 -1.681456089 0.004226156 -0.000300673 0.999991000 107.593742371
0.999991715 0.000151878 -0.004041259 -0.345444709 -0.000141600 0.999996603 0.002543519 -1.718949437 0.004041631 -0.002542925 0.999988616 108.919746399
0.999992251 -0.002457316 -0.003123078 -0.370498955 0.002467059 0.999992073 0.003119825 -1.731211424 0.003115388 -0.003127506 0.999990284 110.278350830
0.999991417 -0.003439881 -0.002310870 -0.371526867 0.003444144 0.999992371 0.001843352 -1.748334646 0.002304511 -0.001851295 0.999995649 111.597778320
0.999997735 -0.001259530 -0.001739556 -0.389388442 0.001258964 0.999999166 -0.000326032 -1.776148200 0.001739965 0.000323841 0.999998450 112.927902222
0.999999642 0.000684410 -0.000497187 -0.396566421 -0.000685766 0.999995947 -0.002732201 -1.793672562 0.000495315 0.002732540 0.999996066 114.271446228
0.999989688 0.004394427 0.001165786 -0.409787655 -0.004390251 0.999983966 -0.003560383 -1.800212383 -0.001181413 0.003555228 0.999992907 115.585853577
0.999982774 0.005346207 0.002429530 -0.422704339 -0.005343827 0.999985218 -0.000985118 -1.843675375 -0.002434761 0.000972118 0.999996543 116.936157227
0.999975264 0.006066711 0.003573806 -0.427456945 -0.006068870 0.999981403 0.000593649 -1.858628988 -0.003570138 -0.000615324 0.999993384 118.270263672
0.999982536 0.004277303 0.004073939 -0.427289695 -0.004284583 0.999989212 0.001779992 -1.881440282 -0.004066281 -0.001797416 0.999990106 119.631408691
0.999975026 0.004872413 0.005116163 -0.433574498 -0.004876961 0.999987721 0.000877086 -1.897984028 -0.005111828 -0.000902015 0.999986529 120.958633423
0.999949396 0.007750222 0.006403168 -0.443799555 -0.007751749 0.999969959 0.000213597 -1.922183514 -0.006401320 -0.000263222 0.999979556 122.270568848
0.999935389 0.009171011 0.006717067 -0.432409704 -0.009170872 0.999957919 -0.000051488 -1.944409490 -0.006717258 -0.000010116 0.999977350 123.645507812
0.999930501 0.009137832 0.007443378 -0.443327308 -0.009130009 0.999957740 -0.001084265 -1.963354588 -0.007452971 0.001016231 0.999971628 125.045280457
0.999904752 0.010779813 0.008625189 -0.443101883 -0.010760749 0.999939561 -0.002253832 -1.989192247 -0.008648963 0.002160804 0.999960244 126.339744568
0.999911129 0.009349677 0.009505603 -0.430482626 -0.009329295 0.999954045 -0.002186431 -2.014252186 -0.009525609 0.002097555 0.999952376 127.696601868
0.999909639 0.008962087 0.010015992 -0.419649124 -0.008955940 0.999959707 -0.000658472 -2.041175365 -0.010021490 0.000568709 0.999949634 129.030075073
0.999910772 0.007637380 0.010965824 -0.419374466 -0.007636173 0.999970853 -0.000151974 -2.067612410 -0.010966664 0.000068224 0.999939859 130.332763672
0.999905348 0.007237563 0.011695725 -0.406635284 -0.007242442 0.999973655 0.000374853 -2.088617086 -0.011692706 -0.000459523 0.999931514 131.708160400
0.999914169 0.005636858 0.011826279 -0.393598676 -0.005637329 0.999984086 0.000006499 -2.107376814 -0.011826055 -0.000073167 0.999930084 133.023117065
0.999932826 0.003635675 0.011003648 -0.375171542 -0.003641789 0.999993205 0.000535693 -2.124727249 -0.011001625 -0.000575730 0.999939322 134.381835938
0.999938428 0.002443570 0.010824078 -0.376165748 -0.002453575 0.999996543 0.000911119 -2.161778450 -0.010821817 -0.000937620 0.999940991 135.755950928
0.999949753 0.001573031 0.009911089 -0.375467539 -0.001578903 0.999998569 0.000584675 -2.176878452 -0.009910158 -0.000600294 0.999950707 137.078048706
0.999965131 -0.000329448 0.008347812 -0.359746337 0.000316382 0.999998748 0.001566533 -2.209216833 -0.008348318 -0.001563837 0.999963939 138.475814819
0.999970138 -0.001918778 0.007494038 -0.363810897 0.001907886 0.999997199 0.001460347 -2.224385977 -0.007496818 -0.001446005 0.999970853 139.810501099
0.999980032 -0.002076780 0.005961293 -0.347029507 0.002067304 0.999996543 0.001595176 -2.251196861 -0.005964586 -0.001582820 0.999980986 141.166458130
0.999984980 -0.002152124 0.005019055 -0.355689526 0.002147483 0.999997258 0.000929900 -2.275018454 -0.005021041 -0.000919107 0.999987006 142.494415283
0.999991357 -0.001769442 0.003764716 -0.358700275 0.001767095 0.999998271 0.000626507 -2.288946152 -0.003765818 -0.000619849 0.999992788 143.826385498
0.999985576 -0.004701090 0.002589532 -0.330792785 0.004705399 0.999987543 -0.001660497 -2.317216635 -0.002581694 0.001672658 0.999995291 145.174758911
0.999949515 -0.009979697 0.001184355 -0.326071858 0.009982489 0.999947369 -0.002375080 -2.341710567 -0.001160590 0.002386783 0.999996483 146.523010254
0.999861836 -0.016617842 0.000435337 -0.333805174 0.016618041 0.999861717 -0.000460441 -2.363068581 -0.000427625 0.000467611 0.999999821 147.873184204
0.999698400 -0.024538986 -0.000963822 -0.319359660 0.024540385 0.999697745 0.001467565 -2.385444164 0.000927518 -0.001490775 0.999998450 149.223037720
0.999609709 -0.027853159 -0.002081033 -0.309284866 0.027848747 0.999609828 -0.002118351 -2.398631096 0.002139223 0.002059571 0.999995589 150.533218384
0.999620914 -0.027480422 -0.001652821 -0.315829396 0.027472006 0.999610484 -0.004914653 -2.440883875 0.001787234 0.004867384 0.999986589 151.872436523
0.999721467 -0.023591364 -0.000692938 -0.330968142 0.023585806 0.999696195 -0.007156224 -2.464737415 0.000861553 0.007137887 0.999974132 153.257766724
0.999711156 -0.024033802 0.000031989 -0.342820913 0.024033420 0.999685645 -0.007142262 -2.496696949 0.000139677 0.007140968 0.999974489 154.594589233
0.999631882 -0.027130514 0.000389477 -0.336181194 0.027131762 0.999625146 -0.003660475 -2.527313471 -0.000290021 0.003669696 0.999993205 155.942199707
0.999497831 -0.031662516 0.001183458 -0.331328750 0.031664286 0.999497354 -0.001507846 -2.547671795 -0.001135121 0.001544562 0.999998093 157.307037354
0.999375761 -0.035318933 0.000698359 -0.315463573 0.035318859 0.999375999 0.000123888 -2.574736834 -0.000702299 -0.000099146 0.999999702 158.662445068
0.999314606 -0.037012197 0.000601117 -0.306933969 0.037012324 0.999314785 -0.000203333 -2.596361637 -0.000593180 0.000225443 0.999999762 160.014358521
0.999360859 -0.035695650 0.001916904 -0.331619799 0.035694137 0.999362528 0.000815398 -2.625341654 -0.001944788 -0.000746455 0.999997854 161.366973877
0.999522865 -0.030709904 0.003304390 -0.338216662 0.030711967 0.999528110 -0.000574888 -2.640361071 -0.003285177 0.000676098 0.999994338 162.706558228
0.999618292 -0.027325038 0.004061474 -0.357081413 0.027335217 0.999623239 -0.002472239 -2.665832043 -0.003992391 0.002582317 0.999988675 164.069305420
0.999696553 -0.023772016 0.006479967 -0.309193134 0.023792680 0.999711990 -0.003130017 -2.729262352 -0.006403695 0.003283242 0.999974132 165.459091187
0.999736428 -0.021982953 0.006630526 -0.312739968 0.021995835 0.999756277 -0.001876559 -2.747723103 -0.006587658 0.002021908 0.999976277 166.817245483
0.999742091 -0.021806635 0.006350672 -0.320462346 0.021819413 0.999759972 -0.001949316 -2.765914679 -0.006306640 0.002087381 0.999978006 168.147674561
0.999791086 -0.019170405 0.007092980 -0.312995672 0.019203583 0.999804854 -0.004639326 -2.812407017 -0.007002658 0.004774567 0.999963999 169.566619873
0.999865055 -0.015025048 0.006633084 -0.313966513 0.015075061 0.999857843 -0.007555935 -2.847671509 -0.006518613 0.007654909 0.999949396 170.914123535
0.999940455 -0.008956002 0.006228203 -0.331351876 0.009015002 0.999914110 -0.009510973 -2.867580891 -0.006142487 0.009566553 0.999935389 172.339141846
0.999963701 -0.005212879 0.006737058 -0.323089242 0.005262658 0.999958813 -0.007392454 -2.911066532 -0.006698245 0.007427641 0.999949992 173.651794434
0.999968469 -0.002973430 0.007363539 -0.330518603 0.003016958 0.999978006 -0.005907362 -2.941480637 -0.007345812 0.005929392 0.999955416 175.032836914
0.999965012 -0.001068621 0.008299913 -0.364527702 0.001100781 0.999991834 -0.003871134 -2.954798222 -0.008295710 0.003880134 0.999958098 176.393600464
0.999966443 -0.005334964 0.006214408 -0.299478650 0.005349791 0.999982834 -0.002371670 -2.995519638 -0.006201649 0.002404836 0.999977827 177.780319214
0.999951780 -0.008969116 0.004000014 -0.281535625 0.008977120 0.999957681 -0.001987336 -3.019945145 -0.003982020 0.002023149 0.999989986 179.159530640
0.999963820 -0.008108737 0.002591759 -0.302608222 0.008123898 0.999949634 -0.005893492 -3.057566643 -0.002543840 0.005914333 0.999979258 180.540344238
0.999974608 -0.006994718 0.001297143 -0.307064772 0.007007862 0.999921143 -0.010421302 -3.084944963 -0.001224146 0.010430131 0.999944866 181.964157104
0.999996781 -0.002357180 0.000904195 -0.329736501 0.002367045 0.999935865 -0.011068402 -3.139998198 -0.000878047 0.011070508 0.999938309 183.348114014
0.999997854 -0.002032386 0.000317611 -0.296165407 0.002035372 0.999950886 -0.009702357 -3.145515680 -0.000297877 0.009702985 0.999952912 184.639343262
0.999989986 0.004351006 0.001072102 -0.342579842 -0.004342932 0.999963045 -0.007422778 -3.178729057 -0.001104358 0.007418047 0.999971867 186.157653809
0.999987006 0.004960613 0.001201889 -0.334736884 -0.004953563 0.999970913 -0.005799695 -3.186798573 -0.001230624 0.005793666 0.999982417 187.518386841
0.999987483 0.004628678 0.001836263 -0.387357056 -0.004620052 0.999978483 -0.004674513 -3.232506752 -0.001857860 0.004665972 0.999987423 188.956863403
0.999996066 0.002463894 0.001340879 -0.356624097 -0.002458493 0.999988854 -0.004015781 -3.256803036 -0.001350759 0.004012470 0.999991059 190.353698730
0.999998987 -0.000509643 0.001360349 -0.359529167 0.000513722 0.999995351 -0.002999887 -3.295677185 -0.001358814 0.003000582 0.999994636 191.761016846
0.999993861 -0.003154256 0.001507709 -0.376638621 0.003159754 0.999988317 -0.003658605 -3.318703413 -0.001496151 0.003663348 0.999992192 193.155883789
0.999962509 -0.008413336 0.002011326 -0.298198223 0.008416009 0.999963701 -0.001324716 -3.340553522 -0.002000107 0.001341594 0.999997079 194.569686890
0.999916971 -0.012665227 0.002334803 -0.290077090 0.012663606 0.999919534 0.000707565 -3.369676590 -0.002343576 -0.000677940 0.999997020 195.938934326
0.999873817 -0.015598993 0.002986865 -0.302875996 0.015599128 0.999878347 -0.000021747 -3.375162125 -0.002986162 0.000068337 0.999995530 197.344360352
0.999919891 -0.012332167 0.002844229 -0.283310533 0.012345171 0.999913216 -0.004600261 -3.407357216 -0.002787251 0.004635006 0.999985397 198.812057495
0.999977231 -0.006291444 0.002411616 -0.272731334 0.006314570 0.999933004 -0.009705007 -3.423679829 -0.002350396 0.009720015 0.999950051 200.254302979
0.999984324 0.004052866 0.003845945 -0.292132080 -0.004014045 0.999941409 -0.010049133 -3.465147018 -0.003886447 0.010033539 0.999942183 201.720108032
0.999934137 0.009803520 0.005991867 -0.326550364 -0.009770866 0.999937356 -0.005455067 -3.513906002 -0.006044971 0.005396161 0.999967158 203.137481689
0.999916136 0.011006106 0.006829097 -0.337452769 -0.010982034 0.999933362 -0.003552312 -3.541210890 -0.006867739 0.003477016 0.999970376 204.580581665
0.999936581 0.009200280 0.006500232 -0.343538642 -0.009178717 0.999952257 -0.003339365 -3.559031248 -0.006530646 0.003279489 0.999973297 206.010070801
0.999961913 0.007238066 0.004871352 -0.302879333 -0.007221023 0.999967754 -0.003507347 -3.579061985 -0.004896581 0.003472038 0.999981999 207.481811523
0.999977648 0.005176069 0.004214659 -0.310942769 -0.005158037 0.999977469 -0.004277984 -3.601436853 -0.004236707 0.004256149 0.999981999 208.939285278
0.999981046 0.005358202 0.003033191 -0.314012647 -0.005344955 0.999976158 -0.004358590 -3.640414238 -0.003056473 0.004342295 0.999985933 210.428436279
0.999975145 0.005845375 0.003920749 -0.312221348 -0.005829080 0.999974370 -0.004155010 -3.670265198 -0.003944936 0.004132053 0.999983609 211.861373901
0.999967456 0.007094061 0.003839086 -0.322031558 -0.007080513 0.999968708 -0.003531404 -3.699586868 -0.003864018 0.003504107 0.999986410 213.291458130
0.999969959 0.006660995 0.003956355 -0.341998518 -0.006646447 0.999971151 -0.003679211 -3.733448029 -0.003980747 0.003652805 0.999985397 214.735351562
0.999972224 0.006531865 0.003567214 -0.305195928 -0.006512749 0.999964535 -0.005343966 -3.755313396 -0.003601993 0.005320585 0.999979377 216.249313354
0.999974430 0.006168406 0.003609886 -0.309657335 -0.006147472 0.999964476 -0.005781750 -3.786145210 -0.003645421 0.005759412 0.999976814 217.647689819
0.999968886 0.007071793 0.003473941 -0.336512029 -0.007048362 0.999952674 -0.006711266 -3.806227207 -0.003521237 0.006686573 0.999971449 219.118103027
0.999971807 0.007132375 0.002352637 -0.331226826 -0.007116981 0.999953568 -0.006487830 -3.826233625 -0.002398802 0.006470904 0.999976099 220.680236816
0.999971390 0.007265797 0.002121347 -0.349070340 -0.007251330 0.999950886 -0.006750638 -3.858936548 -0.002170293 0.006735062 0.999974906 222.152648926
0.999966741 0.008082927 0.001045143 -0.323344707 -0.008074949 0.999939859 -0.007423260 -3.888046265 -0.001105082 0.007414575 0.999971867 223.640930176
0.999964416 0.008251133 0.001740228 -0.336016208 -0.008238168 0.999939144 -0.007329919 -3.927375793 -0.001800603 0.007315322 0.999971628 225.147018433
0.999956608 0.009162841 0.001635857 -0.344058007 -0.009150009 0.999928534 -0.007687737 -3.953334808 -0.001706182 0.007672437 0.999969125 226.620742798
0.999967933 0.007870971 0.001488192 -0.345740974 -0.007859416 0.999940038 -0.007617997 -3.991547108 -0.001548064 0.007606056 0.999969900 228.053344727
0.999981582 0.005825508 0.001670817 -0.346368253 -0.005812179 0.999952137 -0.007873809 -4.015831947 -0.001716606 0.007863956 0.999967635 229.611541748
0.999989092 0.004445251 0.001429328 -0.338126928 -0.004434656 0.999963343 -0.007330573 -4.050519943 -0.001461861 0.007324156 0.999972165 231.118865967
0.999991596 0.002791956 0.002988836 -0.395426393 -0.002770724 0.999971151 -0.007084324 -4.069542885 -0.003008529 0.007075986 0.999970496 232.573028564
0.999994755 0.003222735 0.000257445 -0.398369551 -0.003221170 0.999977589 -0.005859585 -4.144811630 -0.000276323 0.005858725 0.999982715 234.051757812
0.999992907 0.003759159 -0.000148047 -0.377138436 -0.003759984 0.999974668 -0.006043183 -4.176774502 0.000125326 0.006043697 0.999981701 235.511230469
0.999992788 0.003616225 -0.001160271 -0.344409376 -0.003623483 0.999973536 -0.006316042 -4.218604088 0.001137400 0.006320201 0.999979317 237.032257080
0.999983668 0.005686052 0.000556894 -0.300237477 -0.005682189 0.999961376 -0.006706441 -4.233732700 -0.000595006 0.006703167 0.999977350 238.566177368
0.999978840 0.005761466 0.003039556 -0.376906693 -0.005743891 0.999966919 -0.005759676 -4.229708672 -0.003072640 0.005742094 0.999978781 240.105560303
0.999977946 0.006127952 0.002531153 -0.333861589 -0.006117625 0.999973059 -0.004067810 -4.305594921 -0.002556011 0.004052235 0.999988556 241.594696045
0.999974370 0.006335247 0.003329496 -0.347603142 -0.006313158 0.999958277 -0.006602952 -4.309336185 -0.003371189 0.006581764 0.999972641 243.093185425
0.999977887 0.006224394 0.002329037 -0.315468311 -0.006205652 0.999948978 -0.007969286 -4.347059250 -0.002378522 0.007954658 0.999965549 244.611145020
0.999967456 0.007250058 0.003545562 -0.336625755 -0.007223697 0.999946594 -0.007391854 -4.382675648 -0.003598964 0.007366001 0.999966383 246.115539551
0.999970794 0.006736428 0.003605971 -0.345692873 -0.006713366 0.999957204 -0.006369881 -4.411365509 -0.003648727 0.006345487 0.999973238 247.607833862
0.999970019 0.006911110 0.003492825 -0.346014440 -0.006891264 0.999960303 -0.005662218 -4.457233429 -0.003531819 0.005637978 0.999977887 249.110687256
0.999966681 0.007483747 0.003258680 -0.360270560 -0.007469440 0.999962509 -0.004380660 -4.525469780 -0.003291342 0.004356173 0.999985158 250.625183105
0.999955654 0.008401125 0.004248681 -0.383327365 -0.008376963 0.999948800 -0.005673104 -4.507343292 -0.004296124 0.005637260 0.999974906 252.193328857
0.999943674 0.009889683 0.003841003 -0.371790290 -0.009866497 0.999933302 -0.006009229 -4.533116817 -0.003900176 0.005970993 0.999974549 253.688552856
0.999944806 0.009729509 0.003954326 -0.386539459 -0.009706079 0.999935508 -0.005901574 -4.572442055 -0.004011490 0.005862866 0.999974728 255.162826538
0.999953091 0.008348545 0.004892745 -0.389932990 -0.008323158 0.999951899 -0.005186524 -4.598367691 -0.004935809 0.005145558 0.999974608 256.742645264
0.999972224 0.006445633 0.003728964 -0.369960546 -0.006427706 0.999967754 -0.004800098 -4.626643658 -0.003759784 0.004775996 0.999981523 258.282318115
0.999986827 0.003592833 0.003657736 -0.382860005 -0.003575409 0.999982297 -0.004759574 -4.642977715 -0.003674772 0.004746434 0.999981999 259.779571533
0.999986291 0.002486553 0.004609682 -0.396693826 -0.002463633 0.999984622 -0.004971049 -4.683057308 -0.004621972 0.004959625 0.999976993 261.285522461
0.999988914 0.002046158 0.004238644 -0.389912844 -0.002017775 0.999975741 -0.006689603 -4.711953640 -0.004252228 0.006680976 0.999968648 262.810302734
0.999988973 0.000889362 0.004608115 -0.375928879 -0.000866973 0.999987781 -0.004858218 -4.752156734 -0.004612379 0.004854170 0.999977589 264.304290771
0.999984980 0.000168965 0.005474744 -0.392064452 -0.000147625 0.999992371 -0.003898092 -4.729654312 -0.005475361 0.003897225 0.999977410 265.734985352
0.999981046 -0.002679616 0.005531192 -0.376195550 0.002705169 0.999985635 -0.004617421 -4.751463413 -0.005518740 0.004632296 0.999974072 267.239257812
0.999981821 -0.002543526 0.005463686 -0.352745533 0.002573429 0.999981761 -0.005473112 -4.794118881 -0.005449665 0.005487073 0.999970138 268.754058838
0.999986947 -0.000656447 0.005070861 -0.347600460 0.000686718 0.999981940 -0.005970140 -4.841289043 -0.005066851 0.005973545 0.999969304 271.398254395
0.999976099 0.002969667 0.006240420 -0.337023973 -0.002927053 0.999972463 -0.006826702 -4.868427277 -0.006260521 0.006808273 0.999957204 272.922271729
0.999960780 0.002392006 0.008534791 -0.381791830 -0.002336087 0.999975801 -0.006555873 -4.900612831 -0.008550267 0.006535678 0.999942124 274.304321289
0.999941647 0.006257186 0.008803582 -0.369306803 -0.006201663 0.999960780 -0.006319880 -4.994508266 -0.008842781 0.006264915 0.999941289 276.142181396
0.999935627 0.005716096 0.009796182 -0.362354040 -0.005652532 0.999962807 -0.006503930 -5.018489838 -0.009832995 0.006448139 0.999930859 277.621276855
0.999928355 0.004378499 0.011137310 -0.380209923 -0.004311759 0.999972641 -0.006009384 -5.029266357 -0.011163319 0.005960932 0.999919891 277.470031738
0.999922335 0.004255270 0.011714230 -0.354724884 -0.004176008 0.999968290 -0.006782479 -5.059927464 -0.011742720 0.006733033 0.999908328 278.964965820
0.999907851 0.004106109 0.012937696 -0.353701830 -0.004021396 0.999970376 -0.006567021 -5.090448380 -0.012964278 0.006514390 0.999894679 280.414276123
0.999903560 0.002598814 0.013635423 -0.341165543 -0.002530284 0.999984086 -0.005040708 -5.137494564 -0.013648306 0.005005722 0.999894321 281.879699707
0.999905050 0.005190834 0.012762886 -0.299286842 -0.005099377 0.999961078 -0.007188093 -5.162487984 -0.012799702 0.007122328 0.999892712 285.046081543
0.999905348 0.004563154 0.012975206 -0.292831659 -0.004442066 0.999946415 -0.009345800 -5.213754654 -0.013017156 0.009287280 0.999872148 286.498321533
0.999904037 0.003455797 0.013416891 -0.286462545 -0.003293531 0.999921381 -0.012097494 -5.241192818 -0.013457644 0.012052145 0.999836743 288.772399902
0.999922395 0.003802713 0.011866846 -0.259529114 -0.003659124 0.999920130 -0.012098345 -5.286705494 -0.011911904 0.012053984 0.999856412 290.284606934
0.999926329 0.002849794 0.011796424 -0.253640413 -0.002703005 0.999918938 -0.012440879 -5.307540894 -0.011830923 0.012408078 0.999853015 291.842803955
0.999940932 0.002660895 0.010542080 -0.243364811 -0.002519677 0.999907196 -0.013386358 -5.345767021 -0.010576721 0.013359004 0.999854863 293.350860596
0.999951363 0.001244730 0.009783776 -0.212496042 -0.001120457 0.999918759 -0.012697205 -5.410833836 -0.009798785 0.012685625 0.999871492 294.919342041
0.999959826 0.000903730 0.008918988 -0.207798958 -0.000795573 0.999926150 -0.012122715 -5.461593628 -0.008929285 0.012115131 0.999886692 296.405853271
0.999970436 0.000095938 0.007691976 -0.175906420 -0.000003185 0.999927223 -0.012057517 -5.495511532 -0.007692574 0.012057135 0.999897718 297.968627930
0.999975324 0.000517857 0.007008009 -0.178412199 -0.000443738 0.999943972 -0.010573823 -5.536886692 -0.007013092 0.010570454 0.999919474 299.437103271
0.999980032 -0.000291782 0.006310954 -0.183374405 0.000345694 0.999963462 -0.008543200 -5.579243183 -0.006308231 0.008545211 0.999943614 300.965057373
0.999973238 0.001962970 0.007048928 -0.176733732 -0.001904289 0.999963582 -0.008322001 -5.621890545 -0.007065007 0.008308354 0.999940634 302.403289795
0.999970317 -0.000094175 0.007707761 -0.169727325 0.000154394 0.999969482 -0.007812597 -5.675029278 -0.007706791 0.007813555 0.999939799 303.982025146
0.999961615 -0.001606987 0.008609350 -0.169142008 0.001676937 0.999965668 -0.008123824 -5.699639320 -0.008595998 0.008137950 0.999929965 305.408874512
0.999960661 -0.002773993 0.008419381 -0.151649952 0.002850007 0.999955177 -0.009029971 -5.752735138 -0.008393954 0.009053611 0.999923766 307.020782471
0.999945700 -0.004767372 0.009261941 -0.171782017 0.004870746 0.999925733 -0.011170857 -5.787704468 -0.009207998 0.011215363 0.999894738 308.506561279
0.999938846 -0.008557014 0.007002005 -0.042176962 0.008625249 0.999915063 -0.009773682 -5.871020317 -0.006917777 0.009833478 0.999927700 310.328125000
0.999961495 -0.007354781 0.004768551 -0.048556447 0.007403878 0.999918878 -0.010361656 -5.918075085 -0.004691957 0.010396564 0.999934971 311.804473877
0.999972820 -0.006763560 0.002928877 -0.047369301 0.006792714 0.999926329 -0.010061298 -5.952074051 -0.002860612 0.010080920 0.999945104 313.471038818
0.999981403 -0.005683191 0.002201180 -0.037235200 0.005697838 0.999961257 -0.006705992 -5.988926888 -0.002162983 0.006718408 0.999975085 314.952362061
0.999970794 -0.007011503 0.003037268 -0.049652159 0.007023487 0.999967515 -0.003953220 -6.020676613 -0.003009450 0.003974437 0.999987543 316.653015137
0.999965608 -0.007731071 0.002998424 -0.049653828 0.007741318 0.999964118 -0.003421041 -6.046134472 -0.002971868 0.003444134 0.999989629 318.166748047
0.999920428 -0.011904155 0.004170794 -0.072569609 0.011913754 0.999926448 -0.002284055 -6.119320869 -0.004143297 0.002333564 0.999988675 319.703552246
0.999911666 -0.012544315 0.004380916 -0.067556262 0.012553796 0.999918818 -0.002143058 -6.154517174 -0.004353678 0.002197867 0.999988079 321.218292236
0.999907613 -0.012849206 0.004435589 -0.061699390 0.012858125 0.999915302 -0.001988428 -6.181727409 -0.004409664 0.002045279 0.999988198 322.927917480
0.999901712 -0.013086645 0.005030262 -0.062379003 0.013097180 0.999912024 -0.002067044 -6.209457397 -0.005002770 0.002132725 0.999985218 324.442962646
0.999904513 -0.012729290 0.005380184 -0.060120225 0.012739763 0.999917030 -0.001916730 -6.271501541 -0.005355339 0.001985090 0.999983668 326.180541992
0.999913752 -0.011577602 0.006195632 -0.077380180 0.011595094 0.999928832 -0.002794576 -6.295723438 -0.006162836 0.002866175 0.999976873 327.725555420
0.999892831 -0.012834351 0.007040051 -0.061625719 0.012839437 0.999917328 -0.000677824 -6.331173420 -0.007030770 0.000768142 0.999974966 329.399932861
0.999869227 -0.013926593 0.008216606 -0.112201452 0.013923597 0.999902964 0.000421712 -6.366280079 -0.008221682 -0.000307253 0.999966145 330.828552246
0.999874055 -0.014162163 0.007175607 -0.057970762 0.014172982 0.999898493 -0.001458944 -6.391181469 -0.007154217 0.001560460 0.999973178 332.608764648
0.999889672 -0.013089630 0.007024325 -0.048635244 0.013099026 0.999913275 -0.001293270 -6.415661812 -0.007006788 0.001385138 0.999974430 334.174072266
0.999904931 -0.011816635 0.007109071 -0.054658413 0.011837381 0.999925733 -0.002883378 -6.452211380 -0.007074472 0.002967259 0.999970555 335.661926270
0.999955773 -0.007183757 0.006071332 -0.030457735 0.007231429 0.999942839 -0.007866877 -6.461268425 -0.006014472 0.007910435 0.999950588 337.411651611
0.999969125 -0.005648128 0.005473692 -0.029911160 0.005689145 0.999955654 -0.007506831 -6.500890732 -0.005431050 0.007537740 0.999956787 338.938903809
0.999982893 -0.003244486 0.004868079 -0.032574296 0.003268789 0.999982119 -0.004992743 -6.528516769 -0.004851793 0.005008571 0.999975681 340.601531982
0.999991834 -0.002184559 0.003406327 -0.028739691 0.002189515 0.999996543 -0.001451896 -6.576892853 -0.003403144 0.001459343 0.999993145 342.143676758
0.999996126 -0.001749006 0.002152620 -0.028645575 0.001756122 0.999992967 -0.003308079 -6.598137379 -0.002146819 0.003311849 0.999992192 343.831756592
0.999997437 -0.001837287 0.001289962 -0.058118820 0.001843821 0.999985337 -0.005083045 -6.626296997 -0.001280605 0.005085411 0.999986291 345.326934814
0.999999523 -0.000731117 -0.000630472 -0.037035748 0.000727682 0.999984980 -0.005431063 -6.657012463 0.000634434 0.005430604 0.999985039 347.014526367
0.999996305 -0.002394634 -0.001267084 -0.050753802 0.002388728 0.999986351 -0.004642072 -6.699056149 0.001278183 0.004639028 0.999988437 348.552154541
0.999994516 -0.002711728 -0.001862280 -0.057036638 0.002701367 0.999980986 -0.005543385 -6.731124878 0.001877278 0.005538324 0.999982893 350.181915283
0.999990880 -0.003744145 -0.002028228 -0.070017397 0.003730509 0.999970734 -0.006685614 -6.761875153 0.002053201 0.006677987 0.999975622 351.736938477
0.999990225 -0.003677562 -0.002439382 -0.078811824 0.003660197 0.999968231 -0.007084960 -6.793369293 0.002465360 0.007075963 0.999971926 353.359130859
0.999985456 -0.004778449 -0.002498735 -0.091419101 0.004760746 0.999963820 -0.007043588 -6.836210251 0.002532303 0.007031590 0.999971986 354.886444092
0.999987364 -0.003731044 -0.003344260 -0.082136512 0.003702750 0.999957740 -0.008426598 -6.875739098 0.003375558 0.008414110 0.999958932 356.575500488
0.999991179 -0.003103881 -0.002825280 -0.109039664 0.003077950 0.999953508 -0.009136423 -6.918654442 0.002853507 0.009127647 0.999954343 358.115386963
0.999995351 -0.002187539 -0.002125230 -0.126765370 0.002167047 0.999951601 -0.009597263 -6.961470127 0.002146121 0.009592613 0.999951661 359.763580322
0.999995232 -0.001931208 -0.002402138 -0.133045435 0.001905989 0.999943495 -0.010457372 -7.004709244 0.002422198 0.010452743 0.999942422 361.333587646
0.999991655 -0.003382809 -0.002297409 -0.140741944 0.003355782 0.999926209 -0.011668014 -7.050263882 0.002336711 0.011660206 0.999929309 362.912933350
0.999984264 -0.004986092 -0.002600862 -0.139382660 0.004959328 0.999935687 -0.010196784 -7.082921982 0.002651537 0.010183724 0.999944627 364.466674805
0.999973655 -0.006742722 -0.002655501 -0.147190690 0.006718991 0.999938250 -0.008847369 -7.136270523 0.002714993 0.008829295 0.999957263 366.055175781
0.999974489 -0.006835181 -0.002057442 -0.170800149 0.006815247 0.999931216 -0.009544729 -7.181589127 0.002122540 0.009530463 0.999952316 367.625640869
0.999979138 -0.006158031 -0.001945384 -0.175560355 0.006137013 0.999924600 -0.010631043 -7.212458611 0.002010704 0.010618880 0.999941587 369.214172363
0.999986351 -0.005129396 -0.000968284 -0.211325854 0.005119887 0.999941051 -0.009577824 -7.262192249 0.001017355 0.009572735 0.999953628 370.773681641
0.999991298 -0.003956567 -0.001315506 -0.199064940 0.003945189 0.999955714 -0.008542472 -7.301006317 0.001349247 0.008537209 0.999962628 372.377563477
0.999994397 -0.003311751 -0.000442621 -0.229593441 0.003307217 0.999945700 -0.009877824 -7.318108559 0.000475310 0.009876305 0.999951124 373.961608887
0.999991059 -0.004144066 -0.000791840 -0.221952751 0.004136071 0.999942958 -0.009844032 -7.378863335 0.000832589 0.009840668 0.999951243 375.561798096
0.999990106 -0.004414221 -0.000518612 -0.245316595 0.004408848 0.999940753 -0.009942847 -7.421498299 0.000562472 0.009940464 0.999950409 377.180328369
0.999994874 -0.003167253 -0.000419207 -0.239336014 0.003162890 0.999944687 -0.010029104 -7.470145226 0.000450949 0.010027727 0.999949634 378.757598877
0.999999046 -0.001203030 0.000501768 -0.273760974 0.001207964 0.999949694 -0.009950832 -7.508841038 -0.000489772 0.009951429 0.999950409 380.381195068
0.999999702 -0.000739785 -0.000222674 -0.252706975 0.000737639 0.999954700 -0.009487555 -7.545941353 0.000229683 0.009487390 0.999954879 381.966278076
0.999998808 0.001518502 0.000236264 -0.266906649 -0.001515891 0.999941647 -0.010686338 -7.592686653 -0.000252477 0.010685967 0.999942839 383.587158203
0.999997139 0.002207594 0.000915059 -0.273566157 -0.002197428 0.999937415 -0.010966774 -7.640421391 -0.000939212 0.010964733 0.999939442 385.148315430
