0.999990344 0.000786225 -0.004328887 0.143381119 -0.000784650 0.999999642 0.000365441 0.012114564 0.004329173 -0.000362041 0.999990582 0.218940973
0.963737190 0.005400497 -0.266798526 2.377774477 -0.006876020 0.999965787 -0.004596591 0.057321750 0.266764611 0.006264418 0.963741302 2.087808847
0.999967217 0.002309882 -0.007760922 0.365861744 -0.002299269 0.999996424 0.001376122 0.029213864 0.007764081 -0.001358233 0.999968946 0.698709190
0.999930203 0.002376249 -0.011573542 0.488485068 -0.002354392 0.999995410 0.001901796 0.035504568 0.011578016 -0.001874415 0.999931157 0.956919551
0.999799371 0.000805614 -0.020011863 0.645402610 -0.000778806 0.999998808 0.001347371 0.046824969 0.020012930 -0.001331515 0.999798834 1.228210568
0.957979381 0.002692993 -0.286824226 2.571648121 -0.004271495 0.999978960 -0.004877788 0.080631830 0.286805034 0.005897989 0.957970798 3.079191923
0.999073207 -0.001555591 -0.043015618 0.983229280 0.001731036 0.999990344 0.004041702 0.049900755 0.043008931 -0.004112417 0.999066234 1.803551674
0.950142264 0.001979740 -0.311810374 2.722277641 -0.001883133 0.999998033 0.000610921 0.077366002 0.311810970 0.000006718 0.950144172 3.656767845
0.946060061 0.002131678 -0.323984206 2.787726879 -0.001649379 0.999997079 0.001763234 0.088698708 0.323987037 -0.001133753 0.946060836 3.954554558
0.942326486 0.003541276 -0.334676176 2.844320059 -0.003518099 0.999993503 0.000675443 0.101685107 0.334676355 0.000540936 0.942333102 4.234950066
0.938812017 0.003376821 -0.344413370 2.890027761 -0.004344072 0.999988496 -0.002036752 0.112804219 0.344402552 0.003408284 0.938815832 4.519651890
0.945578754 0.003125260 -0.325378329 2.807761192 -0.006203580 0.999945283 -0.008423685 0.132590190 0.325334221 0.009983769 0.945546329 4.663889408
0.942234993 0.000561924 -0.334951997 2.842293262 -0.005940650 0.999869347 -0.015033909 0.154176190 0.334899753 0.016155308 0.942115247 4.969974041
0.942474484 -0.000705812 -0.334277153 2.855985165 -0.005901878 0.999806821 -0.018751044 0.155971289 0.334225804 0.019645248 0.942288280 5.201105595
0.949307501 0.001941371 -0.314342946 2.811906815 -0.010033362 0.999658585 -0.024126632 0.166227162 0.314188778 0.026057510 0.949002862 5.416348934
0.954697490 0.003512976 -0.297556996 2.799109697 -0.013555552 0.999405801 -0.031693313 0.184005186 0.297268808 0.034291077 0.954177856 5.642407417
0.960589767 0.004089674 -0.277939856 2.788330555 -0.015572680 0.999113202 -0.039119642 0.200927466 0.277533412 0.041906200 0.959801495 5.869796276
0.966189921 0.004011393 -0.257800102 2.787628651 -0.017237339 0.998646975 -0.049063519 0.220636725 0.257254481 0.051848464 0.964951694 6.092705727
0.970576465 0.002989941 -0.240774378 2.790595531 -0.018696720 0.997839808 -0.062976450 0.245503426 0.240065977 0.065625146 0.968535841 6.324294090
0.973790050 0.006127203 -0.227366209 2.809458256 -0.018869648 0.998367310 -0.053912491 0.181538731 0.226664662 0.056789760 0.972315848 6.570367336
0.979308486 0.003982597 -0.202333942 2.783667326 -0.018860934 0.997250795 -0.071658894 0.215048403 0.201492310 0.073992364 0.976691365 6.756987095
0.982084453 -0.001031836 -0.188438296 2.797513247 -0.012942661 0.997254252 -0.072913989 0.178763419 0.187996134 0.074046582 0.979374528 7.010239601
0.984693348 -0.008089764 -0.174107522 2.801768303 -0.004939031 0.997226059 -0.074268766 0.153608501 0.174225375 0.073991910 0.981921911 7.194501877
0.982163727 -0.015787786 -0.187363893 2.899971485 0.000684912 0.996762514 -0.080399573 0.111276031 0.188026652 0.078837208 0.978994727 7.672418118
0.991998672 -0.043651395 -0.118461706 2.758222103 0.020003289 0.980815589 -0.193908498 0.343548417 0.124653488 0.189987347 0.973841071 7.642984390
0.991998672 -0.043651395 -0.118461706 2.758222103 0.020003289 0.980815589 -0.193908498 0.343548417 0.124653488 0.189987347 0.973841071 7.642984390
0.991998672 -0.043651395 -0.118461706 2.758222103 0.020003289 0.980815589 -0.193908498 0.343548417 0.124653488 0.189987347 0.973841071 7.642984390
0.991998672 -0.043651395 -0.118461706 2.758222103 0.020003289 0.980815589 -0.193908498 0.343548417 0.124653488 0.189987347 0.973841071 7.642984390
0.991998672 -0.043651395 -0.118461706 2.758222103 0.020003289 0.980815589 -0.193908498 0.343548417 0.124653488 0.189987347 0.973841071 7.642984390
0.991998672 -0.043651395 -0.118461706 2.758222103 0.020003289 0.980815589 -0.193908498 0.343548417 0.124653488 0.189987347 0.973841071 7.642984390
0.991998672 -0.043651395 -0.118461706 2.758222103 0.020003289 0.980815589 -0.193908498 0.343548417 0.124653488 0.189987347 0.973841071 7.642984390
0.991998672 -0.043651395 -0.118461706 2.758222103 0.020003289 0.980815589 -0.193908498 0.343548417 0.124653488 0.189987347 0.973841071 7.642984390
0.991998672 -0.043651395 -0.118461706 2.758222103 0.020003289 0.980815589 -0.193908498 0.343548417 0.124653488 0.189987347 0.973841071 7.642984390
0.991998672 -0.043651395 -0.118461706 2.758222103 0.020003289 0.980815589 -0.193908498 0.343548417 0.124653488 0.189987347 0.973841071 7.642984390
0.991998672 -0.043651395 -0.118461706 2.758222103 0.020003289 0.980815589 -0.193908498 0.343548417 0.124653488 0.189987347 0.973841071 7.642984390
0.991998672 -0.043651395 -0.118461706 2.758222103 0.020003289 0.980815589 -0.193908498 0.343548417 0.124653488 0.189987347 0.973841071 7.642984390
0.991998672 -0.043651395 -0.118461706 2.758222103 0.020003289 0.980815589 -0.193908498 0.343548417 0.124653488 0.189987347 0.973841071 7.642984390
0.991998672 -0.043651395 -0.118461706 2.758222103 0.020003289 0.980815589 -0.193908498 0.343548417 0.124653488 0.189987347 0.973841071 7.642984390
0.991998672 -0.043651395 -0.118461706 2.758222103 0.020003289 0.980815589 -0.193908498 0.343548417 0.124653488 0.189987347 0.973841071 7.642984390
0.991998672 -0.043651395 -0.118461706 2.758222103 0.020003289 0.980815589 -0.193908498 0.343548417 0.124653488 0.189987347 0.973841071 7.642984390
0.991998672 -0.043651395 -0.118461706 2.758222103 0.020003289 0.980815589 -0.193908498 0.343548417 0.124653488 0.189987347 0.973841071 7.642984390
0.991998672 -0.043651395 -0.118461706 2.758222103 0.020003289 0.980815589 -0.193908498 0.343548417 0.124653488 0.189987347 0.973841071 7.642984390
0.991998672 -0.043651395 -0.118461706 2.758222103 0.020003289 0.980815589 -0.193908498 0.343548417 0.124653488 0.189987347 0.973841071 7.642984390
0.991998672 -0.043651395 -0.118461706 2.758222103 0.020003289 0.980815589 -0.193908498 0.343548417 0.124653488 0.189987347 0.973841071 7.642984390
0.991998672 -0.043651395 -0.118461706 2.758222103 0.020003289 0.980815589 -0.193908498 0.343548417 0.124653488 0.189987347 0.973841071 7.642984390
0.991998672 -0.043651395 -0.118461706 2.758222103 0.020003289 0.980815589 -0.193908498 0.343548417 0.124653488 0.189987347 0.973841071 7.642984390
0.991998672 -0.043651395 -0.118461706 2.758222103 0.020003289 0.980815589 -0.193908498 0.343548417 0.124653488 0.189987347 0.973841071 7.642984390
0.991998672 -0.043651395 -0.118461706 2.758222103 0.020003289 0.980815589 -0.193908498 0.343548417 0.124653488 0.189987347 0.973841071 7.642984390
0.991998672 -0.043651395 -0.118461706 2.758222103 0.020003289 0.980815589 -0.193908498 0.343548417 0.124653488 0.189987347 0.973841071 7.642984390
0.991998672 -0.043651395 -0.118461706 2.758222103 0.020003289 0.980815589 -0.193908498 0.343548417 0.124653488 0.189987347 0.973841071 7.642984390
0.991998672 -0.043651395 -0.118461706 2.758222103 0.020003289 0.980815589 -0.193908498 0.343548417 0.124653488 0.189987347 0.973841071 7.642984390
0.991998672 -0.043651395 -0.118461706 2.758222103 0.020003289 0.980815589 -0.193908498 0.343548417 0.124653488 0.189987347 0.973841071 7.642984390
0.991998672 -0.043651395 -0.118461706 2.758222103 0.020003289 0.980815589 -0.193908498 0.343548417 0.124653488 0.189987347 0.973841071 7.642984390
0.991998672 -0.043651395 -0.118461706 2.758222103 0.020003289 0.980815589 -0.193908498 0.343548417 0.124653488 0.189987347 0.973841071 7.642984390
0.991998672 -0.043651395 -0.118461706 2.758222103 0.020003289 0.980815589 -0.193908498 0.343548417 0.124653488 0.189987347 0.973841071 7.642984390
0.991998672 -0.043651395 -0.118461706 2.758222103 0.020003289 0.980815589 -0.193908498 0.343548417 0.124653488 0.189987347 0.973841071 7.642984390
0.991998672 -0.043651395 -0.118461706 2.758222103 0.020003289 0.980815589 -0.193908498 0.343548417 0.124653488 0.189987347 0.973841071 7.642984390
0.991998672 -0.043651395 -0.118461706 2.758222103 0.020003289 0.980815589 -0.193908498 0.343548417 0.124653488 0.189987347 0.973841071 7.642984390
0.991998672 -0.043651395 -0.118461706 2.758222103 0.020003289 0.980815589 -0.193908498 0.343548417 0.124653488 0.189987347 0.973841071 7.642984390
0.991998672 -0.043651395 -0.118461706 2.758222103 0.020003289 0.980815589 -0.193908498 0.343548417 0.124653488 0.189987347 0.973841071 7.642984390
0.991998672 -0.043651395 -0.118461706 2.758222103 0.020003289 0.980815589 -0.193908498 0.343548417 0.124653488 0.189987347 0.973841071 7.642984390
0.991998672 -0.043651395 -0.118461706 2.758222103 0.020003289 0.980815589 -0.193908498 0.343548417 0.124653488 0.189987347 0.973841071 7.642984390
0.991998672 -0.043651395 -0.118461706 2.758222103 0.020003289 0.980815589 -0.193908498 0.343548417 0.124653488 0.189987347 0.973841071 7.642984390
0.991998672 -0.043651395 -0.118461706 2.758222103 0.020003289 0.980815589 -0.193908498 0.343548417 0.124653488 0.189987347 0.973841071 7.642984390
0.991998672 -0.043651395 -0.118461706 2.758222103 0.020003289 0.980815589 -0.193908498 0.343548417 0.124653488 0.189987347 0.973841071 7.642984390
0.991998672 -0.043651395 -0.118461706 2.758222103 0.020003289 0.980815589 -0.193908498 0.343548417 0.124653488 0.189987347 0.973841071 7.642984390
0.991998672 -0.043651395 -0.118461706 2.758222103 0.020003289 0.980815589 -0.193908498 0.343548417 0.124653488 0.189987347 0.973841071 7.642984390
0.991998672 -0.043651395 -0.118461706 2.758222103 0.020003289 0.980815589 -0.193908498 0.343548417 0.124653488 0.189987347 0.973841071 7.642984390
0.991998672 -0.043651395 -0.118461706 2.758222103 0.020003289 0.980815589 -0.193908498 0.343548417 0.124653488 0.189987347 0.973841071 7.642984390
0.991998672 -0.043651395 -0.118461706 2.758222103 0.020003289 0.980815589 -0.193908498 0.343548417 0.124653488 0.189987347 0.973841071 7.642984390
0.991998672 -0.043651395 -0.118461706 2.758222103 0.020003289 0.980815589 -0.193908498 0.343548417 0.124653488 0.189987347 0.973841071 7.642984390
0.991998672 -0.043651395 -0.118461706 2.758222103 0.020003289 0.980815589 -0.193908498 0.343548417 0.124653488 0.189987347 0.973841071 7.642984390
0.991998672 -0.043651395 -0.118461706 2.758222103 0.020003289 0.980815589 -0.193908498 0.343548417 0.124653488 0.189987347 0.973841071 7.642984390
0.991998672 -0.043651395 -0.118461706 2.758222103 0.020003289 0.980815589 -0.193908498 0.343548417 0.124653488 0.189987347 0.973841071 7.642984390
0.991998672 -0.043651395 -0.118461706 2.758222103 0.020003289 0.980815589 -0.193908498 0.343548417 0.124653488 0.189987347 0.973841071 7.642984390
0.991998672 -0.043651395 -0.118461706 2.758222103 0.020003289 0.980815589 -0.193908498 0.343548417 0.124653488 0.189987347 0.973841071 7.642984390
0.991998672 -0.043651395 -0.118461706 2.758222103 0.020003289 0.980815589 -0.193908498 0.343548417 0.124653488 0.189987347 0.973841071 7.642984390
0.991998672 -0.043651395 -0.118461706 2.758222103 0.020003289 0.980815589 -0.193908498 0.343548417 0.124653488 0.189987347 0.973841071 7.642984390
0.991998672 -0.043651395 -0.118461706 2.758222103 0.020003289 0.980815589 -0.193908498 0.343548417 0.124653488 0.189987347 0.973841071 7.642984390
0.991998672 -0.043651395 -0.118461706 2.758222103 0.020003289 0.980815589 -0.193908498 0.343548417 0.124653488 0.189987347 0.973841071 7.642984390
0.991998672 -0.043651395 -0.118461706 2.758222103 0.020003289 0.980815589 -0.193908498 0.343548417 0.124653488 0.189987347 0.973841071 7.642984390
0.991998672 -0.043651395 -0.118461706 2.758222103 0.020003289 0.980815589 -0.193908498 0.343548417 0.124653488 0.189987347 0.973841071 7.642984390
0.991998672 -0.043651395 -0.118461706 2.758222103 0.020003289 0.980815589 -0.193908498 0.343548417 0.124653488 0.189987347 0.973841071 7.642984390
0.991998672 -0.043651395 -0.118461706 2.758222103 0.020003289 0.980815589 -0.193908498 0.343548417 0.124653488 0.189987347 0.973841071 7.642984390
0.991998672 -0.043651395 -0.118461706 2.758222103 0.020003289 0.980815589 -0.193908498 0.343548417 0.124653488 0.189987347 0.973841071 7.642984390
0.991998672 -0.043651395 -0.118461706 2.758222103 0.020003289 0.980815589 -0.193908498 0.343548417 0.124653488 0.189987347 0.973841071 7.642984390
0.991998672 -0.043651395 -0.118461706 2.758222103 0.020003289 0.980815589 -0.193908498 0.343548417 0.124653488 0.189987347 0.973841071 7.642984390
0.991998672 -0.043651395 -0.118461706 2.758222103 0.020003289 0.980815589 -0.193908498 0.343548417 0.124653488 0.189987347 0.973841071 7.642984390
0.991998672 -0.043651395 -0.118461706 2.758222103 0.020003289 0.980815589 -0.193908498 0.343548417 0.124653488 0.189987347 0.973841071 7.642984390
0.991998672 -0.043651395 -0.118461706 2.758222103 0.020003289 0.980815589 -0.193908498 0.343548417 0.124653488 0.189987347 0.973841071 7.642984390
0.991998672 -0.043651395 -0.118461706 2.758222103 0.020003289 0.980815589 -0.193908498 0.343548417 0.124653488 0.189987347 0.973841071 7.642984390
0.991998672 -0.043651395 -0.118461706 2.758222103 0.020003289 0.980815589 -0.193908498 0.343548417 0.124653488 0.189987347 0.973841071 7.642984390
0.991998672 -0.043651395 -0.118461706 2.758222103 0.020003289 0.980815589 -0.193908498 0.343548417 0.124653488 0.189987347 0.973841071 7.642984390
0.991998672 -0.043651395 -0.118461706 2.758222103 0.020003289 0.980815589 -0.193908498 0.343548417 0.124653488 0.189987347 0.973841071 7.642984390
0.991998672 -0.043651395 -0.118461706 2.758222103 0.020003289 0.980815589 -0.193908498 0.343548417 0.124653488 0.189987347 0.973841071 7.642984390
0.991998672 -0.043651395 -0.118461706 2.758222103 0.020003289 0.980815589 -0.193908498 0.343548417 0.124653488 0.189987347 0.973841071 7.642984390
0.991998672 -0.043651395 -0.118461706 2.758222103 0.020003289 0.980815589 -0.193908498 0.343548417 0.124653488 0.189987347 0.973841071 7.642984390
0.991998672 -0.043651395 -0.118461706 2.758222103 0.020003289 0.980815589 -0.193908498 0.343548417 0.124653488 0.189987347 0.973841071 7.642984390
0.991998672 -0.043651395 -0.118461706 2.758222103 0.020003289 0.980815589 -0.193908498 0.343548417 0.124653488 0.189987347 0.973841071 7.642984390
0.991998672 -0.043651395 -0.118461706 2.758222103 0.020003289 0.980815589 -0.193908498 0.343548417 0.124653488 0.189987347 0.973841071 7.642984390
0.991998672 -0.043651395 -0.118461706 2.758222103 0.020003289 0.980815589 -0.193908498 0.343548417 0.124653488 0.189987347 0.973841071 7.642984390
0.991998672 -0.043651395 -0.118461706 2.758222103 0.020003289 0.980815589 -0.193908498 0.343548417 0.124653488 0.189987347 0.973841071 7.642984390
0.991998672 -0.043651395 -0.118461706 2.758222103 0.020003289 0.980815589 -0.193908498 0.343548417 0.124653488 0.189987347 0.973841071 7.642984390
0.991998672 -0.043651395 -0.118461706 2.758222103 0.020003289 0.980815589 -0.193908498 0.343548417 0.124653488 0.189987347 0.973841071 7.642984390
0.991998672 -0.043651395 -0.118461706 2.758222103 0.020003289 0.980815589 -0.193908498 0.343548417 0.124653488 0.189987347 0.973841071 7.642984390
0.991998672 -0.043651395 -0.118461706 2.758222103 0.020003289 0.980815589 -0.193908498 0.343548417 0.124653488 0.189987347 0.973841071 7.642984390
0.991998672 -0.043651395 -0.118461706 2.758222103 0.020003289 0.980815589 -0.193908498 0.343548417 0.124653488 0.189987347 0.973841071 7.642984390
0.991998672 -0.043651395 -0.118461706 2.758222103 0.020003289 0.980815589 -0.193908498 0.343548417 0.124653488 0.189987347 0.973841071 7.642984390
0.991998672 -0.043651395 -0.118461706 2.758222103 0.020003289 0.980815589 -0.193908498 0.343548417 0.124653488 0.189987347 0.973841071 7.642984390
0.991998672 -0.043651395 -0.118461706 2.758222103 0.020003289 0.980815589 -0.193908498 0.343548417 0.124653488 0.189987347 0.973841071 7.642984390
0.991998672 -0.043651395 -0.118461706 2.758222103 0.020003289 0.980815589 -0.193908498 0.343548417 0.124653488 0.189987347 0.973841071 7.642984390
0.991998672 -0.043651395 -0.118461706 2.758222103 0.020003289 0.980815589 -0.193908498 0.343548417 0.124653488 0.189987347 0.973841071 7.642984390
0.991998672 -0.043651395 -0.118461706 2.758222103 0.020003289 0.980815589 -0.193908498 0.343548417 0.124653488 0.189987347 0.973841071 7.642984390
0.991998672 -0.043651395 -0.118461706 2.758222103 0.020003289 0.980815589 -0.193908498 0.343548417 0.124653488 0.189987347 0.973841071 7.642984390
0.991998672 -0.043651395 -0.118461706 2.758222103 0.020003289 0.980815589 -0.193908498 0.343548417 0.124653488 0.189987347 0.973841071 7.642984390
0.991998672 -0.043651395 -0.118461706 2.758222103 0.020003289 0.980815589 -0.193908498 0.343548417 0.124653488 0.189987347 0.973841071 7.642984390
0.991998672 -0.043651395 -0.118461706 2.758222103 0.020003289 0.980815589 -0.193908498 0.343548417 0.124653488 0.189987347 0.973841071 7.642984390
0.991998672 -0.043651395 -0.118461706 2.758222103 0.020003289 0.980815589 -0.193908498 0.343548417 0.124653488 0.189987347 0.973841071 7.642984390
0.991998672 -0.043651395 -0.118461706 2.758222103 0.020003289 0.980815589 -0.193908498 0.343548417 0.124653488 0.189987347 0.973841071 7.642984390
0.991998672 -0.043651395 -0.118461706 2.758222103 0.020003289 0.980815589 -0.193908498 0.343548417 0.124653488 0.189987347 0.973841071 7.642984390
0.991998672 -0.043651395 -0.118461706 2.758222103 0.020003289 0.980815589 -0.193908498 0.343548417 0.124653488 0.189987347 0.973841071 7.642984390
0.991998672 -0.043651395 -0.118461706 2.758222103 0.020003289 0.980815589 -0.193908498 0.343548417 0.124653488 0.189987347 0.973841071 7.642984390
0.991998672 -0.043651395 -0.118461706 2.758222103 0.020003289 0.980815589 -0.193908498 0.343548417 0.124653488 0.189987347 0.973841071 7.642984390
0.991998672 -0.043651395 -0.118461706 2.758222103 0.020003289 0.980815589 -0.193908498 0.343548417 0.124653488 0.189987347 0.973841071 7.642984390
0.991998672 -0.043651395 -0.118461706 2.758222103 0.020003289 0.980815589 -0.193908498 0.343548417 0.124653488 0.189987347 0.973841071 7.642984390
0.991998672 -0.043651395 -0.118461706 2.758222103 0.020003289 0.980815589 -0.193908498 0.343548417 0.124653488 0.189987347 0.973841071 7.642984390
0.991998672 -0.043651395 -0.118461706 2.758222103 0.020003289 0.980815589 -0.193908498 0.343548417 0.124653488 0.189987347 0.973841071 7.642984390
0.991998672 -0.043651395 -0.118461706 2.758222103 0.020003289 0.980815589 -0.193908498 0.343548417 0.124653488 0.189987347 0.973841071 7.642984390
0.991998672 -0.043651395 -0.118461706 2.758222103 0.020003289 0.980815589 -0.193908498 0.343548417 0.124653488 0.189987347 0.973841071 7.642984390
0.991998672 -0.043651395 -0.118461706 2.758222103 0.020003289 0.980815589 -0.193908498 0.343548417 0.124653488 0.189987347 0.973841071 7.642984390
0.991998672 -0.043651395 -0.118461706 2.758222103 0.020003289 0.980815589 -0.193908498 0.343548417 0.124653488 0.189987347 0.973841071 7.642984390
0.991998672 -0.043651395 -0.118461706 2.758222103 0.020003289 0.980815589 -0.193908498 0.343548417 0.124653488 0.189987347 0.973841071 7.642984390
0.991998672 -0.043651395 -0.118461706 2.758222103 0.020003289 0.980815589 -0.193908498 0.343548417 0.124653488 0.189987347 0.973841071 7.642984390
0.991998672 -0.043651395 -0.118461706 2.758222103 0.020003289 0.980815589 -0.193908498 0.343548417 0.124653488 0.189987347 0.973841071 7.642984390
0.991998672 -0.043651395 -0.118461706 2.758222103 0.020003289 0.980815589 -0.193908498 0.343548417 0.124653488 0.189987347 0.973841071 7.642984390
0.991998672 -0.043651395 -0.118461706 2.758222103 0.020003289 0.980815589 -0.193908498 0.343548417 0.124653488 0.189987347 0.973841071 7.642984390
0.991998672 -0.043651395 -0.118461706 2.758222103 0.020003289 0.980815589 -0.193908498 0.343548417 0.124653488 0.189987347 0.973841071 7.642984390
0.991998672 -0.043651395 -0.118461706 2.758222103 0.020003289 0.980815589 -0.193908498 0.343548417 0.124653488 0.189987347 0.973841071 7.642984390
0.991998672 -0.043651395 -0.118461706 2.758222103 0.020003289 0.980815589 -0.193908498 0.343548417 0.124653488 0.189987347 0.973841071 7.642984390
0.991998672 -0.043651395 -0.118461706 2.758222103 0.020003289 0.980815589 -0.193908498 0.343548417 0.124653488 0.189987347 0.973841071 7.642984390
0.991998672 -0.043651395 -0.118461706 2.758222103 0.020003289 0.980815589 -0.193908498 0.343548417 0.124653488 0.189987347 0.973841071 7.642984390
0.991998672 -0.043651395 -0.118461706 2.758222103 0.020003289 0.980815589 -0.193908498 0.343548417 0.124653488 0.189987347 0.973841071 7.642984390
0.991998672 -0.043651395 -0.118461706 2.758222103 0.020003289 0.980815589 -0.193908498 0.343548417 0.124653488 0.189987347 0.973841071 7.642984390
0.991998672 -0.043651395 -0.118461706 2.758222103 0.020003289 0.980815589 -0.193908498 0.343548417 0.124653488 0.189987347 0.973841071 7.642984390
0.991998672 -0.043651395 -0.118461706 2.758222103 0.020003289 0.980815589 -0.193908498 0.343548417 0.124653488 0.189987347 0.973841071 7.642984390
0.991998672 -0.043651395 -0.118461706 2.758222103 0.020003289 0.980815589 -0.193908498 0.343548417 0.124653488 0.189987347 0.973841071 7.642984390
0.991998672 -0.043651395 -0.118461706 2.758222103 0.020003289 0.980815589 -0.193908498 0.343548417 0.124653488 0.189987347 0.973841071 7.642984390
0.991998672 -0.043651395 -0.118461706 2.758222103 0.020003289 0.980815589 -0.193908498 0.343548417 0.124653488 0.189987347 0.973841071 7.642984390
0.991998672 -0.043651395 -0.118461706 2.758222103 0.020003289 0.980815589 -0.193908498 0.343548417 0.124653488 0.189987347 0.973841071 7.642984390
0.991998672 -0.043651395 -0.118461706 2.758222103 0.020003289 0.980815589 -0.193908498 0.343548417 0.124653488 0.189987347 0.973841071 7.642984390
0.991998672 -0.043651395 -0.118461706 2.758222103 0.020003289 0.980815589 -0.193908498 0.343548417 0.124653488 0.189987347 0.973841071 7.642984390
0.991998672 -0.043651395 -0.118461706 2.758222103 0.020003289 0.980815589 -0.193908498 0.343548417 0.124653488 0.189987347 0.973841071 7.642984390
0.991998672 -0.043651395 -0.118461706 2.758222103 0.020003289 0.980815589 -0.193908498 0.343548417 0.124653488 0.189987347 0.973841071 7.642984390
0.991998672 -0.043651395 -0.118461706 2.758222103 0.020003289 0.980815589 -0.193908498 0.343548417 0.124653488 0.189987347 0.973841071 7.642984390
0.991998672 -0.043651395 -0.118461706 2.758222103 0.020003289 0.980815589 -0.193908498 0.343548417 0.124653488 0.189987347 0.973841071 7.642984390
0.991998672 -0.043651395 -0.118461706 2.758222103 0.020003289 0.980815589 -0.193908498 0.343548417 0.124653488 0.189987347 0.973841071 7.642984390
0.991998672 -0.043651395 -0.118461706 2.758222103 0.020003289 0.980815589 -0.193908498 0.343548417 0.124653488 0.189987347 0.973841071 7.642984390
0.991998672 -0.043651395 -0.118461706 2.758222103 0.020003289 0.980815589 -0.193908498 0.343548417 0.124653488 0.189987347 0.973841071 7.642984390
0.991998672 -0.043651395 -0.118461706 2.758222103 0.020003289 0.980815589 -0.193908498 0.343548417 0.124653488 0.189987347 0.973841071 7.642984390
0.991998672 -0.043651395 -0.118461706 2.758222103 0.020003289 0.980815589 -0.193908498 0.343548417 0.124653488 0.189987347 0.973841071 7.642984390
0.991998672 -0.043651395 -0.118461706 2.758222103 0.020003289 0.980815589 -0.193908498 0.343548417 0.124653488 0.189987347 0.973841071 7.642984390
0.991998672 -0.043651395 -0.118461706 2.758222103 0.020003289 0.980815589 -0.193908498 0.343548417 0.124653488 0.189987347 0.973841071 7.642984390
0.991998672 -0.043651395 -0.118461706 2.758222103 0.020003289 0.980815589 -0.193908498 0.343548417 0.124653488 0.189987347 0.973841071 7.642984390
0.991998672 -0.043651395 -0.118461706 2.758222103 0.020003289 0.980815589 -0.193908498 0.343548417 0.124653488 0.189987347 0.973841071 7.642984390
0.991998672 -0.043651395 -0.118461706 2.758222103 0.020003289 0.980815589 -0.193908498 0.343548417 0.124653488 0.189987347 0.973841071 7.642984390
0.991998672 -0.043651395 -0.118461706 2.758222103 0.020003289 0.980815589 -0.193908498 0.343548417 0.124653488 0.189987347 0.973841071 7.642984390
0.991998672 -0.043651395 -0.118461706 2.758222103 0.020003289 0.980815589 -0.193908498 0.343548417 0.124653488 0.189987347 0.973841071 7.642984390
0.991998672 -0.043651395 -0.118461706 2.758222103 0.020003289 0.980815589 -0.193908498 0.343548417 0.124653488 0.189987347 0.973841071 7.642984390
0.991998672 -0.043651395 -0.118461706 2.758222103 0.020003289 0.980815589 -0.193908498 0.343548417 0.124653488 0.189987347 0.973841071 7.642984390
0.991998672 -0.043651395 -0.118461706 2.758222103 0.020003289 0.980815589 -0.193908498 0.343548417 0.124653488 0.189987347 0.973841071 7.642984390
0.991998672 -0.043651395 -0.118461706 2.758222103 0.020003289 0.980815589 -0.193908498 0.343548417 0.124653488 0.189987347 0.973841071 7.642984390
0.991998672 -0.043651395 -0.118461706 2.758222103 0.020003289 0.980815589 -0.193908498 0.343548417 0.124653488 0.189987347 0.973841071 7.642984390
0.991998672 -0.043651395 -0.118461706 2.758222103 0.020003289 0.980815589 -0.193908498 0.343548417 0.124653488 0.189987347 0.973841071 7.642984390
0.991998672 -0.043651395 -0.118461706 2.758222103 0.020003289 0.980815589 -0.193908498 0.343548417 0.124653488 0.189987347 0.973841071 7.642984390
0.991998672 -0.043651395 -0.118461706 2.758222103 0.020003289 0.980815589 -0.193908498 0.343548417 0.124653488 0.189987347 0.973841071 7.642984390
0.991998672 -0.043651395 -0.118461706 2.758222103 0.020003289 0.980815589 -0.193908498 0.343548417 0.124653488 0.189987347 0.973841071 7.642984390
0.991998672 -0.043651395 -0.118461706 2.758222103 0.020003289 0.980815589 -0.193908498 0.343548417 0.124653488 0.189987347 0.973841071 7.642984390
0.991998672 -0.043651395 -0.118461706 2.758222103 0.020003289 0.980815589 -0.193908498 0.343548417 0.124653488 0.189987347 0.973841071 7.642984390
0.991998672 -0.043651395 -0.118461706 2.758222103 0.020003289 0.980815589 -0.193908498 0.343548417 0.124653488 0.189987347 0.973841071 7.642984390
0.991998672 -0.043651395 -0.118461706 2.758222103 0.020003289 0.980815589 -0.193908498 0.343548417 0.124653488 0.189987347 0.973841071 7.642984390
0.991998672 -0.043651395 -0.118461706 2.758222103 0.020003289 0.980815589 -0.193908498 0.343548417 0.124653488 0.189987347 0.973841071 7.642984390
0.991998672 -0.043651395 -0.118461706 2.758222103 0.020003289 0.980815589 -0.193908498 0.343548417 0.124653488 0.189987347 0.973841071 7.642984390
0.991998672 -0.043651395 -0.118461706 2.758222103 0.020003289 0.980815589 -0.193908498 0.343548417 0.124653488 0.189987347 0.973841071 7.642984390
0.991998672 -0.043651395 -0.118461706 2.758222103 0.020003289 0.980815589 -0.193908498 0.343548417 0.124653488 0.189987347 0.973841071 7.642984390
0.991998672 -0.043651395 -0.118461706 2.758222103 0.020003289 0.980815589 -0.193908498 0.343548417 0.124653488 0.189987347 0.973841071 7.642984390
0.991998672 -0.043651395 -0.118461706 2.758222103 0.020003289 0.980815589 -0.193908498 0.343548417 0.124653488 0.189987347 0.973841071 7.642984390
0.991998672 -0.043651395 -0.118461706 2.758222103 0.020003289 0.980815589 -0.193908498 0.343548417 0.124653488 0.189987347 0.973841071 7.642984390
0.991998672 -0.043651395 -0.118461706 2.758222103 0.020003289 0.980815589 -0.193908498 0.343548417 0.124653488 0.189987347 0.973841071 7.642984390
0.991998672 -0.043651395 -0.118461706 2.758222103 0.020003289 0.980815589 -0.193908498 0.343548417 0.124653488 0.189987347 0.973841071 7.642984390
0.991998672 -0.043651395 -0.118461706 2.758222103 0.020003289 0.980815589 -0.193908498 0.343548417 0.124653488 0.189987347 0.973841071 7.642984390
0.991998672 -0.043651395 -0.118461706 2.758222103 0.020003289 0.980815589 -0.193908498 0.343548417 0.124653488 0.189987347 0.973841071 7.642984390
0.991998672 -0.043651395 -0.118461706 2.758222103 0.020003289 0.980815589 -0.193908498 0.343548417 0.124653488 0.189987347 0.973841071 7.642984390
0.991998672 -0.043651395 -0.118461706 2.758222103 0.020003289 0.980815589 -0.193908498 0.343548417 0.124653488 0.189987347 0.973841071 7.642984390
0.991998672 -0.043651395 -0.118461706 2.758222103 0.020003289 0.980815589 -0.193908498 0.343548417 0.124653488 0.189987347 0.973841071 7.642984390
0.991998672 -0.043651395 -0.118461706 2.758222103 0.020003289 0.980815589 -0.193908498 0.343548417 0.124653488 0.189987347 0.973841071 7.642984390
0.991998672 -0.043651395 -0.118461706 2.758222103 0.020003289 0.980815589 -0.193908498 0.343548417 0.124653488 0.189987347 0.973841071 7.642984390
0.991998672 -0.043651395 -0.118461706 2.758222103 0.020003289 0.980815589 -0.193908498 0.343548417 0.124653488 0.189987347 0.973841071 7.642984390
0.991998672 -0.043651395 -0.118461706 2.758222103 0.020003289 0.980815589 -0.193908498 0.343548417 0.124653488 0.189987347 0.973841071 7.642984390
0.991998672 -0.043651395 -0.118461706 2.758222103 0.020003289 0.980815589 -0.193908498 0.343548417 0.124653488 0.189987347 0.973841071 7.642984390
0.991998672 -0.043651395 -0.118461706 2.758222103 0.020003289 0.980815589 -0.193908498 0.343548417 0.124653488 0.189987347 0.973841071 7.642984390
0.991998672 -0.043651395 -0.118461706 2.758222103 0.020003289 0.980815589 -0.193908498 0.343548417 0.124653488 0.189987347 0.973841071 7.642984390
0.991998672 -0.043651395 -0.118461706 2.758222103 0.020003289 0.980815589 -0.193908498 0.343548417 0.124653488 0.189987347 0.973841071 7.642984390
0.991998672 -0.043651395 -0.118461706 2.758222103 0.020003289 0.980815589 -0.193908498 0.343548417 0.124653488 0.189987347 0.973841071 7.642984390
0.991998672 -0.043651395 -0.118461706 2.758222103 0.020003289 0.980815589 -0.193908498 0.343548417 0.124653488 0.189987347 0.973841071 7.642984390
0.991998672 -0.043651395 -0.118461706 2.758222103 0.020003289 0.980815589 -0.193908498 0.343548417 0.124653488 0.189987347 0.973841071 7.642984390
0.991998672 -0.043651395 -0.118461706 2.758222103 0.020003289 0.980815589 -0.193908498 0.343548417 0.124653488 0.189987347 0.973841071 7.642984390
0.991998672 -0.043651395 -0.118461706 2.758222103 0.020003289 0.980815589 -0.193908498 0.343548417 0.124653488 0.189987347 0.973841071 7.642984390
0.991998672 -0.043651395 -0.118461706 2.758222103 0.020003289 0.980815589 -0.193908498 0.343548417 0.124653488 0.189987347 0.973841071 7.642984390
0.991998672 -0.043651395 -0.118461706 2.758222103 0.020003289 0.980815589 -0.193908498 0.343548417 0.124653488 0.189987347 0.973841071 7.642984390
0.991998672 -0.043651395 -0.118461706 2.758222103 0.020003289 0.980815589 -0.193908498 0.343548417 0.124653488 0.189987347 0.973841071 7.642984390
0.991998672 -0.043651395 -0.118461706 2.758222103 0.020003289 0.980815589 -0.193908498 0.343548417 0.124653488 0.189987347 0.973841071 7.642984390
0.991998672 -0.043651395 -0.118461706 2.758222103 0.020003289 0.980815589 -0.193908498 0.343548417 0.124653488 0.189987347 0.973841071 7.642984390
0.991998672 -0.043651395 -0.118461706 2.758222103 0.020003289 0.980815589 -0.193908498 0.343548417 0.124653488 0.189987347 0.973841071 7.642984390
0.991998672 -0.043651395 -0.118461706 2.758222103 0.020003289 0.980815589 -0.193908498 0.343548417 0.124653488 0.189987347 0.973841071 7.642984390
0.991998672 -0.043651395 -0.118461706 2.758222103 0.020003289 0.980815589 -0.193908498 0.343548417 0.124653488 0.189987347 0.973841071 7.642984390
0.991998672 -0.043651395 -0.118461706 2.758222103 0.020003289 0.980815589 -0.193908498 0.343548417 0.124653488 0.189987347 0.973841071 7.642984390
0.991998672 -0.043651395 -0.118461706 2.758222103 0.020003289 0.980815589 -0.193908498 0.343548417 0.124653488 0.189987347 0.973841071 7.642984390
0.991998672 -0.043651395 -0.118461706 2.758222103 0.020003289 0.980815589 -0.193908498 0.343548417 0.124653488 0.189987347 0.973841071 7.642984390
0.991998672 -0.043651395 -0.118461706 2.758222103 0.020003289 0.980815589 -0.193908498 0.343548417 0.124653488 0.189987347 0.973841071 7.642984390
0.991998672 -0.043651395 -0.118461706 2.758222103 0.020003289 0.980815589 -0.193908498 0.343548417 0.124653488 0.189987347 0.973841071 7.642984390
0.991998672 -0.043651395 -0.118461706 2.758222103 0.020003289 0.980815589 -0.193908498 0.343548417 0.124653488 0.189987347 0.973841071 7.642984390
0.991998672 -0.043651395 -0.118461706 2.758222103 0.020003289 0.980815589 -0.193908498 0.343548417 0.124653488 0.189987347 0.973841071 7.642984390
0.991998672 -0.043651395 -0.118461706 2.758222103 0.020003289 0.980815589 -0.193908498 0.343548417 0.124653488 0.189987347 0.973841071 7.642984390
0.991998672 -0.043651395 -0.118461706 2.758222103 0.020003289 0.980815589 -0.193908498 0.343548417 0.124653488 0.189987347 0.973841071 7.642984390
0.991998672 -0.043651395 -0.118461706 2.758222103 0.020003289 0.980815589 -0.193908498 0.343548417 0.124653488 0.189987347 0.973841071 7.642984390
0.991998672 -0.043651395 -0.118461706 2.758222103 0.020003289 0.980815589 -0.193908498 0.343548417 0.124653488 0.189987347 0.973841071 7.642984390
0.991998672 -0.043651395 -0.118461706 2.758222103 0.020003289 0.980815589 -0.193908498 0.343548417 0.124653488 0.189987347 0.973841071 7.642984390
0.991998672 -0.043651395 -0.118461706 2.758222103 0.020003289 0.980815589 -0.193908498 0.343548417 0.124653488 0.189987347 0.973841071 7.642984390
0.991998672 -0.043651395 -0.118461706 2.758222103 0.020003289 0.980815589 -0.193908498 0.343548417 0.124653488 0.189987347 0.973841071 7.642984390
0.991998672 -0.043651395 -0.118461706 2.758222103 0.020003289 0.980815589 -0.193908498 0.343548417 0.124653488 0.189987347 0.973841071 7.642984390
0.991998672 -0.043651395 -0.118461706 2.758222103 0.020003289 0.980815589 -0.193908498 0.343548417 0.124653488 0.189987347 0.973841071 7.642984390
0.991998672 -0.043651395 -0.118461706 2.758222103 0.020003289 0.980815589 -0.193908498 0.343548417 0.124653488 0.189987347 0.973841071 7.642984390
0.991998672 -0.043651395 -0.118461706 2.758222103 0.020003289 0.980815589 -0.193908498 0.343548417 0.124653488 0.189987347 0.973841071 7.642984390
0.991998672 -0.043651395 -0.118461706 2.758222103 0.020003289 0.980815589 -0.193908498 0.343548417 0.124653488 0.189987347 0.973841071 7.642984390
0.991998672 -0.043651395 -0.118461706 2.758222103 0.020003289 0.980815589 -0.193908498 0.343548417 0.124653488 0.189987347 0.973841071 7.642984390
0.991998672 -0.043651395 -0.118461706 2.758222103 0.020003289 0.980815589 -0.193908498 0.343548417 0.124653488 0.189987347 0.973841071 7.642984390
0.991998672 -0.043651395 -0.118461706 2.758222103 0.020003289 0.980815589 -0.193908498 0.343548417 0.124653488 0.189987347 0.973841071 7.642984390
0.991998672 -0.043651395 -0.118461706 2.758222103 0.020003289 0.980815589 -0.193908498 0.343548417 0.124653488 0.189987347 0.973841071 7.642984390
0.991998672 -0.043651395 -0.118461706 2.758222103 0.020003289 0.980815589 -0.193908498 0.343548417 0.124653488 0.189987347 0.973841071 7.642984390
0.991998672 -0.043651395 -0.118461706 2.758222103 0.020003289 0.980815589 -0.193908498 0.343548417 0.124653488 0.189987347 0.973841071 7.642984390
0.991998672 -0.043651395 -0.118461706 2.758222103 0.020003289 0.980815589 -0.193908498 0.343548417 0.124653488 0.189987347 0.973841071 7.642984390
0.991998672 -0.043651395 -0.118461706 2.758222103 0.020003289 0.980815589 -0.193908498 0.343548417 0.124653488 0.189987347 0.973841071 7.642984390
0.991998672 -0.043651395 -0.118461706 2.758222103 0.020003289 0.980815589 -0.193908498 0.343548417 0.124653488 0.189987347 0.973841071 7.642984390
0.991998672 -0.043651395 -0.118461706 2.758222103 0.020003289 0.980815589 -0.193908498 0.343548417 0.124653488 0.189987347 0.973841071 7.642984390
0.991998672 -0.043651395 -0.118461706 2.758222103 0.020003289 0.980815589 -0.193908498 0.343548417 0.124653488 0.189987347 0.973841071 7.642984390
0.991998672 -0.043651395 -0.118461706 2.758222103 0.020003289 0.980815589 -0.193908498 0.343548417 0.124653488 0.189987347 0.973841071 7.642984390
0.991998672 -0.043651395 -0.118461706 2.758222103 0.020003289 0.980815589 -0.193908498 0.343548417 0.124653488 0.189987347 0.973841071 7.642984390
0.991998672 -0.043651395 -0.118461706 2.758222103 0.020003289 0.980815589 -0.193908498 0.343548417 0.124653488 0.189987347 0.973841071 7.642984390
0.991998672 -0.043651395 -0.118461706 2.758222103 0.020003289 0.980815589 -0.193908498 0.343548417 0.124653488 0.189987347 0.973841071 7.642984390
0.991998672 -0.043651395 -0.118461706 2.758222103 0.020003289 0.980815589 -0.193908498 0.343548417 0.124653488 0.189987347 0.973841071 7.642984390
0.991998672 -0.043651395 -0.118461706 2.758222103 0.020003289 0.980815589 -0.193908498 0.343548417 0.124653488 0.189987347 0.973841071 7.642984390
0.991998672 -0.043651395 -0.118461706 2.758222103 0.020003289 0.980815589 -0.193908498 0.343548417 0.124653488 0.189987347 0.973841071 7.642984390
0.991998672 -0.043651395 -0.118461706 2.758222103 0.020003289 0.980815589 -0.193908498 0.343548417 0.124653488 0.189987347 0.973841071 7.642984390
0.991998672 -0.043651395 -0.118461706 2.758222103 0.020003289 0.980815589 -0.193908498 0.343548417 0.124653488 0.189987347 0.973841071 7.642984390
0.991998672 -0.043651395 -0.118461706 2.758222103 0.020003289 0.980815589 -0.193908498 0.343548417 0.124653488 0.189987347 0.973841071 7.642984390
0.991998672 -0.043651395 -0.118461706 2.758222103 0.020003289 0.980815589 -0.193908498 0.343548417 0.124653488 0.189987347 0.973841071 7.642984390
0.991998672 -0.043651395 -0.118461706 2.758222103 0.020003289 0.980815589 -0.193908498 0.343548417 0.124653488 0.189987347 0.973841071 7.642984390
0.991998672 -0.043651395 -0.118461706 2.758222103 0.020003289 0.980815589 -0.193908498 0.343548417 0.124653488 0.189987347 0.973841071 7.642984390
0.991998672 -0.043651395 -0.118461706 2.758222103 0.020003289 0.980815589 -0.193908498 0.343548417 0.124653488 0.189987347 0.973841071 7.642984390
0.991998672 -0.043651395 -0.118461706 2.758222103 0.020003289 0.980815589 -0.193908498 0.343548417 0.124653488 0.189987347 0.973841071 7.642984390
0.991998672 -0.043651395 -0.118461706 2.758222103 0.020003289 0.980815589 -0.193908498 0.343548417 0.124653488 0.189987347 0.973841071 7.642984390
0.991998672 -0.043651395 -0.118461706 2.758222103 0.020003289 0.980815589 -0.193908498 0.343548417 0.124653488 0.189987347 0.973841071 7.642984390
0.991998672 -0.043651395 -0.118461706 2.758222103 0.020003289 0.980815589 -0.193908498 0.343548417 0.124653488 0.189987347 0.973841071 7.642984390
0.991998672 -0.043651395 -0.118461706 2.758222103 0.020003289 0.980815589 -0.193908498 0.343548417 0.124653488 0.189987347 0.973841071 7.642984390
0.991998672 -0.043651395 -0.118461706 2.758222103 0.020003289 0.980815589 -0.193908498 0.343548417 0.124653488 0.189987347 0.973841071 7.642984390
0.991998672 -0.043651395 -0.118461706 2.758222103 0.020003289 0.980815589 -0.193908498 0.343548417 0.124653488 0.189987347 0.973841071 7.642984390
0.991998672 -0.043651395 -0.118461706 2.758222103 0.020003289 0.980815589 -0.193908498 0.343548417 0.124653488 0.189987347 0.973841071 7.642984390
0.991998672 -0.043651395 -0.118461706 2.758222103 0.020003289 0.980815589 -0.193908498 0.343548417 0.124653488 0.189987347 0.973841071 7.642984390
0.991998672 -0.043651395 -0.118461706 2.758222103 0.020003289 0.980815589 -0.193908498 0.343548417 0.124653488 0.189987347 0.973841071 7.642984390
0.991998672 -0.043651395 -0.118461706 2.758222103 0.020003289 0.980815589 -0.193908498 0.343548417 0.124653488 0.189987347 0.973841071 7.642984390
0.991998672 -0.043651395 -0.118461706 2.758222103 0.020003289 0.980815589 -0.193908498 0.343548417 0.124653488 0.189987347 0.973841071 7.642984390
0.991998672 -0.043651395 -0.118461706 2.758222103 0.020003289 0.980815589 -0.193908498 0.343548417 0.124653488 0.189987347 0.973841071 7.642984390
