0.999998271 0.001867831 -0.000083741 0.035203580 -0.001867808 0.999998212 0.000277173 -0.016458873 0.000084258 -0.000277016 0.999999940 1.598584652
0.999997616 -0.001723434 -0.001332019 0.004050849 0.001725686 0.999997020 0.001691939 -0.037134014 0.001329099 -0.001694234 0.999997675 2.501615286
0.999993026 -0.003358587 -0.001597632 0.003302544 0.003359767 0.999994099 0.000736403 -0.055825174 0.001595149 -0.000741765 0.999998391 3.748471260
0.999990344 -0.003983896 -0.001843876 0.001872178 0.003985669 0.999991596 0.000958671 -0.076383770 0.001840042 -0.000966011 0.999997854 4.987794399
0.999987960 -0.004317044 -0.002390530 0.005057800 0.004320972 0.999989271 0.001640180 -0.093731910 0.002383424 -0.001650490 0.999995768 6.249613762
0.999998450 -0.001762812 0.000097172 0.023694746 0.001762729 0.999998212 0.000830938 -0.120000839 -0.000098637 -0.000830766 0.999999583 7.904541492
0.999994099 -0.002735441 -0.002085964 0.028147938 0.002739131 0.999994695 0.001768517 -0.135440826 0.002081115 -0.001774220 0.999996185 9.153657913
0.999999523 -0.000496685 -0.000840965 0.018740669 0.000495992 0.999999523 -0.000823431 -0.157410800 0.000841374 0.000823014 0.999999285 10.496294975
0.999993861 0.001933403 -0.002904993 0.029637672 -0.001942160 0.999993622 -0.003014595 -0.167810947 0.002899146 0.003020218 0.999991238 11.147706032
0.999983847 0.005427270 -0.001647511 0.012818744 -0.005433692 0.999977469 -0.003919126 -0.202789903 0.001626204 0.003928015 0.999990880 13.086492538
0.999961615 0.008432413 -0.002379758 0.007919207 -0.008442613 0.999954998 -0.004309957 -0.215248019 0.002343308 0.004329883 0.999987841 13.899901390
0.999948800 0.009857373 -0.002285818 0.028866064 -0.009866236 0.999943733 -0.003899044 -0.246281564 0.002247255 0.003921397 0.999989808 15.879977226
0.999965370 0.007613893 -0.003372679 0.031673860 -0.007620373 0.999969065 -0.001912833 -0.256246954 0.003358011 0.001938468 0.999992490 16.856418610
0.999995053 0.002706126 -0.001614027 0.032706052 -0.002705881 0.999996305 0.000153861 -0.281038761 0.001614439 -0.000149492 0.999998689 18.637968063
0.999994457 0.000591668 -0.003285233 0.040738255 -0.000600267 0.999996364 -0.002617152 -0.295198798 0.003283673 0.002619109 0.999991238 19.712779999
0.999995053 -0.000467931 -0.003107114 0.046618536 0.000453928 0.999989748 -0.004505795 -0.322459370 0.003109191 0.004504362 0.999985039 21.337257385
0.999990165 0.001763066 -0.004078469 0.052561879 -0.001790706 0.999975443 -0.006783485 -0.336958766 0.004066408 0.006790723 0.999968648 22.471469879
0.999985993 -0.003718941 0.003756720 0.069586322 0.003726464 0.999991059 -0.001997794 -0.333198279 -0.003749256 0.002011766 0.999990940 24.318542480
0.999992311 -0.002998602 0.002499401 0.085033976 0.002995451 0.999994695 0.001263394 -0.352142721 -0.002503176 -0.001255898 0.999996066 25.518550873
0.999952734 -0.008159888 0.005291536 0.055146284 0.008139596 0.999959469 0.003844977 -0.375125796 -0.005322696 -0.003801724 0.999978602 27.067434311
0.999923944 -0.011685283 0.003955461 0.051852949 0.011681247 0.999931216 0.001041839 -0.375081956 -0.003967362 -0.000995555 0.999991596 28.281763077
0.999896646 -0.013435291 0.005101863 0.061193481 0.013438671 0.999909520 -0.000628873 -0.404327154 -0.005092950 0.000697370 0.999986768 29.842866898
0.999932528 -0.010523321 0.004906281 0.052253418 0.010548699 0.999930978 -0.005175395 -0.397766083 -0.004851480 0.005226801 0.999974549 31.097307205
0.999880135 -0.013848327 0.006921527 0.049271315 0.013869550 0.999899209 -0.003027630 -0.462699711 -0.006878903 0.003123264 0.999971390 32.572631836
0.999904752 -0.012330339 0.006189164 0.041941360 0.012367644 0.999905288 -0.006025743 -0.487519979 -0.006114280 0.006101715 0.999962687 33.826820374
0.999930203 -0.010464595 0.005481950 0.046471775 0.010498988 0.999925077 -0.006283279 -0.487912238 -0.005415789 0.006340393 0.999965191 35.081783295
0.999898195 -0.012379590 0.007097567 0.047459573 0.012404799 0.999916792 -0.003518737 -0.553199768 -0.007053420 0.003606424 0.999968648 36.750415802
0.999904335 -0.012159652 0.006597253 0.022201538 0.012177637 0.999922156 -0.002692554 -0.535862565 -0.006564001 0.002772637 0.999974608 37.996307373
0.999960005 -0.006175904 0.006470532 0.046791285 0.006188609 0.999978900 -0.001945021 -0.606458187 -0.006458380 0.001984986 0.999977171 39.565284729
0.999974430 -0.004698715 0.005401317 0.048651174 0.004713197 0.999985278 -0.002671469 -0.616236448 -0.005388686 0.002696857 0.999981821 40.814918518
0.999984801 -0.002133738 0.005090420 0.026823074 0.002153677 0.999989986 -0.003914432 -0.601908863 -0.005082017 0.003925334 0.999979377 42.075508118
0.999979854 -0.001749316 0.006086622 0.039943933 0.001760306 0.999996722 -0.001800812 -0.675818861 -0.006083451 0.001811492 0.999979854 43.771369934
0.999985754 -0.003359986 0.004135016 0.049360842 0.003366962 0.999992907 -0.001681447 -0.692685246 -0.004129335 0.001695346 0.999990046 45.005512238
0.999971807 -0.005661359 0.004933455 0.044809088 0.005668524 0.999982893 -0.001439519 -0.758187890 -0.004925217 0.001467443 0.999986887 46.608108521
0.999968112 -0.007331443 0.003156652 0.029056124 0.007337901 0.999971032 -0.002039095 -0.758151293 -0.003141609 0.002062193 0.999992967 47.918460846
0.999984562 -0.005046589 0.002336069 0.081267267 0.005048824 0.999986827 -0.000951086 -0.760643840 -0.002331238 0.000962864 0.999996841 49.412353516
0.999988794 -0.004718333 0.000417797 0.053570412 0.004719397 0.999985516 -0.002581469 -0.751814365 -0.000405612 0.002583412 0.999996603 50.709442139
0.999963403 -0.008144950 0.002611780 -0.009752572 0.008143819 0.999966741 0.000444440 -0.843643486 -0.002615317 -0.000423154 0.999996483 52.256408691
0.999957979 -0.009148644 0.000582361 -0.029575454 0.009148229 0.999957919 0.000712179 -0.842544198 -0.000588854 -0.000706821 0.999999523 53.595653534
0.999969482 -0.007731669 -0.001041492 0.003168218 0.007733192 0.999968946 0.001466069 -0.884956479 0.001030128 -0.001474079 0.999998391 55.104179382
0.999968708 -0.007482448 -0.002553915 -0.012834638 0.007482209 0.999971986 -0.000102792 -0.881769359 0.002554614 0.000083680 0.999996722 56.472019196
0.999936640 -0.011070575 -0.002020298 -0.024623215 0.011071168 0.999938607 0.000282876 -0.914317429 0.002017046 -0.000305225 0.999997914 57.959114075
0.999924242 -0.012051717 -0.002521349 -0.047925413 0.012051273 0.999927342 -0.000191016 -0.925897241 0.002523470 0.000160615 0.999996722 59.317127228
0.999855757 -0.016981700 0.000336252 -0.047469910 0.016980581 0.999851048 0.003088784 -0.964644313 -0.000388651 -0.003082629 0.999995172 60.859779358
0.999839604 -0.017908826 -0.000303618 -0.041698005 0.017909739 0.999834061 0.003334468 -0.982747734 0.000243855 -0.003339371 0.999994397 62.188617706
0.999796808 -0.020120900 0.001161496 -0.051083989 0.020116745 0.999791563 0.003484273 -1.005758524 -0.001231364 -0.003460202 0.999993205 63.586975098
0.999733984 -0.023053983 0.000520859 -0.032543533 0.023052609 0.999731064 0.002501829 -1.018224835 -0.000578398 -0.002489156 0.999996662 64.910003662
0.999791145 -0.020402925 0.001132302 -0.053953700 0.020401211 0.999790728 0.001503932 -1.051223040 -0.001162749 -0.001480518 0.999998152 66.336807251
0.999820650 -0.018898061 0.001251824 -0.056475744 0.018896241 0.999820352 0.001450998 -1.077158093 -0.001279019 -0.001427082 0.999998093 67.630737305
0.999831140 -0.017886367 0.004217000 -0.134881556 0.017872665 0.999834955 0.003264527 -1.078630805 -0.004274695 -0.003188605 0.999985754 69.206977844
0.999892890 -0.013764522 0.004993365 -0.141940653 0.013746187 0.999898791 0.003687456 -1.084649563 -0.005043614 -0.003618420 0.999980748 70.477058411
0.999913096 -0.011810337 0.005859317 -0.124991387 0.011780535 0.999917746 0.005094331 -1.113172293 -0.005918996 -0.005024862 0.999969840 71.905090332
0.999948621 -0.008103815 0.006098169 -0.130834758 0.008076327 0.999957144 0.004518771 -1.119070172 -0.006134525 -0.004469288 0.999971211 73.159301758
0.999967873 -0.003935271 0.006980555 -0.135847926 0.003908426 0.999984860 0.003855486 -1.141908646 -0.006995624 -0.003828081 0.999968171 74.596168518
0.999967396 -0.001884773 0.007852134 -0.143000185 0.001858468 0.999992609 0.003356208 -1.154989243 -0.007858404 -0.003341506 0.999963522 75.804153442
0.999966800 -0.002452773 0.007762230 -0.127636909 0.002419829 0.999988019 0.004250422 -1.183326125 -0.007772562 -0.004231498 0.999960840 77.230346680
0.999965489 -0.001988558 0.008061260 -0.137773633 0.001965570 0.999993920 0.002858405 -1.189112902 -0.008066896 -0.002842462 0.999963403 78.486488342
0.999960363 -0.003658163 0.008114493 -0.101698577 0.003635015 0.999989390 0.002865386 -1.222655177 -0.008124888 -0.002835776 0.999962986 79.833061218
0.999960840 -0.004943966 0.007333368 -0.087274551 0.004921368 0.999983072 0.003096235 -1.242050886 -0.007348552 -0.003060023 0.999968290 81.108238220
0.999958634 -0.005367398 0.007345708 -0.062785029 0.005340796 0.999979138 0.003636292 -1.280569077 -0.007365070 -0.003596909 0.999966383 82.461219788
0.999963045 -0.005842136 0.006320260 -0.056814849 0.005823264 0.999978542 0.003000249 -1.294860363 -0.006337651 -0.002963333 0.999975502 83.761383057
0.999962032 -0.006513672 0.005786747 -0.060355127 0.006494171 0.999973118 0.003382463 -1.305304050 -0.005808624 -0.003344755 0.999977529 85.046226501
0.999960423 -0.007201268 0.005212411 -0.065887749 0.007180477 0.999966145 0.003996798 -1.321179390 -0.005241017 -0.003959212 0.999978423 86.310638428
0.999967575 -0.007104850 0.003793897 -0.085813880 0.007086786 0.999963522 0.004753723 -1.345193505 -0.003827533 -0.004726682 0.999981523 87.590896606
0.999951303 -0.009697168 0.001836929 -0.060639843 0.009687506 0.999939561 0.005197611 -1.357758880 -0.001887222 -0.005179563 0.999984801 88.870918274
0.999915779 -0.012883737 0.001567374 -0.053871334 0.012874869 0.999901712 0.005542815 -1.385769010 -0.001638630 -0.005522167 0.999983430 90.140213013
0.999905169 -0.013733051 0.000986875 -0.052340284 0.013728317 0.999894857 0.004654712 -1.396112680 -0.001050693 -0.004640721 0.999988735 91.420524597
0.999895990 -0.014410366 -0.000487802 -0.025010567 0.014412450 0.999885678 0.004579447 -1.430253029 0.000421757 -0.004586001 0.999989450 92.712158203
0.999888837 -0.014899727 0.000607644 -0.066098757 0.014897131 0.999880672 0.004075672 -1.442044854 -0.000668298 -0.004066166 0.999991536 93.933891296
0.999894738 -0.014504498 0.000545789 -0.063150406 0.014502584 0.999889255 0.003361313 -1.464758635 -0.000594480 -0.003353043 0.999994218 95.175933838
0.999916196 -0.012948646 0.000369609 -0.064246729 0.012947550 0.999912202 0.002827096 -1.493223786 -0.000406183 -0.002822073 0.999995947 96.473655701
0.999942124 -0.010686821 0.001255743 -0.027164966 0.010684276 0.999940813 0.002017007 -1.512434721 -0.001277225 -0.002003473 0.999997199 97.451309204
0.999950230 -0.009978215 0.000171208 0.008096751 0.009977692 0.999946177 0.002821408 -1.515840292 -0.000199350 -0.002819559 0.999996006 98.735443115
0.999951899 -0.009727589 0.001212023 -0.040434666 0.009721327 0.999939859 0.005069648 -1.548876762 -0.001261266 -0.005057622 0.999986410 99.997146606
0.999952316 -0.009704970 0.001047312 -0.043013901 0.009701832 0.999948502 0.002960708 -1.566498876 -0.001075991 -0.002950406 0.999995053 101.244377136
0.999943972 -0.010555994 0.000726169 -0.032690354 0.010555289 0.999943852 0.000966438 -1.581709385 -0.000736330 -0.000958718 0.999999285 102.470626831
0.999946713 -0.010243346 0.001290586 -0.050495774 0.010243629 0.999947488 -0.000212796 -1.606631398 -0.001288338 0.000226005 0.999999106 103.670326233
0.999923408 -0.012292113 0.001452811 -0.045953557 0.012290315 0.999923587 0.001240171 -1.628666043 -0.001467945 -0.001222221 0.999998212 104.870216370
0.999922574 -0.012252686 0.002201465 -0.058261648 0.012248125 0.999922752 0.002073650 -1.646949887 -0.002226704 -0.002046526 0.999995410 106.122154236
0.999882817 -0.014894214 0.003533185 -0.105627239 0.014884769 0.999885559 0.002684414 -1.653688431 -0.003572764 -0.002631509 0.999990106 107.303527832
0.999873579 -0.015354026 0.004123937 -0.076782376 0.015349687 0.999881625 0.001081772 -1.667782426 -0.004140059 -0.001018333 0.999990940 108.487754822
0.999905884 -0.012828427 0.004856027 -0.078862131 0.012834876 0.999916673 -0.001298883 -1.706148982 -0.004838959 0.001361088 0.999987364 109.702026367
0.999911308 -0.011754911 0.006257531 -0.101665020 0.011772728 0.999926746 -0.002818010 -1.723676920 -0.006223949 0.002891427 0.999976397 110.899780273
0.999932945 -0.008488883 0.007876354 -0.103293300 0.008513629 0.999958932 -0.003113488 -1.730291128 -0.007849601 0.003180335 0.999964058 112.098632812
0.999931812 -0.007468469 0.008977999 -0.104868412 0.007478051 0.999971449 -0.001034098 -1.758530378 -0.008970020 0.001101165 0.999959171 113.328887939
0.999923468 -0.007067791 0.010155253 -0.110107899 0.007056512 0.999974489 0.001146166 -1.780427694 -0.010163097 -0.001074417 0.999947727 114.553466797
0.999912202 -0.006786257 0.011384188 -0.126715541 0.006776583 0.999976635 0.000888141 -1.793115377 -0.011389949 -0.000810917 0.999934852 115.783134460
0.999904633 -0.007610456 0.011524189 -0.078565240 0.007601947 0.999970794 0.000781966 -1.807091713 -0.011529803 -0.000694285 0.999933302 116.983375549
0.999904633 -0.004449166 0.013074313 -0.084361076 0.004451550 0.999990046 -0.000153224 -1.830628037 -0.013073502 0.000211411 0.999914527 118.202537537
0.999887466 -0.003350735 0.014620380 -0.109023213 0.003358810 0.999994159 -0.000527815 -1.832247615 -0.014618525 0.000576863 0.999893069 119.450897217
0.999885380 -0.002599503 0.014917172 -0.050230145 0.002615555 0.999995947 -0.001056647 -1.868222117 -0.014914367 0.001095544 0.999888182 120.610008240
0.999869049 -0.001447723 0.016121527 -0.053515077 0.001473420 0.999997616 -0.001582180 -1.896147370 -0.016119199 0.001605726 0.999868810 121.837829590
0.999851525 -0.003190978 0.016934184 -0.040521145 0.003225920 0.999992669 -0.002036482 -1.903737783 -0.016927565 0.002090807 0.999854565 123.068611145
0.999818325 -0.003704357 0.018698610 -0.128511429 0.003709556 0.999993086 -0.000243339 -2.004578352 -0.018697580 0.000312659 0.999825120 124.321334839
0.999802291 -0.005137207 0.019207900 -0.101301193 0.005120919 0.999986529 0.000897030 -2.035305977 -0.019212250 -0.000798491 0.999815106 125.540832520
0.999867916 0.002304045 0.016090168 -0.519689083 -0.002227176 0.999985993 -0.004793676 -1.792767286 -0.016100988 0.004757206 0.999859035 134.500717163
0.999871969 0.000331631 0.015997857 -0.505274773 -0.000250619 0.999987185 -0.005065659 -1.816048145 -0.015999330 0.005061002 0.999859154 135.740432739
0.999884725 -0.001947179 0.015058347 -0.483196259 0.002009965 0.999989271 -0.004155473 -1.843482971 -0.015050096 0.004185261 0.999877989 136.979049683
0.999876320 -0.002934289 0.015445853 -0.481992483 0.003005108 0.999985099 -0.004563726 -1.867461443 -0.015432229 0.004609578 0.999870300 138.131698608
0.999894440 -0.004082004 0.013936209 -0.460630298 0.004148835 0.999980092 -0.004769970 -1.888424873 -0.013916459 0.004827286 0.999891520 139.359359741
0.999904394 -0.006007696 0.012448499 -0.454121113 0.006055721 0.999974370 -0.003823751 -1.919546723 -0.012425207 0.003898770 0.999915183 140.584320068
0.999905765 -0.006548586 0.012066994 -0.433693409 0.006591204 0.999972165 -0.003495271 -1.955657482 -0.012043769 0.003574478 0.999921083 141.782424927
0.999922097 -0.006512487 0.010649031 -0.422001362 0.006552876 0.999971509 -0.003762074 -1.973728657 -0.010624228 0.003831563 0.999936223 143.014099121
0.999931097 -0.007168838 0.009288932 -0.426712394 0.007206783 0.999965787 -0.004057860 -2.005044222 -0.009259526 0.004124524 0.999948561 144.246917725
0.999938786 -0.007091740 0.008486801 -0.401914835 0.007129534 0.999964893 -0.004431672 -2.029984236 -0.008455073 0.004491909 0.999954164 145.428085327
0.999921501 -0.010342266 0.007076135 -0.391281962 0.010386502 0.999926567 -0.006243488 -2.077856541 -0.007011043 0.006316494 0.999955475 146.637512207
0.999867022 -0.015313644 0.005601546 -0.371280611 0.015356101 0.999853134 -0.007616766 -2.088066816 -0.005484082 0.007701771 0.999955297 147.896545410
0.999816179 -0.019084346 0.001858236 -0.270327061 0.019098528 0.999786198 -0.007940468 -2.027833939 -0.001706300 0.007974499 0.999966741 152.005157471
0.999670565 -0.025669884 0.000169510 -0.259271950 0.025670443 0.999645948 -0.007008597 -2.045354843 0.000010460 0.007010639 0.999975443 153.237045288
0.999562800 -0.029544411 -0.001191407 -0.263784677 0.029531062 0.999513924 -0.009991557 -2.081669092 0.001486023 0.009952004 0.999949396 154.481704712
0.999603868 -0.028142415 -0.000333405 -0.258200377 0.028135322 0.999512374 -0.013542739 -2.110672235 0.000714367 0.013527994 0.999908209 155.738250732
0.999691665 -0.024829721 0.000272244 -0.264729828 0.024830963 0.999572515 -0.015434891 -2.157308578 0.000111117 0.015436891 0.999880791 156.975936890
0.999721289 -0.023588747 0.000999253 -0.270102173 0.023601694 0.999594152 -0.015953688 -2.192881823 -0.000622520 0.015972827 0.999872208 158.229080200
0.999607027 -0.027969288 0.001919617 -0.284214169 0.027991172 0.999529839 -0.012517361 -2.223489046 -0.001568612 0.012566173 0.999919832 159.425613403
0.999459386 -0.032802653 0.002273813 -0.263607740 0.032823436 0.999413073 -0.009802450 -2.257541656 -0.001950932 0.009871785 0.999949396 160.676605225
0.999323010 -0.036762353 0.001438881 -0.240051210 0.036772933 0.999289989 -0.008194230 -2.297029972 -0.001136620 0.008241595 0.999965429 161.935226440
0.999236524 -0.039034776 0.001673579 -0.249370396 0.039046645 0.999207139 -0.007767006 -2.338173389 -0.001369069 0.007826424 0.999968469 163.173919678
0.999357462 -0.035757050 0.002513214 -0.254468590 0.035776161 0.999327600 -0.008023401 -2.363121510 -0.002224631 0.008108158 0.999964654 164.406066895
0.999501705 -0.031369727 0.003507034 -0.229801178 0.031400703 0.999464929 -0.009155038 -2.380055904 -0.003217967 0.009260600 0.999951959 165.702880859
0.999586940 -0.028412659 0.004325869 -0.250428736 0.028456960 0.999539435 -0.010547146 -2.422720671 -0.004024205 0.010665891 0.999935031 166.921066284
0.999689162 -0.024283670 0.005641594 -0.263495445 0.024347693 0.999636590 -0.011572503 -2.456343174 -0.005358520 0.011706267 0.999917150 168.130096436
0.999705374 -0.023486849 0.006117145 -0.261649609 0.023553057 0.999662220 -0.010985111 -2.491092682 -0.005857073 0.011125953 0.999920964 170.080947876
0.999731302 -0.022391643 0.005990636 -0.273460269 0.022459725 0.999680996 -0.011550069 -2.523958445 -0.005730100 0.011681515 0.999915361 171.298126221
0.999734879 -0.021952469 0.006944098 -0.311922312 0.022038696 0.999677777 -0.012594184 -2.597563028 -0.006665388 0.012743885 0.999896586 172.511352539
0.999817789 -0.017831538 0.006810514 -0.317758441 0.017935671 0.999718249 -0.015547929 -2.634690285 -0.006531351 0.015667249 0.999855936 173.698226929
0.999904454 -0.012488023 0.005909555 -0.312705994 0.012588339 0.999771833 -0.017253583 -2.657990456 -0.005692744 0.017326329 0.999833703 175.005691528
0.999912322 -0.010467229 0.008104174 -0.362472892 0.010582500 0.999841571 -0.014314284 -2.747635841 -0.007953058 0.014398792 0.999864697 176.111953735
0.999937534 -0.007879195 0.007931996 -0.344177485 0.007979638 0.999887347 -0.012712332 -2.781410933 -0.007830938 0.012774832 0.999887705 177.337844849
0.999952853 -0.005089622 0.008264481 -0.355957508 0.005179422 0.999927402 -0.010881046 -2.815799713 -0.008208499 0.010923338 0.999906659 178.593139648
0.999928415 -0.009348731 0.007471510 -0.340217590 0.009421573 0.999907792 -0.009774112 -2.843132973 -0.007379445 0.009843805 0.999924242 180.011611938
0.999902129 -0.013140344 0.004796485 -0.312394142 0.013181070 0.999876440 -0.008560222 -2.885612011 -0.004683408 0.008622605 0.999951780 181.251251221
0.999888182 -0.014491228 0.003707513 -0.331524849 0.014537923 0.999811113 -0.012893665 -2.911988020 -0.003519968 0.012946121 0.999909937 182.465927124
0.999940455 -0.010862089 0.000961080 -0.303312421 0.010877667 0.999778032 -0.018043719 -2.958104372 -0.000764874 0.018053100 0.999836683 183.797821045
0.999979258 -0.006236154 0.001604782 -0.327329218 0.006264564 0.999811888 -0.018352598 -3.010315418 -0.001490030 0.018362269 0.999830306 185.139816284
0.999995649 -0.002599114 0.001428053 -0.339946449 0.002623642 0.999844193 -0.017450314 -3.048766136 -0.001382475 0.017453982 0.999846756 186.385757446
0.999999166 -0.000513083 0.001140750 -0.323273569 0.000529242 0.999898851 -0.014210716 -3.073817968 -0.001133343 0.014211308 0.999898434 187.642700195
0.999998271 -0.000117051 0.001842441 -0.349338233 0.000139819 0.999923587 -0.012362727 -3.115595818 -0.001840853 0.012362963 0.999921799 189.023803711
0.999998748 -0.001385386 0.000839128 -0.317830771 0.001394799 0.999934971 -0.011323605 -3.141886711 -0.000823386 0.011324761 0.999935508 190.298126221
0.999997199 -0.002040816 0.001188928 -0.348835111 0.002053689 0.999938250 -0.010928019 -3.174107075 -0.001166553 0.010930430 0.999939501 191.551589966
0.999892890 -0.014516135 0.001835416 -0.262726814 0.014524499 0.999883771 -0.004630371 -3.217355251 -0.001767988 0.004656535 0.999987543 192.764892578
0.999842644 -0.017681347 0.001441334 -0.248218805 0.017687472 0.999834061 -0.004352474 -3.249772549 -0.001364137 0.004377282 0.999989510 194.013412476
0.999786973 -0.020572430 0.001651306 -0.242429674 0.020578934 0.999780118 -0.004022128 -3.258915424 -0.001568198 0.004055254 0.999990523 195.323852539
0.999715924 -0.023722902 0.002282660 -0.253819853 0.023728942 0.999714792 -0.002656950 -3.280846357 -0.002218979 0.002710361 0.999993861 196.577102661
0.999815464 -0.019035276 0.002598090 -0.319965899 0.019054569 0.999789476 -0.007613654 -3.359403133 -0.002452616 0.007661754 0.999967635 198.281295776
0.999868989 -0.015777228 0.003637754 -0.314803421 0.015819380 0.999804556 -0.011865599 -3.411897421 -0.003449837 0.011921590 0.999922991 199.416183472
0.999956846 -0.008617038 0.003474014 -0.357269108 0.008677721 0.999803066 -0.017848950 -3.421890497 -0.003319525 0.017878326 0.999834597 200.795761108
0.999892235 -0.013506105 0.005756929 -0.320931911 0.013556031 0.999870062 -0.008723257 -3.509453058 -0.005638363 0.008800357 0.999945343 201.893371582
0.999953926 -0.006846115 0.006729161 -0.332030416 0.006881927 0.999962151 -0.005313016 -3.528847694 -0.006692533 0.005359079 0.999963224 203.192016602
0.999947727 0.007746911 0.006679673 -0.403393149 -0.007670474 0.999905646 -0.011393255 -3.536030054 -0.006767306 0.011341422 0.999912798 204.703063965
0.999964893 -0.004919739 0.006780255 -0.306259632 0.004943225 0.999981821 -0.003451495 -3.571805000 -0.006763152 0.003484890 0.999971032 206.269287109
0.999952734 -0.008211915 0.005194197 -0.303644419 0.008230018 0.999960065 -0.003473690 -3.601171255 -0.005165465 0.003516275 0.999980450 207.584060669
0.999943614 -0.009866174 0.003920126 -0.292001128 0.009883014 0.999941945 -0.004299801 -3.622584581 -0.003877477 0.004338301 0.999983072 208.902984619
0.999921739 -0.011317121 0.005332560 -0.296424389 0.011340035 0.999926448 -0.004286288 -3.670617580 -0.005283659 0.004346424 0.999976516 210.462280273
0.999938846 -0.009820188 0.005083706 -0.309626698 0.009841746 0.999942660 -0.004233099 -3.695663214 -0.005041844 0.004282873 0.999978065 211.745346069
0.999937892 -0.010133864 0.004657945 -0.311404884 0.010147873 0.999944031 -0.002993638 -3.717383862 -0.004627348 0.003040721 0.999984562 213.044677734
0.999959767 -0.008218843 0.003593590 -0.345189393 0.008238311 0.999951243 -0.005436357 -3.720230103 -0.003548734 0.005465745 0.999978781 214.651794434
0.999943674 -0.009742061 0.004207398 -0.297889888 0.009763576 0.999939144 -0.005123083 -3.773459435 -0.004157233 0.005163873 0.999978006 216.354721069
0.999935687 -0.010467337 0.004355912 -0.309390604 0.010494859 0.999924779 -0.006344321 -3.775175333 -0.004289175 0.006389628 0.999970436 217.660888672
0.999951422 -0.008925014 0.004192269 -0.318110406 0.008952238 0.999938667 -0.006520310 -3.811944485 -0.004133819 0.006557522 0.999969959 218.963287354
0.999945581 -0.008859567 0.005501709 -0.411680460 0.008902173 0.999930203 -0.007767904 -3.787559986 -0.005432504 0.007816463 0.999954700 220.313354492
0.999930322 -0.011246858 0.003568948 -0.295253396 0.011268331 0.999918163 -0.006054712 -3.908514977 -0.003500559 0.006094507 0.999975324 222.212570190
0.999942124 -0.010620135 0.001710398 -0.270495862 0.010632236 0.999917328 -0.007227745 -3.911346912 -0.001633496 0.007245513 0.999972403 223.616851807
0.999942183 -0.010435919 0.002600337 -0.296489060 0.010452791 0.999923825 -0.006561746 -3.972795010 -0.002531662 0.006588551 0.999975085 225.177307129
0.999955595 -0.009065211 0.002592314 -0.309025645 0.009081452 0.999938786 -0.006323625 -4.013642311 -0.002534831 0.006346889 0.999976695 226.513717651
0.999937534 -0.010944988 0.002276027 -0.308841407 0.010959821 0.999918103 -0.006609904 -4.031633377 -0.002203497 0.006634435 0.999975562 227.849716187
0.999918342 -0.012587412 0.002205195 -0.306470931 0.012601835 0.999898493 -0.006652370 -4.073290825 -0.002121235 0.006679616 0.999975443 229.626693726
0.999901891 -0.013929505 0.001466871 -0.286005706 0.013938526 0.999882877 -0.006331733 -4.108937263 -0.001378501 0.006351557 0.999978900 230.993591309
0.999873877 -0.015773164 0.001842857 -0.298849970 0.015783714 0.999858320 -0.005858154 -4.127489567 -0.001750194 0.005886503 0.999981165 232.362625122
0.999885201 -0.015028084 0.001921792 -0.296592027 0.015039222 0.999869406 -0.005919050 -4.164055347 -0.001832590 0.005947269 0.999980628 234.107086182
0.999901772 -0.013879938 0.001938007 -0.297690868 0.013891768 0.999884188 -0.006230587 -4.209004879 -0.001851302 0.006256894 0.999978781 235.456634521
0.999908984 -0.013401338 0.001528869 -0.280718833 0.013410538 0.999891043 -0.006175806 -4.253842354 -0.001445939 0.006195746 0.999979794 236.815948486
0.999918759 -0.012462272 0.002675190 -0.297451615 0.012480869 0.999897361 -0.007052122 -4.229527473 -0.002587030 0.007084938 0.999971569 238.688446045
0.999921739 -0.011986744 0.003591089 -0.308366597 0.012006400 0.999912739 -0.005503136 -4.245729446 -0.003524811 0.005545819 0.999978423 240.032638550
0.999910057 -0.012811535 0.003962622 -0.302657545 0.012830324 0.999906361 -0.004752717 -4.297931671 -0.003901362 0.004803133 0.999980807 241.680236816
0.999915004 -0.012085089 0.004891278 -0.313497901 0.012116567 0.999905765 -0.006457713 -4.326643944 -0.004812775 0.006516431 0.999967158 243.055511475
0.999917805 -0.011805817 0.004988305 -0.309871912 0.011844905 0.999898791 -0.007880513 -4.362320900 -0.004894764 0.007938952 0.999956429 244.416961670
0.999919891 -0.011599545 0.005067333 -0.296394587 0.011634988 0.999907672 -0.007021705 -4.406143188 -0.004985416 0.007080101 0.999962449 246.231277466
0.999910235 -0.012380979 0.005123619 -0.308374763 0.012408349 0.999908745 -0.005345081 -4.446053982 -0.005056974 0.005408176 0.999972582 247.592407227
0.999915123 -0.011940006 0.005210340 -0.317669630 0.011965803 0.999916196 -0.004948320 -4.478277683 -0.005150820 0.005010247 0.999974132 248.983108521
0.999936640 -0.010418118 0.004264506 -0.290860415 0.010442440 0.999929130 -0.005721384 -4.508943558 -0.004204597 0.005765554 0.999974549 250.794586182
0.999948502 -0.009413217 0.003790467 -0.284096241 0.009434626 0.999939382 -0.005670426 -4.539651394 -0.003736860 0.005705896 0.999976695 252.192306519
0.999963582 -0.007073425 0.004778135 -0.299437404 0.007108526 0.999947548 -0.007369274 -4.537699223 -0.004725758 0.007402970 0.999961376 253.562561035
0.999959886 -0.007583639 0.004793722 -0.307684302 0.007612750 0.999952495 -0.006083850 -4.592664719 -0.004747358 0.006120097 0.999969959 255.372482300
0.999951661 -0.008898623 0.004178805 -0.296164274 0.008923129 0.999942839 -0.005882948 -4.630210876 -0.004126216 0.005919951 0.999973953 256.779144287
0.999929726 -0.010535629 0.005446868 -0.321336627 0.010562845 0.999931812 -0.004992200 -4.663659573 -0.005393900 0.005049383 0.999972701 258.189971924
0.999899507 -0.013293400 0.004917602 -0.322302103 0.013318199 0.999898553 -0.005045157 -4.673048496 -0.004850036 0.005110144 0.999975204 259.979675293
0.999874234 -0.015205911 0.004498482 -0.308823347 0.015232981 0.999865651 -0.006045969 -4.695959091 -0.004405943 0.006113734 0.999971628 261.379730225
0.999839664 -0.017372897 0.004344393 -0.322607875 0.017403007 0.999824047 -0.006991701 -4.730304241 -0.004222164 0.007066185 0.999966085 262.380889893
0.999787688 -0.019810753 0.005666577 -0.271797299 0.019839177 0.999790609 -0.005004814 -4.743325233 -0.005566241 0.005116169 0.999971449 263.892822266
0.999759436 -0.021287521 0.005271846 -0.349183440 0.021305516 0.999767303 -0.003381478 -4.789612293 -0.005198636 0.003492985 0.999980390 266.197692871
0.999798000 -0.019044016 0.006421329 -0.390084743 0.019069953 0.999810159 -0.004002369 -4.873935223 -0.006343889 0.004124016 0.999971330 267.670288086
0.999819815 -0.017603658 0.007097357 -0.428722620 0.017653834 0.999819160 -0.007070275 -4.857727051 -0.006971610 0.007194298 0.999949813 269.230895996
0.999812365 -0.017782928 0.007679021 -0.429531336 0.017837919 0.999815345 -0.007152935 -4.886889458 -0.007550403 0.007288572 0.999944866 270.747680664
0.999784172 -0.019382408 0.007477231 -0.341598988 0.019424902 0.999795318 -0.005653021 -4.914838314 -0.007366132 0.005797045 0.999956071 272.350006104
0.999822080 -0.016790804 0.008593247 -0.362401009 0.016849224 0.999835134 -0.006771520 -4.939239025 -0.008478131 0.006915105 0.999940157 273.876800537
0.999876082 -0.012233427 0.009907226 -0.379450560 0.012308070 0.999896049 -0.007508558 -5.002433777 -0.009814342 0.007629566 0.999922752 275.377471924
0.999831557 -0.014935257 0.010664281 -0.342832088 0.015005257 0.999866188 -0.006514450 -5.030351639 -0.010565558 0.006673372 0.999921858 276.911743164
0.999864936 -0.013484076 0.009393620 -0.297185183 0.013552584 0.999881804 -0.007268121 -5.068636894 -0.009294505 0.007394447 0.999929428 278.448211670
0.999846220 -0.011970373 0.012810366 -0.320835590 0.012081441 0.999889791 -0.008628288 -5.112515450 -0.012705669 0.008781728 0.999880731 279.947296143
0.999816954 -0.014338440 0.012664446 -0.291239500 0.014451613 0.999855995 -0.008890476 -5.116016865 -0.012535146 0.009071871 0.999880254 281.449279785
0.999802768 -0.014017946 0.014067066 -0.288276911 0.014120933 0.999873996 -0.007248693 -5.186791897 -0.013963682 0.007445903 0.999874771 283.000640869
0.999785602 -0.015129143 0.014136558 -0.262709141 0.015232995 0.999857545 -0.007267673 -5.207277298 -0.014024590 0.007481459 0.999873638 284.473205566
0.999787927 -0.015375201 0.013699539 -0.233706713 0.015512779 0.999829650 -0.009993454 -5.256926537 -0.013543553 0.010203854 0.999856234 286.094024658
0.999784708 -0.015756289 0.013498720 -0.213556290 0.015910402 0.999808490 -0.011386494 -5.321811199 -0.013316725 0.011598814 0.999844134 287.561187744
0.999774516 -0.017340364 0.012256723 -0.194188833 0.017487600 0.999774933 -0.012009444 -5.349236012 -0.012045715 0.012221078 0.999852777 289.146575928
0.999774516 -0.017301181 0.012305710 -0.208603621 0.017455842 0.999768555 -0.012574269 -5.373296738 -0.012085312 0.012786244 0.999845207 290.681793213
0.999800920 -0.016903237 0.010587902 -0.171304226 0.017039824 0.999771059 -0.012946136 -5.444329262 -0.010366644 0.013123979 0.999860108 292.168792725
0.999776900 -0.018928096 0.009366794 -0.178743601 0.019046029 0.999738395 -0.012665875 -5.461387634 -0.009124601 0.012841453 0.999875903 293.866790771
0.999790430 -0.018829051 0.008030031 -0.110359192 0.018921051 0.999754429 -0.011539111 -5.513882637 -0.007810788 0.011688631 0.999901175 295.214538574
0.999776781 -0.019798821 0.007378643 -0.147580624 0.019887295 0.999728799 -0.012116637 -5.545523643 -0.007136748 0.012260673 0.999899328 296.949798584
0.999765038 -0.020767642 0.006218015 -0.142636895 0.020828014 0.999734938 -0.009807332 -5.593605042 -0.006012692 0.009934534 0.999932587 298.417449951
0.999811471 -0.018678125 0.005302836 -0.143032670 0.018725276 0.999784291 -0.008985715 -5.608062267 -0.005133857 0.009083318 0.999945581 300.018096924
0.999823451 -0.017805636 0.005993506 -0.138978601 0.017857766 0.999802113 -0.008759182 -5.648435593 -0.005836359 0.008864666 0.999943733 301.515380859
0.999816120 -0.017739234 0.007279011 -0.149983883 0.017806299 0.999798596 -0.009254683 -5.685648918 -0.007113375 0.009382593 0.999930680 303.075897217
0.999788284 -0.019032769 0.007822009 -0.148448467 0.019108722 0.999769866 -0.009752966 -5.692285538 -0.007634584 0.009900371 0.999921858 304.579803467
0.999774694 -0.019787937 0.007687074 -0.119500875 0.019868901 0.999746442 -0.010602757 -5.743563652 -0.007475318 0.010753102 0.999914289 306.102539062
0.999726593 -0.022047995 0.007786775 -0.114162683 0.022147452 0.999671102 -0.012926528 -5.768162251 -0.007499211 0.013095452 0.999886155 307.592163086
0.999705076 -0.022854980 0.008213932 -0.111414909 0.022960752 0.999651551 -0.013022100 -5.855503082 -0.007913450 0.013206859 0.999881446 309.260253906
0.999647379 -0.025861280 0.006028873 -0.160933256 0.025934277 0.999587238 -0.012361429 -5.972369194 -0.005706702 0.012513425 0.999905348 310.694122314
0.999750793 -0.021909999 0.004275248 -0.120239854 0.021962486 0.999678850 -0.012643091 -5.951663971 -0.003996864 0.012733835 0.999910891 312.356994629
0.999775112 -0.020947464 0.003310773 -0.113781214 0.020977788 0.999735713 -0.009406519 -5.988588333 -0.003112856 0.009473856 0.999950290 313.908813477
0.999736726 -0.022624245 0.003825446 -0.120222211 0.022650540 0.999719143 -0.006977054 -6.015232086 -0.003666519 0.007061865 0.999968350 315.468688965
0.999661446 -0.025812393 0.003274676 -0.069000006 0.025819905 0.999663949 -0.002272326 -6.065901756 -0.003214923 0.002356108 0.999992073 318.214904785
0.999640107 -0.026614519 0.003350734 -0.065006971 0.026625207 0.999640346 -0.003186019 -6.103110313 -0.003264735 0.003274086 0.999989331 319.801666260
0.999621093 -0.027295019 0.003549930 -0.041362166 0.027310096 0.999617815 -0.004270471 -6.117357254 -0.003432011 0.004365804 0.999984562 321.421569824
0.999630749 -0.026943495 0.003516371 -0.033728242 0.026958385 0.999627471 -0.004258004 -6.150346756 -0.003400336 0.004351228 0.999984741 322.996215820
0.999655008 -0.025913432 0.004275390 -0.042190313 0.025934745 0.999651015 -0.005006242 -6.167078495 -0.004144169 0.005115396 0.999978304 324.567169189
0.999677479 -0.025047153 0.004196673 -0.017096639 0.025069121 0.999671876 -0.005266474 -6.228850842 -0.004063386 0.005369985 0.999977350 326.285644531
0.999715269 -0.023392428 0.004725793 -0.016977906 0.023420447 0.999707937 -0.005962913 -6.274711132 -0.004584926 0.006071894 0.999971092 327.850433350
0.999681056 -0.024479441 0.006212903 -0.068573713 0.024509313 0.999688268 -0.004778632 -6.280989647 -0.006093987 0.004929383 0.999969304 329.458282471
0.999599934 -0.027666103 0.005899209 -0.017335296 0.027652660 0.999614835 0.002349035 -6.521968842 -0.005961926 -0.002184964 0.999979854 331.094512939
0.999615908 -0.027518678 0.003281951 0.132729232 0.027519491 0.999621272 -0.000201415 -6.509716034 -0.003275167 0.000291657 0.999994636 332.683959961
0.999612093 -0.026966976 0.006952200 -0.037346840 0.026962241 0.999636114 0.000774183 -6.556948185 -0.006970546 -0.000586434 0.999975562 334.079528809
0.999652207 -0.025692323 0.005935500 -0.024108291 0.025699295 0.999669135 -0.001101132 -6.568421364 -0.005905246 0.001253290 0.999981701 335.910614014
0.999730289 -0.022505833 0.005734938 -0.039581776 0.022534264 0.999733806 -0.004942126 -6.584615231 -0.005622185 0.005070026 0.999971271 337.444885254
0.999756515 -0.021560596 0.004700813 -0.028210878 0.021580860 0.999757826 -0.004303488 -6.625587463 -0.004606889 0.004403889 0.999979675 338.980834961
0.999760032 -0.021646485 0.003360433 -0.019741416 0.021647893 0.999765575 -0.000384297 -6.661935806 -0.003351326 0.000456951 0.999994278 340.714935303
0.999791384 -0.020267706 0.002517639 -0.030969977 0.020261919 0.999791980 0.002302936 -6.688983440 -0.002563791 -0.002251444 0.999994218 342.246673584
0.999802887 -0.019793896 0.001500524 -0.046782613 0.019792570 0.999803722 0.000891461 -6.705782413 -0.001517875 -0.000861588 0.999998450 343.971588135
0.999803245 -0.019835928 0.000243442 -0.068487935 0.019836186 0.999802589 -0.001104747 -6.729719162 -0.000221480 0.001109360 0.999999404 345.484802246
0.999768496 -0.021466976 -0.001442880 -0.085026503 0.021467216 0.999769509 0.000149540 -6.749437809 0.001439337 -0.000180479 0.999998927 347.013336182
0.999717474 -0.023419075 -0.004067177 -0.017493248 0.023419837 0.999725699 0.000139915 -6.759332657 0.004062785 -0.000235128 0.999991655 348.735565186
0.999707043 -0.023846246 -0.004141131 -0.037068367 0.023843642 0.999715447 -0.000676104 -6.779114246 0.004156075 0.000577166 0.999991179 350.236938477
0.999700427 -0.024039596 -0.004600597 -0.050506711 0.024033887 0.999710441 -0.001291335 -6.827002525 0.004630307 0.001180377 0.999988556 351.896362305
0.999703407 -0.024018506 -0.004037837 -0.077378988 0.024012227 0.999710381 -0.001596583 -6.848539829 0.004075014 0.001499151 0.999990523 353.417724609
0.999662578 -0.025540445 -0.004744320 -0.073926210 0.025532471 0.999672472 -0.001734167 -6.883547306 0.004787057 0.001612449 0.999987185 354.952209473
0.999654949 -0.024638617 -0.009106305 -0.042774439 0.024602655 0.999689102 -0.004039582 -6.904402733 0.009203005 0.003814151 0.999950349 356.818176270
0.999675214 -0.024281628 -0.007742028 -0.108749866 0.024240324 0.999691665 -0.005384488 -6.917565346 0.007870385 0.005195070 0.999955535 358.340576172
0.999721646 -0.021818105 -0.008979788 -0.081703424 0.021775646 0.999751329 -0.004799093 -6.979987144 0.009082262 0.004602216 0.999948144 359.916290283
0.999699533 -0.022856537 -0.008865961 -0.097469568 0.022811234 0.999726355 -0.005177610 -7.020808697 0.008981878 0.004973811 0.999947309 361.442474365
0.999679565 -0.023806660 -0.008608549 -0.122612715 0.023744266 0.999691606 -0.007278514 -7.042194366 0.008779171 0.007071777 0.999936402 363.011962891
0.999671698 -0.023964625 -0.009065115 -0.130687475 0.023914954 0.999698579 -0.005548329 -7.074230194 0.009195345 0.005329716 0.999943495 364.581207275
0.999581099 -0.027199239 -0.009895131 -0.133214951 0.027152525 0.999619603 -0.004825186 -7.108622074 0.010022609 0.004554489 0.999939382 366.121185303
0.999611557 -0.026266793 -0.009317498 -0.161009550 0.026214676 0.999640226 -0.005672619 -7.144614697 0.009463148 0.005426161 0.999940455 367.659118652
0.999643147 -0.025296168 -0.008585709 -0.193476677 0.025240907 0.999660313 -0.006484996 -7.174249649 0.008746839 0.006265970 0.999942064 369.222991943
0.999671400 -0.024036886 -0.008899015 -0.202458143 0.023990756 0.999698400 -0.005254543 -7.216818333 0.009022634 0.005039323 0.999946594 370.755615234
0.999699235 -0.022697484 -0.009284173 -0.210637093 0.022655908 0.999732971 -0.004558900 -7.250510216 0.009385169 0.004347189 0.999946535 372.332550049
0.999709249 -0.022665499 -0.008220334 -0.246068954 0.022624396 0.999731243 -0.005059364 -7.279632568 0.008332797 0.004871914 0.999953330 373.849609375
0.999695599 -0.023193799 -0.008409021 -0.264306545 0.023148920 0.999717474 -0.005395392 -7.318496704 0.008531785 0.005199091 0.999950051 375.432647705
0.999700665 -0.022993615 -0.008359217 -0.276963472 0.022943757 0.999718666 -0.006012557 -7.347092628 0.008495116 0.005818965 0.999947011 376.960479736
0.999727309 -0.021864308 -0.008209332 -0.288934469 0.021807581 0.999738097 -0.006937010 -7.375361443 0.008358855 0.006756092 0.999942303 378.548004150
0.999776840 -0.019864334 -0.007202004 -0.328162432 0.019818077 0.999782860 -0.006438219 -7.418307304 0.007328332 0.006294052 0.999953270 380.069915771
0.999781013 -0.019516548 -0.007558397 -0.347239733 0.019474210 0.999794424 -0.005635246 -7.446711540 0.007666825 0.005486818 0.999955535 381.682189941
0.999839544 -0.016617360 -0.006667513 -0.373984575 0.016570572 0.999838114 -0.007012355 -7.485882282 0.006782959 0.006900746 0.999953210 383.204437256
0.999864995 -0.015153506 -0.006338018 -0.400237083 0.015103055 0.999854505 -0.007933391 -7.517344475 0.006457314 0.007836598 0.999948502 384.801147461
