0.271793723 0.105174996 -0.956591010 15.719636917 -0.247330204 0.968255401 0.036184162 0.616604388 0.930029988 0.226759240 0.289178729 7.221560478
0.280875385 0.107392117 -0.953716874 15.661282539 -0.247874305 0.968122602 0.036013760 0.617182374 0.927182376 0.226286545 0.298541576 7.241866112
0.289779961 0.109849207 -0.950768590 15.599376678 -0.249058038 0.967822552 0.035910442 0.617471457 0.924119949 0.226390406 0.307814449 7.262818336
0.297696322 0.112510338 -0.948007524 15.540246010 -0.250130773 0.967532039 0.036280677 0.617014527 0.921309650 0.226325229 0.316173047 7.285776138
0.307313561 0.113682635 -0.944793403 15.475250244 -0.249758884 0.967668116 0.035195790 0.618373871 0.918247700 0.225154385 0.325770915 7.308404922
0.315725505 0.114878453 -0.941870630 15.410138130 -0.249411017 0.967785299 0.034433875 0.618920684 0.915484250 0.224041268 0.334206492 7.333344936
0.324346423 0.118423313 -0.938496292 15.344174385 -0.250091195 0.967565417 0.035659306 0.619194388 0.912279606 0.223143682 0.343442976 7.358982086
0.339237988 0.176953122 -0.923907578 15.787769318 -0.328526855 0.942593038 0.059904251 0.646485448 0.881469071 0.283206642 0.377897203 7.448919773
0.491709590 0.252258867 -0.833418965 15.931482315 -0.424571663 0.905090392 0.023458917 0.770176113 0.760237157 0.342311084 0.552143574 7.562849522
0.359752178 0.182674408 -0.914990902 15.695482254 -0.328901798 0.942528248 0.058855958 0.648806632 0.873156309 0.279768586 0.399158508 7.490490437
0.373463959 0.183147520 -0.909385383 15.442403793 -0.329326481 0.942636251 0.054597240 0.659440100 0.867218971 0.279094577 0.412355989 7.596873760
0.383142114 0.182620689 -0.905456781 15.602828979 -0.329423130 0.942817032 0.050761089 0.650243521 0.862949789 0.278829724 0.421392411 7.534584522
0.397921443 0.181825802 -0.899220765 15.380358696 -0.329676926 0.943030417 0.044796273 0.655125260 0.856137633 0.278626949 0.435195804 7.639720917
0.161951557 0.036642440 -0.986118078 27.021453857 -0.127269417 0.991739869 0.015949704 1.076319218 0.978557169 0.122919589 0.165277272 7.053718567
0.187142625 0.035494335 -0.981691182 26.806814194 -0.129997119 0.991452694 0.011065533 1.076721907 0.973693192 0.125546217 0.190157250 7.093202114
0.213726148 0.036631227 -0.976206541 26.792667389 -0.131433800 0.991289198 0.008421688 1.070710301 0.968011498 0.126506612 0.216678917 7.105525017
0.245968685 0.037020240 -0.968570590 26.603775024 -0.132552609 0.991166949 0.004222157 1.066854477 0.960171461 0.127348036 0.248703152 7.151620865
0.311972320 0.054054439 -0.948552251 24.736215591 -0.175312415 0.984511614 -0.001555413 1.083175898 0.933776617 0.166778252 0.316616744 7.089926720
0.343302667 0.052704383 -0.937744975 24.575651169 -0.174435198 0.984631777 -0.008520064 1.078738451 0.922884464 0.166500673 0.347220182 7.148526669
0.369841158 0.051788006 -0.927650511 24.708496094 -0.173268944 0.984773517 -0.014102866 1.081623793 0.912795365 0.165948838 0.373183042 7.101297379
0.399001062 0.049860962 -0.915593684 24.573366165 -0.173930764 0.984508038 -0.022182368 1.074427843 0.900303364 0.168100744 0.401492059 7.160337448
0.395314693 0.027432682 -0.918136001 26.147192001 -0.125241831 0.991828859 -0.024289878 1.043419361 0.909967422 0.124591202 0.395520300 7.333465576
0.423710972 0.019597588 -0.905585468 26.031822205 -0.117353171 0.992527366 -0.033428852 1.037236929 0.898163199 0.120437488 0.422844648 7.388033867
0.481101096 0.032051299 -0.876079023 24.733123779 -0.148191243 0.987923563 -0.045236506 1.080951571 0.864049256 0.151590571 0.480040848 7.094661713
0.506500900 0.026642034 -0.861827731 24.647304535 -0.140033364 0.988794446 -0.051731378 1.072036743 0.850792348 0.146886602 0.504556060 7.145209312
0.325404525 -0.002320384 -0.945572078 29.255773544 -0.101901263 0.994087219 -0.037507202 1.186462045 0.940068126 0.108560018 0.323243976 7.895478249
0.349357992 -0.013343451 -0.936894298 29.188407898 -0.092763975 0.994493842 -0.048754487 1.180637360 0.932386041 0.103942797 0.346196502 7.921959877
0.312644303 -0.093059830 -0.945300698 33.430988312 0.129125714 0.990114808 -0.054765072 1.077471733 0.941052556 -0.104940630 0.321570188 5.791570663
0.243295312 -0.169131130 -0.955092728 37.236629486 0.450059801 0.891947865 -0.043303370 0.771709681 0.859216809 -0.419313341 0.293125808 3.231044769
0.273549438 -0.181568623 -0.944565296 37.104507446 0.444262356 0.894847214 -0.043351647 0.749692440 0.853112936 -0.407775939 0.325449079 3.277207375
0.296427935 -0.189505219 -0.936065257 37.659996033 0.456126690 0.889203429 -0.035574425 0.745264769 0.839094043 -0.416419089 0.350023240 2.973027229
0.321903467 -0.193400100 -0.926808774 37.504192352 0.456129700 0.889497817 -0.027189253 0.734547734 0.829652846 -0.413992703 0.374547958 3.024938583
0.350151837 -0.190762877 -0.917062283 38.686374664 0.477130562 0.878832161 -0.000632941 0.702486515 0.806064606 -0.437336773 0.398743510 2.399270058
0.371060967 -0.183517233 -0.910294116 38.558151245 0.476279855 0.879131258 0.016910132 0.698623300 0.797164559 -0.439829379 0.413616925 2.454772949
0.389903188 -0.182682961 -0.902553260 38.438728333 0.481646359 0.875824332 0.030798517 0.696681142 0.784851730 -0.446719944 0.429475278 2.498271942
0.406798631 -0.183161587 -0.894967437 41.155342102 0.517215967 0.853722692 0.060374800 0.572961092 0.752995729 -0.487451792 0.442027271 0.996557236
0.408573300 -0.188244894 -0.893102288 36.464702606 0.466435313 0.884142280 0.027026784 0.720400453 0.784541965 -0.427616835 0.449040949 3.497352600
0.434798688 -0.185417011 -0.881232440 41.120635986 0.514088452 0.854552329 0.073847115 0.571568012 0.739366710 -0.485140055 0.466879040 1.011003494
0.447215825 -0.183923766 -0.875311375 40.952014923 0.506117940 0.858920157 0.078107186 0.580234766 0.737456977 -0.477941513 0.477209836 1.094936371
0.460319191 -0.181958392 -0.868905902 40.799392700 0.504490256 0.858984172 0.087382376 0.580779791 0.730476558 -0.478578240 0.487203121 1.170888901
0.473749667 -0.181885943 -0.861672044 41.068553925 0.506491363 0.856699526 0.097634010 0.570714235 0.720435798 -0.482683510 0.497984767 1.036609650
0.481588125 -0.184593409 -0.856736839 40.935691833 0.508374751 0.855130911 0.101519719 0.580513477 0.713882267 -0.484434068 0.505663455 1.108097076
0.487372369 -0.185950503 -0.853165030 40.802547455 0.507129431 0.855668724 0.103202604 0.587567806 0.710836053 -0.482963145 0.511330366 1.178266525
0.524030626 -0.177555710 -0.832986116 43.523113251 0.492287457 0.861247540 0.126117691 0.316474915 0.695014358 -0.476158112 0.538728595 -0.495492935
0.524457693 -0.177130684 -0.832807899 43.428550720 0.493946254 0.859997332 0.128147185 0.323324203 0.693513751 -0.478570044 0.538525343 -0.445934296
0.521747053 -0.175042540 -0.834949136 43.334678650 0.496562868 0.858151615 0.130387783 0.322487354 0.693689644 -0.482634127 0.534657776 -0.391668320
0.516962588 -0.173428684 -0.838255584 43.327110291 0.495214939 0.859347045 0.127612859 0.327233315 0.698220551 -0.481087685 0.530134737 -0.385461807
0.468292058 -0.184493676 -0.864097714 47.309509277 0.526890516 0.843362749 0.105478302 0.245403290 0.709287643 -0.504679501 0.492148042 -2.581800461
0.465144306 -0.182093546 -0.866303980 47.300903320 0.525154948 0.844572902 0.104445472 0.245818615 0.712638199 -0.503526092 0.488475561 -2.577474594
0.459498525 -0.181662813 -0.869401872 47.248935699 0.523316026 0.846279919 0.099752896 0.250506401 0.717635989 -0.500808299 0.483931363 -2.549253464
0.464340776 -0.175906137 -0.868011832 47.243415833 0.517888904 0.848980188 0.104994118 0.250599384 0.718455791 -0.498286843 0.485315979 -2.546667099
0.459112972 -0.176942825 -0.870578229 47.186958313 0.516684353 0.850357175 0.099648580 0.256175995 0.722670436 -0.495564073 0.481833696 -2.515895844
0.467849851 -0.173200086 -0.866670787 47.159118652 0.509111166 0.854384005 0.104085878 0.258242130 0.722442150 -0.489928335 0.487901479 -2.503173828
0.459413886 -0.176045403 -0.870601416 47.122062683 0.516315758 0.850483179 0.100481108 0.262660027 0.722742617 -0.495667636 0.481618851 -2.479904175
0.458716601 -0.175716445 -0.871035457 47.088745117 0.515449524 0.851093292 0.099759564 0.266380787 0.723803103 -0.494736224 0.480983585 -2.461322784
0.457464904 -0.175763249 -0.871684074 47.053447723 0.516122580 0.850736201 0.099324785 0.270092964 0.724115551 -0.495333374 0.479897350 -2.441757202
0.458314806 -0.173545063 -0.871682107 46.979148865 0.517778039 0.849273145 0.103154689 0.273674488 0.722394228 -0.498615116 0.479092300 -2.402179718
0.460596949 -0.168862894 -0.871398687 46.984542847 0.505112350 0.857136369 0.100889109 0.276599407 0.729871213 -0.486623466 0.480089128 -2.405702591
0.469452739 -0.129515231 -0.873407066 46.891391754 0.429856420 0.897568643 0.097948045 0.299885273 0.771257102 -0.421421617 0.477039069 -2.351312637
0.469452739 -0.129515231 -0.873407066 46.891391754 0.429856420 0.897568643 0.097948045 0.299885273 0.771257102 -0.421421617 0.477039069 -2.351312637
0.469452739 -0.129515231 -0.873407066 46.891391754 0.429856420 0.897568643 0.097948045 0.299885273 0.771257102 -0.421421617 0.477039069 -2.351312637
0.469452739 -0.129515231 -0.873407066 46.891391754 0.429856420 0.897568643 0.097948045 0.299885273 0.771257102 -0.421421617 0.477039069 -2.351312637
0.469452739 -0.129515231 -0.873407066 46.891391754 0.429856420 0.897568643 0.097948045 0.299885273 0.771257102 -0.421421617 0.477039069 -2.351312637
0.469452739 -0.129515231 -0.873407066 46.891391754 0.429856420 0.897568643 0.097948045 0.299885273 0.771257102 -0.421421617 0.477039069 -2.351312637
0.469452739 -0.129515231 -0.873407066 46.891391754 0.429856420 0.897568643 0.097948045 0.299885273 0.771257102 -0.421421617 0.477039069 -2.351312637
0.469452739 -0.129515231 -0.873407066 46.891391754 0.429856420 0.897568643 0.097948045 0.299885273 0.771257102 -0.421421617 0.477039069 -2.351312637
0.469452739 -0.129515231 -0.873407066 46.891391754 0.429856420 0.897568643 0.097948045 0.299885273 0.771257102 -0.421421617 0.477039069 -2.351312637
0.469452739 -0.129515231 -0.873407066 46.891391754 0.429856420 0.897568643 0.097948045 0.299885273 0.771257102 -0.421421617 0.477039069 -2.351312637
0.469452739 -0.129515231 -0.873407066 46.891391754 0.429856420 0.897568643 0.097948045 0.299885273 0.771257102 -0.421421617 0.477039069 -2.351312637
0.469452739 -0.129515231 -0.873407066 46.891391754 0.429856420 0.897568643 0.097948045 0.299885273 0.771257102 -0.421421617 0.477039069 -2.351312637
0.469452739 -0.129515231 -0.873407066 46.891391754 0.429856420 0.897568643 0.097948045 0.299885273 0.771257102 -0.421421617 0.477039069 -2.351312637
0.469452739 -0.129515231 -0.873407066 46.891391754 0.429856420 0.897568643 0.097948045 0.299885273 0.771257102 -0.421421617 0.477039069 -2.351312637
0.469452739 -0.129515231 -0.873407066 46.891391754 0.429856420 0.897568643 0.097948045 0.299885273 0.771257102 -0.421421617 0.477039069 -2.351312637
0.469452739 -0.129515231 -0.873407066 46.891391754 0.429856420 0.897568643 0.097948045 0.299885273 0.771257102 -0.421421617 0.477039069 -2.351312637
0.469452739 -0.129515231 -0.873407066 46.891391754 0.429856420 0.897568643 0.097948045 0.299885273 0.771257102 -0.421421617 0.477039069 -2.351312637
0.469452739 -0.129515231 -0.873407066 46.891391754 0.429856420 0.897568643 0.097948045 0.299885273 0.771257102 -0.421421617 0.477039069 -2.351312637
0.469452739 -0.129515231 -0.873407066 46.891391754 0.429856420 0.897568643 0.097948045 0.299885273 0.771257102 -0.421421617 0.477039069 -2.351312637
0.469452739 -0.129515231 -0.873407066 46.891391754 0.429856420 0.897568643 0.097948045 0.299885273 0.771257102 -0.421421617 0.477039069 -2.351312637
0.469452739 -0.129515231 -0.873407066 46.891391754 0.429856420 0.897568643 0.097948045 0.299885273 0.771257102 -0.421421617 0.477039069 -2.351312637
0.469452739 -0.129515231 -0.873407066 46.891391754 0.429856420 0.897568643 0.097948045 0.299885273 0.771257102 -0.421421617 0.477039069 -2.351312637
0.469452739 -0.129515231 -0.873407066 46.891391754 0.429856420 0.897568643 0.097948045 0.299885273 0.771257102 -0.421421617 0.477039069 -2.351312637
0.469452739 -0.129515231 -0.873407066 46.891391754 0.429856420 0.897568643 0.097948045 0.299885273 0.771257102 -0.421421617 0.477039069 -2.351312637
0.469452739 -0.129515231 -0.873407066 46.891391754 0.429856420 0.897568643 0.097948045 0.299885273 0.771257102 -0.421421617 0.477039069 -2.351312637
0.469452739 -0.129515231 -0.873407066 46.891391754 0.429856420 0.897568643 0.097948045 0.299885273 0.771257102 -0.421421617 0.477039069 -2.351312637
0.469452739 -0.129515231 -0.873407066 46.891391754 0.429856420 0.897568643 0.097948045 0.299885273 0.771257102 -0.421421617 0.477039069 -2.351312637
0.469452739 -0.129515231 -0.873407066 46.891391754 0.429856420 0.897568643 0.097948045 0.299885273 0.771257102 -0.421421617 0.477039069 -2.351312637
0.469452739 -0.129515231 -0.873407066 46.891391754 0.429856420 0.897568643 0.097948045 0.299885273 0.771257102 -0.421421617 0.477039069 -2.351312637
0.469452739 -0.129515231 -0.873407066 46.891391754 0.429856420 0.897568643 0.097948045 0.299885273 0.771257102 -0.421421617 0.477039069 -2.351312637
0.469452739 -0.129515231 -0.873407066 46.891391754 0.429856420 0.897568643 0.097948045 0.299885273 0.771257102 -0.421421617 0.477039069 -2.351312637
0.469452739 -0.129515231 -0.873407066 46.891391754 0.429856420 0.897568643 0.097948045 0.299885273 0.771257102 -0.421421617 0.477039069 -2.351312637
0.469452739 -0.129515231 -0.873407066 46.891391754 0.429856420 0.897568643 0.097948045 0.299885273 0.771257102 -0.421421617 0.477039069 -2.351312637
0.469452739 -0.129515231 -0.873407066 46.891391754 0.429856420 0.897568643 0.097948045 0.299885273 0.771257102 -0.421421617 0.477039069 -2.351312637
0.469452739 -0.129515231 -0.873407066 46.891391754 0.429856420 0.897568643 0.097948045 0.299885273 0.771257102 -0.421421617 0.477039069 -2.351312637
0.469452739 -0.129515231 -0.873407066 46.891391754 0.429856420 0.897568643 0.097948045 0.299885273 0.771257102 -0.421421617 0.477039069 -2.351312637
0.469452739 -0.129515231 -0.873407066 46.891391754 0.429856420 0.897568643 0.097948045 0.299885273 0.771257102 -0.421421617 0.477039069 -2.351312637
0.469452739 -0.129515231 -0.873407066 46.891391754 0.429856420 0.897568643 0.097948045 0.299885273 0.771257102 -0.421421617 0.477039069 -2.351312637
0.469452739 -0.129515231 -0.873407066 46.891391754 0.429856420 0.897568643 0.097948045 0.299885273 0.771257102 -0.421421617 0.477039069 -2.351312637
0.469452739 -0.129515231 -0.873407066 46.891391754 0.429856420 0.897568643 0.097948045 0.299885273 0.771257102 -0.421421617 0.477039069 -2.351312637
0.469452739 -0.129515231 -0.873407066 46.891391754 0.429856420 0.897568643 0.097948045 0.299885273 0.771257102 -0.421421617 0.477039069 -2.351312637
0.469452739 -0.129515231 -0.873407066 46.891391754 0.429856420 0.897568643 0.097948045 0.299885273 0.771257102 -0.421421617 0.477039069 -2.351312637
0.469452739 -0.129515231 -0.873407066 46.891391754 0.429856420 0.897568643 0.097948045 0.299885273 0.771257102 -0.421421617 0.477039069 -2.351312637
0.469452739 -0.129515231 -0.873407066 46.891391754 0.429856420 0.897568643 0.097948045 0.299885273 0.771257102 -0.421421617 0.477039069 -2.351312637
0.469452739 -0.129515231 -0.873407066 46.891391754 0.429856420 0.897568643 0.097948045 0.299885273 0.771257102 -0.421421617 0.477039069 -2.351312637
0.469452739 -0.129515231 -0.873407066 46.891391754 0.429856420 0.897568643 0.097948045 0.299885273 0.771257102 -0.421421617 0.477039069 -2.351312637
0.469452739 -0.129515231 -0.873407066 46.891391754 0.429856420 0.897568643 0.097948045 0.299885273 0.771257102 -0.421421617 0.477039069 -2.351312637
0.469452739 -0.129515231 -0.873407066 46.891391754 0.429856420 0.897568643 0.097948045 0.299885273 0.771257102 -0.421421617 0.477039069 -2.351312637
0.469452739 -0.129515231 -0.873407066 46.891391754 0.429856420 0.897568643 0.097948045 0.299885273 0.771257102 -0.421421617 0.477039069 -2.351312637
0.469452739 -0.129515231 -0.873407066 46.891391754 0.429856420 0.897568643 0.097948045 0.299885273 0.771257102 -0.421421617 0.477039069 -2.351312637
0.469452739 -0.129515231 -0.873407066 46.891391754 0.429856420 0.897568643 0.097948045 0.299885273 0.771257102 -0.421421617 0.477039069 -2.351312637
0.469452739 -0.129515231 -0.873407066 46.891391754 0.429856420 0.897568643 0.097948045 0.299885273 0.771257102 -0.421421617 0.477039069 -2.351312637
0.469452739 -0.129515231 -0.873407066 46.891391754 0.429856420 0.897568643 0.097948045 0.299885273 0.771257102 -0.421421617 0.477039069 -2.351312637
0.469452739 -0.129515231 -0.873407066 46.891391754 0.429856420 0.897568643 0.097948045 0.299885273 0.771257102 -0.421421617 0.477039069 -2.351312637
0.469452739 -0.129515231 -0.873407066 46.891391754 0.429856420 0.897568643 0.097948045 0.299885273 0.771257102 -0.421421617 0.477039069 -2.351312637
0.469452739 -0.129515231 -0.873407066 46.891391754 0.429856420 0.897568643 0.097948045 0.299885273 0.771257102 -0.421421617 0.477039069 -2.351312637
0.469452739 -0.129515231 -0.873407066 46.891391754 0.429856420 0.897568643 0.097948045 0.299885273 0.771257102 -0.421421617 0.477039069 -2.351312637
0.469452739 -0.129515231 -0.873407066 46.891391754 0.429856420 0.897568643 0.097948045 0.299885273 0.771257102 -0.421421617 0.477039069 -2.351312637
0.469452739 -0.129515231 -0.873407066 46.891391754 0.429856420 0.897568643 0.097948045 0.299885273 0.771257102 -0.421421617 0.477039069 -2.351312637
0.469452739 -0.129515231 -0.873407066 46.891391754 0.429856420 0.897568643 0.097948045 0.299885273 0.771257102 -0.421421617 0.477039069 -2.351312637
0.469452739 -0.129515231 -0.873407066 46.891391754 0.429856420 0.897568643 0.097948045 0.299885273 0.771257102 -0.421421617 0.477039069 -2.351312637
0.469452739 -0.129515231 -0.873407066 46.891391754 0.429856420 0.897568643 0.097948045 0.299885273 0.771257102 -0.421421617 0.477039069 -2.351312637
0.469452739 -0.129515231 -0.873407066 46.891391754 0.429856420 0.897568643 0.097948045 0.299885273 0.771257102 -0.421421617 0.477039069 -2.351312637
0.469452739 -0.129515231 -0.873407066 46.891391754 0.429856420 0.897568643 0.097948045 0.299885273 0.771257102 -0.421421617 0.477039069 -2.351312637
0.469452739 -0.129515231 -0.873407066 46.891391754 0.429856420 0.897568643 0.097948045 0.299885273 0.771257102 -0.421421617 0.477039069 -2.351312637
0.469452739 -0.129515231 -0.873407066 46.891391754 0.429856420 0.897568643 0.097948045 0.299885273 0.771257102 -0.421421617 0.477039069 -2.351312637
0.469452739 -0.129515231 -0.873407066 46.891391754 0.429856420 0.897568643 0.097948045 0.299885273 0.771257102 -0.421421617 0.477039069 -2.351312637
0.469452739 -0.129515231 -0.873407066 46.891391754 0.429856420 0.897568643 0.097948045 0.299885273 0.771257102 -0.421421617 0.477039069 -2.351312637
0.469452739 -0.129515231 -0.873407066 46.891391754 0.429856420 0.897568643 0.097948045 0.299885273 0.771257102 -0.421421617 0.477039069 -2.351312637
0.469452739 -0.129515231 -0.873407066 46.891391754 0.429856420 0.897568643 0.097948045 0.299885273 0.771257102 -0.421421617 0.477039069 -2.351312637
0.469452739 -0.129515231 -0.873407066 46.891391754 0.429856420 0.897568643 0.097948045 0.299885273 0.771257102 -0.421421617 0.477039069 -2.351312637
0.469452739 -0.129515231 -0.873407066 46.891391754 0.429856420 0.897568643 0.097948045 0.299885273 0.771257102 -0.421421617 0.477039069 -2.351312637
0.469452739 -0.129515231 -0.873407066 46.891391754 0.429856420 0.897568643 0.097948045 0.299885273 0.771257102 -0.421421617 0.477039069 -2.351312637
0.469452739 -0.129515231 -0.873407066 46.891391754 0.429856420 0.897568643 0.097948045 0.299885273 0.771257102 -0.421421617 0.477039069 -2.351312637
0.469452739 -0.129515231 -0.873407066 46.891391754 0.429856420 0.897568643 0.097948045 0.299885273 0.771257102 -0.421421617 0.477039069 -2.351312637
0.469452739 -0.129515231 -0.873407066 46.891391754 0.429856420 0.897568643 0.097948045 0.299885273 0.771257102 -0.421421617 0.477039069 -2.351312637
0.469452739 -0.129515231 -0.873407066 46.891391754 0.429856420 0.897568643 0.097948045 0.299885273 0.771257102 -0.421421617 0.477039069 -2.351312637
0.469452739 -0.129515231 -0.873407066 46.891391754 0.429856420 0.897568643 0.097948045 0.299885273 0.771257102 -0.421421617 0.477039069 -2.351312637
0.469452739 -0.129515231 -0.873407066 46.891391754 0.429856420 0.897568643 0.097948045 0.299885273 0.771257102 -0.421421617 0.477039069 -2.351312637
0.469452739 -0.129515231 -0.873407066 46.891391754 0.429856420 0.897568643 0.097948045 0.299885273 0.771257102 -0.421421617 0.477039069 -2.351312637
0.469452739 -0.129515231 -0.873407066 46.891391754 0.429856420 0.897568643 0.097948045 0.299885273 0.771257102 -0.421421617 0.477039069 -2.351312637
0.469452739 -0.129515231 -0.873407066 46.891391754 0.429856420 0.897568643 0.097948045 0.299885273 0.771257102 -0.421421617 0.477039069 -2.351312637
0.469452739 -0.129515231 -0.873407066 46.891391754 0.429856420 0.897568643 0.097948045 0.299885273 0.771257102 -0.421421617 0.477039069 -2.351312637
0.469452739 -0.129515231 -0.873407066 46.891391754 0.429856420 0.897568643 0.097948045 0.299885273 0.771257102 -0.421421617 0.477039069 -2.351312637
0.469452739 -0.129515231 -0.873407066 46.891391754 0.429856420 0.897568643 0.097948045 0.299885273 0.771257102 -0.421421617 0.477039069 -2.351312637
0.469452739 -0.129515231 -0.873407066 46.891391754 0.429856420 0.897568643 0.097948045 0.299885273 0.771257102 -0.421421617 0.477039069 -2.351312637
0.469452739 -0.129515231 -0.873407066 46.891391754 0.429856420 0.897568643 0.097948045 0.299885273 0.771257102 -0.421421617 0.477039069 -2.351312637
0.469452739 -0.129515231 -0.873407066 46.891391754 0.429856420 0.897568643 0.097948045 0.299885273 0.771257102 -0.421421617 0.477039069 -2.351312637
0.469452739 -0.129515231 -0.873407066 46.891391754 0.429856420 0.897568643 0.097948045 0.299885273 0.771257102 -0.421421617 0.477039069 -2.351312637
0.469452739 -0.129515231 -0.873407066 46.891391754 0.429856420 0.897568643 0.097948045 0.299885273 0.771257102 -0.421421617 0.477039069 -2.351312637
0.469452739 -0.129515231 -0.873407066 46.891391754 0.429856420 0.897568643 0.097948045 0.299885273 0.771257102 -0.421421617 0.477039069 -2.351312637
0.469452739 -0.129515231 -0.873407066 46.891391754 0.429856420 0.897568643 0.097948045 0.299885273 0.771257102 -0.421421617 0.477039069 -2.351312637
0.469452739 -0.129515231 -0.873407066 46.891391754 0.429856420 0.897568643 0.097948045 0.299885273 0.771257102 -0.421421617 0.477039069 -2.351312637
0.469452739 -0.129515231 -0.873407066 46.891391754 0.429856420 0.897568643 0.097948045 0.299885273 0.771257102 -0.421421617 0.477039069 -2.351312637
0.469452739 -0.129515231 -0.873407066 46.891391754 0.429856420 0.897568643 0.097948045 0.299885273 0.771257102 -0.421421617 0.477039069 -2.351312637
0.469452739 -0.129515231 -0.873407066 46.891391754 0.429856420 0.897568643 0.097948045 0.299885273 0.771257102 -0.421421617 0.477039069 -2.351312637
0.469452739 -0.129515231 -0.873407066 46.891391754 0.429856420 0.897568643 0.097948045 0.299885273 0.771257102 -0.421421617 0.477039069 -2.351312637
0.469452739 -0.129515231 -0.873407066 46.891391754 0.429856420 0.897568643 0.097948045 0.299885273 0.771257102 -0.421421617 0.477039069 -2.351312637
0.469452739 -0.129515231 -0.873407066 46.891391754 0.429856420 0.897568643 0.097948045 0.299885273 0.771257102 -0.421421617 0.477039069 -2.351312637
0.469452739 -0.129515231 -0.873407066 46.891391754 0.429856420 0.897568643 0.097948045 0.299885273 0.771257102 -0.421421617 0.477039069 -2.351312637
0.469452739 -0.129515231 -0.873407066 46.891391754 0.429856420 0.897568643 0.097948045 0.299885273 0.771257102 -0.421421617 0.477039069 -2.351312637
0.469452739 -0.129515231 -0.873407066 46.891391754 0.429856420 0.897568643 0.097948045 0.299885273 0.771257102 -0.421421617 0.477039069 -2.351312637
0.469452739 -0.129515231 -0.873407066 46.891391754 0.429856420 0.897568643 0.097948045 0.299885273 0.771257102 -0.421421617 0.477039069 -2.351312637
0.469452739 -0.129515231 -0.873407066 46.891391754 0.429856420 0.897568643 0.097948045 0.299885273 0.771257102 -0.421421617 0.477039069 -2.351312637
0.469452739 -0.129515231 -0.873407066 46.891391754 0.429856420 0.897568643 0.097948045 0.299885273 0.771257102 -0.421421617 0.477039069 -2.351312637
0.469452739 -0.129515231 -0.873407066 46.891391754 0.429856420 0.897568643 0.097948045 0.299885273 0.771257102 -0.421421617 0.477039069 -2.351312637
0.469452739 -0.129515231 -0.873407066 46.891391754 0.429856420 0.897568643 0.097948045 0.299885273 0.771257102 -0.421421617 0.477039069 -2.351312637
0.469452739 -0.129515231 -0.873407066 46.891391754 0.429856420 0.897568643 0.097948045 0.299885273 0.771257102 -0.421421617 0.477039069 -2.351312637
0.469452739 -0.129515231 -0.873407066 46.891391754 0.429856420 0.897568643 0.097948045 0.299885273 0.771257102 -0.421421617 0.477039069 -2.351312637
0.469452739 -0.129515231 -0.873407066 46.891391754 0.429856420 0.897568643 0.097948045 0.299885273 0.771257102 -0.421421617 0.477039069 -2.351312637
0.469452739 -0.129515231 -0.873407066 46.891391754 0.429856420 0.897568643 0.097948045 0.299885273 0.771257102 -0.421421617 0.477039069 -2.351312637
0.469452739 -0.129515231 -0.873407066 46.891391754 0.429856420 0.897568643 0.097948045 0.299885273 0.771257102 -0.421421617 0.477039069 -2.351312637
0.469452739 -0.129515231 -0.873407066 46.891391754 0.429856420 0.897568643 0.097948045 0.299885273 0.771257102 -0.421421617 0.477039069 -2.351312637
0.469452739 -0.129515231 -0.873407066 46.891391754 0.429856420 0.897568643 0.097948045 0.299885273 0.771257102 -0.421421617 0.477039069 -2.351312637
0.469452739 -0.129515231 -0.873407066 46.891391754 0.429856420 0.897568643 0.097948045 0.299885273 0.771257102 -0.421421617 0.477039069 -2.351312637
0.469452739 -0.129515231 -0.873407066 46.891391754 0.429856420 0.897568643 0.097948045 0.299885273 0.771257102 -0.421421617 0.477039069 -2.351312637
0.469452739 -0.129515231 -0.873407066 46.891391754 0.429856420 0.897568643 0.097948045 0.299885273 0.771257102 -0.421421617 0.477039069 -2.351312637
0.469452739 -0.129515231 -0.873407066 46.891391754 0.429856420 0.897568643 0.097948045 0.299885273 0.771257102 -0.421421617 0.477039069 -2.351312637
0.469452739 -0.129515231 -0.873407066 46.891391754 0.429856420 0.897568643 0.097948045 0.299885273 0.771257102 -0.421421617 0.477039069 -2.351312637
0.469452739 -0.129515231 -0.873407066 46.891391754 0.429856420 0.897568643 0.097948045 0.299885273 0.771257102 -0.421421617 0.477039069 -2.351312637
0.469452739 -0.129515231 -0.873407066 46.891391754 0.429856420 0.897568643 0.097948045 0.299885273 0.771257102 -0.421421617 0.477039069 -2.351312637
0.469452739 -0.129515231 -0.873407066 46.891391754 0.429856420 0.897568643 0.097948045 0.299885273 0.771257102 -0.421421617 0.477039069 -2.351312637
0.469452739 -0.129515231 -0.873407066 46.891391754 0.429856420 0.897568643 0.097948045 0.299885273 0.771257102 -0.421421617 0.477039069 -2.351312637
0.469452739 -0.129515231 -0.873407066 46.891391754 0.429856420 0.897568643 0.097948045 0.299885273 0.771257102 -0.421421617 0.477039069 -2.351312637
0.469452739 -0.129515231 -0.873407066 46.891391754 0.429856420 0.897568643 0.097948045 0.299885273 0.771257102 -0.421421617 0.477039069 -2.351312637
0.469452739 -0.129515231 -0.873407066 46.891391754 0.429856420 0.897568643 0.097948045 0.299885273 0.771257102 -0.421421617 0.477039069 -2.351312637
0.469452739 -0.129515231 -0.873407066 46.891391754 0.429856420 0.897568643 0.097948045 0.299885273 0.771257102 -0.421421617 0.477039069 -2.351312637
0.469452739 -0.129515231 -0.873407066 46.891391754 0.429856420 0.897568643 0.097948045 0.299885273 0.771257102 -0.421421617 0.477039069 -2.351312637
0.469452739 -0.129515231 -0.873407066 46.891391754 0.429856420 0.897568643 0.097948045 0.299885273 0.771257102 -0.421421617 0.477039069 -2.351312637
0.469452739 -0.129515231 -0.873407066 46.891391754 0.429856420 0.897568643 0.097948045 0.299885273 0.771257102 -0.421421617 0.477039069 -2.351312637
0.469452739 -0.129515231 -0.873407066 46.891391754 0.429856420 0.897568643 0.097948045 0.299885273 0.771257102 -0.421421617 0.477039069 -2.351312637
0.469452739 -0.129515231 -0.873407066 46.891391754 0.429856420 0.897568643 0.097948045 0.299885273 0.771257102 -0.421421617 0.477039069 -2.351312637
0.469452739 -0.129515231 -0.873407066 46.891391754 0.429856420 0.897568643 0.097948045 0.299885273 0.771257102 -0.421421617 0.477039069 -2.351312637
0.469452739 -0.129515231 -0.873407066 46.891391754 0.429856420 0.897568643 0.097948045 0.299885273 0.771257102 -0.421421617 0.477039069 -2.351312637
0.469452739 -0.129515231 -0.873407066 46.891391754 0.429856420 0.897568643 0.097948045 0.299885273 0.771257102 -0.421421617 0.477039069 -2.351312637
0.469452739 -0.129515231 -0.873407066 46.891391754 0.429856420 0.897568643 0.097948045 0.299885273 0.771257102 -0.421421617 0.477039069 -2.351312637
0.469452739 -0.129515231 -0.873407066 46.891391754 0.429856420 0.897568643 0.097948045 0.299885273 0.771257102 -0.421421617 0.477039069 -2.351312637
0.469452739 -0.129515231 -0.873407066 46.891391754 0.429856420 0.897568643 0.097948045 0.299885273 0.771257102 -0.421421617 0.477039069 -2.351312637
0.469452739 -0.129515231 -0.873407066 46.891391754 0.429856420 0.897568643 0.097948045 0.299885273 0.771257102 -0.421421617 0.477039069 -2.351312637
0.469452739 -0.129515231 -0.873407066 46.891391754 0.429856420 0.897568643 0.097948045 0.299885273 0.771257102 -0.421421617 0.477039069 -2.351312637
0.469452739 -0.129515231 -0.873407066 46.891391754 0.429856420 0.897568643 0.097948045 0.299885273 0.771257102 -0.421421617 0.477039069 -2.351312637
0.469452739 -0.129515231 -0.873407066 46.891391754 0.429856420 0.897568643 0.097948045 0.299885273 0.771257102 -0.421421617 0.477039069 -2.351312637
0.469452739 -0.129515231 -0.873407066 46.891391754 0.429856420 0.897568643 0.097948045 0.299885273 0.771257102 -0.421421617 0.477039069 -2.351312637
0.469452739 -0.129515231 -0.873407066 46.891391754 0.429856420 0.897568643 0.097948045 0.299885273 0.771257102 -0.421421617 0.477039069 -2.351312637
0.469452739 -0.129515231 -0.873407066 46.891391754 0.429856420 0.897568643 0.097948045 0.299885273 0.771257102 -0.421421617 0.477039069 -2.351312637
0.469452739 -0.129515231 -0.873407066 46.891391754 0.429856420 0.897568643 0.097948045 0.299885273 0.771257102 -0.421421617 0.477039069 -2.351312637
0.469452739 -0.129515231 -0.873407066 46.891391754 0.429856420 0.897568643 0.097948045 0.299885273 0.771257102 -0.421421617 0.477039069 -2.351312637
0.469452739 -0.129515231 -0.873407066 46.891391754 0.429856420 0.897568643 0.097948045 0.299885273 0.771257102 -0.421421617 0.477039069 -2.351312637
0.469452739 -0.129515231 -0.873407066 46.891391754 0.429856420 0.897568643 0.097948045 0.299885273 0.771257102 -0.421421617 0.477039069 -2.351312637
0.469452739 -0.129515231 -0.873407066 46.891391754 0.429856420 0.897568643 0.097948045 0.299885273 0.771257102 -0.421421617 0.477039069 -2.351312637
0.469452739 -0.129515231 -0.873407066 46.891391754 0.429856420 0.897568643 0.097948045 0.299885273 0.771257102 -0.421421617 0.477039069 -2.351312637
0.469452739 -0.129515231 -0.873407066 46.891391754 0.429856420 0.897568643 0.097948045 0.299885273 0.771257102 -0.421421617 0.477039069 -2.351312637
0.469452739 -0.129515231 -0.873407066 46.891391754 0.429856420 0.897568643 0.097948045 0.299885273 0.771257102 -0.421421617 0.477039069 -2.351312637
0.469452739 -0.129515231 -0.873407066 46.891391754 0.429856420 0.897568643 0.097948045 0.299885273 0.771257102 -0.421421617 0.477039069 -2.351312637
0.469452739 -0.129515231 -0.873407066 46.891391754 0.429856420 0.897568643 0.097948045 0.299885273 0.771257102 -0.421421617 0.477039069 -2.351312637
0.469452739 -0.129515231 -0.873407066 46.891391754 0.429856420 0.897568643 0.097948045 0.299885273 0.771257102 -0.421421617 0.477039069 -2.351312637
0.469452739 -0.129515231 -0.873407066 46.891391754 0.429856420 0.897568643 0.097948045 0.299885273 0.771257102 -0.421421617 0.477039069 -2.351312637
0.469452739 -0.129515231 -0.873407066 46.891391754 0.429856420 0.897568643 0.097948045 0.299885273 0.771257102 -0.421421617 0.477039069 -2.351312637
0.469452739 -0.129515231 -0.873407066 46.891391754 0.429856420 0.897568643 0.097948045 0.299885273 0.771257102 -0.421421617 0.477039069 -2.351312637
0.469452739 -0.129515231 -0.873407066 46.891391754 0.429856420 0.897568643 0.097948045 0.299885273 0.771257102 -0.421421617 0.477039069 -2.351312637
0.469452739 -0.129515231 -0.873407066 46.891391754 0.429856420 0.897568643 0.097948045 0.299885273 0.771257102 -0.421421617 0.477039069 -2.351312637
0.469452739 -0.129515231 -0.873407066 46.891391754 0.429856420 0.897568643 0.097948045 0.299885273 0.771257102 -0.421421617 0.477039069 -2.351312637
0.469452739 -0.129515231 -0.873407066 46.891391754 0.429856420 0.897568643 0.097948045 0.299885273 0.771257102 -0.421421617 0.477039069 -2.351312637
0.469452739 -0.129515231 -0.873407066 46.891391754 0.429856420 0.897568643 0.097948045 0.299885273 0.771257102 -0.421421617 0.477039069 -2.351312637
0.469452739 -0.129515231 -0.873407066 46.891391754 0.429856420 0.897568643 0.097948045 0.299885273 0.771257102 -0.421421617 0.477039069 -2.351312637
0.469452739 -0.129515231 -0.873407066 46.891391754 0.429856420 0.897568643 0.097948045 0.299885273 0.771257102 -0.421421617 0.477039069 -2.351312637
0.469452739 -0.129515231 -0.873407066 46.891391754 0.429856420 0.897568643 0.097948045 0.299885273 0.771257102 -0.421421617 0.477039069 -2.351312637
0.469452739 -0.129515231 -0.873407066 46.891391754 0.429856420 0.897568643 0.097948045 0.299885273 0.771257102 -0.421421617 0.477039069 -2.351312637
0.469452739 -0.129515231 -0.873407066 46.891391754 0.429856420 0.897568643 0.097948045 0.299885273 0.771257102 -0.421421617 0.477039069 -2.351312637
0.469452739 -0.129515231 -0.873407066 46.891391754 0.429856420 0.897568643 0.097948045 0.299885273 0.771257102 -0.421421617 0.477039069 -2.351312637
0.469452739 -0.129515231 -0.873407066 46.891391754 0.429856420 0.897568643 0.097948045 0.299885273 0.771257102 -0.421421617 0.477039069 -2.351312637
0.469452739 -0.129515231 -0.873407066 46.891391754 0.429856420 0.897568643 0.097948045 0.299885273 0.771257102 -0.421421617 0.477039069 -2.351312637
0.469452739 -0.129515231 -0.873407066 46.891391754 0.429856420 0.897568643 0.097948045 0.299885273 0.771257102 -0.421421617 0.477039069 -2.351312637
0.469452739 -0.129515231 -0.873407066 46.891391754 0.429856420 0.897568643 0.097948045 0.299885273 0.771257102 -0.421421617 0.477039069 -2.351312637
0.469452739 -0.129515231 -0.873407066 46.891391754 0.429856420 0.897568643 0.097948045 0.299885273 0.771257102 -0.421421617 0.477039069 -2.351312637
0.469452739 -0.129515231 -0.873407066 46.891391754 0.429856420 0.897568643 0.097948045 0.299885273 0.771257102 -0.421421617 0.477039069 -2.351312637
0.469452739 -0.129515231 -0.873407066 46.891391754 0.429856420 0.897568643 0.097948045 0.299885273 0.771257102 -0.421421617 0.477039069 -2.351312637
0.469452739 -0.129515231 -0.873407066 46.891391754 0.429856420 0.897568643 0.097948045 0.299885273 0.771257102 -0.421421617 0.477039069 -2.351312637
0.469452739 -0.129515231 -0.873407066 46.891391754 0.429856420 0.897568643 0.097948045 0.299885273 0.771257102 -0.421421617 0.477039069 -2.351312637
0.469452739 -0.129515231 -0.873407066 46.891391754 0.429856420 0.897568643 0.097948045 0.299885273 0.771257102 -0.421421617 0.477039069 -2.351312637
0.469452739 -0.129515231 -0.873407066 46.891391754 0.429856420 0.897568643 0.097948045 0.299885273 0.771257102 -0.421421617 0.477039069 -2.351312637
0.469452739 -0.129515231 -0.873407066 46.891391754 0.429856420 0.897568643 0.097948045 0.299885273 0.771257102 -0.421421617 0.477039069 -2.351312637
0.469452739 -0.129515231 -0.873407066 46.891391754 0.429856420 0.897568643 0.097948045 0.299885273 0.771257102 -0.421421617 0.477039069 -2.351312637
0.469452739 -0.129515231 -0.873407066 46.891391754 0.429856420 0.897568643 0.097948045 0.299885273 0.771257102 -0.421421617 0.477039069 -2.351312637
0.469452739 -0.129515231 -0.873407066 46.891391754 0.429856420 0.897568643 0.097948045 0.299885273 0.771257102 -0.421421617 0.477039069 -2.351312637
0.469452739 -0.129515231 -0.873407066 46.891391754 0.429856420 0.897568643 0.097948045 0.299885273 0.771257102 -0.421421617 0.477039069 -2.351312637
0.469452739 -0.129515231 -0.873407066 46.891391754 0.429856420 0.897568643 0.097948045 0.299885273 0.771257102 -0.421421617 0.477039069 -2.351312637
0.469452739 -0.129515231 -0.873407066 46.891391754 0.429856420 0.897568643 0.097948045 0.299885273 0.771257102 -0.421421617 0.477039069 -2.351312637
0.469452739 -0.129515231 -0.873407066 46.891391754 0.429856420 0.897568643 0.097948045 0.299885273 0.771257102 -0.421421617 0.477039069 -2.351312637
0.469452739 -0.129515231 -0.873407066 46.891391754 0.429856420 0.897568643 0.097948045 0.299885273 0.771257102 -0.421421617 0.477039069 -2.351312637
0.469452739 -0.129515231 -0.873407066 46.891391754 0.429856420 0.897568643 0.097948045 0.299885273 0.771257102 -0.421421617 0.477039069 -2.351312637
0.469452739 -0.129515231 -0.873407066 46.891391754 0.429856420 0.897568643 0.097948045 0.299885273 0.771257102 -0.421421617 0.477039069 -2.351312637
0.469452739 -0.129515231 -0.873407066 46.891391754 0.429856420 0.897568643 0.097948045 0.299885273 0.771257102 -0.421421617 0.477039069 -2.351312637
0.469452739 -0.129515231 -0.873407066 46.891391754 0.429856420 0.897568643 0.097948045 0.299885273 0.771257102 -0.421421617 0.477039069 -2.351312637
0.469452739 -0.129515231 -0.873407066 46.891391754 0.429856420 0.897568643 0.097948045 0.299885273 0.771257102 -0.421421617 0.477039069 -2.351312637
0.469452739 -0.129515231 -0.873407066 46.891391754 0.429856420 0.897568643 0.097948045 0.299885273 0.771257102 -0.421421617 0.477039069 -2.351312637
0.469452739 -0.129515231 -0.873407066 46.891391754 0.429856420 0.897568643 0.097948045 0.299885273 0.771257102 -0.421421617 0.477039069 -2.351312637
0.469452739 -0.129515231 -0.873407066 46.891391754 0.429856420 0.897568643 0.097948045 0.299885273 0.771257102 -0.421421617 0.477039069 -2.351312637
0.469452739 -0.129515231 -0.873407066 46.891391754 0.429856420 0.897568643 0.097948045 0.299885273 0.771257102 -0.421421617 0.477039069 -2.351312637
0.469452739 -0.129515231 -0.873407066 46.891391754 0.429856420 0.897568643 0.097948045 0.299885273 0.771257102 -0.421421617 0.477039069 -2.351312637
0.469452739 -0.129515231 -0.873407066 46.891391754 0.429856420 0.897568643 0.097948045 0.299885273 0.771257102 -0.421421617 0.477039069 -2.351312637
0.469452739 -0.129515231 -0.873407066 46.891391754 0.429856420 0.897568643 0.097948045 0.299885273 0.771257102 -0.421421617 0.477039069 -2.351312637
0.469452739 -0.129515231 -0.873407066 46.891391754 0.429856420 0.897568643 0.097948045 0.299885273 0.771257102 -0.421421617 0.477039069 -2.351312637
0.469452739 -0.129515231 -0.873407066 46.891391754 0.429856420 0.897568643 0.097948045 0.299885273 0.771257102 -0.421421617 0.477039069 -2.351312637
0.469452739 -0.129515231 -0.873407066 46.891391754 0.429856420 0.897568643 0.097948045 0.299885273 0.771257102 -0.421421617 0.477039069 -2.351312637
0.469452739 -0.129515231 -0.873407066 46.891391754 0.429856420 0.897568643 0.097948045 0.299885273 0.771257102 -0.421421617 0.477039069 -2.351312637
0.469452739 -0.129515231 -0.873407066 46.891391754 0.429856420 0.897568643 0.097948045 0.299885273 0.771257102 -0.421421617 0.477039069 -2.351312637
0.469452739 -0.129515231 -0.873407066 46.891391754 0.429856420 0.897568643 0.097948045 0.299885273 0.771257102 -0.421421617 0.477039069 -2.351312637
0.469452739 -0.129515231 -0.873407066 46.891391754 0.429856420 0.897568643 0.097948045 0.299885273 0.771257102 -0.421421617 0.477039069 -2.351312637
0.469452739 -0.129515231 -0.873407066 46.891391754 0.429856420 0.897568643 0.097948045 0.299885273 0.771257102 -0.421421617 0.477039069 -2.351312637
