0.999989510 -0.002730452 -0.003690975 0.004752411 0.002721260 0.999993145 -0.002493199 -0.000864389 0.003697757 0.002483129 0.999990046 0.559077322
0.999968588 -0.001665253 -0.007747148 -0.002242991 0.001635753 0.999991417 -0.003812707 -0.007621547 0.007753429 0.003799916 0.999962628 1.135039806
0.999930799 -0.001679496 -0.011648211 -0.015306089 0.001619273 0.999985158 -0.005177641 -0.011175334 0.011656735 0.005158420 0.999918699 1.727358937
0.999866486 -0.000087131 -0.016342524 -0.033941802 -0.000012478 0.999981284 -0.006094902 -0.012298412 0.016342752 0.006094291 0.999847829 2.338232040
0.999789119 -0.000904157 -0.020523289 -0.056328140 0.000779019 0.999981105 -0.006104579 -0.022080867 0.020528423 0.006087302 0.999770701 3.079664946
0.999691665 0.000607326 -0.024824595 -0.077721603 -0.000788840 0.999972999 -0.007302730 -0.030213449 0.024819493 0.007320060 0.999665141 3.588144064
0.999560177 0.003333101 -0.029466921 -0.108279854 -0.003584719 0.999957502 -0.008490318 -0.029433586 0.029437371 0.008592214 0.999529660 4.234797001
0.999423385 0.003897271 -0.033729505 -0.137630403 -0.004135484 0.999966919 -0.006995583 -0.034097847 0.033701118 0.007131038 0.999406457 4.890356064
0.999277890 0.003005401 -0.037875943 -0.168349639 -0.003167743 0.999986112 -0.004226880 -0.042902712 0.037862711 0.004343810 0.999273479 5.557561398
0.999148667 0.002873762 -0.041154496 -0.204003736 -0.002937770 0.999994576 -0.001494944 -0.051225137 0.041149978 0.001614573 0.999151647 6.229845047
0.999047875 0.004315373 -0.043413602 -0.245529413 -0.004419102 0.999987602 -0.002293640 -0.057732642 0.043403167 0.002483305 0.999054492 6.905039787
0.998964727 0.003866839 -0.045326706 -0.285406679 -0.003982825 0.999988973 -0.002468824 -0.064919442 0.045316659 0.002646797 0.998969138 7.587964535
0.998892605 0.000927987 -0.047040906 -0.318235070 -0.001064819 0.999995232 -0.002883807 -0.071552753 0.047038011 0.002930703 0.998888731 8.280798912
0.998791516 0.000504548 -0.049145855 -0.352344692 -0.000601928 0.999997914 -0.001966661 -0.078926139 0.049144752 0.001993866 0.998789787 8.981415749
0.998719811 -0.001013802 -0.050573993 -0.391208977 0.000899145 0.999996960 -0.002289802 -0.084960416 0.050576176 0.002241397 0.998717666 9.694421768
0.998638570 0.001185390 -0.052150432 -0.437628865 -0.001414677 0.999989390 -0.004359971 -0.097882867 0.052144717 0.004427810 0.998629749 10.406047821
0.998561203 0.001665777 -0.053600077 -0.464266777 -0.002084873 0.999967635 -0.007763988 -0.097269066 0.053585421 0.007864567 0.998532236 10.895104408
0.998474360 0.005751386 -0.054915432 -0.531326413 -0.006241889 0.999942243 -0.008764659 -0.114876546 0.054861840 0.009094069 0.998452485 11.856862068
0.998408258 0.006856201 -0.055983249 -0.574999571 -0.007338407 0.999937654 -0.008412358 -0.126815021 0.055922080 0.008809797 0.998396218 12.595209122
0.998354375 0.005648098 -0.057067528 -0.624760985 -0.006043885 0.999958813 -0.006765220 -0.140256882 0.057026960 0.007098997 0.998347402 13.339567184
0.998292148 0.006577733 -0.058050778 -0.676209569 -0.006893870 0.999962449 -0.005247304 -0.150014371 0.058014091 0.005638537 0.998299778 14.082956314
0.998243809 0.005767224 -0.058959469 -0.713568211 -0.006064505 0.999969661 -0.004864420 -0.161363780 0.058929637 0.005213436 0.998248458 14.653171539
0.998154640 0.005945492 -0.060433488 -0.770614505 -0.006312834 0.999962687 -0.005889351 -0.173633546 0.060396232 0.006259989 0.998154819 15.589114189
0.998098671 0.004696383 -0.061456881 -0.808314979 -0.005125050 0.999963641 -0.006819354 -0.181659132 0.061422616 0.007121358 0.998086333 16.175626755
0.998088956 0.004780676 -0.061607506 -0.878274739 -0.005074697 0.999976397 -0.004616925 -0.197610945 0.061583996 0.004920742 0.998089731 17.142313004
0.998080552 0.005933693 -0.061644018 -0.930984974 -0.006044555 0.999980390 -0.001612143 -0.203365669 0.061633226 0.001981659 0.998096883 17.939073563
0.998143077 0.006875442 -0.060523212 -0.984149277 -0.006744046 0.999974310 0.002375016 -0.216122299 0.060537994 -0.001962434 0.998164058 18.724472046
0.998236835 0.005659039 -0.059086990 -1.019442797 -0.005370514 0.999972761 0.005040703 -0.218897387 0.059113920 -0.004714488 0.998240054 19.374168396
0.998334944 0.005457242 -0.057426926 -0.388128608 -0.005096550 0.999966264 0.006425491 -0.122386225 0.057460066 -0.006122112 0.998328984 15.436591148
0.998391449 0.005958502 -0.056382727 -0.427690834 -0.005769524 0.999977112 0.003513883 -0.125714213 0.056402370 -0.003182928 0.998403013 16.140447617
0.998468280 0.006964574 -0.054886851 -1.174776793 -0.007043000 0.999974310 -0.001235584 -0.245706469 0.054876827 0.001620260 0.998491764 21.950565338
0.998554170 0.006548751 -0.053354364 -1.216656208 -0.006800793 0.999966443 -0.004543746 -0.248202324 0.053322826 0.004900028 0.998565257 22.639221191
0.998616993 0.003767951 -0.052439395 -1.267960906 -0.003948721 0.999986589 -0.003344047 -0.260045648 0.052426077 0.003546491 0.998618603 23.610826492
0.998594344 0.002690057 -0.052935064 -1.303365827 -0.002622413 0.999995649 0.001347282 -0.266823292 0.052938454 -0.001206570 0.998596966 24.368846893
0.998716116 0.000000215 -0.050660789 -0.913208067 0.000244699 0.999988317 0.004828179 -0.173260450 0.050660200 -0.004834376 0.998704135 20.836963654
0.998643696 -0.006558749 -0.051651455 -0.951712370 0.006749682 0.999970973 0.003523016 -0.172467470 0.051626854 -0.003866868 0.998658955 21.668245316
0.998333752 -0.010629261 -0.056716722 -0.813202202 0.010666547 0.999943018 0.000354755 -0.190487087 0.056709722 -0.000959134 0.998390138 23.297811508
0.998247564 -0.009227592 -0.058452196 -0.869444847 0.008980265 0.999949574 -0.004492558 -0.191146106 0.058490694 0.003959769 0.998279989 24.195209503
0.998082221 -0.008116260 -0.061367560 -0.917453706 0.007827218 0.999957085 -0.004948964 -0.205644190 0.061405078 0.004459136 0.998102963 25.117286682
0.998320282 -0.007876878 -0.057398144 -1.192398310 0.007700987 0.999964952 -0.003284968 -0.214279473 0.057421997 0.002837427 0.998345912 25.854743958
0.998261750 -0.005222450 -0.058704916 -1.249855995 0.005217962 0.999986410 -0.000229757 -0.229630798 0.058705285 -0.000076963 0.998275340 26.794670105
0.998149872 -0.005935957 -0.060510419 -1.305675626 0.005996575 0.999981642 0.000820218 -0.231674179 0.060504418 -0.001181556 0.998167217 27.737295151
0.998110592 -0.003615116 -0.061337058 -1.374434471 0.003826380 0.999987006 0.003327205 -0.246431142 0.061324243 -0.003555618 0.998111546 28.919710159
0.998108327 -0.003411860 -0.061385322 -1.434822202 0.003803245 0.999973118 0.006260183 -0.253608972 0.061362319 -0.006481804 0.998094499 29.890453339
0.998097897 0.001947623 -0.061617929 -1.518484831 -0.001411015 0.999960661 0.008750953 -0.263109863 0.061632555 -0.008647363 0.998061419 30.976928711
0.998038232 0.002108488 -0.062573165 -1.579274297 -0.001620548 0.999967873 0.007847639 -0.265473455 0.062587708 -0.007730840 0.998009443 31.974128723
0.998078704 0.001671786 -0.061938290 -1.646578670 -0.001290172 0.999979913 0.006200677 -0.269184828 0.061947409 -0.006108852 0.998060703 33.014595032
0.998117864 0.004367006 -0.061169825 -1.732824564 -0.004164077 0.999985397 0.003444531 -0.268286765 0.061183959 -0.003183332 0.998121440 33.993522644
0.997993648 0.004137990 -0.063178286 -1.776974320 -0.003909478 0.999985337 0.003740106 -0.282622337 0.063192837 -0.003485608 0.997995138 35.047763824
0.997905374 0.002210289 -0.064653821 -1.833269238 -0.001912851 0.999987245 0.004662007 -0.288449407 0.064663313 -0.004528568 0.997896850 36.037528992
0.997851729 0.002771373 -0.065454155 -1.904591322 -0.002361681 0.999977112 0.006335769 -0.306017548 0.065470211 -0.006167576 0.997835398 37.068023682
0.997807443 0.005348600 -0.065967016 -1.974564791 -0.005170116 0.999982476 0.002876075 -0.320831418 0.065981224 -0.002528711 0.997817636 38.055789948
0.997737586 0.005696849 -0.066986322 -2.050421953 -0.005817617 0.999981761 -0.001607951 -0.327226132 0.066975936 0.001994014 0.997752547 39.053890228
0.997699559 0.006641659 -0.067464143 -2.112830639 -0.006855683 0.999972105 -0.002941397 -0.334034979 0.067442730 0.003397143 0.997717381 40.068027496
0.997664213 0.005011560 -0.068125203 -2.172937870 -0.004989630 0.999987364 0.000492086 -0.350623131 0.068126820 -0.000151017 0.997676671 41.057609558
0.997701526 0.003793772 -0.067657754 -2.249841690 -0.003552602 0.999987006 0.003684513 -0.361313075 0.067670859 -0.003435683 0.997701764 42.069358826
0.997665942 0.001727000 -0.068262041 -2.313611984 -0.001443068 0.999990106 0.004208534 -0.369192719 0.068268634 -0.004100204 0.997658491 43.050392151
0.997660518 -0.001197389 -0.068355136 -2.377483368 0.001414671 0.999994099 0.003130397 -0.384059668 0.068350978 -0.003219773 0.997656107 44.039955139
0.997620165 -0.004277403 -0.068816699 -2.446933985 0.004418093 0.999988496 0.001892354 -0.391946167 0.068807818 -0.002191888 0.997627556 44.999027252
0.997570693 -0.005181443 -0.069468975 -2.520221710 0.005396261 0.999981165 0.002904965 -0.404750615 0.069452599 -0.003272781 0.997579813 46.010120392
0.997443676 -0.008140402 -0.070991665 -2.581625700 0.008635617 0.999940455 0.006671554 -0.410071790 0.070933126 -0.007267557 0.997454464 46.966045380
0.998264074 -0.010293969 -0.057992946 -3.333146572 0.011028818 0.999862671 0.012365523 -0.412560463 0.057857703 -0.012983646 0.998240471 47.254756927
0.998230040 -0.008225310 -0.058899239 -3.388771296 0.009088214 0.999854922 0.014397640 -0.417596936 0.058772270 -0.014907444 0.998160005 48.198699951
0.998079538 -0.007658337 -0.061470941 -3.429735661 0.008333456 0.999907672 0.010733883 -0.431398392 0.061383054 -0.011225534 0.998051286 49.370670319
0.998022616 -0.005928413 -0.062577479 -3.497148037 0.006135719 0.999976337 0.003121137 -0.440785229 0.062557504 -0.003498923 0.998035133 50.279388428
0.997962356 -0.004443117 -0.063649669 -3.552092552 0.004330595 0.999988675 -0.001905677 -0.443706840 0.063657418 0.001626152 0.997970462 51.219535828
0.997906923 0.000380478 -0.064664096 -3.615143299 -0.000457906 0.999999106 -0.001182596 -0.452536941 0.064663611 0.001209731 0.997906387 52.108547211
0.997819304 0.003085441 -0.065932944 -3.678647995 -0.003018705 0.999994814 0.001111757 -0.463788480 0.065936036 -0.000910300 0.997823298 53.057376862
0.997742295 0.005986860 -0.066891581 -3.742549658 -0.005848135 0.999980330 0.002269481 -0.476772815 0.066903844 -0.001873165 0.997757614 53.919910431
0.997671187 0.006347296 -0.067910962 -3.803826809 -0.006186338 0.999977529 0.002580161 -0.494355619 0.067925826 -0.002154032 0.997687995 54.754207611
0.997551084 0.007696973 -0.069515646 -3.865065575 -0.007492488 0.999966800 0.003201827 -0.501545429 0.069537990 -0.002673141 0.997575641 55.587902069
0.997465491 0.008844111 -0.070600405 -3.938780546 -0.008580058 0.999954998 0.004042490 -0.515830994 0.070632972 -0.003426489 0.997496426 56.455791473
0.997365117 0.008651750 -0.072027937 -3.999870539 -0.008358287 0.999955475 0.004374737 -0.525427580 0.072062559 -0.003761180 0.997392952 57.259384155
0.996989787 0.008389165 -0.077077538 -3.938440561 -0.007913141 0.999947667 0.006479277 -0.558178723 0.077127852 -0.005849848 0.997003973 57.880897522
0.996870935 0.011376319 -0.078225076 -4.007661819 -0.010698639 0.999901593 0.009076852 -0.565441370 0.078320637 -0.008211547 0.996894300 58.661899567
0.996684730 0.014062648 -0.080135927 -4.049219131 -0.012981650 0.999817848 0.013994594 -0.611775637 0.080318138 -0.012907900 0.996685684 59.456069946
0.996515036 0.017532913 -0.081550993 -4.119631767 -0.016301477 0.999743164 0.015741654 -0.617743790 0.081806056 -0.014357389 0.996544838 60.211322784
0.996621788 0.019285677 -0.079832569 -4.303348064 -0.018544625 0.999777913 0.010013607 -0.563964128 0.080007963 -0.008499313 0.996757984 61.158576965
0.996488631 0.019567480 -0.081410706 -4.359098434 -0.019399380 0.999807775 0.002855377 -0.575794339 0.081450932 -0.001266034 0.996676505 61.859825134
0.996226013 0.018236425 -0.084859751 -4.359978199 -0.018530004 0.999824703 -0.002673222 -0.590192318 0.084796138 0.004235585 0.996389270 62.478759766
0.996177077 0.019118957 -0.085240141 -4.421079636 -0.019522468 0.999801815 -0.003902728 -0.596991777 0.085148625 0.005551905 0.996352732 63.149299622
0.996067107 0.021740125 -0.085893638 -4.490931988 -0.021855718 0.999761164 -0.000405547 -0.602459371 0.085864305 0.002281219 0.996304214 63.840618134
0.995962620 0.022179648 -0.086986601 -4.550683975 -0.022111176 0.999754131 0.001750659 -0.615180850 0.087004028 0.000179786 0.996207952 64.476211548
0.995938778 0.018931696 -0.088020734 -4.602101326 -0.019148014 0.999815345 -0.001613839 -0.625554681 0.087973922 0.003292707 0.996117294 65.086303711
0.995886803 0.010307155 -0.090017781 -4.610934734 -0.010914941 0.999920785 -0.006262194 -0.658302963 0.089946106 0.007218976 0.995920420 65.842498779
0.996030986 0.006474704 -0.088770866 -4.662778854 -0.007460764 0.999913990 -0.010780636 -0.675085664 0.088693425 0.011400146 0.995993733 66.417617798
0.996262729 0.008532662 -0.085951574 -4.712323189 -0.009543060 0.999889970 -0.011351444 -0.680017114 0.085845254 0.012129261 0.996234655 67.012519836
0.996586680 0.013479895 -0.081444561 -4.769865036 -0.014171082 0.999868274 -0.007914511 -0.700185418 0.081327140 0.009041654 0.996646464 67.554359436
0.996921301 0.011806163 -0.077514775 -4.801753521 -0.012259708 0.999910355 -0.005377820 -0.702558160 0.077444360 0.006311572 0.996976674 68.125473022
0.997406244 0.008437016 -0.071481191 -4.834168434 -0.008535919 0.999962986 -0.001078262 -0.715924680 0.071469441 0.001685623 0.997441351 68.653411865
0.997967243 0.003749062 -0.063617535 -4.853652954 -0.003601390 0.999990523 0.002435756 -0.730586946 0.063626066 -0.002201694 0.997971356 69.188217163
0.998572528 0.007453532 -0.052889209 -4.875053406 -0.007357372 0.999970913 0.002012613 -0.736433983 0.052902661 -0.001620615 0.998598337 69.683761597
0.999216259 0.012686698 -0.037494317 -4.897254467 -0.012627647 0.999918640 0.001811318 -0.747588754 0.037514240 -0.001336434 0.999295175 70.175491333
0.999646127 0.017720474 -0.019834954 -4.902227402 -0.017675905 0.999840856 0.002419939 -0.756509542 0.019874685 -0.002068482 0.999800265 70.679130554
0.999863744 0.016253021 0.002894625 -4.892767906 -0.016261023 0.999863982 0.002763163 -0.759986758 -0.002849318 -0.002809856 0.999991953 71.144630432
0.999509931 0.012697669 0.028610097 -4.854173183 -0.012807152 0.999911308 0.003646794 -0.766369581 -0.028561251 -0.004011421 0.999583960 71.608955383
0.998236775 0.011674102 0.058200013 -4.805989265 -0.012004640 0.999913633 0.005332930 -0.776627660 -0.058132734 -0.006022196 0.998290718 72.053100586
0.995784342 0.011009061 0.091062963 -4.744585991 -0.011660885 0.999909997 0.006629001 -0.781585455 -0.090981789 -0.007662929 0.995823026 72.496704102
0.991605520 0.011306547 0.128805429 -4.666030884 -0.012277392 0.999901831 0.006745765 -0.781842291 -0.128716499 -0.008270531 0.991647005 72.923347473
0.985423565 0.010614183 0.169787675 -4.568365097 -0.012000628 0.999902368 0.007141574 -0.797074318 -0.169695303 -0.009075033 0.985454738 73.334342957
0.976520061 0.010352043 0.215178341 -4.456585884 -0.012187084 0.999899685 0.007202977 -0.805189371 -0.215082198 -0.009656247 0.976548195 73.738494873
0.964442790 0.012724604 0.263985246 -4.324962616 -0.014617625 0.999879599 0.005207835 -0.813697636 -0.263887197 -0.008881497 0.964512587 74.131195068
0.948281407 0.013743068 0.317133427 -4.171669006 -0.015262180 0.999880910 0.002306317 -0.824098051 -0.317063928 -0.007027185 0.948378086 74.504325867
0.928337395 0.013872776 0.371479779 -3.982473373 -0.014771854 0.999890745 -0.000425312 -0.824474394 -0.371445090 -0.005092612 0.928440928 74.854156494
0.903467894 0.014436595 0.428412706 -3.787883759 -0.014901300 0.999886274 -0.002269098 -0.832079411 -0.428396791 -0.004333847 0.903580368 75.186988831
0.873790383 0.014407521 0.486089319 -3.577423096 -0.014102237 0.999891400 -0.004286367 -0.839233398 -0.486098230 -0.003109560 0.873898625 75.497421265
0.838785410 0.013510305 0.544294596 -3.344718933 -0.011851807 0.999908209 -0.006555168 -0.842547596 -0.544333220 -0.000952497 0.838868558 75.737930298
0.801334023 0.013869442 0.598056436 -3.080070496 -0.011037884 0.999903738 -0.008398999 -0.845813513 -0.598115444 0.000129125 0.801410019 76.019996643
0.759812474 0.012430842 0.650023460 -2.844623566 -0.009573535 0.999922752 -0.007931698 -0.853027046 -0.650071859 -0.000196420 0.759872675 76.296691895
0.716098368 0.011956973 0.697896957 -2.553936005 -0.011445517 0.999920070 -0.005387469 -0.868628383 -0.697905540 -0.004129834 0.716177881 76.544891357
0.669449270 0.011511773 0.742768645 -2.281330109 -0.009653153 0.999930263 -0.006797103 -0.860845327 -0.742795110 -0.002619743 0.669513702 76.780090332
0.622544527 0.009812196 0.782522976 -1.955394745 -0.006049928 0.999951780 -0.007725492 -0.872781575 -0.782561004 0.000075256 0.622573853 76.979034424
0.574531794 0.007611994 0.818446875 -1.634056091 -0.000696543 0.999960899 -0.008811212 -0.881298304 -0.818482041 0.004492240 0.574514568 77.156845093
0.527776599 0.009674910 0.849328220 -1.293579102 -0.003168842 0.999950528 -0.009421553 -0.897859037 -0.849377394 0.002281088 0.527781010 77.317405701
0.478160441 0.012885958 0.878177941 -0.973796844 -0.006068439 0.999916971 -0.011368080 -0.895157933 -0.878251493 0.000106595 0.478198946 77.403701782
0.432188839 0.015160504 0.901655674 -0.623991013 -0.006700868 0.999885082 -0.013600220 -0.905414641 -0.901758134 -0.000164012 0.432240754 77.537536621
0.407139331 0.010120961 0.913309932 -0.496469498 0.002913241 0.999919116 -0.012379408 -0.939857006 -0.913361311 0.007700835 0.407076925 76.458862305
0.367736876 0.002043806 0.929927647 -0.120655060 0.017791137 0.999799132 -0.009232815 -0.950746357 -0.929759681 0.019939719 0.367626548 76.552841187
0.332565308 -0.001545862 0.943078995 0.183763504 0.022638477 0.999723494 -0.006344471 -0.950611234 -0.942808509 0.023459828 0.332508296 76.626068115
0.299390346 0.003121606 0.954125702 0.561428070 0.019672167 0.999761760 -0.009443744 -0.956161439 -0.953927994 0.021597089 0.299257576 76.727600098
0.268216670 0.010090546 0.963305771 0.886280060 0.009267988 0.999871790 -0.013054091 -0.972776771 -0.963313997 0.012429230 0.268088788 76.818443298
0.239806220 0.014137976 0.970717847 1.279609680 0.005110424 0.999861658 -0.015824920 -0.990169525 -0.970807254 0.008755692 0.239700794 76.907997131
0.214223608 0.016116960 0.976651728 1.627155304 0.006202054 0.999821126 -0.017859701 -1.001800537 -0.976764917 0.009883218 0.214085400 76.965950012
0.191143975 0.017695757 0.981402516 2.015097618 0.014164628 0.999683619 -0.020784175 -1.007468343 -0.981459796 0.017873971 0.190832883 77.012794495
0.171266586 0.023543291 0.984943509 2.438430786 0.021301096 0.999392271 -0.027592599 -1.010942936 -0.984994411 0.025706064 0.170661047 77.055900574
0.151312917 0.030689145 0.988009453 2.828645706 0.023326542 0.999128640 -0.034606978 -1.008548975 -0.988210559 0.028283326 0.150465220 77.108131409
0.133690402 0.031356752 0.990526915 3.258940697 0.021038104 0.999184191 -0.034470301 -1.022786140 -0.990799785 0.025447156 0.132921666 77.162170410
0.118275851 0.027021799 0.992613137 3.705379486 0.019101720 0.999382734 -0.029482178 -1.045155048 -0.992797017 0.022447646 0.117686674 77.209663391
0.103822790 0.023725662 0.994313002 4.160984993 0.019191690 0.999481380 -0.025852932 -1.066292882 -0.994410574 0.021766663 0.103313647 77.248504639
0.090617955 0.021248367 0.995659053 4.630389690 0.021576146 0.999495804 -0.023293953 -1.082349777 -0.995652080 0.023593333 0.090113811 77.280227661
0.079027824 0.020253375 0.996666670 5.117274761 0.025439098 0.999426961 -0.022326594 -1.098048329 -0.996547878 0.027118715 0.078467295 77.306282043
0.068824202 0.020991538 0.997407913 5.623038292 0.028647501 0.999324620 -0.023008643 -1.111214876 -0.997217476 0.030156799 0.068176344 77.332061768
0.060945336 0.021628188 0.997906744 6.145794392 0.030890523 0.999245465 -0.023543781 -1.123263717 -0.997662902 0.032260738 0.060231231 77.356239319
0.055640101 0.021934487 0.998209953 6.690315247 0.032710988 0.999181926 -0.023779154 -1.139093041 -0.997914910 0.033975497 0.054877084 77.378318787
0.049904495 0.022853160 0.998492479 7.250289917 0.034119163 0.999115586 -0.024572689 -1.156002522 -0.998171151 0.035294004 0.049080621 77.404533386
0.044023942 0.023466602 0.998754859 7.822603226 0.034726661 0.999083996 -0.025005046 -1.173714280 -0.998426676 0.035784233 0.043168698 77.424926758
0.039549775 0.023598827 0.998938859 8.419731140 0.037177503 0.998994052 -0.025072051 -1.189334035 -0.998525858 0.038129665 0.038632650 77.445281982
0.036818519 0.023661481 0.999041796 9.043247223 0.038597118 0.998939931 -0.025081523 -1.206038952 -0.998576283 0.039483596 0.035866234 77.462028503
0.033836253 0.022975853 0.999163389 9.678138733 0.039584748 0.998920381 -0.024310788 -1.229173899 -0.998643160 0.040374201 0.032890223 77.479408264
0.031396333 0.022183694 0.999260843 10.332798004 0.042151853 0.998834848 -0.023498630 -1.248737335 -0.998617828 0.042858470 0.030424666 77.496200562
0.030675156 0.021905841 0.999289334 11.020295143 0.046389077 0.998651266 -0.023315862 -1.268844128 -0.998452306 0.047071323 0.029617593 77.510375977
0.031901374 0.021669149 0.999256134 11.737241745 0.050116416 0.998472691 -0.023252133 -1.284044027 -0.998233676 0.050820917 0.030766675 77.527900696
0.034284420 0.021390121 0.999183178 12.422868729 0.051409222 0.998409510 -0.023137532 -1.309281826 -0.998089075 0.052160475 0.033130247 77.544425964
0.037989013 0.021301717 0.999051094 13.176937103 0.054071646 0.998264194 -0.023341019 -1.330801487 -0.997814119 0.054907035 0.036771249 77.577514648
0.042599346 0.020720391 0.998877347 13.895509720 0.054777108 0.998232603 -0.023043107 -1.351797700 -0.997589409 0.055697225 0.041389052 77.599601746
0.046623416 0.019158240 0.998728752 14.683370590 0.055934470 0.998197377 -0.021759218 -1.373060942 -0.997345209 0.056877855 0.045467768 77.639465332
0.050675165 0.017616425 0.998559833 15.430107117 0.055864364 0.998229027 -0.020445606 -1.390166402 -0.997151494 0.056819994 0.049601290 77.672027588
0.054527886 0.015281502 0.998395264 16.244449615 0.053077426 0.998424888 -0.018180802 -1.414240956 -0.997100651 0.053983618 0.053630892 77.727508545
0.058882907 0.014366508 0.998161554 17.017303467 0.052165929 0.998485982 -0.017448518 -1.432520509 -0.996900916 0.053097442 0.058044322 77.771171570
0.062979378 0.015568777 0.997893393 17.838840485 0.049285974 0.998609841 -0.018690506 -1.453328729 -0.996797085 0.050359260 0.062124491 77.824401855
0.066171706 0.019235216 0.997622848 18.639741898 0.047415335 0.998624027 -0.022399547 -1.485631466 -0.996680975 0.048784830 0.065168612 77.886734009
0.067650072 0.024431910 0.997409999 19.475139618 0.041930079 0.998747230 -0.027308604 -1.513268948 -0.996827602 0.043668903 0.066540897 77.952171326
0.067290723 0.027861772 0.997344315 20.273647308 0.038743477 0.998782992 -0.030515978 -1.536450982 -0.996980786 0.040694021 0.066129364 78.015586853
0.067262203 0.027438547 0.997357905 21.124580383 0.036338605 0.998891056 -0.029931411 -1.570958495 -0.997073293 0.038255837 0.066190541 78.081108093
0.067736730 0.025606235 0.997374594 21.930265427 0.033567987 0.999046087 -0.027928919 -1.602284193 -0.997138441 0.035371669 0.066812553 78.136085510
0.067556992 0.023903489 0.997429132 22.772497177 0.034355253 0.999064326 -0.026269600 -1.641262293 -0.997123659 0.036041625 0.066672556 78.193519592
0.068003669 0.023549905 0.997407079 23.578781128 0.032061879 0.999153435 -0.025777129 -1.669812441 -0.997169733 0.033731677 0.067191042 78.255142212
0.068386577 0.023952754 0.997371256 24.414350510 0.030721467 0.999187112 -0.026102833 -1.702554941 -0.997185767 0.032425791 0.067595109 78.314002991
0.068141401 0.024501264 0.997374713 25.224557877 0.027479993 0.999272943 -0.026425347 -1.736972928 -0.997297227 0.029208509 0.067418553 78.378173828
0.066932954 0.025813255 0.997423410 26.042495728 0.024630681 0.999317884 -0.027515136 -1.769887924 -0.997453332 0.026408888 0.066251472 78.439804077
0.064051606 0.025343183 0.997624755 26.878499985 0.021584779 0.999408424 -0.026774324 -1.801743746 -0.997713089 0.023248445 0.063466690 78.504287720
0.060366139 0.024386967 0.997878373 27.692308426 0.019494589 0.999481976 -0.025605479 -1.829963684 -0.997985899 0.020998931 0.059859473 78.554389954
0.055247840 0.021988435 0.998230517 28.516120911 0.017634332 0.999580204 -0.022994149 -1.860245228 -0.998316884 0.018873505 0.054836869 78.608131409
0.048689142 0.019837361 0.998617053 29.338266373 0.015557602 0.999666512 -0.020616740 -1.892843485 -0.998692811 0.016539896 0.048364278 78.658584595
0.041545358 0.019980850 0.998936832 30.153774261 0.015277511 0.999670386 -0.020630907 -1.923847198 -0.999019682 0.016118383 0.041226413 78.689071655
0.032579772 0.021062110 0.999247193 30.981159210 0.014527436 0.999662340 -0.021544518 -1.953671217 -0.999363542 0.015218413 0.032262798 78.723190308
0.023320939 0.021350471 0.999500036 31.765975952 0.015816940 0.999638915 -0.021722488 -1.978588343 -0.999602854 0.016315626 0.022974815 78.723594666
0.013228517 0.020454468 0.999703288 32.577655792 0.017103368 0.999639869 -0.020679491 -2.001728058 -0.999766171 0.017371854 0.012873909 78.729850769
0.002582395 0.019558376 0.999805391 33.374755859 0.016567226 0.999670565 -0.019598531 -2.033981323 -0.999859393 0.016614616 0.002257517 78.727424622
-0.008690446 0.018704558 0.999787390 34.170581818 0.017670972 0.999671638 -0.018548802 -2.059370041 -0.999805987 0.017506013 -0.009018122 78.720054626
-0.019404691 0.019221893 0.999626935 34.961181641 0.017812379 0.999663115 -0.018876811 -2.083912849 -0.999652982 0.017439432 -0.019740541 78.696990967
-0.030398015 0.019986566 0.999338031 35.746635437 0.018344173 0.999642789 -0.019434668 -2.107442141 -0.999369442 0.017741254 -0.030753789 78.669601440
-0.040842462 0.020605961 0.998953164 36.529830933 0.017982131 0.999640524 -0.019884938 -2.139441967 -0.999003708 0.017151155 -0.041198313 78.635108948
-0.051432803 0.021966683 0.998434842 37.307788849 0.018386813 0.999609351 -0.021045357 -2.160939693 -0.998507082 0.017275615 -0.051816612 78.594596863
-0.060936183 0.022796331 0.997881353 38.070518494 0.019102929 0.999582708 -0.021668673 -2.184979439 -0.997958839 0.017742049 -0.061346225 78.548126221
-0.070941567 0.023118872 0.997212529 38.847656250 0.019992996 0.999563515 -0.021751078 -2.215847015 -0.997280061 0.018394217 -0.071372807 78.505218506
-0.080071419 0.023528043 0.996511400 39.595981598 0.020481393 0.999549150 -0.021954047 -2.240574121 -0.996578574 0.018652048 -0.080517210 78.432899475
-0.089172363 0.023261810 0.995744526 40.341304779 0.022080805 0.999527752 -0.021372771 -2.262898922 -0.995771408 0.020080982 -0.089643873 78.378929138
-0.096211396 0.021734351 0.995123625 41.068428040 0.023311518 0.999536514 -0.019576909 -2.297859192 -0.995087981 0.021314319 -0.096673466 78.292549133
-0.101599418 0.020007532 0.994624197 41.798347473 0.026512727 0.999497116 -0.017397318 -2.322728634 -0.994472027 0.024602639 -0.102078773 78.223358154
-0.105073713 0.018494748 0.994292438 42.513946533 0.029419830 0.999447227 -0.015481636 -2.344259739 -0.994029105 0.027625199 -0.105559744 78.132469177
-0.107680991 0.017349172 0.994034171 43.224025726 0.031262837 0.999412298 -0.014056418 -2.368164778 -0.993693829 0.029562715 -0.108160086 78.053489685
-0.109614387 0.016662236 0.993834436 43.906448364 0.030694745 0.999439418 -0.013370746 -2.384196520 -0.993500233 0.029039865 -0.110064343 77.980682373
-0.110202789 0.017268833 0.993759096 44.580871582 0.031486217 0.999407947 -0.013875332 -2.406139374 -0.993410230 0.029760612 -0.110681273 77.906684875
-0.109227583 0.018135594 0.993851423 45.234962463 0.032186311 0.999373734 -0.014698984 -2.428142786 -0.993495464 0.030382875 -0.109742910 77.828285217
-0.105948210 0.020125544 0.994167984 45.861503601 0.033620290 0.999296010 -0.016646450 -2.438878059 -0.993803024 0.031660546 -0.106550246 77.751754761
-0.101078466 0.020240169 0.994672537 46.483600616 0.033508204 0.999294996 -0.016929138 -2.467362881 -0.994314015 0.031618513 -0.101685420 77.701065063
-0.093127497 0.020783311 0.995437324 47.062187195 0.033654299 0.999276519 -0.017714966 -2.492564201 -0.995085239 0.031850982 -0.093759574 77.650344849
-0.081894860 0.020854743 0.996422708 47.654449463 0.031786211 0.999327183 -0.018303053 -2.512296677 -0.996133804 0.030173576 -0.082502641 77.608802795
-0.068357252 0.021060713 0.997438550 48.215904236 0.031226069 0.999332488 -0.018960694 -2.533328056 -0.997171998 0.029849984 -0.068969265 77.580345154
-0.051247753 0.022525603 0.998431921 48.736522675 0.030435642 0.999316454 -0.020983350 -2.556112051 -0.998222113 0.029312568 -0.051898301 77.571662903
-0.030120488 0.024692073 0.999241173 49.272407532 0.028564243 0.999307871 -0.023832694 -2.580236435 -0.999138057 0.027824713 -0.030804945 77.573364258
-0.005225020 0.027787555 0.999600112 49.780250549 0.026695827 0.999261320 -0.027638594 -2.602094173 -0.999629915 0.026540739 -0.005962972 77.580581665
0.023183772 0.029333629 0.999300778 50.293777466 0.024785647 0.999245226 -0.029907027 -2.626228333 -0.999423921 0.025461672 0.022439223 77.611732483
0.056641199 0.029049600 0.997971892 50.795490265 0.022910619 0.999275506 -0.030387871 -2.645874977 -0.998131633 0.024585355 0.055934627 77.655960083
0.095132612 0.026956972 0.995099485 51.295349121 0.022378664 0.999322593 -0.029210806 -2.661615372 -0.995212972 0.025047893 0.094464928 77.716850281
0.137193218 0.022908889 0.990279317 51.786300659 0.019663567 0.999472499 -0.025845751 -2.690814495 -0.990348995 0.023018289 0.136670381 77.808959961
0.182741106 0.018728299 0.982982635 52.269691467 0.017327258 0.999601901 -0.022266153 -2.708761692 -0.983008325 0.021101339 0.182343856 77.915344238
0.231141493 0.015542290 0.972796023 52.739158630 0.012614269 0.999740362 -0.018969998 -2.728402138 -0.972838283 0.016655864 0.230885461 78.056091309
0.282866836 0.013400715 0.959065557 53.201354980 0.008121892 0.999832988 -0.016365817 -2.757847071 -0.959124744 0.012418775 0.282710791 78.217613220
0.337081313 0.013443773 0.941379547 53.645942688 0.007723131 0.999824882 -0.017043859 -2.765003204 -0.941443861 0.013015563 0.336918414 78.412757874
0.395420313 0.014663256 0.918383181 54.074771881 0.009627888 0.999751389 -0.020107808 -2.772616148 -0.918449819 0.016793126 0.395180821 78.623245239
0.453616083 0.017982379 0.891015768 54.451438904 0.010299543 0.999623835 -0.025417794 -2.792316675 -0.891137600 0.020706980 0.453260273 78.870368958
0.512978077 0.021694288 0.858127534 54.835083008 0.011450613 0.999418736 -0.032111298 -2.802441597 -0.858325422 0.026298478 0.512431443 79.139862061
0.571281672 0.025588699 0.820355117 55.196155548 0.007129229 0.999321461 -0.036135741 -2.823071003 -0.820723116 0.026492186 0.570711553 79.431808472
0.626095295 0.029352492 0.779193819 55.517539978 0.002777238 0.999200881 -0.039871801 -2.827475786 -0.779741526 0.027127551 0.625513554 79.758819580
0.678919435 0.029385757 0.733624339 55.838821411 0.000832787 0.999167323 -0.040792923 -2.859391451 -0.734212220 0.028306063 0.678329706 80.099456787
0.726922035 0.027710846 0.686160743 56.103061676 0.000307374 0.999172270 -0.040677559 -2.873328686 -0.686719954 0.029780325 0.726311743 80.447540283
0.771681130 0.024408499 0.635541081 56.355834961 -0.002083909 0.999354959 -0.035850774 -2.890149832 -0.636006176 0.026340961 0.771234155 80.828704834
0.813141704 0.018462205 0.581772983 56.601184845 -0.002360106 0.999593139 -0.028422758 -2.912816763 -0.582060993 0.021738676 0.812854409 81.224868774
0.849583387 0.016520603 0.527195573 56.811744690 -0.005209185 0.999723375 -0.022933412 -2.919862986 -0.527428627 0.016737586 0.849434376 81.640792847
0.880540431 0.012506299 0.473806173 56.993206024 -0.005769875 0.999860585 -0.015668744 -2.936526299 -0.473935992 0.011063159 0.880489707 82.061805725
0.905972958 0.013194012 0.423129976 57.148582458 -0.009733353 0.999899149 -0.010338495 -2.953468561 -0.423223674 0.005247923 0.906009972 82.485778809
0.925897598 0.014800378 0.377484590 57.282066345 -0.013224366 0.999889612 -0.006766737 -2.968583822 -0.377543092 0.001273312 0.925990999 82.918540955
0.941047728 0.020893805 0.337628007 57.399299622 -0.020604284 0.999777734 -0.004441411 -2.977292538 -0.337645769 -0.002777003 0.941269100 83.366149902
0.952855408 0.024993859 0.302393645 57.522865295 -0.024479274 0.999685168 -0.005492119 -2.981602669 -0.302435726 -0.002169181 0.953167319 83.864067078
0.961962998 0.027174171 0.271825254 57.614223480 -0.026814047 0.999627709 -0.005039775 -2.990529060 -0.271861047 -0.002440658 0.962333322 84.280387878
0.968106091 0.021737633 0.249595597 57.731170654 -0.021040432 0.999763787 -0.005461337 -2.992351055 -0.249655351 0.000035555 0.968334675 84.746063232
0.971977055 0.018556412 0.234342039 57.845165253 -0.017873008 0.999827504 -0.005039904 -2.998701572 -0.234395117 0.000710276 0.972141206 85.270141602
0.974893868 0.022651797 0.221515000 57.929763794 -0.022095850 0.999743342 -0.004987834 -3.009359121 -0.221571147 -0.000031953 0.975144148 85.720298767
0.976849794 0.028029164 0.212082222 58.018592834 -0.027728684 0.999605834 -0.004391451 -3.012617826 -0.212121665 -0.001590972 0.977241993 86.218811035
0.977879882 0.035742387 0.206090599 58.108676910 -0.035288859 0.999359787 -0.005877241 -3.016570091 -0.206168771 -0.001525464 0.978515208 86.727531433
0.978271306 0.041222833 0.203189388 58.204845428 -0.040128138 0.999149203 -0.009506196 -3.023433447 -0.203408420 0.001146026 0.979093313 87.262893677
0.978365123 0.043025769 0.202362329 58.308914185 -0.041502357 0.999069214 -0.011767301 -3.042787313 -0.202680230 0.003114205 0.979240000 87.770713806
0.977923870 0.041047540 0.204890281 58.432899475 -0.038630981 0.999128938 -0.015782215 -3.050261497 -0.205359593 0.007518694 0.978657663 88.359558105
0.977102816 0.040105000 0.208953694 58.540550232 -0.036278136 0.999096930 -0.022116443 -3.060939312 -0.209651947 0.014029589 0.977675378 88.860809326
0.976235509 0.040708102 0.212854639 58.667869568 -0.035785168 0.998996496 -0.026931550 -3.069550514 -0.213737413 0.018674500 0.976712584 89.415901184
0.975026071 0.045262400 0.217429310 58.786323547 -0.040468570 0.998830497 -0.026452569 -3.087858200 -0.218372345 0.016992893 0.975717425 89.988296509
0.973850548 0.047495443 0.222169772 58.940162659 -0.043486089 0.998791337 -0.022906298 -3.098243237 -0.222989187 0.012646012 0.974738777 90.614059448
0.972628117 0.045584090 0.227852181 59.052490234 -0.042626277 0.998930931 -0.017888090 -3.122414112 -0.228423998 0.007685970 0.973531425 91.165100098
0.971891701 0.041398656 0.231760070 59.203857422 -0.039659858 0.999139249 -0.012158846 -3.139142990 -0.232063934 0.002625512 0.972696960 91.777160645
0.971115232 0.038567085 0.235473812 59.371803284 -0.037774518 0.999255300 -0.007877527 -3.149195194 -0.235602230 -0.001244921 0.971848786 92.454856873
0.970600307 0.033800397 0.238312244 59.515548706 -0.033094268 0.999427974 -0.006964648 -3.165032625 -0.238411322 -0.001126879 0.971163571 93.018356323
0.970586658 0.030178597 0.238852859 59.682556152 -0.028573053 0.999539852 -0.010182356 -3.178921223 -0.239050195 0.003058104 0.971002400 93.698814392
0.970797718 0.029725771 0.238050699 59.833881378 -0.026386315 0.999503791 -0.017203266 -3.190931797 -0.238443956 0.010419616 0.971100330 94.286727905
0.970902860 0.032193646 0.237299398 60.001220703 -0.027303005 0.999342263 -0.023868153 -3.203411102 -0.237911701 0.016694674 0.971143305 94.986595154
0.971444905 0.035190493 0.234641030 60.136341095 -0.029560521 0.999185383 -0.027469249 -3.219386816 -0.235416546 0.019748749 0.971693873 95.588928223
0.971897244 0.034295242 0.232894316 60.295982361 -0.029686982 0.999288499 -0.023264404 -3.234275341 -0.233526453 0.015696682 0.972223699 96.313476562
0.972491205 0.029749116 0.231031835 60.460510254 -0.026901346 0.999518394 -0.015467418 -3.256557465 -0.231380701 0.008826860 0.972823143 96.952598572
0.973119318 0.029953210 0.228345543 60.636528015 -0.028509576 0.999547243 -0.009618897 -3.277039051 -0.228530258 0.002850300 0.973532557 97.700813293
0.973324120 0.033532016 0.226971000 60.779640198 -0.031998638 0.999433339 -0.010432949 -3.290851116 -0.227192223 0.002891878 0.973845601 98.375991821
0.973679483 0.038733948 0.224606112 60.942604065 -0.036166877 0.999224961 -0.015533790 -3.303710461 -0.225033671 0.007001632 0.974325836 99.126846313
0.974551260 0.039648231 0.220630661 61.095489502 -0.036020055 0.999141991 -0.020445079 -3.320950985 -0.221251935 0.011977648 0.975143075 99.815605164
0.975423098 0.038735259 0.216908783 61.265731812 -0.034460302 0.999130666 -0.023457803 -3.340222597 -0.217628881 0.015406537 0.975909948 100.603569031
0.976388454 0.036150474 0.212975726 61.416839600 -0.032247201 0.999242663 -0.021773815 -3.360068798 -0.213601574 0.014391828 0.976814866 101.302665710
0.977238476 0.032628067 0.209619388 61.593490601 -0.029162752 0.999382436 -0.019601954 -3.385368824 -0.210129514 0.013042702 0.977586627 102.118934631
0.977653384 0.031270102 0.207884774 61.742561340 -0.028370898 0.999454319 -0.016913852 -3.402084589 -0.208300278 0.010638004 0.978007019 102.831428528
0.978009999 0.027917037 0.206681371 61.917671204 -0.025434092 0.999568939 -0.014661252 -3.419980049 -0.207001612 0.009082096 0.978298485 103.651451111
0.978238821 0.023069419 0.206196263 62.079555511 -0.020723158 0.999693632 -0.013531555 -3.433933973 -0.206445292 0.008964051 0.978416979 104.389122009
0.978308022 0.023831951 0.205780461 62.249069214 -0.021819737 0.999689400 -0.012042550 -3.452390194 -0.206003532 0.007291247 0.978524029 105.221046448
0.978121638 0.029384818 0.205947787 62.397750854 -0.027124729 0.999536932 -0.013789544 -3.473435402 -0.206257612 0.007901574 0.978465736 105.960113525
0.977939606 0.034444965 0.206028476 62.570178986 -0.031563610 0.999352753 -0.017256677 -3.491148710 -0.206489518 0.010372985 0.978393793 106.802474976
0.977385342 0.043546271 0.206933543 62.719100952 -0.040556904 0.999002814 -0.018668443 -3.512252092 -0.207540080 0.009853683 0.978176832 107.553359985
0.976433814 0.049495403 0.210064963 62.885070801 -0.046688724 0.998741746 -0.018302357 -3.532506466 -0.210706532 0.008063378 0.977516055 108.398422241
0.975665390 0.052178483 0.212965950 63.042186737 -0.049918331 0.998625398 -0.015979858 -3.560322762 -0.213506997 0.004960095 0.976928890 109.159805298
0.975117445 0.052469369 0.215390220 63.225471497 -0.049951918 0.998604715 -0.017118555 -3.581543207 -0.215987951 0.005933448 0.976377964 110.012649536
0.974733889 0.050993606 0.217470363 63.391746521 -0.047816996 0.998658836 -0.019848045 -3.600537300 -0.218190849 0.008947782 0.975865006 110.775024414
0.974778712 0.044862580 0.218617707 63.590133667 -0.041828144 0.998953700 -0.018490907 -3.628805161 -0.219218507 0.008880171 0.975635350 111.612800598
0.975042880 0.038151655 0.218714073 63.772521973 -0.034647588 0.999202669 -0.019835735 -3.653259516 -0.219296440 0.011762780 0.975587368 112.381309509
0.974760473 0.037153799 0.220140338 63.961570740 -0.033517994 0.999233305 -0.020229345 -3.676902294 -0.220723167 0.012340105 0.975258350 113.229827881
0.974324167 0.039619498 0.221636459 64.134849548 -0.036797788 0.999180675 -0.016847685 -3.707288027 -0.222122356 0.008259376 0.974983752 113.995338440
0.973893821 0.041938804 0.223096162 64.316497803 -0.040469881 0.999118388 -0.011154210 -3.730887413 -0.223367274 0.001834342 0.974732578 114.851776123
0.973540843 0.045355588 0.223966703 64.486968994 -0.044902548 0.998965979 -0.007118131 -3.747216702 -0.224057958 -0.003126882 0.974570811 115.612396240
0.973322928 0.044242807 0.225133136 64.676231384 -0.042250592 0.999013543 -0.013661639 -3.769241810 -0.225515455 0.003785178 0.974232197 116.439117432
0.973675370 0.040073011 0.224389076 64.857177734 -0.034679007 0.999008060 -0.027929945 -3.797784805 -0.225285754 0.019413108 0.974099278 117.183746338
0.973862827 0.038163338 0.223908171 65.049919128 -0.030714905 0.998855829 -0.036655992 -3.828355789 -0.225050837 0.028820589 0.973920703 118.003616333
