0.999998987 -0.000530373 -0.001260521 0.038423870 0.000525770 0.999993205 -0.003649002 0.015143992 0.001262448 0.003648336 0.999992490 1.189976215
0.999999940 -0.000241888 0.000093836 0.030898988 0.000242192 0.999994636 -0.003256490 -0.008167054 -0.000093047 0.003256512 0.999994695 2.391080856
0.999998808 -0.000916774 0.001174324 0.026784915 0.000920334 0.999994934 -0.003034354 -0.028891385 -0.001171536 0.003035431 0.999994695 3.582161427
0.999997437 -0.001492633 0.001695221 0.031536907 0.001498018 0.999993742 -0.003179947 -0.051861942 -0.001690465 0.003182478 0.999993503 4.782539845
0.999995589 -0.001305672 0.002641091 0.029266782 0.001313853 0.999994338 -0.003098126 -0.076360203 -0.002637031 0.003101582 0.999991655 5.981750965
0.999993622 -0.001142771 0.003387220 0.031107163 0.001156633 0.999990940 -0.004093481 -0.099676810 -0.003382513 0.004097373 0.999985874 7.174901485
0.999990106 -0.001559455 0.004171354 0.025049478 0.001576594 0.999990284 -0.004108606 -0.130405605 -0.004164905 0.004115142 0.999982834 8.353307724
0.999988019 -0.002328824 0.004300022 0.024499774 0.002340755 0.999993443 -0.002771785 -0.154244795 -0.004293540 0.002781817 0.999986887 9.546289444
0.999990880 -0.003039314 0.003004893 0.020890653 0.003044676 0.999993801 -0.001781288 -0.180689618 -0.002999461 0.001790421 0.999993920 10.749918938
0.999990940 -0.004229560 0.000353959 0.018088970 0.004230244 0.999989092 -0.001954428 -0.208315015 -0.000345688 0.001955908 0.999998033 11.929433823
0.999991596 -0.003889615 -0.001280291 0.007266548 0.003886257 0.999989092 -0.002615016 -0.230122834 0.001290449 0.002610019 0.999995768 13.086940765
0.999987185 -0.004028926 -0.003059922 0.001789980 0.004020815 0.999988377 -0.002652083 -0.256119132 0.003070572 0.002639745 0.999991775 14.312192917
0.999989510 -0.001953662 -0.004141370 0.010238089 0.001938017 0.999991000 -0.003778435 -0.262664437 0.004148715 0.003770370 0.999984264 15.460203171
0.999986589 -0.002659291 -0.004446912 -0.023671288 0.002647428 0.999992847 -0.002671531 -0.304281473 0.004453985 0.002659722 0.999986529 16.692399979
0.999985039 -0.002726187 -0.004737319 -0.030415937 0.002716095 0.999993980 -0.002135297 -0.326468766 0.004743113 0.002122398 0.999986470 17.867319107
0.999977946 -0.004089042 -0.005227027 -0.055524372 0.004079925 0.999990106 -0.001753678 -0.357433140 0.005234145 0.001732313 0.999984801 19.074964523
0.999981344 -0.003211159 -0.005184414 -0.073623262 0.003195195 0.999990165 -0.003084732 -0.375467151 0.005194268 0.003068109 0.999981821 20.240997314
0.999968410 -0.004444858 -0.006589333 -0.084885791 0.004418985 0.999982417 -0.003935921 -0.400998533 0.006606712 0.003906678 0.999970555 21.446290970
0.999968767 -0.003645180 -0.007003540 -0.097677298 0.003622230 0.999987960 -0.003286771 -0.432753831 0.007015437 0.003261300 0.999970078 22.611082077
0.999965370 -0.003086719 -0.007724841 -0.124109432 0.003059581 0.999989092 -0.003522408 -0.454452544 0.007735630 0.003498651 0.999963939 23.829881668
0.999970913 -0.002891182 -0.007048058 -0.170170143 0.002861413 0.999986887 -0.004230205 -0.477427274 0.007060197 0.004209915 0.999966204 25.000144958
0.999948323 -0.003031370 -0.009704794 -0.154531717 0.002997294 0.999989271 -0.003523865 -0.505798578 0.009715372 0.003494594 0.999946713 26.210515976
0.999939799 -0.004487232 -0.010012900 -0.175587952 0.004467707 0.999988079 -0.001971483 -0.531583786 0.010021626 0.001926629 0.999947965 27.429033279
0.999924839 -0.005079477 -0.011160928 -0.196217626 0.005061069 0.999985754 -0.001676957 -0.559238195 0.011169288 0.001620344 0.999936223 28.614480972
0.999919116 -0.006381287 -0.011006016 -0.231257796 0.006358728 0.999977648 -0.002083510 -0.593181252 0.011019065 0.002013357 0.999937236 29.815750122
0.999900043 -0.005898001 -0.012847889 -0.240501463 0.005857511 0.999977767 -0.003186864 -0.621413827 0.012866401 0.003111290 0.999912322 31.014591217
0.999900937 -0.006451704 -0.012510321 -0.286434561 0.006404927 0.999972284 -0.003775543 -0.615379930 0.012534333 0.003695041 0.999914587 32.176673889
0.999886692 -0.005523080 -0.013999166 -0.292560220 0.005486950 0.999981523 -0.002617903 -0.671474636 0.014013367 0.002540794 0.999898493 33.407417297
0.999874175 -0.005699182 -0.014806108 -0.310515553 0.005672218 0.999982178 -0.001862462 -0.704509616 0.014816460 0.001778245 0.999888659 34.596492767
0.999852419 -0.007023469 -0.015677484 -0.333796084 0.006991325 0.999973297 -0.002104161 -0.729776859 0.015691843 0.001994245 0.999874890 35.815570831
0.999840856 -0.007382367 -0.016241578 -0.348893344 0.007352646 0.999971151 -0.001888837 -0.765301645 0.016255053 0.001769118 0.999866307 36.992488861
0.999844790 -0.007886843 -0.015751660 -0.399430990 0.007862382 0.999967813 -0.001614181 -0.777221739 0.015763888 0.001490085 0.999874592 38.198379517
0.999853313 -0.007851324 -0.015221884 -0.436565280 0.007844039 0.999969125 -0.000538149 -0.793561816 0.015225640 0.000418668 0.999883950 39.372364044
0.999864042 -0.007030365 -0.014917237 -0.460056663 0.007048792 0.999974489 0.001183120 -0.835784078 0.014908540 -0.001288107 0.999888003 40.591159821
0.999775350 -0.010596232 -0.018356759 -0.663324654 0.010554101 0.999941468 -0.002390435 -0.971273541 0.018381014 0.002196159 0.999828637 41.785808563
0.999792874 -0.009153196 -0.018176572 -0.692376018 0.009103430 0.999954641 -0.002818703 -0.992954910 0.018201549 0.002652651 0.999830723 42.970294952
0.999820709 -0.006818502 -0.017661022 -0.719366610 0.006803866 0.999976397 -0.000888706 -1.012858987 0.017666666 0.000768383 0.999843597 44.197856903
0.999846160 -0.006852922 -0.016142383 -0.738591611 0.006897579 0.999972522 0.002712375 -1.042653084 0.016123353 -0.002823302 0.999866068 45.384719849
0.999889135 -0.006302023 -0.013487874 -0.776292026 0.006375856 0.999964833 0.005438061 -1.059338212 0.013453132 -0.005523455 0.999894261 46.601642609
0.999904811 -0.005760350 -0.012538111 -0.790497661 0.005869861 0.999944806 0.008715059 -1.069653869 0.012487216 -0.008787827 0.999883354 47.824535370
0.999920547 -0.006129460 -0.011015783 -0.812202334 0.006235003 0.999934733 0.009572373 -1.071541786 0.010956392 -0.009640296 0.999893427 49.029682159
0.999920607 -0.007659134 -0.010000647 -0.818840623 0.007739583 0.999937832 0.008030536 -1.079376936 0.009938518 -0.008107299 0.999917746 50.233467102
0.999936402 -0.006950553 -0.008880379 -0.833829761 0.007003751 0.999957621 0.005973458 -1.087058783 0.008838486 -0.006035274 0.999942720 51.428138733
0.999942720 -0.006594514 -0.008430413 -0.842364907 0.006640361 0.999963224 0.005421821 -1.097350836 0.008394348 -0.005477490 0.999949753 52.626323700
0.999943018 -0.007082541 -0.007990588 -0.863916039 0.007122718 0.999962091 0.005010848 -1.112327576 0.007954795 -0.005067477 0.999955535 53.823669434
0.999939382 -0.007508528 -0.008061168 -0.888546109 0.007539550 0.999964297 0.003824923 -1.128057599 0.008032159 -0.003885470 0.999960184 55.015941620
0.999916434 -0.007763638 -0.010334682 -0.899309099 0.007809381 0.999959826 0.004393250 -1.142758250 0.010300160 -0.004473589 0.999936879 56.215148926
0.999885738 -0.009463075 -0.011784239 -0.914754510 0.009518500 0.999943793 0.004656253 -1.151027679 0.011739514 -0.004767889 0.999919653 57.432685852
0.999894679 -0.007217630 -0.012590128 -0.940944731 0.007292011 0.999956131 0.005871911 -1.173985243 0.012547193 -0.005963099 0.999903500 58.615867615
0.999885261 -0.006317051 -0.013760958 -0.955121279 0.006395142 0.999963701 0.005638283 -1.187696695 0.013724841 -0.005725641 0.999889433 59.813495636
0.999876738 -0.006768982 -0.014168291 -0.985215724 0.006857377 0.999957263 0.006199709 -1.214696050 0.014125720 -0.006296102 0.999880433 61.031265259
0.999868333 -0.007607318 -0.014341713 -1.008257747 0.007688253 0.999954820 0.005596575 -1.227638721 0.014298491 -0.005706101 0.999881506 62.214790344
0.999854863 -0.008546055 -0.014748181 -1.029175282 0.008609896 0.999953806 0.004270656 -1.238760710 0.014711005 -0.004397014 0.999882102 63.430557251
0.999840558 -0.009299977 -0.015251344 -1.045833468 0.009385277 0.999940574 0.005530819 -1.253882766 0.015199008 -0.005673074 0.999868393 64.637069702
0.999834776 -0.009310715 -0.015612873 -1.070173502 0.009425496 0.999928951 0.007294418 -1.274430156 0.015543846 -0.007440371 0.999851525 65.833694458
0.999833584 -0.009392972 -0.015639432 -1.110242844 0.009482865 0.999938846 0.005683621 -1.292508364 0.015585090 -0.005830982 0.999861538 67.016738892
0.999850273 -0.007426999 -0.015627924 -1.136875510 0.007501438 0.999960899 0.004710051 -1.314195752 0.015592330 -0.004826576 0.999866784 68.206741333
0.999869645 -0.005326014 -0.015245231 -1.177343845 0.005407447 0.999971271 0.005305299 -1.330273390 0.015216537 -0.005387045 0.999869704 69.397598267
0.999866307 -0.003597469 -0.015952565 -1.185192227 0.003681011 0.999979615 0.005210648 -1.342325211 0.015933495 -0.005268670 0.999859154 70.603584290
0.999872684 -0.001726220 -0.015865603 -1.217288613 0.001809833 0.999984622 0.005257216 -1.353018761 0.015856283 -0.005285261 0.999860287 71.782859802
0.999888837 -0.001051475 -0.014867797 -1.237228394 0.001147847 0.999978364 0.006474896 -1.370634437 0.014860670 -0.006491245 0.999868512 72.987731934
0.999917507 0.000680590 -0.012819000 -1.265899062 -0.000590025 0.999974787 0.007067448 -1.380329847 0.012823483 -0.007059302 0.999892890 74.176856995
0.999948025 -0.000498404 -0.010182619 -1.280503511 0.000547851 0.999988079 0.004853802 -1.398446560 0.010180078 -0.004859128 0.999936402 75.353378296
0.999963045 -0.003497574 -0.007844980 -1.293006420 0.003497772 0.999993920 0.000011487 -1.417464256 0.007844891 -0.000038926 0.999969244 76.530715942
0.999981403 -0.002986812 -0.005322606 -1.300664544 0.002984753 0.999995410 -0.000394839 -1.438178539 0.005323761 0.000378945 0.999985754 77.711616516
0.999988794 -0.004120602 -0.002336905 -1.309770942 0.004128769 0.999985337 0.003500447 -1.459268332 0.002322447 -0.003510057 0.999991119 78.898742676
0.999990106 -0.004354539 0.000896998 -1.315526009 0.004350274 0.999979496 0.004702203 -1.477541208 -0.000917456 -0.004698253 0.999988556 80.068359375
0.999984384 -0.002909180 0.004783430 -1.311834097 0.002899561 0.999993742 0.002016377 -1.486552954 -0.004789266 -0.002002475 0.999986529 81.269317627
0.999954462 -0.004428955 0.008455448 -1.309830070 0.004431341 0.999990165 -0.000263470 -1.516767859 -0.008454198 0.000300927 0.999964237 82.420272827
0.999917984 -0.005196814 0.011704536 -1.287413836 0.005244182 0.999978244 -0.004020013 -1.536158442 -0.011683390 0.004081064 0.999923408 83.573463440
0.999832809 -0.009534243 0.015603980 -1.279770374 0.009620246 0.999938905 -0.005445856 -1.541090488 -0.015551102 0.005595059 0.999863446 84.729652405
0.999775946 -0.009429120 0.018952781 -1.255539775 0.009507598 0.999946594 -0.004054931 -1.562444091 -0.018913534 0.004234218 0.999812126 85.881050110
0.999700129 -0.008773385 0.022862921 -1.239539742 0.008847121 0.999955952 -0.003125987 -1.593117714 -0.022834487 0.003327321 0.999733746 87.041557312
0.999608219 -0.009008108 0.026500989 -1.209230185 0.009163646 0.999941468 -0.005753540 -1.613231301 -0.026447609 0.005994131 0.999632239 88.181533813
0.999502540 -0.009351009 0.030120436 -1.189312458 0.009579645 0.999926329 -0.007455419 -1.648218870 -0.030048501 0.007740253 0.999518454 89.350524902
0.999408782 -0.009540908 0.033030875 -1.152103424 0.009802029 0.999921858 -0.007752494 -1.679700613 -0.032954328 0.008071681 0.999424219 90.514366150
0.999293327 -0.010855979 0.035985351 -1.109110594 0.011101970 0.999916315 -0.006643069 -1.706664443 -0.035910226 0.007037883 0.999330163 91.658950806
0.999205053 -0.011197935 0.038260628 -1.062348127 0.011402646 0.999921739 -0.005136359 -1.731370449 -0.038200125 0.005568547 0.999254644 92.830673218
0.999068856 -0.011603178 0.041554313 -1.028067827 0.011765689 0.999924064 -0.003668303 -1.750085711 -0.041508596 0.004153803 0.999129534 93.967239380
0.998951614 -0.013668221 0.043689664 -0.986765862 0.013790053 0.999901831 -0.002488394 -1.778526306 -0.043651361 0.003088268 0.999042094 95.108520508
0.998835802 -0.014875771 0.045887388 -0.926798820 0.015124123 0.999872804 -0.005069767 -1.799238086 -0.045806132 0.005757872 0.998933792 96.278831482
0.998686075 -0.016094942 0.048652660 -0.884352207 0.016494244 0.999833345 -0.007816885 -1.847235322 -0.048518728 0.008609101 0.998785198 97.412948608
0.998624682 -0.015253301 0.050160054 -0.819139957 0.015822224 0.999814630 -0.010964641 -1.858338833 -0.049983509 0.011743204 0.998681068 98.581039429
0.998506427 -0.015475844 0.052396704 -0.774349689 0.016113251 0.999800980 -0.011764432 -1.892644167 -0.052204210 0.012591140 0.998557031 99.757492065
0.998515546 -0.015520008 0.052208614 -0.715351105 0.016116297 0.999809444 -0.011019683 -1.926765203 -0.052027628 0.011844735 0.998575449 100.920684814
0.998565257 -0.015232394 0.051335506 -0.661188602 0.015745319 0.999829888 -0.009602029 -1.943441629 -0.051180512 0.010396545 0.998635292 102.099555969
0.998618722 -0.016343279 0.049934782 -0.619520187 0.016732110 0.999832809 -0.007378648 -1.997845411 -0.049805835 0.008203972 0.998725235 103.271369934
0.998692274 -0.015340346 0.048769001 -0.560853958 0.015678575 0.999855578 -0.006560354 -2.029139996 -0.048661310 0.007316402 0.998788536 104.475479126
0.998800695 -0.014850822 0.046655089 -0.544579506 0.015166072 0.999864399 -0.006410290 -2.048508167 -0.046553567 0.007110175 0.998890519 105.649581909
0.998963952 -0.014274265 0.043210670 -0.463144779 0.014569378 0.999872565 -0.006522436 -2.070536137 -0.043112073 0.007145231 0.999044716 106.873588562
0.999146938 -0.013081412 0.039170913 -0.425483704 0.013358999 0.999887347 -0.006833226 -2.103564262 -0.039077118 0.007350679 0.999209166 108.072807312
0.999301672 -0.012891142 0.035072669 -0.396478653 0.013122079 0.999893546 -0.006362337 -2.133064032 -0.034986921 0.006818120 0.999364555 109.250282288
0.999429166 -0.012231342 0.031491227 -0.353002310 0.012414993 0.999907017 -0.005642889 -2.151329517 -0.031419277 0.006030632 0.999488056 110.482093811
0.999566793 -0.011804955 0.026958346 -0.325307369 0.011929370 0.999918878 -0.004458937 -2.190734625 -0.026903523 0.004778603 0.999626577 111.646957397
0.999678493 -0.011860453 0.022407163 -0.289920568 0.011961379 0.999918878 -0.004375619 -2.204747677 -0.022353450 0.004642234 0.999739349 112.907646179
0.999778152 -0.011377174 0.017722836 -0.278810263 0.011457006 0.999924600 -0.004409382 -2.229509115 -0.017671335 0.004611455 0.999833167 114.124824524
0.999873757 -0.010481050 0.011939460 -0.261506557 0.010535018 0.999934494 -0.004466459 -2.257980108 -0.011891862 0.004591678 0.999918759 115.370880127
0.999919116 -0.010308396 0.007449799 -0.246041834 0.010345253 0.999934375 -0.004925753 -2.280040026 -0.007398534 0.005002424 0.999960124 116.560432434
0.999954104 -0.009253569 0.002484670 -0.252961338 0.009266676 0.999942958 -0.005317772 -2.308892488 -0.002435320 0.005340551 0.999982774 117.780364990
0.999973714 -0.007217855 -0.000659286 -0.258415550 0.007214074 0.999958456 -0.005566902 -2.333927631 0.000699439 0.005561999 0.999984264 119.021392822
0.999981642 -0.005241664 -0.003044051 -0.258012474 0.005225239 0.999971867 -0.005378811 -2.365468979 0.003072160 0.005362806 0.999980927 120.267814636
0.999983549 -0.004377465 -0.003709537 -0.282789767 0.004356388 0.999974430 -0.005671107 -2.391644001 0.003734267 0.005654853 0.999977052 121.489662170
0.999985278 -0.002218586 -0.004948970 -0.293895364 0.002194496 0.999985754 -0.004867826 -2.428992748 0.004959701 0.004856893 0.999975920 122.731971741
0.999981463 -0.000873016 -0.006045433 -0.304812700 0.000844271 0.999988437 -0.004755732 -2.442662239 0.006049516 0.004750540 0.999970376 123.984901428
0.999978304 -0.001231154 -0.006476787 -0.322169691 0.001201550 0.999988794 -0.004572606 -2.469577312 0.006482345 0.004564724 0.999968588 125.237655640
0.999967694 0.002805170 -0.007531588 -0.343596280 -0.002823099 0.999993205 -0.002370954 -2.489569187 0.007524883 0.002392140 0.999968827 126.474731445
0.999959171 0.003763004 -0.008217037 -0.363875091 -0.003755921 0.999992549 0.000877236 -2.509884834 0.008220278 -0.000846338 0.999965847 127.716941833
0.999961853 0.002514500 -0.008379871 -0.384032071 -0.002510053 0.999996722 0.000541216 -2.534859657 0.008381206 -0.000520162 0.999964714 128.976715088
0.999960601 0.002252135 -0.008592688 -0.410505474 -0.002261213 0.999996901 -0.001046951 -2.552436113 0.008590303 0.001066339 0.999962449 130.240478516
0.999955535 -0.000500324 -0.009417241 -0.417312741 0.000499178 0.999999821 -0.000124025 -2.575145483 0.009417305 0.000119319 0.999955595 131.498550415
0.999939024 -0.002579664 -0.010730367 -0.427876472 0.002598369 0.999995053 0.001729589 -2.594161510 0.010725852 -0.001757365 0.999940932 132.742202759
0.999922931 -0.005767316 -0.010991696 -0.432340384 0.005806983 0.999976754 0.003580338 -2.612991571 0.010970791 -0.003643891 0.999933183 133.999710083
0.999902427 -0.007923524 -0.011504399 -0.455138087 0.007980295 0.999956131 0.004897208 -2.634489536 0.011465090 -0.004988538 0.999921799 135.266769409
0.999865532 -0.012403524 -0.010732170 -0.477193177 0.012433307 0.999918997 0.002712879 -2.644259453 0.010697654 -0.002845950 0.999938726 136.543594360
0.999831557 -0.014562406 -0.011170450 -0.488640308 0.014587057 0.999891281 0.002128604 -2.671911240 0.011138238 -0.002291189 0.999935329 137.795166016
0.999812901 -0.015865635 -0.011059592 -0.503212333 0.015888326 0.999871790 0.001966997 -2.692072392 0.011026965 -0.002142348 0.999936879 139.071594238
0.999820709 -0.015638620 -0.010685869 -0.523957372 0.015660141 0.999875426 0.001933282 -2.704659700 0.010654304 -0.002100277 0.999941051 140.346649170
0.999852717 -0.014441435 -0.009273116 -0.543619156 0.014474313 0.999889076 0.003488359 -2.705465078 0.009221712 -0.003622067 0.999950945 141.643325806
0.999878824 -0.012361553 -0.009464686 -0.557444334 0.012416977 0.999905944 0.005819449 -2.743832350 0.009391859 -0.005936267 0.999938190 142.891189575
0.999869227 -0.013471186 -0.008950732 -0.574987113 0.013508217 0.999900401 0.004089789 -2.762337685 0.008894746 -0.004210163 0.999951541 144.146591187
0.999893129 -0.012097745 -0.008198424 -0.601148665 0.012117625 0.999923706 0.002379982 -2.781107187 0.008169007 -0.002479073 0.999963522 145.436187744
0.999894142 -0.012285528 -0.007781248 -0.612947166 0.012283031 0.999924421 -0.000368644 -2.799374819 0.007785188 0.000273028 0.999969661 146.726516724
0.999882936 -0.013500356 -0.007196886 -0.631679654 0.013470971 0.999900758 -0.004116203 -2.830305576 0.007251743 0.004018771 0.999965608 147.977691650
0.999892890 -0.013330218 -0.006036638 -0.660276353 0.013285157 0.999884009 -0.007444521 -2.860527992 0.006135176 0.007363525 0.999954104 149.250076294
0.999881744 -0.013943510 -0.006489774 -0.657189369 0.013888578 0.999867916 -0.008433740 -2.892255783 0.006606513 0.008342609 0.999943316 150.523498535
0.999877930 -0.014267399 -0.006378106 -0.670246661 0.014215514 0.999866068 -0.008107192 -2.930004120 0.006492920 0.008015534 0.999946773 151.785934448
0.999877512 -0.014119809 -0.006738977 -0.684778452 0.014067332 0.999870837 -0.007771656 -2.955643654 0.006847840 0.007675905 0.999947071 153.055267334
0.999893546 -0.013033470 -0.006555196 -0.708910525 0.012990370 0.999894083 -0.006575114 -2.991054535 0.006640198 0.006489259 0.999956906 154.330245972
0.999893069 -0.012883293 -0.006912128 -0.726518273 0.012840888 0.999898672 -0.006144643 -3.016197920 0.006990589 0.006055228 0.999957144 155.591278076
0.999891698 -0.012716618 -0.007404471 -0.747312427 0.012668947 0.999898911 -0.006450051 -3.053243876 0.007485745 0.006355545 0.999951661 156.832977295
0.999886692 -0.012359073 -0.008593904 -0.743600547 0.012306741 0.999905527 -0.006115927 -3.079906702 0.008668681 0.006009471 0.999944329 158.110687256
0.999872029 -0.012775298 -0.009626310 -0.753067732 0.012726641 0.999906063 -0.005099091 -3.105240345 0.009690548 0.004975928 0.999940693 159.375320435
0.999882400 -0.011672374 -0.009943037 -0.775913298 0.011626385 0.999921501 -0.004670643 -3.137527227 0.009996773 0.004554493 0.999939680 160.624816895
0.999875486 -0.011516151 -0.010783225 -0.793300986 0.011452073 0.999916553 -0.005985375 -3.163842201 0.010851252 0.005861141 0.999923944 161.871337891
0.999877572 -0.010683757 -0.011422443 -0.814315081 0.010608755 0.999921799 -0.006606823 -3.203970909 0.011492138 0.006484837 0.999912918 163.129913330
0.999881089 -0.009890982 -0.011826010 -0.838847637 0.009815112 0.999930978 -0.006456555 -3.239513397 0.011889055 0.006339714 0.999909222 164.394958496
0.999857724 -0.010826485 -0.012934873 -0.853855133 0.010732509 0.999915659 -0.007312654 -3.271675110 0.013012953 0.007172790 0.999889553 165.670318604
0.999851346 -0.010549511 -0.013633815 -0.878940225 0.010431702 0.999907851 -0.008683379 -3.298251152 0.013724161 0.008539864 0.999869287 166.920745850
0.999848723 -0.010317476 -0.013997036 -0.912388921 0.010204609 0.999915063 -0.008111109 -3.336081505 0.014079534 0.007967048 0.999869108 168.191192627
0.999833524 -0.010343082 -0.015032792 -0.936248899 0.010241345 0.999924302 -0.006829092 -3.370246410 0.015102288 0.006673999 0.999863625 169.448257446
0.999751329 -0.014627738 -0.016831854 -0.904831529 0.014541000 0.999880373 -0.005264270 -3.344928741 0.016906844 0.005018209 0.999844491 170.702270508
0.999741614 -0.013998475 -0.017908018 -0.932020664 0.013917099 0.999892414 -0.004660707 -3.378508091 0.017971329 0.004410276 0.999828756 171.950881958
0.999817252 -0.008935591 -0.016900374 -1.020601630 0.008840339 0.999944627 -0.005702470 -3.454569817 0.016950395 0.005552023 0.999840915 173.210220337
0.999795198 -0.009585376 -0.017827010 -1.042210817 0.009469996 0.999933720 -0.006545285 -3.497129679 0.017888566 0.006375121 0.999819696 174.474304199
0.999797821 -0.008574755 -0.018188968 -1.080927134 0.008448469 0.999939799 -0.007008477 -3.526256561 0.018247968 0.006853390 0.999810040 175.734344482
0.999795139 -0.007162715 -0.018930526 -1.096271515 0.007040755 0.999954045 -0.006501261 -3.549440861 0.018976228 0.006366643 0.999799609 176.978317261
0.999719381 -0.011835750 -0.020519488 -1.083891153 0.011690991 0.999905944 -0.007160353 -3.518580437 0.020602304 0.006918451 0.999763727 178.242355347
0.999702454 -0.013320678 -0.020432450 -1.118239880 0.013139808 0.999873519 -0.008960960 -3.545720100 0.020549228 0.008689815 0.999751031 179.510055542
0.999654293 -0.017499797 -0.019623352 -1.170296907 0.017372482 0.999826968 -0.006639921 -3.629081964 0.019736156 0.006296719 0.999785423 180.810729980
0.999645889 -0.017358227 -0.020167906 -1.194213867 0.017301029 0.999845743 -0.003007057 -3.657805920 0.020216994 0.002657065 0.999792099 182.072662354
0.999622881 -0.018449111 -0.020339491 -1.225374460 0.018483996 0.999827921 0.001528314 -3.684376955 0.020307796 -0.001903693 0.999791980 183.335052490
0.999671102 -0.016358055 -0.019750688 -1.266155481 0.016370427 0.999866009 0.000464929 -3.717465639 0.019740433 -0.000788103 0.999804795 184.569427490
0.999727786 -0.013789819 -0.018820217 -1.295981407 0.013711064 0.999896705 -0.004307309 -3.722492695 0.018877670 0.004048091 0.999813616 185.875823975
0.999739349 -0.012669253 -0.018991759 -1.333683014 0.012551551 0.999901295 -0.006303982 -3.748571634 0.019069750 0.006063963 0.999799728 187.143554688
0.999729514 -0.013225744 -0.019127268 -1.356301069 0.013115238 0.999896586 -0.005891566 -3.779888153 0.019203210 0.005639113 0.999799669 188.372589111
0.999738693 -0.013264386 -0.018618586 -1.383257866 0.013181758 0.999902785 -0.004553734 -3.815028906 0.018677175 0.004307118 0.999816298 189.526382446
0.999723613 -0.013717399 -0.019092984 -1.413053513 0.013678834 0.999904096 -0.002149062 -3.849125385 0.019120634 0.001887299 0.999815404 190.857482910
0.999726892 -0.014588267 -0.018256476 -1.444881916 0.014571873 0.999893308 -0.001030584 -3.880720139 0.018269563 0.000764271 0.999832809 192.116729736
0.999746561 -0.014773375 -0.016983658 -1.480695367 0.014744876 0.999889672 -0.001802069 -3.904308319 0.017008405 0.001551190 0.999854147 193.369674683
0.999762237 -0.015333395 -0.015503479 -1.488117814 0.015284345 0.999877810 -0.003277350 -3.930956364 0.015551839 0.003039610 0.999874353 194.538467407
0.999781787 -0.015264170 -0.014261412 -1.519749284 0.015195935 0.999872565 -0.004880681 -3.958302498 0.014334095 0.004662901 0.999886274 195.769500732
0.999795735 -0.015743498 -0.012670504 -1.553373098 0.015676415 0.999862671 -0.005376281 -3.994919300 0.012753405 0.005176555 0.999905229 196.993881226
0.999800205 -0.016005039 -0.011974557 -1.546203136 0.015955197 0.999863684 -0.004246487 -4.020934105 0.012040893 0.004054582 0.999919295 198.160568237
0.999798596 -0.017078642 -0.010538736 -1.571440458 0.017058937 0.999852538 -0.001956960 -4.052927017 0.010570606 0.001776786 0.999942541 199.371490479
0.999833941 -0.015556837 -0.009490723 -1.580783010 0.015538326 0.999877214 -0.002020803 -4.074213028 0.009520994 0.001872997 0.999952912 200.602569580
0.999846280 -0.015654165 -0.007890311 -1.604088783 0.015639435 0.999875724 -0.001924889 -4.099480152 0.007919464 0.001801193 0.999966979 201.812438965
0.999851942 -0.015416977 -0.007646893 -1.605135202 0.015405715 0.999880135 -0.001529924 -4.132456303 0.007669564 0.001411892 0.999969602 203.008712769
0.999849021 -0.016090279 -0.006562824 -1.617936254 0.016080212 0.999869347 -0.001584117 -4.160023689 0.006587456 0.001478346 0.999977231 204.211944580
0.999872863 -0.015040702 -0.005316564 -1.639389873 0.015030526 0.999885142 -0.001949225 -4.175123215 0.005345270 0.001869066 0.999983907 205.349761963
0.999868095 -0.015587059 -0.004545542 -1.640003085 0.015580165 0.999877393 -0.001548080 -4.206718445 0.004569114 0.001477056 0.999988496 206.518554688
0.999853134 -0.016444882 -0.004826169 -1.635824084 0.016437152 0.999863505 -0.001637798 -4.230722427 0.004852443 0.001558229 0.999987006 207.664184570
0.999858081 -0.016322859 -0.004171118 -1.659872770 0.016320573 0.999866605 -0.000581776 -4.264821529 0.004180059 0.000513618 0.999991059 208.821853638
0.999842107 -0.017036472 -0.005058563 -1.653228521 0.017037714 0.999854863 0.000202331 -4.282732010 0.005054383 -0.000288485 0.999987245 209.954025269
0.999851644 -0.016487630 -0.004981642 -1.676615238 0.016490201 0.999863863 0.000474257 -4.316538334 0.004973144 -0.000556335 0.999987423 211.053680420
0.999849319 -0.016369732 -0.005784414 -1.679988623 0.016365184 0.999865711 -0.000832696 -4.338316441 0.005797268 0.000737908 0.999982893 212.164672852
0.999855518 -0.015922613 -0.005946959 -1.697370172 0.015915459 0.999872565 -0.001249110 -4.364639759 0.005966092 0.001154281 0.999981523 213.239807129
0.999845743 -0.016105980 -0.006997576 -1.701752663 0.016095780 0.999869347 -0.001511507 -4.393107891 0.007021007 0.001398643 0.999974310 214.317535400
0.999837697 -0.015769543 -0.008715308 -1.717854857 0.015758822 0.999875009 -0.001297479 -4.417844772 0.008734680 0.001159926 0.999961197 215.368133545
0.999811649 -0.016486786 -0.010245022 -1.739270926 0.016489491 0.999864101 0.000179415 -4.448117733 0.010240671 -0.000348317 0.999947488 216.392349243
0.999770463 -0.017444681 -0.012435642 -1.748386383 0.017460203 0.999847054 0.001140919 -4.462558270 0.012413832 -0.001357786 0.999922037 217.431274414
0.999737322 -0.017815921 -0.014422309 -1.772341728 0.017848020 0.999838591 0.002100057 -4.469576836 0.014382567 -0.002356915 0.999893785 218.466308594
0.999715626 -0.016720621 -0.017005092 -1.786120772 0.016785646 0.999852419 0.003688346 -4.514976978 0.016940907 -0.003972739 0.999848604 219.473693848
0.999642551 -0.016984997 -0.020648006 -1.790837526 0.017041890 0.999851465 0.002582619 -4.528584957 0.020601073 -0.002933577 0.999783456 220.454864502
0.999616086 -0.016450195 -0.022293760 -1.840966463 0.016504923 0.999861121 0.002273049 -4.539697170 0.022253275 -0.002640133 0.999748826 221.419311523
0.999541283 -0.015923798 -0.025758520 -1.873614788 0.015976755 0.999870598 0.001851453 -4.551238537 0.025725707 -0.002262142 0.999666512 222.377243042
0.999473870 -0.015446292 -0.028519254 -1.893696785 0.015512382 0.999877393 0.002097466 -4.575052738 0.028483367 -0.002538765 0.999590993 223.281097412
0.999369919 -0.015550850 -0.031903915 -1.923042774 0.015605766 0.999877095 0.001472946 -4.588034630 0.031877093 -0.001969903 0.999489844 224.181961060
0.999253213 -0.015592614 -0.035352100 -1.938606262 0.015632052 0.999877453 0.000839459 -4.607109547 0.035334677 -0.001391459 0.999374568 225.051315308
0.999160647 -0.014285360 -0.038391050 -1.980279446 0.014334489 0.999896705 0.001004609 -4.630190849 0.038372744 -0.001554082 0.999262333 225.903869629
0.999008834 -0.014329482 -0.042142645 -1.987397194 0.014362578 0.999896765 0.000482662 -4.651652336 0.042131383 -0.001087460 0.999111474 226.716781616
0.998911440 -0.012912885 -0.044822946 -2.022215843 0.012904227 0.999916673 -0.000482524 -4.661766529 0.044825446 -0.000096407 0.998994768 227.540130615
0.998897314 -0.011976141 -0.045394983 -2.068243980 0.012006131 0.999927819 0.000388021 -4.682339191 0.045387059 -0.000932611 0.998969018 228.327529907
0.998879075 -0.012021450 -0.045781553 -2.100650787 0.012104743 0.999925494 0.001542567 -4.701884747 0.045759596 -0.002095012 0.998950303 229.108367920
0.998930037 -0.011509552 -0.044792071 -2.146912575 0.011616919 0.999930263 0.002137485 -4.714148045 0.044764344 -0.002655544 0.998994052 229.865829468
0.998914421 -0.012604366 -0.044845194 -2.179019928 0.012695317 0.999917924 0.001743889 -4.733067513 0.044819538 -0.002311320 0.998992443 230.604537964
0.998967171 -0.011636768 -0.043922897 -2.219736576 0.011646827 0.999932170 -0.000026864 -4.749788284 0.043920230 -0.000484726 0.999034941 231.338912964
0.998979926 -0.011650679 -0.043628182 -2.239691734 0.011579706 0.999931157 -0.001879168 -4.766783714 0.043647073 0.001372049 0.999046087 232.081542969
0.999063373 -0.011153475 -0.041812170 -2.285486221 0.011012726 0.999932826 -0.003595119 -4.780338287 0.041849468 0.003131286 0.999118984 232.807083130
0.999106050 -0.010713821 -0.040894456 -2.309932232 0.010552795 0.999935746 -0.004151450 -4.795380116 0.040936302 0.003716189 0.999154866 233.534606934
0.999192417 -0.010950017 -0.038659874 -2.349260807 0.010798397 0.999933183 -0.004128588 -4.813602924 0.038702499 0.003707790 0.999243915 234.252944946
0.999237835 -0.011408803 -0.037331536 -2.372628689 0.011255790 0.999927402 -0.004306377 -4.827812195 0.037377954 0.003882899 0.999293685 234.958786011
0.999319136 -0.011444498 -0.035075039 -2.404472828 0.011298509 0.999926686 -0.004357568 -4.846653938 0.035122328 0.003958304 0.999375165 235.688247681
0.999383390 -0.011860579 -0.033046544 -2.426818371 0.011711839 0.999920428 -0.004690913 -4.865090370 0.033099547 0.004300985 0.999442816 236.398162842
0.999464035 -0.012157330 -0.030394936 -2.447339535 0.012047587 0.999920189 -0.003791152 -4.887626171 0.030438600 0.003422935 0.999530852 237.099182129
0.999551654 -0.012892138 -0.027023582 -2.471554279 0.012810388 0.999912858 -0.003196089 -4.901790142 0.027062433 0.002848474 0.999629617 237.807800293
0.999616623 -0.013618691 -0.024109427 -2.488731384 0.013546381 0.999903321 -0.003160031 -4.914539337 0.024150128 0.002832225 0.999704361 238.511734009
0.999680459 -0.013846220 -0.021145374 -2.503390551 0.013785293 0.999900401 -0.003024419 -4.929991245 0.021185150 0.002731957 0.999771833 239.215179443
0.999733388 -0.014264918 -0.018160986 -2.515039921 0.014204451 0.999893129 -0.003454376 -4.943298340 0.018208321 0.003195488 0.999829113 239.900177002
0.999787331 -0.014195547 -0.014957909 -2.533183098 0.014145520 0.999893963 -0.003445263 -4.960719585 0.015005230 0.003232943 0.999882162 240.598602295
0.999830663 -0.013614165 -0.012379212 -2.538048267 0.013563843 0.999899447 -0.004140092 -4.976143837 0.012434332 0.003971482 0.999914825 241.292037964
0.999871314 -0.013146357 -0.009187372 -2.547557354 0.013100684 0.999901593 -0.005013909 -4.982822418 0.009252382 0.004892903 0.999945223 241.981521606
0.999895513 -0.013025916 -0.006265466 -2.557724953 0.013000655 0.999907196 -0.004055761 -5.003107071 0.006317714 0.003973881 0.999972165 242.689224243
0.999908924 -0.012983631 -0.003679333 -2.566002846 0.012970536 0.999909461 -0.003561245 -5.015192986 0.003725238 0.003513197 0.999986947 243.387680054
0.999910057 -0.013309930 -0.001620919 -2.564469099 0.013304288 0.999905586 -0.003442195 -5.033838272 0.001666581 0.003420321 0.999992788 244.112258911
0.999906123 -0.013670657 0.000903465 -2.572700739 0.013674709 0.999895751 -0.004641924 -5.050447941 -0.000839913 0.004653843 0.999988854 244.807952881
0.999918520 -0.012570465 0.002221963 -2.563885927 0.012587515 0.999890089 -0.007833377 -5.060115337 -0.002123250 0.007860709 0.999966860 245.539306641
0.999898255 -0.013965645 0.002884367 -2.562328815 0.013992627 0.999856412 -0.009556103 -5.074573517 -0.002750495 0.009595492 0.999950171 246.255508423
0.999976039 -0.004367763 0.005373910 -2.533303022 0.004417405 0.999947309 -0.009260803 -5.087623596 -0.005333178 0.009284318 0.999942660 247.003082275
0.999962986 -0.006659922 0.005456768 -2.533237934 0.006710922 0.999933481 -0.009381844 -5.109191895 -0.005393923 0.009418115 0.999941051 247.735488892
0.999974489 -0.004218190 0.005769389 -2.532201290 0.004276102 0.999940157 -0.010062593 -5.123956203 -0.005726599 0.010087007 0.999932647 248.487289429
0.999969602 -0.005189748 0.005824006 -2.522969246 0.005246649 0.999938190 -0.009797568 -5.148373604 -0.005772800 0.009827827 0.999934971 249.260559082
0.999892533 -0.014074312 0.004105492 -2.564621449 0.014125912 0.999818027 -0.012822736 -5.165842533 -0.003924275 0.012879353 0.999909282 249.965759277
0.999821007 -0.018272469 0.004899418 -2.564908028 0.018342003 0.999725938 -0.014544598 -5.191238880 -0.004632310 0.014631861 0.999882162 250.710433960
0.999763191 -0.021155261 0.005119539 -2.552780390 0.021232828 0.999652922 -0.015604253 -5.208253860 -0.004787650 0.015709257 0.999865115 251.486373901
0.999809921 -0.018699629 0.005527114 -2.550496340 0.018764891 0.999751925 -0.012001629 -5.225986481 -0.005301318 0.012103063 0.999912620 252.253723145
0.999924719 -0.010154095 0.006879833 -2.555880070 0.010188865 0.999935389 -0.005038107 -5.249737740 -0.006828231 0.005107825 0.999963582 253.058868408
0.999912322 -0.011126057 0.007177844 -2.544439316 0.011138416 0.999936521 -0.001684088 -5.267303467 -0.007158651 0.001763890 0.999972820 253.834228516
0.999879658 -0.011616061 0.010273377 -2.542081594 0.011653348 0.999925673 -0.003576961 -5.284789085 -0.010231063 0.003696250 0.999940872 254.636520386
0.999831498 -0.011574089 0.014250152 -2.534120321 0.011706474 0.999888659 -0.009242014 -5.308662415 -0.014141599 0.009407276 0.999855697 255.412139893
0.999795198 -0.004025131 0.019833311 -2.478736877 0.004300711 0.999894559 -0.013871736 -5.303376675 -0.019775383 0.013954192 0.999707043 256.260650635
0.999740839 -0.001425571 0.022721253 -2.455418110 0.001735919 0.999905467 -0.013645101 -5.314557076 -0.022699652 0.013681008 0.999648690 257.075286865
0.999646425 -0.004550314 0.026198361 -2.438579559 0.004832191 0.999931097 -0.010706135 -5.353511333 -0.026147831 0.010828942 0.999599397 257.887634277
0.999569833 -0.007434338 0.028375236 -2.422109127 0.007678261 0.999934375 -0.008497059 -5.348697662 -0.028310206 0.008711275 0.999561250 258.803314209
0.999488413 -0.009950786 0.030397264 -2.377424717 0.010172926 0.999922633 -0.007162056 -5.366543770 -0.030323640 0.007467622 0.999512255 259.640899658
0.999326289 -0.003360460 0.036545362 -2.363681793 0.003618482 0.999969006 -0.006996405 -5.421100140 -0.036520712 0.007123930 0.999307513 260.394897461
0.999244094 -0.001046346 0.038860358 -2.326100349 0.001408450 0.999955833 -0.009291870 -5.440163612 -0.038848922 0.009339580 0.999201417 261.240966797
0.999163568 -0.000868098 0.040882170 -2.291413307 0.001314619 0.999939859 -0.010896554 -5.474554062 -0.040870249 0.010941186 0.999104559 262.065917969
0.999015093 0.002283108 0.044311728 -2.287916183 -0.001760918 0.999928594 -0.011819881 -5.485917091 -0.044335555 0.011730211 0.998947799 262.922210693
0.998905778 0.003194253 0.046657756 -2.246486664 -0.002740854 0.999948382 -0.009778287 -5.505764961 -0.046686586 0.009639706 0.998863041 263.756958008
0.998753905 0.008479988 0.049180493 -2.239808083 -0.008116304 0.999938190 -0.007589895 -5.544414520 -0.049241822 0.007181276 0.998760998 264.586059570
0.998566806 0.009381011 0.052691367 -2.206857681 -0.008970865 0.999927640 -0.008015089 -5.557844162 -0.052762739 0.007530916 0.998578608 265.426574707
0.998439729 0.009579663 0.055011138 -2.168839455 -0.009106443 0.999919415 -0.008846478 -5.571949482 -0.055091448 0.008331719 0.998446524 266.278930664
0.998348594 0.008416272 0.056824841 -2.101700783 -0.007874223 0.999921381 -0.009756083 -5.584850788 -0.056902491 0.009292521 0.998336494 267.138214111
0.998171091 0.001300509 0.060437784 -2.040491104 -0.000762284 0.999960005 -0.008927584 -5.603921890 -0.060446974 0.008865186 0.998131990 268.013275146
0.998129904 0.000317361 0.061128013 -1.989053726 0.000246098 0.999957621 -0.009209903 -5.622460842 -0.061128352 0.009207723 0.998087406 268.861206055
0.998123705 0.003681318 0.061118577 -1.977046967 -0.003151813 0.999956608 -0.008757722 -5.654776096 -0.061148174 0.008548655 0.998092055 269.677429199
0.998079836 0.002374304 0.061894115 -1.935131073 -0.001876449 0.999965489 -0.008100534 -5.686619759 -0.061911207 0.007968839 0.998049915 270.528503418
0.998112082 0.002916625 0.061349425 -1.882717133 -0.002447113 0.999967158 -0.007726781 -5.703510284 -0.061369937 0.007562065 0.998086452 271.401489258
0.998132885 0.004399088 0.060921088 -1.831199646 -0.003942237 0.999963224 -0.007617247 -5.717711449 -0.060952350 0.007362859 0.998113513 272.260986328
0.998214841 0.003694917 0.059611227 -1.785987854 -0.003188576 0.999958038 -0.008586885 -5.737429619 -0.059640456 0.008381483 0.998184741 273.118957520
0.998310566 0.003604376 0.057992578 -1.739764214 -0.003112681 0.999958456 -0.008566669 -5.773340225 -0.058021050 0.008371684 0.998280287 273.979339600
0.998420119 0.004234680 0.056029476 -1.688389778 -0.003691777 0.999945283 -0.009789565 -5.788176537 -0.056067873 0.009567252 0.998381138 274.846313477
0.998474240 0.006769851 0.054803375 -1.650012970 -0.006195481 0.999924123 -0.010643679 -5.800918579 -0.054871280 0.010287904 0.998440504 275.694274902
0.998568237 0.006922456 0.053045478 -1.618800163 -0.006374875 0.999924719 -0.010485196 -5.836822510 -0.053114075 0.010132026 0.998537064 276.539001465
0.998665810 0.007777715 0.051051646 -1.584103584 -0.007279512 0.999924123 -0.009937547 -5.855343819 -0.051125076 0.009552658 0.998646557 277.383392334
0.998818815 0.007310974 0.048036538 -1.544384003 -0.006905894 0.999939203 -0.008593283 -5.881659508 -0.048096444 0.008251397 0.998808622 278.256652832
0.999016464 0.006363674 0.043881699 -1.512548447 -0.006086952 0.999960721 -0.006436827 -5.900647640 -0.043920934 0.006163389 0.999015987 279.109252930
0.999230683 0.004886796 0.038911667 -1.478609085 -0.004726332 0.999979913 -0.004214663 -5.928651333 -0.038931482 0.004027513 0.999233782 279.952636719
0.999411047 0.003938302 0.034087799 -1.454550743 -0.003842268 0.999988437 -0.002882304 -5.949731827 -0.034098759 0.002749634 0.999414742 280.797363281
0.999557555 0.004222923 0.029443406 -1.443203926 -0.004156195 0.999988675 -0.002327107 -5.964634418 -0.029452898 0.002203705 0.999563754 281.618347168
0.999685168 0.003170086 0.024888895 -1.425827503 -0.003133030 0.999993861 -0.001527593 -5.985095024 -0.024893591 0.001449135 0.999689043 282.418029785
0.999784470 0.002885199 0.020560637 -1.421606064 -0.002837920 0.999993265 -0.002328312 -5.989709854 -0.020567218 0.002269460 0.999785900 283.229003906
0.999865115 0.002117247 0.016283853 -1.409812450 -0.002088744 0.999996245 -0.001767344 -6.015768528 -0.016287532 0.001733094 0.999865830 283.998504639
0.999926269 0.002172915 0.011946009 -1.405481339 -0.002153063 0.999996245 -0.001674394 -6.035555363 -0.011949604 0.001648550 0.999927223 284.779754639
0.999960542 0.003132904 0.008310743 -1.402695894 -0.003116530 0.999993205 -0.001982604 -6.053408623 -0.008316898 0.001956625 0.999963522 285.519256592
