0.999969840 0.007381493 -0.002411267 -0.053008202 -0.007413637 0.999879956 -0.013605810 -0.099505939 0.002310546 0.013623277 0.999904454 0.993177533
0.999997079 -0.001256152 0.002066435 -0.003436407 0.001267314 0.999984562 -0.005409372 -0.001209205 -0.002059608 0.005411975 0.999983251 1.929394603
0.999992132 0.003664468 -0.001528313 -0.058021635 -0.003680225 0.999938726 -0.010437801 -0.115314394 0.001489970 0.010443343 0.999944329 2.910315990
0.999985218 -0.005198778 0.001669539 -0.004616308 0.005190904 0.999975502 0.004686705 -0.003883947 -0.001693863 -0.004677968 0.999987543 3.838684559
0.999961317 -0.008789067 0.000300222 -0.002890937 0.008787498 0.999949396 0.004881809 -0.003719565 -0.000343113 -0.004878982 0.999988019 4.785634041
0.999980032 -0.004618430 -0.004319891 -0.069201887 0.004587007 0.999963164 -0.007255675 -0.136289701 0.004353242 0.007235715 0.999964356 5.739315033
0.999976635 -0.001249877 -0.006723398 -0.066203058 0.001148702 0.999886394 -0.015031066 -0.131627217 0.006741421 0.015022991 0.999864399 6.669880867
0.999976158 -0.000734173 -0.006866956 -0.076903015 0.000632272 0.999889851 -0.014829951 -0.144931421 0.006877088 0.014825257 0.999866426 7.603814602
0.999975145 0.000003527 -0.007044806 -0.091762125 -0.000090757 0.999923289 -0.012381922 -0.156295344 0.007044222 0.012382252 0.999898553 8.528883934
0.999969125 0.000144712 -0.007859751 -0.099858485 -0.000219452 0.999954700 -0.009509276 -0.166457430 0.007858019 0.009510705 0.999923885 9.456783295
0.999961257 -0.000114323 -0.008803727 -0.108651713 0.000046373 0.999970198 -0.007717825 -0.179191992 0.008804348 0.007717117 0.999931455 10.378947258
0.999959767 -0.000528087 -0.008954060 -0.113717020 0.000470673 0.999979317 -0.006412846 -0.179336503 0.008957261 0.006408373 0.999939322 11.295396805
0.999949157 -0.000752339 -0.010057629 -0.118150495 0.000688443 0.999979556 -0.006355219 -0.190123469 0.010062205 0.006347972 0.999929249 12.209231377
0.999936700 -0.001220110 -0.011189258 -0.124732606 0.001137215 0.999971807 -0.007411855 -0.201293081 0.011197985 0.007398659 0.999909997 13.108663559
0.999943376 0.002669016 -0.010293323 -0.142472669 -0.002741577 0.999971390 -0.007041781 -0.204531968 0.010274233 0.007069602 0.999922216 14.019696236
0.999928653 0.001328115 -0.011867973 -0.157696977 -0.001429746 0.999962330 -0.008559122 -0.204084247 0.011856158 0.008575479 0.999892950 14.921025276
0.999693334 0.021552583 -0.012194920 -0.160801470 -0.021636374 0.999742925 -0.006781191 -0.211187392 0.012045633 0.007042965 0.999902666 15.824486732
0.999572515 0.025793690 -0.013761796 -0.177892298 -0.025902662 0.999634027 -0.007800302 -0.213056311 0.013555561 0.008153435 0.999874830 16.721513748
0.999509692 0.026952619 -0.015936367 -0.187689036 -0.027071605 0.999606848 -0.007298341 -0.223464549 0.015733393 0.007726185 0.999846399 17.616949081
0.999501884 0.026746368 -0.016750388 -0.218003631 -0.026860235 0.999617279 -0.006610092 -0.226886362 0.016567182 0.007056719 0.999837875 18.506013870
0.999463141 0.027630471 -0.017604094 -0.248129904 -0.027725980 0.999602020 -0.005204746 -0.236126482 0.017453277 0.005690043 0.999831557 19.409074783
0.999358892 0.030573964 -0.018628852 -0.268918157 -0.030659398 0.999520540 -0.004317827 -0.237568691 0.018487908 0.004886208 0.999817133 20.279365540
0.999367297 0.029550450 -0.019795027 -0.294896483 -0.029648699 0.999549329 -0.004688185 -0.238666937 0.019647572 0.005272114 0.999793112 21.154525757
0.999332309 0.029106224 -0.022086240 -0.307831079 -0.029228412 0.999559045 -0.005229704 -0.242641777 0.021924283 0.005871758 0.999742329 22.020549774
0.999315917 0.029284097 -0.022587679 -0.339183152 -0.029392386 0.999557972 -0.004476937 -0.248257518 0.022446593 0.005137781 0.999734819 22.895458221
0.999069810 0.036358383 -0.023185670 -0.362397194 -0.036417227 0.999334395 -0.002120624 -0.245039240 0.023093140 0.002963009 0.999728858 23.745662689
0.999098480 0.035233751 -0.023683097 -0.386627614 -0.035224952 0.999379098 0.000788657 -0.247196093 0.023696180 0.000046289 0.999719262 24.597982407
0.998967707 0.038315613 -0.024406796 -0.403757930 -0.038263332 0.999264300 0.002605664 -0.248169318 0.024488682 -0.001669088 0.999698699 25.438541412
0.998931587 0.038804878 -0.025093041 -0.435715735 -0.038775861 0.999246597 0.001641752 -0.251635432 0.025137845 -0.000666993 0.999683738 26.276641846
0.998787820 0.041681968 -0.026181579 -0.453358501 -0.041706249 0.999129951 -0.000382003 -0.258029222 0.026142869 0.001473474 0.999657094 27.079669952
0.998761475 0.041701172 -0.027134474 -0.476648837 -0.041777536 0.999124348 -0.002253307 -0.256422997 0.027016751 0.003384128 0.999629259 27.886365891
0.998726130 0.041680187 -0.028438333 -0.498517275 -0.041720133 0.999128997 -0.000812636 -0.268177301 0.028379684 0.001998052 0.999595225 28.675537109
0.998675704 0.041741271 -0.030074941 -0.518704653 -0.041801896 0.999124885 -0.001389605 -0.270115197 0.029990625 0.002644953 0.999546707 29.471984863
0.998771966 0.038448475 -0.031245427 -0.561909437 -0.038506627 0.999257505 -0.001261125 -0.273552597 0.031173740 0.002462734 0.999510944 30.221921921
0.998706281 0.038545989 -0.033163935 -0.596010566 -0.038616758 0.999252915 -0.001495692 -0.269840032 0.033081502 0.002774441 0.999448836 30.984399796
0.998640001 0.038792308 -0.034831829 -0.632604361 -0.038817540 0.999246359 -0.000048147 -0.271020353 0.034803703 0.001400166 0.999393225 31.740543365
0.998587668 0.038095869 -0.037031732 -0.649029136 -0.038039375 0.999273717 0.002229260 -0.274411440 0.037089773 -0.000817447 0.999311626 32.501251221
0.998477876 0.039516602 -0.038477827 -0.694559157 -0.039409973 0.999216974 0.003526057 -0.271078765 0.038587037 -0.002004280 0.999253154 33.246807098
0.998336613 0.040852685 -0.040680841 -0.722622037 -0.040737901 0.999163270 0.003646889 -0.266985178 0.040795788 -0.001983571 0.999165535 33.966739655
0.998142242 0.043404691 -0.042758334 -0.759403825 -0.043289062 0.999055982 0.003627006 -0.275340497 0.042875398 -0.001769301 0.999078810 34.678073883
0.998020411 0.044768855 -0.044171520 -0.805311263 -0.044671781 0.998996615 0.003182953 -0.275557905 0.044269703 -0.001203433 0.999018848 35.382217407
0.998279870 0.036612023 -0.045790724 -0.827568114 -0.036406904 0.999322951 0.005305658 -0.274759412 0.045953970 -0.003629434 0.998936951 36.085372925
0.998179555 0.038360693 -0.046540432 -0.870585084 -0.038062755 0.999248862 0.007271326 -0.271332651 0.046784412 -0.005486632 0.998889863 36.754627228
0.998081625 0.040834356 -0.046536781 -0.909589529 -0.040519621 0.999149144 0.007686978 -0.266192913 0.046811085 -0.005786579 0.998886943 37.431743622
0.998310864 0.036657989 -0.045075696 -0.950174510 -0.036430348 0.999319136 0.005861614 -0.268529356 0.045259878 -0.004209591 0.998966396 38.096916199
0.998311639 0.038638335 -0.043369573 -0.982459366 -0.038558461 0.999252677 0.002677020 -0.267582536 0.043440595 -0.001000236 0.999055505 38.724502563
0.998396277 0.038535606 -0.041469991 -1.014406562 -0.038555328 0.999256432 0.000324544 -0.249391884 0.041451659 0.001274865 0.999139667 39.393558502
0.998475194 0.040005960 -0.038035426 -1.054791927 -0.040001314 0.999199212 0.000883556 -0.248653144 0.038040321 0.000639259 0.999275982 40.026077271
0.998408198 0.044518262 -0.034628611 -1.085679293 -0.044416707 0.999006271 0.003696754 -0.251286685 0.034758773 -0.002152781 0.999393463 40.663425446
0.997946262 0.055806745 -0.031446408 -1.096349120 -0.055617746 0.998428583 0.006853766 -0.247098356 0.031779476 -0.005090712 0.999481857 41.286079407
0.997788250 0.060808767 -0.026849933 -1.124987960 -0.060625121 0.998131573 0.007602474 -0.244887918 0.027262064 -0.005957879 0.999610543 41.874595642
0.997691870 0.064290501 -0.021856340 -1.135282755 -0.064141065 0.997912884 0.007471331 -0.235408008 0.022291057 -0.006052197 0.999733210 42.468746185
0.997519851 0.068580121 -0.015844522 -1.152323723 -0.068436354 0.997610807 0.009444255 -0.234502137 0.016454350 -0.008336489 0.999829888 43.039192200
0.997785747 0.065924227 -0.008800463 -1.165766716 -0.065828986 0.997773468 0.010706429 -0.232484519 0.009486683 -0.010103397 0.999903977 43.579044342
0.997609615 0.069074541 -0.001963275 -1.168371320 -0.069051214 0.997561395 0.010160725 -0.232201070 0.002660335 -0.010000869 0.999946535 44.117927551
0.997901261 0.064450011 0.006267383 -1.177334309 -0.064516202 0.997855961 0.011005445 -0.240469635 -0.005544644 -0.011386696 0.999919772 44.612266541
0.997534990 0.068819933 0.013699047 -1.175001144 -0.068965182 0.997564554 0.010429665 -0.238048881 -0.012947915 -0.011348713 0.999851763 45.105064392
0.997092724 0.073064238 0.021627828 -1.176667690 -0.073237404 0.997287631 0.007324988 -0.232258976 -0.021033969 -0.008887659 0.999739170 45.561878204
0.996700883 0.075554922 0.029645402 -1.170314074 -0.075716726 0.997119725 0.004371906 -0.236237317 -0.029229697 -0.006602135 0.999550879 46.005516052
0.996429563 0.075625986 0.037532967 -1.155582070 -0.075813830 0.997115433 0.003604866 -0.230842382 -0.037152074 -0.006437513 0.999288917 46.419849396
0.996177495 0.074709252 0.045265835 -1.122283220 -0.074998476 0.997172415 0.004722518 -0.228041813 -0.044785026 -0.008099333 0.998963833 46.818748474
0.995612502 0.076600641 0.053740848 -1.115034580 -0.076997161 0.997016966 0.005344156 -0.231376678 -0.053171173 -0.009458602 0.998540640 47.193321228
0.994890809 0.079330958 0.062441148 -1.090291977 -0.079805724 0.996797144 0.005142129 -0.227244243 -0.061833225 -0.010099018 0.998035431 47.544879913
0.993876696 0.084499843 0.071195938 -1.071053028 -0.085026555 0.996369064 0.004394781 -0.229436845 -0.070566095 -0.010421419 0.997452676 47.863296509
0.992929995 0.087885067 0.079788230 -1.038049936 -0.088507578 0.996066332 0.004292452 -0.232468218 -0.079097129 -0.011323972 0.996802628 48.164531708
0.992150486 0.087149121 0.089679547 -1.023329735 -0.087918423 0.996116936 0.004656559 -0.235997304 -0.088925488 -0.012504492 0.995959759 48.423202515
0.991234422 0.086081624 0.100221090 -0.984518528 -0.086763322 0.996226013 0.002455104 -0.236503094 -0.099631526 -0.011129100 0.994962096 48.692779541
0.990102232 0.084607765 0.111979224 -0.951427937 -0.084926382 0.996385276 -0.001930376 -0.244316295 -0.111737795 -0.007598720 0.993708611 48.951770782
0.988470078 0.085513860 0.124957569 -0.905019283 -0.085359707 0.996328354 -0.006597048 -0.241092056 -0.125062928 -0.004145359 0.992140174 49.214416504
0.986238301 0.087395407 0.140342787 -0.864629745 -0.087009005 0.996167779 -0.008898742 -0.249610245 -0.140582651 -0.003434805 0.990063012 49.458351135
0.983573377 0.089491464 0.156763583 -0.820977688 -0.088904478 0.995981932 -0.010766676 -0.251179725 -0.157097220 -0.003347169 0.987577498 49.708404541
0.980740547 0.089662738 0.173518777 -0.765932083 -0.088862784 0.995966733 -0.012389433 -0.252550304 -0.173929781 -0.003268546 0.984752655 49.955707550
0.977441072 0.088731177 0.191665724 -0.706369400 -0.087666675 0.996050775 -0.014043976 -0.254693300 -0.192154944 -0.003075540 0.981359720 50.202751160
0.973664105 0.087435678 0.210554481 -0.628190041 -0.086259618 0.996163011 -0.014781397 -0.260536730 -0.211039007 -0.003770233 0.977470398 50.433788300
0.968982160 0.087973453 0.230942056 -0.573635101 -0.086525798 0.996114314 -0.016409660 -0.268257201 -0.231488332 -0.004081777 0.972829103 50.674472809
0.963569641 0.090101242 0.251823872 -0.496558189 -0.088061407 0.995926440 -0.019382235 -0.267426252 -0.252544433 -0.003499833 0.967578948 50.916545868
0.957244813 0.091379836 0.274466634 -0.412730217 -0.088744804 0.995810628 -0.022030076 -0.276546359 -0.275329918 -0.003269313 0.961344123 51.148006439
0.949702740 0.092671447 0.299126238 -0.327329636 -0.089668699 0.995687544 -0.023779931 -0.283057570 -0.300040036 -0.004238401 0.953917086 51.392906189
0.941374481 0.087564550 0.325801253 -0.217395782 -0.085437715 0.996125102 -0.020860493 -0.291166008 -0.326365501 -0.008198177 0.945208073 51.632545471
0.931362808 0.089464314 0.352929592 -0.112365723 -0.087108627 0.995942771 -0.022586914 -0.295544565 -0.353518367 -0.009706598 0.935377240 51.871498108
0.920088351 0.090086766 0.381210715 0.005874634 -0.087459497 0.995872855 -0.024250381 -0.310931802 -0.381822079 -0.011028009 0.924170077 52.099235535
0.907321751 0.085332185 0.411686361 0.139833450 -0.081654660 0.996307015 -0.026549349 -0.317989767 -0.412431449 -0.009527310 0.910938799 52.327182770
0.892470896 0.082417071 0.443512082 0.293664932 -0.077296682 0.996567190 -0.029647656 -0.327656031 -0.444433033 -0.007822343 0.895777881 52.542282104
0.875022471 0.081736624 0.477131605 0.441310883 -0.074404329 0.996638715 -0.034280717 -0.338873148 -0.478329837 -0.005504266 0.878162980 52.762172699
0.855458379 0.083625451 0.511074960 0.611778259 -0.073534355 0.996491432 -0.039967638 -0.347990513 -0.512624145 -0.003390923 0.858606398 52.983783722
0.833124280 0.078940861 0.547423363 0.760850906 -0.066973336 0.996877670 -0.041827329 -0.360433340 -0.549015999 -0.001815411 0.835809886 53.160820007
0.808456302 0.081538908 0.582880616 0.960903168 -0.067568384 0.996667206 -0.045705866 -0.372829556 -0.584664822 -0.002433094 0.811271310 53.382591248
0.781659245 0.085629866 0.617799640 1.160135269 -0.071126238 0.996306837 -0.048101585 -0.381921768 -0.619636893 -0.006342718 0.784862936 53.602222443
0.751454234 0.089877509 0.653634787 1.388795853 -0.074462093 0.995901704 -0.051334925 -0.396825314 -0.655569792 -0.010095186 0.755066991 53.836921692
0.718332648 0.090432405 0.689797223 1.634021759 -0.072687604 0.995844781 -0.054860681 -0.418253660 -0.691892147 -0.010731476 0.721921146 54.056869507
0.681287408 0.088136874 0.726690710 1.924962997 -0.068912707 0.996038556 -0.056197722 -0.436301827 -0.728765130 -0.011791429 0.684662342 54.296211243
0.641973794 0.086258359 0.761859000 2.228797913 -0.065526091 0.996188462 -0.057574362 -0.462568641 -0.763921380 -0.012960386 0.645179212 54.518623352
0.598686576 0.088092096 0.796124458 2.518791199 -0.063489072 0.996025562 -0.062467556 -0.485882282 -0.798463225 -0.013146699 0.601900041 54.655052185
0.552562654 0.087436967 0.828872263 2.892509460 -0.059261225 0.996086657 -0.065570123 -0.514945149 -0.831361890 -0.012888396 0.555581927 54.867404938
0.504912615 0.088513024 0.858620226 3.221952438 -0.056635659 0.995982111 -0.069368653 -0.534516215 -0.861310422 -0.013603412 0.507896960 55.021125793
0.456363082 0.085931577 0.885634542 3.646032333 -0.053803142 0.996169508 -0.068932094 -0.569501162 -0.888165474 -0.016191855 0.459238440 55.197620392
0.406152576 0.084832452 0.909859121 4.039815903 -0.052306183 0.996207476 -0.069534324 -0.583413363 -0.912307203 -0.019349705 0.409049392 55.367160797
0.356131941 0.085371651 0.930527687 4.514482498 -0.055355184 0.995996416 -0.070192546 -0.602298260 -0.932794690 -0.026511719 0.359431833 55.521255493
0.306450039 0.085250132 0.948061585 4.935081482 -0.052213103 0.995987475 -0.072682366 -0.631768823 -0.950453639 -0.027227717 0.309671551 55.643733978
0.259440303 0.081872605 0.962282538 5.433925629 -0.041065820 0.996434093 -0.073706560 -0.672524571 -0.964885652 -0.020394469 0.261877239 55.735588074
0.214773744 0.076436058 0.973668218 5.900696754 -0.028349550 0.997000635 -0.072014354 -0.699383736 -0.976252317 -0.012136274 0.216296494 55.813861847
0.172506750 0.075690016 0.982095897 6.426337242 -0.018484019 0.997116387 -0.073600903 -0.730670750 -0.984834909 -0.005456429 0.173408374 55.866855621
0.134049580 0.076986536 0.987979591 6.913055420 -0.015087542 0.997020841 -0.075643949 -0.760913908 -0.990859747 -0.004766143 0.134811729 55.918842316
0.101742357 0.077954419 0.991751850 7.492567062 -0.006540831 0.996955931 -0.077692457 -0.803569138 -0.994789302 0.001417735 0.101942524 55.949630737
0.072441332 0.076231085 0.994455099 7.990699291 0.001503313 0.997065306 -0.076540701 -0.838433266 -0.997371554 0.007039686 0.072114117 55.966979980
0.047920205 0.074563652 0.996064186 8.577163696 0.009121563 0.997135639 -0.075082697 -0.877565026 -0.998809576 0.012683642 0.047102794 55.970623016
0.027871363 0.073473953 0.996907592 9.127490044 0.014214291 0.997165084 -0.073890314 -0.908520758 -0.999510407 0.016229760 0.026747968 55.977085114
0.011479802 0.075502135 0.997079551 9.755061150 0.017406888 0.996979058 -0.075694934 -0.943677783 -0.999782622 0.018225018 0.010130864 55.991580963
-0.003191890 0.072711974 0.997348011 10.304290771 0.008661114 0.997317553 -0.072682068 -0.968471766 -0.999957323 0.008406151 -0.003813095 55.993305206
-0.014983453 0.073814727 0.997159362 10.945927620 0.010246645 0.997230351 -0.073666006 -1.003394127 -0.999835193 0.009113767 -0.015698306 55.984638214
-0.022377778 0.079020023 0.996621847 11.521567345 0.023157028 0.996644974 -0.078501895 -1.069472790 -0.999481499 0.021322105 -0.024132567 55.927364349
-0.028748244 0.080950722 0.996303499 12.192395210 0.027282445 0.996407568 -0.080171973 -1.113374472 -0.999214351 0.024876788 -0.030853506 55.897087097
-0.035151578 0.078097925 0.996325791 12.801288605 0.015294624 0.996867120 -0.077600762 -1.120212078 -0.999264956 0.012510638 -0.036235932 55.904300690
-0.038543973 0.075725235 0.996383369 13.490366936 0.013100498 0.997077048 -0.075271159 -1.154907942 -0.999171019 0.010151874 -0.039423339 55.875961304
-0.040941250 0.068754666 0.996793270 14.121655464 0.017291747 0.997528970 -0.068095215 -1.205301762 -0.999011934 0.014448392 -0.042028975 55.856216431
-0.041878749 0.063539192 0.997100353 14.846880913 0.018621348 0.997852087 -0.062804990 -1.242726684 -0.998949230 0.015937155 -0.042971987 55.822460175
-0.042528197 0.063163839 0.997096598 15.524614334 0.025487918 0.997743309 -0.062117692 -1.314898729 -0.998770058 0.022772165 -0.044042151 55.787357330
-0.042347822 0.065289751 0.996967256 16.275867462 0.028927259 0.997524261 -0.064097486 -1.363412857 -0.998684049 0.026125142 -0.044131637 55.758327484
-0.041708171 0.072752140 0.996477485 16.914609909 0.029742815 0.996993840 -0.071544938 -1.401603103 -0.998686969 0.026654033 -0.043746643 55.727668762
-0.038690958 0.080833517 0.995976329 17.670778275 0.030423811 0.996355951 -0.079682447 -1.446817994 -0.998787880 0.027218405 -0.041009229 55.690635681
-0.037117578 0.079237513 0.996164501 18.307586670 0.026943114 0.996568322 -0.078265734 -1.446716070 -0.998947620 0.023934737 -0.039125107 55.677791595
-0.034814458 0.074933730 0.996580601 19.086282730 0.026556179 0.996902287 -0.074030221 -1.496767879 -0.999040902 0.023888052 -0.036696568 55.653831482
-0.032684196 0.068021812 0.997148335 19.783819199 0.021578986 0.997496843 -0.067338273 -1.544692397 -0.999232769 0.019316556 -0.034070227 55.632118225
-0.029490680 0.066419140 0.997355878 20.576251984 0.020276973 0.997624338 -0.065837443 -1.597615957 -0.999359369 0.018281769 -0.030767396 55.609916687
-0.026515821 0.071923196 0.997057676 21.254779816 0.027506085 0.997083187 -0.071193539 -1.642176270 -0.999269903 0.025537398 -0.028416809 55.586803436
-0.022965584 0.076984726 0.996767819 22.031211853 0.029184604 0.996657312 -0.076303788 -1.701125622 -0.999310195 0.027337905 -0.025135588 55.564876556
-0.021163169 0.077059895 0.996801794 22.726890564 0.015781254 0.996926665 -0.076734506 -1.719157457 -0.999651432 0.014106844 -0.022314230 55.578166962
-0.017533099 0.073876441 0.997113347 23.522411346 0.011607011 0.997214437 -0.073679835 -1.767229557 -0.999778926 0.010281674 -0.018341742 55.573795319
-0.014443376 0.069957919 0.997445345 24.199968338 -0.004568698 0.997534394 -0.070030294 -1.843379855 -0.999885261 -0.005568501 -0.014088147 55.564277649
-0.010716837 0.070891321 0.997426510 24.984512329 -0.000249138 0.997483552 -0.070898049 -1.902998447 -0.999942482 -0.001008303 -0.010672208 55.551467896
-0.008730097 0.075801708 0.997084618 25.680866241 -0.004539586 0.997109354 -0.075843334 -1.949828863 -0.999951601 -0.005188471 -0.008360753 55.558807373
-0.004952184 0.076868206 0.997028887 26.481189728 -0.008053983 0.997005761 -0.076906428 -1.997143507 -0.999955356 -0.008410911 -0.004318262 55.564895630
-0.001662478 0.076788343 0.997045994 27.172105789 -0.017481346 0.996892810 -0.076805703 -2.053578138 -0.999845803 -0.017557394 -0.000314949 55.562732697
0.002048370 0.074072614 0.997250617 27.990013123 -0.013676274 0.997161627 -0.074037902 -2.105861425 -0.999904335 -0.013487020 0.003055593 55.563297272
0.006689360 0.073312677 0.997286499 28.659763336 0.003527861 0.997300923 -0.073337398 -2.155964613 -0.999971330 0.004008862 0.006412668 55.558429718
0.010042128 0.074018605 0.997206271 29.441162109 0.006619436 0.997229815 -0.074087009 -2.217048883 -0.999927640 0.007344933 0.009524349 55.572505951
0.012591215 0.074095950 0.997171700 30.239683151 0.006961082 0.997219920 -0.074187443 -2.268640280 -0.999896526 0.007875506 0.012040424 55.589511871
0.015096141 0.073387437 0.997189164 30.909208298 -0.004779401 0.997296810 -0.073322989 -2.324411869 -0.999874651 -0.003659073 0.015406080 55.600124359
0.018574644 0.072212607 0.997216284 31.696178436 -0.002792453 0.997388184 -0.072173044 -2.385673761 -0.999823570 -0.001444088 0.018727779 55.624732971
0.021446301 0.072766051 0.997118354 32.465175629 -0.004245174 0.997345507 -0.072691299 -2.433465242 -0.999761045 -0.002673981 0.021698276 55.643821716
0.025198391 0.073984087 0.996941030 33.157062531 0.001168140 0.997254848 -0.074036889 -2.467308998 -0.999681771 0.003030177 0.025042793 55.661663055
0.028536972 0.073886931 0.996858299 33.942188263 0.003038201 0.997253478 -0.074003197 -2.518692970 -0.999588132 0.005140486 0.028234109 55.680831909
0.031168429 0.074068613 0.996765912 34.720138550 0.000934174 0.997247934 -0.074133635 -2.569656610 -0.999513686 0.003241791 0.031013459 55.711875916
0.033250622 0.074201085 0.996688843 35.417877197 -0.000983174 0.997242153 -0.074209474 -2.618322372 -0.999446511 0.001487601 0.033231873 55.744770050
0.035692815 0.074032605 0.996616900 36.202705383 -0.003812839 0.997255147 -0.073943466 -2.677305460 -0.999355495 -0.001160689 0.035877116 55.788089752
0.039615341 0.075861707 0.996331096 36.931236267 -0.000993751 0.997116327 -0.075881980 -2.719422817 -0.999214530 0.002015985 0.039576497 55.814437866
0.042650655 0.079723604 0.995904148 37.709018707 -0.002394417 0.996816456 -0.079694100 -2.771048307 -0.999087155 0.001014392 0.042705771 55.857173920
0.046447679 0.081652902 0.995577872 38.493820190 -0.001982282 0.996659160 -0.081649095 -2.830785275 -0.998918772 0.001818891 0.046454363 55.891426086
0.049081139 0.084037393 0.995253086 39.235919952 -0.012274850 0.996429563 -0.083531395 -2.890129328 -0.998719394 -0.008116766 0.049937449 55.938961029
0.051704749 0.083235301 0.995187581 40.037437439 -0.015798090 0.996464133 -0.082521267 -2.946065903 -0.998537481 -0.011455324 0.052836880 55.996822357
0.054332633 0.083970338 0.994985998 40.791439056 -0.022318037 0.996310890 -0.082863472 -3.019655704 -0.998273432 -0.017703941 0.056006256 56.047779083
0.058535703 0.085088693 0.994652450 41.589092255 -0.023082701 0.996209741 -0.083863504 -3.082766533 -0.998018384 -0.018050255 0.060277916 56.094383240
0.061833754 0.086509839 0.994330108 42.388526917 -0.027273338 0.996010959 -0.084960029 -3.136994362 -0.997713804 -0.021865301 0.063946508 56.165618896
0.066337697 0.084412590 0.994220138 43.153083801 -0.028326152 0.996172786 -0.082688354 -3.190820694 -0.997395098 -0.022677081 0.068474889 56.211700439
0.070921622 0.084038079 0.993935466 43.948692322 -0.028444342 0.996209741 -0.082200736 -3.264110088 -0.997076273 -0.022442032 0.073043227 56.278491974
0.075830482 0.087952517 0.993234217 44.763793945 -0.031975806 0.995804310 -0.085738875 -3.321316719 -0.996607900 -0.025257843 0.078324676 56.351860046
0.084346905 0.093487985 0.992041051 45.515830994 -0.036133636 0.995221138 -0.090715446 -3.396998167 -0.995781064 -0.028194485 0.087321877 56.414627075
0.091569483 0.098554306 0.990909576 46.328166962 -0.037337270 0.994730532 -0.095483989 -3.457003593 -0.995098531 -0.028254442 0.094766699 56.500907898
0.098591410 0.101369120 0.989951491 47.146812439 -0.042589251 0.994316578 -0.097574532 -3.532539845 -0.994216144 -0.032541282 0.102348313 56.602634430
0.106499620 0.099170022 0.989354849 47.958847046 -0.050109323 0.994284749 -0.094270125 -3.612680435 -0.993049264 -0.039536171 0.110860296 56.683574677
0.115329176 0.097554021 0.988525391 48.780822754 -0.049931515 0.994477034 -0.092315964 -3.680832863 -0.992071569 -0.038711838 0.119563237 56.758956909
0.122355804 0.094338752 0.987992525 49.620223999 -0.050698191 0.994766712 -0.088706963 -3.750515938 -0.991190612 -0.039235625 0.126498267 56.880962372
0.129687890 0.086593397 0.987766623 50.361282349 -0.050270706 0.995472431 -0.080668703 -3.824342966 -0.990279734 -0.039193965 0.133453831 57.006225586
0.136325598 0.079210825 0.987492323 51.196342468 -0.052783974 0.995963097 -0.072603367 -3.883354664 -0.989256799 -0.042226065 0.139956355 57.146137238
0.144259006 0.076896630 0.986547709 51.997013092 -0.052283715 0.996175706 -0.070001855 -3.938076496 -0.988157749 -0.041481975 0.147727773 57.263343811
0.151766986 0.078287765 0.985311031 52.780590057 -0.051887125 0.996114969 -0.071154028 -3.989542484 -0.987053454 -0.040326130 0.155239478 57.395488739
0.157414168 0.084880657 0.983878136 53.573188782 -0.050989855 0.995668828 -0.077739820 -4.039037704 -0.986215353 -0.037930448 0.161060452 57.528930664
0.162309736 0.088619880 0.982752323 54.356864929 -0.053797334 0.995272279 -0.080863804 -4.103994846 -0.985272229 -0.039744470 0.166309878 57.669464111
0.168727666 0.093450375 0.981222689 55.119876862 -0.052377086 0.994938970 -0.085750110 -4.211580276 -0.984270096 -0.036925171 0.172768399 57.809288025
0.174514040 0.093312263 0.980223298 55.892391205 -0.054808017 0.994876742 -0.084949449 -4.269669533 -0.983128190 -0.038899232 0.178734213 57.948600769
0.177863166 0.088368110 0.980079472 56.624782562 -0.053541180 0.995353580 -0.080028720 -4.294609547 -0.982597589 -0.038240448 0.181768104 58.094543457
0.182508975 0.081841230 0.979792058 57.384323120 -0.052763052 0.995908916 -0.073359102 -4.344840527 -0.981787324 -0.038308121 0.186080515 58.235183716
0.188430712 0.076776609 0.979080796 58.138381958 -0.040849596 0.996689439 -0.070295647 -4.447909355 -0.981236577 -0.026749197 0.190943152 58.391677856
0.191839963 0.073455028 0.978673458 58.881484985 -0.044137727 0.996831954 -0.066166036 -4.500316620 -0.980433226 -0.030503131 0.194474310 58.548069000
0.194695681 0.072985299 0.978144646 59.605026245 -0.039769497 0.996995151 -0.066475928 -4.536311150 -0.980057120 -0.025957745 0.197013304 58.712982178
0.196727648 0.075302422 0.977562189 60.321613312 -0.042256590 0.996771038 -0.068278261 -4.583330631 -0.979547203 -0.027876223 0.199274480 58.865154266
0.198140040 0.079576939 0.976938069 61.024364471 -0.046048835 0.996354043 -0.071819000 -4.632508278 -0.979091346 -0.030756649 0.201082066 59.022159576
0.200141639 0.083661102 0.976188600 61.706535339 -0.046680458 0.996030390 -0.075790994 -4.679749489 -0.978654206 -0.030399995 0.203252524 59.168823242
0.202161685 0.088846475 0.975313783 62.393863678 -0.047558464 0.995592177 -0.080835886 -4.737126827 -0.978196740 -0.030042503 0.205495998 59.324645996
0.203882724 0.090881594 0.974767923 63.071647644 -0.046731666 0.995450318 -0.083035484 -4.788956642 -0.977879286 -0.028623028 0.207202196 59.472061157
0.204909101 0.091365740 0.974507332 63.725017548 -0.055333391 0.995122731 -0.081663631 -4.852103233 -0.977215648 -0.037189174 0.208965287 59.619476318
0.206038058 0.088529266 0.974531114 64.389343262 -0.054974962 0.995373428 -0.078799695 -4.905095100 -0.976998448 -0.037339080 0.209951729 59.761856079
0.206085980 0.088355668 0.974536657 65.046379089 -0.054135688 0.995419383 -0.078800857 -4.927812576 -0.977035284 -0.036517464 0.209925190 59.907279968
0.206076190 0.086920291 0.974667788 65.687629700 -0.053380009 0.995562553 -0.077497415 -4.980950832 -0.977078974 -0.036057413 0.209801525 60.043785095
0.204657942 0.083244339 0.975287378 66.315101624 -0.047948413 0.996033609 -0.074953422 -5.045766354 -0.977658451 -0.031423669 0.207837597 60.195549011
0.202947587 0.084220842 0.975560904 66.933837891 -0.049895655 0.995889366 -0.075595930 -5.098701477 -0.977917492 -0.033334237 0.206315622 60.330291748
0.203632504 0.090569586 0.974849164 67.522041321 -0.044634681 0.995535374 -0.083167911 -5.154185772 -0.978029370 -0.026576405 0.206765905 60.481292725
0.201248199 0.094652712 0.974956393 68.122001648 -0.042962164 0.995215476 -0.087751411 -5.205567360 -0.978597701 -0.024226425 0.204351798 60.613437653
0.196942598 0.091332301 0.976151645 68.740798950 -0.046319459 0.995406568 -0.083788700 -5.242888927 -0.979320228 -0.028713245 0.200268418 60.706348419
0.194704235 0.090562545 0.976672292 69.328804016 -0.046954546 0.995447516 -0.082942896 -5.283129215 -0.979737461 -0.029709863 0.198070183 60.825405121
0.197478116 0.086620517 0.976472855 69.884757996 -0.023468470 0.996220767 -0.083626159 -5.334507465 -0.980026364 -0.006401998 0.198764667 60.958740234
0.195410728 0.082076460 0.977280855 70.461936951 -0.022875031 0.996602237 -0.079125203 -5.391874790 -0.980454683 -0.006893411 0.196624249 61.079559326
0.193772018 0.081547588 0.977651417 71.013557434 -0.019158782 0.996663749 -0.079336137 -5.437241554 -0.980859518 -0.003357501 0.194687888 61.177406311
0.192391872 0.083040737 0.977798343 71.563323975 -0.015555066 0.996545970 -0.081572294 -5.483592987 -0.981194854 0.000484127 0.193019062 61.276050568
0.189351723 0.085026972 0.978220940 72.087280273 -0.011118860 0.996365547 -0.084451847 -5.523850441 -0.981846392 0.005114400 0.189608917 61.382240295
0.187058851 0.086842634 0.978502631 72.620590210 -0.011585270 0.996210635 -0.086199470 -5.566552162 -0.982280433 0.004788155 0.187356099 61.496337891
0.186312780 0.089198843 0.978433013 73.157546997 -0.011525135 0.996000051 -0.088605739 -5.612417221 -0.982422829 0.005231808 0.186595574 61.589595795
0.185465634 0.087604992 0.978737891 73.708053589 -0.009900362 0.996134102 -0.087286040 -5.660968304 -0.982600808 0.006498707 0.185615972 61.689884186
0.186636001 0.085763521 0.978678405 74.247032166 -0.003798489 0.996237814 -0.086577892 -5.702848434 -0.982421815 0.012441056 0.186259612 61.775039673
0.188406050 0.084276430 0.978468537 74.795166016 0.000791388 0.996297896 -0.085964471 -5.743870258 -0.982090831 0.016970567 0.187641829 61.883460999
0.191194043 0.083443291 0.977998972 75.339569092 0.003451485 0.996316671 -0.085680909 -5.793312073 -0.981546164 0.019757222 0.190201774 61.974700928
0.194419414 0.083121784 0.977390349 75.887710571 0.000553322 0.996393800 -0.084847972 -5.841687202 -0.980918348 0.017036909 0.193672284 62.093109131
0.198906258 0.084098645 0.976403475 76.443336487 -0.000428606 0.996318579 -0.085726641 -5.880201817 -0.980018437 0.016633073 0.198210075 62.226486206
0.205960184 0.082990818 0.975034773 76.987144470 0.000580713 0.996386707 -0.084930867 -5.921236038 -0.978560269 0.018058587 0.205167785 62.332160950
0.213157326 0.083493531 0.973443747 77.559745789 -0.000916659 0.996358395 -0.085258238 -5.958712101 -0.977017462 0.017281100 0.212457642 62.471481323
0.222733065 0.081144474 0.971496582 78.137008667 -0.000845482 0.996545613 -0.083042853 -6.007997990 -0.974879086 0.017675005 0.222032279 62.598800659
0.231768399 0.078560896 0.969593525 78.714080811 0.002106305 0.996690810 -0.081259944 -6.049617767 -0.972768724 0.020875746 0.230835944 62.738716125
0.241725877 0.077868730 0.967215061 79.290718079 0.000795537 0.996758580 -0.080446050 -6.098789215 -0.970344186 0.020215349 0.240880430 62.883739471
0.251223415 0.081666537 0.964477718 79.866455078 -0.004569044 0.996523261 -0.083189830 -6.144365311 -0.967918336 0.016492486 0.250723094 63.054084778
0.260467559 0.084309056 0.961794496 80.465133667 -0.007737245 0.996330321 -0.085241050 -6.182652473 -0.965451598 0.014760888 0.260164052 63.230400085
0.271321207 0.086853303 0.958562136 81.056007385 -0.011536342 0.996142149 -0.086992979 -6.226842880 -0.962419689 0.012544743 0.271276474 63.413272858
0.282394707 0.087313093 0.955316484 81.693275452 -0.007041758 0.996011138 -0.088950880 -6.268142700 -0.959272385 0.018392172 0.281883121 63.606704712
0.292147875 0.088023692 0.952313721 82.295120239 -0.010198583 0.995985627 -0.088931650 -6.321793079 -0.956318736 0.016268952 0.291872770 63.805801392
0.302174538 0.089108065 0.949078619 82.928825378 -0.013779580 0.995925665 -0.089119233 -6.375177383 -0.953153014 0.013851666 0.302171201 64.014801025
0.312324882 0.090594545 0.945645750 83.570861816 -0.018478332 0.995833397 -0.089299642 -6.422024250 -0.949795663 0.010416540 0.312697560 64.239753723
0.322792649 0.085692234 0.942582488 84.199440002 -0.017443890 0.996262491 -0.084598631 -6.464110374 -0.946308970 0.010865509 0.323080927 64.466384888
0.333542794 0.077562265 0.939538836 84.856422424 -0.011359850 0.996868074 -0.078262173 -6.517246246 -0.942666471 0.015430780 0.333379298 64.705741882
0.344159871 0.073434629 0.936034858 85.500183105 -0.010259995 0.997171283 -0.074458592 -6.565837383 -0.938855052 0.016021950 0.343939781 64.954742432
0.354851127 0.069810279 0.932312787 86.190971375 -0.010384178 0.997441113 -0.070734642 -6.616500854 -0.934865117 0.015418954 0.354668081 65.214523315
0.364656001 0.067440338 0.928696871 86.874977112 -0.004120664 0.997480810 -0.070817322 -6.654158592 -0.931133211 0.021997109 0.364015281 65.479148865
0.373590797 0.062439717 0.925489724 87.576599121 0.003049961 0.997643709 -0.068538874 -6.687969685 -0.927588761 0.028428197 0.372520000 65.747138977
0.380729198 0.053518236 0.923136592 88.291000366 0.012557593 0.997932374 -0.063033603 -6.723055840 -0.924601316 0.035591103 0.379269898 66.026779175
0.388900846 0.048105810 0.920022786 89.008834839 0.019338796 0.997989416 -0.060357172 -6.776478291 -0.921076596 0.041265089 0.387188733 66.308105469
0.396397054 0.047322195 0.916858733 89.721359253 0.021845782 0.997901738 -0.060949963 -6.832864761 -0.917819202 0.044189874 0.394531578 66.612510681
0.404056430 0.054298401 0.913120985 90.440254211 0.023909803 0.997268617 -0.069882303 -6.864339352 -0.914421499 0.050068941 0.401654541 66.932098389
0.409877509 0.058882244 0.910237968 91.145019531 0.026469991 0.996726036 -0.076396398 -6.906278133 -0.911756337 0.055407166 0.406976998 67.259811401
0.414842129 0.061046466 0.907843173 91.844970703 0.024207689 0.996653080 -0.078080133 -6.963377476 -0.909571350 0.054367714 0.411975920 67.596145630
0.418918788 0.062749177 0.905852973 92.535217285 0.016941750 0.996895552 -0.076890633 -7.018490314 -0.907865584 0.047557667 0.416555256 67.935943604
0.424349844 0.066059902 0.903085411 93.236434937 0.011996524 0.996837556 -0.078554831 -7.075737953 -0.905418873 0.044168614 0.422215372 68.255950928
0.428170800 0.069510385 0.901020586 93.895690918 0.010895998 0.996567845 -0.082059354 -7.130284309 -0.903632164 0.044952936 0.425943881 68.582153320
0.432296902 0.073204353 0.898755014 94.581962585 0.008027277 0.996347368 -0.085014410 -7.197281361 -0.901695609 0.043966033 0.430130213 68.916587830
0.436000288 0.076367430 0.896700621 95.248703003 0.005227230 0.996161222 -0.087379627 -7.250348091 -0.899931431 0.042784803 0.433927387 69.249183655
0.439584672 0.074885234 0.895074010 95.894912720 0.003202939 0.996381402 -0.084933989 -7.320307732 -0.898195446 0.040202554 0.437754154 69.573417664
0.444628417 0.070201367 0.892959893 96.544868469 0.007333623 0.996605158 -0.082001232 -7.385073662 -0.895685077 0.043008696 0.442604184 69.904937744
0.448013216 0.067547053 0.891471505 97.177803040 0.007362196 0.996829152 -0.079229951 -7.434559822 -0.893996656 0.042059246 0.446095347 70.224746704
0.451341033 0.066471972 0.889872313 97.805702209 0.006064876 0.996970177 -0.077548087 -7.500937939 -0.892330885 0.040397603 0.449570388 70.562683105
0.454451233 0.069471352 0.888058424 98.434135437 0.001747595 0.996882617 -0.078878827 -7.544945240 -0.890769899 0.037398547 0.452913225 70.869621277
0.456962347 0.070008025 0.886726737 99.034553528 0.002629293 0.996787190 -0.080052383 -7.600674152 -0.889482200 0.038912389 0.455310196 71.190711975
0.459449112 0.068243481 0.885578513 99.639175415 0.004758998 0.996840477 -0.079286464 -7.651864529 -0.888191283 0.040642571 0.457672745 71.498558044
0.461792976 0.065940686 0.884533226 100.213523865 0.008793307 0.996843457 -0.078904010 -7.707477093 -0.886944115 0.044215284 0.459755510 71.796936035
0.463400483 0.065393761 0.883732796 100.786186218 0.008286956 0.996910036 -0.078113966 -7.758038044 -0.886110127 0.043521505 0.461426646 72.113456726
0.465449929 0.065190956 0.882670105 101.369438171 0.009307720 0.996868014 -0.078533389 -7.806206226 -0.885025263 0.044769000 0.463385373 72.420158386
0.467770278 0.067120411 0.881297767 101.928779602 0.008199006 0.996739924 -0.080264397 -7.859777451 -0.883812070 0.044771072 0.465694964 72.723129272
0.470726103 0.066943504 0.879736066 102.479782104 0.010838177 0.996603251 -0.081635766 -7.915893555 -0.882212877 0.047962822 0.468401641 73.013931274
0.474146873 0.066285752 0.877946973 103.017868042 0.013284652 0.996509790 -0.082411923 -7.954534531 -0.880345523 0.050738569 0.471611500 73.294212341
0.477217346 0.064334683 0.876427233 103.545196533 0.016260233 0.996499419 -0.082002424 -8.004244804 -0.878634870 0.053383887 0.474500835 73.575904846
0.480747372 0.063449174 0.874560654 104.072174072 0.017538613 0.996483266 -0.081935644 -8.056095123 -0.876683831 0.054728918 0.477943927 73.857749939
0.483888030 0.062763162 0.872876346 104.578079224 0.018659662 0.996458173 -0.081993341 -8.102924347 -0.874930918 0.055963174 0.481002986 74.146392822
0.487834901 0.062028691 0.870729268 105.087882996 0.019664500 0.996438146 -0.082001135 -8.140693665 -0.872714400 0.057125472 0.484877557 74.415512085
0.490943193 0.061767846 0.868999183 105.586082458 0.020458547 0.996390879 -0.082380876 -8.191924095 -0.870951295 0.058222786 0.487907648 74.703475952
0.494572550 0.062701598 0.866871655 106.079017639 0.020986659 0.996241987 -0.084032483 -8.234132767 -0.868882954 0.059752904 0.491398036 75.001388550
0.498619378 0.062704466 0.864550054 106.578872681 0.023007564 0.996071398 -0.085512854 -8.283034325 -0.866515636 0.062529556 0.495217860 75.289344788
0.503442049 0.066157795 0.861492395 107.060737610 0.020370122 0.995878398 -0.088381827 -8.333937645 -0.863788903 0.062043834 0.500019372 75.582214355
0.508984327 0.072253972 0.857737899 107.539016724 0.017050333 0.995428979 -0.093970530 -8.379846573 -0.860606909 0.062454235 0.505425811 75.872146606
0.514499247 0.079094686 0.853835225 108.008491516 0.011953610 0.994978547 -0.099372402 -8.432279587 -0.857407451 0.061333448 0.510970354 76.177009583
0.520580471 0.085381657 0.849532783 108.482933044 0.006721275 0.994546890 -0.104074880 -8.485971451 -0.853786230 0.059889298 0.517167807 76.479393005
0.526827633 0.090049736 0.845188498 108.964706421 0.002677057 0.994191349 -0.107593760 -8.536844254 -0.849967837 0.058945991 0.523526430 76.794059753
0.532280505 0.090477057 0.841719329 109.449012756 -0.001183453 0.994351089 -0.106135182 -8.584897995 -0.846567333 0.055497549 0.529380560 77.115127563
0.537503481 0.089898542 0.838455856 109.935569763 -0.007569204 0.994775355 -0.101806656 -8.634859085 -0.843227565 0.048374988 0.535375655 77.448120117
0.544324517 0.080033481 0.835048079 110.416946411 -0.002973059 0.995616257 -0.093484819 -8.707487106 -0.838869452 0.048403442 0.542176425 77.816558838
0.550934613 0.078191601 0.830877364 110.912460327 -0.009663403 0.996132135 -0.087335721 -8.766407013 -0.834492505 0.040087175 0.549559236 78.134857178
0.556934297 0.076578222 0.827018678 111.415245056 -0.012608367 0.996405184 -0.083771862 -8.813798904 -0.830460787 0.036228076 0.555897772 78.499359131
0.561970413 0.083052628 0.822977245 111.915374756 -0.022026956 0.996096194 -0.085482210 -8.864239693 -0.826864004 0.029910788 0.561605990 78.871261597
0.568383694 0.087005980 0.818150401 112.433959961 -0.026047563 0.995797455 -0.087802075 -8.910708427 -0.822351277 0.028594455 0.568261325 79.232994080
0.574333608 0.090318426 0.813623726 112.959716797 -0.028605945 0.995502353 -0.090315521 -8.958996773 -0.818121433 0.028596764 0.574334145 79.617538452
0.581342936 0.087620065 0.808927000 113.494209290 -0.023053426 0.995559454 -0.091267854 -9.014188766 -0.813332021 0.034409393 0.580781579 80.041404724
