0.999999285 -0.000371250 -0.001116412 0.036494385 0.000367074 0.999992967 -0.003738053 0.015182052 0.001117792 0.003737641 0.999992311 1.188347101
0.999999940 -0.000047248 0.000328859 0.029772049 0.000048330 0.999994576 -0.003288614 -0.007802878 -0.000328702 0.003288629 0.999994516 2.386641026
0.999998629 -0.000795586 0.001403025 0.026165897 0.000799434 0.999995947 -0.002744492 -0.033305999 -0.001400836 0.002745610 0.999995232 3.578530073
0.999997139 -0.001374408 0.001916403 0.030230593 0.001380034 0.999994755 -0.002937656 -0.055941369 -0.001912357 0.002940293 0.999993801 4.771281719
0.999994755 -0.001387057 0.002933354 0.028032146 0.001395323 0.999995053 -0.002817807 -0.079848468 -0.002929431 0.002821886 0.999991715 5.968983173
0.999993265 -0.001033350 0.003516873 0.032693706 0.001046459 0.999992490 -0.003727629 -0.103909507 -0.003512997 0.003731284 0.999986887 7.160269737
0.999989390 -0.001615071 0.004317245 0.024470236 0.001632347 0.999990821 -0.004001280 -0.132124498 -0.004310742 0.004008285 0.999982655 8.333003998
0.999987245 -0.002375018 0.004450392 0.024302207 0.002386670 0.999993742 -0.002614763 -0.156227976 -0.004444154 0.002625352 0.999986649 9.528439522
0.999990284 -0.003096121 0.003147788 0.020139907 0.003101063 0.999993920 -0.001566333 -0.184831336 -0.003142920 0.001576079 0.999993801 10.723546982
0.999990225 -0.004337089 0.000805882 0.012812968 0.004338731 0.999988616 -0.002047551 -0.207272366 -0.000796992 0.002051028 0.999997556 11.919940948
0.999991775 -0.004010315 -0.000656511 0.000216102 0.004008530 0.999988377 -0.002695659 -0.229659215 0.000667315 0.002693005 0.999996126 13.076807976
0.999988973 -0.003871852 -0.002657668 -0.002200630 0.003865629 0.999989927 -0.002342669 -0.259365499 0.002666712 0.002332370 0.999993682 14.308161736
0.999990702 -0.002336451 -0.003612187 -0.010644045 0.002326787 0.999993682 -0.002677068 -0.279116511 0.003618419 0.002668638 0.999989867 15.500999451
0.999987960 -0.002659685 -0.004127209 -0.021612745 0.002648310 0.999992728 -0.002759168 -0.300734133 0.004134517 0.002748205 0.999987662 16.692504883
0.999984622 -0.003037384 -0.004633259 -0.032533053 0.003027237 0.999993026 -0.002195472 -0.325655162 0.004639894 0.002181412 0.999986887 17.888256073
0.999980211 -0.003788955 -0.005053240 -0.045390937 0.003779349 0.999991059 -0.001909288 -0.351617098 0.005060430 0.001890152 0.999985397 19.080461502
0.999978125 -0.003166183 -0.005807748 -0.057259273 0.003149704 0.999991000 -0.002844358 -0.376546293 0.005816701 0.002826003 0.999979079 20.275064468
0.999942362 -0.003341016 -0.010203699 -0.233124882 0.003276310 0.999974489 -0.006351547 -0.489973903 0.010224659 0.006317750 0.999927759 21.473093033
0.999940097 -0.001855875 -0.010783288 -0.256111085 0.001794707 0.999982297 -0.005679334 -0.521148920 0.010793637 0.005659642 0.999925673 22.660531998
0.999928713 -0.002632106 -0.011649048 -0.272461355 0.002561744 0.999978423 -0.006051015 -0.548586965 0.011664724 0.006020742 0.999913812 23.864534378
0.999920070 -0.002452214 -0.012402483 -0.295440316 0.002368848 0.999974549 -0.006732001 -0.575528741 0.012418678 0.006702084 0.999900401 25.051553726
0.999909461 -0.002362859 -0.013244558 -0.315858036 0.002282505 0.999978960 -0.006078709 -0.602396488 0.013258642 0.006047928 0.999893844 26.244663239
0.999895453 -0.003732402 -0.013972205 -0.337379098 0.003671459 0.999983609 -0.004384806 -0.628209233 0.013988343 0.004333049 0.999892771 27.434553146
0.999877751 -0.003958505 -0.015125021 -0.353115946 0.003892812 0.999982893 -0.004370323 -0.654263377 0.015142062 0.004310910 0.999876022 28.637395859
0.999866128 -0.004710713 -0.015665967 -0.381513745 0.004628567 0.999975324 -0.005275712 -0.680262983 0.015690433 0.005202495 0.999863386 29.833135605
0.999850273 -0.005012498 -0.016556269 -0.404477239 0.004913157 0.999969661 -0.006035485 -0.712484837 0.016586021 0.005953239 0.999844790 31.027917862
0.999837399 -0.004311032 -0.017511530 -0.430137277 0.004209148 0.999974191 -0.005850785 -0.740772486 0.017536294 0.005776125 0.999829471 32.218593597
0.999827266 -0.004616446 -0.018006375 -0.454933584 0.004519148 0.999975026 -0.005440500 -0.767005801 0.018031040 0.005358186 0.999823093 33.404579163
0.999819279 -0.004915706 -0.018364903 -0.488661408 0.004825995 0.999976337 -0.004926068 -0.798786819 0.018388681 0.004836549 0.999819279 34.601348877
0.999793768 -0.005587680 -0.019526819 -0.504418015 0.005490480 0.999972343 -0.005027909 -0.827676654 0.019554375 0.004919658 0.999796629 35.796016693
0.999781847 -0.005945490 -0.020020464 -0.531958699 0.005842353 0.999969423 -0.005206072 -0.856408000 0.020050805 0.005087970 0.999785960 37.000324249
0.999786317 -0.006720546 -0.019550452 -0.581413388 0.006638254 0.999968827 -0.004271172 -0.889822960 0.019578552 0.004140479 0.999799788 38.169113159
0.999777794 -0.006693862 -0.019986415 -0.592721105 0.006629190 0.999972582 -0.003300400 -0.908969581 0.020007960 0.003167173 0.999794841 39.388526917
0.999788702 -0.006042400 -0.019643148 -0.624985993 0.005988894 0.999978185 -0.002781690 -0.932452679 0.019659529 0.002663461 0.999803245 40.586284637
0.999799013 -0.005090217 -0.019392297 -0.662750781 0.005033829 0.999983013 -0.002955445 -0.957238555 0.019407013 0.002857233 0.999807537 41.785118103
0.999802709 -0.004370310 -0.019377118 -0.692011952 0.004311677 0.999986053 -0.003066669 -0.979687274 0.019390253 0.002982516 0.999807477 42.982570648
0.999822736 -0.001233467 -0.018783806 -0.717667699 0.001207686 0.999998331 -0.001383818 -0.999772668 0.018785480 0.001360887 0.999822557 44.192966461
0.999846220 -0.001538853 -0.017465051 -0.739195585 0.001577731 0.999996245 0.002212475 -1.030887842 0.017461579 -0.002239691 0.999845028 45.397743225
0.999881089 -0.000489762 -0.015420668 -0.767849028 0.000557773 0.999990165 0.004406356 -1.037798047 0.015418359 -0.004414432 0.999871373 46.604801178
0.999904752 0.000455219 -0.013789263 -0.788758874 -0.000347104 0.999969184 0.007841838 -1.050259233 0.013792406 -0.007836305 0.999874175 47.807460785
0.999923229 -0.000806846 -0.012366041 -0.815568924 0.000919589 0.999958038 0.009114129 -1.064668417 0.012358166 -0.009124801 0.999881923 49.012771606
0.999935508 -0.002666749 -0.011034660 -0.820724368 0.002749866 0.999967992 0.007524069 -1.076036572 0.011014243 -0.007553929 0.999910712 50.222961426
0.999950945 -0.001484343 -0.009794455 -0.849786282 0.001540584 0.999982297 0.005737182 -1.082192302 0.009785766 -0.005751991 0.999935567 51.421691895
0.999958336 -0.001351860 -0.009029376 -0.866079330 0.001401034 0.999984145 0.005441961 -1.101411343 0.009021875 -0.005454386 0.999944389 52.619880676
0.999955654 -0.001755785 -0.009254632 -0.878238440 0.001799516 0.999987245 0.004719117 -1.109674335 0.009246228 -0.004735562 0.999946058 53.817386627
0.999943018 -0.002681870 -0.010330635 -0.887872756 0.002718825 0.999989986 0.003564924 -1.128365159 0.010320971 -0.003592810 0.999940276 55.011817932
0.999928534 -0.002334770 -0.011726600 -0.910619259 0.002381665 0.999989212 0.003986630 -1.139133453 0.011717167 -0.004014272 0.999923289 56.216331482
0.999907613 -0.003639435 -0.013093824 -0.930609941 0.003700355 0.999982417 0.004631362 -1.151462674 0.013076738 -0.004679387 0.999903560 57.433319092
0.999896407 -0.002665644 -0.014148038 -0.953469217 0.002749126 0.999978900 0.005884473 -1.177525401 0.014132054 -0.005922758 0.999882579 58.609558105
0.999877870 -0.001781260 -0.015533732 -0.965933681 0.001873684 0.999980628 0.005937319 -1.194154024 0.015522852 -0.005965699 0.999861717 59.811958313
0.999871373 -0.001119445 -0.016000856 -0.989879072 0.001205242 0.999984920 0.005353414 -1.205802560 0.015994618 -0.005372011 0.999857664 61.047180176
0.999869168 -0.001883542 -0.016073633 -1.013712883 0.001957384 0.999987602 0.004579459 -1.216362119 0.016064808 -0.004610322 0.999860346 62.237541199
0.999852955 -0.002003012 -0.017033720 -1.033690929 0.002058961 0.999992549 0.003267770 -1.225199461 0.017027050 -0.003302361 0.999849677 63.425430298
0.999855161 -0.003490991 -0.016666321 -1.062130809 0.003579958 0.999979496 0.005311283 -1.252669811 0.016647436 -0.005370177 0.999846995 64.640266418
0.999839664 -0.003075964 -0.017642381 -1.075101733 0.003197639 0.999971211 0.006872642 -1.269165635 0.017620735 -0.006927954 0.999820769 65.848159790
0.999852419 -0.002996438 -0.016917588 -1.127190948 0.003082454 0.999982476 0.005060629 -1.281557798 0.016902126 -0.005112030 0.999844074 67.024780273
0.999844432 -0.001697464 -0.017558301 -1.142873764 0.001770918 0.999989748 0.004168778 -1.304823637 0.017551042 -0.004199223 0.999837160 68.228401184
0.999845624 0.000411770 -0.017569816 -1.178185701 -0.000331636 0.999989569 0.004563604 -1.315017462 0.017571505 -0.004557071 0.999835253 69.444938660
0.999864578 0.005416034 -0.015547250 -1.194547772 -0.005352521 0.999977171 0.004123920 -1.306287050 0.015569236 -0.004040144 0.999870658 70.609825134
0.999847353 0.007181318 -0.015928959 -1.210372448 -0.007105804 0.999963284 0.004792195 -1.331929088 0.015962789 -0.004678275 0.999861717 71.833572388
0.999837756 0.008419763 -0.015920473 -1.227581263 -0.008330493 0.999949276 0.005665336 -1.342369795 0.015967365 -0.005531793 0.999857247 73.022476196
0.999887586 0.008962387 -0.012022322 -1.270687819 -0.008882117 0.999937952 0.006713645 -1.363550425 0.012081747 -0.006606108 0.999905169 74.180191040
0.999925554 0.007372305 -0.009725729 -1.287883162 -0.007328952 0.999963045 0.004485577 -1.386753559 0.009758437 -0.004413964 0.999942601 75.373382568
0.999962211 0.005295045 -0.006888914 -1.298057437 -0.005300515 0.999985635 -0.000776146 -1.395789027 0.006884706 0.000812632 0.999975979 76.548988342
0.999973953 0.005704182 -0.004417419 -1.306538224 -0.005709323 0.999983013 -0.001152271 -1.417507887 0.004410773 0.001177461 0.999989629 77.743835449
0.999987900 0.004695384 -0.001460881 -1.318054557 -0.004691612 0.999985635 0.002573777 -1.439357519 0.001472944 -0.002566891 0.999995649 78.907661438
0.999984682 0.005124289 0.002096519 -1.333342910 -0.005133139 0.999977767 0.004238037 -1.465689659 -0.002074757 -0.004248734 0.999988794 80.074836731
0.999964356 0.005433744 0.006460561 -1.333311081 -0.005448103 0.999982715 0.002207196 -1.479609370 -0.006448456 -0.002242315 0.999976695 81.257698059
0.999945045 0.004995309 0.009213618 -1.316954136 -0.004985333 0.999986947 -0.001105464 -1.497890234 -0.009219020 0.001059470 0.999956965 82.439117432
0.999907851 0.003695612 0.013062660 -1.303430796 -0.003635240 0.999982595 -0.004642447 -1.518772483 -0.013079588 0.004594533 0.999903917 83.541091919
0.999870002 0.003038140 0.015834060 -1.280233383 -0.002952889 0.999981046 -0.005404565 -1.551059246 -0.015850179 0.005357108 0.999860048 84.731307983
0.999809325 0.002604684 0.019348692 -1.258868694 -0.002535989 0.999990463 -0.003574040 -1.578796029 -0.019357815 0.003524291 0.999806404 85.872497559
0.999725521 0.002730286 0.023267427 -1.232357740 -0.002658380 0.999991596 -0.003120714 -1.593846798 -0.023275755 0.003058004 0.999724448 87.005760193
0.999632299 0.003701938 0.026860859 -1.205219030 -0.003529551 0.999972880 -0.006462373 -1.617750645 -0.026884058 0.006365190 0.999618292 88.161544800
0.999541342 0.003013779 0.030131819 -1.176679850 -0.002782074 0.999966264 -0.007728710 -1.647767067 -0.030154094 0.007641337 0.999516070 89.351997375
0.999439776 0.003323928 0.033301197 -1.164993763 -0.003054505 0.999962270 -0.008138070 -1.679417610 -0.033326991 0.008031792 0.999412298 90.552581787
0.999351501 0.001174487 0.035987560 -1.099207163 -0.000933679 0.999977052 -0.006707501 -1.718451500 -0.035994612 0.006669550 0.999329686 91.654304504
0.999261379 0.001140477 0.038407918 -1.052288294 -0.000948839 0.999987066 -0.005007420 -1.746323824 -0.038413126 0.004967279 0.999249578 92.803520203
0.999144077 0.000124261 0.041362923 -1.024832010 0.000012297 0.999994516 -0.003301215 -1.770125985 -0.041363101 0.003298898 0.999138713 93.919303894
0.999075830 -0.002648318 0.042897373 -0.966484547 0.002762352 0.999992788 -0.002599258 -1.804342747 -0.042890176 0.002715352 0.999076128 95.029968262
0.998930573 -0.002657235 0.046158388 -0.911353588 0.002885398 0.999983907 -0.004877147 -1.809577346 -0.046144683 0.005005116 0.998922229 96.272514343
0.998837650 -0.003795356 0.048048850 -0.841485500 0.004211540 0.999954462 -0.008563396 -1.831056118 -0.048014160 0.008755802 0.998808324 97.421951294
0.998734295 -0.003314081 0.050187353 -0.788686275 0.003882719 0.999929368 -0.011237059 -1.863929033 -0.050146554 0.011417701 0.998676538 98.590759277
0.998657107 -0.003138158 0.051713016 -0.731473923 0.003780175 0.999916971 -0.012321889 -1.887142658 -0.051670052 0.012500828 0.998585939 99.744033813
0.998656213 -0.003347299 0.051714979 -0.654682636 0.003969423 0.999921024 -0.011931824 -1.912248373 -0.051670950 0.012121068 0.998590589 100.911460876
0.998711348 -0.002926183 0.050666131 -0.593336582 0.003468286 0.999937654 -0.010614883 -1.929190636 -0.050631914 0.010776929 0.998659194 102.055763245
0.998735547 -0.004046896 0.050109468 -0.566463947 0.004464457 0.999956191 -0.008223870 -1.980381966 -0.050073992 0.008437180 0.998709857 103.283203125
0.998871148 -0.003725245 0.047355186 -0.491118908 0.004069888 0.999965966 -0.007183515 -2.014348030 -0.047326814 0.007368135 0.998852253 104.472740173
0.998980105 -0.002903563 0.045058496 -0.451220989 0.003225036 0.999969840 -0.007063507 -2.027853012 -0.045036625 0.007201617 0.998959363 105.664543152
0.999115467 -0.002479126 0.041979000 -0.401275158 0.002774263 0.999971867 -0.006973795 -2.060097694 -0.041960530 0.007084085 0.999094129 106.819229126
0.999233365 -0.000954117 0.039137922 -0.391614914 0.001249956 0.999970853 -0.007535109 -2.090387344 -0.039129596 0.007578251 0.999205410 108.054710388
0.999404907 -0.001312106 0.034468338 -0.340118408 0.001542385 0.999976635 -0.006655140 -2.125351429 -0.034458801 0.006704343 0.999383628 109.245040894
0.999532402 -0.000588830 0.030571882 -0.314022541 0.000763563 0.999983430 -0.005704109 -2.156733990 -0.030568020 0.005724786 0.999516368 110.465385437
0.999641955 0.000034346 0.026757747 -0.289892673 0.000101163 0.999987185 -0.005062964 -2.176488400 -0.026757579 0.005063857 0.999629140 111.697837830
0.999750972 -0.000137157 0.022316772 -0.278893709 0.000241605 0.999989092 -0.004677621 -2.197336674 -0.022315890 0.004681848 0.999740005 112.908164978
0.999844551 0.000686466 0.017621338 -0.253607035 -0.000600405 0.999987900 -0.004888752 -2.214916706 -0.017624483 0.004877411 0.999832749 114.111358643
0.999924302 0.001443071 0.012218739 -0.231869102 -0.001392253 0.999990344 -0.004166529 -2.260352373 -0.012224636 0.004149204 0.999916673 115.349098206
0.999971688 0.001480179 0.007371821 -0.229508996 -0.001445729 0.999988019 -0.004676302 -2.279942989 -0.007378656 0.004665514 0.999961913 116.545745850
0.999993861 0.002490555 0.002465871 -0.228487790 -0.002477860 0.999983728 -0.005137853 -2.314162970 -0.002478627 0.005131713 0.999983728 117.799766541
0.999987841 0.004866272 -0.000786452 -0.241624564 -0.004870495 0.999973178 -0.005459589 -2.337048531 0.000759863 0.005463353 0.999984801 119.022590637
0.999976099 0.006188416 -0.003067843 -0.249434143 -0.006203945 0.999967813 -0.005078222 -2.366842985 0.003036319 0.005097133 0.999982417 120.249794006
0.999963462 0.007861917 -0.003316360 -0.281905711 -0.007879767 0.999954343 -0.005403997 -2.395538807 0.003273724 0.005429932 0.999979913 121.467872620
0.999940097 0.009617832 -0.005227895 -0.276997209 -0.009643153 0.999941766 -0.004840198 -2.426192045 0.005181039 0.004890324 0.999974549 122.729385376
0.999920368 0.011055859 -0.006088689 -0.291713834 -0.011082158 0.999929368 -0.004302844 -2.448729277 0.006040687 0.004369976 0.999972224 123.964271545
0.999921560 0.010709219 -0.006495805 -0.312000871 -0.010735957 0.999934018 -0.004095698 -2.467398882 0.006451515 0.004165115 0.999970496 125.207710266
0.999861956 0.014734333 -0.007673986 -0.324050426 -0.014749723 0.999889255 -0.001952391 -2.491202593 0.007644369 0.002065311 0.999968648 126.449218750
0.999846280 0.015293497 -0.008574426 -0.340587258 -0.015283966 0.999882460 0.001176074 -2.510643482 0.008591404 -0.001044841 0.999962568 127.693450928
0.999860764 0.014140866 -0.008853782 -0.360991955 -0.014132456 0.999899626 0.001011505 -2.540375471 0.008867195 -0.000886239 0.999960303 128.937057495
0.999856174 0.014081291 -0.009449976 -0.380231798 -0.014090283 0.999900341 -0.000885305 -2.545709133 0.009436568 0.001018330 0.999954939 130.208084106
0.999883711 0.011648634 -0.009839418 -0.399308860 -0.011646162 0.999932170 0.000308678 -2.569404840 0.009842347 -0.000194051 0.999951541 131.462707520
0.999897182 0.008816179 -0.011311925 -0.408504725 -0.008793083 0.999959171 0.002089835 -2.590035915 0.011329888 -0.001990153 0.999933779 132.717727661
0.999919772 0.005772263 -0.011279385 -0.423630595 -0.005726232 0.999975085 0.004109137 -2.611561537 0.011302824 -0.004044218 0.999927938 133.969192505
0.999926209 0.003778450 -0.011536884 -0.449882865 -0.003720267 0.999980211 0.005060554 -2.622838974 0.011555775 -0.005017260 0.999920666 135.241699219
0.999940634 -0.000245788 -0.010897527 -0.468946695 0.000277938 0.999995649 0.002948816 -2.634924650 0.010896754 -0.002951670 0.999936342 136.512115479
0.999930441 -0.002926842 -0.011426179 -0.480122328 0.002953457 0.999992967 0.002313226 -2.658756256 0.011419329 -0.002346812 0.999931991 137.762542725
0.999925971 -0.004233479 -0.011411202 -0.495879173 0.004257483 0.999988794 0.002080105 -2.676824331 0.011402268 -0.002128534 0.999932706 139.043777466
0.999932110 -0.004273586 -0.010835263 -0.518020034 0.004298287 0.999988198 0.002257485 -2.692252159 0.010825487 -0.002303905 0.999938726 140.313095093
0.999938607 -0.003877370 -0.010384928 -0.533567965 0.003925533 0.999981642 0.004621422 -2.717326880 0.010366820 -0.004661905 0.999935389 141.588272095
0.999951363 -0.001554668 -0.009733203 -0.552695394 0.001612567 0.999981046 0.005943548 -2.728122234 0.009723777 -0.005958953 0.999934971 142.882781982
0.999954760 -0.001737193 -0.009350846 -0.564075351 0.001778805 0.999988556 0.004443543 -2.750489235 0.009343019 -0.004459976 0.999946415 144.150222778
0.999962091 -0.000917825 -0.008650353 -0.585821748 0.000940641 0.999996066 0.002633904 -2.767431974 0.008647902 -0.002641941 0.999959052 145.432128906
0.999965131 -0.001538831 -0.008210412 -0.574758410 0.001541162 0.999998808 0.000277658 -2.733369112 0.008209975 -0.000290302 0.999966264 146.710144043
0.999970078 -0.002723115 -0.007249656 -0.602679610 0.002694748 0.999988794 -0.003919796 -2.756955147 0.007260249 0.003900142 0.999966025 147.979614258
0.999968529 -0.002617107 -0.007483144 -0.629538059 0.002559951 0.999967575 -0.007637372 -2.836112738 0.007502890 0.007617975 0.999942839 149.240921021
0.999968946 -0.003180737 -0.007204386 -0.642852187 0.003120134 0.999959826 -0.008407749 -2.872030735 0.007230838 0.008385009 0.999938726 150.505157471
0.999967098 -0.003448643 -0.007347687 -0.629788160 0.003390013 0.999962449 -0.007977107 -2.849516153 0.007374921 0.007951933 0.999941170 151.786560059
0.999965191 -0.002843616 -0.007853393 -0.636529684 0.002785577 0.999968827 -0.007391357 -2.880540848 0.007874167 0.007369222 0.999941826 153.041915894
0.999967933 -0.002227175 -0.007687459 -0.661336899 0.002179068 0.999978065 -0.006260573 -2.912721634 0.007701232 0.006243622 0.999950886 154.310928345
0.999970198 -0.001575488 -0.007565662 -0.690387845 0.001528875 0.999979973 -0.006162915 -2.935025454 0.007575219 0.006151164 0.999952435 155.581008911
0.999960601 -0.001769878 -0.008694344 -0.690542817 0.001716215 0.999979496 -0.006175651 -2.973462820 0.008705094 0.006160486 0.999943137 156.826690674
0.999958277 -0.000916603 -0.009095015 -0.713559210 0.000861931 0.999981582 -0.006013175 -2.994322538 0.009100358 0.006005084 0.999940515 158.097991943
0.999950469 -0.001901083 -0.009770697 -0.733198822 0.001855122 0.999987185 -0.004710856 -3.034163713 0.009779527 0.004692498 0.999941170 159.363250732
0.999943435 -0.000115271 -0.010638129 -0.746915698 0.000070445 0.999991119 -0.004213891 -3.066320419 0.010638519 0.004212903 0.999934554 160.614151001
0.999938309 -0.000261397 -0.011097216 -0.771354675 0.000199709 0.999984443 -0.005559598 -3.086564779 0.011098498 0.005557038 0.999922991 161.888885498
0.999933541 0.000851632 -0.011496512 -0.790747643 -0.000927718 0.999977708 -0.006614502 -3.119566917 0.011490623 0.006624728 0.999912024 163.149307251
0.999923408 0.000940298 -0.012338792 -0.816796422 -0.001020531 0.999978364 -0.006497844 -3.151810646 0.012332415 0.006509940 0.999902785 164.400024414
0.999918222 0.001106885 -0.012742481 -0.836295605 -0.001203482 0.999970496 -0.007575480 -3.173634052 0.012733721 0.007590196 0.999890149 165.676315308
0.999901235 0.000795252 -0.014028469 -0.858553410 -0.000913949 0.999963820 -0.008456848 -3.213358402 0.014021236 0.008468835 0.999865830 166.916213989
0.999898493 0.001498875 -0.014174435 -0.882884264 -0.001616029 0.999964595 -0.008257301 -3.241089344 0.014161558 0.008279368 0.999865413 168.194534302
0.999881744 0.000693953 -0.015358031 -0.912348509 -0.000797623 0.999977052 -0.006745130 -3.280228138 0.015352996 0.006756584 0.999859333 169.452133179
0.999877870 0.000451877 -0.015619454 -0.947975636 -0.000548879 0.999980569 -0.006206571 -3.316874266 0.015616344 0.006214386 0.999858797 170.704437256
0.999855638 0.001876956 -0.016885607 -0.965010524 -0.001979955 0.999979496 -0.006085156 -3.340480804 0.016873838 0.006117711 0.999838889 171.981689453
0.999853373 0.002583695 -0.016926710 -1.004751563 -0.002678907 0.999980628 -0.005604723 -3.371697187 0.016911902 0.005649247 0.999841034 173.244598389
0.999828994 0.002416252 -0.018331671 -1.019191027 -0.002533654 0.999976397 -0.006383833 -3.406610489 0.018315816 0.006429188 0.999811590 174.510391235
0.999829710 0.003177708 -0.018176062 -1.065967321 -0.003310604 0.999967992 -0.007286170 -3.426445961 0.018152330 0.007345105 0.999808252 175.743972778
0.999819934 0.003766852 -0.018598853 -1.096020460 -0.003890321 0.999970734 -0.006606825 -3.462737322 0.018573415 0.006677992 0.999805331 177.026931763
0.999818683 0.003602283 -0.018694825 -1.141230822 -0.003744230 0.999964476 -0.007563411 -3.506425381 0.018666912 0.007632038 0.999796689 178.242752075
0.999822497 0.001514869 -0.018780451 -1.155649424 -0.001692588 0.999953926 -0.009450670 -3.527447939 0.018765265 0.009480780 0.999778986 179.557266235
0.999814272 -0.001660330 -0.019200861 -1.181963921 0.001481322 0.999955356 -0.009333395 -3.557881594 0.019215500 0.009303220 0.999772131 180.825347900
0.999808550 -0.001773522 -0.019488238 -1.210922480 0.001667732 0.999983847 -0.005443285 -3.593769550 0.019497577 0.005409741 0.999795318 182.096801758
0.999808252 -0.002042787 -0.019477472 -1.247568846 0.002020797 0.999997318 -0.001148667 -3.621173143 0.019479770 0.001109088 0.999809623 183.328750610
0.999805510 -0.001861500 -0.019635526 -1.277744055 0.001830193 0.999997020 -0.001612233 -3.654820442 0.019638475 0.001575982 0.999805927 184.577133179
0.999817550 0.000380974 -0.019097801 -1.319971561 -0.000474137 0.999988019 -0.004873966 -3.673627138 0.019095717 0.004882132 0.999805868 185.806365967
0.999805808 0.000720385 -0.019693466 -1.346586704 -0.000848803 0.999978364 -0.006513214 -3.708842754 0.019688349 0.006528664 0.999784887 187.073287964
0.999809802 0.000737526 -0.019487161 -1.388534784 -0.000863626 0.999978721 -0.006463310 -3.732744694 0.019481979 0.006478910 0.999789298 188.339111328
0.999812841 0.000858763 -0.019329226 -1.424883366 -0.000966992 0.999983907 -0.005590594 -3.755908012 0.019324111 0.005608239 0.999797642 189.575942993
0.999809742 0.000276539 -0.019501345 -1.437197208 -0.000335950 0.999995291 -0.003043281 -3.798377037 0.019500406 0.003049253 0.999805212 190.828308105
0.999826074 -0.000170259 -0.018647095 -1.463548422 0.000128550 0.999997437 -0.002237931 -3.827302933 0.018647423 0.002235144 0.999823630 192.076583862
0.999853969 0.000716801 -0.017071951 -1.502058148 -0.000764836 0.999995768 -0.002807308 -3.862692356 0.017069865 0.002819955 0.999850333 193.326980591
0.999866724 -0.000996856 -0.016296491 -1.496840954 0.000930712 0.999991298 -0.004065772 -3.893248558 0.016300403 0.004050063 0.999858916 194.519042969
0.999885380 -0.001373882 -0.015075808 -1.518299222 0.001292061 0.999984324 -0.005435685 -3.929651737 0.015083041 0.005415583 0.999871612 195.750732422
0.999908745 -0.002046162 -0.013354266 -1.558624744 0.001965392 0.999979734 -0.006058587 -3.953749180 0.013366390 0.006031787 0.999892533 196.971572876
0.999921978 -0.001542472 -0.012405102 -1.567276716 0.001474299 0.999983788 -0.005502827 -3.973927021 0.012413389 0.005484108 0.999907911 198.188491821
0.999938309 -0.002102368 -0.010903798 -1.592471719 0.002061191 0.999990761 -0.003786178 -4.008901119 0.010911657 0.003763471 0.999933362 199.420883179
0.999951839 -0.000944880 -0.009764274 -1.607894897 0.000915690 0.999995112 -0.002993537 -4.040731907 0.009767056 0.002984451 0.999947846 200.633270264
0.999964058 -0.001405769 -0.008368032 -1.625107288 0.001376031 0.999992728 -0.003558485 -4.058977604 0.008372975 0.003546842 0.999958575 201.841674805
0.999966145 -0.001562674 -0.008076972 -1.632599473 0.001540156 0.999994874 -0.002793279 -4.103489876 0.008081296 0.002780744 0.999963403 203.031799316
0.999977648 -0.001486057 -0.006520330 -1.655623913 0.001467047 0.999994695 -0.002919247 -4.121755600 0.006524633 0.002909616 0.999974489 204.208404541
0.999986827 -0.001055581 -0.005027506 -1.683709383 0.001040865 0.999995172 -0.002928847 -4.152627468 0.005030573 0.002923576 0.999983132 205.401199341
0.999989092 -0.001405810 -0.004444086 -1.690919638 0.001393722 0.999995351 -0.002721769 -4.182643890 0.004447892 0.002715545 0.999986470 206.565719604
0.999987185 -0.002543946 -0.004385125 -1.638225555 0.002533900 0.999994159 -0.002295141 -4.234951496 0.004390939 0.002284001 0.999987721 207.728637695
0.999987721 -0.002457425 -0.004313090 -1.638807535 0.002450413 0.999995708 -0.001630354 -4.259148121 0.004317078 0.001619766 0.999989390 208.905609131
0.999988198 -0.002855525 -0.003944168 -1.676701546 0.002852954 0.999995649 -0.000657591 -4.282809734 0.003946030 0.000646331 0.999992013 210.002944946
0.999986172 -0.002573240 -0.004592411 -1.730353236 0.002570328 0.999996424 -0.000639846 -4.295270920 0.004594042 0.000628033 0.999989271 211.094467163
0.999984741 -0.001763491 -0.005238635 -1.741641521 0.001755893 0.999997318 -0.001454835 -4.322994709 0.005241189 0.001445614 0.999985218 212.180313110
0.999983430 -0.001575614 -0.005548024 -1.750516176 0.001563573 0.999996364 -0.002173879 -4.344068050 0.005551430 0.002165168 0.999982297 213.303527832
0.999978960 -0.001645987 -0.006274557 -1.762474656 0.001632338 0.999996305 -0.002179739 -4.379178524 0.006278121 0.002169451 0.999977946 214.353347778
0.999970376 -0.002102949 -0.007403864 -1.779383063 0.002085219 0.999994993 -0.002401618 -4.401634693 0.007408878 0.002386109 0.999969721 215.419708252
0.999955595 -0.002513367 -0.009082211 -1.735140800 0.002498803 0.999995530 -0.001614726 -4.430183887 0.009086230 0.001591960 0.999957442 216.449554443
0.999926686 -0.004594824 -0.011198549 -1.748690605 0.004600081 0.999989331 0.000443625 -4.458632946 0.011196391 -0.000495107 0.999937177 217.491958618
0.999898911 -0.003910835 -0.013672093 -1.753097296 0.003938109 0.999990344 0.001968474 -4.481259346 0.013664262 -0.002022117 0.999904633 218.529174805
0.999866545 -0.003655628 -0.015921196 -1.781342626 0.003682908 0.999991775 0.001684420 -4.497940540 0.015914908 -0.001742832 0.999871850 219.515304565
0.999811232 -0.004178401 -0.018976266 -1.793731689 0.004206248 0.999990165 0.001427827 -4.521005630 0.018970113 -0.001507376 0.999818921 220.509323120
0.999753714 -0.003803299 -0.021866091 -1.819916248 0.003816586 0.999992549 0.000565935 -4.527051926 0.021863775 -0.000649249 0.999760747 221.488677979
0.999683917 -0.003398693 -0.024914738 -1.850097895 0.003427258 0.999993563 0.001103930 -4.545222759 0.024910824 -0.001188971 0.999689043 222.425628662
0.999611378 -0.002710456 -0.027744440 -1.876609802 0.002755143 0.999995112 0.001572623 -4.575842381 0.027740039 -0.001648452 0.999613822 223.311981201
0.999525130 -0.002847153 -0.030681895 -1.911286354 0.002882715 0.999995232 0.001114892 -4.594480515 0.030678574 -0.001202810 0.999528587 224.210296631
0.999413848 -0.003291667 -0.034073945 -1.943870068 0.003310482 0.999994397 0.000495776 -4.619307995 0.034072116 -0.000608286 0.999419212 225.072357178
0.999299407 -0.005962528 -0.036947168 -1.973510265 0.005960051 0.999982238 -0.000177191 -4.632829189 0.036947563 -0.000043140 0.999317229 225.919982910
0.999172330 -0.005653229 -0.040282667 -2.003727436 0.005625159 0.999983847 -0.000810111 -4.654467583 0.040286601 0.000582844 0.999188066 226.760482788
0.999079168 -0.003650520 -0.042750351 -2.046566010 0.003582692 0.999992192 -0.001663091 -4.662187576 0.042756092 0.001508398 0.999084413 227.561386108
0.999042094 -0.003479371 -0.043621503 -2.078352928 0.003454686 0.999993861 -0.000641262 -4.688232422 0.043623473 0.000489950 0.999047935 228.354263306
0.999061286 -0.003271212 -0.043194529 -2.121580124 0.003294725 0.999994516 0.000473172 -4.706795216 0.043192744 -0.000615042 0.999066591 229.121170044
0.999087811 -0.002957512 -0.042602278 -2.168603897 0.003017412 0.999994516 0.001341796 -4.724169254 0.042598080 -0.001469120 0.999091208 229.878738403
0.999058664 -0.002170037 -0.043326449 -2.179543018 0.002237116 0.999996364 0.001499821 -4.757878304 0.043323044 -0.001595336 0.999059856 230.623321533
0.999055207 -0.001739356 -0.043425437 -2.204200745 0.001729245 0.999998510 -0.000270408 -4.775493145 0.043425851 0.000195060 0.999056697 231.362457275
0.999102652 -0.001659413 -0.042320725 -2.242168427 0.001557533 0.999995828 -0.002440178 -4.791091442 0.042324599 0.002372073 0.999101043 232.079879761
0.999145985 -0.001620158 -0.041287076 -2.272603512 0.001463908 0.999991775 -0.003814447 -4.809148312 0.041292913 0.003750749 0.999140024 232.800170898
0.999182701 -0.001215666 -0.040403917 -2.295022964 0.001034959 0.999989390 -0.004493111 -4.819423676 0.040408958 0.004447621 0.999173343 233.533386230
0.999281406 -0.001746135 -0.037862130 -2.342349052 0.001581625 0.999989212 -0.004374504 -4.839917183 0.037869353 0.004311477 0.999273419 234.239776611
0.999341190 -0.001903807 -0.036244854 -2.370119095 0.001737413 0.999987841 -0.004621786 -4.855174541 0.036253214 0.004555768 0.999332249 234.951431274
0.999402761 -0.001705016 -0.034513820 -2.391973019 0.001567243 0.999990702 -0.004018479 -4.882576466 0.034520339 0.003961988 0.999396086 235.648529053
0.999482036 -0.002245234 -0.032103702 -2.418249607 0.002091283 0.999986172 -0.004828219 -4.892348289 0.032114092 0.004758580 0.999472916 236.371353149
0.999572515 -0.002186771 -0.029158514 -2.442110538 0.002060663 0.999988437 -0.004354271 -4.908747673 0.029167695 0.004292323 0.999565363 237.068679810
0.999646842 -0.003733073 -0.026312932 -2.456391096 0.003640388 0.999987006 -0.003569419 -4.927373886 0.026325913 0.003472370 0.999647439 237.768844604
0.999726653 -0.004069784 -0.023025468 -2.480519056 0.003990435 0.999986112 -0.003491062 -4.940422058 0.023039350 0.003398226 0.999728799 238.479232788
0.999790668 -0.004269827 -0.020012118 -2.495867968 0.004211440 0.999986768 -0.002958807 -4.960378647 0.020024484 0.002873907 0.999795377 239.169525146
0.999845862 -0.004781979 -0.016903859 -2.513124943 0.004722080 0.999982417 -0.003581527 -4.973931789 0.016920695 0.003501153 0.999850690 239.854782104
0.999885082 -0.005001901 -0.014315253 -2.520115376 0.004948070 0.999980688 -0.003793293 -4.986831188 0.014333949 0.003722024 0.999890268 240.548278809
0.999931574 -0.003985328 -0.011001267 -2.534045458 0.003933098 0.999980927 -0.004765124 -5.002067566 0.011020049 0.004721530 0.999928117 241.229888916
0.999958456 -0.004056023 -0.008168567 -2.541931152 0.004014452 0.999978960 -0.005099081 -5.018652916 0.008189077 0.005066076 0.999953628 241.918441772
0.999981284 -0.003222780 -0.005187898 -2.549183130 0.003198676 0.999984086 -0.004647930 -5.030383587 0.005202795 0.004631250 0.999975741 242.618515015
0.999992967 -0.003000568 -0.002244269 -2.557350636 0.002991277 0.999987006 -0.004131533 -5.043122768 0.002256636 0.004124789 0.999988914 243.320190430
0.999992967 -0.003728767 -0.000413782 -2.555976629 0.003727168 0.999985814 -0.003798816 -5.064083099 0.000427942 0.003797248 0.999992728 244.021499634
0.999991119 -0.003967027 0.001472508 -2.558875561 0.003974753 0.999978185 -0.005282053 -5.079385757 -0.001451522 0.005287859 0.999985099 244.726470947
0.999988496 -0.003265535 0.003518644 -2.555998325 0.003293140 0.999963641 -0.007868188 -5.094446182 -0.003492822 0.007879687 0.999962866 245.437454224
0.999984682 0.002196599 0.005074321 -2.550965786 -0.002151198 0.999957681 -0.008935374 -5.115126610 -0.005093735 0.008924321 0.999947190 246.149963379
0.999985635 0.001531645 0.005123815 -2.550874233 -0.001486000 0.999959230 -0.008900346 -5.135286808 -0.005137239 0.008892607 0.999947250 246.874771118
0.999945045 0.008963426 0.005467272 -2.545375586 -0.008907671 0.999908924 -0.010138515 -5.150142670 -0.005557651 0.010089256 0.999933660 247.596374512
0.999981821 0.002688067 0.005399227 -2.546867371 -0.002633605 0.999945819 -0.010069209 -5.170333862 -0.005426003 0.010054807 0.999934733 248.344696045
0.999980271 0.002478493 0.005779527 -2.549067974 -0.002417322 0.999941170 -0.010567304 -5.189203262 -0.005805379 0.010553122 0.999927402 249.093292236
0.999927878 0.010314370 0.006157767 -2.545553684 -0.010230273 0.999855995 -0.013536225 -5.191417694 -0.006296498 0.013472254 0.999889433 249.844543457
0.999962449 0.005956226 0.006306486 -2.539144039 -0.005859463 0.999866605 -0.015251879 -5.216585636 -0.006396489 0.015214354 0.999863803 250.609405518
0.999974251 -0.001202266 0.007072257 -2.536815643 0.001314373 0.999873221 -0.015868627 -5.245313644 -0.007052283 0.015877515 0.999849021 251.352050781
0.999965727 0.001927751 0.008044883 -2.546170235 -0.001817172 0.999904096 -0.013730228 -5.238204002 -0.008070580 0.013715141 0.999873340 252.146087646
0.999914646 0.009908617 0.008506757 -2.540174007 -0.009853940 0.999930620 -0.006445405 -5.274646282 -0.008570034 0.006361031 0.999943018 252.900009155
0.999922395 0.008923029 0.008695900 -2.524953842 -0.008898432 0.999956369 -0.002862904 -5.296384811 -0.008721066 0.002785302 0.999958038 253.675765991
0.999896169 0.008529340 0.011617089 -2.525848150 -0.008470630 0.999951184 -0.005093451 -5.311097145 -0.011659965 0.004994519 0.999919534 254.467330933
0.999844313 0.008772812 0.015307300 -2.507988214 -0.008608039 0.999904692 -0.010797145 -5.334351540 -0.015400564 0.010663697 0.999824524 255.257125854
0.999760389 0.010443027 0.019233763 -2.509552479 -0.010161771 0.999840856 -0.014663137 -5.348447800 -0.019383831 0.014464176 0.999707460 256.070587158
0.999687493 0.012179147 0.021827234 -2.486684322 -0.011878938 0.999833703 -0.013831155 -5.374111176 -0.021992056 0.013567550 0.999666095 256.896484375
0.999617338 0.010778948 0.025474340 -2.466229916 -0.010483501 0.999876559 -0.011703042 -5.398292542 -0.025597343 0.011431506 0.999606967 257.718048096
0.999543667 0.008318344 0.029042929 -2.452075005 -0.008045060 0.999922395 -0.009513979 -5.403217316 -0.029119819 0.009275983 0.999532819 258.556030273
0.999477446 0.006669215 0.031629056 -2.417595863 -0.006418108 0.999947190 -0.008034013 -5.420605659 -0.031680960 0.007826817 0.999467373 259.394561768
0.999376595 0.008673105 0.034220379 -2.386850357 -0.008425147 0.999937236 -0.007383498 -5.451135635 -0.034282267 0.007090584 0.999386966 260.238159180
0.999244094 0.010790009 0.037348203 -2.372463226 -0.010451110 0.999902606 -0.009257372 -5.474385262 -0.037444450 0.008860045 0.999259412 261.072662354
0.999154091 0.010469425 0.039765723 -2.347813606 -0.010054825 0.999893188 -0.010611795 -5.514270782 -0.039872564 0.010202982 0.999152660 261.905456543
0.999031425 0.012675547 0.042136673 -2.307143211 -0.012166417 0.999850154 -0.012317332 -5.508867264 -0.042286489 0.011792751 0.999035835 262.773101807
0.998918653 0.013278067 0.044555739 -2.272274971 -0.012841465 0.999866843 -0.010070972 -5.534821510 -0.044683535 0.009487923 0.998956084 263.612335205
0.998720646 0.015583785 0.048104685 -2.240478516 -0.015178075 0.999846101 -0.008787715 -5.550508499 -0.048234228 0.008046336 0.998803556 264.475830078
0.998579025 0.016176283 0.050776932 -2.200817108 -0.015724761 0.999833226 -0.009279206 -5.566036224 -0.050918568 0.008467565 0.998666883 265.328521729
0.998481214 0.015467511 0.052875057 -2.156215668 -0.014992922 0.999843776 -0.009360597 -5.592494011 -0.053011585 0.008553630 0.998557270 266.175292969
0.998368382 0.014263649 0.055290442 -2.103322983 -0.013727010 0.999854982 -0.010073534 -5.607942581 -0.055426113 0.009298127 0.998419464 267.029296875
0.998289645 0.010417865 0.057525516 -2.065201759 -0.009909880 0.999909401 -0.009108808 -5.637058258 -0.057615194 0.008523158 0.998302460 267.870208740
0.998249412 0.009673980 0.058347739 -2.014324188 -0.009141216 0.999914169 -0.009390872 -5.655276299 -0.058433577 0.008841065 0.998252094 268.730346680
0.998215616 0.008737781 0.059070539 -1.974697113 -0.008186569 0.999920726 -0.009567013 -5.673717976 -0.059149452 0.009066356 0.998207927 269.569549561
0.998199224 0.008715956 0.059350576 -1.922576904 -0.008174056 0.999922693 -0.009367188 -5.699417591 -0.059427645 0.008865185 0.998193204 270.434417725
0.998242795 0.008238753 0.058683403 -1.873560905 -0.007743147 0.999932468 -0.008667829 -5.721279621 -0.058750849 0.008198204 0.998239100 271.291412354
0.998266160 0.008909431 0.058182884 -1.826591492 -0.008442806 0.999930263 -0.008260828 -5.743680954 -0.058252420 0.007755278 0.998271763 272.153686523
0.998345613 0.008631951 0.056846388 -1.781924248 -0.008126397 0.999925435 -0.009118487 -5.763043880 -0.056920856 0.008641443 0.998341262 273.010253906
0.998426616 0.008875084 0.055367105 -1.745142937 -0.008341856 0.999916673 -0.009854458 -5.788265228 -0.055449951 0.009377090 0.998417377 273.863769531
0.998561740 0.009474938 0.052769698 -1.681839943 -0.008909927 0.999900520 -0.010932075 -5.806767941 -0.052868031 0.010446178 0.998546839 274.737701416
0.998571813 0.010814320 0.052319445 -1.663477898 -0.010262745 0.999889016 -0.010799714 -5.834733009 -0.052430429 0.010247351 0.998571992 275.573608398
0.998631895 0.011254755 0.051064793 -1.637869835 -0.010703432 0.999881566 -0.011057237 -5.864364624 -0.051183190 0.010495543 0.998634100 276.426116943
0.998735487 0.012560739 0.048677262 -1.595565796 -0.012071168 0.999873698 -0.010338446 -5.885985851 -0.048800968 0.009737781 0.998761058 277.276184082
0.998883724 0.012347177 0.045594223 -1.555421829 -0.011936259 0.999885678 -0.009273802 -5.904320240 -0.045703527 0.008719223 0.998917043 278.128845215
0.999068737 0.011251186 0.041653670 -1.526869774 -0.010984797 0.999917746 -0.006618698 -5.928959370 -0.041724715 0.006154977 0.999110162 278.988250732
0.999265492 0.009933984 0.037012048 -1.501658440 -0.009769953 0.999941647 -0.004610062 -5.957594395 -0.037055682 0.004245069 0.999304175 279.830200195
0.999435127 0.009640812 0.032194525 -1.478745461 -0.009531925 0.999948323 -0.003533913 -5.970190525 -0.032226931 0.003225041 0.999475360 280.659698486
0.999575138 0.009180330 0.027662709 -1.467662811 -0.009103467 0.999954343 -0.002903172 -5.987751484 -0.027688093 0.002650111 0.999613106 281.479644775
0.999703884 0.008559081 0.022778837 -1.446656704 -0.008515446 0.999961734 -0.002011910 -6.009256363 -0.022795184 0.001817342 0.999738455 282.299438477
0.999809027 0.007789134 0.017919570 -1.438809395 -0.007752271 0.999967754 -0.002125675 -6.023427486 -0.017935544 0.001986351 0.999837160 283.109802246
0.999873996 0.007363853 0.014065664 -1.431471348 -0.007333637 0.999970734 -0.002198646 -6.043896198 -0.014081442 0.002095216 0.999898672 283.882568359
0.999924362 0.007330284 0.009871390 -1.426427841 -0.007309140 0.999970973 -0.002176174 -6.064620972 -0.009887053 0.002103858 0.999948978 284.644927979
0.999944925 0.008383421 0.006306779 -1.430382013 -0.008368568 0.999962151 -0.002377634 -6.080211639 -0.006326472 0.002324724 0.999977291 285.408630371
