0.999991417 -0.001793786 0.003732733 -0.089421935 0.001805123 0.999993801 -0.003036432 -0.018268956 -0.003727257 0.003043137 0.999988437 0.753399611
0.999996603 -0.002137046 0.001474574 -0.086500131 0.002143352 0.999988556 -0.004286155 -0.028162302 -0.001465388 0.004289314 0.999989748 1.142181158
0.999991775 -0.004069863 -0.000088849 -0.092491843 0.004069217 0.999971509 -0.006346561 -0.032734428 0.000114679 0.006346158 0.999979794 1.526782274
0.999977231 -0.006593742 -0.001416966 -0.097603999 0.006581944 0.999944866 -0.008176118 -0.044092849 0.001470819 0.008166596 0.999965549 1.910980940
0.999967158 -0.007674117 -0.002604314 -0.102592617 0.007651028 0.999932289 -0.008763932 -0.053432934 0.002671397 0.008743733 0.999958217 2.302367687
0.999961138 -0.007711004 -0.004250847 -0.105934933 0.007675700 0.999936402 -0.008260354 -0.061974518 0.004314266 0.008227415 0.999956787 2.675455332
0.999954522 -0.008097594 -0.005029619 -0.110982276 0.008053450 0.999929488 -0.008736916 -0.073313460 0.005100019 0.008696021 0.999949217 3.109192371
0.999949872 -0.007577797 -0.006529734 -0.110697858 0.007502160 0.999905229 -0.011531852 -0.083197609 0.006616517 0.011482283 0.999912202 3.519766808
0.999952197 -0.005886030 -0.007802950 -0.114082061 0.005765860 0.999865592 -0.015334821 -0.094623148 0.007892160 0.015289112 0.999852002 3.936190605
0.999937534 -0.005108343 -0.009930525 -0.113427438 0.004919417 0.999808073 -0.018957024 -0.100120313 0.010025457 0.018907003 0.999770999 4.166171074
0.999914527 -0.003415573 -0.012614431 -0.089358762 0.003166704 0.999800920 -0.019696454 -0.103134096 0.012679194 0.019654837 0.999726415 4.797399044
0.999896467 -0.001206875 -0.014330807 -0.080250762 0.001022479 0.999916673 -0.012867749 -0.111696832 0.014345135 0.012851781 0.999814451 5.242136002
0.999883771 -0.000658036 -0.015229437 -0.088247813 0.000618943 0.999996483 -0.002571831 -0.117874891 0.015231071 0.002562123 0.999880731 5.581467152
0.999876082 -0.000099336 -0.015738532 -0.086011030 0.000160458 0.999992490 0.003882363 -0.125485688 0.015738040 -0.003884405 0.999868631 6.168940067
0.999842763 0.002503121 -0.017546339 -0.094017193 -0.002450925 0.999992609 0.002995610 -0.136940747 0.017553724 -0.002952132 0.999841630 6.560213089
0.999590397 0.001157789 -0.028598472 0.069237366 -0.001335048 0.999980152 -0.006179817 -0.122303471 0.028590748 0.006215476 0.999571800 7.152535439
0.999536991 0.001073855 -0.030405117 0.055769295 -0.001441313 0.999926209 -0.012066022 -0.126987144 0.030389916 0.012104271 0.999464750 7.584918976
0.999282062 -0.011085448 -0.036226816 0.181119710 0.010671640 0.999875963 -0.011596180 -0.090736002 0.036350872 0.011201263 0.999276280 8.399319649
0.999262989 -0.011526925 -0.036615200 0.159780174 0.011449017 0.999931753 -0.002336788 -0.099122927 0.036639646 0.001915863 0.999326706 8.886320114
0.999520600 -0.005746824 -0.030421816 0.029248267 0.005938616 0.999962926 0.006217680 -0.133930758 0.030384973 -0.006395355 0.999517798 9.733537674
0.999500275 -0.006717476 -0.030887222 0.009526461 0.006991007 0.999937177 0.008756217 -0.137563586 0.030826481 -0.008967767 0.999484479 10.251658440
0.999467790 -0.008191111 -0.031576078 -0.002602994 0.008439427 0.999934375 0.007738685 -0.143782124 0.031510636 -0.008001041 0.999471307 10.818794250
0.999421239 -0.011218566 -0.032112643 0.004398108 0.011354722 0.999927342 0.004060782 -0.121558622 0.032064758 -0.004423060 0.999476016 11.961640358
0.999474883 -0.008101287 -0.031373553 -0.021452636 0.008125098 0.999966800 0.000631633 -0.122902222 0.031367403 -0.000886210 0.999507546 12.531535149
0.999465227 -0.011330207 -0.030673025 -0.040097326 0.011170673 0.999923229 -0.005367396 -0.128987730 0.030731492 0.005021890 0.999515057 13.150312424
0.999606550 -0.010822698 -0.025874205 -0.141907826 0.010580011 0.999898911 -0.009498097 -0.185502365 0.025974393 0.009220615 0.999620080 14.278853416
0.999641657 -0.010208755 -0.024744237 -0.165294036 0.009836186 0.999837160 -0.015132033 -0.192410544 0.024894694 0.014883226 0.999579251 14.896299362
0.999677896 -0.007787136 -0.024152525 -0.196220115 0.007403652 0.999845803 -0.015926557 -0.211430758 0.024272829 0.015742615 0.999581456 15.573244095
0.999782622 -0.003393898 -0.020569367 -0.274077982 0.003129528 0.999912202 -0.012871019 -0.273972362 0.020611251 0.012803830 0.999705553 16.618387222
0.999776781 -0.001477984 -0.021072691 -0.287074029 0.001182666 0.999900997 -0.014019718 -0.292587340 0.021091331 0.013991650 0.999679565 17.282299042
0.999785662 0.001322880 -0.020657266 -0.315458357 -0.001655394 0.999869108 -0.016087770 -0.310246468 0.020633284 0.016118502 0.999657154 17.966491699
0.999826670 0.007710011 -0.016942687 -0.398427486 -0.007984868 0.999836624 -0.016215796 -0.343613029 0.016814910 0.016348273 0.999725103 19.091993332
0.999809980 0.010186149 -0.016617391 -0.423852295 -0.010451104 0.999818325 -0.015936648 -0.368235499 0.016452052 0.016107291 0.999734998 19.796939850
0.999801040 0.010938019 -0.016678477 -0.442488015 -0.011209107 0.999805093 -0.016248174 -0.387389719 0.016497517 0.016431896 0.999728918 20.514738083
0.999780297 0.010530217 -0.018123658 -0.436849385 -0.010824097 0.999810278 -0.016194426 -0.413104415 0.017949693 0.016387045 0.999704719 21.539522171
0.999768198 0.010984596 -0.018517649 -0.454160929 -0.011270472 0.999817848 -0.015405080 -0.430428833 0.018345062 0.015610217 0.999709964 22.273944855
0.999747217 0.012418040 -0.018741354 -0.467035711 -0.012668380 0.999831259 -0.013298429 -0.451786935 0.018573031 0.013532467 0.999735892 23.195846558
0.999732077 0.012539995 -0.019456783 -0.482121229 -0.012784251 0.999840319 -0.012480518 -0.470005661 0.019297153 0.012725892 0.999732792 23.955652237
0.999719322 0.012977554 -0.019817041 -0.495737940 -0.013237270 0.999827504 -0.013031301 -0.496785462 0.019644486 0.013289946 0.999718606 24.733406067
0.999663293 0.015782891 -0.020589784 -0.487023175 -0.016101982 0.999751329 -0.015424892 -0.497041255 0.020341223 0.015751228 0.999669015 25.748453140
0.999650478 0.015482314 -0.021425411 -0.494739026 -0.015789600 0.999773800 -0.014247959 -0.520215452 0.021199983 0.014581271 0.999668956 26.530818939
0.999667466 0.014495544 -0.021320304 -0.533054411 -0.014740574 0.999826491 -0.011380766 -0.549333990 0.021151643 0.011691246 0.999707937 27.316295624
0.999629140 0.014393633 -0.023115812 -0.525124669 -0.014579406 0.999862552 -0.007888183 -0.562561393 0.022999110 0.008222274 0.999701619 28.317806244
0.999615788 0.013381914 -0.024270367 -0.534420311 -0.013512205 0.999895096 -0.005212287 -0.587266505 0.024198079 0.005538233 0.999691784 29.135898590
0.999609828 0.014999263 -0.023558553 -0.574542522 -0.015108753 0.999875844 -0.004476451 -0.611194611 0.023488494 0.004830647 0.999712348 29.926080704
0.999578178 0.013629072 -0.025641020 -0.575198054 -0.013818135 0.999878407 -0.007210679 -0.603939116 0.025539637 0.007561966 0.999645174 30.930480957
0.999551058 0.014890494 -0.025995668 -0.608712256 -0.015102457 0.999854088 -0.007976587 -0.618585408 0.025873102 0.008365622 0.999630272 31.761758804
0.999542117 0.013904641 -0.026872559 -0.630100191 -0.014085664 0.999879301 -0.006558970 -0.639360845 0.026778119 0.006934494 0.999617338 32.680999756
0.999523699 0.013653728 -0.027676409 -0.659860373 -0.013779281 0.999895573 -0.004350805 -0.660557866 0.027614115 0.004730102 0.999607444 33.511535645
0.999518216 0.013469764 -0.027963674 -0.692994595 -0.013519160 0.999907315 -0.001578202 -0.679142833 0.027939830 0.001955497 0.999607682 34.342529297
0.999557137 0.015318747 -0.025514001 -0.773589611 -0.015381415 0.999879122 -0.002261624 -0.699202299 0.025476294 0.002653070 0.999671876 35.295272827
0.999521792 0.016683744 -0.026033763 -0.800417542 -0.016849140 0.999839067 -0.006146658 -0.718515396 0.025927050 0.006582372 0.999642193 36.122467041
0.999501824 0.017929837 -0.025970697 -0.832608759 -0.018198529 0.999782920 -0.010146822 -0.735503078 0.025783148 0.010614403 0.999611139 36.965221405
0.999369502 0.016800795 -0.031277381 -0.764901161 -0.017137520 0.999797702 -0.010529130 -0.757500589 0.031094164 0.011058503 0.999455333 37.926902771
0.999355853 0.017719906 -0.031207530 -0.811854601 -0.017981132 0.999805450 -0.008109994 -0.778278708 0.031057760 0.008665909 0.999480009 38.906459808
0.999341309 0.017685344 -0.031687248 -0.848518610 -0.017905278 0.999817431 -0.006670578 -0.794530511 0.031563506 0.007233546 0.999475658 39.979934692
0.999395728 0.013900787 -0.031862728 -0.849343061 -0.014071796 0.999887764 -0.005149141 -0.804553986 0.031787600 0.005594403 0.999478996 40.564491272
0.999416173 0.013738828 -0.031280257 -0.899420023 -0.013921347 0.999887347 -0.005624693 -0.837130725 0.031199479 0.006056881 0.999494851 41.587162018
0.999406934 0.012770849 -0.031982075 -0.915357232 -0.013036681 0.999882042 -0.008117349 -0.851460099 0.031874660 0.008529483 0.999455512 42.673812866
0.999464035 0.011301424 -0.030721672 -0.956357121 -0.011633623 0.999875486 -0.010656089 -0.856841564 0.030597433 0.011007785 0.999471247 43.194728851
0.999473631 0.010062664 -0.030835560 -0.986364961 -0.010467029 0.999860883 -0.012980515 -0.889999986 0.030700665 0.013296446 0.999440193 44.226432800
0.999461532 0.007873181 -0.031852785 -0.999678969 -0.008406880 0.999825954 -0.016656201 -0.917852521 0.031716123 0.016915021 0.999353826 45.312561035
0.999512315 0.005103974 -0.030806042 -1.041656494 -0.005654468 0.999825418 -0.017809095 -0.946834087 0.030709773 0.017974596 0.999366701 45.813407898
0.999516547 0.002921535 -0.030952863 -1.066670537 -0.003400937 0.999875009 -0.015446845 -0.976367474 0.030903870 0.015544647 0.999401450 46.873908997
0.999524057 0.001537898 -0.030809687 -1.098802924 -0.001838666 0.999950886 -0.009736261 -1.000271320 0.030793218 0.009788283 0.999477863 47.558147430
0.999537945 -0.000176026 -0.030396491 -1.132878065 0.000055310 0.999992013 -0.003972202 -1.020744562 0.030396974 0.003968688 0.999529958 48.642345428
0.999533951 -0.001723382 -0.030476995 -1.154957891 0.001620779 0.999992907 -0.003390983 -1.037558198 0.030482605 0.003340013 0.999529660 49.285076141
0.999516964 -0.005712640 -0.030548483 -1.181283951 0.005528822 0.999966145 -0.006098375 -1.062621713 0.030582268 0.005926540 0.999514639 50.368202209
0.999521494 -0.007183341 -0.030087791 -1.219514966 0.006902558 0.999931753 -0.009425753 -1.079132438 0.030153472 0.009213551 0.999502778 51.029521942
0.999528110 -0.004535120 -0.030377731 -1.255039930 0.004125167 0.999899745 -0.013544334 -1.108224630 0.030436134 0.013412623 0.999446690 52.113788605
0.999536216 -0.004956633 -0.030042697 -1.297442913 0.004432808 0.999837399 -0.017477669 -1.147979736 0.030124465 0.017336383 0.999395728 53.193347931
0.999643385 -0.001391876 -0.026666975 -1.387742639 0.000900079 0.999829412 -0.018445417 -1.160395741 0.026688121 0.018414851 0.999474168 53.663776398
0.999660254 0.002767435 -0.025916232 -1.426306248 -0.003150625 0.999886096 -0.014756725 -1.191769958 0.025872461 0.014833380 0.999555230 54.744373322
0.999599457 0.003314048 -0.028103657 -1.403218985 -0.003669939 0.999913692 -0.012621522 -1.212039232 0.028059423 0.012719609 0.999525309 55.362018585
0.999597371 0.002431038 -0.028270939 -1.431668162 -0.002779740 0.999920666 -0.012301551 -1.237863302 0.028238807 0.012375188 0.999524593 56.442176819
0.999613225 0.000942757 -0.027792986 -1.471879959 -0.001254860 0.999936342 -0.011214294 -1.271820784 0.027780671 0.011244835 0.999550819 57.523780823
0.999583483 -0.000132516 -0.028859757 -1.485823631 -0.000167968 0.999945760 -0.010409093 -1.275646210 0.028859584 0.010409631 0.999529243 57.984027863
0.999584913 -0.001534379 -0.028771250 -1.539924622 0.001290790 0.999963105 -0.008482942 -1.305563331 0.028783221 0.008442307 0.999550045 59.079448700
0.999574423 -0.002442766 -0.029067932 -1.562502384 0.002243991 0.999973893 -0.006869003 -1.318127871 0.029083969 0.006800860 0.999553800 59.735141754
0.999565125 -0.003271862 -0.029303808 -1.606731057 0.003037899 0.999963224 -0.008025015 -1.352938652 0.029328996 0.007932512 0.999538302 60.816795349
0.999537408 -0.002988340 -0.030264651 -1.634328604 0.002632903 0.999927223 -0.011777382 -1.389372349 0.030297654 0.011692259 0.999472439 61.874717712
0.999538183 -0.002593518 -0.030273931 -1.660091519 0.002147535 0.999888778 -0.014754832 -1.377051115 0.030308846 0.014683022 0.999432683 62.300930023
0.999517083 -0.000822295 -0.031061718 -1.700567126 0.000417776 0.999915063 -0.013027269 -1.406597614 0.031069810 0.013008020 0.999432564 63.373481750
0.999506295 0.000883896 -0.031406365 -1.722680211 -0.001172186 0.999957263 -0.009162247 -1.418121338 0.031396925 0.009194537 0.999464691 64.004081726
0.999488771 0.002014173 -0.031907856 -1.768559694 -0.002190851 0.999982417 -0.005503224 -1.446003675 0.031896207 0.005570316 0.999475658 65.048744202
0.999494553 0.003908343 -0.031549841 -1.806337476 -0.004073016 0.999978423 -0.005156972 -1.449511647 0.031529002 0.005282864 0.999488890 65.668159485
0.999477267 0.003659802 -0.032124225 -1.851042509 -0.003893266 0.999966443 -0.007208066 -1.473834276 0.032096766 0.007329361 0.999457896 66.707725525
0.999458313 0.003641986 -0.032705523 -1.869117975 -0.003916812 0.999957502 -0.008342773 -1.484467506 0.032673743 0.008466363 0.999430180 67.324707031
0.999432385 0.003693925 -0.033482824 -1.900263071 -0.003976646 0.999956846 -0.008381091 -1.514138937 0.033450425 0.008509491 0.999404132 68.363121033
0.999420404 0.001861616 -0.033990592 -1.929466486 -0.002158718 0.999959767 -0.008706123 -1.521667719 0.033973008 0.008774459 0.999384224 68.960594177
0.999395967 0.000732262 -0.034743298 -1.966984510 -0.000982954 0.999973595 -0.007198970 -1.554917336 0.034737103 0.007228779 0.999370337 69.957244873
0.999371946 0.000629252 -0.035430200 -1.989472866 -0.000787832 0.999989688 -0.004462063 -1.565484166 0.035427049 0.004487187 0.999362171 70.558273315
0.999337673 0.000006456 -0.036389552 -2.025029421 -0.000129320 0.999994278 -0.003373960 -1.597331882 0.036389347 0.003376445 0.999331951 71.532058716
0.999270260 -0.000480719 -0.038195372 -2.058130503 0.000294138 0.999988019 -0.004890434 -1.585823894 0.038197268 0.004875630 0.999258339 72.090354919
0.999135494 -0.000602473 -0.041567996 -2.094944239 0.000354632 0.999982238 -0.005969425 -1.611721396 0.041570850 0.005949522 0.999117911 73.013145447
0.999021351 -0.000307451 -0.044228379 -2.139581680 -0.000031026 0.999970734 -0.007652082 -1.611693144 0.044229437 0.007645965 0.998992145 73.548316956
0.998877883 -0.000671551 -0.047353819 -2.185593605 0.000341608 0.999975681 -0.006975366 -1.639606714 0.047357354 0.006951363 0.998853803 74.431495667
0.998745024 0.001535062 -0.050059225 -2.229182482 -0.001821579 0.999982238 -0.005678512 -1.650929451 0.050049618 0.005762570 0.998730004 74.938835144
0.998601496 0.002541756 -0.052806251 -2.279813290 -0.002812175 0.999983311 -0.005047365 -1.668661118 0.052792531 0.005188804 0.998591900 75.776252747
0.998461485 0.003092713 -0.055362690 -2.329789400 -0.003359351 0.999983191 -0.004723756 -1.664050579 0.055347174 0.004902476 0.998455048 76.268394470
0.998345256 0.004880998 -0.057294663 -2.401735783 -0.005137512 0.999977469 -0.004330672 -1.683548212 0.057272248 0.004617862 0.998347878 77.050674438
0.998152494 0.006628671 -0.060394134 -2.421392918 -0.006873643 0.999969006 -0.003849455 -1.688751340 0.060366757 0.004257469 0.998167157 77.491561890
0.997975349 0.008709580 -0.063001871 -2.480279207 -0.009032690 0.999947488 -0.004845618 -1.714418888 0.062956385 0.005404882 0.998001575 78.215454102
0.997811258 0.009583735 -0.065426238 -2.537197351 -0.010191421 0.999908030 -0.008960671 -1.732411385 0.065334357 0.009607846 0.997817159 78.910675049
0.997731924 0.011795701 -0.066271633 -2.593321323 -0.012801031 0.999809027 -0.014765754 -1.699642420 0.066084810 0.015580609 0.997692347 79.131973267
0.997561574 0.013852276 -0.068403646 -2.643964291 -0.015101733 0.999727905 -0.017782779 -1.718918085 0.068138696 0.018772433 0.997499168 79.752410889
0.997467458 0.015897701 -0.069325671 -2.690218210 -0.017237531 0.999675214 -0.018771432 -1.740718603 0.069004729 0.019918894 0.997417450 80.362182617
0.997708559 0.017507672 -0.065353826 -2.766183853 -0.018754864 0.999652565 -0.018519184 -1.735821724 0.065006889 0.019702455 0.997690201 80.517936707
0.997825265 0.021229351 -0.062401276 -2.807792187 -0.022324147 0.999607921 -0.016899781 -1.760639071 0.062018033 0.018256089 0.997907996 81.069229126
0.998080254 0.023712348 -0.057213623 -2.834701538 -0.024650814 0.999571979 -0.015753087 -1.781168461 0.056815583 0.017133214 0.998237610 81.608634949
0.998486817 0.024877463 -0.049041107 -2.877233982 -0.025580028 0.999578178 -0.013750805 -1.797089219 0.048678346 0.014984476 0.998702049 82.112937927
0.998942316 0.024528399 -0.038890496 -2.896785736 -0.025032315 0.999608159 -0.012523763 -1.786614776 0.038568079 0.013484061 0.999164939 82.189430237
0.999343455 0.024179855 -0.026979357 -2.906661749 -0.024481410 0.999640822 -0.010903616 -1.808752060 0.026706025 0.011556973 0.999576509 82.658660889
0.999644518 0.023224190 -0.013093887 -2.911437035 -0.023370367 0.999664962 -0.011123678 -1.821972251 0.012831168 0.011425758 0.999852359 83.106658936
0.999734700 0.022935685 0.002104037 -2.919069290 -0.022908123 0.999661982 -0.012301035 -1.822895646 -0.002385437 0.012249583 0.999922156 83.237770081
0.999556124 0.021637624 0.020479318 -2.902378321 -0.021326018 0.999655247 -0.015313711 -1.841229200 -0.020803593 0.014870180 0.999673009 83.660964966
0.998891234 0.021153975 0.042056184 -2.873609781 -0.020337498 0.999598145 -0.019747904 -1.860139489 -0.042457011 0.018870702 0.998920083 84.075775146
0.997680485 0.018936159 0.065383539 -2.809857368 -0.017310226 0.999528825 -0.025345229 -1.864715338 -0.065832660 0.024154644 0.997538328 84.479339600
0.995502472 0.017002549 0.093197308 -2.758375168 -0.014451620 0.999504030 -0.027978152 -1.883062959 -0.093626782 0.026505474 0.995254576 84.882446289
0.992000580 0.014108359 0.125442728 -2.828655243 -0.010668846 0.999549568 -0.028048702 -1.881799459 -0.125781938 0.026486017 0.991704345 84.729621887
0.987476110 0.011722279 0.157332301 -2.732475281 -0.007200898 0.999545395 -0.029277083 -1.905339837 -0.157603949 0.027777508 0.987111688 85.094894409
0.981108725 0.009606047 0.193218634 -2.633996964 -0.003670074 0.999510884 -0.031056045 -1.918543935 -0.193422437 0.029760249 0.980664194 85.471260071
0.972679198 0.006157882 0.232072264 -2.525323868 0.001243019 0.999495566 -0.031730790 -1.932513475 -0.232150614 0.031152364 0.972180903 85.829566956
0.961689830 0.001371189 0.274136126 -2.616100311 0.007875650 0.999436557 -0.032627411 -1.926621914 -0.274026424 0.033536449 0.961137295 85.674980164
0.948826730 0.002266651 0.315788686 -2.485845566 0.008561963 0.999422014 -0.032899097 -1.948495030 -0.315680742 0.033919316 0.948259115 85.993995667
0.932907820 0.004351464 0.360088736 -2.339561462 0.008233602 0.999407887 -0.033408660 -1.960427165 -0.360020906 0.034132030 0.932319641 86.315162659
0.913635135 0.000130012 0.406535089 -2.380584717 0.012022011 0.999553919 -0.027337572 -1.997908592 -0.406357318 0.029863937 0.913226008 86.295547485
0.892479777 -0.000779506 0.451086760 -2.194610596 0.013627226 0.999588668 -0.025234250 -2.013576031 -0.450881571 0.028668117 0.892123342 86.602493286
0.868365526 -0.001741798 0.495921493 -1.999652863 0.016221570 0.999558568 -0.024893502 -2.029851198 -0.495659173 0.029661287 0.868010461 86.884269714
0.842215121 -0.001093580 0.539140284 -1.927967072 0.017421668 0.999530911 -0.025187736 -2.037166834 -0.538859785 0.030606227 0.841839194 86.950263977
0.813861251 0.001231149 0.581057787 -1.700332642 0.018253924 0.999449968 -0.027685074 -2.055284977 -0.580772340 0.033138402 0.813391089 87.208381653
0.781873882 0.005597060 0.623411298 -1.459217072 0.017487919 0.999369323 -0.030905550 -2.074975252 -0.623191237 0.035066418 0.781282842 87.481155396
0.749252141 0.010121758 0.662207544 -1.348289490 0.011572214 0.999530435 -0.028371021 -2.117110968 -0.662183821 0.028920278 0.748783112 87.497673035
0.711522877 0.014872275 0.702505529 -1.069244385 0.009688688 0.999473274 -0.030972218 -2.120416164 -0.702596188 0.028843824 0.711003900 87.739074707
0.671686113 0.014763119 0.740688622 -0.902122498 0.006302796 0.999651253 -0.025640287 -2.178455830 -0.740808964 0.021890629 0.671358883 87.822860718
0.630242169 0.012134921 0.776303709 -0.576572418 0.009791372 0.999674082 -0.023575693 -2.190116882 -0.776336849 0.022459472 0.629917920 88.030799866
0.590340555 0.010497208 0.807085991 -0.370849609 0.012558141 0.999674857 -0.022187695 -2.178842306 -0.807056546 0.023233799 0.590016842 88.053359985
0.543966711 0.009063123 0.839057863 -0.018814087 0.012877547 0.999733627 -0.019147268 -2.186175823 -0.839008033 0.021220490 0.543705106 88.237823486
0.501139581 0.004798010 0.865353107 -0.096305847 0.010203943 0.999882340 -0.011453183 -2.243404150 -0.865306318 0.014569654 0.501031637 87.974517822
0.450626552 0.000165710 0.892712533 0.265693665 0.012847928 0.999895215 -0.006671028 -2.260591269 -0.892620087 0.014475645 0.450577259 88.112937927
0.399377853 -0.002439636 0.916783154 0.093349457 0.007643841 0.999970555 -0.000668881 -2.317363977 -0.916754544 0.007274881 0.399384767 87.994155884
0.348700166 0.002242501 0.937231600 0.499834061 0.003363353 0.999987721 -0.003644007 -2.324086666 -0.937228322 0.004422907 0.348688364 88.108261108
0.297240555 0.009604264 0.954754293 0.692743301 -0.001546435 0.999952853 -0.009577490 -2.293863058 -0.954801381 0.001370355 0.297241449 88.110473633
0.250424325 0.011315481 0.968070030 1.133359909 -0.001219735 0.999934494 -0.011372410 -2.306788683 -0.968135417 0.001667140 0.250421792 88.191848755
0.210756570 0.012036323 0.977464616 1.409179688 0.005720071 0.999892056 -0.013545817 -2.291985989 -0.977521777 0.008446040 0.210664958 88.183090210
0.174854949 0.012735723 0.984511912 1.884820938 0.012762030 0.999803066 -0.015200136 -2.288402081 -0.984511554 0.015222188 0.174657941 88.240386963
0.145110056 0.012592658 0.989335299 2.130307198 0.017170019 0.999736369 -0.015243453 -2.307782888 -0.989266574 0.019198895 0.144855604 88.212417603
0.116286859 0.010885237 0.993156016 2.642787933 0.014761631 0.999810576 -0.012686587 -2.321612120 -0.993106008 0.016135894 0.116104141 88.267951965
0.090043560 0.007604726 0.995908737 2.959617138 0.007767171 0.999935031 -0.008337718 -2.320192575 -0.995907485 0.008486151 0.089978665 88.283546448
0.066275164 0.003927684 0.997793615 3.526591301 0.001587659 0.999990582 -0.004041786 -2.330263853 -0.997800112 0.001852026 0.066268332 88.313819885
0.044336896 0.001470643 0.999015570 3.887583017 0.004709863 0.999987483 -0.001681096 -2.327760220 -0.999005497 0.004779770 0.044329427 88.280723572
0.024245050 0.002058225 0.999703944 4.492424965 0.012795538 0.999915302 -0.002368977 -2.344578981 -0.999624193 0.012849196 0.024216672 88.268676758
0.007221758 0.005270963 0.999960124 4.802234173 0.017028198 0.999840498 -0.005393310 -2.318514585 -0.999828935 0.017066471 0.007130855 88.193275452
-0.007398650 0.010774419 0.999914527 5.448090553 0.016354885 0.999809504 -0.010652268 -2.323765278 -0.999838948 0.016274678 -0.007573453 88.193969727
-0.014311617 0.015815750 0.999772429 5.694682121 0.015577048 0.999756992 -0.015592521 -2.299246550 -0.999776244 0.015350341 -0.014554502 88.040748596
-0.020956835 0.015355892 0.999662459 6.371808052 0.017120050 0.999740899 -0.014998193 -2.314761639 -0.999633789 0.016799949 -0.021214293 88.025184631
-0.019460306 0.013103237 0.999724686 6.630917072 0.024834853 0.999611974 -0.012618340 -2.296306610 -0.999502182 0.024582442 -0.019778175 87.894546509
-0.018760966 0.011218444 0.999761045 7.350274086 0.026406894 0.999593914 -0.010721031 -2.315173626 -0.999475241 0.026199432 -0.019049598 87.872291565
-0.017271319 0.011215060 0.999787867 7.732742310 0.025118396 0.999626398 -0.010779325 -2.309362888 -0.999535263 0.024926901 -0.017546562 87.852195740
-0.015878621 0.011822964 0.999804020 8.493330956 0.021713795 0.999698341 -0.011476859 -2.324510098 -0.999638081 0.021527309 -0.016130550 87.856048584
-0.014603212 0.013068882 0.999807954 8.867216110 0.020113260 0.999715984 -0.012773906 -2.319380045 -0.999691010 0.019922866 -0.014861934 87.814239502
-0.013910562 0.013729826 0.999808967 9.641311646 0.019432595 0.999720514 -0.013458242 -2.339493513 -0.999714375 0.019241678 -0.014173489 87.812156677
-0.012855023 0.013923848 0.999820352 10.066440582 0.019050725 0.999724984 -0.013677572 -2.329818964 -0.999735892 0.018871479 -0.013116740 87.780029297
-0.012224085 0.013068568 0.999839842 10.885452271 0.017957317 0.999756217 -0.012847926 -2.336710215 -0.999764025 0.017797388 -0.012455776 87.768310547
-0.011357732 0.012934745 0.999851763 11.337285042 0.017144494 0.999771893 -0.012738957 -2.327853441 -0.999788523 0.016997278 -0.011576883 87.737510681
-0.011763525 0.010362512 0.999877036 12.188453674 0.017944509 0.999787450 -0.010150463 -2.357606411 -0.999769747 0.017822906 -0.011946957 87.721923828
-0.012990249 0.009568733 0.999869764 12.637456894 0.014691509 0.999848068 -0.009377657 -2.339128256 -0.999807715 0.014567791 -0.013128840 87.707054138
-0.013796081 0.008492612 0.999868751 13.514761925 0.013732731 0.999871194 -0.008303151 -2.354056597 -0.999810576 0.013616388 -0.013910916 87.691116333
-0.015024243 0.006942526 0.999863029 13.892830849 0.015589805 0.999855995 -0.006708216 -2.348286867 -0.999765635 0.015486902 -0.015130313 87.667144775
-0.015884781 0.005529596 0.999858499 14.783040047 0.017169401 0.999838829 -0.005256710 -2.361384153 -0.999726534 0.017083494 -0.015977159 87.649421692
-0.017528502 0.004294557 0.999837101 15.683237076 0.014506103 0.999886572 -0.004040453 -2.393857479 -0.999741197 0.014432937 -0.017588813 87.636779785
-0.018779390 0.009773495 0.999775827 15.809690475 0.011218786 0.999891400 -0.009563895 -2.377019882 -0.999760747 0.011036657 -0.018886983 87.625343323
-0.019409196 0.014483716 0.999706626 16.725532532 0.012466799 0.999820948 -0.014243325 -2.395736694 -0.999734044 0.012186681 -0.019586267 87.605430603
-0.020613693 0.017221646 0.999639153 17.112867355 0.011647334 0.999787927 -0.016984018 -2.392314196 -0.999719739 0.011293033 -0.020809896 87.594650269
-0.022107583 0.015330632 0.999638081 18.042831421 0.008158638 0.999851882 -0.015153474 -2.415484428 -0.999722421 0.007820679 -0.022229377 87.583732605
-0.023138253 0.010969127 0.999672055 18.969375610 0.005230370 0.999927342 -0.010850864 -2.444416761 -0.999718666 0.004977582 -0.023193937 87.571083069
-0.023736019 0.005698823 0.999701977 18.989250183 0.003466548 0.999978185 -0.005618092 -2.430893183 -0.999712288 0.003332159 -0.023755247 87.530990601
-0.024301667 0.000125042 0.999704599 19.905786514 -0.000246438 0.999999940 -0.000131072 -2.447140694 -0.999704659 -0.000249554 -0.024301620 87.524627686
-0.024084423 -0.001356638 0.999709010 20.835886002 -0.002505262 0.999996066 0.001296670 -2.467550993 -0.999706864 -0.002473309 -0.024087710 87.519195557
-0.020274945 0.007632228 0.999765277 21.017147064 0.000398539 0.999970853 -0.007625708 -2.446879864 -0.999794304 0.000243843 -0.020277396 87.428001404
-0.018934902 0.018450372 0.999650419 21.896112442 0.002822506 0.999826849 -0.018400159 -2.467485189 -0.999816716 0.002473122 -0.018983699 87.413345337
-0.018759547 0.024414845 0.999525905 22.745546341 0.004641331 0.999693155 -0.024331819 -2.482933760 -0.999813259 0.004182683 -0.018867105 87.403640747
-0.018396342 0.020122671 0.999628186 22.974632263 0.005788804 0.999782860 -0.020019248 -2.479050398 -0.999814153 0.005418383 -0.018508822 87.390350342
-0.017408384 0.012476078 0.999770522 23.849863052 0.009089142 0.999882758 -0.012319214 -2.513120174 -0.999807179 0.008872613 -0.017519729 87.375625610
-0.016857032 0.010301799 0.999804735 24.724073410 0.010469076 0.999893904 -0.010126202 -2.529735327 -0.999803185 0.010296348 -0.016963087 87.365936279
-0.016983844 0.011345481 0.999791324 24.880048752 0.013027540 0.999853313 -0.011124875 -2.530293703 -0.999770820 0.012835883 -0.017129149 87.342987061
-0.018404150 0.012313909 0.999754727 25.722497940 0.009048102 0.999885321 -0.012148951 -2.555672407 -0.999789655 0.008822295 -0.018513452 87.345741272
-0.020857843 0.012879225 0.999699473 26.577144623 0.006556321 0.999897361 -0.012744979 -2.574589014 -0.999760985 0.006288523 -0.020940134 87.346588135
-0.019758249 0.015421734 0.999685824 26.738611221 0.010101674 0.999833047 -0.015224352 -2.555600882 -0.999753773 0.009797702 -0.019910721 87.271713257
-0.022148084 0.015815178 0.999629557 27.580127716 0.009337645 0.999834478 -0.015611531 -2.583660126 -0.999711215 0.008988424 -0.022292081 87.261444092
-0.024351420 0.016713791 0.999563694 28.400699615 0.008324972 0.999828935 -0.016515413 -2.602412701 -0.999668896 0.007919173 -0.024486385 87.257202148
-0.023503862 0.016932694 0.999580383 28.533653259 0.007937090 0.999828160 -0.016750261 -2.594740152 -0.999692321 0.007540077 -0.023634214 87.189399719
-0.024763452 0.015344103 0.999575734 29.343992233 0.007978449 0.999853373 -0.015150710 -2.631241798 -0.999661505 0.007599896 -0.024882236 87.157188416
-0.028849561 0.016008614 0.999455631 30.183681488 0.007293493 0.999848545 -0.015804376 -2.647109985 -0.999557137 0.006833584 -0.028961942 87.173835754
-0.024967510 0.019374760 0.999500453 30.298635483 0.009717471 0.999769568 -0.019137237 -2.626173496 -0.999641001 0.009234793 -0.025150020 87.077697754
-0.026150389 0.018828392 0.999480665 31.088193893 0.009970844 0.999777615 -0.018573111 -2.664041996 -0.999608219 0.009479957 -0.026332304 87.063583374
-0.027633466 0.017997967 0.999455988 31.903713226 0.012109105 0.999770582 -0.017668832 -2.688146114 -0.999544680 0.011614251 -0.027845057 87.050445557
-0.028233636 0.018254921 0.999434650 32.011058807 0.013511114 0.999748826 -0.017878976 -2.689016581 -0.999510050 0.012998692 -0.028473195 87.024398804
-0.029709477 0.017230384 0.999410093 32.778041840 0.011859120 0.999787152 -0.016884346 -2.724214315 -0.999488235 0.011350505 -0.029907487 87.007339478
-0.030300425 0.017088136 0.999394774 33.530006409 0.010405838 0.999805093 -0.016779656 -2.744545937 -0.999486625 0.009891115 -0.030472334 86.982757568
-0.029676514 0.016720526 0.999419749 33.724845886 0.010233088 0.999812782 -0.016423246 -2.743765116 -0.999507070 0.009739757 -0.029842049 86.956840515
-0.030505784 0.016266009 0.999402165 34.445564270 0.010261268 0.999819994 -0.015959593 -2.777281761 -0.999481857 0.009768264 -0.030667191 86.938369751
-0.029499203 0.019982217 0.999364972 34.797439575 0.011713065 0.999738455 -0.019643936 -2.780283451 -0.999496162 0.011126138 -0.029725529 86.912948608
-0.030170821 0.022908214 0.999282122 35.507774353 0.012139105 0.999671996 -0.022550642 -2.807153225 -0.999471009 0.011450010 -0.030438997 86.900489807
-0.029664883 0.024623351 0.999256492 35.855293274 0.010619446 0.999647796 -0.024317732 -2.823997736 -0.999503374 0.009890175 -0.029915903 86.883377075
-0.030096430 0.024981357 0.999234617 36.549423218 0.011045725 0.999634922 -0.024658663 -2.857022285 -0.999485910 0.010295143 -0.030361358 86.872268677
-0.028807189 0.025599416 0.999257147 36.885261536 0.013619028 0.999589145 -0.025215311 -2.866479397 -0.999492228 0.012882530 -0.029143978 86.844329834
-0.029247200 0.025015067 0.999259233 37.588104248 0.014368951 0.999593914 -0.024602894 -2.898557901 -0.999468923 0.013638740 -0.029594759 86.828849792
-0.027853806 0.025856500 0.999277532 37.891292572 0.011791043 0.999604285 -0.025536295 -2.908508539 -0.999542475 0.011071241 -0.028147671 86.804893494
-0.027334960 0.026380325 0.999278188 38.560760498 0.009789967 0.999610841 -0.026121303 -2.938982248 -0.999578357 0.009068875 -0.027582590 86.788551331
-0.027228167 0.025216460 0.999311090 38.919281006 0.012059017 0.999617338 -0.024895612 -2.952480555 -0.999556482 0.011372864 -0.027521817 86.778511047
-0.028331146 0.024769509 0.999291658 39.605766296 0.012240577 0.999626696 -0.024430772 -2.977894545 -0.999523699 0.011539769 -0.028623745 86.761085510
-0.028803566 0.025642289 0.999256015 39.903984070 0.011498100 0.999613166 -0.025320020 -2.984005928 -0.999518931 0.010760247 -0.029087270 86.721260071
-0.033789061 0.025072724 0.999114394 40.569782257 0.007794145 0.999661446 -0.024822861 -3.020282269 -0.999398589 0.006948509 -0.033973038 86.699325562
-0.039368700 0.028501678 0.998818099 41.220413208 0.010982113 0.999545038 -0.028089557 -3.048254967 -0.999164402 0.009863291 -0.039663799 86.663330078
-0.044874448 0.033035837 0.998446226 41.408657074 0.014590307 0.999368131 -0.032410581 -3.043119907 -0.998885989 0.013113238 -0.045328092 86.641555786
-0.052235134 0.034650806 0.998033464 42.092964172 0.013760270 0.999327898 -0.033975553 -3.077291727 -0.998539984 0.011958499 -0.052676834 86.607780457
-0.056232709 0.034558505 0.997819424 42.415073395 0.011460259 0.999357283 -0.033965915 -3.091304779 -0.998351872 0.009525277 -0.056592617 86.564208984
-0.061766222 0.033630371 0.997523963 43.106002808 0.011613277 0.999388695 -0.032974150 -3.120999813 -0.998023093 0.009547834 -0.062119022 86.523956299
-0.065323316 0.034392916 0.997271121 43.442863464 0.009371786 0.999382913 -0.033851866 -3.138625622 -0.997820079 0.007134892 -0.065605335 86.489158630
-0.069115646 0.033948567 0.997030735 44.133407593 0.008101691 0.999406993 -0.033467852 -3.171263218 -0.997575700 0.005764478 -0.069349699 86.444839478
-0.070313744 0.031547382 0.997025907 44.488300323 0.008839241 0.999480128 -0.031001665 -3.179955959 -0.997485697 0.006633132 -0.070556052 86.400947571
-0.071157575 0.028689617 0.997052431 45.177635193 0.010913940 0.999548793 -0.027982544 -3.207801819 -0.997405350 0.008890623 -0.071438596 86.338829041
-0.073021159 0.025750315 0.996997833 45.584110260 0.011365511 0.999623120 -0.024985699 -3.229531050 -0.997265637 0.009506903 -0.073286317 86.316307068
-0.074795559 0.024901208 0.996887803 46.301017761 0.010252721 0.999654472 -0.024201062 -3.264317989 -0.997146249 0.008410677 -0.075025015 86.276824951
-0.072703406 0.030257136 0.996894419 46.665103912 0.013280727 0.999480486 -0.029367058 -3.265505314 -0.997265220 0.011104420 -0.073067449 86.217056274
-0.072846532 0.034613207 0.996742189 47.397354126 0.019619169 0.999253869 -0.033266567 -3.293057919 -0.997150242 0.017131921 -0.073471263 86.159088135
-0.072314598 0.038595323 0.996634722 47.780002594 0.027069859 0.998958766 -0.036721162 -3.322845936 -0.997014463 0.024323298 -0.073284075 86.110176086
-0.072800077 0.040010076 0.996543646 48.524471283 0.028310204 0.998875201 -0.038035549 -3.354958057 -0.996944666 0.025443375 -0.073850885 86.054428101
-0.071868621 0.038394712 0.996674836 48.915588379 0.027267255 0.998960972 -0.036516584 -3.374485970 -0.997041345 0.024552196 -0.072840877 86.014755249
-0.072341740 0.033318892 0.996823251 49.672286987 0.027847152 0.999119759 -0.031374726 -3.412399769 -0.996991098 0.025488993 -0.073205888 85.966224670
-0.069956079 0.031772792 0.997043848 50.011909485 0.030310249 0.999098897 -0.029711600 -3.436036825 -0.997089386 0.028142154 -0.070856072 85.927909851
-0.070645295 0.031895347 0.996991336 50.754238129 0.031098226 0.999073327 -0.029758373 -3.470687628 -0.997016549 0.028902385 -0.071571715 85.873535156
-0.072414532 0.031828865 0.996866584 51.139698029 0.029258691 0.999128222 -0.029775664 -3.498512030 -0.996945381 0.027010839 -0.073282659 85.851936340
-0.074390680 0.032580465 0.996696830 51.870601654 0.028620737 0.999124229 -0.030523641 -3.528348446 -0.996818423 0.026255542 -0.075257979 85.804458618
-0.075086966 0.032999236 0.996630847 52.268524170 0.029036265 0.999100864 -0.030893408 -3.554250956 -0.996754289 0.026618734 -0.075977623 85.759559631
-0.076870449 0.033129908 0.996490538 53.004516602 0.029276684 0.999091864 -0.030957960 -3.584980011 -0.996611178 0.026794178 -0.077770546 85.701629639
-0.079235598 0.032255210 0.996333957 53.736007690 0.028898530 0.999130726 -0.030047530 -3.629484653 -0.996436954 0.026411748 -0.080098853 85.650901794
-0.080790408 0.032770712 0.996192336 53.946968079 0.025183586 0.999207437 -0.030827533 -3.641603470 -0.996412814 0.022597119 -0.081551678 85.663841248
-0.081781462 0.034288622 0.996060193 54.685626984 0.025436560 0.999154270 -0.032306660 -3.681793690 -0.996325612 0.022694254 -0.082584485 85.603378296
-0.082422540 0.034373336 0.996004462 55.061885834 0.023975268 0.999184132 -0.032499041 -3.705337286 -0.996309042 0.021200821 -0.083179407 85.591072083
-0.083973609 0.035213992 0.995845497 55.824436188 0.023877908 0.999159515 -0.033317700 -3.731413603 -0.996181905 0.020980900 -0.084743872 85.541343689
-0.084995352 0.033548746 0.995816350 56.593547821 0.024658971 0.999197662 -0.031557959 -3.770359278 -0.996076167 0.021873526 -0.085754432 85.480491638
-0.084877796 0.031003248 0.995908916 56.792968750 0.020626001 0.999356329 -0.029352687 -3.785900593 -0.996177852 0.018050224 -0.085462630 85.460723877
-0.086670980 0.028923063 0.995817065 57.560855865 0.018111413 0.999459088 -0.027452514 -3.823969126 -0.996072292 0.015656315 -0.087147921 85.405349731
-0.088782214 0.027973110 0.995658219 58.294654846 0.019266015 0.999466836 -0.026362175 -3.865392208 -0.995864809 0.016841872 -0.089273810 85.338645935
-0.089418426 0.029168261 0.995566964 58.560825348 0.019973205 0.999422669 -0.027487300 -3.863500834 -0.995793998 0.017426796 -0.089949369 85.303894043
-0.092230462 0.030799655 0.995261252 59.349529266 0.019365361 0.999388039 -0.029132783 -3.894904613 -0.995549321 0.016586669 -0.092770450 85.245445251
-0.093992554 0.034183338 0.994985878 60.138114929 0.020145765 0.999271095 -0.032427464 -3.933680296 -0.995369077 0.016996816 -0.094612673 85.175735474
-0.093566552 0.037483416 0.994907141 60.338359833 0.022667967 0.999112189 -0.035510022 -3.949359894 -0.995354891 0.019229986 -0.094333179 85.145118713
-0.094855234 0.041529626 0.994624496 61.135059357 0.023803977 0.998938382 -0.039439611 -3.990417480 -0.995206356 0.019934976 -0.095743120 85.070274353
-0.094652064 0.042596132 0.994598687 61.943119049 0.025988491 0.998849392 -0.040304959 -4.030634880 -0.995171130 0.022033185 -0.095650151 84.994773865
-0.092041351 0.042268708 0.994857550 62.178451538 0.028874204 0.998791814 -0.039764497 -4.041041851 -0.995336413 0.025065750 -0.093150586 84.959358215
-0.091895677 0.040085919 0.994961381 62.990119934 0.028693220 0.998881042 -0.037593707 -4.083265305 -0.995355070 0.025093952 -0.092943057 84.884399414
-0.090926737 0.039014097 0.995093048 63.829219818 0.028294541 0.998930097 -0.036579121 -4.124006748 -0.995455444 0.024829688 -0.091933317 84.805297852
-0.089035541 0.036068171 0.995375097 64.074066162 0.027362943 0.999055445 -0.033753939 -4.145938396 -0.995652497 0.024231112 -0.089938395 84.803657532
-0.087444238 0.033276640 0.995613337 64.908981323 0.027981184 0.999129534 -0.030936584 -4.182885170 -0.995776355 0.025153238 -0.088299237 84.732948303
-0.085548043 0.029828373 0.995887339 65.737655640 0.028295957 0.999221325 -0.027497565 -4.217922211 -0.995932162 0.025827242 -0.086325429 84.657348633
-0.083067916 0.029690444 0.996101558 65.972396851 0.026958166 0.999257267 -0.027536381 -4.235506535 -0.996179163 0.024565689 -0.083806589 84.643173218
-0.081901312 0.033224821 0.996086538 66.804954529 0.027512493 0.999138653 -0.031064466 -4.283014297 -0.996260643 0.024860609 -0.082744822 84.582649231
-0.080121696 0.039425083 0.996005058 67.195320129 0.029498369 0.998873651 -0.037165686 -4.313319206 -0.996348500 0.026402749 -0.081194460 84.559120178
-0.078621805 0.043108691 0.995972037 68.044990540 0.026895909 0.998792648 -0.041107617 -4.353620529 -0.996541619 0.023555618 -0.079686329 84.497261047
-0.077083521 0.040473565 0.996202767 68.864608765 0.025764521 0.998922944 -0.038590483 -4.394115448 -0.996691704 0.022692000 -0.078043304 84.438133240
-0.074928470 0.038422469 0.996448398 69.151344299 0.025549926 0.999003291 -0.036599740 -4.408834934 -0.996861577 0.022716835 -0.075835481 84.423637390
-0.073527448 0.036277581 0.996633172 69.975967407 0.027159201 0.999040365 -0.034361508 -4.469877243 -0.996923387 0.024541259 -0.074442141 84.343734741
-0.073665977 0.036426231 0.996617556 70.949714661 0.026453556 0.999052465 -0.034559883 -4.511972427 -0.996932089 0.023818206 -0.074559778 84.302055359
