0.999968648 -0.004563445 -0.006475728 -0.036807850 0.004522871 0.999970138 -0.006266410 -0.033875465 0.006504131 0.006236925 0.999959409 1.175389886
0.999978483 -0.004536696 -0.004737744 -0.053035736 0.004507406 0.999970794 -0.006174762 -0.059204932 0.004765619 0.006153274 0.999969721 2.386333466
0.999981463 -0.005048725 -0.003392759 -0.065489203 0.005028826 0.999970257 -0.005848102 -0.085416220 0.003422183 0.005830932 0.999977171 3.577017546
0.999981165 -0.005505072 -0.002707305 -0.069299527 0.005488673 0.999966741 -0.006027721 -0.110497557 0.002740398 0.006012748 0.999978185 4.773135185
0.999984145 -0.005357161 -0.001744238 -0.076023422 0.005347131 0.999969423 -0.005705014 -0.138025641 0.001774747 0.005695597 0.999982178 5.968616486
0.999987185 -0.004966238 -0.000924157 -0.076426402 0.004959745 0.999963880 -0.006899995 -0.164492846 0.000958391 0.006895324 0.999975741 7.166763783
0.999986053 -0.005284327 -0.000071129 -0.087033078 0.005283702 0.999961853 -0.006972443 -0.198555946 0.000107971 0.006971971 0.999975681 8.342147827
0.999981523 -0.006081379 0.000068816 -0.092687637 0.006081669 0.999965906 -0.005587894 -0.225195974 -0.000034832 0.005588208 0.999984384 9.541303635
0.999978602 -0.006338178 -0.001604180 -0.100278303 0.006331168 0.999970496 -0.004338149 -0.250850350 0.001631629 0.004327900 0.999989271 10.743677139
0.999962628 -0.007605303 -0.004114721 -0.110789195 0.007585947 0.999960124 -0.004699312 -0.278312564 0.004150297 0.004667921 0.999980509 11.934559822
0.999960124 -0.007176483 -0.005327103 -0.132663041 0.007148271 0.999960423 -0.005296207 -0.300467253 0.005364900 0.005257916 0.999971807 13.051805496
0.999947011 -0.007085354 -0.007463899 -0.133924589 0.007044503 0.999960124 -0.005485101 -0.328458577 0.007502466 0.005432232 0.999957025 14.328968048
0.999949336 -0.005529938 -0.008422403 -0.147438943 0.005483647 0.999969721 -0.005509525 -0.357603848 0.008452617 0.005463059 0.999949336 15.525228500
0.999947309 -0.005779904 -0.008488441 -0.161070228 0.005731752 0.999967396 -0.005686238 -0.377713501 0.008521032 0.005637285 0.999947727 16.694051743
0.999939799 -0.006305213 -0.008982169 -0.187475488 0.006260274 0.999967754 -0.005022487 -0.409383357 0.009013548 0.004965954 0.999947011 17.902227402
0.999941170 -0.006575503 -0.008632675 -0.213997021 0.006536548 0.999968410 -0.004532964 -0.442885309 0.008662209 0.004476270 0.999952495 19.075670242
0.999929726 -0.006173805 -0.010112097 -0.225426003 0.006115024 0.999964297 -0.005833483 -0.461728752 0.010147751 0.005771239 0.999931812 20.288715363
0.999922335 -0.006843909 -0.010408807 -0.254583538 0.006777122 0.999956310 -0.006438257 -0.490820765 0.010452415 0.006367216 0.999925017 21.452444077
0.999921262 -0.004441212 -0.011738928 -0.262965798 0.004366366 0.999970019 -0.006393909 -0.509373844 0.011766972 0.006342149 0.999910653 22.662939072
0.999904335 -0.004901963 -0.012932457 -0.276216060 0.004821084 0.999968588 -0.006277862 -0.543450713 0.012962825 0.006214913 0.999896586 23.861995697
0.999902546 -0.004445523 -0.013233767 -0.304961711 0.004349546 0.999964118 -0.007272362 -0.564597666 0.013265622 0.007214093 0.999885917 25.052652359
0.999896824 -0.003616876 -0.013901630 -0.319570363 0.003513663 0.999966204 -0.007441785 -0.579027534 0.013928077 0.007392171 0.999875605 26.254993439
0.999866486 -0.006025207 -0.015189819 -0.340786695 0.005966724 0.999974608 -0.003892601 -0.631145477 0.015212885 0.003801446 0.999877036 27.442607880
0.999870300 -0.005200159 -0.015240327 -0.376963675 0.005143088 0.999979556 -0.003781591 -0.658428609 0.015259680 0.003702718 0.999876678 28.621376038
0.999836802 -0.006874152 -0.016703773 -0.395543724 0.006797205 0.999966025 -0.004659005 -0.680437684 0.016735235 0.004544705 0.999849558 29.816408157
0.999829888 -0.006562624 -0.017236641 -0.425991297 0.006479186 0.999967098 -0.004892140 -0.722428560 0.017268179 0.004779629 0.999839365 31.016828537
0.999797702 -0.006785967 -0.018929608 -0.441608548 0.006686357 0.999963462 -0.005320466 -0.741768241 0.018965021 0.005192819 0.999806643 32.206459045
0.999787688 -0.006721223 -0.019471709 -0.461499870 0.006621959 0.999964714 -0.005157837 -0.762769043 0.019505691 0.005027802 0.999797046 33.391254425
0.999766290 -0.007201496 -0.020384194 -0.490038961 0.007109260 0.999964178 -0.004593769 -0.795472622 0.020416543 0.004447777 0.999781668 34.596393585
0.999762416 -0.007835119 -0.020341078 -0.530822814 0.007748980 0.999960780 -0.004310008 -0.823229790 0.020374045 0.004151361 0.999783814 35.762763977
0.999739826 -0.008499609 -0.021167569 -0.538383305 0.008417707 0.999956727 -0.003955411 -0.868136823 0.021200275 0.003776199 0.999768138 36.998390198
0.999718904 -0.009664315 -0.021648722 -0.556075335 0.009598774 0.999949038 -0.003129297 -0.902824819 0.021677857 0.002920616 0.999760747 38.176719666
0.999721110 -0.009821272 -0.021475432 -0.586408138 0.009782954 0.999950349 -0.001888628 -0.918058395 0.021492919 0.001678008 0.999767601 39.388771057
0.999734282 -0.008971276 -0.021233756 -0.613760471 0.008946012 0.999959111 -0.001284538 -0.940792859 0.021244414 0.001094239 0.999773741 40.597923279
0.999739826 -0.008353647 -0.021223599 -0.654178858 0.008324843 0.999964297 -0.001445161 -0.965419590 0.021234909 0.001268103 0.999773800 41.768920898
0.999744952 -0.007837081 -0.021180054 -0.685498714 0.007798813 0.999967813 -0.001888785 -0.985426903 0.021194180 0.001723123 0.999773920 42.962665558
0.999772251 -0.004529788 -0.020855803 -0.711146235 0.004529971 0.999989748 -0.000038509 -1.000808358 0.020855764 -0.000055975 0.999782503 44.164276123
0.999809861 -0.005243256 -0.018782517 -0.730470240 0.005311936 0.999979317 0.003608502 -1.031797051 0.018763207 -0.003707587 0.999817073 45.375839233
0.999845386 -0.004756671 -0.016932569 -0.761337399 0.004864872 0.999967933 0.006354600 -1.047257423 0.016901799 -0.006435991 0.999836445 46.570430756
0.999880970 -0.003496185 -0.015026044 -0.781173229 0.003632243 0.999952495 0.009037063 -1.055388689 0.014993734 -0.009090565 0.999846220 47.783027649
0.999892771 -0.004311169 -0.013989598 -0.797282338 0.004456860 0.999935865 0.010399767 -1.068988562 0.013943871 -0.010461003 0.999848068 48.984996796
0.999903977 -0.006089324 -0.012447299 -0.814262033 0.006200834 0.999940813 0.008939620 -1.079632759 0.012392125 -0.009015946 0.999882579 50.181137085
0.999924421 -0.005246693 -0.011115450 -0.844333768 0.005326969 0.999959886 0.007204739 -1.088422060 0.011077203 -0.007263408 0.999912262 51.371433258
0.999938369 -0.004311113 -0.010232751 -0.854579151 0.004369903 0.999974012 0.005729908 -1.091789603 0.010207783 -0.005774270 0.999931216 52.603027344
0.999938130 -0.004464962 -0.010184225 -0.868893743 0.004508907 0.999980628 0.004296086 -1.097658515 0.010164845 -0.004341740 0.999938846 53.817237854
0.999927998 -0.005159849 -0.010835421 -0.889585018 0.005192259 0.999982178 0.002965254 -1.111479878 0.010819926 -0.003021300 0.999936938 55.030796051
0.999899328 -0.005386327 -0.013121385 -0.902994156 0.005441080 0.999976575 0.004140618 -1.132225513 0.013098775 -0.004211596 0.999905288 56.225154877
0.999879599 -0.006163895 -0.014240978 -0.923956811 0.006240373 0.999966264 0.005332043 -1.147062659 0.014207633 -0.005420270 0.999884307 57.423950195
0.999852657 -0.006443289 -0.015907578 -0.937581897 0.006537284 0.999961436 0.005863934 -1.166068435 0.015869182 -0.005967063 0.999856174 58.625789642
0.999845088 -0.005426379 -0.016743571 -0.969072342 0.005519955 0.999969304 0.005547632 -1.177949429 0.016712954 -0.005639196 0.999844432 59.822872162
0.999834716 -0.004753094 -0.017549738 -0.988057613 0.004840166 0.999976099 0.004922343 -1.191799641 0.017525921 -0.005006473 0.999833882 61.016262054
0.999825537 -0.006313921 -0.017584449 -1.019471645 0.006390000 0.999970436 0.004273722 -1.206939578 0.017556945 -0.004385342 0.999836206 62.215850830
0.999813139 -0.006628702 -0.018157985 -1.038383484 0.006695327 0.999971092 0.003610858 -1.220225215 0.018133527 -0.003731756 0.999828637 63.436546326
0.999795020 -0.007664815 -0.018739067 -1.058340073 0.007769236 0.999954641 0.005505955 -1.250888467 0.018696018 -0.005650415 0.999809206 64.626853943
0.999794960 -0.007374313 -0.018861195 -1.092762113 0.007508580 0.999946892 0.007057756 -1.264934659 0.018808153 -0.007197930 0.999797225 65.824302673
0.999792933 -0.007070270 -0.019080587 -1.120230675 0.007165195 0.999962270 0.004911212 -1.279437304 0.019045144 -0.005046912 0.999805868 67.025588989
0.999788880 -0.005206575 -0.019880597 -1.134025574 0.005291829 0.999977052 0.004238104 -1.305292845 0.019858075 -0.004342414 0.999793351 68.236846924
0.999789596 -0.004127314 -0.020091696 -1.169785857 0.004228417 0.999978662 0.004992217 -1.332315207 0.020070663 -0.005076123 0.999785662 69.442359924
0.999803483 -0.001280753 -0.019781953 -1.203064561 0.001364489 0.999990165 0.004220025 -1.327571034 0.019776350 -0.004246188 0.999795437 70.616981506
0.999803305 0.000054452 -0.019831935 -1.227584004 0.000040434 0.999988616 0.004784106 -1.352285504 0.019831967 -0.004783968 0.999791861 71.828086853
0.999836981 0.000687239 -0.018040162 -1.252269268 -0.000585877 0.999984026 0.005623354 -1.357530832 0.018043736 -0.005611870 0.999821424 73.004776001
0.999865770 0.002534003 -0.016187675 -1.280722260 -0.002438216 0.999979377 0.005934287 -1.364099264 0.016202383 -0.005894021 0.999851346 74.202995300
0.999914169 0.001470010 -0.013019125 -1.319617033 -0.001422317 0.999992251 0.003671756 -1.386440158 0.013024420 -0.003652925 0.999908447 75.370170593
0.999957919 -0.004861879 -0.007778496 -1.299651980 0.004856118 0.999988019 -0.000759279 -1.403998375 0.007782094 0.000721475 0.999969482 76.554466248
0.999980211 -0.002390499 -0.005804906 -1.296037674 0.002375076 0.999993622 -0.002662447 -1.410794020 0.005811234 0.002648608 0.999979556 77.754600525
0.999986053 -0.004456565 -0.002841155 -1.327508807 0.004464633 0.999985993 0.002839917 -1.452014804 0.002828460 -0.002852562 0.999991953 78.906768799
0.999993801 -0.003481635 0.000578753 -1.333121061 0.003479084 0.999984562 0.004351751 -1.482414842 -0.000593896 -0.004349710 0.999990344 80.089355469
0.999981523 -0.004040672 0.004557170 -1.335700870 0.004028834 0.999988496 0.002603862 -1.498133421 -0.004567639 -0.002585453 0.999986231 81.278213501
0.999943078 -0.005081640 0.009384157 -1.331783772 0.005091688 0.999986410 -0.001047163 -1.498843551 -0.009378709 0.001094884 0.999955416 82.396804810
0.999898434 -0.006743579 0.012564591 -1.310767055 0.006799696 0.999967098 -0.004428968 -1.523959517 -0.012534311 0.004513953 0.999911249 83.574356079
0.999846637 -0.007278621 0.015929483 -1.295698643 0.007366235 0.999958038 -0.005448414 -1.549139977 -0.015889157 0.005564920 0.999858260 84.717681885
0.999787807 -0.007243893 0.019286942 -1.273153305 0.007321643 0.999965310 -0.003963698 -1.574301362 -0.019257560 0.004104069 0.999806106 85.869461060
0.999712944 -0.005962603 0.023205405 -1.252508402 0.006026879 0.999978185 -0.002700978 -1.603778124 -0.023188798 0.002840060 0.999727070 87.033622742
0.999617755 -0.006525495 0.026868189 -1.220778942 0.006678302 0.999961972 -0.005601514 -1.617111921 -0.026830615 0.005778806 0.999623358 88.167129517
0.999522209 -0.006681517 0.030178446 -1.193009377 0.006898442 0.999951065 -0.007089711 -1.655184984 -0.030129604 0.007294509 0.999519408 89.350280762
0.999424636 -0.007120319 0.033160783 -1.160379648 0.007369766 0.999945402 -0.007406248 -1.687356472 -0.033106238 0.007646374 0.999422610 90.516059875
0.999314129 -0.008176326 0.036115926 -1.116278887 0.008406924 0.999945223 -0.006237706 -1.712960720 -0.036062945 0.006537050 0.999328136 91.657936096
0.999221206 -0.008601370 0.038509354 -1.072790623 0.008784265 0.999950945 -0.004582681 -1.739642859 -0.038468044 0.004917390 0.999247730 92.817428589
0.999087453 -0.009352269 0.041674677 -1.034287453 0.009492722 0.999950051 -0.003173642 -1.759838820 -0.041642912 0.003566353 0.999126136 93.972389221
0.998971641 -0.011114129 0.043953232 -0.987538815 0.011218735 0.999934852 -0.002133969 -1.783459663 -0.043926645 0.002624874 0.999031365 95.122436523
0.998853385 -0.011948144 0.046360131 -0.940143108 0.012161357 0.999916792 -0.004319735 -1.807264566 -0.046304654 0.004878584 0.998915493 96.274040222
0.998724282 -0.013758178 0.048584502 -0.885817051 0.014135096 0.999872506 -0.007422975 -1.853367805 -0.048476178 0.008100252 0.998791516 97.435791016
0.998618424 -0.013103171 0.050889172 -0.840563297 0.013633433 0.999856114 -0.010086808 -1.877727509 -0.050749689 0.010766666 0.998653352 98.579551697
0.998527527 -0.012982754 0.052673537 -0.782956123 0.013592691 0.999844432 -0.011237880 -1.901051044 -0.052519463 0.011937305 0.998548567 99.778190613
0.998521090 -0.013217553 0.052735150 -0.729035378 0.013787583 0.999850273 -0.010460198 -1.935876131 -0.052588999 0.011171819 0.998553753 100.938255310
0.998570502 -0.012917586 0.051866919 -0.676600456 0.013406555 0.999868870 -0.009090526 -1.951354146 -0.051742692 0.009772887 0.998612583 102.113418579
0.998622596 -0.013431127 0.050719805 -0.610107422 0.013823775 0.999877036 -0.007398587 -1.983051777 -0.050614201 0.008089534 0.998685539 103.300781250
0.998741269 -0.012586956 0.048553281 -0.552570343 0.012954214 0.999889791 -0.007256750 -1.993352890 -0.048456594 0.007876586 0.998794258 104.497436523
0.998876810 -0.012376624 0.045737304 -0.503305435 0.012664239 0.999901831 -0.006004028 -2.038260937 -0.045658510 0.006576513 0.998935461 105.700057983
0.998992443 -0.011838839 0.043287020 -0.466747761 0.012118437 0.999907315 -0.006202472 -2.067075729 -0.043209571 0.006720794 0.999043345 106.887397766
0.999167919 -0.010700051 0.039355285 -0.435877800 0.010975019 0.999916792 -0.006777456 -2.089766741 -0.039279491 0.007203743 0.999202251 108.074180603
0.999311745 -0.010552078 0.035562404 -0.390163898 0.010781192 0.999922216 -0.006257009 -2.115079403 -0.035493616 0.006636107 0.999347866 109.274528503
0.999450743 -0.009778208 0.031664900 -0.363983870 0.009950549 0.999936521 -0.005289663 -2.145131826 -0.031611163 0.005601841 0.999484479 110.480819702
0.999585688 -0.009756992 0.027078206 -0.320077658 0.009882451 0.999941051 -0.004503275 -2.161745548 -0.027032664 0.004769009 0.999623120 111.692863464
0.999701977 -0.009485553 0.022493804 -0.300918579 0.009589223 0.999943912 -0.004505548 -2.176171780 -0.022449803 0.004719903 0.999736845 112.901649475
0.999802232 -0.008929407 0.017766662 -0.272779465 0.009003031 0.999951184 -0.004068405 -2.210537910 -0.017729463 0.004227555 0.999833882 114.124504089
0.999881744 -0.008452061 0.012846000 -0.271872282 0.008505696 0.999955297 -0.004126333 -2.234978437 -0.012810549 0.004235109 0.999908984 115.332977295
0.999939144 -0.007837627 0.007760669 -0.252381146 0.007872856 0.999958813 -0.004519199 -2.260874510 -0.007724929 0.004580023 0.999959648 116.558525085
0.999973953 -0.006725620 0.002632326 -0.255509853 0.006739066 0.999964118 -0.005132139 -2.283686399 -0.002597716 0.005149744 0.999983311 117.764511108
0.999988794 -0.004704574 -0.000509688 -0.258386731 0.004701836 0.999975145 -0.005247882 -2.308183193 0.000534365 0.005245427 0.999986112 119.014801025
0.999992728 -0.002794389 -0.002586394 -0.267152488 0.002781304 0.999983430 -0.005049118 -2.337618828 0.002600461 0.005041888 0.999983907 120.237907410
0.999992549 -0.001672067 -0.003472392 -0.281433135 0.001653601 0.999984503 -0.005313989 -2.365168571 0.003481225 0.005308209 0.999979854 121.485977173
0.999989331 0.000493806 -0.004585707 -0.296457857 -0.000515590 0.999988496 -0.004750453 -2.395916700 0.004583308 0.004752766 0.999978185 122.708831787
0.999981225 0.001965618 -0.005805095 -0.300974905 -0.001991747 0.999987900 -0.004498706 -2.410790443 0.005796182 0.004510185 0.999973059 123.987342834
0.999977708 0.001324248 -0.006539108 -0.313772321 -0.001348965 0.999991953 -0.003776907 -2.447011232 0.006534055 0.003785645 0.999971509 125.222335815
0.999959826 0.005558664 -0.007019713 -0.344590425 -0.005574379 0.999981999 -0.002220992 -2.457073450 0.007007240 0.002260033 0.999972880 126.486335754
0.999948680 0.006417902 -0.007835886 -0.361454487 -0.006410428 0.999979019 0.000978630 -2.477163792 0.007842003 -0.000928348 0.999968827 127.732002258
0.999951422 0.005089405 -0.008431807 -0.374001741 -0.005083979 0.999986827 0.000664650 -2.502636194 0.008435078 -0.000621750 0.999964237 128.981369019
0.999951959 0.004959293 -0.008454671 -0.402148783 -0.004970540 0.999986768 -0.001309778 -2.513079166 0.008448063 0.001351739 0.999963403 130.255157471
0.999953926 0.002433673 -0.009281711 -0.413817346 -0.002434147 0.999996960 -0.000039669 -2.540457726 0.009281587 0.000062261 0.999956965 131.506118774
0.999943912 -0.000556763 -0.010575728 -0.424114943 0.000577057 0.999997914 0.001915981 -2.562641621 0.010574638 -0.001921977 0.999942243 132.754730225
0.999933839 -0.003796838 -0.010856585 -0.424683332 0.003832061 0.999987364 0.003225505 -2.577058315 0.010844203 -0.003266895 0.999935865 134.033859253
0.999920785 -0.005722927 -0.011209960 -0.454011559 0.005780558 0.999970138 0.005115420 -2.605129242 0.011180349 -0.005179814 0.999924064 135.280776978
0.999888241 -0.010003984 -0.011115364 -0.461681247 0.010034049 0.999946058 0.002652172 -2.606780529 0.011088233 -0.002763408 0.999934673 136.542236328
0.999863386 -0.012236156 -0.011107973 -0.483404756 0.012264962 0.999921560 0.002529009 -2.645813704 0.011076156 -0.002664903 0.999935031 137.805007935
0.999853909 -0.013403046 -0.010605865 -0.502141535 0.013429317 0.999906838 0.002409633 -2.663194418 0.010572582 -0.002551710 0.999940813 139.078979492
0.999859214 -0.013194900 -0.010365699 -0.520339370 0.013220926 0.999909580 0.002446309 -2.676693916 0.010332484 -0.002583008 0.999943256 140.358383179
0.999878764 -0.012823822 -0.008828286 -0.552072048 0.012863210 0.999907434 0.004419209 -2.694520712 0.008770797 -0.004532232 0.999951303 141.634246826
0.999901474 -0.010564865 -0.009242874 -0.554113209 0.010624197 0.999923050 0.006393746 -2.719535828 0.009174613 -0.006491313 0.999936819 142.900650024
0.999899507 -0.011303467 -0.008548794 -0.573576868 0.011343093 0.999925017 0.004601142 -2.734436512 0.008496144 -0.004697649 0.999952912 144.150161743
0.999918878 -0.009808411 -0.008129082 -0.594443977 0.009830045 0.999948263 0.002625367 -2.749735594 0.008102911 -0.002705063 0.999963522 145.439865112
0.999922335 -0.009943453 -0.007506631 -0.607684374 0.009943590 0.999950647 -0.000018859 -2.769107103 0.007506448 -0.000055786 0.999971807 146.724609375
0.999907732 -0.011565736 -0.007122849 -0.625671983 0.011538036 0.999925733 -0.003917643 -2.798106432 0.007167630 0.003835098 0.999966979 147.977584839
0.999915123 -0.011481716 -0.006154808 -0.652545810 0.011436527 0.999907732 -0.007327671 -2.827592850 0.006238375 0.007256659 0.999954224 149.246810913
0.999909580 -0.011744278 -0.006547259 -0.649608254 0.011690571 0.999898195 -0.008181768 -2.859806538 0.006642682 0.008104486 0.999945104 150.509887695
0.999901950 -0.012412046 -0.006487614 -0.662427902 0.012359664 0.999891162 -0.008052872 -2.894147635 0.006586861 0.007971898 0.999946535 151.767715454
0.999908864 -0.011739308 -0.006666090 -0.680597305 0.011688828 0.999903083 -0.007561699 -2.922949314 0.006754214 0.007483091 0.999949157 153.031692505
0.999917746 -0.010953558 -0.006671560 -0.697999835 0.010910474 0.999919653 -0.006460249 -2.958860159 0.006741786 0.006386928 0.999956846 154.293212891
0.999920785 -0.010543690 -0.006866069 -0.720989108 0.010502153 0.999926507 -0.006057686 -2.979362011 0.006929434 0.005985098 0.999958098 155.549179077
0.999915838 -0.010466866 -0.007670483 -0.730408788 0.010419997 0.999926984 -0.006124926 -3.020752430 0.007734031 0.006044483 0.999951839 156.776428223
0.999915302 -0.009929843 -0.008410139 -0.740712047 0.009880311 0.999933720 -0.005910856 -3.044965744 0.008468275 0.005827259 0.999947190 158.067947388
0.999907792 -0.010043343 -0.009133065 -0.752394319 0.009999872 0.999938548 -0.004792931 -3.069277763 0.009180640 0.004701160 0.999946892 159.304931641
0.999910831 -0.009257405 -0.009621941 -0.772758663 0.009217186 0.999948621 -0.004216180 -3.109394073 0.009660479 0.004127117 0.999944806 160.570861816
0.999903798 -0.008994819 -0.010558088 -0.784678638 0.008939547 0.999946117 -0.005270911 -3.139251471 0.010604931 0.005176021 0.999930322 161.820312500
0.999899328 -0.008717250 -0.011190213 -0.807467103 0.008646040 0.999942183 -0.006396403 -3.167402744 0.011245326 0.006299009 0.999916911 163.086013794
0.999903679 -0.008026005 -0.011315810 -0.838634253 0.007954008 0.999947906 -0.006393329 -3.198296070 0.011366534 0.006302709 0.999915540 164.340942383
0.999885380 -0.008369469 -0.012611375 -0.845241547 0.008280069 0.999940336 -0.007124371 -3.234775543 0.012670250 0.007019133 0.999895036 165.618347168
0.999883235 -0.007979777 -0.013032181 -0.872889400 0.007871497 0.999934196 -0.008338869 -3.265226841 0.013097867 0.008235313 0.999880254 166.859893799
0.999845982 -0.008561071 -0.015318480 -0.920205235 0.008467678 0.999945223 -0.006151228 -3.321386576 0.015370301 0.006020569 0.999863684 168.146972656
0.999827325 -0.008755209 -0.016393088 -0.950285912 0.008678881 0.999951124 -0.004721606 -3.356795788 0.016433626 0.004578517 0.999854386 169.382293701
0.999849856 -0.008354933 -0.015179429 -0.940322042 0.008269159 0.999949455 -0.005704734 -3.376036644 0.015226325 0.005578357 0.999868453 170.679901123
0.999843478 -0.007938761 -0.015810292 -0.973699212 0.007863571 0.999957561 -0.004812457 -3.415489912 0.015847825 0.004687378 0.999863386 171.914123535
0.999834895 -0.007478782 -0.016559796 -0.995135903 0.007397636 0.999960363 -0.004955962 -3.434288025 0.016596206 0.004832641 0.999850571 173.199188232
0.999811947 -0.007787951 -0.017762793 -1.015425205 0.007690007 0.999954939 -0.005575620 -3.480946779 0.017805414 0.005437976 0.999826670 174.453659058
0.999816716 -0.007183033 -0.017744619 -1.060567617 0.007071970 0.999955058 -0.006313771 -3.502339363 0.017789174 0.006187124 0.999822617 175.725387573
0.999821246 -0.005937656 -0.017950190 -1.086128712 0.005834067 0.999966085 -0.005817802 -3.524606228 0.017984124 0.005712040 0.999821961 176.978103638
0.999827206 -0.005612581 -0.017723188 -1.128788471 0.005482196 0.999957740 -0.007396768 -3.552494287 0.017763950 0.007298328 0.999815583 178.207244873
0.999805748 -0.007586896 -0.018191444 -1.147472382 0.007427001 0.999933362 -0.008841055 -3.584687233 0.018257305 0.008704229 0.999795377 179.502212524
0.999769509 -0.010844893 -0.018528713 -1.175042152 0.010695687 0.999909759 -0.008132869 -3.622089386 0.018615242 0.007932815 0.999795198 180.767791748
0.999758601 -0.010831276 -0.019115400 -1.196725607 0.010738848 0.999930143 -0.004931365 -3.645447969 0.019167479 0.004724897 0.999805093 182.018508911
0.999754131 -0.011477982 -0.018969288 -1.240461588 0.011469015 0.999934018 -0.000581465 -3.678346872 0.018974712 0.000363763 0.999819875 183.296951294
0.999754488 -0.010929981 -0.019274879 -1.263813734 0.010912333 0.999939859 -0.001020516 -3.703078032 0.019284872 0.000809932 0.999813676 184.518585205
0.999789476 -0.009045921 -0.018421428 -1.309054613 0.008963444 0.999949396 -0.004554871 -3.723448277 0.018461699 0.004388793 0.999819875 185.771926880
0.999773026 -0.008701901 -0.019446233 -1.319426537 0.008579885 0.999943018 -0.006349032 -3.749181032 0.019500379 0.006180745 0.999790728 187.019241333
0.999777138 -0.008379812 -0.019379605 -1.363888025 0.008253870 0.999944270 -0.006569637 -3.769119978 0.019433580 0.006408215 0.999790549 188.276504517
0.999766469 -0.009566593 -0.019377105 -1.381880522 0.009478122 0.999944270 -0.004652511 -3.818828821 0.019420529 0.004467766 0.999801397 189.501205444
0.999772668 -0.009306292 -0.019181594 -1.411899328 0.009265923 0.999954700 -0.002192330 -3.859782219 0.019201124 0.002014097 0.999813676 190.732223511
0.999779105 -0.009778853 -0.018609181 -1.430588484 0.009743938 0.999950588 -0.001965980 -3.862419605 0.018627491 0.001784219 0.999825001 191.975708008
0.999803305 -0.009966308 -0.017150711 -1.461311698 0.009918381 0.999946654 -0.002877149 -3.886628389 0.017178468 0.002706476 0.999848783 193.210906982
0.999814868 -0.010917954 -0.015838442 -1.476129532 0.010850155 0.999931574 -0.004360299 -3.912170649 0.015884964 0.004187642 0.999864995 194.440002441
0.999828279 -0.011285134 -0.014699601 -1.510509253 0.011206879 0.999922633 -0.005395152 -3.951663256 0.014759352 0.005229488 0.999877393 195.670669556
0.999843061 -0.011764573 -0.013241638 -1.539678931 0.011683117 0.999912381 -0.006212337 -3.976052761 0.013313567 0.006056659 0.999893010 196.926757812
0.999862313 -0.011494621 -0.011965840 -1.551858902 0.011434993 0.999921858 -0.005039823 -4.013792992 0.012022837 0.004902300 0.999915719 198.120895386
0.999874651 -0.011851426 -0.010504526 -1.582853079 0.011817360 0.999924779 -0.003299276 -4.046019554 0.010542837 0.003174727 0.999939382 199.349182129
0.999866128 -0.011170758 -0.011952181 -1.460202456 0.011150185 0.999936223 -0.001786645 -4.111309052 0.011971376 0.001653137 0.999926984 200.713714600
0.999880970 -0.011811855 -0.009923007 -1.501361609 0.011790716 0.999928057 -0.002186348 -4.125014782 0.009948117 0.002069088 0.999948442 201.929626465
0.999884725 -0.011746742 -0.009610616 -1.495627880 0.011729419 0.999929368 -0.001856888 -4.161594868 0.009631749 0.001743947 0.999952078 203.105621338
0.999895036 -0.011323147 -0.009030396 -1.501670361 0.011310704 0.999935031 -0.001427825 -4.190390587 0.009045976 0.001325536 0.999958217 204.277435303
0.999917090 -0.010939208 -0.006784420 -1.555348039 0.010932644 0.999939799 -0.001003589 -4.230649471 0.006794991 0.000929334 0.999976456 205.431152344
0.999909163 -0.011403781 -0.007186149 -1.536726832 0.011394513 0.999934196 -0.001329114 -4.242499352 0.007200833 0.001247111 0.999973297 206.615097046
0.999898970 -0.012648160 -0.006490120 -1.552367568 0.012640382 0.999919355 -0.001238035 -4.268877506 0.006505256 0.001155872 0.999978185 207.777236938
0.999903440 -0.012522489 -0.006024233 -1.563858390 0.012521195 0.999921501 -0.000252184 -4.293988228 0.006026919 0.000176730 0.999981821 208.902297974
0.999896526 -0.013027878 -0.006117635 -1.584894300 0.013032686 0.999914765 0.000746569 -4.320888042 0.006107387 -0.000826220 0.999980986 210.031417847
0.999886453 -0.013134212 -0.007385835 -1.581962705 0.013140154 0.999913394 0.000756202 -4.344541550 0.007375264 -0.000853167 0.999972463 211.120956421
0.999891400 -0.012513583 -0.007782183 -1.597640157 0.012511671 0.999921739 -0.000294379 -4.371353149 0.007785257 0.000196979 0.999969721 212.218704224
0.999890804 -0.012237361 -0.008296523 -1.611959815 0.012228334 0.999924541 -0.001137951 -4.393115520 0.008309823 0.001036374 0.999964952 213.279220581
0.999884427 -0.012367157 -0.008845530 -1.625938177 0.012358537 0.999923050 -0.001028540 -4.422294617 0.008857571 0.000919104 0.999960363 214.356521606
0.999869943 -0.012492759 -0.010199895 -1.640522242 0.012483320 0.999921739 -0.000988559 -4.446673870 0.010211444 0.000861102 0.999947488 215.387847900
0.999843538 -0.012894007 -0.012109149 -1.648587942 0.012892142 0.999916911 -0.000232142 -4.466485023 0.012111136 0.000075993 0.999926686 216.427871704
0.999794722 -0.014514547 -0.014136512 -1.668848157 0.014535624 0.999893367 0.001389315 -4.488100052 0.014114838 -0.001594512 0.999899030 217.451095581
0.999769688 -0.014537293 -0.015790727 -1.701750398 0.014580849 0.999890208 0.002646575 -4.498044968 0.015750516 -0.002876206 0.999871731 218.478576660
0.999741554 -0.013300309 -0.018434823 -1.714388371 0.013366160 0.999904692 0.003453396 -4.533759117 0.018387133 -0.003698906 0.999824047 219.491119385
0.999670506 -0.013535935 -0.021809198 -1.714871407 0.013597048 0.999904037 0.002656208 -4.564741135 0.021771155 -0.002951873 0.999758601 220.784927368
0.999606729 -0.012977508 -0.024856647 -1.745916605 0.013038644 0.999912262 0.002299087 -4.570906162 0.024824632 -0.002622280 0.999688387 221.761230469
0.999543369 -0.012775667 -0.027383965 -1.778033257 0.012858077 0.999913275 0.002835409 -4.594495296 0.027345369 -0.003186219 0.999620974 222.706512451
0.999455035 -0.012476781 -0.030561656 -1.807291985 0.012569890 0.999917030 0.002856432 -4.619872570 0.030523479 -0.003239033 0.999528825 223.569061279
0.999367714 -0.012526765 -0.033275828 -1.848140240 0.012602508 0.999918401 0.002067465 -4.633950710 0.033247221 -0.002485517 0.999444067 224.478271484
0.999247313 -0.012937685 -0.036570750 -1.885848045 0.012999976 0.999914467 0.001466001 -4.654888630 0.036548648 -0.001940317 0.999330044 225.350494385
0.999115348 -0.011708806 -0.040390275 -1.904883862 0.011766154 0.999930084 0.001182404 -4.680845261 0.040373608 -0.001656596 0.999183297 226.316238403
0.998987377 -0.011373240 -0.043528065 -1.948560238 0.011413607 0.999934614 0.000678966 -4.702376842 0.043517493 -0.001175091 0.999052048 227.149688721
0.998885870 -0.009931597 -0.046134148 -1.979507446 0.009961225 0.999950290 0.000412307 -4.719032288 0.046127751 -0.000871400 0.998935163 227.929885864
0.998835266 -0.009681467 -0.047269009 -2.014472008 0.009745413 0.999951839 0.001122538 -4.738267422 0.047255859 -0.001581886 0.998881638 228.728240967
0.998866081 -0.009062756 -0.046737142 -2.063496590 0.009162645 0.999956191 0.001923409 -4.755300522 0.046717662 -0.002349464 0.998905301 229.515518188
0.998898625 -0.008938206 -0.046060704 -2.103072166 0.009073075 0.999955058 0.002719806 -4.769868374 0.046034329 -0.003134722 0.998934925 230.212188721
0.998880982 -0.009211290 -0.046389211 -2.126817703 0.009301038 0.999955237 0.001719200 -4.778336048 0.046371300 -0.002148744 0.998921990 230.982162476
0.998944461 -0.008417012 -0.045157168 -2.173133850 0.008435659 0.999964416 0.000222350 -4.797887325 0.045153681 -0.000603046 0.998979867 231.705459595
0.998971283 -0.009246231 -0.044395864 -2.200133324 0.009175251 0.999956369 -0.001802319 -4.817950249 0.044410586 0.001393122 0.999012411 232.447326660
0.999044180 -0.008356042 -0.042905986 -2.240237236 0.008220066 0.999960601 -0.003344613 -4.827038765 0.042932246 0.002988726 0.999073505 233.140457153
0.999086082 -0.008053767 -0.041976456 -2.262554169 0.007886044 0.999960244 -0.004159686 -4.839688301 0.042008288 0.003824856 0.999109983 233.866851807
0.999155760 -0.008930372 -0.040099021 -2.293728828 0.008767018 0.999952495 -0.004247767 -4.859221458 0.040135052 0.003892632 0.999186695 234.597015381
0.999234080 -0.008743438 -0.038142618 -2.329521656 0.008600929 0.999955416 -0.003898684 -4.876519203 0.038175002 0.003567636 0.999264657 235.246887207
0.999313414 -0.008229587 -0.036128432 -2.367452145 0.008113394 0.999961376 -0.003361530 -4.904309273 0.036154706 0.003066097 0.999341488 235.960342407
0.999374330 -0.009094836 -0.034177091 -2.381035328 0.008955570 0.999950945 -0.004225702 -4.910807133 0.034213852 0.003916983 0.999406874 236.640335083
0.999455810 -0.009610804 -0.031551976 -2.403823853 0.009503283 0.999948442 -0.003555950 -4.931086540 0.031584527 0.003254168 0.999495804 237.344268799
0.999543726 -0.010456399 -0.028338842 -2.425060272 0.010380852 0.999942064 -0.002811729 -4.943500519 0.028366607 0.002516264 0.999594450 238.058593750
0.999627233 -0.010746149 -0.025097925 -2.450630903 0.010681075 0.999939144 -0.002725386 -4.958340168 0.025125686 0.002456297 0.999681294 238.708328247
0.999703944 -0.010371971 -0.022012044 -2.469215870 0.010309358 0.999942482 -0.002955989 -4.970420837 0.022041433 0.002728184 0.999753356 239.414749146
0.999761701 -0.010928158 -0.018896332 -2.487958193 0.010871488 0.999936044 -0.003099278 -4.986464977 0.018928990 0.002893108 0.999816656 240.058670044
0.999807596 -0.011419914 -0.015947370 -2.498329639 0.011369185 0.999929965 -0.003268288 -4.999309540 0.015983578 0.003086350 0.999867499 240.750854492
0.999859273 -0.010557516 -0.013034411 -2.509329319 0.010503477 0.999935985 -0.004207401 -5.013593197 0.013077996 0.004069902 0.999906182 241.409332275
0.999886870 -0.010847509 -0.010421653 -2.516997576 0.010805904 0.999933481 -0.004040141 -5.037505627 0.010464786 0.003927068 0.999937534 242.109359741
0.999925852 -0.009710872 -0.007346939 -2.525946856 0.009681247 0.999944925 -0.004057101 -5.041033268 0.007385934 0.003985673 0.999964774 242.776641846
0.999943972 -0.009488968 -0.004701604 -2.532165527 0.009472659 0.999949157 -0.003478792 -5.054705143 0.004734374 0.003434060 0.999982834 243.474288940
0.999947309 -0.009911677 -0.002671519 -2.531930923 0.009902370 0.999944806 -0.003473872 -5.070971489 0.002705804 0.003447235 0.999990404 244.169204712
0.999944150 -0.010551222 -0.000544548 -2.538223028 0.010548702 0.999934494 -0.004436963 -5.089184284 0.000591327 0.004430972 0.999989986 244.868927002
0.999949276 -0.010014481 0.001085804 -2.534613371 0.010022111 0.999923348 -0.007267273 -5.102110863 -0.001012942 0.007277787 0.999972999 245.561630249
0.999939382 -0.010891098 0.001637559 -2.530569315 0.010905758 0.999897957 -0.009228894 -5.116345406 -0.001536880 0.009246195 0.999956071 246.282897949
0.999931991 -0.011380194 0.002522811 -2.540574551 0.011402560 0.999894142 -0.009034533 -5.134811401 -0.002419729 0.009062685 0.999956012 246.975967407
0.999908090 -0.013369119 0.002246708 -2.539487123 0.013390204 0.999863863 -0.009647891 -5.154027939 -0.002117418 0.009677089 0.999951005 247.711196899
0.999945998 -0.009967390 0.002937516 -2.535274982 0.009995532 0.999902725 -0.009726367 -5.166489601 -0.002840284 0.009755204 0.999948382 248.439407349
0.999942958 -0.010255686 0.002977020 -2.527162075 0.010285083 0.999896705 -0.010033168 -5.185215950 -0.002873815 0.010063214 0.999945223 249.217605591
0.999936581 -0.010818595 0.003109278 -2.534156799 0.010854854 0.999870300 -0.011891415 -5.203654766 -0.002980226 0.011924413 0.999924481 249.911697388
0.999880970 -0.014857389 0.004130278 -2.537706375 0.014913300 0.999792814 -0.013852406 -5.226995468 -0.003923611 0.013912356 0.999895513 250.644042969
0.999832392 -0.017659960 0.004822955 -2.535260439 0.017730048 0.999731839 -0.014897365 -5.241875172 -0.004558576 0.014980379 0.999877393 251.383422852
0.999863505 -0.015729995 0.005055069 -2.528728008 0.015784303 0.999816179 -0.010888396 -5.264410973 -0.004882866 0.010966700 0.999927938 252.161193848
0.999921679 -0.011015724 0.005940133 -2.542319775 0.011046828 0.999925315 -0.005229006 -5.268400192 -0.005882089 0.005294216 0.999968708 252.905654907
0.999901891 -0.012282750 0.006729043 -2.540073633 0.012293221 0.999923289 -0.001516879 -5.291764259 -0.006709896 0.001599452 0.999976218 253.685989380
0.999880910 -0.012488868 0.009060341 -2.526883841 0.012527525 0.999912620 -0.004222682 -5.299053192 -0.009006813 0.004335682 0.999949992 254.461547852
0.999844670 -0.012131505 0.012780286 -2.517970562 0.012258851 0.999875546 -0.009933520 -5.318557739 -0.012658186 0.010088650 0.999868989 255.231506348
0.999802172 -0.010314194 0.017003763 -2.520535469 0.010539051 0.999857485 -0.013187833 -5.335546494 -0.016865317 0.013364428 0.999768436 256.017639160
0.999764681 -0.008187904 0.020087330 -2.503961563 0.008447271 0.999881566 -0.012861321 -5.351606369 -0.019979646 0.013027977 0.999715507 256.826446533
0.999682248 -0.010068833 0.023109322 -2.476999760 0.010316897 0.999890208 -0.010640433 -5.375257492 -0.022999648 0.010875470 0.999676287 257.632354736
0.999584377 -0.012610186 0.025925003 -2.454234600 0.012818601 0.999886692 -0.007888654 -5.382739544 -0.025822589 0.008217697 0.999632776 258.463562012
0.999468088 -0.014913172 0.029003842 -2.438655853 0.015104193 0.999865592 -0.006378207 -5.397797585 -0.028904824 0.006812893 0.999558985 259.269042969
0.999386251 -0.014267058 0.031990826 -2.405918121 0.014438563 0.999882579 -0.005136490 -5.437632561 -0.031913783 0.005595240 0.999474943 260.092468262
0.999301732 -0.012428485 0.035235498 -2.393141747 0.012718787 0.999886870 -0.008026745 -5.443595409 -0.035131745 0.008469295 0.999346733 260.917327881
0.999255121 -0.012206845 0.036608696 -2.351463318 0.012549957 0.999879360 -0.009157263 -5.484463692 -0.036492497 0.009609878 0.999287724 261.741760254
0.999151409 -0.008917631 0.040211614 -2.258785248 0.009382740 0.999891102 -0.011392635 -5.530678749 -0.040105641 0.011760264 0.999126196 262.949981689
0.999040902 -0.008389653 0.042976029 -2.235918045 0.008778564 0.999922156 -0.008868781 -5.560267448 -0.042898271 0.009237543 0.999036729 263.750366211
0.998892546 -0.005829432 0.046686385 -2.195251465 0.006210426 0.999948561 -0.008019794 -5.578014851 -0.046637226 0.008300855 0.998877406 264.662536621
0.998762846 -0.005398848 0.049433108 -2.155074120 0.005820222 0.999947906 -0.008384163 -5.594335556 -0.049385272 0.008661502 0.998742223 265.493652344
0.998611569 -0.005084518 0.052431673 -2.122017860 0.005560542 0.999944568 -0.008937089 -5.611800194 -0.052383322 0.009216229 0.998584449 266.343811035
0.998482525 -0.006653920 0.054665137 -2.064418793 0.007186277 0.999928594 -0.009547763 -5.629286289 -0.054597702 0.009926113 0.998459101 267.191467285
0.998354971 -0.010193727 0.056421645 -2.037137985 0.010670758 0.999909699 -0.008159930 -5.647700310 -0.056333359 0.008748568 0.998373687 267.966278076
0.998329520 -0.010716802 0.056772999 -1.987564087 0.011215833 0.999901116 -0.008478615 -5.664567947 -0.056676518 0.009101210 0.998351097 268.797729492
0.998260200 -0.011365146 0.057856787 -1.948585510 0.011863249 0.999895394 -0.008273053 -5.686696529 -0.057756711 0.008945030 0.998290539 269.634796143
0.998220265 -0.012153922 0.058384880 -1.904901505 0.012623273 0.999890864 -0.007676826 -5.714288712 -0.058285207 0.008400170 0.998264551 270.478271484
0.998211205 -0.010797678 0.058802512 -1.853238106 0.011303851 0.999901772 -0.008282209 -5.732551575 -0.058707301 0.008932088 0.998235285 271.387054443
0.998258531 -0.010632068 0.058024433 -1.799637794 0.011085100 0.999910474 -0.007491309 -5.759412766 -0.057939593 0.008121471 0.998287022 272.231842041
0.998345196 -0.009804127 0.056662548 -1.755756378 0.010342533 0.999904037 -0.009216480 -5.765489578 -0.056566760 0.009787261 0.998350859 273.079071045
0.998459995 -0.010795822 0.054414224 -1.708116531 0.011322389 0.999891877 -0.009378006 -5.803093910 -0.054307099 0.009979662 0.998474419 273.915649414
0.998508334 -0.010212563 0.053636372 -1.673011780 0.010763355 0.999892175 -0.009990181 -5.826276302 -0.053528562 0.010552584 0.998510480 274.774810791
0.998610020 -0.007923041 0.052108333 -1.636476517 0.008502088 0.999904394 -0.010900063 -5.839247227 -0.052017000 0.011327939 0.998581886 275.608123779
0.998698652 -0.007257570 0.050481506 -1.602184296 0.007823284 0.999908686 -0.011017803 -5.869590759 -0.050396923 0.011398393 0.998664141 276.453613281
0.998806834 -0.006461606 0.048408512 -1.567134857 0.006964125 0.999923527 -0.010219353 -5.892919540 -0.048338775 0.010544281 0.998775363 277.264648438
0.998938143 -0.006649338 0.045592114 -1.537348747 0.007083801 0.999930918 -0.009374369 -5.910114288 -0.045526639 0.009687378 0.998916149 278.134948730
0.999119639 -0.007647942 0.041251350 -1.504532814 0.007951135 0.999942541 -0.007190784 -5.929813385 -0.041193981 0.007512447 0.999122918 278.969726562
0.999289989 -0.009369135 0.036493018 -1.481554985 0.009551166 0.999942720 -0.004816985 -5.962181091 -0.036445796 0.005162116 0.999322236 279.793273926
0.999451637 -0.009454876 0.031734671 -1.460987091 0.009581015 0.999946773 -0.003825156 -5.978032112 -0.031696819 0.004127109 0.999489009 280.623474121
0.999592185 -0.009709388 0.026854346 -1.442168713 0.009800226 0.999946713 -0.003253073 -5.997244358 -0.026821328 0.003514925 0.999634087 281.425567627
0.999697685 -0.010516505 0.022224382 -1.432115555 0.010580755 0.999940217 -0.002775369 -6.014694214 -0.022193864 0.003009681 0.999749184 282.218658447
0.999778688 -0.011513161 0.017608553 -1.420552254 0.011565075 0.999929070 -0.002849122 -6.030816078 -0.017574504 0.003052135 0.999840915 283.010620117
0.999834001 -0.011984251 0.013726245 -1.419056177 0.012024144 0.999923706 -0.002827408 -6.053192616 -0.013691313 0.002991985 0.999901831 283.775238037
0.999880672 -0.011791860 0.009978230 -1.418786764 0.011820455 0.999926150 -0.002811501 -6.070231438 -0.009944342 0.002929113 0.999946237 284.503356934
0.999922931 -0.010970213 0.005799127 -1.420961857 0.010990689 0.999933422 -0.003511018 -6.083613396 -0.005760224 0.003574484 0.999976993 285.270080566
