0.999986947 0.002004623 -0.004680814 0.167459056 -0.001998527 0.999997079 0.001306645 0.000164393 0.004683420 -0.001297273 0.999988198 0.305385262
0.999994457 0.003331827 0.000029115 0.239117697 -0.003331878 0.999992490 0.001990223 0.006584963 -0.000022480 -0.001990308 0.999998152 0.612951219
0.999987423 0.004961521 -0.000694524 0.351980358 -0.004959419 0.999983191 0.002997012 0.008252356 0.000709384 -0.002993530 0.999995291 0.945091963
0.999973893 0.006999047 -0.001784876 0.465997756 -0.006989988 0.999962866 0.005032307 -0.002614016 0.001820027 -0.005019699 0.999985754 1.291738749
0.999956846 0.008218874 -0.004324639 0.589699686 -0.008192574 0.999948025 0.006064386 -0.007807514 0.004374256 -0.006028694 0.999972284 1.657936931
0.999917626 0.010006490 -0.008034300 0.714096248 -0.009952772 0.999928057 0.006698268 -0.016192408 0.008100747 -0.006617753 0.999945283 2.049747467
0.999834776 0.012032569 -0.013623601 0.845300913 -0.011935074 0.999902725 0.007215032 -0.007456422 0.013709084 -0.007051241 0.999881148 2.463177919
0.999691486 0.015232639 -0.019617507 0.975822330 -0.015030020 0.999832511 0.010434812 -0.018981431 0.019773165 -0.010136740 0.999753118 2.886248589
0.999410152 0.018810572 -0.028735384 1.126590133 -0.018394040 0.999722779 0.014691805 -0.040353544 0.029003778 -0.014154578 0.999479055 3.329658747
0.999056518 0.021935187 -0.037485998 1.264016151 -0.021313746 0.999630034 0.016898023 -0.052594773 0.037842799 -0.016083114 0.999154210 3.788890839
0.998477876 0.025191225 -0.049063276 1.405704021 -0.024411788 0.999567032 0.016421398 -0.063583687 0.049455713 -0.015198683 0.998660624 4.275274754
0.997637272 0.028782928 -0.062379677 1.510509014 -0.028227352 0.999553800 0.009769566 -0.049671225 0.062633045 -0.007985675 0.998004615 4.701878071
0.221492887 -0.026541151 -0.974800706 24.871879578 0.114670828 0.993403077 -0.000992293 0.789997756 0.968396366 -0.111561418 0.223075211 5.977878571
0.239036918 -0.027837664 -0.970611274 24.706562042 0.116443649 0.993197262 0.000191670 0.791178346 0.964003205 -0.113067336 0.240652353 6.033324718
0.163742810 -0.022027018 -0.986257136 27.409738541 0.098636255 0.995106339 -0.005848623 0.972146511 0.981559575 -0.096323036 0.165114179 6.592010975
0.203219503 -0.020534553 -0.978917837 27.316287994 0.098075651 0.995178819 -0.000515534 0.960465670 0.974208951 -0.095903240 0.204253688 6.585225105
0.236211210 -0.020028722 -0.971495330 27.189434052 0.099049412 0.995076060 0.003568187 0.957047939 0.966640353 -0.097068876 0.237031966 6.621695518
0.202494532 -0.032530215 -0.978742957 26.462347031 0.099694043 0.994940341 -0.012442620 1.116374731 0.974195600 -0.095055282 0.204713047 7.665829659
0.241724551 -0.036827158 -0.969645739 26.347764969 0.099458918 0.994956851 -0.012994198 1.117120028 0.965234280 -0.093298912 0.244168296 7.684871197
0.337042391 0.044033170 -0.940459192 32.204956055 -0.003182465 0.998953283 0.045631383 0.697969437 0.941484213 -0.012386726 0.336829722 3.234470367
0.371346861 0.040440589 -0.927613139 32.099155426 -0.005164175 0.999125600 0.041490924 0.701892495 0.928479910 -0.010617167 0.371230990 3.269710541
0.398242176 0.035276383 -0.916601658 31.593772888 -0.001490192 0.999283791 0.037811033 0.713462591 0.917279124 -0.013692039 0.398009479 3.492663383
0.426823616 0.026996950 -0.903931856 31.309394836 0.004800076 0.999472618 0.032116909 0.719780385 0.904322147 -0.018047199 0.426468909 3.640030861
0.454906285 0.018915659 -0.890338421 31.032268524 0.011578904 0.999564230 0.027152287 0.722799003 0.890464127 -0.022660885 0.454489112 3.789663315
0.480912924 0.011597604 -0.876691639 30.767242432 0.018093327 0.999568284 0.023148291 0.723319113 0.876581669 -0.026994580 0.480495483 3.944523811
0.505333841 0.003415579 -0.862917066 30.517501831 0.026717026 0.999450803 0.019601768 0.723604679 0.862510264 -0.032960005 0.504965186 4.097911835
0.475502104 -0.072093487 -0.876755416 31.822757721 0.105546661 0.994112492 -0.024500985 1.332826972 0.873359978 -0.080888353 0.480311722 4.029724121
0.550955296 -0.022696273 -0.834226072 30.036258698 0.037344377 0.999299288 -0.002523643 0.716937125 0.833698750 -0.029763239 0.551416814 4.416427612
0.574812531 -0.037960276 -0.817404211 29.649198532 0.036701500 0.999114156 -0.020589769 0.718234122 0.817461669 -0.018164717 0.575696468 4.658666611
0.542826593 -0.115406856 -0.831877708 31.131786346 0.113236979 0.991526186 -0.063664280 1.283949733 0.832175851 -0.059640627 0.551295102 4.473303795
0.565218687 -0.126004532 -0.815261126 30.807043076 0.117930673 0.990457296 -0.071321301 1.258641362 0.816468060 -0.055832162 0.574684739 4.691288948
0.584542394 -0.129356921 -0.800984979 30.692777634 0.121259548 0.990049720 -0.071397617 1.241540551 0.802250743 -0.055392146 0.594411850 4.804603577
0.604320884 -0.129385576 -0.786165118 30.413173676 0.124870621 0.989912868 -0.066930622 1.216661096 0.786894858 -0.057721347 0.614381611 5.014818192
0.620855868 -0.126349270 -0.773675561 30.271633148 0.129311576 0.989912570 -0.057893630 1.196265101 0.773185968 -0.064101607 0.630931437 5.153698921
0.635746360 -0.126806557 -0.761410952 30.028129578 0.136609897 0.989326656 -0.050700441 1.174966335 0.759713292 -0.071783639 0.646283925 5.362850189
0.647723913 -0.126953900 -0.751223266 29.783546448 0.138326392 0.989227414 -0.047907144 1.152233362 0.749212682 -0.072883412 0.658307314 5.577463150
0.656095624 -0.132119417 -0.743022859 29.667964935 0.143488377 0.988435388 -0.049055591 1.141005874 0.740911365 -0.074429967 0.667465746 5.708386421
0.664743066 -0.133775398 -0.734997094 29.473228455 0.144045338 0.988326907 -0.049606569 1.121605158 0.733053625 -0.072897278 0.676253140 5.889920235
0.674138665 -0.131935999 -0.726725519 29.271678925 0.138522416 0.989042103 -0.051060468 1.105036020 0.725498915 -0.066245936 0.685027599 6.080529213
0.683869600 -0.130127966 -0.717906058 29.055086136 0.137904137 0.989284098 -0.047952067 1.083205938 0.716452956 -0.066209249 0.694486558 6.285780907
0.692129433 -0.131144926 -0.709758997 28.855449677 0.139222816 0.989144921 -0.047003433 1.064723253 0.708218813 -0.066282190 0.702874660 6.457764626
0.697635233 -0.134788960 -0.703659713 28.731193542 0.143462360 0.988533139 -0.047123611 1.050056219 0.701942742 -0.068073593 0.708972752 6.608945847
0.700494766 -0.137177497 -0.700349510 28.517585754 0.143880293 0.988347352 -0.049677584 1.036566019 0.699003279 -0.065967590 0.712069273 6.824883461
0.700143933 -0.139368564 -0.700267732 28.308637619 0.144514501 0.988126457 -0.052169807 1.015749216 0.699223816 -0.064672470 0.711971641 7.037689209
0.698037505 -0.139706805 -0.702300251 28.168750763 0.146300852 0.987918794 -0.051111359 1.000890970 0.700956285 -0.067069471 0.710043669 7.174590111
0.693177342 -0.138661414 -0.707303464 27.943260193 0.145077974 0.988077641 -0.051524531 0.979587018 0.706015229 -0.066898525 0.705029845 7.394221306
0.687708676 -0.136469245 -0.713044763 27.713565826 0.141519502 0.988531530 -0.052703489 0.960873842 0.712059617 -0.064665094 0.699134827 7.617239952
0.682000518 -0.135679767 -0.718656003 27.565395355 0.141701117 0.988534391 -0.052158386 0.939861536 0.717493057 -0.066262305 0.693406940 7.762094498
0.677062333 -0.133886606 -0.723644257 27.323745728 0.138796642 0.988896370 -0.053100657 0.920675516 0.722718537 -0.064486921 0.688127398 7.989104271
0.674541950 -0.130764782 -0.726562917 27.140129089 0.135220796 0.989421785 -0.052534238 0.898576975 0.725746751 -0.062809862 0.685088634 8.152398109
0.673888981 -0.127414495 -0.727763057 26.893672943 0.130914688 0.990023434 -0.052106723 0.878295243 0.727141619 -0.060160734 0.683846235 8.373186111
0.675268710 -0.123901539 -0.727090478 26.707828522 0.128890395 0.990443826 -0.049074881 0.854366601 0.726222694 -0.060576256 0.684785426 8.550102234
0.675900042 -0.122798033 -0.726690948 26.447683334 0.128227592 0.990576565 -0.048124716 0.832642436 0.725752532 -0.060654342 0.685276687 8.796012878
0.678167999 -0.122922160 -0.724553823 26.268663406 0.129599065 0.990464628 -0.046732340 0.815003037 0.723389268 -0.062209114 0.687632084 8.956616402
0.678433716 -0.122342460 -0.724403203 26.013748169 0.128889069 0.990564287 -0.046583671 0.796166599 0.723267019 -0.061763749 0.687800884 9.196469307
0.681511164 -0.120248578 -0.721860588 25.852466583 0.129139155 0.990688980 -0.043109614 0.780753314 0.720323145 -0.063840792 0.690694451 9.339193344
0.681621373 -0.119651936 -0.721855760 25.587596893 0.128060400 0.990820110 -0.043311764 0.759529054 0.720411599 -0.062918916 0.690686882 9.593610764
0.684958160 -0.117752872 -0.719003797 25.434062958 0.127157316 0.991027892 -0.041166566 0.747631073 0.717400253 -0.063229233 0.693785906 9.728876114
0.685321987 -0.117136471 -0.718757749 25.175292969 0.126947597 0.991083205 -0.040475402 0.725357771 0.717089891 -0.063505888 0.694081485 9.973638535
0.694604814 -0.113397323 -0.710397840 25.082651138 0.122315034 0.991736114 -0.038710121 0.708726704 0.708916903 -0.060004115 0.702734828 9.998413086
0.693327844 -0.112386443 -0.711804509 24.830778122 0.122658677 0.991754711 -0.037112832 0.689439058 0.710106492 -0.061577663 0.701396406 10.251390457
0.700945020 -0.109100126 -0.704821408 24.759059906 0.125542194 0.991674483 -0.028650716 0.655526936 0.702079237 -0.068402246 0.708805978 10.258946419
0.699135482 -0.107826017 -0.706811965 24.506145477 0.124765694 0.991794169 -0.027890144 0.642817795 0.704019248 -0.068686903 0.706851482 10.511102676
0.821200848 0.097187534 -0.562302232 53.632453918 -0.097149946 0.994815648 0.030062279 -1.174020529 0.562308729 0.029940465 0.826385200 -8.009593964
0.819901526 0.097142741 -0.564202845 53.425590515 -0.097124808 0.994815648 0.030142281 -1.171287894 0.564205945 0.030084388 0.825085878 -7.713037491
0.448268086 0.002448557 -0.893895805 45.947952271 0.011197058 0.999902427 0.008353998 1.436018705 0.893828928 -0.013753827 0.448196977 16.636480331
0.630396605 -0.142437190 -0.763093472 28.836025238 0.200032532 0.979630947 -0.017607369 2.238716841 0.750057995 -0.141543910 0.646048129 11.351143837
0.630396605 -0.142437190 -0.763093472 28.836025238 0.200032532 0.979630947 -0.017607369 2.238716841 0.750057995 -0.141543910 0.646048129 11.351143837
0.630396605 -0.142437190 -0.763093472 28.836025238 0.200032532 0.979630947 -0.017607369 2.238716841 0.750057995 -0.141543910 0.646048129 11.351143837
0.630396605 -0.142437190 -0.763093472 28.836025238 0.200032532 0.979630947 -0.017607369 2.238716841 0.750057995 -0.141543910 0.646048129 11.351143837
0.630396605 -0.142437190 -0.763093472 28.836025238 0.200032532 0.979630947 -0.017607369 2.238716841 0.750057995 -0.141543910 0.646048129 11.351143837
0.630396605 -0.142437190 -0.763093472 28.836025238 0.200032532 0.979630947 -0.017607369 2.238716841 0.750057995 -0.141543910 0.646048129 11.351143837
0.630396605 -0.142437190 -0.763093472 28.836025238 0.200032532 0.979630947 -0.017607369 2.238716841 0.750057995 -0.141543910 0.646048129 11.351143837
0.630396605 -0.142437190 -0.763093472 28.836025238 0.200032532 0.979630947 -0.017607369 2.238716841 0.750057995 -0.141543910 0.646048129 11.351143837
0.630396605 -0.142437190 -0.763093472 28.836025238 0.200032532 0.979630947 -0.017607369 2.238716841 0.750057995 -0.141543910 0.646048129 11.351143837
0.630396605 -0.142437190 -0.763093472 28.836025238 0.200032532 0.979630947 -0.017607369 2.238716841 0.750057995 -0.141543910 0.646048129 11.351143837
0.630396605 -0.142437190 -0.763093472 28.836025238 0.200032532 0.979630947 -0.017607369 2.238716841 0.750057995 -0.141543910 0.646048129 11.351143837
0.630396605 -0.142437190 -0.763093472 28.836025238 0.200032532 0.979630947 -0.017607369 2.238716841 0.750057995 -0.141543910 0.646048129 11.351143837
0.630396605 -0.142437190 -0.763093472 28.836025238 0.200032532 0.979630947 -0.017607369 2.238716841 0.750057995 -0.141543910 0.646048129 11.351143837
0.630396605 -0.142437190 -0.763093472 28.836025238 0.200032532 0.979630947 -0.017607369 2.238716841 0.750057995 -0.141543910 0.646048129 11.351143837
0.630396605 -0.142437190 -0.763093472 28.836025238 0.200032532 0.979630947 -0.017607369 2.238716841 0.750057995 -0.141543910 0.646048129 11.351143837
0.630396605 -0.142437190 -0.763093472 28.836025238 0.200032532 0.979630947 -0.017607369 2.238716841 0.750057995 -0.141543910 0.646048129 11.351143837
0.630396605 -0.142437190 -0.763093472 28.836025238 0.200032532 0.979630947 -0.017607369 2.238716841 0.750057995 -0.141543910 0.646048129 11.351143837
0.630396605 -0.142437190 -0.763093472 28.836025238 0.200032532 0.979630947 -0.017607369 2.238716841 0.750057995 -0.141543910 0.646048129 11.351143837
0.630396605 -0.142437190 -0.763093472 28.836025238 0.200032532 0.979630947 -0.017607369 2.238716841 0.750057995 -0.141543910 0.646048129 11.351143837
0.630396605 -0.142437190 -0.763093472 28.836025238 0.200032532 0.979630947 -0.017607369 2.238716841 0.750057995 -0.141543910 0.646048129 11.351143837
0.630396605 -0.142437190 -0.763093472 28.836025238 0.200032532 0.979630947 -0.017607369 2.238716841 0.750057995 -0.141543910 0.646048129 11.351143837
0.630396605 -0.142437190 -0.763093472 28.836025238 0.200032532 0.979630947 -0.017607369 2.238716841 0.750057995 -0.141543910 0.646048129 11.351143837
0.630396605 -0.142437190 -0.763093472 28.836025238 0.200032532 0.979630947 -0.017607369 2.238716841 0.750057995 -0.141543910 0.646048129 11.351143837
0.630396605 -0.142437190 -0.763093472 28.836025238 0.200032532 0.979630947 -0.017607369 2.238716841 0.750057995 -0.141543910 0.646048129 11.351143837
0.630396605 -0.142437190 -0.763093472 28.836025238 0.200032532 0.979630947 -0.017607369 2.238716841 0.750057995 -0.141543910 0.646048129 11.351143837
0.630396605 -0.142437190 -0.763093472 28.836025238 0.200032532 0.979630947 -0.017607369 2.238716841 0.750057995 -0.141543910 0.646048129 11.351143837
0.630396605 -0.142437190 -0.763093472 28.836025238 0.200032532 0.979630947 -0.017607369 2.238716841 0.750057995 -0.141543910 0.646048129 11.351143837
0.630396605 -0.142437190 -0.763093472 28.836025238 0.200032532 0.979630947 -0.017607369 2.238716841 0.750057995 -0.141543910 0.646048129 11.351143837
0.630396605 -0.142437190 -0.763093472 28.836025238 0.200032532 0.979630947 -0.017607369 2.238716841 0.750057995 -0.141543910 0.646048129 11.351143837
0.630396605 -0.142437190 -0.763093472 28.836025238 0.200032532 0.979630947 -0.017607369 2.238716841 0.750057995 -0.141543910 0.646048129 11.351143837
0.630396605 -0.142437190 -0.763093472 28.836025238 0.200032532 0.979630947 -0.017607369 2.238716841 0.750057995 -0.141543910 0.646048129 11.351143837
0.630396605 -0.142437190 -0.763093472 28.836025238 0.200032532 0.979630947 -0.017607369 2.238716841 0.750057995 -0.141543910 0.646048129 11.351143837
0.630396605 -0.142437190 -0.763093472 28.836025238 0.200032532 0.979630947 -0.017607369 2.238716841 0.750057995 -0.141543910 0.646048129 11.351143837
0.630396605 -0.142437190 -0.763093472 28.836025238 0.200032532 0.979630947 -0.017607369 2.238716841 0.750057995 -0.141543910 0.646048129 11.351143837
0.630396605 -0.142437190 -0.763093472 28.836025238 0.200032532 0.979630947 -0.017607369 2.238716841 0.750057995 -0.141543910 0.646048129 11.351143837
0.630396605 -0.142437190 -0.763093472 28.836025238 0.200032532 0.979630947 -0.017607369 2.238716841 0.750057995 -0.141543910 0.646048129 11.351143837
0.630396605 -0.142437190 -0.763093472 28.836025238 0.200032532 0.979630947 -0.017607369 2.238716841 0.750057995 -0.141543910 0.646048129 11.351143837
0.630396605 -0.142437190 -0.763093472 28.836025238 0.200032532 0.979630947 -0.017607369 2.238716841 0.750057995 -0.141543910 0.646048129 11.351143837
0.630396605 -0.142437190 -0.763093472 28.836025238 0.200032532 0.979630947 -0.017607369 2.238716841 0.750057995 -0.141543910 0.646048129 11.351143837
0.630396605 -0.142437190 -0.763093472 28.836025238 0.200032532 0.979630947 -0.017607369 2.238716841 0.750057995 -0.141543910 0.646048129 11.351143837
0.630396605 -0.142437190 -0.763093472 28.836025238 0.200032532 0.979630947 -0.017607369 2.238716841 0.750057995 -0.141543910 0.646048129 11.351143837
0.630396605 -0.142437190 -0.763093472 28.836025238 0.200032532 0.979630947 -0.017607369 2.238716841 0.750057995 -0.141543910 0.646048129 11.351143837
0.630396605 -0.142437190 -0.763093472 28.836025238 0.200032532 0.979630947 -0.017607369 2.238716841 0.750057995 -0.141543910 0.646048129 11.351143837
0.630396605 -0.142437190 -0.763093472 28.836025238 0.200032532 0.979630947 -0.017607369 2.238716841 0.750057995 -0.141543910 0.646048129 11.351143837
0.630396605 -0.142437190 -0.763093472 28.836025238 0.200032532 0.979630947 -0.017607369 2.238716841 0.750057995 -0.141543910 0.646048129 11.351143837
0.630396605 -0.142437190 -0.763093472 28.836025238 0.200032532 0.979630947 -0.017607369 2.238716841 0.750057995 -0.141543910 0.646048129 11.351143837
0.630396605 -0.142437190 -0.763093472 28.836025238 0.200032532 0.979630947 -0.017607369 2.238716841 0.750057995 -0.141543910 0.646048129 11.351143837
0.630396605 -0.142437190 -0.763093472 28.836025238 0.200032532 0.979630947 -0.017607369 2.238716841 0.750057995 -0.141543910 0.646048129 11.351143837
0.630396605 -0.142437190 -0.763093472 28.836025238 0.200032532 0.979630947 -0.017607369 2.238716841 0.750057995 -0.141543910 0.646048129 11.351143837
0.630396605 -0.142437190 -0.763093472 28.836025238 0.200032532 0.979630947 -0.017607369 2.238716841 0.750057995 -0.141543910 0.646048129 11.351143837
0.630396605 -0.142437190 -0.763093472 28.836025238 0.200032532 0.979630947 -0.017607369 2.238716841 0.750057995 -0.141543910 0.646048129 11.351143837
0.630396605 -0.142437190 -0.763093472 28.836025238 0.200032532 0.979630947 -0.017607369 2.238716841 0.750057995 -0.141543910 0.646048129 11.351143837
0.630396605 -0.142437190 -0.763093472 28.836025238 0.200032532 0.979630947 -0.017607369 2.238716841 0.750057995 -0.141543910 0.646048129 11.351143837
0.630396605 -0.142437190 -0.763093472 28.836025238 0.200032532 0.979630947 -0.017607369 2.238716841 0.750057995 -0.141543910 0.646048129 11.351143837
0.630396605 -0.142437190 -0.763093472 28.836025238 0.200032532 0.979630947 -0.017607369 2.238716841 0.750057995 -0.141543910 0.646048129 11.351143837
0.630396605 -0.142437190 -0.763093472 28.836025238 0.200032532 0.979630947 -0.017607369 2.238716841 0.750057995 -0.141543910 0.646048129 11.351143837
0.630396605 -0.142437190 -0.763093472 28.836025238 0.200032532 0.979630947 -0.017607369 2.238716841 0.750057995 -0.141543910 0.646048129 11.351143837
0.630396605 -0.142437190 -0.763093472 28.836025238 0.200032532 0.979630947 -0.017607369 2.238716841 0.750057995 -0.141543910 0.646048129 11.351143837
0.630396605 -0.142437190 -0.763093472 28.836025238 0.200032532 0.979630947 -0.017607369 2.238716841 0.750057995 -0.141543910 0.646048129 11.351143837
0.630396605 -0.142437190 -0.763093472 28.836025238 0.200032532 0.979630947 -0.017607369 2.238716841 0.750057995 -0.141543910 0.646048129 11.351143837
0.630396605 -0.142437190 -0.763093472 28.836025238 0.200032532 0.979630947 -0.017607369 2.238716841 0.750057995 -0.141543910 0.646048129 11.351143837
0.630396605 -0.142437190 -0.763093472 28.836025238 0.200032532 0.979630947 -0.017607369 2.238716841 0.750057995 -0.141543910 0.646048129 11.351143837
0.630396605 -0.142437190 -0.763093472 28.836025238 0.200032532 0.979630947 -0.017607369 2.238716841 0.750057995 -0.141543910 0.646048129 11.351143837
0.630396605 -0.142437190 -0.763093472 28.836025238 0.200032532 0.979630947 -0.017607369 2.238716841 0.750057995 -0.141543910 0.646048129 11.351143837
0.630396605 -0.142437190 -0.763093472 28.836025238 0.200032532 0.979630947 -0.017607369 2.238716841 0.750057995 -0.141543910 0.646048129 11.351143837
0.630396605 -0.142437190 -0.763093472 28.836025238 0.200032532 0.979630947 -0.017607369 2.238716841 0.750057995 -0.141543910 0.646048129 11.351143837
0.630396605 -0.142437190 -0.763093472 28.836025238 0.200032532 0.979630947 -0.017607369 2.238716841 0.750057995 -0.141543910 0.646048129 11.351143837
0.630396605 -0.142437190 -0.763093472 28.836025238 0.200032532 0.979630947 -0.017607369 2.238716841 0.750057995 -0.141543910 0.646048129 11.351143837
0.630396605 -0.142437190 -0.763093472 28.836025238 0.200032532 0.979630947 -0.017607369 2.238716841 0.750057995 -0.141543910 0.646048129 11.351143837
0.630396605 -0.142437190 -0.763093472 28.836025238 0.200032532 0.979630947 -0.017607369 2.238716841 0.750057995 -0.141543910 0.646048129 11.351143837
0.630396605 -0.142437190 -0.763093472 28.836025238 0.200032532 0.979630947 -0.017607369 2.238716841 0.750057995 -0.141543910 0.646048129 11.351143837
0.630396605 -0.142437190 -0.763093472 28.836025238 0.200032532 0.979630947 -0.017607369 2.238716841 0.750057995 -0.141543910 0.646048129 11.351143837
0.630396605 -0.142437190 -0.763093472 28.836025238 0.200032532 0.979630947 -0.017607369 2.238716841 0.750057995 -0.141543910 0.646048129 11.351143837
0.630396605 -0.142437190 -0.763093472 28.836025238 0.200032532 0.979630947 -0.017607369 2.238716841 0.750057995 -0.141543910 0.646048129 11.351143837
0.630396605 -0.142437190 -0.763093472 28.836025238 0.200032532 0.979630947 -0.017607369 2.238716841 0.750057995 -0.141543910 0.646048129 11.351143837
0.630396605 -0.142437190 -0.763093472 28.836025238 0.200032532 0.979630947 -0.017607369 2.238716841 0.750057995 -0.141543910 0.646048129 11.351143837
0.630396605 -0.142437190 -0.763093472 28.836025238 0.200032532 0.979630947 -0.017607369 2.238716841 0.750057995 -0.141543910 0.646048129 11.351143837
0.630396605 -0.142437190 -0.763093472 28.836025238 0.200032532 0.979630947 -0.017607369 2.238716841 0.750057995 -0.141543910 0.646048129 11.351143837
0.630396605 -0.142437190 -0.763093472 28.836025238 0.200032532 0.979630947 -0.017607369 2.238716841 0.750057995 -0.141543910 0.646048129 11.351143837
0.630396605 -0.142437190 -0.763093472 28.836025238 0.200032532 0.979630947 -0.017607369 2.238716841 0.750057995 -0.141543910 0.646048129 11.351143837
0.630396605 -0.142437190 -0.763093472 28.836025238 0.200032532 0.979630947 -0.017607369 2.238716841 0.750057995 -0.141543910 0.646048129 11.351143837
0.630396605 -0.142437190 -0.763093472 28.836025238 0.200032532 0.979630947 -0.017607369 2.238716841 0.750057995 -0.141543910 0.646048129 11.351143837
0.630396605 -0.142437190 -0.763093472 28.836025238 0.200032532 0.979630947 -0.017607369 2.238716841 0.750057995 -0.141543910 0.646048129 11.351143837
0.630396605 -0.142437190 -0.763093472 28.836025238 0.200032532 0.979630947 -0.017607369 2.238716841 0.750057995 -0.141543910 0.646048129 11.351143837
0.630396605 -0.142437190 -0.763093472 28.836025238 0.200032532 0.979630947 -0.017607369 2.238716841 0.750057995 -0.141543910 0.646048129 11.351143837
0.630396605 -0.142437190 -0.763093472 28.836025238 0.200032532 0.979630947 -0.017607369 2.238716841 0.750057995 -0.141543910 0.646048129 11.351143837
0.630396605 -0.142437190 -0.763093472 28.836025238 0.200032532 0.979630947 -0.017607369 2.238716841 0.750057995 -0.141543910 0.646048129 11.351143837
0.630396605 -0.142437190 -0.763093472 28.836025238 0.200032532 0.979630947 -0.017607369 2.238716841 0.750057995 -0.141543910 0.646048129 11.351143837
0.630396605 -0.142437190 -0.763093472 28.836025238 0.200032532 0.979630947 -0.017607369 2.238716841 0.750057995 -0.141543910 0.646048129 11.351143837
0.630396605 -0.142437190 -0.763093472 28.836025238 0.200032532 0.979630947 -0.017607369 2.238716841 0.750057995 -0.141543910 0.646048129 11.351143837
0.630396605 -0.142437190 -0.763093472 28.836025238 0.200032532 0.979630947 -0.017607369 2.238716841 0.750057995 -0.141543910 0.646048129 11.351143837
0.630396605 -0.142437190 -0.763093472 28.836025238 0.200032532 0.979630947 -0.017607369 2.238716841 0.750057995 -0.141543910 0.646048129 11.351143837
0.630396605 -0.142437190 -0.763093472 28.836025238 0.200032532 0.979630947 -0.017607369 2.238716841 0.750057995 -0.141543910 0.646048129 11.351143837
0.630396605 -0.142437190 -0.763093472 28.836025238 0.200032532 0.979630947 -0.017607369 2.238716841 0.750057995 -0.141543910 0.646048129 11.351143837
0.630396605 -0.142437190 -0.763093472 28.836025238 0.200032532 0.979630947 -0.017607369 2.238716841 0.750057995 -0.141543910 0.646048129 11.351143837
0.630396605 -0.142437190 -0.763093472 28.836025238 0.200032532 0.979630947 -0.017607369 2.238716841 0.750057995 -0.141543910 0.646048129 11.351143837
0.630396605 -0.142437190 -0.763093472 28.836025238 0.200032532 0.979630947 -0.017607369 2.238716841 0.750057995 -0.141543910 0.646048129 11.351143837
0.630396605 -0.142437190 -0.763093472 28.836025238 0.200032532 0.979630947 -0.017607369 2.238716841 0.750057995 -0.141543910 0.646048129 11.351143837
0.630396605 -0.142437190 -0.763093472 28.836025238 0.200032532 0.979630947 -0.017607369 2.238716841 0.750057995 -0.141543910 0.646048129 11.351143837
0.630396605 -0.142437190 -0.763093472 28.836025238 0.200032532 0.979630947 -0.017607369 2.238716841 0.750057995 -0.141543910 0.646048129 11.351143837
0.630396605 -0.142437190 -0.763093472 28.836025238 0.200032532 0.979630947 -0.017607369 2.238716841 0.750057995 -0.141543910 0.646048129 11.351143837
0.630396605 -0.142437190 -0.763093472 28.836025238 0.200032532 0.979630947 -0.017607369 2.238716841 0.750057995 -0.141543910 0.646048129 11.351143837
0.630396605 -0.142437190 -0.763093472 28.836025238 0.200032532 0.979630947 -0.017607369 2.238716841 0.750057995 -0.141543910 0.646048129 11.351143837
0.630396605 -0.142437190 -0.763093472 28.836025238 0.200032532 0.979630947 -0.017607369 2.238716841 0.750057995 -0.141543910 0.646048129 11.351143837
0.630396605 -0.142437190 -0.763093472 28.836025238 0.200032532 0.979630947 -0.017607369 2.238716841 0.750057995 -0.141543910 0.646048129 11.351143837
0.630396605 -0.142437190 -0.763093472 28.836025238 0.200032532 0.979630947 -0.017607369 2.238716841 0.750057995 -0.141543910 0.646048129 11.351143837
0.630396605 -0.142437190 -0.763093472 28.836025238 0.200032532 0.979630947 -0.017607369 2.238716841 0.750057995 -0.141543910 0.646048129 11.351143837
0.630396605 -0.142437190 -0.763093472 28.836025238 0.200032532 0.979630947 -0.017607369 2.238716841 0.750057995 -0.141543910 0.646048129 11.351143837
0.630396605 -0.142437190 -0.763093472 28.836025238 0.200032532 0.979630947 -0.017607369 2.238716841 0.750057995 -0.141543910 0.646048129 11.351143837
0.630396605 -0.142437190 -0.763093472 28.836025238 0.200032532 0.979630947 -0.017607369 2.238716841 0.750057995 -0.141543910 0.646048129 11.351143837
0.630396605 -0.142437190 -0.763093472 28.836025238 0.200032532 0.979630947 -0.017607369 2.238716841 0.750057995 -0.141543910 0.646048129 11.351143837
0.630396605 -0.142437190 -0.763093472 28.836025238 0.200032532 0.979630947 -0.017607369 2.238716841 0.750057995 -0.141543910 0.646048129 11.351143837
0.630396605 -0.142437190 -0.763093472 28.836025238 0.200032532 0.979630947 -0.017607369 2.238716841 0.750057995 -0.141543910 0.646048129 11.351143837
0.630396605 -0.142437190 -0.763093472 28.836025238 0.200032532 0.979630947 -0.017607369 2.238716841 0.750057995 -0.141543910 0.646048129 11.351143837
0.630396605 -0.142437190 -0.763093472 28.836025238 0.200032532 0.979630947 -0.017607369 2.238716841 0.750057995 -0.141543910 0.646048129 11.351143837
0.630396605 -0.142437190 -0.763093472 28.836025238 0.200032532 0.979630947 -0.017607369 2.238716841 0.750057995 -0.141543910 0.646048129 11.351143837
0.630396605 -0.142437190 -0.763093472 28.836025238 0.200032532 0.979630947 -0.017607369 2.238716841 0.750057995 -0.141543910 0.646048129 11.351143837
0.630396605 -0.142437190 -0.763093472 28.836025238 0.200032532 0.979630947 -0.017607369 2.238716841 0.750057995 -0.141543910 0.646048129 11.351143837
0.630396605 -0.142437190 -0.763093472 28.836025238 0.200032532 0.979630947 -0.017607369 2.238716841 0.750057995 -0.141543910 0.646048129 11.351143837
0.630396605 -0.142437190 -0.763093472 28.836025238 0.200032532 0.979630947 -0.017607369 2.238716841 0.750057995 -0.141543910 0.646048129 11.351143837
0.630396605 -0.142437190 -0.763093472 28.836025238 0.200032532 0.979630947 -0.017607369 2.238716841 0.750057995 -0.141543910 0.646048129 11.351143837
0.630396605 -0.142437190 -0.763093472 28.836025238 0.200032532 0.979630947 -0.017607369 2.238716841 0.750057995 -0.141543910 0.646048129 11.351143837
0.630396605 -0.142437190 -0.763093472 28.836025238 0.200032532 0.979630947 -0.017607369 2.238716841 0.750057995 -0.141543910 0.646048129 11.351143837
0.630396605 -0.142437190 -0.763093472 28.836025238 0.200032532 0.979630947 -0.017607369 2.238716841 0.750057995 -0.141543910 0.646048129 11.351143837
0.630396605 -0.142437190 -0.763093472 28.836025238 0.200032532 0.979630947 -0.017607369 2.238716841 0.750057995 -0.141543910 0.646048129 11.351143837
0.630396605 -0.142437190 -0.763093472 28.836025238 0.200032532 0.979630947 -0.017607369 2.238716841 0.750057995 -0.141543910 0.646048129 11.351143837
0.630396605 -0.142437190 -0.763093472 28.836025238 0.200032532 0.979630947 -0.017607369 2.238716841 0.750057995 -0.141543910 0.646048129 11.351143837
0.630396605 -0.142437190 -0.763093472 28.836025238 0.200032532 0.979630947 -0.017607369 2.238716841 0.750057995 -0.141543910 0.646048129 11.351143837
0.630396605 -0.142437190 -0.763093472 28.836025238 0.200032532 0.979630947 -0.017607369 2.238716841 0.750057995 -0.141543910 0.646048129 11.351143837
0.630396605 -0.142437190 -0.763093472 28.836025238 0.200032532 0.979630947 -0.017607369 2.238716841 0.750057995 -0.141543910 0.646048129 11.351143837
0.630396605 -0.142437190 -0.763093472 28.836025238 0.200032532 0.979630947 -0.017607369 2.238716841 0.750057995 -0.141543910 0.646048129 11.351143837
0.630396605 -0.142437190 -0.763093472 28.836025238 0.200032532 0.979630947 -0.017607369 2.238716841 0.750057995 -0.141543910 0.646048129 11.351143837
0.630396605 -0.142437190 -0.763093472 28.836025238 0.200032532 0.979630947 -0.017607369 2.238716841 0.750057995 -0.141543910 0.646048129 11.351143837
0.630396605 -0.142437190 -0.763093472 28.836025238 0.200032532 0.979630947 -0.017607369 2.238716841 0.750057995 -0.141543910 0.646048129 11.351143837
0.630396605 -0.142437190 -0.763093472 28.836025238 0.200032532 0.979630947 -0.017607369 2.238716841 0.750057995 -0.141543910 0.646048129 11.351143837
0.630396605 -0.142437190 -0.763093472 28.836025238 0.200032532 0.979630947 -0.017607369 2.238716841 0.750057995 -0.141543910 0.646048129 11.351143837
0.630396605 -0.142437190 -0.763093472 28.836025238 0.200032532 0.979630947 -0.017607369 2.238716841 0.750057995 -0.141543910 0.646048129 11.351143837
0.630396605 -0.142437190 -0.763093472 28.836025238 0.200032532 0.979630947 -0.017607369 2.238716841 0.750057995 -0.141543910 0.646048129 11.351143837
0.630396605 -0.142437190 -0.763093472 28.836025238 0.200032532 0.979630947 -0.017607369 2.238716841 0.750057995 -0.141543910 0.646048129 11.351143837
0.630396605 -0.142437190 -0.763093472 28.836025238 0.200032532 0.979630947 -0.017607369 2.238716841 0.750057995 -0.141543910 0.646048129 11.351143837
0.630396605 -0.142437190 -0.763093472 28.836025238 0.200032532 0.979630947 -0.017607369 2.238716841 0.750057995 -0.141543910 0.646048129 11.351143837
0.630396605 -0.142437190 -0.763093472 28.836025238 0.200032532 0.979630947 -0.017607369 2.238716841 0.750057995 -0.141543910 0.646048129 11.351143837
0.630396605 -0.142437190 -0.763093472 28.836025238 0.200032532 0.979630947 -0.017607369 2.238716841 0.750057995 -0.141543910 0.646048129 11.351143837
0.630396605 -0.142437190 -0.763093472 28.836025238 0.200032532 0.979630947 -0.017607369 2.238716841 0.750057995 -0.141543910 0.646048129 11.351143837
0.630396605 -0.142437190 -0.763093472 28.836025238 0.200032532 0.979630947 -0.017607369 2.238716841 0.750057995 -0.141543910 0.646048129 11.351143837
0.630396605 -0.142437190 -0.763093472 28.836025238 0.200032532 0.979630947 -0.017607369 2.238716841 0.750057995 -0.141543910 0.646048129 11.351143837
0.630396605 -0.142437190 -0.763093472 28.836025238 0.200032532 0.979630947 -0.017607369 2.238716841 0.750057995 -0.141543910 0.646048129 11.351143837
0.630396605 -0.142437190 -0.763093472 28.836025238 0.200032532 0.979630947 -0.017607369 2.238716841 0.750057995 -0.141543910 0.646048129 11.351143837
0.630396605 -0.142437190 -0.763093472 28.836025238 0.200032532 0.979630947 -0.017607369 2.238716841 0.750057995 -0.141543910 0.646048129 11.351143837
0.630396605 -0.142437190 -0.763093472 28.836025238 0.200032532 0.979630947 -0.017607369 2.238716841 0.750057995 -0.141543910 0.646048129 11.351143837
0.630396605 -0.142437190 -0.763093472 28.836025238 0.200032532 0.979630947 -0.017607369 2.238716841 0.750057995 -0.141543910 0.646048129 11.351143837
0.630396605 -0.142437190 -0.763093472 28.836025238 0.200032532 0.979630947 -0.017607369 2.238716841 0.750057995 -0.141543910 0.646048129 11.351143837
0.630396605 -0.142437190 -0.763093472 28.836025238 0.200032532 0.979630947 -0.017607369 2.238716841 0.750057995 -0.141543910 0.646048129 11.351143837
0.630396605 -0.142437190 -0.763093472 28.836025238 0.200032532 0.979630947 -0.017607369 2.238716841 0.750057995 -0.141543910 0.646048129 11.351143837
0.630396605 -0.142437190 -0.763093472 28.836025238 0.200032532 0.979630947 -0.017607369 2.238716841 0.750057995 -0.141543910 0.646048129 11.351143837
0.630396605 -0.142437190 -0.763093472 28.836025238 0.200032532 0.979630947 -0.017607369 2.238716841 0.750057995 -0.141543910 0.646048129 11.351143837
0.630396605 -0.142437190 -0.763093472 28.836025238 0.200032532 0.979630947 -0.017607369 2.238716841 0.750057995 -0.141543910 0.646048129 11.351143837
0.630396605 -0.142437190 -0.763093472 28.836025238 0.200032532 0.979630947 -0.017607369 2.238716841 0.750057995 -0.141543910 0.646048129 11.351143837
0.630396605 -0.142437190 -0.763093472 28.836025238 0.200032532 0.979630947 -0.017607369 2.238716841 0.750057995 -0.141543910 0.646048129 11.351143837
0.630396605 -0.142437190 -0.763093472 28.836025238 0.200032532 0.979630947 -0.017607369 2.238716841 0.750057995 -0.141543910 0.646048129 11.351143837
0.630396605 -0.142437190 -0.763093472 28.836025238 0.200032532 0.979630947 -0.017607369 2.238716841 0.750057995 -0.141543910 0.646048129 11.351143837
0.630396605 -0.142437190 -0.763093472 28.836025238 0.200032532 0.979630947 -0.017607369 2.238716841 0.750057995 -0.141543910 0.646048129 11.351143837
0.630396605 -0.142437190 -0.763093472 28.836025238 0.200032532 0.979630947 -0.017607369 2.238716841 0.750057995 -0.141543910 0.646048129 11.351143837
0.630396605 -0.142437190 -0.763093472 28.836025238 0.200032532 0.979630947 -0.017607369 2.238716841 0.750057995 -0.141543910 0.646048129 11.351143837
0.630396605 -0.142437190 -0.763093472 28.836025238 0.200032532 0.979630947 -0.017607369 2.238716841 0.750057995 -0.141543910 0.646048129 11.351143837
0.630396605 -0.142437190 -0.763093472 28.836025238 0.200032532 0.979630947 -0.017607369 2.238716841 0.750057995 -0.141543910 0.646048129 11.351143837
0.630396605 -0.142437190 -0.763093472 28.836025238 0.200032532 0.979630947 -0.017607369 2.238716841 0.750057995 -0.141543910 0.646048129 11.351143837
0.630396605 -0.142437190 -0.763093472 28.836025238 0.200032532 0.979630947 -0.017607369 2.238716841 0.750057995 -0.141543910 0.646048129 11.351143837
0.630396605 -0.142437190 -0.763093472 28.836025238 0.200032532 0.979630947 -0.017607369 2.238716841 0.750057995 -0.141543910 0.646048129 11.351143837
0.630396605 -0.142437190 -0.763093472 28.836025238 0.200032532 0.979630947 -0.017607369 2.238716841 0.750057995 -0.141543910 0.646048129 11.351143837
0.630396605 -0.142437190 -0.763093472 28.836025238 0.200032532 0.979630947 -0.017607369 2.238716841 0.750057995 -0.141543910 0.646048129 11.351143837
0.630396605 -0.142437190 -0.763093472 28.836025238 0.200032532 0.979630947 -0.017607369 2.238716841 0.750057995 -0.141543910 0.646048129 11.351143837
0.630396605 -0.142437190 -0.763093472 28.836025238 0.200032532 0.979630947 -0.017607369 2.238716841 0.750057995 -0.141543910 0.646048129 11.351143837
0.630396605 -0.142437190 -0.763093472 28.836025238 0.200032532 0.979630947 -0.017607369 2.238716841 0.750057995 -0.141543910 0.646048129 11.351143837
0.630396605 -0.142437190 -0.763093472 28.836025238 0.200032532 0.979630947 -0.017607369 2.238716841 0.750057995 -0.141543910 0.646048129 11.351143837
0.630396605 -0.142437190 -0.763093472 28.836025238 0.200032532 0.979630947 -0.017607369 2.238716841 0.750057995 -0.141543910 0.646048129 11.351143837
0.630396605 -0.142437190 -0.763093472 28.836025238 0.200032532 0.979630947 -0.017607369 2.238716841 0.750057995 -0.141543910 0.646048129 11.351143837
0.630396605 -0.142437190 -0.763093472 28.836025238 0.200032532 0.979630947 -0.017607369 2.238716841 0.750057995 -0.141543910 0.646048129 11.351143837
0.630396605 -0.142437190 -0.763093472 28.836025238 0.200032532 0.979630947 -0.017607369 2.238716841 0.750057995 -0.141543910 0.646048129 11.351143837
0.630396605 -0.142437190 -0.763093472 28.836025238 0.200032532 0.979630947 -0.017607369 2.238716841 0.750057995 -0.141543910 0.646048129 11.351143837
0.630396605 -0.142437190 -0.763093472 28.836025238 0.200032532 0.979630947 -0.017607369 2.238716841 0.750057995 -0.141543910 0.646048129 11.351143837
0.630396605 -0.142437190 -0.763093472 28.836025238 0.200032532 0.979630947 -0.017607369 2.238716841 0.750057995 -0.141543910 0.646048129 11.351143837
0.630396605 -0.142437190 -0.763093472 28.836025238 0.200032532 0.979630947 -0.017607369 2.238716841 0.750057995 -0.141543910 0.646048129 11.351143837
0.630396605 -0.142437190 -0.763093472 28.836025238 0.200032532 0.979630947 -0.017607369 2.238716841 0.750057995 -0.141543910 0.646048129 11.351143837
0.630396605 -0.142437190 -0.763093472 28.836025238 0.200032532 0.979630947 -0.017607369 2.238716841 0.750057995 -0.141543910 0.646048129 11.351143837
0.630396605 -0.142437190 -0.763093472 28.836025238 0.200032532 0.979630947 -0.017607369 2.238716841 0.750057995 -0.141543910 0.646048129 11.351143837
0.630396605 -0.142437190 -0.763093472 28.836025238 0.200032532 0.979630947 -0.017607369 2.238716841 0.750057995 -0.141543910 0.646048129 11.351143837
0.630396605 -0.142437190 -0.763093472 28.836025238 0.200032532 0.979630947 -0.017607369 2.238716841 0.750057995 -0.141543910 0.646048129 11.351143837
0.630396605 -0.142437190 -0.763093472 28.836025238 0.200032532 0.979630947 -0.017607369 2.238716841 0.750057995 -0.141543910 0.646048129 11.351143837
0.630396605 -0.142437190 -0.763093472 28.836025238 0.200032532 0.979630947 -0.017607369 2.238716841 0.750057995 -0.141543910 0.646048129 11.351143837
0.630396605 -0.142437190 -0.763093472 28.836025238 0.200032532 0.979630947 -0.017607369 2.238716841 0.750057995 -0.141543910 0.646048129 11.351143837
0.630396605 -0.142437190 -0.763093472 28.836025238 0.200032532 0.979630947 -0.017607369 2.238716841 0.750057995 -0.141543910 0.646048129 11.351143837
0.630396605 -0.142437190 -0.763093472 28.836025238 0.200032532 0.979630947 -0.017607369 2.238716841 0.750057995 -0.141543910 0.646048129 11.351143837
0.630396605 -0.142437190 -0.763093472 28.836025238 0.200032532 0.979630947 -0.017607369 2.238716841 0.750057995 -0.141543910 0.646048129 11.351143837
0.630396605 -0.142437190 -0.763093472 28.836025238 0.200032532 0.979630947 -0.017607369 2.238716841 0.750057995 -0.141543910 0.646048129 11.351143837
0.630396605 -0.142437190 -0.763093472 28.836025238 0.200032532 0.979630947 -0.017607369 2.238716841 0.750057995 -0.141543910 0.646048129 11.351143837
0.630396605 -0.142437190 -0.763093472 28.836025238 0.200032532 0.979630947 -0.017607369 2.238716841 0.750057995 -0.141543910 0.646048129 11.351143837
0.630396605 -0.142437190 -0.763093472 28.836025238 0.200032532 0.979630947 -0.017607369 2.238716841 0.750057995 -0.141543910 0.646048129 11.351143837
0.630396605 -0.142437190 -0.763093472 28.836025238 0.200032532 0.979630947 -0.017607369 2.238716841 0.750057995 -0.141543910 0.646048129 11.351143837
0.630396605 -0.142437190 -0.763093472 28.836025238 0.200032532 0.979630947 -0.017607369 2.238716841 0.750057995 -0.141543910 0.646048129 11.351143837
0.630396605 -0.142437190 -0.763093472 28.836025238 0.200032532 0.979630947 -0.017607369 2.238716841 0.750057995 -0.141543910 0.646048129 11.351143837
