0.999979556 -0.003612500 -0.005262948 0.014235522 0.003598920 0.999990165 -0.002587487 0.000062143 0.005272243 0.002568494 0.999982834 0.383937746
0.999953687 -0.002330971 -0.009333570 0.009108388 0.002295021 0.999990046 -0.003860503 -0.004346354 0.009342476 0.003838904 0.999948919 0.768664360
0.999905825 -0.002675972 -0.013461101 0.003255367 0.002604046 0.999982238 -0.005357919 -0.007241540 0.013475198 0.005322361 0.999895036 1.165205956
0.999838352 -0.000992170 -0.017955340 -0.010017084 0.000867587 0.999975443 -0.006944926 -0.003564778 0.017961791 0.006928226 0.999814689 1.568798065
0.999762058 -0.002138314 -0.021708388 -0.026294569 0.001995488 0.999976218 -0.006598829 -0.009692256 0.021721980 0.006553940 0.999742568 1.980957627
0.999691188 -0.000455284 -0.024845876 -0.050256558 0.000282950 0.999975801 -0.006939193 -0.022958556 0.024848437 0.006930020 0.999667227 2.401466846
0.885647297 0.429106146 0.177473605 -7.739150524 -0.378195256 0.888314605 -0.260510117 6.820038795 -0.269438863 0.163600340 0.949019313 -0.291388273
0.999428928 0.005618179 -0.033318598 -0.092098907 -0.005932993 0.999938548 -0.009357248 -0.001293655 0.033263978 0.009549583 0.999400973 3.767824411
0.997929335 0.008200544 -0.063795649 4.361503124 -0.008385691 0.999961436 -0.002634964 0.275974125 0.063771561 0.003164479 0.997959614 -6.025631905
0.997687817 0.007269599 -0.067574948 4.304331779 -0.007267622 0.999973595 0.000275112 0.266834974 0.067575164 0.000216633 0.997714162 -5.204123020
0.997529089 0.009375820 -0.069625795 4.237860680 -0.009442098 0.999955237 -0.000622855 0.259173214 0.069616832 0.001278730 0.997573018 -4.409341335
0.997417033 0.008916222 -0.071273088 4.168716908 -0.008998911 0.999959171 -0.000839159 0.251856357 0.071262717 0.001478372 0.997456491 -3.605142832
0.997295976 0.006002463 -0.073244758 4.113458157 -0.006118222 0.999980390 -0.001356174 0.247557312 0.073235191 0.001800635 0.997313082 -2.778931618
0.997134089 0.005733130 -0.075436831 4.053531170 -0.005787182 0.999983013 -0.000497925 0.241377473 0.075432688 0.000933065 0.997150421 -1.939561725
0.997052550 0.004354422 -0.076597430 3.978486061 -0.004448072 0.999989569 -0.001052064 0.238330901 0.076592043 0.001389675 0.997061551 -1.085869074
0.996875942 0.006417789 -0.078722425 3.944992781 -0.006658636 0.999973893 -0.002797327 0.230010539 0.078702413 0.003312772 0.996892631 -0.684494138
0.996799350 0.006616749 -0.079669543 3.829368591 -0.007099086 0.999958158 -0.005772506 0.217640340 0.079628013 0.006319612 0.996804595 0.637340426
0.996634543 0.010534546 -0.081293389 3.751382351 -0.011190248 0.999908388 -0.007614456 0.208508730 0.081205726 0.008498522 0.996661127 1.507517219
0.996492982 0.011517137 -0.082879692 3.713205099 -0.012214330 0.999894142 -0.007909967 0.206694096 0.082779825 0.008894548 0.996528149 1.958116531
0.996443987 0.010349593 -0.083619796 3.594615459 -0.010837863 0.999926805 -0.005387359 0.178483218 0.083557926 0.006274462 0.996483088 3.279130220
0.996258914 0.011602260 -0.085636124 3.560096979 -0.012033026 0.999917448 -0.004515698 0.176696375 0.085576661 0.005529266 0.996316195 3.744037867
0.996264935 0.011015376 -0.085642673 3.428892612 -0.011375156 0.999928415 -0.003714092 0.151169688 0.085595615 0.004674419 0.996318936 5.080551624
0.996066511 0.010783407 -0.087949015 3.389008522 -0.011256118 0.999924779 -0.004880666 0.148983583 0.087889761 0.005851434 0.996112943 5.568514347
0.995978594 0.007750558 -0.089255109 3.543910742 -0.008430052 0.999938250 -0.007238457 0.250291973 0.089193523 0.007961774 0.995982409 5.526310444
0.995885670 0.007390210 -0.090316921 3.500648975 -0.007872419 0.999956667 -0.004983961 0.241138399 0.090276174 0.005674468 0.995900571 6.039373398
0.995990574 0.010407456 -0.088850707 3.097115040 -0.010544464 0.999943852 -0.001072766 0.118411548 0.088834569 0.002005348 0.996044338 8.737929344
0.996028244 0.011020543 -0.088352561 3.047706127 -0.010794728 0.999937177 0.003033237 0.111346416 0.088380449 -0.002067447 0.996084690 9.279840469
0.996210456 0.010259463 -0.086367309 2.931287527 -0.009834093 0.999937296 0.005349149 0.105282269 0.086416781 -0.004479535 0.996248960 10.588348389
0.996282935 0.010634556 -0.085481666 2.875194311 -0.010163109 0.999930561 0.005948479 0.102558464 0.085538983 -0.005057608 0.996321976 11.279421806
0.996401787 0.011061356 -0.084030002 2.815699100 -0.010833999 0.999936223 0.003161215 0.097253889 0.084059611 -0.002239459 0.996458173 11.968525887
0.996378660 0.010028534 -0.084432900 2.959735155 -0.010264351 0.999944508 -0.002359300 0.179665685 0.084404543 0.003217404 0.996426344 12.201165199
0.996496141 0.009302278 -0.083120979 2.891330481 -0.009756669 0.999939561 -0.005062110 0.167552710 0.083068863 0.005855357 0.996526539 12.965439796
0.996589005 0.006655288 -0.082255580 2.794902086 -0.007041312 0.999965489 -0.004403790 0.161030680 0.082223423 0.004967955 0.996601522 14.140934944
0.996558011 0.005417226 -0.082720712 2.731553555 -0.005466025 0.999984980 -0.000363479 0.162013650 0.082717501 0.000814381 0.996572673 14.924432755
0.996548176 0.001767723 -0.082997538 2.630068064 -0.001447288 0.999991298 0.003920780 0.139814347 0.083003730 -0.003787125 0.996542037 16.106321335
0.996426880 -0.004403353 -0.084345438 2.566872120 0.004602822 0.999987125 0.002170586 0.144435927 0.084334783 -0.002551058 0.996434212 16.957769394
0.996288538 -0.007615248 -0.085738525 2.477348804 0.007585339 0.999971032 -0.000674621 0.122123025 0.085741177 0.000021761 0.996317446 18.087915421
0.996132076 -0.006655405 -0.087616049 2.401714325 0.006212072 0.999966502 -0.005331635 0.118386768 0.087648585 0.004766734 0.996140063 18.939674377
0.996005654 -0.006139428 -0.089078285 2.297830105 0.005676549 0.999969006 -0.005448719 0.104302913 0.089108996 0.004921296 0.996009648 20.076248169
0.995906830 -0.005175806 -0.090236798 2.217100143 0.004783970 0.999978185 -0.004558042 0.091047563 0.090258427 0.004107696 0.995909870 20.955371857
0.995860755 -0.002475923 -0.090857059 2.106379986 0.002386017 0.999996543 -0.001098146 0.065102644 0.090859450 0.000876814 0.995863378 22.082754135
0.995715916 -0.002305000 -0.092435412 2.029860973 0.002339513 0.999997318 0.000265019 0.054925643 0.092434555 -0.000480138 0.995718598 22.956974030
0.995667756 -0.000622269 -0.092979550 1.924394846 0.000891993 0.999995530 0.002859367 0.039512772 0.092977352 -0.002929917 0.995663881 24.090372086
0.995621860 -0.000316991 -0.093471043 1.850868702 0.000850625 0.999983549 0.005669294 0.032438926 0.093467698 -0.005723982 0.995605767 24.967826843
0.995629787 0.004861951 -0.093261212 1.714723587 -0.004109503 0.999957383 0.008258531 0.022032246 0.093297392 -0.007839181 0.995607495 26.131599426
0.995558321 0.005181691 -0.094003677 1.628556252 -0.004492601 0.999961495 0.007540599 0.019305900 0.094039142 -0.007084784 0.995543301 27.038307190
0.995559812 0.005408748 -0.093976788 1.541696310 -0.004881809 0.999971092 0.005836126 0.005091831 0.094005637 -0.005351435 0.995557249 28.138010025
0.995536923 0.007815324 -0.094048679 1.451106548 -0.007532799 0.999966085 0.003358691 0.001937598 0.094071731 -0.002635251 0.995561838 29.060419083
0.995460451 0.008111964 -0.094829716 1.393879175 -0.007806658 0.999963105 0.003590060 -0.006457157 0.094855338 -0.002833460 0.995486975 29.985246658
0.995336175 0.006607100 -0.096240044 1.311830044 -0.006191298 0.999970257 0.004618431 -0.012966648 0.096267678 -0.004001041 0.995347440 30.907705307
0.995191097 0.005384524 -0.097804300 1.227442741 -0.004786655 0.999968410 0.006346530 -0.020684600 0.097835377 -0.005847855 0.995185435 32.017173767
0.995109022 0.007711956 -0.098481283 1.133422375 -0.007460074 0.999967933 0.002925649 -0.034346715 0.098500691 -0.002176662 0.995134652 32.932235718
0.994971812 0.008214541 -0.099818215 1.052150249 -0.008383848 0.999964058 -0.001276780 -0.044896565 0.099804141 0.002107220 0.995004892 33.828159332
0.994937897 0.008402469 -0.100139908 0.920566559 -0.008748668 0.999957144 -0.003018511 -0.047298942 0.100110255 0.003879322 0.994968772 35.029697418
0.994944990 0.007269188 -0.100159131 0.818138599 -0.007243557 0.999973595 0.000619581 -0.064190142 0.100160979 0.000109058 0.994971216 36.045188904
0.994950235 0.005949066 -0.100193091 0.715137720 -0.005619656 0.999977827 0.003569670 -0.074588865 0.100212082 -0.002988594 0.994961619 37.046066284
0.994928956 0.003578282 -0.100516066 0.620261908 -0.003190062 0.999986827 0.004022737 -0.077781335 0.100529149 -0.003681685 0.994927287 38.035255432
0.994871318 0.000561793 -0.101147167 0.529257774 -0.000321535 0.999997079 0.002391617 -0.078413986 0.101148203 -0.002346829 0.994868577 39.052032471
0.994803548 -0.002062656 -0.101792492 0.436892986 0.002178921 0.999997079 0.001031007 -0.087493137 0.101790063 -0.001247448 0.994805098 39.962028503
0.994620204 -0.005009277 -0.103468187 0.350335598 0.005263373 0.999983788 0.002182923 -0.097792275 0.103455573 -0.002715771 0.994630277 40.993061066
0.994529903 -0.006992538 -0.104218319 0.250523090 0.007635761 0.999954104 0.005774187 -0.102005064 0.104173169 -0.006538387 0.994537592 41.903659821
0.994514227 -0.006306924 -0.104410753 0.468867302 0.007775296 0.999876440 0.013662362 -0.170963466 0.104311675 -0.014399239 0.994440377 41.902538300
0.994551420 -0.001403837 -0.104237594 0.354778767 0.002985520 0.999882638 0.015019356 -0.171686888 0.104204290 -0.015248724 0.994439006 42.643730164
0.994353414 -0.000325722 -0.106118813 0.260534286 0.001523343 0.999936044 0.011204827 -0.175467432 0.106108390 -0.011303212 0.994290411 43.546382904
0.994722664 -0.005904278 -0.102429725 -0.438519478 0.005976355 0.999981940 0.000396795 -0.036238015 0.102425523 -0.001006857 0.994740129 45.000919342
0.994621277 -0.004910595 -0.103461429 -0.537150860 0.004498087 0.999980927 -0.004220000 -0.044572368 0.103480168 0.003731924 0.994624496 45.896053314
0.994519114 0.000363913 -0.104553968 -0.631999016 -0.000746010 0.999993145 -0.003615452 -0.059438698 0.104551949 0.003673635 0.994512618 46.829128265
0.994357109 0.003123801 -0.106038064 -0.727494717 -0.003240434 0.999994338 -0.000927636 -0.078919299 0.106034577 0.001266010 0.994361579 47.688232422
0.994304657 0.005796723 -0.106416695 -0.837673187 -0.005826713 0.999983013 0.000029095 -0.092924558 0.106415056 0.000591131 0.994321704 48.597560883
0.994123280 0.006608618 -0.108052410 -0.917100430 -0.006643746 0.999977946 0.000034892 -0.111265764 0.108050264 0.000683186 0.994145155 49.420394897
0.993779838 0.007513012 -0.111108176 -0.965019703 -0.007454456 0.999971688 0.000942438 -0.125100464 0.111112103 -0.000108325 0.993807852 50.347465515
0.993602157 0.008219860 -0.112637080 -1.047743797 -0.008092623 0.999965906 0.001586837 -0.140924811 0.112646289 -0.000665155 0.993634939 51.140781403
0.993473172 0.008620976 -0.113739833 -1.158041477 -0.008443535 0.999962211 0.002041709 -0.155972451 0.113753140 -0.001068017 0.993508458 51.997585297
0.993334711 0.007932512 -0.114991836 -1.247506142 -0.007616069 0.999965847 0.003190954 -0.165466145 0.115013234 -0.002293900 0.993361235 52.777301788
0.993179679 0.011146468 -0.116059549 -1.359102249 -0.010534103 0.999927104 0.005888344 -0.177883863 0.116116725 -0.004625601 0.993224800 53.604450226
0.993018866 0.012580561 -0.117282175 -1.454449177 -0.011488616 0.999884129 0.009981820 -0.184192717 0.117394164 -0.008564727 0.993048489 54.364803314
0.992942631 0.016701242 -0.117413476 -1.602960110 -0.015452814 0.999814034 0.011535129 -0.184048295 0.117584303 -0.009639350 0.993016124 55.130924225
0.992740333 0.019537598 -0.118679434 -1.703215122 -0.018824413 0.999797404 0.007127500 -0.190249771 0.118794665 -0.004841685 0.992906928 55.857406616
0.992393255 0.018823372 -0.121660754 -1.745381832 -0.019009562 0.999819160 -0.000369816 -0.194639340 0.121631816 0.002679721 0.992571592 56.627292633
0.992182553 0.017790871 -0.123520203 -1.819096088 -0.018690683 0.999806523 -0.006129669 -0.206652015 0.123387262 0.008390428 0.992323101 57.317268372
0.992155313 0.018634690 -0.123615004 -1.919237137 -0.019607866 0.999785483 -0.006660592 -0.231709331 0.123464368 0.009032167 0.992307901 58.021678925
0.992024481 0.021320954 -0.124229014 -2.007877350 -0.021859212 0.999756634 -0.002971172 -0.244111046 0.124135435 0.005663022 0.992249072 58.678451538
0.991856217 0.022301774 -0.125395387 -2.091081142 -0.022538140 0.999745846 -0.000466369 -0.268662333 0.125353098 0.003288747 0.992106795 59.316020966
0.991647720 0.018296851 -0.127670467 -2.147034168 -0.018985327 0.999810994 -0.004177695 -0.283191681 0.127569884 0.006566668 0.991807759 60.040538788
0.991747797 0.010006675 -0.127811864 -2.210663795 -0.011327411 0.999889612 -0.009610764 -0.294544488 0.127701566 0.010979232 0.991751850 60.643329620
0.991991937 0.005836188 -0.126165330 -2.293053627 -0.007821335 0.999853134 -0.015244867 -0.288738549 0.126057819 0.016109567 0.991892040 61.225826263
0.992344677 0.008449228 -0.123209544 -2.368614197 -0.010254232 0.999849021 -0.014023132 -0.332034886 0.123072460 0.015179202 0.992281616 61.800743103
0.992827833 0.013290231 -0.118812412 -2.447044373 -0.014694986 0.999831975 -0.010955025 -0.350306600 0.118646860 0.012622397 0.992856383 62.356300354
0.993283689 0.011970816 -0.115083925 -2.490622044 -0.013012934 0.999880791 -0.008308237 -0.352576882 0.114970751 0.009750014 0.993320942 62.901649475
0.993934393 0.008573514 -0.109640211 -2.534543991 -0.009067892 0.999950886 -0.004011268 -0.366971850 0.109600432 0.004981140 0.993963242 63.437412262
0.994866312 0.004169245 -0.101110697 -2.586372852 -0.004244553 0.999990880 -0.000529683 -0.382235914 0.101107575 0.000956134 0.994875014 63.957107544
0.995861471 0.007666803 -0.090559311 -2.626088142 -0.007745716 0.999969900 -0.000519959 -0.394376427 0.090552606 0.001219254 0.995890975 64.458663940
0.997068346 0.012915296 -0.075417146 -2.666743755 -0.013042650 0.999914169 -0.001196335 -0.403729081 0.075395212 0.002176467 0.997151375 64.956649780
0.998210251 0.018105641 -0.056993857 -2.698155403 -0.018197993 0.999833822 -0.001101731 -0.404751688 0.056964420 0.002136933 0.998373985 65.437957764
0.999252081 0.016330367 -0.035049330 -2.696821928 -0.016355347 0.999866128 -0.000426091 -0.416212201 0.035037681 0.000999016 0.999385476 65.910758972
0.999883175 0.012836880 -0.008286184 -2.684221506 -0.012836934 0.999917626 0.000046805 -0.419120550 0.008286102 0.000059569 0.999965608 66.374153137
0.999706745 0.011974456 0.021046162 -2.649616718 -0.012016851 0.999925971 0.001889085 -0.431501508 -0.021021985 -0.002141439 0.999776661 66.825881958
0.998494506 0.011411361 0.053651035 -2.602775097 -0.011624037 0.999925792 0.003653703 -0.447308660 -0.053605344 -0.004271844 0.998553038 67.251098633
0.995723248 0.011733438 0.091637507 -2.543370247 -0.012192595 0.999915779 0.004452344 -0.458037138 -0.091577552 -0.005550602 0.995782495 67.687736511
0.991085291 0.011557342 0.132726699 -2.459639549 -0.012158536 0.999919236 0.003719956 -0.457555801 -0.132672966 -0.005300555 0.991145730 68.089179993
0.983973920 0.011346434 0.177951202 -2.356351852 -0.012196910 0.999918759 0.003685979 -0.464766026 -0.177894935 -0.005797361 0.984032333 68.499870300
0.973709941 0.013903544 0.227366745 -2.245432854 -0.014769037 0.999888659 0.002105680 -0.480193228 -0.227312177 -0.005408309 0.973806918 68.887351990
0.959677935 0.014433981 0.280731082 -2.094106674 -0.014639628 0.999891818 -0.001364632 -0.484520376 -0.280720413 -0.002800191 0.959785521 69.278594971
0.941592097 0.015021370 0.336420357 -1.934051514 -0.014713503 0.999885738 -0.003464516 -0.490805626 -0.336433977 -0.001687762 0.941705465 69.621734619
0.918931603 0.015540447 0.394110739 -1.749708176 -0.014560420 0.999879003 -0.005476980 -0.495947480 -0.394148141 -0.000705449 0.919046640 69.964866638
0.891383469 0.015215717 0.452994645 -1.549926758 -0.013453630 0.999884129 -0.007111812 -0.508799434 -0.453050405 0.000244930 0.891484857 70.286132812
0.859295070 0.014479823 0.511275291 -1.321668625 -0.010789019 0.999889910 -0.010184885 -0.500296891 -0.511366367 0.003235663 0.859356821 70.545272827
0.823972702 0.014235502 0.566450894 -1.068111420 -0.009493999 0.999890864 -0.011318111 -0.512696028 -0.566550016 0.003947930 0.824017882 70.836608887
0.784760714 0.012881978 0.619665146 -0.828910828 -0.008267313 0.999912500 -0.010316847 -0.523674011 -0.619743943 0.002973289 0.784798503 71.089035034
0.742861450 0.012629008 0.669326186 -0.548954010 -0.010290722 0.999919236 -0.007445412 -0.541961312 -0.669366181 -0.001356941 0.742931485 71.349777222
0.699300647 0.011970218 0.714727461 -0.249561310 -0.008135865 0.999928236 -0.008786488 -0.533280730 -0.714781404 0.000329472 0.699347973 71.579254150
0.653870881 0.010447197 0.756533980 0.069030762 -0.004707228 0.999941409 -0.009740033 -0.545050383 -0.756591499 0.002807547 0.653881967 71.795257568
0.607656002 0.007635694 0.794163644 0.390670776 0.001252153 0.999943316 -0.010572301 -0.556112766 -0.794199347 0.007418736 0.607612014 71.986724854
0.562307477 0.009679141 0.826871634 0.725437164 -0.000983252 0.999938607 -0.011036365 -0.572982073 -0.826927662 0.005392806 0.562282503 72.159088135
0.514683306 0.012764780 0.857285380 1.019723892 -0.004791548 0.999916434 -0.012011849 -0.598200798 -0.857366920 0.002074573 0.514701366 72.425384521
0.470048964 0.014925018 0.882514179 1.363550186 -0.005073662 0.999886274 -0.014207649 -0.607717633 -0.882625639 0.002200711 0.470071137 72.568962097
0.427529275 0.012475623 0.903915405 1.697942734 0.001931944 0.999889851 -0.014714002 -0.613041520 -0.903999448 0.008036979 0.427458137 72.690391541
0.388324738 0.004096492 0.921513498 2.071674347 0.017185615 0.999783933 -0.011686435 -0.623835981 -0.921362340 0.020374907 0.388170451 72.794792175
0.355757535 -0.000598922 0.934578061 2.348556519 0.022699412 0.999710321 -0.008000121 -0.637240589 -0.934302628 0.024060475 0.355668098 72.652809143
0.322967112 0.004684774 0.946398556 2.726339340 0.019597601 0.999740243 -0.011636681 -0.638343394 -0.946207345 0.022305405 0.322791487 72.763633728
0.291820645 0.011579623 0.956402838 3.078466415 0.009330306 0.999844670 -0.014952485 -0.660095215 -0.956427455 0.013286977 0.291667312 72.872543335
0.263694406 0.016011478 0.964473307 3.470151901 0.005043271 0.999825716 -0.017977240 -0.675698102 -0.964593053 0.009604596 0.263567656 72.970657349
0.238203272 0.017702481 0.971054077 3.850236893 0.006415807 0.999783337 -0.019800048 -0.690616250 -0.971194267 0.010946528 0.238038093 73.046226501
0.214723244 0.019016538 0.976489842 4.267621040 0.013580034 0.999655724 -0.022453837 -0.701150894 -0.976580560 0.018082129 0.214391053 73.109237671
0.195097491 0.024821235 0.980469763 4.674300194 0.021012112 0.999344409 -0.029480135 -0.703254700 -0.980558753 0.026353242 0.194448054 73.165054321
0.175542980 0.031717520 0.983960807 5.116484642 0.023644950 0.999056697 -0.036422502 -0.700888932 -0.984187782 0.029659418 0.174627453 73.227592468
0.157708958 0.032523315 0.986950040 5.547493935 0.021650320 0.999103308 -0.036383420 -0.714863598 -0.987248302 0.027105771 0.156863436 73.298736572
0.141608387 0.028098207 0.989523888 6.020132065 0.019291680 0.999328852 -0.031137418 -0.742229402 -0.989734769 0.023498898 0.140971273 73.365913391
0.127932400 0.024921060 0.991469860 6.484460831 0.019827034 0.999420166 -0.027679246 -0.761398673 -0.991584659 0.023198983 0.127364129 73.413101196
0.114057094 0.022534274 0.993218601 6.978408813 0.022320064 0.999432325 -0.025238391 -0.778734803 -0.993223488 0.025047321 0.113489367 73.465270996
0.103342511 0.021320673 0.994417310 7.472410202 0.025987567 0.999371052 -0.024127582 -0.796665251 -0.994306266 0.028335894 0.102723464 73.492698669
0.092882298 0.022139743 0.995430946 8.010345459 0.029390568 0.999256074 -0.024967216 -0.810703039 -0.995243251 0.031575296 0.092162505 73.534645081
0.085284755 0.022448406 0.996103644 8.538959503 0.031189412 0.999196053 -0.025188481 -0.825955033 -0.995868325 0.033216082 0.084516034 73.570030212
0.079481050 0.023195183 0.996566474 9.119129181 0.032650691 0.999132276 -0.025858954 -0.838807344 -0.996301472 0.034593876 0.078654744 73.613159180
0.074364200 0.023832714 0.996946394 9.671417236 0.034939539 0.999038279 -0.026488939 -0.855654836 -0.996618807 0.036802676 0.073460005 73.644309998
0.068520948 0.024378337 0.997351766 10.266416550 0.035537254 0.999007225 -0.026860315 -0.875738263 -0.997016549 0.037283637 0.067586571 73.679214478
0.064287826 0.024644271 0.997627079 10.906443596 0.037822191 0.998916507 -0.027113419 -0.890163541 -0.997214377 0.039475504 0.063286081 73.714317322
0.061111964 0.024578396 0.997828186 11.518451691 0.039326072 0.998861194 -0.027012369 -0.909516454 -0.997355878 0.040891439 0.060075797 73.750297546
0.058161192 0.023820437 0.998022974 12.167957306 0.040486436 0.998836517 -0.026199257 -0.934253216 -0.997485876 0.041930173 0.057129111 73.783432007
0.055792864 0.022873120 0.998180389 12.860015869 0.042293854 0.998785973 -0.025250997 -0.954687476 -0.997546136 0.043625720 0.054757744 73.820251465
0.055288527 0.022655640 0.998213232 13.542551041 0.047192182 0.998565972 -0.025277497 -0.973979592 -0.997354567 0.048505422 0.054140065 73.841613770
0.055928756 0.021849744 0.998195589 14.261478424 0.050888266 0.998398721 -0.024705449 -1.000250101 -0.997137129 0.052178189 0.054727301 73.891258240
0.058666188 0.022230899 0.998030126 14.974016190 0.052003574 0.998326540 -0.025294377 -1.016385078 -0.996922195 0.053385049 0.057411931 73.915916443
0.062481690 0.022465589 0.997793257 15.740972519 0.054252777 0.998192072 -0.025871869 -1.032648206 -0.996570528 0.055749562 0.061149899 73.966262817
0.067122713 0.021494225 0.997513115 16.480390549 0.055436783 0.998143196 -0.025238145 -1.061257839 -0.996203423 0.056992970 0.065806508 74.003776550
0.071189836 0.019992765 0.997262299 17.287887573 0.056871068 0.998091400 -0.024069142 -1.084707499 -0.995840132 0.058428857 0.069916956 74.062339783
0.075065792 0.018311495 0.997010410 18.052698135 0.056459766 0.998149455 -0.022583319 -1.106672168 -0.995578945 0.057986207 0.073893003 74.121047974
0.079228297 0.016015267 0.996727943 18.891445160 0.053869534 0.998341084 -0.020323196 -1.132710934 -0.995399892 0.055303436 0.078234121 74.193511963
0.083136059 0.015168997 0.996422768 19.677572250 0.052768134 0.998414397 -0.019602003 -1.153508663 -0.995140076 0.054209005 0.082203820 74.265136719
0.087175764 0.015962286 0.996065140 20.517982483 0.049949046 0.998543918 -0.020373560 -1.183368564 -0.994939923 0.051528580 0.086251549 74.342414856
0.090391845 0.020053785 0.995704353 21.340106964 0.047838483 0.998555720 -0.024454074 -1.213650107 -0.994756579 0.049843431 0.089301951 74.424240112
0.091607347 0.025819389 0.995460391 22.192142487 0.042039618 0.998672307 -0.029771393 -1.238640070 -0.994907379 0.044576056 0.090400279 74.513259888
0.091359966 0.028725872 0.995403528 23.010892868 0.039064590 0.998711050 -0.032406740 -1.272918463 -0.995051384 0.041845720 0.090120070 74.599472046
0.091872364 0.028191602 0.995371640 23.892303467 0.037058119 0.998809874 -0.031709429 -1.311155558 -0.995080948 0.039799828 0.090718307 74.681922913
0.091774918 0.026721254 0.995421171 24.701871872 0.034124747 0.998968303 -0.029962676 -1.340448618 -0.995194852 0.036718324 0.090768382 74.763458252
0.091216072 0.025236119 0.995511353 25.573547363 0.034742709 0.998989582 -0.028507678 -1.381867886 -0.995224893 0.037187114 0.090247124 74.852737427
0.091962717 0.024476621 0.995461583 26.388519287 0.032325014 0.999097526 -0.027552271 -1.417311430 -0.995237529 0.034712099 0.091088511 74.928749084
0.092322730 0.024981208 0.995415688 27.256788254 0.030808294 0.999134839 -0.027931951 -1.453709722 -0.995252371 0.033245813 0.091473237 75.012413025
0.092173599 0.025621396 0.995413244 28.081369400 0.027704146 0.999215901 -0.028284630 -1.487834930 -0.995357454 0.030184167 0.091391504 75.096702576
0.090389058 0.026749669 0.995547175 28.940788269 0.024661150 0.999272585 -0.029088834 -1.532756925 -0.995601177 0.027180653 0.089663632 75.191909790
0.087883107 0.026681205 0.995773315 29.762321472 0.021737842 0.999351799 -0.028695583 -1.557721257 -0.995893598 0.024167817 0.087246142 75.263885498
0.083976805 0.025632005 0.996137977 30.627761841 0.019738862 0.999430239 -0.027380751 -1.587740660 -0.996272266 0.021961980 0.083423004 75.345260620
0.079505287 0.023344060 0.996561050 31.451070786 0.017812110 0.999532878 -0.024834719 -1.622781992 -0.996675253 0.019725351 0.079052359 75.406463623
0.072989523 0.021149969 0.997108400 32.302272797 0.015444946 0.999631286 -0.022334069 -1.655200601 -0.997213066 0.017030438 0.072635964 75.479263306
0.065795116 0.021315951 0.997605443 33.134838104 0.015397675 0.999631047 -0.022374755 -1.690637827 -0.997714341 0.016832957 0.065442622 75.530479431
0.057097144 0.022497330 0.998115182 33.980655670 0.014762920 0.999617696 -0.023375714 -1.723305702 -0.998259485 0.016069779 0.056743186 75.577056885
0.047060352 0.022774501 0.998632431 34.801090240 0.015917839 0.999595940 -0.023546603 -1.746259928 -0.998765171 0.017004177 0.046678819 75.617591858
0.037254155 0.021814978 0.999067783 35.652637482 0.017613791 0.999592006 -0.022483224 -1.775579214 -0.999150574 0.018434962 0.036854707 75.638839722
0.026205158 0.021294277 0.999429762 36.463520050 0.016431021 0.999628842 -0.021729339 -1.802766919 -0.999521494 0.016991077 0.025845544 75.665596008
0.014683742 0.020633643 0.999679267 37.303146362 0.017158620 0.999634624 -0.020884752 -1.831865549 -0.999744952 0.017459782 0.014324333 75.680366516
0.004054184 0.020772468 0.999775946 38.106678009 0.018236451 0.999616444 -0.020843105 -1.860822201 -0.999825597 0.018316869 0.003673814 75.678657532
-0.006922074 0.021543106 0.999743819 38.938606262 0.018567948 0.999598324 -0.021411406 -1.890016675 -0.999803662 0.018414982 -0.007319305 75.675224304
-0.017299498 0.022517558 0.999596775 39.735828400 0.018196752 0.999587834 -0.022202438 -1.918429375 -0.999684691 0.017805329 -0.017702116 75.650527954
-0.027805636 0.023727467 0.999331713 40.550598145 0.018991247 0.999550343 -0.023204239 -1.937866926 -0.999432862 0.018333348 -0.028243745 75.628692627
-0.037275214 0.024093619 0.999014676 41.323249817 0.019440679 0.999537587 -0.023380866 -1.978729010 -0.999115884 0.018549997 -0.037726372 75.596336365
-0.047444068 0.024348013 0.998577178 42.121074677 0.019801836 0.999529302 -0.023430414 -2.008272648 -0.998677552 0.018662024 -0.047903869 75.567588806
-0.056183491 0.024859868 0.998110831 42.899440765 0.021071604 0.999496877 -0.023708271 -2.036123037 -0.998197973 0.019699784 -0.056679059 75.510086060
-0.065718226 0.024367999 0.997540534 43.676937103 0.022311755 0.999487758 -0.022945656 -2.063768864 -0.997588694 0.020748934 -0.066228241 75.476234436
-0.072327696 0.023155630 0.997112036 44.424400330 0.023644015 0.999489307 -0.021495771 -2.093666553 -0.997100651 0.022020988 -0.072838247 75.402702332
-0.078133665 0.021158786 0.996718228 45.187576294 0.027090125 0.999450624 -0.019093171 -2.125287771 -0.996574759 0.025509400 -0.078663945 75.352348328
-0.081420213 0.019894455 0.996481299 45.941337585 0.029525591 0.999410033 -0.017540459 -2.144153595 -0.996242464 0.027993549 -0.081959568 75.279701233
-0.083942786 0.018938631 0.996290624 46.659690857 0.031169539 0.999379992 -0.016371159 -2.164382458 -0.995982945 0.029679677 -0.084481046 75.210578918
-0.085618958 0.017733993 0.996170163 47.366470337 0.030650577 0.999415219 -0.015157401 -2.198833227 -0.995856345 0.029235428 -0.086112462 75.144195557
-0.086465150 0.018803546 0.996077299 48.052585602 0.032510825 0.999342620 -0.016043063 -2.204684734 -0.995724261 0.030996133 -0.087019615 75.095146179
-0.086014472 0.019786803 0.996097326 48.759265900 0.033854265 0.999283552 -0.016926724 -2.224770546 -0.995718479 0.032266207 -0.086622708 75.048347473
-0.082512051 0.021379389 0.996360719 49.370277405 0.034559581 0.999229908 -0.018578960 -2.245368004 -0.995990634 0.032900818 -0.083187371 74.977203369
-0.077406861 0.022104716 0.996754467 50.007659912 0.034861010 0.999202907 -0.019451743 -2.261659145 -0.996389925 0.033242170 -0.078115739 74.926925659
-0.069277540 0.022752615 0.997337937 50.604064941 0.034150418 0.999207973 -0.020423107 -2.292310238 -0.997012675 0.032644644 -0.069999680 74.890441895
-0.057958525 0.022778528 0.998059094 51.210144043 0.032947998 0.999238670 -0.020892115 -2.316131115 -0.997775137 0.031673167 -0.058664910 74.860984802
-0.044521298 0.022940828 0.998745024 51.775688171 0.032097135 0.999253035 -0.021521695 -2.339926243 -0.998492658 0.031098677 -0.045224376 74.851898193
-0.027513744 0.024204575 0.999328375 52.321907043 0.031326350 0.999236763 -0.023339868 -2.366591454 -0.999130487 0.030663142 -0.028250985 74.851997375
-0.006193134 0.026745008 0.999623120 52.859592438 0.029817883 0.999202609 -0.026549025 -2.387837887 -0.999536157 0.029642224 -0.006985680 74.863716125
0.018578701 0.029842302 0.999382019 53.400600433 0.027872572 0.999150515 -0.030353548 -2.415410995 -0.999438882 0.028419275 0.017731136 74.887802124
0.046723075 0.031788476 0.998401940 53.926193237 0.025758404 0.999122798 -0.033016864 -2.432205439 -0.998575747 0.027259894 0.045863263 74.934387207
0.079486534 0.031056428 0.996352077 54.460453033 0.023184124 0.999186635 -0.032994356 -2.461855412 -0.996566355 0.025722157 0.078701861 74.999626160
0.118100978 0.028901948 0.992580891 54.956794739 0.022735871 0.999235570 -0.031800922 -2.480126858 -0.992741168 0.026322918 0.117353588 75.070411682
0.159977078 0.024982244 0.986804545 55.472099304 0.019855272 0.999395847 -0.028519878 -2.508817196 -0.986920953 0.024155803 0.159384444 75.181159973
0.205265686 0.020958075 0.978481889 55.954376221 0.017489458 0.999532402 -0.025077894 -2.529461384 -0.978549957 0.022260740 0.204803154 75.301803589
0.253369391 0.017923683 0.967203557 56.454742432 0.012767497 0.999679267 -0.021870090 -2.546209097 -0.967285275 0.017889977 0.253059298 75.459571838
0.304241359 0.016153740 0.952458203 56.922607422 0.008573101 0.999769330 -0.019694624 -2.574363232 -0.952556372 0.014157438 0.304032624 75.649444580
0.358935386 0.015967676 0.933225930 57.375251770 0.007681110 0.999769270 -0.020060543 -2.588539839 -0.933330774 0.014368648 0.358729899 75.852966309
0.414793223 0.016608421 0.909764111 57.814971924 0.009919225 0.999691486 -0.022772633 -2.603241444 -0.909861624 0.018470092 0.414500445 76.100036621
0.472821087 0.021188170 0.880903661 58.223945618 0.009921227 0.999519527 -0.029366383 -2.610159874 -0.881102622 0.022624694 0.472383708 76.368438721
0.530403554 0.023680765 0.847414374 58.600185394 0.011582574 0.999314070 -0.035175189 -2.633562565 -0.847666085 0.028472291 0.529765546 76.667846680
0.586777866 0.029411729 0.809213579 58.964157104 0.007119714 0.999114037 -0.041476525 -2.629836082 -0.809716582 0.030098882 0.586048663 76.992660522
0.642472148 0.032657493 0.765612781 59.286113739 0.001790138 0.999024808 -0.044115987 -2.648657799 -0.766306937 0.029713843 0.641787171 77.309585571
0.693468988 0.032686274 0.719744682 59.604301453 -0.000612320 0.998996735 -0.044778183 -2.685001850 -0.720486283 0.030611567 0.692793310 77.687690735
0.741083980 0.032400850 0.670630157 59.874469757 -0.002593950 0.998965561 -0.045397621 -2.688629627 -0.671407342 0.031903863 0.740401447 78.042793274
0.785920382 0.028802730 0.617656708 60.175601959 -0.005707406 0.999209702 -0.039333198 -2.721111298 -0.618301511 0.027387539 0.785463691 78.465446472
0.824832439 0.024792785 0.564833343 60.360061646 -0.006966569 0.999407828 -0.033694644 -2.725771189 -0.565334141 0.023857484 0.824517012 78.856979370
0.859887838 0.022253986 0.509997845 60.591140747 -0.009458281 0.999572337 -0.027669549 -2.740769148 -0.510395467 0.018969005 0.859730542 79.334182739
0.889565945 0.017260073 0.456480592 60.775527954 -0.009616006 0.999772012 -0.019063396 -2.771979332 -0.456705481 0.012568625 0.889529109 79.801872253
0.914490283 0.019574644 0.404134125 60.885417938 -0.015079036 0.999783933 -0.014304126 -2.777556896 -0.404326826 0.006987032 0.914587915 80.133430481
0.933545649 0.022134300 0.357774556 61.033279419 -0.019620873 0.999750614 -0.010654211 -2.793398857 -0.357921183 0.002926342 0.933747292 80.638610840
0.947775185 0.028177634 0.317691892 61.159584045 -0.026942300 0.999602616 -0.008282217 -2.800088167 -0.317798972 -0.000709670 0.948157966 81.160659790
0.958610654 0.031916782 0.282925367 61.212318420 -0.030715613 0.999490499 -0.008681430 -2.811971664 -0.283058256 -0.000368115 0.959102631 81.476905823
0.967073858 0.035057604 0.252069324 61.325550079 -0.033847909 0.999385357 -0.009134850 -2.811095715 -0.252234638 0.000302053 0.967666030 82.000701904
0.972769618 0.029115489 0.229937896 61.451229095 -0.027835362 0.999573648 -0.008809671 -2.818330765 -0.230096370 0.002169374 0.973165393 82.543388367
0.976527214 0.025140844 0.213921547 61.569908142 -0.023964766 0.999680102 -0.008089643 -2.831026077 -0.214056492 0.002773177 0.976817310 83.096252441
0.979121029 0.028989682 0.201200306 61.672401428 -0.027772995 0.999574900 -0.008867934 -2.832258224 -0.201371863 0.003094845 0.979509950 83.672576904
0.980779946 0.035196558 0.191916481 61.672508240 -0.034428094 0.999380231 -0.007338441 -2.847244024 -0.192055836 0.000590077 0.981383801 83.893905640
0.981591225 0.042802755 0.186136246 61.761688232 -0.041899156 0.999083161 -0.008787504 -2.852897644 -0.186341718 0.000826785 0.982484579 84.485748291
0.981902719 0.048837226 0.182980880 61.834190369 -0.047432393 0.998801768 -0.012048876 -2.867107391 -0.183350027 0.003151601 0.983042657 84.921607971
0.981866121 0.050337970 0.182769969 61.935520172 -0.048543718 0.998718977 -0.014280519 -2.889697075 -0.183254644 0.005149226 0.983052075 85.534156799
0.981559873 0.049099404 0.184741437 62.067974091 -0.046571650 0.998752773 -0.017999697 -2.907122612 -0.185394764 0.009064069 0.982622325 86.139221191
0.980890751 0.047199961 0.188746899 62.136386871 -0.043330163 0.998758554 -0.024578894 -2.908455849 -0.189672679 0.015930774 0.981718123 86.545181274
0.979816139 0.047409952 0.194197074 62.243690491 -0.042451881 0.998659492 -0.029616103 -2.919392586 -0.195340827 0.020774307 0.980515420 87.206596375
0.978986323 0.052166536 0.197140679 62.360046387 -0.047336116 0.998453915 -0.029138951 -2.934850216 -0.198355973 0.019194759 0.979942024 87.676406860
0.977520227 0.055587605 0.203381881 62.482727051 -0.051463157 0.998348892 -0.025516231 -2.950341940 -0.204464421 0.014475964 0.978766918 88.351226807
0.976795316 0.052682195 0.207594544 62.606075287 -0.049449209 0.998561382 -0.020735843 -2.971303225 -0.208388299 0.009989286 0.977995157 88.864776611
0.976127028 0.048127145 0.211801305 62.759346008 -0.045838896 0.998825312 -0.015703542 -2.985249519 -0.212308288 0.005619915 0.977186620 89.562057495
0.975507498 0.045876618 0.215129003 62.886535645 -0.044677608 0.998946905 -0.010435450 -3.007424116 -0.215381175 0.000568411 0.976529837 90.100479126
0.975067973 0.041078828 0.218071446 63.044952393 -0.039716095 0.999154389 -0.010630503 -3.012009859 -0.218323767 0.001704515 0.975874901 90.799514771
0.975075901 0.038025722 0.218588397 63.171733856 -0.036056753 0.999265313 -0.012991128 -3.032995939 -0.218921781 0.004785749 0.975730777 91.359764099
0.975140870 0.037211128 0.218439072 63.325492859 -0.033671927 0.999234736 -0.019903848 -3.052968740 -0.219012529 0.012053791 0.975647628 92.071952820
0.975329220 0.039308686 0.217227593 63.458938599 -0.034358952 0.999057651 -0.026517605 -3.067103863 -0.218065232 0.018399682 0.975760698 92.658729553
0.975802422 0.042323146 0.214519277 63.613990784 -0.036572963 0.998859227 -0.030705292 -3.079755306 -0.215574056 0.022116689 0.976236999 93.394821167
0.976383388 0.040660296 0.212184981 63.743667603 -0.035940614 0.999014139 -0.026054671 -3.099581242 -0.213035226 0.017813286 0.976882100 94.009948730
0.976793230 0.037033513 0.210958600 63.893585205 -0.033934668 0.999256611 -0.018291902 -3.122325897 -0.211479172 0.010708596 0.977323830 94.705947876
0.977282286 0.037402444 0.208615795 64.051246643 -0.035569552 0.999288559 -0.012531869 -3.144853115 -0.208936125 0.004826802 0.977917373 95.474197388
0.977562904 0.040702429 0.206674114 64.184364319 -0.038806614 0.999159396 -0.013220343 -3.162054539 -0.207038477 0.004903392 0.978320479 96.129180908
0.977773249 0.046133973 0.204527095 64.320289612 -0.043380801 0.998897731 -0.017926956 -3.176347256 -0.205128774 0.008655950 0.978696704 96.849029541
0.978539288 0.047207389 0.200580001 64.464309692 -0.043420095 0.998786569 -0.023241786 -3.193996429 -0.201433778 0.014033799 0.979401588 97.581291199
0.979345560 0.046391275 0.196799874 64.620346069 -0.042103726 0.998777092 -0.025916908 -3.218796253 -0.197761506 0.017095601 0.980101109 98.386383057
0.980281711 0.043536879 0.192749083 64.761154175 -0.039545387 0.998917222 -0.024509130 -3.238389730 -0.193607405 0.016403513 0.980941892 99.084007263
0.981086195 0.039732274 0.189449579 64.919319153 -0.036109116 0.999093592 -0.022539575 -3.261126041 -0.190173402 0.015272409 0.981631577 99.905250549
0.981448650 0.038585536 0.187802419 65.054801941 -0.035540864 0.999176919 -0.019553721 -3.285431862 -0.188402325 0.012516314 0.982012153 100.633438110
0.981819510 0.035696387 0.186430275 65.219032288 -0.033017226 0.999302268 -0.017457038 -3.301320553 -0.186923385 0.010984251 0.982313037 101.462417603
0.982063830 0.030606652 0.186048284 65.361946106 -0.028096184 0.999475300 -0.016115978 -3.322588444 -0.186443955 0.010599676 0.982408404 102.203491211
0.982151151 0.031257637 0.185478449 65.519760132 -0.029009352 0.999469221 -0.014823767 -3.340599537 -0.185843363 0.009178569 0.982536554 103.057968140
0.981887579 0.036669705 0.185882762 65.651260376 -0.034207299 0.999279559 -0.016438138 -3.366595268 -0.186351627 0.009781854 0.982434392 103.800285339
0.981632054 0.042160377 0.186067641 65.808547974 -0.039131030 0.999035418 -0.019925211 -3.385094166 -0.186728209 0.012278204 0.982334912 104.659873962
0.981096625 0.050894164 0.186705709 65.945243835 -0.047683995 0.998627841 -0.021647519 -3.403383255 -0.187551215 0.012335434 0.982177377 105.411643982
0.980170846 0.057118684 0.189743415 66.100708008 -0.054066166 0.998311639 -0.021229517 -3.428266287 -0.190635666 0.010549854 0.981604159 106.265747070
0.979359448 0.059883099 0.193052232 66.233589172 -0.057288092 0.998176813 -0.019001553 -3.456076622 -0.193838164 0.007549756 0.981004357 107.049156189
0.978827596 0.060276490 0.195609808 66.403190613 -0.057464655 0.998146713 -0.020023469 -3.480629444 -0.196454212 0.008358871 0.980477273 107.914634705
0.978544414 0.058690410 0.197500169 66.553070068 -0.055261105 0.998210847 -0.022835221 -3.504089355 -0.198486999 0.011431199 0.980036855 108.683578491
0.978630543 0.052784529 0.198735908 66.735961914 -0.049477328 0.998542309 -0.021574134 -3.532131195 -0.199584976 0.011280186 0.979815602 109.541931152
0.978940666 0.045859642 0.198927447 66.902023315 -0.042128861 0.998848557 -0.022948954 -3.560309887 -0.199750841 0.014085074 0.979745388 110.316276550
0.978654027 0.045180131 0.200487182 67.073715210 -0.041361075 0.998874903 -0.023199031 -3.591257095 -0.201309741 0.014411454 0.979421556 111.173141479
0.978290856 0.047390893 0.201745212 67.237213135 -0.044250943 0.998819232 -0.020048276 -3.618664265 -0.202457100 0.010685626 0.979232728 111.951232910
0.977933884 0.049632654 0.202933356 67.411041260 -0.047711771 0.998758018 -0.014349837 -3.642200708 -0.203393549 0.004350882 0.979087353 112.811576843
0.977462053 0.053504732 0.204218552 67.558334351 -0.052525748 0.998567283 -0.010215314 -3.666423798 -0.204472557 -0.000741646 0.978872001 113.580703735
0.977284789 0.052513592 0.205320984 67.730422974 -0.050167531 0.998602569 -0.016619064 -3.694324493 -0.205906779 0.005941116 0.978553593 114.417907715
0.977702141 0.048087683 0.204416454 67.898574829 -0.042634521 0.998609662 -0.031000281 -3.721722126 -0.205622941 0.021593839 0.978393137 115.175476074
0.977973104 0.045803569 0.203643367 68.079620361 -0.038431056 0.998459756 -0.040013544 -3.750500679 -0.205162495 0.031305939 0.978227139 116.004631042
0.978246152 0.042852599 0.202973083 68.241485596 -0.037333988 0.998823643 -0.030941876 -3.777966022 -0.204060256 0.022690980 0.978695273 116.776901245
