0.999987066 0.005079743 0.000178844 -0.011789020 -0.005080111 0.999984860 0.002121116 -0.031051761 -0.000168067 -0.002121997 0.999997735 1.352317214
0.999979973 0.006273041 0.000805961 -0.019116092 -0.006274513 0.999978602 0.001835793 -0.043649718 -0.000794427 -0.001840814 0.999997973 1.957272530
0.999964893 0.008322900 0.000960701 -0.025976371 -0.008324239 0.999964356 0.001401018 -0.054068897 -0.000949006 -0.001408966 0.999998569 2.595611572
0.999964118 0.008362022 0.001374932 -0.027907591 -0.008363651 0.999964297 0.001181495 -0.065882236 -0.001365003 -0.001192952 0.999998331 3.214706898
0.999962747 0.008472032 0.001669655 -0.027769253 -0.008475765 0.999961555 0.002240698 -0.082339555 -0.001650608 -0.002254766 0.999996066 3.913245440
0.999951065 0.009459882 0.002899234 -0.042695444 -0.009474699 0.999941826 0.005140576 -0.093300045 -0.002850436 -0.005167793 0.999982595 4.507969856
0.999952793 0.009001525 0.003639323 -0.037660021 -0.009034704 0.999916911 0.009205678 -0.097848877 -0.003556154 -0.009238126 0.999951005 4.748765945
0.999949515 0.008498301 0.005367080 -0.034557387 -0.008566126 0.999882102 0.012743057 -0.110673226 -0.005258152 -0.012788389 0.999904394 5.637555599
0.999950349 0.007627583 0.006410524 -0.032577276 -0.007723720 0.999855936 0.015108043 -0.119662970 -0.006294362 -0.015156807 0.999865234 6.174135685
0.999940038 0.008194854 0.007259288 -0.028198037 -0.008300316 0.999858618 0.014618536 -0.121425904 -0.007138466 -0.014677914 0.999866724 6.445637703
0.999923289 0.008981805 0.008531170 0.241844326 -0.009086980 0.999882162 0.012370774 -0.100416414 -0.008419055 -0.012447348 0.999887049 5.167584419
0.999911249 0.009099616 0.009731339 0.239867598 -0.009191724 0.999912977 0.009462506 -0.104913488 -0.009644387 -0.009551115 0.999907851 5.672722340
0.999908566 0.007283369 0.011389523 0.241170138 -0.007379011 0.999937713 0.008378045 -0.108941458 -0.011327792 -0.008461322 0.999899983 5.821852207
0.999911308 0.003536260 0.012840524 0.262552738 -0.003606919 0.999978483 0.005483799 -0.115716793 -0.012820857 -0.005529627 0.999902487 6.610136986
0.999889433 0.001529053 0.014791390 0.273306757 -0.001593580 0.999989212 0.004351673 -0.122132510 -0.014784577 -0.004374763 0.999881148 7.038794518
0.999842465 0.005900494 0.016738845 0.273551106 -0.005939630 0.999979794 0.002289290 -0.126160890 -0.016724996 -0.002388352 0.999857247 7.185453892
0.999741256 0.010542536 0.020156518 0.266046286 -0.010580522 0.999942482 0.001778737 -0.130666301 -0.020136602 -0.001991543 0.999795258 7.268728733
0.999666512 0.010822725 0.023444660 0.269406974 -0.010889595 0.999937057 0.002726392 -0.133458346 -0.023413675 -0.002980786 0.999721408 7.406840324
0.999628782 0.006582241 0.026438648 0.298858464 -0.006673621 0.999972045 0.003369537 -0.156066120 -0.026415730 -0.003544727 0.999644756 8.443846703
0.999584794 0.001780669 0.028757285 0.319462419 -0.001865913 0.999993920 0.002937720 -0.157034889 -0.028751878 -0.002990159 0.999582112 8.730150223
0.999504864 -0.001478414 0.031428546 0.322660506 0.001347584 0.999990344 0.004183550 -0.157950938 -0.031434424 -0.004139126 0.999497175 8.838512421
0.999428630 -0.002162803 0.033730015 0.342288703 0.001980268 0.999983191 0.005444135 -0.169446886 -0.033741225 -0.005374229 0.999416173 9.195223808
0.999370515 -0.001284896 0.035450444 0.349052548 0.001123105 0.999988794 0.004583403 -0.171943069 -0.035455935 -0.004540704 0.999360919 9.291909218
0.999280274 -0.000784671 0.037923429 0.356575251 0.000662601 0.999994516 0.003231301 -0.180638894 -0.037925757 -0.003203847 0.999275446 9.571581841
0.999179363 0.001174129 0.040487308 0.359227270 -0.001275200 0.999996126 0.002470621 -0.184074670 -0.040484257 -0.002520224 0.999177039 9.653058052
0.999094963 0.004382764 0.042309199 0.363641143 -0.004464303 0.999988317 0.001832910 -0.190246448 -0.042300671 -0.002020132 0.999102890 9.901581764
0.999024272 0.005691479 0.043797102 0.365582466 -0.005721288 0.999983490 0.000555289 -0.194398969 -0.043793213 -0.000805323 0.999040306 9.978673935
0.998945713 0.004965448 0.045638978 0.371924162 -0.004916823 0.999987304 -0.001177634 -0.198270902 -0.045644246 0.000951994 0.998957276 10.082832336
0.998884737 0.003509362 0.047083203 0.378968000 -0.003391788 0.999990940 -0.002576817 -0.201036215 -0.047091808 0.002414247 0.998887658 10.160473824
0.998817742 0.002836406 0.048529245 0.387117624 -0.002645767 0.999988556 -0.003992101 -0.201667592 -0.048540004 0.003858985 0.998813748 10.332406044
0.998734415 0.004045745 0.050132059 0.390168875 -0.003767597 0.999976993 -0.005641572 -0.202001661 -0.050153721 0.005445555 0.998726666 10.404562950
0.998667538 0.004590643 0.051401071 0.391958475 -0.004203910 0.999962032 -0.007629388 -0.204397559 -0.051434152 0.007403136 0.998648763 10.494670868
0.998605669 0.004613962 0.052588597 0.396027625 -0.004094932 0.999941945 -0.009973122 -0.206288218 -0.052631553 0.009743869 0.998566329 10.566976547
0.998601198 0.003413648 0.052764460 0.405260980 -0.002800515 0.999927819 -0.011689750 -0.211133987 -0.052800559 0.011525633 0.998538435 10.645260811
0.998608649 0.002927279 0.052649967 0.409196198 -0.002207662 0.999903321 -0.013720907 -0.213692427 -0.052685037 0.013585586 0.998518705 10.756272316
0.998682380 0.002689279 0.051245451 0.405719817 -0.001908993 0.999881506 -0.015269301 -0.212934703 -0.051280443 0.015151356 0.998569250 10.825631142
0.998874247 0.002317868 0.047379468 0.438070834 -0.001581490 0.999877453 -0.015573706 -0.230272129 -0.047409758 0.015481245 0.998755574 11.322069168
0.999046922 0.002716196 0.043564457 0.436329484 -0.001987189 0.999857426 -0.016768584 -0.233389556 -0.043603789 0.016666032 0.998909891 11.397358894
0.999291241 0.003026790 0.037521292 0.438562602 -0.002348000 0.999832869 -0.018121680 -0.233190268 -0.037569869 0.018020734 0.999131560 11.505144119
0.999513268 0.003053698 0.031043954 0.434661955 -0.002462494 0.999815106 -0.019064533 -0.232671052 -0.031096432 0.018978812 0.999336302 11.583056450
0.999718368 0.002940179 0.023546498 0.149868384 -0.002471680 0.999798894 -0.019901196 -0.259088218 -0.023600273 0.019837391 0.999524772 13.211565018
0.999880075 0.002391328 0.015298684 0.148891374 -0.002080315 0.999791503 -0.020313110 -0.264888853 -0.015344068 0.020278851 0.999676645 13.295468330
0.999985456 0.001570951 0.005151490 0.141556799 -0.001458201 0.999760926 -0.021818005 -0.264641464 -0.005184529 0.021810180 0.999748647 13.390427589
0.999966562 0.000042556 -0.008173971 0.137791321 -0.000233334 0.999727607 -0.023340130 -0.268313587 0.008170754 0.023341257 0.999694109 13.488839149
0.999710917 -0.000904993 -0.024026571 0.720442832 0.000280864 0.999662697 -0.025967287 -0.222718656 0.024041971 0.025953030 0.999374032 11.545385361
0.999071479 -0.000560997 -0.043080021 0.699862361 -0.000602820 0.999635279 -0.026997518 -0.226088941 0.043079451 0.026998417 0.998706818 11.663582802
0.997890353 0.000292201 -0.064921379 0.658878684 -0.002018624 0.999646008 -0.026528509 -0.234489560 0.064890653 0.026603598 0.997537613 11.892978668
0.996077180 0.000829416 -0.088485174 0.630092621 -0.003028499 0.999689758 -0.024721209 -0.242371887 0.088437200 0.024892205 0.995770633 12.032742500
0.993350089 0.001910617 -0.115117438 0.588099837 -0.004632637 0.999715865 -0.023382697 -0.246714681 0.115040049 0.023760498 0.993076682 12.181775093
0.989376843 0.002978135 -0.145342290 0.534317613 -0.006126999 0.999756038 -0.021222349 -0.253333837 0.145243600 0.021887422 0.989153802 12.405306816
0.983934283 0.002916608 -0.178507015 0.480468035 -0.006233444 0.999818146 -0.018022954 -0.255721629 0.178421974 0.018846121 0.983773589 12.582002640
0.976538002 0.003750580 -0.215312362 0.351772785 -0.006896402 0.999880135 -0.013861108 -0.269487947 0.215234533 0.015020777 0.976446867 13.019690514
0.966960013 0.005447455 -0.254869759 0.268581390 -0.007896876 0.999931872 -0.008588223 -0.271499038 0.254805654 0.010317143 0.966937244 13.214158058
0.954961717 0.008691327 -0.296601534 0.594187260 -0.010407225 0.999936938 -0.004206738 -0.260317296 0.296546280 0.007104074 0.954991996 12.846283913
0.940733492 0.012186807 -0.338927746 0.499089718 -0.012988229 0.999915540 -0.000096436 -0.261167079 0.338897973 0.004492792 0.940812469 13.044414520
0.923358440 0.014102372 -0.383680314 0.435451508 -0.013062282 0.999900520 0.005316413 -0.257848859 0.383717179 0.000102786 0.923450708 13.371941566
0.903943002 0.017648285 -0.427288830 0.321846962 -0.013496592 0.999827683 0.012743359 -0.261565626 0.427440107 -0.005752326 0.904025376 13.568786621
0.880114973 0.021541161 -0.474271655 -0.111162186 -0.014148093 0.999716401 0.019151703 -0.253670871 0.474549770 -0.010145662 0.880170166 14.384368896
0.855299056 0.026392365 -0.517461956 -0.276643276 -0.016826930 0.999589920 0.023169784 -0.245983720 0.517861366 -0.011109800 0.855392516 14.592454910
0.827010691 0.029338371 -0.561419904 -0.578447819 -0.017495466 0.999496758 0.026459096 -0.247733146 0.561913610 -0.012059655 0.827107906 14.954737663
0.796002805 0.033220205 -0.604380608 -0.786662102 -0.019959830 0.999390364 0.028643992 -0.249505192 0.604963601 -0.010737367 0.796180665 15.173027039
0.759038329 0.036671765 -0.650012136 -1.102516651 -0.020696726 0.999266863 0.032207504 -0.264539063 0.650716722 -0.010993607 0.759241045 15.696669579
0.721417367 0.039040834 -0.691399097 -1.358869553 -0.020726874 0.999179542 0.034793325 -0.241287202 0.692190230 -0.010769964 0.721634746 15.926606178
0.682185352 0.040877763 -0.730035782 -1.652645588 -0.019200606 0.999093235 0.038001325 -0.233437210 0.730927289 -0.011906815 0.682351649 16.156681061
0.637000322 0.041803684 -0.769729078 -2.040971756 -0.015322721 0.999017835 0.041575722 -0.261494339 0.770711184 -0.014689409 0.637015224 16.752204895
0.593612492 0.040092826 -0.803751826 -2.374153137 -0.009406872 0.999035656 0.042886540 -0.247229755 0.804696083 -0.017897196 0.593417227 16.968971252
0.551522434 0.040684503 -0.833167195 -3.327999592 -0.005986452 0.998977184 0.044818405 -0.223265886 0.834138513 -0.019730644 0.551202118 17.023386002
0.503624260 0.040780306 -0.862959802 -3.720676422 -0.003430659 0.998971820 0.045205601 -0.194237947 0.863915861 -0.019806117 0.503246486 17.231910706
0.454384327 0.041174535 -0.889853597 -5.035711765 -0.002512267 0.998986483 0.044941396 -0.165454686 0.890802205 -0.018185116 0.454027265 17.422199249
0.401355147 0.041445285 -0.914984345 -5.515834808 0.003192546 0.998906374 0.046647038 -0.165611088 0.915916979 -0.021643160 0.400783926 17.607316971
0.348000556 0.039553721 -0.936659575 -7.614823818 0.008269891 0.998941183 0.045256320 -0.138852119 0.937457860 -0.023495298 0.347305000 17.658262253
0.293273658 0.038193934 -0.955265403 -8.199295044 0.011132769 0.998997509 0.043360297 -0.111227036 0.955963731 -0.023351179 0.292554498 17.814975739
0.240944281 0.044359159 -0.969524682 -8.752686501 0.011823749 0.998746574 0.048634581 -0.087504923 0.970466912 -0.023181636 0.240117803 17.898342133
0.189382657 0.049364429 -0.980661631 -8.635901451 0.014589760 0.998483658 0.053079087 -0.057539582 0.981794894 -0.024359874 0.188375294 18.068038940
0.141566381 0.050148070 -0.988657713 -9.299680710 0.019655308 0.998376787 0.053455502 -0.024721503 0.989733636 -0.026999876 0.140350908 18.134439468
0.096001215 0.052079067 -0.994017899 -10.339937210 0.022919293 0.998249829 0.054514319 -0.010653079 0.995117307 -0.028015627 0.094639577 18.148473740
0.055547975 0.050496072 -0.997178316 -11.361480713 0.022955561 0.998391747 0.051836263 0.010413885 0.998192012 -0.025770189 0.054299477 18.115308762
0.020356569 0.045988519 -0.998734653 -12.539821625 0.020455576 0.998713195 0.046404466 0.052007139 0.999583423 -0.021374326 0.019389659 18.006549835
-0.007970389 0.046000037 -0.998909652 -13.302083969 0.018275632 0.998781204 0.045848295 0.088260651 0.999801219 -0.017890276 -0.008801352 17.972373962
-0.029955518 0.050208695 -0.998289347 -13.565694809 0.016955374 0.998619378 0.049716517 0.112733424 0.999407411 -0.015437086 -0.030765468 18.039857864
-0.042637099 0.056299806 -0.997503102 -14.360248566 0.018676871 0.998281479 0.055545423 0.146506429 0.998916030 -0.016261941 -0.043615337 17.995836258
-0.050273295 0.058339681 -0.997030199 -15.218975067 0.018224584 0.998179853 0.057488021 0.189146996 0.998569250 -0.015280349 -0.051245011 17.945030212
-0.054150574 0.055808831 -0.996971905 -16.496740341 0.019315343 0.998308599 0.054834537 0.226575196 0.998346090 -0.016287537 -0.055136949 17.806100845
-0.052617595 0.052147724 -0.997252226 -17.388784409 0.026262125 0.998362482 0.050820120 0.264375627 0.998269320 -0.023515936 -0.053900946 17.751115799
-0.049754221 0.050622143 -0.997477710 -17.174203873 0.039000317 0.998051465 0.048705917 0.311923504 0.997999728 -0.036478624 -0.051631548 17.906579971
-0.042812340 0.050957121 -0.997782767 -18.117919922 0.038693104 0.998033762 0.049309723 0.350406706 0.998333573 -0.036496252 -0.044699844 17.843343735
-0.038510021 0.049635395 -0.998024702 -19.626159668 0.037239533 0.998143017 0.048204355 0.372280717 0.998564005 -0.035309616 -0.040286902 17.743194580
-0.034804527 0.043107525 -0.998464048 -20.610992432 0.040934190 0.998292446 0.041673228 0.415373206 0.998555422 -0.039420899 -0.036509663 17.696260452
-0.031847667 0.032139856 -0.998975813 -22.100542068 0.038306724 0.998787880 0.030912573 0.456076860 0.998758376 -0.037283003 -0.033040237 17.489852905
-0.030162549 0.023668977 -0.999264717 -23.126581192 0.029885586 0.999293983 0.022767583 0.485128880 0.999098182 -0.029176883 -0.030848615 17.421895981
-0.032223929 0.020659110 -0.999267101 -24.106391907 0.024712451 0.999497175 0.019866943 0.513368249 0.999175131 -0.024054149 -0.032718260 17.387046814
-0.035230096 0.026428709 -0.999029696 -25.239334106 0.015136149 0.999549747 0.025908699 0.536213040 0.999264657 -0.014208695 -0.035614263 17.324775696
-0.039813746 0.034996152 -0.998594105 -26.366268158 0.010704839 0.999344051 0.034595635 0.550114870 0.999149799 -0.009312407 -0.040162258 17.207321167
-0.043992445 0.044234406 -0.998052120 -27.867488861 0.008777970 0.998997927 0.043889411 0.597442448 0.998993278 -0.006830070 -0.044336651 17.072437286
-0.044780046 0.054188065 -0.997526169 -29.054033279 0.007543211 0.998517692 0.053903304 0.642763138 0.998968363 -0.005110757 -0.045122411 16.991937637
-0.045995146 0.061801143 -0.997028112 -30.554492950 0.009399384 0.998066962 0.061431922 0.693488359 0.998897433 -0.006545880 -0.046487134 16.827384949
-0.047060974 0.062518284 -0.996933579 -31.748348236 0.009855906 0.998019934 0.062121145 0.753496528 0.998843372 -0.006902202 -0.047583971 16.763517380
-0.049459826 0.059944592 -0.996975601 -33.352920532 0.009020409 0.998183370 0.059569702 0.803615451 0.998735309 -0.006046820 -0.049910698 16.642135620
-0.051883977 0.054533280 -0.997162998 -34.557727814 0.008534278 0.998495579 0.054162104 0.861084163 0.998616636 -0.005699920 -0.052271321 16.564386368
-0.057337530 0.050052118 -0.997099400 -35.117706299 0.008949343 0.998728037 0.049619246 0.887571871 0.998314738 -0.006078340 -0.057712536 16.614486694
-0.063047208 0.045144759 -0.996988952 -36.313289642 0.008868717 0.998962283 0.044673279 0.935486674 0.997971058 -0.006025489 -0.063382156 16.533298492
-0.069561481 0.043375354 -0.996634245 -37.822463989 0.008163388 0.999045551 0.042910524 0.973442912 0.997544289 -0.005150992 -0.069849193 16.355278015
-0.075814046 0.045627162 -0.996077597 -39.055149078 0.007927462 0.998948514 0.045155294 1.019750118 0.997090518 -0.004472961 -0.076096058 16.250967026
-0.082271598 0.050722588 -0.995318353 -40.129379272 0.006910234 0.998709142 0.050324183 1.051856756 0.996585965 -0.002737632 -0.082515880 16.155483246
-0.087775491 0.053439774 -0.994705796 -41.395553589 0.003451805 0.998570323 0.053342793 1.101696253 0.996134222 0.001248659 -0.087834463 16.022964478
-0.092482269 0.055364598 -0.994174004 -42.660263062 0.000422173 0.998455107 0.055563729 1.162262082 0.995714247 0.004718947 -0.092362769 15.896291733
-0.095771112 0.056586638 -0.993793666 -43.443115234 -0.003882102 0.998354018 0.057220418 1.212546587 0.995395839 0.009338069 -0.095393799 15.812261581
-0.097374566 0.057629827 -0.993577898 -44.693626404 -0.008363611 0.998239517 0.058719873 1.275131822 0.995212734 0.014027722 -0.096721143 15.682965279
-0.099005908 0.057380430 -0.993431091 -45.785991669 -0.008956709 0.998244226 0.058551073 1.313327789 0.995046556 0.014694775 -0.098318152 15.564943314
-0.099946998 0.056816377 -0.993369281 -47.023593903 -0.009416044 0.998269618 0.058044046 1.356673121 0.994948208 0.015154935 -0.099239074 15.415174484
-0.100666173 0.055995740 -0.993343234 -48.270427704 -0.010445603 0.998300433 0.057333738 1.413619757 0.994865358 0.016147640 -0.099910177 15.270420074
-0.102433994 0.054991525 -0.993218601 -49.357631683 -0.012613262 0.998318672 0.056574758 1.469897866 0.994659841 0.018322906 -0.101568162 15.179737091
-0.102877244 0.052598368 -0.993302405 -50.616878510 -0.017892433 0.998341501 0.054718342 1.517598271 0.994533122 0.023401869 -0.101765513 15.034088135
-0.103560917 0.047245637 -0.993500352 -51.767475128 -0.022687618 0.998499095 0.049848270 1.572546601 0.994364321 0.027702488 -0.102333590 14.912357330
-0.102198064 0.046293024 -0.993686259 -53.045738220 -0.024834897 0.998486578 0.049070854 1.633966208 0.994454026 0.029693043 -0.100893691 14.760742188
-0.100547999 0.050465733 -0.993651509 -54.341552734 -0.025464326 0.998255074 0.053276289 1.677193642 0.994606256 0.030659486 -0.099087477 14.631047249
-0.100147054 0.053798746 -0.993517101 -55.178638458 -0.025095195 0.998082876 0.056575596 1.718125343 0.994656146 0.030598376 -0.098604970 14.591474533
-0.098254345 0.053107772 -0.993743241 -56.449859619 -0.023456002 0.998174012 0.055663723 1.778810024 0.994884908 0.028778445 -0.096829236 14.442522049
-0.095804289 0.052411992 -0.994019389 -57.631462097 -0.022821888 0.998234630 0.054833841 1.827633500 0.995138466 0.027938718 -0.094439007 14.332637787
-0.091220006 0.052691340 -0.994435787 -58.929016113 -0.027514400 0.998084486 0.055408593 1.884516835 0.995450556 0.032415673 -0.089595504 14.192347527
-0.086046860 0.053394310 -0.994859219 -60.012924194 -0.032574479 0.997878194 0.056373756 1.939720869 0.995758414 0.037257798 -0.084124990 14.095797539
-0.079882264 0.052676268 -0.995411456 -61.304512024 -0.036973026 0.997758925 0.055767599 1.999507666 0.996118367 0.041258216 -0.077755637 13.970705032
-0.074182361 0.051839504 -0.995896399 -62.511741638 -0.037740849 0.997786760 0.054749131 2.054730177 0.996530235 0.041647393 -0.072061695 13.870317459
-0.068409339 0.050680213 -0.996369183 -63.778610229 -0.037843756 0.997858226 0.053354252 2.117244244 0.996939301 0.041356280 -0.066344894 13.776498795
-0.062926240 0.050248623 -0.996752322 -65.035758972 -0.036496811 0.997947812 0.052612972 2.170549631 0.997350633 0.039689019 -0.060963184 13.688074112
-0.056999695 0.050635312 -0.997089326 -66.322433472 -0.035263710 0.997987807 0.052696828 2.228065729 0.997751236 0.038164772 -0.055099405 13.596672058
-0.051742114 0.052240144 -0.997293115 -67.586296082 -0.034314256 0.997948229 0.054054771 2.280393362 0.998070717 0.037018284 -0.049843375 13.542698860
-0.045926154 0.053308170 -0.997521460 -68.884094238 -0.035063621 0.997873843 0.054941334 2.335877419 0.998329282 0.037499953 -0.043959327 13.470929146
-0.040660683 0.053282395 -0.997751415 -70.030509949 -0.035148174 0.997882843 0.054721795 2.353994846 0.998554587 0.037294161 -0.038701814 13.410188675
-0.035054814 0.048837129 -0.998191357 -71.316772461 -0.035294987 0.998121738 0.050073214 2.405251503 0.998761892 0.036986459 -0.033265255 13.332567215
-0.031058747 0.043077815 -0.998588860 -72.596916199 -0.035339717 0.998398781 0.044168781 2.456773043 0.998892605 0.036661670 -0.029486658 13.304664612
-0.027045149 0.042146984 -0.998745322 -73.884086609 -0.035437733 0.998442292 0.043093827 2.505805016 0.999005854 0.036558740 -0.025509425 13.254505157
-0.023898790 0.045462843 -0.998680115 -75.179512024 -0.034091722 0.998347282 0.046263516 2.524780989 0.999132931 0.035152357 -0.022309383 13.221137047
-0.022022631 0.044700079 -0.998757780 -76.462020874 -0.034847807 0.998358607 0.045450613 2.571537495 0.999149978 0.035805460 -0.020428788 13.191110611
-0.023205776 0.043354698 -0.998790205 -77.567939758 -0.036263682 0.998365283 0.044178799 2.650448799 0.999072731 0.037245013 -0.021595640 13.265916824
-0.022218371 0.043936022 -0.998787344 -78.856765747 -0.037347715 0.998300076 0.044745408 2.695366383 0.999055326 0.038296580 -0.020539688 13.225982666
-0.022696001 0.043135773 -0.998811364 -80.115463257 -0.038159862 0.998303294 0.043980937 2.743631601 0.999013901 0.039112698 -0.021011438 13.247050285
-0.021237537 0.041745655 -0.998902559 -81.414474487 -0.038158331 0.998365998 0.042534515 2.767006159 0.999046028 0.039019782 -0.019609891 13.204819679
-0.019594807 0.038700443 -0.999058723 -82.848579407 -0.036768250 0.998546720 0.039401747 2.853954554 0.999131680 0.037505712 -0.018143384 13.108960152
-0.018820783 0.038611472 -0.999077082 -84.130134583 -0.033623978 0.998664379 0.039228939 2.880773783 0.999257326 0.034331266 -0.017497376 13.075374603
-0.017003888 0.040323868 -0.999042094 -85.584564209 -0.031484492 0.998669326 0.040844694 2.895828247 0.999359548 0.032148849 -0.015711691 12.970928192
-0.016761823 0.042884406 -0.998939455 -86.905807495 -0.031086911 0.998574376 0.043390352 2.934387207 0.999376178 0.031781234 -0.015404783 12.940420151
-0.016622784 0.047647767 -0.998725891 -88.232940674 -0.033446796 0.998278379 0.048183110 2.940317392 0.999302268 0.034205124 -0.015000500 12.887784958
-0.016032984 0.047295570 -0.998752236 -89.551841736 -0.035492312 0.998224318 0.047840320 2.987413883 0.999241412 0.036215048 -0.014325883 12.860440254
-0.016030887 0.045489315 -0.998836100 -90.785926819 -0.035964750 0.998291850 0.046041742 3.024175406 0.999224484 0.036660980 -0.014367492 12.843956947
-0.015952833 0.042994108 -0.998948097 -92.085540771 -0.035757363 0.998411417 0.043542057 3.066699982 0.999233186 0.036414370 -0.014390135 12.818859100
-0.016086584 0.042264253 -0.998976946 -93.322509766 -0.033600546 0.998519003 0.042785957 3.104748726 0.999305844 0.034254454 -0.014642658 12.795195580
-0.016342456 0.043894131 -0.998902500 -94.631317139 -0.031915061 0.998503983 0.044398762 3.138189077 0.999356985 0.032605629 -0.014917125 12.777634621
-0.016425790 0.045919832 -0.998810053 -95.950561523 -0.031188993 0.998435140 0.046415515 3.199823618 0.999378443 0.031914297 -0.014967895 12.767673492
-0.015923567 0.048886079 -0.998677433 -97.215866089 -0.031530030 0.998282790 0.049369495 3.224762440 0.999375939 0.032274459 -0.014354846 12.735247612
-0.015767187 0.048934992 -0.998677492 -98.524085999 -0.032981884 0.998232722 0.049433906 3.266798496 0.999331594 0.033717692 -0.014125352 12.703944206
-0.015354427 0.046598572 -0.998795688 -99.819900513 -0.032318834 0.998368323 0.047075469 3.312146187 0.999359667 0.033002716 -0.013823363 12.685938835
-0.015216699 0.045003131 -0.998870909 -101.100074768 -0.030736398 0.998493433 0.045454368 3.354372025 0.999411643 0.031393360 -0.013810540 12.664166451
-0.015578866 0.046187766 -0.998811245 -102.404777527 -0.029007662 0.998491168 0.046625406 3.393263817 0.999457777 0.029699555 -0.014215561 12.662761688
-0.015334560 0.049241617 -0.998669088 -103.690422058 -0.026432635 0.998417556 0.049635079 3.426483631 0.999532998 0.027158592 -0.014008707 12.643963814
-0.016413318 0.052020319 -0.998511076 -104.965637207 -0.024879368 0.998315215 0.052419078 3.461082220 0.999555707 0.025702694 -0.015091432 12.661775589
-0.016167063 0.053092230 -0.998458743 -106.250068665 -0.025512345 0.998242199 0.053493820 3.521199226 0.999543786 0.026337864 -0.014784139 12.640263557
-0.017128086 0.055664878 -0.998302519 -107.650764465 -0.027636250 0.998041332 0.056124460 3.546144962 0.999471307 0.028550645 -0.015556167 12.703974724
-0.017178794 0.054776374 -0.998350799 -108.924240112 -0.029077634 0.998048484 0.055260126 3.592568159 0.999429584 0.029978983 -0.015552501 12.680845261
-0.017107401 0.050889980 -0.998557746 -110.217552185 -0.031891100 0.998168111 0.051416479 3.632922649 0.999344945 0.032724712 -0.015453123 12.682686806
-0.017140552 0.049646627 -0.998619676 -111.453437805 -0.033211663 0.998187065 0.050195165 3.660516739 0.999301314 0.034026194 -0.015460632 12.683612823
-0.017074000 0.048232429 -0.998690128 -112.709907532 -0.033306271 0.998254061 0.048780780 3.699908018 0.999299288 0.034095533 -0.015437749 12.648412704
-0.016933391 0.047890145 -0.998709023 -114.005210876 -0.031275842 0.998338103 0.048402652 3.757968187 0.999367356 0.032055087 -0.015407444 12.607522011
-0.017151121 0.050083783 -0.998597682 -115.270904541 -0.031326726 0.998227417 0.050603252 3.795985460 0.999361992 0.032150693 -0.015551758 12.583628654
-0.017559012 0.052670632 -0.998457551 -116.504608154 -0.030887537 0.998106301 0.053195298 3.823928595 0.999368727 0.031773940 -0.015898895 12.594216347
-0.018602656 0.051874004 -0.998480380 -117.760444641 -0.034748025 0.998016298 0.052497286 3.866891146 0.999222934 0.035671808 -0.016763236 12.566719055
-0.018603968 0.052977953 -0.998422384 -119.019104004 -0.037723079 0.997847080 0.053650316 3.914200306 0.999115050 0.038661674 -0.016565422 12.529359818
-0.019246260 0.051721502 -0.998476148 -120.288650513 -0.040609874 0.997796535 0.052469078 3.965601683 0.998989642 0.041557830 -0.017103447 12.504323006
-0.023829276 0.049222793 -0.998503447 -121.917427063 -0.042235676 0.997845769 0.050198331 3.956871510 0.998823464 0.043368656 -0.021698982 12.799495697
-0.025516948 0.045732908 -0.998627722 -123.155448914 -0.042224444 0.998012185 0.046783637 3.990725279 0.998782218 0.043360282 -0.023535181 12.787230492
-0.023535753 0.043974411 -0.998755395 -124.226615906 -0.038834427 0.998237908 0.044866759 4.064846992 0.998968542 0.039842054 -0.021786559 12.571946144
-0.024041587 0.043693002 -0.998755634 -125.532714844 -0.034595728 0.998409688 0.044510644 4.103192329 0.999112129 0.035622783 -0.022491762 12.548784256
-0.025515700 0.045155339 -0.998654068 -126.826858521 -0.033088952 0.998393774 0.045989003 4.154400349 0.999126613 0.034217861 -0.023980571 12.530198097
-0.027414959 0.049793504 -0.998383224 -128.478958130 -0.032529075 0.998185217 0.050676856 4.176927567 0.999094725 0.033865795 -0.025745466 12.605189323
-0.027938956 0.049334865 -0.998391449 -129.829391479 -0.030614065 0.998270571 0.050185595 4.236415863 0.999140739 0.031966951 -0.026380295 12.563056946
-0.028793730 0.045470614 -0.998550594 -131.042922974 -0.030564629 0.998457611 0.046347730 4.272333145 0.999117970 0.031854857 -0.027359523 12.542621613
-0.030694606 0.041788176 -0.998654962 -132.361511230 -0.030795408 0.998611748 0.042732898 4.317140102 0.999054253 0.032065652 -0.029365111 12.508571625
-0.031691227 0.040869389 -0.998661757 -133.645828247 -0.030498805 0.998658836 0.041837107 4.329942703 0.999032199 0.031783864 -0.030402262 12.518685341
-0.032384738 0.042105008 -0.998588264 -134.994659424 -0.032243285 0.998548210 0.043148987 4.370844841 0.998955250 0.033595137 -0.030980123 12.460990906
-0.032546859 0.046654359 -0.998380721 -136.362808228 -0.036925085 0.998171985 0.047848340 4.413391590 0.998787880 0.038422603 -0.030764643 12.405752182
-0.033392124 0.049899604 -0.998195887 -137.745269775 -0.042568538 0.997775495 0.051302627 4.459596634 0.998535454 0.044204842 -0.031193690 12.348641396
-0.035604633 0.049100358 -0.998158991 -139.114791870 -0.049662355 0.997471333 0.050838005 4.520876884 0.998131216 0.051380992 -0.033076160 12.448514938
-0.035770543 0.047184102 -0.998245597 -140.482589722 -0.052516308 0.997415900 0.049026728 4.565163612 0.997979164 0.054177884 -0.033200171 12.386171341
-0.035883002 0.045229495 -0.998331964 -141.838790894 -0.055264719 0.997356832 0.047171693 4.624691010 0.997826755 0.056865200 -0.033288568 12.329426765
-0.036760919 0.045184027 -0.998302102 -143.219635010 -0.055210773 0.997359693 0.047174424 4.658501625 0.997797847 0.056851201 -0.034169208 12.272006989
-0.038906168 0.043919742 -0.998277187 -144.741088867 -0.052901026 0.997542083 0.045949135 4.721154213 0.997841537 0.054597590 -0.036487140 12.334873199
-0.040268987 0.044264961 -0.998207867 -146.110336304 -0.053012904 0.997516513 0.046372913 4.770518780 0.997781575 0.054785285 -0.037822366 12.294334412
-0.039398838 0.051123012 -0.997915030 -147.607971191 -0.052266363 0.997217655 0.053150844 4.737616539 0.997855604 0.054251473 -0.036617212 12.173351288
-0.040267326 0.055385105 -0.997652650 -148.987365723 -0.051185753 0.997037172 0.057416894 4.780973434 0.997877061 0.053377632 -0.037313092 12.117589951
-0.040644046 0.052350011 -0.997801304 -150.173614502 -0.052567754 0.997131467 0.054456133 4.910464287 0.997789860 0.054665506 -0.037775531 12.097768784
-0.040176045 0.050520286 -0.997914612 -151.557662964 -0.051988736 0.997262478 0.052580338 4.964322090 0.997839212 0.053992789 -0.037439566 12.043720245
-0.038916219 0.050655548 -0.997957706 -152.892578125 -0.051164016 0.997303128 0.052617505 5.001782417 0.997931659 0.053107202 -0.036219522 11.984176636
-0.038491119 0.049958084 -0.998009324 -154.254943848 -0.051229604 0.997337401 0.051900264 5.049392700 0.997944832 0.053125326 -0.035829298 11.931060791
-0.036365762 0.053443026 -0.997908473 -155.702713013 -0.050750948 0.997181714 0.055253573 5.045712948 0.998049021 0.052654140 -0.033550996 11.836705208
-0.036203165 0.056618713 -0.997739255 -157.060623169 -0.051960409 0.996936679 0.058458563 5.104867458 0.997992754 0.053959329 -0.033150330 11.782979012
-0.033871949 0.057831921 -0.997751534 -158.396423340 -0.053507704 0.996787786 0.059592545 5.152754307 0.997992754 0.055405915 -0.030668689 11.720090866
-0.033144031 0.055230170 -0.997923374 -159.751953125 -0.055742122 0.996815741 0.057020221 5.199763298 0.997894943 0.057516262 -0.029959839 11.668185234
-0.032434985 0.052989181 -0.998068213 -161.066177368 -0.053994194 0.997042477 0.054689415 5.215171814 0.998014271 0.055663735 -0.029477954 11.585896492
-0.032978155 0.052014783 -0.998101652 -162.393478394 -0.050913058 0.997260869 0.053653181 5.255771637 0.998158514 0.052585796 -0.030239595 11.560188293
-0.031692799 0.050728612 -0.998209476 -163.741790771 -0.050014276 0.997379541 0.052274376 5.338252068 0.998245537 0.051581446 -0.029072594 11.447951317
-0.031953707 0.051693499 -0.998151660 -165.090988159 -0.047346637 0.997462213 0.053173494 5.372992516 0.998367250 0.048958216 -0.029425103 11.403551102
-0.030985720 0.049504779 -0.998293102 -166.375534058 -0.045742821 0.997655988 0.050892983 5.440505981 0.998472571 0.047241699 -0.028648602 11.308139801
-0.031242011 0.049784858 -0.998271286 -167.723907471 -0.044781972 0.997686028 0.051157180 5.482799530 0.998508155 0.046302803 -0.028940259 11.264312744
-0.030951180 0.052068625 -0.998163760 -169.020370483 -0.042801309 0.997657061 0.053369381 5.546458244 0.998604059 0.044374567 -0.028650058 11.209745407
-0.031631183 0.052896921 -0.998098850 -170.352416992 -0.040682998 0.997702897 0.054165233 5.609351158 0.998671234 0.042318970 -0.029406525 11.172367096
-0.030678237 0.052130084 -0.998168886 -171.633987427 -0.038078368 0.997853100 0.053283904 5.640573502 0.998803735 0.039643295 -0.028627345 11.092599869
-0.031559132 0.052434649 -0.998125434 -172.967453003 -0.039365102 0.997782946 0.053661313 5.690136909 0.998726428 0.040984821 -0.029425068 11.054775238
-0.031874258 0.057004265 -0.997864962 -174.263671875 -0.039938360 0.997502267 0.058259267 5.745040417 0.998693645 0.041710064 -0.029517991 11.037261963
-0.030896572 0.064144082 -0.997462213 -175.567153931 -0.044977751 0.996838570 0.065497175 5.787065029 0.998510003 0.046887249 -0.027913837 10.942609787
-0.029869815 0.063237704 -0.997551441 -176.901626587 -0.049446825 0.996681392 0.064663149 5.863846302 0.998329997 0.051257227 -0.026643788 10.893337250
-0.027836345 0.059901975 -0.997816086 -178.177963257 -0.053452641 0.996685445 0.061325289 5.912043571 0.998182237 0.055042975 -0.024542158 10.829742432
-0.026129093 0.054533608 -0.998170018 -179.477828979 -0.055109981 0.996913850 0.055907592 5.963694572 0.998138309 0.056469951 -0.023043104 10.785762787
-0.025245672 0.052744802 -0.998288870 -180.770202637 -0.057535861 0.996875107 0.054125141 6.014192581 0.998024106 0.058803834 -0.022132069 10.739446640
-0.024031729 0.050481439 -0.998435855 -182.028884888 -0.052018419 0.997308195 0.051676467 6.025326252 0.998356938 0.053178918 -0.021341072 10.712425232
-0.024188202 0.045973282 -0.998649716 -183.341613770 -0.048540018 0.997709811 0.047105700 6.076612473 0.998528302 0.049613882 -0.021901261 10.687470436
-0.024491437 0.042147923 -0.998811126 -184.624954224 -0.043140721 0.998135626 0.043177251 6.126196861 0.998768747 0.044146907 -0.022627484 10.657570839
-0.024374031 0.046089660 -0.998639822 -185.863586426 -0.040497947 0.998071134 0.047051851 6.143042564 0.998882234 0.041589711 -0.022460479 10.580412865
-0.023927959 0.052728739 -0.998322129 -187.170227051 -0.040921833 0.997719467 0.053677727 6.182105541 0.998875797 0.042137582 -0.021715632 10.544082642
-0.022318035 0.055581380 -0.998204708 -188.473007202 -0.042317756 0.997506022 0.056488622 6.233325958 0.998854935 0.043502502 -0.019910295 10.504749298
-0.020564178 0.052414637 -0.998413622 -189.762634277 -0.043547895 0.997630119 0.053270459 6.281626701 0.998839676 0.044574276 -0.018232895 10.472097397
-0.019639106 0.052596156 -0.998422742 -191.055023193 -0.045802321 0.997519553 0.053449519 6.329110146 0.998757482 0.046779782 -0.017181365 10.436065674
-0.018343912 0.053706173 -0.998388290 -192.361068726 -0.044046815 0.997543335 0.054470021 6.375246525 0.998861074 0.044975016 -0.015933262 10.395479202
-0.017283930 0.051718809 -0.998512208 -193.573287964 -0.044063672 0.997651637 0.052436985 6.420609951 0.998879194 0.044904429 -0.014964421 10.333730698
-0.015100431 0.050348073 -0.998617589 -194.821792603 -0.044736523 0.997697294 0.050978150 6.464010239 0.998884678 0.045444477 -0.012813262 10.294597626
-0.013053688 0.052593075 -0.998530686 -196.053070068 -0.045729093 0.997539580 0.053138677 6.494311333 0.998868585 0.046355568 -0.010616535 10.258546829
-0.013708824 0.053988803 -0.998447418 -197.241836548 -0.045773655 0.997460544 0.054563921 6.534399509 0.998857737 0.046450600 -0.011202747 10.311378479
-0.012995269 0.055577442 -0.998369813 -198.393432617 -0.046808820 0.997325599 0.056128599 6.569230556 0.998819470 0.047461912 -0.010359001 10.280897141
-0.012674138 0.056577869 -0.998317719 -199.524353027 -0.047257289 0.997248352 0.057117220 6.606594086 0.998802364 0.047901701 -0.009965547 10.260770798
-0.012884146 0.058120001 -0.998226464 -200.639953613 -0.046615291 0.997188866 0.058661260 6.627965450 0.998829961 0.047288403 -0.010138648 10.239980698
-0.012512892 0.057140898 -0.998287678 -201.707473755 -0.046767738 0.997239828 0.057667118 6.664874554 0.998827457 0.047409233 -0.009806003 10.213943481
-0.010949573 0.057437077 -0.998289108 -202.757659912 -0.047748838 0.997179985 0.057896998 6.692546844 0.998799324 0.048301090 -0.008176140 10.202649117
-0.009658514 0.058233883 -0.998256266 -203.762374878 -0.048471108 0.997102082 0.058635522 6.725598812 0.998777926 0.048952922 -0.006807864 10.192923546
-0.010129999 0.056402147 -0.998356700 -204.788284302 -0.046907082 0.997282028 0.056817379 6.766422272 0.998848021 0.047405560 -0.007456805 10.166831970
-0.013606219 0.053730976 -0.998462677 -205.753433228 -0.044059627 0.997553051 0.054282431 6.788831711 0.998936296 0.044730470 -0.011205558 10.159877777
-0.019044016 0.050254565 -0.998555005 -206.788955688 -0.043861948 0.997732460 0.051049698 6.817646027 0.998856068 0.044770755 -0.016796570 10.159974098
-0.023973508 0.047161821 -0.998599589 -207.764999390 -0.045417670 0.997803867 0.048214592 6.845110416 0.998680353 0.046509936 -0.021778880 10.130061150
-0.028181843 0.045994658 -0.998544097 -208.780258179 -0.047871217 0.997732580 0.047308352 6.890564919 0.998455882 0.049134757 -0.025916122 10.099746704
-0.030798007 0.047049530 -0.998417675 -209.754745483 -0.049596455 0.997589111 0.048540376 6.913508415 0.998294413 0.051012922 -0.028390272 10.052820206
-0.032828927 0.047493797 -0.998331845 -210.726638794 -0.048845816 0.997600436 0.049065225 6.971130848 0.998266697 0.050375096 -0.030430278 10.019201279
-0.033773653 0.049024858 -0.998226404 -211.702728271 -0.046082322 0.997657478 0.050556060 7.004320145 0.998366594 0.047708049 -0.031435359 9.976081848
-0.033724152 0.048721794 -0.998243034 -212.624359131 -0.044235766 0.997759461 0.050192647 7.053854465 0.998451769 0.045850743 -0.031493340 9.896243095
-0.034444772 0.047400180 -0.998281956 -213.579788208 -0.044973042 0.997789383 0.048928544 7.085877895 0.998394251 0.046581112 -0.032236896 9.855324745
-0.035287298 0.046659470 -0.998287320 -214.558883667 -0.046632364 0.997744560 0.048282448 7.107780457 0.998288572 0.048256259 -0.033031870 9.818467140
-0.034715351 0.045250062 -0.998372316 -215.519668579 -0.050353583 0.997626424 0.046967149 7.149578571 0.998127818 0.051902108 -0.032354459 9.767057419
-0.034229457 0.044719696 -0.998412967 -216.475769043 -0.052822754 0.997521102 0.046490725 7.158294201 0.998017073 0.054330274 -0.031782389 9.730146408
-0.033305895 0.041930288 -0.998565137 -217.440856934 -0.052730061 0.997654319 0.043650784 7.187520027 0.998053193 0.054108240 -0.031016782 9.689824104
-0.034475200 0.040116467 -0.998600066 -218.427673340 -0.052587561 0.997737050 0.041897301 7.200643539 0.998021007 0.053958364 -0.032287560 9.689002037
-0.033535741 0.039493516 -0.998656929 -219.404159546 -0.052478779 0.997770905 0.041220751 7.232381821 0.998058915 0.053790659 -0.031388413 9.647884369
-0.033397354 0.042387474 -0.998542905 -220.400863647 -0.050072629 0.997774661 0.044029586 7.255878448 0.998187065 0.051470146 -0.031200575 9.619679451
-0.032621313 0.044178791 -0.998490870 -221.375503540 -0.049048316 0.997748256 0.045748349 7.278859138 0.998263538 0.050466668 -0.030380955 9.572202682
-0.032021534 0.040601242 -0.998662114 -222.314056396 -0.044128686 0.998142838 0.041995097 7.306247711 0.998512506 0.045414399 -0.030170392 9.542755127
-0.032049879 0.037834380 -0.998769939 -223.303054810 -0.042775340 0.998315811 0.039189801 7.326218605 0.998570502 0.043978758 -0.030377522 9.510242462
-0.031125091 0.037617717 -0.998807371 -224.316940308 -0.047291409 0.998116910 0.039065413 7.369603157 0.998396099 0.048450928 -0.029287493 9.464302063
-0.029648967 0.042039298 -0.998675883 -225.322357178 -0.048437946 0.997880876 0.043443862 7.387532711 0.998386025 0.049661878 -0.027549841 9.426584244
-0.027979782 0.046556357 -0.998523653 -226.293258667 -0.046784472 0.997759104 0.047831655 7.310656548 0.998513043 0.048053727 -0.025738964 9.401865959
-0.022154275 0.048795316 -0.998563051 -227.430648804 -0.046616796 0.997671425 0.049785987 7.339439392 0.998667121 0.047652785 -0.019828005 9.282150269
-0.019282289 0.054969151 -0.998301864 -228.483551025 -0.047807939 0.997294605 0.055837102 7.358620644 0.998670399 0.048803411 -0.016602162 9.217147827
-0.017307963 0.058979373 -0.998109102 -229.525573730 -0.045312341 0.997186720 0.059710618 7.404728889 0.998822927 0.046260122 -0.014586778 9.194385529
-0.016033571 0.059233021 -0.998115420 -230.569473267 -0.044669267 0.997204542 0.059896525 7.457762718 0.998873115 0.045545433 -0.013342855 9.177659035
-0.014304643 0.059813742 -0.998107076 -231.630584717 -0.048043534 0.997015059 0.060436867 7.512629509 0.998742819 0.048817117 -0.011388284 9.171627045
-0.011461649 0.061837643 -0.998020411 -232.698608398 -0.050780639 0.996762097 0.062342864 7.558125496 0.998644054 0.051394664 -0.008284383 9.170319557
-0.007032956 0.062034529 -0.998049319 -233.785690308 -0.052034691 0.996698976 0.062317286 7.615365505 0.998620450 0.052371468 -0.003781792 9.135646820
-0.004539096 0.059656862 -0.998208642 -234.853607178 -0.055122785 0.996686339 0.059816521 7.663102150 0.998469293 0.055295561 -0.001235603 9.127156258
-0.001321339 0.056498203 -0.998401821 -235.920257568 -0.054868624 0.996894598 0.056485534 7.714745045 0.998492658 0.054855578 0.001782743 9.115397453
0.000009699 0.055620808 -0.998452067 -236.975036621 -0.053776134 0.997007251 0.055539809 7.757720470 0.998553038 0.053692341 0.003000742 9.126497269
