0.999930561 0.000760811 0.011753656 0.004926556 -0.000786567 0.999997258 0.002186893 -0.004262897 -0.011751961 -0.002195986 0.999928534 0.530303001
0.999742389 0.001485089 0.022645313 0.019362684 -0.001577547 0.999990404 0.004065567 -0.002822378 -0.022639062 -0.004100244 0.999735296 1.069002390
0.999451339 0.001762986 0.033074100 0.039683662 -0.001965866 0.999979436 0.006102566 -0.006425813 -0.033062655 -0.006164238 0.999434292 1.650220394
0.999047279 0.002196050 0.043586019 0.067079626 -0.002549496 0.999964297 0.008055234 -0.006540053 -0.043566778 -0.008158681 0.999017119 2.236140966
0.998686671 0.000782157 0.051227000 -0.639121115 -0.001271247 0.999953926 0.009515622 0.086166441 -0.051217198 -0.009568247 0.998641729 -0.014468446
0.997943997 0.000802906 0.064089045 -0.845943391 -0.001479909 0.999943614 0.010516693 0.128089413 -0.064076982 -0.010589915 0.997888744 0.295621246
0.997104168 0.001765894 0.076027595 -1.214675188 -0.002787689 0.999907076 0.013335764 0.193623245 -0.075997002 -0.013509087 0.997016549 0.162002832
0.996102393 0.002543486 0.088167951 -0.948095322 -0.004078577 0.999843121 0.017235219 0.163967609 -0.088110268 -0.017527644 0.995956481 1.414840460
0.994863451 0.002749883 0.101188585 -1.487728596 -0.004863164 0.999775171 0.020643830 0.275102556 -0.101109043 -0.021029890 0.994652987 0.912759960
0.993445337 0.002237573 0.114286199 -1.398837686 -0.004876898 0.999727726 0.022819621 0.276800156 -0.114204027 -0.023227409 0.993185759 1.682606459
0.991715670 0.001604075 0.128442630 -1.296796799 -0.004620755 0.999720335 0.023192056 0.279198378 -0.128369480 -0.023593428 0.991445720 2.458409071
0.989670515 0.002529285 0.143337756 -1.191893220 -0.005693408 0.999749005 0.021668732 0.289718598 -0.143246964 -0.022260992 0.989436567 3.237559319
0.987158239 0.001834690 0.159734815 -1.126005650 -0.005178560 0.999776065 0.020520130 0.291635275 -0.159661382 -0.021083809 0.986946642 3.633060932
0.983609378 0.003772449 0.180272922 -0.919014931 -0.007317670 0.999792635 0.019004872 0.293777287 -0.180163801 -0.020012544 0.983433008 4.790921211
0.978650630 0.006819335 0.205417827 -1.055820227 -0.010660945 0.999788284 0.017600471 0.342822880 -0.205254316 -0.019414656 0.978516102 5.054801464
0.971873760 0.008646375 0.235343546 -0.953276992 -0.013046893 0.999767840 0.017147558 0.340901256 -0.235140651 -0.019735765 0.971760988 5.486637115
0.962788939 0.011112380 0.270025879 -1.172877312 -0.016127538 0.999736071 0.016361278 0.448072791 -0.269772798 -0.020107307 0.962714016 6.035348892
0.952865243 0.010917957 0.303197324 -1.023857951 -0.016265921 0.999753475 0.015118761 0.447105318 -0.302957416 -0.019337924 0.952807844 6.488874912
0.942088723 0.010740146 0.335191607 -0.627648830 -0.016196994 0.999777853 0.013488539 0.439739257 -0.334972292 -0.018136499 0.942053378 7.628299713
0.930518568 0.011708920 0.366057485 -0.443665504 -0.016936006 0.999795318 0.011071338 0.434342951 -0.365852922 -0.016501639 0.930526376 8.091922760
0.918225110 0.013677392 0.395822614 0.134118080 -0.018094864 0.999808788 0.007428542 0.397771478 -0.395645261 -0.013983432 0.918296933 9.330564499
0.904848099 0.011816624 0.425570339 0.359682322 -0.014513368 0.999889910 0.003094849 0.388226479 -0.425486892 -0.008976829 0.904920042 9.802167892
0.890938163 0.008507320 0.454044819 0.780756235 -0.008321601 0.999962389 -0.002407186 0.398081303 -0.454048425 -0.001633726 0.890975475 10.688982010
0.876726687 0.003846342 0.480973393 1.045224428 -0.000213924 0.999970973 -0.007606821 0.386369318 -0.480988771 0.006566213 0.876702130 11.151224136
0.861889124 0.000832173 0.507096112 1.702415943 0.006278291 0.999904513 -0.012311835 0.351500571 -0.507057965 0.013795134 0.861801565 12.283522606
0.847074986 -0.004030677 0.531458259 2.005907059 0.014922352 0.999757409 -0.016201934 0.336964846 -0.531264126 0.021654854 0.846929491 12.747572899
0.832219601 -0.005501832 0.554418862 2.539045334 0.022803957 0.999444306 -0.024312161 0.303748935 -0.553977013 0.032876000 0.831882596 13.600120544
0.816767812 -0.000569284 0.576966286 2.864758968 0.027881416 0.998870134 -0.038484048 0.276890755 -0.576292515 0.047519166 0.815860808 14.069471359
0.801561773 0.010651649 0.597817123 3.543967247 0.028341953 0.998040497 -0.055783957 0.213014126 -0.597239912 0.061657589 0.799689233 14.992005348
0.785291791 0.020627059 0.618782163 3.900322437 0.029725356 0.997036159 -0.070960365 0.164980412 -0.618411779 0.074118108 0.782351196 15.441717148
0.768929243 0.024304386 0.638871849 4.603332043 0.034956966 0.996184051 -0.079970777 0.075889707 -0.638377488 0.083824880 0.765145540 16.265222549
0.752682924 0.025225420 0.657899976 5.015149117 0.039341900 0.995756924 -0.083189495 0.024730086 -0.657206833 0.088498332 0.748496652 16.711523056
0.735886395 0.023296680 0.676704049 5.446452141 0.042750556 0.995815396 -0.080771998 -0.038865089 -0.675754011 0.088368498 0.731811047 17.187076569
0.720403969 0.016816024 0.693350852 6.325106621 0.047349785 0.996181130 -0.073357940 -0.162573457 -0.691936374 0.085677363 0.716856420 18.082853317
0.706343889 0.007734547 0.707826614 6.769294262 0.056709468 0.996108055 -0.067475311 -0.220032096 -0.705593586 0.087801233 0.703156114 18.504314423
0.694950879 0.007241265 0.719020724 7.516742229 0.058097620 0.996114552 -0.066184632 -0.310094178 -0.716706336 0.087768465 0.691829979 19.225496292
0.686163545 0.006244428 0.727420449 7.985443592 0.062830046 0.995717704 -0.067814112 -0.367420077 -0.724728882 0.092235461 0.682832778 19.635446548
0.677592933 0.008840409 0.735383987 8.730304718 0.063275717 0.995519161 -0.070270732 -0.450036883 -0.732709944 0.094146915 0.673997343 20.321002960
0.669205368 0.014593543 0.742934227 9.194960594 0.058429353 0.995678008 -0.072189026 -0.514661551 -0.740776718 0.091718450 0.665460348 20.726982117
0.658652902 0.015500425 0.752287209 9.990388870 0.057229940 0.995859802 -0.070625842 -0.614913225 -0.750267327 0.089571267 0.655038893 21.497154236
0.651347578 0.013905798 0.758652031 10.504349709 0.060413461 0.995707452 -0.070119463 -0.678090096 -0.756370544 0.091504931 0.647711635 21.920259476
0.644895852 0.014277184 0.764137149 11.078608513 0.063160293 0.995409846 -0.071902610 -0.737771809 -0.761656225 0.094632819 0.641033947 22.390193939
0.641046882 0.016513839 0.767324030 11.841522217 0.063750826 0.995168030 -0.074676812 -0.816393316 -0.764849484 0.096788891 0.636896551 23.046678543
0.641549587 0.018597763 0.766855896 12.402938843 0.063703209 0.994961023 -0.077423699 -0.878471494 -0.764431775 0.098522335 0.637132287 23.509830475
0.643471658 0.017296076 0.765274525 13.146388054 0.064618401 0.994948804 -0.076820552 -0.967982650 -0.762737632 0.098882645 0.639103711 24.244155884
0.648675382 0.016959699 0.760876238 13.734011650 0.063636057 0.995042026 -0.076431319 -1.047046423 -0.758400023 0.097998254 0.644380152 24.753856659
0.655733824 0.017374162 0.754792154 14.450111389 0.061443765 0.995190859 -0.076287709 -1.118923426 -0.752487719 0.096401699 0.651512742 25.282485962
0.662286282 0.018284777 0.749027729 15.074743271 0.059690703 0.995236933 -0.077073269 -1.191754580 -0.746869504 0.095754564 0.658040345 25.831575394
0.666810513 0.020909723 0.744934022 15.833685875 0.055731725 0.995407820 -0.077827290 -1.285672426 -0.743140399 0.093412511 0.662582994 26.646728516
0.670821667 0.023034846 0.741260946 16.496894836 0.051224012 0.995691240 -0.077297710 -1.371482849 -0.739847600 0.089823313 0.666751325 27.244449615
0.671517968 0.025549650 0.740547657 17.209342957 0.046702340 0.995959044 -0.076710604 -1.469446063 -0.739515066 0.086097844 0.667611122 27.954120636
0.671279430 0.025967238 0.740749359 17.885200500 0.044374391 0.996185601 -0.075134434 -1.554516554 -0.739875019 0.083306499 0.667566478 28.580661774
0.670571923 0.026692551 0.741364181 18.659961700 0.042925913 0.996281922 -0.074697718 -1.643099904 -0.740601599 0.081913926 0.666932821 29.264217377
0.669824302 0.026408067 0.742049873 19.345260620 0.042804468 0.996332049 -0.074095666 -1.719206810 -0.741284788 0.081394136 0.666237116 29.894847870
0.669849098 0.025687704 0.742052853 20.132883072 0.042747237 0.996409416 -0.073080622 -1.813934684 -0.741265714 0.080673680 0.666345954 30.608852386
0.669422150 0.024712462 0.742471099 20.839746475 0.042939909 0.996488333 -0.071882419 -1.896992564 -0.741640091 0.080001317 0.666010261 31.258403778
0.668708146 0.023430927 0.743155777 21.643482208 0.043359917 0.996573329 -0.070437148 -2.050097466 -0.742259741 0.079325058 0.665400743 32.072048187
0.668343842 0.024683854 0.743442774 22.377044678 0.040967248 0.996710837 -0.069921829 -2.128909826 -0.742723525 0.077188633 0.665134370 32.739475250
0.668618500 0.024239160 0.743210435 23.148229599 0.040253792 0.996823370 -0.068724267 -2.249802351 -0.742515266 0.075867347 0.665518761 33.413902283
0.669224322 0.023935193 0.742674828 23.909830093 0.039756421 0.996896088 -0.067952856 -2.344610691 -0.741996050 0.075001799 0.666195631 34.103610992
0.670179665 0.023080373 0.741839945 24.533231735 0.039211847 0.997019410 -0.066443667 -2.428588152 -0.741162360 0.073618114 0.667277098 34.655818939
0.672091246 0.020705363 0.740178823 25.304243088 0.039445225 0.997188509 -0.063711554 -2.520899296 -0.739416897 0.072016492 0.669384956 35.357337952
0.673881292 0.019634876 0.738578618 26.160821915 0.039597124 0.997250378 -0.062640086 -2.591384888 -0.737777829 0.071457580 0.671250939 36.162971497
0.676061928 0.018523499 0.736612022 26.895114899 0.039985452 0.997288644 -0.061777320 -2.679763079 -0.735759079 0.071219057 0.673488200 36.817230225
0.678377450 0.018966412 0.734468639 27.533746719 0.039616775 0.997268081 -0.062344015 -2.742844582 -0.733644724 0.071390040 0.675772786 37.364677429
0.679140329 0.018453769 0.733776510 28.270908356 0.040322907 0.997236252 -0.062400024 -2.831514120 -0.732900262 0.071966380 0.676519156 38.034076691
0.678142428 0.021536969 0.734614730 29.012332916 0.038432907 0.997163534 -0.064712644 -2.916128159 -0.733924866 0.072117776 0.675391197 38.736488342
0.677064896 0.024146497 0.735527098 29.752275467 0.038186543 0.996962428 -0.067880459 -2.985272408 -0.734931886 0.074046716 0.674086154 39.359661102
0.673156321 0.025192307 0.739071131 30.491191864 0.037560556 0.996964812 -0.068193667 -3.082309246 -0.738545835 0.073664911 0.670166790 40.041027069
0.668413520 0.023948630 0.743404210 31.246398926 0.038632717 0.997014523 -0.066854291 -3.155778408 -0.742785871 0.073406033 0.665492833 40.716239929
0.663634002 0.021229636 0.747756124 32.007915497 0.039566759 0.997201800 -0.063427195 -3.245182753 -0.747010350 0.071678743 0.660937071 41.392993927
0.658496022 0.022100396 0.752259612 32.778808594 0.037047934 0.997404814 -0.061732635 -3.336186647 -0.751671672 0.068520360 0.655968428 42.116497040
0.653886855 0.022903899 0.756245553 33.520042419 0.039269224 0.997167051 -0.064154603 -3.421189308 -0.755572498 0.071647033 0.651134908 42.756504059
0.650136411 0.024531601 0.759421289 34.224449158 0.039614726 0.997024894 -0.066120863 -3.480847836 -0.758784115 0.073071845 0.647230387 43.321559906
0.645725429 0.026751274 0.763100863 34.968894958 0.039058872 0.996920466 -0.067999132 -3.559157848 -0.762570083 0.073714621 0.642692149 43.960052490
0.642157197 0.028013406 0.766060948 35.702938080 0.038432285 0.996898770 -0.068670906 -3.639735699 -0.765609026 0.073538996 0.639089167 44.579956055
0.639316261 0.026720511 0.768479526 36.471462250 0.039199065 0.996964216 -0.067275688 -3.726145983 -0.767944157 0.073134124 0.636327922 45.221626282
0.636503935 0.021054799 0.770986021 37.227478027 0.039189227 0.997453213 -0.059592895 -3.784508944 -0.770277202 0.068145446 0.634057760 45.868980408
0.634654045 0.013646974 0.772675812 37.975025177 0.038472559 0.998046398 -0.049227722 -3.862757444 -0.771838069 0.060969401 0.632889032 46.481906891
0.632876217 0.011394959 0.774169087 38.729118347 0.039790060 0.998091757 -0.047218878 -3.929358721 -0.773229897 0.060687952 0.631215036 47.105419159
0.631799400 0.015616320 0.774974644 39.447338104 0.039665423 0.997835755 -0.052444436 -3.992799759 -0.774116457 0.063874058 0.629812479 47.699996948
0.629725099 0.019423546 0.776575148 40.099468231 0.041655924 0.997404635 -0.058725696 -4.059090614 -0.775700390 0.069329992 0.627281666 48.253650665
0.629155457 0.016882826 0.777096033 40.838363647 0.046808910 0.997126639 -0.059560735 -4.133122444 -0.775868714 0.073847979 0.626557469 48.846672058
0.629814804 0.012016525 0.776652396 41.606887817 0.052375652 0.996947527 -0.057898231 -4.227333069 -0.774977505 0.077142827 0.627263010 49.443195343
0.630045712 0.012276080 0.776461005 42.339286804 0.049975324 0.997161448 -0.056317013 -4.271848202 -0.774948418 0.074286163 0.627643764 50.041198730
0.630683064 0.008581854 0.775993049 43.089405060 0.048462942 0.997551501 -0.050420050 -4.353161335 -0.774525642 0.069405980 0.628723025 50.652168274
0.632013381 0.006611000 0.774929285 43.886451721 0.044901855 0.997971237 -0.045134656 -4.409919739 -0.773655593 0.063321456 0.630434334 51.288795471
0.632670581 0.010695688 0.774347186 44.591148376 0.036650226 0.998370647 -0.043734629 -4.473925114 -0.773553371 0.056049600 0.631247759 51.885299683
0.634471834 0.017853333 0.772739708 45.386665344 0.026388656 0.998650074 -0.044739630 -4.490536690 -0.772495389 0.048777588 0.633144200 52.527259827
0.635797918 0.014844358 0.771712780 46.086021423 0.029475268 0.998618901 -0.043493081 -4.549222946 -0.771292508 0.050399251 0.634482205 53.118888855
0.639034569 0.013343554 0.769062221 46.825584412 0.033184376 0.998440325 -0.044897165 -4.611227036 -0.768461823 0.054211695 0.637594998 53.712310791
0.644607306 0.012418398 0.764412999 47.548854828 0.036312103 0.998242259 -0.046838071 -4.677629471 -0.763651013 0.057949606 0.643023372 54.301956177
0.650750697 0.013177932 0.759177148 48.247306824 0.036799576 0.998127043 -0.048869476 -4.693966389 -0.758399367 0.059739243 0.649046838 54.909240723
0.657595217 0.008758287 0.753320515 48.928550720 0.042957474 0.997869611 -0.049100302 -4.747066498 -0.752145708 0.064648874 0.655818105 55.497966766
0.666240752 0.010586387 0.745661557 49.615123749 0.040116377 0.997942507 -0.050011665 -4.804891109 -0.744656861 0.063233055 0.664445460 56.118755341
0.675383389 0.010461313 0.737392545 50.276226044 0.037852570 0.998089612 -0.048829243 -4.864024162 -0.736494720 0.060890678 0.673697114 56.714462280
0.685133457 0.007664326 0.728377283 50.955924988 0.037060659 0.998282671 -0.045364771 -4.926375866 -0.727474153 0.058075059 0.683672965 57.351978302
0.694137692 0.007984167 0.719797969 51.600769043 0.035454877 0.998345613 -0.045264829 -4.982574463 -0.718968570 0.056940373 0.692706287 57.984848022
0.703453720 0.006171727 0.710714161 52.244743347 0.035729028 0.998390973 -0.044033900 -5.040452003 -0.709842324 0.056368947 0.702101350 58.636959076
0.713389456 0.007384722 0.700728834 52.827453613 0.035125751 0.998310685 -0.046281222 -5.069125175 -0.699886858 0.057630166 0.711924911 59.180431366
0.723168790 0.009395422 0.690607369 53.461433411 0.035315569 0.998096466 -0.050559342 -5.141656399 -0.689767778 0.060952120 0.721460462 59.836528778
0.731695712 0.011756027 0.681529999 54.025157928 0.039225154 0.997468174 -0.059318207 -5.214950562 -0.680501878 0.070135996 0.729382038 60.425163269
0.741333067 0.015312208 0.670962632 54.636669159 0.038176306 0.997158885 -0.064936630 -5.278975487 -0.670050740 0.073754549 0.738642275 61.095600128
0.749715388 0.011771980 0.661655724 55.231559753 0.038397335 0.997383475 -0.061252777 -5.362779617 -0.660645604 0.071327962 0.747301638 61.780799866
0.758160591 0.013652731 0.651924968 55.830539703 0.033326942 0.997662842 -0.059651036 -5.423021317 -0.651215613 0.066951729 0.755933583 62.477283478
0.764966905 0.014560190 0.643904984 56.400917053 0.031929720 0.997657835 -0.060492259 -5.505786896 -0.643277645 0.066834278 0.762710333 63.169704437
0.769834459 0.020585822 0.637911618 56.942626953 0.028457370 0.997378647 -0.066528544 -5.589347839 -0.637608945 0.069369242 0.767230570 63.857295990
0.773672163 0.032592736 0.632747233 57.552345276 0.019335056 0.996996343 -0.074996501 -5.659854412 -0.633291006 0.070256919 0.770718157 64.555755615
0.775351167 0.037431233 0.630420029 58.099582672 0.015782339 0.996781707 -0.078594632 -5.735793114 -0.631333053 0.070887931 0.772265196 65.267181396
0.778105736 0.036922254 0.627047122 58.643337250 0.016279299 0.996750176 -0.078892440 -5.814968109 -0.627922237 0.071594559 0.774975955 65.948188782
0.781095922 0.038379949 0.623230338 59.193794250 0.013882910 0.996794999 -0.078784406 -5.902662277 -0.624256670 0.070190437 0.778059721 66.665786743
0.785197556 0.037268292 0.618122816 59.743804932 0.012033655 0.997080505 -0.075402953 -5.981817722 -0.619128287 0.066644490 0.782456756 67.353332520
0.788773179 0.035113640 0.613680780 60.286239624 0.011439813 0.997355521 -0.071770549 -6.061710358 -0.614577949 0.063631073 0.786285639 68.060455322
0.791369498 0.033875249 0.610398889 60.724536896 0.009797432 0.997632623 -0.068067685 -6.171830177 -0.611259639 0.059847031 0.789164126 68.713081360
0.794739366 0.041421946 0.605535686 61.243221283 0.000853512 0.997591257 -0.069360875 -6.244111061 -0.606950164 0.055640649 0.792789757 69.428543091
0.798674285 0.048295379 0.599822402 61.783290863 -0.006402315 0.997399747 -0.071781985 -6.326691628 -0.601729512 0.053490158 0.796906769 70.170043945
0.802948356 0.048824020 0.594045460 62.305580139 -0.004832003 0.997139931 -0.075422727 -6.406846046 -0.596028864 0.057690140 0.800887883 70.881629944
0.807790875 0.048827231 0.587443411 62.841709137 -0.003218006 0.996913910 -0.078436628 -6.481180191 -0.589460373 0.061470002 0.805455089 71.607543945
0.811562359 0.048224490 0.582272172 63.345039368 -0.004526493 0.997076929 -0.076270156 -6.565142155 -0.584248304 0.059262343 0.809408247 72.314254761
0.816002131 0.045112781 0.576285779 63.866493225 -0.004947175 0.997458518 -0.071077958 -6.651297092 -0.578027725 0.055148784 0.814151466 73.052925110
0.820499957 0.043531839 0.569986701 64.399612427 -0.005458534 0.997647405 -0.068336166 -6.731094360 -0.571620524 0.052958526 0.818807244 73.814689636
0.824259043 0.047185022 0.564243436 64.893714905 -0.007090131 0.997303605 -0.073042393 -6.798893452 -0.566168487 0.056205291 0.822371125 74.549003601
0.827930212 0.048343550 0.558743656 65.428398132 -0.007249269 0.997117102 -0.075530685 -6.879860878 -0.560784280 0.058483656 0.825893879 75.333068848
0.831565797 0.050685316 0.553108811 65.916419983 -0.009769487 0.997008145 -0.076675169 -6.961385250 -0.555340409 0.058356848 0.829573154 76.096275330
0.835537374 0.051217370 0.547041237 66.395187378 -0.011196688 0.997026086 -0.076246202 -7.037443161 -0.549319506 0.057581499 0.833626151 76.849578857
0.840589225 0.044959906 0.539804041 66.896522522 -0.005607874 0.997218311 -0.074324995 -7.130729198 -0.541644096 0.059449621 0.838503063 77.611534119
0.845029831 0.041984301 0.533068478 67.359123230 -0.002496372 0.997211695 -0.074582785 -7.208141804 -0.534713328 0.061693933 0.842778385 78.327720642
0.848167419 0.044304390 0.527872443 67.832588196 -0.005377633 0.997165143 -0.075051598 -7.298570633 -0.529700994 0.060817618 0.846001208 79.157615662
0.852048159 0.045992933 0.521439135 68.259399414 -0.008489960 0.997215748 -0.074085422 -7.394951820 -0.523394585 0.058697332 0.850066245 79.828353882
0.855172694 0.048143659 0.516102612 68.720535278 -0.011779037 0.997225106 -0.073506646 -7.465138912 -0.518209398 0.056781664 0.853366852 80.589286804
0.857546985 0.044916660 0.512440979 69.165649414 -0.008871864 0.997323692 -0.072571114 -7.548413754 -0.514329255 0.057686809 0.855650485 81.352966309
0.859673798 0.043512888 0.508986831 69.601585388 -0.007543644 0.997338414 -0.072520532 -7.622144222 -0.510787666 0.058504377 0.857713878 82.119110107
0.862523794 0.044128764 0.504088640 70.040374756 -0.007837876 0.997235715 -0.073888645 -7.696725845 -0.505955756 0.059779730 0.860485375 82.860801697
0.866051614 0.037013803 0.498582393 70.490875244 -0.001594589 0.997455060 -0.071279317 -7.776628017 -0.499951929 0.060936522 0.863906682 83.611053467
0.868623614 0.029424967 0.494597971 70.931991577 0.004848953 0.997682333 -0.067870647 -7.871214867 -0.495448679 0.061352320 0.866467714 84.395668030
0.871657133 0.027662177 0.489334911 71.394119263 0.006958152 0.997606993 -0.068789475 -7.910388470 -0.490066767 0.063365705 0.869378686 85.163459778
0.873784065 0.024597432 0.485691696 71.722122192 0.009436026 0.997674525 -0.067502260 -8.041860580 -0.486222565 0.063565388 0.871520102 85.785316467
0.875257552 0.027574532 0.482870251 72.136619568 0.006906208 0.997559190 -0.069484361 -8.113492966 -0.483607650 0.064151511 0.872930825 86.568710327
0.876170814 0.029213581 0.481114477 72.540122986 0.004848070 0.997576952 -0.069402449 -8.185813904 -0.481976300 0.063140877 0.873906195 87.317680359
0.876100481 0.031427532 0.481103122 72.947692871 0.001963202 0.997632384 -0.068744272 -8.242244720 -0.482124597 0.061171390 0.873964429 88.093856812
0.876662314 0.028546259 0.480258554 73.374855042 0.002478262 0.997956932 -0.063841730 -8.310407639 -0.481099814 0.057157855 0.874800503 88.864875793
0.876971960 0.027722590 0.479741275 73.786911011 0.000905246 0.998237431 -0.059339501 -8.373791695 -0.480540693 0.052473370 0.875401199 89.638244629
0.876836240 0.024620391 0.480158359 74.136238098 0.003332878 0.998352706 -0.057277389 -8.439638138 -0.480777681 0.051823203 0.875309765 90.348167419
0.877583563 0.027110791 0.478656530 74.553588867 0.002968107 0.998073459 -0.061972033 -8.506154060 -0.479414523 0.055806350 0.875812411 91.102798462
0.877319098 0.030044481 0.478966177 74.963035583 0.001649252 0.997843802 -0.065613441 -8.575217247 -0.479904711 0.058353864 0.875377774 91.872467041
0.878274381 0.029178191 0.477265924 75.396995544 0.002235050 0.997874975 -0.065119214 -8.648613930 -0.478151828 0.058259238 0.876342833 92.572219849
0.878441691 0.029573848 0.476933509 75.790328979 0.000882634 0.997980893 -0.063508801 -8.732035637 -0.477848679 0.056209743 0.876641929 93.321174622
0.879171908 0.024197729 0.475889802 76.197830200 0.007136809 0.997929096 -0.063926779 -8.802551270 -0.476451188 0.059598953 0.877178550 94.057434082
0.879723489 0.026764974 0.474731863 76.602462769 0.005520710 0.997772217 -0.066483945 -8.874876976 -0.475453734 0.061108340 0.877615750 94.807388306
0.878984511 0.035659790 0.475514978 76.971839905 -0.002991751 0.997592628 -0.069281198 -8.942910194 -0.476840794 0.059474479 0.876975298 95.556159973
0.878988028 0.042802837 0.474918962 77.355148315 -0.009893219 0.997385740 -0.071580455 -9.015380859 -0.476741314 0.058219884 0.877113581 96.299697876
0.879213631 0.044984546 0.474299222 77.746856689 -0.009331809 0.996967375 -0.077258155 -9.040983200 -0.476336360 0.063500352 0.876967132 96.992721558
0.879541636 0.039351206 0.474191904 78.134254456 -0.003872206 0.997133315 -0.075565673 -9.167886734 -0.475806117 0.064626977 0.877172589 97.743545532
0.880239248 0.042881828 0.472588569 78.511764526 -0.007175133 0.996997476 -0.077101395 -9.240908623 -0.474475831 0.064476788 0.877903998 98.468345642
0.881070733 0.039552443 0.471327871 78.941535950 -0.002919797 0.996933222 -0.078201622 -9.259541512 -0.472975492 0.067524977 0.878484190 99.242103577
0.883097768 0.033133589 0.468017608 79.330657959 0.001575542 0.997288287 -0.073576510 -9.339214325 -0.469186366 0.065712623 0.880650878 99.930717468
0.884462595 0.026208285 0.465874374 79.717239380 0.006141943 0.997680962 -0.067786120 -9.414893150 -0.466570646 0.062815666 0.882250547 100.644668579
0.885979414 0.024219263 0.463091671 80.069564819 0.007933940 0.997697353 -0.067357726 -9.482303619 -0.463656634 0.063351698 0.883747160 101.320098877
0.888679445 0.022177674 0.457992375 80.388404846 0.011395647 0.997453034 -0.070412219 -9.570321083 -0.458387375 0.067793019 0.886163116 101.869071960
0.891866684 0.021248793 0.451798826 80.747756958 0.013309482 0.997230470 -0.073174670 -9.642166138 -0.452102333 0.071275264 0.889113784 102.574508667
0.895100653 0.024521278 0.445189297 81.126838684 0.010329765 0.997077942 -0.075688682 -9.694810867 -0.445744544 0.072347701 0.892231822 103.418540955
0.899847746 0.017261498 0.435862422 81.425430298 0.014414899 0.997494221 -0.069263712 -9.776956558 -0.435965896 0.068609707 0.897344112 103.973663330
0.906186819 0.009513224 0.422770560 81.791763306 0.020669179 0.997555554 -0.066750407 -9.855318069 -0.422372073 0.069226660 0.903775096 104.614868164
0.912533224 0.004030840 0.408982694 82.126487732 0.026206464 0.997320354 -0.068301931 -9.928538322 -0.408162147 0.073045768 0.909982324 105.271362305
0.918717265 0.004445409 0.394890755 82.447578430 0.024964849 0.997282922 -0.069307700 -9.999797821 -0.394125879 0.073532581 0.916110098 105.933105469
0.923699439 0.001581432 0.383114606 82.716293335 0.027271025 0.997183442 -0.069867358 -10.061061859 -0.382146090 0.074984364 0.921054661 106.679267883
0.929081917 0.001209533 0.369872034 83.011863708 0.027125740 0.997079015 -0.071397766 -10.136999130 -0.368878007 0.076367430 0.926335275 107.379463196
0.934205055 0.006090706 0.356684476 83.272491455 0.023369541 0.996661663 -0.078226872 -10.208053589 -0.355970204 0.081415504 0.930944026 108.040184021
0.938796163 0.015126077 0.344140977 83.516532898 0.016189519 0.995994091 -0.087941118 -10.281048775 -0.344092607 0.088130258 0.934790552 108.736274719
0.943043351 0.022089550 0.331935644 83.730682373 0.010811627 0.995230854 -0.096946619 -10.341403008 -0.332494050 0.095013633 0.938307047 109.466758728
0.947708011 0.020931007 0.318451494 83.983085632 0.010592925 0.995234013 -0.096938632 -10.433361053 -0.318962753 0.095242850 0.942969561 110.139236450
0.951147914 0.023380941 0.307848990 84.188194275 0.005876931 0.995576441 -0.093771145 -10.504418373 -0.308679610 0.090999424 0.946803153 110.879203796
0.954247892 0.026837206 0.297809839 84.393707275 0.000612477 0.995786786 -0.091698050 -10.587091446 -0.299015999 0.087685086 0.950210929 111.588592529
0.956839204 0.031763185 0.288876861 84.596206665 -0.003249660 0.995116532 -0.098653346 -10.670917511 -0.290599704 0.093456633 0.952269733 112.286735535
0.958729386 0.036508135 0.281966597 84.790481567 -0.006710282 0.994351029 -0.105929419 -10.753365517 -0.284241080 0.099665575 0.953558445 112.975646973
0.959676862 0.039719973 0.278285533 84.989044189 -0.009715030 0.994062066 -0.108380869 -10.837432861 -0.280937970 0.101307064 0.954364061 113.666763306
0.959400892 0.041069210 0.279039860 85.185775757 -0.012215724 0.994463980 -0.104365274 -10.916519165 -0.281781286 0.096719451 0.954591334 114.399246216
0.958782434 0.040675305 0.281214923 85.378326416 -0.012955138 0.994929314 -0.099738292 -11.009324074 -0.283845872 0.091984138 0.954447687 115.085617065
0.957444847 0.040624347 0.285743326 85.587661743 -0.013124398 0.995148420 -0.097504869 -11.100227356 -0.288318187 0.089605317 0.953332841 115.907119751
0.956590950 0.039856482 0.288695842 85.795333862 -0.011986926 0.995146811 -0.097668402 -11.177965164 -0.291187495 0.089968130 0.952426195 116.593139648
0.955735564 0.039200090 0.291603982 86.009757996 -0.010912144 0.995125592 -0.098009281 -11.255093575 -0.294024587 0.090488926 0.951504767 117.264404297
0.954361618 0.039355971 0.296049088 86.218200684 -0.011003696 0.995239794 -0.096832357 -11.338769913 -0.298450768 0.089155436 0.950251818 117.944801331
0.953042209 0.040185157 0.300159335 86.443527222 -0.011439603 0.995226622 -0.096918210 -11.408058167 -0.302621245 0.088933453 0.948952615 118.531997681
0.950919986 0.041359890 0.306660116 86.644355774 -0.012661429 0.995397747 -0.094989635 -11.485089302 -0.309177548 0.086444795 0.947067261 119.206481934
0.949652910 0.038359623 0.310946763 86.931236267 -0.010020521 0.995687425 -0.092228562 -11.578349113 -0.313143641 0.084469274 0.945941865 119.950668335
0.947510719 0.040855929 0.317103058 87.131088257 -0.012000692 0.995647550 -0.092422068 -11.650866508 -0.319498897 0.083765440 0.943877041 120.607254028
0.946052372 0.042158958 0.321259320 87.367202759 -0.012445197 0.995495260 -0.093990244 -11.723398209 -0.323774666 0.084921554 0.942315340 121.269241333
0.944537938 0.043569233 0.325499266 87.571502686 -0.012798004 0.995290756 -0.096085787 -11.803742409 -0.328152835 0.086590923 0.940647483 121.910186768
0.943935573 0.044604205 0.327102572 87.824981689 -0.012728155 0.995010853 -0.098950937 -11.873470306 -0.329884291 0.089239895 0.939793825 122.602371216
0.943697989 0.041671235 0.328173339 88.060699463 -0.009097420 0.994928241 -0.100174710 -11.951106071 -0.330683321 0.091549128 0.939290822 123.251846313
0.943962038 0.038881835 0.327755511 88.301086426 -0.006648013 0.995075345 -0.098899543 -12.026607513 -0.329986840 0.091178499 0.939571738 123.921348572
0.945559740 0.035344400 0.323523581 88.530471802 -0.004695983 0.995463550 -0.095027760 -12.106693268 -0.325414687 0.088335156 0.941436172 124.569435120
0.947679996 0.033738546 0.317433536 88.730712891 -0.003789482 0.995518029 -0.094495721 -12.191473961 -0.319198996 0.088348806 0.943560541 125.190895081
0.951000512 0.030645469 0.307666779 88.923583984 -0.001347672 0.995477319 -0.094989888 -12.269232750 -0.309186280 0.089920804 0.946740866 125.815643311
0.955754995 0.027558390 0.292870164 89.106529236 0.000624062 0.995409787 -0.095702298 -12.327115059 -0.294163167 0.091650717 0.951350689 126.399688721
0.960148990 0.026476819 0.278231859 89.279769897 -0.000359908 0.995618939 -0.093502097 -12.397010803 -0.279488534 0.089675792 0.955952048 127.035797119
0.964531839 0.029327592 0.262332231 89.443328857 -0.006351499 0.996099591 -0.088006668 -12.475097656 -0.263889998 0.083219022 0.960956097 127.644538879
0.968592465 0.028274260 0.247040987 89.575981140 -0.008376159 0.996660292 -0.081228420 -12.542338371 -0.248512626 0.076607980 0.965594471 128.271316528
0.972939253 0.025775012 0.229618937 89.729171753 -0.009004008 0.997233272 -0.073788948 -12.604436874 -0.230885535 0.069724694 0.970479369 128.910217285
0.976767778 0.023850871 0.212969199 89.859207153 -0.009943887 0.997761130 -0.066134468 -12.659038544 -0.214069754 0.062480278 0.974818051 129.494384766
0.980045855 0.024414713 0.197266161 89.943588257 -0.012665832 0.998081625 -0.060602259 -12.703351974 -0.198367327 0.056894455 0.978475034 130.133483887
0.983425796 0.024239913 0.179683730 90.046310425 -0.014105019 0.998247623 -0.057468746 -12.759944916 -0.180761889 0.053981800 0.982044339 130.760879517
0.986692488 0.021940736 0.161110237 90.159866333 -0.013064610 0.998348355 -0.055947654 -12.810506821 -0.162071660 0.053098291 0.985349298 131.307205200
0.989322126 0.022490382 0.143999681 90.236892700 -0.014655399 0.998365462 -0.055241164 -12.852209091 -0.145006716 0.052540936 0.988034666 131.924758911
0.991387427 0.027119908 0.128122106 90.281478882 -0.020459771 0.998384058 -0.053016011 -12.897338867 -0.129352853 0.049938064 0.990340352 132.497772217
0.993065178 0.029332183 0.113847420 90.336151123 -0.023934543 0.998536766 -0.048492100 -12.942802429 -0.115103215 0.045430932 0.992314041 133.100296021
0.994451225 0.026185682 0.101886824 90.384979248 -0.021608768 0.998718321 -0.045768935 -12.971057892 -0.102954738 0.043313332 0.993742704 133.691329956
0.995554566 0.023924809 0.091097288 90.430831909 -0.019922534 0.998806596 -0.044592820 -13.015512466 -0.092055447 0.042579703 0.994843066 134.305175781
0.996258140 0.029279212 0.081317633 90.464088440 -0.025461588 0.998542249 -0.047593772 -13.054100990 -0.082592584 0.045345206 0.995551229 134.890594482
0.996886969 0.033042431 0.071585283 90.492134094 -0.029224103 0.998126924 -0.053745784 -13.094216347 -0.073227085 0.051486466 0.995985389 135.476013184
0.997474194 0.033719633 0.062514365 90.513778687 -0.029736171 0.997532964 -0.063591443 -13.137387276 -0.064504422 0.061571892 0.996016085 136.053970337
0.998215437 0.027596232 0.052956846 90.563613892 -0.023888540 0.997301936 -0.069412462 -13.211369514 -0.054729491 0.068023525 0.996181428 136.672134399
0.998568773 0.026905609 0.046223618 90.588180542 -0.023755059 0.997442782 -0.067405917 -13.255902290 -0.047919009 0.066211410 0.996654332 137.257736206
0.998763025 0.028298490 0.040884327 90.600471497 -0.025876630 0.997946143 -0.058598120 -13.300704956 -0.042458601 0.057467692 0.997444093 137.843399048
0.998796821 0.032326236 0.036877409 90.607460022 -0.030606283 0.998459101 -0.046287671 -13.347103119 -0.038316898 0.045103300 0.998247206 138.450347900
0.998902202 0.031343941 0.034811381 90.644027710 -0.030046709 0.998856604 -0.037182495 -13.410422325 -0.035937022 0.036095705 0.998701990 139.044296265
0.999049723 0.028280772 0.033164006 90.665359497 -0.027025737 0.998923540 -0.037699860 -13.443206787 -0.034194492 0.036767747 0.998738647 139.636199951
0.999129534 0.025337940 0.033138055 90.666275024 -0.023982413 0.998884201 -0.040682252 -13.467211723 -0.034131892 0.039852113 0.998622417 140.185821533
0.999225259 0.023058221 0.031894263 90.676635742 -0.021724017 0.998899579 -0.041564342 -13.490450859 -0.032817572 0.040839270 0.998626590 140.777572632
0.999287188 0.024017898 0.029125623 90.707901001 -0.022896223 0.999005914 -0.038252030 -13.527125359 -0.030015394 0.037557904 0.998843491 141.357620239
0.999349773 0.024975667 0.026003297 90.720733643 -0.024060540 0.999100149 -0.034929987 -13.552864075 -0.026852291 0.034281634 0.999051392 141.962738037
0.999405384 0.024632670 0.024127450 90.715614319 -0.023913024 0.999273539 -0.029674562 -13.578718185 -0.024840886 0.029079955 0.999268353 142.515960693
0.999530554 0.022942271 0.020305129 90.715835571 -0.022397455 0.999393463 -0.026663959 -13.613122940 -0.020904548 0.026196653 0.999438167 143.110076904
0.999644458 0.021914510 0.015185779 90.678390503 -0.021524776 0.999446332 -0.025369391 -13.610401154 -0.015733330 0.025033500 0.999562800 143.546752930
0.999773383 0.020134961 0.006901655 90.679344177 -0.019977041 0.999553263 -0.022233907 -13.637391090 -0.007346251 0.022090996 0.999728978 144.169692993
0.999828577 0.018236753 -0.003202593 90.673927307 -0.018300137 0.999611437 -0.021025619 -13.660223007 0.002817910 0.021080619 0.999773741 144.760757446
0.999688447 0.020100318 -0.014795607 90.652297974 -0.020425007 0.999546409 -0.022131180 -13.687890053 0.014344054 0.022426482 0.999645531 145.368820190
0.999416769 0.021070123 -0.026874341 90.626197815 -0.021753492 0.999440789 -0.025394661 -13.713637352 0.026324246 0.025964465 0.999316216 145.968994141
0.998966873 0.022607736 -0.039424788 90.592010498 -0.023732450 0.999317765 -0.028297361 -13.736267090 0.038758151 0.029203773 0.998821795 146.597579956
0.998444140 0.020824835 -0.051726799 90.553840637 -0.022312675 0.999348819 -0.028354298 -13.759767532 0.051102653 0.029464351 0.998258650 147.195877075
0.997768104 0.020518333 -0.063544475 90.510108948 -0.022153093 0.999438643 -0.025129315 -13.784124374 0.062993206 0.026480934 0.997662604 147.818481445
0.997048199 0.021946574 -0.073575035 90.363327026 -0.023648551 0.999470651 -0.022341663 -13.830902100 0.073045753 0.024015661 0.997039378 148.456909180
0.996037662 0.023697276 -0.085717365 90.305427551 -0.025570657 0.999456167 -0.020823672 -13.850313187 0.085177265 0.022933014 0.996101797 149.084503174
0.995083630 0.028124994 -0.094961882 90.183998108 -0.029932022 0.999395907 -0.017658155 -13.873771667 0.094407879 0.020413736 0.995324433 149.791442871
0.994232059 0.031664565 -0.102469072 90.105293274 -0.033552792 0.999296427 -0.016755993 -13.894999504 0.101866409 0.020097466 0.994595051 150.427597046
0.993756294 0.032253787 -0.106808715 90.027641296 -0.033930890 0.999327242 -0.013921600 -13.910514832 0.106287837 0.017458795 0.994182050 151.055297852
0.993586838 0.029650154 -0.109115422 89.953140259 -0.031041246 0.999456763 -0.011071961 -13.930790901 0.108727865 0.014388035 0.993967354 151.713577271
0.993702114 0.025739688 -0.109057665 89.879547119 -0.027449176 0.999522328 -0.014202712 -13.931506157 0.108639985 0.017106809 0.993933916 152.379776001
0.993836462 0.024139777 -0.108196095 89.808845520 -0.025921054 0.999550164 -0.015087128 -13.952890396 0.107783213 0.017798696 0.994015098 153.053161621
0.993592262 0.021743471 -0.110911973 89.852233887 -0.024034867 0.999523520 -0.019364415 -13.942678452 0.110438086 0.021906083 0.993641555 153.849685669
0.993658423 0.018690540 -0.110876702 89.785011292 -0.020900609 0.999604702 -0.018803902 -13.957777023 0.110481419 0.021002047 0.993656218 154.525848389
0.994213521 0.014475144 -0.106442183 89.604003906 -0.015931107 0.999790609 -0.012840868 -14.007210732 0.106234029 0.014462305 0.994235933 155.041839600
0.994347811 0.014505654 -0.105176121 89.537391663 -0.015614497 0.999830723 -0.009726956 -14.026413918 0.105017215 0.011314249 0.994406104 155.714538574
0.994510889 0.013664909 -0.103736296 89.465087891 -0.014461929 0.999871373 -0.006934862 -14.053054810 0.103628181 0.008397021 0.994580686 156.405014038
0.994613945 0.015631044 -0.102463245 89.395797729 -0.016429465 0.999840736 -0.006952919 -14.063044548 0.102338254 0.008598885 0.994712472 157.080963135
0.994465768 0.017864496 -0.103530943 89.416992188 -0.018734368 0.999796867 -0.007435696 -14.051932335 0.103377074 0.009334132 0.994598448 157.881164551
0.994613230 0.018174309 -0.102050513 89.348937988 -0.019124713 0.999782383 -0.008342359 -14.072530746 0.101876684 0.010249108 0.994744182 158.573043823
0.994793057 0.017203389 -0.100452356 89.280563354 -0.018517258 0.999754548 -0.012161705 -14.100052834 0.100218467 0.013958482 0.994867563 159.256256104
0.994861484 0.017509047 -0.099719465 89.212287903 -0.019463349 0.999636412 -0.018658908 -14.120958328 0.099356510 0.020503905 0.994840682 159.935745239
0.994900405 0.018238001 -0.099199459 89.151672363 -0.020339508 0.999588728 -0.020214627 -14.141851425 0.098789997 0.022129210 0.994862139 160.587860107
0.995057404 0.020634133 -0.097133905 89.081665039 -0.022373661 0.999607563 -0.016853433 -14.163995743 0.096748024 0.018943373 0.995128632 161.266586304
0.995202899 0.022108054 -0.095302068 88.999298096 -0.023470642 0.999637365 -0.013200315 -14.177228928 0.094975658 0.015373792 0.995360851 162.035140991
0.995332360 0.026661254 -0.092751704 88.938201904 -0.027965436 0.999527097 -0.012789609 -14.197946548 0.092366852 0.015323753 0.995607078 162.705749512
0.995771229 0.028528877 -0.087325677 88.856597900 -0.029686751 0.999487460 -0.011989201 -14.214090347 0.086938865 0.014530919 0.996107697 163.324661255
0.996419668 0.030299764 -0.078929208 88.791992188 -0.031284355 0.999447048 -0.011267535 -14.235572815 0.078544155 0.013696443 0.996816576 164.021865845
0.997061372 0.029197251 -0.070824116 88.762123108 -0.030004304 0.999496102 -0.010357954 -14.266687393 0.070486009 0.012452547 0.997435033 164.708190918
0.997870386 0.025124921 -0.060193479 88.732574463 -0.025975181 0.999572933 -0.013384756 -14.285426140 0.059831481 0.014919790 0.998097062 165.379898071
0.998429060 0.026280504 -0.049485255 88.706871033 -0.027131530 0.999493957 -0.016604999 -14.303012848 0.049023822 0.017921526 0.998636782 165.992034912
0.998901725 0.028611517 -0.037102621 88.683578491 -0.029224925 0.999443293 -0.016097106 -14.319410324 0.036621399 0.017163750 0.999181867 166.667877197
0.999384642 0.024698125 -0.024911322 88.663177490 -0.024940385 0.999644160 -0.009461299 -14.345250130 0.024668789 0.010076772 0.999644876 167.312210083
0.999672890 0.019422086 -0.016633455 88.665481567 -0.019464308 0.999807656 -0.002380208 -14.364118576 0.016584028 0.002703188 0.999858797 167.993225098
0.999774218 0.019608729 -0.008184453 88.653701782 -0.019583771 0.999803364 0.003118660 -14.375558853 0.008243997 -0.002957675 0.999961555 168.670471191
0.999684870 0.024950003 -0.002762682 88.636405945 -0.024933867 0.999672651 0.005728372 -14.385316849 0.002904699 -0.005657683 0.999979794 169.343521118
0.999683142 0.025171142 -0.000136239 88.632011414 -0.025169566 0.999658585 0.007003490 -14.389422417 0.000312479 -0.006997841 0.999975443 169.989166260
0.999724746 0.023374910 0.002019734 88.625205994 -0.023388341 0.999702632 0.006903642 -14.390095711 -0.001857762 -0.006948980 0.999974132 170.671356201
0.999754846 0.022104071 0.001281716 88.657600403 -0.022113230 0.999726415 0.007637586 -14.466024399 -0.001112541 -0.007664058 0.999970019 171.501144409
