0.999998808 0.000806388 0.001271765 0.046061926 -0.000800390 0.999988616 -0.004709128 0.028511511 -0.001275548 0.004708103 0.999988079 -0.889331341
0.999996722 -0.001377128 0.002167724 -0.001931423 0.001389082 0.999983788 -0.005523007 0.000128132 -0.002160084 0.005526001 0.999982417 1.508772492
0.999993205 -0.002996622 0.002203225 0.045859717 0.002999993 0.999994338 -0.001528151 0.028549396 -0.002198633 0.001534750 0.999996424 0.744187951
0.999984801 -0.005294320 0.001487258 0.046664972 0.005287611 0.999975920 0.004478593 0.028022505 -0.001510934 -0.004470662 0.999988854 1.558147430
0.999960601 -0.008873807 0.000180353 0.000802464 0.008872879 0.999949932 0.004630878 -0.000398427 -0.000221437 -0.004629095 0.999989271 3.761770248
0.999935031 -0.011361489 -0.000889329 0.049482547 0.011362894 0.999934137 0.001591486 0.032574348 0.000871188 -0.001601489 0.999998331 3.156989813
0.999924719 -0.011986927 -0.002619032 0.133984208 0.011981645 0.999926150 -0.002023362 0.074752279 0.002643093 0.001991829 0.999994516 2.171330214
0.999925077 -0.011553413 -0.004027686 0.173334673 0.011543244 0.999930143 -0.002539193 0.089576565 0.004056741 0.002492510 0.999988675 2.293490410
0.999921679 -0.011184990 -0.005615337 0.199488863 0.011180875 0.999937177 -0.000763751 0.096199065 0.005623526 0.000700906 0.999983966 2.791466713
0.999916673 -0.011105008 -0.006574871 0.194723323 0.011119558 0.999935806 0.002180558 0.095966890 0.006550233 -0.002253486 0.999975979 3.685630560
0.999899805 -0.011645291 -0.008046154 0.233204350 0.011678557 0.999923348 0.004099721 0.102964319 0.007997795 -0.004193277 0.999959230 4.050904274
0.999883115 -0.012563804 -0.008705480 0.224665478 0.012605043 0.999909461 0.004698282 0.109586552 0.008645664 -0.004807465 0.999951005 4.953923702
0.999869466 -0.012863663 -0.009768367 0.218815506 0.012909600 0.999905765 0.004654403 0.110591352 0.009707575 -0.004779900 0.999941409 5.859078884
0.999845445 -0.013132049 -0.011690745 0.280906886 0.013174376 0.999906898 0.003551039 0.111839786 0.011643022 -0.003704508 0.999925375 6.418690205
0.999835908 -0.013718596 -0.011829390 0.193236455 0.013737752 0.999904394 0.001539565 0.113589108 0.011807137 -0.001701822 0.999928832 7.646718979
0.999784052 -0.014887841 -0.014498074 0.228218913 0.014898703 0.999888778 0.000641409 0.111794129 0.014486913 -0.000857272 0.999894679 8.184266090
0.999756455 -0.014780889 -0.016386677 0.219100133 0.014777847 0.999890685 -0.000306836 0.113598824 0.016389422 0.000064602 0.999865711 8.794958115
0.999759555 -0.013180817 -0.017531499 0.176864311 0.013160931 0.999912620 -0.001249296 0.115732037 0.017546434 0.001018264 0.999845505 10.004940987
0.999735653 -0.012015780 -0.019604657 0.165969968 0.012001137 0.999927640 -0.000864320 0.113520630 0.019613625 0.000628813 0.999807358 10.650639534
0.999709427 -0.012229665 -0.020773437 0.143968195 0.012225971 0.999925196 -0.000304944 0.115448460 0.020775611 0.000050880 0.999784291 11.769820213
0.999670625 -0.012094642 -0.022637459 0.128568888 0.012131563 0.999925196 0.001494306 0.111968577 0.022617694 -0.001768442 0.999742627 12.414011955
0.999666393 -0.011497402 -0.023128172 0.079866618 0.011535748 0.999932289 0.001525173 0.116974406 0.023109071 -0.001791465 0.999731362 13.562008858
0.999624074 -0.012177343 -0.024563048 0.061718881 0.012212165 0.999924600 0.001268033 0.118857756 0.024545755 -0.001567525 0.999697506 14.211652756
0.999568999 -0.012706667 -0.026463710 0.041538030 0.012728647 0.999918759 0.000662374 0.119513646 0.026453143 -0.000998936 0.999649584 15.283202171
0.999556661 -0.012950696 -0.026808035 0.013883382 0.012985286 0.999915063 0.001116655 0.119733095 0.026791293 -0.001464270 0.999639988 15.943925858
0.999536693 -0.012836142 -0.027595120 -0.065451503 0.012921280 0.999912202 0.002909124 0.130825743 0.027555352 -0.003264340 0.999614954 17.165721893
0.999523699 -0.013541334 -0.027731769 -0.090517849 0.013697719 0.999891281 0.005456999 0.134384587 0.027654862 -0.005834262 0.999600470 17.833677292
0.999527872 -0.013655229 -0.027523343 -0.199177951 0.013855928 0.999878705 0.007114503 0.149508983 0.027422858 -0.007492505 0.999595761 18.976436615
0.999514759 -0.013130673 -0.028244730 -0.228700727 0.013304790 0.999893606 0.005985503 0.151781067 0.028163129 -0.006358390 0.999583066 19.723936081
0.999510705 -0.011371069 -0.029136812 -0.253201455 0.011469880 0.999928951 0.003226386 0.155289859 0.029098062 -0.003559004 0.999570251 20.604413986
0.999484360 -0.010988695 -0.030172296 -0.276264220 0.011030534 0.999938369 0.001220566 0.161223561 0.030157028 -0.001552753 0.999543905 21.343559265
0.999480009 -0.010369577 -0.030535605 -0.337396681 0.010429078 0.999944031 0.001789830 0.137328506 0.030515328 -0.002107357 0.999532223 22.273103714
0.999446869 -0.009482419 -0.031877175 -0.363269329 0.009513788 0.999954402 0.000832547 0.142568573 0.031867828 -0.001135359 0.999491453 22.982213974
0.999382675 -0.009998074 -0.033680107 -0.398725748 0.010023691 0.999949574 0.000591794 0.136865050 0.033672500 -0.000929028 0.999432504 23.812528610
0.999309540 -0.010453141 -0.035654888 -0.430365473 0.010473174 0.999945104 0.000375117 0.138928846 0.035649013 -0.000748278 0.999364078 24.536678314
0.999255240 -0.009752252 -0.037337143 -0.467159003 0.009807640 0.999951065 0.001300589 0.145570979 0.037322637 -0.001665810 0.999301851 25.276514053
0.999128163 -0.011165547 -0.040227596 -0.449517190 0.011274600 0.999933362 0.002485063 0.186539948 0.040197171 -0.002936446 0.999187410 26.240800858
0.999073446 -0.009863552 -0.041893020 -0.495150745 0.010025020 0.999943078 0.003645936 0.191436201 0.041854672 -0.004062536 0.999115527 26.968919754
0.998997033 -0.008496000 -0.043963224 -0.532646239 0.008667527 0.999955535 0.003712499 0.194638073 0.043929730 -0.004089829 0.999026239 27.669023514
0.998901129 -0.006382399 -0.046430901 -0.538610578 0.006530039 0.999974072 0.003028797 0.203333318 0.046410374 -0.003328665 0.998916924 28.441246033
0.998840868 -0.005128005 -0.047859706 -0.587466359 0.005251435 0.999983191 0.002453612 0.203581929 0.047846317 -0.002702100 0.998851061 29.133016586
0.998748004 -0.005122075 -0.049760785 -0.613686621 0.005268560 0.999982178 0.002813075 0.225076526 0.049745493 -0.003071720 0.998757124 29.879682541
0.998721063 -0.003414102 -0.050441913 -0.661438942 0.003651146 0.999982655 0.004607956 0.227867067 0.050425317 -0.004786233 0.998716354 30.542119980
0.998714209 -0.001124547 -0.050681192 -0.699830174 0.001377612 0.999986768 0.004958626 0.232174098 0.050674938 -0.005022069 0.998702586 31.216926575
0.998765171 0.002294383 -0.049627155 -0.734975278 -0.002146247 0.999993026 0.003038073 0.232300252 0.049633775 -0.002927809 0.998763204 31.900699615
0.998871982 0.004491631 -0.047271732 -0.781648755 -0.004497944 0.999989927 -0.000027163 0.230243877 0.047271132 0.000239758 0.998882115 32.524803162
0.998954892 0.004352738 -0.045499127 -0.810853004 -0.004463587 0.999987304 -0.002334968 0.244403660 0.045488387 0.002535617 0.998961627 33.184070587
0.999099612 0.005620972 -0.042052150 -0.848290384 -0.005683201 0.999982893 -0.001360383 0.239907563 0.042043783 0.001598148 0.999114454 33.810447693
0.999190331 0.010410731 -0.038862903 -0.884250283 -0.010365279 0.999945343 0.001370838 0.237535849 0.038875051 -0.000966904 0.999243557 34.449478149
0.999268055 0.014445072 -0.035422299 -0.900735259 -0.014273941 0.999885201 0.005079263 0.231925845 0.035491608 -0.004569930 0.999359488 35.073421478
0.999335110 0.019400317 -0.030868534 -0.934099555 -0.019230949 0.999798357 0.005774214 0.237631738 0.030974340 -0.005176743 0.999506772 35.661865234
0.999399185 0.022987913 -0.025938038 -0.943481088 -0.022836136 0.999720395 0.006132692 0.238968864 0.026071763 -0.005536683 0.999644756 36.249618530
0.999433994 0.026970910 -0.020103013 -0.960862756 -0.026810404 0.999606729 0.008211557 0.240600049 0.020316578 -0.007667940 0.999764204 36.820941925
0.999395430 0.032030415 -0.013519861 -0.977176547 -0.031907260 0.999448240 0.009228509 0.245532542 0.013807989 -0.008791548 0.999865949 37.365005493
0.999372423 0.034922108 -0.005933051 -0.995099187 -0.034870543 0.999354899 0.008584175 0.256452858 0.006229000 -0.008371896 0.999945581 37.922916412
0.999263823 0.038347758 0.001017230 -0.990178347 -0.038355272 0.999225020 0.008844381 0.253676385 -0.000677281 -0.008876886 0.999960423 38.426322937
0.999044120 0.042801525 0.008873070 -0.998013258 -0.042874049 0.999047160 0.008150903 0.260332853 -0.008515744 -0.008523537 0.999927402 38.912490845
0.998759747 0.047017444 0.016380787 -0.992784441 -0.047113888 0.998874128 0.005551964 0.257969737 -0.016101304 -0.006316840 0.999850452 39.376750946
0.998478770 0.049418036 0.024454609 -0.988593936 -0.049494620 0.998771191 0.002535616 0.259478152 -0.024299255 -0.003742131 0.999697685 39.818511963
0.998230398 0.049770009 0.032542329 -0.978722811 -0.049867261 0.998753428 0.002183346 0.261819124 -0.032393098 -0.003802279 0.999467969 40.228881836
0.998001814 0.048619099 0.040354330 -0.954493284 -0.048796013 0.998803020 0.003410214 0.262850940 -0.040140219 -0.005372531 0.999179542 40.624984741
0.997538388 0.050620046 0.048525609 -0.937618613 -0.050887231 0.998695135 0.004285685 0.261283576 -0.048245355 -0.006744470 0.998812675 40.992618561
0.996913731 0.053676054 0.057287857 -0.920205355 -0.054004915 0.998531759 0.004206610 0.265589684 -0.056977957 -0.007287454 0.998348832 41.337100983
0.996107876 0.058563296 0.065873235 -0.902440071 -0.058947440 0.998253405 0.003901373 0.260404944 -0.065529697 -0.007769248 0.997820377 41.655509949
0.995201528 0.062422801 0.075347036 -0.885357380 -0.062912956 0.998010397 0.004147274 0.256468117 -0.074938230 -0.008867680 0.997148871 41.964065552
0.994534075 0.061485793 0.084387936 -0.855323076 -0.062100884 0.998058796 0.004680743 0.255282760 -0.083936341 -0.009895724 0.996421933 42.231674194
0.993627965 0.060548730 0.095065355 -0.819502831 -0.061082773 0.998128951 0.002714962 0.256698549 -0.094723091 -0.008504518 0.995467365 42.499801636
0.992575705 0.058899160 0.106415734 -0.759487152 -0.059012488 0.998255193 -0.002086343 0.262494951 -0.106352940 -0.004209004 0.994319558 42.753742218
0.990931630 0.059941053 0.120255798 -0.747159004 -0.059714355 0.998200357 -0.005491162 0.248759031 -0.120368525 -0.001739630 0.992727757 43.010448456
0.988829076 0.061595537 0.135731563 -0.708487988 -0.061115902 0.998100936 -0.007701893 0.246374100 -0.135948211 -0.000679500 0.990715742 43.263164520
0.986333370 0.063316785 0.152110070 -0.662408352 -0.062655926 0.997993350 -0.009138726 0.246517271 -0.152383447 -0.000516768 0.988321364 43.508132935
0.983618975 0.063665815 0.168642655 -0.603430271 -0.062830716 0.997971117 -0.010289018 0.243341923 -0.168955535 -0.000475465 0.985623538 43.747413635
0.980342269 0.062801473 0.187042281 -0.551534653 -0.061750356 0.998025954 -0.011446692 0.241169840 -0.187391892 -0.000328248 0.982285202 43.997817993
0.976563752 0.061904375 0.206133544 -0.475212097 -0.060792636 0.998081505 -0.011728892 0.236452043 -0.206464127 -0.001077389 0.978453636 44.224975586
0.972045064 0.062114879 0.226428658 -0.414201736 -0.060811732 0.998068094 -0.012732984 0.228644013 -0.226782113 -0.001392482 0.973944485 44.462650299
0.966965735 0.064385809 0.246640876 -0.316328049 -0.062419895 0.997925103 -0.015789414 0.244830847 -0.247145727 -0.000127473 0.968978286 44.708080292
0.960733712 0.065493979 0.269631565 -0.236846924 -0.063046299 0.997853041 -0.017737724 0.239026010 -0.270214379 0.000041957 0.962800145 44.948703766
0.953608513 0.066734813 0.293559581 -0.118267059 -0.063973032 0.997770488 -0.019010808 0.236921370 -0.294173777 -0.000651027 0.955751717 45.206390381
0.945072532 0.069824301 0.319315702 -0.021160126 -0.067001194 0.997555733 -0.019831914 0.227385759 -0.319920033 -0.002651938 0.947440803 45.447498322
0.935397506 0.071271084 0.346340299 0.082869530 -0.068261720 0.997448623 -0.020896733 0.220457375 -0.346946001 -0.004095028 0.937876105 45.677165985
0.924182296 0.072178051 0.375069529 0.196523666 -0.068935059 0.997376919 -0.022076309 0.210957825 -0.375679076 -0.005452904 0.926733732 45.913791656
0.911429226 0.070456214 0.405379713 0.358142853 -0.066378579 0.997502744 -0.024127735 0.195807099 -0.406067252 -0.004917809 0.913829923 46.216922760
0.896579683 0.067840084 0.437655628 0.505517960 -0.062488575 0.997690201 -0.026635991 0.185124040 -0.438451678 -0.003467186 0.898748100 46.439872742
0.879106820 0.067261398 0.471854985 0.632780075 -0.059310023 0.997735381 -0.031724229 0.202483177 -0.472920269 -0.000096744 0.881105244 46.674663544
0.859721899 0.069059685 0.506072223 0.804174423 -0.058482751 0.997610509 -0.036784813 0.194329977 -0.507403255 0.002028211 0.861706376 46.904472351
0.837303519 0.071345210 0.542063355 0.915803909 -0.057424933 0.997441411 -0.042579100 0.218097329 -0.543714225 0.004523684 0.839258194 47.161018372
0.812729299 0.074046411 0.577917218 1.114332199 -0.058047824 0.997246921 -0.046140525 0.206862330 -0.579742670 0.003952927 0.814790070 47.391548157
0.785090685 0.077798627 0.614475310 1.343772888 -0.060851775 0.996968865 -0.048478186 0.173821807 -0.616384208 0.000667849 0.787445188 47.659965515
0.754967153 0.081756189 0.650646269 1.571722031 -0.064008221 0.996647298 -0.050961617 0.154911160 -0.652631283 -0.003172366 0.757669032 47.898654938
0.722031713 0.083297096 0.686827302 1.830320358 -0.063890785 0.996511698 -0.053689431 0.142413974 -0.688903391 -0.005116467 0.724834979 48.128231049
0.685259879 0.080738440 0.723809481 2.115177155 -0.059900373 0.996717155 -0.054470219 0.124296069 -0.725830913 -0.006030201 0.687846541 48.362991333
0.645517051 0.078405909 0.759710670 2.516790390 -0.056763690 0.996890664 -0.054652620 0.061693072 -0.761633575 -0.007844771 0.647960484 48.661785126
0.603026330 0.078379311 0.793861389 2.857831955 -0.055158410 0.996876478 -0.056524362 0.044755936 -0.795812070 -0.009702457 0.605465949 48.881759644
0.558418095 0.077228956 0.825956941 3.259548187 -0.051031429 0.996969461 -0.058717385 -0.007278323 -0.827988565 -0.009360918 0.560666859 49.017681122
0.510124505 0.076252408 0.856713831 3.654685974 -0.048028853 0.997033656 -0.060143203 -0.029711127 -0.858758569 -0.010466459 0.512273610 49.222358704
0.462930799 0.074076965 0.883293569 4.504123688 -0.046418507 0.997160494 -0.059298582 -0.095091820 -0.885178149 -0.013550029 0.465054750 49.346252441
0.412962794 0.071746327 0.907917559 4.936363220 -0.045988373 0.997263193 -0.057889055 -0.119663000 -0.909586012 -0.017847624 0.415132105 49.520523071
0.363009095 0.071766429 0.929017723 5.346229553 -0.049191255 0.997115195 -0.057805698 -0.136673331 -0.930486202 -0.024715558 0.365492284 49.672462463
0.313551307 0.072596036 0.946792185 5.825068474 -0.047765903 0.997016907 -0.060628310 -0.156929374 -0.948369145 -0.026214302 0.316083580 49.811386108
0.266537845 0.068528660 0.961385131 6.288483620 -0.036185153 0.997477412 -0.061069254 -0.189464390 -0.963144958 -0.018510599 0.268345267 49.896709442
0.222141251 0.062909961 0.972982824 6.818409920 -0.021889860 0.997986495 -0.059528958 -0.205608070 -0.974768698 -0.008074623 0.223071098 49.983673096
0.181141615 0.061913360 0.981506228 7.220922470 -0.013538628 0.998078763 -0.060460147 -0.227894366 -0.983363807 -0.002336402 0.181631833 49.964931488
0.142282546 0.063641772 0.987777948 7.781269073 -0.010758583 0.997971237 -0.062748842 -0.251606166 -0.989767611 -0.001699028 0.142678589 50.027320862
0.110070080 0.064043753 0.991858363 8.306975365 -0.001438191 0.997931063 -0.064276278 -0.284223735 -0.993922770 0.005648410 0.109934449 50.056877136
0.081391312 0.062257130 0.994735897 8.886384010 0.005050826 0.998008668 -0.062875226 -0.322717309 -0.996669412 0.010141736 0.080914780 50.075622559
0.055828426 0.060937017 0.996579051 9.464518547 0.012476358 0.998015225 -0.061723754 -0.348099470 -0.998362422 0.015879616 0.054957353 50.098434448
0.036179695 0.059723482 0.997559011 10.067279816 0.016957454 0.998032153 -0.060366813 -0.376479149 -0.999201417 0.019100117 0.035095744 50.099632263
0.020015836 0.061853204 0.997884512 10.671050072 0.019625207 0.997867882 -0.062245835 -0.397731066 -0.999606967 0.020829594 0.018759275 50.101341248
0.006789937 0.061318237 0.998095155 11.299308777 0.019899219 0.997912228 -0.061442383 -0.439858556 -0.999778926 0.020278506 0.005555577 50.100475311
-0.005327489 0.062255118 0.998045981 11.923963547 0.021335622 0.997840106 -0.062128365 -0.473787785 -0.999758184 0.020962946 -0.006644234 50.097232819
-0.014133926 0.065288775 0.997766256 12.570878983 0.025707772 0.997559845 -0.064911082 -0.505413175 -0.999569595 0.024732905 -0.015777865 50.075843811
-0.021040700 0.067120440 0.997523010 13.188863754 0.030057805 0.997335255 -0.066473797 -0.536425948 -0.999326706 0.028584694 -0.023002127 50.064018250
-0.025448654 0.066651866 0.997451782 13.866430283 0.030359745 0.997366130 -0.065871574 -0.566313088 -0.999215007 0.028606042 -0.027405161 50.041427612
-0.029078737 0.064054802 0.997522652 14.577328682 0.028307199 0.997597158 -0.063234411 -0.598664045 -0.999176145 0.026398294 -0.030822080 50.018634796
-0.032096148 0.056788094 0.997870207 15.301482201 0.026382150 0.998084903 -0.055951729 -0.644622564 -0.999136508 0.024530128 -0.033532869 50.015785217
-0.033067796 0.051420845 0.998129487 15.981199265 0.027320422 0.998348892 -0.050527040 -0.674155414 -0.999079645 0.025598498 -0.034418032 49.980632782
-0.033314656 0.049077917 0.998239160 16.713872910 0.029705612 0.998400927 -0.048094496 -0.706200480 -0.999003410 0.028051054 -0.034719277 49.950691223
-0.033175729 0.051128469 0.998140872 18.633697510 0.032904521 0.998205245 -0.050038096 -0.829364061 -0.998907685 0.031183297 -0.034798540 49.991897583
-0.032195322 0.058650210 0.997759283 19.383268356 0.034163043 0.997758090 -0.057547782 -0.857242346 -0.998897552 0.032233723 -0.034126811 49.968868256
-0.030151710 0.066626959 0.997322261 18.925403595 0.035019793 0.997233748 -0.065562308 -0.807943106 -0.998931587 0.032949217 -0.032401569 49.877712250
-0.027523626 0.067620218 0.997331500 19.700614929 0.035783101 0.997136533 -0.066619501 -0.839315414 -0.998980403 0.033854004 -0.029864483 49.850650787
-0.025955305 0.062961407 0.997678399 20.464248657 0.035141714 0.997455359 -0.062033080 -0.884487748 -0.999045253 0.033450045 -0.028101830 49.839290619
-0.023454648 0.056386076 0.998133421 21.267467499 0.034411125 0.997862041 -0.055562131 -0.932159424 -0.999132574 0.033043697 -0.025344813 49.828243256
-0.020884784 0.054618895 0.998288751 22.030977249 0.032558706 0.998014271 -0.053922709 -0.978748798 -0.999251604 0.031376831 -0.022621624 49.816410065
-0.017416727 0.060599096 0.998010278 22.823413849 0.040216673 0.997396290 -0.059859984 -1.014891386 -0.999039173 0.039094090 -0.019808471 49.794807434
-0.014249574 0.065824166 0.997729480 23.586772919 0.042123709 0.996984482 -0.065173402 -1.056765795 -0.999010801 0.041099381 -0.016979363 49.780742645
-0.011546668 0.066358589 0.997729063 24.389287949 0.036201444 0.997169197 -0.065902390 -1.101469398 -0.999277830 0.035358280 -0.013916258 49.780670166
-0.008463405 0.062795520 0.997990489 25.142133713 0.031503253 0.997547626 -0.062500484 -1.145083666 -0.999467731 0.030910976 -0.010420913 49.785205841
-0.003700902 0.059335254 0.998231292 25.941379547 0.035236802 0.997625887 -0.059168641 -1.195773482 -0.999372125 0.034955502 -0.005782900 49.782104492
-0.000197152 0.060010999 0.998197675 27.585197449 0.039938055 0.997401714 -0.059955273 -1.316182494 -0.999202132 0.039854251 -0.002593363 49.848159790
0.002645256 0.064867698 0.997890294 28.370182037 0.040066011 0.997085750 -0.064921595 -1.352971077 -0.999193490 0.040153217 0.000038558 49.856170654
0.005851768 0.065204777 0.997854769 29.468139648 0.036077496 0.997208416 -0.065374114 -1.442323923 -0.999331892 0.036382649 0.003483007 49.928153992
0.009828680 0.064644814 0.997859955 30.260047913 0.035141628 0.997269332 -0.064952694 -1.488607407 -0.999334037 0.035704825 0.007530116 49.931663513
0.013402843 0.061671834 0.998006463 30.623014450 0.039500281 0.997284412 -0.062157694 -1.495483041 -0.999129653 0.040254634 0.010930391 49.887695312
0.017031085 0.062369913 0.997907698 31.414642334 0.044299904 0.997025371 -0.063070826 -1.537307501 -0.998873055 0.045281380 0.014217442 49.891239166
0.020423207 0.062953159 0.997807503 32.503120422 0.046507951 0.996875465 -0.063846290 -1.624199629 -0.998709083 0.047709931 0.017431568 49.960174561
0.022438610 0.062803671 0.997773588 33.290599823 0.046954058 0.996857405 -0.063801937 -1.668238640 -0.998644948 0.048281152 0.019419206 49.997867584
0.026618268 0.061309766 0.997763813 33.677959442 0.048644997 0.996855557 -0.062551692 -1.679522276 -0.998461306 0.050201245 0.023552151 49.946784973
0.029990310 0.060291898 0.997730196 34.473865509 0.050684776 0.996803224 -0.061759397 -1.728719234 -0.998264313 0.052421913 0.026838558 49.970905304
0.032806348 0.060563106 0.997625113 35.207321167 0.048851557 0.996872187 -0.062123861 -1.769963741 -0.998267114 0.050773598 0.029745135 50.001976013
0.036105968 0.062263396 0.997406483 36.013446808 0.046092946 0.996891260 -0.063899800 -1.815427780 -0.998284400 0.048280563 0.033123825 50.030429840
0.039198685 0.062473405 0.997276545 36.201789856 0.047803670 0.996783614 -0.064321481 -1.803712845 -0.998087406 0.050194792 0.036086146 49.987098694
0.041565523 0.062194906 0.997198045 36.998062134 0.045766965 0.996894538 -0.064083636 -1.850290298 -0.998086989 0.048302405 0.038589969 50.033298492
0.043884568 0.062472828 0.997081399 38.299251556 0.043829832 0.996961534 -0.064394392 -1.946694374 -0.998074710 0.046527829 0.041013051 50.137668610
0.046719823 0.062342342 0.996960759 39.104560852 0.041404303 0.997071981 -0.064289600 -1.998738527 -0.998049557 0.044282064 0.044001784 50.180545807
0.050090618 0.064559564 0.996655881 39.410003662 0.039622352 0.996994555 -0.066572867 -1.993213654 -0.997958362 0.042824533 0.047382075 50.160358429
0.053178687 0.068040662 0.996264279 40.211647034 0.038310815 0.996802449 -0.070122391 -2.043167114 -0.997849822 0.041896716 0.050401952 50.209362030
0.056609090 0.069929473 0.995944440 41.731956482 0.038673364 0.996641815 -0.072176620 -2.173178673 -0.997647107 0.042602375 0.053714577 50.368179321
0.059767313 0.072271861 0.995592654 42.542858124 0.032616001 0.996701598 -0.074310370 -2.222823381 -0.997679353 0.036913577 0.057212953 50.419574738
0.062248219 0.071468286 0.995498598 43.316272736 0.028858459 0.996886909 -0.073372476 -2.272351265 -0.997643352 0.033295859 0.059991986 50.483947754
0.065909192 0.071702309 0.995246053 44.147228241 0.030967280 0.996787369 -0.073864117 -2.332774639 -0.997345030 0.035688389 0.063477024 50.543796539
0.069783576 0.073243834 0.994869590 44.644073486 0.030344358 0.996683538 -0.075505815 -2.353974104 -0.997100472 0.035457749 0.067329608 50.549949646
0.073610812 0.074605152 0.994492590 45.477733612 0.026397917 0.996702790 -0.076724887 -2.404783487 -0.996937573 0.031900320 0.071398698 50.618972778
0.077529684 0.072329395 0.994362891 46.280017853 0.025347313 0.996899486 -0.074490227 -2.461434364 -0.996667802 0.030979633 0.075455934 50.689476013
0.082505815 0.072084852 0.993980169 47.113113403 0.025917785 0.996888101 -0.074447058 -2.524852753 -0.996253550 0.031904079 0.080380768 50.755775452
0.087190531 0.075602517 0.993318737 47.912380219 0.022276489 0.996718764 -0.077816680 -2.590157270 -0.995942473 0.028912529 0.085220270 50.837196350
0.092688590 0.083994307 0.992146134 48.739532471 0.019888287 0.996080577 -0.086185426 -2.653504133 -0.995496511 0.027720489 0.090654783 50.936260223
0.100505747 0.089196220 0.990930200 49.529197693 0.018855067 0.995623648 -0.091531090 -2.706006527 -0.994757712 0.027883455 0.098384112 51.003692627
0.107541993 0.091840662 0.989949584 50.375804901 0.014734542 0.995467603 -0.093953267 -2.780972481 -0.994091272 0.024690375 0.105701350 51.111091614
0.114644110 0.090302058 0.989293814 51.198368073 0.011017696 0.995683014 -0.092162058 -2.848592281 -0.993345499 0.021465573 0.113154277 51.218185425
0.122416005 0.089184709 0.988463700 52.061744690 0.010241707 0.995787799 -0.091113925 -2.918271780 -0.992425919 0.021277361 0.120986968 51.324253082
0.129640564 0.085158952 0.987897336 52.886466980 0.010432133 0.996132851 -0.087237865 -2.988921165 -0.991506159 0.021615442 0.128250822 51.437835693
0.136749014 0.079851270 0.987382114 53.759155273 0.008323897 0.996617973 -0.081751034 -3.057943583 -0.990570724 0.019398237 0.135621876 51.576313019
0.143969014 0.072059579 0.986955106 54.557537079 0.005464975 0.997272134 -0.073610030 -3.126051664 -0.989567101 0.015991248 0.143182486 51.690528870
0.151042610 0.069705516 0.986066580 55.415168762 0.005410203 0.997437418 -0.071338065 -3.185786486 -0.988512397 0.016109904 0.150278464 51.833461761
0.158678442 0.071573302 0.984732687 56.235900879 0.005290609 0.997293055 -0.073338747 -3.242079735 -0.987316132 0.016847115 0.157870278 51.959884644
0.164297551 0.078048542 0.983318269 57.060821533 0.005379627 0.996779084 -0.080015823 -3.307336569 -0.986396194 0.018436292 0.163348481 52.105529785
0.169894710 0.082113110 0.982035160 57.865844727 0.003643628 0.996463299 -0.083949864 -3.359111071 -0.985455394 0.017840810 0.168994650 52.220050812
0.174779981 0.085188545 0.980915189 58.684417725 0.003102583 0.996197522 -0.087068550 -3.421432018 -0.984602511 0.018261209 0.173851088 52.377426147
0.179989412 0.084193125 0.980058789 59.459533691 0.000430915 0.996323466 -0.085669503 -3.498704910 -0.983668387 0.015841926 0.179291368 52.549842834
0.185571641 0.081094891 0.979278743 60.263618469 0.004710992 0.996503890 -0.083414033 -3.567128181 -0.982619405 0.020092657 0.184540808 52.696205139
0.190154582 0.075683348 0.978832543 61.053436279 0.003678574 0.996962130 -0.077799752 -3.601586342 -0.981747210 0.018394684 0.189298496 52.816864014
0.192980185 0.069628693 0.978729010 61.853614807 0.001077918 0.997463226 -0.071174040 -3.665109634 -0.981202006 0.014790164 0.192415625 52.989013672
0.194642648 0.067939572 0.978518426 62.258796692 -0.004833038 0.997652650 -0.068306707 -3.663567543 -0.980862319 0.008566181 0.194514066 53.095504761
0.197925523 0.067834079 0.977867007 63.032917023 -0.006517634 0.997671545 -0.067888714 -3.721296549 -0.980195403 0.007063526 0.197906822 53.255882263
0.199195594 0.069998011 0.977456570 63.663497925 -0.008844581 0.997533441 -0.069633350 -3.771245480 -0.979919851 0.005225460 0.199323356 53.394817352
0.200588778 0.075046062 0.976796925 64.410224915 -0.013040831 0.997177958 -0.073933944 -3.817747116 -0.979588687 0.002092072 0.201001316 53.558845520
0.202759624 0.078445092 0.976081371 65.102142334 -0.013946543 0.996916294 -0.077222474 -3.879174232 -0.979129136 0.002044634 0.203228414 53.711711884
0.204608500 0.083818302 0.975248635 65.829811096 -0.014674089 0.996477783 -0.082564205 -3.935598373 -0.978733838 0.002582451 0.205117747 53.874206543
0.206462443 0.085654005 0.974698246 66.543395996 -0.014143140 0.996318161 -0.084558077 -3.995292664 -0.978352368 0.003672773 0.206913680 54.024173737
0.207604840 0.085982673 0.974426627 67.200492859 -0.016491905 0.996295571 -0.084398739 -4.043846130 -0.978073716 0.001451433 0.208253801 54.178947449
0.208641827 0.082989916 0.974464595 67.903320312 -0.016233886 0.996549785 -0.081394978 -4.102449417 -0.977857411 0.001163044 0.209269181 54.326225281
0.209015355 0.080352776 0.974605501 68.546531677 -0.016271237 0.996766269 -0.078690290 -4.161150932 -0.977776945 0.000589442 0.209646910 54.488075256
0.208739370 0.079202026 0.974758863 69.225906372 -0.015250560 0.996857703 -0.077731781 -4.212071419 -0.977852345 0.001360068 0.209291339 54.634815216
0.206908375 0.078469291 0.975208461 69.909812927 -0.016221875 0.996916533 -0.076774232 -4.272027969 -0.978225887 0.000065526 0.207543284 54.793701172
0.205537379 0.079290979 0.975431859 70.518013000 -0.017326618 0.996851027 -0.077381134 -4.321259499 -0.978495896 -0.000996223 0.206263989 54.916458130
0.203903332 0.082007810 0.975550115 71.165931702 -0.017624682 0.996631384 -0.080096155 -4.371947289 -0.978832424 -0.000861887 0.204661816 55.045734406
0.201041296 0.085988916 0.975801349 71.763107300 -0.015953800 0.996295094 -0.084507950 -4.422702789 -0.979452848 0.001421849 0.201668367 55.178657532
0.199985728 0.086087391 0.976009548 72.401298523 -0.013426951 0.996279895 -0.085124113 -4.476633072 -0.979706764 0.003918771 0.200397655 55.300579071
0.197604671 0.085419513 0.976553023 73.029800415 -0.014877457 0.996342838 -0.084140092 -4.525130749 -0.980168879 0.002097848 0.198152825 55.429035187
0.195129514 0.082750924 0.977280438 73.569908142 -0.015230926 0.996569872 -0.081343159 -4.562289715 -0.980659187 0.000987563 0.195720538 55.518928528
0.193048969 0.078789130 0.978020728 74.188842773 -0.014758843 0.996891141 -0.077396125 -4.614980698 -0.981078088 0.000506787 0.193611622 55.643875122
0.191127092 0.077856302 0.978472710 74.767372131 -0.011091809 0.996957123 -0.077160485 -4.666390419 -0.981502652 0.003894425 0.191409022 55.766830444
0.189783096 0.079652138 0.978589833 75.342643738 -0.006925509 0.996787608 -0.079790242 -4.706079960 -0.981801689 0.008365606 0.189725071 55.866981506
0.186624363 0.081103496 0.979077935 75.859855652 -0.003416046 0.996634066 -0.081906661 -4.755497932 -0.982425392 0.011941207 0.186273277 55.973968506
0.184857756 0.082890764 0.979263484 76.421363831 -0.003844546 0.996490002 -0.083623186 -4.799028397 -0.982757688 0.011693576 0.184527621 56.083835602
0.183776274 0.085696258 0.979225457 76.974685669 -0.004206475 0.996251881 -0.086396880 -4.839395046 -0.982959092 0.011758609 0.183447972 56.180374146
0.182738841 0.083968654 0.979569197 77.549858093 -0.002363433 0.996380806 -0.084968850 -4.887811661 -0.983158588 0.013211961 0.182275951 56.277999878
0.183851689 0.081833452 0.979541659 78.117828369 0.003681010 0.996464193 -0.083938099 -4.938372612 -0.982947111 0.019037863 0.182900384 56.367118835
0.185714141 0.080783553 0.979277372 78.691665649 0.008292742 0.996450365 -0.083772846 -4.967631340 -0.982568800 0.023678700 0.184384987 56.468666077
0.188124552 0.079939954 0.978886545 79.262062073 0.011164138 0.996443689 -0.083519280 -5.017504692 -0.982081711 0.026640451 0.186563030 56.566741943
0.192090526 0.079710729 0.978134692 79.840072632 0.008301500 0.996528208 -0.082839943 -5.065306664 -0.981342018 0.024032753 0.190761939 56.682510376
0.196836412 0.080691613 0.977110207 80.421310425 0.007223694 0.996461034 -0.083744831 -5.108675003 -0.980409741 0.023542376 0.195556924 56.816471100
0.203172863 0.079185463 0.975935817 80.989204407 0.008409853 0.996546566 -0.082608581 -5.152266502 -0.979106724 0.024991300 0.201805338 56.937324524
0.210592434 0.079266898 0.974355042 81.563095093 0.007500432 0.996546805 -0.082693383 -5.191315174 -0.977545142 0.024722684 0.209270701 57.068260193
0.218705535 0.077762194 0.972687483 82.211090088 0.006432578 0.996683002 -0.081126876 -5.242619991 -0.975769818 0.023999786 0.217479885 57.244644165
0.227594450 0.077275880 0.970684886 82.800262451 0.003184215 0.996781766 -0.080100030 -5.289391518 -0.973750770 0.021321192 0.226615936 57.399269104
0.237278044 0.077355027 0.968357027 83.402580261 0.001778720 0.996788204 -0.080062039 -5.333769798 -0.971440077 0.020719402 0.236378402 57.551025391
0.247446880 0.080619901 0.965541542 84.015739441 -0.003347494 0.996597409 -0.082355097 -5.387519836 -0.968895733 0.017146366 0.246874809 57.712806702
0.256106108 0.082960673 0.963082135 84.619575500 -0.006752508 0.996439576 -0.084038474 -5.429770470 -0.966625094 0.015019546 0.255754411 57.899993896
0.267076254 0.085371129 0.959886551 85.224639893 -0.010034413 0.996260524 -0.085814260 -5.475784302 -0.963623166 0.013287053 0.266934186 58.076530457
0.277217686 0.087329254 0.956830144 85.867149353 -0.011904901 0.996096551 -0.087463923 -5.526759148 -0.960733473 0.012855577 0.277175248 58.276168823
0.286708444 0.088457398 0.953925252 86.511184692 -0.015198831 0.996022701 -0.087792985 -5.576430321 -0.957897365 0.010672436 0.286912560 58.493736267
0.297641516 0.088497005 0.950567067 87.197792053 -0.015977813 0.996016562 -0.087725319 -5.635018349 -0.954543948 0.010922720 0.297869861 58.691123962
0.307770371 0.089616008 0.947230875 87.854118347 -0.020526489 0.995948076 -0.087555684 -5.685889721 -0.951239169 0.007503723 0.308362782 58.919811249
0.318190932 0.084743403 0.944231391 88.508682251 -0.019909143 0.996374428 -0.082714088 -5.734201431 -0.947817504 0.007520035 0.318724424 59.159996033
0.328521580 0.077552170 0.941307187 89.188415527 -0.016294817 0.996940315 -0.076448686 -5.786340237 -0.944355905 0.009776616 0.328780144 59.406921387
0.340008646 0.073213279 0.937568009 89.878356934 -0.014694587 0.997256875 -0.072545297 -5.834121227 -0.940307438 0.010888857 0.340151727 59.640228271
0.350155801 0.070459247 0.934037626 90.579765320 -0.015732631 0.997468591 -0.069346257 -5.879150391 -0.936559260 0.009587128 0.350377947 59.918762207
0.360018641 0.068131432 0.930454016 91.311027527 -0.009562334 0.997546911 -0.069344305 -5.916531563 -0.932896078 0.016067926 0.359786958 60.174766541
0.368362039 0.062946573 0.927549005 92.029785156 -0.002940875 0.997779071 -0.066544697 -5.954790592 -0.929677725 0.021784738 0.367729068 60.461181641
0.375155658 0.052808266 0.925456405 92.745033264 0.007089862 0.998183250 -0.059832241 -6.003468513 -0.926934719 0.029007763 0.374099702 60.761760712
0.382309735 0.048230749 0.922774613 93.484718323 0.012551012 0.998273730 -0.057376806 -6.048246384 -0.923948944 0.033517469 0.381044447 61.062358856
0.390148997 0.048409849 0.919478238 94.279663086 0.013963912 0.998190939 -0.058479119 -6.110195637 -0.920645833 0.035655081 0.388767213 61.362426758
0.397972196 0.054183528 0.915795922 95.024848938 0.017093603 0.997642994 -0.066454321 -6.149629593 -0.917238176 0.042101227 0.396108031 61.681941986
0.404906958 0.058870018 0.912460804 95.740951538 0.020651421 0.997081816 -0.073493712 -6.187619686 -0.914124668 0.048601717 0.402509570 61.999389648
0.410304874 0.061627604 0.909863710 96.484939575 0.018024780 0.996971011 -0.075655945 -6.236438274 -0.911770344 0.047442086 0.407951236 62.337692261
0.414176941 0.062686659 0.908035159 97.192070007 0.011310977 0.997193992 -0.074001007 -6.303304672 -0.910126090 0.040920265 0.412305713 62.689765930
0.418552130 0.066143125 0.905780971 97.904129028 0.004783422 0.997169971 -0.075027019 -6.359014511 -0.908180177 0.035735454 0.417051256 63.016620636
0.422840625 0.069113784 0.903564632 98.618019104 0.003950869 0.996937275 -0.078104764 -6.418517113 -0.906195462 0.036595739 0.421272516 63.359153748
0.426739901 0.072820678 0.901437819 99.351448059 0.001385427 0.996699154 -0.081172034 -6.494513988 -0.904373348 0.035888221 0.425230473 63.712821960
0.430427551 0.076192997 0.899403393 100.042686462 -0.001840817 0.996502876 -0.083537810 -6.545300961 -0.902623296 0.034301341 0.429062635 64.051124573
0.433979899 0.074365214 0.897848129 100.713790894 -0.003134891 0.996706069 -0.081037939 -6.615503311 -0.900917113 0.032354187 0.432783514 64.386772156
0.438459039 0.071202137 0.895926356 101.390502930 -0.002207326 0.996939123 -0.078149714 -6.673593044 -0.898748398 0.032287847 0.437274098 64.716316223
0.442049086 0.068053938 0.894405544 102.086311340 -0.001771223 0.997182012 -0.074998632 -6.741127491 -0.896989107 0.031568885 0.440923899 65.060897827
0.445423603 0.067298517 0.892786920 102.734382629 -0.003400118 0.997290850 -0.073479690 -6.802412987 -0.895313442 0.029694010 0.444445789 65.393791199
0.448915929 0.069238029 0.890887499 103.329399109 -0.005182939 0.997178555 -0.074887089 -6.833951473 -0.893558979 0.029000595 0.448008180 65.698318481
0.451208711 0.069662429 0.889695346 103.957405090 -0.004064042 0.997098744 -0.076010957 -6.885875702 -0.892409205 0.030681044 0.450182706 66.033172607
0.453991503 0.067910865 0.888414204 104.605247498 -0.002357859 0.997179210 -0.075020038 -6.949985504 -0.891002893 0.031963695 0.452871025 66.351669312
0.456042916 0.066667557 0.887457192 105.220237732 0.000417356 0.997173965 -0.075124174 -6.991186142 -0.889957666 0.034630232 0.454726368 66.659652710
0.457358211 0.066843286 0.886766791 105.818550110 -0.001568135 0.997230053 -0.074361086 -7.044904709 -0.889281332 0.032619078 0.456196100 66.984191895
0.459629983 0.066037782 0.885651886 106.400115967 -0.000206189 0.997239530 -0.074251220 -7.098842144 -0.888110459 0.033945478 0.458374828 67.281806946
0.462034225 0.067895226 0.884259284 106.975166321 -0.001288548 0.997115552 -0.075887285 -7.150360584 -0.886861086 0.033923116 0.460789025 67.587684631
0.464712888 0.067831814 0.882859409 107.513496399 0.002133283 0.996972740 -0.077722259 -7.186243057 -0.885458827 0.038001925 0.463161379 67.872573853
0.467881113 0.067653947 0.881198049 108.083282471 0.003497941 0.996916175 -0.078395456 -7.234764099 -0.883784413 0.039762132 0.466201663 68.177520752
0.471416116 0.065426633 0.879480600 108.629325867 0.006806537 0.996944666 -0.077813476 -7.284268856 -0.881884575 0.042668745 0.469530493 68.449783325
0.474364311 0.064352185 0.877973437 109.161071777 0.008522946 0.996942103 -0.077677041 -7.325770378 -0.880287349 0.044330135 0.472365201 68.751083374
0.477879435 0.063652031 0.876116216 109.687950134 0.010078406 0.996908247 -0.077925153 -7.366818428 -0.878367603 0.046068680 0.475760430 69.030830383
0.481057256 0.063092746 0.874415934 110.210479736 0.010382474 0.996927083 -0.077644303 -7.414338112 -0.876627684 0.046429973 0.478923947 69.330566406
0.484341919 0.062795080 0.872622311 110.734397888 0.011759096 0.996863425 -0.078262426 -7.459411621 -0.874799788 0.048167020 0.482084304 69.626251221
0.488044620 0.063573055 0.870500326 111.242156982 0.011792125 0.996772647 -0.079405993 -7.505359650 -0.872739077 0.049018718 0.485719830 69.925010681
0.492700338 0.063927501 0.867847741 111.774017334 0.013605853 0.996610224 -0.081136808 -7.559356689 -0.870092690 0.051783942 0.490160286 70.214553833
0.498017997 0.067238182 0.864556074 112.271125793 0.010946580 0.996422529 -0.083799355 -7.608055115 -0.867097557 0.051197514 0.495500386 70.489349365
0.503045976 0.073297046 0.861145914 112.773506165 0.007687334 0.995978355 -0.089264020 -7.655115128 -0.864225447 0.051523831 0.500459433 70.807754517
0.508914351 0.080447830 0.857049823 113.265426636 0.003005199 0.995451450 -0.095223501 -7.697207451 -0.860811889 0.051036209 0.506357670 71.115562439
0.515645444 0.084672101 0.852607965 113.740653992 -0.001901972 0.995215654 -0.097684130 -7.805264473 -0.856799960 0.048748735 0.513339460 71.382377625
0.521901727 0.089203328 0.848328531 114.239273071 -0.005201376 0.994831383 -0.101408407 -7.854907036 -0.852989733 0.048512753 0.519668102 71.709838867
0.527816772 0.089570910 0.844622076 114.742141724 -0.009899020 0.995005071 -0.099332765 -7.909119606 -0.849300623 0.044068571 0.526067078 72.020149231
0.533248305 0.088084459 0.841360450 115.225921631 -0.015706740 0.995423734 -0.094258986 -7.975547791 -0.845812976 0.037048403 0.532191575 72.339439392
0.538756907 0.085228436 0.838139057 115.739639282 -0.021722972 0.995944083 -0.087311737 -8.034623146 -0.842181146 0.028832927 0.538423240 72.710250854
0.545085907 0.083617739 0.834199905 116.249595642 -0.028357346 0.996283293 -0.081335172 -8.087613106 -0.837900460 0.020678967 0.545431256 73.038421631
0.551013291 0.082132243 0.830444813 116.774421692 -0.031000212 0.996472538 -0.077983521 -8.126326561 -0.833920419 0.017225988 0.551615775 73.409034729
0.557407796 0.085846901 0.825788558 117.301666260 -0.035503227 0.996194661 -0.079597183 -8.161965370 -0.829479337 0.015049934 0.558334529 73.776283264
0.563430905 0.089936778 0.821253359 117.840499878 -0.039156593 0.995846927 -0.082192957 -8.205150604 -0.825234771 0.014152565 0.564612567 74.169143677
0.569560945 0.089661866 0.817044139 118.365776062 -0.039867971 0.995876014 -0.081494816 -8.330188751 -0.820981681 0.013842374 0.570786715 74.553840637
0.576202989 0.091245189 0.812197328 118.903755188 -0.042474151 0.995748818 -0.081733286 -8.389742851 -0.816202223 0.012597566 0.577628911 74.935050964
0.581868470 0.092532411 0.808001757 119.487419128 -0.045538280 0.995654643 -0.081228837 -8.429769516 -0.812006891 0.010469489 0.583553851 75.397163391
