0.999979317 0.006345761 0.001008030 -0.171694770 -0.006324596 0.999784589 -0.019769194 0.154736415 -0.001133264 0.019762412 0.999804080 1.663709402
0.999976754 0.006471879 -0.002145314 -0.193788677 -0.006515848 0.999754786 -0.021164877 0.136687785 0.002007812 0.021178365 0.999773622 2.452697039
0.999948800 0.007844737 -0.006388117 -0.215001822 -0.007984302 0.999723256 -0.022123372 0.124451824 0.006212797 0.022173241 0.999734819 3.235337496
0.999921620 0.006953105 -0.010407852 -0.226954743 -0.007190088 0.999711692 -0.022908170 0.116203263 0.010245572 0.022981208 0.999683380 4.007555008
0.999856532 0.008838272 -0.014449984 -0.247384816 -0.009189455 0.999659657 -0.024420416 0.096107386 0.014229232 0.024549702 0.999597311 4.804028511
0.999745309 0.011897597 -0.019176459 -0.272347659 -0.012386369 0.999596179 -0.025574183 0.083056927 0.018864451 0.025805198 0.999488890 5.623104572
0.999645710 0.012635518 -0.023432199 -0.295998305 -0.013204223 0.999618053 -0.024276398 0.066537768 0.023116505 0.024577199 0.999430716 6.471703053
0.999550045 0.012001714 -0.027488295 -0.323470682 -0.012613983 0.999673724 -0.022209767 0.049994200 0.027212769 0.022546507 0.999375522 7.331160069
0.999476016 0.011638257 -0.030204620 -0.367903531 -0.012227553 0.999737024 -0.019399289 0.024581313 0.029970914 0.019758450 0.999355495 8.195641518
0.999321342 0.013160709 -0.034403682 -0.389102638 -0.013864795 0.999697685 -0.020307554 0.004653081 0.034126017 0.020770771 0.999201775 8.972555161
0.999298513 0.013308771 -0.035008773 -0.445399970 -0.014045348 0.999683321 -0.020878602 -0.020286366 0.034719814 0.021355661 0.999168873 9.994584084
0.999181151 0.010563714 -0.039056707 -0.452614933 -0.011405606 0.999706030 -0.021395974 -0.043682829 0.038819209 0.021823918 0.999007881 10.853073120
0.999150991 0.010918874 -0.039724924 -0.512675643 -0.011782043 0.999698043 -0.021559767 -0.057568148 0.039477520 0.022009501 0.998978019 11.878791809
0.999030471 0.009097598 -0.043074422 -0.537553430 -0.010055512 0.999705732 -0.022074349 -0.080364093 0.042860925 0.022486083 0.998827934 12.791325569
0.998974800 0.012322926 -0.043560840 -0.601243675 -0.013392569 0.999613762 -0.024349205 -0.116520524 0.043243967 0.024907637 0.998753965 13.782497406
0.998814106 0.012751633 -0.046988599 -0.626513541 -0.014036804 0.999533534 -0.027123017 -0.143519402 0.046620812 0.027750423 0.998527110 14.723475456
0.998787820 0.017036036 -0.046179272 -0.721235573 -0.018392658 0.999406874 -0.029113378 -0.175905287 0.045655917 0.029927451 0.998508811 15.705224037
0.998714507 0.017972434 -0.047394257 -0.771886706 -0.019352442 0.999397159 -0.028821290 -0.210625231 0.046847697 0.029701436 0.998460412 16.683704376
0.998609006 0.017005898 -0.049907256 -0.812197208 -0.018393097 0.999453425 -0.027469132 -0.243027061 0.049412850 0.028348878 0.998376012 17.653514862
0.998580813 0.018171612 -0.050060499 -0.884248495 -0.019495981 0.999469340 -0.026095277 -0.279144645 0.049559742 0.027034223 0.998405159 18.645664215
0.998551250 0.017918464 -0.050737318 -0.945829988 -0.019251032 0.999479175 -0.025898349 -0.318465590 0.050246820 0.026837574 0.998376191 19.630708694
0.998465002 0.018154180 -0.052326344 -1.002142787 -0.019581730 0.999446452 -0.026899297 -0.353196979 0.051809043 0.027882650 0.998267710 20.610214233
0.998431623 0.016830321 -0.053393833 -1.056589603 -0.018329373 0.999447882 -0.027711004 -0.386030585 0.052897960 0.028646216 0.998188913 21.593856812
0.998393059 0.016723206 -0.054143909 -1.108889103 -0.018150110 0.999497831 -0.025970293 -0.420467377 0.053682406 0.026911279 0.998195350 22.587379456
0.998335063 0.018017232 -0.054793030 -1.165065527 -0.019278977 0.999558985 -0.022586785 -0.453794867 0.054361902 0.023605539 0.998242259 23.566453934
0.998419583 0.018559678 -0.053044174 -1.230940580 -0.019589543 0.999628305 -0.018961713 -0.489246875 0.052672509 0.019970857 0.998412132 24.569343567
0.998489261 0.017697336 -0.052018512 -1.277198672 -0.018591741 0.999686718 -0.016760662 -0.507158697 0.051705610 0.017702457 0.998505414 25.545244217
0.998597026 0.017984509 -0.049804002 -1.341829538 -0.018789327 0.999699593 -0.015738934 -0.543973446 0.049505968 0.016652638 0.998634994 26.564796448
0.998641014 0.017914265 -0.048940387 -1.388271451 -0.018858762 0.999643445 -0.018905785 -0.569144607 0.048584256 0.019803047 0.998622775 27.556970596
0.998660028 0.019690339 -0.047856811 -1.443886638 -0.020860549 0.999492466 -0.024077084 -0.595253587 0.047358427 0.025043149 0.998564005 28.569257736
0.998716533 0.019159053 -0.046883442 -1.493275166 -0.020462101 0.999413133 -0.027473060 -0.617274463 0.046329565 0.028397139 0.998522580 29.554677963
0.998817205 0.016842840 -0.045611728 -1.546402931 -0.018040270 0.999499917 -0.025969563 -0.666540504 0.045151532 0.026761696 0.998621583 30.585193634
0.998819113 0.016017154 -0.045867085 -1.592644215 -0.017050905 0.999607325 -0.022236153 -0.681761622 0.045492921 0.022991970 0.998700023 31.601493835
0.998844504 0.012194512 -0.046484955 -1.639575124 -0.013043034 0.999752939 -0.017994279 -0.734681010 0.046254054 0.018579794 0.998756886 32.608177185
0.998831153 0.006332403 -0.047919221 -1.675878763 -0.007284699 0.999778807 -0.019724462 -0.753053665 0.047783718 0.020050485 0.998656452 33.608703613
0.998792946 0.004001393 -0.048955582 -1.731101751 -0.005125880 0.999725282 -0.022865579 -0.800453246 0.048850644 0.023088915 0.998539209 34.617710114
0.998705149 0.004774280 -0.050647411 -1.785474896 -0.006157689 0.999611139 -0.027193725 -0.829196572 0.050497897 0.027470384 0.998346269 35.621200562
0.998604298 0.006009143 -0.052471161 -1.850683331 -0.007479165 0.999583662 -0.027864572 -0.869068980 0.052281857 0.028218118 0.998233736 36.658229828
0.998535812 0.006307870 -0.053723630 -1.902229071 -0.007767172 0.999605298 -0.026997946 -0.901689649 0.053532131 0.027375702 0.998190820 37.665859222
0.998436272 0.009181640 -0.055140596 -1.958126903 -0.010563203 0.999636114 -0.024816368 -0.929887533 0.054892685 0.025360024 0.998170137 38.666622162
0.998625278 -0.002265082 -0.052371211 -2.113209724 0.001707812 0.999941468 -0.010683197 -2.245575190 0.052392334 0.010579068 0.998570681 39.690013885
0.998558998 -0.000612637 -0.053664185 -2.162617445 0.000151134 0.999962926 -0.008603572 -2.257859468 0.053667471 0.008583060 0.998521984 40.683395386
0.998582602 -0.003079061 -0.053132925 -2.226226807 0.002776863 0.999979675 -0.005760451 -2.294618607 0.053149574 0.005604744 0.998570800 41.721893311
0.998554707 0.003433069 -0.053632282 -2.297594786 -0.003661043 0.999984741 -0.004153007 -2.304710865 0.053617198 0.004343356 0.998552084 42.731136322
0.998498023 0.003037258 -0.054702342 -2.344002247 -0.003300040 0.999983490 -0.004714178 -2.322674513 0.054687120 0.004887620 0.998491585 43.741275787
0.998560965 0.002157057 -0.053585090 -2.413006783 -0.002470748 0.999980092 -0.005788579 -2.343751431 0.053571537 0.005912644 0.998546541 44.756881714
0.998554528 0.004375010 -0.053570122 -2.470213175 -0.004829720 0.999953330 -0.008361720 -2.351248503 0.053531036 0.008608358 0.998529077 45.738998413
0.998489022 0.004313633 -0.054781470 -2.523290157 -0.004761944 0.999956369 -0.008055697 -2.387039661 0.054744311 0.008304390 0.998465836 46.761642456
0.998417497 0.002234493 -0.056192912 -2.574929953 -0.002660393 0.999968350 -0.007505370 -2.393662214 0.056174364 0.007642986 0.998391688 47.746742249
0.998405874 0.003225678 -0.056348845 -2.647557259 -0.003556855 0.999976933 -0.005778074 -2.427819967 0.056328911 0.005969288 0.998394370 48.767547607
0.998353243 0.005589686 -0.057091963 -2.707319260 -0.006148573 0.999934852 -0.009618295 -2.448406219 0.057034478 0.009953495 0.998322546 49.747917175
0.998307109 0.006285038 -0.057820752 -2.775787115 -0.007097110 0.999878824 -0.013849890 -2.467179775 0.057726696 0.014236807 0.998230934 50.725471497
0.998274863 0.007184503 -0.058274444 -2.833567858 -0.008065468 0.999856472 -0.014896375 -2.492301226 0.058159068 0.015340684 0.998189449 51.717464447
0.998249352 0.005686813 -0.058871116 -2.880501509 -0.006353850 0.999917686 -0.011149583 -2.524742365 0.058802873 0.011504122 0.998203278 52.687129974
0.998272896 0.001578448 -0.058727708 -2.949591398 -0.002068111 0.999963522 -0.008278076 -2.569964409 0.058712531 0.008385231 0.998239696 53.682079315
0.998220503 -0.000597408 -0.059628025 -3.006432772 0.000145607 0.999971271 -0.007580880 -2.592470169 0.059630841 0.007558705 0.998191833 54.654056549
0.998265624 -0.001277378 -0.058855940 -3.062323332 0.000774672 0.999963045 -0.008563414 -2.593439102 0.058864694 0.008502971 0.998229742 55.605995178
0.998232663 -0.003692375 -0.059310414 -3.122437239 0.003098624 0.999944091 -0.010099835 -2.609948874 0.059344385 0.009898204 0.998188436 56.559436798
0.998123586 -0.005451040 -0.060987469 -3.169938564 0.004906405 0.999946773 -0.009076430 -2.631587267 0.061033681 0.008760169 0.998097301 57.516399384
0.998026133 -0.011240206 -0.061785474 -3.228456497 0.010960156 0.999928057 -0.004869597 -2.678546667 0.061835770 0.004182804 0.998077512 58.487697601
0.998008847 -0.011604545 -0.061998285 -3.287032604 0.011654108 0.999931931 0.000437804 -2.694576263 0.061988994 -0.001159469 0.998076081 59.415626526
0.997646868 -0.022754475 -0.064675525 -3.342360020 0.022861639 0.999738216 0.000917196 -2.752092838 0.064637721 -0.002393626 0.997905850 60.398525238
0.997557819 -0.021709213 -0.066387616 -3.402340174 0.021531414 0.999762475 -0.003392575 -2.767545462 0.066445500 0.001954865 0.997788072 61.327037811
0.997530162 -0.019929532 -0.067351721 -3.474127293 0.019212643 0.999751806 -0.011275045 -2.785685301 0.067559712 0.009953193 0.997665524 62.251850128
0.997515857 -0.018388938 -0.067998864 -3.544595480 0.017369984 0.999728322 -0.015545996 -2.813029766 0.068266280 0.014326237 0.997564316 63.194488525
0.997542799 -0.013243480 -0.068795972 -3.613011837 0.012221824 0.999809086 -0.015250266 -2.826457024 0.068984784 0.014371982 0.997514248 64.083389282
0.997483611 -0.010516089 -0.070114978 -3.680690765 0.009681069 0.999878347 -0.012238501 -2.868460178 0.070235126 0.011528908 0.997463763 65.003463745
0.997420847 -0.007653953 -0.071365833 -3.749441862 0.006860262 0.999911904 -0.011359994 -2.887283087 0.071446493 0.010841108 0.997385561 65.884681702
0.997231662 -0.019410463 -0.071778737 -3.807152033 0.018457144 0.999732792 -0.013920942 -2.952554226 0.072029769 0.012557575 0.997323394 66.750679016
0.997136414 -0.018175261 -0.073406845 -3.872665167 0.017276229 0.999767900 -0.012863736 -2.979471684 0.073623605 0.011558702 0.997219145 67.594764709
0.997043729 -0.016981438 -0.074935071 -3.937143326 0.016094141 0.999793351 -0.012428538 -3.004727840 0.075130619 0.011185776 0.997110903 68.448699951
0.996907234 -0.017837582 -0.076535858 -4.002703667 0.016954392 0.999782205 -0.012173704 -3.024859905 0.076736338 0.010838431 0.996992469 69.272720337
0.996835768 -0.017315703 -0.077582031 -4.071474552 0.016532257 0.999805629 -0.010729452 -3.056252480 0.077752762 0.009412889 0.996928215 70.090721130
0.996791422 -0.014015442 -0.078807756 -4.142096043 0.013394843 0.999875009 -0.008398119 -3.075870037 0.078915618 0.007315552 0.996854424 70.889778137
0.996685982 -0.012702810 -0.080348417 -4.206805229 0.012405319 0.999914229 -0.004200608 -3.092465878 0.080394879 0.003189940 0.996757984 71.666221619
0.996575177 -0.009968257 -0.082088023 -4.275264740 0.009822538 0.999949336 -0.002178672 -3.119464397 0.082105607 0.001364897 0.996622682 72.467071533
0.996535063 -0.007412462 -0.082841761 -4.362065315 0.006914753 0.999956250 -0.006293205 -3.137270689 0.082884803 0.005698569 0.996542811 73.207984924
0.996381819 -0.013168421 -0.083963476 -4.409431458 0.011993678 0.999823213 -0.014480309 -3.173993111 0.084139317 0.013420884 0.996363521 73.942176819
0.996273398 -0.013874115 -0.085127898 -4.475364208 0.012183428 0.999718726 -0.020347977 -3.194199085 0.085386254 0.019234996 0.996162236 74.642875671
0.996216655 -0.013181227 -0.085898280 -4.528612137 0.011338156 0.999695659 -0.021909026 -3.203614712 0.086160913 0.020852212 0.996062994 75.333053589
0.996204555 -0.010451511 -0.086413614 -4.605419636 0.008901548 0.999792874 -0.018302472 -3.232320309 0.086587004 0.017463790 0.996091247 76.028938293
0.996125877 -0.009913024 -0.087379158 -4.676636696 0.008517765 0.999830365 -0.016326264 -3.256143093 0.087526195 0.015518732 0.996041417 76.673385620
0.995982707 -0.013317816 -0.088549890 -4.726692200 0.011674333 0.999750257 -0.019051990 -3.289180040 0.088781513 0.017941697 0.995889544 77.323562622
0.995856822 -0.021513119 -0.088353947 -4.772372723 0.019417392 0.999510944 -0.024511201 -3.307776928 0.088838056 0.022694040 0.995787501 77.933868408
0.995852053 -0.025396436 -0.087371044 -4.811636925 0.022898231 0.999303102 -0.029477634 -3.323636532 0.088058800 0.027354715 0.995739639 78.520606995
0.996190012 -0.022899978 -0.084147967 -4.870756149 0.020485144 0.999356329 -0.029449631 -3.351771116 0.084768191 0.027613645 0.996018052 79.124465942
0.996637762 -0.018058309 -0.079917505 -4.924803734 0.016030641 0.999534905 -0.025941167 -3.383286715 0.080348790 0.024572816 0.996463895 79.691772461
0.996936917 -0.019499397 -0.075740613 -4.960725307 0.017798584 0.999575377 -0.023066413 -3.398608208 0.076158218 0.021647682 0.996860683 80.251731873
0.997273207 -0.022950839 -0.070138723 -4.988044262 0.021718333 0.999596775 -0.018284837 -3.425031900 0.070530102 0.016711682 0.997369647 80.796897888
0.997680664 -0.027718892 -0.062167086 -5.009387970 0.026843803 0.999529064 -0.014867595 -3.444195747 0.062549911 0.013164308 0.997954965 81.329757690
0.998384714 -0.024137881 -0.051431183 -5.034842968 0.023409488 0.999617636 -0.014717997 -3.460337162 0.051766776 0.013490243 0.998567998 81.843818665
0.999158978 -0.018882900 -0.036400083 -5.049647331 0.018346548 0.999718964 -0.015013137 -3.473582745 0.036673345 0.014332691 0.999224663 82.351844788
0.999742746 -0.013922159 -0.017909072 -5.062688351 0.013663757 0.999801993 -0.014470819 -3.479540825 0.018106984 0.014222388 0.999734938 82.838722229
0.999873579 -0.015493431 0.003585129 -5.035573959 0.015537568 0.999799550 -0.012625006 -3.503396273 -0.003388806 0.012679110 0.999913812 83.323852539
0.999349833 -0.019001298 0.030644162 -5.013423920 0.019358320 0.999747634 -0.011395910 -3.509617567 -0.030419890 0.011981717 0.999465466 83.791709900
0.998027265 -0.019982655 0.059516266 -4.956041336 0.020518595 0.999754071 -0.008407248 -3.530052900 -0.059333637 0.009611855 0.998191953 84.239540100
0.995429754 -0.020325691 0.093308859 -4.903958797 0.020983830 0.999761343 -0.006077543 -3.539347649 -0.093163058 0.008007744 0.995618761 84.691719055
0.991293907 -0.020601211 0.130045503 -4.812511444 0.021306895 0.999764800 -0.004037315 -3.554612637 -0.129931733 0.006773033 0.991499782 85.119926453
0.985027313 -0.020381123 0.171189174 -4.707524300 0.021244416 0.999769151 -0.003212274 -3.557131290 -0.171084180 0.006800991 0.985232949 85.545120239
0.976039588 -0.021029439 0.216575101 -4.601032257 0.021779712 0.999762177 -0.001077701 -3.575518131 -0.216500953 0.005768823 0.976265371 85.945243835
0.963731587 -0.018575912 0.266226321 -4.483243942 0.019593606 0.999807298 -0.001166816 -3.587478161 -0.266153395 0.006340827 0.963909745 86.329383850
0.947904289 -0.017448528 0.318077177 -4.305637360 0.019373111 0.999808192 -0.002888204 -3.589821100 -0.317965806 0.008899883 0.948060334 86.709457397
0.927507401 -0.017296595 0.373404711 -4.122739792 0.019863008 0.999798179 -0.003026165 -3.596244097 -0.373276979 0.010223726 0.927663565 87.067855835
0.902604043 -0.017041948 0.430134326 -3.921661377 0.020158155 0.999793172 -0.002688474 -3.603259325 -0.429999530 0.011097341 0.902760923 87.410018921
0.872852206 -0.016668452 0.487699956 -3.699890137 0.020584708 0.999784589 -0.002670807 -3.605199575 -0.487550378 0.012370384 0.873007178 87.729431152
0.838140190 -0.018180111 0.545151711 -3.462608337 0.022940123 0.999734998 -0.001929300 -3.617836475 -0.544972181 0.014122876 0.838335156 88.037292480
0.802011490 -0.000102698 0.597308636 -3.214584351 0.008096113 0.999910116 -0.010698795 -3.533319235 -0.597253680 0.013416440 0.801940143 88.409996033
0.761104107 -0.001653139 0.648627698 -2.939361572 0.009010173 0.999927282 -0.008024110 -3.547775269 -0.648567140 0.011951433 0.761063516 88.683868408
0.718392313 -0.001559650 0.695636392 -2.635566711 0.007174891 0.999960959 -0.005167632 -3.553699017 -0.695601165 0.008703508 0.718375385 88.926383972
0.673095584 -0.002869223 0.739549935 -2.325248718 0.008802719 0.999952734 -0.004132223 -3.556179523 -0.739503145 0.009291435 0.673088849 89.147254944
0.623796046 0.008818834 0.781537473 -1.979549408 0.003334525 0.999897182 -0.013944305 -3.518014431 -0.781580031 0.011304458 0.623702526 89.379226685
0.576223969 0.006025871 0.817269504 -1.641986847 0.009337252 0.999859035 -0.013955462 -3.532936096 -0.817238450 0.015672522 0.576086521 89.560989380
0.529042423 0.008604910 0.848551810 -1.296085358 0.007414447 0.999863565 -0.014761964 -3.541819811 -0.848563135 0.014101243 0.528906405 89.733856201
0.481159151 0.011415132 0.876558900 -0.953216553 0.004241885 0.999873221 -0.015349469 -3.553308487 -0.876623034 0.011103796 0.481049687 89.890747070
0.434023678 0.016330386 0.900753438 -0.602935791 0.002168267 0.999813795 -0.019171091 -3.551269770 -0.900898874 0.010273782 0.433907449 90.045944214
0.391271412 0.013642463 0.920174181 -0.237934113 0.009845219 0.999770820 -0.019008884 -3.562108755 -0.920222700 0.016496951 0.391047418 90.155464172
0.351370245 0.006517503 0.936213851 0.139240265 0.025092548 0.999550998 -0.016375903 -3.567568779 -0.935900331 0.029245995 0.351048797 90.244491577
0.315416068 0.003569996 0.948946714 0.517036438 0.029495725 0.999472797 -0.013564024 -3.568094254 -0.948495030 0.032268189 0.315144420 90.332611084
0.277960509 0.014446309 0.960483849 0.813268661 0.031312108 0.999219179 -0.024090532 -3.075841188 -0.960082054 0.036770992 0.277291179 90.529899597
0.246168539 0.021859109 0.968980491 1.202751160 0.020539282 0.999403477 -0.027763402 -3.097610950 -0.969009399 0.026736632 0.245572761 90.630722046
0.217636362 0.026351465 0.975674093 1.605770111 0.016364101 0.999396443 -0.030642387 -3.119665384 -0.975892723 0.022634933 0.217073783 90.711593628
0.191743329 0.027782852 0.981051743 2.018270493 0.018249493 0.999325395 -0.031867161 -3.142123699 -0.981275380 0.024014009 0.191106960 90.772766113
0.168348208 0.029802462 0.985276937 2.435359955 0.025846239 0.999065638 -0.034635730 -3.154235125 -0.985388696 0.031296566 0.167420611 90.816055298
0.148271263 0.035667248 0.988303244 2.877467155 0.033364158 0.998600185 -0.041044347 -3.164400816 -0.988383710 0.039059613 0.146873653 90.857055664
0.128941059 0.042696241 0.990732729 3.306251526 0.035576526 0.998230398 -0.047649555 -3.168415546 -0.991013885 0.041390810 0.127193898 90.890670776
0.110686392 0.043313295 0.992911100 3.780650139 0.033704624 0.998311639 -0.047306158 -3.189244747 -0.993283629 0.038701847 0.109039642 90.950180054
0.094621345 0.038815890 0.994756341 4.248951912 0.032062735 0.998602331 -0.042015776 -3.220257521 -0.994996905 0.035870202 0.093244545 90.992866516
0.080292121 0.035554577 0.996137083 4.746351242 0.032431450 0.998741508 -0.038261611 -3.248170137 -0.996243596 0.035378270 0.079037979 91.023475647
0.067243911 0.033400290 0.997177303 5.245172977 0.035252310 0.998735964 -0.035829708 -3.266868114 -0.997113585 0.037562139 0.065981477 91.042732239
0.055710521 0.031867541 0.997938275 5.757805347 0.039114632 0.998653591 -0.034073982 -3.295070648 -0.997680545 0.040932264 0.054389037 91.057655334
0.045530252 0.033253159 0.998409271 6.281368256 0.042739812 0.998465776 -0.035204090 -3.310950756 -0.998048186 0.044274680 0.044039160 91.071205139
0.037650347 0.033498183 0.998729348 6.828141212 0.044764943 0.998378038 -0.035173964 -3.336444139 -0.998287857 0.046032373 0.036089737 91.083869934
0.032313950 0.034245409 0.998890877 7.384591579 0.047129169 0.998248935 -0.035748009 -3.352881432 -0.998366117 0.048232052 0.030643409 91.093269348
0.026811978 0.035331246 0.999015868 7.959359169 0.048617318 0.998146474 -0.036605302 -3.376144648 -0.998457551 0.049550936 0.025044572 91.101005554
0.020890791 0.035806589 0.999140322 8.561955452 0.049404439 0.998100579 -0.036802307 -3.405420303 -0.998560309 0.050130796 0.019082107 91.106094360
0.016648781 0.035877571 0.999217391 9.149061203 0.052250553 0.997959316 -0.036702983 -3.427963495 -0.998495162 0.052820724 0.014740185 91.107048035
0.014068551 0.035900399 0.999256313 9.777868271 0.053997919 0.997869670 -0.036610816 -3.454645395 -0.998441935 0.054472819 0.012100037 91.105842590
0.011221543 0.035157602 0.999318779 10.416074753 0.054957837 0.997849584 -0.035723034 -3.485716343 -0.998425543 0.055321258 0.009265224 91.104568481
0.008750567 0.034554455 0.999364555 11.087691307 0.056813572 0.997771263 -0.034996834 -3.512483597 -0.998346388 0.057083685 0.006767903 91.112068176
0.008073947 0.034071341 0.999386847 11.744298935 0.061598472 0.997504294 -0.034504820 -3.545516014 -0.998068452 0.061839290 0.005955059 91.106506348
0.009090466 0.033785675 0.999387801 12.427894592 0.065300919 0.997275591 -0.034308255 -3.572329283 -0.997824252 0.065572806 0.006859465 91.108230591
0.011245118 0.033858392 0.999363363 13.159285545 0.066583052 0.997183084 -0.034533735 -3.603007555 -0.997717559 0.066928998 0.008959049 91.123443604
0.015395770 0.033391282 0.999323785 13.856935501 0.069600783 0.996982157 -0.034385327 -3.635848522 -0.997456133 0.070083097 0.013025245 91.123390198
0.019938366 0.032861382 0.999261022 14.621000290 0.070274115 0.996941864 -0.034187298 -3.668053627 -0.997328401 0.070903838 0.017568085 91.135269165
0.023762938 0.031196209 0.999230862 15.340946198 0.071724646 0.996884048 -0.032828648 -3.693885088 -0.997141302 0.072449580 0.021451361 91.154541016
0.027522787 0.029875454 0.999174654 16.139833450 0.071158431 0.996958911 -0.031769302 -3.722799301 -0.997085273 0.071974069 0.025313199 91.184570312
0.031739712 0.027335482 0.999122202 16.885328293 0.068364449 0.997225404 -0.029455358 -3.757119179 -0.997155428 0.069239341 0.029782882 91.206497192
0.035720650 0.026184944 0.999018669 17.699136734 0.067581572 0.997304976 -0.028556453 -3.786322355 -0.997074187 0.068535306 0.033854768 91.243423462
0.039704125 0.026890751 0.998849571 18.466278076 0.064623117 0.997475863 -0.029422531 -3.822095633 -0.997119486 0.065716974 0.037866149 91.276367188
0.042850357 0.030948624 0.998601973 19.292011261 0.062332813 0.997489989 -0.033588886 -3.859878063 -0.997135103 0.063684978 0.040813692 91.316719055
0.044443734 0.035915688 0.998366117 20.067333221 0.056746475 0.997649193 -0.038416050 -3.896111250 -0.997398973 0.058361124 0.042301171 91.349906921
0.043992411 0.039050147 0.998268425 20.891242981 0.053812362 0.997692406 -0.041399062 -3.932983637 -0.997581482 0.055540431 0.041789521 91.396675110
0.044549011 0.038589261 0.998261631 21.695268631 0.051480569 0.997837305 -0.040870260 -3.971737623 -0.997679830 0.053211804 0.042466071 91.429527283
0.044530798 0.036353908 0.998346329 22.526062012 0.048653908 0.998072803 -0.038514130 -4.023711681 -0.997822464 0.050288513 0.042676214 91.474502563
0.044569608 0.035044804 0.998391390 23.321870804 0.050110344 0.998048007 -0.037269749 -4.062953949 -0.997748911 0.051690832 0.042726494 91.504333496
0.044914313 0.033774801 0.998419702 24.148347855 0.047114074 0.998244584 -0.035888318 -4.118802071 -0.997879326 0.048651520 0.043244194 91.547561646
0.044922974 0.034472648 0.998395503 24.944808960 0.046290632 0.998259127 -0.036550790 -4.148194790 -0.997917414 0.047858324 0.043249011 91.591171265
0.044974498 0.034677699 0.998386085 25.768695831 0.043295238 0.998390734 -0.036628183 -4.192926407 -0.998049498 0.044872701 0.043400738 91.630622864
0.043668088 0.036163073 0.998391330 26.557170868 0.040201370 0.998471737 -0.037924323 -4.232398987 -0.998236895 0.041792784 0.042147536 91.669891357
0.040643238 0.035623819 0.998538435 27.379383087 0.037052464 0.998623073 -0.037134975 -4.273868561 -0.998486519 0.038507599 0.039267324 91.713500977
0.037075933 0.034406062 0.998719931 28.180372238 0.035439502 0.998733222 -0.035722159 -4.313212872 -0.998683870 0.036718581 0.035809636 91.742416382
0.032509480 0.032071296 0.998956680 29.001844406 0.033614591 0.998884499 -0.033162922 -4.351441383 -0.998906076 0.034657635 0.031395156 91.772186279
0.026238831 0.029902764 0.999208331 29.802463531 0.031434618 0.999033630 -0.030722987 -4.389760971 -0.999161363 0.032215867 0.025273481 91.789802551
0.019465826 0.030157469 0.999355555 30.598848343 0.030981647 0.999046803 -0.030751619 -4.427987099 -0.999330401 0.031560291 0.018512938 91.787376404
0.010394643 0.030880895 0.999468982 31.407463074 0.031355802 0.999021411 -0.031193174 -4.466143131 -0.999454141 0.031663392 0.009416171 91.809700012
0.000375284 0.031196209 0.999513209 32.204944611 0.031225162 0.999025524 -0.031192714 -4.501550674 -0.999512255 0.031221660 -0.000599189 91.804847717
-0.009828420 0.030388447 0.999489844 33.001182556 0.034036200 0.998969257 -0.030037917 -4.537425995 -0.999372184 0.033723623 -0.010852597 91.796798706
-0.019778389 0.029951110 0.999355614 33.812950134 0.034126528 0.998989105 -0.029264716 -4.566693306 -0.999221742 0.033525735 -0.020780521 91.770530701
-0.031688023 0.028387787 0.999094486 34.586666107 0.034821350 0.999021173 -0.027281277 -4.609750748 -0.998891115 0.033925343 -0.032645501 91.747116089
-0.043091066 0.028406125 0.998667240 35.359474182 0.034708489 0.999034941 -0.026918961 -4.642597675 -0.998468041 0.033502273 -0.044035405 91.719947815
-0.053391799 0.029315220 0.998143256 36.152004242 0.035507757 0.998992562 -0.027440818 -4.676198006 -0.997942150 0.033976708 -0.054378930 91.663230896
-0.063428864 0.030185012 0.997529805 36.934726715 0.035956617 0.998962641 -0.027942033 -4.712872028 -0.997338414 0.034095459 -0.064448416 91.605468750
-0.074431814 0.031316694 0.996734142 37.701488495 0.035832189 0.998945296 -0.028710375 -4.744019985 -0.996582150 0.033578195 -0.075475462 91.555740356
-0.083812982 0.032335225 0.995956659 38.473468781 0.036978509 0.998885930 -0.029318461 -4.776314735 -0.995795250 0.034371722 -0.084915318 91.482818604
-0.094051279 0.032494295 0.995036840 39.238086700 0.037720643 0.998865902 -0.029053958 -4.814450264 -0.994852543 0.034800868 -0.095170304 91.430511475
-0.103528820 0.032886151 0.994082630 39.982627869 0.038367908 0.998841465 -0.029047744 -4.839238167 -0.993886232 0.035133593 -0.104670651 91.359535217
-0.111269921 0.032135047 0.993270576 40.723884583 0.040511832 0.998792827 -0.027775418 -4.885355949 -0.992964089 0.037148643 -0.112437464 91.249580383
-0.118656650 0.031112446 0.992447913 41.458580017 0.041989684 0.998772025 -0.026290437 -4.912758827 -0.992047131 0.038553033 -0.119817354 91.161453247
-0.124226853 0.029607954 0.991811991 42.176898956 0.045024078 0.998693287 -0.024174003 -4.944125175 -0.991231859 0.041652355 -0.125397593 91.075187683
-0.127338380 0.027833490 0.991468668 42.900547028 0.048178222 0.998599887 -0.021845952 -4.975906372 -0.990688562 0.044985376 -0.128501043 90.955947876
-0.130284816 0.026574895 0.991120338 43.596031189 0.050175712 0.998536587 -0.020178046 -5.006363869 -0.990206182 0.047101278 -0.131427556 90.872085571
-0.132012799 0.025524557 0.990919232 44.291786194 0.049524810 0.998589694 -0.019124314 -5.033375740 -0.990010083 0.046550438 -0.133090749 90.774116516
-0.132725731 0.025905097 0.990814149 44.954551697 0.050152533 0.998553336 -0.019389192 -5.063324451 -0.989883184 0.047118403 -0.133832932 90.690246582
-0.131617948 0.027156554 0.990928411 45.627410889 0.050952997 0.998488665 -0.020596024 -5.083858013 -0.989990175 0.047779962 -0.132802755 90.590774536
-0.128429264 0.029326878 0.991284847 46.247367859 0.052086510 0.998382509 -0.022788618 -5.100606441 -0.990349948 0.048705835 -0.129749075 90.503120422
-0.123540826 0.029158775 0.991910994 46.885440826 0.052247442 0.998372912 -0.022841403 -5.133908272 -0.990963101 0.049002972 -0.124863289 90.435745239
-0.116086528 0.029676106 0.992795646 47.449966431 0.051539734 0.998386919 -0.023816749 -5.164316654 -0.991900980 0.048403624 -0.117428765 90.377075195
-0.104545824 0.029664481 0.994077504 48.064414978 0.050223831 0.998437166 -0.024512600 -5.187314987 -0.993251026 0.047363698 -0.105872311 90.318199158
-0.091041207 0.029835222 0.995400012 48.615577698 0.049356002 0.998457968 -0.025412679 -5.213071346 -0.994623244 0.046815366 -0.092373364 90.281784058
-0.073625438 0.031421073 0.996790826 49.162788391 0.048946418 0.998412907 -0.027856899 -5.238006115 -0.996084034 0.046738364 -0.075046554 90.248893738
-0.052192334 0.033985406 0.998058558 49.700866699 0.046804804 0.998405755 -0.031549625 -5.260713100 -0.997539580 0.045067284 -0.053699806 90.230041504
-0.027686765 0.036555931 0.998948038 50.221725464 0.044967912 0.998364925 -0.035288271 -5.293245316 -0.998604655 0.043943588 -0.029285342 90.234756470
0.000910692 0.038010344 0.999276936 50.727500916 0.042554744 0.998370707 -0.038014647 -5.323863983 -0.999093771 0.042558592 -0.000708314 90.250877380
0.034337215 0.037764687 0.998696566 51.250019073 0.040463582 0.998413861 -0.039145220 -5.346406937 -0.998590887 0.041754972 0.032754660 90.285545349
0.072714552 0.035540555 0.996719360 51.752616882 0.039677598 0.998470664 -0.038497649 -5.370024681 -0.996563256 0.042346764 0.071193188 90.336212158
0.114824608 0.030971663 0.992902815 52.251262665 0.035664640 0.998740911 -0.035278223 -5.411602497 -0.992745399 0.039462324 0.113575444 90.415573120
0.160222739 0.026731983 0.986718893 52.730766296 0.032848924 0.998935103 -0.032396935 -5.434728146 -0.986534178 0.037603371 0.159173995 90.514961243
0.209228754 0.023185419 0.977591813 53.226127625 0.027303122 0.999190569 -0.029541221 -5.464821339 -0.977485538 0.032872181 0.208426371 90.643455505
0.260927230 0.021352999 0.965122223 53.692604065 0.021857273 0.999368370 -0.028019944 -5.495392799 -0.965110958 0.028406104 0.260295719 90.796859741
0.316349834 0.020762630 0.948415399 54.146194458 0.020794703 0.999368370 -0.028814297 -5.515433311 -0.948414683 0.028837413 0.315718293 90.977890015
0.374701351 0.021072652 0.926906109 54.590797424 0.021886216 0.999262035 -0.031565119 -5.546326637 -0.926887214 0.032113958 0.373963565 91.182395935
0.434681982 0.025525674 0.900222242 54.992538452 0.021051861 0.999037147 -0.038492672 -5.559107304 -0.900337934 0.035683423 0.433726013 91.412399292
0.494715899 0.025987152 0.868666172 55.390190125 0.020550312 0.998923481 -0.041587602 -5.626534939 -0.868811786 0.038425412 0.493649244 91.675827026
0.552917480 0.032576531 0.832598984 55.757663727 0.015872508 0.998642325 -0.049613908 -5.614987373 -0.833084762 0.040647838 0.551649749 91.974182129
0.610473216 0.033006400 0.791348875 56.110801697 0.009723231 0.998743713 -0.049157474 -5.680371761 -0.791977167 0.037703797 0.609385371 92.283935547
0.663780212 0.033695184 0.747168303 56.431121826 0.006757906 0.998673737 -0.051041052 -5.711716652 -0.747897148 0.038929328 0.662672043 92.622909546
0.713146448 0.032644033 0.700254679 56.716026306 0.004500210 0.998681426 -0.051138964 -5.734098911 -0.701000631 0.039620861 0.712059140 92.967803955
0.759233177 0.030420428 0.650107145 56.994705200 0.000355975 0.998887479 -0.047156602 -5.749780655 -0.650818467 0.036034293 0.758377850 93.358764648
0.801135123 0.024920670 0.597964406 57.224613190 -0.001347469 0.999205232 -0.039837424 -5.783906937 -0.598482013 0.031109422 0.800532103 93.741073608
0.838430822 0.022748716 0.544533134 57.464405060 -0.005044425 0.999409616 -0.033984873 -5.803356171 -0.544984758 0.025747107 0.838050663 94.188514709
0.870631933 0.019062081 0.491565555 57.640380859 -0.006709497 0.999616146 -0.026879974 -5.822583199 -0.491889328 0.020104408 0.870425642 94.590110779
0.896948397 0.018942162 0.441729158 57.819114685 -0.010698076 0.999719143 -0.021146946 -5.849841595 -0.442005694 0.014242070 0.896899164 95.047950745
0.917727113 0.021885606 0.396608174 57.945793152 -0.016291695 0.999714613 -0.017468201 -5.874733448 -0.396877378 0.009569622 0.917821705 95.454734802
0.933688343 0.027901748 0.356998146 58.090545654 -0.024041979 0.999594569 -0.015245816 -5.884359360 -0.357278854 0.005651895 0.933980703 95.950965881
0.946094990 0.031834055 0.322321147 58.220264435 -0.028156927 0.999474227 -0.016065337 -5.896039009 -0.322663158 0.006123763 0.946494102 96.446098328
0.955717385 0.034240648 0.292287648 58.345905304 -0.030911766 0.999393880 -0.016001321 -5.905206203 -0.292658418 0.006257615 0.956196666 96.937904358
0.962324500 0.029837919 0.270261347 58.430908203 -0.026698219 0.999526560 -0.015286853 -5.928091049 -0.270589530 0.007495419 0.962665617 97.302398682
0.966441453 0.026496800 0.255516648 58.549800873 -0.023519251 0.999615252 -0.014702068 -5.942413807 -0.255807966 0.008199125 0.966692805 97.823921204
0.969547749 0.030442044 0.243002579 58.668785095 -0.027564857 0.999503970 -0.015232337 -5.952583790 -0.243345797 0.008070149 0.969905913 98.356124878
0.971959114 0.035401568 0.232469693 58.797805786 -0.032967370 0.999353409 -0.014349145 -5.962263107 -0.232827425 0.006282870 0.972497761 98.909645081
0.972952485 0.044606905 0.226657718 58.863922119 -0.042328365 0.998992503 -0.014905661 -5.986234665 -0.227094308 0.004908449 0.973860443 99.307281494
0.973402143 0.049950775 0.223591864 58.983558655 -0.047004409 0.998723507 -0.018483877 -5.998126030 -0.224229768 0.007482440 0.974507630 99.867477417
0.973414063 0.051773470 0.223124698 59.108505249 -0.048112985 0.998603582 -0.021814382 -6.008215904 -0.223942533 0.010499231 0.974545836 100.451652527
0.972917736 0.051594775 0.225319698 59.220840454 -0.047350381 0.998585045 -0.024204483 -6.045424461 -0.226249740 0.012879998 0.973984122 100.917640686
0.971901894 0.050613314 0.229880273 59.353366852 -0.044721656 0.998525500 -0.030770889 -6.060892105 -0.231098741 0.019625660 0.972732246 101.515243530
0.971154511 0.050948627 0.232944846 59.497924805 -0.043908816 0.998411477 -0.035310686 -6.081000328 -0.234373793 0.024063803 0.971848726 102.035736084
0.969652772 0.056045510 0.237975925 59.631835938 -0.049080864 0.998178065 -0.035095964 -6.102660179 -0.239509284 0.022350840 0.970636785 102.661300659
0.968193233 0.059067253 0.243131310 59.770168304 -0.053143594 0.998110116 -0.030857157 -6.127735615 -0.244494468 0.016954817 0.969502449 103.219528198
0.967115819 0.055721283 0.248157486 59.935127258 -0.050675195 0.998358786 -0.026680794 -6.144389153 -0.249236941 0.013227992 0.968352199 103.851387024
0.966332972 0.051799797 0.252026886 60.093185425 -0.048110098 0.998625934 -0.020784436 -6.171920776 -0.252757192 0.007959639 0.967496991 104.450912476
0.965663075 0.049198650 0.255096853 60.281181335 -0.046679161 0.998782992 -0.015925074 -6.197389126 -0.255569875 0.003470548 0.966784418 105.102523804
0.964976490 0.044582870 0.258520216 60.438644409 -0.042008806 0.998997331 -0.015475248 -6.211626053 -0.258950979 0.004073127 0.965881884 105.716667175
0.964948118 0.041154698 0.259193897 60.616172791 -0.037598781 0.999118507 -0.018663816 -6.229443550 -0.259733558 0.008264238 0.965644896 106.381340027
0.965208828 0.040834919 0.258272082 60.792675018 -0.035380024 0.999042511 -0.025735265 -6.248271942 -0.259075701 0.015702231 0.965729296 107.012832642
0.965333760 0.043239020 0.257412285 60.965423584 -0.036168680 0.998828769 -0.032141149 -6.272424221 -0.258500546 0.021716679 0.965766966 107.676239014
0.965928793 0.046254165 0.254641294 61.135581970 -0.038342182 0.998617768 -0.035950221 -6.292154312 -0.255952209 0.024961853 0.966367066 108.352233887
0.966564298 0.044862643 0.252469510 61.317115784 -0.038038246 0.998768628 -0.031849355 -6.311928272 -0.253587455 0.021180948 0.967080534 109.053192139
0.967091441 0.040587001 0.251170903 61.500068665 -0.035676822 0.999073267 -0.024073875 -6.340060711 -0.251915246 0.014320662 0.967643321 109.758811951
0.967716038 0.040916838 0.248699337 61.687446594 -0.037613589 0.999129713 -0.018021597 -6.367522240 -0.249220312 0.008085316 0.968413055 110.495971680
0.968007445 0.044254247 0.246987835 61.860973358 -0.040892713 0.998987913 -0.018725690 -6.393185616 -0.247566596 0.008026602 0.968837559 111.209716797
0.968160033 0.049702797 0.245348141 62.027809143 -0.045366049 0.998698473 -0.023299640 -6.417009830 -0.246186957 0.011427306 0.969154894 111.962829590
0.969169617 0.051227346 0.241010219 62.206909180 -0.045672275 0.998547435 -0.028582839 -6.437471390 -0.242124364 0.016694140 0.970101595 112.692832947
0.970199645 0.050112601 0.237068012 62.391326904 -0.043810189 0.998534262 -0.031782053 -6.458120823 -0.238313183 0.020448947 0.970973074 113.457801819
0.971230567 0.047763109 0.233302251 62.572772980 -0.041967675 0.998676002 -0.029745039 -6.493768215 -0.234414086 0.019098129 0.971949220 114.227966309
0.972171545 0.044298116 0.230043799 62.759597778 -0.038983408 0.998858571 -0.027599048 -6.522789478 -0.231003791 0.017863115 0.972788811 115.019737244
0.972659409 0.042581908 0.228298545 62.943870544 -0.037889984 0.998971701 -0.024897572 -6.549949169 -0.229123965 0.015566638 0.973272800 115.806030273
0.973082244 0.039354347 0.227072656 63.134757996 -0.035062544 0.999122620 -0.022904882 -6.567966461 -0.227774844 0.014326595 0.973608434 116.618881226
0.973369300 0.034659866 0.226607636 63.326576233 -0.030603284 0.999302626 -0.021391185 -6.599380493 -0.227191120 0.013886588 0.973751187 117.414291382
0.973483384 0.035241585 0.226026446 63.513214111 -0.031578809 0.999305069 -0.019801430 -6.625555992 -0.226567253 0.012138723 0.973919928 118.225219727
0.973158598 0.040923525 0.226467282 63.690887451 -0.037028238 0.999084532 -0.021423467 -6.660064697 -0.227136642 0.012462742 0.973783195 119.040550232
0.972821951 0.046356861 0.226866469 63.868911743 -0.041759320 0.998814166 -0.025025817 -6.676916122 -0.227757573 0.014871873 0.973604381 119.852035522
0.972190201 0.055317726 0.227565572 64.056228638 -0.050627656 0.998368621 -0.026400268 -6.711264610 -0.228654742 0.014144975 0.973404825 120.696929932
0.971051514 0.061546970 0.230805323 64.238548279 -0.057109505 0.998032808 -0.025864396 -6.742966652 -0.231943175 0.011934479 0.972656190 121.527885437
0.970204055 0.064059623 0.233667418 64.425872803 -0.060137998 0.997904420 -0.023876935 -6.773426533 -0.234707266 0.009113206 0.972023368 122.364219666
0.969583869 0.064640284 0.236069635 64.626693726 -0.060446195 0.997859120 -0.024968255 -6.800319672 -0.237178177 0.009939304 0.971415281 123.199234009
0.969172597 0.063124478 0.238159150 64.820487976 -0.058234043 0.997923493 -0.027521668 -6.834126472 -0.239401892 0.012804269 0.970836103 124.032669067
0.969254255 0.057057224 0.239354730 65.035545349 -0.052297257 0.998287976 -0.026196230 -6.865116119 -0.240439624 0.012873216 0.970578730 124.868217468
0.969593287 0.050499119 0.239454895 65.250000000 -0.045204781 0.998597682 -0.027554501 -6.902039528 -0.240510568 0.015892154 0.970516384 125.700256348
0.969273567 0.049650397 0.240922391 65.452468872 -0.044234570 0.998633206 -0.027839391 -6.934510231 -0.241975337 0.016326891 0.970145047 126.526855469
0.968723238 0.052234225 0.242583513 65.659599304 -0.047684878 0.998559654 -0.024591630 -6.972305775 -0.243518651 0.012254916 0.969818830 127.374450684
0.968329787 0.054176752 0.243725970 65.865165710 -0.051113304 0.998514354 -0.018880758 -6.999902725 -0.244386807 0.005825159 0.969660461 128.213577271
0.967782021 0.057967652 0.245026007 66.061912537 -0.056052461 0.998318315 -0.014788723 -7.030128479 -0.245471194 0.000577955 0.969403684 129.044326782
0.967530847 0.057021752 0.246237010 66.263198853 -0.053423233 0.998345375 -0.021275317 -7.060051918 -0.247042686 0.007429748 0.968976080 129.862808228
0.967973888 0.053375334 0.245310992 66.479194641 -0.046023317 0.998305440 -0.035609938 -7.095192909 -0.246795982 0.023179468 0.968790174 130.677276611
0.968291461 0.051541001 0.244448736 66.695114136 -0.041901689 0.998131394 -0.044474099 -7.129510880 -0.246284261 0.032821078 0.968641698 131.491775513
0.968621612 0.048328716 0.243796006 66.901382446 -0.040898181 0.998534143 -0.035451826 -7.162188530 -0.245151982 0.024368595 0.969178319 132.313095093
