0.999994159 -0.002610657 -0.002202739 0.033826318 0.002616745 0.999992728 0.002765358 -0.019367723 0.002195504 -0.002771106 0.999993742 1.581949830
0.999991953 -0.002808371 -0.002858015 0.006645855 0.002817910 0.999990463 0.003339101 -0.033050057 0.002848610 -0.003347127 0.999990344 3.128278971
0.999205470 -0.005303889 0.039501213 0.298351258 0.005518161 0.999970615 -0.005317390 -0.122159831 -0.039471850 0.005531139 0.999205351 4.682202339
0.999029517 -0.003880144 0.043873869 0.163471013 0.004248096 0.999956548 -0.008296452 -0.068417579 -0.043839771 0.008474780 0.999002635 6.126695633
0.998741627 -0.005026331 0.049897194 -0.002593011 0.005581945 0.999924004 -0.011002092 -0.012050554 -0.049838096 0.011266772 0.998693764 7.614214897
0.998471200 -0.005749453 0.054973073 -0.129210681 0.006365283 0.999918878 -0.011033877 -0.037721433 -0.054905161 0.011366932 0.998426855 9.086730003
0.998066664 -0.006974259 0.061759952 -0.278304815 0.007688020 0.999906301 -0.011326942 -0.091667756 -0.061675154 0.011779851 0.998026729 10.551355362
0.997572124 -0.007619868 0.069223091 -0.417553902 0.008369281 0.999909401 -0.010542483 -0.142049029 -0.069136485 0.011096238 0.997545481 12.026567459
0.997106016 -0.006848293 0.075714946 -0.512487411 0.007673575 0.999914229 -0.010614307 -0.186189473 -0.075635761 0.011164594 0.997072995 13.491694450
0.993753195 -0.006565329 0.111406863 -0.273662567 0.007379540 0.999948919 -0.006897667 -0.280220270 -0.111355893 0.007676710 0.993750930 15.016251564
0.993027151 -0.005055995 0.117778212 -0.272175670 0.005846256 0.999962568 -0.006365209 -0.313753068 -0.117741652 0.007009387 0.993019462 16.464220047
0.991778493 -0.003660087 0.127914101 -0.298986435 0.004411159 0.999974549 -0.005588884 -0.352289528 -0.127890408 0.006107184 0.991769433 17.828258514
0.991307616 -0.002124330 0.131548241 -0.220449209 0.002751701 0.999985695 -0.004587531 -0.390470535 -0.131536618 0.004909635 0.991299152 19.331016541
0.989994168 -0.003403093 0.141067296 -0.178724051 0.004189665 0.999977291 -0.005279241 -0.427470803 -0.141046122 0.005817442 0.989985883 20.730089188
0.987819374 -0.000865578 0.155602247 0.077475071 0.000837643 0.999999642 0.000245099 -0.482478112 -0.155602396 -0.000111774 0.987819672 22.161815643
0.987066209 -0.002122792 0.160299182 0.161955357 0.001211498 0.999982536 0.005782475 -0.624978781 -0.160308659 -0.005513483 0.987051427 23.148231506
0.985365689 -0.003473147 0.170417815 0.329465151 0.002096764 0.999963701 0.008255833 -0.697400570 -0.170440286 -0.007777689 0.985337317 24.485256195
0.983880281 -0.003345523 0.178796902 0.433938980 0.001255028 0.999929547 0.011803838 -0.830610871 -0.178823784 -0.011389169 0.983815253 25.655738831
0.981538475 -0.002357098 0.191249833 0.772079468 -0.000000006 0.999924064 0.012323800 -0.913113117 -0.191264346 -0.012096287 0.981464028 26.334348679
0.980800986 0.001080378 0.195008174 0.960433483 -0.004972893 0.999797940 0.019472307 -1.046863079 -0.194947749 -0.020068213 0.980608284 27.310440063
0.978054881 -0.006301378 0.208252087 1.171172619 0.001869397 0.999767661 0.021471770 -1.018827319 -0.208339006 -0.020611266 0.977839470 27.598100662
0.977060854 -0.007578555 0.212825075 1.366722584 0.001981855 0.999646902 0.026498223 -1.089719772 -0.212950721 -0.025468590 0.976731002 28.588972092
0.978200376 -0.007398980 0.207531273 1.596788406 0.002872296 0.999751508 0.022104910 -1.019776106 -0.207643226 -0.021026941 0.977978587 29.256404877
0.979127526 -0.005302883 0.203177676 1.753688335 0.000737866 0.999745667 0.022537269 -1.029818773 -0.203245535 -0.021916941 0.978882492 29.844541550
0.977023482 -0.009771105 0.212907583 -0.753986359 0.004358495 0.999655604 0.025876900 -1.116972923 -0.213087112 -0.024354381 0.976729631 42.246532440
0.976638138 -0.009679271 0.214672193 -0.615442276 0.003965924 0.999626815 0.027029045 -1.145255923 -0.214853674 -0.025546225 0.976312101 42.950859070
0.978048146 -0.009022687 0.208183393 -0.352269173 0.003486974 0.999630928 0.026942242 -1.122915030 -0.208349615 -0.025624882 0.977718711 43.680141449
0.977631271 -0.008984295 0.210134313 -0.221053123 0.003231949 0.999611139 0.027702013 -1.086150765 -0.210301474 -0.026403213 0.977279961 44.359775543
0.978218019 -0.010302494 0.207324058 -0.037979126 0.004443293 0.999577999 0.028706921 -1.074883699 -0.207532316 -0.027160423 0.977850974 44.989135742
0.977865875 -0.009103831 0.209034696 0.117750168 0.003076613 0.999570549 0.029140653 -1.056775212 -0.209210232 -0.027852532 0.977473974 45.717617035
0.977701604 -0.010191888 0.209751457 0.265505791 0.004320605 0.999586403 0.028430847 -1.045329452 -0.209954470 -0.026890628 0.977341354 46.330833435
0.977288663 -0.009883296 0.211681902 0.421063423 0.004318031 0.999633133 0.026736859 -1.040534377 -0.211868465 -0.025215577 0.976972818 46.977737427
0.967082977 -0.004527612 0.254420936 -0.301729202 -0.000666095 0.999793172 0.020323973 -0.885579586 -0.254460365 -0.019824436 0.966879904 57.523239136
0.966813207 -0.004397072 0.255446285 -0.127712250 -0.000993405 0.999779701 0.020969342 -0.885115862 -0.255482167 -0.020527199 0.966595709 58.111888885
0.959722161 -0.001662375 0.280946016 -0.273750305 -0.003162382 0.999855161 0.016719021 -0.823452115 -0.280933112 -0.016934074 0.959577918 62.915164948
0.958697021 0.000041699 0.284429312 -0.203208923 -0.004985127 0.999848843 0.016656278 -0.830801845 -0.284385622 -0.017386237 0.958552301 62.250785828
0.957341075 0.001917719 0.288954109 -0.021480560 -0.006953771 0.999841332 0.016403008 -0.830120504 -0.288876742 -0.017712589 0.957202435 62.824745178
0.969012439 0.017120937 0.246417865 3.098196030 -0.019039322 0.999804139 0.005404457 -0.762225389 -0.246277094 -0.009928619 0.969148517 67.997161865
0.954085290 0.004062476 0.299507260 0.358190536 -0.009388819 0.999822319 0.016346784 -0.814756513 -0.299387634 -0.018408250 0.953953922 64.791656494
0.950107992 0.005858176 0.311865926 0.432012558 -0.011558526 0.999798179 0.016432881 -0.816561222 -0.311706692 -0.019217726 0.949983954 65.020401001
0.946302712 0.007641966 0.323191524 0.613759995 -0.013879196 0.999759197 0.016998576 -0.819822907 -0.322983801 -0.020571440 0.946180820 65.530174255
0.954706311 0.024550151 0.296535254 3.376651764 -0.027888492 0.999586284 0.007032297 -0.773418427 -0.296239942 -0.014983697 0.954995990 68.979484558
0.949928522 0.024336973 0.311518282 3.550363541 -0.028143363 0.999574065 0.007728525 -0.777383387 -0.311197579 -0.016108716 0.950208664 69.498992920
0.943412423 0.024276610 0.330731809 3.537076950 -0.027989917 0.999587297 0.006468827 -0.777723551 -0.330438256 -0.015359929 0.943702579 69.456733704
0.937404871 0.023806781 0.347427011 3.728136063 -0.027359460 0.999611557 0.005322998 -0.783902109 -0.347165287 -0.014495217 0.937691867 69.947807312
0.929333925 0.020998117 0.368642837 3.715328217 -0.024447754 0.999690115 0.004688869 -0.782713771 -0.368430197 -0.013370015 0.929559290 69.914726257
0.922221124 0.014776780 0.386380523 3.924631119 -0.018693978 0.999804914 0.006382536 -0.788313746 -0.386210799 -0.013109099 0.922317505 70.361717224
0.924484432 0.007519588 0.381145626 4.035024643 -0.010387858 0.999931097 0.005468622 -0.793244839 -0.381078184 -0.009014946 0.924498856 71.016563416
0.915791035 0.001520084 0.401652247 4.249723434 -0.003635115 0.999983251 0.004503767 -0.798553169 -0.401638627 -0.005584561 0.915781200 71.466667175
0.921181679 -0.007594444 0.389058590 3.806755066 0.007074341 0.999971271 0.002769431 -0.801015139 -0.389068365 0.000201188 0.921208799 70.942199707
0.911026359 -0.011362663 0.412191629 4.019037247 0.010865906 0.999934733 0.003548818 -0.807402194 -0.412205011 0.001245772 0.911090314 71.372200012
0.889696300 -0.011797512 0.456400365 4.349458694 0.010374426 0.999930501 0.005623579 -0.809133887 -0.456434906 -0.000268388 0.889756739 71.882431030
0.876706660 -0.016131734 0.480754942 4.578615189 0.014004945 0.999869883 0.008011162 -0.811554551 -0.480821550 -0.000290494 0.876818419 72.283790588
0.870671153 -0.021136152 0.491411090 4.532316208 0.020003064 0.999771297 0.007560315 -0.814030230 -0.491458505 0.003247180 0.870894790 72.328239441
0.856216252 -0.019611133 0.516245306 4.858098984 0.021358619 0.999768615 0.002554989 -0.797858000 -0.516175926 0.008838665 0.856436908 72.754661560
0.839226425 -0.021364838 0.543362200 4.901361465 0.026539469 0.999646366 -0.001684594 -0.826883137 -0.543134034 0.015834302 0.839496672 72.908195496
0.820675790 -0.020866511 0.571012855 5.179649353 0.028588036 0.999580860 -0.004559873 -0.821705341 -0.570678353 0.020066317 0.820928454 73.292350769
0.801792800 -0.021545853 0.597213447 5.386110306 0.027330145 0.999626219 -0.000628444 -0.832822561 -0.596976876 0.016825812 0.802082062 73.570022583
0.780294240 -0.021894746 0.625029206 5.540397644 0.024231680 0.999695003 0.004768143 -0.834006786 -0.624942958 0.011424951 0.780586779 73.764938354
0.757741272 -0.022716075 0.652159572 5.739772797 0.022638625 0.999707401 0.008518178 -0.842165768 -0.652162194 0.008309422 0.758033812 73.987747192
0.764068842 -0.024209574 0.644680262 5.872329712 0.032417465 0.999474049 -0.000887775 -0.844400287 -0.644319713 0.021577219 0.764451742 74.827964783
0.739985764 -0.017583149 0.672392607 6.060272217 0.030041505 0.999524713 -0.006923771 -0.853981972 -0.671951234 0.025323177 0.740162432 75.044113159
0.723573923 -0.016270844 0.690055132 6.610561371 0.031548932 0.999456942 -0.009515150 -0.861001432 -0.689525545 0.028655417 0.723694265 75.795822144
0.698776066 -0.018710420 0.715095818 6.808917999 0.032652922 0.999450266 -0.005757192 -0.865978956 -0.714594901 0.027372954 0.699002683 75.983703613
0.672019064 -0.019269599 0.740283072 7.431480408 0.033658877 0.999423087 -0.004540062 -0.884620965 -0.739768386 0.027968109 0.672280014 76.568771362
0.644929647 -0.016800873 0.764057279 7.626148224 0.034488391 0.999379635 -0.007135774 -0.886559248 -0.763463259 0.030953176 0.645109117 76.732498169
0.636643052 -0.017817769 0.770952761 8.687038422 0.037306577 0.999274075 -0.007712715 -0.919064403 -0.770255685 0.033671856 0.636845648 78.185272217
0.608317435 -0.015465426 0.793543220 8.882835388 0.035843115 0.999325395 -0.008000824 -0.922941506 -0.792884052 0.033310104 0.608461320 78.336990356
0.579491615 -0.013757863 0.814862072 9.772811890 0.035613403 0.999329865 -0.008454223 -0.945478618 -0.814199686 0.033919163 0.579593241 78.990463257
0.549570382 -0.007185439 0.835416555 9.974536896 0.034703355 0.999296188 -0.014234282 -0.949166834 -0.834726334 0.036814496 0.549432993 79.126785278
0.501259983 0.004608262 0.865284443 11.156990051 0.033741016 0.999121189 -0.024867238 -0.943198919 -0.864638627 0.041660529 0.500663996 80.772209167
0.469666451 0.013491850 0.882740855 11.370487213 0.032531366 0.998939753 -0.032576308 -0.949571967 -0.882244349 0.044016767 0.468729556 80.882568359
0.435925394 0.018150974 0.899799705 12.485553741 0.030009814 0.998947442 -0.034689840 -0.994850636 -0.899482310 0.042125005 0.434921920 81.464004517
0.402475297 0.017317519 0.915266991 12.705738068 0.028574551 0.999096215 -0.031468865 -1.003220797 -0.914984822 0.038818792 0.401616752 81.561950684
0.343839705 0.017537983 0.938864470 14.229724884 0.022084575 0.999397993 -0.026756773 -1.047040701 -0.938768566 0.029934466 0.343245387 82.798622131
0.307987928 0.017803432 0.951223671 14.446905136 0.018296232 0.999529243 -0.024631508 -1.055980086 -0.951214254 0.024990020 0.307517201 82.871437073
0.302364111 0.028762540 0.952758431 17.396572113 0.028876266 0.998809457 -0.039316829 -1.268918157 -0.952755034 0.039400101 0.301173598 83.910980225
0.265693218 0.030797584 0.963565588 17.646364212 0.024227601 0.998960614 -0.038609393 -1.279009938 -0.963753223 0.033603132 0.264670938 83.982696533
0.228844032 0.029530542 0.973015070 18.981760025 0.022417277 0.999114811 -0.035594992 -1.341463208 -0.973204970 0.029958051 0.227979481 84.341079712
0.191712260 0.028669702 0.981032312 19.284187317 0.022361405 0.999186218 -0.033570074 -1.356688142 -0.981196404 0.028373057 0.190915167 84.403503418
0.107538693 0.020541215 0.993988693 19.308666229 0.000361069 0.999785602 -0.020700078 -1.216232300 -0.994200766 0.002584958 0.107508235 84.042312622
0.071150526 0.019676020 0.997271478 19.699329376 0.001949969 0.999800801 -0.019865043 -1.225211143 -0.997463703 0.003358057 0.071097985 84.071754456
0.084987976 0.027170394 0.996011376 22.294746399 0.034113038 0.998962760 -0.030161712 -1.469090343 -0.995797873 0.036540359 0.083972953 84.803642273
0.051046934 0.030797176 0.998221159 22.687072754 0.036145654 0.998812556 -0.032663830 -1.486379862 -0.998041928 0.037748750 0.049873136 84.820510864
0.058232192 0.040684555 0.997473717 24.693845749 0.062681139 0.997048736 -0.044326521 -1.709149599 -0.996333241 0.065104023 0.055510182 85.583503723
0.029004298 0.044521157 0.998587310 25.132617950 0.069975384 0.996466160 -0.046459045 -1.730993152 -0.997126997 0.071224041 0.025786418 85.593887329
0.003843105 0.043245953 0.999057055 26.560289383 0.071940362 0.996463835 -0.043410443 -1.791359425 -0.997401536 0.072039358 0.000718385 85.596893311
-0.017987344 0.039862093 0.999043286 27.045869827 0.074286431 0.996496439 -0.038422979 -1.816060901 -0.997074723 0.073524237 -0.020885553 85.584739685
-0.021246783 0.039274506 0.999002576 28.609601974 0.087852396 0.995436192 -0.037265856 -1.940831661 -0.995906889 0.086972989 -0.024600176 85.801170349
-0.038193408 0.042427976 0.998369336 29.160211563 0.089723907 0.995208204 -0.038861185 -1.968890786 -0.995234013 0.088093348 -0.041817188 85.785575867
-0.068492033 0.045337860 0.996620953 30.323827744 0.079133198 0.996066213 -0.039874259 -1.958309412 -0.994508326 0.076134726 -0.071810335 85.422599792
-0.080979824 0.050623484 0.995429337 30.902868271 0.083282709 0.995560467 -0.043854974 -1.986661792 -0.993230224 0.079350688 -0.084836356 85.377090454
-0.067115054 0.054856535 0.996236026 32.456439972 0.104386404 0.993393838 -0.047667656 -2.156144619 -0.992269635 0.100794286 -0.072397918 85.564125061
-0.072904624 0.060242064 0.995517790 33.106895447 0.107781842 0.992804050 -0.052184664 -2.194217920 -0.991497874 0.103494249 -0.078872994 85.509223938
-0.076155081 0.065199740 0.994962037 34.414718628 0.110663407 0.992247701 -0.056551609 -2.263283253 -0.990935862 0.105799198 -0.082779907 85.395179749
-0.079179443 0.069007523 0.994469047 35.106681824 0.112093247 0.991890430 -0.059903756 -2.306991100 -0.990538061 0.106730111 -0.086272605 85.333953857
-0.081952482 0.071962431 0.994034767 36.411212921 0.113271892 0.991599619 -0.062447511 -2.398931980 -0.990178406 0.107478470 -0.089415386 85.225006104
-0.083909862 0.075443521 0.993613303 37.147132874 0.115527309 0.991142452 -0.065499716 -2.447207928 -0.989753842 0.109293394 -0.091882400 85.158164978
-0.086271115 0.079410411 0.993101835 38.404636383 0.115387380 0.990906417 -0.069211118 -2.534636259 -0.989567101 0.108620502 -0.094649561 85.030319214
-0.088725105 0.080964901 0.992760062 39.169990540 0.118622497 0.990456462 -0.070175491 -2.588476181 -0.988967419 0.111537345 -0.097482599 84.958053589
-0.091076173 0.080082521 0.992618680 39.999485016 0.118158720 0.990589142 -0.069077305 -2.647611380 -0.988809228 0.110995270 -0.099681534 84.888046265
-0.092898890 0.079770729 0.992475033 41.409591675 0.116965145 0.990758121 -0.068684429 -2.741726398 -0.988781512 0.109704271 -0.101370744 84.739814758
-0.095695123 0.080838524 0.992122889 42.209835052 0.117968358 0.990593851 -0.069335327 -2.808518171 -0.988395572 0.110404052 -0.104331389 84.662246704
-0.100712366 0.086429499 0.991154373 43.699600220 0.115220577 0.990529656 -0.074667327 -2.852275133 -0.988221228 0.106681459 -0.109717041 84.625251770
-0.103731535 0.088667952 0.990645111 44.512123108 0.113159791 0.990603089 -0.076815091 -2.915829420 -0.988146961 0.104133055 -0.112790398 84.533866882
-0.105818875 0.091956720 0.990124464 45.356216431 0.111367270 0.990546465 -0.080093622 -2.993139744 -0.988129377 0.101792045 -0.115059450 84.443267822
-0.108320683 0.095651180 0.989503682 46.866012573 0.107459433 0.990654647 -0.083998874 -3.138944149 -0.988291025 0.097232684 -0.117587045 84.253807068
-0.111237586 0.098420814 0.988908291 47.691997528 0.105391264 0.990640819 -0.086738274 -3.209709644 -0.988189697 0.094573729 -0.120569177 84.163612366
-0.113216154 0.094227150 0.989092171 48.922233582 0.100849755 0.991441190 -0.082907200 -3.347084999 -0.988438904 0.090363264 -0.121749952 83.993652344
-0.116208851 0.089818202 0.989155352 49.797920227 0.097859196 0.992092490 -0.078588121 -3.428073645 -0.988392293 0.087665305 -0.124079451 83.895591736
-0.118153021 0.087938696 0.989093840 50.612834930 0.098508872 0.992195487 -0.076446973 -3.496654034 -0.988097131 0.088402085 -0.125893652 83.758926392
-0.120606810 0.089178190 0.988686621 51.481414795 0.097306870 0.992222548 -0.077626944 -3.558945417 -0.987919748 0.086843677 -0.128346473 83.672691345
-0.122646719 0.091673352 0.988207340 53.020950317 0.097423844 0.992027581 -0.079936452 -3.697281837 -0.987657011 0.086471021 -0.130600110 83.500389099
-0.122878157 0.094773084 0.987886131 53.854225159 0.097883113 0.991733551 -0.082966998 -3.764212847 -0.987582862 0.086502545 -0.131139055 83.380165100
-0.123171657 0.095268756 0.987801909 55.083770752 0.097294487 0.991745293 -0.083517149 -3.873656511 -0.987604439 0.085820735 -0.131424025 83.228698730
-0.121396273 0.093062408 0.988231957 55.976600647 0.094913304 0.992121696 -0.081769370 -3.959167719 -0.988055825 0.083869867 -0.129272699 83.070945740
-0.124160551 0.092842750 0.987909079 56.960052490 0.089993559 0.992563426 -0.081969768 -4.045927048 -0.988172710 0.078728028 -0.131592453 83.000854492
-0.123095334 0.093161479 0.988012373 58.215198517 0.086671852 0.992788970 -0.082813531 -4.155543804 -0.988602757 0.075438909 -0.130282149 82.845993042
-0.125174060 0.093780309 0.987692535 59.137111664 0.081293061 0.993144631 -0.083995380 -4.241155148 -0.988798618 0.069778509 -0.131939620 82.782684326
-0.124031290 0.092629649 0.987945318 60.218124390 0.078347690 0.993439198 -0.083308615 -4.328338146 -0.989180446 0.067070350 -0.130474865 82.594421387
-0.124446504 0.087735958 0.988339782 61.396614075 0.079843186 0.993738294 -0.078161746 -4.430119991 -0.989008665 0.069185242 -0.130672380 82.445579529
-0.124728344 0.078706093 0.989064276 62.451118469 0.083367340 0.994154930 -0.068597957 -4.517907143 -0.988682270 0.073899560 -0.130560830 82.304664612
-0.123519450 0.073951602 0.989582777 63.548328400 0.088840574 0.994039059 -0.063195564 -4.588208199 -0.988357306 0.080109231 -0.129353061 82.151977539
-0.122709282 0.076888815 0.989459634 64.605728149 0.096525870 0.993192136 -0.065208070 -4.656738281 -0.987737417 0.087506831 -0.129295632 82.005325317
-0.121985614 0.082383834 0.989106894 65.656723022 0.102105603 0.992303610 -0.070057511 -4.732969284 -0.987265885 0.092447340 -0.129458591 81.869834900
-0.120664567 0.088561028 0.988735080 66.788627625 0.105993293 0.991468132 -0.075870477 -4.802818775 -0.987018466 0.095644407 -0.129021972 81.731872559
-0.119727544 0.092872776 0.988453269 67.868263245 0.106628925 0.991059005 -0.080202036 -4.890097141 -0.987064123 0.095795296 -0.128559962 81.583137512
-0.120891631 0.090470053 0.988534451 68.951683044 0.103084669 0.991598248 -0.078143820 -4.973746300 -0.987298667 0.092455834 -0.129202008 81.462585449
-0.119663522 0.085584603 0.989118755 70.039611816 0.103442863 0.991929829 -0.073313318 -5.069303036 -0.987410784 0.093544371 -0.127550930 81.315429688
-0.120008901 0.083576165 0.989248633 71.043899536 0.101089969 0.992299616 -0.071570396 -5.146928787 -0.987612724 0.091414019 -0.127533481 81.213882446
-0.120579757 0.083880790 0.989153445 72.136070251 0.098663062 0.992502749 -0.072137594 -5.233893394 -0.987788498 0.088894568 -0.127951697 81.087112427
-0.119938701 0.088585719 0.988821149 73.170036316 0.100886337 0.991942585 -0.076628387 -5.353534222 -0.987641990 0.090567857 -0.127909392 80.973381042
-0.118925191 0.091346063 0.988692403 74.276855469 0.100686461 0.991735697 -0.079516113 -5.442508698 -0.987784922 0.090091482 -0.127139658 80.826576233
-0.118768208 0.089148149 0.988911808 75.383842468 0.100941569 0.991885364 -0.077293120 -5.548202038 -0.987777829 0.090642355 -0.126803204 80.696876526
-0.117125645 0.084487207 0.989516795 76.498184204 0.102777794 0.992055833 -0.072538562 -5.632527351 -0.987784564 0.093204215 -0.124878600 80.547653198
-0.117866509 0.083127573 0.989543974 77.604492188 0.101982914 0.992234468 -0.071206219 -5.715436459 -0.987778783 0.092523746 -0.125428781 80.416069031
-0.117969520 0.085935704 0.989291787 78.711387634 0.099168397 0.992287576 -0.074370444 -5.812505722 -0.988053024 0.089333020 -0.125581756 80.296905518
-0.117041714 0.089017197 0.989129424 79.847000122 0.098411597 0.992112458 -0.077640802 -5.901925564 -0.988239050 0.088254601 -0.124878831 80.145103455
-0.117880166 0.088571347 0.989069939 80.964385986 0.097274162 0.992254078 -0.077263080 -5.988101959 -0.988251984 0.087103173 -0.125582755 80.023490906
-0.117453746 0.085930623 0.989353657 82.103302002 0.096706271 0.992504120 -0.074723504 -6.063807487 -0.988358498 0.086900152 -0.124883354 79.879455566
-0.109392293 0.077164195 0.990998983 84.588577271 0.114034399 0.991373897 -0.064605594 -5.999628544 -0.987435758 0.105940640 -0.117248051 79.515655518
-0.108832844 0.076723158 0.991094828 85.710121155 0.116065733 0.991178453 -0.063984372 -6.099219799 -0.987260878 0.108068533 -0.116777711 79.397720337
-0.107348941 0.077698126 0.991180718 86.908889771 0.117666282 0.990927935 -0.064934559 -6.167134762 -0.987234056 0.109657884 -0.115517512 79.243911743
-0.106208436 0.076844141 0.991370142 88.061386108 0.118011989 0.990936875 -0.064167559 -6.254434109 -0.987315953 0.110178448 -0.114314377 79.116806030
-0.104559116 0.077442035 0.991498947 89.248176575 0.118827164 0.990794480 -0.064856030 -6.336329460 -0.987394214 0.111035697 -0.112798825 78.970764160
-0.103286356 0.076076947 0.991737962 90.411926270 0.118743621 0.990883112 -0.063644588 -6.410674572 -0.987538218 0.111188948 -0.111378372 78.842163086
-0.101794906 0.075117394 0.991965294 91.598815918 0.117098868 0.991117656 -0.063036591 -6.491242886 -0.987889469 0.109741211 -0.109686896 78.704925537
-0.100201935 0.073995747 0.992211759 92.776519775 0.118475579 0.991023064 -0.061942432 -6.576274395 -0.987888157 0.111346111 -0.108069129 78.573928833
-0.109261610 0.057392810 0.992354691 94.172660828 0.120242216 0.991763711 -0.044119559 -6.836811066 -0.986713588 0.114502363 -0.115262732 78.529754639
-0.108074144 0.060722563 0.992286623 95.366294861 0.119825751 0.991651595 -0.047632974 -6.888344288 -0.986894965 0.113753609 -0.114448011 78.399490356
-0.106703348 0.059720475 0.992495716 96.531341553 0.119282775 0.991754234 -0.046851747 -6.934208870 -0.987109959 0.113388404 -0.112947136 78.260604858
-0.106016099 0.057908777 0.992676795 97.715034485 0.116431281 0.992158532 -0.045443907 -7.002519131 -0.987524271 0.110760853 -0.111927167 78.122863770
-0.105714805 0.059325907 0.992625237 98.945648193 0.112947993 0.992474973 -0.047287937 -7.057119846 -0.987961113 0.107115977 -0.111620024 78.000251770
-0.106461316 0.059500892 0.992534995 100.193984985 0.110656783 0.992716014 -0.047642484 -7.109410286 -0.988140225 0.104758635 -0.112270020 77.888885498
-0.107363485 0.057585943 0.992550850 101.371925354 0.108954407 0.992989898 -0.045825910 -7.173518181 -0.988231778 0.103222758 -0.112885118 77.727676392
-0.108998388 0.055318646 0.992501497 102.611404419 0.105665736 0.993438125 -0.043766443 -7.248606205 -0.988409817 0.100102931 -0.114128448 77.596069336
-0.109930374 0.054317243 0.992453992 103.787178040 0.104329310 0.993620336 -0.042824917 -7.309760571 -0.988448620 0.098834284 -0.114895940 77.457191467
-0.111646228 0.054270007 0.992264926 105.014434814 0.105490766 0.993512988 -0.042468809 -7.375023842 -0.988133013 0.099933311 -0.116646953 77.315025330
-0.113173306 0.055214677 0.992039919 106.197662354 0.106423251 0.993384242 -0.043148585 -7.425910950 -0.987859190 0.100692831 -0.118300699 77.175064087
-0.116826184 0.050162569 0.991884768 107.429244995 0.104012594 0.993849337 -0.038011108 -7.485085487 -0.987690806 0.098727815 -0.121325165 77.039772034
-0.117583148 0.066224448 0.990852416 108.834953308 0.112243153 0.992266357 -0.052999198 -7.701406002 -0.986699402 0.104984589 -0.124107040 76.867462158
-0.123686209 0.073197208 0.989618063 110.076919556 0.107130431 0.992431939 -0.060015753 -7.768435478 -0.986521542 0.098595098 -0.130591810 76.736419678
-0.128813326 0.083813429 0.988120675 111.300292969 0.114865273 0.990976095 -0.069081582 -7.869094372 -0.984993935 0.104602136 -0.137278154 76.572059631
-0.136726886 0.083012260 0.987124443 112.535842896 0.119367376 0.990602374 -0.066771127 -7.947712898 -0.983390570 0.108701050 -0.145350978 76.382408142
-0.147297099 0.080818340 0.985784888 113.738937378 0.121879920 0.990543664 -0.062997043 -8.040086746 -0.981554329 0.110868081 -0.155754328 76.185348511
-0.161508530 0.079077899 0.983697891 114.966812134 0.119508237 0.991015851 -0.060044698 -8.122803688 -0.979608476 0.107862279 -0.169507980 75.997863770
-0.174873859 0.081881352 0.981180191 116.203094482 0.124541275 0.990371168 -0.060451604 -8.218288422 -0.976682425 0.111626022 -0.183387667 75.775474548
-0.189220473 0.079167441 0.978738010 117.382019043 0.123936601 0.990698755 -0.056174137 -8.309968948 -0.974081814 0.110672161 -0.197272211 75.546928406
-0.204505041 0.081378631 0.975476980 118.541442871 0.128419474 0.990155578 -0.055680543 -8.393274307 -0.970405161 0.113883287 -0.212942421 75.297828674
-0.220236942 0.085151203 0.971722782 119.772994995 0.127952576 0.990096867 -0.057761397 -8.466062546 -0.967017949 0.111613251 -0.228951231 75.025329590
-0.235115469 0.088820204 0.967900574 120.889144897 0.128352925 0.989932239 -0.059663374 -8.548104286 -0.963455379 0.110205114 -0.244148701 74.751693726
-0.249256402 0.087547541 0.964472175 122.122306824 0.124752104 0.990510404 -0.057670407 -8.622868538 -0.960368693 0.105945222 -0.257812768 74.398757935
-0.265461415 0.082115218 0.960618138 123.298377991 0.118511505 0.991589606 -0.052012708 -8.694330215 -0.956809938 0.100036941 -0.272960246 74.081863403
-0.281443447 0.078104220 0.956393898 124.402435303 0.114495747 0.992294967 -0.047342781 -8.758439064 -0.952722490 0.096178718 -0.288217545 73.756378174
-0.297634453 0.078218207 0.951470196 125.654296875 0.110150360 0.992795646 -0.047158737 -8.843791962 -0.948304236 0.090768717 -0.304105878 73.409317017
-0.311296165 0.081587978 0.946804166 126.753524780 0.111825638 0.992530763 -0.048761602 -8.897789001 -0.943710625 0.090697676 -0.318094701 73.033248901
-0.325758398 0.083685242 0.941742182 127.838981628 0.112825915 0.992397904 -0.049158975 -8.965429306 -0.938696861 0.090238973 -0.332723826 72.667770386
-0.338166505 0.081101820 0.937585175 129.019302368 0.111785755 0.992687881 -0.045549564 -9.040575027 -0.934423566 0.089405328 -0.344759822 72.215057373
-0.352367699 0.079036422 0.932518244 130.115417480 0.110420972 0.992978513 -0.042436354 -9.102106094 -0.929324567 0.088016361 -0.358620882 71.808914185
-0.369945228 0.090961546 0.924589872 131.278152466 0.080587670 0.994586289 -0.065603226 -9.281241417 -0.925551832 0.050240953 -0.375272781 71.343032837
-0.385078132 0.092332736 0.918253541 132.365188599 0.078935742 0.994631827 -0.066910334 -9.367764473 -0.919502079 0.046717312 -0.390299231 70.893280029
-0.399127424 0.095110476 0.911949158 133.451019287 0.084452450 0.994190872 -0.066725932 -9.475284576 -0.912997782 0.050384190 -0.404841095 70.422439575
-0.414136082 0.097076982 0.905023396 134.521240234 0.085946240 0.994024515 -0.067294903 -9.559936523 -0.906148255 0.049914110 -0.420004755 69.938735962
-0.429057151 0.097163618 0.898036301 135.588134766 0.079301864 0.994410694 -0.069702663 -9.627967834 -0.899789512 0.041309536 -0.434364289 69.428512573
-0.444377929 0.100067131 0.890233040 136.637268066 0.077699363 0.994302154 -0.072979853 -9.713097572 -0.892463505 0.036739897 -0.449621081 68.917282104
-0.459200889 0.106687412 0.881902695 137.756927490 0.081584200 0.993631244 -0.077723339 -9.750701904 -0.884578228 0.036258698 -0.464980245 68.348236084
-0.474678397 0.104194209 0.873970151 138.821899414 0.079639547 0.993979573 -0.075247124 -9.841487885 -0.876548827 0.033884428 -0.480118603 67.782821655
-0.491020948 0.103824548 0.864938617 139.892639160 0.081011802 0.994012058 -0.073328167 -9.942691803 -0.867372751 0.034064569 -0.496491730 67.184120178
-0.507241070 0.103117488 0.855612874 140.931793213 0.079741143 0.994172454 -0.072542839 -10.049059868 -0.858107030 0.031430829 -0.512507856 66.572891235
-0.523330867 0.103281893 0.845847189 142.006454468 0.079073176 0.994230628 -0.072477132 -10.124749184 -0.848452866 0.028954290 -0.528478503 65.940322876
-0.539605618 0.101911999 0.835727036 143.022583008 0.077968009 0.994430006 -0.070923120 -10.213352203 -0.838299811 0.026889460 -0.544545889 65.294700623
-0.552417040 0.106362335 0.826754153 144.135864258 0.072018065 0.994207263 -0.079784520 -10.438030243 -0.830450952 0.015466896 -0.556876957 64.576133728
-0.568044186 0.105275676 0.816236973 145.139831543 0.071420051 0.994349003 -0.078544602 -10.539525986 -0.819893241 0.013678887 -0.572352946 63.880622864
-0.582615972 0.101394169 0.806398034 146.139953613 0.063682437 0.994832456 -0.079077303 -10.602879524 -0.810248852 0.005281696 -0.586062133 63.188014984
-0.597312212 0.097799100 0.796023548 147.121459961 0.063726522 0.995186627 -0.074449696 -10.711639404 -0.799472988 0.006258098 -0.600669503 62.448078156
-0.612622678 0.096198335 0.784499407 148.177490234 0.064435229 0.995340288 -0.071734414 -10.803715706 -0.787744582 0.006603252 -0.615966618 61.652873993
-0.626461923 0.094702341 0.773677528 149.120300293 0.059356768 0.995505512 -0.073792972 -10.836221695 -0.777188659 -0.000305490 -0.629267573 60.847232819
-0.640996039 0.095628023 0.761563778 150.034576416 0.058213003 0.995407522 -0.075994365 -10.938160896 -0.765333474 -0.004379167 -0.643619061 60.072566986
-0.656553864 0.094818972 0.748295546 151.007446289 0.055481341 0.995450735 -0.077457517 -11.033061981 -0.752235770 -0.009338601 -0.658827722 59.244594574
-0.672499001 0.091520339 0.734417439 151.936691284 0.053837433 0.995745122 -0.074787572 -11.133703232 -0.738137245 -0.010755417 -0.674564838 58.419002533
-0.688389182 0.074051879 0.721551478 152.831939697 0.034242541 0.996983528 -0.069650359 -11.197633743 -0.724532664 -0.023238804 -0.688848495 57.569458008
-0.705516219 0.071020402 0.705126166 153.718200684 0.032297142 0.997154295 -0.068118513 -11.287949562 -0.707957387 -0.025285158 -0.705802321 56.716220856
-0.722794056 0.069392636 0.687570632 154.638534546 0.031595029 0.997223556 -0.067430578 -11.377105713 -0.690340877 -0.027014619 -0.722979724 55.765609741
-0.740785599 0.064943187 0.668594897 155.488662720 0.027167970 0.997397840 -0.066779688 -11.468566895 -0.671191990 -0.031305071 -0.740622163 54.881839752
-0.756815910 0.057824805 0.651065290 156.341903687 0.019890755 0.997655332 -0.065485865 -11.529807091 -0.653325379 -0.036610570 -0.756191552 53.877754211
-0.772601962 0.060108896 0.632038653 157.160736084 0.022072796 0.997449398 -0.067878917 -11.626298904 -0.634506643 -0.038492531 -0.771958113 52.888610840
-0.787887156 0.059603304 0.612928450 157.941879272 0.025274523 0.997596264 -0.064520679 -11.719681740 -0.615300775 -0.035343550 -0.787499666 51.906009674
-0.801653564 0.067313805 0.593986869 158.771255493 0.034647100 0.997201502 -0.066248015 -11.801822662 -0.596783996 -0.032528028 -0.801742375 50.855957031
-0.816197813 0.069033146 0.573633730 159.507019043 0.036631692 0.997021973 -0.067863613 -11.893148422 -0.576610327 -0.034376953 -0.816295862 49.827671051
-0.830892444 0.063261636 0.552825212 160.227920532 0.030381840 0.997191906 -0.068448327 -11.995302200 -0.555603027 -0.040077347 -0.830481231 48.738094330
-0.843750298 0.064067468 0.532898545 160.906219482 0.032779817 0.997147977 -0.067980602 -12.070094109 -0.535734177 -0.039890330 -0.843443930 47.689407349
-0.854808927 0.069049805 0.514328480 161.639373779 0.040261786 0.996945202 -0.066927515 -12.168282509 -0.517378628 -0.036502466 -0.854977727 46.554523468
-0.865583658 0.070895538 0.495720387 162.288299561 0.042914014 0.996787608 -0.067623056 -12.255361557 -0.498922110 -0.037260070 -0.865845501 45.489662170
-0.875100076 0.071475886 0.478634566 162.921096802 0.043099497 0.996613562 -0.070027232 -12.338922501 -0.482018888 -0.040651929 -0.875217199 44.292766571
-0.884521544 0.069668502 0.461267889 163.536407471 0.041626886 0.996628344 -0.070704527 -12.430813789 -0.464638531 -0.043338530 -0.884439170 43.203166962
-0.892237842 0.069183178 0.446234822 164.127990723 0.042437993 0.996667206 -0.069666974 -12.557680130 -0.449567407 -0.043222204 -0.892200112 42.009811401
-0.899303198 0.066937052 0.432172626 164.668731689 0.040872235 0.996756017 -0.069331959 -12.647937775 -0.435411483 -0.044686601 -0.899121881 40.847640991
-0.904651225 0.067649439 0.420749038 165.170242310 0.043176752 0.996789157 -0.067432888 -12.776281357 -0.423959792 -0.042836662 -0.904667377 39.680427551
-0.911224246 0.064963341 0.406755626 165.714675903 0.041673977 0.996957839 -0.065866016 -12.873210907 -0.409797102 -0.043067586 -0.911159396 38.516708374
-0.917047739 0.060317818 0.394189537 166.255569458 0.039115131 0.997333407 -0.061611310 -12.966259956 -0.396854758 -0.041081719 -0.916961610 37.296356201
-0.922150135 0.057494443 0.382535577 166.757598877 0.037844069 0.997557819 -0.058703348 -13.031880379 -0.384976536 -0.039656594 -0.922074080 36.104057312
-0.926833153 0.057697497 0.371013939 167.280548096 0.040593728 0.997728825 -0.053752262 -13.142657280 -0.373272628 -0.034758534 -0.927070320 34.884742737
-0.929884255 0.061539881 0.362667918 167.742309570 0.044475604 0.997482955 -0.055223528 -13.222990036 -0.365153521 -0.035221610 -0.930280805 33.709121704
-0.929732144 0.076619163 0.360177219 168.262542725 0.060184129 0.996578753 -0.056644160 -13.309190750 -0.363285005 -0.030986946 -0.931162596 32.403171539
-0.931720436 0.079335496 0.354405165 168.735809326 0.062526897 0.996318460 -0.058649957 -13.392070770 -0.357753396 -0.032485504 -0.933250904 31.181163788
-0.933422685 0.078100957 0.350174695 169.200561523 0.061969504 0.996445894 -0.057056144 -13.479846001 -0.353386313 -0.031557340 -0.934945047 29.947250366
-0.935757041 0.070272908 0.345572591 169.671798706 0.055302862 0.997061849 -0.053002976 -13.561438560 -0.348281860 -0.030486755 -0.936894000 28.727024078
-0.938117027 0.064074144 0.340339541 170.149932861 0.049617875 0.997464299 -0.051020510 -13.638311386 -0.342745572 -0.030976284 -0.938917398 27.476749420
-0.939872086 0.057805859 0.336598903 170.602905273 0.042685375 0.997726202 -0.052155934 -13.714006424 -0.338848472 -0.034652054 -0.940202534 26.233032227
-0.941657186 0.056225888 0.331843853 171.110031128 0.040276360 0.997687280 -0.054752667 -13.793880463 -0.334154993 -0.038192786 -0.941744030 24.995323181
-0.942158163 0.057155978 0.330258965 171.541336060 0.040527605 0.997549951 -0.057023473 -13.868103027 -0.332709074 -0.040340539 -0.942166328 23.764591217
-0.942505479 0.064826556 0.327842921 172.002120972 0.047776241 0.997065961 -0.059806060 -13.940153122 -0.330758035 -0.040704448 -0.942837358 22.527549744
-0.942361653 0.067244068 0.327769697 172.430709839 0.049845926 0.996879697 -0.061205670 -14.029545784 -0.330862671 -0.041339885 -0.942773044 21.314311981
-0.941177428 0.075737514 0.329315752 172.817855835 0.058331214 0.996343017 -0.062434070 -14.126283646 -0.332840115 -0.039552130 -0.942153454 20.091640472
-0.941054046 0.075677879 0.329681665 173.250427246 0.057704404 0.996281385 -0.063981384 -14.218198776 -0.333297670 -0.041185856 -0.941921532 18.913150787
-0.940042078 0.077434018 0.332151890 173.704513550 0.059436481 0.996176898 -0.064022467 -14.307749748 -0.335839629 -0.040441871 -0.941050589 17.630573273
-0.938913822 0.077930078 0.335213095 174.130065918 0.059784904 0.996149123 -0.064129695 -14.403818130 -0.338919848 -0.040171582 -0.939957201 16.416469574
-0.938489079 0.074449986 0.337187827 174.685668945 0.054825194 0.996220648 -0.067368358 -14.454229355 -0.340929091 -0.044738073 -0.939023912 14.988033295
-0.936936438 0.072308913 0.341937900 175.118560791 0.053152222 0.996463478 -0.065078892 -14.553388596 -0.345434427 -0.042800020 -0.937466383 13.804798126
-0.935020506 0.073136792 0.346969157 175.587722778 0.054313354 0.996491134 -0.063683070 -14.626188278 -0.350409210 -0.040699918 -0.935711980 12.536209106
-0.932392597 0.071186997 0.354367793 176.044769287 0.052835219 0.996725619 -0.061209686 -14.716404915 -0.357564718 -0.038348358 -0.933100700 11.321514130
-0.929879010 0.072599396 0.360630453 176.513275146 0.054057766 0.996657372 -0.061252568 -14.815859795 -0.363871902 -0.037462600 -0.930695355 10.159702301
-0.926106095 0.073219322 0.370089650 176.980529785 0.054039262 0.996615529 -0.061945602 -14.902722359 -0.373372704 -0.037368830 -0.926928520 8.931022644
-0.923652768 0.074281260 0.375962496 177.746215820 0.053097121 0.996378362 -0.066413395 -15.017620087 -0.379534215 -0.041380387 -0.924251854 7.562618256
-0.919303358 0.075580463 0.386223972 178.240921021 0.054222405 0.996350884 -0.065914698 -15.116038322 -0.389796466 -0.039653607 -0.920046926 6.377326965
-0.915718377 0.077765718 0.394223720 178.540267944 0.057748388 0.996378541 -0.062408298 -15.300805092 -0.397649288 -0.034382641 -0.916893065 5.673824310
-0.909855485 0.080420807 0.407057077 179.072479248 0.059196431 0.996160924 -0.064491846 -15.387788773 -0.410680860 -0.034581937 -0.911123097 4.493141174
-0.912128448 0.041076481 0.407841146 178.191131592 0.014897354 0.997630954 -0.067160606 -15.840414047 -0.409633666 -0.055183344 -0.910579503 4.405105591
-0.906391263 0.040447883 0.420498192 178.735824585 0.014703162 0.997823060 -0.064288042 -15.941408157 -0.422183067 -0.052087463 -0.905012906 3.263633728
-0.904095173 0.043493208 0.425111890 179.420867920 0.018170062 0.997820079 -0.063444249 -16.065250397 -0.426944524 -0.049635343 -0.902914464 1.952514648
-0.897285581 0.045907859 0.439056963 179.980651855 0.020416690 0.997829378 -0.062608294 -16.156314850 -0.440978110 -0.047213424 -0.896275222 0.791084290
-0.890561283 0.047365189 0.452390462 180.593994141 0.022008840 0.997885764 -0.061152529 -16.247690201 -0.454330564 -0.044503491 -0.889720857 -0.401512146
-0.882790446 0.049734175 0.467126906 181.185379028 0.025232058 0.997964501 -0.058567230 -16.337856293 -0.469088882 -0.039916009 -0.882248461 -1.552597046
-0.875001311 0.052256864 0.481291920 181.846023560 0.027576404 0.997923017 -0.058216095 -16.419460297 -0.483334482 -0.037666850 -0.874625027 -2.741333008
-0.866274834 0.055618182 0.496461928 182.475921631 0.031161390 0.997863829 -0.057416376 -16.507781982 -0.498594820 -0.034267917 -0.866157532 -3.839569092
-0.855629861 0.058209132 0.514304638 183.119445801 0.032855220 0.997760236 -0.058266733 -16.580017090 -0.516544402 -0.032957152 -0.855625927 -4.995483398
-0.845794082 0.060854457 0.530027568 183.790313721 0.035242382 0.997676313 -0.058308754 -16.659772873 -0.532344341 -0.030637765 -0.845973253 -6.051742554
-0.834340394 0.061438471 0.547815144 184.494674683 0.033876784 0.997605979 -0.060287874 -16.737415314 -0.550207675 -0.031742387 -0.834424317 -7.171363831
-0.824054599 0.063603543 0.562928498 185.221557617 0.035576504 0.997526169 -0.060627971 -16.825939178 -0.565392077 -0.029933741 -0.824278951 -8.166694641
-0.811303496 0.065535538 0.580940425 185.983047485 0.035527237 0.997387290 -0.062899612 -16.908195496 -0.583544791 -0.030391473 -0.811512053 -9.287574768
-0.798389018 0.066547431 0.598453343 186.751617432 0.036574144 0.997398555 -0.062116668 -16.993103027 -0.601030171 -0.027705351 -0.798745990 -10.304718018
-0.783036888 0.068446845 0.618197560 187.522506714 0.039339092 0.997386515 -0.060601946 -17.093471527 -0.620729923 -0.023134205 -0.783683062 -11.320587158
-0.767511845 0.071287893 0.637058556 188.320129395 0.041209467 0.997228503 -0.061943397 -17.183919907 -0.639708757 -0.021289447 -0.768322468 -12.282646179
-0.750596821 0.074283436 0.656571686 189.145446777 0.041551907 0.997000396 -0.065296583 -17.269313812 -0.659452677 -0.021729605 -0.751431942 -13.247024536
