0.999994755 -0.002142062 -0.002480747 -0.016848417 0.002145115 0.999996960 0.001229722 -0.054029319 0.002478106 -0.001235034 0.999996185 0.586795032
0.999988794 -0.002421754 -0.004040364 -0.023643337 0.002421910 0.999996960 0.000033699 -0.060235731 0.004040272 -0.000043485 0.999991834 0.915026486
0.999975324 -0.004319328 -0.005564059 -0.031176412 0.004310424 0.999989331 -0.001611154 -0.067852616 0.005570959 0.001587137 0.999983132 1.241223335
0.999955773 -0.006826599 -0.006466016 -0.041616961 0.006805652 0.999971569 -0.003255474 -0.078921683 0.006488057 0.003211332 0.999973774 1.572207093
0.999939203 -0.007986634 -0.007597241 -0.048168976 0.007960090 0.999962032 -0.003516719 -0.089711674 0.007625045 0.003456030 0.999964893 1.915351510
0.999926746 -0.008068262 -0.009017951 -0.054974377 0.008044153 0.999964118 -0.002706829 -0.098874077 0.009039464 0.002634093 0.999955654 2.267572165
0.999912739 -0.008559207 -0.010069681 -0.060761377 0.008529846 0.999959290 -0.002954636 -0.108813822 0.010094565 0.002868485 0.999944925 2.628088951
0.999906540 -0.007803632 -0.011225145 -0.068170339 0.007742723 0.999955118 -0.005459521 -0.119841129 0.011267245 0.005372100 0.999922156 2.988712311
0.999894500 -0.006434703 -0.013021221 -0.069869846 0.006317730 0.999939501 -0.009004679 -0.124245241 0.013078374 0.008921466 0.999874711 3.172756672
0.999886930 -0.005040908 -0.014164302 -0.079094604 0.004865372 0.999911368 -0.012399755 -0.140345261 0.014225547 0.012329442 0.999822795 3.741950750
0.999859750 -0.003553372 -0.016365072 -0.081238836 0.003349396 0.999916613 -0.012474308 -0.143112272 0.016408030 0.012417744 0.999788284 3.984836578
0.999866486 -0.000344633 -0.016330931 -0.100234814 0.000251884 0.999983788 -0.005680751 -0.153444767 0.016332624 0.005675878 0.999850512 4.537346840
0.999842525 0.000152861 -0.017746758 -0.102250457 -0.000058627 0.999985933 0.005310208 -0.162795156 0.017747315 -0.005308334 0.999828398 4.960606098
0.999817193 0.000697021 -0.019108472 -0.106486082 -0.000479293 0.999935031 0.011396480 -0.162468433 0.019115174 -0.011385240 0.999752462 5.333630562
0.999783993 0.004153585 -0.020363854 -0.123450942 -0.003924481 0.999928713 0.011277884 -0.184314772 0.020409247 -0.011195533 0.999729037 5.844718456
0.999750495 0.006070953 -0.021492524 -0.139605701 -0.005991348 0.999974966 0.003766586 -0.181726947 0.021514855 -0.003636879 0.999761939 6.285145760
0.999727547 0.006530848 -0.022407938 -0.152901992 -0.006574138 0.999976635 -0.001859020 -0.188347682 0.022395264 0.002005824 0.999747157 6.761925697
0.999716878 0.003363111 -0.023553019 -0.167057648 -0.003369223 0.999994338 -0.000220106 -0.184783027 0.023552136 0.000299396 0.999722600 7.293807983
0.999677241 0.004197120 -0.025056807 -0.175741494 -0.003951736 0.999943852 0.009834624 -0.202830136 0.025096679 -0.009732436 0.999637544 7.778190613
0.999668777 0.003650550 -0.025476877 -0.190129071 -0.003216967 0.999849677 0.017038984 -0.200841770 0.025535248 -0.016951386 0.999530077 8.387207031
0.999660492 0.002570819 -0.025926974 -0.214603409 -0.002050201 0.999796093 0.020086590 -0.205489919 0.025973327 -0.020026613 0.999462008 8.867010117
0.999654830 0.000114355 -0.026270451 -0.226930127 0.000380486 0.999822497 0.018830424 -0.193742618 0.026267948 -0.018833917 0.999477506 9.545821190
0.999672413 0.000095038 -0.025594862 -0.260775685 0.000335522 0.999858499 0.016817329 -0.199310973 0.025592832 -0.016820408 0.999531031 10.018801689
0.999669969 0.002447339 -0.025575867 -0.276587069 -0.002107042 0.999909043 0.013323911 -0.190561220 0.025606146 -0.013265627 0.999584079 10.773195267
0.999696314 -0.000963983 -0.024624493 -0.302338034 0.001146487 0.999971867 0.007398488 -0.184493020 0.024616664 -0.007424476 0.999669373 11.598131180
0.999723077 -0.003177554 -0.023315841 -0.331673205 0.003225658 0.999992728 0.002025887 -0.206659973 0.023309235 -0.002100538 0.999726117 11.863652229
0.999746561 -0.001730767 -0.022442279 -0.355088949 0.001646730 0.999991536 -0.003762468 -0.208176762 0.022448599 0.003724555 0.999741077 12.699494362
0.999735653 -0.000331174 -0.022986948 -0.370839924 0.000235616 0.999991298 -0.004159573 -0.224341661 0.022988124 0.004153056 0.999727190 13.542206764
0.999738812 0.000742155 -0.022842221 -0.410435557 -0.000813414 0.999994874 -0.003110570 -0.234782383 0.022839792 0.003128330 0.999734223 13.828323364
0.999722481 0.001857476 -0.023486365 -0.429697752 -0.001953255 0.999989927 -0.004055904 -0.253271461 0.023478590 0.004100646 0.999715924 14.728355408
0.999748349 0.005918719 -0.021633249 -0.488052726 -0.006048670 0.999963939 -0.005946316 -0.262714535 0.021597279 0.006075680 0.999748290 15.210082054
0.999704301 0.009116873 -0.022538710 -0.510990083 -0.009264824 0.999936104 -0.006468464 -0.275949478 0.022478297 0.006675376 0.999725044 16.154726028
0.999720812 0.011521547 -0.020631669 -0.578067422 -0.011655010 0.999911785 -0.006360223 -0.291416466 0.020556573 0.006598895 0.999766827 16.664579391
0.999709487 0.012245990 -0.020759454 -0.609711528 -0.012383088 0.999902248 -0.006488402 -0.308022320 0.020677971 0.006743572 0.999763370 17.638122559
0.999691367 0.012168932 -0.021664100 -0.624868155 -0.012309119 0.999904037 -0.006349327 -0.327356577 0.021584764 0.006614022 0.999745071 18.603679657
0.999723017 0.014942539 -0.018179769 -0.752222657 -0.015047509 0.999870777 -0.005650923 -0.324433953 0.018092982 0.005922906 0.999818861 18.922527313
0.999699533 0.015736891 -0.018793363 -0.766938508 -0.015802247 0.999869525 -0.003334145 -0.348453760 0.018738443 0.003630110 0.999817789 19.929288864
0.999698997 0.015600333 -0.018933624 -0.800913453 -0.015650988 0.999874234 -0.002529994 -0.360184431 0.018891776 0.002825551 0.999817491 20.942045212
0.999710321 0.014734213 -0.019030603 -0.821084976 -0.014772091 0.999889135 -0.001851413 -0.407580584 0.019001212 0.002131996 0.999817371 21.515691757
0.999677777 0.016440947 -0.019339375 -0.851075053 -0.016513929 0.999857128 -0.003620228 -0.408656389 0.019277086 0.003938426 0.999806464 22.532209396
0.999683797 0.015393704 -0.019883102 -0.865555763 -0.015434462 0.999879062 -0.001897939 -0.437383950 0.019851485 0.002204224 0.999800563 23.312009811
0.999684632 0.014935266 -0.020190405 -0.899380088 -0.014929757 0.999888480 0.000423680 -0.445816010 0.020194480 -0.000122108 0.999796093 24.340734482
0.999662876 0.014977925 -0.021208981 -0.911895394 -0.014887011 0.999879479 0.004438102 -0.464165717 0.021272898 -0.004120872 0.999765217 25.155382156
0.999639928 0.015115990 -0.022175342 -0.934185505 -0.014970215 0.999865413 0.006725169 -0.474647850 0.022274012 -0.006390780 0.999731481 26.206527710
0.999640346 0.014124068 -0.022800848 -0.970427752 -0.013968837 0.999878287 0.006953083 -0.478012204 0.022896279 -0.006632085 0.999715805 27.305969238
0.999643862 0.015165387 -0.021958113 -1.025839090 -0.015040910 0.999869883 0.005823311 -0.495955765 0.022043573 -0.005490966 0.999742091 28.029907227
0.999603212 0.016382715 -0.022916725 -1.055711985 -0.016270615 0.999854743 0.005069825 -0.500219762 0.022996457 -0.004694944 0.999724567 29.118804932
0.999608457 0.015831891 -0.023070799 -1.106635213 -0.015687866 0.999856353 0.006410409 -0.507951736 0.023168972 -0.006045967 0.999713302 29.981775284
0.999590516 0.015427336 -0.024099600 -1.135984659 -0.015227214 0.999848187 0.008465500 -0.519774854 0.024226541 -0.008095063 0.999673724 31.052736282
0.999577343 0.015487573 -0.024601083 -1.174679518 -0.015217974 0.999822497 0.011108436 -0.529035687 0.024768755 -0.010729363 0.999635637 32.138645172
0.999549448 0.016751986 -0.024906119 -1.221787333 -0.016478883 0.999802232 0.011130661 -0.539188385 0.025087655 -0.010715220 0.999627829 32.968070984
0.999493957 0.018096121 -0.026159972 -1.250075102 -0.017910544 0.999812782 0.007311005 -0.547985256 0.026287371 -0.006838764 0.999631047 34.033523560
0.999482334 0.019178357 -0.025831928 -1.297487617 -0.019101972 0.999812365 0.003200863 -0.555792809 0.025888469 -0.002705764 0.999661148 35.113662720
0.999478996 0.019682826 -0.025581094 -1.343324900 -0.019607479 0.999802589 0.003193022 -0.571644008 0.025638899 -0.002689778 0.999667585 35.975246429
0.999455333 0.020439317 -0.025908796 -1.377069950 -0.020294489 0.999776959 0.005840619 -0.584199309 0.026022401 -0.005311635 0.999647141 37.073005676
0.999467254 0.020431325 -0.025450729 -1.425403833 -0.020242393 0.999765694 0.007658927 -0.589286149 0.025601253 -0.007139665 0.999646723 38.143302917
0.999483168 0.020929089 -0.024398744 -1.486250162 -0.020703819 0.999740958 0.009449393 -0.617459536 0.024590196 -0.008939366 0.999657631 39.052837372
0.999505818 0.020895911 -0.023483345 -1.531836987 -0.020694099 0.999747038 0.008804575 -0.632439017 0.023661390 -0.008314261 0.999685466 40.132171631
0.999518633 0.019456249 -0.024166752 -1.534295082 -0.019297941 0.999790847 0.006766847 -0.631808281 0.024293359 -0.006297226 0.999684989 41.204547882
0.999506652 0.021528292 -0.022865139 -1.613746405 -0.021417268 0.999757588 0.005089615 -0.659088969 0.022969160 -0.004597396 0.999725580 42.088191986
0.999526978 0.019968485 -0.023389367 -1.624818563 -0.019909760 0.999797881 0.002741294 -0.673247159 0.023439376 -0.002274323 0.999722600 43.150245667
0.999551296 0.018685652 -0.023410527 -1.646688700 -0.018701360 0.999824941 -0.000452013 -0.696866870 0.023397984 0.000889617 0.999725819 44.223709106
0.999589622 0.018058961 -0.022239774 -1.727459192 -0.018108968 0.999833882 -0.002049133 -0.717068851 0.022199085 0.002451032 0.999750495 45.242988586
0.999617159 0.016202003 -0.022429504 -1.741240978 -0.016202839 0.999868691 0.000144400 -0.728851736 0.022428906 0.000219076 0.999748409 46.319549561
0.999636412 0.014909969 -0.022460060 -1.766200542 -0.014779435 0.999872983 0.005966488 -0.741571069 0.022546172 -0.005632373 0.999729872 47.393245697
0.999677658 0.014107013 -0.021104747 -1.835184813 -0.013857840 0.999833107 0.011906624 -0.756207645 0.021269189 -0.011610318 0.999706388 48.457931519
0.999702275 0.012411450 -0.021005755 -1.856507540 -0.012153558 0.999849796 0.012360730 -0.758700371 0.021156013 -0.012101755 0.999702930 49.538696289
0.999738455 0.009416279 -0.020837722 -1.882947922 -0.009216887 0.999911070 0.009644336 -0.771549582 0.020926682 -0.009449753 0.999736428 50.614967346
0.999772549 0.008414144 -0.019594219 -1.963071465 -0.008284178 0.999943197 0.006704561 -0.784921288 0.019649522 -0.006540719 0.999785542 51.699066162
0.999744117 0.010975881 -0.019775618 -1.988340974 -0.010929519 0.999937236 0.002450855 -0.796927571 0.019801276 -0.002234092 0.999801457 52.780761719
0.999747515 0.010525946 -0.019853014 -2.012169838 -0.010560485 0.999942839 -0.001635741 -0.811616004 0.019834664 0.001844981 0.999801636 53.877292633
0.999730468 0.013320484 -0.019008283 -2.062924862 -0.013369130 0.999907672 -0.002434384 -0.823033035 0.018974105 0.002687857 0.999816418 54.966369629
0.999689698 0.017370433 -0.017854169 -2.108979464 -0.017354716 0.999848843 0.001035012 -0.834119141 0.017869452 -0.000724834 0.999840140 56.057304382
0.999647796 0.019901706 -0.017553831 -2.147911549 -0.019848393 0.999797821 0.003206213 -0.857152581 0.017614095 -0.002856671 0.999840736 57.149387360
0.999656439 0.019167140 -0.017875887 -2.163217068 -0.019102858 0.999810517 0.003759939 -0.869152606 0.017944569 -0.003417171 0.999833107 58.232532501
0.999701440 0.017027549 -0.017524751 -2.191756010 -0.016952647 0.999846578 0.004414141 -0.873401761 0.017597226 -0.004115735 0.999836683 59.318305969
0.999703884 0.017408768 -0.017006291 -2.259385109 -0.017309686 0.999832392 0.005956363 -0.891367674 0.017107135 -0.005660232 0.999837637 60.421379089
0.999742270 0.015056048 -0.016990891 -2.296080589 -0.014926145 0.999858499 0.007746805 -0.904016614 0.017105125 -0.007491207 0.999825597 61.500835419
0.999744177 0.013783505 -0.017931817 -2.303613424 -0.013617790 0.999863684 0.009330962 -0.908285558 0.018057985 -0.009084390 0.999795735 62.600772858
0.999747813 0.013843991 -0.017682746 -2.374125957 -0.013696002 0.999870420 0.008463208 -0.923316479 0.017797632 -0.008218892 0.999807835 63.706001282
0.999729991 0.014300725 -0.018319044 -2.397160053 -0.014222556 0.999889314 0.004390535 -0.933670759 0.018379815 -0.004128809 0.999822557 64.771713257
0.999721527 0.014779582 -0.018398710 -2.444671631 -0.014733925 0.999888003 0.002614771 -0.957287967 0.018435305 -0.002342959 0.999827266 65.885818481
0.999671578 0.017547101 -0.018675029 -2.495319605 -0.017478861 0.999839962 0.003811352 -0.941774845 0.018738920 -0.003483679 0.999818504 66.953559875
0.999643445 0.018442297 -0.019307975 -2.516069889 -0.018285815 0.999798775 0.008250205 -0.958884060 0.019456245 -0.007894198 0.999779642 68.023048401
0.999600291 0.020275513 -0.019700000 -2.551819324 -0.020041844 0.999727190 0.011987224 -0.962837994 0.019937677 -0.011587611 0.999734104 69.174316406
0.999555647 0.022062739 -0.020041786 -2.586591721 -0.021811869 0.999682009 0.012650737 -0.971210003 0.020314520 -0.012207972 0.999719143 70.235244751
0.999554813 0.021406425 -0.020778554 -2.615402699 -0.021201491 0.999724865 0.010033405 -0.970337451 0.020987617 -0.009588405 0.999733686 71.380996704
0.999553561 0.021141205 -0.021107113 -2.650655746 -0.020950932 0.999738157 0.009195361 -0.977486014 0.021295993 -0.008749045 0.999734938 72.440895081
0.999539852 0.021395218 -0.021500105 -2.681910276 -0.021209497 0.999736071 0.008829530 -0.984051883 0.021683343 -0.008369461 0.999729872 73.566902161
0.999548554 0.019752728 -0.022638274 -2.705756426 -0.019539017 0.999762893 0.009622977 -1.003676414 0.022822987 -0.009176304 0.999697447 74.600158691
0.999550343 0.019341726 -0.022912679 -2.741809368 -0.019114874 0.999766529 0.010078653 -0.994795084 0.023102267 -0.009636149 0.999686599 75.712081909
0.999526680 0.019877935 -0.023482375 -2.768188953 -0.019586787 0.999729276 0.012564366 -1.006629467 0.023725770 -0.012098473 0.999645233 76.696441650
0.999519467 0.019722972 -0.023911191 -2.816729069 -0.019406335 0.999721825 0.013402626 -1.007665396 0.024168868 -0.012932155 0.999624193 77.781623840
0.999498546 0.018139571 -0.025955571 -2.848508835 -0.017788343 0.999747872 0.013699407 -1.015403390 0.026197528 -0.013230827 0.999569237 78.744514465
0.999387324 0.018335918 -0.029808898 -2.870626688 -0.017977718 0.999763548 0.012240417 -1.018219233 0.030026283 -0.011697021 0.999480665 79.795005798
0.999304712 0.017020321 -0.033169784 -2.911148548 -0.016628923 0.999789298 0.012040136 -1.031002283 0.033367720 -0.011480186 0.999377191 80.702499390
0.999156594 0.018341707 -0.036735971 -2.940939665 -0.017926525 0.999772012 0.011599477 -1.032204390 0.036940355 -0.010931145 0.999257684 81.719741821
0.999021530 0.019559139 -0.039666802 -2.989518166 -0.019059800 0.999734759 0.012927806 -1.047663450 0.039909132 -0.012159115 0.999129295 82.581848145
0.998869538 0.020375989 -0.042947814 -3.027875185 -0.019792911 0.999706626 0.013958356 -1.053215146 0.043219633 -0.013092517 0.998979747 83.527687073
0.998722553 0.021515548 -0.045721531 -3.077030659 -0.020822052 0.999661624 0.015590322 -1.061626315 0.046041492 -0.014618392 0.998832583 84.340873718
0.998530924 0.023387089 -0.048877679 -3.111120224 -0.022622010 0.999613583 0.016148055 -1.063933969 0.049236458 -0.015018623 0.998674154 85.242576599
0.998346388 0.025136603 -0.051698163 -3.153102398 -0.024296368 0.999563217 0.016817674 -1.075311065 0.052098338 -0.015533789 0.998521090 85.993949890
0.998170435 0.027472949 -0.053861130 -3.215227127 -0.026687186 0.999527335 0.015254193 -1.075838685 0.054254763 -0.013788885 0.998431861 86.728164673
0.998006821 0.027817311 -0.056644127 -3.254508972 -0.027202694 0.999562621 0.011592991 -1.080937386 0.056941859 -0.010029012 0.998327076 87.400901794
0.997731030 0.031337071 -0.059588205 -3.307152271 -0.030925987 0.999491155 0.007808662 -1.089376211 0.059802573 -0.005948122 0.998192430 88.270065308
0.997488797 0.033103008 -0.062611759 -3.337539673 -0.032828018 0.999446332 0.005415814 -1.101454258 0.062756374 -0.003346796 0.998023152 88.902038574
0.997393668 0.035348028 -0.062899761 -3.395070553 -0.035167351 0.999373615 0.003977478 -1.101099849 0.063000962 -0.001755096 0.998011827 89.507400513
0.997324169 0.037967544 -0.062472716 -3.434114218 -0.037776858 0.999277174 0.004231177 -1.112133861 0.062588215 -0.001859836 0.998037636 90.215225220
0.997359455 0.041610748 -0.059518587 -3.471871853 -0.041345619 0.999128759 0.005679724 -1.122542500 0.059703074 -0.003203898 0.998210967 90.776573181
0.997575343 0.044166207 -0.053782895 -3.511073828 -0.043843582 0.999012649 0.007164324 -1.135643244 0.054046214 -0.004788922 0.998526931 91.309448242
0.997909963 0.045117855 -0.046261556 -3.539479494 -0.044744339 0.998957157 0.009078514 -1.144416094 0.046622917 -0.006989601 0.998888075 91.811340332
0.998301744 0.045172013 -0.036785476 -3.545485497 -0.044798952 0.998936474 0.010903712 -1.145328045 0.037238896 -0.009237245 0.999263704 92.473258972
0.998663723 0.045069426 -0.025287349 -3.544113636 -0.044780731 0.998926222 0.011869631 -1.151528001 0.025795156 -0.010721384 0.999609828 92.945549011
0.998970866 0.043843966 -0.011617279 -3.546081543 -0.043707434 0.998975158 0.011756664 -1.160986423 0.012120834 -0.011236805 0.999863446 93.404731750
0.999040127 0.043693341 0.003144499 -3.527078629 -0.043724585 0.998986602 0.010668333 -1.169898272 -0.002675172 -0.010795585 0.999938190 93.834892273
0.998868048 0.042847596 0.020657275 -3.492545605 -0.043004189 0.999049067 0.007196210 -1.176845789 -0.020329293 -0.008076414 0.999760628 94.367126465
0.998216152 0.042572111 0.041856721 -3.461906910 -0.042693380 0.999086380 0.002007052 -1.182222009 -0.041733027 -0.003790479 0.999121547 94.783103943
0.997043192 0.040252559 0.065456867 -3.406143188 -0.040121183 0.999189377 -0.003320875 -1.189570069 -0.065537475 0.000684848 0.997849822 95.184944153
0.994952679 0.038653526 0.092600837 -3.339071274 -0.038194355 0.999247611 -0.006726451 -1.197641850 -0.092791185 0.003155679 0.995680571 95.638298035
0.991805792 0.035775814 0.122642890 -3.267747879 -0.034977276 0.999350548 -0.008658545 -1.209148407 -0.122873023 0.004297890 0.992413044 96.031692505
0.987377226 0.033553105 0.154790774 -3.178775787 -0.032218736 0.999418914 -0.011121834 -1.220334053 -0.155074030 0.005994291 0.987884700 96.405860901
0.981231928 0.031523965 0.190236747 -3.069841385 -0.029503109 0.999474108 -0.013446387 -1.232337117 -0.190560639 0.007581455 0.981646180 96.784141541
0.973069012 0.028330840 0.228766039 -2.945844650 -0.025588663 0.999560714 -0.014944807 -1.244245410 -0.229088977 0.008688512 0.973366678 97.201538086
0.962909758 0.026016964 0.268566072 -2.827243805 -0.022385387 0.999611855 -0.016576037 -1.260686636 -0.268893123 0.009949273 0.963118613 97.529968262
0.950295269 0.027800577 0.310106248 -2.660148621 -0.023106564 0.999556184 -0.018800572 -1.273134232 -0.310491294 0.010700609 0.950515985 97.925437927
0.934481442 0.030222932 0.354726434 -2.516765594 -0.024654308 0.999491751 -0.020208731 -1.287220240 -0.355156898 0.010139158 0.934751689 98.244796753
0.916382492 0.030832386 0.399114639 -2.351139069 -0.024969248 0.999490499 -0.019882241 -1.301233768 -0.399524331 0.008254151 0.916685402 98.560997009
0.896119237 0.029755533 0.442814797 -2.131813049 -0.023450907 0.999530673 -0.019707482 -1.319310665 -0.443193346 0.007275843 0.896396518 98.909057617
0.872555971 0.028795164 0.487664640 -1.932235718 -0.021054544 0.999550343 -0.021348583 -1.333104849 -0.488060147 0.008360274 0.872769952 99.204444885
0.847297370 0.029222177 0.530314147 -1.702518463 -0.019356707 0.999520957 -0.024150381 -1.356078148 -0.530765831 0.010197414 0.847457170 99.496528625
0.819380403 0.031440321 0.572387218 -1.481750488 -0.018502705 0.999425113 -0.028409947 -1.375434399 -0.572951436 0.012687837 0.819491088 99.756965637
0.788105786 0.036304560 0.614468217 -1.224983215 -0.019742519 0.999236345 -0.033716381 -1.397534966 -0.615223110 0.014440920 0.788220704 100.042877197
0.753734827 0.042446412 0.655806363 -0.969860077 -0.022585394 0.998995483 -0.038701013 -1.412241101 -0.656790376 0.014358656 0.753936410 100.297119141
0.715712845 0.047397491 0.696784496 -0.679859161 -0.024457928 0.998783648 -0.042818077 -1.428037047 -0.697966278 0.013603533 0.716001332 100.562698364
0.676080525 0.047605287 0.735288322 -0.377391815 -0.021852592 0.998767257 -0.044570938 -1.449919701 -0.736503601 0.014065576 0.676287293 100.792785645
0.634989083 0.045417599 0.771184802 -0.039527893 -0.017805129 0.998865485 -0.044165820 -1.470545053 -0.772315860 0.014313761 0.635077417 101.003356934
0.590805054 0.043505162 0.805640399 0.291416168 -0.015729284 0.998976469 -0.042410586 -1.485994935 -0.806661010 0.012384243 0.590884745 101.197631836
0.543316245 0.042293839 0.838462114 0.655857086 -0.014838709 0.999057889 -0.040779289 -1.507624507 -0.839397013 0.009714364 0.543431997 101.399505615
0.495849282 0.039486390 0.867510378 1.016746521 -0.011564571 0.999177277 -0.038869426 -1.523136377 -0.868331611 0.009240994 0.495898068 101.549377441
0.443595797 0.036366574 0.895488739 1.399173737 -0.009445932 0.999310553 -0.035903670 -1.545748472 -0.896177113 0.007468000 0.443633527 101.716140747
0.392037690 0.035881199 0.919249058 1.783599854 -0.010586554 0.999348819 -0.034492835 -1.574036837 -0.919888258 0.003790818 0.392162263 101.836120605
0.339901477 0.041776828 0.939532638 2.180274963 -0.013351852 0.999126554 -0.039596304 -1.581964850 -0.940366209 0.000914341 0.340162367 101.962768555
0.289378405 0.047154792 0.956052542 2.606288910 -0.012842851 0.998887241 -0.045380216 -1.601812363 -0.957128644 0.000853618 0.289662004 102.058593750
0.242708832 0.048995592 0.968861103 2.985473633 -0.010339021 0.998797655 -0.047919471 -1.620894790 -0.970044017 0.001613400 0.242923602 102.115188599
0.201667249 0.048871793 0.978234053 3.433694839 -0.003116332 0.998781204 -0.049255874 -1.650770187 -0.979449153 0.006884791 0.201573819 102.163681030
0.166677430 0.048737328 0.984806120 3.849264145 0.006511449 0.998701394 -0.050527055 -1.669225454 -0.985989988 0.014834241 0.166143700 102.201400757
0.135628060 0.050070446 0.989493668 4.335202217 0.010768369 0.998588622 -0.052006673 -1.696741819 -0.990701318 0.017708801 0.134897500 102.248954773
0.108159281 0.048344556 0.992957413 4.773146629 0.009936322 0.998714447 -0.049707185 -1.724129677 -0.994083941 0.015242636 0.107539870 102.274993896
0.082521886 0.044730939 0.995584965 5.314079285 0.004338202 0.998966694 -0.045242473 -1.752989411 -0.996579826 0.008052539 0.082242563 102.321868896
0.058494948 0.040899623 0.997449458 5.772759438 -0.000478212 0.999161482 -0.040941771 -1.773940921 -0.998287618 0.001917895 0.058465458 102.336471558
0.035707973 0.038387101 0.998624623 6.357035637 0.004598003 0.999245226 -0.038575355 -1.804436684 -0.999351740 0.005969128 0.035504512 102.346778870
0.016074400 0.039296452 0.999098182 6.836730957 0.012846542 0.999136806 -0.039504655 -1.833311081 -0.999788225 0.013469974 0.015555701 102.325996399
-0.002402112 0.041734356 0.999125838 7.446078300 0.017439192 0.998978555 -0.041686282 -1.871894121 -0.999845028 0.017323816 -0.003127475 102.323478699
-0.015654348 0.047310065 0.998757541 7.956488132 0.018596511 0.998720944 -0.047016863 -1.885844707 -0.999704480 0.017837387 -0.016514130 102.293785095
-0.026742678 0.051843535 0.998297095 8.651309967 0.015882624 0.998550177 -0.051431220 -1.919649005 -0.999516129 0.014480166 -0.027527319 102.294937134
-0.033044916 0.051660415 0.998117864 9.157667160 0.018050130 0.998531163 -0.051084220 -1.946452379 -0.999290824 0.016328076 -0.033928853 102.255950928
-0.035337016 0.048793912 0.998183608 9.876830101 0.024134582 0.998557806 -0.047957815 -1.985464334 -0.999083996 0.022396052 -0.036463667 102.221878052
-0.034610383 0.046742395 0.998307168 10.404720306 0.026033029 0.998608828 -0.045853984 -2.018555164 -0.999061763 0.024401940 -0.035779081 102.190910339
-0.032990582 0.046656620 0.998366058 11.166954041 0.025307205 0.998628438 -0.045832627 -2.050367832 -0.999135137 0.023753811 -0.034126084 102.182868958
-0.031389963 0.046720527 0.998414576 11.727980614 0.021262262 0.998712063 -0.046065964 -2.091283083 -0.999280989 0.019782545 -0.032342922 102.162048340
-0.030225968 0.047965217 0.998391569 12.410259247 0.020011300 0.998676836 -0.047373082 -2.125006914 -0.999342680 0.018547207 -0.031145822 102.144744873
-0.029098013 0.048913941 0.998379052 13.189002991 0.019938577 0.998631716 -0.048345201 -2.170190811 -0.999377668 0.018499499 -0.030033475 102.117179871
-0.028546911 0.048352752 0.998422205 13.819814682 0.019267153 0.998670518 -0.047813877 -2.204958916 -0.999406755 0.017871818 -0.029440574 102.111419678
-0.027996039 0.047209281 0.998492479 14.644785881 0.017734848 0.998750389 -0.046724208 -2.248541594 -0.999450743 0.016400019 -0.028798303 102.086204529
-0.027572315 0.045730036 0.998573244 15.274005890 0.018959781 0.998797297 -0.045216780 -2.289220333 -0.999439955 0.017685995 -0.028406182 102.078559875
-0.028266001 0.043155432 0.998668492 16.131214142 0.019239686 0.998906136 -0.042621136 -2.348799467 -0.999415219 0.018009333 -0.029065376 102.058990479
-0.029360915 0.041522052 0.998706162 16.759288788 0.017169693 0.999010384 -0.041029938 -2.375817299 -0.999421418 0.015942799 -0.030044783 102.044509888
-0.030424075 0.040641107 0.998710513 17.636329651 0.015919266 0.999065995 -0.040170621 -2.416415453 -0.999410331 0.014676586 -0.031042635 102.014343262
-0.031845380 0.038356822 0.998756528 18.280590057 0.018371191 0.999116838 -0.037784901 -2.448813438 -0.999323905 0.017145069 -0.032521922 102.000526428
-0.032475222 0.037089955 0.998784125 19.166549683 0.019900907 0.999136984 -0.036455989 -2.488697052 -0.999274313 0.018692786 -0.033185329 101.965065002
-0.034783240 0.035516214 0.998763561 19.830656052 0.017177161 0.999241948 -0.034935009 -2.536915064 -0.999247313 0.015940767 -0.035366945 101.952461243
-0.036015209 0.040534116 0.998528838 20.741437912 0.014195979 0.999097049 -0.040045157 -2.577324152 -0.999250472 0.012732856 -0.036558114 101.933525085
-0.036325194 0.045146894 0.998319626 21.402669907 0.015718035 0.998881221 -0.044600375 -2.614501953 -0.999216437 0.014071501 -0.036994178 101.906242371
-0.037517615 0.047112782 0.998184681 22.310789108 0.015786607 0.998791337 -0.046548065 -2.659861088 -0.999171257 0.014011572 -0.038216017 101.875213623
-0.038870230 0.044851199 0.998237193 23.005825043 0.012364317 0.998937249 -0.044401202 -2.701347828 -0.999167740 0.010616627 -0.039383478 101.851295471
-0.040083714 0.040503934 0.998375118 23.916601181 0.009343625 0.999149561 -0.040160224 -2.758131504 -0.999152541 0.007718662 -0.040428087 101.823814392
-0.040896956 0.035293244 0.998539805 24.838485718 0.007345309 0.999359548 -0.035021376 -2.803392410 -0.999136329 0.005902308 -0.041130010 101.791542053
-0.040792380 0.029591599 0.998729289 25.410953522 0.004234530 0.999557674 -0.029443176 -2.834148884 -0.999158621 0.003028095 -0.040899631 101.773139954
-0.040318441 0.028189352 0.998789132 26.327911377 0.001823126 0.999602437 -0.028138712 -2.879274368 -0.999185145 0.000686413 -0.040353797 101.732063293
-0.039769348 0.035069950 0.998593211 26.994228363 0.004656370 0.999379516 -0.034912128 -2.922979116 -0.999197960 0.003261384 -0.039907973 101.716659546
-0.037660062 0.046323922 0.998216331 27.894855499 0.007650784 0.998909116 -0.046067428 -2.965121984 -0.999261260 0.005902232 -0.037973389 101.668670654
-0.037820235 0.051771145 0.997942626 28.809171677 0.008740076 0.998635948 -0.051475883 -3.013295650 -0.999246299 0.006775260 -0.038221132 101.645645142
-0.036684770 0.045949522 0.998269916 29.351198196 0.010620135 0.998903751 -0.045588441 -3.053201675 -0.999270380 0.008929363 -0.037132554 101.630180359
-0.036219217 0.038679365 0.998594999 30.257053375 0.013083376 0.999183357 -0.038227618 -3.102726460 -0.999258101 0.011680424 -0.036695704 101.607284546
-0.035974018 0.035561517 0.998719752 31.181396484 0.014482910 0.999280274 -0.035059799 -3.160072088 -0.999247670 0.013203132 -0.036463164 101.572647095
-0.035500921 0.036798786 0.998691916 31.695924759 0.013863928 0.999243796 -0.036326289 -3.176523209 -0.999273360 0.012556180 -0.035984255 101.556694031
-0.036598988 0.036882147 0.998649240 32.577339172 0.010248389 0.999280035 -0.036529854 -3.235155821 -0.999277353 0.008897593 -0.036950625 101.537414551
-0.039080862 0.037577219 0.998529196 33.223495483 0.008637976 0.999267936 -0.037266947 -3.264913321 -0.999198675 0.007168844 -0.039376847 101.523521423
-0.040822487 0.037509523 0.998462081 34.112773895 0.008684643 0.999270618 -0.037184831 -3.314580441 -0.999128640 0.007153306 -0.041118465 101.487609863
-0.043615688 0.037712332 0.998336434 35.001258850 0.007310355 0.999272525 -0.037428327 -3.371859550 -0.999021649 0.005665727 -0.043859646 101.459037781
-0.045183614 0.038251217 0.998246193 35.491180420 0.005807213 0.999259770 -0.038027208 -3.390042305 -0.998961806 0.004078820 -0.045372307 101.433929443
-0.047602579 0.037289280 0.998170078 36.356468201 0.003701550 0.999302566 -0.037155062 -3.440686703 -0.998859465 0.001926098 -0.047707409 101.404373169
-0.049000189 0.036060330 0.998147547 37.239864349 0.003751912 0.999347568 -0.035919495 -3.489291668 -0.998791635 0.001984899 -0.049103517 101.348854065
-0.051856935 0.036560584 0.997985065 37.730728149 0.004374124 0.999328375 -0.036382504 -3.512429714 -0.998644829 0.002478618 -0.051982030 101.341995239
-0.053412739 0.037479140 0.997868955 38.563327789 0.003993320 0.999295473 -0.037318964 -3.562940121 -0.998564422 0.001991495 -0.053524774 101.299232483
-0.054136056 0.038005106 0.997810066 39.436912537 0.005195351 0.999272645 -0.037778933 -3.603167057 -0.998519957 0.003138765 -0.054294132 101.248474121
-0.055430129 0.036690086 0.997788191 39.904289246 0.006994716 0.999314368 -0.036357630 -3.630663872 -0.998437941 0.004963942 -0.055648763 101.226341248
-0.056790385 0.036185272 0.997730196 40.756835938 0.006633028 0.999334574 -0.035865918 -3.675067186 -0.998363972 0.004581137 -0.056992620 101.176437378
-0.058317374 0.035587672 0.997663558 41.334098816 0.006075095 0.999358535 -0.035293020 -3.713732719 -0.998279631 0.004002705 -0.058496173 101.151451111
-0.059151120 0.035213925 0.997627735 42.152751923 0.004852338 0.999375939 -0.034987930 -3.749598980 -0.998237312 0.002771252 -0.059285078 101.103736877
-0.060439020 0.033580277 0.997606874 42.978179932 0.003661954 0.999434590 -0.033419948 -3.805089474 -0.998165250 0.001633322 -0.060527828 101.070030212
-0.061243769 0.033298772 0.997567236 43.392295837 0.004097752 0.999443233 -0.033109825 -3.826637030 -0.998114407 0.002060011 -0.061346125 101.040458679
-0.061292347 0.035726607 0.997480273 44.169334412 0.003913338 0.999360085 -0.035553474 -3.872014523 -0.998112142 0.001724320 -0.061392937 100.995697021
-0.061387710 0.038790468 0.997359931 44.708896637 0.004658233 0.999244750 -0.038577065 -3.899388552 -0.998103082 0.002277780 -0.061522044 100.964508057
-0.061468031 0.040894546 0.997270882 45.475852966 0.002797056 0.999163389 -0.040799752 -3.938121796 -0.998105109 0.000281545 -0.061530989 100.923805237
-0.062018733 0.041301806 0.997220159 46.005802155 0.003014594 0.999146581 -0.041194122 -3.974007130 -0.998070359 0.000451412 -0.062090330 100.900680542
-0.061703697 0.040974792 0.997253060 46.733009338 0.004524816 0.999158144 -0.040773105 -4.019146442 -0.998084188 0.001996540 -0.061837163 100.853858948
-0.062315561 0.040707573 0.997226119 47.287967682 0.004570343 0.999168992 -0.040501293 -4.049646854 -0.998046041 0.002033795 -0.062449835 100.825790405
-0.062656820 0.040616333 0.997208357 48.009860992 0.000747035 0.999173164 -0.040649425 -4.091947079 -0.998034835 -0.001802022 -0.062635377 100.792716980
-0.062887900 0.040641621 0.997192740 48.554969788 -0.001252186 0.999166429 -0.040801033 -4.132117271 -0.998019814 -0.003814563 -0.062784597 100.766014099
-0.062224690 0.038678024 0.997312367 49.209205627 -0.000720794 0.999246895 -0.038798008 -4.180686951 -0.998061955 -0.003133054 -0.062149949 100.719192505
-0.064019695 0.038942512 0.997188568 49.801898956 0.000947025 0.999240160 -0.038961843 -4.201786995 -0.997948229 -0.001549960 -0.064007938 100.694953918
-0.067113191 0.038559407 0.997000039 50.478893280 -0.002488038 0.999243319 -0.038813651 -4.235980034 -0.997742355 -0.005085479 -0.066966474 100.646705627
-0.073341526 0.037965890 0.996584058 51.162277222 -0.006223582 0.999238312 -0.038525023 -4.276124477 -0.997287512 -0.009027805 -0.073049374 100.614784241
-0.078347526 0.042351943 0.996025980 51.644180298 -0.001828502 0.999089360 -0.042626027 -4.303041458 -0.996924579 -0.005160888 -0.078198746 100.568542480
-0.084410273 0.045674816 0.995383680 52.321811676 0.001465001 0.998953402 -0.045714386 -4.331844330 -0.996430039 -0.002400532 -0.084388852 100.503738403
-0.091901720 0.046497758 0.994681835 52.867225647 -0.000012737 0.998908997 -0.046696551 -4.376495361 -0.995768070 -0.004304155 -0.091800883 100.454444885
-0.098605469 0.045487478 0.994086385 53.545063019 -0.003661909 0.998931348 -0.046072405 -4.417943954 -0.995119870 -0.008183240 -0.098333538 100.398063660
-0.103549249 0.044157088 0.993643641 54.116668701 -0.003957361 0.998987794 -0.044806987 -4.455998898 -0.994616449 -0.008571934 -0.103269689 100.332015991
-0.108162321 0.045143001 0.993107736 54.799018860 -0.005860752 0.998922050 -0.046045620 -4.489079952 -0.994116008 -0.010800756 -0.107781157 100.263099670
-0.112143829 0.044495247 0.992695212 55.381229401 -0.008135092 0.998922348 -0.045693375 -4.522687435 -0.993658721 -0.013199892 -0.111661002 100.198677063
-0.115049958 0.041433197 0.992495179 56.084304810 -0.007590115 0.999063909 -0.042587258 -4.560021877 -0.993330777 -0.012432810 -0.114627786 100.125816345
-0.116379939 0.038333692 0.992464721 56.676681519 -0.005153392 0.999218047 -0.039198849 -4.597094059 -0.993191302 -0.009676521 -0.116091393 100.050575256
-0.118407451 0.034985624 0.992348611 57.404586792 -0.005858659 0.999337018 -0.035931066 -4.643834114 -0.992947757 -0.010068341 -0.118124001 99.973251343
-0.119174175 0.035719395 0.992230654 58.003223419 -0.005803851 0.999310493 -0.036671348 -4.664521694 -0.992856383 -0.010129040 -0.118884698 99.900672913
-0.119683437 0.039182752 0.992038548 58.718879700 -0.004027901 0.999193430 -0.039951291 -4.706516743 -0.992803872 -0.008777343 -0.119429089 99.815483093
-0.119895793 0.043505952 0.991832614 59.341678619 0.001973331 0.999047756 -0.043583896 -4.737287045 -0.992784500 -0.003268308 -0.119867451 99.741081238
-0.119930260 0.048787020 0.991582811 60.072349548 0.009427189 0.998802722 -0.048002049 -4.779197216 -0.992737532 0.003590943 -0.120246589 99.638343811
-0.120932415 0.049709342 0.991415262 60.700634003 0.010271726 0.998754561 -0.048824392 -4.816776276 -0.992607534 0.004279100 -0.121292442 99.568206787
-0.121582322 0.047289487 0.991454184 61.445064545 0.007958584 0.998878777 -0.046667658 -4.863484383 -0.992549360 0.002216613 -0.121822380 99.486145020
-0.121102445 0.042758279 0.991718531 62.071426392 0.008762303 0.999079049 -0.042005617 -4.899556637 -0.992601275 0.003602751 -0.121365570 99.408027649
-0.121468551 0.040594894 0.991764724 62.818183899 0.010735882 0.999158621 -0.039582636 -4.945774078 -0.992537200 0.005839418 -0.121802159 99.319534302
-0.122162692 0.040153328 0.991697490 63.445030212 0.010850807 0.999175549 -0.039119456 -4.986431122 -0.992450833 0.005981777 -0.122497663 99.242759705
-0.123420477 0.040607810 0.991523206 64.180641174 0.009361003 0.999165535 -0.039755590 -5.031941414 -0.992310286 0.004374993 -0.123697609 99.152046204
-0.126212746 0.041879024 0.991118789 64.804000854 0.009003814 0.999115646 -0.041070353 -5.063278198 -0.991962314 0.003740240 -0.126478210 99.084304810
-0.128712192 0.041665867 0.990806282 65.542602539 0.009921347 0.999121070 -0.040726680 -5.109241486 -0.991632342 0.004588108 -0.129012451 98.992523193
-0.130212039 0.042321485 0.990582526 66.161308289 0.010728687 0.999090374 -0.041274685 -5.140284538 -0.991428077 0.005253193 -0.130547613 98.911132812
-0.133037105 0.041690648 0.990233898 66.911643982 0.009675599 0.999121964 -0.040764946 -5.186202049 -0.991063833 0.004157858 -0.133323640 98.826858521
-0.133768097 0.041707098 0.990134656 67.529922485 0.008733522 0.999124825 -0.040905885 -5.235977173 -0.990974128 0.003175464 -0.134015262 98.727371216
-0.135001987 0.043451253 0.989892125 68.278938293 0.009752022 0.999047875 -0.042523161 -5.280786514 -0.990797341 0.003912742 -0.135297164 98.634475708
-0.136114940 0.043946899 0.989717841 69.025810242 0.008405544 0.999030888 -0.043204430 -5.322575092 -0.990657389 0.002438352 -0.136352420 98.540565491
-0.137255341 0.044199310 0.989549100 69.613510132 0.007303912 0.999021947 -0.043609343 -5.342842579 -0.990508735 0.001241963 -0.137443960 98.458580017
-0.138237551 0.042564578 0.989484131 70.375228882 0.007627781 0.999092162 -0.041912246 -5.379806519 -0.990369678 0.001753718 -0.138436735 98.358283997
-0.140082687 0.040321365 0.989318490 71.127845764 0.004740420 0.999186277 -0.040052332 -5.418309212 -0.990128398 -0.000920853 -0.140159830 98.280181885
-0.141469955 0.038213041 0.989204645 71.757469177 0.002332184 0.999264836 -0.038268127 -5.458592415 -0.989939690 -0.003106784 -0.141455069 98.179725647
-0.143535256 0.037956815 0.988916934 72.524772644 0.004726451 0.999279201 -0.037668515 -5.496324062 -0.989633858 -0.000732694 -0.143611193 98.072776794
-0.144948825 0.038362380 0.988695145 73.207580566 0.005884982 0.999263823 -0.037909687 -5.539278984 -0.989421666 0.000323493 -0.145067915 97.967803955
-0.147513330 0.039649323 0.988265038 73.976951599 0.004891905 0.999213159 -0.039358377 -5.577383995 -0.989048004 -0.000971384 -0.147591233 97.866104126
-0.149412006 0.043142952 0.987833321 74.762855530 0.006528058 0.999068916 -0.042646278 -5.624576569 -0.988753498 0.000076773 -0.149554551 97.755752563
-0.149024948 0.046771713 0.987726629 75.528633118 0.008808624 0.998903871 -0.045971971 -5.674284458 -0.988794208 0.001849548 -0.149273619 97.631866455
-0.150284529 0.050944839 0.987329245 76.173049927 0.009696114 0.998699307 -0.050055645 -5.711951256 -0.988595247 0.002050665 -0.150583014 97.527297974
-0.149563298 0.052441690 0.987360477 76.987640381 0.011447278 0.998617291 -0.051305581 -5.749886513 -0.988685906 0.003629155 -0.149956822 97.396156311
-0.149010837 0.051440354 0.987496555 77.699470520 0.015347537 0.998646021 -0.049705237 -5.807811737 -0.988716483 0.007749022 -0.149598554 97.288650513
-0.148810267 0.049744453 0.987613678 78.514335632 0.015873786 0.998725414 -0.047912318 -5.855909824 -0.988738358 0.008547326 -0.149410203 97.162521362
-0.148245409 0.048200388 0.987775147 79.334671021 0.015143466 0.998805046 -0.046465874 -5.906139374 -0.988834679 0.008069987 -0.148798183 97.042762756
-0.146470472 0.045214437 0.988181293 80.051887512 0.013782840 0.998951197 -0.043664303 -5.955785751 -0.989118993 0.007224414 -0.146940023 96.945373535
-0.144950032 0.042005669 0.988546908 80.884429932 0.013932460 0.999086022 -0.040410601 -6.002258778 -0.989340842 0.007915374 -0.145402759 96.826416016
-0.143058345 0.038887665 0.988949955 81.636314392 0.014985986 0.999198377 -0.037122827 -6.044323921 -0.989600778 0.009509660 -0.143526435 96.718299866
-0.142056748 0.039047088 0.989087999 82.469314575 0.014025619 0.999200761 -0.037431903 -6.092884541 -0.989759147 0.008555116 -0.142490864 96.613571167
-0.140009135 0.043086525 0.989212275 83.219825745 0.014654706 0.999033511 -0.041440137 -6.138535023 -0.990041733 0.008694618 -0.140505239 96.501235962
-0.138271973 0.049612653 0.989150822 84.050125122 0.015666064 0.998729169 -0.047903132 -6.185988903 -0.990270436 0.008872441 -0.138873473 96.389228821
-0.136768132 0.053088594 0.989179492 84.910163879 0.013235400 0.998571813 -0.051762685 -6.233993530 -0.990514636 0.006012703 -0.137275413 96.280937195
-0.134975314 0.050197165 0.989576638 85.639778137 0.011978347 0.998725593 -0.049027443 -6.288284302 -0.990776598 0.005236000 -0.135404572 96.173599243
-0.134168968 0.047864929 0.989801824 86.498519897 0.012228421 0.998836696 -0.046644259 -6.339685440 -0.990883052 0.005845503 -0.134598210 96.075798035
-0.133620918 0.045491301 0.989987791 87.283340454 0.012658053 0.998942673 -0.044194303 -6.411864281 -0.990951657 0.006626036 -0.134055495 95.972389221
