0.999996543 -0.002323011 -0.001191892 -0.008595536 0.002326499 0.999993086 0.002933274 -0.020497192 0.001185070 -0.002936037 0.999994993 1.543086171
0.999993503 -0.002538113 -0.002617102 -0.022720657 0.002549070 0.999987960 0.004191857 -0.045353353 0.002606431 -0.004198501 0.999987781 3.075564146
0.999991179 -0.001345939 -0.003979967 -0.040746834 0.001360054 0.999992728 0.003545897 -0.053163759 0.003975166 -0.003551279 0.999985814 4.596518517
0.999987304 -0.000181555 -0.005037734 -0.067643799 0.000198345 0.999994397 0.003332631 -0.072845861 0.005037101 -0.003333587 0.999981761 6.089807034
0.999978900 -0.000024014 -0.006491559 -0.082627080 0.000047167 0.999993622 0.003566455 -0.086820886 0.006491433 -0.003566685 0.999972522 7.603586674
0.999966204 -0.000610920 -0.008201092 -0.101550736 0.000644253 0.999991477 0.004062479 -0.104389459 0.008198540 -0.004067626 0.999958098 9.098933220
0.999948800 -0.002292156 -0.009855033 -0.118486114 0.002322312 0.999992609 0.003049647 -0.118280686 0.009847973 -0.003072378 0.999946773 10.614392281
0.999930322 -0.003833068 -0.011157797 -0.138046697 0.003872463 0.999986470 0.003511301 -0.137007296 0.011144188 -0.003554266 0.999931574 12.110441208
0.999917448 -0.003277815 -0.012413106 -0.162895262 0.003320175 0.999988735 0.003393412 -0.155249327 0.012401843 -0.003434347 0.999917209 13.609126091
0.999894977 -0.003082015 -0.014160478 -0.181271136 0.003141671 0.999986231 0.004192496 -0.179249883 0.014147364 -0.004236544 0.999891043 15.019640923
0.999899030 -0.001422647 -0.014140349 -0.214059293 0.001482341 0.999989986 0.004211940 -0.194168881 0.014134213 -0.004232475 0.999891162 16.577583313
0.999870420 -0.001084152 -0.016063266 -0.226255715 0.001168074 0.999985754 0.005215995 -0.214918464 0.016057380 -0.005234082 0.999857366 18.035203934
0.999876320 0.000260264 -0.015719565 -0.262814045 -0.000165408 0.999981761 0.006035270 -0.224377215 0.015720848 -0.006031923 0.999858141 19.525333405
0.999879301 0.000605590 -0.015519951 -0.291239440 -0.000519965 0.999984622 0.005520482 -0.222396120 0.015523054 -0.005511747 0.999864280 20.982797623
0.999858558 0.001756460 -0.016723843 -0.318087012 -0.001663065 0.999982893 0.005596798 -0.238463953 0.016733386 -0.005568195 0.999844491 22.450019836
0.999852717 0.001161987 -0.017126657 -0.319457859 -0.001062149 0.999982357 0.005837381 -0.246311918 0.017133135 -0.005818330 0.999836266 23.943525314
0.999859691 0.002643614 -0.016543556 -0.376862377 -0.002520527 0.999968946 0.007456630 -0.263231516 0.016562756 -0.007413885 0.999835312 25.326469421
0.999813855 0.005425860 -0.018509625 -0.351297557 -0.005343047 0.999975443 0.004520587 -0.356962144 0.018533695 -0.004420848 0.999818385 26.813358307
0.999797821 0.006114464 -0.019156637 -0.368674695 -0.006059672 0.999977410 0.002916954 -0.379783511 0.019174036 -0.002800281 0.999812186 28.193063736
0.999836206 0.001890852 -0.017999712 -0.408306897 -0.001842166 0.999994516 0.002721045 -0.389042020 0.018004762 -0.002687441 0.999834239 29.661699295
0.999843478 0.001011259 -0.017663592 -0.442298919 -0.000920370 0.999986291 0.005152894 -0.395941734 0.017668560 -0.005135830 0.999830663 31.082263947
0.999842525 0.001781714 -0.017657956 -0.478822649 -0.001672048 0.999979258 0.006223398 -0.423940808 0.017668674 -0.006192893 0.999824703 32.493770599
0.999833405 -0.001623604 -0.018177420 -0.468468308 0.001730073 0.999981344 0.005843056 -0.430949062 0.018167596 -0.005873532 0.999817669 33.885589600
0.999853611 0.000782078 -0.017091423 -0.532807767 -0.000719205 0.999993086 0.003684476 -0.442003608 0.017094187 -0.003671645 0.999847114 35.285930634
0.999865174 0.001361283 -0.016363585 -0.565571249 -0.001317257 0.999995530 0.002700975 -0.461857110 0.016367190 -0.002679056 0.999862432 36.644596100
0.999877334 0.000576509 -0.015652096 -0.588176727 -0.000539562 0.999997199 0.002364625 -0.480735391 0.015653415 -0.002355891 0.999874651 38.006202698
0.999896765 0.000908736 -0.014340844 -0.614554763 -0.000864389 0.999994874 0.003098287 -0.495176107 0.014343586 -0.003085571 0.999892354 39.345085144
0.999921679 0.001266591 -0.012444103 -0.647061348 -0.001199222 0.999984622 0.005419658 -0.520152509 0.012450777 -0.005404311 0.999907851 40.664634705
0.999936342 0.000928216 -0.011243545 -0.655941188 -0.000852993 0.999977231 0.006693261 -0.531357408 0.011249501 -0.006683244 0.999914408 41.947948456
0.999956429 0.001001760 -0.009282590 -0.656845808 -0.000934724 0.999973416 0.007223266 -0.548334837 0.009289579 -0.007214275 0.999930799 43.180099487
0.999985099 -0.000782647 -0.005387302 -0.683133960 0.000821209 0.999974012 0.007159437 -0.566616178 0.005381559 -0.007163755 0.999959826 44.502162933
0.999996126 -0.002026490 -0.001888892 -0.685825229 0.002036353 0.999984205 0.005234521 -0.571217299 0.001878255 -0.005238349 0.999984443 45.755043030
0.999991953 -0.003765920 0.001325081 -0.682479322 0.003760628 0.999985039 0.003973328 -0.598025084 -0.001340023 -0.003968314 0.999991238 46.965900421
0.999979913 -0.003439681 0.005330415 -0.676268220 0.003414050 0.999982655 0.004810107 -0.618818164 -0.005346868 -0.004791812 0.999974251 48.188133240
0.999927163 -0.005038606 0.010966980 -0.668153405 0.004985542 0.999975860 0.004860421 -0.641086221 -0.010991204 -0.004805391 0.999928057 49.398151398
0.999841988 -0.003332772 0.017460933 -0.659807980 0.003261471 0.999986231 0.004110301 -0.655074656 -0.017474391 -0.004052703 0.999839067 50.575733185
0.999691486 -0.002054792 0.024753518 -0.640781283 0.001953830 0.999989688 0.004102163 -0.672600389 -0.024761692 -0.004052531 0.999685228 51.760223389
0.999443531 -0.001194034 0.033335280 -0.614699483 0.001021854 0.999985993 0.005181682 -0.691752970 -0.033341002 -0.005144735 0.999430776 52.931133270
0.999042511 0.001541488 0.043723583 -0.570930958 -0.001794363 0.999981821 0.005744849 -0.699398518 -0.043713935 -0.005817804 0.999027193 54.082534790
0.998387635 0.003720525 0.056642927 -0.512451410 -0.004055773 0.999974906 0.005804827 -0.700789511 -0.056619912 -0.006025198 0.998377681 55.236408234
0.997416854 0.005373754 0.071628869 -0.452453136 -0.005842885 0.999962807 0.006341545 -0.725314856 -0.071592137 -0.006743683 0.997411191 56.383975983
0.996061563 0.007858559 0.088314258 -0.373553753 -0.008611183 0.999929726 0.008144355 -0.746587276 -0.088244036 -0.008872769 0.996059358 57.463348389
0.994317949 0.008271594 0.106128588 -0.286686420 -0.009244963 0.999919474 0.008682914 -0.737135053 -0.106048219 -0.009614733 0.994314492 58.513904572
0.992116392 0.007803759 0.125076279 -0.148635864 -0.008918434 0.999925315 0.008354505 -0.770552099 -0.125001729 -0.009404127 0.992111981 59.702884674
0.989376485 0.007031425 0.145205900 0.000431061 -0.008203741 0.999938369 0.007476239 -0.776901364 -0.145144418 -0.008588047 0.989373207 60.741180420
0.986127317 0.003878898 0.165945709 0.184592247 -0.005157624 0.999960184 0.007275444 -0.794585586 -0.165910870 -0.008030402 0.986108124 61.839584351
0.982190847 0.000244718 0.187885761 0.375044823 -0.002044006 0.999953806 0.009382820 -0.798443556 -0.187874809 -0.009599758 0.982146084 62.897827148
0.977437437 -0.004851240 0.211169392 0.600643158 0.002638955 0.999938607 0.010756903 -0.797759414 -0.211208627 -0.009956931 0.977390349 63.939956665
0.971949339 -0.009272786 0.235007629 0.846570015 0.007054644 0.999922276 0.010277575 -0.807754934 -0.235084683 -0.008331385 0.971939147 64.910842896
0.965604424 -0.012766191 0.259702027 1.105095863 0.010753203 0.999900103 0.009170416 -0.819642723 -0.259793162 -0.006062365 0.965645254 65.898025513
0.958031178 -0.016590292 0.286183566 1.386901855 0.014308814 0.999846935 0.010061597 -0.832124531 -0.286306709 -0.005544375 0.958122015 66.846153259
0.949697196 -0.013961621 0.312857866 1.708318710 0.010445033 0.999861956 0.012913446 -0.822326005 -0.312994987 -0.008996055 0.949712157 67.813858032
0.940091610 -0.017680816 0.340462893 2.043678284 0.013094290 0.999789953 0.015764615 -0.827902675 -0.340670139 -0.010362061 0.940125823 68.738586426
0.929071367 -0.020937024 0.369307607 2.409509659 0.016425379 0.999747157 0.015356795 -0.831908822 -0.369535774 -0.008201541 0.929180264 69.664215088
0.916962266 -0.020589562 0.398442328 2.780021667 0.017702345 0.999783576 0.010924356 -0.828609884 -0.398581088 -0.002963858 0.917128265 70.542732239
0.903665245 -0.021352313 0.427707016 3.173448563 0.021065386 0.999763429 0.005403710 -0.824235201 -0.427721232 0.004126670 0.903901219 71.409637451
0.889352143 -0.023528907 0.456617087 3.605525970 0.024584737 0.999691188 0.003629200 -0.854515076 -0.456561536 0.007998174 0.889655948 72.274467468
0.873771369 -0.024509283 0.485719115 4.074844360 0.024567239 0.999678671 0.006249000 -0.855020046 -0.485716224 0.006472580 0.874092579 73.096031189
0.855638146 -0.023307545 0.517049372 4.561176300 0.020000821 0.999728441 0.011967416 -0.865986407 -0.517187834 0.000101635 0.855871916 73.950988770
0.837548852 -0.012939787 0.546209216 5.073905945 0.006182540 0.999879956 0.014207114 -0.836064696 -0.546327472 -0.008522190 0.837528288 74.638641357
0.816177964 -0.006709719 0.577761590 5.572811127 0.001888746 0.999958158 0.008944666 -0.848552763 -0.577797532 -0.006209193 0.816156447 75.383102417
0.794245601 -0.000085724 0.607596993 6.176078796 -0.000990512 0.999998450 0.001435873 -0.859032154 -0.607596099 -0.001742266 0.794244289 76.171783447
0.772099674 0.002352518 0.635497093 6.793205261 -0.001328791 0.999996901 -0.002087428 -0.845750034 -0.635500133 0.000767262 0.772100449 76.900566101
0.750504375 0.001884677 0.660862744 7.358142853 -0.001921926 0.999997914 -0.000669216 -0.854470015 -0.660862684 -0.000767879 0.750506461 77.552619934
0.726351798 0.001995204 0.687320173 7.995868683 -0.001830907 0.999997854 -0.000967985 -0.865340233 -0.687320650 -0.000555322 0.726354122 78.219161987
0.701351762 0.003888262 0.712804615 8.660808563 -0.000749259 0.999988556 -0.004717593 -0.874110818 -0.712814808 0.002774618 0.701346815 78.859619141
0.674395859 0.006378334 0.738342464 9.288276672 -0.000845876 0.999968708 -0.007865838 -0.888382018 -0.738369524 0.004680147 0.674380124 79.470169067
0.647425175 0.008805009 0.762078166 9.981071472 -0.002527735 0.999952555 -0.009405953 -0.905265808 -0.762124777 0.004163321 0.647416770 80.064285278
0.619613588 0.010542982 0.784836292 10.713359833 -0.002890114 0.999933720 -0.011150768 -0.933372915 -0.784901738 0.004640899 0.619602859 80.637260437
0.589813292 0.016314941 0.807374835 11.402885437 -0.001552921 0.999816895 -0.019069238 -0.946797371 -0.807538152 0.009993502 0.589730620 81.175292969
0.559680045 0.025482822 0.828316927 12.182842255 -0.002060877 0.999566793 -0.029358754 -0.972161233 -0.828706205 0.014724448 0.559490085 81.721542358
0.528369308 0.034235947 0.848324060 12.947288513 -0.003426684 0.999264479 -0.038193200 -1.008115411 -0.849007666 0.017273176 0.528098047 82.221084595
0.496100903 0.038724404 0.867400825 13.731498718 -0.004466057 0.999105453 -0.042049933 -1.044553280 -0.868253410 0.016987152 0.495830059 82.654281616
0.464169443 0.037921891 0.884934247 14.568790436 -0.005704275 0.999190271 -0.039826054 -1.092143655 -0.885728061 0.013438129 0.464009941 83.082687378
0.430677652 0.036921147 0.901750326 15.391773224 -0.009512790 0.999293029 -0.036371600 -1.124890685 -0.902455688 0.007086272 0.430724353 83.494064331
0.396515131 0.037649300 0.917255819 16.265678406 -0.012870122 0.999288499 -0.035452828 -1.172502041 -0.917937934 0.002252389 0.396717548 83.877655029
0.359652668 0.040189523 0.932220459 17.112169266 -0.011738063 0.999187768 -0.038548037 -1.220061541 -0.933012426 0.002921443 0.359832346 84.254905701
0.323857397 0.042365115 0.945156932 18.032531738 -0.016663395 0.999097347 -0.039073210 -1.264912128 -0.945959210 -0.003095375 0.324271053 84.585617065
0.287374407 0.041473456 0.956920028 18.907342911 -0.018133922 0.999118626 -0.037856542 -1.306967974 -0.957646668 -0.006473712 0.287873268 84.864624023
0.251101822 0.040870592 0.967097461 19.861169815 -0.017882181 0.999133587 -0.037581455 -1.354948044 -0.967795491 -0.007857042 0.251615196 85.123985291
0.215514198 0.040068366 0.975678384 20.833744049 -0.016763736 0.999162376 -0.037329916 -1.401803970 -0.976356804 -0.008310885 0.216005415 85.331291199
0.179942727 0.039431602 0.982886434 21.729768753 -0.015176632 0.999188602 -0.037307139 -1.439706802 -0.983560026 -0.008203761 0.180395186 85.495040894
0.145745456 0.038501717 0.988572657 22.708168030 -0.006514752 0.999258101 -0.037957411 -1.487509131 -0.989300728 -0.000908188 0.145888150 85.633529663
0.111815609 0.041855935 0.992847085 23.647819519 -0.003653468 0.999123216 -0.041709062 -1.536168218 -0.993722260 0.001036389 0.111870460 85.739761353
0.079889171 0.046949409 0.995697439 24.651214600 -0.001985962 0.998895705 -0.046940867 -1.584900618 -0.996801674 0.001772649 0.079894193 85.815078735
0.050492387 0.050560270 0.997443795 25.603456497 0.005710266 0.998686790 -0.050912339 -1.639308929 -0.998708129 0.008266354 0.050137360 85.858451843
0.025071740 0.049506105 0.998459101 26.618305206 0.007577047 0.998734951 -0.049710050 -1.681579113 -0.999656975 0.008811689 0.024664912 85.875740051
0.002974929 0.045514628 0.998959363 27.564205170 0.007436409 0.998935044 -0.045535676 -1.742529154 -0.999967873 0.007564135 0.002633296 85.895278931
-0.016057005 0.042962391 0.998947680 28.588916779 0.007600893 0.999052823 -0.042844743 -1.793992519 -0.999842167 0.006904936 -0.016368348 85.881935120
-0.032762744 0.045837987 0.998411477 29.534929276 0.006943645 0.998934090 -0.045634117 -1.848129988 -0.999439001 0.005437516 -0.033046108 85.857765198
-0.047424596 0.050109405 0.997617185 30.531759262 0.009718514 0.998716772 -0.049702641 -1.900808573 -0.998827577 0.007338230 -0.047850728 85.814529419
-0.060392726 0.052234475 0.996807039 31.507507324 0.034739643 0.998134792 -0.050199315 -1.938403368 -0.997569978 0.031597044 -0.062094692 85.714683533
-0.069729850 0.055347912 0.996029258 32.508480072 0.040187303 0.997804940 -0.052633151 -2.000089169 -0.996756077 0.036357626 -0.071801066 85.645164490
-0.073685303 0.064335808 0.995204329 33.523773193 0.023924505 0.997743845 -0.062728599 -2.080977201 -0.996994495 0.019187594 -0.075058259 85.586891174
-0.077160604 0.069040984 0.994625390 34.534416199 0.025857106 0.997402489 -0.067227840 -2.156546116 -0.996683300 0.020530792 -0.078745365 85.504425049
-0.080197781 0.073188558 0.994088531 35.524436951 0.027208714 0.997089863 -0.071214490 -2.226955891 -0.996407568 0.021336624 -0.081955783 85.426483154
-0.082759663 0.075913355 0.993673980 36.538902283 0.028056571 0.996876776 -0.073821299 -2.311615467 -0.996174514 0.021769658 -0.084631063 85.339561462
-0.086495057 0.076275721 0.993328154 37.470317841 0.050061114 0.996137917 -0.072132356 -2.341974735 -0.994993687 0.043488018 -0.089979470 85.216323853
-0.088000029 0.080076143 0.992896616 38.488075256 0.050326012 0.995848060 -0.075853780 -2.423769236 -0.994848371 0.043293394 -0.091664597 85.113441467
-0.090753660 0.081372432 0.992543399 39.476211548 0.053637858 0.995608866 -0.076719359 -2.502314568 -0.994427800 0.046275340 -0.094719805 85.020751953
-0.094582640 0.078759313 0.992396653 40.473079681 0.059618969 0.995524466 -0.073325410 -2.585293055 -0.993730187 0.052230351 -0.098854885 84.934387207
-0.097139820 0.078042045 0.992206275 41.495529175 0.058948811 0.995621920 -0.072539434 -2.671533346 -0.993523479 0.051442906 -0.101315044 84.849182129
-0.097943597 0.079274289 0.992029488 42.496227264 0.065160088 0.995194197 -0.073093891 -2.755134583 -0.993056595 0.057481647 -0.102638394 84.696342468
-0.100792505 0.081449650 0.991567850 43.497474670 0.063884363 0.995116413 -0.075247325 -2.835764408 -0.992854357 0.055761315 -0.105503619 84.606781006
-0.103888579 0.083473966 0.991079867 44.512229919 0.062418245 0.995054841 -0.077265851 -2.925317764 -0.992628396 0.053834431 -0.108585127 84.510757446
-0.105805911 0.086829163 0.990588605 45.535449982 0.060535107 0.994895220 -0.080740824 -3.018830299 -0.992542505 0.051422525 -0.110522002 84.388900757
-0.108372450 0.091067731 0.989930332 46.558006287 0.063037612 0.994420648 -0.084579796 -3.093783140 -0.992109716 0.053236719 -0.113508515 84.277984619
-0.110648610 0.094312504 0.989374518 47.600070953 0.060178254 0.994296432 -0.088051558 -3.172762156 -0.992036045 0.049796045 -0.115693085 84.152198792
-0.113791272 0.092283823 0.989209533 48.671909332 0.058421392 0.994575262 -0.086064063 -3.275609016 -0.991785526 0.047997653 -0.118565336 84.033226013
-0.116738670 0.087903187 0.989264965 49.728862762 0.055783723 0.995083332 -0.081837408 -3.373695374 -0.991594791 0.045631293 -0.121068276 83.908798218
-0.118840121 0.086453781 0.989142478 50.813461304 0.056317836 0.995185316 -0.080215663 -3.464133978 -0.991315007 0.046173520 -0.123136833 83.768165588
-0.121795475 0.084158525 0.988980830 51.852485657 0.073781684 0.994409800 -0.075534098 -3.518264055 -0.989809096 0.063768975 -0.127323985 83.649192810
-0.123004742 0.086936422 0.988590896 52.937870026 0.073744163 0.994202197 -0.078254327 -3.606734753 -0.989662349 0.063277163 -0.128702655 83.509948730
-0.123473100 0.090453044 0.988216817 53.981693268 0.079644851 0.993527889 -0.080987923 -3.691448689 -0.989146650 0.068706557 -0.129878074 83.371612549
-0.124077812 0.091402903 0.988053679 55.071517944 0.078492120 0.993532360 -0.082052834 -3.781317949 -0.989163160 0.067373499 -0.130449697 83.248481750
-0.123668872 0.089738809 0.988257468 56.130546570 0.075222537 0.993884742 -0.080836587 -3.879554510 -0.989468336 0.064342260 -0.129663005 83.098014832
-0.124546371 0.089060687 0.988208592 57.225517273 0.071347073 0.994189143 -0.080607608 -3.974488258 -0.989645243 0.060466409 -0.130176872 82.980247498
-0.124058433 0.090143122 0.988171935 58.289512634 0.067785792 0.994308531 -0.082192861 -4.070637703 -0.989956856 0.056787301 -0.129462779 82.836380005
-0.124358311 0.090683572 0.988084733 59.408645630 0.063769892 0.994486690 -0.083245158 -4.162792206 -0.990185976 0.052657835 -0.129455552 82.700057983
-0.124717467 0.089778073 0.988122165 60.474357605 0.060258765 0.994744837 -0.082774147 -4.259483814 -0.990360737 0.049219638 -0.129472002 82.564727783
-0.125454873 0.085503772 0.988407850 61.594474792 0.060053304 0.995106757 -0.078460924 -4.337138176 -0.990280092 0.049513854 -0.129975781 82.424362183
-0.125051349 0.077276856 0.989136159 62.704872131 0.072990708 0.994977176 -0.068505354 -4.437654972 -0.989461720 0.063631073 -0.130063713 82.281799316
-0.125756815 0.071492411 0.989481747 63.835964203 0.078349002 0.995000303 -0.061933510 -4.530797958 -0.988962471 0.069736339 -0.130729452 82.141754150
-0.124384902 0.074179552 0.989457428 64.905426025 0.086585529 0.994208992 -0.063651107 -4.601873398 -0.988448977 0.077755451 -0.130087480 81.992004395
-0.122893110 0.080341138 0.989162564 66.010131836 0.092067882 0.993342400 -0.069242150 -4.670837402 -0.988140047 0.082560726 -0.129471779 81.834098816
-0.121700041 0.085717872 0.988858700 67.124099731 0.096024595 0.992607713 -0.074224971 -4.760324478 -0.987911046 0.085921578 -0.129031435 81.682113647
-0.121221423 0.091777012 0.988373578 68.213043213 0.105981879 0.991221488 -0.079043075 -4.831507206 -0.986951411 0.095167980 -0.129883960 81.541252136
-0.121188506 0.088077709 0.988714099 69.331085205 0.103480592 0.991749287 -0.075664282 -4.941076756 -0.987220883 0.093143098 -0.129302934 81.398200989
-0.116418771 0.088037640 0.989290655 70.476440430 0.110927850 0.990984261 -0.075134464 -5.014276981 -0.986986160 0.100992829 -0.125135019 81.222007751
-0.116663322 0.086025640 0.989438772 71.603263855 0.108768232 0.991356015 -0.073367611 -5.110176563 -0.987197697 0.099060223 -0.125011712 81.088607788
-0.115399919 0.082975797 0.989847422 72.682998657 0.132803842 0.988847375 -0.067409225 -5.142781734 -0.984401345 0.123676516 -0.125132427 80.970664978
-0.114819251 0.087962762 0.989484251 73.796409607 0.133592322 0.988390923 -0.072363578 -5.225685596 -0.984362543 0.123878770 -0.125237435 80.824577332
-0.113676608 0.091343775 0.989309847 74.974365234 0.139633894 0.987349808 -0.075118162 -5.320971012 -0.983656406 0.129602030 -0.124993257 80.684562683
-0.112939447 0.091730908 0.989358366 76.149551392 0.145652846 0.986500978 -0.074839108 -5.405819416 -0.982868135 0.135650590 -0.124775752 80.553359985
-0.111441232 0.084492825 0.990172565 77.321723938 0.146726266 0.986857891 -0.067696340 -5.503271103 -0.982879579 0.137740165 -0.122373983 80.385292053
-0.114158094 0.079329528 0.990290225 78.464546204 0.154187799 0.986142874 -0.061222937 -5.578819275 -0.981424510 0.145701557 -0.124807827 80.271652222
-0.114179969 0.082337670 0.990042210 79.631126404 0.152336985 0.986224890 -0.064451434 -5.661951065 -0.981710970 0.143460974 -0.125150204 80.132217407
-0.113581277 0.084709734 0.989910841 80.780883789 0.150442630 0.986336231 -0.067142211 -5.752380848 -0.982072473 0.141298711 -0.124773264 79.986175537
-0.113608085 0.084408842 0.989933491 81.959106445 0.149866790 0.986439407 -0.066911705 -5.826107502 -0.982157409 0.140756443 -0.124717571 79.848495483
-0.112018630 0.082815930 0.990249157 83.141281128 0.149726480 0.986550868 -0.065569326 -5.878375053 -0.982361257 0.140921548 -0.122911841 79.732955933
-0.110586785 0.082319446 0.990451515 84.322036743 0.150253803 0.986494184 -0.065214291 -5.955749035 -0.982443035 0.141607270 -0.121462032 79.580047607
-0.109636575 0.082054265 0.990579009 85.500495911 0.151448905 0.986329556 -0.064939976 -6.048880100 -0.982366025 0.142902315 -0.120564833 79.438423157
-0.108594887 0.082172282 0.990684032 86.676689148 0.153667524 0.985986412 -0.064938225 -6.133882999 -0.982137144 0.145183980 -0.119700298 79.296287537
-0.108431965 0.078881808 0.990969300 87.874717712 0.155049920 0.985989213 -0.061519843 -6.236979485 -0.981937885 0.146978989 -0.119143367 79.164916992
-0.105991311 0.078618400 0.991254210 89.073890686 0.157214448 0.985656142 -0.061364036 -6.326361656 -0.981860220 0.149335414 -0.116830938 79.002853394
-0.104446679 0.077750139 0.991486669 90.251518250 0.157335296 0.985676765 -0.060720291 -6.393147469 -0.982006371 0.149653777 -0.115183502 78.868217468
-0.103223287 0.076568827 0.991706610 91.461662292 0.156109646 0.985923409 -0.059873398 -6.478257656 -0.982331276 0.148634627 -0.113723382 78.724571228
-0.101707503 0.076085553 0.991900504 92.669288635 0.156590059 0.985865831 -0.059566215 -6.553380489 -0.982412934 0.149263456 -0.112184197 78.588546753
-0.099922277 0.077293597 0.991988540 93.883270264 0.154519320 0.986088157 -0.061269224 -6.631933689 -0.982923865 0.147159234 -0.110475548 78.456481934
-0.099064715 0.080316216 0.991834402 95.103668213 0.154630676 0.985871911 -0.064388826 -6.705864906 -0.982993066 0.146989346 -0.110084467 78.331947327
-0.096590340 0.079664916 0.992130935 96.328117371 0.153893545 0.986000180 -0.064190120 -6.786780834 -0.983354986 0.146482438 -0.107498020 78.199066162
-0.095281482 0.077091143 0.992460728 97.545600891 0.151619926 0.986488044 -0.062070884 -6.876365662 -0.983835757 0.144562587 -0.105682567 78.070465088
-0.094745249 0.078696840 0.992386103 98.782409668 0.148593500 0.986820698 -0.064068958 -6.946217060 -0.984349132 0.141391903 -0.105190426 77.934417725
-0.095188506 0.078069337 0.992393255 100.009231567 0.146593198 0.987150431 -0.063595958 -7.028669357 -0.984606385 0.139424488 -0.105409801 77.812385559
-0.093255468 0.075866289 0.992747545 101.286361694 0.145411074 0.987439215 -0.061801191 -7.125114441 -0.984966516 0.138593197 -0.103115901 77.682983398
-0.093751222 0.073622867 0.992869675 102.520256042 0.143842220 0.987800360 -0.059664737 -7.216746807 -0.985149801 0.137222961 -0.103197567 77.541442871
-0.095778778 0.073406622 0.992692232 103.810775757 0.140468538 0.988293946 -0.059528437 -7.296636105 -0.985441446 0.133740485 -0.104968920 77.420120239
-0.097469464 0.074369624 0.992455959 105.045257568 0.141476840 0.988112569 -0.060149658 -7.371916294 -0.985131443 0.134546787 -0.106832378 77.285789490
-0.096218616 0.077642381 0.992327332 106.298248291 0.144805938 0.987438500 -0.063219100 -7.468363285 -0.984770656 0.137612060 -0.106253028 77.177871704
-0.099669531 0.072499372 0.992375851 107.550842285 0.142915413 0.988044024 -0.057829149 -7.558201313 -0.984703600 0.136061981 -0.108839169 77.049819946
-0.091117188 0.083162047 0.992361665 108.748527527 0.158623487 0.984996021 -0.067980215 -7.720866203 -0.983125746 0.151217684 -0.102941528 76.999916077
-0.097307198 0.090046786 0.991172433 109.985664368 0.154078424 0.985254824 -0.074382700 -7.808076382 -0.983255446 0.145480290 -0.109746650 76.888916016
-0.105256215 0.090308197 0.990336061 111.207733154 0.151137784 0.985751927 -0.073826760 -7.917290211 -0.982892931 0.141906455 -0.117405504 76.788009644
-0.114279017 0.086554714 0.989670932 112.443374634 0.153328881 0.985797405 -0.068510801 -8.004473686 -0.981545031 0.143915802 -0.125927284 76.631675720
-0.123750761 0.086052135 0.988575101 113.651611328 0.159606442 0.984987974 -0.065760210 -8.109560013 -0.979393423 0.149645060 -0.135627523 76.430992126
-0.136869848 0.087454259 0.986721098 114.886428833 0.159431309 0.985054076 -0.065191530 -8.192573547 -0.977674901 0.148391470 -0.148767143 76.252838135
-0.152109608 0.086175270 0.984599650 116.062232971 0.158233240 0.985465527 -0.061805785 -8.236710548 -0.975615263 0.146395132 -0.163534582 76.106430054
-0.166962460 0.084317595 0.982351303 117.272735596 0.159239233 0.985562444 -0.057528567 -8.318735123 -0.973019242 0.146823734 -0.177978635 75.903427124
-0.182488933 0.086379416 0.979406118 118.480346680 0.162580103 0.985071421 -0.056586143 -8.407854080 -0.969672918 0.148905635 -0.193808228 75.674781799
-0.196504965 0.085717544 0.976748824 119.551574707 0.161362350 0.985415936 -0.054014843 -8.616739273 -0.967133820 0.146996319 -0.207470760 75.385131836
-0.212372199 0.089520007 0.973079741 120.736679077 0.161290511 0.985348105 -0.055447415 -8.694937706 -0.963786006 0.145173028 -0.223699272 75.142051697
-0.227834597 0.089090116 0.969615579 121.937110901 0.157283351 0.986095250 -0.053646788 -8.713840485 -0.960912764 0.140281782 -0.238679051 74.849037170
-0.244551197 0.083653376 0.966021121 123.107223511 0.150653064 0.987451077 -0.047370829 -8.781887054 -0.957861364 0.133949444 -0.254084945 74.567230225
-0.260698706 0.079835698 0.962113500 124.258285522 0.146534622 0.988300562 -0.042302981 -8.843986511 -0.954234600 0.129954606 -0.269347399 74.256065369
-0.276574016 0.081057318 0.957567990 125.410629272 0.143560916 0.988739967 -0.042231359 -8.911536217 -0.950209081 0.125789225 -0.285096347 73.948829651
-0.290670007 0.082909502 0.953224480 126.535835266 0.143518627 0.988745987 -0.042235460 -8.973832130 -0.945998609 0.124528885 -0.299297869 73.598876953
-0.305123419 0.084948540 0.948516428 127.659461975 0.144510016 0.988609374 -0.042052556 -9.036491394 -0.941284537 0.124238908 -0.313923717 73.242805481
-0.318758696 0.083337314 0.944165111 128.757568359 0.145240292 0.988657534 -0.038230035 -9.125160217 -0.936642110 0.124944657 -0.327247083 72.848266602
-0.332978159 0.080957629 0.939452708 129.762542725 0.144198507 0.988960505 -0.034114491 -9.188199997 -0.931843460 0.124108307 -0.340976208 72.496887207
-0.347507179 0.079833850 0.934272707 130.860504150 0.143576682 0.989149868 -0.031119090 -9.234982491 -0.926620007 0.123325661 -0.355198920 72.084007263
-0.352114886 0.069512956 0.933372021 132.270492554 0.146754861 0.989003718 -0.018292826 -10.717596054 -0.924380004 0.130535677 -0.358444303 70.037101746
-0.367247075 0.071760081 0.927351117 133.351165771 0.146686226 0.989011228 -0.018441167 -10.745929718 -0.918483973 0.129257172 -0.373737693 69.610214233
-0.380870968 0.069651328 0.922001064 134.415588379 0.144408509 0.989403129 -0.015089169 -10.819720268 -0.913281739 0.127397776 -0.386893153 69.124961853
-0.395532221 0.072503343 0.915585876 135.481628418 0.147105724 0.989010513 -0.014768163 -10.845220566 -0.906594872 0.128846616 -0.401851177 68.661247253
-0.411432445 0.081836723 0.907758832 136.574096680 0.149117813 0.988584816 -0.021537248 -10.793792725 -0.899159074 0.126501888 -0.418939292 68.194335938
-0.425827056 0.084522039 0.900848150 137.629653931 0.150229573 0.988412380 -0.021724865 -10.814817429 -0.892245650 0.126082987 -0.433590531 67.670471191
-0.455446899 0.098694876 0.884775341 138.690902710 0.098728180 0.993305147 -0.059979845 -10.415811539 -0.884771645 0.060034625 -0.462141722 67.311897278
-0.471894294 0.095524646 0.876464903 139.754119873 0.096869566 0.993712068 -0.056148052 -10.474116325 -0.876317322 0.058406830 -0.478180468 66.738754272
-0.489470601 0.100641139 0.866192758 140.854858398 0.093522429 0.993647218 -0.062601872 -10.421138763 -0.866990268 0.050366674 -0.495773196 66.193191528
-0.505519986 0.100062564 0.856993020 141.908401489 0.092128813 0.993833899 -0.061695527 -10.495304108 -0.857882142 0.047765397 -0.511621594 65.580154419
-0.521935046 0.098797150 0.847244322 142.932403564 0.090879545 0.994056880 -0.059931681 -10.573637009 -0.848130167 0.045716733 -0.527811766 64.957145691
-0.538674712 0.107684918 0.835603714 143.968048096 0.090979367 0.993433416 -0.069374420 -10.512470245 -0.837587237 0.038652439 -0.544934511 64.330764771
-0.554092526 0.107203953 0.825523436 145.003051758 0.090629809 0.993547142 -0.068192959 -10.596784592 -0.827507079 0.037031807 -0.560232759 63.634212494
-0.569494426 0.104563929 0.815317392 146.015228271 0.089502625 0.993866861 -0.064945705 -10.676496506 -0.817107916 0.035986852 -0.575360358 62.937911987
-0.584283233 0.101226792 0.805211902 147.002990723 0.090003394 0.994152367 -0.059670471 -10.763998985 -0.806543469 0.037607364 -0.589977324 62.212337494
-0.600354612 0.104443528 0.792884529 148.090576172 0.092432812 0.993853033 -0.060928263 -10.795661926 -0.794374287 0.036709987 -0.606318295 61.449771881
-0.615127683 0.098394759 0.782263577 149.057952881 0.089324273 0.994491160 -0.054849628 -10.912605286 -0.783351123 0.036135625 -0.620528162 60.677562714
-0.629871130 0.099165022 0.770343244 149.992874146 0.087454446 0.994563758 -0.056521434 -10.994001389 -0.771760464 0.031768724 -0.635119319 59.905582428
-0.646012127 0.107370526 0.755738020 150.952255249 0.089477122 0.993883908 -0.064718924 -11.024056435 -0.758064747 0.025812052 -0.651668251 59.129341125
-0.662330389 0.104220718 0.741927505 151.871368408 0.087231465 0.994269609 -0.061795060 -11.103199005 -0.744116247 0.023790672 -0.667626321 58.329547882
-0.679032922 0.100733832 0.727163613 152.813934326 0.086171120 0.994630158 -0.057318415 -11.180643082 -0.729032695 0.023739411 -0.684067011 57.484199524
-0.696210265 0.098062158 0.711108327 153.727676392 0.084465243 0.994934499 -0.054506268 -11.257930756 -0.712851346 0.022116117 -0.700966358 56.601593018
-0.713460207 0.096481167 0.694021523 154.572723389 0.083866008 0.995112836 -0.052123148 -11.328258514 -0.695658743 0.021017009 -0.718064964 55.730251312
-0.742032647 0.071910456 0.666495621 155.486221313 0.031180238 0.996856093 -0.072840109 -11.425251007 -0.669638216 -0.033268258 -0.741941988 54.754104614
-0.757861257 0.070409037 0.648605287 156.269515991 0.031851336 0.996967018 -0.071008682 -11.512839317 -0.651637793 -0.033155788 -0.757805407 53.787574768
-0.774304271 0.071974121 0.628707230 157.126739502 0.033365898 0.996772528 -0.073017187 -11.618432999 -0.631933391 -0.035560142 -0.774206519 52.813362122
-0.789448738 0.071630932 0.609622598 157.853897095 0.037044156 0.996917129 -0.069166750 -11.720779419 -0.612697661 -0.032020651 -0.789668500 51.877628326
-0.805901051 0.064474963 0.588528872 158.731124878 0.028605206 0.997132003 -0.070068069 -11.792055130 -0.591358542 -0.039632954 -0.805434167 50.776931763
-0.820518553 0.066430226 0.567746639 159.441696167 0.031294547 0.996955097 -0.071423054 -11.887106895 -0.570762575 -0.040836580 -0.820099115 49.791576385
-0.834095776 0.067121647 0.547520757 160.193649292 0.030737933 0.996682584 -0.075358957 -11.985975266 -0.550762594 -0.046026926 -0.833391905 48.678615570
-0.846996307 0.067565493 0.527287602 160.851211548 0.033166062 0.996674061 -0.074436106 -12.072784424 -0.530563235 -0.045559045 -0.846420169 47.665470123
-0.859202802 0.058329593 0.508299232 161.535171509 0.025274588 0.997106135 -0.071699448 -12.181379318 -0.511010528 -0.048757330 -0.858190477 46.528793335
-0.869694233 0.060291599 0.489894748 162.172073364 0.027982999 0.996938109 -0.073016368 -12.276299477 -0.492797017 -0.049793202 -0.868718445 45.447544098
-0.879023492 0.063161559 0.472576052 162.802017212 0.030773802 0.996635675 -0.075962730 -12.381182671 -0.475784063 -0.052230079 -0.878009915 44.278335571
-0.888799787 0.060974862 0.454221159 163.443191528 0.029084288 0.996616423 -0.076875381 -12.482497215 -0.457371771 -0.055116124 -0.887565970 43.200347900
-0.896148860 0.058293469 0.439908057 163.983428955 0.027632874 0.996740878 -0.075789303 -12.590774536 -0.442892432 -0.055762570 -0.894838989 41.985870361
-0.902694821 0.056307621 0.426581293 164.489440918 0.026393246 0.996779621 -0.075721234 -12.688865662 -0.429471195 -0.057094295 -0.901273906 40.807456970
-0.909683704 0.054145582 0.411756814 165.071395874 0.025723755 0.996906996 -0.074261405 -12.808793068 -0.414504141 -0.056962471 -0.908262968 39.648319244
-0.915831268 0.051435035 0.398255557 165.585083008 0.024272216 0.997040033 -0.072952002 -12.916308403 -0.400829017 -0.057145186 -0.914368927 38.463981628
-0.921861112 0.046817366 0.384681940 166.134658813 0.021897471 0.997382522 -0.068909906 -13.017606735 -0.386901230 -0.055101801 -0.920473397 37.280479431
-0.926872551 0.043661118 0.372828096 166.627716064 0.020561134 0.997626662 -0.065713786 -13.100869179 -0.374812335 -0.053242538 -0.925570667 36.077766418
-0.931108356 0.036893670 0.362871945 167.107116699 0.014975916 0.997899234 -0.063030414 -13.211478233 -0.364435077 -0.053253811 -0.929704845 34.843223572
-0.934398293 0.040609919 0.353907883 167.573593140 0.018852748 0.997725964 -0.064710602 -13.302521706 -0.355731040 -0.053793333 -0.933039010 33.654777527
-0.936492622 0.039942224 0.348405212 168.022598267 0.017643368 0.997600734 -0.066943645 -13.400132179 -0.350243181 -0.056545191 -0.934950471 32.424976349
-0.938196063 0.042756811 0.343453228 168.463729858 0.019886145 0.997359872 -0.069840163 -13.488194466 -0.345532686 -0.058693804 -0.936569393 31.189115524
-0.940178037 0.047106620 0.337410957 168.927124023 0.025969030 0.997422278 -0.066890746 -13.590963364 -0.339692295 -0.054126982 -0.938977778 29.993551254
-0.941832900 0.040064797 0.333684713 169.359695435 0.020138999 0.997812629 -0.062962420 -13.683535576 -0.335477412 -0.052580010 -0.940579712 28.770709991
-0.943721712 0.029241977 0.329445213 169.812194824 0.009123540 0.998006463 -0.062449247 -13.787476540 -0.330614477 -0.055929009 -0.942107201 27.562896729
-0.945271850 0.022536665 0.325504571 170.250549316 0.001682519 0.997935236 -0.064207084 -13.870842934 -0.326279432 -0.060145486 -0.943358004 26.331233978
-0.946748018 0.019697070 0.321372420 170.689331055 -0.001939754 0.997759998 -0.066867642 -13.958866119 -0.321969658 -0.063930199 -0.944588959 25.109481812
-0.947452903 0.020523051 0.319236219 171.112991333 -0.001703799 0.997602046 -0.069190457 -14.048203468 -0.319890738 -0.066098616 -0.945145905 23.884868622
-0.948380172 0.034079310 0.315299064 171.537689209 0.011888088 0.997330964 -0.072039306 -14.159713745 -0.316912621 -0.064572357 -0.946254015 22.657438278
-0.948234379 0.036748067 0.315437734 171.951004028 0.014152271 0.997185349 -0.073627740 -14.264001846 -0.317255527 -0.065352201 -0.946085572 21.437015533
-0.947808743 0.037158851 0.316666424 172.348464966 0.014001871 0.997078240 -0.075092241 -14.366975784 -0.318531573 -0.066739164 -0.945559919 20.232349396
-0.947723389 0.036886893 0.316953510 172.761367798 0.013255531 0.996989548 -0.076393761 -14.478951454 -0.318817288 -0.068198785 -0.945359409 19.080345154
-0.946909368 0.043119457 0.318595886 173.165191650 0.020467857 0.997040153 -0.074108377 -14.590834618 -0.320848346 -0.063652948 -0.944989204 17.844879150
-0.945766091 0.043189816 0.321964532 173.570846558 0.019939257 0.996971607 -0.075167112 -14.688441277 -0.324235916 -0.064670771 -0.943763018 16.620204926
-0.945753992 0.040149841 0.322393209 174.024246216 0.016378157 0.996964633 -0.076112844 -14.787179947 -0.324470550 -0.066703826 -0.943540931 15.436656952
-0.944258332 0.037861988 0.327020824 174.437942505 0.014539478 0.997191250 -0.073471241 -14.900629997 -0.328884065 -0.064621113 -0.942156851 14.256599426
-0.945589125 0.028095191 0.324147731 174.762237549 0.004248318 0.997245967 -0.074042313 -15.021840096 -0.325335294 -0.068636537 -0.943104446 13.083202362
-0.942459702 0.026721997 0.333250225 175.168762207 0.003188944 0.997473598 -0.070964821 -15.127250671 -0.334304631 -0.065818764 -0.940164030 11.848407745
-0.940430522 0.028878259 0.338757277 175.611129761 0.005227592 0.997496545 -0.070521809 -15.224999428 -0.339945734 -0.064549968 -0.938227057 10.684726715
-0.937475026 0.028952138 0.346846282 176.053848267 0.004570386 0.997472405 -0.070908450 -15.321910858 -0.348022610 -0.064889677 -0.935237706 9.494132996
-0.933996081 0.031929739 0.355853647 176.523025513 0.006251513 0.997306705 -0.073077381 -15.434194565 -0.357228577 -0.066029362 -0.931680143 8.300857544
-0.930468798 0.031638987 0.365002424 176.988647461 0.005740291 0.997400880 -0.071823075 -15.546775818 -0.366326183 -0.064733900 -0.928232074 7.166496277
-0.924924374 0.035426207 0.378496885 177.461090088 0.007943626 0.997232080 -0.073926374 -15.634258270 -0.380068094 -0.065369666 -0.922645688 5.932552338
-0.919604480 0.037366204 0.391064584 177.965744019 0.008848817 0.997183740 -0.074472539 -15.743556976 -0.392745942 -0.065024808 -0.917345285 4.773883820
-0.914010644 0.040189225 0.403694600 178.497482300 0.011033989 0.997175634 -0.074290141 -15.855148315 -0.405540138 -0.063447617 -0.911872566 3.589977264
-0.908176005 0.039945517 0.416678131 179.022811890 0.011079712 0.997381389 -0.071466662 -15.959365845 -0.418441802 -0.060287628 -0.906240523 2.463699341
-0.902204216 0.039802331 0.429468662 179.566284180 0.008465777 0.997175157 -0.074631847 -16.052259445 -0.431226045 -0.063697375 -0.899992645 1.310340881
-0.895302236 0.041944865 0.443480283 180.133865356 0.010137720 0.997217715 -0.073851846 -16.157142639 -0.445344120 -0.061623845 -0.893236399 0.148246765
-0.888535976 0.042640265 0.456821263 180.704971313 0.010128546 0.997252405 -0.073384330 -16.248497009 -0.458695173 -0.060577687 -0.886526406 -0.955711365
-0.880868196 0.045114309 0.471206784 181.296691895 0.013063440 0.997385681 -0.071071126 -16.342111588 -0.473181188 -0.056448709 -0.879154742 -2.075057983
-0.873130739 0.047371846 0.485178858 181.911926270 0.015068875 0.997414351 -0.070267417 -16.437267303 -0.487253040 -0.054041546 -0.871587038 -3.173004150
-0.863964260 0.051458720 0.500916898 182.540618896 0.019850427 0.997471988 -0.068232030 -16.548871994 -0.503161669 -0.049006633 -0.862801611 -4.269805908
-0.853700936 0.054010957 0.517955124 183.163177490 0.021548657 0.997418940 -0.068491355 -16.633008957 -0.520317554 -0.047309894 -0.852661371 -5.339424133
-0.843222558 0.057155363 0.534517527 183.819778442 0.024246980 0.997363567 -0.068396412 -16.722358704 -0.537017524 -0.044712957 -0.842385292 -6.386772156
-0.832056284 0.058472890 0.551600516 184.490112305 0.025695562 0.997423887 -0.066972576 -16.837032318 -0.554095566 -0.041551277 -0.831415355 -7.415016174
-0.821502864 0.060670238 0.566967428 185.210266113 0.026854008 0.997336566 -0.067813419 -16.924348831 -0.569571614 -0.040483572 -0.820944130 -8.407920837
-0.808621466 0.063595258 0.584882081 185.930053711 0.029675128 0.997284114 -0.067409441 -17.024230957 -0.587580562 -0.037152275 -0.808312297 -9.421562195
-0.795723855 0.064952299 0.602166653 186.694671631 0.031260081 0.997312129 -0.066266254 -17.104728699 -0.604852259 -0.033905845 -0.795615554 -10.395744324
-0.775466263 0.078734942 0.626460612 187.515960693 0.059784260 0.996892869 -0.051287543 -17.018215179 -0.628552258 -0.002319271 -0.777763903 -11.247955322
-0.756796837 0.082777716 0.648387492 188.301666260 0.064607076 0.996564448 -0.051819157 -17.076250076 -0.650449395 0.002673846 -0.759544849 -12.184753418
-0.738716245 0.085944809 0.668514550 189.077636719 0.065219618 0.996297419 -0.056016438 -17.136722565 -0.670853674 0.002220003 -0.741586328 -13.075477600
