0.999692798 -0.002225118 0.024690086 0.083960362 0.002344263 0.999985695 -0.004797750 -0.038695969 -0.024679061 0.004854156 0.999683619 0.969126642
0.999797404 -0.008809428 0.018099660 0.041809127 0.008840646 0.999959528 -0.001645355 -0.012825120 -0.018084437 0.001805035 0.999834836 1.204231024
0.999855638 -0.006264241 0.015792988 0.096371263 0.006385733 0.999950290 -0.007654104 -0.046240896 -0.015744256 0.007753849 0.999845982 1.593030691
0.999916196 -0.012845796 0.001562997 0.004688272 0.012853534 0.999904573 -0.005045980 -0.004965045 -0.001498028 0.005065648 0.999985993 0.507297993
0.999804795 -0.012297073 -0.015461626 -0.000513690 0.012212286 0.999909937 -0.005566215 -0.012584969 0.015528681 0.005376306 0.999864995 1.293586969
0.999461472 -0.002778188 -0.032696202 0.050724544 0.002464876 0.999950647 -0.009618882 -0.064851120 0.032721315 0.009533109 0.999419034 2.575454712
0.998809040 0.005440687 -0.048486497 -0.005356535 -0.006114927 0.999886513 -0.013768246 -0.062413514 0.048406091 0.014048338 0.998729050 2.903542995
0.997621894 0.005659233 -0.068691492 -0.042558938 -0.006635279 0.999880135 -0.013989283 -0.067788355 0.068604089 0.014411801 0.997539878 3.264192343
0.995891750 0.003997334 -0.090462908 -0.070976496 -0.005218468 0.999898314 -0.013266216 -0.073040783 0.090400696 0.013683793 0.995811403 3.569286108
0.993854642 0.002692633 -0.110660575 -0.123745531 -0.004074449 0.999916494 -0.012262742 -0.080393955 0.110618316 0.012638262 0.993782640 3.983868122
0.991842628 -0.001267872 -0.127461657 -0.198163331 -0.000106077 0.999942005 -0.010771950 -0.084446147 0.127467901 0.010697600 0.991784990 4.391063213
0.989681661 0.003338549 -0.143244654 -0.269853979 -0.004852163 0.999935985 -0.010218606 -0.097678185 0.143201381 0.010808214 0.989634573 4.806165218
0.987681389 0.004075069 -0.156425431 -0.353192866 -0.005773337 0.999929309 -0.010403913 -0.106402263 0.156371981 0.011178847 0.987634957 5.219659328
0.985676467 -0.002316006 -0.168630853 -0.432810128 0.000532467 0.999943435 -0.010621040 -0.112525634 0.168645933 0.010379120 0.985622048 5.644662380
0.983913839 -0.006351292 -0.178530931 -0.492925584 0.004134449 0.999909699 -0.012786449 -0.121208906 0.178596050 0.011842636 0.983851194 5.979243279
0.982456923 -0.005041720 -0.186421156 -0.603130698 0.002334851 0.999888659 -0.014736890 -0.133344412 0.186474666 0.014043093 0.982359529 6.549367428
0.980925739 -0.005416709 -0.194307536 -0.686862409 0.002222927 0.999858797 -0.016651014 -0.138191387 0.194370300 0.015901476 0.980799317 6.930725574
0.979291737 -0.006475408 -0.202350721 -0.802353799 0.002727639 0.999819577 -0.018794522 -0.156359866 0.202435941 0.017853377 0.979132771 7.497648716
0.977598786 -0.009737788 -0.210251823 -0.903551161 0.005387537 0.999759555 -0.021253541 -0.159358919 0.210408270 0.019644696 0.977416217 7.946143150
0.975721717 -0.020435870 -0.218058467 -1.018794298 0.016172213 0.999641895 -0.021319836 -0.180062994 0.218416050 0.017275741 0.975702763 8.499794960
0.973653793 -0.020592859 -0.227099553 -1.122491956 0.015665628 0.999601543 -0.023477629 -0.198701575 0.227492571 0.019301428 0.973588526 8.967288971
0.971628726 -0.019460503 -0.235709280 -1.286053896 0.013247566 0.999522507 -0.027913610 -0.208438784 0.236139983 0.023999086 0.971422672 9.554918289
0.969534636 -0.016133131 -0.244422182 -1.433918118 0.008871788 0.999486744 -0.030780129 -0.230299354 0.244793341 0.027673943 0.969180286 10.055057526
0.967279255 -0.019590406 -0.252956569 -1.582134366 0.011782955 0.999407351 -0.032343056 -0.253589272 0.253440261 0.028304191 0.966937006 10.662373543
0.964948833 -0.022044523 -0.261510372 -1.728201151 0.013312608 0.999294639 -0.035115194 -0.271557689 0.262100041 0.030402983 0.964561760 11.197823524
0.962664127 -0.020365266 -0.269931614 -1.901339650 0.010593195 0.999236465 -0.037609629 -0.295568377 0.270491362 0.033346005 0.962144673 11.808385849
0.960316539 -0.018895390 -0.278271496 -2.079189301 0.007645554 0.999110997 -0.041457478 -0.321080029 0.278807461 0.037684765 0.959607303 12.393741608
0.958209157 -0.021171618 -0.285283923 -2.263011932 0.008262107 0.998889685 -0.046379372 -0.354454935 0.285949022 0.042084090 0.957320213 12.991743088
0.956449091 -0.023038002 -0.290988654 -2.448004723 0.007661771 0.998518646 -0.053870745 -0.392049104 0.291798621 0.049295131 0.955208600 13.583955765
0.954921901 -0.021299919 -0.296091974 -2.642233849 0.003029627 0.998069882 -0.062027156 -0.431339383 0.296841681 0.058334045 0.953143239 14.214273453
0.953549564 -0.020933097 -0.300508171 -2.832773209 -0.000475447 0.997476816 -0.070991874 -0.473611236 0.301236033 0.067837141 0.951133430 14.831033707
0.952438712 -0.020327371 -0.304051369 -3.062914848 -0.004105444 0.996826053 -0.079503126 -0.531673968 0.304702491 0.076970123 0.949332356 15.488338470
0.951167881 -0.020177979 -0.308013558 -3.286623001 -0.006966055 0.996203721 -0.086773038 -0.588105559 0.308595181 0.084681354 0.947416544 16.131305695
0.949779928 -0.019918323 -0.312284142 -3.522867441 -0.009589531 0.995650649 -0.092670828 -0.652806520 0.312771797 0.091011547 0.945457935 16.795078278
0.948073626 -0.018790716 -0.317495286 -3.744602442 -0.013271073 0.995046616 -0.098519862 -0.720618010 0.317773849 0.097617567 0.943128109 17.450471878
0.946719050 -0.017167168 -0.321602702 -4.003302097 -0.017252576 0.994441152 -0.103870608 -0.799289107 0.321598202 0.103884771 0.941160202 18.152070999
0.944909334 -0.015323030 -0.326973259 -4.242464066 -0.020951910 0.994024098 -0.107131429 -0.866534114 0.326660931 0.108080193 0.938941598 18.803983688
0.942934036 -0.009740654 -0.332837164 -4.515005589 -0.028069524 0.993688881 -0.108602352 -0.957983494 0.331794411 0.111747421 0.936709762 19.525747299
0.940801740 -0.009880835 -0.338813335 -4.775113106 -0.028378494 0.993769526 -0.107781515 -1.034042001 0.337767303 0.111016043 0.934659719 20.192272186
0.938859582 -0.013723184 -0.344026744 -5.049340725 -0.024157932 0.994117022 -0.105582960 -1.130046964 0.343451768 0.107438534 0.933004737 20.978582382
0.936265111 -0.014527403 -0.350993633 -5.322407246 -0.023537204 0.994305193 -0.103938445 -1.212848186 0.350504756 0.105575345 0.930591404 21.695446014
0.933103323 -0.012317532 -0.359397322 -5.609340191 -0.025727008 0.994565725 -0.100881539 -1.293470025 0.358686864 0.103379130 0.927715719 22.412483215
0.929950833 -0.009932026 -0.367549777 -5.910147667 -0.027151164 0.995050848 -0.095584653 -1.372976422 0.366680145 0.098868415 0.925078809 23.123914719
0.926249921 -0.005265314 -0.376873076 -6.244536400 -0.031066190 0.995433748 -0.090259366 -1.458545208 0.375627428 0.095310733 0.921856701 23.910812378
0.922613680 -0.001490693 -0.385722339 -6.555789948 -0.034409519 0.995687664 -0.086152531 -1.539669871 0.384187430 0.092758022 0.918583632 24.627460480
0.919070303 -0.000191886 -0.394093812 -6.907714844 -0.036031038 0.995770693 -0.084513195 -1.614468575 0.392443359 0.091873169 0.915176272 25.396823883
0.914845467 -0.001333785 -0.403801858 -7.233552933 -0.035445973 0.995869219 -0.083595112 -1.685648203 0.402245283 0.090789773 0.911019146 26.124948502
0.910749614 0.003294977 -0.412945867 -7.598895073 -0.040916167 0.995767713 -0.082294933 -1.768900752 0.410927027 0.091846243 0.907029927 26.909982681
0.906794786 0.004131193 -0.421552062 -7.948356628 -0.042009585 0.995860279 -0.080606855 -1.832760811 0.419473946 0.090803102 0.903214514 27.658113480
0.902097881 0.001427333 -0.431528956 -8.316888809 -0.038625453 0.996247709 -0.077450134 -1.920835733 0.429799169 0.086535595 0.898768187 28.483713150
0.898421645 0.002201089 -0.439128429 -8.711124420 -0.038134541 0.996600747 -0.073024869 -1.991114140 0.437475026 0.082353070 0.895451605 29.243667603
0.895424366 0.005255407 -0.445182592 -9.139942169 -0.039747749 0.996881008 -0.068178952 -2.057986021 0.443435818 0.078744121 0.892840385 30.061903000
0.891317129 0.004418281 -0.453358859 -9.534015656 -0.037297394 0.997277737 -0.063608676 -2.127341032 0.451843649 0.073604599 0.889055431 30.851516724
0.888048351 0.004761287 -0.459725410 -9.997024536 -0.037520733 0.997361362 -0.062149048 -2.193213224 0.458216369 0.072440587 0.885883808 31.694456100
0.884747863 0.003293715 -0.466058463 -10.425876617 -0.035987865 0.997472286 -0.061268702 -2.251307249 0.464678556 0.070979789 0.882630050 32.507930756
0.880593479 0.008340116 -0.473799020 -10.888519287 -0.041027579 0.997432470 -0.058695611 -2.311712980 0.472093105 0.071125790 0.878674626 33.359954834
0.877900839 0.007573967 -0.478782594 -11.330896378 -0.039702602 0.997583389 -0.057018131 -2.384387255 0.477193683 0.069065168 0.876079977 34.160121918
0.875394642 0.004822551 -0.483384877 -11.826143265 -0.037082728 0.997673690 -0.057202216 -2.448163271 0.481984526 0.067999750 0.873536944 35.035087585
0.872987807 0.002358194 -0.487736315 -12.282469749 -0.035145968 0.997692823 -0.058083117 -2.492579460 0.486474097 0.067847826 0.871056557 35.866401672
0.871759951 0.003803693 -0.489918560 -12.801784515 -0.037114732 0.997609138 -0.058296502 -2.563347816 0.488525450 0.069003746 0.869816840 36.760837555
0.871039867 0.003359820 -0.491200924 -13.277433395 -0.035934150 0.997733116 -0.056897022 -2.633522511 0.489896268 0.067210458 0.869185984 37.592712402
0.870591521 0.006417961 -0.491964608 -13.815454483 -0.038369559 0.997755289 -0.054883350 -2.696198463 0.490508050 0.066657446 0.868883550 38.521865845
0.870586336 0.005195780 -0.491988122 -14.342298508 -0.036963716 0.997809052 -0.054870654 -2.753292322 0.490625143 0.065955363 0.868871033 39.395668030
0.869430304 0.006453516 -0.494013458 -14.854866982 -0.038642175 0.997739792 -0.054973699 -2.825417042 0.492542058 0.066885561 0.867714584 40.311145782
0.868218780 0.004226095 -0.496163607 -15.399327278 -0.036376782 0.997815013 -0.055155490 -2.893428564 0.494846314 0.065935880 0.866475344 41.229877472
0.866386712 0.000494358 -0.499373347 -15.925602913 -0.030929970 0.998132646 -0.052673768 -2.957708359 0.498414785 0.061081469 0.864784122 42.156299591
0.863844872 0.001795688 -0.503754795 -16.421312332 -0.030188169 0.998380959 -0.048208199 -3.039973021 0.502852619 0.056851849 0.862500429 43.038494110
0.861344516 0.001424058 -0.508019209 -17.007469177 -0.027877765 0.998621821 -0.044467341 -3.091724396 0.507255793 0.052464139 0.860197067 43.990917206
0.857095063 0.000239109 -0.515158296 -17.557605743 -0.025575019 0.998786628 -0.042086877 -3.161664486 0.514523029 0.049247634 0.856061161 44.907165527
0.851685941 -0.000148806 -0.524052501 -18.112926483 -0.027683688 0.998590827 -0.045274872 -3.210116863 0.523320794 0.053067677 0.850481749 45.820022583
0.845913947 -0.003998356 -0.533304274 -18.699493408 -0.025782228 0.998496115 -0.048381180 -3.275909424 0.532695711 0.054676089 0.844538808 46.709106445
0.839454889 -0.004806148 -0.543408096 -19.267732620 -0.025034668 0.998557210 -0.047505151 -3.334609032 0.542852402 0.053482480 0.838123441 47.625144958
0.833992004 -0.000453009 -0.551776290 -19.897848129 -0.027200909 0.998750091 -0.041933261 -3.402641773 0.551105738 0.049980823 0.832937241 48.525703430
0.828601241 0.003788267 -0.559826553 -20.495094299 -0.030133499 0.998829305 -0.037841756 -3.448405981 0.559027910 0.048225254 0.827745259 49.406494141
0.824357629 0.003000413 -0.566061497 -21.107524872 -0.030703722 0.998750865 -0.039420065 -3.500888348 0.565236211 0.049876422 0.823419988 50.299205780
0.820713043 0.000498342 -0.571340322 -21.717695236 -0.030695844 0.998593748 -0.043222655 -3.564474583 0.570515335 0.053011168 0.819574296 51.167705536
0.817326725 -0.002079968 -0.576170743 -22.304275513 -0.032651946 0.998219252 -0.049921956 -3.620574474 0.575248539 0.059615631 0.815803349 52.004287720
0.813937545 -0.002967787 -0.580944717 -22.941490173 -0.033551469 0.998077750 -0.052106306 -3.673439503 0.579982579 0.061902825 0.812273443 52.880260468
0.810602248 -0.001676537 -0.585594893 -23.569843292 -0.031937204 0.998380959 -0.047066983 -3.747123718 0.584725797 0.056854855 0.809236288 53.724693298
0.807269633 0.000451549 -0.590182602 -24.197925568 -0.031068474 0.998645544 -0.041732334 -3.806500435 0.589364409 0.052025314 0.806190372 54.588577271
0.804688632 0.005019661 -0.593675852 -24.855573654 -0.036464557 0.998494267 -0.040982820 -3.844810009 0.592576206 0.054626536 0.803659976 55.428104401
0.801837504 0.005299302 -0.597518742 -25.501379013 -0.037222024 0.998461783 -0.041094713 -3.911857843 0.596381783 0.055192132 0.800801218 56.244140625
0.797891378 0.004745644 -0.602782726 -26.148139954 -0.038473602 0.998331130 -0.043066964 -3.955766201 0.601572394 0.057553980 0.796742260 57.123447418
0.793638349 0.001070028 -0.608388782 -26.806882858 -0.036307134 0.998299479 -0.045606572 -4.017696857 0.607305408 0.058283981 0.792327702 57.994354248
0.788261116 -0.002717857 -0.615334868 -27.479782104 -0.030380994 0.998598754 -0.043329589 -4.086104393 0.614590406 0.052849513 0.787074029 58.836509705
0.783651412 -0.002099941 -0.621197224 -28.171577454 -0.031234100 0.998596251 -0.042778105 -4.136373997 0.620415032 0.052925657 0.782485783 59.712081909
0.779460371 -0.001201574 -0.626450360 -28.849693298 -0.032692164 0.998557508 -0.042592503 -4.194862366 0.625597894 0.053679191 0.778296769 60.523628235
0.773870707 -0.002607994 -0.633338153 -29.543838501 -0.032084614 0.998546004 -0.043315787 -4.260631561 0.632530391 0.053841226 0.772661924 61.370372772
0.768623054 -0.004229358 -0.639687955 -30.246162415 -0.031224065 0.998538196 -0.044119485 -4.317633152 0.638939500 0.053884901 0.767367303 62.204734802
0.762912929 -0.005845399 -0.646474779 -30.969863892 -0.030181458 0.998546779 -0.044646338 -4.374881268 0.645796299 0.053572819 0.761627793 63.053211212
0.757411182 -0.007329884 -0.652897179 -31.684463501 -0.030042954 0.998486817 -0.046061877 -4.437736511 0.652246654 0.054502737 0.756044686 63.863883972
0.751539528 -0.007993152 -0.659639716 -32.411609650 -0.030957781 0.998397648 -0.047368802 -4.504116058 0.658961296 0.056020506 0.750087678 64.672973633
0.744979680 -0.009956232 -0.667012870 -33.120742798 -0.028503211 0.998500407 -0.046739150 -4.569702148 0.666477978 0.053831723 0.743578672 65.492546082
0.738210618 -0.009870222 -0.674498081 -33.841354370 -0.027443830 0.998625696 -0.044649459 -4.640456200 0.674011946 0.051471520 0.736925125 66.310798645
0.732462943 -0.010617988 -0.680724144 -34.663078308 -0.026150277 0.998701692 -0.043715667 -4.702342033 0.680304527 0.049821228 0.731234312 67.127120972
0.726310790 -0.012174495 -0.687258601 -35.416664124 -0.025394816 0.998685360 -0.044529121 -4.767091274 0.686897099 0.049794789 0.725046754 67.919136047
0.717809975 -0.022331169 -0.695880771 -36.221134186 -0.016044388 0.998689532 -0.048598446 -4.865012169 0.696054041 0.046049431 0.716511071 68.729011536
0.711805761 -0.022005340 -0.702031434 -37.021209717 -0.016966322 0.998678744 -0.048506361 -4.921943665 0.702171266 0.046438005 0.710492015 69.526153564
0.706464231 -0.021319570 -0.707427502 -37.836101532 -0.017859966 0.998690963 -0.047932945 -4.990606308 0.707523346 0.046497542 0.705158591 70.310104370
0.700690031 -0.028325936 -0.712903321 -38.642078400 -0.009176021 0.998771131 -0.048703201 -5.055746555 0.713406801 0.040667448 0.699569046 71.089050293
0.696496904 -0.028698251 -0.716985643 -39.506927490 -0.010174031 0.998704433 -0.049857702 -5.126730919 0.717487574 0.042020362 0.695302725 71.873245239
0.690908194 -0.031361323 -0.722261965 -40.303604126 -0.010020195 0.998547256 -0.052943107 -5.183606625 0.722873032 0.043816026 0.689590216 72.656715393
0.685623348 -0.034119733 -0.727156401 -41.147605896 -0.008743768 0.998442888 -0.055093441 -5.263062477 0.727903843 0.044131439 0.684257507 73.444656372
0.680416882 -0.033858322 -0.732042611 -41.999877930 -0.010305348 0.998391211 -0.055756018 -5.340976715 0.732752681 0.045481287 0.678973377 74.236274719
0.675519347 -0.033966165 -0.736559451 -42.858844757 -0.009408637 0.998460054 -0.054672528 -5.410620689 0.737282157 0.043862369 0.674159467 75.011672974
0.670383155 -0.035724860 -0.741154552 -43.762283325 -0.007203726 0.998480022 -0.054644223 -5.477761745 0.741980135 0.041971650 0.669106722 75.805709839
0.664919913 -0.037766736 -0.745959222 -44.644565582 -0.006132281 0.998411119 -0.056014076 -5.538143635 0.746889472 0.041819308 0.663631916 76.593315125
0.660537899 -0.040702883 -0.749688506 -45.576896667 -0.001176132 0.998472035 -0.055246353 -5.625003815 0.750791788 0.037374038 0.659480691 77.396476746
0.656599343 -0.042388000 -0.753047466 -46.491600037 0.000484580 0.998443007 -0.055778451 -5.687580109 0.754239321 0.036259186 0.655597568 78.169593811
0.651942551 -0.044171754 -0.756980777 -47.430339813 0.002934022 0.998441219 -0.055734705 -5.755218506 0.758262753 0.034114826 0.651055992 78.972557068
0.648001075 -0.041629791 -0.760500848 -48.246395111 -0.002202911 0.998398483 -0.056529336 -5.858839989 0.761636257 0.038306400 0.646871567 79.674758911
0.643578231 -0.044906668 -0.764061749 -49.162223816 -0.000794638 0.998237550 -0.059339352 -5.957347870 0.765379906 0.038796671 0.642408252 80.452026367
0.640180647 -0.049009304 -0.766659498 -50.101978302 0.002605884 0.998095870 -0.061628066 -6.018321037 0.768220067 0.037455276 0.639089346 81.160591125
0.632788479 -0.052934047 -0.772513270 -51.019950867 0.008671631 0.998082519 -0.061287284 -6.116450787 0.774276137 0.032082938 0.632034123 81.918624878
0.625025034 -0.062085897 -0.778131902 -52.064708710 0.020209905 0.997784913 -0.063378312 -6.175105572 0.780343056 0.023887061 0.624895334 82.743057251
0.616288066 -0.062822044 -0.785011113 -53.046520233 0.022387329 0.997807860 -0.062275920 -6.252047062 0.787202597 0.020805595 0.616343498 83.476852417
0.606841862 -0.061893847 -0.792409122 -54.001731873 0.024774881 0.997951984 -0.058975413 -6.366022587 0.794436395 0.016156901 0.607132375 84.218788147
0.598246872 -0.061302274 -0.798963487 -54.973693848 0.022777788 0.997967601 -0.059515767 -6.430241585 0.800988019 0.017406505 0.598427236 84.940917969
0.589196503 -0.063252270 -0.805510044 -55.975608826 0.021690764 0.997810125 -0.062486641 -6.495087624 0.807698429 0.019344788 0.589278221 85.654647827
0.579766631 -0.065180831 -0.812171221 -56.986938477 0.022370853 0.997692704 -0.064100474 -6.600443840 0.814475417 0.018994357 0.579887033 86.351493835
0.569480002 -0.067036800 -0.819267213 -57.995651245 0.022424988 0.997565091 -0.066038281 -6.672086716 0.821699321 0.019235419 0.569596589 87.051673889
0.558450758 -0.062378496 -0.827188909 -59.044799805 0.019129032 0.997871935 -0.062335361 -6.735569477 0.829317093 0.018987907 0.558455706 87.702125549
0.548303366 -0.062564030 -0.833935916 -60.106430054 0.019875573 0.997890949 -0.061796386 -6.821487904 0.836043298 0.017308213 0.548390448 88.380813599
0.537861466 -0.062460527 -0.840716243 -61.162578583 0.018797358 0.997892141 -0.062111914 -6.913433075 0.842823565 0.017604355 0.537901819 89.065315247
0.526280403 -0.067664891 -0.847614467 -62.141540527 0.027054183 0.997656524 -0.062844880 -6.987689972 0.849880457 0.010142512 0.526877761 89.691375732
0.516902447 -0.067270905 -0.853397012 -63.218391418 0.024366049 0.997659862 -0.063884221 -7.090705395 0.855697453 0.012227996 0.517331898 90.318664551
0.507321954 -0.065253928 -0.859282494 -64.279380798 0.017956775 0.997712970 -0.065164633 -7.196750641 0.861569524 0.017629504 0.507333398 90.941436768
0.497356892 -0.065041199 -0.865104496 -65.375595093 0.016305521 0.997710347 -0.065636717 -7.293421745 0.867392838 0.018538892 0.497278690 91.581253052
0.490953177 -0.054568764 -0.869475245 -66.494010925 0.000217238 0.998044014 -0.062515147 -7.426717758 0.871185958 0.030503122 0.490004718 92.168624878
0.482317895 -0.054151338 -0.874320924 -67.614967346 0.001413330 0.998134315 -0.061040096 -7.503987312 0.875995100 0.028205024 0.481494546 92.798370361
0.475250483 -0.053490713 -0.878223062 -68.692199707 0.001156785 0.998187363 -0.060171496 -7.603547096 0.879849792 0.027580611 0.474450856 93.359664917
0.467899740 -0.056226391 -0.881991208 -69.825897217 0.002221592 0.998045802 -0.062446248 -7.703941345 0.883778691 0.027259164 0.467110306 93.951934814
0.460372835 -0.060284853 -0.885676324 -70.943489075 0.005680399 0.997871041 -0.064968899 -7.785142899 0.887707472 0.024878919 0.459735185 94.542152405
0.453404337 -0.067884170 -0.888715982 -72.062103271 0.015989657 0.997554362 -0.068040140 -7.866354942 0.891161501 0.016639432 0.453380913 95.108169556
0.448306918 -0.071838900 -0.890988350 -73.216239929 0.018459274 0.997296691 -0.071122475 -7.969499588 0.893689096 0.015437699 0.448421180 95.662139893
0.444035769 -0.067425556 -0.893468559 -74.319160461 0.011522179 0.997511864 -0.069550909 -8.094343185 0.895934939 0.020588377 0.443707794 96.234794617
0.439203501 -0.063995078 -0.896105349 -75.456451416 0.013304329 0.997813702 -0.064737767 -8.211471558 0.898289025 0.016510973 0.439094692 96.811264038
0.435391277 -0.062869437 -0.898043334 -76.583557129 0.016308120 0.997945547 -0.061956793 -8.299362183 0.900093496 0.012330054 0.435522109 97.354598999
0.432422668 -0.062340580 -0.899513304 -77.714080811 0.017649645 0.998001099 -0.060681537 -8.394115448 0.901498258 0.010363980 0.432658494 97.885879517
0.428440392 -0.062237173 -0.901424050 -78.811187744 0.019771719 0.998031855 -0.059509926 -8.491246223 0.903353691 0.007673750 0.428827673 98.439041138
0.423130333 -0.057728995 -0.904227912 -79.957405090 0.015197468 0.998279989 -0.056621999 -8.584940910 0.905941367 0.010216506 0.423279881 98.978622437
0.421614289 -0.056402240 -0.905019462 -81.107025146 0.015637053 0.998367488 -0.054935124 -8.674247742 0.906640410 0.009009597 0.421807885 99.481445312
0.418177009 -0.056862257 -0.906583965 -82.197746277 0.018268054 0.998363316 -0.054192331 -8.773269653 0.908181846 0.006100462 0.418531328 100.027130127
0.416486830 -0.056500152 -0.907384396 -83.265563965 0.019220419 0.998391032 -0.053344756 -8.867664337 0.908938527 0.004777075 0.416902721 100.507690430
0.412876755 -0.047860861 -0.909528375 -84.397216797 0.010121391 0.998797715 -0.047963787 -8.958742142 0.910730660 0.010597441 0.412864834 101.005737305
0.410799712 -0.047247652 -0.910500526 -85.476303101 0.012093204 0.998850822 -0.046376105 -9.032180786 0.911645412 0.008040428 0.410899043 101.503967285
0.410189420 -0.050577872 -0.910596728 -86.613586426 0.017289732 0.998712838 -0.047683775 -9.097026825 0.911836445 0.003815407 0.410535902 101.976806641
0.408727229 -0.051459756 -0.911204636 -87.670768738 0.018217353 0.998670280 -0.048227798 -9.175050735 0.912474751 0.003112279 0.409121186 102.455184937
0.407864273 -0.053333018 -0.911483586 -88.736061096 0.019111536 0.998572528 -0.049876910 -9.248336792 0.912842572 0.002923152 0.408301264 102.928955078
0.407869101 -0.053786207 -0.911454737 -89.759780884 0.018491525 0.998545289 -0.050650720 -9.327278137 0.912853122 0.003804672 0.408270329 103.390426636
0.409404993 -0.053060155 -0.910808563 -90.797431946 0.015195068 0.998565495 -0.051342398 -9.393869400 0.912226200 0.007180033 0.409623891 103.860168457
0.413170308 -0.054273251 -0.909035087 -91.810585022 0.013497738 0.998477757 -0.053478431 -9.459604263 0.910553753 0.009825783 0.413273931 104.324340820
0.417487830 -0.059920620 -0.906704724 -92.855033875 0.019906417 0.998186946 -0.056800518 -9.536930084 0.908464491 0.005664288 0.417923689 104.790657043
0.423522264 -0.060038060 -0.903893948 -93.844413757 0.019346500 0.998173296 -0.057235371 -9.613746643 0.905679047 0.006753273 0.423910141 105.250411987
0.430474579 -0.057746582 -0.900753558 -94.838111877 0.017011713 0.998293102 -0.055869792 -9.699885368 0.902442515 0.008727154 0.430722177 105.713241577
0.438235968 -0.056601327 -0.897076070 -95.803970337 0.016241662 0.998351038 -0.055056997 -9.779119492 0.898713291 0.009557944 0.438432664 106.186073303
0.447854280 -0.056080993 -0.892346025 -96.772857666 0.015907202 0.998372912 -0.054760840 -9.852954865 0.893965065 0.010330150 0.448017597 106.651336670
0.457286537 -0.056092136 -0.887548685 -97.735397339 0.015415894 0.998359025 -0.055152588 -9.927034378 0.889185846 0.011538182 0.457400829 107.147476196
0.466417998 -0.054208346 -0.882901847 -98.638725281 0.011860000 0.998413980 -0.055035166 -10.011371613 0.884484947 0.015198172 0.466321170 107.622375488
0.476843864 -0.056671645 -0.877159238 -99.585990906 0.011060991 0.998227239 -0.058480620 -10.083635330 0.878918469 0.018183874 0.476625472 108.129409790
0.491803348 -0.042026088 -0.869691491 -100.828338623 -0.006052400 0.998645306 -0.051680099 -10.002005577 0.870685279 0.030680168 0.490882695 108.889877319
0.503786862 -0.041002810 -0.862854302 -101.760452271 -0.008008736 0.998608232 -0.052129816 -10.057418823 0.863790810 0.033172682 0.502757311 109.431503296
0.517678618 -0.038040150 -0.854728997 -102.690071106 -0.009524892 0.998692870 -0.050216220 -10.136554718 0.855522156 0.034137059 0.516639590 109.955764771
0.529909670 -0.035419956 -0.847314119 -103.564697266 -0.010560286 0.998774409 -0.048355788 -10.211997986 0.847988307 0.034572080 0.528886199 110.496749878
0.544794023 -0.029030563 -0.838067234 -104.517509460 -0.013822060 0.998953938 -0.043588832 -10.275539398 0.838455975 0.035330743 0.543822885 111.083053589
0.558486819 -0.029628512 -0.828984082 -105.453811646 -0.011829890 0.998975813 -0.043673940 -10.342048645 0.829429030 0.034198109 0.557564318 111.672302246
0.569833279 -0.029931024 -0.821214914 -106.318733215 -0.012697881 0.998896420 -0.045217969 -10.405673981 0.821662247 0.036194388 0.568824530 112.260467529
0.581391692 -0.027797261 -0.813148677 -107.349563599 -0.013402944 0.998953342 -0.043731876 -10.453720093 0.813513398 0.036323935 0.580410600 112.916404724
0.592112303 -0.025739521 -0.805444300 -108.222396851 -0.014552140 0.998985410 -0.042622317 -10.526986122 0.805724084 0.036958139 0.591136873 113.542793274
0.603014171 -0.023105050 -0.797395825 -109.022438049 -0.015830953 0.999037027 -0.040919561 -10.583957672 0.797573447 0.037298609 0.602067530 114.124710083
0.607828856 -0.014972908 -0.793926775 -109.897499084 -0.017908072 0.999309421 -0.032556664 -10.643589020 0.793866098 0.034006581 0.607140958 114.858459473
0.618177295 -0.014355347 -0.785907507 -110.663658142 -0.018469693 0.999291897 -0.032780863 -10.686122894 0.785821676 0.034779854 0.617474556 115.437255859
0.627432346 -0.012647563 -0.778568327 -111.534324646 -0.020837467 0.999237299 -0.033024739 -10.777616501 0.778392196 0.036944184 0.626690269 116.198455811
0.637470782 -0.011917207 -0.770382345 -112.270072937 -0.022537252 0.999164224 -0.034105252 -10.828372002 0.770144820 0.039103407 0.636669397 116.787010193
0.646483064 -0.011319033 -0.762844324 -113.042213440 -0.023063710 0.999143124 -0.034370881 -10.881563187 0.762579620 0.039814219 0.645667970 117.430381775
0.656758726 -0.008419672 -0.754053771 -113.780578613 -0.023917247 0.999202132 -0.031988185 -10.943536758 0.753721416 0.039043415 0.656033278 118.043083191
0.663625717 -0.007506979 -0.748027086 -114.487228394 -0.023373945 0.999253452 -0.030764822 -10.984239578 0.747699499 0.037900675 0.662954748 118.708274841
0.671914816 -0.006686064 -0.740598261 -115.195091248 -0.023536101 0.999261439 -0.030374613 -11.031377792 0.740254402 0.037839949 0.671261191 119.341896057
0.680301487 -0.005924454 -0.732908428 -115.900779724 -0.025015814 0.999197006 -0.031297211 -11.073194504 0.732505441 0.039625842 0.679607034 119.972167969
0.687398791 -0.005390666 -0.726260126 -116.580322266 -0.025148595 0.999196112 -0.031219469 -11.114559174 0.725844502 0.039724648 0.686710715 120.612823486
0.694836795 -0.002511052 -0.719163001 -117.252769470 -0.026149221 0.999244452 -0.028753705 -11.157189369 0.718691766 0.038784686 0.694246233 121.247528076
0.702545643 0.000703662 -0.711638272 -117.924240112 -0.027855264 0.999260366 -0.026511298 -11.198596954 0.711093247 0.038448270 0.702045619 121.907829285
0.710419595 0.001896779 -0.703775823 -118.563835144 -0.028648237 0.999245465 -0.026225569 -11.234422684 0.703195035 0.038793094 0.709937930 122.524757385
0.718378961 0.002780396 -0.695646405 -119.205665588 -0.029408142 0.999219477 -0.026375430 -11.272761345 0.695029914 0.039405223 0.717900097 123.170158386
0.725239992 0.005786094 -0.688471854 -119.799690247 -0.031841230 0.999176562 -0.025144381 -11.322229385 0.687759459 0.040157501 0.724827111 123.798919678
0.734705210 0.008571877 -0.678332388 -120.408515930 -0.032638676 0.999208927 -0.022724424 -11.359683990 0.677600861 0.038835619 0.734403789 124.441589355
0.743422627 0.013129574 -0.668692946 -120.997901917 -0.035022672 0.999199927 -0.019317653 -11.400849342 0.667904317 0.037780602 0.743287563 125.068374634
0.753877759 0.015228448 -0.656838119 -121.569793701 -0.036933456 0.999132752 -0.019225540 -11.432306290 0.655975699 0.038753007 0.753786445 125.703643799
0.763444424 0.016710304 -0.645657301 -122.158828735 -0.038804151 0.999046147 -0.020026799 -11.481111526 0.644706786 0.040343534 0.763364613 126.365440369
0.773503661 0.015516510 -0.633601844 -122.702644348 -0.038728878 0.998989284 -0.022815760 -11.506055832 0.632607400 0.042186763 0.773322821 127.023551941
0.783441067 0.016348459 -0.621250987 -123.207580566 -0.039116267 0.998969018 -0.023040108 -11.539855003 0.620233715 0.042351589 0.783272862 127.659133911
0.794025183 0.017962679 -0.607619405 -123.734901428 -0.039359156 0.998985052 -0.021901390 -11.583848000 0.606609344 0.041305643 0.793926299 128.317001343
0.804036379 0.020114062 -0.594239652 -124.213249207 -0.039767966 0.999008834 -0.019993220 -11.604270935 0.593248546 0.039706983 0.804039478 128.966781616
0.813598990 0.022117887 -0.581005514 -124.676048279 -0.040409938 0.999010801 -0.018556563 -11.633551598 0.580020428 0.038575996 0.813687980 129.625305176
0.823131263 0.022648269 -0.567399323 -125.164611816 -0.038859218 0.999108553 -0.016493080 -11.653611183 0.566519976 0.035624653 0.823277593 130.293045044
0.831623793 0.022919020 -0.554866195 -125.611686707 -0.037811402 0.999166131 -0.015400017 -11.674087524 0.554050565 0.033787288 0.831797004 130.953765869
0.838843465 0.022544544 -0.543905675 -126.130973816 -0.036229648 0.999238908 -0.014457688 -11.685546875 0.543165803 0.031833246 0.839021802 131.722167969
0.845432162 0.023901151 -0.533547699 -126.550674438 -0.037518237 0.999187946 -0.014689177 -11.708007812 0.532763362 0.032436471 0.845642388 132.393920898
0.852443397 0.024243476 -0.522257149 -127.003105164 -0.037807435 0.999167383 -0.015328483 -11.732969284 0.521450698 0.032811854 0.852650285 133.102340698
0.859521210 0.024692552 -0.510503411 -127.421829224 -0.037819199 0.999166667 -0.015346468 -11.742391586 0.509699047 0.032497440 0.859738827 133.758712769
0.865518034 0.027260488 -0.500135303 -127.858436584 -0.040254697 0.999073684 -0.015207730 -11.775738716 0.499257535 0.033295371 0.865813613 134.528091431
0.871522665 0.027301518 -0.489594579 -128.260635376 -0.039987817 0.999080360 -0.015469691 -11.808587074 0.488721997 0.033059999 0.871812999 135.220962524
0.876553774 0.025295803 -0.480638772 -128.663070679 -0.038339116 0.999114335 -0.017337123 -11.831048012 0.479774505 0.033624183 0.876747251 135.972518921
0.880940080 0.024443140 -0.472596228 -129.055328369 -0.037446674 0.999134183 -0.018126033 -11.857092857 0.471744031 0.033665109 0.881092668 136.691864014
0.884606719 0.024847161 -0.465675414 -129.471405029 -0.037598841 0.999128699 -0.018112769 -11.868032455 0.464819640 0.033531539 0.884770215 137.454437256
0.888080478 0.027238416 -0.458880395 -129.863906860 -0.038626403 0.999134362 -0.015447426 -11.887537003 0.458062410 0.031443462 0.888363719 138.189041138
0.890851974 0.031505972 -0.453199834 -130.257125854 -0.040939722 0.999100864 -0.011018515 -11.917566299 0.452445209 0.028369736 0.891340792 138.983184814
0.894275606 0.034087352 -0.446216583 -130.628173828 -0.042321060 0.999067962 -0.008496104 -11.939201355 0.445511043 0.026482215 0.894884706 139.721542358
0.897440374 0.036254663 -0.439643443 -131.055480957 -0.043707915 0.999020875 -0.006837533 -11.954703331 0.438965052 0.025352174 0.898146391 140.562576294
0.900722146 0.037743162 -0.432752758 -131.435791016 -0.044406619 0.998999536 -0.005297789 -11.962652206 0.432119846 0.023988923 0.901497066 141.350906372
0.903974533 0.039275743 -0.425778508 -131.839782715 -0.044654526 0.998998940 -0.002654273 -11.977674484 0.425248027 0.021412337 0.904823542 142.198242188
0.907535851 0.038899519 -0.418169200 -132.219055176 -0.043393925 0.999057233 -0.001240405 -11.986692429 0.417726696 0.019271716 0.908368349 143.020675659
0.911143243 0.038676061 -0.410270840 -132.615112305 -0.042698331 0.999087751 -0.000642291 -11.997505188 0.409871668 0.018103100 0.911963522 143.890869141
0.914951622 0.037962940 -0.401773989 -132.984985352 -0.041959211 0.999118686 -0.001147822 -12.003204346 0.401376367 0.017908324 0.915738106 144.737792969
0.918812156 0.036340483 -0.393018574 -133.355407715 -0.040263336 0.999187589 -0.001739063 -12.018796921 0.392636091 0.017422108 0.919528902 145.607101440
0.922932267 0.034563474 -0.383407742 -133.722457886 -0.038861454 0.999238610 -0.003467135 -12.032973289 0.382995933 0.018099710 0.923572600 146.492309570
0.927393973 0.032772269 -0.372647822 -134.100524902 -0.037893292 0.999261141 -0.006424184 -12.045153618 0.372161955 0.020078603 0.927950621 147.425872803
0.932549059 0.034678522 -0.359373838 -134.444610596 -0.040140081 0.999164045 -0.007744207 -12.061496735 0.358804941 0.021647144 0.933161616 148.324310303
0.938593030 0.038861774 -0.342830747 -134.823150635 -0.044043455 0.999002635 -0.007338507 -12.078755379 0.342203707 0.021987323 0.939368486 149.279907227
0.945073605 0.042195998 -0.324122488 -135.158630371 -0.046438318 0.998906732 -0.005361428 -12.096901894 0.323541969 0.020118646 0.945999861 150.221267700
0.951448917 0.046048611 -0.304342717 -135.450927734 -0.049739040 0.998752773 -0.004379894 -12.107275963 0.303761303 0.019304963 0.952552676 151.136260986
0.957937717 0.047723778 -0.282980174 -135.747344971 -0.051150881 0.998679757 -0.004730328 -12.129657745 0.282380760 0.019006044 0.959114134 152.116043091
0.963761270 0.049717780 -0.262091994 -136.021331787 -0.052440815 0.998618245 -0.003400923 -12.152819633 0.261560678 0.017021993 0.965036929 153.226181030
0.969370663 0.050704148 -0.240311220 -136.272994995 -0.052589547 0.998615146 -0.001434949 -12.165052414 0.239905670 0.014028857 0.970694900 154.226211548
0.974477530 0.053101849 -0.218113795 -136.524642944 -0.054231007 0.998528063 0.000810535 -12.176351547 0.217835739 0.011038680 0.975923002 155.263549805
0.979111433 0.055458549 -0.195614517 -136.746353149 -0.055785351 0.998435378 0.003842744 -12.189848900 0.195521548 0.007149950 0.980673254 156.320922852
0.983327925 0.057636306 -0.172465265 -136.956985474 -0.057493325 0.998328865 0.005828376 -12.188716888 0.172512934 0.004184396 0.984998405 157.386383057
0.986817479 0.059464935 -0.150516555 -137.119979858 -0.059416551 0.998221636 0.004822729 -12.195602417 0.150535643 0.004184021 0.988595724 158.448135376
0.989931166 0.058896322 -0.128715366 -137.251373291 -0.059134960 0.998248100 0.001970197 -12.208219528 0.128605902 0.005661220 0.991679549 159.486618042
0.992492735 0.059044976 -0.107106820 -137.421157837 -0.059411697 0.998233616 -0.000233467 -12.215547562 0.106903844 0.006595112 0.994247437 160.678527832
0.994549155 0.057687607 -0.086856812 -137.550567627 -0.057842966 0.998325408 0.000729132 -12.208427429 0.086753421 0.004298899 0.996220469 161.786499023
0.996111035 0.057829645 -0.066472284 -137.654449463 -0.057862777 0.998323560 0.001428376 -12.213221550 0.066443443 0.002423451 0.997787237 162.939880371
0.997246563 0.058651611 -0.045378312 -137.746704102 -0.058646310 0.998277724 0.001449252 -12.219194412 0.045385167 0.001216009 0.998968840 164.042678833
0.997919381 0.060408436 -0.022526938 -137.778274536 -0.060054198 0.998065531 0.016083566 -11.640418053 0.023454940 -0.014697268 0.999616861 165.728530884
0.998142123 0.060894378 -0.001979062 -137.796325684 -0.060854938 0.998017490 0.016052805 -11.645784378 0.002952661 -0.015902545 0.999869168 166.830413818
0.997821689 0.063079834 0.019306831 -137.821563721 -0.063358799 0.997889817 0.014194749 -11.614214897 -0.018370690 -0.015387087 0.999712884 168.029113770
0.997211397 0.064017184 0.038354844 -137.737976074 -0.064536184 0.997837722 0.012448363 -11.639503479 -0.037474997 -0.014888925 0.999186635 169.282913208
0.996263981 0.064166039 0.057799201 -137.681716919 -0.064770214 0.997862816 0.008638747 -11.623080254 -0.057121359 -0.012350140 0.998290896 170.465576172
0.994900644 0.065530010 0.076670907 -137.612060547 -0.066131748 0.997796655 0.005333321 -11.615622520 -0.076152466 -0.010376506 0.997042179 171.625564575
0.993174851 0.066655308 0.095711477 -137.507705688 -0.067233860 0.997733176 0.002828948 -11.634275436 -0.095305972 -0.009244692 0.995405018 173.014160156
0.991238296 0.065997392 0.114416659 -137.386413574 -0.066338651 0.997796774 -0.000826701 -11.644946098 -0.114219137 -0.006770789 0.993432462 174.253051758
0.988782167 0.067570828 0.133206308 -137.238494873 -0.067249008 0.997712255 -0.006918752 -11.677587509 -0.133369088 -0.002116856 0.991064131 175.449295044
0.985731125 0.070834883 0.152697653 -137.108505249 -0.070810318 0.997474074 -0.005606023 -11.526329994 -0.152709052 -0.005286541 0.988257051 176.990737915
0.982732832 0.073153801 0.169955060 -136.911376953 -0.072262652 0.997320175 -0.011431767 -11.550829887 -0.170335874 -0.001047034 0.985385478 178.204193115
0.979352355 0.075402312 0.187572479 -136.729705811 -0.073699236 0.997151434 -0.016047174 -11.599836349 -0.188248158 0.001891886 0.982119739 179.425079346
0.976741910 0.065052681 0.204311982 -136.450500488 -0.064027213 0.997880340 -0.011632795 -11.556971550 -0.204635665 -0.001719294 0.978836656 180.975631714
0.972987056 0.064197659 0.221753746 -136.181365967 -0.063146584 0.997934103 -0.011833954 -11.583355904 -0.222055331 -0.002488705 0.975030899 182.178024292
0.968854129 0.064296104 0.239139572 -135.845794678 -0.062923416 0.997928679 -0.013378443 -11.618329048 -0.239504442 -0.002085723 0.970892966 183.655990601
0.964580476 0.064140297 0.255872518 -135.530609131 -0.061278231 0.997936904 -0.019150965 -11.649172783 -0.256573051 0.002793229 0.966520786 184.906036377
0.961314440 0.052311230 0.270440608 -135.163223267 -0.048063219 0.998594999 -0.022311233 -11.888477325 -0.271227777 0.008449852 0.962478101 186.303741455
0.956422210 0.054852929 0.286788911 -134.774414062 -0.050475843 0.998468578 -0.022639358 -11.925640106 -0.287591547 0.007176873 0.957726300 187.609313965
0.950732529 0.056936439 0.304739177 -134.374404907 -0.052283544 0.998357654 -0.023414362 -12.001957893 -0.305571824 0.006327949 0.952148020 188.928604126
0.944773734 0.060614768 0.322068751 -133.923446655 -0.054757565 0.998128474 -0.027223429 -12.041450500 -0.323116183 0.008084285 0.946324706 190.377944946
0.938691020 0.061121691 0.339298189 -133.447143555 -0.053560242 0.998063982 -0.031614788 -12.096040726 -0.340573639 0.011503628 0.940147519 191.692535400
0.932306349 0.063107669 0.356121063 -132.955230713 -0.054709662 0.997936189 -0.033615723 -12.178618431 -0.357507497 0.011856887 0.933834970 192.965301514
0.925409615 0.063035995 0.373689085 -132.420486450 -0.051939823 0.997860789 -0.039700210 -12.237201691 -0.375392228 0.017329615 0.926703990 194.462997437
0.917403042 0.066453017 0.392371833 -131.908264160 -0.052519865 0.997552872 -0.046151370 -12.315353394 -0.394478500 0.021732084 0.918648124 195.752197266
0.908058107 0.069545157 0.413030177 -131.310607910 -0.053587571 0.997305036 -0.050110400 -12.396737099 -0.415401965 0.023369864 0.909337759 197.039459229
0.896451831 0.072934903 0.437097967 -130.672851562 -0.055736270 0.997087121 -0.052065149 -12.481012344 -0.439622134 0.022311687 0.897905588 198.481414795
0.883407772 0.078142114 0.462043852 -130.020263672 -0.059147846 0.996706545 -0.055477601 -12.577636719 -0.464857221 0.021680446 0.885120094 199.773712158
0.869542718 0.082267910 0.486957550 -129.391357422 -0.060776826 0.996358514 -0.059800461 -12.645257950 -0.490103900 0.022403320 0.871376038 201.025604248
0.855151057 0.085794382 0.511229992 -128.564758301 -0.062371023 0.996073306 -0.062830567 -12.802009583 -0.514612973 0.021843698 0.857144177 202.517059326
