0.995694220 0.092555381 -0.005142598 0.077592313 -0.074697308 0.768255472 -0.635770202 1.248074174 -0.054893125 0.633416951 0.771861136 2.637504101
0.990623355 0.136549756 -0.004413238 0.069386691 -0.109107614 0.771272600 -0.627083838 0.692420363 -0.082224332 0.621685445 0.778939307 3.170428753
0.990351737 0.138506725 -0.004421190 0.058505040 -0.110601239 0.770794332 -0.627410114 0.215658784 -0.083492704 0.621845663 0.778676450 3.742873669
0.990340531 0.138594598 -0.004136741 0.054572888 -0.110468581 0.770629942 -0.627635360 -0.249473453 -0.083798975 0.622029722 0.778496444 4.298438072
0.995384574 0.095876276 -0.004162958 0.047538124 -0.076634578 0.768009722 -0.635836601 -0.668187022 -0.057764459 0.633220971 0.771812439 4.868665218
0.990196943 0.139662355 -0.002072649 0.023459056 -0.110303663 0.772770107 -0.625027537 -1.144198179 -0.085691132 0.619129002 0.780599952 5.374782562
0.990266025 0.139183193 -0.001068155 0.036833726 -0.109668083 0.775499165 -0.621750712 -1.559556603 -0.085708901 0.615815759 0.783214509 5.859150887
0.990322173 0.138780773 0.001364052 0.021740880 -0.108116299 0.777592182 -0.619403780 -1.979472756 -0.087022021 0.613261819 0.785071373 6.375424385
0.995473564 0.095022365 0.001773063 0.019079536 -0.072969161 0.776126742 -0.626340628 -2.359306335 -0.060892500 0.623376191 0.779547334 6.853836536
0.995418549 0.095580146 0.002541397 0.023277352 -0.072903082 0.775909543 -0.626617491 -2.736820221 -0.061864089 0.623561323 0.779322743 7.296342850
0.995318174 0.096572965 0.003924421 0.012414372 -0.072637886 0.774185479 -0.628776968 -3.101123810 -0.063761093 0.625548124 0.777575672 7.728490829
0.995315135 0.096561119 0.004874790 0.008302566 -0.071829394 0.772257149 -0.631236374 -3.444186211 -0.064717487 0.627928913 0.775575161 8.139188766
0.995504677 0.094532289 0.005843437 0.018256884 -0.069555983 0.771570027 -0.632330358 -3.733684063 -0.064284258 0.629081249 0.774676859 8.471225739
0.995834231 0.090864144 0.007606679 0.024505511 -0.065429471 0.770193100 -0.634445906 -4.080205917 -0.063506991 0.631305218 0.772929847 8.886539459
0.995988309 0.089032657 0.008972942 0.035269596 -0.063047051 0.769360363 -0.635696352 -4.348043442 -0.063501149 0.632580280 0.771887124 9.205155373
0.995550931 0.093521744 0.011488481 0.026353382 -0.064808577 0.768144846 -0.636987627 -4.644601345 -0.068397015 0.633409023 0.770788431 9.534809113
0.995101690 0.097803846 0.014387595 0.022302374 -0.066211164 0.767467141 -0.637660027 -4.883458614 -0.073407613 0.633583963 0.770183563 9.814945221
0.994994998 0.098285124 0.018026473 0.028322965 -0.064317569 0.767994642 -0.637218475 -5.128054619 -0.076473333 0.632869720 0.770472407 10.093490601
0.995379508 0.093837209 0.020353567 0.054187477 -0.059410654 0.768408835 -0.637195587 -5.331099987 -0.075432517 0.633042097 0.770433366 10.328010559
0.995715797 0.089439794 0.023464939 0.060804397 -0.054006718 0.768511176 -0.637552917 -5.520684719 -0.075055674 0.633554280 0.770049155 10.554024696
0.995945513 0.086157113 0.025875462 0.073881045 -0.050028019 0.769515157 -0.636665940 -5.685067177 -0.074764870 0.632790089 0.770705521 10.746030807
0.995922744 0.085503474 0.028762944 0.081874818 -0.047807395 0.770624876 -0.635493159 -5.862532139 -0.076502331 0.631526947 0.771570444 10.934432983
0.995858908 0.085628696 0.030541047 0.091091692 -0.046732765 0.770320773 -0.635941744 -6.001204491 -0.077981271 0.631880999 0.771132529 11.082962036
0.995690405 0.086793415 0.032671530 0.094808519 -0.046114225 0.769017160 -0.637562454 -6.122563362 -0.080461197 0.633308232 0.769705474 11.230567932
0.995365560 0.089456394 0.035282712 0.095147640 -0.046414100 0.768256783 -0.638456881 -6.229445457 -0.084220216 0.633860409 0.768848419 11.356859207
0.995051026 0.092258625 0.036901981 0.099218965 -0.047502182 0.767862678 -0.638850868 -6.347204208 -0.087275155 0.633936346 0.768445015 11.488595009
0.994864285 0.093777947 0.038087331 0.101988077 -0.047763091 0.766719937 -0.640202522 -6.448224068 -0.089239188 0.635095596 0.767261326 11.602147102
0.994918764 0.092527591 0.039689641 0.114864111 -0.045644682 0.765902162 -0.641334772 -6.549920082 -0.089739554 0.636264384 0.766233921 11.711163521
0.994929314 0.091576144 0.041586425 0.115290374 -0.043543328 0.764917791 -0.642654359 -6.639123440 -0.090662010 0.637584865 0.765026808 11.817942619
0.998946846 0.019132689 0.041705202 0.139163136 0.012286899 0.764184594 -0.644880474 -6.756381989 -0.044208772 0.644713581 0.763144732 11.943160057
0.998869240 0.019891007 0.043182764 0.147360027 0.012721633 0.763335347 -0.645877063 -6.845417500 -0.045810081 0.645695984 0.762219191 12.041223526
0.998785377 0.020852109 0.044641554 0.145521790 0.013027854 0.762022495 -0.647419512 -6.913439751 -0.047517929 0.647214711 0.760825396 12.120416641
0.998747408 0.020650622 0.045574844 0.152842522 0.013901410 0.760471523 -0.649222493 -6.994951248 -0.048065219 0.649042785 0.759232044 12.213296890
0.998739123 0.019976273 0.046053987 0.163888276 0.014821161 0.759177327 -0.650715113 -7.080110550 -0.047962010 0.650577188 0.757924020 12.304644585
0.998801827 0.018924847 0.045130312 0.176474273 0.015080797 0.758291423 -0.651741385 -7.165232658 -0.046556044 0.651641011 0.757097363 12.391298294
0.998878539 0.018446682 0.043605480 0.170207441 0.014528245 0.757135153 -0.653096676 -7.235406876 -0.045062736 0.652997673 0.756018043 12.479555130
0.999005914 0.018237542 0.040678553 0.169227839 0.012792381 0.756837547 -0.653477788 -7.320480347 -0.042704914 0.653348386 0.755851865 12.567981720
0.995245814 0.090463087 0.036086738 0.166855335 -0.045008834 0.755774677 -0.653283119 -7.417699814 -0.086371452 0.648553073 0.756253183 12.702947617
0.995412827 0.090604708 0.030727616 0.155569375 -0.048535593 0.754999995 -0.653926134 -7.492414474 -0.082448125 0.649435103 0.755934119 12.788709641
0.995630622 0.090417512 0.023335185 0.165075928 -0.053217951 0.754754424 -0.653845429 -7.589024544 -0.076731406 0.649746597 0.756268382 12.895069122
0.995740116 0.090748623 0.016317027 0.155656442 -0.058036141 0.754372239 -0.653876424 -7.663311005 -0.071647480 0.650144100 0.756425440 12.978756905
0.995858967 0.090550952 0.008087466 0.158299595 -0.063193180 0.753438175 -0.654474974 -7.751076698 -0.065356731 0.651253700 0.756040335 13.090042114
0.999836743 0.018024644 -0.001228262 0.148033544 -0.014377416 0.752667665 -0.658243597 -7.837494850 -0.010940142 0.658153832 0.752804041 13.164781570
0.999759793 0.016379874 -0.014561040 0.138840437 -0.021915831 0.751539171 -0.659324229 -7.929274559 0.000143548 0.659484982 0.751717806 13.272170067
0.999406457 0.015699809 -0.030660672 0.119948834 -0.032051392 0.749937296 -0.660732031 -8.023780823 0.012620204 0.661322713 0.749995530 13.395597458
0.998627782 0.016054440 -0.049847621 0.096220613 -0.045015048 0.749562025 -0.660401762 -8.140212059 0.026761476 0.661739409 0.749256134 13.515232086
0.997252703 0.016717508 -0.072162956 0.067501903 -0.060245674 0.749860764 -0.658846915 -8.259872437 0.043097880 0.661384463 0.748807788 13.647688866
0.995298564 0.017187003 -0.095317185 0.019750953 -0.075801775 0.750827074 -0.656134665 -8.421421051 0.060289729 0.660275161 0.748599887 13.824789047
0.992334068 0.018240022 -0.122231096 -0.028444052 -0.094252512 0.751419187 -0.653058648 -8.556681633 0.079934992 0.659572959 0.747378111 13.983119965
0.988144279 0.019183246 -0.152324915 -0.090972662 -0.114542961 0.752763271 -0.648249447 -8.716572762 0.102229081 0.658011734 0.746036053 14.162794113
0.982465267 0.018881548 -0.185487270 -0.163684130 -0.135655746 0.754878819 -0.641681671 -8.870917320 0.127904475 0.655592382 0.744203687 14.339056015
0.974881947 0.020069234 -0.221816778 -0.257943153 -0.159688100 0.757239997 -0.633314490 -9.043165207 0.155258432 0.652828276 0.741424322 14.536863327
0.965000689 0.021833947 -0.261336863 -0.363662720 -0.185842216 0.760043621 -0.622732937 -9.204135895 0.185030699 0.649505198 0.737500250 14.733148575
0.945609272 -0.115031727 -0.304287374 -0.453455925 -0.114553139 0.757728815 -0.642436624 -9.417531013 0.304467887 0.642351151 0.703338027 14.969274521
0.931426108 -0.111506157 -0.346427172 -0.587200165 -0.144833907 0.759700954 -0.633938193 -9.599470139 0.333869100 0.640640914 0.691455424 15.161392212
0.914464474 -0.109096751 -0.389682800 -0.750601292 -0.174203292 0.763046145 -0.622425735 -9.810576439 0.365250587 0.637070239 0.678773522 15.369300842
0.895276785 -0.105106987 -0.432934344 -0.924270630 -0.204085708 0.767053545 -0.608258247 -10.003422737 0.396015942 0.632915199 0.665274262 15.555974960
0.875398576 -0.124860346 -0.466998160 -1.019081116 -0.237529755 0.730290830 -0.640511274 -10.353140831 0.421018928 0.671628594 0.609637558 15.775331497
0.851659238 -0.120044999 -0.510162413 -1.232204437 -0.271490812 0.731577694 -0.625369370 -10.552742958 0.448295891 0.671106040 0.590463758 15.949373245
0.823886633 -0.117067307 -0.554532230 -1.476248264 -0.305606246 0.732237697 -0.608631849 -10.787001610 0.477300286 0.670912147 0.567504346 16.148628235
0.793793380 -0.113637261 -0.597476721 -1.734708786 -0.340060920 0.731544137 -0.590933025 -10.999391556 0.504232585 0.672257245 0.542051315 16.323738098
0.760495305 -0.110659599 -0.639844775 -2.000177383 -0.373446882 0.731570125 -0.570388079 -11.201404572 0.531210303 0.672725439 0.515030086 16.491989136
0.745426953 -0.025985537 -0.666080654 -2.260559082 -0.477064490 0.677098513 -0.560309827 -11.642755508 0.465562165 0.735433578 0.492330641 16.549806595
0.707409441 -0.024160516 -0.706390917 -2.595804214 -0.507611454 0.678085566 -0.531535864 -11.864526749 0.491835684 0.734585822 0.467419952 16.730319977
0.691367149 -0.014028325 -0.722367406 -2.896232605 -0.550236523 0.637738287 -0.539008021 -12.239219666 0.468242735 0.770125270 0.433192432 16.815185547
0.651137531 -0.016525587 -0.758779883 -3.278398514 -0.576436102 0.639575541 -0.508590937 -12.446855545 0.493701756 0.768550575 0.406925678 16.989936829
0.607298791 -0.015865738 -0.794315100 -3.691746712 -0.602631927 0.642308950 -0.473575741 -12.691467285 0.517709374 0.766281605 0.380512238 17.165592194
0.580737174 -0.077787504 -0.810366213 -4.163830757 -0.559870422 0.684487998 -0.466927499 -12.813730240 0.591006994 0.724862278 0.353956699 17.436183929
0.534020185 -0.078482732 -0.841821253 -4.624880791 -0.586772621 0.682445467 -0.435851038 -13.015737534 0.608703792 0.726710856 0.318388164 17.585302353
0.483005047 -0.080115087 -0.871944785 -5.159883976 -0.591111481 0.704816818 -0.392199486 -13.220602036 0.645982385 0.704850912 0.293073088 17.674674988
0.431109369 -0.081274383 -0.898631930 -5.689208984 -0.611450613 0.706073046 -0.357196033 -13.408245087 0.663530707 0.703459442 0.254699439 17.802309036
0.378469139 -0.096469440 -0.920572996 -6.293254852 -0.586519659 0.744408429 -0.319140613 -13.463685989 0.716069698 0.660719037 0.225154355 17.955223083
0.327949315 -0.090667248 -0.940334320 -6.897895813 -0.604239821 0.745016396 -0.282568246 -13.609977722 0.726184130 0.660855532 0.189542860 18.038066864
0.276942611 -0.094168738 -0.956260979 -7.484321594 -0.601914644 0.758735120 -0.249037594 -13.682322502 0.749000371 0.644556522 0.153444573 18.133369446
0.229783550 -0.091219045 -0.968957603 -8.103368759 -0.618044257 0.755404651 -0.217681080 -13.823752403 0.751811683 0.648878098 0.117202200 18.180694580
0.186220720 -0.087288670 -0.978622794 -8.745651245 -0.632291734 0.751731336 -0.187368870 -13.953817368 0.752016485 0.653667152 0.084796056 18.204341888
0.145373091 -0.093369089 -0.984961331 -9.423667908 -0.628927588 0.759786129 -0.164848790 -14.041147232 0.763751745 0.643433928 0.051730055 18.229743958
0.111235142 -0.095270939 -0.989216924 -10.120704651 -0.644490540 0.750780165 -0.144778684 -14.134300232 0.756477773 0.653645575 0.022111904 18.227289200
0.083440818 -0.095004559 -0.991973639 -10.839585304 -0.650997102 0.748475075 -0.126443133 -14.209480286 0.754480243 0.656322479 0.000605685 18.212097168
0.061991740 -0.092753232 -0.993757367 -11.584353447 -0.648519576 0.753098667 -0.110746525 -14.278839111 0.758669496 0.651336491 -0.013466391 18.189538956
0.049863473 -0.084756143 -0.995153248 -12.369281769 -0.655930638 0.748611152 -0.096624687 -14.362852097 0.753172338 0.657569587 -0.018265802 18.160823822
0.042131379 -0.079634473 -0.995933294 -13.167743683 -0.662306666 0.744103909 -0.087516114 -14.442569733 0.748047352 0.663300633 -0.021392316 18.131528854
0.037058719 -0.087186627 -0.995502472 -13.987993240 -0.650179625 0.754398465 -0.090274289 -14.521078110 0.758876204 0.650600851 -0.028729925 18.106597900
0.037738446 -0.091427132 -0.995096505 -14.850359917 -0.644682825 0.758630216 -0.094150387 -14.605167389 0.763518095 0.645074606 -0.030311972 18.074867249
0.039157242 -0.094085298 -0.994793773 -15.686306000 -0.634730041 0.766560256 -0.097483851 -14.707033157 0.771741211 0.635242701 -0.029702378 18.071800232
0.046253398 -0.093748108 -0.994520962 -16.577411652 -0.634042978 0.766574562 -0.101749048 -14.788476944 0.771913350 0.635275185 -0.023983646 18.021238327
0.051276375 -0.086813547 -0.994904101 -17.479932785 -0.650322497 0.753148735 -0.099235386 -14.898046494 0.757925749 0.652096927 -0.017838063 18.017091751
0.054527819 -0.093652517 -0.994110644 -18.415504456 -0.646954477 0.755038381 -0.106616169 -14.990230560 0.760576665 0.648957849 -0.019418307 17.993288040
0.055444617 -0.112351269 -0.992120504 -19.343442917 -0.632757485 0.764685810 -0.121957369 -15.126248360 0.772362649 0.634533525 -0.028693397 17.966587067
0.058416534 -0.120082140 -0.991043866 -20.334634781 -0.639124453 0.758117080 -0.129531875 -15.224918365 0.766881704 0.640967071 -0.032460857 17.909391403
0.056872148 -0.122613393 -0.990823627 -21.273941040 -0.643140018 0.754582226 -0.130294263 -15.347965240 0.763633728 0.644648492 -0.035942864 17.882240295
0.055720005 -0.115936592 -0.991692483 -22.338024139 -0.650860250 0.748980880 -0.124131449 -15.463729858 0.757149994 0.652369916 -0.033725291 17.815483093
0.055249132 -0.115389660 -0.991782606 -23.332483292 -0.666584015 0.735265732 -0.122678347 -15.616886139 0.743379533 0.667884350 -0.036294118 17.762769699
0.051218241 -0.106223077 -0.993022323 -24.430070877 -0.668548524 0.735016823 -0.113106854 -15.743926048 0.741902590 0.669676781 -0.033369012 17.717363358
0.051845904 -0.100177936 -0.993617952 -25.439792633 -0.675938070 0.728889287 -0.108757369 -15.920132637 0.735132456 0.677262723 -0.029924162 17.647827148
0.051493749 -0.092574604 -0.994373381 -26.549312592 -0.675247252 0.730369568 -0.102964044 -16.041549683 0.735791862 0.676749706 -0.024901278 17.595514297
0.050835852 -0.095069326 -0.994171739 -27.594577789 -0.679397225 0.726334989 -0.104197182 -16.199264526 0.732007563 0.680734396 -0.027665982 17.545587540
0.049687028 -0.098006099 -0.993944645 -28.702907562 -0.681044877 0.724602699 -0.105493374 -16.315908432 0.730553925 0.682162523 -0.030743193 17.500886917
0.042346194 -0.095066659 -0.994569838 -29.824897766 -0.669921339 0.735821009 -0.098857477 -16.322437286 0.741223454 0.670469761 -0.032527961 17.496164322
0.038324345 -0.100365013 -0.994212270 -30.946590424 -0.670822203 0.734839857 -0.100040026 -16.432720184 0.740627408 0.670773566 -0.039164815 17.444866180
0.034644436 -0.109113209 -0.993425369 -31.987903595 -0.677800000 0.727912605 -0.103587918 -16.634836197 0.734429657 0.676932454 -0.048738800 17.346155167
0.028845113 -0.111224510 -0.993376613 -33.115982056 -0.679170132 0.726982176 -0.101118721 -16.739679337 0.733413935 0.677588403 -0.054570466 17.264396667
0.023375703 -0.114101134 -0.993194103 -34.191734314 -0.688642204 0.718347788 -0.098733775 -16.966678619 0.724724412 0.686263382 -0.061782967 17.138471603
0.018158602 -0.109377973 -0.993834317 -35.335151672 -0.690577567 0.717437387 -0.091576390 -17.062831879 0.723030329 0.687982619 -0.062506311 17.043537140
0.011625421 -0.105947204 -0.994303942 -36.485771179 -0.693098366 0.715886831 -0.084384441 -17.184041977 0.720749259 0.690131307 -0.065109357 16.957281113
0.008259594 -0.103454769 -0.994599938 -37.624107361 -0.696162522 0.713414133 -0.079988055 -17.268217087 0.717836678 0.693063736 -0.066128828 16.855766296
0.004849408 -0.101764508 -0.994796634 -38.761920929 -0.699671030 0.710402608 -0.076082632 -17.393638611 0.714448690 0.696399391 -0.067756638 16.753740311
0.004341085 -0.100405708 -0.994937122 -39.897686005 -0.702974141 0.707308352 -0.074446388 -17.473802567 0.711202145 0.699738204 -0.067512140 16.657428741
0.002788193 -0.100811973 -0.994901597 -41.081184387 -0.704075694 0.706306577 -0.073542200 -17.563928604 0.710119426 0.700691104 -0.069009945 16.564100266
0.002481392 -0.101221427 -0.994860888 -42.214626312 -0.704329014 0.706048727 -0.073593177 -17.643135071 0.709869325 0.700891972 -0.069541208 16.439466476
0.000858205 -0.102107391 -0.994772971 -43.433792114 -0.705244839 0.705196261 -0.072992519 -17.740989685 0.708963275 0.701621175 -0.071405515 16.381357193
0.001124186 -0.103010468 -0.994679570 -44.610099792 -0.707470059 0.702901304 -0.073593050 -17.820865631 0.706742465 0.703788757 -0.072086625 16.282056808
-0.000194438 -0.104778454 -0.994495571 -45.747589111 -0.710333407 0.700005472 -0.073612571 -17.933605194 0.703865349 0.706409156 -0.074563749 16.146770477
0.000816016 -0.109022588 -0.994039059 -46.903659821 -0.713922024 0.695987701 -0.076919474 -18.024202347 0.700224757 0.709729075 -0.077265710 16.027574539
0.001482057 -0.109639741 -0.993970394 -48.111400604 -0.714750409 0.695046425 -0.077732697 -18.123775482 0.699377894 0.710555851 -0.077334963 15.924593925
0.003584814 -0.105301417 -0.994433939 -49.309486389 -0.715200067 0.694759369 -0.076146848 -18.224576950 0.698910654 0.711492181 -0.072821006 15.819951057
0.004826103 -0.102146573 -0.994757652 -50.530139923 -0.715106010 0.694998622 -0.074835211 -18.333551407 0.698999345 0.711718380 -0.069691494 15.715865135
0.006636837 -0.102871306 -0.994672537 -51.721115112 -0.713723481 0.696208119 -0.076765664 -18.422422409 0.700396061 0.710430622 -0.068801053 15.610256195
0.009629656 -0.103938572 -0.994536996 -52.921573639 -0.713293076 0.696321964 -0.079678766 -18.514879227 0.700799763 0.710163593 -0.067433327 15.511379242
0.013861172 -0.101466335 -0.994742393 -54.081851959 -0.714125335 0.695330143 -0.080876432 -18.621109009 0.699880600 0.711491823 -0.062821604 15.377118111
0.020679275 -0.100376472 -0.994734585 -55.303012848 -0.717312396 0.691584647 -0.084698282 -18.723903656 0.696444809 0.715287030 -0.057699818 15.298699379
-0.025401173 -0.051935751 -0.998327315 -55.451389313 -0.617125094 0.786461055 -0.025211917 -15.595070839 0.786454976 0.615452409 -0.052027885 14.863845825
-0.019608090 -0.052931678 -0.998405635 -56.676734924 -0.617992342 0.785629928 -0.029514115 -15.636130333 0.785939574 0.616428316 -0.048116066 14.794049263
-0.013537974 -0.054091327 -0.998444319 -57.867191315 -0.617391884 0.785911620 -0.034205992 -15.666828156 0.786539197 0.615968227 -0.044035200 14.720139503
-0.007972185 -0.054216798 -0.998497307 -59.089168549 -0.615755796 0.787028968 -0.037818085 -15.720052719 0.787896693 0.614529073 -0.039658654 14.649103165
-0.001576744 -0.054096490 -0.998534441 -60.274971008 -0.614333391 0.787942946 -0.041717440 -15.742844582 0.789044976 0.613367260 -0.034475669 14.578063965
0.002960403 -0.053472426 -0.998564959 -61.538719177 -0.613800049 0.788232803 -0.044028994 -15.812716484 0.789455950 0.613049567 -0.030487893 14.561010361
0.009227030 -0.053490229 -0.998525679 -62.794990540 -0.614542842 0.787430286 -0.047860783 -15.844192505 0.788829446 0.614078522 -0.025606401 14.523345947
-0.029463612 0.011105119 -0.999504149 -62.784736633 -0.465409756 0.884782016 0.023549940 -12.679287910 0.884604812 0.465872794 -0.020900436 13.994297981
-0.023841288 0.006262222 -0.999696076 -64.034004211 -0.465871811 0.884695590 0.016652208 -12.662998199 0.884531081 0.466127217 -0.018174883 13.943990707
-0.019969817 0.001192481 -0.999799848 -65.228546143 -0.465364069 0.885058820 0.010350742 -12.659967422 0.884893954 0.465477705 -0.017119534 13.919289589
-0.016053829 0.000274648 -0.999871075 -66.482124329 -0.465381265 0.885076582 0.007715235 -12.649776459 0.884964645 0.465445161 -0.014081050 13.886984825
-0.012735698 0.002890476 -0.999914646 -67.689132690 -0.464434147 0.885567069 0.008475335 -12.658110619 0.885516047 0.464502543 -0.009935868 13.856322289
-0.010418340 0.002206312 -0.999943256 -68.945098877 -0.464802116 0.885388494 0.006796302 -12.656114578 0.885353327 0.464846581 -0.008198783 13.832229614
-0.012496127 0.009227109 -0.999879360 -69.988945007 -0.409522593 0.912199557 0.013536043 -11.199426651 0.912214398 0.409642249 -0.007620243 13.480534554
-0.011591898 0.010780663 -0.999874771 -71.245391846 -0.409912109 0.912008524 0.014585543 -11.205053329 0.912051380 0.410029858 -0.006152785 13.451930046
-0.013378181 0.011606517 -0.999843121 -72.396995544 -0.405114532 0.914125383 0.016032010 -11.163423538 0.914168119 0.405265331 -0.007527354 13.440609932
-0.011517336 0.010108183 -0.999882579 -73.680023193 -0.404955119 0.914230943 0.013906844 -11.162164688 0.914264083 0.405067682 -0.006436141 13.401623726
-0.014476238 0.009185587 -0.999852955 -74.806602478 -0.400845706 0.916035235 0.014219168 -11.149775505 0.916031241 0.400992543 -0.009578732 13.408031464
-0.013416526 0.008758186 -0.999871612 -76.087226868 -0.398359746 0.917131603 0.013378736 -11.139529228 0.917131186 0.398488075 -0.008815815 13.373649597
-0.015590208 0.010478452 -0.999823570 -77.188766479 -0.393699169 0.919103980 0.015771421 -11.142686844 0.919107139 0.393875569 -0.010203651 13.361781120
-0.015267262 0.013109870 -0.999797583 -78.479560852 -0.393343270 0.919214249 0.018059710 -11.131379128 0.919264972 0.393539310 -0.008877200 13.332910538
-0.032931671 0.051148519 -0.998147964 -79.624290466 -0.396734923 0.915968478 0.060026739 -11.061161041 0.917342305 0.397976875 -0.009871980 13.267782211
-0.032413103 0.051179312 -0.998163342 -80.834182739 -0.398804098 0.915079653 0.059869587 -11.009805679 0.916463137 0.400012136 -0.009250047 13.241406441
-0.031787928 0.049152117 -0.998285353 -82.119537354 -0.399916440 0.914728999 0.057772446 -10.938781738 0.916000187 0.401067138 -0.009420596 13.221956253
-0.031844754 0.046602186 -0.998405814 -83.219909668 -0.399671793 0.914979279 0.055455893 -10.900037766 0.916105032 0.400800467 -0.010511709 13.188544273
-0.035522234 0.049526248 -0.998140931 -84.398040771 -0.399817348 0.914654195 0.059612628 -10.810719490 0.915906250 0.401191592 -0.012689107 13.139077187
-0.040501874 0.055058267 -0.997661471 -85.622322083 -0.401533931 0.913411319 0.066709742 -10.779520035 0.914947987 0.403296798 -0.014887114 13.124765396
-0.041000299 0.058671642 -0.997435033 -86.818748474 -0.402130514 0.912885070 0.070228070 -10.720511436 0.914663911 0.403978348 -0.013834904 13.090872765
-0.040711164 0.061425470 -0.997281075 -88.000312805 -0.402284503 0.912628889 0.072633617 -10.660122871 0.914609075 0.404147714 -0.012443673 13.061602592
-0.040567309 0.061184309 -0.997301817 -89.207389832 -0.403606653 0.912065685 0.072372638 -10.583445549 0.914032817 0.405453563 -0.012305661 13.028352737
-0.039878007 0.059336677 -0.997441113 -90.358512878 -0.403452814 0.912288010 0.070401177 -10.520370483 0.914131045 0.405227840 -0.012440679 12.993886948
-0.039781239 0.057807472 -0.997534811 -91.529434204 -0.401959062 0.913058460 0.068941996 -10.452281952 0.914793074 0.403710812 -0.013086357 12.969504356
-0.040834680 0.059251435 -0.997407556 -92.741455078 -0.400283545 0.913662732 0.070664473 -10.384275436 0.915481091 0.402131319 -0.013591754 12.956613541
-0.041101493 0.063472256 -0.997136891 -93.904670715 -0.398602933 0.914083242 0.074615739 -10.313073158 0.916202128 0.400528461 -0.012269954 12.934375763
-0.041376110 0.065699220 -0.996981204 -95.085884094 -0.397403568 0.914428532 0.076751955 -10.249671936 0.916710675 0.399379611 -0.011726392 12.921738625
-0.040916082 0.067994095 -0.996846378 -96.245925903 -0.398516983 0.913779438 0.078685500 -10.170326233 0.916247845 0.400479704 -0.010291472 12.885384560
-0.039819881 0.070791781 -0.996695936 -97.413208008 -0.401132107 0.912446678 0.080833830 -10.093383789 0.915154219 0.403025597 -0.007936661 12.842658043
-0.039694104 0.070202090 -0.996742725 -98.593734741 -0.402442992 0.911920488 0.080254741 -10.023871422 0.914584041 0.404317826 -0.007945527 12.815808296
-0.039486837 0.065929450 -0.997042596 -99.729484558 -0.404747576 0.911240876 0.076285407 -9.942516327 0.913575411 0.406562924 -0.009297231 12.782587051
-0.038737129 0.065513752 -0.997099459 -100.920440674 -0.406258166 0.910624325 0.075615019 -9.895067215 0.912936866 0.408009052 -0.008659475 12.734636307
-0.038342863 0.064150110 -0.997203350 -102.088813782 -0.406709254 0.910538316 0.074213080 -9.821747780 0.912752688 0.408417434 -0.008822205 12.696739197
-0.038981829 0.063484445 -0.997221172 -103.245574951 -0.404970467 0.911342800 0.073847763 -9.752252579 0.913498402 0.406723857 -0.009816479 12.699746132
-0.038847145 0.065839089 -0.997073829 -104.422111511 -0.405238628 0.911050856 0.075947367 -9.683723450 0.913385093 0.407003134 -0.008711180 12.672593117
-0.038753800 0.067150421 -0.996989965 -105.566642761 -0.403427869 0.911758125 0.077091374 -9.588033676 0.914190412 0.405201107 -0.008243741 12.657566071
-0.039206173 0.066101059 -0.997042358 -106.733673096 -0.407415062 0.910045624 0.076353990 -9.508916855 0.912401140 0.409203678 -0.008748837 12.624273300
-0.039652046 0.068407476 -0.996869147 -107.915603638 -0.410110652 0.908636928 0.078665569 -9.455705643 0.911173403 0.411945850 -0.007974671 12.586800575
-0.039936654 0.067389026 -0.996927142 -109.120712280 -0.413592339 0.907124579 0.077887073 -9.372090340 0.909585893 0.415432006 -0.008355937 12.559392929
-0.042024128 0.064752102 -0.997016132 -110.260643005 -0.415119946 0.906555235 0.076374300 -9.314031601 0.908795595 0.417090774 -0.011217300 12.555804253
-0.044192199 0.061358865 -0.997136891 -111.385910034 -0.414535731 0.907004297 0.074184388 -9.254158974 0.908959329 0.416627288 -0.014647067 12.540652275
-0.043497264 0.060028158 -0.997248530 -112.652229309 -0.411933810 0.908313572 0.072642267 -9.168272972 0.910175025 0.413960069 -0.014781528 12.506163597
-0.044070605 0.059982277 -0.997226179 -113.860839844 -0.408425599 0.909885526 0.072778456 -9.099334717 0.911727071 0.410500050 -0.015600908 12.485992432
-0.045001179 0.060575753 -0.997148633 -115.065353394 -0.406685442 0.910592914 0.073671229 -9.007502556 0.912459314 0.408841103 -0.016342482 12.473184586
-0.045483816 0.065332100 -0.996826351 -116.306747437 -0.406085163 0.910483003 0.078202255 -8.926239014 0.912702620 0.408353359 -0.014881834 12.413681030
-0.045202050 0.064709663 -0.996879816 -117.562446594 -0.404616982 0.911196828 0.077494547 -8.823214531 0.913368464 0.406857401 -0.015005335 12.374994278
-0.046261784 0.061087571 -0.997059762 -118.770988464 -0.404585689 0.911451101 0.074614577 -8.755557060 0.913329244 0.406847864 -0.017450193 12.347251892
-0.048010074 0.057473592 -0.997191966 -119.980064392 -0.404922605 0.911509395 0.072030343 -8.678805351 0.913089633 0.407243848 -0.020489275 12.319256783
-0.048569694 0.057006545 -0.997191668 -121.245521545 -0.404428959 0.911745071 0.071820110 -8.592564583 0.913278818 0.406781524 -0.021228088 12.257665634
-0.048853312 0.058192030 -0.997109294 -122.494232178 -0.406129867 0.910890162 0.073058531 -8.509119987 0.912508667 0.408525020 -0.020866480 12.206888199
-0.050049774 0.062523954 -0.996787727 -123.767181396 -0.410112500 0.908728302 0.077592574 -8.416766167 0.910660625 0.412678599 -0.019839793 12.173284531
-0.050454549 0.065540843 -0.996573508 -125.039436340 -0.415079087 0.906206846 0.080612406 -8.326802254 0.908385217 0.417724043 -0.018517630 12.123712540
-0.050951630 0.065129034 -0.996575236 -126.301925659 -0.421687335 0.903153360 0.080583155 -8.232471466 0.905308723 0.424348950 -0.018553058 12.075357437
-0.050525211 0.063476734 -0.996703506 -127.584320068 -0.424713790 0.901877165 0.078967281 -8.153125763 0.903916717 0.427303553 -0.018608080 12.025323868
-0.050923035 0.061477069 -0.996808589 -128.841613770 -0.426823676 0.901018739 0.077374071 -8.051046371 0.902899981 0.429401666 -0.019642742 11.983050346
-0.051991891 0.061344545 -0.996761560 -130.101837158 -0.426514357 0.901136577 0.077706747 -7.981155396 0.902985215 0.429173321 -0.020687461 11.938591003
-0.052250613 0.060971167 -0.996770978 -131.377471924 -0.424756348 0.901989579 0.077439182 -7.904085159 0.903798580 0.427431047 -0.021231623 11.897724152
-0.052916445 0.061291821 -0.996716082 -132.627304077 -0.424624145 0.902002573 0.078011148 -7.824197769 0.903821945 0.427357852 -0.021704786 11.861625671
-0.049526595 0.061962914 -0.996848881 -133.892089844 -0.422513336 0.903069317 0.077125482 -7.880798340 0.905002534 0.425001711 -0.018545792 11.890863419
-0.050280325 0.066336185 -0.996529698 -135.156097412 -0.421434462 0.903199434 0.081387095 -7.806329727 0.905463934 0.424064100 -0.017456805 11.851798058
-0.049776521 0.065167964 -0.996632040 -136.419769287 -0.421798378 0.903142691 0.080121472 -7.723127365 0.905322254 0.424365938 -0.017467568 11.801905632
-0.049116783 0.063451707 -0.996775448 -137.681747437 -0.421236753 0.903566718 0.078275017 -7.639060020 0.905619740 0.423723042 -0.017652096 11.767681122
-0.048784021 0.063580655 -0.996783614 -138.936248779 -0.420594424 0.903868973 0.078238510 -7.545475006 0.905936241 0.423058361 -0.017352693 11.728390694
-0.047245506 0.062410336 -0.996931791 -140.190048218 -0.420724928 0.903954566 0.076528281 -7.480089188 0.905957162 0.423049599 -0.016450202 11.695557594
-0.046718773 0.064858302 -0.996800244 -141.446441650 -0.420926183 0.903689384 0.078528173 -7.404663086 0.905891001 0.423248112 -0.014918702 11.662748337
-0.045222428 0.067300156 -0.996707320 -142.690704346 -0.422264934 0.902924180 0.080126606 -7.324695587 0.905343711 0.424498081 -0.012413925 11.647911072
-0.043850038 0.067887060 -0.996728897 -143.936889648 -0.423697948 0.902255595 0.080092646 -7.234395981 0.904741466 0.425824106 -0.010800335 11.614009857
-0.043125596 0.065490015 -0.996920884 -145.181579590 -0.425782710 0.901488304 0.077639669 -7.158035278 0.903797090 0.427819997 -0.010992710 11.581363678
-0.042847034 0.062365130 -0.997133195 -146.447143555 -0.424732834 0.902233303 0.074680544 -7.076606750 0.904304206 0.426715046 -0.012169491 11.551606178
-0.045741010 0.061011486 -0.997088552 -147.751205444 -0.421568960 0.903719425 0.074637569 -7.020496368 0.905641913 0.423755556 -0.015616491 11.561519623
-0.046119768 0.060486816 -0.997102976 -148.991989136 -0.420027286 0.904465199 0.074295022 -6.955554008 0.906338871 0.422236830 -0.016307615 11.535482407
-0.045973189 0.061460607 -0.997050166 -150.211349487 -0.417695999 0.905479908 0.075075611 -6.881287575 0.907423019 0.419915408 -0.015955947 11.485805511
-0.046569973 0.059572395 -0.997137129 -151.456039429 -0.416166991 0.906306088 0.073582359 -6.793712616 0.908094883 0.418402284 -0.017414585 11.473271370
-0.046310775 0.061182693 -0.997051656 -152.675552368 -0.414302558 0.907051682 0.074903384 -6.743731499 0.908960223 0.416549861 -0.016658125 11.416233063
-0.046749447 0.063873067 -0.996862471 -153.906967163 -0.412759930 0.907536209 0.077506602 -6.660880089 0.909639299 0.415088266 -0.016062574 11.381775856
-0.046371557 0.065139532 -0.996798158 -155.143554688 -0.410183460 0.908621848 0.078459285 -6.577210426 0.910823345 0.412508428 -0.015415045 11.350395203
-0.046348710 0.063846968 -0.996882856 -156.358505249 -0.408251345 0.909596145 0.077237658 -6.498317719 0.911692202 0.410558581 -0.016092988 11.318902016
-0.046176981 0.065505028 -0.996783197 -157.589950562 -0.409111083 0.909084737 0.078694284 -6.422502518 0.911315441 0.411428928 -0.015179964 11.293642998
-0.045637697 0.069631554 -0.996528268 -158.833572388 -0.409440726 0.908622384 0.082240231 -6.330017090 0.911194503 0.411772519 -0.012957441 11.267442703
-0.045827117 0.076038525 -0.996051192 -160.046310425 -0.414317518 0.905847192 0.088214606 -6.244777679 0.908977926 0.416724086 -0.010008276 11.230462074
-0.043813672 0.075954095 -0.996148229 -161.281784058 -0.418975770 0.903786957 0.087339602 -6.142890930 0.906939626 0.421188653 -0.007775307 11.187919617
-0.041989677 0.072978392 -0.996449232 -162.486282349 -0.421922863 0.902741790 0.083894946 -6.062862396 0.905658841 0.423947483 -0.007114584 11.146966934
-0.040488455 0.068003535 -0.996863127 -163.697372437 -0.423444539 0.902491510 0.078764305 -5.986012459 0.905016780 0.425305307 -0.007744757 11.124298096
-0.039426416 0.065925218 -0.997045338 -164.915649414 -0.425319970 0.901808679 0.076446645 -5.898100853 0.904183865 0.427077323 -0.007515774 11.101888657
-0.037622202 0.063176900 -0.997292936 -166.126312256 -0.421797007 0.903733671 0.073162071 -5.825984001 0.905909300 0.423407793 -0.007352626 11.071451187
-0.037092432 0.058339480 -0.997607410 -167.345520020 -0.418484718 0.905635357 0.068520859 -5.749162674 0.907466054 0.420025051 -0.009178043 11.048778534
-0.037285637 0.055878431 -0.997741163 -168.514419556 -0.412721306 0.908441126 0.066300601 -5.696501732 0.910093784 0.414261252 -0.010809585 11.020490646
-0.038305901 0.058614217 -0.997545421 -169.745346069 -0.410566986 0.909201622 0.069189109 -5.622166634 0.911025345 0.412209600 -0.010762720 11.010603905
-0.037878226 0.065797247 -0.997113943 -170.954833984 -0.410656244 0.908654034 0.075559936 -5.562658310 0.911003113 0.412333041 -0.007398162 10.974901199
-0.036160689 0.068897888 -0.996968150 -172.167770386 -0.412805617 0.907499909 0.077687703 -5.479918480 0.910101056 0.414363235 -0.004374390 10.951514244
-0.034399621 0.065411180 -0.997265279 -173.369949341 -0.413176566 0.907656729 0.073785797 -5.405534744 0.910000980 0.414584905 -0.004196679 10.924335480
-0.033083457 0.065544657 -0.997300982 -174.577087402 -0.415192276 0.906770349 0.073367961 -5.324895859 0.909132004 0.416498929 -0.002785467 10.898057938
-0.032524798 0.066758685 -0.997238874 -175.779418945 -0.413615882 0.907419920 0.074235924 -5.255038261 0.909870327 0.414888293 -0.001901192 10.875332832
-0.031589121 0.064503886 -0.997417212 -176.964981079 -0.413972974 0.907453299 0.071796738 -5.178858757 0.909740865 0.415171802 -0.001962785 10.853842735
-0.030180048 0.062873349 -0.997565091 -178.138870239 -0.414166033 0.907526553 0.069728553 -5.106474876 0.909700871 0.415261984 -0.001349193 10.842227936
-0.028179003 0.064862989 -0.997496247 -179.272247314 -0.415219933 0.906969190 0.070706241 -5.043712616 0.909284592 0.416172773 0.001374915 10.823704720
-0.027039889 0.067048505 -0.997383237 -180.409515381 -0.415515780 0.906714499 0.072218329 -4.992086411 0.909183979 0.416381240 0.003342251 10.811228752
-0.026101766 0.068286709 -0.997324169 -181.482696533 -0.416499645 0.906204462 0.072948299 -4.928904533 0.908761084 0.417289317 0.004787856 10.783607483
-0.025740800 0.069084704 -0.997278631 -182.532318115 -0.416677296 0.906076431 0.073521718 -4.870108604 0.908689916 0.417435914 0.005462896 10.774118423
-0.026395755 0.070691250 -0.997148871 -183.598587036 -0.415905356 0.906288445 0.075259365 -4.822810173 0.909024775 0.416706115 0.005478693 10.770583153
-0.025852030 0.069680847 -0.997234285 -184.603790283 -0.416320592 0.906192422 0.074111953 -4.765270233 0.908850312 0.417085081 0.005582657 10.757504463
-0.024493678 0.069956236 -0.997249305 -185.570709229 -0.416877747 0.905962467 0.073791564 -4.720273972 0.908632517 0.417538524 0.006972852 10.744689941
-0.022834567 0.070512950 -0.997249424 -186.488449097 -0.418174416 0.905380845 0.073592320 -4.660466194 0.908079743 0.418704718 0.008812737 10.732894897
-0.023729907 0.067488998 -0.997437775 -187.463668823 -0.416913658 0.906150758 0.071231022 -4.602158546 0.908636272 0.417535692 0.006634208 10.735726357
-0.026814675 0.064573459 -0.997552633 -188.376251221 -0.414449394 0.907385826 0.069877371 -4.557004929 0.909677207 0.415308803 0.002431177 10.727033615
-0.031877406 0.061128840 -0.997620642 -189.291320801 -0.414061308 0.907641709 0.068846084 -4.510575294 0.909690559 0.415270805 -0.003622173 10.714489937
-0.036608718 0.057745725 -0.997659802 -190.203460693 -0.415435940 0.907096088 0.067748018 -4.456250191 0.908885479 0.416943967 -0.009217977 10.693922043
-0.039636396 0.058868174 -0.997478485 -191.142349243 -0.416853279 0.906270623 0.070049673 -4.406086922 0.908109188 0.418578684 -0.011381906 10.699106216
-0.041885953 0.059722692 -0.997335851 -192.049179077 -0.418500036 0.905374885 0.071791969 -4.348644257 0.907250464 0.420392156 -0.012928535 10.660295486
-0.045866627 0.059548497 -0.997171044 -192.941284180 -0.417854190 0.905552566 0.073297203 -4.302295685 0.907355547 0.420034021 -0.016652049 10.615004539
-0.046614416 0.060890682 -0.997055352 -193.845932007 -0.415403575 0.906557798 0.074784942 -4.239710808 0.908442080 0.417666405 -0.016964454 10.584699631
-0.046009984 0.065992206 -0.996758819 -194.803268433 -0.411593467 0.907927513 0.079109982 -4.191650391 0.910205364 0.413899302 -0.014611768 10.617296219
-0.046616457 0.064623103 -0.996820331 -195.694931030 -0.412430495 0.907632649 0.078128532 -4.129330635 0.909795582 0.414761305 -0.015658079 10.586004257
-0.046975967 0.063992672 -0.996844113 -196.597625732 -0.413525820 0.907168984 0.077723220 -4.075264931 0.909279764 0.415871859 -0.016152518 10.553480148
-0.046533022 0.062772200 -0.996942401 -197.490371704 -0.417025000 0.905670643 0.076490231 -4.006028175 0.907703042 0.419309258 -0.015966019 10.520396233
-0.045184255 0.062624365 -0.997013807 -198.399322510 -0.418432206 0.905078530 0.075812906 -3.963380814 0.907123387 0.420608312 -0.014691241 10.485876083
-0.044618700 0.059725333 -0.997217178 -199.307327271 -0.418397427 0.905330420 0.072942495 -3.909592628 0.907167435 0.420487732 -0.015405733 10.469088554
-0.043825530 0.057407543 -0.997388422 -200.218215942 -0.418608546 0.905425549 0.070508130 -3.851274490 0.907108665 0.420605451 -0.015649466 10.438740730
-0.042838696 0.057042804 -0.997452259 -201.140838623 -0.418626577 0.905475080 0.069761984 -3.792392731 0.907147527 0.420548558 -0.014909739 10.407964706
-0.042439595 0.060259413 -0.997280121 -202.072067261 -0.416229516 0.906366169 0.072478846 -3.747574806 0.908268571 0.418173432 -0.013384065 10.389336586
-0.042227346 0.061716367 -0.997200012 -203.007034302 -0.415614069 0.906549692 0.073705606 -3.692997932 0.908560216 0.417562783 -0.012631000 10.365005493
-0.041182887 0.058262613 -0.997451484 -203.939743042 -0.411149710 0.908871233 0.070064105 -3.637114525 0.910637081 0.412987322 -0.013475286 10.345278740
-0.041259851 0.055281226 -0.997618020 -204.877761841 -0.409702897 0.909728944 0.067355663 -3.584041595 0.911285460 0.411506057 -0.014886403 10.325585365
-0.034513425 0.056249928 -0.997819960 -205.818313599 -0.412918746 0.908410072 0.065492019 -3.508259773 0.910113692 0.414278924 -0.008125690 10.281521797
-0.033123482 0.060084388 -0.997643590 -206.775756836 -0.414247453 0.907589376 0.068414494 -3.452081680 0.909561276 0.415537477 -0.005172713 10.264331818
-0.024024151 0.061806601 -0.997798979 -207.782958984 -0.410191864 0.909592032 0.066219054 -3.401134491 0.911682785 0.410879880 0.003500386 10.302253723
-0.016008740 0.065548591 -0.997721076 -208.792572021 -0.408241212 0.910458505 0.066365957 -3.335451126 0.912733734 0.408373266 0.012184350 10.302845001
-0.014896635 0.070452802 -0.997403800 -209.778594971 -0.408635199 0.909980118 0.070380665 -3.282056808 0.912576199 0.408622772 0.015233864 10.298316956
-0.012518516 0.073961280 -0.997182429 -210.764953613 -0.406032175 0.910965323 0.072663806 -3.217096329 0.913773060 0.405797809 0.018626723 10.295781136
-0.011828149 0.074674480 -0.997137845 -211.767059326 -0.405623138 0.911117196 0.073044062 -3.158814430 0.913963914 0.405326128 0.019512873 10.315427780
-0.009069189 0.074780777 -0.997158766 -212.776596069 -0.408391714 0.909966230 0.071956202 -3.083148003 0.912761748 0.407883912 0.022287192 10.316782951
-0.018981384 0.063890621 -0.997776389 -213.793380737 -0.400944829 0.913711905 0.066135168 -3.035155296 0.915905535 0.401308596 0.008273091 10.229903221
-0.013825493 0.064064167 -0.997850060 -214.811233521 -0.402387053 0.913215339 0.064205632 -2.969923973 0.915365219 0.402409643 0.013152940 10.209197998
