0.999995589 -0.001219382 -0.002687471 -0.018428795 0.001206343 0.999987483 -0.004848066 0.030634115 0.002693349 0.004844803 0.999984622 1.198810935
0.999986887 -0.001643449 -0.004818323 -0.021434210 0.001613787 0.999979734 -0.006153732 0.014787811 0.004828339 0.006145875 0.999969423 1.791043043
0.999971330 -0.003466879 -0.006739536 -0.031000186 0.003410867 0.999959648 -0.008304745 0.010971906 0.006768055 0.008281519 0.999942839 2.376222134
0.999947906 -0.005755293 -0.008433335 -0.034473784 0.005666978 0.999929249 -0.010458628 0.000148753 0.008492934 0.010410292 0.999909818 2.964437246
0.999927938 -0.006791246 -0.009901772 -0.041575294 0.006678391 0.999912858 -0.011386209 -0.008428365 0.009978237 0.011319258 0.999886155 3.559383154
0.999913931 -0.006783210 -0.011226662 -0.058228567 0.006663412 0.999920845 -0.010673680 -0.024831463 0.011298176 0.010597952 0.999880075 4.162665367
0.999895632 -0.007218795 -0.012507394 -0.067814551 0.007078998 0.999912381 -0.011185591 -0.040497381 0.012587045 0.011095881 0.999859214 4.773537636
0.999884069 -0.006632398 -0.013701562 -0.081285343 0.006443097 0.999883771 -0.013814397 -0.059160206 0.013791594 0.013724516 0.999810696 5.387978554
0.999859631 -0.005221674 -0.015916402 -0.083312802 0.004945033 0.999836862 -0.017371032 -0.067002729 0.016004514 0.017289888 0.999722421 5.640422344
0.999858201 -0.003848305 -0.016391581 -0.111364238 0.003501573 0.999770582 -0.021129573 -0.095588841 0.016469136 0.021069182 0.999642551 6.637950420
0.999815583 -0.002448377 -0.019045144 -0.112167753 0.002046193 0.999775052 -0.021108329 -0.102289818 0.019092541 0.021065466 0.999595821 6.952256203
0.999825239 0.000319034 -0.018688990 -0.152202353 -0.000590108 0.999894679 -0.014500760 -0.119213238 0.018682396 0.014509260 0.999720216 7.959491253
0.999787033 0.000894400 -0.020614369 -0.154119074 -0.000961954 0.999994159 -0.003267334 -0.133522898 0.020611325 0.003286471 0.999782205 8.320928574
0.999789298 0.001798258 -0.020447841 -0.190650985 -0.001750146 0.999995589 0.002370626 -0.142750144 0.020452023 -0.002334341 0.999788105 9.351515770
0.999731839 0.004170086 -0.022776823 -0.197190106 -0.004135267 0.999990165 0.001575662 -0.155224070 0.022783171 -0.001481054 0.999739349 9.765754700
0.999732792 0.006045001 -0.022308912 -0.241994262 -0.006166601 0.999966502 -0.005385928 -0.173660010 0.022275608 0.005522061 0.999736607 10.767322540
0.999686360 0.006038461 -0.024300918 -0.251275450 -0.006321008 0.999913156 -0.011566973 -0.175503016 0.024228962 0.011716954 0.999637783 11.219435692
0.999692500 0.003419452 -0.024556549 -0.287642658 -0.003666957 0.999942839 -0.010040970 -0.177309394 0.024520813 0.010127931 0.999648035 12.264527321
0.999680579 0.002517260 -0.025141019 -0.300788194 -0.002533053 0.999996603 -0.000596307 -0.184932351 0.025139434 0.000659799 0.999683738 12.776235580
0.999677062 0.001917652 -0.025335962 -0.336471677 -0.001755891 0.999977946 0.006405375 -0.190712422 0.025347691 -0.006358822 0.999658525 13.852008820
0.999648988 0.000999780 -0.026474908 -0.350626200 -0.000769400 0.999961734 0.008710572 -0.191977516 0.026482606 -0.008687148 0.999611557 14.405776024
0.999660492 -0.000842177 -0.026039280 -0.383573174 0.001042252 0.999970078 0.007670913 -0.197634086 0.026032047 -0.007695450 0.999631464 15.493025780
0.999659657 -0.001350470 -0.026052136 -0.397976786 0.001484274 0.999985814 0.005117287 -0.197581232 0.026044859 -0.005154214 0.999647498 16.105878830
0.999680102 0.001043520 -0.025267784 -0.435171157 -0.001002393 0.999998212 0.001640292 -0.199641645 0.025269454 -0.001614437 0.999679327 17.201965332
0.999689102 -0.001422189 -0.024892367 -0.451828390 0.001328844 0.999992073 -0.003766088 -0.210541368 0.024897531 0.003731841 0.999682963 17.878479004
0.999712467 -0.004729575 -0.023506699 -0.479128301 0.004490038 0.999937534 -0.010232369 -0.220689982 0.023553617 0.010123882 0.999671340 18.974294662
0.999731481 -0.003839693 -0.022849912 -0.498320311 0.003477712 0.999868095 -0.015860271 -0.226712286 0.022907794 0.015776549 0.999613166 19.699913025
0.999745786 -0.001853358 -0.022467475 -0.531380177 0.001477683 0.999859035 -0.016725797 -0.254671365 0.022495313 0.016688347 0.999607742 20.822877884
0.999719620 -0.001768562 -0.023608550 -0.545294046 0.001393428 0.999872684 -0.015896609 -0.275953770 0.023633659 0.015859257 0.999594986 21.598176956
0.999712825 -0.000597092 -0.023955218 -0.565125883 0.000181452 0.999849439 -0.017349001 -0.296223283 0.023961971 0.017339671 0.999562562 22.378009796
0.999750316 0.002539236 -0.022197345 -0.628422260 -0.002975218 0.999803007 -0.019630244 -0.328118593 0.022143122 0.019691387 0.999560952 23.716827393
0.999738455 0.005113835 -0.022287907 -0.662886322 -0.005583672 0.999762416 -0.021069331 -0.340927213 0.022174871 0.021188270 0.999529600 24.545740128
0.999711573 0.007890850 -0.022676721 -0.682385385 -0.008357740 0.999753416 -0.020568453 -0.384277284 0.022508828 0.020752043 0.999531269 25.675544739
0.999701321 0.008337964 -0.022968166 -0.710148275 -0.008817838 0.999743223 -0.020871542 -0.409953713 0.022788243 0.021067835 0.999518335 26.550207138
0.999679863 0.008501814 -0.023829129 -0.727767944 -0.008996024 0.999745011 -0.020709854 -0.444229126 0.023646979 0.020917591 0.999501526 27.478668213
0.999666095 0.009442182 -0.024047367 -0.760165393 -0.009907642 0.999764383 -0.019310897 -0.484988600 0.023859361 0.019542705 0.999524236 28.697053909
0.999624908 0.009710521 -0.025604963 -0.766618848 -0.010152616 0.999800563 -0.017192759 -0.516320646 0.025432911 0.017446266 0.999524355 29.618038177
0.999647021 0.010636106 -0.024342345 -0.824657202 -0.011034673 0.999806225 -0.016298041 -0.546816587 0.024164291 0.016560897 0.999570847 30.746517181
0.999623775 0.010741382 -0.025234113 -0.841945112 -0.011165845 0.999797344 -0.016740788 -0.581996202 0.025049184 0.017016245 0.999541461 31.700653076
0.999599636 0.011861172 -0.025684085 -0.874246776 -0.012331062 0.999757946 -0.018214522 -0.604824066 0.025461823 0.018523943 0.999504209 32.643558502
0.999617398 0.011760018 -0.025032302 -0.921785116 -0.012199469 0.999772847 -0.017475570 -0.636866689 0.024821103 0.017774265 0.999533951 33.859756470
0.999607146 0.011226956 -0.025681980 -0.953910172 -0.011615410 0.999819636 -0.015026588 -0.667947769 0.025508650 0.015318991 0.999557257 34.849563599
0.999594390 0.011619542 -0.026000366 -0.989058852 -0.011915133 0.999865830 -0.011242772 -0.696338713 0.025866240 0.011548006 0.999598682 35.972888947
0.999564528 0.011598716 -0.027131304 -1.012253761 -0.011847966 0.999888897 -0.009044049 -0.723058343 0.027023386 0.009361560 0.999590933 36.977088928
0.999551237 0.010848243 -0.027921401 -1.040070653 -0.011084381 0.999903977 -0.008316315 -0.750911474 0.027828509 0.008622074 0.999575496 38.004928589
0.999560416 0.010631181 -0.027671766 -1.094169021 -0.010924506 0.999885499 -0.010470548 -0.766135037 0.027557289 0.010768244 0.999562263 39.223709106
0.999503136 0.011934325 -0.029171361 -1.120273471 -0.012281445 0.999855459 -0.011749238 -0.778500319 0.029026931 0.012101663 0.999505460 40.265823364
0.999506593 0.011440402 -0.029250978 -1.168073177 -0.011731511 0.999883235 -0.009799968 -0.814790368 0.029135443 0.010138292 0.999523997 41.401454926
0.999466121 0.011598183 -0.030543126 -1.200262904 -0.011850162 0.999897122 -0.008081905 -0.840245366 0.030446252 0.008439530 0.999500751 42.430084229
0.999442160 0.011508139 -0.031352587 -1.240176916 -0.011691145 0.999915600 -0.005659978 -0.862330675 0.031284820 0.006023368 0.999492347 43.479904175
0.999450862 0.013222451 -0.030380324 -1.306045771 -0.013409866 0.999892354 -0.005973484 -0.886798978 0.030298075 0.006377603 0.999520540 44.666862488
0.999403179 0.014333008 -0.031429820 -1.342604995 -0.014655777 0.999842048 -0.010063258 -0.910385609 0.031280618 0.010517882 0.999455333 45.688034058
0.999394298 0.015521461 -0.031144721 -1.395980716 -0.015960339 0.999776065 -0.013892788 -0.935566962 0.030922119 0.014381455 0.999418318 46.728771210
0.999385238 0.015966941 -0.031207927 -1.427742243 -0.016417893 0.999763668 -0.014247458 -0.968789339 0.030973064 0.014751066 0.999411523 47.938316345
0.999353886 0.016727226 -0.031810064 -1.467395663 -0.017097402 0.999788821 -0.011400815 -1.000074625 0.031612642 0.011937320 0.999428928 48.992221832
0.999388039 0.016999330 -0.030565085 -1.518818855 -0.017301850 0.999803662 -0.009660643 -1.025008798 0.030394848 0.010183568 0.999486089 50.126266479
0.999400258 0.016013600 -0.030700244 -1.556170583 -0.016294610 0.999827445 -0.008925159 -1.050697923 0.030552024 0.009420055 0.999488831 51.171951294
0.999417901 0.015344268 -0.030465851 -1.587550044 -0.015637685 0.999833405 -0.009416111 -1.080009460 0.030316290 0.009887046 0.999491513 52.199008942
0.999445856 0.013745464 -0.030314919 -1.626800537 -0.014089182 0.999838591 -0.011153776 -1.103735209 0.030156713 0.011574711 0.999478161 53.385158539
0.999466836 0.013074353 -0.029917799 -1.655756235 -0.013494520 0.999812603 -0.013885544 -1.122216463 0.029730653 0.014281869 0.999455869 54.408016205
0.999467432 0.012434151 -0.030169129 -1.700961232 -0.012925220 0.999786198 -0.016137239 -1.159640789 0.029962027 0.016518587 0.999414563 55.560180664
0.999485850 0.010858066 -0.030163921 -1.735592484 -0.011455685 0.999740124 -0.019710666 -1.193806171 0.029942062 0.020046087 0.999350548 56.596237183
0.999509990 0.008780153 -0.030043397 -1.760258317 -0.009423633 0.999727786 -0.021344256 -1.232444167 0.029847814 0.021616917 0.999320686 57.625701904
0.999544442 0.007413167 -0.029256403 -1.812324405 -0.007981603 0.999780715 -0.019360753 -1.261821866 0.029106472 0.019585447 0.999384403 58.821014404
0.999541938 0.005331320 -0.029789988 -1.839507103 -0.005730909 0.999894559 -0.013344249 -1.293196559 0.029715711 0.013508860 0.999467015 59.886409760
0.999565840 0.005009160 -0.029034223 -1.882949114 -0.005231968 0.999957383 -0.007602970 -1.323448420 0.028994905 0.007751571 0.999549508 60.990158081
0.999576807 0.003141340 -0.028919006 -1.914504290 -0.003348940 0.999968946 -0.007132925 -1.348443151 0.028895706 0.007226750 0.999556303 62.047481537
0.999587595 0.000181065 -0.028713766 -1.954033613 -0.000462585 0.999951839 -0.009798049 -1.377044559 0.028710615 0.009807291 0.999539673 63.160823822
0.999596238 -0.001069362 -0.028394852 -1.995056748 0.000707623 0.999918520 -0.012746606 -1.410325408 0.028406173 0.012721366 0.999515533 64.224876404
0.999580264 0.001242330 -0.028942561 -2.022063971 -0.001734587 0.999854207 -0.016989179 -1.442795038 0.028917234 0.017032253 0.999436677 65.300270081
0.999602079 0.001217264 -0.028179035 -2.078980446 -0.001831437 0.999761045 -0.021779831 -1.462104797 0.028145792 0.021822777 0.999365568 66.417114258
0.999619126 0.003955998 -0.027309939 -2.123642921 -0.004567502 0.999739408 -0.022365367 -1.500270605 0.027214348 0.022481589 0.999376774 67.480049133
0.999617100 0.007343697 -0.026674444 -2.162941933 -0.007857765 0.999784410 -0.019218549 -1.528801203 0.026527556 0.019420799 0.999459386 68.599563599
0.999618411 0.008935529 -0.026135422 -2.205923080 -0.009373333 0.999816954 -0.016677080 -1.573877931 0.025981624 0.016915694 0.999519289 69.669151306
0.999617577 0.008416153 -0.026339717 -2.236558437 -0.008853323 0.999824166 -0.016524898 -1.593949556 0.026196018 0.016751774 0.999516428 70.775886536
0.999621451 0.005693607 -0.026921192 -2.254338026 -0.006116559 0.999858677 -0.015654519 -1.626327991 0.026828265 0.015813256 0.999514937 71.840499878
0.999624550 0.005284460 -0.026889456 -2.298023462 -0.005682795 0.999874949 -0.014758910 -1.653869152 0.026808109 0.014906174 0.999529421 72.937507629
0.999623537 0.003376554 -0.027226720 -2.327023983 -0.003732114 0.999908268 -0.013018952 -1.677741885 0.027180264 0.013115663 0.999544501 74.021759033
0.999597907 0.002309507 -0.028260162 -2.358093023 -0.002615900 0.999938130 -0.010809626 -1.731479168 0.028233454 0.010879204 0.999542177 75.092262268
0.999603331 0.002013135 -0.028094044 -2.409702301 -0.002350821 0.999925256 -0.011991901 -1.760708928 0.028067810 0.012053191 0.999533355 76.201370239
0.999576867 0.002526798 -0.028979335 -2.436783314 -0.002987312 0.999869645 -0.015858803 -1.797729969 0.028935490 0.015938666 0.999454260 77.266761780
0.999563754 0.003097339 -0.029372521 -2.484134436 -0.003634875 0.999826550 -0.018265041 -1.821762919 0.029310852 0.018363835 0.999401689 78.340202332
0.999532044 0.004864810 -0.030202633 -2.515650511 -0.005364906 0.999849498 -0.016499095 -1.858954787 0.030117821 0.016653407 0.999407649 79.406044006
0.999524057 0.006246084 -0.030211603 -2.571265936 -0.006630112 0.999898314 -0.012627762 -1.883655548 0.030129658 0.012822058 0.999463797 80.484863281
0.999500632 0.007050597 -0.030802354 -2.618708611 -0.007315096 0.999937236 -0.008482703 -1.922985792 0.030740617 0.008703789 0.999489605 81.522415161
0.999475062 0.009090102 -0.031095112 -2.658311844 -0.009358993 0.999919891 -0.008512777 -1.937255383 0.031015245 0.008799327 0.999480128 82.618537903
0.999451876 0.008330820 -0.032040261 -2.691623211 -0.008681286 0.999903798 -0.010814829 -1.962250710 0.031947084 0.011087051 0.999428034 83.659660339
0.999438405 0.008709747 -0.032356877 -2.735095501 -0.009086349 0.999892473 -0.011510288 -1.994327545 0.032253150 0.011797829 0.999410093 84.721244812
0.999430478 0.008626202 -0.032623231 -2.777131557 -0.009010194 0.999891639 -0.011641855 -2.027290821 0.032519273 0.011929166 0.999399900 85.756263733
0.999397039 0.006736270 -0.034062017 -2.805148840 -0.007136476 0.999906778 -0.011641364 -2.052923918 0.033980422 0.011877427 0.999351919 86.784812927
0.999394119 0.005587128 -0.034354575 -2.843046427 -0.005954611 0.999926031 -0.010603696 -2.078294039 0.034292787 0.010801840 0.999353409 87.791114807
0.999355674 0.005534023 -0.035462637 -2.879034519 -0.005805495 0.999954522 -0.007556709 -2.114858150 0.035419211 0.007757717 0.999342442 88.802597046
0.999330401 0.005204069 -0.036218043 -2.919812918 -0.005441640 0.999964297 -0.006463920 -2.150214195 0.036183123 0.006656677 0.999323010 89.771659851
0.999259710 0.004217062 -0.038236927 -2.966066599 -0.004482775 0.999966443 -0.006866042 -2.165275574 0.038206682 0.007032366 0.999245167 90.715950012
0.999107480 0.003656396 -0.042077318 -2.997674942 -0.003967163 0.999965549 -0.007304461 -2.202635050 0.042049155 0.007464871 0.999087691 91.638488770
0.998983324 0.003534601 -0.044942226 -3.055990219 -0.003924957 0.999955237 -0.008600445 -2.224753141 0.044909827 0.008768096 0.998952627 92.538108826
0.998853266 0.004032446 -0.047704596 -3.109639645 -0.004447513 0.999953091 -0.008597823 -2.246811152 0.047667690 0.008800128 0.998824596 93.420539856
0.998682976 0.005091296 -0.051051468 -3.161294460 -0.005458103 0.999960184 -0.007048120 -2.276985884 0.051013559 0.007317483 0.998671293 94.272949219
0.998541594 0.006259491 -0.053621918 -3.218564987 -0.006601696 0.999958873 -0.006207042 -2.299664497 0.053580865 0.006551989 0.998542011 95.108352661
0.998365462 0.006771239 -0.056748968 -3.269951105 -0.007073061 0.999961853 -0.005119344 -2.314316034 0.056712136 0.005512364 0.998375356 95.898460388
0.998249471 0.008474207 -0.058532968 -3.342161417 -0.008749321 0.999951899 -0.004445396 -2.335181713 0.058492478 0.004949737 0.998275578 96.678070068
0.998033822 0.010897243 -0.061723962 -3.381633997 -0.011165759 0.999929547 -0.004006962 -2.354304314 0.061675970 0.004688275 0.998085260 97.420677185
0.997843206 0.012835181 -0.064373501 -3.440108538 -0.013184903 0.999900460 -0.005010755 -2.381601334 0.064302795 0.005848703 0.997913361 98.143554688
0.997706115 0.013945078 -0.066241361 -3.506219387 -0.014559796 0.999855220 -0.008806236 -2.404287100 0.066108979 0.009750495 0.997764826 98.828849792
0.997444630 0.016129054 -0.069600053 -3.544723034 -0.017058600 0.999772787 -0.012781843 -2.416446209 0.069378093 0.013936458 0.997493088 99.467170715
0.997269154 0.018115392 -0.071595423 -3.599735498 -0.019281574 0.999691904 -0.015631035 -2.439902306 0.071290202 0.016968820 0.997311294 100.086791992
0.997179389 0.019897491 -0.072369263 -3.651150942 -0.021148769 0.999639094 -0.016565185 -2.458679676 0.072013542 0.018048981 0.997240365 100.695045471
0.997182846 0.022400990 -0.071585260 -3.700530291 -0.023613831 0.999590814 -0.016141446 -2.477177143 0.071194381 0.017786380 0.997303843 101.267723083
0.997332990 0.026087889 -0.068165012 -3.753205538 -0.027139962 0.999525666 -0.014553798 -2.501698017 0.067752987 0.016364977 0.997567892 101.823272705
0.997609615 0.028536361 -0.062933862 -3.784774780 -0.029430695 0.999477863 -0.013329661 -2.522160530 0.062520608 0.015149986 0.997928798 102.357704163
0.998010695 0.029648703 -0.055637602 -3.814648151 -0.030311070 0.999478817 -0.011098928 -2.541264057 0.055279553 0.012763283 0.998389304 102.846824646
0.998506427 0.029579246 -0.045933586 -3.828922510 -0.030000957 0.999513566 -0.008518592 -2.561987638 0.045659274 0.009883919 0.998908162 103.342559814
0.999001801 0.028896069 -0.034064144 -3.840888262 -0.029160606 0.999548137 -0.007294572 -2.580496311 0.033837974 0.008280624 0.999392927 103.817687988
0.999383867 0.028080653 -0.021054305 -3.839567661 -0.028247055 0.999571621 -0.007648244 -2.588122129 0.020830521 0.008238252 0.999749064 104.248733521
0.999594927 0.027858885 -0.005815281 -3.832914352 -0.027907908 0.999574125 -0.008525914 -2.602601528 0.005575281 0.008684751 0.999946773 104.680229187
0.999565303 0.026531780 0.012857674 -3.824364901 -0.026386937 0.999587774 -0.011307118 -2.624763250 -0.013152368 0.010962928 0.999853373 105.100105286
0.999099255 0.026246099 0.033342194 -3.787882566 -0.025712270 0.999535859 -0.016339883 -2.634997845 -0.033755578 0.015467864 0.999310374 105.487586975
0.998065948 0.024231136 0.057245821 -3.738685608 -0.023024680 0.999500632 -0.021641530 -2.644812107 -0.057741635 0.020281609 0.998125434 105.887313843
0.996153116 0.021885326 0.084850810 -3.685375214 -0.019893223 0.999507904 -0.024252694 -2.664246798 -0.085339844 0.022471443 0.996098459 106.288978577
0.993217766 0.019592682 0.114606336 -3.618808746 -0.016773432 0.999533772 -0.025512349 -2.678079844 -0.115052760 0.023416976 0.993083298 106.646560669
0.988895178 0.016987249 0.147640884 -3.541010857 -0.013182049 0.999556243 -0.026713781 -2.705421925 -0.148029134 0.024470922 0.988680184 107.029571533
0.982979953 0.014765122 0.183118254 -3.438724518 -0.009662598 0.999540567 -0.028725712 -2.717298031 -0.183458269 0.026467402 0.982671142 107.394981384
0.975097001 0.011284868 0.221491054 -3.336135864 -0.004865647 0.999552667 -0.029506134 -2.730917215 -0.221724972 0.027693644 0.974715889 107.724067688
0.965173304 0.009216062 0.261448711 -3.213781357 -0.001273916 0.999532938 -0.030530684 -2.746346474 -0.261608034 0.029134339 0.964734375 108.058715820
0.952737093 0.010278634 0.303622037 -3.088500977 -0.000861221 0.999514759 -0.031134535 -2.770392179 -0.303794771 0.029401539 0.952283740 108.390983582
0.937413454 0.012493123 0.347994417 -2.944999695 -0.001609518 0.999500930 -0.031546786 -2.788754463 -0.348214954 0.029012276 0.936965704 108.708061218
0.919623375 0.012442910 0.392604232 -2.783241272 -0.000992867 0.999568582 -0.029353935 -2.813999414 -0.392800122 0.026604762 0.919238985 109.017517090
0.899286509 0.012014826 0.437194973 -2.606243134 0.000771824 0.999577403 -0.029057605 -2.818487406 -0.437359393 0.026468551 0.898897231 109.310890198
0.875923932 0.010942267 0.482325077 -2.408657074 0.003562670 0.999568820 -0.029146688 -2.838961840 -0.482436001 0.027248647 0.875507295 109.609756470
0.850971878 0.011732011 0.525080204 -2.200618744 0.005430245 0.999500453 -0.031132653 -2.856253147 -0.525183141 0.029344324 0.850483179 109.873016357
0.823429227 0.013712593 0.567253232 -1.991569519 0.006762105 0.999399781 -0.033975098 -2.878745556 -0.567378640 0.031811912 0.822842538 110.117805481
0.792490005 0.018182421 0.609613836 -1.754249573 0.006661613 0.999237835 -0.038463421 -2.893325567 -0.609848499 0.034542888 0.791764975 110.386619568
0.758300960 0.024599362 0.651440322 -1.519878387 0.003555831 0.999116957 -0.041867264 -2.909620523 -0.651894987 0.034064401 0.757543862 110.627517700
0.720833600 0.029323418 0.692487717 -1.244850159 0.002426720 0.998991728 -0.044828404 -2.920032740 -0.693104148 0.033994291 0.720035672 110.875625610
0.681744814 0.029748011 0.730984986 -0.943962097 0.004342261 0.998990834 -0.044704478 -2.947093725 -0.731577277 0.033651169 0.680927694 111.101905823
0.640418649 0.027096175 0.767547905 -0.662742615 0.008950820 0.999046266 -0.042736884 -2.962286711 -0.767973840 0.034239680 0.639565349 111.282760620
0.596550465 0.025098896 0.802183032 -0.330959320 0.011046981 0.999159455 -0.039477129 -2.974159479 -0.802499533 0.032411799 0.595771849 111.479087830
0.550985515 0.023428716 0.834185839 0.020874023 0.012982692 0.999244213 -0.036639657 -2.988394022 -0.834413826 0.031017900 0.550264955 111.657562256
0.501610458 0.021482619 0.864826739 0.320003510 0.014451695 0.999344051 -0.033206243 -3.001187563 -0.864972830 0.029154815 0.500970960 111.804565430
0.450757504 0.017558528 0.892473698 0.676166534 0.017516488 0.999440074 -0.028509956 -3.020269871 -0.892474592 0.028484084 0.450197518 111.941902161
0.399087906 0.017945988 0.916737199 1.037654877 0.015640618 0.999529839 -0.026375653 -3.035266399 -0.916779280 0.024864540 0.398619652 112.069412231
0.348424166 0.022135798 0.937075615 1.441184998 0.012989555 0.999511063 -0.028440457 -3.058869839 -0.937246919 0.022081539 0.347966373 112.178428650
0.297116131 0.028071387 0.954428732 1.793300629 0.012177276 0.999374986 -0.033184163 -3.062544346 -0.954763770 0.021481888 0.296588689 112.270690918
0.250399679 0.029998643 0.967677712 2.230045319 0.014218464 0.999298036 -0.034658119 -3.077440739 -0.968038201 0.022437271 0.249797434 112.349769592
0.209485412 0.029716399 0.977360070 2.603290558 0.021921933 0.999144077 -0.035077438 -3.095270634 -0.977566063 0.028773833 0.208654672 112.391685486
0.173662528 0.029522886 0.984362602 3.075647354 0.030672863 0.998903394 -0.035370335 -3.110113382 -0.984327495 0.036335722 0.172566518 112.445732117
0.143880814 0.030973472 0.989110112 3.472831726 0.034149244 0.998759389 -0.036243152 -3.123724461 -0.989005685 0.038992058 0.142644629 112.469589233
0.115103461 0.029069208 0.992928028 3.979144096 0.032296669 0.998933792 -0.032988966 -3.151238441 -0.992828429 0.035865407 0.114041917 112.523292542
0.090280615 0.026009154 0.995576680 4.423267365 0.026511189 0.999241889 -0.028508987 -3.159761906 -0.995563447 0.028967731 0.089522660 112.553329468
0.065350875 0.022233389 0.997614622 4.971642971 0.020964693 0.999500394 -0.023648757 -3.180419683 -0.997642040 0.022460150 0.064852111 112.593635559
0.043710086 0.019471472 0.998854518 5.440547943 0.025728825 0.999456465 -0.020609107 -3.199235439 -0.998712897 0.026600176 0.043185350 112.589614868
0.023470119 0.019976635 0.999524951 6.030643463 0.033933535 0.999208272 -0.020767108 -3.226631165 -0.999148428 0.034404822 0.022773663 112.580238342
0.005973184 0.022409664 0.999731004 6.524539471 0.038177818 0.999014914 -0.022621723 -3.243484020 -0.999253154 0.038302671 0.005111745 112.571716309
-0.008810656 0.027773496 0.999575496 7.147971630 0.037225533 0.998930454 -0.027427461 -3.264899731 -0.999268115 0.036968067 -0.009835117 112.566764832
-0.019053852 0.032462031 0.999291241 7.680832863 0.036107332 0.998843133 -0.031759009 -3.271859407 -0.999166250 0.035476606 -0.020203926 112.546699524
-0.025649495 0.032335568 0.999147773 8.360358238 0.038582273 0.998764038 -0.031332687 -3.288184643 -0.998926163 0.037745722 -0.026865374 112.534347534
-0.027869228 0.029376825 0.999179840 8.909996033 0.044905238 0.998595774 -0.028107153 -3.306486130 -0.998602450 0.044085082 -0.029149264 112.498832703
-0.027047746 0.027404312 0.999258399 9.613293648 0.046135075 0.998593271 -0.026137289 -3.338461637 -0.998569012 0.045393907 -0.028273996 112.469558716
-0.025241757 0.027331509 0.999307692 10.219808578 0.045437925 0.998624384 -0.026165096 -3.352484465 -0.998648226 0.044746015 -0.026448928 112.461372375
-0.023773471 0.027229186 0.999346435 10.955109596 0.042295042 0.998761415 -0.026207084 -3.384982586 -0.998822331 0.041644361 -0.024895687 112.450531006
-0.022397963 0.028712085 0.999336660 11.581783295 0.041032676 0.998771608 -0.027776185 -3.402212143 -0.998906672 0.040383335 -0.023548584 112.435386658
-0.021745367 0.029397158 0.999331176 12.339176178 0.040509041 0.998772681 -0.028499251 -3.432431221 -0.998942554 0.039862227 -0.022909530 112.426422119
-0.020687789 0.029178767 0.999360085 13.021499634 0.040217038 0.998789251 -0.028329564 -3.453135014 -0.998976767 0.039605234 -0.021836225 112.411994934
-0.019991489 0.028191365 0.999402642 13.823711395 0.038888238 0.998867869 -0.027398381 -3.474012613 -0.999043465 0.038317274 -0.021065170 112.395668030
-0.019585708 0.026537763 0.999455810 14.517124176 0.039808601 0.998875678 -0.025742255 -3.511108160 -0.999015272 0.039282758 -0.020620121 112.386947632
-0.020368394 0.023901554 0.999506772 15.345424652 0.040331211 0.998920083 -0.023065642 -3.550237894 -0.998978734 0.039841510 -0.021310376 112.375297546
-0.021181429 0.022579866 0.999520600 16.058219910 0.038121857 0.999036074 -0.021761060 -3.568474770 -0.999048591 0.037642650 -0.022021800 112.359619141
-0.022330856 0.021468814 0.999520063 16.902381897 0.037198633 0.999094903 -0.020628609 -3.591822624 -0.999058366 0.036720131 -0.023109257 112.340744019
-0.023465015 0.019146640 0.999541342 17.635044098 0.039515901 0.999053061 -0.018209619 -3.615081787 -0.998943448 0.039070480 -0.024199391 112.323730469
-0.024487739 0.018141370 0.999535501 18.484943390 0.040995043 0.999012589 -0.017127534 -3.630067110 -0.998859286 0.040556591 -0.025207262 112.302734375
-0.026182147 0.016901940 0.999514341 19.357872009 0.038155567 0.999145389 -0.015896223 -3.670974493 -0.998928845 0.037720844 -0.026804673 112.284042358
-0.027315119 0.021628866 0.999392807 20.039093018 0.035256922 0.999164701 -0.020660294 -3.691065311 -0.999004960 0.034671176 -0.028054869 112.274742126
-0.027988534 0.026361994 0.999260545 20.910268784 0.036406964 0.999015868 -0.025335805 -3.719790459 -0.998945117 0.035670929 -0.028920745 112.248458862
-0.029365227 0.028124692 0.999172986 21.676889420 0.036686808 0.998960912 -0.027040517 -3.745144844 -0.998895228 0.035862423 -0.030366519 112.236328125
-0.030843442 0.026190909 0.999180973 22.560474396 0.033032272 0.999137402 -0.025170099 -3.776504993 -0.998978138 0.032228895 -0.031681977 112.216644287
-0.031857617 0.021622920 0.999258459 23.338937759 0.030356962 0.999325633 -0.020656556 -3.807845116 -0.999031246 0.029676385 -0.032492548 112.200912476
-0.032181628 0.016326487 0.999348700 24.216859818 0.028837165 0.999465466 -0.015399763 -3.840357304 -0.999065936 0.028322790 -0.032635242 112.174781799
-0.032408718 0.010495519 0.999419689 25.002466202 0.025334833 0.999632120 -0.009676207 -3.867629766 -0.999153554 0.025006538 -0.032662708 112.155021667
-0.032301113 0.009077629 0.999436975 25.877910614 0.023063248 0.999699175 -0.008334624 -3.897996426 -0.999212146 0.022781048 -0.032500759 112.137428284
-0.031256743 0.016178871 0.999380410 26.725807190 0.025397852 0.999558926 -0.015387414 -3.924977303 -0.999188721 0.024901157 -0.031653870 112.103591919
-0.030147210 0.027857611 0.999157250 27.455944061 0.028100204 0.999239981 -0.027012071 -3.943359852 -0.999150395 0.027262181 -0.030907108 112.082664490
-0.030261016 0.033506986 0.998980165 28.314157486 0.029575508 0.999030292 -0.032612775 -3.965583801 -0.999104381 0.028558452 -0.031222658 112.069732666
-0.028501822 0.027728306 0.999209106 29.103195190 0.031692039 0.999137759 -0.026822334 -4.003322124 -0.999091268 0.030902488 -0.029356008 112.041275024
-0.026951386 0.020064194 0.999435425 29.956626892 0.035009477 0.999204218 -0.019115468 -4.038611412 -0.999023497 0.034474518 -0.027632378 112.011283875
-0.026895128 0.017331570 0.999487996 30.740459442 0.036292460 0.999207437 -0.016350118 -4.064664364 -0.998979211 0.035834145 -0.027502818 111.995544434
-0.026870580 0.018221298 0.999472857 31.585765839 0.035760529 0.999211371 -0.017255124 -4.095928192 -0.998999119 0.035278019 -0.027501002 111.973632812
-0.028044026 0.018818412 0.999429584 32.357509613 0.032324977 0.999316871 -0.017909255 -4.123642921 -0.999083877 0.031804282 -0.028633175 111.963111877
-0.030440645 0.018412171 0.999367058 33.182048798 0.029691488 0.999405742 -0.017508486 -4.165446758 -0.999095440 0.029139714 -0.030969243 111.950721741
-0.031947326 0.018535085 0.999317765 34.003959656 0.030087003 0.999392688 -0.017574625 -4.191370964 -0.999036670 0.029505009 -0.032485593 111.917083740
-0.034521535 0.019082824 0.999221683 34.755268097 0.028857520 0.999419808 -0.018089628 -4.216983795 -0.998987317 0.028210580 -0.035052191 111.902374268
-0.036630459 0.019772733 0.999133170 35.560737610 0.027037056 0.999457896 -0.018787922 -4.242144108 -0.998963177 0.026325410 -0.037145197 111.877601624
-0.039273579 0.018710734 0.999053240 36.375694275 0.023812855 0.999558270 -0.017784091 -4.269051075 -0.998944700 0.023091866 -0.039701786 111.861618042
-0.040269129 0.017931664 0.999028027 37.120323181 0.025809165 0.999523938 -0.016900251 -4.293284893 -0.998855472 0.025103517 -0.040712770 111.815093994
-0.041822758 0.016990528 0.998980582 37.899009705 0.025838822 0.999539256 -0.015918281 -4.338417053 -0.998790920 0.025146730 -0.042242508 111.775436401
-0.044404179 0.019473124 0.998823762 38.710289001 0.025944922 0.999495149 -0.018332796 -4.345954418 -0.998676658 0.025100349 -0.044886999 111.757995605
-0.045272145 0.019553391 0.998783231 39.450031281 0.026225071 0.999487102 -0.018378457 -4.370954037 -0.998630524 0.025361124 -0.045761712 111.729156494
-0.045697372 0.018185627 0.998789787 40.206710815 0.027939813 0.999466360 -0.016919626 -4.398786545 -0.998564601 0.027132811 -0.046181090 111.685981750
-0.046815474 0.017398335 0.998752058 40.977767944 0.028263815 0.999471009 -0.016086027 -4.426206112 -0.998503566 0.027475467 -0.047282465 111.635025024
-0.049132638 0.017282408 0.998642862 41.730396271 0.027384056 0.999497712 -0.015949929 -4.454940319 -0.998416722 0.026563231 -0.049581233 111.626052856
-0.050442401 0.016884781 0.998584270 42.475208282 0.025676589 0.999548554 -0.015604061 -4.473366261 -0.998396814 0.024853133 -0.050853170 111.596038818
-0.051312223 0.015776802 0.998557985 43.207798004 0.025431288 0.999571621 -0.014485996 -4.500766754 -0.998358727 0.024651311 -0.051691465 111.564559937
-0.052236345 0.014835772 0.998524427 43.922199249 0.024901820 0.999598086 -0.013549020 -4.532941818 -0.998324215 0.024157329 -0.052584786 111.532058716
-0.051621806 0.017220955 0.998518229 44.618160248 0.024435274 0.999573767 -0.015975896 -4.560568810 -0.998367727 0.023574362 -0.052020602 111.490295410
-0.052240431 0.020497503 0.998424113 45.319137573 0.025575075 0.999488890 -0.019181201 -4.579864979 -0.998306990 0.024532735 -0.052737951 111.462783813
-0.052572653 0.022015376 0.998374343 46.018272400 0.023161937 0.999514878 -0.020820858 -4.608480930 -0.998348475 0.022029674 -0.053057067 111.432868958
-0.052677743 0.022783071 0.998351574 46.705196381 0.023810768 0.999484062 -0.021552550 -4.635474205 -0.998327613 0.022636177 -0.053193051 111.400924683
-0.051538926 0.022817228 0.998410285 47.371315002 0.025279198 0.999448419 -0.021536017 -4.660025597 -0.998350978 0.024129067 -0.052087303 111.353309631
-0.052716773 0.021799592 0.998371482 48.061347961 0.025365897 0.999468327 -0.020484151 -4.693377972 -0.998287320 0.024244729 -0.053241715 111.328094482
-0.053023770 0.021444263 0.998362958 48.736011505 0.021189909 0.999568462 -0.020344744 -4.723778248 -0.998368382 0.020076467 -0.053455286 111.300735474
-0.052901477 0.021931615 0.998358846 49.411567688 0.019252410 0.999595344 -0.020938624 -4.751753330 -0.998414159 0.018113131 -0.053302299 111.271614075
-0.053008229 0.020313241 0.998387456 50.065147400 0.020477768 0.999604940 -0.019250769 -4.777490139 -0.998384058 0.019424297 -0.053403251 111.242416382
-0.053641681 0.020005204 0.998359799 50.747451782 0.021111432 0.999598444 -0.018895715 -4.802836895 -0.998337030 0.020063207 -0.054042481 111.199058533
-0.056181733 0.020237757 0.998215437 51.392566681 0.018954135 0.999635994 -0.019199781 -4.814711094 -0.998240530 0.017841633 -0.056544874 111.151885986
-0.062178072 0.019434363 0.997875750 52.073001862 0.014192082 0.999726415 -0.018586092 -4.845307827 -0.997964203 0.013006288 -0.062436864 111.128738403
-0.067953989 0.023601072 0.997409225 52.721794128 0.018233141 0.999582529 -0.022410264 -4.865522385 -0.997521937 0.016663037 -0.068355925 111.080780029
-0.074588716 0.026176604 0.996870756 53.384353638 0.020563800 0.999483109 -0.024706563 -4.891473770 -0.997002363 0.018656617 -0.075088464 111.027244568
-0.081996791 0.027152585 0.996262610 54.037769318 0.019514956 0.999480844 -0.025634130 -4.925293446 -0.996441543 0.017340103 -0.082484104 110.974983215
-0.087875888 0.027033685 0.995764494 54.719455719 0.016264047 0.999537408 -0.025700821 -4.945725441 -0.995998681 0.013936679 -0.088274918 110.916442871
-0.093429387 0.026520234 0.995272577 55.392028809 0.016821867 0.999544501 -0.025054943 -4.964417934 -0.995483875 0.014401474 -0.093832955 110.857513428
-0.097714610 0.026242409 0.994868398 56.077415466 0.013639023 0.999593794 -0.025027448 -5.001826763 -0.995121062 0.011123487 -0.098032825 110.787406921
-0.101959936 0.025760906 0.994454920 56.760414124 0.011870972 0.999625027 -0.024677726 -5.025621414 -0.994717717 0.009289008 -0.102227531 110.727035522
-0.104457185 0.022906339 0.994265497 57.470542908 0.012481073 0.999686122 -0.021719964 -5.045848846 -0.994451046 0.010140693 -0.104710296 110.653198242
-0.106313884 0.020626564 0.994118512 58.173851013 0.014729753 0.999707758 -0.019167287 -5.064218044 -0.994223475 0.012605371 -0.106586628 110.577369690
-0.107490353 0.017047232 0.994059861 58.889144897 0.014343997 0.999775469 -0.015594194 -5.096500397 -0.994102657 0.012582568 -0.107710741 110.501686096
-0.109262727 0.016682891 0.993872881 59.619232178 0.013276572 0.999794364 -0.015322710 -5.120849609 -0.993924201 0.011521024 -0.109461769 110.433143616
-0.109229907 0.020523036 0.993804574 60.328525543 0.015278632 0.999703348 -0.018965565 -5.139446259 -0.993898988 0.013112370 -0.109511085 110.349906921
-0.109235428 0.025097467 0.993698955 61.055114746 0.021966588 0.999497950 -0.022829188 -5.158471107 -0.993773162 0.019334421 -0.109731920 110.260391235
-0.109842807 0.029449694 0.993512511 61.793922424 0.028478282 0.999243855 -0.026471021 -5.195383549 -0.993540943 0.025385883 -0.110598430 110.171287537
-0.110470533 0.030972440 0.993396640 62.534275055 0.029647486 0.999172211 -0.027855568 -5.218603134 -0.993437111 0.026374495 -0.111297339 110.089469910
-0.110927038 0.028471190 0.993420601 63.285079956 0.027601460 0.999292135 -0.025557443 -5.249677658 -0.993445098 0.024584850 -0.111634366 110.011138916
-0.111252628 0.023449453 0.993515372 64.034927368 0.028567670 0.999383867 -0.020388989 -5.280387402 -0.993381441 0.026114095 -0.111853965 109.931068420
-0.111107096 0.021513609 0.993575513 64.768013000 0.030303698 0.999374092 -0.018250436 -5.311370850 -0.993346214 0.028081266 -0.111689508 109.846702576
-0.111455739 0.021500267 0.993536711 65.504974365 0.031155724 0.999350011 -0.018130993 -5.336587906 -0.993280828 0.028933553 -0.112053148 109.758483887
-0.113462552 0.022101218 0.993296385 66.249931335 0.029566381 0.999384880 -0.018859373 -5.367846966 -0.993102312 0.027228346 -0.114046201 109.685035706
-0.115764678 0.023174956 0.993006170 66.978187561 0.028975410 0.999381125 -0.019945780 -5.390232563 -0.992853999 0.026463743 -0.116364554 109.606681824
-0.117928676 0.023149963 0.992752135 67.738960266 0.030232040 0.999348640 -0.019712528 -5.421144009 -0.992561758 0.027688256 -0.118551701 109.513488770
-0.119406126 0.023253888 0.992573142 68.458953857 0.030491732 0.999340117 -0.019744279 -5.444540024 -0.992377162 0.027907690 -0.120036371 109.422767639
-0.121420622 0.022999562 0.992334604 69.214324951 0.030819260 0.999336898 -0.019390857 -5.474158287 -0.992122591 0.028228568 -0.122048929 109.329879761
-0.123752914 0.023099855 0.992044151 69.975479126 0.028399039 0.999401987 -0.019728538 -5.500571251 -0.991906643 0.025731634 -0.124334887 109.253173828
-0.124484606 0.024782833 0.991912007 70.718872070 0.028690113 0.999359846 -0.021368321 -5.533894539 -0.991806626 0.025798038 -0.125115961 109.159294128
-0.125000611 0.024764903 0.991847575 71.435348511 0.027319400 0.999395192 -0.021510350 -5.557799816 -0.991780460 0.024407871 -0.125601575 109.064735413
-0.126529902 0.025949378 0.991623342 72.196945190 0.027735200 0.999359369 -0.022612846 -5.568079472 -0.991574943 0.024641667 -0.127168566 108.984176636
-0.127775565 0.023906659 0.991514981 72.992523193 0.028151697 0.999394059 -0.020468755 -5.607769489 -0.991403520 0.025297416 -0.128371179 108.877662659
-0.129104391 0.021331353 0.991401494 73.760070801 0.025058651 0.999519646 -0.018242780 -5.628624916 -0.991314352 0.022487964 -0.129576951 108.788444519
-0.130584747 0.019941289 0.991236567 74.530960083 0.023237783 0.999584556 -0.017047901 -5.650621414 -0.991164804 0.020807946 -0.130993903 108.695648193
-0.132789791 0.018996874 0.990962148 75.276351929 0.023970727 0.999585390 -0.015950087 -5.671262741 -0.990854323 0.021636076 -0.133190081 108.603515625
-0.134784773 0.019911896 0.990674734 76.063308716 0.025871662 0.999527872 -0.016569907 -5.701230049 -0.990537167 0.023397034 -0.135236308 108.504539490
-0.136917055 0.021318479 0.990353048 76.857414246 0.025224468 0.999519229 -0.018028490 -5.729374886 -0.990261316 0.022512725 -0.137388989 108.393539429
-0.138051867 0.024809536 0.990114331 77.696350098 0.026519883 0.999420464 -0.021345047 -5.753432751 -0.990069807 0.023310991 -0.138629839 108.268966675
-0.138803065 0.028821146 0.989900529 78.494972229 0.028564584 0.999276936 -0.025088847 -5.779336452 -0.989907920 0.024793681 -0.139525995 108.166343689
-0.140366271 0.032333419 0.989571571 79.301269531 0.029247157 0.999165833 -0.028498331 -5.818859577 -0.989667594 0.024941947 -0.141194880 108.064476013
-0.139068633 0.033571444 0.989713490 80.104187012 0.032001864 0.999055564 -0.029391618 -5.852807522 -0.989765525 0.027585225 -0.140011638 107.927520752
-0.138513699 0.033151150 0.989805460 80.917831421 0.035445515 0.998965204 -0.028497670 -5.883344650 -0.989726007 0.031136844 -0.139545426 107.810379028
-0.138022423 0.030849973 0.989948511 81.726417542 0.035861000 0.999015033 -0.026132641 -5.919743061 -0.989779651 0.031893656 -0.138992772 107.690025330
-0.137218267 0.029690506 0.990095794 82.570877075 0.035972357 0.999040663 -0.024973299 -5.950795174 -0.989887476 0.032189284 -0.138154685 107.576507568
-0.136074886 0.026959365 0.990331709 83.418106079 0.034570560 0.999150097 -0.022449316 -5.987866402 -0.990095317 0.031181535 -0.136891216 107.478599548
-0.133844405 0.023952160 0.990712821 84.258651733 0.035288911 0.999189019 -0.019389585 -6.017470360 -0.990373850 0.032365989 -0.134581119 107.351432800
-0.131872252 0.020375028 0.991057277 85.099365234 0.035522323 0.999243736 -0.015816655 -6.047157288 -0.990629971 0.033118881 -0.132496268 107.244155884
-0.130395710 0.020348854 0.991253197 85.953521729 0.034174874 0.999287546 -0.016018206 -6.077294827 -0.990872860 0.031787246 -0.130998239 107.145088196
-0.129216149 0.024536045 0.991312742 86.805824280 0.035196822 0.999177337 -0.020142844 -6.109682560 -0.990991592 0.032288279 -0.129973441 107.033004761
-0.127755985 0.031212559 0.991314292 87.647987366 0.035952665 0.998993456 -0.026820932 -6.131357670 -0.991153777 0.032213856 -0.128749564 106.934890747
-0.126398101 0.034737710 0.991371155 88.482757568 0.033815447 0.998956680 -0.030692101 -6.160276413 -0.991403103 0.029644234 -0.127440900 106.839675903
-0.124617770 0.031973142 0.991689503 89.353866577 0.032367550 0.999079645 -0.028144037 -6.204520226 -0.991676748 0.028591312 -0.125537977 106.729797363
-0.123227157 0.029492443 0.991940141 90.207061768 0.032619458 0.999138534 -0.025654204 -6.242474079 -0.991842151 0.029195257 -0.124083057 106.623756409
-0.122730426 0.027743911 0.992052138 91.089065552 0.033532128 0.999154449 -0.023794148 -6.281614304 -0.991873443 0.030345356 -0.123556957 106.515106201
