0.972895801 0.231174484 -0.005671432 0.100392170 -0.185343727 0.764882207 -0.616930127 1.037558794 -0.138280541 0.601259947 0.786997378 2.562785149
0.972620130 0.232339516 -0.005330994 0.087380633 -0.186021611 0.764564335 -0.617120206 0.561291456 -0.139305517 0.601215184 0.786850870 3.138396263
0.972171545 0.234206036 -0.005474123 0.073797069 -0.187504604 0.763884246 -0.617513478 0.092120767 -0.140443787 0.601355493 0.786541224 3.723028898
0.972200155 0.234085798 -0.005530344 0.072700620 -0.187398449 0.763704240 -0.617768168 -0.350428939 -0.140387222 0.601630688 0.786340773 4.261375904
0.972130716 0.234393507 -0.004642439 0.056699999 -0.187240496 0.764346063 -0.617021918 -0.814072728 -0.141077504 0.600695252 0.786932230 4.826727867
0.971944511 0.235188782 -0.003180666 0.039792418 -0.187345445 0.765908420 -0.615049481 -1.247554898 -0.142216653 0.598389804 0.788482130 5.364816666
0.981974721 0.189007238 -0.001392810 0.032498576 -0.148239329 0.765554249 -0.626060486 -1.616173029 -0.117263697 0.614982069 0.779773235 5.911461830
0.982092321 0.188399076 0.000636305 0.025439115 -0.146880940 0.767771721 -0.623660624 -2.023789167 -0.117985621 0.612398863 0.781695008 6.400214672
0.982249260 0.187568530 0.002104961 0.022457385 -0.145614386 0.769523919 -0.621795237 -2.423449039 -0.118249051 0.610451460 0.783176899 6.866368771
0.982158720 0.188028827 0.003057231 0.021223027 -0.145338118 0.769281983 -0.622159183 -2.794186592 -0.119335748 0.610614836 0.782884657 7.308601856
0.982037961 0.188657030 0.003172569 0.023301587 -0.145429686 0.767520428 -0.624309719 -3.056025505 -0.120215438 0.612634480 0.781170368 7.619298935
0.981966376 0.189001814 0.004515652 0.011574257 -0.144452661 0.765490413 -0.627022922 -3.492114067 -0.121965170 0.615063190 0.778987586 8.154721260
0.982386887 0.186789289 0.005076058 0.025277790 -0.142207325 0.764985740 -0.628151178 -3.761158228 -0.121215023 0.616365671 0.778074741 8.461008072
0.982984662 0.183549389 0.007123907 0.021540590 -0.138091430 0.763999879 -0.630265713 -4.123394012 -0.121127553 0.618557811 0.776346803 8.897475243
0.983348429 0.181545854 0.008176100 0.032830611 -0.135705054 0.763486445 -0.631405175 -4.370938778 -0.120871343 0.619781911 0.775409877 9.192331314
0.982492328 0.185991600 0.010762310 0.017348744 -0.137258112 0.761700988 -0.633223236 -4.673649311 -0.125971869 0.620659769 0.773894310 9.543075562
0.981636047 0.190303996 0.013227839 0.018164992 -0.138912350 0.760624528 -0.634155869 -4.906219959 -0.130743816 0.620672822 0.773092031 9.814563751
0.992669225 0.119651064 0.017071884 0.031809539 -0.080929644 0.762935638 -0.641388655 -5.164735794 -0.089767598 0.635305166 0.767026067 10.089161873
0.993113577 0.115464441 0.019836709 0.053196937 -0.075933576 0.763322949 -0.641538858 -5.365486622 -0.089216754 0.635614634 0.766834080 10.322536469
0.993614852 0.110587656 0.022359705 0.065663964 -0.070555314 0.763680398 -0.641727507 -5.556562901 -0.088042811 0.636052370 0.766606808 10.540405273
0.993933022 0.107101016 0.025032051 0.070889056 -0.066274770 0.764826059 -0.640818655 -5.718352318 -0.087777518 0.635271788 0.767284155 10.724889755
0.983671904 0.177831903 0.027666606 0.076441765 -0.120476291 0.764864266 -0.632825494 -5.878365040 -0.133697763 0.619159520 0.773800015 10.930189133
0.983491123 0.178595811 0.029135859 0.085366786 -0.119987026 0.764140189 -0.633792460 -6.009846687 -0.135456577 0.619833350 0.772954226 11.082839966
0.983258307 0.179557934 0.031015040 0.093892634 -0.119307198 0.763049662 -0.635233104 -6.137058258 -0.137727141 0.620898068 0.771697342 11.229024887
0.982678413 0.182204798 0.033830814 0.087166280 -0.119383544 0.762036562 -0.636433661 -6.240572929 -0.141741574 0.621370912 0.770589113 11.353073120
0.982215881 0.184423432 0.035213791 0.092274070 -0.120176353 0.761629224 -0.636772037 -6.360155106 -0.144255534 0.621215701 0.770247638 11.485037804
0.981876493 0.185978487 0.036479272 0.092510402 -0.120299272 0.760324299 -0.638306379 -6.461441994 -0.146447331 0.622349501 0.768917561 11.601122856
0.982006371 0.185009494 0.037880041 0.102252632 -0.118437089 0.759590030 -0.639527798 -6.559029579 -0.147092000 0.623534024 0.767834127 11.705857277
0.982177436 0.183773085 0.039433368 0.103793263 -0.116220936 0.758688509 -0.641002893 -6.646943569 -0.147716701 0.624995589 0.766524851 11.809617043
0.992872477 0.111835040 0.041194651 0.129406810 -0.058637824 0.759309530 -0.648082316 -6.787185669 -0.103757791 0.641047597 0.760455310 11.915508270
0.992713332 0.112712890 0.042614415 0.132336646 -0.058216892 0.758251429 -0.649357975 -6.870622158 -0.105503447 0.642145455 0.759288073 12.013052940
0.992530465 0.113747574 0.044099919 0.129325539 -0.057821807 0.756912112 -0.650953770 -6.938543797 -0.107424170 0.643541455 0.757835507 12.089286804
0.992503285 0.113724500 0.044766672 0.135795921 -0.057118651 0.755432010 -0.652732730 -7.017371178 -0.108049884 0.645282328 0.756264448 12.176980972
0.992608547 0.112776726 0.044830047 0.148064673 -0.056119613 0.754067957 -0.654394448 -7.095052719 -0.107605390 0.647041619 0.754823267 12.262765884
0.992772698 0.111704856 0.043865182 0.158675879 -0.055790115 0.753206074 -0.655414462 -7.181501389 -0.106252506 0.648230433 0.753994465 12.349368095
0.992890298 0.111283742 0.042243216 0.153238207 -0.056393810 0.752316833 -0.656383514 -7.249554157 -0.104825079 0.649334669 0.753243804 12.430430412
0.993054450 0.111208931 0.038409308 0.165028691 -0.058815908 0.751969695 -0.656568706 -7.338422775 -0.101898931 0.649749517 0.753287673 12.524400711
0.993169129 0.111516982 0.034335054 0.166660249 -0.061592184 0.750965953 -0.657462299 -7.426949501 -0.099102654 0.650856495 0.752704799 12.629652023
0.993306100 0.111744851 0.029256690 0.151086837 -0.064983852 0.749986827 -0.658253014 -7.495536804 -0.095498510 0.651945591 0.752228081 12.716147423
0.982905924 0.182999924 0.020172156 0.144449145 -0.126029432 0.748658538 -0.650866330 -7.581710815 -0.134210557 0.637198150 0.758924305 12.877678871
0.982978821 0.183265597 0.012897041 0.140043944 -0.130933434 0.748068869 -0.650576174 -7.654108047 -0.128876105 0.637813985 0.759331524 12.967673302
0.983093381 0.183041766 0.004796314 0.137124196 -0.135953724 0.747235119 -0.650504649 -7.735703468 -0.122653514 0.638854861 0.759487152 13.068376541
0.993836105 0.110814795 -0.003131768 0.132526934 -0.085444666 0.747694969 -0.658522129 -7.882634163 -0.070632368 0.654730618 0.752554893 13.156806946
0.993950367 0.108622447 -0.016242940 0.119277269 -0.092391968 0.746979356 -0.658396184 -7.971191406 -0.059383467 0.655913889 0.752496302 13.254225731
0.993597865 0.108065359 -0.032944776 0.109911442 -0.102907211 0.745373964 -0.658656120 -8.068203926 -0.046621740 0.657829463 0.751722515 13.381464005
0.992747068 0.108341597 -0.052109111 0.080265284 -0.115776978 0.744801402 -0.657165587 -8.186796188 -0.032387402 0.658432245 0.751942873 13.514240265
0.991294980 0.108900025 -0.073993646 0.049833655 -0.130668879 0.744943559 -0.654205441 -8.293282509 -0.016121892 0.658179224 0.752688646 13.640019417
0.989184022 0.109942429 -0.097096205 0.004074454 -0.146676704 0.745826483 -0.649791479 -8.431623459 0.000977270 0.657005072 0.753885508 13.797832489
0.986140311 0.110874079 -0.123426564 -0.046894550 -0.164619371 0.746586919 -0.644599557 -8.558227539 0.020679282 0.655983984 0.754491389 13.945687294
0.981838822 0.111747168 -0.153313801 -0.107374668 -0.184672251 0.748063624 -0.637414336 -8.721839905 0.043459237 0.654150903 0.755114496 14.130732536
0.976199210 0.111741714 -0.185873717 -0.181211710 -0.205540240 0.750139236 -0.628525674 -8.870882988 0.069198608 0.651770711 0.755252600 14.312664032
0.968539417 0.112598792 -0.221929967 -0.268354893 -0.229011253 0.752274156 -0.617768109 -9.031394958 0.097392224 0.649157226 0.754393578 14.517052650
0.958623111 0.114290804 -0.260728776 -0.373918056 -0.254390478 0.755005062 -0.604361475 -9.182498932 0.127778620 0.645681798 0.752839804 14.717589378
0.950794280 -0.058614306 -0.304228276 -0.449261665 -0.156544372 0.756490767 -0.634992480 -9.446152687 0.267365605 0.651372313 0.710091293 14.934163094
0.936319113 -0.055000588 -0.346816272 -0.575856209 -0.186853215 0.758182466 -0.624696076 -9.622930527 0.297308683 0.649718583 0.699623644 15.130928040
0.919579029 -0.052360713 -0.389400631 -0.744043827 -0.215469733 0.761550903 -0.611238897 -9.822671890 0.328553349 0.645986497 0.689024031 15.332304001
0.899976194 -0.048527513 -0.433229685 -0.921799660 -0.245173529 0.765380919 -0.595047891 -10.029369354 0.360461920 0.641745389 0.676926911 15.548281670
0.877720416 -0.044507280 -0.477101713 -1.110231400 -0.275246412 0.768192470 -0.578030884 -10.218579292 0.392232537 0.638669968 0.662007689 15.755674362
0.846971393 -0.129615411 -0.515596032 -1.280928135 -0.262486815 0.741420329 -0.617573261 -10.551389694 0.462320477 0.658403933 0.593939364 15.965522766
0.819192290 -0.126735792 -0.559340775 -1.502446175 -0.295776337 0.742217422 -0.601356506 -10.755064964 0.491365910 0.658066392 0.570533276 16.140802383
0.788848937 -0.122933455 -0.602166653 -1.753510475 -0.330537170 0.741159141 -0.584318578 -10.963716507 0.518133640 0.659977615 0.544028521 16.315416336
0.764682710 -0.097346872 -0.637011707 -2.024705887 -0.382830650 0.726547003 -0.570587754 -11.263946533 0.518363833 0.680186093 0.518310428 16.479927063
0.728541076 -0.093697123 -0.678563714 -2.346181870 -0.415773541 0.726771891 -0.546749651 -11.484931946 0.544389784 0.680458486 0.490526289 16.670867920
0.689732134 -0.092434458 -0.718140185 -2.659000397 -0.445526004 0.727654338 -0.521561027 -11.685281754 0.570767939 0.679687619 0.460704625 16.836687088
0.649047256 -0.093094550 -0.755030513 -3.055826187 -0.472903967 0.728050470 -0.496290594 -11.914281845 0.595902264 0.679172993 0.428514361 17.021018982
0.606551826 -0.094996221 -0.789348245 -3.452809334 -0.496864825 0.729777098 -0.469628334 -12.116893768 0.620661199 0.677053332 0.395447254 17.187795639
0.561647892 -0.094470993 -0.821965337 -3.870176315 -0.520917714 0.731460571 -0.440011412 -12.325167656 0.642803609 0.675307751 0.361611724 17.339956284
0.583589256 -0.074184172 -0.808653355 -4.116902351 -0.572153747 0.669093192 -0.474293441 -12.919045448 0.576249480 0.739466667 0.348030865 17.379009247
0.538075447 -0.074145548 -0.839629233 -4.580109596 -0.599903345 0.666056871 -0.443265229 -13.107418060 0.592107058 0.742206573 0.313908726 17.511281967
0.463007331 -0.080644578 -0.882678151 -5.224082470 -0.538839400 0.765089273 -0.352548569 -13.272605896 0.703758717 0.638854325 0.310787469 17.708581924
0.410498798 -0.081882246 -0.908177376 -5.753410816 -0.556331336 0.766629994 -0.320583552 -13.439695358 0.722486138 0.636846662 0.269147098 17.839073181
0.357163966 -0.084194586 -0.930239379 -6.308325291 -0.573610187 0.766231477 -0.289587229 -13.590066910 0.737160265 0.637024879 0.225375444 17.961435318
0.284638435 -0.060618058 -0.956716478 -6.962141514 -0.594635844 0.771634877 -0.225804865 -13.787297249 0.751923621 0.633170664 0.183591276 18.061740875
0.234261468 -0.055913806 -0.970564306 -7.597081661 -0.605505347 0.772665203 -0.190661490 -13.889350891 0.760581732 0.632346630 0.147149563 18.127136230
0.191395089 -0.059769634 -0.979691565 -8.169929504 -0.607744515 0.776566029 -0.166107789 -13.942295074 0.770723283 0.627194405 0.112306267 18.187204361
0.148324296 -0.059073556 -0.987172842 -8.861800194 -0.615036130 0.776176035 -0.138857439 -14.017874718 0.774422646 0.627742887 0.078793392 18.209980011
0.106529556 -0.060016252 -0.992496610 -9.490085602 -0.620984256 0.775554419 -0.113551050 -14.100643158 0.776550055 0.628421307 0.045350332 18.226545334
0.071993671 -0.064228050 -0.995334923 -10.218394279 -0.627867043 0.772468925 -0.095261030 -14.147763252 0.774983704 0.631796241 0.015286203 18.213386536
0.036745399 -0.058627009 -0.997603416 -10.922881126 -0.635844469 0.768762589 -0.068599008 -14.218933105 0.770941973 0.636841357 -0.009029164 18.188934326
0.016427925 -0.054257218 -0.998391867 -11.703054428 -0.638423085 0.767911017 -0.052236691 -14.252321243 0.769510269 0.638254583 -0.022023872 18.149541855
0.002948720 -0.048414040 -0.998822927 -12.425774574 -0.638809264 0.768369436 -0.039129596 -14.288795471 0.769359469 0.638172746 -0.028661631 18.125522614
-0.004798114 -0.046328995 -0.998914778 -13.253252029 -0.639898062 0.767770767 -0.032535058 -14.315395355 0.768444836 0.639047444 -0.033329684 18.088092804
-0.009082292 -0.048563033 -0.998778820 -14.036306381 -0.639045417 0.768521309 -0.031556267 -14.358912468 0.769115388 0.637978554 -0.038013920 18.050439835
-0.007999962 -0.052918341 -0.998566806 -14.908078194 -0.633476079 0.772929668 -0.035885807 -14.380706787 0.773720920 0.632280946 -0.039705914 18.004522324
-0.004655030 -0.054546271 -0.998500407 -15.813078880 -0.623573840 0.780753493 -0.039744038 -14.434244156 0.781750560 0.622453690 -0.037648063 17.985055923
-0.010303582 -0.049778674 -0.998707056 -16.570949554 -0.637384772 0.769889295 -0.031797830 -14.562619209 0.770476758 0.636233091 -0.039660785 18.019565582
-0.003905017 -0.051035140 -0.998689175 -17.506179810 -0.638784766 0.768506110 -0.036774557 -14.589030266 0.769375503 0.637803853 -0.035601500 17.956769943
0.000161805 -0.058686845 -0.998276353 -18.362352371 -0.626050174 0.778432846 -0.045864116 -14.650660515 0.779782772 0.624978542 -0.036614951 17.953996658
0.002673730 -0.069584049 -0.997572482 -19.288307190 -0.627613962 0.776519060 -0.055846985 -14.695383072 0.778520107 0.626239777 -0.041595735 17.917127609
0.005423842 -0.077978328 -0.996940315 -20.285612106 -0.633791625 0.770872831 -0.063744001 -14.728542328 0.773484826 0.632198155 -0.045240916 17.853246689
0.003234962 -0.080486707 -0.996750355 -21.185104370 -0.638153315 0.767242551 -0.064025290 -14.792810440 0.769902527 0.636286736 -0.048880853 17.814573288
0.001623576 -0.074198246 -0.997242212 -22.246805191 -0.645664513 0.761437893 -0.057704784 -14.836109161 0.763619542 0.643977582 -0.046670929 17.735797882
-0.010522404 -0.062269706 -0.998003900 -23.172811508 -0.664982855 0.745812118 -0.039523166 -14.919858932 0.746784449 0.663239598 -0.049256023 17.674995422
-0.014858415 -0.053024627 -0.998482585 -24.203790665 -0.666625440 0.744803667 -0.029632909 -14.949476242 0.745244861 0.665173590 -0.046414163 17.616762161
-0.015470931 -0.042965300 -0.998956680 -25.303474426 -0.667910278 0.743926823 -0.021652438 -14.970919609 0.744081020 0.666878521 -0.040206205 17.540109634
-0.025530018 -0.030397862 -0.999211788 -26.303844452 -0.676283240 0.736623824 -0.005130311 -15.043278694 0.736199141 0.675619245 -0.039363582 17.506351471
-0.026308255 -0.029810973 -0.999209225 -27.404844284 -0.675863266 0.737015128 -0.004193670 -15.046406746 0.736557305 0.675218523 -0.039537720 17.446855545
-0.026125548 -0.033652745 -0.999092042 -28.424501419 -0.670579195 0.741800487 -0.007451140 -15.080108643 0.741377771 0.669775724 -0.041946772 17.400953293
-0.028204180 -0.038745590 -0.998851001 -29.533498764 -0.671071827 0.741327524 -0.009807404 -15.086533546 0.740855694 0.670024157 -0.046909608 17.328153610
-0.041656729 -0.037875138 -0.998413861 -30.576637268 -0.679363847 0.733801365 0.000508042 -15.135281563 0.732618213 0.678307474 -0.056298766 17.266441345
-0.046677198 -0.042637181 -0.997999728 -31.672092438 -0.679810464 0.733387589 0.000462997 -15.127622604 0.731900871 0.678472281 -0.063217677 17.178897858
-0.054234963 -0.044336822 -0.997543395 -32.733352661 -0.680200517 0.733012795 0.004402006 -15.137298584 0.731016994 0.678768218 -0.069912851 17.103954315
-0.060175203 -0.041783571 -0.997312963 -33.872123718 -0.680749118 0.732443094 0.010388039 -15.123856544 0.730040848 0.679544926 -0.072519034 16.999713898
-0.066778556 -0.036953159 -0.997083306 -34.934562683 -0.681374252 0.731700957 0.018516537 -15.113285065 0.728882551 0.680623353 -0.074040867 16.910314560
-0.071657009 -0.034306124 -0.996839225 -36.104244232 -0.684092760 0.728997231 0.024087112 -15.076313972 0.725866556 0.683656514 -0.075706333 16.791397095
-0.077190816 -0.032051850 -0.996501029 -37.164062500 -0.686098099 0.726899862 0.029766142 -15.060397148 0.723402381 0.685995102 -0.078100704 16.706707001
-0.078639381 -0.030684525 -0.996430874 -38.336948395 -0.689668298 0.723411262 0.032152310 -15.021326065 0.719842792 0.689735055 -0.078050755 16.586870193
-0.080624186 -0.029510567 -0.996307611 -39.385932922 -0.692422032 0.720658362 0.034687009 -14.992384911 0.716973841 0.692661881 -0.078536257 16.491584778
-0.081264637 -0.030271584 -0.996232748 -40.549766541 -0.693344891 0.719770670 0.034686498 -14.942690849 0.716009080 0.693551660 -0.079480559 16.375974655
-0.096423686 -0.016731223 -0.995199740 -41.581398010 -0.687819541 0.723834932 0.054472938 -14.770970345 0.719448924 0.689770281 -0.081302889 16.261569977
-0.097133644 -0.017291659 -0.995121062 -42.755207062 -0.688838661 0.722849786 0.054676890 -14.712127686 0.718377531 0.690788746 -0.082124189 16.141815186
-0.097978234 -0.018432964 -0.995017827 -43.830387115 -0.690413415 0.721350014 0.054620992 -14.652706146 0.716749310 0.692325354 -0.083402976 16.037616730
-0.098602027 -0.020761183 -0.994910359 -44.987693787 -0.693567455 0.718383908 0.053746209 -14.601667404 0.713611722 0.695336938 -0.085233390 15.919644356
-0.098446503 -0.025772059 -0.994808555 -46.097023010 -0.697163522 0.715133786 0.050464831 -14.540544510 0.710120618 0.698512375 -0.088369757 15.800725937
-0.096884847 -0.026783070 -0.994935215 -47.266471863 -0.698701799 0.713745058 0.048824620 -14.472774506 0.708822310 0.699893415 -0.087864459 15.684057236
-0.090959400 -0.027091002 -0.995486021 -48.420204163 -0.699655950 0.713091195 0.044522919 -14.563193321 0.708666205 0.700547516 -0.083816737 15.577558517
-0.088537462 -0.024170177 -0.995779514 -49.619548798 -0.700107098 0.712621331 0.044951241 -14.506747246 0.708527386 0.701132178 -0.080015413 15.457656860
-0.086973868 -0.024476964 -0.995909810 -50.777732849 -0.698737502 0.714056015 0.043471802 -14.461830139 0.710071325 0.699660540 -0.079207182 15.349456787
-0.089972742 -0.020764275 -0.995727718 -51.880764008 -0.697589278 0.714879751 0.048125651 -14.270751953 0.710826337 0.698938906 -0.078804642 15.250374794
-0.085357681 -0.020212639 -0.996145427 -53.085098267 -0.700884223 0.711815119 0.045614012 -14.221694946 0.708149195 0.702075958 -0.074925624 15.138323784
-0.103264183 0.004455962 -0.994643986 -53.849143982 -0.670036495 0.738742530 0.072872899 -13.144500732 0.735110581 0.673972845 -0.073299982 14.969942093
-0.096679166 0.003261961 -0.995310247 -55.048942566 -0.673822463 0.735770345 0.067862891 -13.049171448 0.732541263 0.677223086 -0.068935677 14.863844872
-0.091362618 0.002702650 -0.995814145 -56.179775238 -0.674570024 0.735441208 0.063885570 -12.983707428 0.732535303 0.677583098 -0.065368719 14.777518272
-0.085069723 0.001117239 -0.996374369 -57.337707520 -0.674745083 0.735733867 0.058434248 -12.894200325 0.733131707 0.677269757 -0.061834827 14.694780350
-0.079941891 0.001240188 -0.996798694 -58.519805908 -0.673511684 0.737132549 0.054931831 -12.842922211 0.734840870 0.675747037 -0.058092497 14.605057716
-0.073972195 0.001571538 -0.997259021 -59.743526459 -0.672695935 0.738155067 0.051060788 -12.778205872 0.736212134 0.674629331 -0.053545784 14.522402763
-0.068818286 0.002579693 -0.997626007 -60.898254395 -0.672672987 0.738361061 0.048311651 -12.725066185 0.736732721 0.674400687 -0.049077466 14.470846176
-0.063214175 0.001811021 -0.997998416 -62.123931885 -0.673668504 0.737722099 0.044009529 -12.646968842 0.736325085 0.675102115 -0.045414474 14.429262161
-0.057976164 0.002663502 -0.998314321 -63.269008636 -0.673187256 0.738331020 0.041064579 -12.632730484 0.737195849 0.674433291 -0.041012555 14.338578224
-0.052537225 -0.002023501 -0.998616874 -64.482910156 -0.673364162 0.738532126 0.033929184 -12.583101273 0.737442017 0.674215257 -0.040162973 14.266822815
-0.065517455 0.011887444 -0.997780621 -65.450767517 -0.641886532 0.765084267 0.051263437 -12.114616394 0.763995528 0.643820465 -0.042495985 14.102129936
-0.061176080 0.010970870 -0.998066723 -66.658416748 -0.642216027 0.765033603 0.047773700 -12.047830582 0.764078677 0.643896878 -0.039756086 14.036417961
-0.058392152 0.013654849 -0.998200357 -67.835021973 -0.641353965 0.765742660 0.047992516 -12.012977600 0.765019894 0.643002152 -0.035955776 13.977341652
-0.056146804 0.013472229 -0.998331666 -69.044700623 -0.641754389 0.765503943 0.046422951 -11.966863632 0.764852226 0.643290281 -0.034334734 13.916442871
-0.055588238 0.013015673 -0.998368859 -70.229164124 -0.643230379 0.764302909 0.045778628 -11.921916962 0.763652027 0.644726038 -0.034114175 13.866377831
-0.054441396 0.014411408 -0.998412967 -71.437797546 -0.643526077 0.764033556 0.046118449 -11.877848625 0.763485551 0.645015478 -0.032320935 13.799406052
-0.064307451 0.031981338 -0.997417510 -72.478652954 -0.611781836 0.788374186 0.064722538 -11.583662033 0.788408220 0.614364028 -0.031132733 13.661460876
-0.062712438 0.030016094 -0.997580111 -73.713073730 -0.612019002 0.788393497 0.062196203 -11.514456749 0.788352609 0.614438534 -0.031071657 13.599796295
-0.069545135 0.031035146 -0.997095942 -74.851501465 -0.605692983 0.792879045 0.066924483 -11.424429893 0.792653441 0.608588278 -0.036343109 13.541597366
-0.068713546 0.030891186 -0.997158051 -76.070137024 -0.603194118 0.794843256 0.066189364 -11.352645874 0.794629097 0.606027961 -0.035983127 13.478994370
-0.068907127 0.033414781 -0.997063279 -77.235374451 -0.601410389 0.796020567 0.068240710 -11.281506538 0.795963168 0.604346514 -0.034755487 13.401665688
-0.068604268 0.036192134 -0.996987224 -78.478019714 -0.601132452 0.796054482 0.070262849 -11.202683449 0.796199203 0.604141772 -0.032856468 13.341588974
-0.069330752 0.040653426 -0.996765018 -79.646095276 -0.602449775 0.794689476 0.074315563 -11.132390976 0.795139968 0.605653167 -0.030604774 13.281701088
-0.068188407 0.040601432 -0.996845961 -80.872520447 -0.604542434 0.793159962 0.073658548 -11.053123474 0.793649018 0.607658267 -0.029539032 13.220876694
-0.069714867 0.040148333 -0.996758699 -82.011711121 -0.606460214 0.791634440 0.074302934 -10.968773842 0.792051673 0.609674513 -0.030840321 13.180004120
-0.069588810 0.037199825 -0.996881902 -83.205551147 -0.606051803 0.792171955 0.071867168 -10.879804611 0.792375267 0.609163344 -0.032581277 13.140766144
-0.061541416 0.040064033 -0.997300267 -84.375610352 -0.611703694 0.788036525 0.069404423 -10.868260384 0.788689554 0.614323437 -0.023989569 13.200460434
-0.061974742 0.041390125 -0.997219205 -85.582893372 -0.610293388 0.789016247 0.070676804 -10.800971985 0.789747417 0.612976551 -0.023638949 13.168717384
-0.053373091 0.046024401 -0.997513533 -86.759757996 -0.614836216 0.785617828 0.069145232 -10.706841469 0.786846697 0.616997898 -0.013633383 13.093725204
-0.053285144 0.048180107 -0.997416317 -87.945388794 -0.614940166 0.785389900 0.070790231 -10.630966187 0.786771297 0.617123485 -0.012221738 13.054241180
-0.052616850 0.048550684 -0.997433901 -89.124900818 -0.616089165 0.784498394 0.070685990 -10.555002213 0.785917103 0.618227363 -0.011366284 13.008413315
-0.051334035 0.046428923 -0.997601688 -90.318191528 -0.615966737 0.784812570 0.068221673 -10.481150627 0.786097825 0.617991567 -0.011688914 12.982475281
-0.050888512 0.045182198 -0.997681737 -91.524383545 -0.615159631 0.785554588 0.066952839 -10.412114143 0.786758542 0.617140651 -0.012181438 12.951551437
-0.050453406 0.046621896 -0.997637630 -92.711784363 -0.614517331 0.785983741 0.067808717 -10.343399048 0.787288308 0.616486669 -0.011005596 12.924324989
-0.050688580 0.049530689 -0.997485518 -93.880187988 -0.612272978 0.787522137 0.070218325 -10.282974243 0.789019942 0.614292741 -0.009592084 12.894417763
-0.050847474 0.052290142 -0.997336626 -95.039833069 -0.611912191 0.787596643 0.072490804 -10.222337723 0.789289474 0.613968551 -0.008050320 12.872906685
-0.050679665 0.053802729 -0.997264683 -96.230270386 -0.611951828 0.787464619 0.073582537 -10.145393372 0.789269507 0.614007115 -0.006983762 12.848564148
-0.050374791 0.055307899 -0.997197866 -97.414604187 -0.614003301 0.785770297 0.074598640 -10.065679550 0.787694275 0.616040587 -0.005623788 12.827061653
-0.049895741 0.055543922 -0.997208714 -98.576255798 -0.615024269 0.784981310 0.074495949 -10.003770828 0.786927879 0.617024601 -0.005006361 12.780315399
-0.048912048 0.052329674 -0.997431278 -99.779724121 -0.618474126 0.782555938 0.071385100 -9.936846733 0.784281433 0.620377004 -0.005911853 12.740604401
-0.048468195 0.050912231 -0.997526407 -100.953086853 -0.619741619 0.781677186 0.070007853 -9.862532616 0.783307910 0.621601760 -0.006334048 12.709159851
-0.047745738 0.049224723 -0.997645855 -102.120658875 -0.619654894 0.781902611 0.068235457 -9.788064957 0.783420801 0.621454120 -0.006830183 12.679200172
-0.047989633 0.049910728 -0.997600079 -103.289237976 -0.618833303 0.782493234 0.068917789 -9.722944260 0.784054995 0.620655537 -0.006665144 12.659404755
-0.047701031 0.052212667 -0.997496009 -104.436271667 -0.618425846 0.782670617 0.070541501 -9.658764839 0.784394085 0.620242298 -0.005044530 12.630355835
-0.047380488 0.054467749 -0.997390747 -105.607780457 -0.617652655 0.783138394 0.072108611 -9.587388039 0.785022497 0.619457662 -0.003463323 12.605393410
-0.048296385 0.052988287 -0.997426450 -106.774978638 -0.620845199 0.780662596 0.071534641 -9.510187149 0.782444060 0.622702420 -0.004805655 12.585570335
-0.048638377 0.054429062 -0.997332275 -107.918624878 -0.623009264 0.778811216 0.072886549 -9.441831589 0.780700684 0.624892414 -0.003970305 12.569217682
-0.048626821 0.053646326 -0.997375429 -109.104469299 -0.625767410 0.776653290 0.072283395 -9.361335754 0.778492689 0.627639830 -0.004196056 12.538524628
-0.048826549 0.049681928 -0.997570872 -110.310234070 -0.626361012 0.776444137 0.069326706 -9.285666466 0.778002441 0.628224552 -0.006792266 12.514822960
-0.049313314 0.047113504 -0.997671485 -111.450714111 -0.626513720 0.776470244 0.067635179 -9.228343964 0.777848780 0.628390253 -0.008773061 12.482697487
-0.049791336 0.046705298 -0.997667074 -112.677360535 -0.624659061 0.777966499 0.067595474 -9.154252052 0.779308498 0.626567543 -0.009561100 12.453342438
-0.050430376 0.045662679 -0.997683167 -113.833229065 -0.620967627 0.780956209 0.067131713 -9.074708939 0.782212257 0.622914433 -0.011028870 12.444046974
-0.051187955 0.047380146 -0.997564554 -115.033386230 -0.620194077 0.781413496 0.068937853 -8.997053146 0.782776654 0.622212350 -0.010614072 12.421211243
-0.051383760 0.051621333 -0.997343957 -116.289131165 -0.619379818 0.781748533 0.072373196 -8.923355103 0.783408165 0.621453464 -0.008195966 12.381082535
-0.052278761 0.052052040 -0.997275114 -117.530792236 -0.618653536 0.782240868 0.073259316 -8.847911835 0.783922613 0.620797753 -0.008692405 12.358284950
-0.053544067 0.048018087 -0.997410297 -118.741134644 -0.617854357 0.783092439 0.070868567 -8.784542084 0.784467399 0.620048821 -0.012261771 12.331990242
-0.053964902 0.044484776 -0.997551441 -119.985969543 -0.618323982 0.782944322 0.068364300 -8.707319260 0.784068406 0.620499253 -0.014745500 12.301444054
-0.054825604 0.043115225 -0.997564673 -121.233390808 -0.617522657 0.783624887 0.067807354 -8.629484177 0.784640014 0.619736373 -0.016338080 12.264996529
-0.054210808 0.040290840 -0.997716308 -122.349304199 -0.616077423 0.784984648 0.065174580 -8.628859520 0.785817921 0.618203640 -0.017732378 12.202322006
-0.054542124 0.044052444 -0.997539163 -123.627876282 -0.620448411 0.781256497 0.068425208 -8.527541161 0.782348394 0.622653544 -0.015279134 12.166146278
-0.054694057 0.047950186 -0.997351110 -124.895553589 -0.623895884 0.778217971 0.071628831 -8.458863258 0.779591203 0.626160979 -0.012647977 12.104094505
-0.054472093 0.047585644 -0.997380733 -126.152198792 -0.629494905 0.773726821 0.071294926 -8.370067596 0.775092840 0.631729722 -0.012191594 12.059913635
-0.054211792 0.045245174 -0.997503936 -127.444015503 -0.632079840 0.771792948 0.069359213 -8.277168274 0.773004651 0.634262264 -0.013241719 12.018136978
-0.052717887 0.043585170 -0.997657776 -128.650863647 -0.633637249 0.770710230 0.067152835 -8.151105881 0.771831989 0.635693371 -0.013013027 11.934751511
-0.053461995 0.043173660 -0.997636199 -129.939620972 -0.633783758 0.770576000 0.067311049 -8.075453758 0.771660566 0.635884166 -0.013833762 11.891400337
-0.052837927 0.042934660 -0.997679710 -131.195648193 -0.631954074 0.772130489 0.066697069 -8.009191513 0.773202479 0.634011924 -0.013665040 11.834513664
-0.052938379 0.043555502 -0.997647464 -132.469680786 -0.632502794 0.771633089 0.067250744 -7.931228638 0.772746921 0.634574890 -0.013300029 11.791687012
-0.054139502 0.048317567 -0.997363687 -133.737487793 -0.631918550 0.771712184 0.071688011 -7.857826233 0.773141444 0.634133816 -0.011247347 11.772464752
-0.054987751 0.052849911 -0.997087419 -135.015335083 -0.630844176 0.772206008 0.075720273 -7.788174629 0.773958683 0.633170426 -0.009121822 11.736182213
-0.054573838 0.051379289 -0.997186959 -136.278488159 -0.631439686 0.771854520 0.074326515 -7.694839478 0.773502052 0.633719802 -0.009680132 11.699888229
-0.053480852 0.049457006 -0.997343242 -137.560684204 -0.631120205 0.772323012 0.072141282 -7.608442307 0.773839176 0.633301735 -0.010091173 11.670190811
-0.053499427 0.049511716 -0.997339785 -138.836120605 -0.630556107 0.772779346 0.072188072 -7.532918930 0.774297655 0.632740617 -0.010123333 11.642299652
-0.052605510 0.048980497 -0.997413456 -140.105209351 -0.630525768 0.772894859 0.071210086 -7.457880020 0.774383605 0.632640898 -0.009775059 11.604611397
-0.050786089 0.050849795 -0.997414112 -141.359909058 -0.630723298 0.772705972 0.071508832 -7.380321503 0.774344146 0.632723987 -0.007170566 11.576251030
-0.050384864 0.053877745 -0.997275531 -142.631546021 -0.631561339 0.771824062 0.073605813 -7.294930458 0.773687065 0.633549333 -0.004861156 11.553863525
-0.047914345 0.055139765 -0.997328281 -143.942993164 -0.632980824 0.770716012 0.073021039 -7.228043556 0.772683322 0.634788513 -0.002025940 11.530140877
-0.047055196 0.052129947 -0.997531056 -145.207000732 -0.634494901 0.769736648 0.070155807 -7.149583817 0.771493375 0.636229694 -0.003143922 11.505673409
-0.047472309 0.049349479 -0.997652888 -146.422988892 -0.633624196 0.770622909 0.068269700 -7.089546204 0.772183120 0.635377824 -0.005314226 11.494242668
-0.047607161 0.048316773 -0.997696877 -147.662261963 -0.631156862 0.772709310 0.067537941 -7.032586098 0.774192810 0.632918477 -0.006291033 11.475781441
-0.047461376 0.047851544 -0.997726142 -148.925689697 -0.629846931 0.773817718 0.067074269 -6.957032204 0.775267780 0.631598294 -0.006587304 11.432198524
-0.047314811 0.048781529 -0.997688174 -150.179229736 -0.628119171 0.775167465 0.067689672 -6.888328552 0.776677251 0.629869759 -0.006036277 11.396627426
-0.047615469 0.046650272 -0.997775733 -151.422210693 -0.626881421 0.776296198 0.066210948 -6.803681374 0.777658284 0.628639758 -0.007719515 11.382760048
-0.047553822 0.046662334 -0.997778177 -152.677078247 -0.626332462 0.776742220 0.066176146 -6.729261398 0.778104246 0.628087699 -0.007710931 11.359375000
-0.047604408 0.049249396 -0.997651339 -153.899429321 -0.624438047 0.778090477 0.068206690 -6.649993896 0.779622138 0.626218438 -0.006287337 11.327770233
-0.047626738 0.050231993 -0.997601330 -155.145385742 -0.622885764 0.779266119 0.068975560 -6.569033623 0.780861735 0.624676764 -0.005825107 11.312592506
-0.047870129 0.049375925 -0.997632444 -156.348297119 -0.620452583 0.781252086 0.068438217 -6.514562607 0.782781601 0.622259736 -0.006763220 11.277242661
-0.048594080 0.049757067 -0.997578442 -157.605728149 -0.621212423 0.780581415 0.069194227 -6.446011543 0.782134056 0.623070598 -0.007021926 11.253263474
-0.047970280 0.054454409 -0.997363448 -158.828796387 -0.622169018 0.779520214 0.072485052 -6.363039017 0.781411886 0.624005556 -0.003513959 11.221003532
-0.048139241 0.061295122 -0.996958137 -160.064346313 -0.625763834 0.776109636 0.077932596 -6.291452408 0.778525710 0.627611876 0.000994938 11.194538116
-0.046233166 0.060273010 -0.997110665 -161.275024414 -0.629630387 0.773175180 0.075930811 -6.178231239 0.775517941 0.631321847 0.002203378 11.171010017
-0.044030920 0.056755487 -0.997416615 -162.512359619 -0.633072972 0.770754516 0.071804829 -6.085337639 0.772838891 0.634599209 0.001993330 11.128952026
-0.043158073 0.050864626 -0.997772574 -163.719696045 -0.634263813 0.770234168 0.066699840 -6.019630432 0.771911323 0.635729611 -0.000980233 11.129547119
-0.042295910 0.049010109 -0.997902334 -164.951690674 -0.636508405 0.768549263 0.064724147 -5.942506790 0.770109177 0.637910783 -0.001311142 11.108962059
-0.041156538 0.046850670 -0.998053610 -166.142135620 -0.632208645 0.772287548 0.062323004 -5.900746346 0.773704350 0.633543134 -0.002165284 11.079220772
-0.041215837 0.042324565 -0.998253345 -167.372589111 -0.629591465 0.774694979 0.058840536 -5.837025642 0.775832355 0.630916953 -0.005282528 11.068750381
-0.040920366 0.039682571 -0.998374224 -168.496444702 -0.624189615 0.779223204 0.056555606 -5.779266357 0.780200541 0.625488997 -0.007116654 11.006173134
-0.042035751 0.042245902 -0.998222649 -169.742263794 -0.622589350 0.780303180 0.059240922 -5.714323997 0.781418979 0.623972893 -0.006498779 11.002851486
-0.041345790 0.049142338 -0.997935653 -170.992370605 -0.623166323 0.779449642 0.064201809 -5.657172203 0.780995667 0.624534369 -0.001603110 10.968734741
-0.043020807 0.057914980 -0.997394145 -171.978683472 -0.620383203 0.780977011 0.072107561 -5.462244034 0.783117950 0.621868730 0.002331217 10.964310646
-0.041260544 0.054556485 -0.997657776 -173.206497192 -0.621343017 0.780548990 0.068381123 -5.388471603 0.782451510 0.622709215 0.001692418 10.949737549
-0.038858667 0.052406631 -0.997869492 -174.448272705 -0.624425769 0.778358638 0.065194406 -5.303771973 0.780116975 0.625628769 0.002478071 10.931544304
-0.037787329 0.053576350 -0.997848570 -175.676666260 -0.623249769 0.779279888 0.065442711 -5.238189697 0.781109452 0.624381661 0.003944543 10.916349411
-0.038730323 0.053756405 -0.997802675 -176.846298218 -0.621570528 0.780557752 0.066179022 -5.177961349 0.782400191 0.622767866 0.003182143 10.904478073
-0.036977720 0.052261185 -0.997948527 -178.039199829 -0.622659504 0.779878318 0.063913018 -5.104909897 0.781618774 0.623745441 0.003702804 10.889479637
-0.035001080 0.054142103 -0.997919619 -179.177017212 -0.622862577 0.779696822 0.064148746 -5.049174309 0.781547904 0.623812079 0.006432853 10.863038063
-0.033359744 0.055841774 -0.997882128 -180.312011719 -0.622978806 0.779578924 0.064451978 -4.985017776 0.781527042 0.623809576 0.008781691 10.843114853
-0.034255877 0.056423880 -0.997819066 -181.376022339 -0.623719871 0.778902233 0.065457523 -4.899487495 0.780896962 0.624601841 0.008510711 10.854269028
-0.034319010 0.057544108 -0.997752964 -182.444244385 -0.623457193 0.779034913 0.066374451 -4.849894524 0.781103849 0.624334216 0.009140581 10.844412804
-0.033703383 0.058754705 -0.997703314 -183.486709595 -0.623591065 0.778880000 0.066933714 -4.790111542 0.781023800 0.624414802 0.010388022 10.816259384
-0.035689559 0.057685520 -0.997696638 -184.540435791 -0.623754323 0.778714478 0.067337170 -4.755804062 0.780805230 0.624720871 0.008189626 10.824576378
-0.033738535 0.057593260 -0.997769892 -185.506668091 -0.624549687 0.778188109 0.066037051 -4.698018074 0.780255973 0.625384927 0.009714933 10.803287506
-0.032795787 0.058181606 -0.997767210 -186.459701538 -0.624973297 0.777859628 0.065900750 -4.656795502 0.779956937 0.625739098 0.010851437 10.804902077
-0.033445492 0.056601554 -0.997836351 -187.411849976 -0.624057591 0.778662920 0.065086253 -4.607683182 0.780662239 0.624884248 0.009279861 10.796426773
-0.036235720 0.054117762 -0.997876823 -188.328338623 -0.621893466 0.780407310 0.064906463 -4.566559792 0.782263041 0.622924984 0.005376856 10.773505211
-0.041411016 0.050352514 -0.997872531 -189.262634277 -0.621731460 0.780513048 0.065186016 -4.520210266 0.782134950 0.623108327 -0.001016091 10.767163277
-0.047408685 0.049104821 -0.997667849 -190.190383911 -0.621506095 0.780457139 0.067947455 -4.482610703 0.781973541 0.623277962 -0.006481497 10.734636307
-0.051501017 0.048267487 -0.997505844 -191.108078003 -0.623280227 0.778871179 0.069867976 -4.426908493 0.780300856 0.625323832 -0.010028485 10.710770607
-0.053932205 0.048769366 -0.997352958 -192.026184082 -0.624302864 0.777876139 0.071796604 -4.358541489 0.779318452 0.626522303 -0.011505722 10.677228928
-0.056344718 0.050494302 -0.997133672 -192.968627930 -0.623306215 0.778407633 0.074639097 -4.307159424 0.779945314 0.625725091 -0.012385740 10.662586212
-0.057588853 0.052080311 -0.996981025 -193.890182495 -0.620581865 0.780390084 0.076612838 -4.248942375 0.782024026 0.623120368 -0.012621672 10.638831139
-0.059140217 0.052565772 -0.996864736 -194.802963257 -0.619183421 0.781369209 0.077936262 -4.190071106 0.783016205 0.621851265 -0.013662487 10.612932205
-0.063172080 0.050137375 -0.996742487 -195.709426880 -0.620897174 0.779943049 0.078583665 -4.128601074 0.781342447 0.623838782 -0.018140482 10.591590881
-0.063805029 0.048230156 -0.996796250 -196.610122681 -0.622268319 0.778956115 0.077521384 -4.055118561 0.780199409 0.625220954 -0.019689219 10.562296867
-0.063690558 0.046625957 -0.996879876 -197.514617920 -0.625445068 0.776530743 0.076279432 -3.981895447 0.777664363 0.628351867 -0.020295698 10.537340164
-0.062557206 0.047052655 -0.996931612 -198.418121338 -0.626739979 0.775520205 0.075930372 -3.941287994 0.776713312 0.629566908 -0.019024592 10.481346130
-0.061520010 0.044253774 -0.997124314 -199.333053589 -0.626866221 0.775689840 0.073102236 -3.880120277 0.776694179 0.629560828 -0.019979253 10.450030327
-0.061264392 0.041723069 -0.997249126 -200.223632812 -0.626692295 0.776028633 0.070967443 -3.821636200 0.776854873 0.629316092 -0.021395398 10.418958664
-0.060408249 0.041105721 -0.997327030 -201.156478882 -0.626826346 0.776012659 0.069951028 -3.753827095 0.776813805 0.629376471 -0.021111419 10.382371902
-0.059834719 0.044011850 -0.997237563 -202.095962524 -0.624564111 0.777666450 0.071795493 -3.698348045 0.778678119 0.627134621 -0.019043226 10.354830742
-0.059924416 0.045868993 -0.997148633 -202.993713379 -0.623954356 0.778016746 0.073285930 -3.652122498 0.779159784 0.626566768 -0.018002043 10.328331947
-0.059368871 0.042821515 -0.997317255 -203.932647705 -0.620492339 0.781039596 0.070472285 -3.601951599 0.781961977 0.623011589 -0.019799022 10.301637650
-0.059211940 0.039428208 -0.997466445 -204.856796265 -0.619085789 0.782401800 0.067677431 -3.543956757 0.783087969 0.621524632 -0.021918086 10.271678925
-0.058995444 0.039722741 -0.997467637 -205.814849854 -0.622622669 0.779573262 0.067870565 -3.483529091 0.780295134 0.625050068 -0.021258995 10.244220734
-0.056708239 0.044385500 -0.997403622 -206.756896973 -0.623450756 0.778713703 0.070100389 -3.432476044 0.779803395 0.625807285 -0.016487310 10.190670013
-0.055315509 0.044272270 -0.997486889 -207.720291138 -0.621685028 0.780213058 0.069104284 -3.380237579 0.781311631 0.623945236 -0.015634473 10.164727211
-0.035839241 0.051152442 -0.998047590 -208.838943481 -0.619494736 0.782520652 0.062351801 -3.313199997 0.784182250 0.620519876 0.003643720 10.358201981
-0.033958267 0.056570183 -0.997821033 -209.810180664 -0.620815456 0.781222522 0.065418273 -3.260374069 0.783220887 0.621684134 0.008590680 10.342972755
-0.034927759 0.060101699 -0.997581005 -210.801040649 -0.619215906 0.782200336 0.068805851 -3.200869560 0.784443438 0.620121300 0.009895428 10.367366791
-0.033925518 0.061614923 -0.997523248 -211.796463013 -0.618736565 0.782529056 0.069378264 -3.153582573 0.784865618 0.619557858 0.011575700 10.365341187
-0.030793127 0.061287493 -0.997645020 -212.806427002 -0.621522307 0.780514717 0.067132510 -3.072150230 0.782791018 0.622125864 0.014057058 10.361374855
-0.030978536 0.061319556 -0.997637331 -213.831069946 -0.622226775 0.779942214 0.067260288 -3.004271507 0.782223880 0.622840285 0.013993193 10.366618156
-0.025914488 0.061308544 -0.997782469 -214.837570190 -0.623489380 0.779202044 0.064071245 -2.929902077 0.781402171 0.623767197 0.018032601 10.355189323
