0.999999106 -0.001304738 0.000229791 -0.150288880 0.001305425 0.999994636 -0.003019257 -0.006358072 -0.000225849 0.003019555 0.999995351 1.250389338
0.999997497 -0.001403621 -0.001722489 -0.171434924 0.001396027 0.999989331 -0.004401993 -0.019108014 0.001728650 0.004399577 0.999988914 1.873022914
0.999988794 -0.003272058 -0.003405415 -0.197189301 0.003249361 0.999972641 -0.006649742 -0.020166516 0.003427084 0.006638602 0.999972105 2.487903357
0.999971151 -0.005796338 -0.004905144 -0.218274519 0.005755106 0.999948323 -0.008378723 -0.040760018 0.004953461 0.008350250 0.999952853 3.093293428
0.999955714 -0.007093608 -0.006161714 -0.240657702 0.007038934 0.999936104 -0.008850046 -0.056096330 0.006224101 0.008806283 0.999941885 3.702916861
0.999945462 -0.007008717 -0.007733585 -0.263395756 0.006944690 0.999941647 -0.008275502 -0.073127508 0.007791144 0.008221345 0.999935865 4.325795650
0.999926269 -0.007753419 -0.009344060 -0.275015265 0.007673634 0.999934018 -0.008544293 -0.090094253 0.009409692 0.008471963 0.999919891 4.974076748
0.999884367 -0.007080995 -0.013461880 -0.262180865 0.006926310 0.999909818 -0.011502696 -0.102376468 0.013542118 0.011408126 0.999843240 5.522689819
0.999911785 -0.005299783 -0.012176413 -0.317670941 0.005119862 0.999877930 -0.014760184 -0.134548813 0.012253142 0.014696544 0.999816895 6.273259163
0.999853849 -0.004680247 -0.016438261 -0.306680471 0.004400481 0.999845624 -0.017014354 -0.164750472 0.016515341 0.016939534 0.999720156 6.858701229
0.999860883 -0.002696905 -0.016456671 -0.332635283 0.002394051 0.999827862 -0.018395104 -0.159246713 0.016503451 0.018353153 0.999695301 7.633790493
0.999775708 -0.000683472 -0.021166403 -0.312690437 0.000448287 0.999938130 -0.011113981 -0.173683450 0.021172684 0.011102004 0.999714077 8.257564545
0.999815762 -0.000176547 -0.019197173 -0.373992682 0.000157689 0.999999523 -0.000983852 -0.182362959 0.019197334 0.000980644 0.999815285 9.056126595
0.999731362 -0.000070810 -0.023180900 -0.365554392 0.000193970 0.999985874 0.005310779 -0.185215801 0.023180187 -0.005313847 0.999717176 9.720252991
0.999752283 0.002288637 -0.022140676 -0.429985702 -0.002184866 0.999986529 0.004709910 -0.209621668 0.022151165 -0.004660368 0.999743700 10.545696259
0.999651670 0.004111856 -0.026068665 -0.417583346 -0.004173696 0.999988616 -0.002318281 -0.217251301 0.026058845 0.002426276 0.999657452 11.214723587
0.999709725 0.004680037 -0.023631435 -0.510464430 -0.004882884 0.999951780 -0.008533413 -0.221478939 0.023590356 0.008646327 0.999684334 12.071192741
0.999611855 0.001574516 -0.027815301 -0.501000643 -0.001765485 0.999975085 -0.006842396 -0.223228186 0.027803833 0.006888849 0.999589682 12.787122726
0.999665141 0.001759442 -0.025811760 -0.572802484 -0.001695408 0.999995410 0.002502452 -0.239187062 0.025816055 -0.002457854 0.999663651 13.709515572
0.999596596 0.001145124 -0.028373946 -0.576488137 -0.000864853 0.999950707 0.009888019 -0.242710456 0.028383877 -0.009859492 0.999548495 14.457451820
0.999625742 0.000860559 -0.027344827 -0.644839108 -0.000520751 0.999922514 0.012431491 -0.253506780 0.027353402 -0.012412594 0.999548852 15.431502342
0.999564886 -0.001391640 -0.029464543 -0.649740875 0.001736648 0.999930203 0.011686924 -0.252170205 0.029446209 -0.011733007 0.999497533 16.205644608
0.999653697 -0.001942671 -0.026248841 -0.752157092 0.002170482 0.999960244 0.008653238 -0.245851159 0.026230987 -0.008707214 0.999617994 17.234317780
0.999638200 0.000698799 -0.026890613 -0.788813710 -0.000579893 0.999990106 0.004429428 -0.241348833 0.026893441 -0.004412232 0.999628663 18.062746048
0.999711275 -0.002673219 -0.023878595 -0.872102976 0.002658906 0.999996185 -0.000631169 -0.249462709 0.023880195 0.000567497 0.999714613 19.108621597
0.999656677 -0.006515645 -0.025377534 -0.877454817 0.006385288 0.999965966 -0.005214385 -0.277758777 0.025410645 0.005050553 0.999664307 19.948682785
0.999625862 -0.005500223 -0.026792999 -0.884357333 0.005210912 0.999927521 -0.010855881 -0.286448419 0.026850773 0.010712205 0.999582052 20.820262909
0.999763429 -0.004580487 -0.021262277 -1.019869089 0.004301241 0.999904156 -0.013160536 -0.286522835 0.021320522 0.013065969 0.999687314 22.007843018
0.999667943 -0.003734788 -0.025498010 -0.999118924 0.003458214 0.999934852 -0.010882383 -0.325160623 0.025536992 0.010790590 0.999615669 22.883298874
0.999555051 -0.005345484 -0.029343426 -0.986120462 0.004932297 0.999888003 -0.014135415 -0.310615569 0.029415691 0.013984396 0.999469399 23.787343979
0.999766409 -0.001000585 -0.021590477 -1.158792257 0.000643533 0.999863029 -0.016538180 -0.337058038 0.021604072 0.016520426 0.999630094 25.024261475
0.999678433 -0.001284943 -0.025325306 -1.176081538 0.000811822 0.999825120 -0.018683236 -0.325967789 0.025344877 0.018656671 0.999504685 25.966007233
0.999678016 0.003915149 -0.025069067 -1.185456038 -0.004339207 0.999848068 -0.016883543 -0.393812835 0.024999179 0.016986884 0.999543071 26.991140366
0.999547958 0.005456815 -0.029564233 -1.188428402 -0.005995900 0.999816835 -0.018176505 -0.408080190 0.029459639 0.018345550 0.999397576 27.919002533
0.999414921 0.004156801 -0.033948027 -1.214365721 -0.004748533 0.999837935 -0.017368557 -0.435459822 0.033870324 0.017519601 0.999272645 28.871425629
0.999574661 0.005681422 -0.028603915 -1.301364660 -0.006124340 0.999862313 -0.015420781 -0.481138617 0.028512359 0.015589403 0.999471962 30.068174362
0.999000609 0.004513356 -0.044466309 -1.233052850 -0.005131038 0.999891818 -0.013786639 -0.483154535 0.044399269 0.014001021 0.998915672 30.794595718
0.999185860 0.009005327 -0.039324410 -1.326682568 -0.009440044 0.999896228 -0.010882962 -0.545710325 0.039222322 0.011245331 0.999167204 32.005973816
0.999543548 0.007326433 -0.029307410 -1.508261323 -0.007705645 0.999887943 -0.012847218 -0.570571840 0.029209998 0.013067188 0.999487936 33.198429108
0.999350965 0.008374018 -0.035037160 -1.527662635 -0.008791283 0.999892116 -0.011772167 -0.617863774 0.034934800 0.012072548 0.999316692 34.208656311
0.999524593 0.007825844 -0.029822368 -1.649919987 -0.008184898 0.999895215 -0.011936828 -0.636937976 0.029725812 0.012175245 0.999484003 35.331756592
0.999264777 0.007161874 -0.037663631 -1.635267258 -0.007473022 0.999939024 -0.008126991 -0.671624959 0.037603118 0.008402476 0.999257505 36.330745697
0.999546945 0.008044839 -0.029001415 -1.826874018 -0.008224813 0.999947608 -0.006091746 -0.677371144 0.028950911 0.006327518 0.999560893 37.472682953
0.999245822 0.008972107 -0.037777506 -1.795310736 -0.009149144 0.999947906 -0.004516066 -0.688757956 0.037735019 0.004858293 0.999275982 38.494384766
0.999550283 0.007699999 -0.028982574 -1.971122503 -0.007801638 0.999963820 -0.003395495 -0.714211047 0.028955378 0.003620079 0.999574125 39.567543030
0.999285698 0.006310275 -0.037262201 -1.940694571 -0.006484464 0.999968588 -0.004555658 -0.730756879 0.037232280 0.004794029 0.999295175 40.575351715
0.999528587 0.008077587 -0.029622687 -2.095149994 -0.008252762 0.999949157 -0.005796010 -0.741241634 0.029574353 0.006037747 0.999544322 41.653953552
0.999235690 0.007070709 -0.038444541 -2.064002991 -0.007272749 0.999960542 -0.005118040 -0.753145635 0.038406841 0.005393726 0.999247611 42.664939880
0.999492824 0.007028034 -0.031062262 -2.211944580 -0.007113410 0.999971211 -0.002638839 -0.775137424 0.031042837 0.002858459 0.999513865 43.765167236
0.999283671 0.005897091 -0.037380408 -2.233551264 -0.006000979 0.999978423 -0.002667618 -0.754721701 0.037363891 0.002890026 0.999297500 44.775878906
0.999470174 0.008390317 -0.031447802 -2.341721296 -0.008410751 0.999964416 -0.000517532 -0.809422016 0.031442352 0.000781757 0.999505222 45.879924774
0.999261022 0.008496650 -0.037485220 -2.372015476 -0.008755387 0.999938905 -0.006743728 -0.802111030 0.037425634 0.007066942 0.999274313 46.907321930
0.999430299 0.010210952 -0.032168098 -2.458772659 -0.010488040 0.999909341 -0.008456863 -0.848935008 0.032078829 0.008789425 0.999446690 47.985492706
0.999413729 0.010421451 -0.032614417 -2.516719580 -0.010717581 0.999902785 -0.008918208 -0.870976925 0.032518301 0.009262526 0.999428213 49.055961609
0.999268532 0.012298183 -0.036207967 -2.550531626 -0.012636680 0.999878466 -0.009134786 -0.865027070 0.036091231 0.009585654 0.999302506 50.090671539
0.999430418 0.011366153 -0.031777643 -2.659033537 -0.011519420 0.999922872 -0.004643997 -0.913439870 0.031722415 0.005007412 0.999484181 51.193958282
0.999351025 0.010379614 -0.034492362 -2.704472542 -0.010543506 0.999933958 -0.004572865 -0.927677512 0.034442637 0.004933568 0.999394476 52.210750580
0.999471784 0.010616910 -0.030715797 -2.800279379 -0.010740303 0.999934912 -0.003855260 -0.978277445 0.030672867 0.004183121 0.999520719 53.293514252
0.999440849 0.010577780 -0.031721171 -2.866604805 -0.010834170 0.999909997 -0.007921663 -0.978810549 0.031634521 0.008260907 0.999465287 54.291545868
0.999517024 0.009818456 -0.029485887 -2.935430765 -0.010063989 0.999915838 -0.008190149 -1.021820426 0.029402994 0.008482937 0.999531627 55.370563507
0.999473155 0.007947551 -0.031468287 -2.945952415 -0.008314033 0.999898970 -0.011532173 -1.032900572 0.031373449 0.011787726 0.999438226 56.287075043
0.999564707 0.006989568 -0.028660867 -3.030178547 -0.007388794 0.999876857 -0.013847107 -1.081911325 0.028560536 0.014052852 0.999493301 57.381378174
0.999551237 0.003885949 -0.029702930 -3.077191114 -0.004394560 0.999844491 -0.017077206 -1.086056232 0.029631943 0.017200075 0.999412954 58.352626801
0.999602616 0.004417573 -0.027839946 -3.117373466 -0.004785563 0.999901950 -0.013165445 -1.145643473 0.027779058 0.013293444 0.999525666 59.401996613
0.999560118 0.002417997 -0.029558046 -3.127235651 -0.002658661 0.999963760 -0.008105569 -1.158729196 0.029537370 0.008180588 0.999530196 60.306472778
0.999629498 0.001626529 -0.027170161 -3.193402290 -0.001662911 0.999997795 -0.001316609 -1.193173528 0.027167942 0.001361302 0.999629915 61.426914215
0.999574482 -0.000256564 -0.029171191 -3.203582764 0.000233007 0.999999762 -0.000811037 -1.209775805 0.029171383 0.000803893 0.999574125 62.332286835
0.999653518 -0.002934361 -0.026159424 -3.283065796 0.002834793 0.999988556 -0.003842583 -1.230965734 0.026170406 0.003767095 0.999650359 63.458774567
0.999596894 -0.003865551 -0.028130617 -3.294518948 0.003674957 0.999969840 -0.006823926 -1.251915574 0.028156156 0.006717794 0.999580920 64.343498230
0.999663830 -0.002050541 -0.025845442 -3.374177933 0.001768206 0.999938726 -0.010942133 -1.281994343 0.025866298 0.010892755 0.999606073 65.494796753
0.999633849 -0.002864568 -0.026906578 -3.396861076 0.002454224 0.999880373 -0.015271170 -1.303563356 0.026947111 0.015199543 0.999521315 66.363914490
0.999713898 0.001100032 -0.023894411 -3.487582684 -0.001480409 0.999872386 -0.015906960 -1.342763901 0.023873867 0.015937781 0.999587893 67.553833008
0.999715567 0.004186259 -0.023479486 -3.525466919 -0.004473694 0.999915540 -0.012202728 -1.365487337 0.023426415 0.012304300 0.999649823 68.422958374
0.999713719 0.006132619 -0.023128057 -3.561029911 -0.006364287 0.999930263 -0.009956506 -1.403180718 0.023065377 0.010100851 0.999682844 69.569480896
0.999697506 0.005595075 -0.023951186 -3.577383995 -0.005812205 0.999942660 -0.009005684 -1.429227114 0.023899421 0.009142167 0.999672472 70.493583679
0.999732018 0.003898619 -0.022817593 -3.643023491 -0.004090833 0.999956548 -0.008383363 -1.457719564 0.022783922 0.008474462 0.999704540 71.602928162
0.999711454 0.002933894 -0.023837619 -3.661534786 -0.003088469 0.999974489 -0.006450181 -1.490784764 0.023818085 0.006521943 0.999695063 72.547683716
0.999734282 0.001160616 -0.023023684 -3.722619534 -0.001272150 0.999987543 -0.004830321 -1.509075642 0.023017794 0.004858328 0.999723256 73.632377625
0.999691844 0.000357727 -0.024818093 -3.735558510 -0.000434819 0.999995112 -0.003100953 -1.530248284 0.024816865 0.003110790 0.999687195 74.628906250
0.999676645 -0.001436248 -0.025386624 -3.762776852 0.001331731 0.999990642 -0.004133448 -1.562016487 0.025392326 0.004098304 0.999669194 75.642990112
0.999709666 -0.000436667 -0.024091203 -3.854064226 0.000243582 0.999967933 -0.008017184 -1.584273577 0.024093926 0.008008990 0.999677658 76.647979736
0.999687552 0.000662781 -0.024986701 -3.883256912 -0.000910033 0.999950767 -0.009885350 -1.614629269 0.024978921 0.009905002 0.999639034 77.652542114
0.999692857 0.002292908 -0.024676908 -3.953627586 -0.002510458 0.999958217 -0.008788421 -1.625892162 0.024655733 0.008847672 0.999656856 78.669181824
0.999673545 0.003395989 -0.025323926 -3.982278347 -0.003510190 0.999983847 -0.004466315 -1.653616905 0.025308356 0.004553748 0.999669313 79.684761047
0.999665141 0.004589146 -0.025467530 -4.036622047 -0.004600115 0.999989510 -0.000372048 -1.678359509 0.025465544 0.000489077 0.999675572 80.712188721
0.999634385 0.005663229 -0.026439605 -4.066014290 -0.005650875 0.999983966 0.000541968 -1.701257348 0.026442241 -0.000392363 0.999650300 81.733940125
0.999619126 0.005088031 -0.027123807 -4.090132713 -0.005144038 0.999984860 -0.001995042 -1.721317768 0.027113242 0.002133809 0.999630034 82.724418640
0.999632955 0.005097156 -0.026609700 -4.170097351 -0.005183926 0.999981403 -0.003192757 -1.728900790 0.026592925 0.003329528 0.999640763 83.742439270
0.999620378 0.004793951 -0.027134357 -4.196084976 -0.004886921 0.999982417 -0.003360915 -1.744972229 0.027117759 0.003492242 0.999626100 84.712646484
0.999623477 0.003103770 -0.027262893 -4.264028549 -0.003181408 0.999991059 -0.002804873 -1.780626416 0.027253941 0.002890552 0.999624372 85.716133118
0.999595821 0.002146207 -0.028346594 -4.284008503 -0.002182678 0.999996841 -0.001255617 -1.802285194 0.028343810 0.001316981 0.999597371 86.680953979
0.999546707 0.001750654 -0.030056477 -4.280761719 -0.001713451 0.999997735 0.001263501 -1.817426562 0.030058611 -0.001211428 0.999547362 87.606346130
0.999608219 0.001813795 -0.027931035 -4.413263321 -0.001763049 0.999996722 0.001841323 -1.837563396 0.027934276 -0.001791358 0.999608159 88.570976257
0.999530613 -0.000384246 -0.030631272 -4.433967113 0.000459930 0.999996841 0.002463762 -1.860419512 0.030630225 -0.002476694 0.999527752 89.477783203
0.999426842 -0.000041345 -0.033853129 -4.480870247 0.000088595 0.999999046 0.001394252 -1.877840757 0.033853032 -0.001396452 0.999425828 90.349075317
0.999301195 -0.000601811 -0.037373967 -4.519811153 0.000618562 0.999999702 0.000436697 -1.894681692 0.037373692 -0.000459510 0.999301255 91.239906311
0.999199688 -0.000084025 -0.040003110 -4.583119869 0.000110822 0.999999821 0.000667586 -1.909960985 0.040003054 -0.000671485 0.999199331 92.055580139
0.999096990 0.000760239 -0.042481750 -4.643148422 -0.000685321 0.999998152 0.001777966 -1.934655786 0.042483035 -0.001747247 0.999095738 92.904525757
0.998963892 0.002097262 -0.045462273 -4.686032772 -0.001970716 0.999994099 0.002828151 -1.946542144 0.045467939 -0.002735626 0.998962104 93.624572754
0.998808801 0.002984097 -0.048703190 -4.730340004 -0.002782916 0.999987304 0.004197963 -1.961299896 0.048715103 -0.004057424 0.998804510 94.425010681
0.998666644 0.005014473 -0.051378548 -4.776184082 -0.004762522 0.999976158 0.005025064 -1.979950905 0.051402513 -0.004773672 0.998666644 95.191291809
0.998539269 0.006747839 -0.053608082 -4.829912663 -0.006450079 0.999962747 0.005725521 -1.998733997 0.053644724 -0.005371380 0.998545587 95.807052612
0.998379886 0.008954563 -0.056190256 -4.883464336 -0.008710223 0.999951422 0.004591958 -2.016635656 0.056228656 -0.004095085 0.998409569 96.522682190
0.998214662 0.010372792 -0.058821954 -4.925487518 -0.010370557 0.999946117 0.000343427 -2.023740768 0.058822356 0.000267204 0.998268485 97.192008972
0.998082995 0.012857016 -0.060539588 -4.992732525 -0.013062406 0.999910116 -0.002998127 -2.047234058 0.060495600 0.003783176 0.998161316 97.853416443
0.997916818 0.014177821 -0.062936634 -5.033577919 -0.014532726 0.999881029 -0.005184772 -2.067557812 0.062855631 0.006088612 0.998004079 98.317955017
0.997833192 0.016653409 -0.063652493 -5.081493855 -0.017068135 0.999836564 -0.005977173 -2.081789255 0.063542537 0.007050653 0.997954249 98.911750793
0.997838199 0.018845215 -0.062958904 -5.122947693 -0.019235464 0.999799430 -0.005598082 -2.101476431 0.062840760 0.006797023 0.998000503 99.492408752
0.998011112 0.022606177 -0.058844727 -5.181247711 -0.022855932 0.999732435 -0.003574601 -2.127089500 0.058748163 0.004912443 0.998260796 100.037849426
0.998222947 0.025261544 -0.053969733 -5.199809551 -0.025455138 0.999671757 -0.002902734 -2.123237133 0.053878684 0.004271384 0.998538315 100.420249939
0.998584390 0.026188716 -0.046296805 -5.225224972 -0.026253544 0.999655068 -0.000792660 -2.137173891 0.046260074 0.002006993 0.998927414 100.924781799
0.999010623 0.025797427 -0.036225095 -5.247009277 -0.025759717 0.999666989 0.001507406 -2.148366213 0.036251917 -0.000572766 0.999342501 101.417510986
0.999369681 0.025764432 -0.024419134 -5.250595093 -0.025704507 0.999665737 0.002764915 -2.163459301 0.024482202 -0.002135491 0.999697983 101.880332947
0.999635577 0.024952540 -0.010297122 -5.265232563 -0.024924250 0.999685228 0.002866005 -2.165757418 0.010365400 -0.002608311 0.999942839 102.210243225
0.999672711 0.025064684 0.005128714 -5.254376411 -0.025077347 0.999682724 0.002419487 -2.181115389 -0.005066440 -0.002547310 0.999983907 102.641967773
0.999461830 0.023611451 0.022768896 -5.228317738 -0.023604050 0.999721169 -0.000593913 -2.192368269 -0.022776570 0.000056155 0.999740601 103.060203552
0.998726487 0.023365766 0.044712987 -5.208521843 -0.023141522 0.999716938 -0.005526341 -2.201460123 -0.044829458 0.004484578 0.998984575 103.460090637
0.997454703 0.021140063 0.068095326 -5.157002449 -0.020481149 0.999736547 -0.010360120 -2.207480669 -0.068296388 0.008939081 0.997625053 103.727424622
0.995258808 0.018616635 0.095462345 -5.100981712 -0.017447619 0.999762416 -0.013066035 -2.220927477 -0.095682897 0.011338499 0.995347261 104.121559143
0.991918981 0.016323147 0.125818834 -5.031535149 -0.014645265 0.999791145 -0.014249228 -2.231943130 -0.126025170 0.012291428 0.991950870 104.505142212
0.987317681 0.013979030 0.158140421 -4.939081192 -0.011590506 0.999804556 -0.016016072 -2.246966124 -0.158333421 0.013980024 0.987286747 104.887603760
0.981180847 0.011134346 0.192769438 -4.835062027 -0.008040339 0.999826133 -0.016825192 -2.268313885 -0.192923263 0.014958626 0.981099784 105.227973938
0.972595394 0.009670553 0.232303336 -4.774961472 -0.005594398 0.999818683 -0.018199086 -2.261379242 -0.232437283 0.016400749 0.972473085 105.428260803
0.962256551 0.007013918 0.272053301 -4.648548126 -0.002087228 0.999828458 -0.018394418 -2.286172152 -0.272135735 0.017132314 0.962106347 105.756904602
0.949455440 0.008468560 0.313787282 -4.514575958 -0.002426719 0.999804139 -0.019640191 -2.297883987 -0.313892186 0.017886013 0.949290216 106.091148376
0.933546007 0.010539392 0.358302355 -4.373535156 -0.003645666 0.999795079 -0.019910093 -2.314004421 -0.358438790 0.017280741 0.933393300 106.406776428
0.915409148 0.010866071 0.402377933 -4.201305389 -0.003598414 0.999816358 -0.018813308 -2.324182749 -0.402508527 0.015773950 0.915280342 106.716842651
0.893741012 0.011208958 0.448443145 -4.094139099 -0.003178551 0.999820888 -0.018655973 -2.320086956 -0.448571950 0.015248212 0.893616617 106.902877808
0.869921207 0.010547358 0.493077785 -3.902267456 -0.001281796 0.999816298 -0.019125493 -2.333712339 -0.493188977 0.016005648 0.869774938 107.180725098
0.844042242 0.011275211 0.536158144 -3.681987762 0.000067127 0.999776661 -0.021130623 -2.353504419 -0.536276698 0.017871130 0.843853056 107.465332031
0.815744340 0.013077794 0.578264594 -3.460807800 0.001316731 0.999699771 -0.024466280 -2.370801210 -0.578410983 0.020719653 0.815482378 107.730056763
0.782586753 0.017895393 0.622284114 -3.303981781 0.000390011 0.999572456 -0.029235773 -2.378905535 -0.622541308 0.023122231 0.782245219 107.934356689
0.748144090 0.024350928 0.663089216 -3.043731689 -0.003114151 0.999444246 -0.033189442 -2.391802311 -0.663529038 0.022765532 0.747804105 108.183380127
0.710299015 0.028970644 0.703303635 -2.763668060 -0.004539901 0.999320388 -0.036579181 -2.398033142 -0.703885317 0.022789231 0.709948003 108.427749634
0.667916179 0.029602954 0.743647456 -2.544326782 -0.003441703 0.999320805 -0.036689542 -2.420671225 -0.744228542 0.021946130 0.667564452 108.628219604
0.625813305 0.027123449 0.779501200 -2.222080231 0.000822316 0.999371767 -0.035434239 -2.434961081 -0.779972494 0.022816215 0.625397861 108.841491699
0.581077337 0.025267646 0.813455999 -1.953048706 0.001997352 0.999470651 -0.032472417 -2.444911480 -0.813845873 0.020493750 0.580719352 108.990631104
0.535350978 0.023702387 0.844297171 -1.595832825 0.003608782 0.999532878 -0.030348655 -2.451957941 -0.844622016 0.019294064 0.535015404 109.157684326
0.485258818 0.021631798 0.874103010 -1.326633453 0.003936979 0.999629915 -0.026923874 -2.466188192 -0.874361753 0.016506379 0.484993845 109.291213989
0.433889329 0.017637728 0.900793433 -1.000473022 0.006193263 0.999726355 -0.022557991 -2.486817837 -0.900944948 0.015366524 0.433661312 109.413085938
0.380602121 0.017636327 0.924570620 -0.620964050 0.003101517 0.999788165 -0.020347858 -2.511100531 -0.924733698 0.010612008 0.380466789 109.546966553
0.329981774 0.022703201 0.943714201 -0.310089111 0.000273196 0.999708354 -0.024145789 -2.514024258 -0.943987191 0.008225495 0.329879403 109.622085571
0.279887378 0.027604692 0.959635854 0.121894836 0.001013289 0.999577463 -0.029049184 -2.525047302 -0.960032284 0.009102887 0.279741108 109.702003479
0.232194692 0.029855143 0.972211182 0.429256439 0.001692338 0.999514878 -0.031097788 -2.538742065 -0.972667933 0.008866050 0.232031509 109.762916565
0.190618023 0.029858965 0.981210172 0.883581161 0.008103546 0.999455452 -0.031988446 -2.558723927 -0.981630921 0.014048852 0.190272242 109.813728333
0.155708224 0.029733313 0.987355530 1.240114212 0.017101277 0.999315858 -0.032790404 -2.566257477 -0.987655044 0.021990774 0.155093223 109.837715149
0.124831237 0.030819427 0.991699159 1.734380722 0.021261392 0.999204874 -0.033728983 -2.586009264 -0.991950154 0.025295343 0.124076702 109.877037048
0.096832126 0.029242467 0.994871080 2.110186577 0.019108787 0.999329388 -0.031233406 -2.604227543 -0.995117307 0.022035185 0.096208438 109.902626038
0.071008272 0.025620816 0.997146666 2.649431229 0.013014284 0.999561071 -0.026609633 -2.621867895 -0.997390866 0.014866658 0.070643708 109.943901062
0.047320932 0.021654485 0.998645067 3.058600426 0.007574359 0.999728441 -0.022036897 -2.633878231 -0.998851001 0.008606906 0.047144081 109.951866150
0.024706651 0.019294543 0.999508500 3.554210901 0.012042440 0.999735475 -0.019596597 -2.651579142 -0.999622345 0.012520686 0.024467755 109.949562073
0.003876030 0.020270703 0.999787033 4.153163910 0.019885486 0.999595225 -0.020343907 -2.673822641 -0.999794841 0.019960109 0.003471365 109.936859131
-0.013167914 0.022466850 0.999660969 4.600300312 0.024463953 0.999455512 -0.022139991 -2.693206787 -0.999614060 0.024164127 -0.013710378 109.914619446
-0.027570931 0.027537275 0.999240518 5.241171837 0.025220940 0.999321401 -0.026843615 -2.712107182 -0.999301612 0.024461687 -0.028246745 109.890197754
-0.038627192 0.032656815 0.998719871 5.741480827 0.022281440 0.999245346 -0.031812228 -2.716243029 -0.999005258 0.021024108 -0.039325681 109.884262085
-0.045171566 0.032191299 0.998460352 6.418783188 0.023967907 0.999227762 -0.031131703 -2.745604992 -0.998691678 0.022524744 -0.045908242 109.845573425
-0.047587540 0.029554194 0.998429716 6.941446781 0.030289765 0.999145210 -0.028131695 -2.757801294 -0.998407722 0.028903477 -0.048442055 109.816093445
-0.046601012 0.027579021 0.998532832 7.665869713 0.031569827 0.999160230 -0.026122997 -2.789025784 -0.998414695 0.030306147 -0.047432534 109.769485474
-0.044992086 0.027255598 0.998615503 8.203622818 0.030801024 0.999190331 -0.025883576 -2.804253101 -0.998512387 0.029593823 -0.045795158 109.757331848
-0.043716289 0.027443083 0.998667121 8.970767975 0.026967185 0.999290824 -0.026279749 -2.835907221 -0.998679936 0.025782390 -0.044425350 109.739234924
-0.042405453 0.028539382 0.998692811 9.528163910 0.026026171 0.999284267 -0.027451186 -2.853760481 -0.998761535 0.024828074 -0.043117873 109.710586548
-0.041999348 0.029378269 0.998685658 10.318546295 0.024933150 0.999287069 -0.028347412 -2.883631229 -0.998806536 0.023709800 -0.042701900 109.692741394
-0.040720489 0.029079847 0.998747468 10.924421310 0.025077391 0.999291301 -0.028073249 -2.900997639 -0.998855829 0.023902815 -0.041420881 109.664123535
-0.039934780 0.027996751 0.998809993 11.749864578 0.024066627 0.999344409 -0.027049487 -2.924085379 -0.998912334 0.022957766 -0.040582385 109.628585815
-0.039798364 0.026459530 0.998857319 12.370315552 0.024520736 0.999374211 -0.025496215 -2.955810308 -0.998906791 0.023478016 -0.040422261 109.612869263
-0.040260725 0.023897164 0.998903394 13.233527184 0.025174022 0.999420822 -0.022894908 -2.996769428 -0.998871982 0.024224658 -0.040838994 109.576347351
-0.041720297 0.022393823 0.998878241 13.862291336 0.022669086 0.999512553 -0.021461220 -3.011306047 -0.998872042 0.021748291 -0.042207610 109.564315796
-0.042661171 0.021320177 0.998862028 14.749578476 0.021406256 0.999562263 -0.020420866 -3.035651922 -0.998860180 0.020510718 -0.043098878 109.524505615
-0.044242036 0.019058518 0.998838961 15.378078461 0.023664923 0.999557436 -0.018024024 -3.055667400 -0.998740554 0.022840034 -0.044673469 109.504478455
-0.045202583 0.017633324 0.998822212 16.271842957 0.025263147 0.999544680 -0.016502768 -3.079666853 -0.998658419 0.024487432 -0.045627475 109.464553833
-0.046829578 0.016431378 0.998767734 16.924774170 0.022723576 0.999623537 -0.015380008 -3.108499527 -0.998644352 0.021975342 -0.047185328 109.434730530
-0.048028700 0.021395262 0.998616815 17.841955185 0.019851057 0.999593616 -0.020461451 -3.131448030 -0.998648643 0.018840862 -0.048433896 109.406806946
-0.048933312 0.025997967 0.998463631 18.488534927 0.021054000 0.999465883 -0.024992244 -3.156107664 -0.998580098 0.019798702 -0.049454540 109.379814148
-0.050506663 0.027974023 0.998331845 19.411628723 0.021038854 0.999415576 -0.026940018 -3.185072660 -0.998502135 0.019643107 -0.051065683 109.344581604
-0.051628277 0.025787562 0.998333335 20.353004456 0.017845897 0.999530733 -0.024895601 -3.217803001 -0.998506963 0.016530843 -0.052064247 109.298965454
-0.053045642 0.020843459 0.998374522 20.855266571 0.014940151 0.999686837 -0.020077057 -3.248204231 -0.998480260 0.013850864 -0.053340431 109.285339355
-0.052883558 0.015927099 0.998473644 21.780616760 0.013727075 0.999789894 -0.015221054 -3.273583651 -0.998506248 0.012901178 -0.053091079 109.223533630
-0.053777479 0.010832632 0.998494208 22.736007690 0.009620694 0.999900341 -0.010329730 -3.293614388 -0.998506546 0.009050701 -0.053876333 109.197685242
-0.053769346 0.008509353 0.998517096 23.223140717 0.007284552 0.999940395 -0.008129217 -3.324427605 -0.998526752 0.006836644 -0.053828139 109.180183411
-0.052566852 0.015795505 0.998492420 24.161430359 0.009603019 0.999836624 -0.015311208 -3.360250950 -0.998571217 0.008783679 -0.052709948 109.119445801
-0.051600263 0.026749413 0.998309672 24.771413803 0.012262104 0.999582827 -0.026149731 -3.376549721 -0.998592615 0.010892042 -0.051906746 109.097526550
-0.051230695 0.032558303 0.998156071 25.681163788 0.014066188 0.999392748 -0.031876694 -3.398635864 -0.998587906 0.012407186 -0.051657561 109.057006836
-0.050015125 0.026444336 0.998398185 26.315055847 0.015218914 0.999553502 -0.025712542 -3.431932449 -0.998632491 0.013908528 -0.050395243 109.027709961
-0.048801735 0.019035241 0.998627007 27.231580734 0.018709168 0.999660373 -0.018140646 -3.467061520 -0.998633206 0.017798187 -0.049141292 108.980873108
-0.048232976 0.016150810 0.998705447 28.152584076 0.020174613 0.999681056 -0.015192242 -3.504729748 -0.998632312 0.019415734 -0.048543416 108.936622620
-0.048658416 0.016524635 0.998678684 28.571456909 0.018894369 0.999699473 -0.015620939 -3.520138741 -0.998636723 0.018109320 -0.048956014 108.927474976
-0.049627636 0.017450346 0.998615265 29.473649979 0.015559053 0.999739528 -0.016696762 -3.548779964 -0.998646557 0.014708891 -0.049886227 108.891830444
-0.051999971 0.017399324 0.998495460 30.360193253 0.013004542 0.999775231 -0.016744372 -3.583717585 -0.998562455 0.012114270 -0.052214555 108.862503052
-0.053675950 0.017609373 0.998403072 30.756626129 0.012955435 0.999772608 -0.016937025 -3.592902899 -0.998474360 0.012025635 -0.053891882 108.829826355
-0.055741541 0.017727671 0.998287737 31.651702881 0.012019661 0.999781847 -0.017083058 -3.631682158 -0.998372912 0.011046848 -0.055942461 108.784080505
-0.058464628 0.018953316 0.998109519 32.534023285 0.010356679 0.999777436 -0.018378345 -3.642532110 -0.998235762 0.009262619 -0.058647916 108.754409790
-0.059911285 0.017471414 0.998050809 32.901084900 0.008104680 0.999822378 -0.017015921 -3.665151358 -0.998170793 0.007069437 -0.060042251 108.722030640
-0.062256575 0.016032198 0.997931361 33.755641937 0.007292905 0.999851525 -0.015608077 -3.692884922 -0.998033583 0.006306114 -0.062364254 108.675102234
-0.064132169 0.015758730 0.997816920 34.647552490 0.007321616 0.999855697 -0.015320353 -3.730063915 -0.997914493 0.006323105 -0.064238310 108.614112854
-0.066410467 0.017416535 0.997640371 35.029575348 0.007844072 0.999825895 -0.016932523 -3.739244699 -0.997761607 0.006701069 -0.066535525 108.604309082
-0.067421496 0.017702885 0.997567534 35.886142731 0.008041430 0.999819815 -0.017199362 -3.768162489 -0.997692227 0.006862266 -0.067551710 108.555221558
-0.068257056 0.016384078 0.997533262 36.749214172 0.010137202 0.999825001 -0.015728069 -3.800081968 -0.997616291 0.009038647 -0.068411209 108.494384766
-0.069331095 0.015746836 0.997469366 37.114978790 0.010544091 0.999831200 -0.015051230 -3.814151287 -0.997538030 0.009473890 -0.069485418 108.459381104
-0.071048841 0.015100110 0.997358501 37.946949005 0.009138735 0.999853432 -0.014486860 -3.846309662 -0.997431040 0.008085323 -0.071176417 108.410827637
-0.071761176 0.014133269 0.997321665 38.662883759 0.007203149 0.999880970 -0.013651238 -3.866418839 -0.997395873 0.006204227 -0.071854427 108.357162476
-0.072838902 0.013218992 0.997256100 39.177661896 0.006680176 0.999896288 -0.012766073 -3.882095814 -0.997321367 0.005731980 -0.072919659 108.329452515
-0.073327467 0.012977618 0.997223437 39.906600952 0.006827682 0.999898493 -0.012510380 -3.912132740 -0.997284472 0.005891370 -0.073408633 108.273300171
-0.073766306 0.015387163 0.997156799 40.483779907 0.006918330 0.999864817 -0.014917158 -3.931112766 -0.997251630 0.005798276 -0.073862776 108.241371155
-0.074335448 0.018497497 0.997061670 41.203361511 0.007458013 0.999810338 -0.017992463 -3.953617096 -0.997205496 0.006098622 -0.074459299 108.195281982
-0.074246399 0.019933093 0.997040629 41.793846130 0.004955534 0.999795258 -0.019619146 -3.975950718 -0.997227669 0.003484218 -0.074329972 108.157508850
-0.074896149 0.020205148 0.996986568 42.504592896 0.005032078 0.999789715 -0.019883934 -4.007565975 -0.997178733 0.003527685 -0.074982069 108.119064331
-0.074083239 0.020382563 0.997043729 43.084213257 0.007052775 0.999776781 -0.019914392 -4.027596474 -0.997227192 0.005556602 -0.074210458 108.062660217
-0.074892782 0.019472273 0.997001469 43.782505035 0.006959953 0.999795139 -0.019004023 -4.060550690 -0.997167408 0.005515819 -0.075012974 108.013381958
-0.074431844 0.020008776 0.997025311 44.377937317 0.003834558 0.999797046 -0.019778136 -4.076046944 -0.997218728 0.002351029 -0.074493468 107.970237732
-0.073502064 0.020293366 0.997088552 45.055038452 0.001818116 0.999794006 -0.020214403 -4.106249332 -0.997293472 0.000327022 -0.073523819 107.917358398
-0.074563690 0.019003239 0.997035146 45.685768127 0.003223173 0.999817848 -0.018815227 -4.124853611 -0.997211039 0.001810684 -0.074611366 107.890724182
-0.075500317 0.018570524 0.996972799 46.381240845 0.003509635 0.999825358 -0.018357873 -4.145991325 -0.997139692 0.002112985 -0.075552307 107.837333679
-0.078830183 0.017962249 0.996726155 46.971088409 0.000460529 0.999838233 -0.017981911 -4.168838501 -0.996887982 -0.000958498 -0.078825697 107.796897888
-0.083680063 0.017214976 0.996343970 47.645442963 -0.003228081 0.999840856 -0.017546516 -4.201001167 -0.996487439 -0.004684574 -0.083611175 107.740554810
-0.090232193 0.020850545 0.995702505 48.245231628 -0.000047141 0.999780655 -0.020940220 -4.224734306 -0.995920718 -0.001936416 -0.090211436 107.695648193
-0.096985377 0.024252770 0.994990349 48.916679382 0.003042244 0.999705553 -0.024071170 -4.242139339 -0.995281219 0.000692454 -0.097030617 107.635269165
-0.104037896 0.025472736 0.994247019 49.518295288 0.001813638 0.999675155 -0.025422024 -4.269185066 -0.994571686 -0.000841648 -0.104050286 107.565086365
-0.110965185 0.024430145 0.993524015 50.207126617 -0.002163303 0.999689460 -0.024823369 -4.295846462 -0.993821919 -0.004903823 -0.110877864 107.504089355
-0.115392312 0.023207366 0.993048787 50.810829163 -0.002094488 0.999719143 -0.023606624 -4.322092533 -0.993317842 -0.004803952 -0.115311287 107.422813416
-0.120062426 0.025151556 0.992447674 51.505489349 -0.003538950 0.999661922 -0.025762506 -4.329274178 -0.992760122 -0.006605329 -0.119932808 107.347373962
-0.123857699 0.023401383 0.992023945 52.144813538 -0.006802659 0.999678373 -0.024431279 -4.364671230 -0.992276728 -0.009774404 -0.123658672 107.264091492
-0.126637340 0.020689495 0.991733372 52.858196259 -0.005894923 0.999749124 -0.021609461 -4.383966446 -0.991931736 -0.008582755 -0.126483604 107.180458069
-0.128322646 0.017078936 0.991585374 53.513420105 -0.004108002 0.999833941 -0.017752631 -4.415857315 -0.991724074 -0.006351500 -0.128231168 107.094306946
-0.130234823 0.014663363 0.991374731 54.246192932 -0.004243931 0.999873221 -0.015346579 -4.435180664 -0.991474092 -0.006205985 -0.130156070 107.007461548
-0.131362528 0.014364976 0.991230249 54.914436340 -0.004977626 0.999872804 -0.015149883 -4.457389832 -0.991321921 -0.006924100 -0.131274313 106.923568726
-0.131775916 0.018147608 0.991113305 55.628055573 -0.002999933 0.999820471 -0.018705903 -4.480354786 -0.991274953 -0.005438261 -0.131697789 106.829063416
-0.131922141 0.022190237 0.991011560 56.326156616 0.002885904 0.999753773 -0.022001818 -4.504910946 -0.991255879 -0.000042562 -0.131953686 106.734260559
-0.132463023 0.027661854 0.990801811 57.057865143 0.010406949 0.999594152 -0.026515992 -4.529824257 -0.991133332 0.006798836 -0.132697150 106.626892090
-0.133154050 0.028557979 0.990683794 57.762214661 0.011060021 0.999565363 -0.027327465 -4.556234360 -0.991033614 0.007318220 -0.133412018 106.532890320
-0.133811384 0.025626956 0.990675390 58.501674652 0.008103108 0.999660492 -0.024764886 -4.590870857 -0.990973651 0.004713724 -0.133973613 106.441711426
-0.133219928 0.021209037 0.990859509 59.215209961 0.009189686 0.999754488 -0.020163886 -4.614113331 -0.991043866 0.006419457 -0.133382112 106.343101501
-0.133502856 0.019030023 0.990865648 59.957550049 0.010920135 0.999783158 -0.017729979 -4.644907951 -0.990988195 0.008453385 -0.133681715 106.246643066
-0.134215891 0.018897908 0.990771890 60.661922455 0.011772799 0.999777973 -0.017474875 -4.673628807 -0.990882337 0.009318749 -0.134408563 106.147460938
-0.135695145 0.019695099 0.990554810 61.401702881 0.010207228 0.999777198 -0.018480187 -4.697035789 -0.990698099 0.007603148 -0.135865912 106.053535461
-0.138081655 0.020542029 0.990207791 62.092205048 0.009652710 0.999765337 -0.019394260 -4.725926399 -0.990373850 0.006880197 -0.138247520 105.963958740
-0.140353084 0.020157745 0.989896238 62.838935852 0.010253559 0.999768794 -0.018904975 -4.755138397 -0.990048528 0.007496588 -0.140527278 105.863868713
-0.142341420 0.021011803 0.989594579 63.531021118 0.010940038 0.999746919 -0.019653775 -4.770270348 -0.989757180 0.008028654 -0.142535269 105.766342163
-0.144398510 0.020526763 0.989306688 64.281616211 0.010417738 0.999760866 -0.019223111 -4.797248363 -0.989464819 0.007530548 -0.144577846 105.661964417
-0.146223083 0.020570658 0.989037752 64.989639282 0.007420057 0.999778450 -0.019697042 -4.826699257 -0.989223778 0.004458555 -0.146343336 105.559196472
-0.147133052 0.022415090 0.988862753 65.725112915 0.008497764 0.999734879 -0.021397153 -4.854087830 -0.989080191 0.005254894 -0.147284552 105.449813843
-0.148398861 0.022430057 0.988673151 66.524726868 0.006660447 0.999742687 -0.021681465 -4.883137703 -0.988905072 0.003367502 -0.148510098 105.336029053
-0.149637759 0.023455266 0.988462627 67.293991089 0.007070682 0.999718368 -0.022651965 -4.901856899 -0.988715470 0.003599516 -0.149761498 105.229782104
-0.150439650 0.021441776 0.988386810 67.921493530 0.006960231 0.999762952 -0.020629177 -4.921090603 -0.988594711 0.003775954 -0.150553286 105.132354736
-0.151712894 0.018931327 0.988243282 68.684562683 0.004512700 0.999819458 -0.018460305 -4.943521976 -0.988414347 0.001658979 -0.151770964 105.041633606
-0.153619140 0.017424250 0.987976432 69.414718628 0.001816590 0.999847829 -0.017351156 -4.960622787 -0.988128364 -0.000870721 -0.153627411 104.925720215
-0.155545518 0.016894381 0.987684190 70.178138733 0.003615900 0.999856770 -0.016533142 -4.983300209 -0.987822115 0.000999711 -0.155584306 104.810401917
-0.157747447 0.017874442 0.987317681 70.962432861 0.004614810 0.999838650 -0.017363798 -5.001821518 -0.987468600 0.001817189 -0.157804504 104.697372437
-0.159763142 0.018701520 0.986978173 71.699539185 0.003864362 0.999824703 -0.018319409 -5.041800499 -0.987147808 0.000887275 -0.159807459 104.567192078
-0.161318257 0.022363309 0.986649036 72.496170044 0.005203840 0.999748588 -0.021809390 -5.065372467 -0.986888647 0.001616110 -0.161394089 104.444648743
-0.161481440 0.026217300 0.986527503 73.277511597 0.007391057 0.999651074 -0.025356250 -5.099176407 -0.986848056 0.003196918 -0.161618903 104.312286377
-0.162759706 0.030066999 0.986207426 74.006515503 0.008116587 0.999542534 -0.029134020 -5.128871918 -0.986632347 0.003262795 -0.162929296 104.192306519
-0.161962241 0.031281710 0.986300945 74.805938721 0.010435046 0.999495804 -0.029986640 -5.158896446 -0.986741841 0.005435392 -0.162207022 104.047729492
-0.161616132 0.030741466 0.986374736 75.569618225 0.013691355 0.999488354 -0.028906861 -5.192196846 -0.986758769 0.008832991 -0.161954284 103.929260254
-0.161538765 0.028988544 0.986440480 76.389892578 0.014235535 0.999532878 -0.027042095 -5.224563599 -0.986763775 0.009674160 -0.161875978 103.795623779
-0.161019802 0.027678736 0.986562967 77.213676453 0.013241843 0.999577284 -0.025882624 -5.252986908 -0.986862361 0.008896296 -0.161318243 103.670608521
-0.158997968 0.024655467 0.986970901 77.957550049 0.012565508 0.999657691 -0.022948127 -5.290017605 -0.987198949 0.008753088 -0.159253344 103.556221008
-0.157271028 0.021425486 0.987323046 78.794837952 0.012622154 0.999726653 -0.019684063 -5.321924210 -0.987474799 0.009366413 -0.157498464 103.421241760
-0.155568555 0.017818106 0.987664342 79.630447388 0.012751737 0.999790192 -0.016028320 -5.353716373 -0.987742782 0.010100930 -0.155763134 103.298515320
-0.154142708 0.018102909 0.987882733 80.374114990 0.012316168 0.999789715 -0.016399369 -5.376221180 -0.987971783 0.009639090 -0.154333264 103.194610596
-0.152790353 0.022096310 0.988011539 81.216796875 0.013049453 0.999707997 -0.020339869 -5.412768364 -0.988172412 0.009785274 -0.153034076 103.073951721
-0.151128396 0.028697293 0.988097429 82.052185059 0.013331166 0.999546826 -0.026990827 -5.438443661 -0.988424242 0.009093411 -0.151442498 102.946609497
-0.149491787 0.031957164 0.988246441 82.795921326 0.010846004 0.999470413 -0.030679453 -5.464353561 -0.988703489 0.006132198 -0.149759248 102.842071533
-0.148255453 0.029762220 0.988501072 83.650421143 0.009160950 0.999545574 -0.028720785 -5.494824409 -0.988906622 0.004797596 -0.148460731 102.732460022
-0.147154942 0.027352631 0.988735139 84.496421814 0.009704533 0.999609411 -0.026209120 -5.534057617 -0.989065945 0.005738412 -0.147362903 102.612777710
-0.146156758 0.025435735 0.988934338 85.220581055 0.011048135 0.999649048 -0.024078492 -5.564339161 -0.989199817 0.007406645 -0.146386489 102.487197876
