0.999962628 -0.003533924 -0.007892391 0.069169343 0.003519351 0.999992132 -0.001859506 -0.006829394 0.007898899 0.001831660 0.999967158 0.683313072
0.999926329 -0.002417756 -0.011893950 0.055770315 0.002381076 0.999992490 -0.003097057 -0.015035922 0.011901349 0.003068509 0.999924481 1.318760991
0.999864876 -0.002519675 -0.016237153 0.047131870 0.002447557 0.999987066 -0.004459919 -0.018599357 0.016248178 0.004419575 0.999858201 1.979142666
0.999729991 -0.001277734 -0.023201076 0.061296627 0.001143450 0.999982536 -0.005800195 -0.013658237 0.023208082 0.005772098 0.999713957 2.747313023
0.999604881 -0.002098034 -0.028027466 0.044239745 0.001929583 0.999979973 -0.006035882 -0.021413848 0.028039567 0.005979415 0.999588966 3.530143023
0.999493718 -0.000411755 -0.031812273 0.005760640 0.000196122 0.999977171 -0.006781143 -0.038188361 0.031814326 0.006771469 0.999470830 4.166904926
0.999299347 0.002072009 -0.037370518 -0.020410374 -0.002363931 0.999967039 -0.007769063 -0.038428333 0.037353192 0.007851959 0.999271393 4.948294163
0.999095321 0.002500156 -0.042452455 -0.053801402 -0.002773023 0.999975801 -0.006369899 -0.043184977 0.042435508 0.006481859 0.999078155 5.679879665
0.998896182 0.001417105 -0.046949323 -0.090968937 -0.001584460 0.999992549 -0.003527561 -0.051651232 0.046943974 0.003598056 0.998890996 6.470465660
0.998728275 0.001473367 -0.050393317 -0.141613916 -0.001527018 0.999998331 -0.001026161 -0.057884213 0.050391711 0.001101807 0.998728931 7.249388695
0.998471141 0.002787097 -0.055203218 -0.178192079 -0.002890462 0.999994218 -0.001792690 -0.065253809 0.055197898 0.001949512 0.998473585 8.168150902
0.998434961 0.001969475 -0.055888440 -0.243602633 -0.002081035 0.999995887 -0.001937996 -0.073532641 0.055884413 0.002051269 0.998435140 8.852160454
0.998204350 -0.000473393 -0.059896227 -0.273410887 0.000305163 0.999995947 -0.002817812 -0.079559803 0.059897333 0.002794474 0.998200536 9.791075706
0.998181641 -0.001246556 -0.060265485 -0.341276824 0.001145383 0.999997854 -0.001713300 -0.083495289 0.060267504 0.001641158 0.998180866 10.455640793
0.997973859 -0.003086756 -0.063548073 -0.389551759 0.002905502 0.999991417 -0.002944455 -0.075614125 0.063556612 0.002753850 0.997974396 11.406630516
0.997893631 -0.000693332 -0.064869829 -0.449335128 0.000410621 0.999990404 -0.004371369 -0.101283893 0.064872243 0.004335524 0.997884154 12.074791908
0.997670949 0.000056538 -0.068211339 -0.496334374 -0.000577371 0.999970913 -0.007615896 -0.101852775 0.068208925 0.007637540 0.997641742 13.009170532
0.997717977 0.003478619 -0.067429237 -0.586277843 -0.004065600 0.999954998 -0.008569848 -0.124480054 0.067396410 0.008824430 0.997687280 13.667645454
0.997522831 0.003806428 -0.070240647 -0.634041369 -0.004433032 0.999951839 -0.008767088 -0.125942409 0.070203885 0.009056750 0.997491539 14.601079941
0.997608602 0.003390793 -0.069032378 -0.707128346 -0.003857496 0.999970555 -0.006628457 -0.151873380 0.069007866 0.006878898 0.997592390 15.247551918
0.997460485 0.004008185 -0.071107902 -0.771082461 -0.004409331 0.999975324 -0.005485315 -0.157014489 0.071084149 0.005784923 0.997453570 16.170717239
0.997435093 0.002938060 -0.071514390 -0.835912466 -0.003282896 0.999983490 -0.004704860 -0.176972449 0.071499392 0.004927565 0.997428477 16.927274704
0.997231960 0.003081105 -0.074287325 -0.896241367 -0.003516569 0.999977350 -0.005731790 -0.188725293 0.074267983 0.005977161 0.997220457 17.862436295
0.997229457 0.001098727 -0.074378178 -0.988971829 -0.001606912 0.999975920 -0.006772941 -0.193800956 0.074368931 0.006873696 0.997207105 18.688072205
0.997138560 0.000691442 -0.075591959 -1.060097694 -0.001126006 0.999983132 -0.005706337 -0.197051957 0.075586736 0.005775125 0.997122526 19.634798050
0.997239888 0.002048382 -0.074217439 -1.163822889 -0.002187358 0.999996006 -0.001791315 -0.212200761 0.074213468 0.001948710 0.997240543 20.480714798
0.997213125 0.002184439 -0.074573956 -1.228683233 -0.002054918 0.999996245 0.001813496 -0.220768213 0.074577637 -0.001655199 0.997213900 21.427955627
0.997429132 0.001086344 -0.071650103 -1.342834234 -0.000725434 0.999986947 0.005062947 -0.231609792 0.071654655 -0.004997954 0.997416973 22.333015442
0.997502148 0.001838293 -0.070611149 -1.413622379 -0.001464632 0.999984682 0.005343225 -0.229538649 0.070619874 -0.005226460 0.997489512 23.297285080
0.997553229 0.002724888 -0.069857650 -1.477941036 -0.002596196 0.999994814 0.001932929 -0.228191048 0.069862552 -0.001746836 0.997555077 24.229524612
0.997610807 0.001662768 -0.069063246 -1.581044078 -0.001805413 0.999996364 -0.002003056 -0.246147484 0.069059663 0.002122958 0.997610271 25.352207184
0.997663260 0.000937557 -0.068315998 -1.645159960 -0.001279300 0.999986947 -0.004958801 -0.256546825 0.068310454 0.005034610 0.997651398 26.297653198
0.997771680 -0.001968501 -0.066690803 -1.765982270 0.001660099 0.999987662 -0.004679463 -0.242544234 0.066699214 0.004558322 0.997762740 27.325151443
0.997722328 -0.003278772 -0.067373849 -1.830174804 0.003249856 0.999994636 -0.000538781 -0.242868349 0.067375273 0.000318600 0.997727633 28.307422638
0.997729897 -0.006884963 -0.066989489 -1.880624056 0.007184281 0.999965250 0.004228262 -0.275143206 0.066958047 -0.004699936 0.997744679 29.040861130
0.997575283 -0.012831982 -0.068402439 -1.936935186 0.013036638 0.999911785 0.002546397 -0.270866096 0.068363726 -0.003431961 0.997654557 30.013130188
0.997458696 -0.016580775 -0.069290020 -2.037175417 0.016569518 0.999862432 -0.000737250 -0.280624032 0.069292709 -0.000412726 0.997596264 30.972805023
0.997342885 -0.015882477 -0.071096100 -2.110809088 0.015582247 0.999867201 -0.004775519 -0.290922284 0.071162492 0.003654992 0.997458041 31.955144882
0.997258008 -0.015409348 -0.072380111 -2.205178261 0.015041989 0.999871075 -0.005617795 -0.296644330 0.072457336 0.004513650 0.997361243 32.867717743
0.997187197 -0.014916115 -0.073451452 -2.289193869 0.014591226 0.999881208 -0.004957820 -0.303345740 0.073516674 0.003872129 0.997286439 33.864772797
0.997101724 -0.012122334 -0.075106710 -2.359853983 0.011991327 0.999925673 -0.002195008 -0.312855422 0.075127736 0.001288017 0.997173011 34.839015961
0.997005522 -0.013649583 -0.076115526 -2.480869770 0.013652309 0.999906659 -0.000484538 -0.313260943 0.076115057 -0.000556066 0.997098923 35.847995758
0.996906579 -0.012492700 -0.077597432 -2.554070711 0.012688246 0.999917507 0.002027461 -0.314057171 0.077565730 -0.003005765 0.996982753 36.829372406
0.997015834 -0.013437935 -0.076018929 -2.701866627 0.013840945 0.999892831 0.004777037 -0.315197170 0.075946599 -0.005814957 0.997094989 37.837226868
0.997042000 -0.007183251 -0.076522365 -2.799126625 0.007694392 0.999950051 0.006386900 -0.311484903 0.076472685 -0.006956802 0.997047544 38.837348938
0.996970177 -0.007386771 -0.077434666 -2.863317966 0.007866573 0.999951720 0.005893019 -0.320914298 0.077387415 -0.006484311 0.996980131 39.839412689
0.997061610 -0.008791497 -0.076097891 -3.020673990 0.009155383 0.999948204 0.004434271 -0.320758760 0.076054975 -0.005117947 0.997090518 40.830150604
0.997060955 -0.005935031 -0.076381773 -3.105409145 0.006106101 0.999979258 0.002006322 -0.325093716 0.076368295 -0.002466821 0.997076631 41.823390961
0.997075617 -0.006819108 -0.076115444 -3.188564062 0.007025857 0.999972343 0.002448814 -0.340067506 0.076096661 -0.002976430 0.997096002 42.618881226
0.996951282 -0.008529539 -0.077557079 -3.263663769 0.008811685 0.999955714 0.003296406 -0.341959685 0.077525549 -0.003969765 0.996982515 43.608493805
0.996959388 -0.007990300 -0.077511571 -3.361920834 0.008393232 0.999952912 0.004873953 -0.359701127 0.077468976 -0.005509705 0.996979594 44.476409912
0.996923864 -0.005620754 -0.078173332 -3.444556713 0.005718020 0.999983191 0.001020448 -0.370067894 0.078166276 -0.001464305 0.996939242 45.457645416
0.996879697 -0.005270395 -0.078759611 -3.532939196 0.005056334 0.999982953 -0.002917113 -0.381667197 0.078773640 0.002509779 0.996889412 46.428565979
0.996927261 -0.004421805 -0.078207277 -3.666870594 0.004080959 0.999981463 -0.004517546 -0.383657068 0.078225806 0.004184506 0.996926904 47.302505493
0.996879756 -0.005966023 -0.078709044 -3.738464117 0.005929252 0.999982178 -0.000700874 -0.404883176 0.078711815 0.000232002 0.996897399 48.279506683
0.996968091 -0.006733768 -0.077518620 -3.856511831 0.006944931 0.999972820 0.002454747 -0.422546804 0.077499971 -0.002985667 0.996987939 49.176582336
0.996893287 -0.009085128 -0.078237563 -3.931953430 0.009370330 0.999950767 0.003278974 -0.432808876 0.078203917 -0.004001900 0.996929407 50.149898529
0.996902525 -0.012293257 -0.077679314 -4.056543350 0.012452973 0.999921143 0.001572011 -0.439943731 0.077653877 -0.002534481 0.996977150 51.155204773
0.996825337 -0.014595862 -0.078268275 -4.133968830 0.014644451 0.999892712 0.000046823 -0.445378304 0.078259192 -0.001192871 0.996932328 52.111007690
0.996674180 -0.016468361 -0.079808444 -4.202019691 0.016606404 0.999861538 0.001066198 -0.458681107 0.079779811 -0.002387984 0.996809721 53.060806274
0.996933460 -0.017653521 -0.076235607 -4.329959393 0.018075701 0.999824882 0.004851321 -0.404733330 0.076136626 -0.006214457 0.997078061 52.110588074
0.996914566 -0.017804885 -0.076448299 -4.404636860 0.018605199 0.999779165 0.009769201 -0.408936143 0.076257490 -0.011161396 0.997025728 53.033557892
0.996870160 -0.016525216 -0.077309646 -4.482626438 0.017513013 0.999773204 0.012116631 -0.421082377 0.077091858 -0.013432628 0.996933699 54.029296875
0.996765733 -0.015316504 -0.078888722 -4.557674885 0.016002551 0.999839425 0.008071532 -0.429141223 0.078752413 -0.009307848 0.996850848 54.963195801
0.996709168 -0.013894130 -0.079860389 -4.645126343 0.013959352 0.999902487 0.000258431 -0.433690727 0.079849020 -0.001372380 0.996806085 55.915939331
0.996635377 -0.012628494 -0.080983490 -4.721206665 0.012316646 0.999914706 -0.004349191 -0.444373012 0.081031516 0.003337114 0.996706069 56.824954987
0.996652067 -0.006933674 -0.081464581 -4.812976360 0.006644697 0.999970675 -0.003817842 -0.457574546 0.081488647 0.003263752 0.996668935 57.764434814
0.996576130 -0.004024762 -0.082581103 -4.897076607 0.003887092 0.999990821 -0.001827800 -0.467564136 0.082587697 0.001500541 0.996582687 58.656703949
0.996291399 -0.002438454 -0.086007230 -4.916275978 0.002483284 0.999996841 0.000414254 -0.513822019 0.086005986 -0.000626299 0.996294498 59.830661774
0.996210515 -0.001682579 -0.086958095 -4.989981174 0.001727378 0.999998450 0.000439931 -0.531442463 0.086957246 -0.000588475 0.996211946 60.687496185
0.996095717 0.000071480 -0.088280238 -5.091239452 0.000004805 0.999999642 0.000863910 -0.537257552 0.088280275 -0.000860962 0.996095359 61.569236755
0.995957315 0.000887829 -0.089824133 -5.162871838 -0.000749622 0.999998510 0.001572367 -0.555360913 0.089825399 -0.001498677 0.995956421 62.390815735
0.995851219 0.000640711 -0.090994097 -5.258432865 -0.000470368 0.999998212 0.001893453 -0.563722074 0.090995125 -0.001842797 0.995849669 63.266120911
0.995732367 -0.000108204 -0.092287235 -5.333364010 0.000403151 0.999994874 0.003177333 -0.575366974 0.092286423 -0.003200979 0.995727360 64.077903748
0.995633066 0.003103711 -0.093301080 -5.426337719 -0.002587480 0.999980688 0.005653434 -0.583384693 0.093316823 -0.005387332 0.995621920 64.891151428
0.995508015 0.004440338 -0.094572909 -5.506780148 -0.003538939 0.999946773 0.009696862 -0.589879036 0.094610915 -0.009318616 0.995470822 65.679336548
0.995339811 0.007964506 -0.096099414 -5.584817886 -0.006882207 0.999909103 0.011588505 -0.601023316 0.096182980 -0.010873125 0.995304286 66.449523926
0.995195568 0.010816087 -0.097306907 -5.671707630 -0.010141313 0.999920964 0.007426404 -0.610056698 0.097379535 -0.006403905 0.995226741 67.198631287
0.995099425 0.010655324 -0.098303370 -5.759039879 -0.010726782 0.999942482 -0.000198411 -0.613735557 0.098295607 0.001251918 0.995156467 67.947090149
0.994944751 0.009793103 -0.099944480 -5.823308468 -0.010440915 0.999927759 -0.005960688 -0.626620710 0.099878892 0.006974068 0.994975209 68.656448364
0.994896054 0.010344601 -0.100372322 -5.898862839 -0.011127315 0.999911964 -0.007241369 -0.630930066 0.100288570 0.008321285 0.994923592 69.346076965
0.994887888 0.013306222 -0.100104801 -6.003887653 -0.013759519 0.999897957 -0.003839141 -0.642167151 0.100043483 0.005196909 0.994969428 70.036239624
0.994814813 0.013999732 -0.100734621 -6.090794563 -0.014249228 0.999896884 -0.001757641 -0.659512043 0.100699618 0.003183918 0.994911730 70.696510315
0.994764268 0.010339206 -0.101671353 -6.156915665 -0.010869943 0.999930024 -0.004667462 -0.681378603 0.101615995 0.005748188 0.994807065 71.306053162
0.994755924 0.002215925 -0.102253273 -6.198650360 -0.003258835 0.999944329 -0.010033364 -0.693002760 0.102225348 0.010313975 0.994707823 71.954132080
0.994872272 -0.001604856 -0.101126857 -6.256399155 0.000066395 0.999884188 -0.015214710 -0.696462750 0.101139575 0.015129976 0.994757175 72.549530029
0.995185792 0.000618009 -0.098003931 -6.317968845 -0.002141963 0.999878347 -0.015445475 -0.711836338 0.097982466 0.015581040 0.995066166 73.127548218
0.995572448 0.005622845 -0.093828924 -6.387926102 -0.006782182 0.999904633 -0.012041551 -0.736426055 0.093752258 0.012624601 0.995515466 73.720161438
0.996001422 0.004168956 -0.089240417 -6.435259342 -0.005003358 0.999945819 -0.009128367 -0.744898200 0.089197524 0.009538367 0.995968282 74.275177002
0.996504426 0.000680384 -0.083537377 -6.470143795 -0.001089124 0.999987662 -0.004847414 -0.757243693 0.083533064 0.004921451 0.996492863 74.812515259
0.997092724 -0.004990791 -0.076033920 -6.501457214 0.004927971 0.999987364 -0.001013802 -0.786378145 0.076038033 0.000636162 0.997104704 75.360275269
0.997860789 -0.001328853 -0.065362029 -6.532827377 0.001237319 0.999998212 -0.001440877 -0.791509867 0.065363839 0.001356921 0.997860610 75.872863770
0.998743057 0.003791940 -0.049979862 -6.565620899 -0.003893477 0.999990523 -0.001934358 -0.801366687 0.049972069 0.002126523 0.998748422 76.375114441
0.999452353 0.008923037 -0.031864211 -6.583525658 -0.008953178 0.999959588 -0.000803444 -0.815568268 0.031855747 0.001088290 0.999491870 76.893852234
0.999927819 0.007629256 -0.009274282 -6.582295895 -0.007629164 0.999970853 0.000045015 -0.825076878 0.009274358 0.000025744 0.999956965 77.372970581
0.999850214 0.003764269 0.016891781 -6.551398277 -0.003782100 0.999992311 0.001023832 -0.829421401 -0.016887791 -0.001087565 0.999856770 77.834739685
0.998953938 0.002781287 0.045646053 -6.495079994 -0.002899742 0.999992609 0.002529120 -0.836204827 -0.045638688 -0.002658837 0.998954415 78.319671631
0.996825755 0.002398713 0.079578996 -6.454131603 -0.002728521 0.999988139 0.004035938 -0.840889275 -0.079568371 -0.004240260 0.996820331 78.764884949
0.993226051 0.002335030 0.116174705 -6.360634804 -0.002878532 0.999985695 0.004510773 -0.843301058 -0.116162509 -0.004814630 0.993218541 79.200866699
0.987437248 0.002330397 0.157994479 -6.270163536 -0.003222472 0.999980330 0.005390299 -0.857012868 -0.157978833 -0.005831715 0.987425327 79.644859314
0.979002059 0.002435311 0.203835845 -6.167309761 -0.003716682 0.999975622 0.005903709 -0.865540385 -0.203816548 -0.006537336 0.978987336 80.058578491
0.967683971 0.004479865 0.252125889 -6.033954620 -0.005745164 0.999974370 0.004282593 -0.873654962 -0.252100259 -0.005592702 0.967685103 80.442245483
0.952374578 0.005208401 0.304886252 -5.862804413 -0.005984189 0.999980807 0.001610069 -0.880443573 -0.304872036 -0.003357885 0.952387393 80.856987000
0.932666779 0.005529143 0.360696733 -5.687587738 -0.005936404 0.999982417 0.000021183 -0.889485478 -0.360690296 -0.002160998 0.932683110 81.220649719
0.908678293 0.005948795 0.417454720 -5.492914200 -0.006080506 0.999980986 -0.001014384 -0.896325827 -0.417452872 -0.001616585 0.908697188 81.551422119
0.879537225 0.005940924 0.475793093 -5.275619507 -0.005544915 0.999982059 -0.002235971 -0.904082656 -0.475797832 -0.000671611 0.879554451 81.882736206
0.842542112 0.006355475 0.538592994 -5.055027008 -0.003395979 0.999973238 -0.006487364 -0.885139585 -0.538619816 0.003636828 0.842541099 82.155441284
0.805596113 0.006571460 0.592428625 -4.784572601 -0.002182891 0.999964654 -0.008123677 -0.883639932 -0.592461109 0.005251196 0.805582047 82.446884155
0.763947308 0.004617771 0.645262063 -4.519611359 -0.001620528 0.999984980 -0.005237724 -0.910151839 -0.645276606 0.002955680 0.763943374 82.734413147
0.720528007 0.004069840 0.693413794 -4.226284027 -0.003800208 0.999990940 -0.001920422 -0.926749647 -0.693415463 -0.001251400 0.720536947 82.989807129
0.675663114 0.003411019 0.737202704 -3.914642334 -0.002610679 0.999994099 -0.002234202 -0.923959792 -0.737205982 -0.000415032 0.675668061 83.207473755
0.626532435 0.002284652 0.779392004 -3.591636658 0.000411536 0.999994636 -0.003262134 -0.929282904 -0.779395282 0.002364581 0.626528084 83.448875427
0.579267442 -0.000365978 0.815137386 -3.248180389 0.006463347 0.999970496 -0.004144133 -0.933896303 -0.815111995 0.007669077 0.579252720 83.633979797
0.532472074 0.001592756 0.846445978 -2.906318665 0.004033104 0.999982238 -0.004418761 -0.945822477 -0.846437991 0.005766671 0.532456040 83.801345825
0.456652075 0.006097946 0.889624417 -3.113073349 -0.001542468 0.999980569 -0.006062620 -0.962919354 -0.889643848 0.001396292 0.456652641 84.261512756
0.410116643 0.007976292 0.911998153 -2.761165619 -0.003000519 0.999968112 -0.007396367 -0.976840854 -0.912028074 0.000296905 0.410127580 84.383613586
0.366921753 0.005691410 0.930234432 -2.446435928 0.004412438 0.999959350 -0.007858450 -0.980465651 -0.930241346 0.006988036 0.366881788 84.462699890
0.327471346 -0.002059013 0.944858909 -2.055191040 0.019508252 0.999799192 -0.004582477 -0.989844501 -0.944659710 0.019933175 0.327445775 84.535171509
0.290886849 -0.004930122 0.956744730 -1.711687088 0.023111971 0.999731064 -0.001875284 -0.985708535 -0.956478298 0.022657750 0.290922523 84.611984253
0.256504089 -0.000888369 0.966542721 -1.330327988 0.019910103 0.999792218 -0.004364873 -0.993731916 -0.966338098 0.020363571 0.256468475 84.702735901
0.225224793 0.006585254 0.974284530 -0.974550247 0.008911759 0.999921322 -0.008818661 -1.003533125 -0.974266112 0.010668769 0.225148514 84.783699036
0.196468830 0.010471004 0.980454087 -0.570704460 0.004744563 0.999921024 -0.011629647 -1.018288374 -0.980498672 0.006936689 0.196403652 84.855598450
0.170854345 0.012400746 0.985218346 -0.215347290 0.005464238 0.999893486 -0.013533060 -1.029990673 -0.985281289 0.007695648 0.170768425 84.893913269
0.146395549 0.014817193 0.989115059 0.207934380 0.012007852 0.999787569 -0.016754311 -1.036542177 -0.989153326 0.014329907 0.146186531 84.937431335
0.127368018 0.020311350 0.991647542 0.573646545 0.019208618 0.999552250 -0.022940433 -1.040616632 -0.991669595 0.021970054 0.126920864 84.941413879
0.107403547 0.027432563 0.993836999 0.991389275 0.021373533 0.999324501 -0.029893862 -1.036215663 -0.993985772 0.024452522 0.106744669 84.974128723
0.089491695 0.027996309 0.995594025 1.456987381 0.019146271 0.999371707 -0.029823553 -1.047528267 -0.995803654 0.021730876 0.088899434 85.015266418
0.074124746 0.023581827 0.996970117 1.870162010 0.016963905 0.999545932 -0.024904022 -1.067357659 -0.997104764 0.018758511 0.073691048 85.033988953
0.059815392 0.020869998 0.997991204 2.363488674 0.017176287 0.999611974 -0.021933366 -1.081525922 -0.998061717 0.018453741 0.059433710 85.052482605
0.045297720 0.017948367 0.998812258 2.844010592 0.019444427 0.999633253 -0.018844957 -1.099163651 -0.998784304 0.020274969 0.044932116 85.083847046
0.033772610 0.017422080 0.999277592 3.366064310 0.022799293 0.999574304 -0.018197805 -1.109287262 -0.999169409 0.023397414 0.033361036 85.083152771
0.025104789 0.017905775 0.999524355 3.749660969 0.027318852 0.999453843 -0.018590674 -1.124774218 -0.999311447 0.027772577 0.024601899 85.050796509
0.017290246 0.018572832 0.999677956 4.303524017 0.029056711 0.999395847 -0.019070148 -1.137545466 -0.999428213 0.029377086 0.016740138 85.050819397
0.011609035 0.018955071 0.999752939 4.884400368 0.029787933 0.999369919 -0.019293707 -1.154010177 -0.999488831 0.030004557 0.011037086 85.054008484
0.006221387 0.019826645 0.999784052 5.343712330 0.033042088 0.999253392 -0.020021733 -1.165928245 -0.999434650 0.033159517 0.005561627 85.032875061
0.000589204 0.020250749 0.999794781 5.910373688 0.034107309 0.999212801 -0.020259067 -1.184988022 -0.999418020 0.034112245 -0.000101951 85.017738342
-0.003310364 0.020310322 0.999788225 6.531796932 0.036548525 0.999128222 -0.020175902 -1.196040511 -0.999326408 0.036473997 -0.004049791 85.003326416
-0.006562797 0.020503035 0.999768198 7.141623497 0.038346548 0.999059618 -0.020236783 -1.212905645 -0.999242961 0.038204856 -0.007342854 84.989585876
-0.009163066 0.019697025 0.999764025 7.790781975 0.039789595 0.999021351 -0.019317714 -1.231627703 -0.999166071 0.039603192 -0.009937841 84.974426270
-0.011714738 0.019571543 0.999739826 8.443960190 0.041322235 0.998963833 -0.019072145 -1.239424825 -0.999077201 0.041088060 -0.012511342 84.948005676
-0.012309513 0.019293608 0.999738097 9.139523506 0.045964465 0.998767853 -0.018708929 -1.261124253 -0.998867214 0.045722127 -0.013181166 84.933586121
-0.010710451 0.019281587 0.999756694 9.808175087 0.049210843 0.998612702 -0.018732324 -1.266902208 -0.998730898 0.048998237 -0.011644457 84.892234802
-0.008289035 0.019198800 0.999781311 10.549739838 0.051077638 0.998518586 -0.018751074 -1.285940170 -0.998660266 0.050911043 -0.009257389 84.882461548
-0.004751376 0.019520175 0.999798179 11.282743454 0.052615985 0.998429358 -0.019243401 -1.300063610 -0.998603463 0.052513931 -0.005770996 84.891578674
0.000998118 0.019225826 0.999814630 11.982226372 0.053580489 0.998377979 -0.019251687 -1.307278037 -0.998563051 0.053589758 -0.000033631 84.832031250
0.004714021 0.017979968 0.999827147 12.753146172 0.054613333 0.998341560 -0.018210741 -1.322279096 -0.998496413 0.054689739 0.003724254 84.848670959
0.008919481 0.016066870 0.999831140 13.541718483 0.054912489 0.998354316 -0.016533012 -1.346352458 -0.998451352 0.055050690 0.008022527 84.851066589
0.013830913 0.013213259 0.999817014 14.198245049 0.052070562 0.998546481 -0.013916785 -1.367354870 -0.998547614 0.052253529 0.013122773 84.809974670
0.017563004 0.012697614 0.999765038 15.009495735 0.050645120 0.998624563 -0.013572817 -1.380314469 -0.998562217 0.050871618 0.016895769 84.838737488
0.022399940 0.013215958 0.999661744 15.812901497 0.048593838 0.998716354 -0.014292330 -1.397635937 -0.998567402 0.048897550 0.021728966 84.842735291
0.026542163 0.015923105 0.999520898 16.565303802 0.045489382 0.998818099 -0.017119875 -1.449495316 -0.998612106 0.045921993 0.025786478 84.814064026
0.028120708 0.021179073 0.999380112 17.376056671 0.039205231 0.998982966 -0.022273812 -1.472033739 -0.998835325 0.039807294 0.027261790 84.842758179
0.028085206 0.024274003 0.999310732 18.198358536 0.036441803 0.999015689 -0.025291022 -1.491769075 -0.998941064 0.037126992 0.027172979 84.866683960
0.028422419 0.023845093 0.999311507 19.017173767 0.034611855 0.999092460 -0.024824297 -1.513436079 -0.998996556 0.035293598 0.027571302 84.885231018
0.028579783 0.021844113 0.999352813 19.829053879 0.032093652 0.999225736 -0.022759158 -1.542333126 -0.999076128 0.032723341 0.027856603 84.909294128
0.028752960 0.020371377 0.999378920 20.631534576 0.032755058 0.999236226 -0.021310860 -1.574188352 -0.999049664 0.033347469 0.028063750 84.919593811
0.029175561 0.019385694 0.999386311 21.451311111 0.030017382 0.999344110 -0.020261185 -1.611185670 -0.999123454 0.030590093 0.028574519 84.947906494
0.029464988 0.019572839 0.999374151 22.296993256 0.029255442 0.999363065 -0.020435177 -1.636943817 -0.999137521 0.029839255 0.028873613 84.980842590
0.030313563 0.020106032 0.999338150 23.030176163 0.025805933 0.999448597 -0.020891046 -1.661432385 -0.999207199 0.026422147 0.029777981 84.967483521
0.028623456 0.021271782 0.999363840 23.844467163 0.022978019 0.999495327 -0.021932712 -1.687884092 -0.999326050 0.023591189 0.028120231 85.006385803
0.026182739 0.020851800 0.999439597 24.610704422 0.020200262 0.999567211 -0.021383654 -1.713862062 -0.999453008 0.020748831 0.025750214 85.005722046
0.022402853 0.019572068 0.999557316 25.427579880 0.017786890 0.999642253 -0.019972384 -1.740734816 -0.999590755 0.018226454 0.022046719 85.031593323
0.017398337 0.017114256 0.999702036 26.234931946 0.015592624 0.999727249 -0.017386053 -1.763737798 -0.999727011 0.015890470 0.017126739 85.046897888
0.012086870 0.015120355 0.999812603 27.033138275 0.013929941 0.999786019 -0.015288352 -1.785097718 -0.999829948 0.014112119 0.011873659 85.019653320
0.004798209 0.015018240 0.999875724 27.836698532 0.013807206 0.999790847 -0.015083225 -1.822368145 -0.999893069 0.013877864 0.004589842 85.025970459
-0.002581175 0.015299129 0.999879539 28.588838577 0.012758475 0.999802113 -0.015265005 -1.856840253 -0.999915302 0.012717534 -0.002775858 84.975669861
-0.012838568 0.015854456 0.999791861 29.394824982 0.013044650 0.999791861 -0.015686946 -1.876078010 -0.999832511 0.012840540 -0.013042713 84.970375061
-0.023157185 0.014570975 0.999625683 30.171659470 0.014404740 0.999794900 -0.014239741 -1.907466173 -0.999628067 0.014069599 -0.023362333 84.941078186
-0.031867888 0.013253741 0.999404132 30.858621597 0.013840531 0.999822199 -0.012817948 -1.929665565 -0.999396265 0.013423802 -0.032045655 84.841926575
-0.042943727 0.012499737 0.998999238 31.633575439 0.015019713 0.999816835 -0.011864319 -1.948699594 -0.998964608 0.014495183 -0.043123603 84.801506042
-0.052740347 0.012860063 0.998525441 32.432472229 0.016112909 0.999797821 -0.012025394 -1.977110505 -0.998478234 0.015454930 -0.052936904 84.705978394
-0.063613802 0.013434609 0.997884154 33.232295990 0.015855489 0.999796808 -0.012449593 -1.995652080 -0.997848630 0.015029978 -0.063813888 84.651916504
-0.073396288 0.014426568 0.997198522 33.971000671 0.015262130 0.999794543 -0.013340797 -2.024409533 -0.997186005 0.014240208 -0.073601395 84.573112488
-0.081516638 0.015128794 0.996557176 34.693649292 0.015193458 0.999787509 -0.013935038 -2.038609505 -0.996556163 0.014005207 -0.081729181 84.411468506
-0.090846211 0.015759163 0.995740294 35.461715698 0.015389904 0.999777675 -0.014418964 -2.062932014 -0.995746017 0.014014438 -0.091068551 84.329650879
-0.099948227 0.016253458 0.994859934 36.211078644 0.016752716 0.999752343 -0.014650332 -2.084171534 -0.994851589 0.015202331 -0.100195788 84.228935242
-0.109259702 0.016764315 0.993871868 36.943435669 0.017307580 0.999738336 -0.014960587 -2.099790573 -0.993862510 0.015566926 -0.109521270 84.148803711
-0.117042333 0.016092760 0.992996454 37.669555664 0.019177606 0.999718904 -0.013941279 -2.124497890 -0.992941737 0.017411578 -0.117318079 84.022247314
-0.124417119 0.014877636 0.992118359 38.391616821 0.020144125 0.999719322 -0.012465434 -2.147557259 -0.992025554 0.018434444 -0.124681890 83.929199219
-0.130169779 0.013654158 0.991397679 39.122264862 0.023289494 0.999671400 -0.010710211 -2.162737608 -0.991218090 0.021695003 -0.130444989 83.847915649
-0.132152185 0.011859444 0.991158366 39.789272308 0.027993817 0.999574244 -0.008227697 -2.182837248 -0.990834177 0.026658995 -0.132427886 83.683212280
-0.135274172 0.010866478 0.990748525 40.498535156 0.029979270 0.999526858 -0.006869469 -2.201724529 -0.990354598 0.028772658 -0.135535941 83.596549988
-0.136145964 0.009640632 0.990641713 41.136146545 0.029175963 0.999557912 -0.005717689 -2.215462208 -0.990259111 0.028124489 -0.136367023 83.471710205
-0.136774063 0.010190906 0.990549862 41.806381226 0.030437229 0.999518156 -0.006080434 -2.232049465 -0.990134537 0.029317947 -0.137018323 83.377395630
-0.134858802 0.011803458 0.990794420 42.506958008 0.032059707 0.999457479 -0.007542957 -2.233433247 -0.990346014 0.030747345 -0.135164097 83.256439209
-0.131679907 0.014013018 0.991193116 43.138557434 0.034089241 0.999372721 -0.009599905 -2.237869740 -0.990705967 0.032524906 -0.132075027 83.167762756
-0.126640335 0.014145127 0.991847813 43.779613495 0.033560235 0.999386907 -0.009967629 -2.258602381 -0.991380870 0.032024339 -0.127037421 83.086685181
-0.118988559 0.014779278 0.992785633 44.353626251 0.033236548 0.999388158 -0.010894059 -2.280082464 -0.992339253 0.031700503 -0.119406983 83.026115417
-0.107083313 0.015061448 0.994135976 44.941043854 0.032304320 0.999409974 -0.011661694 -2.289305449 -0.993725121 0.030866111 -0.107506685 82.951286316
-0.093376756 0.015262344 0.995513916 45.502086639 0.032078825 0.999409497 -0.012313154 -2.306105137 -0.995113969 0.030785155 -0.093811229 82.909271240
-0.075658232 0.016830411 0.996991694 46.038791656 0.031783514 0.999390185 -0.014458962 -2.321973324 -0.996627152 0.030593961 -0.076147027 82.863433838
-0.054264426 0.019263234 0.998340726 46.552310944 0.030259915 0.999386489 -0.017638639 -2.337168455 -0.998067975 0.029252553 -0.054814022 82.841690063
-0.028381286 0.022165803 0.999351323 47.059844971 0.028750140 0.999358594 -0.021349471 -2.359626770 -0.999183595 0.028125575 -0.029000355 82.819480896
-0.000090202 0.023502251 0.999723673 47.562953949 0.026591636 0.999370337 -0.023491548 -2.382942915 -0.999646366 0.026582176 -0.000715114 82.838844299
0.032023944 0.023337847 0.999214470 48.091457367 0.024406780 0.999410987 -0.024124648 -2.398094416 -0.999189079 0.025160180 0.031435497 82.906883240
0.071481682 0.020727491 0.997226477 48.601982117 0.024409402 0.999448419 -0.022523347 -2.417629242 -0.997143209 0.025951717 0.070936292 82.924468994
0.113486461 0.016503720 0.993402481 49.097827911 0.022116283 0.999572396 -0.019132789 -2.442861080 -0.993293464 0.024141688 0.113072917 83.006950378
0.159118369 0.012038494 0.987186015 49.553771973 0.019314449 0.999696374 -0.015304229 -2.465818644 -0.987070620 0.021502141 0.158837527 83.101196289
0.208962232 0.008948068 0.977882743 50.034320831 0.015408387 0.999803841 -0.012441248 -2.475222111 -0.977802336 0.017667344 0.208783358 83.212768555
0.261406690 0.007580005 0.965198934 50.494834900 0.012005885 0.999866247 -0.011103833 -2.487321854 -0.965154111 0.014490685 0.261280745 83.355918884
0.319070309 0.007159673 0.947703958 50.889045715 0.012013962 0.999860525 -0.011598532 -2.500695229 -0.947654903 0.015086426 0.318939805 83.475807190
0.377299249 0.007808843 0.926058412 51.313556671 0.014792714 0.999786079 -0.014457460 -2.515518665 -0.925973237 0.019153705 0.377103060 83.681030273
0.438831538 0.010301350 0.898510337 51.719612122 0.015469521 0.999699414 -0.019016778 -2.541245461 -0.898436189 0.022244686 0.438540339 83.889984131
0.523961544 0.018264081 0.851546049 52.265937805 0.015150908 0.999412000 -0.030757988 -2.493175983 -0.851607203 0.029017700 0.523376763 83.871200562
0.581840694 0.022269255 0.812997818 52.636772156 0.010094542 0.999350369 -0.034598120 -2.512666225 -0.813240230 0.028337434 0.581237733 84.170242310
0.642612696 0.024536123 0.765798151 52.955024719 0.007848647 0.999223888 -0.038601201 -2.519833803 -0.766150951 0.030816097 0.641921401 84.372924805
0.694588125 0.025874879 0.718942106 53.266029358 0.005641516 0.999126375 -0.041409176 -2.537027359 -0.719385445 0.032818250 0.693835437 84.716133118
0.745490074 0.019357715 0.666235507 53.608585358 0.007540621 0.999269247 -0.037471779 -2.582562208 -0.666474044 0.032958668 0.744799376 85.078964233
0.789489686 0.016881647 0.613531470 53.869781494 0.005142516 0.999404669 -0.034116514 -2.589969397 -0.613742232 0.030089727 0.788932860 85.470436096
0.827667415 0.011165051 0.561107695 54.000759125 0.005035082 0.999614120 -0.027317604 -2.610933065 -0.561196148 0.025435116 0.827291846 85.782257080
0.862033248 0.009230917 0.506767631 54.199142456 0.002214169 0.999755919 -0.021977242 -2.625806332 -0.506846905 0.020067183 0.861802459 86.223991394
0.891621947 0.005223597 0.452750444 54.377086639 0.002131040 0.999873936 -0.015732769 -2.635072708 -0.452775657 0.014992512 0.891498446 86.665649414
0.915990233 0.004055981 0.401179820 54.453426361 -0.000088350 0.999950886 -0.009907909 -2.656017303 -0.401200384 0.009040104 0.915945709 86.916137695
0.934895515 0.005721072 0.354876786 54.588111877 -0.003772334 0.999973774 -0.006182947 -2.679001808 -0.354902864 0.004441697 0.934892654 87.374481201
0.948840857 0.012115671 0.315521985 54.654571533 -0.011158455 0.999926031 -0.004840165 -2.679072618 -0.315557271 0.001071809 0.948905826 87.688781738
0.959690452 0.016161412 0.280593991 54.753005981 -0.015029917 0.999868035 -0.006184057 -2.686062336 -0.280656904 0.001717475 0.959806621 88.158905029
0.968056202 0.018773509 0.250029683 54.850910187 -0.017706877 0.999822021 -0.006514892 -2.693150997 -0.250107527 0.001879534 0.968216181 88.635307312
0.973562717 0.012595269 0.228072286 54.959564209 -0.011364604 0.999912918 -0.006708490 -2.700716972 -0.228136942 0.003939183 0.973621011 89.134246826
0.977224708 0.009388775 0.211999238 55.067184448 -0.008231472 0.999946058 -0.006340927 -2.708846569 -0.212047324 0.004451443 0.977249265 89.615478516
0.980044603 0.012497472 0.198384285 55.108695984 -0.011396630 0.999912620 -0.006689932 -2.709115505 -0.198450550 0.004295520 0.980101466 89.851638794
0.981822610 0.017729545 0.188970700 55.190074921 -0.016853945 0.999838412 -0.006239557 -2.712669849 -0.189050838 0.002941235 0.981962860 90.358711243
0.982925355 0.025321152 0.182254449 55.270351410 -0.024303893 0.999674082 -0.007813167 -2.714406013 -0.182392836 0.003250267 0.983220398 90.788986206
0.983202040 0.031242520 0.179827079 55.350021362 -0.029674886 0.999494553 -0.011401623 -2.722710609 -0.180092394 0.005873752 0.983632207 91.316383362
0.983416200 0.032093246 0.178500473 55.439052582 -0.030072328 0.999449432 -0.014016537 -2.735451698 -0.178852022 0.008416167 0.983839989 91.812934875
0.982926428 0.030072022 0.181524932 55.538383484 -0.027157357 0.999459565 -0.018521348 -2.736037493 -0.181983754 0.013275384 0.983211994 92.372917175
0.982308924 0.028951658 0.185016200 55.640308380 -0.024905121 0.999397814 -0.024158420 -2.757606506 -0.185604200 0.019123178 0.982438505 92.883682251
0.981610835 0.029534495 0.188595235 55.756378174 -0.024575414 0.999289334 -0.028579837 -2.772518158 -0.189305335 0.023419464 0.981638968 93.380271912
0.980496109 0.034311190 0.193519890 55.852493286 -0.029407291 0.999170840 -0.028157327 -2.789201736 -0.194325581 0.021917257 0.980692208 93.966430664
0.979385257 0.036927208 0.198597029 55.980102539 -0.032711212 0.999165237 -0.024469152 -2.802138329 -0.199334875 0.017468385 0.979775727 94.554061890
0.978399396 0.034567699 0.203812599 56.085388184 -0.031230828 0.999320686 -0.019566929 -2.823413849 -0.204350546 0.012779037 0.978814363 95.118858337
0.977635682 0.030582834 0.208069608 56.215053558 -0.028313853 0.999502838 -0.013875158 -2.840111256 -0.208390504 0.007673598 0.978015661 95.739135742
0.976805210 0.028005732 0.212290406 56.354404449 -0.026643321 0.999602139 -0.009276224 -2.855583668 -0.212465674 0.003404945 0.977162659 96.376625061
0.976591468 0.022918509 0.213878125 56.492683411 -0.021645233 0.999731302 -0.008293499 -2.871132135 -0.214010715 0.003469917 0.976825118 96.919708252
0.976458073 0.019576717 0.214817166 56.632732391 -0.017437296 0.999777794 -0.011849971 -2.880654573 -0.215001434 0.007825169 0.976582348 97.564102173
0.976632476 0.018652070 0.214105189 56.770015717 -0.015016802 0.999714375 -0.018592952 -2.898527145 -0.214390829 0.014943305 0.976633668 98.183120728
0.976665735 0.021134991 0.213722467 56.911010742 -0.015992982 0.999540210 -0.025759943 -2.905288219 -0.214168623 0.021740792 0.976554811 98.845703125
0.977245092 0.023862150 0.210766599 57.049171448 -0.018113272 0.999410450 -0.029164871 -2.927409649 -0.211338326 0.024683559 0.977101266 99.514091492
0.977732182 0.022657454 0.208629876 57.194957733 -0.017743612 0.999519944 -0.025394641 -2.935414314 -0.209105149 0.021127310 0.977664948 100.196060181
0.978160501 0.018599793 0.207017154 57.347526550 -0.015345228 0.999732435 -0.017316049 -2.963083267 -0.207283854 0.013761152 0.978184044 100.913894653
0.978578091 0.019583330 0.204942733 57.490924835 -0.017553890 0.999777257 -0.011716055 -2.980053425 -0.205126554 0.007867535 0.978703856 101.644172668
0.979024589 0.022637669 0.202480420 57.604003906 -0.020712987 0.999717951 -0.011619707 -3.010203838 -0.202686384 0.007182006 0.979217470 102.198539734
0.979235172 0.027982729 0.200787410 57.735893250 -0.025159881 0.999545634 -0.016597563 -3.024450064 -0.201160669 0.011201130 0.979494393 102.934394836
0.980051875 0.028700296 0.196658477 57.878036499 -0.024903620 0.999453187 -0.021752236 -3.040978432 -0.197175264 0.016420806 0.980230749 103.641090393
0.980890393 0.027621802 0.192590520 58.029808044 -0.023278868 0.999421895 -0.024777029 -3.060313225 -0.193163604 0.019820252 0.980966389 104.391540527
0.981723487 0.025214339 0.188635215 58.186992645 -0.021151302 0.999499559 -0.023521531 -3.077044964 -0.189133912 0.019101758 0.981765449 105.197853088
0.982435226 0.021627046 0.185346216 58.338760376 -0.017883927 0.999601483 -0.021843582 -3.096137762 -0.185744762 0.018145187 0.982430398 105.984321594
0.982759893 0.020149348 0.183785200 58.459815979 -0.017026294 0.999682844 -0.018555351 -3.125398159 -0.184100792 0.015106276 0.982791305 106.695686340
0.983054578 0.017207788 0.182503596 58.613792419 -0.014412074 0.999757707 -0.016633978 -3.138709068 -0.182745650 0.013721853 0.983064473 107.502120972
0.983226836 0.012214447 0.181977034 58.768466949 -0.009585977 0.999836743 -0.015316568 -3.159060001 -0.182134405 0.013315234 0.983183503 108.297172546
0.983321786 0.013136124 0.181399256 58.917057037 -0.010806536 0.999846101 -0.013824737 -3.177849293 -0.181552961 0.011633870 0.983312309 109.101028442
0.983137727 0.018339042 0.181944609 59.048976898 -0.015765272 0.999754310 -0.015582217 -3.201673508 -0.182185695 0.012451056 0.983185351 109.899246216
0.982915163 0.023844432 0.182508484 59.188316345 -0.020684941 0.999601841 -0.019195788 -3.214880466 -0.182893544 0.015092654 0.983016968 110.708076477
0.982688069 0.032404240 0.182411581 59.341308594 -0.029163761 0.999365985 -0.020419842 -3.244126797 -0.182957664 0.014746529 0.983010232 111.456970215
0.981850922 0.038654670 0.185672984 59.485038757 -0.035576042 0.999168992 -0.019885410 -3.270488977 -0.186287373 0.012918997 0.982410431 112.290885925
0.981149912 0.041090846 0.188828811 59.635139465 -0.038349211 0.999099433 -0.018151421 -3.291630745 -0.189404652 0.010567828 0.981842279 113.130889893
0.980566084 0.041919302 0.191658482 59.782722473 -0.039031502 0.999060631 -0.018819764 -3.317264557 -0.192267388 0.010973303 0.981281221 113.993270874
0.980140924 0.040045418 0.194216996 59.938713074 -0.036532506 0.999098063 -0.021637145 -3.340409756 -0.194908351 0.014112218 0.980719864 114.835350037
0.980165362 0.034012768 0.195241064 60.122024536 -0.030538719 0.999317527 -0.020777225 -3.361642361 -0.195814535 0.014402703 0.980535209 115.696243286
0.980387390 0.027462544 0.195157006 60.282585144 -0.023652142 0.999481857 -0.021828854 -3.392518759 -0.195655376 0.016784852 0.980529070 116.475059509
0.980152726 0.026234671 0.196500331 60.454002380 -0.022344425 0.999508500 -0.021988878 -3.421036720 -0.196980640 0.017161772 0.980257213 117.322425842
0.979764462 0.028525490 0.198110521 60.622535706 -0.025186038 0.999495327 -0.019356409 -3.441230536 -0.198562697 0.013975110 0.979988515 118.159118652
0.979635715 0.030946596 0.198383778 60.759246826 -0.028959567 0.999497175 -0.012910381 -3.469557047 -0.198683545 0.006902361 0.980039358 118.762390137
0.979373634 0.034319535 0.199121609 60.926216125 -0.033209663 0.999408603 -0.008912005 -3.493052006 -0.199309736 0.002115417 0.979934216 119.603378296
0.979061186 0.033616260 0.200771227 61.092468262 -0.031118855 0.999394178 -0.015583063 -3.518541336 -0.201173425 0.009008998 0.979514241 120.445259094
0.979373515 0.028616723 0.200021878 61.234451294 -0.023228658 0.999302626 -0.029232996 -3.549396515 -0.200718999 0.023983773 0.979355276 121.078399658
0.979492486 0.026453331 0.199736699 61.403118134 -0.019142736 0.999077380 -0.038444407 -3.575594902 -0.200569421 0.033832498 0.979095221 121.892807007
