0.999996424 -0.001642931 0.002114246 -0.064703882 0.001636845 0.999994516 0.002877285 -0.015786279 -0.002118962 -0.002873815 0.999993622 1.104446411
0.999993622 -0.000976289 0.003417769 -0.129351810 0.000964671 0.999993861 0.003399217 -0.016740944 -0.003421066 -0.003395900 0.999988377 2.303077936
0.999905169 -0.001892552 0.013633363 -0.569861293 0.001890563 0.999998331 0.000158739 0.068961009 -0.013633638 -0.000132949 0.999907017 3.846508741
0.999868512 -0.000908056 0.016188424 -0.704017580 0.000920972 0.999999225 -0.000790394 0.066966772 -0.016187694 0.000805199 0.999868631 5.380983829
0.999863207 -0.001546388 0.016461179 -0.772647738 0.001564293 0.999998212 -0.001074852 0.064319864 -0.016459486 0.001100457 0.999863923 6.963387489
0.999853134 -0.002162672 0.016999446 -0.839419007 0.002185558 0.999996662 -0.001327812 0.058877498 -0.016996518 0.001364770 0.999854624 8.505694389
0.999840438 -0.003617311 0.017492518 -0.893846333 0.003652318 0.999991357 -0.001969708 0.032789327 -0.017485242 0.002033280 0.999845028 9.895367622
0.999820411 -0.005114791 0.018247493 -0.941581607 0.005156226 0.999984145 -0.002224402 0.026704222 -0.018235829 0.002318090 0.999831021 11.311166763
0.999814630 -0.004456935 0.018731533 -0.976684690 0.004498490 0.999987423 -0.002176882 0.002603134 -0.018721590 0.002260742 0.999822080 12.715121269
0.999790668 -0.004118804 0.020042107 -1.042257071 0.004170490 0.999988079 -0.002537775 -0.009763813 -0.020031422 0.002620829 0.999795914 14.220484734
0.999748647 -0.003323947 0.022170983 -1.110278130 0.003381496 0.999991000 -0.002558705 -0.018270001 -0.022162270 0.002633034 0.999750912 15.706003189
0.999705434 0.000090919 0.024270227 -1.157766342 -0.000054406 0.999998868 -0.001505091 -0.040478952 -0.024270345 0.001503327 0.999704301 17.114494324
0.999674380 -0.000433305 0.025513683 -1.188116312 0.000450517 0.999999702 -0.000668870 -0.076545246 -0.025513386 0.000680146 0.999674201 18.600723267
0.999594986 -0.000119674 0.028459262 -1.169371367 0.000153496 0.999999285 -0.001186240 -0.096139848 -0.028459096 0.001190127 0.999594271 20.172397614
0.999588847 0.001080886 0.028653534 -1.202428341 -0.001074117 0.999999404 -0.000251622 -0.131082535 -0.028653780 0.000220742 0.999589384 21.606761932
0.999462306 0.002208978 0.032713771 -1.192212582 -0.002219636 0.999997437 0.000289473 -0.159619108 -0.032713044 -0.000361930 0.999464750 23.082992554
0.999451399 0.002074616 0.033053312 -1.227207184 -0.002105201 0.999997377 0.000890542 -0.157306492 -0.033051390 -0.000959637 0.999453187 24.485874176
0.999271989 0.002552146 0.038063347 -1.241875410 -0.002563531 0.999996662 0.000250309 -0.202118829 -0.038062580 -0.000347703 0.999275327 25.890357971
0.999151587 0.005066792 0.040869612 -1.374496102 -0.004955102 0.999983728 -0.002833683 -0.176507890 -0.040883299 0.002628766 0.999160469 27.335046768
0.998957694 0.002654662 0.045570008 -1.363959193 -0.002498983 0.999990880 -0.003472894 -0.200324416 -0.045578811 0.003355395 0.998955131 28.687086105
0.998620212 -0.000657507 0.052509475 -1.593208671 0.000735432 0.999998569 -0.001464701 -0.205828607 -0.052508432 0.001501297 0.998619497 30.216226578
0.998773932 -0.000071054 0.049506035 -1.475912094 -0.000099122 0.999994040 0.003435026 -0.304286033 -0.049506001 -0.003435721 0.998767912 31.161787033
0.997936487 -0.002131664 0.064172685 -1.804767609 0.002165676 0.999997556 -0.000460446 -0.254671961 -0.064171538 0.000598474 0.997938693 32.861316681
0.997881114 -0.001950067 0.065034822 -1.717811108 0.002062867 0.999996543 -0.001667353 -0.299571365 -0.065031342 0.001797978 0.997881532 33.978225708
0.997131407 -0.002603653 0.075645559 -1.934376478 0.003014845 0.999981284 -0.005322091 -0.252945364 -0.075630277 0.005534884 0.997120559 35.552459717
0.996320128 -0.002554222 0.085673064 -2.010072231 0.002980218 0.999983847 -0.004844807 -0.284366071 -0.085659295 0.005082303 0.996311486 36.566268921
0.995419383 0.000238089 0.095604002 -2.217399597 0.000187689 0.999990106 -0.004444546 -0.336924672 -0.095604129 0.004442131 0.995409489 38.266357422
0.995002627 0.000013523 0.099849083 -2.135947943 0.000122550 0.999999046 -0.001356651 -0.390752167 -0.099849001 0.001362108 0.995001674 39.431617737
0.994244814 -0.000259280 0.107131205 -2.172070503 0.000456523 0.999998271 -0.001816608 -0.379561663 -0.107130542 0.001855061 0.994243205 40.936058044
0.993454218 -0.000225661 0.114229865 -2.101512909 0.000474070 0.999997616 -0.002147480 -0.383659154 -0.114229098 0.002187577 0.993452013 42.160083771
0.991551876 0.000227947 0.129710451 -2.291800022 0.000066441 0.999997437 -0.002265250 -0.425788283 -0.129710630 0.002254731 0.991549313 43.563373566
0.990398645 -0.000188101 0.138240129 -2.175824642 0.000707154 0.999992847 -0.003705621 -0.461187661 -0.138238430 0.003767799 0.990391850 44.776649475
0.989211261 0.001033870 0.146492317 -2.173018932 -0.000086590 0.999979138 -0.006472644 -0.463898897 -0.146495968 0.006390129 0.989190519 46.083480835
0.987805963 0.001197071 0.155685410 -2.051100731 -0.000273589 0.999982238 -0.005953007 -0.486626297 -0.155689776 0.005837821 0.987788677 47.302684784
0.986988604 0.001867821 0.160779133 -1.924590588 -0.000977956 0.999983788 -0.005613654 -0.535240650 -0.160786986 0.005383376 0.986974478 48.512214661
0.985234320 0.003571464 0.171173856 -1.775351524 -0.002418000 0.999972999 -0.006946568 -0.550950766 -0.171194032 0.006430098 0.985216379 49.682659149
0.983938456 0.005079672 0.178435370 -1.622466087 -0.004063019 0.999973357 -0.006062558 -0.602222562 -0.178461388 0.005240198 0.983932972 50.881206512
0.981519580 0.005791909 0.191273868 -1.470538139 -0.004781276 0.999972045 -0.005744798 -0.616353214 -0.191301823 0.004724099 0.981519938 51.982078552
0.979252517 0.008170131 0.202478752 -1.346248627 -0.007525859 0.999963820 -0.003951621 -0.673962593 -0.202503711 0.002345810 0.979278684 53.101146698
0.975632906 0.010523587 0.219156951 -1.176996231 -0.009809039 0.999942482 -0.004348319 -0.696514368 -0.219190121 0.002092643 0.975679934 54.188499451
0.971897066 0.010922968 0.235152707 -1.061240196 -0.010294474 0.999939442 -0.003900170 -0.729970336 -0.235181019 0.001369790 0.971950591 55.216938019
0.967687547 0.012656840 0.251834691 -0.873674393 -0.012741792 0.999918044 -0.001293423 -0.780597746 -0.251830369 -0.001957196 0.967769325 56.068462372
0.962338209 0.012290468 0.271577269 -0.554952621 -0.011774963 0.999924481 -0.003527695 -0.744784892 -0.271600127 0.000197024 0.962410212 57.466617584
0.956883788 0.013088572 0.290176123 -0.295337677 -0.012985658 0.999913156 -0.002280229 -0.801009297 -0.290180802 -0.001586216 0.956970572 58.359855652
0.950058639 0.010953130 0.311879337 0.085302353 -0.009509226 0.999935865 -0.006150160 -0.773286223 -0.311926663 0.002877281 0.950101852 59.680328369
0.943124354 0.008253142 0.332337707 0.413827896 -0.006494894 0.999958336 -0.006401038 -0.800179303 -0.332376719 0.003878476 0.943138838 60.602420807
0.934998393 0.001737673 0.354647875 0.740213394 0.000023904 0.999987721 -0.004962672 -0.812310815 -0.354652137 0.004648568 0.934986830 61.565727234
0.926273227 -0.004834800 0.376821637 1.121704102 0.006642666 0.999971747 -0.003498366 -0.848818898 -0.376794189 0.005743543 0.926279247 62.596801758
0.916393459 -0.009523846 0.400165439 1.485069275 0.012155553 0.999917924 -0.004038837 -0.866345763 -0.400094181 0.008565397 0.916434050 63.477615356
0.906121314 -0.015299080 0.422741085 1.864688873 0.019686615 0.999788165 -0.006014614 -0.884053707 -0.422559500 0.013772313 0.906230569 64.216560364
0.891684592 -0.017430944 0.452321500 2.441488266 0.022506177 0.999729574 -0.005841367 -0.884652257 -0.452097446 0.015388686 0.891835809 65.647720337
0.878362119 -0.020035712 0.477575690 2.869432449 0.024633531 0.999690890 -0.003366260 -0.909935117 -0.477360666 0.014721170 0.878584146 66.440795898
0.863789320 -0.025829224 0.503190756 3.260442734 0.029323110 0.999569535 0.000972030 -0.961404741 -0.502999187 0.013915488 0.864174843 67.186424255
0.847926021 -0.027873248 0.529381394 3.752573013 0.032164250 0.999482036 0.001106772 -0.977570653 -0.529137969 0.016088694 0.848383307 67.961669922
0.830318451 -0.027575927 0.556606531 4.276380539 0.035484869 0.999364316 -0.003423144 -0.985637069 -0.556158245 0.022593405 0.830769181 68.786857605
0.812525988 -0.025605360 0.582362294 4.861417770 0.037943508 0.999239326 -0.009005059 -0.964645863 -0.581688702 0.029413713 0.812879503 69.610397339
0.793134689 -0.026289487 0.608478487 5.389513016 0.041545011 0.999076188 -0.010987383 -0.978335619 -0.607627630 0.033993721 0.793494225 70.320739746
0.771592498 -0.027985783 0.635501206 6.022933960 0.041755822 0.999105453 -0.006699800 -1.026691914 -0.634745121 0.031705387 0.772070885 71.126663208
0.747618079 -0.027802516 0.663546562 6.604213715 0.037917584 0.999280572 -0.000852025 -1.037219882 -0.663045526 0.025797069 0.748134553 71.850883484
0.722137034 -0.029411828 0.691124499 7.182613373 0.037022743 0.999307036 0.003842945 -1.073916793 -0.690758526 0.022812180 0.722725630 72.541046143
0.694920719 -0.022561144 0.718732417 7.800231934 0.032808453 0.999461591 -0.000348212 -1.088802934 -0.718337595 0.023822471 0.695286751 73.192077637
0.666518390 -0.014911485 0.745339453 8.443981171 0.030177135 0.999520183 -0.006989140 -1.108324528 -0.744877577 0.027150594 0.666648507 73.847892761
0.639312863 -0.012210665 0.768849790 9.283985138 0.030470802 0.999490857 -0.009463392 -1.100290656 -0.768342793 0.029477531 0.639359415 74.553276062
0.610231698 -0.014566291 0.792089105 9.969570160 0.032233983 0.999459505 -0.006453547 -1.102026820 -0.791566908 0.029470347 0.610371411 75.130554199
0.581479549 -0.016540093 0.813392878 10.659358978 0.033061065 0.999447823 -0.003311276 -1.175215125 -0.812889040 0.028817069 0.581705272 75.630569458
0.553082407 -0.012803677 0.833028138 11.401073456 0.034431841 0.999378920 -0.007500252 -1.136962295 -0.832414746 0.032830957 0.553179741 76.069480896
0.523000419 -0.010337801 0.852269709 12.113985062 0.034457296 0.999365449 -0.009022895 -1.157223701 -0.851635635 0.034085892 0.523024738 76.500015259
0.492214024 -0.008208195 0.870435536 12.896409988 0.032649890 0.999425948 -0.009038295 -1.182457805 -0.869861722 0.032868404 0.492199451 76.935218811
0.460301042 -0.006705552 0.887737632 13.709678650 0.032593526 0.999424875 -0.009350893 -1.213889718 -0.887164414 0.033238731 0.460254848 77.366386414
0.425830811 0.001096764 0.904802084 14.487037659 0.033394568 0.999298811 -0.016927941 -1.188098431 -0.904186249 0.037423916 0.425495714 77.841186523
0.392020136 0.010673773 0.919894636 15.279752731 0.031935405 0.999172151 -0.025203165 -1.224616051 -0.919402122 0.039257359 0.391354740 78.194992065
0.357892096 0.020054333 0.933547616 16.142709732 0.031427920 0.998944163 -0.033507627 -1.239589691 -0.933233917 0.041331574 0.356883943 78.527931213
0.321492553 0.025028579 0.946581304 17.095191956 0.029543892 0.998898804 -0.036446072 -1.264030337 -0.946451068 0.039682835 0.320399135 78.920822144
0.286425233 0.023419332 0.957816303 17.983730316 0.027882749 0.999073982 -0.032766167 -1.306722641 -0.957696676 0.036091607 0.285506964 79.183219910
0.250169903 0.021566452 0.967961669 18.926048279 0.023617744 0.999318480 -0.028369095 -1.331540942 -0.967913866 0.029958166 0.249490052 79.450325012
0.213714868 0.021582551 0.976657629 19.850208282 0.019673267 0.999458134 -0.026391359 -1.368095160 -0.976697981 0.024854274 0.213174522 79.651275635
0.175416052 0.022751098 0.984231472 20.762294769 0.012618219 0.999598742 -0.025355224 -1.415710688 -0.984413505 0.016866960 0.175058603 79.868782043
0.137787372 0.023749268 0.990177035 21.722246170 0.007663523 0.999656975 -0.025043057 -1.444339752 -0.990432203 0.011038862 0.137558103 80.011856079
0.099360757 0.022456065 0.994798005 22.672128677 0.004917781 0.999722004 -0.023058407 -1.473265767 -0.995039344 0.007183299 0.099222697 80.146842957
0.061515994 0.021627359 0.997871757 23.646188736 0.004603228 0.999748468 -0.021951808 -1.506533146 -0.998095453 0.005943817 0.061400965 80.222846985
0.024495086 0.020910833 0.999481201 24.585098267 0.004487900 0.999768794 -0.021026837 -1.537938714 -0.999689817 0.005000627 0.024395579 80.246253967
-0.011306802 0.020517085 0.999725580 25.578283310 0.006106256 0.999772251 -0.020448983 -1.556418657 -0.999917388 0.005873368 -0.011429511 80.232238770
-0.046942197 0.020585772 0.998685420 26.565498352 0.014584200 0.999695122 -0.019921066 -1.591340542 -0.998791039 0.013629895 -0.047228120 80.193641663
-0.080928072 0.024443567 0.996420085 27.542373657 0.016613925 0.999593377 -0.023172049 -1.622213840 -0.996581554 0.014679180 -0.081301272 80.110450745
-0.114514686 0.029244535 0.992991030 28.549175262 0.017399753 0.999472201 -0.027428824 -1.652710915 -0.993269145 0.014136799 -0.114963114 80.020698547
-0.143366724 0.034446500 0.989069939 29.539682388 0.023667548 0.999227464 -0.031369627 -1.681620598 -0.989386559 0.018911501 -0.144071266 79.867912292
-0.167685211 0.032745454 0.985296607 30.432186127 0.025868999 0.999250114 -0.028806614 -1.715929508 -0.985501111 0.020658193 -0.168406576 79.689964294
-0.189161614 0.029701820 0.981496632 31.396621704 0.027644336 0.999307334 -0.024912968 -1.751575470 -0.981556773 0.022420244 -0.189851716 79.497207642
-0.208091438 0.026840907 0.977741063 32.372375488 0.027822575 0.999381304 -0.021513533 -1.787732840 -0.977713645 0.022726486 -0.208709478 79.299674988
-0.224130467 0.030422634 0.974084318 33.324279785 0.029620731 0.999263465 -0.024393495 -1.820661783 -0.974108875 0.023385758 -0.224866569 79.077430725
-0.238557607 0.035252403 0.970488429 34.261665344 0.032253560 0.999077260 -0.028362574 -1.846168160 -0.970592558 0.024535596 -0.239474520 78.847518921
-0.249774113 0.040866520 0.967441440 35.232421875 0.036103189 0.998807371 -0.032870352 -1.885553598 -0.967630863 0.026717559 -0.250951618 78.585655212
-0.258700639 0.045414649 0.964889348 36.184352875 0.041653611 0.998489559 -0.035828184 -1.917413473 -0.965059042 0.030922355 -0.260201573 78.334236145
-0.264262080 0.051508095 0.963074505 37.156906128 0.045504339 0.998126686 -0.040896658 -1.960686088 -0.963376760 0.033016641 -0.266110897 78.054466248
-0.267574579 0.056296464 0.961891115 38.085609436 0.047783736 0.997838616 -0.045108087 -2.008981943 -0.962351561 0.033892974 -0.269686282 77.794517517
-0.270557344 0.060755987 0.960784793 39.077053070 0.049521230 0.997563541 -0.049136527 -2.053200483 -0.961429358 0.034284994 -0.272906899 77.517272949
-0.272553325 0.063501783 0.960042775 40.054756165 0.050442085 0.997390449 -0.051651772 -2.122076750 -0.960817456 0.034348704 -0.275045305 77.225296021
-0.274219334 0.067249499 0.959312916 41.032989502 0.052707221 0.997103512 -0.054832343 -2.177666187 -0.960221648 0.035526637 -0.276969612 76.936248779
-0.276747346 0.070526585 0.958351135 41.990947723 0.052730575 0.996914983 -0.058137313 -2.250087261 -0.959494889 0.034445055 -0.279612541 76.660682678
-0.279368252 0.072903000 0.957412422 42.946426392 0.056127355 0.996648312 -0.059512977 -2.304313421 -0.958542228 0.037110996 -0.282523751 76.400917053
-0.281118959 0.071153104 0.957031548 43.920547485 0.054966215 0.996804357 -0.057964310 -2.377677917 -0.958097637 0.036309540 -0.284131587 76.090957642
-0.283439815 0.071454823 0.956324220 44.936843872 0.054404609 0.996812344 -0.058355328 -2.428817987 -0.957445562 0.035488226 -0.286423743 75.805541992
-0.285502046 0.072622597 0.955622613 45.941932678 0.055061698 0.996720791 -0.059295610 -2.507322311 -0.956795156 0.035689190 -0.288564503 75.501319885
-0.288453758 0.074600883 0.954583168 46.920822144 0.053026494 0.996674776 -0.061866943 -2.563526154 -0.956024408 0.032772455 -0.291450381 75.234443665
-0.291564643 0.075900383 0.953535140 47.849250793 0.052050289 0.996629000 -0.063415080 -2.646933079 -0.955133915 0.031142179 -0.294532388 74.973205566
-0.293362916 0.078823768 0.952746034 48.812347412 0.050777070 0.996473074 -0.066806525 -2.730004787 -0.954651654 0.028779093 -0.296330690 74.669570923
-0.296340257 0.082124665 0.951545000 49.824577332 0.046831891 0.996347427 -0.071406499 -2.798671961 -0.953933477 0.023402035 -0.299103916 74.374763489
-0.298976213 0.083831578 0.950571060 50.813285828 0.043653630 0.996292472 -0.074133694 -2.869170666 -0.953261495 0.019331664 -0.301527351 74.060302734
-0.301208705 0.082254857 0.950003922 51.878902435 0.042387061 0.996442854 -0.072836436 -2.956836224 -0.952615678 0.018328905 -0.303623736 73.728622437
-0.304151714 0.077518061 0.949464440 52.886573792 0.039191406 0.996858060 -0.068832889 -3.037687778 -0.951817095 0.016275203 -0.306234151 73.411094666
-0.306648433 0.076047190 0.948780060 53.902687073 0.039663441 0.996958256 -0.067089468 -3.116767168 -0.950996220 0.017058998 -0.308731914 73.096649170
-0.308774322 0.076221421 0.948076367 54.897544861 0.039559733 0.996950448 -0.067266673 -3.196445227 -0.950312316 0.016735425 -0.310848027 72.778556824
-0.310210586 0.079222351 0.947361171 55.933650970 0.039597001 0.996733665 -0.070385173 -3.270677090 -0.949842870 0.015678432 -0.312334329 72.452087402
-0.310325623 0.082160950 0.947073102 56.945999146 0.040706843 0.996492803 -0.073109902 -3.346856117 -0.949758470 0.015864484 -0.312581718 72.105476379
-0.311263859 0.082617253 0.946725547 58.018333435 0.038816113 0.996487916 -0.074197888 -3.438637018 -0.949530482 0.013653094 -0.313377559 71.786254883
-0.311415613 0.080554456 0.946853340 59.051750183 0.035215929 0.996694446 -0.073212370 -3.525681496 -0.949621081 0.010544843 -0.313223034 71.450622559
-0.310779572 0.079590246 0.947143793 60.160747528 0.031867594 0.996800125 -0.073306479 -3.606348753 -0.949947655 0.007401044 -0.312321454 71.084182739
-0.310763180 0.079593599 0.947148860 61.190521240 0.029120510 0.996817172 -0.074212916 -3.701906443 -0.950041234 0.004518820 -0.312091798 70.758255005
-0.311378688 0.079084225 0.946989477 62.104125977 0.024207782 0.996867836 -0.075289898 -3.778953552 -0.949977458 -0.000519163 -0.312317878 70.460136414
-0.312207788 0.077360168 0.946858883 63.141323090 0.020608287 0.996995926 -0.074661285 -3.876443863 -0.949790299 -0.003796709 -0.312864184 70.142959595
-0.311551750 0.072968118 0.947423458 64.168052673 0.021440029 0.997333288 -0.069761708 -3.945230484 -0.949987233 -0.001421590 -0.312285423 69.779281616
-0.312066615 0.065293908 0.947813928 65.199363708 0.024968795 0.997854590 -0.060520239 -4.021850109 -0.949732006 0.004779427 -0.313027471 69.438819885
-0.311108500 0.061384954 0.948389947 66.253082275 0.030871516 0.998037875 -0.054471388 -4.096086025 -0.949872851 0.012331718 -0.312393159 69.067939758
-0.310538560 0.065164588 0.948324621 67.301071167 0.038623858 0.997688472 -0.055908877 -4.162686348 -0.949775755 0.019266091 -0.312337667 68.713562012
-0.308495700 0.072108224 0.948488712 68.360862732 0.045211822 0.997107208 -0.061099268 -4.224525452 -0.950150669 0.024034040 -0.310863346 68.340812683
-0.307784408 0.078336604 0.948225796 69.414184570 0.048336282 0.996605217 -0.066643976 -4.296952248 -0.950227499 0.025321726 -0.310526073 67.995018005
-0.306134671 0.082964331 0.948366225 70.451881409 0.049418554 0.996237099 -0.071199723 -4.370654106 -0.950704694 0.025070176 -0.309082657 67.628280640
-0.305159926 0.079558864 0.948971987 71.525115967 0.046467531 0.996561110 -0.068606064 -4.451365471 -0.951166749 0.023160556 -0.307807416 67.261955261
-0.304978728 0.075246230 0.949382007 72.589485168 0.046212617 0.996868789 -0.064164646 -4.529861450 -0.951237261 0.024304571 -0.307501078 66.916358948
-0.304565251 0.072559528 0.949723840 73.669837952 0.044412620 0.997091472 -0.061935853 -4.614722252 -0.951455474 0.023316205 -0.306902021 66.563217163
-0.303701758 0.073425472 0.949933648 74.767066956 0.042497251 0.997077644 -0.063482761 -4.681766510 -0.951818883 0.021089742 -0.305934608 66.196174622
-0.303697050 0.078675054 0.949514747 75.823059082 0.044101685 0.996677399 -0.068477184 -4.765774727 -0.951747358 0.021078883 -0.306157649 65.866371155
-0.301408350 0.081466094 0.950008571 76.946746826 0.043683391 0.996477008 -0.071591519 -4.841382980 -0.952493966 0.019921318 -0.303905249 65.462768555
-0.301490426 0.080293007 0.950082362 78.028640747 0.043933850 0.996559322 -0.070279293 -4.927252769 -0.952456534 0.020552242 -0.303980678 65.129943848
-0.299553871 0.074366391 0.951176584 79.103363037 0.045964785 0.996924996 -0.063467465 -5.005571365 -0.952971518 0.024708709 -0.302050948 64.751350403
-0.300487518 0.073528916 0.950947225 80.176086426 0.045920897 0.996983171 -0.062578060 -5.071329117 -0.952679634 0.024864430 -0.302957505 64.417434692
-0.298163831 0.075650856 0.951512039 81.327590942 0.043380130 0.996898234 -0.065665826 -5.156228542 -0.953528345 0.021697544 -0.300520778 64.017333984
-0.297687739 0.078451917 0.951434255 82.431358337 0.042641234 0.996715665 -0.068843953 -5.237784863 -0.953710437 0.020076336 -0.300055325 63.677837372
-0.296744019 0.077483773 0.951808512 83.546867371 0.041651361 0.996804476 -0.068161175 -5.325072289 -0.954048395 0.019417696 -0.299023002 63.294326782
-0.296494842 0.075304046 0.952060938 84.673225403 0.041029807 0.996970475 -0.066078529 -5.382942200 -0.954152644 0.019470936 -0.298686296 62.945129395
-0.295612782 0.073455870 0.952479541 85.762832642 0.041912869 0.997076511 -0.063887089 -5.477404594 -0.954387963 0.021035314 -0.297827274 62.597084045
-0.294723511 0.073062196 0.952785373 86.870773315 0.043036964 0.997075975 -0.063145950 -5.580224037 -0.954612911 0.022394398 -0.297006100 62.258934021
-0.292799771 0.074478850 0.953268588 87.989532471 0.046115402 0.996901512 -0.063723393 -5.646744728 -0.955061257 0.025302177 -0.295327067 61.874809265
-0.291722506 0.073691413 0.953660071 89.108306885 0.046380077 0.996944845 -0.062848553 -5.734735489 -0.955377877 0.025896491 -0.294249028 61.535812378
-0.289542496 0.074792497 0.954238594 90.279022217 0.047616161 0.996833742 -0.063682988 -5.807311058 -0.955980062 0.026998242 -0.292187005 61.144523621
-0.288614154 0.073169209 0.954645574 91.413139343 0.047510352 0.996941805 -0.062047403 -5.883868217 -0.956265986 0.027447784 -0.291207761 60.804141998
-0.284895211 0.072332390 0.955825627 92.581382751 0.047212359 0.996997476 -0.061375886 -5.960718155 -0.957395256 0.027641090 -0.287454784 60.390464783
-0.283743113 0.071235262 0.956250727 93.728729248 0.048381958 0.997030199 -0.059917003 -6.051508904 -0.957678914 0.029264251 -0.286346942 60.048492432
-0.280866504 0.072545245 0.957001090 94.888023376 0.047479432 0.996968448 -0.061640419 -6.124677658 -0.958571672 0.028125135 -0.283459544 59.670883179
-0.279922217 0.075424835 0.957055211 96.043685913 0.046900075 0.996793032 -0.064839080 -6.199501991 -0.958876371 0.026736071 -0.282561958 59.331932068
-0.276835382 0.074234761 0.958045542 97.245841980 0.046733685 0.996871710 -0.063739143 -6.283298492 -0.959780216 0.027127760 -0.279438645 58.937526703
-0.275560677 0.072286628 0.958561897 98.436523438 0.043778509 0.997077703 -0.062606029 -6.368987560 -0.960286260 0.024712656 -0.277919978 58.576278687
-0.274599433 0.073259324 0.958763778 99.603599548 0.041446283 0.997068524 -0.064315550 -6.444945335 -0.960664988 0.022076182 -0.276830792 58.220100403
-0.274439186 0.071975693 0.958906949 100.776672363 0.038585372 0.997215986 -0.063808039 -6.530549526 -0.960830033 0.019488351 -0.276452363 57.869796753
-0.274917126 0.069558248 0.958948553 101.986129761 0.037250116 0.997401237 -0.061668377 -6.612614632 -0.960746050 0.018767245 -0.276793808 57.511573792
-0.276006281 0.066806152 0.958831310 103.197738647 0.034067456 0.997634530 -0.059703216 -6.706591606 -0.960551977 0.016186481 -0.277629375 57.164043427
-0.275904864 0.066108793 0.958908796 104.364189148 0.032884013 0.997697055 -0.059321277 -6.780094147 -0.960622191 0.015165738 -0.277443439 56.796821594
-0.277688414 0.066316321 0.958379388 105.551345825 0.033878896 0.997669876 -0.059218746 -6.862602711 -0.960073531 0.016024478 -0.279288113 56.455085754
-0.279207885 0.064820521 0.958040237 106.771186829 0.033205930 0.997774065 -0.057831455 -6.946116447 -0.959656358 0.015665624 -0.280738771 56.086982727
-0.281656355 0.059538793 0.957666457 107.984352112 0.030680791 0.998121381 -0.053030483 -7.028844833 -0.959024668 0.014445588 -0.282954007 55.720100403
-0.285117805 0.058948815 0.956678092 109.196716309 0.029965756 0.998167336 -0.052574638 -7.108904839 -0.958024085 0.013677618 -0.286361724 55.353630066
-0.289606392 0.064129904 0.954994977 110.350837708 0.025021650 0.997919142 -0.059424426 -7.184339523 -0.956818700 0.006685858 -0.290608287 54.981166840
-0.297517657 0.066837959 0.952373862 111.517601013 0.025631007 0.997745991 -0.062015176 -7.271567345 -0.954372168 0.005959693 -0.298560172 54.637207031
-0.303780705 0.063673466 0.950611889 112.715896606 0.027707851 0.997932613 -0.057988688 -7.342518330 -0.952338994 0.008723573 -0.304916918 54.200096130
-0.314714611 0.061989456 0.947159946 113.897468567 0.030562174 0.998009503 -0.055162486 -7.422660828 -0.948694110 0.011586830 -0.315982729 53.823993683
-0.326460034 0.062817119 0.943121314 115.051979065 0.030252246 0.997972310 -0.055998731 -7.506013870 -0.944726765 0.010250187 -0.327698410 53.415084839
-0.339903802 0.063005738 0.938347280 116.215492249 0.032943889 0.997938633 -0.055073537 -7.589303970 -0.939882994 0.012193102 -0.341278791 52.995773315
-0.352713019 0.060769666 0.933756173 117.369415283 0.032482866 0.998082638 -0.052686151 -7.670749664 -0.935167551 0.011747984 -0.354010761 52.532142639
-0.366310865 0.063911684 0.928295076 118.489837646 0.036273055 0.997860789 -0.054387622 -7.744459152 -0.929785252 0.013749322 -0.367845505 52.061515808
-0.381425232 0.066981509 0.921969831 119.608139038 0.036670122 0.997682631 -0.057311404 -7.820014000 -0.923672020 0.011948733 -0.382997543 51.629917145
-0.394431889 0.070491783 0.916217387 120.684707642 0.036542792 0.997467875 -0.061011329 -7.897345543 -0.918198287 0.009416322 -0.396009207 51.122676849
-0.409046054 0.067106716 0.910042822 121.786262512 0.032301135 0.997732043 -0.059054222 -7.989601612 -0.911941886 0.005239528 -0.410285950 50.623199463
-0.424238443 0.060969930 0.903495610 122.885482788 0.026841693 0.998139024 -0.054753117 -8.066389084 -0.905152559 0.001022976 -0.425085604 50.127773285
-0.438477784 0.056894787 0.896939397 124.030593872 0.022950837 0.998377562 -0.052109487 -8.126691818 -0.898448884 -0.002263348 -0.439072222 49.568744659
-0.452400953 0.058084641 0.889921188 125.097229004 0.020991324 0.998293757 -0.054486908 -8.193590164 -0.891567588 -0.005969307 -0.452848345 49.039085388
-0.465806007 0.059906557 0.882856667 126.157714844 0.020939210 0.998172581 -0.056683563 -8.264986038 -0.884639204 -0.007917221 -0.466209084 48.474624634
-0.478816092 0.061742339 0.875741422 127.209411621 0.021997655 0.998054504 -0.058338426 -8.346776962 -0.877639532 -0.008669117 -0.479242772 47.910850525
-0.491209775 0.061408512 0.868873954 128.184753418 0.024409909 0.998090386 -0.056741100 -8.437602997 -0.870699346 -0.006662647 -0.491770715 47.321819305
-0.504196167 0.059607752 0.861529529 129.230865479 0.023449266 0.998192072 -0.055339906 -8.507760048 -0.863270700 -0.007699932 -0.504682481 46.729804993
-0.517229497 0.058321409 0.853857279 130.246063232 0.024112601 0.998272419 -0.053579111 -8.587031364 -0.855507016 -0.007123975 -0.517742276 46.106346130
-0.531028450 0.059036493 0.845294833 131.254287720 0.022712601 0.998203218 -0.055447374 -8.666267395 -0.847049534 -0.010245296 -0.531415284 45.480022430
-0.543905795 0.061061792 0.836921692 132.277664185 0.023223808 0.998062253 -0.057725720 -8.739498138 -0.838824749 -0.011960856 -0.544270158 44.805194855
-0.558235347 0.063303232 0.827264071 133.289413452 0.024626769 0.997909963 -0.059743181 -8.812226295 -0.829317033 -0.012977919 -0.558627725 44.150661469
-0.570235610 0.065511651 0.818864703 134.221817017 0.027137665 0.997773170 -0.060926922 -8.895462990 -0.821032822 -0.012520625 -0.570743620 43.475578308
-0.584222913 0.067952208 0.808743417 135.190521240 0.025730943 0.997538567 -0.065227546 -8.969528198 -0.811185241 -0.017297698 -0.584533453 42.800907135
-0.597282350 0.070005842 0.798970044 136.195648193 0.026685167 0.997366369 -0.067440443 -9.058881760 -0.801586986 -0.018960338 -0.597577333 42.043132782
-0.611230552 0.067463309 0.788572013 137.179183960 0.024982886 0.997508526 -0.065973602 -9.138648033 -0.791058183 -0.020624280 -0.611393273 41.293067932
-0.625518441 0.062015790 0.777740717 138.114120483 0.021810941 0.997836232 -0.062023833 -9.231151581 -0.779904425 -0.021833805 -0.625517666 40.556091309
-0.639995396 0.061444134 0.765917897 139.051651001 0.020562440 0.997810185 -0.062865354 -9.319606781 -0.768103421 -0.024484398 -0.639857411 39.783309937
-0.653894246 0.060837712 0.754135847 139.997146606 0.019641435 0.997790813 -0.063463211 -9.385303497 -0.756331027 -0.026685918 -0.653644562 38.989135742
-0.668190420 0.059685830 0.741592407 140.917129517 0.018603234 0.997805476 -0.063544817 -9.457901001 -0.743757784 -0.028664012 -0.667834461 38.179946899
-0.681202710 0.058514602 0.729752719 141.761718750 0.017449725 0.997815132 -0.063720167 -9.554164886 -0.731886923 -0.030672360 -0.680735409 37.368091583
-0.695094824 0.057523869 0.716612995 142.669250488 0.016607432 0.997812450 -0.063987523 -9.633026123 -0.718726158 -0.032576289 -0.694529712 36.512496948
-0.707765102 0.055742476 0.704245150 143.540191650 0.016787259 0.997927725 -0.062116891 -9.705461502 -0.706248343 -0.032141816 -0.707234144 35.634624481
-0.720565796 0.052007072 0.691433489 144.400451660 0.016230997 0.998175144 -0.058164179 -9.799289703 -0.693196595 -0.030688472 -0.720094979 34.740413666
-0.733748257 0.050876845 0.677513778 145.285095215 0.016978033 0.998253942 -0.056575101 -9.861246109 -0.679209173 -0.030009031 -0.733330965 33.816478729
-0.746426284 0.049364194 0.663634658 146.106674194 0.016366003 0.998304963 -0.055850774 -9.946468353 -0.665266812 -0.030827431 -0.745968938 32.901771545
-0.758841455 0.049526855 0.649389505 146.890625000 0.014683248 0.998151839 -0.058967803 -10.027696609 -0.651109755 -0.035212070 -0.758166313 31.988479614
-0.771774828 0.048362512 0.634054065 147.739135742 0.012189728 0.998045683 -0.061288588 -10.103828430 -0.635778904 -0.039572049 -0.770856142 30.986328125
-0.785346866 0.044402938 0.617461503 148.535064697 0.009595987 0.998177767 -0.059575908 -10.186282158 -0.618981600 -0.040862609 -0.784341753 30.021755219
-0.798659027 0.037292864 0.600627065 149.317199707 0.005545973 0.998491704 -0.054621700 -10.254753113 -0.601758301 -0.040293057 -0.797661364 28.990402222
-0.812870741 0.033764537 0.581464767 150.071838379 0.002796814 0.998533130 -0.054073017 -10.327142715 -0.582437634 -0.042328130 -0.811772645 27.981224060
-0.826922894 0.031615127 0.561425924 150.780853271 0.001722054 0.998555899 -0.053694475 -10.402478218 -0.562312722 -0.043434385 -0.825783193 26.949802399
-0.841311574 0.026634073 0.539893746 151.473678589 -0.002836661 0.998554051 -0.053681079 -10.478886604 -0.540542901 -0.046694014 -0.840019763 25.936550140
-0.854438722 0.024831247 0.518958509 152.203903198 -0.002804731 0.998622239 -0.052400157 -10.562085152 -0.519544661 -0.046228271 -0.853191853 24.754177094
-0.867173016 0.026791584 0.497285903 152.832702637 -0.001058392 0.998450518 -0.055637762 -10.630273819 -0.498005927 -0.048773892 -0.865800858 23.689228058
-0.879161596 0.026692087 0.475775510 153.509521484 0.001632297 0.998592794 -0.053007077 -10.713345528 -0.476520926 -0.045825191 -0.877968073 22.478427887
-0.890387058 0.027471419 0.454374611 154.107696533 0.004436677 0.998653591 -0.051684380 -10.804110527 -0.455182731 -0.044003192 -0.889310062 21.328334808
-0.901103914 0.029223939 0.432617307 154.667877197 0.006350825 0.998508692 -0.054222524 -10.875793457 -0.433556736 -0.046112649 -0.899945676 20.141921997
-0.911509931 0.029491192 0.410219222 155.218856812 0.006038016 0.998277783 -0.058350973 -10.956123352 -0.411233574 -0.050710589 -0.910118282 18.961025238
-0.921009839 0.030240504 0.388363540 155.726745605 0.008406227 0.998292923 -0.057798058 -11.033426285 -0.389448434 -0.049967915 -0.919691801 17.779201508
-0.929446936 0.028614463 0.367844582 156.220794678 0.008931687 0.998440802 -0.055100240 -11.118188858 -0.368847668 -0.047927268 -0.928253353 16.556941986
-0.936742425 0.030428451 0.348694354 156.664001465 0.011331842 0.998328209 -0.056675933 -11.199371338 -0.349835932 -0.049139403 -0.935521364 15.342174530
-0.943494320 0.032783072 0.329763114 157.095962524 0.013740657 0.998109102 -0.059912246 -11.280700684 -0.331103712 -0.051995695 -0.942160726 14.170696259
-0.950252473 0.030191859 0.310014009 157.548522949 0.011676689 0.998044550 -0.061406959 -11.342863083 -0.311261743 -0.054732174 -0.948746860 12.998123169
-0.955309510 0.027647477 0.294311702 157.906875610 0.010270401 0.998119831 -0.060426034 -11.442918777 -0.295428902 -0.054702863 -0.953797460 11.773822784
-0.959573448 0.025276568 0.280321270 158.226501465 0.008593702 0.998126090 -0.060583752 -11.529242516 -0.281327337 -0.055725567 -0.957992494 10.501838684
-0.964069903 0.023403663 0.264615506 158.606475830 0.007785044 0.998172820 -0.059919313 -11.611587524 -0.265534312 -0.055706359 -0.962490678 9.280097961
-0.967945755 0.020840622 0.250293165 158.931335449 0.006309215 0.998254538 -0.058720242 -11.705088615 -0.251080036 -0.055258851 -0.966387749 8.012588501
-0.971557021 0.016405895 0.236236840 159.265502930 0.003487781 0.998480380 -0.054997303 -11.782875061 -0.236780182 -0.052609067 -0.970137835 6.810108185
-0.974726081 0.012847784 0.223033473 159.579574585 0.001314963 0.998657644 -0.051780600 -11.852333069 -0.223399356 -0.050178621 -0.973434627 5.527057648
-0.977217197 0.014858829 0.211721182 159.851745605 0.004821380 0.998843074 -0.047846433 -11.944355965 -0.212187141 -0.045735564 -0.976158261 4.314802170
-0.979119003 0.018379884 0.202456102 160.126831055 0.008475225 0.998729110 -0.049681250 -12.009843826 -0.203111976 -0.046927989 -0.978030384 3.052392960
-0.980211139 0.024128845 0.196478948 160.364898682 0.014364914 0.998596907 -0.050969049 -12.087120056 -0.197433069 -0.047138028 -0.979182422 1.788963318
-0.981375277 0.026843160 0.190215945 160.622848511 0.016964147 0.998430312 -0.053375322 -12.159810066 -0.191350162 -0.049154371 -0.980290234 0.534158707
-0.982214272 0.025057614 0.186084181 160.860931396 0.015592683 0.998517275 -0.052154385 -12.235812187 -0.187115133 -0.048325218 -0.981148601 -0.735799789
-0.983341336 0.017919516 0.180883422 161.119567871 0.009266832 0.998776853 -0.048567969 -12.308504105 -0.181532487 -0.046082672 -0.982304692 -2.010595322
-0.984353840 0.011619415 0.175819412 161.362197876 0.003534537 0.998924732 -0.046227474 -12.382329941 -0.176167473 -0.044882748 -0.983336449 -3.284740448
-0.985094428 0.004384210 0.171958297 161.593780518 -0.003892515 0.998851120 -0.047765460 -12.449484825 -0.171970099 -0.047722846 -0.983945489 -4.584749222
-0.985968173 0.000770351 0.166931689 161.842163086 -0.007820080 0.998678505 -0.050797343 -12.509449959 -0.166750163 -0.051389985 -0.984659016 -5.790336609
-0.986188233 0.000542114 0.165627986 162.054351807 -0.008342647 0.998562753 -0.052942488 -12.579881668 -0.165418625 -0.053593025 -0.984766245 -7.076501846
-0.986486197 0.001265854 0.163839236 162.277404785 -0.007861489 0.998452723 -0.055048764 -12.661865234 -0.163655415 -0.055592876 -0.984949887 -8.305994034
-0.986323059 0.004433355 0.164763898 162.481643677 -0.004963245 0.998386025 -0.056575265 -12.744766235 -0.164748818 -0.056619249 -0.984709084 -9.581212997
-0.986156166 0.003385148 0.165784270 162.698165894 -0.006384322 0.998275161 -0.058360469 -12.824762344 -0.165695891 -0.058610961 -0.984433651 -10.835374832
-0.985870659 0.004216622 0.167455465 162.912368774 -0.005879528 0.998196125 -0.059750043 -12.917136192 -0.167405337 -0.059890378 -0.984067380 -12.131696701
-0.985580146 0.005179946 0.169129968 163.135910034 -0.004916699 0.998232603 -0.059224226 -12.997361183 -0.169137821 -0.059201781 -0.983812749 -13.337593079
-0.985173881 0.004589399 0.171497792 163.363540649 -0.005732493 0.998203337 -0.059643056 -13.079764366 -0.171463385 -0.059741896 -0.983377457 -14.582384109
-0.984668374 0.002184118 0.174423218 163.597671509 -0.008499981 0.998133063 -0.060483381 -13.153365135 -0.174229667 -0.061038665 -0.982811451 -15.788778305
-0.983931243 0.000586894 0.178546622 163.837677002 -0.009960289 0.998257041 -0.058170319 -13.238889694 -0.178269520 -0.059013970 -0.982210457 -17.021032333
-0.982583463 -0.000654276 0.185819924 164.061279297 -0.011048821 0.998430252 -0.054908764 -13.323057175 -0.185492337 -0.056005541 -0.981048405 -18.269536972
-0.981186569 -0.002131761 0.193049744 164.301406860 -0.012380974 0.998575568 -0.051900201 -13.402811050 -0.192664102 -0.053313937 -0.979815364 -19.496971130
-0.979544520 -0.000169957 0.201227918 164.552413940 -0.010737154 0.998619258 -0.051423270 -13.487224579 -0.200941339 -0.052531987 -0.978193641 -20.728157043
-0.977858126 -0.000660434 0.209267855 164.828796387 -0.011728661 0.998596251 -0.051653683 -13.558977127 -0.208939984 -0.052964408 -0.976493120 -21.950920105
-0.975586355 0.002338358 0.219603524 165.088531494 -0.009754089 0.998495221 -0.053964488 -13.638727188 -0.219399318 -0.054789051 -0.974095464 -23.137210846
-0.973280966 0.003132161 0.229595795 165.388870239 -0.009265536 0.998556852 -0.052899972 -13.719343185 -0.229430154 -0.053613860 -0.971847355 -24.360542297
-0.970113099 0.004822462 0.242605209 165.685989380 -0.008576632 0.998496354 -0.054143574 -13.795949936 -0.242501482 -0.054606136 -0.968613029 -25.584571838
-0.966498792 0.007688263 0.256555885 166.009140015 -0.006641821 0.998467445 -0.054942381 -13.871655464 -0.256585091 -0.054805748 -0.964966595 -26.809909821
-0.962576210 0.009106712 0.270857662 166.354415894 -0.006189826 0.998435855 -0.055566635 -13.950853348 -0.270939976 -0.055163693 -0.961014271 -28.049510956
-0.958649814 0.008480627 0.284461975 166.713104248 -0.006797988 0.998588264 -0.052680306 -14.032242775 -0.284507215 -0.052435733 -0.957238853 -29.237556458
-0.954638541 0.011070027 0.297561020 167.094558716 -0.004887483 0.998591542 -0.052830238 -14.111741066 -0.297726750 -0.051888108 -0.953239977 -30.406345367
-0.949610591 0.013846674 0.313126057 167.484832764 -0.002726990 0.998620927 -0.052429873 -14.181279182 -0.313420147 -0.050641853 -0.948263228 -31.660640717
-0.944724977 0.015963126 0.327474862 167.885375977 -0.000569128 0.998732805 -0.050326191 -14.257777214 -0.327863157 -0.047730785 -0.943518698 -32.820587158
-0.939799011 0.017825602 0.341262490 168.322723389 0.001400743 0.998831153 -0.048315734 -14.325582504 -0.341724813 -0.044929046 -0.938725531 -33.987850189
-0.933173299 0.022497034 0.358721703 168.772109985 0.006155614 0.998893082 -0.046631914 -14.392461777 -0.359373778 -0.041307498 -0.932278991 -35.224132538
-0.926851153 0.026017925 0.374526262 169.230941772 0.009763632 0.998928785 -0.045232125 -14.467472076 -0.375301927 -0.038266707 -0.926112413 -36.353775024
-0.918626428 0.029833768 0.393999398 169.697021484 0.013237570 0.998909414 -0.044773802 -14.524097443 -0.394905448 -0.035914801 -0.918019474 -37.519439697
-0.910963535 0.032922987 0.411170989 170.220367432 0.016017370 0.998881221 -0.044494659 -14.587388992 -0.412175775 -0.033947136 -0.910471737 -38.645942688
-0.901774704 0.035161253 0.430773914 170.722625732 0.017894335 0.998868108 -0.044071373 -14.648851395 -0.431835979 -0.032034032 -0.901383162 -39.772487640
-0.893212438 0.038281687 0.448002249 171.279861450 0.020822771 0.998821795 -0.043833312 -14.715141296 -0.449152470 -0.029823812 -0.892957151 -40.840885162
-0.883225143 0.041811630 0.467081547 171.854995728 0.023850039 0.998733342 -0.044304293 -14.769609451 -0.468342334 -0.027990751 -0.883103549 -41.937198639
-0.872396886 0.042638019 0.486934811 172.438323975 0.024915101 0.998772144 -0.042818483 -14.834735870 -0.488162518 -0.025222681 -0.872388124 -43.006656647
-0.860644758 0.044333104 0.507272303 173.034240723 0.027074238 0.998777688 -0.041353755 -14.905466080 -0.508485556 -0.021856887 -0.860793054 -44.027244568
-0.846865952 0.047703832 0.529662549 173.638275146 0.030046150 0.998669744 -0.041904621 -14.974447250 -0.530956924 -0.019573279 -0.847172678 -45.043472290
