0.999995291 0.001196068 0.002807285 0.003396387 -0.001190276 0.999997199 -0.002063750 -0.001726896 -0.002809745 0.002060399 0.999993920 1.243954897
0.999995053 0.001224825 0.002872136 0.028357122 -0.001220226 0.999997973 -0.001602702 -0.021258190 -0.002874093 0.001599190 0.999994576 2.358521461
0.999991894 0.000211277 0.004015465 0.031732760 -0.000206218 0.999999106 -0.001260087 -0.041133266 -0.004015728 0.001259249 0.999991119 3.433472872
0.999993384 -0.000324372 0.003625513 0.054251410 0.000330832 0.999998331 -0.001781294 -0.057338007 -0.003624929 0.001782482 0.999991834 4.539310932
0.999992728 -0.000709621 0.003767965 0.065871164 0.000714009 0.999999046 -0.001163387 -0.081796028 -0.003767136 0.001166069 0.999992192 5.642609119
0.999993443 -0.000098272 0.003620206 0.080607995 0.000104740 0.999998331 -0.001786375 -0.103807375 -0.003620025 0.001786743 0.999991834 6.740594387
0.999993801 -0.000569913 0.003457327 0.082183063 0.000575941 0.999998331 -0.001742840 -0.125888556 -0.003456328 0.001744820 0.999992430 7.819767475
0.999993443 -0.001162866 0.003405895 0.078872412 0.001163458 0.999999285 -0.000171814 -0.143873304 -0.003405693 0.000175775 0.999994099 8.908086777
0.999995053 -0.002267553 0.002231700 0.069010198 0.002265249 0.999996841 0.001034595 -0.168122351 -0.002234038 -0.001029534 0.999996960 9.982928276
0.999995470 -0.002974834 0.000541851 0.040374517 0.002974586 0.999995470 0.000456324 -0.177439898 -0.000543206 -0.000454710 0.999999762 11.024401665
0.999994159 -0.003019146 -0.001584911 0.031865638 0.003019506 0.999995410 0.000224719 -0.202779874 0.001584225 -0.000229503 0.999998748 12.124706268
0.999994218 -0.002466293 -0.002301364 0.004052676 0.002466191 0.999996960 -0.000047208 -0.210156322 0.002301473 0.000041532 0.999997377 13.119331360
0.999992967 -0.001371612 -0.003475563 -0.011347570 0.001372218 0.999998987 0.000171960 -0.235585004 0.003475323 -0.000176728 0.999993980 14.150732994
0.999991238 -0.001191043 -0.004011204 -0.037512481 0.001192038 0.999999225 0.000245749 -0.243989646 0.004010909 -0.000250529 0.999991894 15.198554993
0.999987364 -0.001872729 -0.004671421 -0.044862788 0.001877059 0.999997735 0.000922765 -0.265587002 0.004669683 -0.000931521 0.999988675 16.284643173
0.999979317 0.000046977 -0.006431360 0.063403241 -0.000054840 0.999999166 -0.001222422 -0.191713408 0.006431299 0.001222749 0.999978483 16.530000687
0.999976993 0.000935854 -0.006716874 0.041719876 -0.000948622 0.999997675 -0.001897854 -0.216759041 0.006715083 0.001904182 0.999975562 17.611139297
0.999975622 -0.000069542 -0.006975367 0.028362587 0.000047138 0.999994874 -0.003212017 -0.241118625 0.006975554 0.003211609 0.999970496 18.930290222
0.999973714 0.000261528 -0.007240524 0.011118397 -0.000281020 0.999996424 -0.002691122 -0.263442695 0.007239794 0.002693085 0.999970138 20.038187027
0.999954820 0.001011196 -0.009450568 0.032548770 -0.001044203 0.999993324 -0.003488272 -0.276324749 0.009446979 0.003497982 0.999949276 21.415273666
0.999946058 0.000254238 -0.010385070 0.011423811 -0.000294273 0.999992490 -0.003853655 -0.306418538 0.010384015 0.003856503 0.999938667 22.539794922
0.999932468 0.001091070 -0.011572390 0.003468186 -0.001130013 0.999993682 -0.003359185 -0.329200864 0.011568651 0.003372035 0.999927342 23.791784286
0.999934614 -0.001297375 -0.011362411 -0.046989843 0.001282903 0.999998331 -0.001280863 -0.362612873 0.011364054 0.001266202 0.999934614 24.852127075
0.999919713 -0.000363129 -0.012665861 -0.048144490 0.000345904 0.999998987 -0.001362124 -0.380443186 0.012666343 0.001357634 0.999918818 26.130399704
0.999911010 -0.002114443 -0.013175565 -0.069854736 0.002092713 0.999996424 -0.001662845 -0.411958545 0.013179033 0.001635125 0.999911785 27.297130585
0.999891102 -0.001274000 -0.014701679 -0.074856579 0.001234846 0.999995649 -0.002671996 -0.443971515 0.014705019 0.002653551 0.999888361 28.523490906
0.999888420 -0.001479939 -0.014861733 -0.122338533 0.001438230 0.999994993 -0.002816769 -0.454645038 0.014865828 0.002795080 0.999885559 29.667856216
0.999865294 -0.000287058 -0.016406937 -0.108985126 0.000255940 0.999998152 -0.001898699 -0.497673839 0.016407449 0.001894244 0.999863625 30.937557220
0.999840856 -0.000661568 -0.017825207 -0.121757418 0.000639913 0.999999106 -0.001220557 -0.525889337 0.017825995 0.001208956 0.999840379 32.093051910
0.999836445 -0.002143242 -0.017956898 -0.150039405 0.002108844 0.999995828 -0.001934273 -0.547450781 0.017960975 0.001896088 0.999836922 33.367382050
0.999797881 -0.002055258 -0.019996263 -0.135682225 0.002007976 0.999995112 -0.002384349 -0.559975445 0.020001069 0.002343714 0.999797285 34.546421051
0.999818921 -0.002572656 -0.018854911 -0.184278548 0.002545827 0.999995708 -0.001446788 -0.590436161 0.018858552 0.001398525 0.999821126 35.790622711
0.999818861 -0.002541577 -0.018862009 -0.208956480 0.002535200 0.999996662 -0.000361974 -0.606088996 0.018862870 0.000314089 0.999821961 36.969749451
0.999826372 -0.001765929 -0.018550690 -0.239154041 0.001797159 0.999997020 0.001666996 -0.655486345 0.018547691 -0.001700045 0.999826550 38.175197601
0.999823213 -0.001145968 -0.018768637 -0.275742948 0.001148480 0.999999344 0.000123028 -0.651258051 0.018768482 -0.000144561 0.999823868 39.339633942
0.999816775 0.000336263 -0.019139782 -0.298521698 -0.000336018 0.999999940 0.000016067 -0.672809660 0.019139785 -0.000009632 0.999816775 40.520229340
0.999830663 0.002711089 -0.018200222 -0.322852701 -0.002681407 0.999995053 0.001655043 -0.685591817 0.018204616 -0.001605961 0.999832988 41.747406006
0.999852121 0.002032333 -0.017079948 -0.338768125 -0.001945928 0.999985218 0.005073909 -0.711328983 0.017090006 -0.005039924 0.999841273 42.937717438
0.999887288 0.002459371 -0.014810544 -0.370850533 -0.002338184 0.999963701 0.008194306 -0.729077339 0.014830156 -0.008158755 0.999856710 44.143611908
0.999897480 0.003775068 -0.013809800 -0.378690243 -0.003619438 0.999929786 0.011277218 -0.735146642 0.013851403 -0.011226080 0.999840975 45.335502625
0.999914765 0.002804304 -0.012749157 -0.394253373 -0.002649884 0.999923050 0.012113004 -0.733177543 0.012782143 -0.012078187 0.999845326 46.520820618
0.999933481 0.001250851 -0.011466622 -0.405366719 -0.001131967 0.999945462 0.010368464 -0.736382008 0.011478967 -0.010354794 0.999880493 47.718254089
0.999840140 0.001904095 -0.017787129 -0.029024124 -0.001748759 0.999960244 0.008744525 -0.706532121 0.017803077 -0.008712021 0.999803483 47.768184662
0.999847889 0.002137820 -0.017310694 -0.043210685 -0.001988764 0.999960899 0.008623233 -0.720434546 0.017328454 -0.008587494 0.999812901 48.968605042
0.999847651 0.001607543 -0.017382208 -0.074104548 -0.001471399 0.999968171 0.007842330 -0.729622006 0.017394260 -0.007815558 0.999818146 50.164409637
0.999835491 0.000509995 -0.018127201 -0.100664973 -0.000389314 0.999977767 0.006660365 -0.747207880 0.018130189 -0.006652212 0.999813497 51.361022949
0.999806046 0.000989250 -0.019672671 -0.130053282 -0.000845564 0.999972880 0.007310851 -0.754539847 0.019679371 -0.007292798 0.999779761 52.530220032
0.999767184 -0.000170190 -0.021579251 -0.150121212 0.000332947 0.999971569 0.007538930 -0.757578969 0.021577355 -0.007544357 0.999738753 53.748641968
0.999744952 0.000537604 -0.022575019 -0.183109045 -0.000326586 0.999956131 0.009350068 -0.786591709 0.022579055 -0.009340310 0.999701440 54.968265533
0.999704003 0.001338772 -0.024293113 -0.202640414 -0.001119532 0.999958575 0.009036108 -0.794845641 0.024304206 -0.009006237 0.999664009 56.162429810
0.999688506 0.001723726 -0.024896566 -0.232226133 -0.001502564 0.999959290 0.008899218 -0.808947325 0.024910888 -0.008859038 0.999650419 57.414512634
0.999682248 0.000961928 -0.025187928 -0.266054630 -0.000752615 0.999965131 0.008318250 -0.818820953 0.025195053 -0.008296648 0.999648154 58.601383209
0.999656379 0.000447014 -0.026207685 -0.293207526 -0.000261955 0.999974966 0.007064268 -0.825181484 0.026210187 -0.007054974 0.999631584 59.789634705
0.999664664 -0.000809101 -0.025878338 -0.334984541 0.001042294 0.999958873 0.008998936 -0.848444104 0.025869993 -0.009022892 0.999624610 61.021694183
0.999651134 -0.000540688 -0.026407335 -0.374046564 0.000830323 0.999939501 0.010958266 -0.863938689 0.026399817 -0.010976369 0.999591172 62.209640503
0.999641716 -0.000682245 -0.026755769 -0.403970718 0.000925433 0.999958277 0.009077851 -0.876447499 0.026748462 -0.009099360 0.999600768 63.430488586
0.999609888 0.001089344 -0.027909474 -0.422579408 -0.000866466 0.999967635 0.007996612 -0.890579700 0.027917286 -0.007969310 0.999578476 64.627738953
0.999615192 0.003151024 -0.027559321 -0.471575141 -0.002916312 0.999959111 0.008552665 -0.905499637 0.027585151 -0.008469004 0.999583542 65.844261169
0.999594867 0.005230116 -0.027977699 -0.501943350 -0.004992745 0.999950945 0.008547415 -0.911788046 0.028021036 -0.008404264 0.999571919 67.050392151
0.999458075 0.006758296 -0.032216460 -0.295706391 -0.006496748 0.999945104 0.008216232 -0.881847858 0.032270223 -0.008002476 0.999447167 67.748123169
0.999448061 0.007376217 -0.032394029 -0.323262453 -0.007078116 0.999931633 0.009307395 -0.893295407 0.032460470 -0.009072967 0.999431849 68.943969727
0.999501467 0.008897207 -0.030295359 -0.367162824 -0.008606566 0.999915838 0.009710493 -0.902212143 0.030379206 -0.009444913 0.999493897 70.153282166
0.999625802 0.006723346 -0.026512563 -0.426040173 -0.006493741 0.999940753 0.008736801 -0.935179532 0.026569728 -0.008561367 0.999610364 71.316268921
0.999683082 0.003309813 -0.024952229 -0.445985675 -0.003208750 0.999986529 0.004089166 -0.958302021 0.024965426 -0.004007806 0.999680161 72.495254517
0.999733329 0.006911917 -0.022031164 -0.468348026 -0.006860936 0.999973536 0.002388789 -0.955146372 0.022047095 -0.002236997 0.999754429 73.719436646
0.999786198 0.005539542 -0.019923972 -0.482840419 -0.005424662 0.999968350 0.005815400 -0.970184207 0.019955561 -0.005706076 0.999784648 74.903991699
0.999862790 0.004660461 -0.015896671 -0.514593840 -0.004538748 0.999960124 0.007684048 -0.988585353 0.015931848 -0.007610843 0.999844074 76.061668396
0.999916375 0.004352555 -0.012175615 -0.528038859 -0.004278635 0.999972224 0.006090660 -1.001899719 0.012201786 -0.006038055 0.999907255 77.206596375
0.999956071 0.003578306 -0.008652451 -0.539794624 -0.003552188 0.999989033 0.003032137 -1.021304727 0.008663206 -0.003001268 0.999957979 78.415092468
0.999981523 0.001798199 -0.005794473 -0.542146564 -0.001800262 0.999998271 -0.000350814 -1.041449666 0.005793832 0.000361239 0.999983132 79.575668335
0.999996245 0.001433656 -0.002348675 -0.545669794 -0.001436974 0.999997973 -0.001412131 -1.056113362 0.002346646 0.001415501 0.999996185 80.750701904
0.999999285 0.001041165 0.000405452 -0.538267910 -0.001041273 0.999999464 0.000265918 -1.076948881 -0.000405176 -0.000266340 0.999999881 81.912536621
0.999996006 0.001886234 -0.002122839 -0.104986668 -0.001883987 0.999997616 0.001060539 -1.085363150 0.002124835 -0.001056536 0.999997199 82.240653992
0.999998748 0.001301441 0.000891144 -0.103044823 -0.001300253 0.999998271 -0.001332494 -1.102872133 -0.000892876 0.001331334 0.999998689 83.401161194
0.999986887 0.001145034 0.004971859 -0.109029919 -0.001128873 0.999994040 -0.003252260 -1.130062699 -0.004975553 0.003246605 0.999982357 84.570556641
0.999971628 0.000803718 0.007486286 -0.100404978 -0.000778279 0.999993920 -0.003400374 -1.161076427 -0.007488971 0.003394451 0.999966204 85.732353210
0.999940634 -0.000183585 0.010890719 -0.088912308 0.000210675 0.999996841 -0.002486363 -1.181731820 -0.010890231 0.002488510 0.999937594 86.880821228
0.999914765 -0.000590734 0.013040526 -0.073253989 0.000605648 0.999999166 -0.001139756 -1.198784113 -0.013039841 0.001147556 0.999914289 88.040672302
0.999882221 -0.001308950 0.015284487 -0.009309053 0.001301974 0.999999046 0.000466340 -1.205640912 -0.015285083 -0.000446385 0.999883056 88.849555969
0.999845266 -0.003607664 0.017212300 0.008169889 0.003579665 0.999992251 0.001657326 -1.230442286 -0.017218143 -0.001595455 0.999850512 89.999694824
0.999807894 -0.004622972 0.019046891 0.031527519 0.004638749 0.999988973 -0.000784114 -1.247135758 -0.019043056 0.000872317 0.999818265 91.151863098
0.999736190 -0.005726877 0.022240812 0.050010443 0.005818002 0.999974966 -0.004034698 -1.277532458 -0.022217151 0.004163030 0.999744475 92.346244812
0.999710321 -0.005337921 0.023466691 0.082157373 0.005497952 0.999962032 -0.006760266 -1.297386169 -0.023429712 0.006887325 0.999701798 93.503936768
0.999648631 -0.005256045 0.025980193 0.095776558 0.005463810 0.999953628 -0.007932540 -1.316190958 -0.025937302 0.008071704 0.999630988 94.710174561
0.999655783 -0.005097531 0.025735810 0.119383097 0.005289372 0.999958754 -0.007391717 -1.339572430 -0.025697069 0.007525299 0.999641478 95.871528625
0.999698877 -0.005076643 0.024008436 0.156314850 0.005209439 0.999971449 -0.005472007 -1.371102333 -0.023979975 0.005595430 0.999696732 97.063034058
0.999690354 -0.005773379 0.024204262 0.165679932 0.005873754 0.999974430 -0.004077950 -1.390509248 -0.024180105 0.004218858 0.999698758 98.269630432
0.999754608 -0.005508184 0.021452684 0.183968663 0.005575607 0.999979734 -0.003084315 -1.416501045 -0.021435263 0.003203171 0.999765217 99.452919006
0.999796033 -0.004589051 0.019667905 0.211598039 0.004645894 0.999985099 -0.002845492 -1.432942748 -0.019654559 0.002936286 0.999802530 100.694877625
0.999864161 -0.004478259 0.015860591 0.225357413 0.004528452 0.999984801 -0.003130145 -1.455390692 -0.015846333 0.003201543 0.999869347 101.898941040
0.999934852 -0.003413921 0.010892544 0.251477242 0.003448655 0.999989033 -0.003171512 -1.487743616 -0.010881599 0.003208870 0.999935627 103.113288879
0.999956787 -0.002943344 0.008814743 0.232245982 0.002966751 0.999992132 -0.002643528 -1.508414388 -0.008806892 0.002669565 0.999957681 104.305244446
0.999987304 -0.002019698 0.004618015 0.210182488 0.002027309 0.999996603 -0.001644238 -1.536705256 -0.004614680 0.001653580 0.999988019 105.526611328
0.999998152 -0.001849418 0.000402818 0.234463885 0.001849784 0.999997795 -0.000911797 -1.546653032 -0.000401130 0.000912540 0.999999523 106.748390198
0.999987721 -0.001791446 -0.004618373 0.224522501 0.001787966 0.999998033 -0.000757399 -1.558451414 0.004619721 0.000749133 0.999989033 107.949645996
0.999958932 -0.001213793 -0.008970767 0.212098122 0.001210323 0.999999106 -0.000392308 -1.588174701 0.008971238 0.000381434 0.999959648 109.199752808
0.999890745 -0.000920755 -0.014748757 0.189694643 0.000912377 0.999999344 -0.000574727 -1.601208687 0.014749279 0.000561208 0.999891043 110.418579102
0.999818921 -0.000111109 -0.019031288 0.166087866 0.000090976 0.999999464 -0.001058784 -1.620627642 0.019031398 0.001056861 0.999818325 111.671150208
0.999697804 0.001085447 -0.024561631 0.132881165 -0.001126472 0.999998033 -0.001656483 -1.638490319 0.024559785 0.001683650 0.999696910 112.902397156
0.999608278 0.002856047 -0.027837912 0.104731798 -0.002900504 0.999994576 -0.001556730 -1.663385868 0.027833315 0.001636864 0.999611259 114.154090881
0.999537826 0.004696050 -0.030030146 0.054722548 -0.004730680 0.999988258 -0.001082246 -1.693689823 0.030024715 0.001223809 0.999548376 115.377372742
0.999501407 0.005773506 -0.031041805 0.018022776 -0.005832262 0.999981523 -0.001802618 -1.708563566 0.031030819 0.001982764 0.999516487 116.594306946
0.999441087 0.007938867 -0.032472011 -0.028837442 -0.007981291 0.999967515 -0.001177110 -1.738741994 0.032461599 0.001435620 0.999472022 117.817024231
0.999387622 0.009185367 -0.033763923 -0.058978558 -0.009213605 0.999957323 -0.000680832 -1.752906084 0.033756230 0.000991502 0.999429584 119.085296631
0.999375403 0.008667511 -0.034260273 -0.128538370 -0.008682496 0.999962211 -0.000288608 -1.771531940 0.034256473 0.000585893 0.999412894 120.351799011
0.999299824 0.012913163 -0.035112981 -0.172443390 -0.012861174 0.999915838 0.001706064 -1.789683580 0.035132062 -0.001253275 0.999381840 121.604103088
0.999260783 0.013594355 -0.035958219 -0.224660397 -0.013435524 0.999898851 0.004655049 -1.800727010 0.036017861 -0.004168488 0.999342501 122.841979980
0.999249399 0.012632298 -0.036619570 -0.273632050 -0.012465160 0.999910831 0.004788894 -1.830538988 0.036676798 -0.004328831 0.999317825 124.077888489
0.999242961 0.012225325 -0.036936086 -0.328130722 -0.012135252 0.999922752 0.002661914 -1.829625964 0.036965784 -0.002211671 0.999314070 125.353248596
0.999225914 0.009978146 -0.038052175 -0.369266987 -0.009829965 0.999943256 0.004079294 -1.851734161 0.038090724 -0.003702085 0.999267459 126.589637756
0.999229133 0.007181923 -0.038594298 -0.430524826 -0.006964700 0.999959171 0.005759860 -1.864855051 0.038634080 -0.005486622 0.999238312 127.876731873
0.999204695 0.004400915 -0.039630845 -0.463064671 -0.004096329 0.999961436 0.007763503 -1.878935218 0.039663482 -0.007594988 0.999184132 129.105346680
0.999234080 0.002194209 -0.039070588 -0.533478737 -0.001848599 0.999958813 0.008879679 -1.891788006 0.039088462 -0.008800654 0.999196947 130.386230469
0.999221563 -0.002471805 -0.039372995 -0.576809883 0.002725368 0.999975860 0.006387663 -1.891633511 0.039356258 -0.006489996 0.999204159 131.657333374
0.999230266 -0.004620941 -0.038955923 -0.629533768 0.004861318 0.999969661 0.006077998 -1.917913437 0.038926661 -0.006262698 0.999222338 132.893325806
0.999220014 -0.006303540 -0.038983457 -0.680883884 0.006531512 0.999962270 0.005723323 -1.932297707 0.038945902 -0.005973480 0.999223351 134.168228149
0.999205709 -0.006350105 -0.039339051 -0.694614410 0.006610074 0.999957085 0.006481872 -1.942353487 0.039296199 -0.006736759 0.999204814 134.942703247
0.999270737 -0.005421746 -0.037796114 -0.759789944 0.005753207 0.999945939 0.008666494 -1.955878258 0.037747074 -0.008877622 0.999247849 136.234100342
0.999302089 -0.003170782 -0.037217103 -0.839378357 0.003549747 0.999942482 0.010120909 -1.974433899 0.037182875 -0.010245956 0.999255955 137.891281128
0.999315083 -0.003499822 -0.036835182 -0.892971039 0.003818576 0.999955833 0.008586709 -1.989777684 0.036803503 -0.008721487 0.999284387 139.150817871
0.999349952 -0.002442947 -0.035965085 -0.953859806 0.002677982 0.999975324 0.006488380 -1.996652842 0.035948355 -0.006580479 0.999332011 140.425537109
0.999355495 -0.002841765 -0.035781626 -0.995482922 0.002979394 0.999988317 0.003793650 -2.010749578 0.035770439 -0.003897814 0.999352455 141.701965332
0.999337614 -0.004767348 -0.036077004 -1.022265434 0.004772074 0.999988556 0.000044908 -2.028214931 0.036076382 -0.000217041 0.999349117 142.547500610
0.999364018 -0.004590244 -0.035362389 -1.082852364 0.004475726 0.999984503 -0.003316936 -2.054858685 0.035377063 0.003156554 0.999369025 143.813461304
0.999342561 -0.005333231 -0.035860311 -1.095842838 0.005186166 0.999977767 -0.004192841 -2.077376604 0.035881873 0.004004107 0.999347985 144.991516113
0.999343514 -0.005255101 -0.035844900 -1.146485329 0.005124980 0.999979913 -0.003721036 -2.110897303 0.035863731 0.003534889 0.999350369 146.255264282
0.999342859 -0.005277099 -0.035859667 -1.204112530 0.005151819 0.999980330 -0.003585153 -2.128883362 0.035877880 0.003398056 0.999350309 147.539169312
0.999350190 -0.004160793 -0.035802092 -1.262628555 0.004096960 0.999989927 -0.001856145 -2.170329094 0.035809454 0.001708261 0.999357104 148.774749756
0.999332964 -0.004113046 -0.036286421 -1.314606190 0.004039047 0.999989629 -0.002112437 -2.176226616 0.036294743 0.001964466 0.999339104 150.084030151
0.999295294 -0.004360165 -0.037280682 -1.356495857 0.004268081 0.999987721 -0.002549256 -2.200412035 0.037291337 0.002388343 0.999301553 151.315979004
0.999278963 -0.003598517 -0.037794709 -1.410757065 0.003519905 0.999991536 -0.002146265 -2.229308367 0.037802111 0.002011684 0.999283195 152.611114502
0.999236941 -0.003804282 -0.038869247 -1.452384472 0.003792462 0.999992788 -0.000377832 -2.263463020 0.038870394 0.000230134 0.999244273 153.837646484
0.999231398 -0.003049074 -0.039083876 -1.517461777 0.003039600 0.999995351 -0.000301845 -2.284206152 0.039084617 0.000182813 0.999235868 155.178649902
0.999185085 -0.003473053 -0.040213566 -1.569718838 0.003409106 0.999992847 -0.001658628 -2.302064657 0.040219039 0.001520184 0.999189675 156.441497803
0.999171853 -0.002466198 -0.040614266 -1.632497787 0.002371190 0.999994338 -0.002387259 -2.336637497 0.040619932 0.002288978 0.999171972 157.682434082
0.999166965 -0.001345357 -0.040786494 -1.701893806 0.001265286 0.999997199 -0.001988939 -2.368573666 0.040789053 0.001935675 0.999165893 158.951400757
0.999106884 -0.002114234 -0.042200446 -1.742680073 0.001977998 0.999992669 -0.003269827 -2.391973972 0.042207059 0.003183434 0.999103844 160.224792480
0.999084651 -0.001637063 -0.042744510 -1.805164814 0.001448179 0.999989033 -0.004449491 -2.417422295 0.042751331 0.004383517 0.999076128 161.472473145
0.999057055 -0.001514199 -0.043389942 -1.872234344 0.001346751 0.999991536 -0.003888106 -2.446551085 0.043395452 0.003826004 0.999050677 162.780456543
0.999026537 -0.001666351 -0.044081766 -1.940830708 0.001543105 0.999994874 -0.002829762 -2.472551584 0.044086248 0.002758985 0.999023914 164.020401001
0.998999476 -0.001109175 -0.044708069 -1.992650509 0.001010110 0.999996960 -0.002238325 -2.496777058 0.044710424 0.002190925 0.998997748 165.366760254
0.998933911 -0.000630020 -0.046158914 -2.048593521 0.000552411 0.999998331 -0.001694103 -2.528942823 0.046159912 0.001666798 0.998932779 166.626968384
0.998842895 -0.001684746 -0.048062526 -2.017273426 0.001638208 0.999998093 -0.001007656 -2.557022572 0.048064135 0.000927753 0.998843789 166.946762085
0.998817980 -0.002393153 -0.048548024 -2.081940174 0.002312095 0.999995828 -0.001725746 -2.598445892 0.048551954 0.001611459 0.998819411 168.222839355
0.998781502 -0.000863058 -0.049343597 -2.155709743 0.000752232 0.999997139 -0.002264518 -2.618284464 0.049345419 0.002224641 0.998779297 169.483520508
0.998838663 0.001171257 -0.048166316 -2.312861443 -0.001300599 0.999995649 -0.002654070 -2.617461205 0.048162989 0.002713632 0.998835802 171.714569092
0.998830736 0.000631732 -0.048341222 -2.408647060 -0.000790296 0.999994338 -0.003261063 -2.665174961 0.048338883 0.003295453 0.998825550 172.954467773
0.998757124 -0.002088499 -0.049796760 -2.361108303 0.001857188 0.999987245 -0.004690917 -2.684872627 0.049805924 0.004592604 0.998748362 173.227066040
0.998712480 -0.005141316 -0.050466605 -2.426753044 0.004956304 0.999980450 -0.003790487 -2.721632957 0.050485104 0.003535478 0.998718619 174.489990234
0.998715818 -0.004871790 -0.050430134 -2.495398998 0.004850672 0.999988079 -0.000541170 -2.742285013 0.050432168 0.000295855 0.998727441 175.696426392
0.998712301 -0.005068479 -0.050478648 -2.570933819 0.005269822 0.999978721 0.003856371 -2.768135548 0.050458014 -0.004117419 0.998717725 176.950363159
0.998703122 -0.004557261 -0.050708365 -2.633204460 0.004727088 0.999983609 0.003229677 -2.784409285 0.050692808 -0.003465191 0.998708248 178.207565308
0.998729408 -0.003926860 -0.050240379 -2.706489563 0.003922136 0.999992311 -0.000192617 -2.801520586 0.050240748 -0.000004678 0.998737097 179.451568604
0.998697400 -0.002913713 -0.050941225 -2.766888618 0.002811317 0.999993861 -0.002081590 -2.820492744 0.050946970 0.001935666 0.998699486 180.733749390
0.998692334 -0.002439784 -0.051065896 -2.844316959 0.002333618 0.999995053 -0.002138491 -2.836082220 0.051070858 0.002016526 0.998692989 181.981719971
0.998685777 -0.003867146 -0.051105265 -2.911344528 0.003839359 0.999992430 -0.000641865 -2.859712124 0.051107366 0.000444811 0.998693049 183.220703125
0.998699248 -0.003129970 -0.050892599 -2.972242355 0.003224743 0.999993265 0.001780207 -2.897963285 0.050886679 -0.001942007 0.998702526 184.454421997
0.998728395 -0.004476413 -0.050215472 -3.056754112 0.004613814 0.999986053 0.002620653 -2.923933029 0.050203025 -0.002849006 0.998735011 185.765930176
0.998788059 -0.003873124 -0.049064346 -3.097037792 0.003967352 0.999990463 0.001823283 -2.935904026 0.049056821 -0.002015728 0.998793960 186.930648804
0.998836696 -0.005305166 -0.047927566 -3.156322479 0.005318191 0.999985814 0.000144274 -2.954983711 0.047926120 -0.000398994 0.998850822 188.151657104
0.998904943 -0.005397094 -0.046474509 -3.225857258 0.005349685 0.999985039 -0.001144422 -2.984770060 0.046479989 0.000894545 0.998918772 189.404769897
0.998978913 -0.005857431 -0.044797610 -3.300867558 0.005800112 0.999982178 -0.001409327 -3.010167360 0.044805069 0.001148057 0.998995125 190.581039429
0.999040008 -0.005293102 -0.043487653 -3.352355480 0.005287596 0.999985933 -0.000241613 -3.048742294 0.043488327 0.000011436 0.999053895 191.777557373
0.999085844 -0.006080752 -0.042314619 -3.413581848 0.006150740 0.999979913 0.001523954 -3.066926479 0.042304493 -0.001782827 0.999103189 193.035766602
0.999161780 -0.004904655 -0.040641189 -3.489978790 0.004984946 0.999985814 0.001874476 -3.089073420 0.040631417 -0.002075499 0.999172032 194.251770020
0.999177933 -0.005442598 -0.040172175 -3.520011425 0.005506422 0.999983728 0.001478298 -3.099679947 0.040163465 -0.001698288 0.999191642 195.425735474
0.999201596 -0.005159063 -0.039619554 -3.571216583 0.005221280 0.999985218 0.001467008 -3.120804548 0.039611403 -0.001672702 0.999213755 196.625289917
0.999263942 -0.004844047 -0.038052946 -3.625882864 0.004919387 0.999986112 0.001886506 -3.142176628 0.038043272 -0.002072314 0.999273837 197.803359985
0.999311745 -0.004562149 -0.036815844 -3.683146238 0.004639680 0.999987185 0.002020761 -3.169867516 0.036806148 -0.002190183 0.999319971 198.986358643
0.999327421 -0.005029977 -0.036321331 -3.729154110 0.005103867 0.999985099 0.001941872 -3.186223269 0.036311019 -0.002125944 0.999338269 200.122283936
0.999331951 -0.006184655 -0.036016509 -3.770212173 0.006261906 0.999978423 0.002032480 -3.213408709 0.036003154 -0.002256654 0.999349177 201.302429199
0.999142289 -0.006294364 -0.040925410 -3.660693169 0.006388827 0.999977231 0.002177807 -3.195134640 0.040910766 -0.002437405 0.999159753 201.702117920
0.999126017 -0.006700346 -0.041258298 -3.716324329 0.006828106 0.999972284 0.002956403 -3.213889837 0.041237336 -0.003235535 0.999144137 202.818191528
0.999302864 -0.006788142 -0.036709514 -3.903427362 0.006923570 0.999969602 0.003563363 -3.268661022 0.036684215 -0.003815040 0.999319553 204.681625366
0.999285698 -0.006017795 -0.037307516 -3.947825193 0.006109681 0.999978483 0.002349413 -3.288345814 0.037292574 -0.002575672 0.999301016 205.768829346
0.999269307 -0.006068507 -0.037735745 -3.996531248 0.006142268 0.999979377 0.001839064 -3.311115265 0.037723813 -0.002069503 0.999285996 206.863449097
0.999231517 -0.006302680 -0.038684342 -4.038269520 0.006375280 0.999978065 0.001753657 -3.334435463 0.038672451 -0.001998933 0.999249935 207.938812256
0.998959899 -0.006933315 -0.045067400 -3.965481281 0.006991758 0.999974906 0.001139330 -3.325730324 0.045058373 -0.001453244 0.998983264 208.278778076
0.998863161 -0.007280215 -0.047110602 -4.009875298 0.007378252 0.999970973 0.001907424 -3.342585564 0.047095347 -0.002252848 0.998887837 209.313339233
0.998767376 -0.008591239 -0.048886988 -4.070393562 0.008780804 0.999954760 0.003664145 -3.367176771 0.048853304 -0.004088894 0.998797536 210.334960938
0.998688400 -0.008024730 -0.050568461 -4.133669376 0.008308499 0.999950886 0.005403839 -3.384595871 0.050522607 -0.005816896 0.998705983 211.356658936
0.998579264 -0.007575454 -0.052746329 -4.194872379 0.007851875 0.999956608 0.005035303 -3.397705078 0.052705895 -0.005442306 0.998595297 212.372421265
0.998376429 -0.007841742 -0.056418277 -4.237121105 0.008129237 0.999955058 0.004868076 -3.421161652 0.056377575 -0.005318809 0.998395324 213.378356934
0.998212159 -0.007385059 -0.059313133 -4.301238060 0.007688946 0.999958456 0.004896801 -3.430933475 0.059274513 -0.005344100 0.998227358 214.338775635
0.997955978 -0.007582141 -0.063453183 -4.323215485 0.007932733 0.999954581 0.005275119 -3.446430683 0.063410304 -0.005767692 0.997970879 215.047821045
0.997776806 -0.007297344 -0.066242985 -4.392950058 0.007650829 0.999957800 0.005084096 -3.468046904 0.066203102 -0.005579607 0.997790575 215.966644287
0.997593462 -0.007287029 -0.068949133 -4.469376564 0.007632180 0.999959528 0.004743774 -3.482069254 0.068911776 -0.005258593 0.997608960 216.866287231
0.997324347 -0.007305766 -0.072736874 -4.516954422 0.007584259 0.999965012 0.003553317 -3.493779421 0.072708361 -0.004095464 0.997344851 217.746871948
0.997103631 -0.006326906 -0.075790584 -4.593333244 0.006634322 0.999970675 0.003805001 -3.517167330 0.075764298 -0.004296800 0.997116446 218.610076904
0.996882379 -0.006064966 -0.078668520 -4.666233063 0.006327353 0.999975204 0.003086505 -3.533769369 0.078647852 -0.003574647 0.996895969 219.398971558
0.996697843 -0.004235425 -0.081088200 -4.739744186 0.004466415 0.999986470 0.002667458 -3.546077967 0.081075788 -0.003020823 0.996703327 220.223724365
0.996645868 -0.003571987 -0.081757434 -4.808645248 0.003865933 0.999986649 0.003437334 -3.565621853 0.081744060 -0.003741875 0.996646345 221.006240845
0.996626735 -0.003823813 -0.081979252 -4.875840187 0.004225053 0.999979913 0.004721497 -3.581374645 0.081959553 -0.005051937 0.996622860 221.781997681
0.996676087 -0.003492575 -0.081391394 -4.937655449 0.003925136 0.999979019 0.005155177 -3.594544411 0.081371680 -0.005457516 0.996668875 222.549072266
0.996698856 -0.004097146 -0.081083983 -5.004763603 0.004479966 0.999979556 0.004539907 -3.605777979 0.081063733 -0.004888174 0.996696949 223.282379150
0.996696115 -0.003355873 -0.081151865 -5.045312881 0.003590900 0.999989808 0.002750393 -3.616671085 0.081141800 -0.003032712 0.996697962 223.957763672
0.996747077 -0.003355767 -0.080523923 -5.102871895 0.003441863 0.999993622 0.000930422 -3.632541656 0.080520287 -0.001204548 0.996752262 224.686859131
0.996871531 -0.003216194 -0.078972846 -5.164530754 0.003171918 0.999994695 -0.000686104 -3.646192312 0.078974627 0.000433462 0.996876538 225.410186768
0.996978283 -0.003090102 -0.077618696 -5.221924782 0.003003724 0.999994814 -0.001229585 -3.658855677 0.077622086 0.000992725 0.996982336 226.135620117
0.997113705 -0.003212840 -0.075857013 -5.282109261 0.003125608 0.999994338 -0.001268667 -3.675843477 0.075860664 0.001027904 0.997117877 226.833999634
0.997226059 -0.003382722 -0.074356444 -5.332532883 0.003290670 0.999993682 -0.001360464 -3.688971519 0.074360572 0.001112008 0.997230768 227.551254272
0.997382104 -0.003688364 -0.072218098 -5.390068054 0.003614216 0.999992847 -0.001157336 -3.709972858 0.072221845 0.000893293 0.997388184 228.263702393
0.997502625 -0.004595838 -0.070480749 -5.433118820 0.004455839 0.999987781 -0.002143421 -3.716751099 0.070489749 0.001824017 0.997510791 228.977935791
0.997710884 -0.004226659 -0.067492075 -5.487797737 0.004181778 0.999990940 -0.000806280 -3.743270159 0.067494877 0.000522198 0.997719467 229.676284790
0.997901678 -0.005106394 -0.064545862 -5.531774521 0.005097075 0.999987006 -0.000309056 -3.754136086 0.064546607 -0.000020587 0.997914612 230.371673584
0.998106360 -0.006217866 -0.061195511 -5.581335068 0.006233078 0.999980569 0.000057672 -3.769796610 0.061193962 -0.000438998 0.998125792 231.067871094
0.998259187 -0.006410302 -0.058629621 -5.619333744 0.006442215 0.999979258 0.000355316 -3.781368494 0.058626123 -0.000732401 0.998279810 231.765472412
0.998456597 -0.006396042 -0.055165328 -5.662894726 0.006381391 0.999979556 -0.000441722 -3.790925741 0.055167019 0.000089009 0.998477101 232.444564819
0.998619795 -0.007038587 -0.052046478 -5.701068878 0.007016252 0.999975264 -0.000611854 -3.803780794 0.052049488 0.000245839 0.998644471 233.124786377
0.998776615 -0.005526493 -0.049139563 -5.740485668 0.005453815 0.999983788 -0.001612967 -3.814510822 0.049147677 0.001342995 0.998790622 233.805877686
0.998908162 -0.005591611 -0.046380661 -5.770312309 0.005517431 0.999983251 -0.001727253 -3.831480742 0.046389535 0.001469465 0.998922408 234.500366211
0.999053001 -0.004910479 -0.043230057 -5.810032368 0.004853697 0.999987185 -0.001418296 -3.839598894 0.043236472 0.001207126 0.999064147 235.191513062
0.999173403 -0.004458813 -0.040405449 -5.844814301 0.004419328 0.999989748 -0.001066452 -3.848581791 0.040409785 0.000887004 0.999182820 235.884704590
0.999240935 -0.004241917 -0.038723275 -5.865849495 0.004192514 0.999990284 -0.001356895 -3.861970425 0.038728654 0.001193517 0.999248981 236.605987549
0.999314666 -0.005308750 -0.036633782 -5.898397446 0.005244228 0.999984443 -0.001857094 -3.880772829 0.036643066 0.001663706 0.999327004 237.303634644
0.999377787 -0.004605125 -0.034968253 -5.919169903 0.004428369 0.999977052 -0.005130549 -3.892804146 0.034991078 0.004972505 0.999375224 238.024673462
0.999378920 -0.005680433 -0.034777693 -5.941484451 0.005445137 0.999961674 -0.006856729 -3.905714989 0.034815304 0.006663100 0.999371529 238.752868652
0.999415874 -0.006048510 -0.033635017 -5.975237846 0.005817069 0.999958754 -0.006974638 -3.921458244 0.033675816 0.006774906 0.999409854 239.462493896
0.999387741 -0.007553995 -0.034162384 -5.998537064 0.007317901 0.999948502 -0.007030752 -3.941092968 0.034213729 0.006776451 0.999391615 240.210037231
0.999362290 -0.006059861 -0.035188820 -5.708388329 0.005784551 0.999951899 -0.007920316 -3.923765182 0.035235126 0.007711715 0.999349296 240.046279907
0.999345958 -0.006898022 -0.035498071 -5.724713802 0.006623953 0.999947369 -0.007832583 -3.944672585 0.035550244 0.007592323 0.999338984 240.827423096
0.999387622 -0.006886100 -0.034311313 -5.772465229 0.006533395 0.999924719 -0.010381090 -3.954725504 0.034380216 0.010150562 0.999357283 241.485275269
0.999367535 -0.011601173 -0.033615742 -5.800150394 0.011206563 0.999866366 -0.011903615 -3.979274511 0.033749346 0.011519369 0.999363959 242.230758667
0.999307573 -0.014180097 -0.034400005 -5.857430935 0.013733812 0.999818802 -0.013175159 -4.000954628 0.034580603 0.012693592 0.999321222 243.256652832
0.999347031 -0.011611785 -0.034216154 -5.882735729 0.011297636 0.999892354 -0.009360341 -4.016875744 0.034321163 0.008967668 0.999370575 244.026962280
0.999441266 -0.006739251 -0.032737955 -5.840906143 0.006616308 0.999970615 -0.003862164 -4.007025242 0.032763019 0.003643401 0.999456465 244.630432129
0.999440372 -0.007662826 -0.032559581 -5.858209610 0.007648139 0.999970496 -0.000575599 -4.023516655 0.032563031 0.000326256 0.999469638 245.412094116
0.999533653 -0.008007889 -0.029466100 -5.889409065 0.007927701 0.999964535 -0.002837138 -4.035076618 0.029487772 0.002602217 0.999561667 246.215194702
0.999641120 -0.008144000 -0.025522510 -5.913644791 0.007939029 0.999935448 -0.008122035 -4.063573360 0.025587007 0.007916495 0.999641180 247.002166748
0.999751627 -0.006548681 -0.021298360 -5.980835438 0.006296854 0.999909759 -0.011869448 -4.079710484 0.021374166 0.011732389 0.999702632 247.845596313
0.999825180 -0.004470144 -0.018152602 -6.002007008 0.004259916 0.999923587 -0.011603286 -4.093353748 0.018203080 0.011523929 0.999767840 248.658004761
0.999859810 -0.006627026 -0.015369775 -5.998015404 0.006490590 0.999939263 -0.008909881 -4.124556541 0.015427884 0.008808874 0.999842107 249.503723145
0.999894202 -0.008298389 -0.011943123 -6.029958248 0.008224609 0.999946892 -0.006213530 -4.131378651 0.011994051 0.006114645 0.999909401 250.341812134
0.999897659 -0.010068385 -0.010160037 -6.015744209 0.010016087 0.999936461 -0.005185100 -4.137686729 0.010211596 0.005082805 0.999935031 251.188262939
0.999932349 -0.009971042 -0.005992861 -6.064618111 0.009944046 0.999940336 -0.004516890 -4.145696163 0.006037542 0.004456992 0.999971747 251.965957642
0.999962509 -0.008321338 -0.002408442 -6.085111618 0.008305162 0.999943316 -0.006649681 -4.163947105 0.002463641 0.006629429 0.999974906 252.810379028
0.999963462 -0.008466771 -0.001084151 -6.080443382 0.008457724 0.999931574 -0.008092520 -4.199655533 0.001152594 0.008083056 0.999966681 253.645309448
0.999973774 -0.006749830 0.002625833 -6.034406185 0.006774065 0.999933541 -0.009332216 -4.189709187 -0.002562668 0.009349761 0.999952972 254.605850220
0.999971032 -0.005926383 0.004777386 -6.021250725 0.005958818 0.999959111 -0.006803730 -4.219340801 -0.004736870 0.006832001 0.999965489 255.449493408
0.999957085 -0.003372556 0.008629449 -6.039046764 0.003421132 0.999978364 -0.005620676 -4.225940704 -0.008610305 0.005649957 0.999946892 256.302124023
0.999932170 -0.002807000 0.011309075 -6.032906532 0.002871142 0.999979854 -0.005659405 -4.244079590 -0.011292960 0.005691491 0.999919951 257.146362305
0.999892175 -0.002701968 0.014429660 -6.036666393 0.002797010 0.999974430 -0.006570476 -4.256638527 -0.014411535 0.006610128 0.999874234 257.987396240
0.999852240 -0.003864949 0.016752031 -6.014485836 0.003991384 0.999963760 -0.007520576 -4.266597271 -0.016722355 0.007586328 0.999831378 258.845153809
0.999791563 -0.007702594 0.018905412 -6.008707523 0.007817230 0.999951422 -0.005997299 -4.300004482 -0.018858308 0.006143837 0.999803245 259.688781738
0.999773502 -0.008084840 0.019685008 -5.993031979 0.008213772 0.999945283 -0.006477745 -4.311128139 -0.019631561 0.006637966 0.999785244 260.531524658
0.999755859 -0.008503869 0.020392857 -5.974919796 0.008638958 0.999941289 -0.006545404 -4.330681324 -0.020335995 0.006719979 0.999770582 261.412567139
0.999727905 -0.009327210 0.021376286 -5.970138073 0.009460379 0.999936402 -0.006137060 -4.356626987 -0.021317687 0.006337618 0.999752581 262.261657715
0.999738455 -0.008601477 0.021192105 -5.981102467 0.008733992 0.999942899 -0.006168472 -4.352408886 -0.021137839 0.006351951 0.999756336 263.127166748
0.999747753 -0.008297442 0.020876108 -5.963110447 0.008415948 0.999948978 -0.005595201 -4.373822212 -0.020828616 0.005769481 0.999766409 263.989288330
0.999775171 -0.008372818 0.019480444 -5.948840141 0.008500988 0.999942720 -0.006505959 -4.393048286 -0.019424854 0.006670099 0.999789059 264.849060059
0.999805689 -0.009025677 0.017527567 -5.936465740 0.009145507 0.999935269 -0.006768682 -4.424946785 -0.017465342 0.006927666 0.999823451 265.697540283
0.999840856 -0.007231960 0.016306410 -5.933087349 0.007361889 0.999941528 -0.007922007 -4.438266754 -0.016248168 0.008040792 0.999835670 266.559020996
0.999882936 -0.004719289 0.014553357 -5.925221443 0.004850944 0.999947548 -0.009024277 -4.447516918 -0.014510006 0.009093818 0.999853373 267.407775879
0.999901891 -0.005079456 0.013063920 -5.922358513 0.005193538 0.999948561 -0.008713466 -4.482754707 -0.013018987 0.008780460 0.999876678 268.276550293
0.999934554 -0.004265297 0.010617455 -5.912060738 0.004349825 0.999958873 -0.007950735 -4.503114700 -0.010583106 0.007996399 0.999912083 269.105499268
0.999957681 -0.004407248 0.008077236 -5.916611671 0.004462645 0.999966562 -0.006853415 -4.523412704 -0.008046758 0.006889171 0.999943793 269.997375488
0.999977589 -0.005359981 0.004024294 -5.925360680 0.005378370 0.999975085 -0.004572359 -4.547230244 -0.003999684 0.004593901 0.999981403 270.830780029
0.999977291 -0.006673536 -0.000941489 -5.925578594 0.006671090 0.999974370 -0.002578454 -4.565817356 0.000958670 0.002572115 0.999996185 271.683593750
0.999953747 -0.007811913 -0.005612305 -5.933825970 0.007805036 0.999968767 -0.001245787 -4.588370800 0.005621862 0.001201925 0.999983490 272.523590088
0.999918282 -0.007775110 -0.010151975 -5.951393127 0.007767253 0.999969482 -0.000812982 -4.600203037 0.010157986 0.000734063 0.999948204 273.344726562
0.999857187 -0.008591354 -0.014557175 -5.974802494 0.008589838 0.999963105 -0.000166541 -4.621899128 0.014558068 0.000041473 0.999894023 274.157165527
0.999767721 -0.009318516 -0.019434679 -5.989083767 0.009315547 0.999956548 -0.000243263 -4.634497643 0.019436102 0.000062160 0.999811113 274.974731445
0.999679565 -0.009821565 -0.023333909 -6.022892952 0.009821961 0.999951720 -0.000097585 -4.653586864 0.023333745 -0.000131632 0.999727726 275.751342773
0.999578714 -0.009466911 -0.027436592 -6.039873123 0.009454624 0.999955118 -0.000577480 -4.669999599 0.027440831 0.000317835 0.999623299 276.535552979
0.999467432 -0.008766019 -0.031438567 -6.069050789 0.008748670 0.999961436 -0.000689358 -4.684110641 0.031443406 0.000413945 0.999505460 277.289306641
