0.999999404 -0.000973867 -0.000426158 -0.066880472 0.000969570 0.999949753 -0.009969954 0.092136092 0.000435845 0.009969535 0.999950171 0.742978871
0.999991715 0.000137767 -0.004072498 -0.084086902 -0.000183115 0.999937892 -0.011136756 0.075200588 0.004070710 0.011137411 0.999929667 1.471456289
0.999967813 0.000445073 -0.008014241 -0.097614735 -0.000550933 0.999912500 -0.013211614 0.075466074 0.008007660 0.013215603 0.999880612 2.207775354
0.999917924 0.001945422 -0.012668431 -0.120621413 -0.002126263 0.999895692 -0.014277187 0.071937561 0.012639334 0.014302951 0.999817789 2.957608700
0.999857068 0.001027685 -0.016876355 -0.140192091 -0.001279431 0.999887884 -0.014913087 0.068631276 0.016859146 0.014932548 0.999746501 3.719104767
0.999769151 0.002865260 -0.021294877 -0.166662782 -0.003222805 0.999854028 -0.016774928 0.061206050 0.021243704 0.016839681 0.999632478 4.495732784
0.999636590 0.005718590 -0.026345575 -0.196020424 -0.006193045 0.999819458 -0.017962672 0.056931481 0.026238089 0.018119304 0.999491394 5.294630527
0.999506116 0.006324627 -0.030781955 -0.229223743 -0.006847518 0.999833465 -0.016911265 0.050234258 0.030669864 0.017113689 0.999383032 6.111037254
0.999363661 0.005613206 -0.035224944 -0.261079341 -0.006138037 0.999871492 -0.014809007 0.042831212 0.035137288 0.015015796 0.999269664 6.944573879
0.999245703 0.005593354 -0.038428020 -0.305938125 -0.006074132 0.999904573 -0.012405792 0.029239759 0.038354952 0.012629852 0.999184370 7.783318996
0.999132693 0.006942833 -0.041056350 -0.351997554 -0.007490581 0.999884784 -0.013202609 0.013666414 0.040959958 0.013498696 0.999069571 8.634921074
0.999043047 0.006575655 -0.043244142 -0.398452729 -0.007164474 0.999883473 -0.013475279 -0.004741415 0.043150492 0.013772203 0.998973608 9.491064072
0.998919904 0.003999769 -0.046292778 -0.423161119 -0.004678658 0.999882936 -0.014566079 -0.013905600 0.046229091 0.014766937 0.998821616 10.372141838
0.998822808 0.003592081 -0.048373330 -0.466523767 -0.004276357 0.999892116 -0.014049676 -0.025395662 0.048317663 0.014239999 0.998730540 11.254400253
0.998800397 0.002314187 -0.048911612 -0.533338428 -0.003028068 0.999889910 -0.014526294 -0.041738287 0.048872627 0.014656977 0.998697460 12.135218620
0.998696268 0.004677910 -0.050831158 -0.584507406 -0.005529982 0.999846458 -0.016635103 -0.066119701 0.050745528 0.016894514 0.998568714 13.015480042
0.998713255 0.005528318 -0.050411422 -0.674643815 -0.006540287 0.999779940 -0.019931378 -0.079530507 0.050290126 0.020235436 0.998529673 13.921079636
0.998623312 0.009892929 -0.051513046 -0.747229040 -0.011027688 0.999701679 -0.021791192 -0.102309868 0.051282097 0.022329262 0.998434603 14.827737808
0.998505354 0.010356304 -0.053664923 -0.790554881 -0.011534324 0.999698222 -0.021688405 -0.122544706 0.053424112 0.022274977 0.998323500 15.811056137
0.998391330 0.009865921 -0.055832788 -0.840310156 -0.011023459 0.999729872 -0.020462403 -0.148663074 0.055615816 0.021044958 0.998230398 16.685865402
0.998239279 0.010828200 -0.058317553 -0.890964627 -0.011994277 0.999734402 -0.019682540 -0.166300312 0.058088925 0.020347364 0.998103917 17.680191040
0.998235822 0.010668956 -0.058406953 -0.965953231 -0.011802567 0.999747872 -0.019098397 -0.197473750 0.058188450 0.019754058 0.998110175 18.548051834
0.998079896 0.010200165 -0.061093960 -1.022316217 -0.011459327 0.999728382 -0.020295467 -0.217938334 0.060870338 0.020956596 0.997925699 19.554620743
0.998071849 0.009436199 -0.061347816 -1.091923833 -0.010773375 0.999710739 -0.021502512 -0.240138322 0.061127171 0.022121977 0.997884750 20.416522980
0.998030901 0.009480918 -0.062003773 -1.159170151 -0.010730354 0.999745369 -0.019849161 -0.267782420 0.061799791 0.020475397 0.997878492 21.361087799
0.997966290 0.011135929 -0.062763333 -1.214043021 -0.012222458 0.999781549 -0.016954269 -0.292563558 0.062560804 0.017686907 0.997884452 22.355632782
0.998062253 0.012131502 -0.061029714 -1.304687619 -0.012950415 0.999831080 -0.013040629 -0.315336227 0.060861211 0.013805721 0.998050749 23.262268066
0.998144567 0.011116906 -0.059865918 -1.355358243 -0.011771939 0.999874473 -0.010600083 -0.328328252 0.059740584 0.011285153 0.998150170 24.249576569
0.998186469 0.012242735 -0.058940254 -1.409827828 -0.012879387 0.999862611 -0.010433879 -0.338248134 0.058804430 0.011174072 0.998207092 25.241889954
0.998303115 0.012033972 -0.056973938 -1.505216002 -0.012789190 0.999834895 -0.012909503 -0.373174548 0.056809161 0.013616246 0.998292208 26.144361496
0.998331249 0.012103968 -0.056464646 -1.559740901 -0.013142820 0.999750495 -0.018063357 -0.388581038 0.056231912 0.018775318 0.998241186 27.127223969
0.998464465 0.013204345 -0.053800091 -1.659380317 -0.014390903 0.999660373 -0.021727569 -0.407027543 0.053494919 0.022468437 0.998315334 28.085920334
0.998520792 0.010447013 -0.053359676 -1.711065769 -0.011552753 0.999724030 -0.020456165 -0.441628814 0.053131241 0.021042354 0.998365760 29.097789764
0.998500645 0.009053539 -0.053986564 -1.755262733 -0.009941380 0.999819398 -0.016199764 -0.461807013 0.053830143 0.016712174 0.998410225 30.095760345
0.998563945 0.006674962 -0.053156078 -1.859663129 -0.007373752 0.999888837 -0.012960752 -0.488676071 0.053063661 0.013334100 0.998502076 31.038772583
0.998507261 0.000640055 -0.054614749 -1.898191810 -0.001418626 0.999897897 -0.014218125 -0.507418334 0.054600067 0.014274380 0.998406231 32.023078918
0.998474300 -0.001321195 -0.055203684 -1.991617441 0.000323896 0.999836624 -0.018070858 -0.543685257 0.055218544 0.018025402 0.998311639 33.035053253
0.998378336 -0.000403622 -0.056927662 -2.049317837 -0.000869828 0.999749899 -0.022343092 -0.568439484 0.056922458 0.022356376 0.998128295 34.016078949
0.998240054 0.000673692 -0.059300240 -2.101016045 -0.002035127 0.999735594 -0.022900959 -0.600767016 0.059269145 0.022981334 0.997977495 35.018001556
0.998251855 0.000925278 -0.059097018 -2.218443871 -0.002196534 0.999767482 -0.021450005 -0.640433669 0.059063420 0.021542322 0.998021722 36.069595337
0.998148918 0.003447649 -0.060720071 -2.273721933 -0.004560851 0.999823868 -0.018204305 -0.677434623 0.060646620 0.018447550 0.997988820 37.068828583
0.998069406 0.003551779 -0.062007654 -2.341804504 -0.004655850 0.999832988 -0.017670006 -0.693377674 0.061934546 0.017924588 0.997919261 38.069267273
0.998713791 -0.002268714 -0.050653294 -3.331985950 0.001573619 0.999904037 -0.013758322 -1.416091561 0.050679665 0.013660918 0.998621523 39.129978180
0.998656034 -0.002519708 -0.051767431 -3.370051146 0.001965652 0.999940217 -0.010750839 -1.439342976 0.051791433 0.010634630 0.998601317 40.139518738
0.998695314 0.003088790 -0.050972201 -3.452640057 -0.003517882 0.999959052 -0.008330423 -1.468503952 0.050944354 0.008498870 0.998665273 41.175086975
0.998661339 0.002436935 -0.051670279 -3.503213882 -0.002913598 0.999953926 -0.009151749 -1.484616995 0.051645577 0.009290045 0.998622179 42.169692993
0.998684287 0.002947968 -0.051195081 -3.562623024 -0.003496637 0.999937356 -0.010631032 -1.512175441 0.051160529 0.010796056 0.998632073 43.193225861
0.998708189 0.006131933 -0.050441854 -3.635110378 -0.006830900 0.999882877 -0.013696277 -1.528048038 0.050351959 0.014023148 0.998632967 44.185474396
0.998623788 0.005196902 -0.052187059 -3.681539059 -0.005889760 0.999896407 -0.013131257 -1.557200670 0.052113425 0.013420555 0.998551011 45.217445374
0.998563528 0.003274666 -0.053479649 -3.727314949 -0.003928566 0.999918640 -0.012126625 -1.580329418 0.053435586 0.012319302 0.998495340 46.203689575
0.998567402 0.003046529 -0.053422473 -3.812006950 -0.003626318 0.999935448 -0.010759308 -1.633517623 0.053386264 0.010937620 0.998514056 47.172241211
0.998518586 0.005407319 -0.054144401 -3.867320538 -0.006192443 0.999877810 -0.014343238 -1.663210630 0.054060243 0.014657273 0.998430133 48.153678894
0.998465896 0.006349266 -0.055004612 -3.927964449 -0.007393149 0.999795973 -0.018795464 -1.687502980 0.054874051 0.019173287 0.998309195 49.134670258
0.998429000 0.006983339 -0.055594798 -3.983664513 -0.008096713 0.999770582 -0.019826582 -1.714267969 0.055443574 0.020245567 0.998256564 50.123706818
0.998400569 0.005271764 -0.056289412 -4.028604984 -0.006172908 0.999855340 -0.015847215 -1.752434731 0.056197722 0.016169341 0.998288691 51.098529816
0.998426139 -0.000063462 -0.056085661 -4.107868195 -0.000692259 0.999909163 -0.013454990 -1.811746120 0.056081429 0.013472638 0.998335242 52.063987732
0.998401225 -0.002267203 -0.056480195 -4.163885117 0.001545916 0.999916732 -0.012810999 -1.838294864 0.056504536 0.012703201 0.998321593 53.032970428
0.998384178 -0.005402946 -0.056570198 -4.212957859 0.004621550 0.999892235 -0.013934587 -1.867727757 0.056639392 0.013650627 0.998301446 53.991458893
0.998349190 -0.008302372 -0.056833092 -4.273403168 0.007457381 0.999858737 -0.015063842 -1.890786409 0.056950122 0.014615151 0.998270094 54.952068329
0.998224437 -0.009899156 -0.058737323 -4.315753937 0.009089665 0.999860287 -0.014032755 -1.920223117 0.058868024 0.013473939 0.998174965 55.910728455
0.998171568 -0.012657957 -0.059105530 -4.374826431 0.012077633 0.999875307 -0.010165386 -1.943645716 0.059226833 0.009432946 0.998200119 56.879589081
0.998144209 -0.012625885 -0.059572704 -4.434519291 0.012309372 0.999908030 -0.005677052 -1.959498167 0.059638921 0.004933213 0.998207867 57.820159912
0.998104692 -0.011993888 -0.060358476 -4.491234303 0.011839286 0.999925613 -0.002918324 -1.987473607 0.060389005 0.002198193 0.998172462 58.786491394
0.998047054 -0.010786572 -0.061528470 -4.555875778 0.010380165 0.999922156 -0.006920946 -2.008676767 0.061598331 0.006268753 0.998081207 59.724975586
0.997954249 -0.008929266 -0.063306786 -4.611517906 0.008014448 0.999859989 -0.014689803 -2.032582283 0.063429102 0.014152382 0.997885942 60.647502899
0.997919977 -0.007621543 -0.064012781 -4.679406643 0.006404702 0.999795318 -0.019193130 -2.058722258 0.064145967 0.018743226 0.997764528 61.583065033
0.997891366 -0.002348451 -0.064864181 -4.746144295 0.001148006 0.999827504 -0.018538149 -2.083842754 0.064896531 0.018424597 0.997721910 62.480350494
0.997824430 -0.000078332 -0.065927729 -4.814263344 -0.000984745 0.999869943 -0.016092181 -2.115082741 0.065920435 0.016122092 0.997694671 63.392303467
0.997755706 0.003064491 -0.066888675 -4.882890224 -0.004066654 0.999881387 -0.014851532 -2.144151926 0.066835232 0.015090214 0.997649908 64.273414612
0.997679591 0.002958423 -0.068019293 -4.945507050 -0.003965412 0.999884486 -0.014674084 -2.171896935 0.067968011 0.014909756 0.997576177 65.138793945
0.997569621 0.003926635 -0.069566645 -5.008242607 -0.004907457 0.999890864 -0.013933665 -2.195202351 0.069504336 0.014241196 0.997480035 65.985458374
0.997465491 0.005260608 -0.070956104 -5.075634003 -0.006232863 0.999889731 -0.013487760 -2.218545914 0.070877321 0.013895834 0.997388184 66.844757080
0.997234821 -0.013660884 -0.073048919 -5.126791954 0.012533907 0.999795735 -0.015863828 -2.347994566 0.073250696 0.014904377 0.997202277 67.633712769
0.997161806 -0.013737769 -0.074023820 -5.195465088 0.012674162 0.999809921 -0.014819090 -2.371703863 0.074213326 0.013838841 0.997146368 68.444404602
0.997076631 -0.010783620 -0.075643457 -5.251257896 0.009885290 0.999876142 -0.012240210 -2.396746397 0.075766079 0.011456665 0.997059822 69.248908997
0.996974766 -0.009490228 -0.077143490 -5.317915440 0.008916508 0.999929905 -0.007778027 -2.426314831 0.077211909 0.007066646 0.996989608 70.053077698
0.996850073 -0.006608068 -0.079033174 -5.375427723 0.006130898 0.999961376 -0.006278740 -2.439877033 0.079071611 0.005774418 0.996852160 70.823471069
0.996774197 -0.003346675 -0.080187164 -5.443890572 0.002551378 0.999946535 -0.010018367 -2.477535009 0.080216378 0.009781459 0.996729434 71.579917908
0.996704340 -0.003263450 -0.081054255 -5.521293163 0.001835612 0.999841869 -0.017684110 -2.494931698 0.081099138 0.017477047 0.996552765 72.312744141
0.996590376 -0.003940226 -0.082413889 -5.579849720 0.001991711 0.999716759 -0.023711871 -2.513126850 0.082483985 0.023466880 0.996316016 73.019348145
0.996530890 -0.011557702 -0.082417473 -5.640929222 0.009401808 0.999604642 -0.026498593 -2.560005426 0.082691148 0.025631791 0.996245503 73.729965210
0.996511340 -0.009022877 -0.082969226 -5.707053185 0.007125943 0.999706984 -0.023131011 -2.581281662 0.083153628 0.022459077 0.996283531 74.409545898
0.996408045 -0.008315901 -0.084272899 -5.765436649 0.006592577 0.999763846 -0.020707082 -2.616885662 0.084425189 0.020077124 0.996227503 75.059951782
0.996289968 -0.003347851 -0.085995294 -5.823844433 0.001453713 0.999755144 -0.022079304 -2.621170044 0.086048163 0.021872375 0.996050775 75.695587158
0.996324718 -0.011448964 -0.084887914 -5.885790825 0.009116605 0.999571621 -0.027812645 -2.635970116 0.085169978 0.026936535 0.996002257 76.308784485
0.996349156 -0.015490809 -0.083955564 -5.925662994 0.012788119 0.999385417 -0.032634702 -2.658839226 0.084409513 0.031441923 0.995934904 76.900802612
0.996470332 -0.021317869 -0.081195176 -5.955475330 0.018592559 0.999242842 -0.034174588 -2.720407009 0.081862234 0.032544337 0.996112108 77.503662109
0.996916771 -0.016120264 -0.076792195 -6.011196136 0.013827580 0.999445319 -0.030294556 -2.759856224 0.077237964 0.029139297 0.996586680 78.065582275
0.997197568 -0.017791020 -0.072667457 -6.046417713 0.015806872 0.999488831 -0.027788881 -2.772629261 0.073124707 0.026562359 0.996969044 78.633628845
0.997496724 -0.021543976 -0.067351148 -6.067144394 0.020006495 0.999525547 -0.023419645 -2.797268629 0.067823753 0.022013564 0.997454405 79.181015015
0.997903883 -0.026091751 -0.059220105 -6.091303825 0.024953960 0.999491036 -0.019871905 -2.818622112 0.059708435 0.018352477 0.998047113 79.713317871
0.998574734 -0.022442384 -0.048423752 -6.111730576 0.021505387 0.999572933 -0.019784939 -2.837407351 0.048847087 0.018715370 0.998630881 80.228813171
0.999289155 -0.017404852 -0.033440646 -6.129768372 0.016747059 0.999662578 -0.019850839 -2.857555151 0.033774856 0.019276699 0.999243498 80.733032227
0.999813020 -0.012304281 -0.014918020 -6.140520573 0.012017583 0.999744296 -0.019157801 -2.868767977 0.015149923 0.018974945 0.999705076 81.221954346
0.999882042 -0.013844195 0.006651390 -6.115637779 0.013960364 0.999745131 -0.017750859 -2.888222694 -0.006403949 0.017841624 0.999820292 81.705757141
0.999295413 -0.017210292 0.033352591 -6.084532738 0.017756943 0.999711752 -0.016163941 -2.901927710 -0.033064790 0.016744794 0.999312878 82.173393250
0.997872114 -0.018348644 0.062566757 -6.034824848 0.019225428 0.999724805 -0.013440315 -2.922328949 -0.062302940 0.014614585 0.997950196 82.617759705
0.995243847 -0.018729659 0.095598288 -5.968997002 0.019914551 0.999736011 -0.011455392 -2.930645943 -0.095358506 0.013304704 0.995354056 83.066520691
0.990928769 -0.018915173 0.133051544 -5.888900757 0.020337196 0.999749541 -0.009336734 -2.949562550 -0.132841662 0.011957929 0.991065085 83.499954224
0.984533548 -0.018750396 0.174190640 -5.784246445 0.020605667 0.999748409 -0.008848228 -2.951049805 -0.173980936 0.012300687 0.984672129 83.921913147
0.975385785 -0.019456025 0.219645366 -5.670434952 0.021376530 0.999751151 -0.006370152 -2.976093769 -0.219466746 0.010908614 0.975558937 84.336563110
0.963059664 -0.016945658 0.268754750 -5.539773941 0.019455379 0.999788404 -0.006677505 -2.987923622 -0.268584669 0.011659561 0.963185489 84.726799011
0.946851432 -0.015790822 0.321283370 -5.373804092 0.019381363 0.999780297 -0.007980248 -2.998602152 -0.321086794 0.013783024 0.946949482 85.106239319
0.926306427 -0.015396498 0.376456380 -5.188734055 0.020053191 0.999763191 -0.008453949 -3.002696991 -0.376237065 0.015380099 0.926395893 85.463462830
0.901218832 -0.015436036 0.433089286 -4.987422943 0.020885980 0.999751151 -0.007828970 -3.015195847 -0.432860613 0.016101109 0.901317000 85.802780151
0.871180236 -0.015100747 0.490731180 -4.768692017 0.021426631 0.999743879 -0.007273998 -3.024077654 -0.490495592 0.016851673 0.871280730 86.121208191
0.836486340 -0.016016832 0.547753811 -4.527088165 0.024168573 0.999678314 -0.007676817 -3.024183273 -0.547454596 0.019659972 0.836604416 86.425933838
0.798878908 0.010867821 0.601393819 -4.265319824 0.001978404 0.999783814 -0.020695223 -2.897206306 -0.601488709 0.017722774 0.798684597 86.814590454
0.757567823 0.009432743 0.652688324 -3.993354797 0.003445765 0.999823809 -0.018449048 -2.915437698 -0.652747333 0.016225414 0.757401764 87.085296631
0.714555919 0.009457128 0.699514389 -3.683898926 0.002699372 0.999863863 -0.016275132 -2.921391726 -0.699573219 0.013517750 0.714433014 87.331771851
0.668897748 0.008310278 0.743307829 -3.371219635 0.004828372 0.999867737 -0.015523667 -2.927624226 -0.743338704 0.013972716 0.668769240 87.553894043
0.621354878 0.007278779 0.783495426 -3.041595459 0.008142547 0.999842882 -0.015746169 -2.942027807 -0.783486903 0.016163606 0.621197939 87.762878418
0.573426127 0.004447262 0.819245160 -2.705638885 0.014475456 0.999774158 -0.015559280 -2.956790447 -0.819129348 0.020781042 0.573232293 87.947021484
0.525053859 0.011678301 0.850988865 -2.351421356 0.009931394 0.999753654 -0.019847423 -2.933837175 -0.851011038 0.018872473 0.524808526 88.126235962
0.477358520 0.014561044 0.878587961 -2.004791260 0.007149018 0.999765158 -0.020453578 -2.945802212 -0.878679514 0.016044730 0.477142394 88.278976440
0.430911899 0.016537039 0.902242303 -1.652000427 0.006556791 0.999748230 -0.021455741 -2.962939739 -0.902370155 0.015161347 0.430694997 88.421020508
0.388590336 0.013956876 0.921304882 -1.283843994 0.014323104 0.999672949 -0.021185309 -2.973402977 -0.921299338 0.021428352 0.388263345 88.524917603
0.348125964 0.006953454 0.937421978 -0.905715942 0.029912544 0.999380767 -0.018521523 -2.977246284 -0.936970413 0.034488495 0.347702444 88.618041992
0.311810076 0.003659768 0.950137377 -0.529823303 0.034265015 0.999298632 -0.015094005 -2.981405973 -0.949526489 0.037262928 0.311466008 88.707084656
0.275966406 0.011301871 0.961100757 -0.058961868 0.032581452 0.999246180 -0.021105738 -2.521025181 -0.960614860 0.037138544 0.275390118 88.874809265
0.244114876 0.018923523 0.969561636 0.321571350 0.021805137 0.999449670 -0.024996933 -2.539000750 -0.969501078 0.027243553 0.243567899 88.972694397
0.215513930 0.023150973 0.976226330 0.734062195 0.017718259 0.999461591 -0.027613511 -2.561947584 -0.976339996 0.023248130 0.214987710 89.056678772
0.189682841 0.024639849 0.981536150 1.147031784 0.019430794 0.999395132 -0.028843183 -2.582500458 -0.981653094 0.024543092 0.189089358 89.116722107
0.166300088 0.026441446 0.985720754 1.572954178 0.027427107 0.999129593 -0.031428341 -2.593327045 -0.985693693 0.032261994 0.165430158 89.160331726
0.146184132 0.032697942 0.988716900 2.005308151 0.034893945 0.998661160 -0.038185969 -2.599119902 -0.988641798 0.040082403 0.144847468 89.196846008
0.125643194 0.039715186 0.991280258 2.444322586 0.037211802 0.998306632 -0.044713229 -2.603070736 -0.991377354 0.042505238 0.123952575 89.245986938
0.108407676 0.040343639 0.993287563 2.919460297 0.035120472 0.998396993 -0.044384219 -2.621819973 -0.993485928 0.039696317 0.106817015 89.290840149
0.092778437 0.035789728 0.995043337 3.399395943 0.033895310 0.998660922 -0.039080266 -2.651676178 -0.995109677 0.037353110 0.091441132 89.331886292
0.078456722 0.032945722 0.996373057 3.882820606 0.034526158 0.998764396 -0.035743468 -2.671036482 -0.996319413 0.037205238 0.077222295 89.361381531
0.065047376 0.030353334 0.997420430 4.380020142 0.037134204 0.998771250 -0.032816168 -2.694961309 -0.997190952 0.039173033 0.063840292 89.382324219
0.053832367 0.029160758 0.998124182 4.887904167 0.040982042 0.998666763 -0.031386916 -2.718394995 -0.997708559 0.042594817 0.052565515 89.387458801
0.043632474 0.030186864 0.998591483 5.408860683 0.044900283 0.998474181 -0.032145187 -2.735277891 -0.998038113 0.046239618 0.042210482 89.405349731
0.036354858 0.030786378 0.998864532 5.955244064 0.046865474 0.998373091 -0.032476947 -2.753570080 -0.998239338 0.047992956 0.034852885 89.408119202
0.030223461 0.031066928 0.999060154 6.485746384 0.048887849 0.998274624 -0.032521449 -2.776723146 -0.998346865 0.049824819 0.028652523 89.424003601
0.024469687 0.032155283 0.999183238 7.069203854 0.050984576 0.998141706 -0.033370364 -2.795710325 -0.998399615 0.051759508 0.022784796 89.433547974
0.018909844 0.032785229 0.999283552 7.628941536 0.051452793 0.998105943 -0.033720259 -2.823706627 -0.998496354 0.052053571 0.017187137 89.432205200
0.014856402 0.032857500 0.999349594 8.246273994 0.053851582 0.997983038 -0.033613130 -2.845540524 -0.998438358 0.054315936 0.013057005 89.431732178
0.012058610 0.032960273 0.999383986 8.848686218 0.056282517 0.997849703 -0.033588778 -2.867632151 -0.998342097 0.056652889 0.010177594 89.428573608
0.008947727 0.032178394 0.999442160 9.507954597 0.057414420 0.997816682 -0.032640073 -2.896706343 -0.998310328 0.057674427 0.007080690 89.432701111
0.006584014 0.031441338 0.999483883 10.114789009 0.060360026 0.997670531 -0.031781904 -2.924887180 -0.998155057 0.060538121 0.004670876 89.433715820
0.005894181 0.031175245 0.999496579 10.820264816 0.065273337 0.997370243 -0.031493846 -2.952156067 -0.997850060 0.065426104 0.003843768 89.427673340
0.007082242 0.030931998 0.999496520 11.462782860 0.068355270 0.997168481 -0.031344309 -2.975636005 -0.997635841 0.068542831 0.004947824 89.426956177
0.008439720 0.030853452 0.999488294 12.180394173 0.070036091 0.997051120 -0.031369604 -3.005678415 -0.997508705 0.070265003 0.006253976 89.457702637
0.013316724 0.030909605 0.999433458 12.936994553 0.072109088 0.996889889 -0.031791743 -3.029752970 -0.997307837 0.072491594 0.011046443 89.447937012
0.017757349 0.029886918 0.999395549 13.608345985 0.073491231 0.996810317 -0.031115402 -3.066328764 -0.997137785 0.073999330 0.015504276 89.451332092
0.021578381 0.028260594 0.999367654 14.368039131 0.074684486 0.996761739 -0.029799495 -3.096258402 -0.996973693 0.075280271 0.019397881 89.472358704
0.025774533 0.026683256 0.999311566 15.178729057 0.074726194 0.996795475 -0.028543429 -3.125422239 -0.996870995 0.075410433 0.023698006 89.493995667
0.029982589 0.024211887 0.999257147 15.887323380 0.071954392 0.997060597 -0.026317649 -3.152954817 -0.996957183 0.072690003 0.028152304 89.510444641
0.034019183 0.023520116 0.999144435 16.702814102 0.070885345 0.997148514 -0.025886659 -3.174807072 -0.996904135 0.071705364 0.032254942 89.544509888
0.037761856 0.024421480 0.998988271 17.522113800 0.068102531 0.997314155 -0.026954830 -3.205109596 -0.996963501 0.069051504 0.035997264 89.590370178
0.041337002 0.027586352 0.998764336 18.256221771 0.065754250 0.997376621 -0.030269468 -3.250647306 -0.996979237 0.066924274 0.039414637 89.600982666
0.042751137 0.032908276 0.998543620 19.080348969 0.059737287 0.997584999 -0.035434242 -3.284417152 -0.997298181 0.061165150 0.040682048 89.643486023
0.042478736 0.036044668 0.998446941 19.888799667 0.056926895 0.997638166 -0.038437411 -3.317915201 -0.997474253 0.058471266 0.040326495 89.677291870
0.042843796 0.035527930 0.998449922 20.682094574 0.055225957 0.997755349 -0.037872985 -3.349805593 -0.997554183 0.056762982 0.040785573 89.721038818
0.043058414 0.033306640 0.998517275 21.506973267 0.052722018 0.997975886 -0.035562079 -3.394234180 -0.997680485 0.054175097 0.041215260 89.754943848
0.042578742 0.031987846 0.998580933 22.305347443 0.053680196 0.997970343 -0.034257166 -3.436034679 -0.997649968 0.055062648 0.040775206 89.795234680
0.042827889 0.031096248 0.998598397 23.128192902 0.050807271 0.998154342 -0.033261441 -3.484358788 -0.997789681 0.052160576 0.041168924 89.834388733
0.043306705 0.031486262 0.998565614 23.925804138 0.049968809 0.998183966 -0.033641323 -3.514113426 -0.997811437 0.051354032 0.041654740 89.872100830
0.043109395 0.031924684 0.998560250 24.743356705 0.047001459 0.998317778 -0.033946060 -3.554215908 -0.997964144 0.048397183 0.041536365 89.909637451
0.041909881 0.033139285 0.998571634 25.542146683 0.043904282 0.998423159 -0.034977015 -3.594476223 -0.998156250 0.045307457 0.040388849 89.951072693
0.038960747 0.032768309 0.998703301 26.359609604 0.040506247 0.998588800 -0.034344759 -3.631859779 -0.998419344 0.041791826 0.037578449 89.992668152
0.035709135 0.031485736 0.998866081 27.160274506 0.039209291 0.998689771 -0.032881893 -3.668528557 -0.998592794 0.040339019 0.034427807 90.015869141
0.030764379 0.029343475 0.999095798 27.976873398 0.037338689 0.998837471 -0.030485623 -3.701660395 -0.998829007 0.038242809 0.029632960 90.044387817
0.024749894 0.026777579 0.999334991 28.773548126 0.035364069 0.998992026 -0.027644226 -3.740476608 -0.999067903 0.036024734 0.023777986 90.061080933
0.018051710 0.026914170 0.999474764 29.565828323 0.035506040 0.998989820 -0.027542392 -3.777220488 -0.999206364 0.035984572 0.017077861 90.059768677
0.009012091 0.027881073 0.999570608 30.364864349 0.035550125 0.998970270 -0.028184846 -3.810408592 -0.999327183 0.035788875 0.008011634 90.077285767
-0.001228972 0.028524134 0.999592364 31.172479630 0.035834968 0.998952329 -0.028461810 -3.839587927 -0.999356925 0.035785388 -0.002249845 90.077163696
-0.011342118 0.027232723 0.999564707 31.961431503 0.037960958 0.998920202 -0.026784413 -3.875325203 -0.999214828 0.037640642 -0.012363650 90.065414429
-0.021850849 0.026633903 0.999406397 32.755096436 0.037829753 0.998951197 -0.025794668 -3.901863813 -0.999045193 0.037243657 -0.022835486 90.046005249
-0.033228613 0.025389727 0.999125242 33.544239044 0.038571674 0.998964965 -0.024102852 -3.940373659 -0.998703182 0.037737031 -0.034173552 90.015686035
-0.045078143 0.025775718 0.998650908 34.324840546 0.038623076 0.998964548 -0.024040408 -3.968541145 -0.998236537 0.037487272 -0.046027008 89.997924805
-0.055089783 0.026390560 0.998132646 35.105075836 0.039534703 0.998924375 -0.024229458 -4.003499031 -0.997698426 0.038126081 -0.056073871 89.933654785
-0.065633878 0.027277829 0.997470975 35.880378723 0.039333828 0.998920023 -0.024729280 -4.035138130 -0.997068226 0.037611272 -0.066635951 89.881027222
-0.076022521 0.028438346 0.996700406 36.647583008 0.039664656 0.998888135 -0.025475381 -4.064892769 -0.996316850 0.037597068 -0.077065997 89.819992065
-0.085564800 0.029456157 0.995897055 37.411514282 0.040935077 0.998822749 -0.026025660 -4.091320038 -0.995491326 0.038540240 -0.086669862 89.751129150
-0.095391832 0.029492648 0.995002747 38.186119080 0.041846473 0.998796165 -0.025593229 -4.130771160 -0.994559824 0.039195970 -0.096511163 89.688400269
-0.105068654 0.030015439 0.994011879 38.929695129 0.042811677 0.998754263 -0.025633380 -4.157353878 -0.993543029 0.039862052 -0.106222764 89.622222900
-0.113001473 0.029293699 0.993162930 39.666435242 0.044423830 0.998714685 -0.024402937 -4.193201542 -0.992601216 0.041362531 -0.114157565 89.510444641
-0.120311409 0.027933840 0.992343187 40.383377075 0.045897231 0.998691618 -0.022547979 -4.225035191 -0.991674662 0.042833015 -0.121436089 89.417198181
-0.125437587 0.026489340 0.991747797 41.129829407 0.049105633 0.998583913 -0.020460986 -4.256320000 -0.990885496 0.046133835 -0.126560733 89.317123413
-0.129111156 0.025403045 0.991304696 41.829608917 0.052148655 0.998462379 -0.018794436 -4.274928570 -0.990257978 0.049268641 -0.130237371 89.222885132
-0.131716102 0.023996424 0.990997076 42.553829193 0.053881150 0.998402357 -0.017014248 -4.304695606 -0.989822030 0.051155005 -0.132798627 89.118209839
-0.133611485 0.022944421 0.990768254 43.232955933 0.053626474 0.998434663 -0.015890082 -4.328208923 -0.989581764 0.051008306 -0.134632751 89.032318115
-0.133861750 0.023255583 0.990727127 43.910224915 0.054869894 0.998364925 -0.016021140 -4.354929447 -0.989479780 0.052216474 -0.134918913 88.930610657
-0.133228585 0.024400165 0.990785003 44.570938110 0.056721509 0.998245955 -0.016956698 -4.377326965 -0.989460826 0.053939696 -0.134378940 88.853149414
-0.130259827 0.025954209 0.991140187 45.197494507 0.056933146 0.998203635 -0.018656787 -4.397942543 -0.989843905 0.053998481 -0.131503507 88.760345459
-0.125045002 0.026638182 0.991793454 45.795700073 0.057070024 0.998177469 -0.019614277 -4.417195797 -0.990508318 0.054148994 -0.126337320 88.686653137
-0.117083557 0.027193613 0.992749691 46.400733948 0.056392152 0.998194277 -0.020691935 -4.445182800 -0.991519690 0.053560615 -0.118405633 88.619316101
-0.105830051 0.027192498 0.994012296 46.968799591 0.055352960 0.998237193 -0.021414777 -4.470028877 -0.992842376 0.052755207 -0.107148647 88.562370300
-0.092247330 0.027234707 0.995363653 47.539558411 0.054197144 0.998281300 -0.022291712 -4.497828484 -0.994260132 0.051889505 -0.093564846 88.521003723
-0.075381629 0.028459238 0.996748567 48.061756134 0.053208508 0.998283327 -0.024479028 -4.523023605 -0.995734215 0.051190227 -0.076766498 88.499748230
-0.053982079 0.030684005 0.998070419 48.607116699 0.051464628 0.998284757 -0.027907055 -4.551438808 -0.997214794 0.049858842 -0.055468626 88.481430054
-0.029524842 0.033594731 0.998999417 49.125980377 0.049579188 0.998254061 -0.032104377 -4.578555107 -0.998333693 0.048581708 -0.031138889 88.484458923
-0.000805137 0.035493899 0.999369562 49.652076721 0.047736920 0.998231888 -0.035415031 -4.598777294 -0.998859525 0.047678318 -0.002498084 88.495864868
0.032413680 0.035279132 0.998851717 50.163513184 0.045542881 0.998286605 -0.036737073 -4.620429993 -0.998436451 0.046681367 0.030751429 88.526412964
0.071018048 0.032341424 0.996950567 50.665798187 0.044149116 0.998392820 -0.035533179 -4.652677059 -0.996497512 0.046537984 0.069476046 88.577377319
0.113475636 0.027747944 0.993153214 51.138374329 0.040603414 0.998645365 -0.032540649 -4.691388607 -0.992710769 0.044017985 0.112195238 88.652153015
0.159065142 0.023790615 0.986981452 51.660621643 0.038061537 0.998818636 -0.030210059 -4.712082863 -0.986534119 0.042371400 0.157971680 88.754135132
0.207670107 0.020079993 0.977992892 52.142112732 0.032865658 0.999081612 -0.027491778 -4.740234852 -0.977646649 0.037851606 0.206819415 88.881362915
0.259575099 0.018415568 0.965547323 52.624946594 0.028280815 0.999244332 -0.026661204 -4.768237591 -0.965308726 0.034227051 0.258858234 89.045318604
0.314962149 0.018346101 0.948926926 53.071125031 0.026606221 0.999249458 -0.028150000 -4.785209656 -0.948731184 0.034113541 0.314237684 89.224136353
0.372678220 0.018257385 0.927780986 53.518623352 0.027755911 0.999139667 -0.030810827 -4.817902565 -0.927545428 0.037233926 0.371850848 89.436584473
0.432638586 0.021709744 0.901305974 53.928535461 0.027795071 0.998913586 -0.037402812 -4.845339775 -0.901138783 0.041233767 0.431565195 89.671295166
0.493309140 0.024967125 0.869495869 54.333602905 0.026488401 0.998693228 -0.043705188 -4.876467228 -0.869450629 0.044591717 0.492003232 89.933448792
0.551764250 0.030110244 0.833456516 54.701507568 0.021803927 0.998485684 -0.050506875 -4.884864330 -0.833715022 0.046040513 0.550272167 90.224273682
0.608772576 0.032717004 0.792669892 55.042018890 0.015091632 0.998490930 -0.052802559 -4.925116062 -0.793201208 0.044107433 0.607360125 90.532684326
0.661630213 0.032381199 0.749130845 55.372772217 0.012352299 0.998460948 -0.054068018 -4.969639301 -0.749728501 0.045026526 0.660211921 90.887527466
0.712035418 0.032684878 0.701382458 55.659999847 0.008816813 0.998420894 -0.055477802 -4.983916283 -0.702088177 0.045686118 0.710622907 91.221382141
0.758967757 0.027499190 0.650547326 55.964023590 0.006876912 0.998713374 -0.050239511 -5.020293713 -0.651091754 0.042603936 0.757802248 91.613815308
0.799981594 0.024702851 0.599515796 56.169761658 0.002415290 0.999011457 -0.044386849 -5.042015553 -0.600019634 0.036956668 0.799131155 92.001876831
0.837526143 0.022129392 0.545948982 56.419120789 -0.001221603 0.999252737 -0.038629495 -5.063812733 -0.546396017 0.031686276 0.836927414 92.454063416
0.869462729 0.017285388 0.493695974 56.613605499 -0.002044055 0.999504864 -0.031395040 -5.092822075 -0.493994176 0.026287679 0.869067729 92.891845703
0.895999253 0.019421922 0.443630904 56.747077942 -0.008450521 0.999607861 -0.026694816 -5.110622406 -0.443975538 0.020169621 0.895811915 93.275619507
0.916976392 0.021474155 0.398363143 56.904338837 -0.013359614 0.999643087 -0.023134768 -5.136661530 -0.398717791 0.015892055 0.916935980 93.747062683
0.932877004 0.027816273 0.359119385 57.018211365 -0.021987658 0.999551952 -0.020305313 -5.160326004 -0.359523296 0.011046164 0.933070660 94.162994385
0.945372701 0.031497408 0.324466348 57.150680542 -0.026062131 0.999437869 -0.021084700 -5.175609112 -0.324948043 0.011476616 0.945662260 94.656570435
0.955188394 0.034238126 0.294011652 57.279277802 -0.029260866 0.999344528 -0.021312226 -5.185990334 -0.294548661 0.011754157 0.955564260 95.151916504
0.961801946 0.028257307 0.272283912 57.420928955 -0.023373542 0.999502718 -0.021163706 -5.200816154 -0.272746474 0.013991058 0.961984217 95.665382385
0.966314554 0.024310039 0.256213039 57.559951782 -0.019664088 0.999592721 -0.020679824 -5.216398239 -0.256611347 0.014945019 0.966399074 96.190650940
0.969281256 0.030462442 0.244060874 57.606132507 -0.026386997 0.999452591 -0.019951351 -5.245783806 -0.244535059 0.012898448 0.969554543 96.542320251
0.971381187 0.035874985 0.234800920 57.715660095 -0.032271914 0.999295175 -0.019171014 -5.259057045 -0.235323220 0.011044895 0.971854270 97.083648682
0.972490132 0.044027422 0.228745654 57.809364319 -0.040340532 0.998969972 -0.020771120 -5.269888878 -0.229424581 0.010971992 0.973264575 97.567626953
0.972841799 0.049986955 0.226009294 57.923950195 -0.045674719 0.998661399 -0.024272265 -5.286942005 -0.226920038 0.013290163 0.973822653 98.123504639
0.972969532 0.052092470 0.224982217 58.038116455 -0.047358904 0.998529375 -0.026389167 -5.317847252 -0.226026013 0.015020940 0.974005461 98.618873596
0.972394228 0.050376378 0.227841944 58.169002533 -0.044614986 0.998542547 -0.030370142 -5.333278656 -0.229039818 0.019366585 0.973224342 99.206809998
0.971615493 0.049705900 0.231285006 58.301666260 -0.042434163 0.998439074 -0.036312874 -5.360471249 -0.232728973 0.025467765 0.972208083 99.715507507
0.970535576 0.050371658 0.235634372 58.445072174 -0.041756731 0.998269200 -0.041411940 -5.377962112 -0.237312526 0.030352438 0.970959067 100.313125610
0.969314814 0.054955702 0.239601433 58.578590393 -0.046560347 0.998091459 -0.040564042 -5.406131744 -0.241373390 0.028163407 0.970023572 100.855529785
0.967725337 0.057821006 0.245284170 58.729423523 -0.050207824 0.998046339 -0.037184022 -5.423386097 -0.246954992 0.023668744 0.968737900 101.478507996
0.966699064 0.054861497 0.249966368 58.879867554 -0.048350476 0.998313844 -0.032118853 -5.459208965 -0.251306981 0.018963274 0.967721641 102.051055908
0.965779722 0.050569955 0.254385859 59.052001953 -0.045301229 0.998620927 -0.026531396 -5.487221241 -0.255376726 0.014099495 0.966738760 102.710243225
0.965116143 0.047898255 0.257403791 59.221351624 -0.043773092 0.998805106 -0.021735862 -5.511461258 -0.258137316 0.009710274 0.966059387 103.296836853
0.964674413 0.043143738 0.259888798 59.412147522 -0.038933724 0.999014139 -0.021327756 -5.530947685 -0.260552764 0.010455902 0.965403020 103.957893372
0.964574039 0.039940622 0.260771453 59.570343018 -0.034790650 0.999098182 -0.024337191 -5.554480553 -0.261508375 0.014402617 0.965093732 104.571418762
0.964652419 0.039462104 0.260554522 59.746490479 -0.032441009 0.998986661 -0.031194320 -5.582778931 -0.261521459 0.021639019 0.964955091 105.241065979
0.964854836 0.041811507 0.259436011 59.918674469 -0.033135969 0.998738527 -0.037725583 -5.607842445 -0.260686070 0.027803047 0.965023220 105.885360718
0.965455890 0.044832867 0.256680757 60.092842102 -0.035285421 0.998507559 -0.041683830 -5.629706383 -0.258166462 0.031186812 0.965596974 106.563102722
0.966218650 0.043043591 0.254104465 60.280105591 -0.034633342 0.998696923 -0.037481159 -5.650992870 -0.255386680 0.027414504 0.966450274 107.264938354
0.966621697 0.039196428 0.253191739 60.459007263 -0.032775462 0.999026299 -0.029530171 -5.688173294 -0.254102707 0.020246031 0.966965318 107.965843201
0.967261791 0.039526302 0.250683516 60.645168304 -0.034705184 0.999118268 -0.023625229 -5.722087860 -0.251396269 0.014151763 0.967780828 108.694282532
0.967540264 0.042821411 0.249062791 60.818302155 -0.037968744 0.998984396 -0.024257502 -5.751384735 -0.249848619 0.014013501 0.968183517 109.415107727
0.967792809 0.048565362 0.247019440 60.989273071 -0.042760327 0.998669744 -0.028813992 -5.777617931 -0.248090193 0.017323336 0.968582094 110.149490356
0.968591988 0.049890116 0.243599460 61.162540436 -0.042805586 0.998494744 -0.034293476 -5.801706314 -0.244943678 0.022788970 0.969269514 110.901901245
0.969771624 0.048756227 0.239093587 61.354129791 -0.041048337 0.998467505 -0.037115164 -5.832244873 -0.240536764 0.026178844 0.970286906 111.641563416
0.970834434 0.046229951 0.235251799 61.537322998 -0.038929019 0.998607993 -0.035587277 -5.864834785 -0.236569554 0.025391230 0.971282721 112.408187866
0.971725285 0.042622898 0.232235298 61.722881317 -0.035824779 0.998799264 -0.033413846 -5.896827698 -0.233380646 0.024149308 0.972085536 113.199485779
0.972212732 0.041261282 0.230434433 61.907104492 -0.035146296 0.998914182 -0.030580524 -5.932481766 -0.231446028 0.021631857 0.972607195 113.986122131
0.972690225 0.037988398 0.228977665 62.102760315 -0.032286681 0.999069393 -0.028597161 -5.959503174 -0.229850948 0.020423247 0.973011494 114.792106628
0.972907364 0.033209790 0.228797451 62.290924072 -0.027765315 0.999250412 -0.026975015 -5.992883205 -0.229521826 0.019891558 0.973100364 115.584312439
0.973007858 0.034169193 0.228228077 62.480644226 -0.029125176 0.999252141 -0.025433378 -6.019771576 -0.228926435 0.018099694 0.973275483 116.400596619
0.972705483 0.039662685 0.228628233 62.659027100 -0.034359802 0.999041200 -0.027130023 -6.061150551 -0.229485095 0.018533900 0.973135650 117.214759827
0.972402275 0.044867050 0.228956074 62.839447021 -0.038832258 0.998771071 -0.030797755 -6.084422112 -0.230056494 0.021056922 0.972949386 118.032905579
0.971798182 0.054182176 0.229505181 63.029529572 -0.048076782 0.998327136 -0.032115236 -6.120983124 -0.230861291 0.020175660 0.972777545 118.855705261
0.970693350 0.060037505 0.232701540 63.210948944 -0.054143209 0.998031676 -0.031640906 -6.155793667 -0.234143138 0.018114408 0.972033381 119.681831360
0.969823599 0.062404674 0.235686615 63.403808594 -0.057026275 0.997934401 -0.029574689 -6.192573547 -0.237045422 0.015241900 0.971378922 120.518005371
0.969181597 0.062930308 0.238174140 63.604576111 -0.057352565 0.997894466 -0.030283552 -6.231171608 -0.239578456 0.015690362 0.970750213 121.362777710
0.968818247 0.061238762 0.240085766 63.806747437 -0.054824509 0.997940123 -0.033311624 -6.263490200 -0.241631165 0.019110329 0.970180035 122.186523438
0.968889534 0.055526990 0.241184324 64.023788452 -0.049285166 0.998277009 -0.031840511 -6.301846504 -0.242536753 0.018963117 0.969956875 123.033363342
0.969200552 0.049216628 0.241304651 64.248397827 -0.042468995 0.998549700 -0.033087917 -6.344705582 -0.242583156 0.021820864 0.969885170 123.864547729
0.968902528 0.048418798 0.242659435 64.450096130 -0.041601826 0.998584449 -0.033141695 -6.384391785 -0.243920609 0.022015983 0.969545364 124.698448181
0.968393028 0.050534856 0.244256467 64.659820557 -0.044440355 0.998549342 -0.030401696 -6.417484283 -0.245438516 0.018585941 0.969233990 125.534126282
0.967926025 0.052566580 0.245674253 64.858856201 -0.047948260 0.998543203 -0.024746656 -6.451876640 -0.246617138 0.012173285 0.969036579 126.375999451
0.967477024 0.056257360 0.246623799 65.063308716 -0.052774753 0.998391569 -0.020713754 -6.486605167 -0.247392416 0.007024575 0.968889892 127.203758240
0.967243791 0.055492237 0.247709513 65.268432617 -0.050344057 0.998364925 -0.027074119 -6.523322582 -0.248806894 0.013716572 0.968456030 128.032928467
0.967629313 0.051497322 0.247065842 65.483688354 -0.042560846 0.998236597 -0.041379228 -6.562004566 -0.248761073 0.029524427 0.968114793 128.840637207
0.967944801 0.049650095 0.246206611 65.695106506 -0.038415637 0.997998774 -0.050228134 -6.603336334 -0.248207688 0.039159887 0.967914939 129.650741577
