0.999999762 0.000676232 0.000085129 0.019167673 -0.000676052 0.999997556 -0.002093661 -0.003281240 -0.000086544 0.002093603 0.999997735 1.233267784
0.999999464 0.000860998 0.000478519 0.030655991 -0.000860281 0.999998450 -0.001496708 -0.028922450 -0.000479807 0.001496295 0.999998748 2.520819664
0.999999702 -0.000185598 -0.000632297 0.056968443 0.000184976 0.999999523 -0.000983209 -0.050876424 0.000632479 0.000983092 0.999999344 3.865833998
0.999998808 -0.000937738 -0.001248274 0.084481381 0.000935793 0.999998331 -0.001558027 -0.066210009 0.001249733 0.001556857 0.999998033 5.208766937
0.999998629 -0.001150460 -0.001179540 0.096800819 0.001148731 0.999998271 -0.001465648 -0.088643305 0.001181225 0.001464291 0.999998212 6.524507999
0.999998689 -0.000908034 -0.001306147 0.118074030 0.000904364 0.999995589 -0.002807260 -0.106529251 0.001308690 0.002806074 0.999995172 7.848741055
0.999999523 -0.000661191 0.000690668 0.094740503 0.000663408 0.999994636 -0.003214836 -0.130305171 -0.000688539 0.003215293 0.999994576 9.096953392
0.999997675 -0.001283889 0.001738644 0.071240745 0.001286684 0.999997854 -0.001607044 -0.156634018 -0.001736577 0.001609278 0.999997199 10.303258896
0.999998093 -0.001652996 0.001028402 0.050976098 0.001653757 0.999998331 -0.000739254 -0.181903049 -0.001027177 0.000740953 0.999999166 11.507595062
0.999994278 -0.003151214 -0.001172081 0.041105852 0.003149931 0.999994397 -0.001094865 -0.205387637 0.001175524 0.001091167 0.999998689 12.709359169
0.999992132 -0.002647169 -0.002962748 0.039633717 0.002641910 0.999994993 -0.001777757 -0.224428535 0.002967440 0.001769915 0.999993980 13.832097054
0.999987185 -0.002341479 -0.004510755 0.020220339 0.002332456 0.999995232 -0.002004772 -0.243894771 0.004515429 0.001994225 0.999987781 15.121601105
0.999985993 -0.000627493 -0.005247707 0.014739275 0.000613343 0.999996185 -0.002697572 -0.257959127 0.005249381 0.002694315 0.999982595 16.260652542
0.999984324 -0.001062215 -0.005486060 -0.011314705 0.001048522 0.999996305 -0.002498169 -0.280817360 0.005488693 0.002492378 0.999981821 17.546449661
0.999983728 -0.001273177 -0.005556333 -0.026938073 0.001263479 0.999997616 -0.001748604 -0.304237753 0.005558545 0.001741556 0.999983072 18.706600189
0.999975741 -0.002079812 -0.006634843 -0.028809108 0.002068478 0.999996424 -0.001714536 -0.331421465 0.006638384 0.001700770 0.999976516 19.962156296
0.999976754 -0.001163433 -0.006707425 -0.050360113 0.001144376 0.999995410 -0.002844344 -0.352851391 0.006710703 0.002836602 0.999973416 21.114885330
0.999965250 -0.002334272 -0.007993745 -0.047130719 0.002304015 0.999990106 -0.003792262 -0.375096112 0.008002518 0.003773712 0.999960840 22.348424911
0.999960542 -0.000805906 -0.008844372 -0.059088215 0.000779018 0.999995053 -0.003043094 -0.401502192 0.008846780 0.003036084 0.999956250 23.525226593
0.999956965 -0.000684688 -0.009258361 -0.081512347 0.000652684 0.999993801 -0.003459318 -0.416826606 0.009260672 0.003453125 0.999951124 24.686603546
0.999949515 -0.001619971 -0.009919767 -0.100430608 0.001579283 0.999990284 -0.004108260 -0.448405743 0.009926327 0.004092386 0.999942362 25.868806839
0.999946177 0.000270828 -0.010371688 -0.122149184 -0.000312608 0.999991834 -0.004026923 -0.463535041 0.010370512 0.004029948 0.999938071 27.046356201
0.999925852 -0.002519017 -0.011914155 -0.134642750 0.002500106 0.999995589 -0.001601867 -0.496714026 0.011918137 0.001571962 0.999927759 28.210401535
0.999923050 -0.001720007 -0.012284258 -0.160987526 0.001697340 0.999996841 -0.001855396 -0.517479718 0.012287410 0.001834403 0.999922872 29.389719009
0.999904096 -0.003189484 -0.013477569 -0.173535019 0.003156574 0.999992013 -0.002462390 -0.538055122 0.013485313 0.002419611 0.999906123 30.556297302
0.999895692 -0.003291084 -0.014061980 -0.200158432 0.003249500 0.999990284 -0.002979052 -0.572191954 0.014071646 0.002933047 0.999896646 31.742914200
0.999882221 -0.002622698 -0.015123629 -0.224735022 0.002572430 0.999991119 -0.003342359 -0.587284923 0.015132260 0.003303061 0.999880016 32.891395569
0.999869585 -0.002885586 -0.015892871 -0.239040315 0.002834758 0.999990821 -0.003219820 -0.605823696 0.015902016 0.003174348 0.999868512 34.064472198
0.999852538 -0.003419384 -0.016828826 -0.265619487 0.003374097 0.999990642 -0.002718701 -0.631637692 0.016837964 0.002661518 0.999854684 35.226696014
0.999839604 -0.004429454 -0.017351847 -0.291447848 0.004383690 0.999986827 -0.002674540 -0.654858530 0.017363463 0.002598046 0.999845862 36.410209656
0.999843776 -0.003763867 -0.017270111 -0.334042698 0.003722123 0.999990106 -0.002448644 -0.692194164 0.017279156 0.002383981 0.999847829 37.576538086
0.999835849 -0.004840274 -0.017460551 -0.346237898 0.004814987 0.999987245 -0.001489976 -0.728838086 0.017467540 0.001405659 0.999846399 38.771286011
0.999841928 -0.003963223 -0.017331526 -0.377050549 0.003940193 0.999991238 -0.001362841 -0.714014053 0.017336775 0.001294336 0.999848783 39.953300476
0.999851704 -0.003285149 -0.016899535 -0.406431556 0.003272852 0.999994338 -0.000755250 -0.735795557 0.016901923 0.000699829 0.999856889 41.153957367
0.999852479 -0.002132127 -0.017042506 -0.435102314 0.002111687 0.999996960 -0.001217226 -0.752721965 0.017045055 0.001181057 0.999853969 42.304706573
0.999853909 -0.001581569 -0.017017862 -0.460924864 0.001551287 0.999997139 -0.001792518 -0.768732607 0.017020654 0.001765857 0.999853551 43.506816864
0.999858916 0.001592284 -0.016721345 -0.483371824 -0.001588713 0.999998689 0.000226851 -0.788270593 0.016721686 -0.000200254 0.999860168 44.714202881
0.999884725 0.001808454 -0.015074078 -0.500915527 -0.001754582 0.999992013 0.003586270 -0.810123265 0.015080444 -0.003559408 0.999879956 45.862270355
0.999914408 0.002424191 -0.012849133 -0.532184243 -0.002342039 0.999976754 0.006404760 -0.824678898 0.012864358 -0.006374119 0.999897003 47.062831879
0.999929667 0.003144201 -0.011436098 -0.550348461 -0.003040484 0.999954104 0.009075399 -0.824677765 0.011464110 -0.009039989 0.999893427 48.230770111
0.999943793 0.002288326 -0.010354233 -0.560736179 -0.002178457 0.999941289 0.010609987 -0.839684904 0.010377903 -0.010586834 0.999890149 49.438461304
0.999960721 0.000773871 -0.008831162 -0.571400881 -0.000696731 0.999961615 0.008734593 -0.842910409 0.008837583 -0.008728098 0.999922812 50.594741821
0.999967813 0.001867027 -0.007810721 -0.593004763 -0.001814145 0.999975383 0.006772031 -0.847501397 0.007823171 -0.006757644 0.999946594 51.782012939
0.999973238 0.002277453 -0.006968785 -0.602690339 -0.002232388 0.999976575 0.006467770 -0.860563040 0.006983353 -0.006452040 0.999954820 52.956314087
0.999972880 0.001504124 -0.007215726 -0.614184737 -0.001456581 0.999977231 0.006589505 -0.884869576 0.007225474 -0.006578816 0.999952316 54.149005890
0.999969065 0.001354043 -0.007737036 -0.625522256 -0.001316915 0.999987602 0.004801727 -0.882671654 0.007743442 -0.004791391 0.999958456 55.301242828
0.999948382 0.001373182 -0.010062889 -0.632607222 -0.001317738 0.999983966 0.005514257 -0.902168930 0.010070303 -0.005500712 0.999934256 56.488311768
0.999940276 0.001240156 -0.010858703 -0.658197522 -0.001170201 0.999978483 0.006446290 -0.908730567 0.010866464 -0.006433198 0.999920249 57.682998657
0.999917448 0.000636275 -0.012837389 -0.666787028 -0.000543888 0.999974012 0.007198918 -0.930480242 0.012841638 -0.007191341 0.999891698 58.881813049
0.999910235 0.001602530 -0.013300117 -0.696304560 -0.001514096 0.999976695 0.006656528 -0.939466953 0.013310475 -0.006635792 0.999889374 60.075283051
0.999895036 0.001733110 -0.014384025 -0.717255473 -0.001639379 0.999977410 0.006525560 -0.952368617 0.014395009 -0.006501295 0.999875247 61.276275635
0.999901950 0.001479503 -0.013924157 -0.743987083 -0.001400666 0.999982953 0.005669792 -0.960439444 0.013932309 -0.005649733 0.999886930 62.451351166
0.999896109 0.000747939 -0.014394536 -0.757049024 -0.000681466 0.999989092 0.004622330 -0.972118497 0.014397834 -0.004612040 0.999885798 63.661544800
0.999890506 -0.000305826 -0.014803873 -0.785354018 0.000399038 0.999980032 0.006294014 -0.996199667 0.014801655 -0.006299231 0.999870598 64.843368530
0.999884903 0.000092478 -0.015168631 -0.803889155 0.000025508 0.999969780 0.007777862 -1.005575895 0.015168892 -0.007777353 0.999854624 66.042480469
0.999876916 0.000782322 -0.015669703 -0.829543173 -0.000693253 0.999983609 0.005688825 -1.013487458 0.015673900 -0.005677263 0.999861062 67.245620728
0.999872208 0.002456335 -0.015797088 -0.853310108 -0.002389092 0.999987960 0.004274156 -1.024186373 0.015807396 -0.004235868 0.999866068 68.440956116
0.999862492 0.004679396 -0.015908061 -0.878449619 -0.004606161 0.999978602 0.004637178 -1.038819790 0.015929420 -0.004563266 0.999862731 69.634231567
0.999849379 0.006388518 -0.016133461 -0.903132617 -0.006307302 0.999967158 0.005079912 -1.059539676 0.016165381 -0.004977388 0.999856949 70.836982727
0.999840558 0.008172875 -0.015875366 -0.928516030 -0.008088077 0.999952674 0.005398378 -1.073502541 0.015918732 -0.005269116 0.999859393 72.020851135
0.999842167 0.008366595 -0.015671277 -0.940748811 -0.008259048 0.999941885 0.006914895 -1.093341351 0.015728220 -0.006784374 0.999853313 73.234931946
0.999853849 0.010507560 -0.013482580 -0.967153907 -0.010419025 0.999923706 0.006620168 -1.095464826 0.013551116 -0.006478726 0.999887109 74.405708313
0.999900281 0.008751798 -0.011075889 -0.986254692 -0.008701231 0.999951422 0.004605423 -1.118375778 0.011115660 -0.004508590 0.999927998 75.596534729
0.999939680 0.006692902 -0.008706386 -0.997387648 -0.006699580 0.999977231 -0.000738072 -1.128907323 0.008701248 0.000796356 0.999961793 76.769683838
0.999945819 0.007599158 -0.007108009 -0.985859156 -0.007610135 0.999969780 -0.001518569 -1.147814512 0.007096255 0.001572579 0.999973536 78.010467529
0.999971032 0.006587478 -0.003808885 -1.006045938 -0.006577505 0.999974906 0.002625016 -1.170832396 0.003826082 -0.002599887 0.999989271 79.146553040
0.999970973 0.007613862 -0.000217318 -1.018108964 -0.007612915 0.999962687 0.004069610 -1.194639802 0.000248295 -0.004067838 0.999991655 80.325378418
0.999970853 0.006855879 0.003333278 -1.020292044 -0.006864884 0.999972761 0.002697578 -1.216035962 -0.003314694 -0.002720383 0.999990761 81.510612488
0.999943316 0.007413918 0.007641699 -1.202167988 -0.007403667 0.999971628 -0.001368925 -1.422484636 -0.007651631 0.001312271 0.999969840 82.629165649
0.999930978 0.005397632 0.010437618 -1.006348252 -0.005349718 0.999974966 -0.004613045 -1.257765412 -0.010462263 0.004556889 0.999934852 83.776512146
0.999879122 0.005401576 0.014580715 -0.990846515 -0.005308587 0.999965310 -0.006408765 -1.272706866 -0.014614831 0.006330587 0.999873102 84.885719299
0.999824762 0.005001390 0.018040899 -1.152968645 -0.004928567 0.999979436 -0.004078766 -1.497146249 -0.018060928 0.003989135 0.999828875 86.070755005
0.999723494 0.006549762 0.022584038 -1.149183512 -0.006468501 0.999972224 -0.003669314 -1.525544047 -0.022607448 0.003522213 0.999738216 87.195655823
0.999654174 0.005463597 0.025728658 -1.144342422 -0.005343431 0.999974489 -0.004736947 -1.656018496 -0.025753884 0.004597829 0.999657750 88.436027527
0.999556005 0.005699636 0.029246733 -1.119109869 -0.005499678 0.999961019 -0.006912798 -1.677199125 -0.029284989 0.006748881 0.999548316 89.549064636
0.999470532 0.005063185 0.032140624 -1.082307339 -0.004822957 0.999959886 -0.007547399 -1.707970619 -0.032177549 0.007388389 0.999454796 90.732391357
0.999365747 0.004581606 0.035312090 -1.043165207 -0.004370339 0.999972105 -0.006057702 -1.738825440 -0.035338853 0.005899534 0.999357939 91.864562988
0.999281287 0.003505225 0.037743721 -0.993548155 -0.003322253 0.999982417 -0.004909377 -1.756445169 -0.037760265 0.004780455 0.999275386 93.036857605
0.999186993 0.002555432 0.040233865 -0.946181297 -0.002430926 0.999992073 -0.003143179 -1.781887293 -0.040241577 0.003042818 0.999185324 94.164855957
0.999084353 0.001592226 0.042756684 -0.908422947 -0.001510572 0.999996901 -0.001941999 -1.812730432 -0.042759646 0.001875633 0.999083579 95.321899414
0.998956621 0.000466009 0.045666635 -0.873823643 -0.000272271 0.999990940 -0.004248578 -1.835266232 -0.045668203 0.004231712 0.998947620 96.455299377
0.998845160 -0.000882126 0.048034668 -0.813256741 0.001268889 0.999967039 -0.008021831 -1.851777077 -0.048026007 0.008073520 0.998813450 97.585334778
0.998785138 0.000006134 0.049278047 -0.755198479 0.000498901 0.999947488 -0.010236372 -1.919515014 -0.049275521 0.010248522 0.998732626 98.738380432
0.998704731 -0.000429379 0.050880276 -0.701459408 0.000996993 0.999937594 -0.011131013 -1.946954608 -0.050872330 0.011167323 0.998642743 99.891052246
0.998668671 0.000067109 0.051584344 -0.649595261 0.000476922 0.999944329 -0.010534027 -1.979098201 -0.051582184 0.010544607 0.998613119 101.093002319
0.998704612 0.000654087 0.050879844 -0.598155499 -0.000206680 0.999961197 -0.008798170 -2.002068281 -0.050883628 0.008776259 0.998666048 102.241752625
0.998779178 -0.000862031 0.049391497 -0.543731689 0.001183841 0.999978185 -0.006486613 -2.048537731 -0.049384832 0.006537167 0.998758435 103.411178589
0.998899579 0.000108219 0.046900369 -0.475940704 0.000197644 0.999978662 -0.006516862 -2.057536840 -0.046900082 0.006518960 0.998878300 104.587615967
0.998976350 0.000309948 0.045235045 -0.446502209 -0.000048927 0.999983370 -0.005771322 -2.090065479 -0.045236077 0.005763199 0.998959720 105.821197510
0.999118924 0.000653921 0.041963805 -0.393022060 -0.000410816 0.999983132 -0.005801583 -2.115923643 -0.041966882 0.005779231 0.999102294 107.013153076
0.999260068 0.002435751 0.038384698 -0.362513065 -0.002195674 0.999977767 -0.006295369 -2.140216589 -0.038399175 0.006206430 0.999243140 108.218421936
0.999400198 0.002249430 0.034556340 -0.331058025 -0.002059370 0.999982655 -0.005534616 -2.172982693 -0.034568187 0.005460131 0.999387443 109.389831543
0.999536276 0.003062673 0.030294878 -0.290107965 -0.002916314 0.999983788 -0.004874167 -2.193939686 -0.030309306 0.004783558 0.999529123 110.628952026
0.999643683 0.003743764 0.026429731 -0.278614044 -0.003643839 0.999985993 -0.003827902 -2.224929094 -0.026443690 0.003730233 0.999643445 111.812339783
0.999759197 0.003561059 0.021652864 -0.246430874 -0.003489974 0.999988377 -0.003319862 -2.243816853 -0.021664437 0.003243495 0.999759972 113.026420593
0.999838352 0.004182066 0.017486833 -0.244482517 -0.004116350 0.999984324 -0.003792329 -2.256955862 -0.017502420 0.003719733 0.999839902 114.215072632
0.999922454 0.004838637 0.011473981 -0.207244992 -0.004802509 0.999983370 -0.003174253 -2.294595480 -0.011489151 0.003118903 0.999929130 115.471725464
0.999966145 0.004909081 0.006602150 -0.205837846 -0.004883579 0.999980569 -0.003873444 -2.311909437 -0.006621038 0.003841071 0.999970675 116.671249390
0.999979556 0.006086575 0.001937654 -0.211730242 -0.006077826 0.999971449 -0.004489558 -2.335134983 -0.001964924 0.004477690 0.999988019 117.914894104
0.999965072 0.008162538 -0.001830297 -0.216125026 -0.008170466 0.999957025 -0.004367246 -2.365273476 0.001794570 0.004382047 0.999988735 119.119613647
0.999943376 0.009992595 -0.003693351 -0.229619324 -0.010008303 0.999940813 -0.004259328 -2.385823250 0.003650571 0.004296049 0.999984086 120.351646423
0.999927402 0.011172449 -0.004520144 -0.245466858 -0.011193874 0.999926090 -0.004742851 -2.406583548 0.004466821 0.004793101 0.999978483 121.556716919
0.999893188 0.013420000 -0.005787185 -0.258517474 -0.013444155 0.999900937 -0.004155463 -2.442152739 0.005730846 0.004232824 0.999974608 122.819252014
0.999867380 0.014798827 -0.006808871 -0.266163647 -0.014822397 0.999884307 -0.003424679 -2.463790417 0.006757403 0.003525149 0.999970973 124.021797180
0.999864459 0.014752766 -0.007309928 -0.289885819 -0.014776375 0.999885738 -0.003186198 -2.485941648 0.007262088 0.003293780 0.999968231 125.289237976
0.999802530 0.018427715 -0.007437623 -0.327890396 -0.018436993 0.999829352 -0.001180638 -2.501330137 0.007414598 0.001317533 0.999971747 126.527816772
0.999775708 0.019113395 -0.009124035 -0.322700202 -0.019096039 0.999815702 0.001985648 -2.525658369 0.009160308 -0.001810969 0.999956429 127.776557922
0.999789119 0.018118840 -0.009665074 -0.336570024 -0.018102314 0.999834538 0.001794652 -2.551330328 0.009695992 -0.001619313 0.999951720 128.988510132
0.999794602 0.017699450 -0.009869024 -0.366007209 -0.017702678 0.999843240 -0.000240041 -2.557559013 0.009863229 0.000414698 0.999951184 130.283813477
0.999829531 0.015061058 -0.010680452 -0.378585696 -0.015052416 0.999886274 0.000888976 -2.579880476 0.010692625 -0.000728059 0.999942541 131.511917114
0.999854505 0.012606066 -0.011483305 -0.397712708 -0.012575755 0.999917150 0.002707970 -2.594616413 0.011516492 -0.002563165 0.999930382 132.792648315
0.999882400 0.009109000 -0.012334531 -0.401624560 -0.009057754 0.999950051 0.004204124 -2.606330395 0.012372212 -0.004091906 0.999915063 134.027359009
0.999899924 0.007656539 -0.011893614 -0.430595160 -0.007586247 0.999953568 0.005943988 -2.631051779 0.011938570 -0.005853165 0.999911606 135.309020996
0.999929011 0.003147881 -0.011489622 -0.443890572 -0.003107245 0.999988854 0.003552837 -2.633888483 0.011500678 -0.003516884 0.999927640 136.559951782
0.999928474 0.000895957 -0.011925559 -0.456367373 -0.000859278 0.999994874 0.003080305 -2.663407326 0.011928257 -0.003069836 0.999924123 137.838165283
0.999933541 -0.000310254 -0.011521251 -0.476175070 0.000343118 0.999995887 0.002850623 -2.681745052 0.011520319 -0.002854387 0.999929607 139.085144043
0.999933362 -0.000661274 -0.011523785 -0.490728498 0.000699074 0.999994397 0.003276516 -2.697437286 0.011521555 -0.003284354 0.999928176 140.381790161
0.999949396 -0.000433762 -0.010046701 -0.515070796 0.000480863 0.999988914 0.004686227 -2.700850964 0.010044557 -0.004690821 0.999938488 141.641204834
0.999945581 0.002775640 -0.010058146 -0.536414802 -0.002705803 0.999972165 0.006950306 -2.733468771 0.010077159 -0.006922713 0.999925196 142.932922363
0.999957263 0.002324618 -0.008949285 -0.562387168 -0.002276162 0.999982715 0.005420845 -2.752586603 0.008961733 -0.005400245 0.999945164 144.171783447
0.999954760 0.003261040 -0.008932133 -0.576522708 -0.003230928 0.999989033 0.003383660 -2.765134096 0.008943071 -0.003354650 0.999954343 145.472000122
0.999960780 0.003075753 -0.008294242 -0.591582537 -0.003069025 0.999994934 0.000823839 -2.782277822 0.008296734 -0.000798353 0.999965250 146.726852417
0.999976933 0.001737662 -0.006564762 -0.633950233 -0.001760568 0.999992371 -0.003485153 -2.807946205 0.006558655 0.003496632 0.999972463 147.939285278
0.999970496 0.001867582 -0.007442247 -0.629786015 -0.001917888 0.999975324 -0.006758239 -2.834845066 0.007429441 0.006772313 0.999949455 149.280593872
0.999974966 0.000920733 -0.007003353 -0.651719093 -0.000976489 0.999967873 -0.007962096 -2.864023209 0.006995795 0.007968740 0.999943733 150.537567139
0.999972403 0.001274311 -0.007322094 -0.655960917 -0.001330071 0.999970138 -0.007615480 -2.891569614 0.007312172 0.007625005 0.999944150 151.806304932
0.999971867 0.001821172 -0.007290030 -0.666530013 -0.001873130 0.999972880 -0.007126870 -2.919315338 0.007276854 0.007140322 0.999947965 153.014495850
0.999967873 0.002146979 -0.007723190 -0.685179830 -0.002193138 0.999979734 -0.005973097 -2.950746775 0.007710210 0.005989844 0.999952316 154.345001221
0.999965608 0.002727661 -0.007826133 -0.701123297 -0.002770002 0.999981582 -0.005404461 -2.979660511 0.007811247 0.005425956 0.999954700 155.568847656
0.999959528 0.002328228 -0.008679972 -0.712504268 -0.002379554 0.999979675 -0.005907433 -3.013653994 0.008666041 0.005927852 0.999944866 156.845932007
0.999953449 0.003391420 -0.009035890 -0.739873230 -0.003438764 0.999980450 -0.005229027 -3.041202068 0.009017979 0.005259858 0.999945462 158.084518433
0.999946237 0.002382358 -0.010087326 -0.748239577 -0.002428111 0.999986827 -0.004525892 -3.066312313 0.010076409 0.004550141 0.999938846 159.382583618
0.999933302 0.003532847 -0.010994973 -0.766537011 -0.003574196 0.999986589 -0.003743292 -3.093370676 0.010981601 0.003782342 0.999932528 160.589019775
0.999926269 0.003938061 -0.011494398 -0.782171249 -0.003998988 0.999978065 -0.005282431 -3.120098114 0.011473346 0.005328008 0.999919891 161.902465820
0.999917507 0.004979531 -0.011842594 -0.804771304 -0.005053203 0.999967992 -0.006199145 -3.156991005 0.011811348 0.006258474 0.999910653 163.130020142
0.999902010 0.005669008 -0.012795914 -0.825682759 -0.005748424 0.999964356 -0.006178171 -3.186149120 0.012760432 0.006251127 0.999899030 164.401062012
0.999896348 0.005856975 -0.013150788 -0.849537611 -0.005952507 0.999956131 -0.007236993 -3.208004475 0.013107822 0.007314523 0.999887347 165.636001587
0.999878287 0.006718643 -0.014083548 -0.868787169 -0.006838962 0.999940336 -0.008512579 -3.240392685 0.014025516 0.008607863 0.999864578 166.872039795
0.999872506 0.006059646 -0.014768096 -0.894535899 -0.006169533 0.999953508 -0.007406687 -3.286367416 0.014722526 0.007496855 0.999863625 168.190811157
0.999867082 0.005209740 -0.015446369 -0.911894083 -0.005299974 0.999969006 -0.005806623 -3.325251818 0.015415642 0.005887715 0.999863803 169.422653198
0.999842107 0.004826799 -0.017101778 -0.920859218 -0.004923119 0.999972224 -0.005594536 -3.374123812 0.017074298 0.005677847 0.999838114 170.736831665
0.999827504 0.006031028 -0.017564891 -0.959561825 -0.006123939 0.999967515 -0.005240673 -3.397608757 0.017532712 0.005347334 0.999831975 171.977844238
0.999828458 0.007371841 -0.016991159 -1.006464362 -0.007464883 0.999957442 -0.005419054 -3.419922829 0.016950486 0.005544960 0.999840975 173.261138916
0.999795437 0.006255776 -0.019233771 -1.008850574 -0.006364149 0.999964178 -0.005578483 -3.466701984 0.019198190 0.005699750 0.999799371 174.477447510
0.999785364 0.007146058 -0.019449070 -1.049437761 -0.007273520 0.999952435 -0.006490771 -3.489057779 0.019401764 0.006630842 0.999789715 175.733947754
0.999773622 0.007473295 -0.019916907 -1.080745220 -0.007595039 0.999952793 -0.006043950 -3.514321327 0.019870803 0.006193852 0.999783337 176.965576172
0.999765813 0.006982421 -0.020482853 -1.112227201 -0.007133741 0.999947667 -0.007323844 -3.548935890 0.020430639 0.007468249 0.999763370 178.201934814
0.999769032 0.005635549 -0.020739632 -1.134326220 -0.005818652 0.999944508 -0.008778855 -3.578612089 0.020689009 0.008897506 0.999746323 179.474792480
0.999782383 0.002295801 -0.020732796 -1.171398878 -0.002478252 0.999958336 -0.008778702 -3.606687069 0.020711776 0.008828172 0.999746501 180.703353882
0.999764204 0.002743508 -0.021541253 -1.186299801 -0.002850765 0.999983668 -0.004950081 -3.638589621 0.021527320 0.005010322 0.999755681 181.974899292
0.999772429 0.002665309 -0.021163294 -1.226997137 -0.002675065 0.999996364 -0.000432770 -3.671171904 0.021162065 0.000489285 0.999775946 183.238281250
0.999769747 0.002649378 -0.021292362 -1.262928963 -0.002671315 0.999995887 -0.001001877 -3.694757462 0.021289622 0.001058525 0.999772906 184.443267822
0.999777079 0.003689609 -0.020789998 -1.303948402 -0.003781861 0.999983132 -0.004399749 -3.713275671 0.020773415 0.004477392 0.999774158 185.682662964
0.999754012 0.004563124 -0.021703608 -1.325636625 -0.004700111 0.999969244 -0.006264907 -3.740079403 0.021674355 0.006365376 0.999744833 186.936355591
0.999763429 0.004488023 -0.021281334 -1.374991894 -0.004620929 0.999970078 -0.006200107 -3.761443615 0.021252874 0.006296980 0.999754369 188.183868408
0.999762595 0.004615289 -0.021293705 -1.409360409 -0.004711389 0.999978840 -0.004465075 -3.808133841 0.021272646 0.004564337 0.999763370 189.443572998
0.999763370 0.004476348 -0.021285279 -1.429645538 -0.004526972 0.999987006 -0.002330790 -3.835130215 0.021274569 0.002426597 0.999770820 190.657485962
0.999783456 0.003387538 -0.020528518 -1.477700949 -0.003419000 0.999993026 -0.001497753 -3.869070768 0.020523302 0.001567616 0.999788165 191.977050781
0.999809861 0.004103974 -0.019061893 -1.493720770 -0.004147436 0.999988854 -0.002241045 -3.899506330 0.019052485 0.002319677 0.999815822 193.129699707
0.999835491 0.003163479 -0.017859749 -1.499223828 -0.003222635 0.999989390 -0.003284509 -3.927680731 0.017849170 0.003341525 0.999835074 194.312133789
0.999863088 0.002394314 -0.016372198 -1.531610012 -0.002475445 0.999984741 -0.004936975 -3.951174259 0.016360128 0.004976828 0.999853730 195.544921875
0.999885440 0.002491095 -0.014928609 -1.567937493 -0.002576638 0.999980330 -0.005713357 -3.981143475 0.014914084 0.005751168 0.999872208 196.768112183
0.999897599 0.002617466 -0.014062140 -1.574998617 -0.002688683 0.999983549 -0.005047955 -4.003562927 0.014048696 0.005085247 0.999888361 197.947006226
0.999915004 0.002089486 -0.012861106 -1.599332809 -0.002126202 0.999993622 -0.002841740 -4.044520378 0.012855086 0.002868843 0.999913216 199.182510376
0.999929130 0.003168324 -0.011475332 -1.620786667 -0.003196989 0.999991953 -0.002480493 -4.067789078 0.011467380 0.002517004 0.999931097 200.372833252
0.999946356 0.002855637 -0.009944286 -1.647650003 -0.002884009 0.999991834 -0.002839852 -4.082268715 0.009936095 0.002868379 0.999946594 201.579330444
0.999947309 0.002891343 -0.009847788 -1.648957729 -0.002909737 0.999994040 -0.001853997 -4.135715008 0.009842367 0.001882554 0.999949813 202.784698486
0.999963045 0.002524602 -0.008223286 -1.683957696 -0.002541584 0.999994695 -0.002055232 -4.152623177 0.008218056 0.002076056 0.999964118 203.983612061
0.999969363 0.003402972 -0.007043870 -1.693714619 -0.003418117 0.999991775 -0.002138918 -4.178419113 0.007036535 0.002162929 0.999972880 205.046508789
0.999979079 0.002389364 -0.006007229 -1.704581380 -0.002401566 0.999994993 -0.002024910 -4.208742142 0.006002361 0.002039294 0.999979854 206.222549438
0.999975622 0.002432252 -0.006538182 -1.704556584 -0.002445006 0.999995053 -0.001943166 -4.231030464 0.006533425 0.001959105 0.999976754 207.371856689
0.999982238 0.002583234 -0.005373856 -1.733293295 -0.002589785 0.999995887 -0.001212706 -4.256824017 0.005370700 0.001226602 0.999984801 208.477722168
0.999976695 0.002107434 -0.006493907 -1.724610090 -0.002109968 0.999997675 -0.000383042 -4.278455257 0.006493085 0.000396735 0.999978840 209.642883301
0.999979734 0.002306869 -0.005955783 -1.685624361 -0.002312371 0.999996901 -0.000917408 -4.288028240 0.005953650 0.000931162 0.999981821 210.810943604
0.999973297 0.002440911 -0.006901825 -1.692603588 -0.002453356 0.999995410 -0.001795511 -4.315474033 0.006897411 0.001812395 0.999974608 211.924041748
0.999971807 0.003160423 -0.006815544 -1.725970507 -0.003173965 0.999992967 -0.001976719 -4.348246574 0.006809250 0.001998295 0.999974787 212.986785889
0.999967992 0.003123820 -0.007365639 -1.729256988 -0.003142861 0.999991715 -0.002574883 -4.371609211 0.007357536 0.002597950 0.999969482 214.016403198
0.999961436 0.002493681 -0.008424028 -1.751610756 -0.002514060 0.999993861 -0.002409152 -4.397621632 0.008417969 0.002430238 0.999961555 215.074691772
0.999943733 0.002738322 -0.010246445 -1.758501172 -0.002757140 0.999994457 -0.001822661 -4.414672375 0.010241399 0.001850810 0.999945760 216.064971924
0.999923587 0.002120311 -0.012172761 -1.779775262 -0.002120285 0.999997675 0.000015263 -4.442574501 0.012172767 0.000010549 0.999925792 217.120040894
0.999890029 0.001208675 -0.014785797 -1.780763745 -0.001183459 0.999997735 0.001714042 -4.464858055 0.014787840 -0.001696355 0.999889195 218.145889282
0.999860644 0.001350676 -0.016637139 -1.816760182 -0.001326710 0.999998033 0.001451323 -4.479608059 0.016639067 -0.001429048 0.999860525 219.111557007
0.999811947 0.001193259 -0.019354006 -1.839350939 -0.001169020 0.999998510 0.001263674 -4.504616737 0.019355483 -0.001240811 0.999811888 220.105743408
0.999745846 0.001510230 -0.022494512 -1.862461805 -0.001488347 0.999998331 0.000989487 -4.516803741 0.022495968 -0.000955756 0.999746501 221.104843140
0.999672771 0.001859980 -0.025511434 -1.892854214 -0.001821889 0.999997199 0.001516097 -4.537199020 0.025514176 -0.001469122 0.999673307 221.965225220
0.999589205 0.002223797 -0.028573927 -1.920973301 -0.002179624 0.999996364 0.001576959 -4.564859390 0.028577326 -0.001514030 0.999590397 222.909820557
0.999501109 0.002217124 -0.031504657 -1.957159042 -0.002188791 0.999997139 0.000933770 -4.580391407 0.031506639 -0.000864347 0.999503195 223.817611694
0.999422550 0.002251118 -0.033903752 -1.973401546 -0.002288433 0.999996841 -0.001061958 -4.555349350 0.033901256 0.001138931 0.999424517 224.876968384
0.999295890 0.003435516 -0.037362047 -2.011077881 -0.003482933 0.999993265 -0.001204098 -4.579555988 0.037357658 0.001333380 0.999301076 225.738571167
0.999205172 0.003786474 -0.039679803 -2.048670292 -0.003875023 0.999990106 -0.002154929 -4.579348087 0.039671250 0.002306977 0.999210119 226.629486084
0.999094248 0.005371440 -0.042211384 -2.089815140 -0.005486319 0.999981523 -0.002606105 -4.596697807 0.042196617 0.002835329 0.999105334 227.457931519
0.999067605 0.005996858 -0.042752739 -2.130631447 -0.006084248 0.999979615 -0.001914353 -4.619049549 0.042740386 0.002172687 0.999083757 228.231445312
0.999068677 0.005363640 -0.042812161 -2.167308807 -0.005391211 0.999985278 -0.000528611 -4.641817570 0.042808693 0.000758928 0.999082983 229.020431519
0.999104440 0.005906749 -0.041895658 -2.208607197 -0.005920113 0.999982417 -0.000194941 -4.656018257 0.041893758 0.000442793 0.999121904 229.755722046
0.999118567 0.005767640 -0.041578144 -2.247177601 -0.005815535 0.999982476 -0.001031041 -4.669965267 0.041571468 0.001271932 0.999134719 230.496688843
0.999127746 0.006074329 -0.041311216 -2.273818493 -0.006180482 0.999977887 -0.002442359 -4.694519520 0.041295465 0.002695553 0.999143302 231.219223022
0.999144375 0.006333614 -0.040868137 -2.298552036 -0.006521376 0.999968708 -0.004462671 -4.710798740 0.040838603 0.004725371 0.999154508 231.963745117
0.999220073 0.006625688 -0.038927041 -2.342086315 -0.006864578 0.999958396 -0.006006386 -4.727272987 0.038885627 0.006268919 0.999224007 232.668853760
0.999273419 0.006981025 -0.037467599 -2.369621277 -0.007236378 0.999951482 -0.006684023 -4.741216660 0.037419114 0.006950296 0.999275565 233.403747559
0.999339044 0.006458486 -0.035773702 -2.396294117 -0.006702582 0.999955058 -0.006707669 -4.763256073 0.035728779 0.006943013 0.999337375 234.132888794
0.999395549 0.006548731 -0.034140065 -2.423485279 -0.006779189 0.999954939 -0.006638937 -4.782495975 0.034095053 0.006866367 0.999395013 234.812911987
0.999458253 0.006953956 -0.032167744 -2.452427387 -0.007158981 0.999954700 -0.006262838 -4.810427189 0.032122739 0.006489733 0.999462843 235.533615112
0.999529183 0.006107365 -0.030066414 -2.473327160 -0.006323067 0.999954879 -0.007084311 -4.819335938 0.030021792 0.007271087 0.999522805 236.230194092
0.999621272 0.005757198 -0.026908956 -2.502005816 -0.005926492 0.999962986 -0.006215799 -4.846394539 0.026872182 0.006372920 0.999618590 236.940139771
0.999699056 0.004972673 -0.024020601 -2.514168024 -0.005110200 0.999970853 -0.005667525 -4.861025333 0.023991710 0.005788570 0.999695361 237.625259399
0.999774456 0.004295725 -0.020797282 -2.537250042 -0.004417777 0.999973238 -0.005826272 -4.873535633 0.020771695 0.005916836 0.999766707 238.334671021
0.999828577 0.004249023 -0.018016513 -2.545984268 -0.004350067 0.999974966 -0.005573133 -4.892987728 0.017992381 0.005650552 0.999822140 239.016372681
0.999881804 0.003863909 -0.014877731 -2.559318066 -0.003953073 0.999974370 -0.005968486 -4.909700871 0.014854288 0.006026596 0.999871492 239.709335327
0.999909341 0.003959225 -0.012867779 -2.543250084 -0.004032754 0.999975562 -0.005693295 -4.941208839 0.012844924 0.005744670 0.999900997 240.563674927
0.999938428 0.004912353 -0.009955684 -2.553281784 -0.004977410 0.999966204 -0.006519998 -4.960195541 0.009923317 0.006569149 0.999929190 241.253158569
0.999962628 0.005118685 -0.006962847 -2.562350273 -0.005169457 0.999960005 -0.007293324 -4.971232414 0.006925240 0.007329045 0.999949098 241.926589966
0.999976993 0.005431133 -0.004060148 -2.570279121 -0.005458163 0.999962747 -0.006676230 -4.985552311 0.004023740 0.006698237 0.999969482 242.633941650
0.999982595 0.005646509 -0.001671814 -2.570368767 -0.005656357 0.999966323 -0.005946534 -5.003210068 0.001638182 0.005955887 0.999980927 243.326095581
0.999984384 0.005519163 0.000847969 -2.575881243 -0.005513664 0.999964654 -0.006353810 -5.015976906 -0.000883007 0.006349036 0.999979496 244.034774780
0.999983311 0.005153374 0.002608403 -2.571117640 -0.005133872 0.999959171 -0.007429443 -5.040011406 -0.002646583 0.007415929 0.999969006 244.735931396
0.999971092 0.006028009 0.004630102 -2.573957443 -0.005979773 0.999928415 -0.010361820 -5.049970627 -0.004692232 0.010333833 0.999935567 245.452575684
0.999973953 0.004328437 0.005765454 -2.571210861 -0.004266005 0.999932587 -0.010796713 -5.090820312 -0.005811797 0.010771833 0.999925077 246.200332642
0.999977171 0.004326646 0.005183519 -2.566834450 -0.004270941 0.999933481 -0.010709540 -5.110729694 -0.005229510 0.010687155 0.999929249 246.933639526
0.999954641 0.004904802 0.008164568 -2.614145517 -0.004821501 0.999936402 -0.010191440 -5.180006027 -0.008214036 0.010151614 0.999914706 247.516891479
0.999939084 0.008017966 0.007582147 -2.606382847 -0.007936644 0.999911189 -0.010695524 -5.196031094 -0.007667231 0.010634694 0.999914110 248.291931152
0.999956548 0.005556084 0.007485101 -2.584546089 -0.005470760 0.999920368 -0.011371625 -5.191846848 -0.007547688 0.011330179 0.999907255 249.089096069
0.999959648 0.005023585 0.007446654 -2.583212852 -0.004921827 0.999895096 -0.013620609 -5.209472179 -0.007514297 0.013583411 0.999879479 249.851135254
0.999975562 0.000151540 0.006983066 -2.553630352 -0.000035190 0.999861240 -0.016658649 -5.204368114 -0.006984622 0.016657995 0.999836862 250.642395020
0.999969721 -0.002690670 0.007300582 -2.541809082 0.002819837 0.999838650 -0.017740482 -5.223700523 -0.007251671 0.017760532 0.999815941 251.417541504
0.999953449 0.000322361 0.009645660 -2.576431513 -0.000203569 0.999924123 -0.012314223 -5.279544830 -0.009648898 0.012311685 0.999877632 252.084030151
0.999940991 0.004559670 0.009867559 -2.572432995 -0.004500169 0.999971569 -0.006043634 -5.294570446 -0.009894836 0.005998870 0.999933004 252.883071899
0.999936461 0.003506643 0.010708723 -2.565953016 -0.003476454 0.999989867 -0.002836341 -5.315538883 -0.010718560 0.002798930 0.999938607 253.688751221
0.999903440 0.003326043 0.013487629 -2.562060356 -0.003255165 0.999980807 -0.005273572 -5.323016167 -0.013504910 0.005229161 0.999895155 254.459426880
0.999844313 0.004447346 0.017072976 -2.549995422 -0.004251922 0.999925196 -0.011465618 -5.339694023 -0.017122693 0.011391241 0.999788523 255.275512695
0.999753773 0.005536294 0.021487346 -2.551725864 -0.005215206 0.999874294 -0.014970504 -5.358626366 -0.021567527 0.014854758 0.999657035 256.094848633
0.999663293 0.007807742 0.024746735 -2.543987274 -0.007444438 0.999863684 -0.014739264 -5.376498699 -0.024858445 0.014550075 0.999585092 256.919891357
0.999609649 0.005761344 0.027335303 -2.501431465 -0.005404397 0.999899387 -0.013114017 -5.372920513 -0.027408106 0.012961170 0.999540210 257.769134521
0.999532104 0.003144781 0.030423293 -2.482215881 -0.002847132 0.999947667 -0.009822032 -5.394423962 -0.030452592 0.009730820 0.999488771 258.605499268
0.999483943 0.000134669 0.032120805 -2.434663773 0.000139208 0.999963582 -0.008524088 -5.423046112 -0.032120790 0.008524161 0.999447584 259.479797363
0.999296546 0.002125779 0.037440673 -2.440526962 -0.001855887 0.999971986 -0.007241845 -5.460482597 -0.037455019 0.007167265 0.999272645 260.203552246
0.999167144 0.003707347 0.040637501 -2.424122810 -0.003348909 0.999954939 -0.008884902 -5.489348888 -0.040668610 0.008741411 0.999134541 261.075714111
0.999099135 0.004791593 0.042166583 -2.380582809 -0.004300490 0.999921978 -0.011729727 -5.498615742 -0.042219494 0.011537822 0.999041796 261.910858154
0.998945773 0.006341698 0.045464765 -2.358903885 -0.005823430 0.999916553 -0.011522755 -5.530064583 -0.045534056 0.011245847 0.998899460 262.698394775
0.998865247 0.007492823 0.047032889 -2.294578552 -0.007069615 0.999933004 -0.009157985 -5.555025101 -0.047098368 0.008815089 0.998851299 263.576354980
0.998693585 0.008364642 0.050409712 -2.269511223 -0.008013684 0.999942303 -0.007160163 -5.587381363 -0.050466701 0.006746843 0.998702943 264.426544189
0.998465061 0.009846157 0.054502651 -2.247251511 -0.009378414 0.999917090 -0.008831162 -5.582148552 -0.054585088 0.008306460 0.998474538 265.256408691
0.998306334 0.010036830 0.057302505 -2.209109306 -0.009524039 0.999912202 -0.009214940 -5.605256081 -0.057389952 0.008653583 0.998314381 266.113128662
0.998176932 0.008330463 0.059778512 -2.148632050 -0.007764169 0.999922931 -0.009699188 -5.622552872 -0.059854694 0.009217374 0.998164475 266.965026855
0.998098731 0.005173252 0.061419751 -2.098569870 -0.004629086 0.999948800 -0.008998758 -5.644430161 -0.061463166 0.008697333 0.998071432 267.833831787
0.998034418 0.004377300 0.062515117 -2.047704697 -0.003807232 0.999950051 -0.009235118 -5.664477348 -0.062552422 0.008978956 0.998001277 268.669586182
0.998001277 0.004104835 0.063060082 -2.003795624 -0.003487033 0.999944866 -0.009903963 -5.674520969 -0.063097261 0.009664275 0.997960508 269.526489258
0.997961223 0.003578776 0.063722931 -1.949789047 -0.003012300 0.999955058 -0.008983593 -5.712872505 -0.063752219 0.008773324 0.997927189 270.385711670
0.997975230 0.004236025 0.063463584 -1.900047302 -0.003685811 0.999954581 -0.008784352 -5.726347446 -0.063497923 0.008532649 0.997945487 271.266052246
0.998022258 0.004079767 0.062728621 -1.845478058 -0.003585949 0.999961674 -0.007982818 -5.754693985 -0.062758781 0.007742088 0.997998714 272.112762451
0.998129189 0.004382939 0.060982145 -1.793422699 -0.003833814 0.999951005 -0.009118793 -5.773877144 -0.061019123 0.008867936 0.998097241 272.978424072
0.998206675 0.003398016 0.059765033 -1.752180099 -0.002847204 0.999952614 -0.009299054 -5.806623459 -0.059793811 0.009112217 0.998169124 273.822143555
0.998323619 0.005403605 0.057625934 -1.700267792 -0.004784795 0.999929428 -0.010870982 -5.816534996 -0.057680618 0.010577030 0.998279095 274.702545166
0.998366117 0.005961303 0.056827951 -1.664437294 -0.005368331 0.999929607 -0.010581415 -5.847078323 -0.056887031 0.010259056 0.998327851 275.548645020
0.998453498 0.007562648 0.055076759 -1.623084068 -0.006955947 0.999913156 -0.011198935 -5.866537094 -0.055156667 0.010798505 0.998419344 276.408599854
0.998565793 0.007940729 0.052946214 -1.587852478 -0.007415507 0.999921381 -0.010109020 -5.899061680 -0.053022325 0.009701899 0.998546183 277.247650146
0.998729527 0.007522730 0.049826670 -1.542366982 -0.007092690 0.999936104 -0.008801971 -5.921051025 -0.049889702 0.008437384 0.998719096 278.115814209
0.998919010 0.006787394 0.045985967 -1.512856483 -0.006478787 0.999955595 -0.006856615 -5.935077190 -0.046030469 0.006551269 0.998918533 278.963378906
0.999149740 0.005122190 0.040908877 -1.480920792 -0.004938817 0.999977350 -0.004582289 -5.968870640 -0.040931426 0.004376352 0.999152362 279.819610596
0.999342918 0.005044515 0.035891354 -1.452101707 -0.004915281 0.999981105 -0.003688028 -5.981279373 -0.035909280 0.003509187 0.999348879 280.660034180
0.999483109 0.004866423 0.031780861 -1.440634727 -0.004781652 0.999984801 -0.002742861 -6.000512123 -0.031793728 0.002589478 0.999491096 281.461273193
0.999637723 0.003482802 0.026688326 -1.415788651 -0.003425398 0.999991775 -0.002196382 -6.016676426 -0.026695754 0.002104168 0.999641418 282.290191650
0.999742985 0.002859853 0.022490108 -1.412133694 -0.002813806 0.999993980 -0.002078759 -6.036844254 -0.022495916 0.002014942 0.999744833 283.081634521
0.999819934 0.002989768 0.018740475 -1.411498070 -0.002945307 0.999992788 -0.002399715 -6.057722092 -0.018747514 0.002344086 0.999821484 283.872344971
0.999888778 0.003303389 0.014538850 -1.400105476 -0.003267242 0.999991417 -0.002509396 -6.073079586 -0.014547016 0.002461615 0.999891162 284.629302979
0.999939442 0.003431163 0.010454753 -1.397602797 -0.003404036 0.999990761 -0.002611358 -6.088971138 -0.010463620 0.002575611 0.999941945 285.389312744
