0.999998629 0.000863149 0.001490347 -0.004434283 -0.000856450 0.999989569 -0.004489570 -0.003160840 -0.001494207 0.004488287 0.999988794 0.963605106
0.999996901 -0.001332205 0.002100496 -0.001556895 0.001343540 0.999984503 -0.005404153 -0.001012089 -0.002093264 0.005406959 0.999983191 1.919290781
0.999994457 -0.002268340 0.002420125 -0.044833656 0.002271307 0.999996603 -0.001223814 -0.094950870 -0.002417341 0.001229303 0.999996305 2.902945042
0.999984205 -0.005373667 0.001634596 -0.000533657 0.005365650 0.999973714 0.004870189 -0.004815402 -0.001660724 -0.004861342 0.999986768 3.824057817
0.999960065 -0.008934567 0.000231409 0.001294491 0.008933320 0.999948025 0.004916728 -0.002637560 -0.000275325 -0.004914465 0.999987900 4.765204430
0.999943733 -0.010599342 -0.000397837 -0.043920241 0.010600104 0.999941885 0.001964221 -0.089969285 0.000376994 -0.001968328 0.999997914 5.722973347
0.999956787 -0.008656274 -0.003394451 -0.049312785 0.008634469 0.999942303 -0.006386919 -0.098921865 0.003449542 0.006357334 0.999973834 6.647845745
0.999949396 -0.008725453 -0.005006970 -0.057774901 0.008681898 0.999924839 -0.008655985 -0.110710666 0.005082122 0.008612078 0.999949932 7.575522423
0.999954879 -0.007966397 -0.005166088 -0.065571696 0.007940006 0.999955356 -0.005108754 -0.108266324 0.005206556 0.005067505 0.999973536 8.497096062
0.999952555 -0.007699688 -0.005957543 -0.073374227 0.007687052 0.999968112 -0.002141124 -0.113481469 0.005973840 0.002095226 0.999979973 9.313428879
0.999933660 -0.008588019 -0.007673327 -0.085876450 0.008567599 0.999959707 -0.002689856 -0.121398993 0.007696118 0.002623936 0.999966860 10.337873459
0.999923110 -0.009268502 -0.008229950 -0.093774594 0.009254633 0.999955714 -0.001721585 -0.128194824 0.008245542 0.001645288 0.999964595 11.247233391
0.999917805 -0.009278370 -0.008852167 -0.110607333 0.009261923 0.999955356 -0.001897147 -0.130699009 0.008869374 0.001815003 0.999958992 12.117845535
0.999899387 -0.008246627 -0.011543198 -0.124768436 0.008152385 0.999933183 -0.008187537 -0.165332794 0.011609946 0.008092608 0.999899864 13.060114861
0.999878764 -0.008427893 -0.013091063 -0.135653734 0.008295653 0.999914289 -0.010123178 -0.173061892 0.013175257 0.010013352 0.999863029 13.933640480
0.999857366 -0.005166354 -0.016080156 -0.180103764 0.004927291 0.999877274 -0.014871224 -0.228402764 0.016155016 0.014789872 0.999760032 14.856568336
0.999823630 -0.004947563 -0.018115535 -0.192230240 0.004672074 0.999873281 -0.015218164 -0.246332273 0.018188536 0.015130843 0.999720037 15.745295525
0.999790907 -0.002256338 -0.020324759 -0.226609096 0.001904185 0.999847949 -0.017329004 -0.273454040 0.020360772 0.017286677 0.999643266 16.665010452
0.999733567 -0.001117900 -0.023056140 -0.235701531 0.000718958 0.999849975 -0.017304137 -0.286073625 0.023072027 0.017282952 0.999584377 17.551881790
0.999723911 -0.001341731 -0.023456385 -0.276451588 0.000956276 0.999864459 -0.016436253 -0.301600575 0.023475256 0.016409285 0.999589741 18.449605942
0.999672651 -0.000747657 -0.025575455 -0.291219771 0.000359786 0.999884903 -0.015166990 -0.314936817 0.025583848 0.015152825 0.999557853 19.329404831
0.999665499 0.000037480 -0.025863655 -0.346404076 -0.000430557 0.999884486 -0.015192663 -0.328310192 0.025860103 0.015198717 0.999550045 20.203660965
0.999615133 -0.001235500 -0.027714100 -0.368885875 0.000814477 0.999884129 -0.015197787 -0.343498081 0.027729666 0.015169365 0.999500334 21.077480316
0.999574423 -0.001651549 -0.029125195 -0.390720963 0.001205374 0.999881685 -0.015330098 -0.353498250 0.029147070 0.015288464 0.999458313 21.956684113
0.999561548 -0.001700574 -0.029560771 -0.427696526 0.001267348 0.999891579 -0.014668043 -0.368298352 0.029582508 0.014624148 0.999455333 22.825016022
0.999522984 -0.001609375 -0.030840987 -0.471689224 0.001181588 0.999902844 -0.013883915 -0.385149300 0.030860336 0.013840850 0.999427855 23.662509918
0.999526143 -0.002481092 -0.030679282 -0.513280690 0.002150514 0.999939263 -0.010803591 -0.400976062 0.030704223 0.010732495 0.999470949 24.504789352
0.999488831 -0.003658604 -0.031757858 -0.542189717 0.003312560 0.999934673 -0.010942183 -0.434530914 0.031795811 0.010831391 0.999435723 25.358346939
0.999470353 -0.003374367 -0.032369852 -0.580398440 0.002987378 0.999923646 -0.011996130 -0.448829949 0.032407857 0.011893075 0.999403954 26.194965363
0.999438286 -0.001077471 -0.033493832 -0.602186441 0.000584096 0.999891341 -0.014736690 -0.459596783 0.033506062 0.014708851 0.999330282 26.990530014
0.999403775 -0.000815944 -0.034517184 -0.633533359 0.000238416 0.999859989 -0.016732432 -0.469872475 0.034526009 0.016714226 0.999264061 27.794269562
0.999353528 -0.000308966 -0.035949238 -0.636487484 -0.000274148 0.999868512 -0.016214415 -0.505099058 0.035949506 0.016213790 0.999222100 28.673799515
0.999306858 0.000295707 -0.037225597 -0.665622056 -0.000933986 0.999852836 -0.017130017 -0.517779887 0.037215043 0.017152911 0.999160051 29.465372086
0.999197423 0.000795335 -0.040047772 -0.660885274 -0.001435518 0.999871612 -0.015959278 -0.593602240 0.040029928 0.016003959 0.999070287 30.251186371
0.999129117 0.000503351 -0.041721728 -0.701329708 -0.001168491 0.999872565 -0.015919445 -0.607374728 0.041708399 0.015954332 0.999002457 31.014331818
0.999051154 0.000768955 -0.043546613 -0.742972374 -0.001419766 0.999887705 -0.014916215 -0.613580406 0.043530252 0.014963886 0.998940051 31.773563385
0.998951018 0.000476244 -0.045791835 -0.772195220 -0.001063270 0.999917567 -0.012795935 -0.623694599 0.045781970 0.012831201 0.998869002 32.535518646
0.998873830 0.001767125 -0.047413390 -0.823976040 -0.002314471 0.999931276 -0.011491720 -0.631625235 0.047389828 0.011588514 0.998809218 33.275260925
0.998645067 -0.000979125 -0.052029956 -0.766854942 0.000112492 0.999861240 -0.016656741 -0.459568352 0.052039053 0.016628319 0.998506606 33.961330414
0.998530626 0.001262189 -0.054174837 -0.812351465 -0.002186174 0.999853075 -0.016999746 -0.479251027 0.054145422 0.017093202 0.998386741 34.663818359
0.998433888 0.002896354 -0.055868976 -0.855012178 -0.003911635 0.999829054 -0.018071758 -0.487136692 0.055807080 0.018261999 0.998274505 35.393878937
0.998320103 0.002892285 -0.057867389 -0.889350176 -0.003875439 0.999849975 -0.016884757 -0.500178456 0.057809871 0.017080659 0.998181462 36.109477997
0.998276591 0.004764169 -0.058490459 -0.950700402 -0.005636349 0.999875188 -0.014755575 -0.517980635 0.058412865 0.015059818 0.998178840 36.789512634
0.998239100 0.007253150 -0.058873210 -0.995792627 -0.008116356 0.999862790 -0.014436277 -0.528512955 0.058760431 0.014888692 0.998161077 37.489627838
0.998273551 0.010660303 -0.057758849 -1.040728569 -0.011623490 0.999798536 -0.016365763 -0.548852444 0.057572737 0.017008869 0.998196423 38.152038574
0.998393357 0.012308160 -0.055309981 -1.092378497 -0.013378612 0.999729514 -0.019025261 -0.567588329 0.055060852 0.019734666 0.998287976 38.773216248
0.998474777 0.012733178 -0.053722255 -1.121544361 -0.013892232 0.999677658 -0.021256944 -0.571080446 0.053434256 0.021970844 0.998329699 39.435009003
0.998627067 0.013813347 -0.050528977 -1.155346632 -0.014875377 0.999674976 -0.020702885 -0.571250200 0.050226577 0.021426100 0.998507917 40.024280548
0.998692334 0.018471485 -0.047669481 -1.191035986 -0.019364068 0.999644339 -0.018331025 -0.581003666 0.047313925 0.019230127 0.998694897 40.663818359
0.998782933 0.022720039 -0.043776054 -1.221480131 -0.023375832 0.999621153 -0.014527356 -0.601080120 0.043429404 0.015532976 0.998935699 41.280727386
0.998844683 0.027992532 -0.039059103 -1.258470416 -0.028540947 0.999500692 -0.013554436 -0.611735463 0.038660169 0.014653561 0.999144971 41.872009277
0.998935044 0.031145975 -0.034039501 -1.273604035 -0.031619638 0.999409199 -0.013466276 -0.615553677 0.033599973 0.014528250 0.999329805 42.445796967
0.998967052 0.035861071 -0.027911361 -1.307137966 -0.036185827 0.999282241 -0.011218265 -0.632050931 0.027489025 0.012216673 0.999547422 43.032463074
0.998942733 0.040842552 -0.021107286 -1.326155066 -0.041063517 0.999105096 -0.010143098 -0.639546275 0.020674128 0.010999113 0.999725759 43.574752808
0.998949289 0.043622252 -0.014040143 -1.341409683 -0.043769918 0.998987556 -0.010387164 -0.653241038 0.013572819 0.010990786 0.999847472 44.111015320
0.998858213 0.047314301 -0.006594984 -1.350577593 -0.047380779 0.998823643 -0.010317083 -0.661649466 0.006099080 0.010617780 0.999925017 44.622364044
0.998707831 0.050807871 0.001067047 -1.371065259 -0.050791282 0.998635948 -0.012104551 -0.640215814 -0.001680597 0.012034714 0.999926090 45.105472565
0.998445272 0.055062536 0.008667069 -1.369034529 -0.054928627 0.998377621 -0.014997030 -0.646151960 -0.009478783 0.014497644 0.999849916 45.568870544
0.998210490 0.057351790 0.016924227 -1.372648954 -0.057048298 0.998210907 -0.017901557 -0.657988787 -0.017920630 0.016904026 0.999696434 46.005554199
0.998037279 0.057496618 0.024810560 -1.360842943 -0.057050508 0.998202980 -0.018329395 -0.662672162 -0.025819851 0.016877964 0.999524117 46.429634094
0.997843683 0.056977917 0.032583464 -1.341944218 -0.056449015 0.998261869 -0.016928939 -0.672578335 -0.033491403 0.015053128 0.999325633 46.818244934
0.997446418 0.058725838 0.040642254 -1.326488495 -0.058096774 0.998174608 -0.016490998 -0.675944924 -0.041536514 0.014087699 0.999037623 47.187965393
0.996866226 0.061705180 0.049499717 -1.308310509 -0.060968790 0.998007298 -0.016252588 -0.685117006 -0.050403953 0.013183719 0.998641849 47.561340332
0.996061027 0.066630676 0.058504425 -1.294116735 -0.065746374 0.997693002 -0.016914224 -0.690806389 -0.059496455 0.013001145 0.998143852 47.888156891
0.995244980 0.070393957 0.067321271 -1.274850607 -0.069411986 0.997446239 -0.016818758 -0.701116145 -0.068333283 0.012065879 0.997589588 48.172943115
0.994619310 0.069749683 0.076598614 -1.249828577 -0.068701282 0.997505069 -0.016240906 -0.709904194 -0.077540301 0.010891095 0.996929765 48.451648712
0.993849099 0.068419807 0.087077968 -1.207056046 -0.067084089 0.997581780 -0.018177712 -0.718610883 -0.088111110 0.012224356 0.996035695 48.717517853
0.992771983 0.067467377 0.099257030 -1.187363148 -0.065582573 0.997601569 -0.022134759 -0.735306263 -0.100512341 0.015465237 0.994815528 48.966983795
0.991298974 0.068494074 0.112405583 -1.145835400 -0.065982133 0.997484088 -0.025921462 -0.752703190 -0.113898247 0.018279158 0.993324220 49.229373932
0.989350319 0.069653802 0.127805546 -1.109203339 -0.066477984 0.997367740 -0.028953549 -0.740683496 -0.129485860 0.020148948 0.991376519 49.483604431
0.986999929 0.071936980 0.143723458 -1.057971478 -0.068298921 0.997210860 -0.030094739 -0.751978397 -0.145487532 0.019887347 0.989160180 49.719921112
0.984319389 0.072645895 0.160741836 -1.007994652 -0.068477385 0.997160554 -0.031329803 -0.762325883 -0.162561432 0.019831348 0.986499190 49.968170166
0.981257439 0.071024910 0.179135114 -0.957901955 -0.066169441 0.997264445 -0.032943696 -0.765316188 -0.180984914 0.020472979 0.983272731 50.233951569
0.977503300 0.070249327 0.198877513 -0.899106979 -0.064935371 0.997339606 -0.033125415 -0.774975896 -0.200675458 0.019466020 0.979464352 50.494220734
0.973234236 0.070527904 0.218725711 -0.833395004 -0.064571202 0.997324407 -0.034272514 -0.787139237 -0.220557660 0.019231800 0.975184321 50.697795868
0.968153536 0.072518766 0.239624262 -0.751748085 -0.065536536 0.997164249 -0.036990035 -0.785602689 -0.241627231 0.020107891 0.970160782 50.956783295
0.962088168 0.074113630 0.262475789 -0.677092552 -0.066238411 0.997051597 -0.038738489 -0.803966284 -0.264572978 0.019883864 0.964160621 51.181095123
0.954990745 0.075218476 0.286940426 -0.579504013 -0.066630490 0.996991873 -0.039592564 -0.822970390 -0.289055347 0.018691555 0.957129896 51.423259735
0.946699381 0.078129865 0.312499940 -0.479780197 -0.068888798 0.996801019 -0.040521458 -0.836662292 -0.314666152 0.016833896 0.949053228 51.659065247
0.937075853 0.080125801 0.339806885 -0.374561310 -0.070116267 0.996668756 -0.041654877 -0.849651098 -0.342012495 0.015207790 0.939572275 51.895542145
0.926135242 0.080709837 0.368455380 -0.267173767 -0.069742449 0.996637404 -0.043010633 -0.862412691 -0.370687842 0.014136681 0.928649962 52.132129669
0.913912356 0.078674480 0.398214102 -0.130565643 -0.066173099 0.996789992 -0.045065016 -0.875435233 -0.400481313 0.014834411 0.916184962 52.361949921
0.899267256 0.075823322 0.430777282 0.011892319 -0.061285347 0.996987104 -0.047548834 -0.890354514 -0.433084726 0.016358780 0.901204824 52.591705322
0.881626904 0.074923500 0.465961903 0.140918732 -0.057601526 0.997019291 -0.051328491 -0.918511033 -0.468418628 0.018412456 0.883314729 52.875793457
0.862588465 0.076634213 0.500068486 0.318071365 -0.055823036 0.996842325 -0.056472141 -0.928601503 -0.502817094 0.020796876 0.864142537 53.110107422
0.841161072 0.078605376 0.535041273 0.498800278 -0.054526392 0.996665597 -0.060701460 -0.944948196 -0.538028598 0.021885838 0.842642367 53.332839966
0.813137293 0.080017999 0.576545596 0.387842178 -0.054391999 0.996617317 -0.061606850 -1.022951245 -0.579524994 0.018735357 0.814739048 53.700622559
0.785884142 0.084065601 0.612632930 0.600606918 -0.056513775 0.996334255 -0.064221412 -1.041258812 -0.615785897 0.015848385 0.787754059 53.930419922
0.756017685 0.088760287 0.648505092 0.843103409 -0.059518311 0.995980620 -0.066933356 -1.059704781 -0.651839435 0.012004867 0.758261859 54.173629761
0.723380685 0.088966772 0.684693575 1.011655807 -0.057788629 0.995985568 -0.068361141 -1.094499111 -0.688026786 0.009883638 0.725618005 54.350418091
0.686825335 0.086132102 0.721700847 1.288278580 -0.053009178 0.996245205 -0.068450309 -1.124658346 -0.724886835 0.008756643 0.688812375 54.578964233
0.647891581 0.084955961 0.756980181 1.604261398 -0.049330194 0.996354520 -0.069599777 -1.147518873 -0.760133624 0.007751129 0.649720609 54.806102753
0.604413927 0.087323532 0.791870177 0.555492401 -0.043796808 0.996113539 -0.076417506 -0.649640560 -0.795465708 0.011506412 0.605889320 54.652786255
0.558571994 0.087084927 0.824871957 0.924980164 -0.038619399 0.996125340 -0.079013228 -0.676569223 -0.828556597 0.012278509 0.559770763 54.860576630
0.509992898 0.085735522 0.855895221 1.302257538 -0.034471955 0.996258140 -0.079255320 -0.712874651 -0.859487593 0.010915272 0.511040032 55.062152863
0.460868359 0.084623352 0.883424640 1.152351379 -0.031686887 0.996377826 -0.078912601 -0.531857848 -0.886902630 0.008375346 0.461880535 55.096786499
0.410918206 0.081669368 0.908006787 1.587602615 -0.030172626 0.996652126 -0.075987838 -0.574041605 -0.911172867 0.003827836 0.412006676 55.269649506
0.360562861 0.081833400 0.929138005 2.059463501 -0.032178480 0.996642172 -0.075291552 -0.596410871 -0.932179689 -0.002750916 0.361985445 55.431777954
0.311467081 0.082869522 0.946636617 2.683712006 -0.028878359 0.996555507 -0.077737786 -0.675988853 -0.949818015 -0.003124555 0.312787384 55.651687622
0.264250904 0.079064190 0.961207747 3.174506187 -0.017498173 0.996863127 -0.077186517 -0.726831317 -0.964295208 0.003577224 0.264805496 55.741577148
0.221100867 0.073402062 0.972484767 3.691252708 -0.002958341 0.997209549 -0.074595653 -0.753189743 -0.975246489 0.013616222 0.220701084 55.799907684
0.178641915 0.071512297 0.981311858 4.240073204 0.005267872 0.997271419 -0.073634297 -0.750920177 -0.983900070 0.018323597 0.177777737 55.768047333
0.140093386 0.073113821 0.987435162 4.809345722 0.008845295 0.997137785 -0.075087167 -0.782531023 -0.990098834 0.019253371 0.139045671 55.828201294
0.107477404 0.074325912 0.991425514 5.272391319 0.018928999 0.996867895 -0.076785974 -0.805354893 -0.994027257 0.027019445 0.105733879 55.878005981
0.079041041 0.072859466 0.994205236 5.849492550 0.025723238 0.996844351 -0.075097911 -0.846476912 -0.996539414 0.031509995 0.076917440 55.887809753
0.053752992 0.070610933 0.996054530 6.560970306 0.032910801 0.996829510 -0.072441898 -0.899220049 -0.998011887 0.036674920 0.051258698 55.894382477
0.033771936 0.069658838 0.996999085 7.169878006 0.037809189 0.996764898 -0.070923224 -0.928516150 -0.998714209 0.040090937 0.031028939 55.900554657
0.017876152 0.071532488 0.997278214 7.813679695 0.040543716 0.996565342 -0.072208084 -0.965582132 -0.999017775 0.041724168 0.014914562 55.898136139
0.004805879 0.071138293 0.997454882 8.443095207 0.040970668 0.996614873 -0.071275786 -1.010181189 -0.999148726 0.041208930 0.001875025 55.889873505
-0.007371579 0.071962394 0.997380078 9.115843773 0.042371929 0.996533811 -0.071588188 -1.054646254 -0.999074697 0.041733205 -0.010395216 55.885250092
-0.015733523 0.074858181 0.997070014 9.776268005 0.047213849 0.996136844 -0.074043080 -1.091792464 -0.998760939 0.045910567 -0.019207083 55.854965210
-0.022725720 0.076895744 0.996780038 10.472997665 0.051376607 0.995809972 -0.075649567 -1.135396600 -0.998420894 0.049491987 -0.026581142 55.839931488
-0.027144050 0.076513946 0.996698916 11.152141571 0.051652152 0.995841801 -0.075041451 -1.173051238 -0.998296142 0.049444716 -0.030983288 55.817394257
-0.030678112 0.073582061 0.996817231 11.898042679 0.049691305 0.996165693 -0.072004668 -1.215996981 -0.998293281 0.047324184 -0.034216873 55.786113739
-0.033391755 0.066361122 0.997236848 12.620743752 0.047852118 0.996755123 -0.064726777 -1.264243364 -0.998296022 0.045558553 -0.036458921 55.775001526
-0.034396186 0.061149299 0.997535825 13.378787994 0.048903026 0.997033775 -0.059432290 -1.304808497 -0.998211026 0.046738278 -0.037284557 55.735252380
-0.034666128 0.058717228 0.997672617 14.121175766 0.051189255 0.997066617 -0.056902889 -1.344039440 -0.998087108 0.049097508 -0.037570130 55.704875946
-0.035025734 0.060358975 0.997562051 14.936274529 0.054257791 0.996817172 -0.058408834 -1.405327678 -0.997912407 0.052079711 -0.038189195 55.679405212
-0.033976860 0.067911789 0.997112632 15.690886497 0.055446263 0.996280193 -0.065965742 -1.439190388 -0.997883320 0.053044867 -0.037615929 55.652336121
-0.031522855 0.076188125 0.996594965 16.462520599 0.056631468 0.995625079 -0.074322671 -1.479586363 -0.997897387 0.054095786 -0.035699576 55.621349335
-0.028877232 0.077132367 0.996602476 17.239999771 0.057329979 0.995505035 -0.075386241 -1.516408443 -0.997937560 0.054958262 -0.033169426 55.592132568
-0.027025102 0.072385140 0.997010469 18.040388107 0.056872424 0.995870709 -0.070760787 -1.575246334 -0.998015642 0.054790083 -0.031030226 55.581863403
-0.025321705 0.066020325 0.997496903 18.898580551 0.055525210 0.996369421 -0.064536184 -1.626204967 -0.998136103 0.053752068 -0.028895564 55.563747406
-0.022277595 0.064023398 0.997699678 19.699068069 0.053637981 0.996586561 -0.062754303 -1.686058283 -0.998311937 0.052116580 -0.025635639 55.551628113
-0.018199023 0.069650069 0.997405410 20.487903595 0.061592463 0.995754182 -0.068410918 -1.733659148 -0.997935474 0.060187642 -0.022411674 55.516029358
-0.015743719 0.075343639 0.997033358 21.314500809 0.063335232 0.995229602 -0.074207231 -1.787769556 -0.997868121 0.061979041 -0.020440523 55.510875702
-0.013057500 0.075950772 0.997026026 22.132114410 0.056650069 0.995565712 -0.075097613 -1.842849016 -0.998308718 0.055501007 -0.017302215 55.508541107
-0.010332614 0.072086506 0.997344851 22.955707550 0.052253790 0.996074259 -0.071453318 -1.893899322 -0.998580337 0.051376745 -0.014058845 55.510932922
-0.005513631 0.068705894 0.997621775 23.769660950 0.056348067 0.996073127 -0.068287827 -1.947559714 -0.998395920 0.055837546 -0.009363423 55.499591827
-0.001488516 0.069295168 0.997595072 24.574453354 0.060809728 0.995756328 -0.069076702 -2.014180183 -0.998148263 0.060560666 -0.005696019 55.484008789
0.000827555 0.074156582 0.997246206 25.402250290 0.060987219 0.995386481 -0.074068889 -2.061609030 -0.998138130 0.060880568 -0.003698867 55.491928101
0.004323256 0.075051449 0.997170269 26.224634171 0.056945108 0.995542943 -0.075175859 -2.111491680 -0.998367906 0.057108976 0.000030175 55.506320953
0.008876625 0.074277379 0.997198164 27.034564972 0.056747813 0.995592952 -0.074662961 -2.170594454 -0.998349130 0.057251576 0.004622426 55.501148224
0.011765382 0.071173139 0.997394502 27.874490738 0.060629189 0.995577633 -0.071758665 -2.231635332 -0.998091161 0.061315492 0.007398182 55.515377045
0.015891057 0.071828507 0.997290373 28.684719086 0.064717129 0.995251000 -0.072712839 -2.287591219 -0.997777104 0.065697260 0.011167053 55.510124207
0.019193592 0.072744317 0.997165918 29.511852264 0.067677826 0.994967580 -0.073886618 -2.343797922 -0.997522593 0.068904161 0.014173827 55.522666931
0.021533456 0.072307490 0.997149825 30.316413879 0.068039931 0.994962692 -0.073618218 -2.403069258 -0.997450173 0.069431253 0.016505189 55.550380707
0.025351204 0.071262240 0.997135341 31.148437500 0.069209225 0.994937539 -0.072864749 -2.453256369 -0.997280002 0.070858173 0.020290859 55.568008423
0.029085163 0.069781639 0.997138202 31.981117249 0.071627483 0.994850218 -0.071710795 -2.525393724 -0.997007430 0.073508210 0.023937095 55.580909729
0.031683523 0.070265457 0.997025073 32.819396973 0.069957323 0.994923472 -0.072340466 -2.577357531 -0.997046709 0.072041199 0.026607102 55.616695404
0.034680326 0.071871661 0.996810794 33.643596649 0.066797279 0.995013654 -0.074066058 -2.638454199 -0.997163713 0.069152877 0.029706575 55.649467468
0.037394226 0.072127961 0.996694088 34.471012115 0.069112115 0.994816959 -0.074585073 -2.687984943 -0.996907771 0.071672693 0.032215491 55.683124542
0.039479014 0.072349861 0.996597648 35.318950653 0.066796966 0.994953096 -0.074876554 -2.741775036 -0.996985197 0.069525756 0.034447018 55.733612061
0.042085830 0.072247043 0.996498466 36.154720306 0.065003842 0.995070934 -0.074888892 -2.803206205 -0.996997118 0.067927994 0.037182059 55.766143799
0.044913735 0.071974285 0.996394753 36.978576660 0.061713830 0.995296240 -0.074676789 -2.872323513 -0.997082829 0.064845353 0.040260669 55.810726166
0.048182968 0.073750101 0.996112108 37.818523407 0.060593277 0.995217800 -0.076614857 -2.931835413 -0.996998966 0.064049236 0.043483794 55.850135803
0.051343579 0.077616259 0.995660484 38.651641846 0.059080042 0.994993210 -0.080610842 -2.987680197 -0.996931970 0.062962502 0.046500929 55.900241852
0.054760415 0.080099873 0.995281518 39.514915466 0.059306648 0.994756460 -0.083320662 -3.047628164 -0.996736646 0.063589491 0.049722813 55.951587677
0.057429872 0.082252987 0.994955361 40.361320496 0.053710960 0.994902432 -0.085348852 -3.110626936 -0.996903658 0.058341585 0.052719224 56.008964539
0.060477063 0.081225917 0.994859159 41.215393066 0.049334139 0.995222211 -0.084254570 -3.179537773 -0.996949613 0.054175999 0.056180906 56.070140839
0.063756354 0.081717044 0.994614184 42.089962006 0.051780172 0.995028555 -0.085070275 -3.249838352 -0.996621192 0.056925077 0.059208069 56.133747101
0.067728728 0.082617849 0.994277179 42.961666107 0.050395440 0.995010078 -0.086111620 -3.329120398 -0.996430099 0.055939265 0.063227199 56.194839478
0.071385413 0.084178798 0.993890345 43.814182281 0.046413150 0.995072722 -0.087612525 -3.383249521 -0.996368349 0.052383844 0.067126676 56.266803741
0.075432681 0.081989445 0.993774354 44.698051453 0.045290507 0.995303571 -0.085553393 -3.456423759 -0.996121824 0.051462073 0.071365081 56.344352722
0.080174334 0.081711724 0.993426025 45.576499939 0.045803323 0.995279551 -0.085560746 -3.536159039 -0.995727956 0.052361991 0.076053210 56.407749176
0.084962346 0.085565314 0.992703378 46.458934784 0.042390157 0.995093346 -0.089399360 -3.603535891 -0.995482028 0.049676433 0.080918342 56.494018555
0.090623900 0.093460098 0.991490126 47.328006744 0.040507317 0.994416833 -0.097438432 -3.688551188 -0.995061040 0.048992854 0.086332135 56.584594727
0.095498368 0.088862538 0.991455257 46.258041382 0.050258514 0.994306684 -0.093959078 -3.476422310 -0.994159997 0.058802005 0.090488568 56.546634674
0.102516569 0.091965295 0.990471005 47.163452148 0.045571584 0.994237423 -0.097031794 -3.554273367 -0.993686855 0.055084694 0.097734809 56.655021667
0.109205075 0.090051912 0.989931822 48.065647125 0.041880973 0.994586766 -0.095095500 -3.633616924 -0.993136525 0.051844221 0.104842469 56.783401489
0.118154533 0.086018272 0.989262521 48.542182922 0.045847606 0.994705975 -0.091967493 -3.618767500 -0.991936266 0.056221697 0.113585286 56.818359375
0.125705495 0.082386449 0.988640726 49.461940765 0.045782700 0.995002270 -0.088737831 -3.696121931 -0.991010666 0.056417469 0.121305384 56.932220459
0.132796302 0.076827042 0.988161266 50.356468201 0.043178592 0.995596290 -0.083207764 -3.776300430 -0.990202308 0.053717095 0.128894255 57.061168671
0.140854716 0.068673991 0.987645566 51.022106171 0.041629292 0.996298194 -0.075212657 -3.809123278 -0.989154637 0.051709041 0.137474507 57.161308289
0.148604244 0.065886483 0.986699343 51.920166016 0.042170681 0.996448100 -0.072888665 -3.877503872 -0.987997115 0.052441347 0.145297959 57.292083740
0.155839473 0.068021052 0.985437512 52.809314728 0.041515660 0.996293664 -0.075335793 -3.941470385 -0.986909568 0.052651379 0.152437910 57.434078217
0.163760528 0.074590787 0.983676136 53.455348969 0.043637611 0.995613575 -0.082760714 -3.965677023 -0.985534430 0.056478210 0.159787223 57.521133423
0.168695450 0.078595072 0.982529759 54.311344147 0.041160822 0.995384693 -0.086690485 -4.030281544 -0.984808445 0.055066019 0.164681822 57.667564392
0.173679054 0.081396364 0.981432676 55.035236359 0.040209461 0.995161295 -0.089650609 -4.094505787 -0.983981073 0.055033308 0.169565722 57.817756653
0.178476185 0.081123479 0.980594337 55.886283875 0.037185661 0.995327353 -0.089110427 -4.170225620 -0.983241260 0.052368134 0.174625605 57.984630585
0.183714971 0.077838250 0.979892790 56.745285034 0.041593384 0.995351493 -0.086864330 -4.249000072 -0.982099175 0.056715332 0.179623425 58.149288177
0.188620925 0.071166657 0.979467928 57.323612213 0.042404488 0.995850265 -0.080523022 -4.293235779 -0.981134057 0.056722160 0.184820443 58.253128052
0.191279948 0.065003023 0.979380727 58.163631439 0.039952911 0.996462047 -0.073939823 -4.365334034 -0.980722070 0.053272311 0.188006163 58.431583405
0.193760782 0.060340233 0.979191363 58.691936493 0.033435363 0.997120738 -0.068061203 -4.422950745 -0.980478823 0.045927219 0.191185355 58.603271484
0.196761727 0.060344886 0.978592575 59.500900269 0.031592861 0.997195601 -0.067844279 -4.482761383 -0.979942143 0.044265699 0.194303438 58.772743225
0.198541477 0.062228378 0.978114963 60.295490265 0.029686021 0.997142613 -0.069464713 -4.544251919 -0.979642868 0.042827964 0.196126834 58.949340820
0.200416148 0.070463590 0.977173626 60.847236633 0.021385035 0.996857941 -0.076269045 -4.486339092 -0.979477346 0.036182441 0.198279575 59.052333832
0.202239394 0.074672922 0.976485074 61.615085602 0.020515097 0.996547103 -0.080455951 -4.544536591 -0.979121208 0.036304053 0.200009167 59.220478058
0.205688983 0.075277098 0.975717902 62.236583710 0.025389701 0.996291041 -0.082216688 -4.691020966 -0.978287995 0.041684251 0.203014866 59.337779999
0.207186431 0.077560320 0.975222170 62.999801636 0.025910178 0.996067643 -0.084722824 -4.749922276 -0.977958262 0.042821590 0.204362124 59.503273010
0.208394468 0.077176087 0.974995136 63.741794586 0.023607457 0.996194541 -0.083899952 -4.814755917 -0.977759957 0.040501446 0.205779493 59.676246643
0.207725361 0.079003371 0.974991620 64.252685547 0.018129194 0.996251047 -0.084588505 -4.771238804 -0.978019118 0.035246994 0.205514327 59.808723450
0.208594769 0.076412134 0.975012541 64.979675293 0.017677614 0.996485651 -0.081876941 -4.837594509 -0.977842331 0.034314997 0.206510887 59.959033966
0.208313063 0.075305387 0.975158870 65.694465637 0.019166717 0.996525705 -0.081049785 -4.893124580 -0.977874279 0.035574328 0.206145957 60.113502502
0.206300005 0.074257448 0.975666940 66.189964294 0.019372389 0.996610820 -0.079947673 -4.960466862 -0.978296936 0.035394210 0.204162270 60.248668671
0.204400092 0.074895456 0.976018071 66.885566711 0.017774379 0.996620417 -0.080198750 -5.027299881 -0.978726029 0.033740751 0.202378094 60.399841309
0.202273056 0.077504613 0.976257443 67.580932617 0.017111316 0.996431589 -0.082651563 -5.089525700 -0.979179621 0.033423230 0.200225055 60.550460815
0.201163366 0.079293899 0.976343155 68.020233154 0.022033693 0.996099830 -0.085438207 -5.147606850 -0.979309857 0.038699482 0.198631719 60.606517792
0.200236484 0.080263935 0.976454318 68.690963745 0.024904151 0.995899618 -0.086969301 -5.190167427 -0.979430974 0.041732196 0.197416574 60.731369019
0.196802750 0.081394732 0.977058649 69.213386536 0.020691173 0.995981276 -0.087138802 -5.188685417 -0.980224848 0.037365641 0.194327667 60.845367432
0.193985298 0.078495592 0.977858961 69.857116699 0.020339821 0.996257484 -0.084007457 -5.243221760 -0.980793476 0.036185682 0.191662699 60.980262756
0.193494141 0.069775060 0.978617132 70.376678467 0.026568865 0.996729314 -0.076319717 -5.351603985 -0.980741620 0.040768161 0.191007420 61.064971924
0.191813543 0.068947449 0.979006588 70.999595642 0.030048670 0.996649027 -0.076077275 -5.404718399 -0.980971217 0.044010501 0.189099059 61.176330566
0.189014837 0.072242185 0.979313254 71.489677429 0.030868063 0.996360123 -0.079457469 -5.433383465 -0.981488943 0.045248143 0.186096892 61.276435852
0.186535433 0.074368097 0.979629517 72.089401245 0.034816764 0.996004105 -0.082240775 -5.478561878 -0.981831074 0.049448352 0.183200791 61.378475189
0.184671223 0.075891420 0.979865909 72.691940308 0.034550991 0.995896459 -0.083644688 -5.528989792 -0.982192874 0.049302109 0.181291327 61.497055054
0.184624314 0.076627202 0.979817390 73.127845764 0.036835011 0.995715916 -0.084811278 -5.567481995 -0.982118666 0.051749811 0.181010842 61.564632416
0.183617383 0.075164802 0.980119765 73.729248047 0.038422473 0.995761514 -0.083562493 -5.610259056 -0.982246578 0.053002153 0.179951087 61.669456482
0.185099706 0.071366802 0.980124891 74.238090515 0.048198771 0.995499969 -0.081588805 -5.660704613 -0.981536984 0.062342893 0.180826992 61.754310608
0.186947271 0.069598243 0.979901433 74.859436035 0.052657686 0.995343208 -0.080741122 -5.705513477 -0.980957627 0.066693671 0.182411820 61.874786377
0.189138159 0.068912901 0.979529381 75.341896057 0.055511095 0.995188892 -0.080733269 -5.741516590 -0.980380118 0.069644503 0.184402794 61.953857422
0.191985473 0.068918347 0.978974879 75.920181274 0.052802339 0.995361030 -0.080426909 -5.784498215 -0.979976356 0.067132957 0.187455818 62.079788208
0.197501794 0.070339099 0.977775753 76.446792603 0.049932983 0.995405912 -0.081693381 -5.828793526 -0.979030013 0.064957857 0.193082243 62.183380127
0.203886449 0.069655456 0.976513445 77.022285461 0.050856721 0.995365322 -0.081618555 -5.867603302 -0.977672756 0.066303201 0.199399054 62.310485840
0.211988077 0.068785936 0.974848449 77.578323364 0.051044893 0.995378852 -0.081334688 -5.905149460 -0.975938261 0.067003019 0.207497284 62.433326721
0.220629960 0.066599950 0.973081052 78.164314270 0.051655833 0.995467961 -0.079844274 -5.949159145 -0.973988771 0.067881361 0.216189787 62.565719604
0.229024410 0.066363074 0.971155882 78.729087830 0.047878459 0.995697856 -0.079331145 -5.996623039 -0.972242475 0.064666204 0.224861741 62.719776154
0.239022613 0.065843336 0.968779087 79.325843811 0.046727493 0.995762467 -0.079206139 -6.042972088 -0.969888985 0.064200677 0.234933034 62.867427826
0.248462185 0.069496624 0.966145337 79.912925720 0.041412834 0.995748818 -0.082276143 -6.089947224 -0.967755914 0.060453314 0.244527847 63.040344238
0.258105069 0.071087822 0.963497877 80.486984253 0.039338186 0.995688856 -0.084000938 -6.130607128 -0.965315580 0.059583336 0.254195869 63.202724457
0.268838882 0.073874578 0.960347891 81.098175049 0.035171788 0.995636404 -0.086435094 -6.177767754 -0.962542772 0.057014272 0.265067458 63.387435913
0.279272974 0.075954318 0.957202971 81.726051331 0.033436093 0.995492637 -0.088747926 -6.229368210 -0.959629476 0.056790020 0.275474638 63.578269958
0.288694650 0.077186458 0.954304814 82.315956116 0.029368803 0.995562017 -0.089408033 -6.281724453 -0.956970632 0.053838406 0.285146505 63.762687683
0.299197793 0.077303723 0.951054573 82.946228027 0.028757535 0.995529711 -0.089965746 -6.333797932 -0.953757644 0.054267544 0.295637220 63.965812683
0.309443176 0.078920446 0.947637320 83.587478638 0.024054367 0.995581508 -0.090768054 -6.379884720 -0.950613618 0.050882366 0.306177527 64.187957764
0.320008874 0.074343897 0.944493175 84.242462158 0.024625532 0.995926976 -0.086735919 -6.428372383 -0.947094381 0.051014915 0.316874713 64.412933350
0.330977082 0.065652102 0.941352308 84.893035889 0.030224297 0.996327460 -0.080113001 -6.477094173 -0.943154633 0.054967273 0.327777356 64.646247864
0.341750145 0.061228707 0.937794209 85.553489685 0.031913254 0.996543825 -0.076694287 -6.525912762 -0.939248800 0.056138344 0.338615030 64.890899658
0.352188081 0.057918694 0.934135437 86.233604431 0.030957403 0.996816278 -0.073476635 -6.581614494 -0.935417175 0.054796003 0.349273801 65.151824951
0.361626893 0.055015858 0.930698276 86.913070679 0.038029775 0.996556282 -0.073685512 -6.622364521 -0.931546867 0.062040921 0.358289301 65.415328979
0.369783461 0.050016016 0.927770793 87.607101440 0.044048395 0.996483445 -0.071276762 -6.665473938 -0.928073168 0.067223780 0.366280019 65.694015503
0.376784623 0.040675521 0.925407469 88.337142944 0.053233270 0.996433556 -0.065471627 -6.710852623 -0.924769998 0.073931158 0.373275578 65.973464966
0.383762270 0.035457686 0.922750950 89.035766602 0.059655223 0.996223271 -0.063090898 -6.752480030 -0.921503007 0.079258822 0.380197644 66.258255005
0.391323686 0.035635479 0.919562876 89.756042480 0.061239820 0.996026516 -0.064659514 -6.807320118 -0.918213189 0.081616677 0.387586474 66.557624817
0.399032146 0.041611664 0.915992320 90.493698120 0.064299971 0.995240629 -0.073222645 -6.852561951 -0.914679587 0.088116467 0.394457370 66.877433777
0.405623049 0.045977585 0.912883401 91.163146973 0.067677371 0.994481981 -0.080158509 -6.896082878 -0.911531687 0.094295688 0.400273114 67.172775269
0.410462111 0.048434261 0.910590529 91.855834961 0.065528981 0.994439960 -0.082432382 -6.945992470 -0.909520149 0.093505427 0.405006081 67.491546631
0.415082365 0.050320882 0.908391178 92.584609985 0.058254719 0.994950116 -0.081734918 -7.010837555 -0.907916844 0.086844802 0.410054862 67.851844788
0.419422716 0.053565416 0.906209409 93.258644104 0.051451664 0.995250285 -0.082642056 -7.077361107 -0.906331778 0.081287935 0.414674610 68.155487061
0.424114525 0.056536764 0.903842092 93.950210571 0.050826047 0.994990289 -0.086087607 -7.139009476 -0.904181182 0.082449734 0.419116229 68.467910767
0.427398592 0.061049193 0.901999652 94.617813110 0.047926739 0.994784474 -0.090038396 -7.195916176 -0.902792037 0.081712179 0.422243565 68.812263489
0.431527078 0.063968562 0.899829149 95.289993286 0.044714391 0.994739830 -0.092159219 -7.261296749 -0.900991142 0.080004513 0.426396877 69.130493164
0.435393602 0.062298879 0.898081899 95.935272217 0.043555655 0.994976580 -0.090136282 -7.323335648 -0.899185896 0.078361310 0.430492938 69.442092896
0.440085113 0.059178174 0.896003842 96.589569092 0.045269586 0.995094955 -0.087957613 -7.379204273 -0.896814167 0.079270557 0.435247540 69.751022339
0.443119943 0.056678876 0.894668758 97.232078552 0.044413574 0.995385766 -0.085057028 -7.442298889 -0.895361483 0.077425897 0.438557982 70.084884644
0.446023256 0.053818643 0.893401802 97.880615234 0.045478463 0.995538235 -0.082676090 -7.521913528 -0.893865168 0.077506006 0.441585600 70.444122314
0.449003339 0.055979021 0.891774893 98.495979309 0.043103930 0.995516658 -0.084193744 -7.577270508 -0.892489851 0.076242283 0.444577396 70.769760132
0.452101558 0.056164138 0.890196502 99.107620239 0.045072258 0.995302141 -0.085686162 -7.622531414 -0.890826881 0.078862019 0.447446197 71.072547913
0.454391748 0.054050315 0.889160633 99.702896118 0.046956696 0.995316386 -0.084499821 -7.685794830 -0.889563501 0.080148056 0.449725598 71.378204346
0.456327528 0.053129263 0.888224304 100.304656982 0.049304843 0.995172441 -0.084856875 -7.732539177 -0.888444901 0.082516283 0.451505005 71.674774170
0.458047688 0.052948497 0.887349188 100.883544922 0.048101213 0.995285571 -0.084218845 -7.787738800 -0.887625277 0.081258819 0.453341365 71.980842590
0.460081160 0.052163325 0.886343241 101.445442200 0.049444199 0.995218337 -0.084236264 -7.843165398 -0.886499047 0.082580045 0.455302089 72.268516541
0.462410778 0.054004762 0.885019720 101.999099731 0.047602944 0.995191813 -0.085599467 -7.909229279 -0.885387063 0.081711657 0.457616627 72.562324524
0.465159148 0.053754162 0.883593500 102.552673340 0.050913569 0.994877756 -0.087327182 -7.961672306 -0.883761764 0.085607938 0.460039705 72.852363586
0.468416214 0.053381905 0.881893754 103.110351562 0.052344166 0.994742870 -0.088015273 -8.016751289 -0.881955981 0.087389790 0.463159442 73.143959045
0.471641123 0.051192004 0.880303383 103.634513855 0.056661818 0.994490802 -0.088190079 -8.059262276 -0.879968226 0.091473669 0.466142118 73.421447754
0.474628776 0.050271355 0.878749311 104.161666870 0.058347076 0.994374692 -0.088400379 -8.108423233 -0.878250003 0.093229800 0.469025671 73.712051392
0.478400052 0.049774364 0.876730204 104.675827026 0.059513018 0.994259179 -0.088920899 -8.152339935 -0.876123011 0.094716623 0.472691387 73.974143982
0.481786937 0.049063608 0.874913752 105.191177368 0.059562393 0.994288683 -0.088557042 -8.213119507 -0.874261796 0.094777584 0.476112932 74.258796692
0.484935731 0.048470054 0.873205483 105.696434021 0.061277647 0.994125783 -0.089212738 -8.261472702 -0.872400284 0.096770428 0.479116976 74.544029236
0.489316255 0.049534224 0.870698512 106.201309204 0.061413966 0.993950009 -0.091059521 -8.306922913 -0.869941294 0.098029971 0.483313739 74.809906006
0.493026137 0.049940128 0.868579984 106.683517456 0.062672123 0.993718863 -0.092709310 -8.363585472 -0.867754281 0.100143872 0.486799568 75.093383789
0.500226259 0.047710739 0.864579260 107.199851990 0.068335012 0.993191481 -0.094345175 -8.424767494 -0.863193989 0.106275000 0.493560195 75.340988159
0.505723596 0.053451978 0.861038029 107.688629150 0.065383852 0.992833197 -0.100036308 -8.480430603 -0.860214174 0.106888726 0.498604357 75.640693665
0.511812687 0.060082544 0.856993496 108.158172607 0.060057603 0.992608607 -0.105457842 -8.538621902 -0.856995285 0.105443664 0.504421234 75.921417236
0.517006278 0.066563256 0.853389740 108.640350342 0.055092432 0.992317319 -0.110775918 -8.594708443 -0.854206860 0.104287162 0.509367108 76.255928040
0.523799181 0.071385503 0.848845422 109.130088806 0.050561048 0.992120147 -0.114634350 -8.646656036 -0.850339949 0.102963902 0.516062438 76.552345276
0.529626966 0.071982913 0.845170796 109.606307983 0.046000738 0.992488921 -0.113356344 -8.695941925 -0.846982479 0.098915063 0.522337675 76.851440430
0.534778357 0.071224496 0.841985226 110.114227295 0.040106326 0.993178725 -0.109487250 -8.753435135 -0.844040036 0.092320330 0.528273940 77.197463989
0.541431367 0.066986427 0.838072121 110.587371826 0.036357723 0.994022787 -0.102940142 -8.805809021 -0.839958370 0.086205430 0.535759747 77.519470215
0.547933400 0.065190785 0.833977997 111.084968567 0.029454432 0.994837105 -0.097116806 -8.870157242 -0.836003244 0.077777892 0.543184161 77.843467712
0.554133177 0.063234597 0.830022812 111.603172302 0.026719179 0.995245576 -0.093660027 -8.928077698 -0.831999063 0.074077658 0.549809098 78.198020935
0.559519947 0.068037957 0.826019526 112.113235474 0.020375060 0.995194554 -0.095774069 -8.985143661 -0.828566432 0.070417695 0.555444896 78.580413818
0.565607250 0.071830079 0.821540534 112.636253357 0.016299300 0.995031178 -0.098220557 -9.043437958 -0.824513674 0.068944804 0.561626077 78.954795837
0.571669579 0.075171649 0.817033172 113.160148621 0.013165833 0.994825482 -0.100741535 -9.100954056 -0.820378304 0.068347789 0.567721784 79.334564209
0.577692628 0.075681642 0.812738299 113.630760193 0.015102928 0.994530737 -0.103345178 -9.106702805 -0.816114664 0.071976468 0.573390126 79.712417603
0.584326982 0.076618046 0.807893336 114.167312622 0.011965909 0.994611323 -0.102980420 -9.161560059 -0.811430097 0.069841415 0.580261469 80.113838196
