0.901203394 0.014668949 -0.433147967 11.612035751 -0.025762279 0.999472916 -0.019752694 0.543894291 0.432629883 0.028960075 0.901106358 5.183975220
0.903952122 0.016668763 -0.427308679 11.535326958 -0.026662020 0.999492824 -0.017413357 0.524901688 0.426801741 0.027133757 0.903937995 5.512826920
0.905822396 0.019482600 -0.423209369 11.462323189 -0.029016849 0.999449313 -0.016096618 0.509996176 0.422662765 0.026860882 0.905888855 5.869450569
0.907676101 0.022331960 -0.419076890 11.386133194 -0.031067019 0.999418974 -0.014030384 0.485807091 0.418520004 0.025754517 0.907842338 6.238692760
0.908766329 0.025741048 -0.416510463 11.357060432 -0.033746347 0.999359965 -0.011867591 0.450522214 0.415938288 0.024840577 0.909053445 6.602091312
0.910162568 0.030510409 -0.413126171 11.297792435 -0.037811123 0.999239624 -0.009505721 0.404869437 0.412522107 0.024272516 0.910624206 6.988312721
0.907956719 0.042502142 -0.416903079 11.450545311 -0.047444809 0.998872757 -0.001495793 0.293943465 0.416369468 0.021138001 0.908949852 7.310983658
0.900797904 0.068810254 -0.428752214 11.889622688 -0.068852484 0.997507513 0.015432187 0.029818688 0.428745538 0.015619372 0.903290272 7.559988022
0.866821527 0.094867222 -0.489510566 12.849588394 -0.084056087 0.995485604 0.044079386 -0.529086471 0.491482556 0.002937386 0.870882452 7.571454048
0.861663699 0.092010632 -0.499068707 12.728381157 -0.085409097 0.995691419 0.036107838 -0.441561699 0.500240862 0.011512193 0.865809798 8.259831429
0.859809756 0.046242569 -0.508516252 16.251512527 -0.071447879 0.996988773 -0.030143116 1.345412731 0.505591094 0.062249735 0.860524595 6.589266777
0.789452672 0.066251397 -0.610225499 21.385656357 -0.094969377 0.995370209 -0.014796433 1.106618524 0.606420100 0.069633827 0.792089462 5.796412945
0.792298436 0.060385965 -0.607138216 21.183763504 -0.099323623 0.994581640 -0.030693453 1.244696617 0.601995051 0.084621541 0.794003248 6.317354679
0.995936215 -0.055115826 0.071226776 19.069131851 0.061279543 0.994280934 -0.087465622 0.692645729 -0.065998755 0.091474935 0.993617833 7.907491684
0.995256007 -0.053141925 0.081494540 19.288068771 0.060333345 0.994248807 -0.088482328 0.654814005 -0.076323807 0.092979409 0.992738366 8.424406052
0.683143377 -0.020819543 0.729987442 20.648096085 0.175770283 0.974895656 -0.136686489 0.824321508 -0.708815873 0.221686557 0.669652998 8.356785774
0.666571319 -0.019343242 0.745190263 21.498409271 0.177933499 0.974896073 -0.133855373 0.848662615 -0.723893881 0.221818462 0.653279603 8.471986771
0.648269773 -0.012903100 0.761301339 22.082851410 0.179570019 0.974243522 -0.136396781 0.862639666 -0.739932954 0.225128829 0.633889616 8.754657745
0.396520972 0.028588226 0.917580426 23.145038605 0.148863509 0.984284222 -0.094995968 1.018766403 -0.905875623 0.174262166 0.386033535 8.250681877
0.373323917 0.038226638 0.926913202 23.797824860 0.146465749 0.984190881 -0.099579431 1.042742014 -0.916065991 0.172936454 0.361823112 8.330028534
0.227019101 0.040238295 0.973058701 24.565107346 0.098777078 0.993042290 -0.064109810 0.996968746 -0.968868136 0.110670045 0.221464887 8.224317551
-0.115894482 -0.005928470 0.993243814 25.325746536 0.047282290 0.998815536 0.011478757 1.070750713 -0.992135525 0.048293147 -0.115476906 8.090798378
-0.147265032 0.000773344 0.989096761 26.222335815 0.054772377 0.998471618 0.007374296 1.098081350 -0.987579346 0.055261150 -0.147082314 7.943623543
-0.175854981 0.007370826 0.984388411 26.989297867 0.062515937 0.998037100 0.003695051 1.087366819 -0.982429028 0.062189765 -0.175970569 7.720217705
-0.197748661 0.010338920 0.980198205 27.959320068 0.065453403 0.997852027 0.002679670 0.986971915 -0.978065073 0.064687222 -0.198000610 7.247875690
-0.156134263 0.007508316 0.987707317 25.820188522 0.065921523 0.997820795 0.002835493 1.098333240 -0.985533595 0.065553889 -0.156288967 5.118116379
-0.261205673 0.028908763 0.964850187 29.512042999 0.083039418 0.996518970 -0.007377066 1.128453016 -0.961704791 0.078193665 -0.262696981 7.023925304
-0.286201507 0.044417456 0.957139313 30.293266296 0.087834187 0.995935261 -0.019953886 1.102522969 -0.954135120 0.078358725 -0.288939506 6.754554272
-0.310265720 0.061496206 0.948658705 31.046285629 0.089977324 0.995325327 -0.035093598 1.061428308 -0.946382225 0.074469432 -0.314348549 6.455287933
-0.335350692 0.076579995 0.938975692 31.838359833 0.090227902 0.994719803 -0.048901845 1.014266491 -0.937762618 0.068322547 -0.340489686 6.132551193
-0.359135360 0.086227454 0.929293573 32.571437836 0.091949835 0.994147480 -0.056710098 0.955295444 -0.928744853 0.065081775 -0.364962101 5.777990341
-0.365102559 0.093870781 0.926222622 32.984176636 0.094547085 0.993498266 -0.063420020 1.071280479 -0.926153779 0.064416826 -0.371603996 4.931952477
-0.403564483 0.092618823 0.910251319 34.057239532 0.098452710 0.993482709 -0.057438191 1.019167185 -0.909638822 0.066436693 -0.410052925 5.018248558
-0.423842818 0.088334166 0.901417911 34.824535370 0.102193780 0.993541598 -0.049310695 0.964703918 -0.899952233 0.071219310 -0.430132568 4.637809753
-0.443342090 0.088312693 0.891991377 35.214202881 0.110490404 0.992929637 -0.043389712 0.960577846 -0.889516652 0.079319991 -0.449965149 4.515693665
-0.454695493 0.087422833 0.886345983 36.233543396 0.112219699 0.992863417 -0.040360268 0.870494485 -0.883548975 0.081113882 -0.461261004 3.874811172
-0.467440724 0.092240624 0.879199028 36.686809540 0.116004489 0.992341757 -0.042435229 0.849802613 -0.876380205 0.082155071 -0.474561274 3.716073036
-0.475256234 0.094384708 0.874770284 37.639900208 0.116099097 0.992263198 -0.043986008 0.799094319 -0.872153938 0.080655426 -0.482537210 3.078182220
-0.485646814 0.093911715 0.869095922 38.019886017 0.108865939 0.992970049 -0.046463344 0.780404091 -0.867349625 0.072050147 -0.492456555 2.838438988
-0.498243004 0.094061367 0.861920059 39.025329590 0.112474889 0.992709935 -0.043317009 0.704381466 -0.859711170 0.075362004 -0.505190253 2.292776108
-0.506974399 0.095820755 0.856618524 39.378498077 0.115736097 0.992369890 -0.042509433 0.677155495 -0.854155779 0.077590518 -0.514196038 2.072866440
-0.512440681 0.096983604 0.853228450 40.381881714 0.114312500 0.992463052 -0.044154987 0.620983124 -0.851080060 0.074907839 -0.519664884 1.419431686
-0.515676379 0.100435160 0.850876451 40.718738556 0.116458043 0.992105246 -0.046525661 0.600579500 -0.848831892 0.075099193 -0.523301601 1.206710815
-0.516321599 0.103765488 0.850085139 41.786033630 0.118270420 0.991760612 -0.049224392 0.535491347 -0.848188698 0.075124294 -0.524339795 0.565042496
-0.513219893 0.103853785 0.851950586 42.142448425 0.119850479 0.991597831 -0.048678368 0.513393998 -0.849847794 0.077123962 -0.521354616 0.345071793
-0.506146252 0.102934152 0.856283009 43.254013062 0.118742593 0.991714001 -0.049025998 0.435308218 -0.854234278 0.076862939 -0.514174938 -0.339883804
-0.499185264 0.101984181 0.860472739 43.647247314 0.115830779 0.991990745 -0.050375070 0.412323117 -0.858718455 0.074522749 -0.507000029 -0.569576263
-0.490817338 0.101428449 0.865338445 44.798351288 0.114922985 0.992059469 -0.051097706 0.333894491 -0.863649786 0.074367605 -0.498576403 -1.260356903
-0.484036863 0.100170650 0.869295299 45.225967407 0.112655491 0.992292643 -0.051615559 0.301931858 -0.867765486 0.072947018 -0.491590977 -1.504179001
-0.480588973 0.098067015 0.871445417 46.439529419 0.110711381 0.992561579 -0.050641004 0.214370251 -0.869929433 0.072141446 -0.487871230 -2.211784363
-0.479303271 0.095248595 0.872465491 46.896968842 0.106842101 0.993032336 -0.049715601 0.179365873 -0.871121764 0.069387205 -0.486140162 -2.462434769
-0.479244053 0.093235359 0.872715473 48.118484497 0.103001826 0.993445218 -0.049570791 0.102865934 -0.871616781 0.066134810 -0.485706061 -3.151123047
-0.480271041 0.092445746 0.872234762 48.621303558 0.103146501 0.993482947 -0.048501834 0.066120386 -0.871034205 0.066673949 -0.486676604 -3.427270889
-0.482091635 0.090345830 0.871450007 49.847118378 0.101272166 0.993747890 -0.047000390 0.002219439 -0.870248020 0.065595135 -0.488227099 -4.156471252
-0.482012212 0.089707986 0.871559918 50.377010345 0.101162836 0.993789971 -0.046341255 -0.031911373 -0.870304763 0.065832399 -0.488094002 -4.451705933
-0.482241541 0.089700930 0.871433735 51.613159180 0.102604553 0.993680835 -0.045504238 -0.080645323 -0.870008767 0.067469008 -0.488397926 -5.192724228
-0.482194424 0.089472502 0.871483326 52.215034485 0.101786301 0.993755817 -0.045707162 -0.120198250 -0.870131075 0.066665314 -0.488290578 -5.530824661
-0.484812051 0.087977692 0.870182276 53.392021179 0.102121338 0.993816793 -0.043581758 -0.192731619 -0.868636012 0.067735232 -0.490798771 -6.193553925
-0.486272365 0.087607525 0.869404376 54.024917603 0.097563758 0.994183481 -0.045612112 -0.217732668 -0.868343472 0.062642463 -0.491991252 -6.518981934
-0.485161334 0.086314104 0.870154142 55.180610657 0.101488195 0.993949354 -0.042008299 -0.309103966 -0.868515193 0.067929529 -0.490985662 -7.207168579
-0.484810352 0.085891731 0.870391607 55.939613342 0.096462585 0.994346023 -0.044393849 -0.344209075 -0.869283557 0.062437624 -0.490354598 -7.588996887
-0.483721614 0.082912847 0.871285737 56.954059601 0.102134563 0.994048655 -0.037891932 -0.416047335 -0.869242072 0.070659243 -0.489311188 -8.198152542
-0.481452227 0.081771895 0.872649431 57.720355988 0.101070911 0.994176030 -0.037397422 -0.457290649 -0.870625257 0.070194393 -0.486913055 -8.604118347
-0.480020851 0.082313530 0.873386800 58.725021362 0.103674807 0.993934155 -0.036694102 -0.507208586 -0.871109366 0.072934270 -0.485642940 -9.187927246
-0.476761073 0.083771437 0.875032187 59.536312103 0.103143945 0.993903399 -0.038953654 -0.532880545 -0.872960627 0.071682677 -0.482494980 -9.644826889
-0.475403845 0.084831506 0.875668228 60.421638489 0.101012006 0.994021058 -0.041457258 -0.575445414 -0.873949587 0.068744063 -0.481130421 -10.122852325
-0.480413288 0.084714547 0.872941315 61.384635925 0.107713543 0.993488193 -0.037134118 -0.667898178 -0.870402694 0.076187871 -0.486409843 -10.719264984
-0.481903911 0.087317809 0.871862471 62.166862488 0.105669372 0.993551791 -0.041098524 -0.700523853 -0.869828999 0.072323620 -0.488023221 -11.189287186
-0.489751905 0.086483926 0.867561877 63.143444061 0.105578169 0.993628263 -0.039450496 -0.778240442 -0.865445733 0.072274648 -0.495762020 -11.713996887
-0.494207770 0.086080343 0.865071595 63.995918274 0.106594823 0.993577302 -0.037970833 -0.809268951 -0.862784028 0.073446691 -0.500209212 -12.204870224
-0.499069452 0.084792882 0.862403512 64.857345581 0.105962016 0.993704438 -0.036382794 -0.841122150 -0.860059142 0.073224485 -0.504912317 -12.709428787
-0.506127834 0.080492228 0.858694136 65.725791931 0.104872443 0.993991077 -0.031361189 -0.931135178 -0.856058657 0.074180596 -0.511527956 -13.222249985
-0.508780301 0.085310295 0.856659055 66.560867310 0.106719501 0.993652701 -0.035570744 -0.956127644 -0.854256153 0.073324539 -0.514655173 -13.750099182
-0.515812159 0.085477188 0.852426827 67.421188354 0.107282750 0.993622124 -0.034717694 -1.028884411 -0.849957764 0.073542871 -0.521692634 -14.253688812
-0.519385457 0.086791694 0.850121200 68.239997864 0.104632102 0.993802428 -0.037535131 -1.073384285 -0.848110139 0.069454744 -0.525247753 -14.765285492
-0.524104118 0.086774193 0.847222030 69.070800781 0.105025113 0.993787885 -0.036815684 -1.129647732 -0.845153630 0.069684342 -0.529961765 -15.279529572
-0.526010454 0.086594723 0.846058071 69.871200562 0.105686560 0.993747532 -0.036003511 -1.175571680 -0.843885839 0.070478745 -0.531873524 -15.805368423
-0.532305419 0.077643722 0.842984200 70.738327026 0.100956187 0.994500935 -0.027850153 -1.225039959 -0.840511024 0.070279673 -0.537216902 -16.354181290
-0.532791972 0.069069497 0.843422890 71.542640686 0.100478925 0.994776428 -0.017991394 -1.265928268 -0.840259850 0.075160548 -0.536949098 -16.890651703
-0.536233485 0.067323834 0.841380537 72.373298645 0.099580966 0.994898438 -0.016142210 -1.313125730 -0.838174999 0.075129487 -0.540202081 -17.415912628
-0.536511123 0.071351595 0.840871453 73.164001465 0.099091180 0.994852602 -0.021193247 -1.344426036 -0.838055372 0.071952537 -0.540819883 -17.927816391
-0.537701607 0.078731380 0.839451253 73.923171997 0.100165978 0.994544506 -0.029117195 -1.366308451 -0.837164104 0.068428099 -0.542654455 -18.411783218
-0.541026473 0.083362915 0.836863756 74.769821167 0.104741380 0.994006753 -0.031301893 -1.410842419 -0.834457576 0.070719130 -0.546515584 -18.944820404
-0.539034426 0.084568523 0.838027477 75.527412415 0.108620994 0.993618250 -0.030402783 -1.462755203 -0.835250556 0.074639238 -0.544780314 -19.474618912
-0.538222313 0.081909493 0.838813245 76.310928345 0.106579468 0.993890762 -0.028666286 -1.487758875 -0.836036742 0.073971435 -0.543664157 -19.980150223
-0.540072918 0.076311119 0.838151336 77.165489197 0.105669595 0.994148433 -0.022424674 -1.544961452 -0.834958136 0.076456159 -0.544976592 -20.500644684
-0.539611697 0.069359548 0.839052200 77.942062378 0.101826221 0.994661510 -0.016736314 -1.579145789 -0.835733593 0.076406404 -0.543793619 -20.986330032
-0.543800831 0.063277081 0.836825371 78.752120972 0.091071129 0.995714068 -0.016110081 -1.612346172 -0.834258199 0.067449950 -0.547232866 -21.493412018
-0.541739583 0.058361039 0.838517904 79.523155212 0.083171435 0.996412933 -0.015616161 -1.630700231 -0.836421490 0.061280854 -0.544650257 -21.994491577
-0.540921688 0.060132474 0.838920593 80.339477539 0.090552725 0.995806873 -0.012990979 -1.680824399 -0.836184144 0.068939447 -0.544098735 -22.505363464
-0.537234783 0.063569069 0.841033757 81.097457886 0.094877169 0.995381474 -0.014629812 -1.711070657 -0.838079512 0.071935259 -0.540784717 -23.001220703
-0.532115579 0.067511506 0.843975842 81.932991028 0.098952413 0.994943440 -0.017199589 -1.739478230 -0.840869486 0.074361257 -0.536105335 -23.542747498
-0.523206115 0.069418222 0.849374175 82.687644958 0.103817947 0.994445443 -0.017323878 -1.774606466 -0.845858872 0.079116330 -0.527506709 -24.040761948
-0.515422702 0.072517738 0.853862166 83.520874023 0.110911280 0.993677378 -0.017441971 -1.813834786 -0.849728286 0.085712954 -0.520206869 -24.542720795
-0.506524146 0.071804203 0.859230757 84.309669495 0.107521854 0.994007945 -0.019682176 -1.837291002 -0.855495453 0.082416579 -0.511209548 -24.991434097
-0.495569736 0.069217220 0.865805686 85.133621216 0.097752579 0.994931161 -0.023588596 -1.868208647 -0.863049865 0.072944947 -0.499823958 -25.473459244
-0.483731955 0.065841638 0.872736096 85.938194275 0.096743874 0.995078206 -0.021449177 -1.902820945 -0.869852901 0.074056208 -0.487720907 -25.931415558
-0.473241329 0.064927951 0.878536761 86.776924133 0.096823446 0.995071769 -0.021384554 -1.946037292 -0.875595689 0.074942917 -0.477195650 -26.369991302
-0.462290019 0.063889869 0.884424090 87.589202881 0.096251160 0.995123148 -0.021576004 -1.976858497 -0.881489456 0.075152472 -0.466185004 -26.778055191
-0.445867360 0.052177329 0.893576980 88.408348083 0.096424632 0.995290160 -0.010003576 -1.736950397 -0.889890194 0.081702583 -0.448798597 -27.121746063
-0.433323264 0.056255858 0.899481118 89.225662231 0.096178003 0.995236993 -0.015911117 -1.769662142 -0.896091938 0.079615645 -0.436669946 -27.520717621
-0.426300973 0.038546074 0.903759718 90.072494507 0.038640186 0.998955727 -0.024379788 -1.854734898 -0.903755724 0.024528332 -0.427345306 -27.937210083
-0.413914442 0.042786550 0.909309685 90.902511597 0.038100086 0.998833835 -0.029655993 -1.888060808 -0.909518063 0.022369739 -0.415061951 -28.312526703
-0.403160959 0.030102683 0.914633870 91.760292053 0.019151045 0.999517500 -0.024454826 -1.983210444 -0.914928675 0.007656948 -0.403542936 -28.682823181
-0.390909612 0.026634427 0.920043647 92.605354309 0.018394511 0.999607742 -0.021122249 -2.025382996 -0.920245349 0.008666861 -0.391246170 -29.042118073
-0.381662607 0.026944347 0.923908889 93.458633423 0.013220399 0.999631882 -0.023691395 -2.055330276 -0.924207151 0.003172321 -0.381878346 -29.382785797
-0.374775469 0.030692164 0.926607370 94.283119202 0.009957325 0.999527395 -0.029080175 -2.109403133 -0.927062154 -0.001672007 -0.374903977 -29.687808990
-0.369857103 0.035739973 0.928400993 95.124839783 0.001552691 0.999282181 -0.037850078 -2.138294220 -0.929087341 -0.012557600 -0.369647056 -30.024360657
-0.367147267 0.037700389 0.929398417 95.975280762 -0.002315410 0.999138296 -0.041444004 -2.182339668 -0.930159926 -0.017367998 -0.366743505 -30.334161758
-0.362628460 0.037693419 0.931171179 96.804031372 0.006905190 0.999262929 -0.037760641 -2.218498230 -0.931908131 -0.007263176 -0.362621486 -30.635528564
-0.357398957 0.037737254 0.933189094 97.661064148 0.006191061 0.999257147 -0.038037885 -2.268263340 -0.933931291 -0.007817271 -0.357367069 -30.954118729
-0.351777673 0.033301096 0.935491025 98.488571167 0.002597090 0.999397874 -0.034599420 -2.314017773 -0.936079979 -0.009741765 -0.351652354 -31.262958527
-0.346648753 0.029386254 0.937534571 99.330520630 0.002374296 0.999533415 -0.030451655 -2.361254930 -0.937991977 -0.008330034 -0.346556783 -31.565336227
-0.340433955 0.026669065 0.939890206 100.224578857 0.001469965 0.999611557 -0.027831204 -2.411594152 -0.940267265 -0.008093075 -0.340340853 -31.891166687
-0.335978746 0.024770522 0.941543877 100.960884094 -0.005400563 0.999586999 -0.028224679 -2.445882320 -0.941854060 -0.014567774 -0.335706323 -32.104393005
-0.330862939 0.025144309 0.943343759 101.799270630 -0.014039180 0.999403059 -0.031562567 -2.477994919 -0.943574369 -0.023686662 -0.330312520 -32.361370087
-0.324350834 0.028767075 0.945499361 102.665275574 -0.014231583 0.999275804 -0.035285339 -2.518812656 -0.945829809 -0.024900766 -0.323706567 -32.644264221
-0.316707999 0.032043468 0.947981656 103.536285400 -0.012573158 0.999199510 -0.037975233 -2.563635826 -0.948439777 -0.023946181 -0.316051573 -32.944259644
-0.309527099 0.030599507 0.950398147 104.409515381 -0.011058833 0.999298632 -0.035775606 -2.619764805 -0.950826287 -0.021583810 -0.308971643 -33.234474182
-0.302283019 0.025975050 0.952864289 105.295372009 -0.010799210 0.999471247 -0.030671466 -2.665283680 -0.953157008 -0.019561645 -0.301842690 -33.512355804
-0.295149446 0.023046706 0.955173075 106.155838013 -0.011455988 0.999551773 -0.027657393 -2.709182501 -0.955382407 -0.019105516 -0.294753134 -33.769374847
-0.288983166 0.026399812 0.956970036 107.014984131 -0.014128413 0.999393165 -0.031836592 -2.744963884 -0.957229972 -0.022720704 -0.288434803 -34.014595032
-0.284315884 0.028370675 0.958310723 107.873939514 -0.017086763 0.999253333 -0.034652147 -2.787208557 -0.958578289 -0.026226591 -0.283618838 -34.244682312
-0.277732253 0.028888229 0.960224092 108.751922607 -0.019599469 0.999169290 -0.035728779 -2.829900026 -0.960458517 -0.028742919 -0.276935428 -34.484020233
-0.270519465 0.028223742 0.962300718 109.631782532 -0.019539200 0.999203324 -0.034798883 -2.881537676 -0.962516189 -0.028216362 -0.269752413 -34.729969025
-0.262276858 0.028271785 0.964578390 110.497077942 -0.014683011 0.999338031 -0.033283025 -2.929242134 -0.964880943 -0.022892281 -0.261688113 -34.969337463
-0.253720909 0.031217214 0.966773689 111.380569458 -0.010983397 0.999321580 -0.035150692 -2.951791286 -0.967215121 -0.019536920 -0.253205955 -35.218894958
-0.247032687 0.031052170 0.968509436 112.255332947 -0.010026886 0.999350965 -0.034598507 -3.010044813 -0.968955278 -0.018258093 -0.246561006 -35.438987732
-0.241231292 0.028623145 0.970045447 113.095062256 -0.016444057 0.999300838 -0.033575702 -3.066401958 -0.970328271 -0.024050988 -0.240591988 -35.613285065
-0.235680148 0.026571205 0.971467316 113.926948547 -0.021053422 0.999251962 -0.032438770 -3.108435154 -0.971602619 -0.028097887 -0.234944418 -35.794345856
-0.230716646 0.026960433 0.972647369 114.768318176 -0.017449392 0.999340653 -0.031839412 -3.148898840 -0.972864509 -0.024317989 -0.230094105 -36.001251221
-0.225556359 0.028537124 0.973812103 115.691329956 -0.016074289 0.999325812 -0.033007946 -3.186412096 -0.974097431 -0.023098491 -0.224945590 -36.221237183
-0.220255151 0.029616980 0.974992633 116.530471802 -0.015535379 0.999305606 -0.033865038 -3.227674007 -0.975318551 -0.022605825 -0.219642103 -36.409820557
-0.214688182 0.028631665 0.976262987 117.363021851 -0.009318097 0.999464631 -0.031361245 -3.267373800 -0.976638198 -0.015829798 -0.214306444 -36.594051361
-0.210685566 0.025922792 0.977210045 118.308998108 -0.003029733 0.999626160 -0.027170636 -3.324307680 -0.977549195 -0.008685147 -0.210528255 -36.796466827
-0.205110148 0.024627905 0.978428960 119.133728027 -0.001818116 0.999671996 -0.025543746 -3.360522032 -0.978737175 -0.007018179 -0.204998106 -36.973186493
-0.201816961 0.026213914 0.979072392 119.978355408 -0.004648837 0.999604940 -0.027721921 -3.400432110 -0.979412258 -0.010146302 -0.201615363 -37.141899109
-0.197123975 0.030063013 0.979917467 120.927932739 -0.004532521 0.999490976 -0.031575292 -3.431849241 -0.980368078 -0.010665745 -0.196887419 -37.323154449
-0.195229039 0.029959628 0.980300009 121.772010803 -0.005929209 0.999478996 -0.031726588 -3.472157001 -0.980739772 -0.012006353 -0.194949672 -37.483604431
-0.190998599 0.028459989 0.981177628 122.716567993 -0.004510024 0.999543607 -0.029870640 -3.518201828 -0.981579900 -0.010130386 -0.190783083 -37.666816711
-0.190427274 0.023868911 0.981411159 123.571105957 -0.003965097 0.999677420 -0.025082538 -3.551068783 -0.981693327 -0.008667790 -0.190271229 -37.830596924
-0.189285636 0.020052066 0.981717288 124.472511292 -0.005210692 0.999756873 -0.021425210 -3.579840660 -0.981908262 -0.009170908 -0.189135134 -37.992885590
-0.188047022 0.017287223 0.982007802 125.343238831 -0.004683410 0.999817908 -0.018497584 -3.621125937 -0.982148886 -0.008077562 -0.187931836 -38.158737183
-0.186896548 0.022428695 0.982123494 126.191757202 -0.004221202 0.999711692 -0.023633644 -3.652490377 -0.982370615 -0.008562789 -0.186747998 -38.319232941
-0.186481163 0.025318973 0.982132256 127.078323364 -0.007652751 0.999600232 -0.027222337 -3.690108538 -0.982428730 -0.012592468 -0.186212853 -38.488571167
-0.187350526 0.024525803 0.981987000 127.900100708 -0.012167520 0.999553621 -0.027285952 -3.717861414 -0.982217729 -0.017060382 -0.186968490 -38.623695374
-0.186428785 0.023391139 0.982189953 128.750106812 -0.010668770 0.999609411 -0.025831018 -3.766958237 -0.982410491 -0.015294404 -0.186106414 -38.780452728
-0.185530901 0.025210101 0.982314944 129.590728760 -0.005470252 0.999628961 -0.026687613 -3.803175449 -0.982623219 -0.010324886 -0.185324118 -38.940280914
-0.184691891 0.025702458 0.982460260 130.463027954 -0.018757863 0.999383807 -0.029671468 -3.836928844 -0.982617557 -0.023908937 -0.184095919 -39.106964111
-0.184743389 0.026916320 0.982418060 131.311386108 -0.025141355 0.999168277 -0.032103065 -3.882806778 -0.982465208 -0.030630155 -0.183913022 -39.251121521
-0.184217885 0.029572967 0.982440412 132.169540405 -0.020685511 0.999209225 -0.033956483 -3.928458214 -0.982667744 -0.026577676 -0.183460519 -39.393600464
-0.184156597 0.033754706 0.982317090 132.994522095 -0.017454818 0.999140263 -0.037605066 -3.965525150 -0.982741952 -0.024071392 -0.183409095 -39.541976929
-0.183458224 0.034226891 0.982431471 133.813858032 -0.016677178 0.999141455 -0.037923321 -4.014490128 -0.982886016 -0.023341531 -0.182729945 -39.702705383
-0.181354597 0.035465490 0.982778072 134.631683350 -0.017827567 0.999066710 -0.039343059 -4.057648182 -0.983256102 -0.024655588 -0.180553049 -39.851615906
-0.182337120 0.033425570 0.982667744 135.457519531 -0.014147461 0.999229312 -0.036614027 -4.093839169 -0.983134389 -0.020578347 -0.181723699 -39.989883423
-0.178857699 0.030455165 0.983403504 136.256042480 -0.004393809 0.999486089 -0.031752355 -4.139720917 -0.983865082 -0.010000042 -0.178631961 -40.140029907
-0.177647397 0.025495246 0.983763933 137.035964966 -0.000920317 0.999659538 -0.026073387 -4.181200027 -0.984093785 -0.005537244 -0.177563474 -40.270130157
-0.173493057 0.024957361 0.984518826 137.873687744 0.000237765 0.999679804 -0.025299797 -4.224266052 -0.984835088 -0.004155255 -0.173443452 -40.432975769
-0.168626234 0.030251203 0.985215783 138.672988892 0.001736898 0.999536395 -0.030393640 -4.263345242 -0.985678434 -0.003413946 -0.168600619 -40.563476562
-0.162206069 0.032846577 0.986210048 139.488204956 0.002338286 0.999455810 -0.032903157 -4.304582119 -0.986754119 -0.003031049 -0.162194610 -40.690467834
-0.154429585 0.033381991 0.987439573 140.286636353 0.001735413 0.999436677 -0.033516157 -4.339597702 -0.988002419 -0.003462271 -0.154400513 -40.806114197
-0.144407973 0.029371655 0.989082277 141.078170776 0.002989971 0.999567747 -0.029246490 -4.373932362 -0.989513755 -0.001266100 -0.144433394 -40.922195435
-0.129664540 0.028737612 0.991141379 141.865112305 0.006048845 0.999584258 -0.028191082 -4.418248177 -0.991539478 0.002339876 -0.129784495 -41.020183563
-0.114775173 0.031636152 0.992887557 142.663909912 0.008131168 0.999489129 -0.030906554 -4.456129551 -0.993358135 0.004526030 -0.114973798 -41.112533569
-0.100017004 0.032323889 0.994460523 143.456649780 0.006839991 0.999470890 -0.031798817 -4.494191647 -0.994962215 0.003621678 -0.100185171 -41.185970306
-0.087639622 0.032233071 0.995630562 144.247406006 0.017728265 0.999368548 -0.030793568 -4.523548126 -0.995994449 0.014952069 -0.088155717 -41.249717712
-0.074766479 0.034266490 0.996612132 145.054580688 0.017965460 0.999293506 -0.033010907 -4.559896469 -0.997039258 0.015436487 -0.075329266 -41.297080994
-0.059872247 0.039954867 0.997406065 145.787124634 0.013430753 0.999140382 -0.039218117 -4.617147446 -0.998115718 0.011047839 -0.060357414 -41.365425110
-0.047200784 0.049435768 0.997661352 146.562545776 0.005053093 0.998773634 -0.049251817 -4.657777786 -0.998872638 0.002716551 -0.047392692 -41.386211395
-0.034256548 0.057699028 0.997746110 147.326705933 0.000540073 0.998332977 -0.057714425 -4.702014923 -0.999412954 -0.001438242 -0.034230601 -41.385738373
-0.019833559 0.057849087 0.998128295 148.093170166 0.001051920 0.998325348 -0.057839591 -4.757865906 -0.999802768 -0.000097214 -0.019861201 -41.418487549
-0.008524892 0.053637695 0.998524010 148.861892700 -0.003174388 0.998553932 -0.053666398 -4.816808701 -0.999958634 -0.003627203 -0.008342297 -41.400375366
0.002245884 0.052361187 0.998625696 149.631454468 -0.013610925 0.998537302 -0.052325930 -4.877103329 -0.999904871 -0.013474701 0.002955283 -41.383693695
0.010751728 0.059873614 0.998148203 150.402221680 -0.016654534 0.998077989 -0.059690014 -4.927562714 -0.999803483 -0.015981922 0.011728232 -41.355575562
0.024230201 0.066616379 0.997484386 151.131607056 -0.014260065 0.997698903 -0.066284291 -4.982917786 -0.999604642 -0.012618111 0.025124395 -41.269989014
0.026981719 0.069158174 0.997240782 151.910766602 -0.017924305 0.997477114 -0.068689592 -5.043478489 -0.999475181 -0.016021483 0.028153259 -41.233932495
0.026913688 0.065181158 0.997510433 152.656204224 -0.025516868 0.997591555 -0.064497977 -5.096237183 -0.999312043 -0.023717467 0.028512083 -41.196105957
0.025265330 0.060773410 0.997831762 153.413558960 -0.027048776 0.997826517 -0.060088217 -5.158751488 -0.999314725 -0.025471983 0.026854267 -41.172794342
0.021850806 0.057966933 0.998079360 154.162200928 -0.025816141 0.998017490 -0.057398163 -5.218636036 -0.999427855 -0.024512360 0.023303969 -41.148162842
0.018582471 0.058388114 0.998120964 154.928344727 -0.025132496 0.998005211 -0.057913437 -5.269813538 -0.999511421 -0.024009099 0.020012837 -41.133090973
0.014896345 0.058241654 0.998191416 155.698745728 -0.024184134 0.998031080 -0.057871390 -5.324634552 -0.999596536 -0.023278324 0.016275540 -41.115013123
0.011669041 0.056327630 0.998344123 156.396148682 -0.014343900 0.998318851 -0.056158543 -5.379658222 -0.999829054 -0.013664836 0.012457381 -41.102661133
0.006820030 0.056775749 0.998363614 157.129394531 -0.015338327 0.998275399 -0.056665950 -5.423950195 -0.999859095 -0.014926763 0.007679114 -41.092567444
0.000839279 0.054513961 0.998512685 157.877853394 -0.016242459 0.998381972 -0.054493174 -5.483404636 -0.999867678 -0.016172566 0.001723363 -41.094551086
-0.005037310 0.051349342 0.998668134 158.620635986 -0.014550318 0.998571217 -0.051417753 -5.542426109 -0.999881446 -0.014789944 -0.004282963 -41.096481323
-0.011616515 0.055589918 0.998386085 159.375747681 -0.038100939 0.997703791 -0.055995237 -5.579243660 -0.999206364 -0.038689915 -0.009471813 -41.106769562
-0.017546481 0.057590652 0.998186111 160.115020752 -0.040172275 0.997493029 -0.058256838 -5.622247219 -0.999038637 -0.041121610 -0.015188949 -41.104248047
-0.022098469 0.061385259 0.997869492 160.842788696 -0.045419220 0.997020960 -0.062338900 -5.656297207 -0.998723507 -0.046700049 -0.019244568 -41.131721497
-0.025618292 0.063729584 0.997638345 161.560501099 -0.046002515 0.996833503 -0.064859457 -5.715311527 -0.998612761 -0.047555465 -0.022605447 -41.133972168
-0.025735606 0.065799825 0.997501016 162.333679199 -0.045795608 0.996706188 -0.066928945 -5.773942471 -0.998619258 -0.047403619 -0.022637494 -41.173034668
-0.025517235 0.063987695 0.997624397 163.057769775 -0.042673722 0.996969938 -0.065037236 -5.832407951 -0.998763204 -0.044231921 -0.022709325 -41.182434082
-0.019430906 0.057724692 0.998143554 163.781570435 -0.037295971 0.997595191 -0.058419041 -5.920231819 -0.999115467 -0.038361855 -0.017231276 -41.220298767
-0.011714767 0.057341710 0.998285949 164.493225098 -0.036995951 0.997645974 -0.057739098 -5.976967335 -0.999246836 -0.037608936 -0.009565778 -41.222721100
-0.001654874 0.059609775 0.998220384 165.157180786 -0.036191814 0.997564137 -0.059630588 -6.016053200 -0.999343514 -0.036226083 0.000506544 -41.215663910
0.013282865 0.059994984 0.998110294 165.852600098 -0.033395413 0.997668028 -0.059523981 -6.064499855 -0.999354005 -0.032541655 0.015255449 -41.199253082
0.028900193 0.057459719 0.997929454 166.527038574 -0.034334816 0.997814357 -0.056458753 -6.115055084 -0.998992443 -0.032632057 0.030809902 -41.180969238
0.044992745 0.052930064 0.997584164 167.227157593 -0.039691485 0.997901559 -0.051156756 -6.163539886 -0.998198509 -0.037293915 0.046999205 -41.136142731
0.062324185 0.044739477 0.997052670 167.886642456 -0.037944928 0.998378754 -0.042427104 -6.215330601 -0.997334361 -0.035188857 0.063920781 -41.090522766
0.079679176 0.037703440 0.996107221 168.567138672 -0.038236924 0.998664618 -0.034741640 -6.253201008 -0.996086895 -0.035319891 0.081014439 -41.036434174
0.096388973 0.030008836 0.994891286 169.235824585 -0.038574513 0.998907089 -0.026392711 -6.289104939 -0.994596004 -0.035833478 0.097441204 -40.943908691
0.113349639 0.024275050 0.993258655 169.903320312 -0.040025949 0.999001384 -0.019847687 -6.317958355 -0.992748678 -0.037506383 0.114208095 -40.861267090
0.131396234 0.021892162 0.991088152 170.551940918 -0.040884688 0.999025166 -0.016647082 -6.347583771 -0.990486503 -0.038332969 0.132163197 -40.755725861
0.149558902 0.020309733 0.988544226 171.211730957 -0.038372241 0.999154985 -0.014722317 -6.367292404 -0.988007963 -0.035730809 0.150211841 -40.652812958
0.164801195 0.018712854 0.986149192 171.835098267 -0.036506303 0.999250650 -0.012860676 -6.408370972 -0.985650957 -0.033881206 0.165360853 -40.490280151
0.180657715 0.017732499 0.983386159 172.464340210 -0.041178189 0.999097168 -0.010450957 -6.425772190 -0.982683659 -0.038606014 0.181224823 -40.359771729
0.196407869 0.015592239 0.980398297 173.063369751 -0.048049465 0.998825371 -0.006259324 -6.423072338 -0.979344249 -0.045878232 0.196926355 -40.247985840
0.208616316 0.011910770 0.977925062 173.710067749 -0.045819901 0.998946905 -0.002392256 -6.439902306 -0.976923704 -0.044309359 0.208942398 -40.101978302
0.217406183 0.010408447 0.976025701 174.293334961 -0.037728418 0.999285460 -0.002252627 -6.461703300 -0.975351930 -0.036334164 0.217643514 -39.937438965
0.227217078 0.013632434 0.973748744 174.895416260 -0.042118069 0.999103963 -0.004159467 -6.482756615 -0.972932935 -0.040067315 0.227587655 -39.785472870
0.235022679 0.021015577 0.971762657 175.450424194 -0.040844280 0.999096632 -0.011728443 -6.485140800 -0.971131325 -0.036934495 0.235668749 -39.620151520
0.243953601 0.030789798 0.969298005 176.033828735 -0.040661611 0.998941660 -0.021497693 -6.501193523 -0.968934059 -0.034168780 0.244947389 -39.463748932
0.252690405 0.037224457 0.966830850 176.627044678 -0.037072185 0.998898327 -0.028769942 -6.513824940 -0.966836691 -0.028572643 0.253792018 -39.316272736
0.259001434 0.035171516 0.965236306 177.218383789 -0.035709828 0.999002278 -0.026819881 -6.532134533 -0.965216577 -0.027522042 0.259999037 -39.150646210
0.263866216 0.026259867 0.964201689 177.795608521 -0.034560274 0.999244809 -0.017756391 -6.556256294 -0.963939965 -0.028637763 0.264574498 -38.963951111
0.268179864 0.016122999 0.963233948 178.395874023 -0.038953554 0.999223769 -0.005880105 -6.573861122 -0.962581038 -0.035944462 0.268599749 -38.782321930
0.269807160 0.007818392 0.962882578 179.011291504 -0.039275173 0.999224186 0.002891729 -6.596712112 -0.962113082 -0.038597587 0.269904912 -38.596641541
0.270939112 0.007276464 0.962568879 179.616149902 -0.036005672 0.999348223 0.002580203 -6.608677387 -0.961922884 -0.035357025 0.271024555 -38.422515869
0.271008283 0.010892077 0.962515414 180.207321167 -0.034520727 0.999402642 -0.001589762 -6.613508224 -0.961957812 -0.032795899 0.271222353 -38.249023438
0.272843391 0.010177890 0.962004602 180.804901123 -0.031196615 0.999511719 -0.001726740 -6.622378349 -0.961552560 -0.029540161 0.273027688 -38.078514099
0.274696708 0.008184193 0.961496115 181.419784546 -0.033319686 0.999444366 0.001012135 -6.626985550 -0.960953414 -0.032314781 0.274816751 -37.901046753
0.277920872 0.004965230 0.960591137 182.043289185 -0.033904564 0.999414325 0.004643458 -6.628506660 -0.960005462 -0.033858944 0.277926445 -37.723197937
0.280483305 -0.000270228 0.959858835 182.657135010 -0.033308577 0.999394953 0.010014561 -6.633119583 -0.959280789 -0.034780450 0.280304670 -37.530990601
0.284156233 -0.003390779 0.958771944 183.253753662 -0.031681910 0.999414504 0.012924245 -6.643362045 -0.958254397 -0.034048237 0.283882380 -37.340694427
0.290916026 -0.005533532 0.956732571 183.885345459 -0.030104904 0.999435186 0.014934584 -6.636545181 -0.956274867 -0.033147052 0.290585101 -37.152378082
0.298878133 -0.009064971 0.954248250 184.510101318 -0.027851069 0.999446094 0.018217506 -6.640000820 -0.953884780 -0.032021649 0.298460096 -36.953834534
0.307927221 -0.009434978 0.951363266 185.111694336 -0.026949326 0.999463081 0.018634681 -6.636310101 -0.951028168 -0.031376727 0.307507664 -36.750492096
0.319025278 -0.007223240 0.947718680 185.731018066 -0.029045416 0.999426723 0.017394738 -6.637537956 -0.947301090 -0.033076242 0.318632573 -36.527187347
0.330749422 -0.003267346 0.943712950 186.326660156 -0.029874921 0.999456584 0.013930809 -6.639624596 -0.943245590 -0.032800958 0.330472112 -36.311408997
0.342398524 -0.000056334 0.939554811 186.945938110 -0.031023487 0.999454141 0.011365702 -6.639633656 -0.939042449 -0.033039872 0.342209846 -36.071826935
0.353990734 0.000137327 0.935248971 187.542617798 -0.029663788 0.999498546 0.011080952 -6.635087967 -0.934778333 -0.031665586 0.353817314 -35.838695526
0.364383042 -0.000763876 0.931248844 188.169128418 -0.031360906 0.999422371 0.013090827 -6.629305840 -0.930720925 -0.033974882 0.364148617 -35.583831787
0.375543296 -0.001517667 0.926803648 188.771163940 -0.033226170 0.999333739 0.015099768 -6.629647255 -0.926209092 -0.036464740 0.375242680 -35.329162598
0.385479808 -0.000113925 0.922716200 189.401367188 -0.037244156 0.999183059 0.015682723 -6.637984276 -0.921964228 -0.040411163 0.385160685 -35.057453156
0.394598544 -0.001111913 0.918852925 190.017532349 -0.041008424 0.998981476 0.018819816 -6.631295204 -0.917938054 -0.045106988 0.394151032 -34.772632599
0.402205437 -0.001115562 0.915548742 190.633850098 -0.043095693 0.998867691 0.020149250 -6.623996258 -0.914534628 -0.047560349 0.401701957 -34.483840942
0.406124949 -0.003874186 0.913809359 191.271057129 -0.043465275 0.998777330 0.023551717 -6.620620728 -0.912783265 -0.049283911 0.405459970 -34.188964844
0.408808649 -0.006747453 0.912595153 191.915054321 -0.040949497 0.998829901 0.025728904 -6.626041412 -0.911700964 -0.047888514 0.408054054 -33.914169312
0.408525616 -0.005973437 0.912727237 192.551757812 -0.036940861 0.999050975 0.023072673 -6.619373322 -0.911999047 -0.043142714 0.407917291 -33.625122070
0.407139570 -0.005347530 0.913350284 193.205978394 -0.035958897 0.999113739 0.021878881 -6.615547180 -0.912657797 -0.041750833 0.406586438 -33.325737000
0.406331867 -0.004138140 0.913716137 193.853881836 -0.032758821 0.999280870 0.019093588 -6.609878540 -0.913138151 -0.037690599 0.405904114 -33.031036377
0.408753902 -0.011046914 0.912577808 194.604675293 -0.021355525 0.999537170 0.021664953 -6.563285828 -0.912394762 -0.028344221 0.408328831 -32.683815002
0.408370912 -0.016294086 0.912670672 195.268707275 -0.018761287 0.999479651 0.026238566 -6.554391861 -0.912623286 -0.027837943 0.407852769 -32.394630432
0.406655788 -0.018442055 0.913395405 195.968460083 -0.020072179 0.999374509 0.029114444 -6.552021503 -0.913360894 -0.030173397 0.406031400 -32.087409973
0.405536890 -0.021972498 0.913814604 196.626998901 -0.017513026 0.999340713 0.031800970 -6.549423695 -0.913910925 -0.028900122 0.404884845 -31.802894592
0.404655606 -0.021728886 0.914210975 197.306289673 -0.018600190 0.999315381 0.031984605 -6.520703793 -0.914279997 -0.029947253 0.403974324 -31.494911194
0.402113169 -0.022636840 0.915310144 197.973907471 -0.019416703 0.999258637 0.033243127 -6.512488365 -0.915384054 -0.031139804 0.401375502 -31.188026428
0.401432902 -0.021466261 0.915636837 198.666976929 -0.020466560 0.999265432 0.032399788 -6.505191326 -0.915659726 -0.031746279 0.400698692 -30.885437012
0.400369823 -0.018613085 0.916164577 199.336349487 -0.019211087 0.999403536 0.028699560 -6.499859333 -0.916152239 -0.029090956 0.399773419 -30.596755981
0.399358869 -0.012598317 0.916708171 199.996398926 -0.019751664 0.999555290 0.022341590 -6.487203598 -0.916581869 -0.027028827 0.398932487 -30.307815552
0.399758905 -0.008506043 0.916580856 200.712951660 -0.023755811 0.999524891 0.019636674 -6.471324921 -0.916312456 -0.029624058 0.399366915 -30.001579285
0.397344500 -0.011224876 0.917600870 201.374160767 -0.024770934 0.999429643 0.022952318 -6.462587357 -0.917335212 -0.031849809 0.396839797 -29.707015991
0.396856159 -0.015268378 0.917753875 202.072204590 -0.025452692 0.999294043 0.027631221 -6.468220234 -0.917527854 -0.034324929 0.396187335 -29.410758972
0.394420385 -0.013566009 0.918829978 202.805007935 -0.031037515 0.999123871 0.028074788 -6.464205742 -0.918405771 -0.039591465 0.393653810 -29.079010010
0.388866067 -0.012976738 0.921202898 203.473464966 -0.035638567 0.998940527 0.029115861 -6.464094639 -0.920604706 -0.044152517 0.387991577 -28.781761169
0.382756233 -0.014471972 0.923736036 204.202453613 -0.035482500 0.998909295 0.030352108 -6.443596840 -0.923167765 -0.044393919 0.381825179 -28.491516113
0.373503268 -0.015052452 0.927506685 204.894638062 -0.035897188 0.998884976 0.030666498 -6.450412273 -0.926934004 -0.044748917 0.372546375 -28.211013794
0.362678111 -0.013622991 0.931814849 205.601379395 -0.033720762 0.999046504 0.027730595 -6.442991734 -0.931304276 -0.041478779 0.361872852 -27.924758911
0.353798151 -0.011404508 0.935252249 206.266433716 -0.033716958 0.999120235 0.024938161 -6.448479176 -0.934713900 -0.040356938 0.353102356 -27.685188293
0.342260212 -0.011708170 0.939532280 206.967712402 -0.037274841 0.998966038 0.026027586 -6.442794800 -0.938865602 -0.043929126 0.341469824 -27.427566528
0.331538767 -0.018791910 0.943254411 207.699401855 -0.032102078 0.998997867 0.031185823 -6.419156551 -0.942895293 -0.040619735 0.330603272 -27.187362671
0.322892219 -0.027607597 0.946033001 208.410598755 -0.026458787 0.998920441 0.038181681 -6.409826756 -0.946065784 -0.037359457 0.321813136 -26.960193634
0.315239489 -0.032535933 0.948454261 209.119110107 -0.027667716 0.998672187 0.043454591 -6.393441200 -0.948608696 -0.039940171 0.313920766 -26.713619232
