0.999745548 -0.007613318 0.021231392 0.021904467 0.007628406 0.999970734 -0.000629846 -0.005564585 -0.021225972 0.000791648 0.999774396 0.860851169
0.999773204 -0.009047777 0.019278951 0.025439790 0.009093426 0.999956012 -0.002281419 -0.005727530 -0.019257462 0.002456213 0.999811530 1.154830217
0.999849081 -0.011670239 0.012865541 0.025280150 0.011718932 0.999924421 -0.003715881 -0.008930445 -0.012821203 0.003866091 0.999910295 1.461833715
0.999916732 -0.012860040 0.001076913 0.004222764 0.012865136 0.999905348 -0.004864347 -0.005565477 -0.001014256 0.004877796 0.999987602 0.474029630
0.999799073 -0.012587390 -0.015598116 -0.001255915 0.012495547 0.999904096 -0.005971576 -0.016475651 0.015671786 0.005775469 0.999860466 2.082779408
0.999352634 -0.008046866 -0.035065766 -0.028655913 0.007843398 0.999951601 -0.005936124 -0.022313962 0.035111837 0.005657246 0.999367356 2.411213875
0.998469710 -0.004484042 -0.055117439 -0.043752559 0.004090319 0.999965191 -0.007254067 -0.024781687 0.055148054 0.007017519 0.998453438 2.559970140
0.997165680 -0.004342997 -0.075111456 -0.102786779 0.003801453 0.999965727 -0.007351329 -0.035239376 0.075140812 0.007044960 0.997148037 3.096931219
0.995354593 -0.005823477 -0.096100144 -0.148308799 0.005173108 0.999962151 -0.007015378 -0.036404986 0.096137345 0.006485654 0.995346963 3.455637217
0.993226111 -0.007289962 -0.115969718 -0.191797420 0.006610928 0.999958694 -0.006238848 -0.039083764 0.116010398 0.005429920 0.993233204 3.761435270
0.991014004 -0.006109821 -0.133618191 -0.267875224 0.005418406 0.999969959 -0.005537575 -0.046428964 0.133647993 0.004763816 0.991017401 4.211756229
0.988768756 -0.005022901 -0.149369180 -0.292771876 0.004298197 0.999977350 -0.005174186 -0.048019487 0.149391785 0.004474055 0.988767922 4.354904175
0.986642778 -0.004230993 -0.162844703 -0.418242782 0.003485854 0.999982059 -0.004861229 -0.062230520 0.162862405 0.004228642 0.986639738 5.012584686
0.984519303 -0.006093638 -0.175170660 -0.450462669 0.005244330 0.999972105 -0.005310957 -0.066168457 0.175198138 0.004310086 0.984523833 5.183246136
0.982709646 -0.009970839 -0.184884578 -0.581215560 0.008691892 0.999932289 -0.007726753 -0.080944762 0.184949085 0.005986158 0.982729852 5.870436668
0.981227279 -0.008703431 -0.192658618 -0.622093499 0.006877162 0.999924779 -0.010146030 -0.081433252 0.192732438 0.008630618 0.981213272 6.069251060
0.979674280 -0.008639303 -0.200409397 -0.772203863 0.006455464 0.999912500 -0.011547846 -0.090718865 0.200491637 0.010019391 0.979644120 6.782439709
0.977930307 -0.009524034 -0.208713934 -0.821091473 0.006624523 0.999871612 -0.014586901 -0.093486831 0.208826110 0.012882342 0.977867901 7.008033752
0.976248682 -0.013531892 -0.216230020 -0.985163093 0.010351931 0.999821067 -0.015832270 -0.111254543 0.216405571 0.013217835 0.976214051 7.755233765
0.974488497 -0.018844850 -0.223645389 -1.041850090 0.015255210 0.999725759 -0.017767677 -0.116919935 0.223918885 0.013902640 0.974508584 7.988083363
0.972303927 -0.020014469 -0.232861504 -1.224464893 0.015873538 0.999681175 -0.019643366 -0.140647829 0.233180404 0.015402985 0.972311497 8.782211304
0.970284343 -0.016855441 -0.241379768 -1.298862457 0.011341830 0.999642551 -0.024213370 -0.142961562 0.241701603 0.020756163 0.970128655 9.040450096
0.968087733 -0.013598394 -0.250242293 -1.519336224 0.007118939 0.999616027 -0.026779702 -0.171725482 0.250510365 0.024143640 0.967812836 9.843109131
0.965882242 -0.016126236 -0.258478969 -1.597441554 0.009043669 0.999550939 -0.028566645 -0.181261271 0.258823544 0.025254413 0.965594471 10.120504379
0.963418901 -0.019132197 -0.267316163 -1.824379921 0.011208927 0.999452353 -0.031134754 -0.207582504 0.267765492 0.026999487 0.963105738 10.968797684
0.961181462 -0.018459082 -0.275299072 -1.907280207 0.009638919 0.999397039 -0.033357177 -0.218963727 0.275748760 0.029408719 0.960779786 11.254644394
0.958859384 -0.017622165 -0.283333927 -2.179334879 0.007428423 0.999287188 -0.037012141 -0.257382452 0.283784151 0.033384711 0.958306789 12.128976822
0.956623137 -0.018157592 -0.290762126 -2.278054714 0.006131247 0.999089539 -0.042219289 -0.273244858 0.291263998 0.038605213 0.955863476 12.434586525
0.954774857 -0.020085067 -0.296650648 -2.561333895 0.005607216 0.998754799 -0.049574908 -0.321578860 0.297276884 0.045669489 0.953698456 13.335296631
0.953462303 -0.020988351 -0.300780803 -2.665197372 0.003780983 0.998328209 -0.057677336 -0.339968681 0.301488459 0.053855918 0.951947629 13.650365829
0.952199876 -0.021346325 -0.304728955 -2.970111370 0.001155048 0.997799933 -0.066286892 -0.397487402 0.305473477 0.062766388 0.950129628 14.580299377
0.950843215 -0.020475572 -0.308995277 -3.103164673 -0.003132758 0.997124612 -0.075714625 -0.425090969 0.309657037 0.072960749 0.948045015 14.975041389
0.949513257 -0.019752659 -0.313104391 -3.415517569 -0.006395794 0.996589899 -0.082267076 -0.497817576 0.313661635 0.080116242 0.946148932 15.882067680
0.948192894 -0.016814614 -0.317249715 -3.581494808 -0.012360606 0.995889783 -0.089726597 -0.534199059 0.317454427 0.088999540 0.944087863 16.302906036
0.946283996 -0.017164851 -0.322880656 -3.893596888 -0.014255196 0.995404124 -0.094695792 -0.625017285 0.323022217 0.094211824 0.941690385 17.221630096
0.944381356 -0.016500829 -0.328437924 -4.059745789 -0.017366786 0.994844198 -0.099917263 -0.674020648 0.328393310 0.100063927 0.939225733 17.702888489
0.943063080 -0.012426942 -0.332381606 -4.403344154 -0.023177765 0.994417369 -0.102940910 -0.771755695 0.331805319 0.104783647 0.937510252 18.585824966
0.941330075 -0.011754917 -0.337282509 -4.589807034 -0.025168160 0.994165242 -0.104890905 -0.820587158 0.336547524 0.107225738 0.935541749 19.087741852
0.939006090 -0.012320521 -0.343679547 -4.934473038 -0.024782481 0.994335473 -0.103356861 -0.931336164 0.343006223 0.105569951 0.933381855 20.012468338
0.936538339 -0.011504535 -0.350376040 -5.125966072 -0.025726227 0.994511008 -0.101419583 -0.997806907 0.349619627 0.103997186 0.931101859 20.533439636
0.933960378 -0.012652335 -0.357152611 -5.339032650 -0.024841703 0.994657338 -0.100197807 -1.048196673 0.356512189 0.102453053 0.928656220 21.075347900
0.931001127 -0.011969748 -0.364819914 -5.771344662 -0.025047097 0.995011449 -0.096565172 -1.183730125 0.364155918 0.099039964 0.926056981 22.145690918
0.927401304 -0.010874183 -0.373909861 -5.983946800 -0.024961356 0.995550394 -0.090864092 -1.244608641 0.373234242 0.093600787 0.923003256 22.678770065
0.923868656 -0.007213259 -0.382641762 -6.237067223 -0.027829947 0.995909154 -0.085968047 -1.301775336 0.381696552 0.090072088 0.919888377 23.274911880
0.920595646 -0.002783728 -0.390507221 -6.726107597 -0.031627089 0.996158421 -0.081659950 -1.424275875 0.389234304 0.087526403 0.916970909 24.370948792
0.916330576 -0.002873305 -0.400412202 -6.971257687 -0.031698249 0.996315658 -0.079689853 -1.478242397 0.399165958 0.085714623 0.912863433 24.956584930
0.912728250 -0.001398976 -0.408564776 -7.412523746 -0.033962134 0.996273518 -0.079282299 -1.573657036 0.407153189 0.086238936 0.909279466 25.872854233
0.909073234 -0.001936843 -0.416631699 -7.677700043 -0.033537734 0.996403933 -0.077810049 -1.624565959 0.415284187 0.084707931 0.905739248 26.417680740
0.904957592 -0.000961880 -0.425500602 -8.137957573 -0.034838136 0.996472657 -0.076346591 -1.708103418 0.424073070 0.083914086 0.901731908 27.396667480
0.901024759 -0.003344047 -0.433755010 -8.406538963 -0.031983990 0.996736050 -0.074123628 -1.758084536 0.432587087 0.080660440 0.897976816 27.962104797
0.897214234 -0.002819824 -0.441586465 -8.724723816 -0.031199992 0.997075856 -0.069759063 -1.814353704 0.440491915 0.076366328 0.894502699 28.578399658
0.893536150 -0.000810286 -0.448990494 -9.310420036 -0.031096598 0.997485518 -0.063685484 -1.921342850 0.447913080 0.070867367 0.891264081 29.746530533
0.889579356 0.000532532 -0.456780255 -9.606555939 -0.031205200 0.997733891 -0.059608918 -1.968245149 0.455713451 0.067280792 0.887580097 30.341733932
0.885959089 -0.001915669 -0.463759303 -10.161448479 -0.028179513 0.997921288 -0.057955883 -2.045020580 0.462906301 0.064415053 0.884063601 31.364419937
0.882854640 -0.002150831 -0.469641387 -10.498481750 -0.027794581 0.997997522 -0.056820154 -2.089156389 0.468823135 0.063217439 0.881026983 31.987133026
0.879572093 -0.002585041 -0.475758672 -10.839629173 -0.026597708 0.998154223 -0.054596733 -2.132133484 0.475021631 0.060675859 0.877879739 32.599475861
0.876481712 -0.002675875 -0.481427670 -11.506050110 -0.026542649 0.998194993 -0.053871438 -2.227200985 0.480702788 0.059995688 0.874828696 33.841808319
0.874028742 -0.004407358 -0.485854238 -11.865995407 -0.024657125 0.998268068 -0.053412654 -2.272645712 0.485248178 0.058663961 0.872406244 34.468265533
0.871316731 -0.006587078 -0.490676790 -12.465752602 -0.022953816 0.998268366 -0.054161344 -2.340143442 0.490183830 0.058454599 0.869656742 35.574794769
0.869838357 -0.006877570 -0.493289024 -12.819972992 -0.022907708 0.998261213 -0.054312203 -2.385841846 0.492804796 0.058542959 0.868168294 36.204448700
0.869375467 -0.005916613 -0.494116634 -13.460477829 -0.023622366 0.998287559 -0.053516082 -2.463271379 0.493587106 0.058197774 0.867746949 37.314567566
0.869312108 -0.005939990 -0.494227648 -13.840244293 -0.022572862 0.998407364 -0.051703691 -2.511902809 0.493747652 0.056102782 0.867793679 37.969230652
0.868945777 -0.007831850 -0.494845361 -14.259786606 -0.020226877 0.998477399 -0.051321037 -2.554977179 0.494493812 0.054604378 0.867464185 38.679462433
0.868273616 -0.008623363 -0.496010602 -15.031927109 -0.019847393 0.998444557 -0.052101541 -2.649934530 0.495688379 0.055082913 0.866751909 40.023223877
0.866913974 -0.012060995 -0.498311818 -15.432149887 -0.016261980 0.998490691 -0.052458186 -2.692888975 0.498192459 0.053580273 0.865409434 40.734569550
0.865857303 -0.011188466 -0.500165939 -16.131404877 -0.016691344 0.998547256 -0.051232066 -2.754327297 0.500012517 0.052708089 0.864412725 41.872825623
0.863546431 -0.011273390 -0.504143417 -16.542905807 -0.014508279 0.998780668 -0.047185406 -2.802671909 0.504060626 0.048061039 0.862329960 42.583049774
0.860598505 -0.011207092 -0.509160638 -17.223247528 -0.012459900 0.998995245 -0.043048900 -2.890944481 0.509131432 0.043391902 0.859594226 43.741809845
0.856550634 -0.011843154 -0.515927076 -17.658357620 -0.010852497 0.999102175 -0.040951993 -2.942484379 0.515948772 0.040676549 0.855653167 44.465042114
0.851440728 -0.014341800 -0.524254799 -18.135705948 -0.009787755 0.999017358 -0.043225929 -2.998602867 0.524359524 0.041935593 0.850463688 45.205055237
0.845109344 -0.018626176 -0.534268856 -18.936756134 -0.007450164 0.998885393 -0.046608776 -3.076324940 0.534541547 0.043369900 0.844028652 46.527275085
0.839105546 -0.018443901 -0.543655992 -19.418415070 -0.008316684 0.998873293 -0.046723835 -3.113164663 0.543905139 0.043727648 0.838006556 47.247638702
0.833357096 0.008914499 -0.552663088 -19.895332336 -0.039110057 0.998314798 -0.042870902 -3.412190914 0.551349580 0.057341456 0.832301378 48.569587708
0.827932835 0.013319783 -0.560669005 -20.479877472 -0.042297550 0.998353541 -0.038742431 -3.460120678 0.559229910 0.055791058 0.827133238 49.418266296
0.823812664 0.012431852 -0.566725850 -21.109624863 -0.041741867 0.998375654 -0.038776807 -3.523463726 0.565323174 0.055601019 0.822993577 50.329143524
0.819997072 0.009156210 -0.572294533 -21.667644501 -0.040916573 0.998251617 -0.042655081 -3.580149889 0.570903420 0.058393363 0.818938076 51.129707336
0.817209005 0.007633901 -0.576290846 -22.340408325 -0.044517390 0.997761071 -0.049910910 -3.632039547 0.574619532 0.066442631 0.815719187 52.058929443
0.813708425 0.007071252 -0.581230223 -22.923971176 -0.045324195 0.997653544 -0.051315323 -3.696289062 0.579503477 0.068099521 0.812119603 52.859085083
0.810503304 0.008646723 -0.585670233 -23.528724670 -0.044497326 0.997910500 -0.046846464 -3.762134552 0.584041357 0.064029969 0.809194565 53.678657532
0.804704428 0.007407906 -0.593629301 -24.227478027 -0.043359991 0.997985125 -0.046323519 -3.836230755 0.592089951 0.063016511 0.803404212 54.630592346
0.801973999 0.010348149 -0.597269118 -24.833053589 -0.045341339 0.998020053 -0.043589942 -3.880671978 0.595635414 0.062038984 0.800855517 55.384460449
0.798528314 0.009789240 -0.601877570 -25.521663666 -0.045459777 0.997993112 -0.044080947 -3.947132587 0.600238085 0.062561110 0.797370851 56.336189270
0.794620931 0.008265476 -0.607049584 -26.125417709 -0.044631109 0.997997046 -0.044833072 -4.011676788 0.605463088 0.062718585 0.793398201 57.111930847
0.790554941 0.004610020 -0.612373769 -26.808677673 -0.043183316 0.997902036 -0.048235945 -4.057961464 0.610866666 0.064577490 0.789095461 58.004230499
0.786153913 0.003454215 -0.618021071 -27.435302734 -0.042207204 0.997949779 -0.048111986 -4.126456738 0.616587818 0.063908353 0.784687996 58.782623291
0.781836092 0.003230681 -0.623475671 -28.167785645 -0.041772638 0.998011053 -0.047211297 -4.187758923 0.622083127 0.062955715 0.780416012 59.697853088
0.776914358 0.003578591 -0.629596114 -28.817485809 -0.042436991 0.998007357 -0.046694133 -4.243773460 0.628174543 0.062995508 0.775518119 60.478679657
0.771137834 0.000201966 -0.636668146 -29.561201096 -0.039487556 0.998089910 -0.047511052 -4.301567554 0.635442376 0.061778046 0.769672930 61.386108398
0.765771210 -0.001741675 -0.643110812 -30.231439590 -0.038323995 0.998095572 -0.048336577 -4.354191303 0.641970277 0.061661325 0.764246106 62.181850433
0.759719133 -0.001553096 -0.650249481 -30.963752747 -0.039554764 0.998034835 -0.048597585 -4.435234070 0.649047196 0.062640972 0.758164704 63.046348572
0.754425406 -0.002293600 -0.656381965 -31.662218094 -0.040124971 0.997962534 -0.049605601 -4.499447346 0.655158341 0.063761011 0.752796113 63.829837799
0.748295367 -0.004976160 -0.663347065 -32.438163757 -0.037951589 0.998012900 -0.050298359 -4.573863029 0.662279189 0.062813103 0.746619582 64.684341431
0.741925955 -0.005567546 -0.670458734 -33.145076752 -0.037445065 0.998060822 -0.049724475 -4.650777817 0.669435441 0.061997250 0.740278780 65.474845886
0.735386848 -0.006291025 -0.677618325 -33.942996979 -0.035506301 0.998225629 -0.047800846 -4.712436676 0.676716685 0.059211835 0.733858645 66.348030090
0.728682399 -0.007407111 -0.684811711 -34.692462921 -0.033833053 0.998331189 -0.046798702 -4.771544456 0.684015512 0.057270661 0.727215767 67.133766174
0.724514782 -0.009020458 -0.689200282 -35.486614227 -0.036337279 0.998024106 -0.051261619 -4.841906548 0.688300848 0.062183455 0.722755313 67.892532349
0.717359066 -0.010512616 -0.696624219 -36.236404419 -0.036650155 0.997932315 -0.052800626 -4.905581951 0.695738971 0.063408397 0.715490520 68.682746887
0.711063981 -0.011301477 -0.703036427 -36.998950958 -0.035904828 0.997982740 -0.052357607 -4.966192245 0.702209890 0.062472008 0.709223807 69.443954468
0.704373360 -0.009656250 -0.709763944 -37.869247437 -0.034672901 0.998245835 -0.047990561 -5.037679672 0.708982348 0.058412854 0.702802896 70.325584412
0.699996173 -0.009595553 -0.714082062 -38.657814026 -0.035030160 0.998244703 -0.047753185 -5.101989746 0.713286877 0.058441456 0.698431373 71.060729980
0.697120726 -0.017437855 -0.716741681 -39.544784546 -0.028354680 0.998251498 -0.051865265 -5.157201290 0.716392875 0.056479331 0.695407331 71.868782043
0.691829979 -0.019562641 -0.721795321 -40.339141846 -0.028971711 0.998075902 -0.054819550 -5.221373558 0.721478939 0.058837451 0.689931989 72.625022888
0.686898291 -0.022104301 -0.726417303 -41.229209900 -0.028085370 0.997983336 -0.056925289 -5.302538872 0.726210654 0.059503585 0.684892237 73.448348999
0.681928694 -0.022017241 -0.731087208 -42.056121826 -0.029589189 0.997898221 -0.057652049 -5.368634224 0.730819881 0.060946863 0.679843903 74.209487915
0.676253021 -0.013741856 -0.736541271 -42.949699402 -0.040508620 0.997619569 -0.055805720 -5.489245415 0.735554814 0.067575052 0.674086571 75.038604736
0.670949280 -0.014303807 -0.741365314 -43.780181885 -0.039221432 0.997729719 -0.054746199 -5.561890125 0.740465283 0.065809317 0.668865025 75.798538208
0.667266250 -0.021521941 -0.744508266 -44.748619080 -0.032483883 0.997790456 -0.057957422 -5.581810474 0.744110584 0.062857546 0.665092707 76.607421875
0.662744939 -0.021737861 -0.748529613 -45.644893646 -0.032505639 0.997801363 -0.057757251 -5.671483994 0.748139322 0.062609755 0.660581172 77.369117737
0.657782495 -0.018465277 -0.752981424 -46.507419586 -0.038101219 0.997603834 -0.057748217 -5.752893925 0.752243638 0.066675283 0.655502737 78.149627686
0.654109597 -0.018328905 -0.756177723 -47.438468933 -0.038550109 0.997599363 -0.057527345 -5.828112602 0.755416930 0.066779912 0.651832700 78.905334473
0.650150061 -0.022208892 -0.759481072 -48.316474915 -0.034553673 0.997674346 -0.058753680 -5.905613422 0.759019673 0.064441577 0.647870600 79.688476562
0.645496190 -0.026713921 -0.763296127 -49.179283142 -0.031301666 0.997623146 -0.061385777 -5.995558739 0.763121843 0.063516729 0.643125713 80.424407959
0.640931368 -0.035055298 -0.766797304 -50.124259949 -0.020926895 0.997787297 -0.063107215 -6.062748909 0.767312884 0.056494076 0.638779581 81.203231812
0.634142220 -0.038713060 -0.772246778 -51.017108917 -0.015564750 0.997904301 -0.062806606 -6.152848244 0.773059785 0.051848136 0.632210612 81.948204041
0.626073062 -0.042332195 -0.778614521 -51.968437195 -0.010697249 0.997964978 -0.062859491 -6.244709015 0.779691041 0.047683664 0.624346137 82.693733215
0.616585016 -0.043361023 -0.786093414 -52.948478699 -0.008036224 0.998083591 -0.061357770 -6.327595711 0.787247241 0.044149499 0.615054965 83.466606140
0.607479513 -0.042208418 -0.793213129 -53.886505127 -0.006449959 0.998292148 -0.058060758 -6.422399044 0.794309139 0.040386904 0.606169879 84.187583923
0.598423719 -0.041300979 -0.800114512 -54.886840820 -0.008734015 0.998274744 -0.058062155 -6.500185013 0.801132143 0.041733980 0.597030580 84.923904419
0.588857770 -0.043105360 -0.807086408 -55.859252930 -0.009011597 0.998164594 -0.059885532 -6.572800159 0.808186412 0.042537205 0.587388575 85.631622314
0.579378366 -0.044958085 -0.813817739 -56.855899811 -0.009134782 0.998056710 -0.061639369 -6.661071301 0.815007448 0.043146577 0.577841818 86.313201904
0.570109069 -0.047010556 -0.820222914 -57.882083893 -0.008284660 0.997981846 -0.062957086 -6.745814800 0.821527243 0.042687673 0.568569005 86.997283936
0.559864461 -0.048079241 -0.827188075 -58.903251648 -0.005191595 0.998091877 -0.061526619 -6.831230164 0.828568041 0.038740989 0.558546484 87.689079285
0.550703287 -0.047291066 -0.833360314 -59.918548584 -0.004193645 0.998224378 -0.059417930 -6.933257580 0.834690571 0.036216460 0.549527109 88.331558228
0.540439188 -0.047590937 -0.840036094 -60.961753845 -0.003634367 0.998257637 -0.058892913 -7.029564381 0.841375291 0.034881033 0.539324582 88.985870361
0.529787362 -0.049109589 -0.846707463 -62.028511047 -0.004323184 0.998152852 -0.060598537 -7.105908871 0.848119497 0.035764821 0.528596401 89.651077271
0.520250857 -0.049440656 -0.852581143 -63.104896545 -0.005645897 0.998101890 -0.061324477 -7.194794178 0.853994787 0.036717698 0.518984377 90.276092529
0.510154068 -0.050615322 -0.858592391 -64.185745239 -0.006704140 0.998002529 -0.062817194 -7.280469418 0.860056937 0.037802566 0.508795679 90.939422607
0.500078142 -0.050514717 -0.864505708 -65.266319275 -0.007252855 0.998017967 -0.062511541 -7.373322964 0.865949929 0.037530780 0.498720497 91.572166443
0.491433352 -0.048164785 -0.869582355 -66.368438721 -0.008988732 0.998135924 -0.060365029 -7.461418152 0.870868862 0.037481826 0.490084291 92.187713623
0.483653992 -0.046598285 -0.874017954 -67.477455139 -0.008125271 0.998299718 -0.057720635 -7.551122665 0.875221550 0.035018440 0.482453018 92.778717041
0.476578891 -0.046584580 -0.877896547 -68.575103760 -0.007693557 0.998335838 -0.057152104 -7.655384064 0.879098058 0.033991627 0.475427330 93.348907471
0.468508244 -0.050022125 -0.882041872 -69.709068298 -0.005967719 0.998193800 -0.059779134 -7.727242947 0.883439004 0.033270791 0.467363477 93.958129883
0.462008327 -0.053290591 -0.885273039 -70.816741943 -0.002315833 0.998117208 -0.061292030 -7.829807758 0.886872649 0.030367570 0.461015016 94.520874023
0.454981446 -0.055620857 -0.888762176 -71.943473816 -0.003256597 0.997936845 -0.064120404 -7.911671638 0.890495002 0.032067936 0.453861564 95.117507935
0.449914366 -0.058716524 -0.891139448 -73.055397034 -0.001312954 0.997791827 -0.066406645 -8.018828392 0.893070757 0.031047329 0.448843807 95.664733887
0.449215889 -0.058784112 -0.891487241 -74.237731934 -0.004244571 0.997681379 -0.067925304 -8.093616486 0.893413186 0.034297109 0.447924763 96.220520020
0.444583148 -0.056090321 -0.893979788 -75.356475830 -0.001984912 0.997973323 -0.063602231 -8.198194504 0.895735443 0.030050952 0.443570793 96.786849976
0.442118824 -0.053462137 -0.895361781 -76.457489014 -0.000875367 0.998195887 -0.060034618 -8.294774055 0.896956086 0.027326204 0.441274405 97.360626221
0.439079016 -0.052530635 -0.896911442 -77.535881042 0.000296849 0.998297751 -0.058323339 -8.389989853 0.898448408 0.025342308 0.438347161 97.883270264
0.434342086 -0.053555008 -0.899154484 -78.687286377 0.003570524 0.998325467 -0.057737008 -8.469167709 0.900740921 0.021867163 0.433806032 98.415519714
0.431888819 -0.052899029 -0.900374174 -79.821891785 0.005878392 0.998422444 -0.055839855 -8.561904907 0.901907742 0.018823858 0.431518465 98.947753906
0.431947440 -0.050814483 -0.900466263 -80.925956726 0.005017629 0.998531401 -0.053941522 -8.653360367 0.901884794 0.018781696 0.431568146 99.519042969
0.430467606 -0.050736297 -0.901178896 -82.012115479 0.005851351 0.998554826 -0.053423524 -8.752006531 0.902587056 0.017723985 0.430142403 100.024749756
0.429123878 -0.054942079 -0.901573062 -83.213386536 0.013904207 0.998431861 -0.054226656 -8.785659790 0.903138578 0.010734297 0.429214954 100.582061768
0.426665843 -0.053593643 -0.902820051 -84.262664795 0.017092708 0.998542249 -0.051198069 -8.879829407 0.904247820 0.006412826 0.426959932 101.087944031
0.424970269 -0.052947454 -0.903657496 -85.346008301 0.018528858 0.998587489 -0.049795922 -8.957050323 0.905017674 0.004418043 0.425351083 101.583312988
0.423862606 -0.054596949 -0.904079378 -86.414871216 0.021116637 0.998505890 -0.050399132 -9.029413223 0.905480325 0.002271194 0.424382210 102.067352295
0.420276135 -0.055191353 -0.905716240 -87.420867920 0.020483397 0.998471200 -0.051338699 -9.107207298 0.907165051 0.003024285 0.420764118 102.551383972
0.420296401 -0.055834290 -0.905667365 -88.438438416 0.019857520 0.998432040 -0.052337855 -9.189362526 0.907169521 0.004013108 0.420746118 102.995269775
0.422348887 -0.058133587 -0.904567242 -89.548278809 0.022683498 0.998306572 -0.053566828 -9.265985489 0.906149507 0.002105141 0.422952354 103.511459351
0.425047547 -0.057609499 -0.903335869 -90.563934326 0.019849045 0.998325825 -0.054327805 -9.338893890 0.904953301 0.005161546 0.425479472 103.973327637
0.428483576 -0.057863045 -0.901694894 -91.556175232 0.018496722 0.998299956 -0.055272728 -9.427305222 0.903360248 0.007005060 0.428825349 104.454627991
0.434186041 -0.057321310 -0.898997605 -92.565643311 0.016563296 0.998312652 -0.055654250 -9.522691727 0.900670826 0.009273939 0.434402853 104.922943115
0.439174920 -0.060035221 -0.896393538 -93.497253418 0.020828327 0.998176932 -0.056647554 -9.564373970 0.898160100 0.006207814 0.439624757 105.386291504
0.446660250 -0.057959680 -0.892824352 -94.485305786 0.018524576 0.998284638 -0.055538435 -9.653955460 0.894511878 0.008267619 0.446967751 105.867370605
0.453764319 -0.057577945 -0.889259636 -95.460739136 0.017848514 0.998297393 -0.055530351 -9.710528374 0.890942991 0.009325728 0.454019457 106.368713379
0.462733597 -0.056641467 -0.884685993 -96.451629639 0.016631480 0.998335719 -0.055218756 -9.790802002 0.886341333 0.010837935 0.462905526 106.863807678
0.473094821 -0.056003042 -0.879229724 -97.439331055 0.015555360 0.998353124 -0.055220649 -9.852602959 0.880874157 0.012447869 0.473186851 107.376609802
0.482498109 -0.055272885 -0.874151349 -98.367385864 0.013976599 0.998365760 -0.055412460 -9.947834015 0.875785530 0.014518744 0.482482105 107.891036987
0.491030276 -0.058383293 -0.869183838 -99.199157715 0.013080632 0.998133481 -0.059655178 -9.999438286 0.871044278 0.017923025 0.490877390 108.405761719
0.503104150 -0.058243062 -0.862260878 -100.163581848 0.010659212 0.998068750 -0.061197121 -10.088225365 0.864160001 0.021597505 0.502753377 108.928283691
0.514302492 -0.056492265 -0.855746210 -100.992149353 0.008685208 0.998120010 -0.060671303 -10.165798187 0.857564867 0.023771061 0.513826311 109.455932617
0.527048051 -0.054781072 -0.848067939 -101.910385132 0.008808648 0.998218894 -0.059005771 -10.243891716 0.849789739 0.023628555 0.526591837 110.030570984
0.540599167 -0.050882623 -0.839740157 -102.747779846 0.005826541 0.998371780 -0.056743693 -10.322930336 0.841260135 0.025782812 0.540015399 110.519538879
0.553672552 -0.049572088 -0.831257641 -103.632957458 0.004969630 0.998405457 -0.056229860 -10.393095016 0.832719684 0.027001891 0.553036094 111.066459656
0.574280381 -0.035565905 -0.817885756 -106.649078369 -0.011277828 0.998617351 -0.051343799 -10.211893082 0.818580985 0.038709708 0.573085248 112.131614685
0.585176945 -0.036259599 -0.810094595 -107.458999634 -0.010751203 0.998564959 -0.052461687 -10.289778709 0.810834289 0.039408859 0.583947420 112.705635071
0.596056879 -0.038137630 -0.802036107 -107.896125793 -0.008553418 0.998513103 -0.053837053 -10.422627449 0.802896619 0.038950093 0.594844460 113.146316528
0.606917024 -0.038268056 -0.793843508 -108.695419312 -0.008238500 0.998483479 -0.054431528 -10.486682892 0.794722557 0.039575502 0.605681300 113.747085571
0.611255050 -0.026730675 -0.790982127 -109.501564026 -0.013533026 0.998930335 -0.044216182 -10.567557335 0.791317999 0.037731744 0.610239446 114.319305420
0.621748328 -0.024720674 -0.782826781 -110.275894165 -0.012634618 0.999055207 -0.041583743 -10.625373840 0.783115149 0.035745345 0.620848596 114.914871216
0.627338648 -0.019030696 -0.778514028 -111.083595276 -0.016572174 0.999148726 -0.037778199 -10.718339920 0.778570235 0.036601391 0.626489222 115.651054382
0.638047338 -0.018967202 -0.769763410 -111.839088440 -0.018097838 0.999050915 -0.039617982 -10.768760681 0.769784331 0.039209202 0.637098610 116.239692688
0.646169186 -0.017413793 -0.762995481 -112.559127808 -0.020999378 0.998955607 -0.040583141 -10.828916550 0.762905240 0.042246010 0.645128548 116.866386414
0.656190634 -0.016755387 -0.754409134 -113.285865784 -0.021311518 0.998943150 -0.040723387 -10.882196426 0.754294157 0.042799905 0.655139983 117.464569092
0.664281309 -0.014698837 -0.747338116 -113.980491638 -0.021766344 0.999002278 -0.038995937 -10.934350014 0.747165680 0.042171091 0.663298607 118.094131470
0.673048377 -0.013858444 -0.739468515 -114.674285889 -0.021092292 0.999058127 -0.037921187 -10.979736328 0.739297569 0.041119885 0.672122180 118.717147827
0.680901051 -0.012945108 -0.732261002 -115.332000732 -0.020753438 0.999101222 -0.036960196 -11.036571503 0.732081294 0.040363166 0.680020392 119.337219238
0.688883960 -0.012016142 -0.724772036 -115.994300842 -0.022331361 0.999036133 -0.037788801 -11.079831123 0.724527597 0.042217243 0.687951684 119.954841614
0.696663439 -0.010630808 -0.717319429 -116.663208008 -0.023181984 0.999034464 -0.037320312 -11.131139755 0.717023492 0.042628586 0.695744216 120.588668823
0.702268243 -0.008050192 -0.711866915 -117.270652771 -0.023715302 0.999116540 -0.034694105 -11.179988861 0.711517274 0.041246708 0.701456964 121.178100586
0.710054219 -0.004727011 -0.704131126 -117.905677795 -0.025594397 0.999143362 -0.032517198 -11.224033356 0.703681707 0.041110784 0.709325075 121.801742554
0.718131483 -0.003693059 -0.695897639 -118.496345520 -0.026109600 0.999138892 -0.032246135 -11.269489288 0.695417464 0.041326575 0.717416704 122.414894104
0.725976765 -0.002813412 -0.687713504 -119.102722168 -0.026870480 0.999112010 -0.032452844 -11.313213348 0.687194109 0.042039197 0.725256562 123.039268494
0.732796550 0.000414191 -0.680447638 -119.701034546 -0.029589316 0.999073386 -0.031257566 -11.356246948 0.679804206 0.043039411 0.732129633 123.656440735
0.742049634 0.002856101 -0.670338929 -120.271133423 -0.030214872 0.999117136 -0.029190231 -11.394136429 0.669663727 0.041914802 0.741480708 124.275390625
0.750777364 0.007062090 -0.660517633 -120.809059143 -0.032064527 0.999153793 -0.025763439 -11.439749718 0.659776688 0.040521804 0.750368416 124.882461548
0.761019170 0.009342307 -0.648662150 -121.351730347 -0.033949159 0.999099791 -0.025440171 -11.473777771 0.647840500 0.041381996 0.760651290 125.502723694
0.770315468 0.010698203 -0.637573242 -121.984130859 -0.036047712 0.998990893 -0.026790185 -11.515347481 0.636643231 0.043619946 0.769923806 126.162803650
0.780276299 0.009613861 -0.625361145 -122.504241943 -0.035825312 0.998927116 -0.029343199 -11.558189392 0.624408126 0.045299556 0.779783607 126.795455933
0.790192664 0.010374241 -0.612770677 -122.976943970 -0.036121365 0.998906910 -0.029668419 -11.582239151 0.611793101 0.045577880 0.789703667 127.406616211
0.800379634 0.012312685 -0.599366963 -123.452888489 -0.036711730 0.998919249 -0.028503314 -11.631437302 0.598368287 0.044817273 0.799966753 128.026199341
0.810374856 0.013961570 -0.585745335 -123.921554565 -0.036341082 0.998988926 -0.026466182 -11.657088280 0.584783614 0.042734154 0.810062885 128.670135498
0.819748580 0.015904017 -0.572502673 -124.363716125 -0.036831908 0.999009013 -0.024986157 -11.686704636 0.571538031 0.041568730 0.819521964 129.315261841
0.829120874 0.016645713 -0.558821678 -124.817504883 -0.035357744 0.999116838 -0.022699228 -11.719331741 0.557950377 0.038579077 0.828977108 129.953384399
0.837294042 0.017285144 -0.546479702 -125.257247925 -0.034657136 0.999167979 -0.021496585 -11.744056702 0.545653462 0.036938377 0.837196410 130.616714478
0.844503224 0.017590964 -0.535261393 -125.807052612 -0.033375517 0.999246299 -0.019818405 -11.799380302 0.534509361 0.034601334 0.844453812 131.409469604
0.850981295 0.018329287 -0.524876118 -126.195419312 -0.033869665 0.999225676 -0.020018740 -11.823703766 0.524102747 0.034812950 0.850943208 132.053710938
0.858007848 0.018583931 -0.513300240 -126.617698669 -0.034115583 0.999200404 -0.020850103 -11.852478027 0.512502372 0.035401091 0.857955694 132.729248047
0.864513516 0.019952826 -0.502213240 -127.014862061 -0.034962907 0.999178648 -0.020488260 -11.880556107 0.501391888 0.035271220 0.864501059 133.404418945
0.870744348 0.022410812 -0.491225004 -127.422027588 -0.037182868 0.999101698 -0.020328959 -11.904930115 0.490328193 0.035966482 0.870795429 134.094970703
0.876622438 0.022098869 -0.480671048 -127.811813354 -0.036615208 0.999112070 -0.020842662 -11.934690475 0.479783684 0.035871018 0.876653254 134.787261963
0.881464958 0.020290062 -0.471813232 -128.203521729 -0.035047796 0.999132097 -0.022510927 -11.942983627 0.470947027 0.036378618 0.881411076 135.533599854
0.885753274 0.019503141 -0.463746399 -128.581344604 -0.034136787 0.999148309 -0.023181302 -11.969352722 0.462899238 0.036363728 0.885664701 136.249053955
0.889231861 0.020158229 -0.457012445 -128.946319580 -0.034520954 0.999136925 -0.023098484 -11.993923187 0.456152409 0.036316417 0.889160335 136.951446533
0.892623842 0.022503214 -0.450240195 -129.322357178 -0.035436202 0.999165416 -0.020315308 -12.016730309 0.449407250 0.034088731 0.892676353 137.673751831
0.895538509 0.026302248 -0.444205940 -129.660995483 -0.037279848 0.999176800 -0.015994709 -12.057949066 0.443419516 0.030883806 0.895781934 138.373336792
0.898869872 0.029201018 -0.437241673 -130.023193359 -0.038956244 0.999151647 -0.013357254 -12.085713387 0.436480761 0.029039724 0.899244845 139.110168457
0.901658475 0.031300254 -0.431314886 -130.413223267 -0.040324524 0.999117017 -0.011792600 -12.077353477 0.430565000 0.028025463 0.902124405 139.894332886
0.904896498 0.032957893 -0.424353868 -130.782836914 -0.041082654 0.999105573 -0.010008459 -12.091547012 0.423644543 0.026490204 0.905441046 140.674362183
0.908023655 0.034277216 -0.417514175 -131.142883301 -0.041169293 0.999123991 -0.007509934 -12.108729362 0.416890949 0.024007963 0.908639371 141.456283569
0.911572337 0.033354487 -0.409784257 -131.502273560 -0.039450329 0.999200881 -0.006427780 -12.112051964 0.409242392 0.022025513 0.912159801 142.255889893
0.915081561 0.033820823 -0.401848078 -131.871551514 -0.039331611 0.999211133 -0.005468436 -12.136541367 0.401346117 0.020809395 0.915689945 143.078338623
0.918729007 0.032993376 -0.393507928 -132.232208252 -0.038436908 0.999243200 -0.005958432 -12.145427704 0.393013507 0.020599408 0.919301867 143.924377441
0.922585964 0.031058334 -0.384539336 -132.572891235 -0.036410917 0.999314725 -0.006644693 -12.167348862 0.384069443 0.020131724 0.923084676 144.742553711
0.926682711 0.029714895 -0.374667823 -132.936050415 -0.035400286 0.999338746 -0.008299596 -12.190498352 0.374173462 0.020954439 0.927121997 145.618576050
0.931011498 0.027727669 -0.363935053 -133.266662598 -0.034117118 0.999355912 -0.011138323 -12.194341660 0.363391757 0.022786323 0.931357741 146.470779419
0.936104417 0.030021837 -0.350438446 -133.603012085 -0.036664907 0.999251544 -0.012335445 -12.218680382 0.349805862 0.024396054 0.936504543 147.363311768
0.941912353 0.034039192 -0.334129423 -133.923629761 -0.040323328 0.999115944 -0.011887435 -12.239124298 0.333429456 0.024670132 0.942452252 148.230407715
0.948179543 0.037059326 -0.315566510 -134.244293213 -0.042383835 0.999051094 -0.010024265 -12.261201859 0.314895540 0.022879722 0.948850513 149.168212891
0.954453349 0.040590253 -0.295586199 -134.531234741 -0.045335460 0.998929262 -0.009214882 -12.278460503 0.294895679 0.022195712 0.955271602 150.082244873
0.960370302 0.041887943 -0.275562286 -134.746154785 -0.046142597 0.998894572 -0.008971969 -12.296851158 0.274881810 0.021331569 0.961241364 150.913543701
0.966228724 0.043429863 -0.254000127 -135.005432129 -0.047041178 0.998859644 -0.008158236 -12.321650505 0.253356189 0.019831184 0.967169821 151.880004883
0.971703947 0.043504931 -0.232161388 -135.236236572 -0.046325322 0.998903871 -0.006707630 -12.328273773 0.231615052 0.017272780 0.972654104 152.830627441
0.976640224 0.046884693 -0.209703445 -135.481430054 -0.048815832 0.998799622 -0.004039475 -12.346165657 0.209262326 0.014181960 0.977756679 153.841110229
0.981100798 0.048839141 -0.187231943 -135.670135498 -0.049903907 0.998753548 -0.000974766 -12.361419678 0.186950952 0.010299949 0.982315242 154.854431152
0.985086262 0.051687919 -0.164114326 -135.894165039 -0.052180640 0.998636842 0.001310199 -12.366695404 0.163958326 0.007272933 0.986440420 155.913055420
0.988464832 0.053518269 -0.141679496 -136.058319092 -0.053991135 0.998541236 0.000507302 -12.373269081 0.141499996 0.007147987 0.989912391 156.935974121
0.991416276 0.052460935 -0.119756103 -136.184906006 -0.053134538 0.998584390 -0.002436431 -12.386926651 0.119458742 0.008778702 0.992800355 157.935058594
0.993729651 0.052241508 -0.098854005 -136.306442261 -0.052939005 0.998587906 -0.004444184 -12.400862694 0.098482221 0.009649551 0.995092094 159.065261841
0.995578766 0.051424868 -0.078602508 -136.465179443 -0.051839650 0.998650134 -0.003244204 -12.400656700 0.078329578 0.007304587 0.996900737 160.129653931
0.996963978 0.051940430 -0.058007795 -136.570648193 -0.052177455 0.998634517 -0.002578062 -12.407329559 0.057794690 0.005596935 0.998312771 161.270385742
0.997900426 0.052703440 -0.037642002 -136.626113892 -0.052820977 0.998601675 -0.002134096 -12.421443939 0.037476901 0.004117901 0.999288976 162.326812744
0.998375416 0.054428011 -0.016857270 -136.670166016 -0.054474354 0.998512506 -0.002302234 -12.439433098 0.016706888 0.003216782 0.999855220 163.429183960
0.998477399 0.055054244 0.003449545 -136.640411377 -0.055045515 0.998480499 -0.002576444 -12.458577156 -0.003586146 0.002382639 0.999990702 164.577163696
0.998104870 0.056759749 0.023770358 -136.624374390 -0.056677155 0.998384058 -0.004134552 -12.462020874 -0.023966622 0.002779480 0.999708891 165.655471802
0.997378469 0.057555951 0.043856885 -136.576354980 -0.057362009 0.998337328 -0.005668805 -12.486584663 -0.044110239 0.003138225 0.999021709 166.735900879
0.996245861 0.058588386 0.063732237 -136.542785645 -0.058135748 0.998268723 -0.008935213 -12.522080421 -0.064145401 0.005196548 0.997927010 168.039245605
0.994733453 0.060630567 0.082639858 -136.479110718 -0.059802987 0.998132586 -0.012455393 -12.528554916 -0.083240703 0.007447686 0.996501565 169.222015381
0.992873788 0.061981842 0.101784050 -136.392868042 -0.060816061 0.998043358 -0.014519932 -12.552780151 -0.102484882 0.008226354 0.994700551 170.326736450
0.990871370 0.060770068 0.120336331 -136.228851318 -0.058965575 0.998088539 -0.018503185 -12.599581718 -0.121230774 0.011238576 0.992560744 171.560363770
0.988309801 0.062241986 0.139174670 -136.111770630 -0.059383009 0.997931957 -0.024605390 -12.617113113 -0.140418351 0.016053135 0.989962161 172.734069824
0.985511422 0.064165249 0.157003030 -135.972991943 -0.060002331 0.997713208 -0.031117372 -12.663066864 -0.158640653 0.021245982 0.987107813 173.828170776
0.982867777 0.065799639 0.172166482 -135.647308350 -0.060406350 0.997510493 -0.036385551 -12.791913986 -0.174132049 0.025362233 0.984395623 175.089843750
0.979397297 0.068182707 0.190084040 -135.449829102 -0.061517432 0.997273564 -0.040754586 -12.849140167 -0.192344531 0.028221447 0.980921507 176.251770020
0.975831628 0.069509141 0.207173824 -135.219299316 -0.061513692 0.997100532 -0.044796102 -12.884752274 -0.209686875 0.030969422 0.977277994 177.483825684
0.972409010 0.069656618 0.222639844 -134.960083008 -0.060975712 0.997095346 -0.045638487 -12.882354736 -0.225172162 0.030803654 0.973831952 178.772247314
0.968295872 0.069393069 0.239973903 -134.658538818 -0.059873309 0.997110963 -0.046744592 -12.960109711 -0.242524341 0.030894568 0.969653308 180.031936646
0.964139223 0.069565400 0.256117463 -134.322921753 -0.058044124 0.996944070 -0.052281428 -13.055421829 -0.258971751 0.035540454 0.965230823 181.284683228
0.959121346 0.070357479 0.274109274 -134.230255127 -0.056809887 0.996752977 -0.057062779 -13.112913132 -0.277234018 0.039158016 0.960004151 182.505004883
0.954031765 0.072862305 0.290713638 -133.858947754 -0.058625758 0.996628702 -0.057396080 -13.202423096 -0.293915540 0.037714384 0.955087125 183.740676880
0.948395133 0.074523106 0.308209181 -133.461914062 -0.059249084 0.996519744 -0.058636066 -13.295869827 -0.311506271 0.037349053 0.949509919 184.963378906
0.942503214 0.078434810 0.324862480 -132.957717896 -0.061448839 0.996167898 -0.062237158 -13.412926674 -0.328499198 0.038696285 0.943711221 186.352676392
0.935873985 0.079487078 0.343251556 -132.572280884 -0.060116407 0.995958447 -0.066727884 -13.506542206 -0.347168326 0.041813843 0.936870217 187.679046631
0.929028749 0.080619618 0.361117750 -132.210311890 -0.059340447 0.995804846 -0.069651611 -13.590002060 -0.365218163 0.043279454 0.929915369 188.938629150
0.922390282 0.081086822 0.377652079 -131.698547363 -0.056783371 0.995560229 -0.075070113 -13.729225159 -0.382062584 0.047799572 0.922899425 190.236602783
0.914171815 0.084642850 0.396390736 -131.256896973 -0.056649979 0.995035410 -0.081825383 -13.824766159 -0.401348740 0.052346922 0.914428294 191.428192139
0.904445052 0.087715350 0.417474598 -130.719879150 -0.056969814 0.994701862 -0.085572995 -13.963708878 -0.422768801 0.053612620 0.904650331 192.680908203
0.893311262 0.090760157 0.440178901 -129.929244995 -0.057810951 0.994465947 -0.087724954 -14.121147156 -0.445704818 0.052918538 0.893614471 194.074401855
0.880370617 0.095452391 0.464582086 -129.290359497 -0.059637614 0.994043171 -0.091223039 -14.266029358 -0.470522076 0.052603520 0.880818844 195.327697754
0.866408587 0.099456258 0.489330709 -128.654876709 -0.060320944 0.993633628 -0.095151365 -14.395982742 -0.495678753 0.052923083 0.866891980 196.535034180
0.851334631 0.103617579 0.514288545 -128.018859863 -0.061561931 0.993259549 -0.098212056 -14.583688736 -0.520998478 0.051950738 0.851975143 197.797973633
