0.999767721 -0.009622597 0.019286495 0.029343028 0.009683485 0.999948442 -0.003066050 0.002670616 -0.019255996 0.003252098 0.999809325 1.211427450
0.999846041 -0.012205939 0.012600385 0.030575573 0.012263442 0.999914706 -0.004496379 -0.000083729 -0.012544429 0.004650211 0.999910474 1.526136637
0.999910891 -0.013288233 -0.001284701 0.011025619 0.013281113 0.999897182 -0.005400164 -0.004813025 0.001356328 0.005382619 0.999984622 0.531082690
0.999785841 -0.013166402 -0.015966751 0.004208419 0.013058972 0.999891460 -0.006813989 -0.009358451 0.016054733 0.006604019 0.999849319 2.180557251
0.999332607 -0.008577372 -0.035511058 -0.022864930 0.008348635 0.999943435 -0.006584617 -0.018014615 0.035565525 0.006283753 0.999347568 2.521310091
0.998447239 -0.005011820 -0.055479601 -0.057578489 0.004577320 0.999957860 -0.007956017 -0.022612572 0.055517141 0.007689715 0.998428106 2.865276575
0.997129142 -0.004834731 -0.075566433 -0.100753158 0.004210276 0.999955595 -0.008420788 -0.027411675 0.075603805 0.008078456 0.997105241 3.226077080
0.995194077 -0.006568270 -0.097701527 -0.121580765 0.005796568 0.999949574 -0.008180317 -0.028642571 0.097750358 0.007574670 0.995182157 3.456301451
0.992990732 -0.007826575 -0.117932513 -0.176840961 0.006987294 0.999947309 -0.007528417 -0.031049052 0.117985234 0.006651620 0.992993116 3.882407427
0.990939200 -0.006985594 -0.134129241 -0.272286981 0.006157421 0.999959350 -0.006588274 -0.040715240 0.134169817 0.005702689 0.990941942 4.372724533
0.988705277 -0.005658248 -0.149766192 -0.346277237 0.004834983 0.999971092 -0.005860541 -0.049425341 0.149795026 0.005070230 0.988704085 4.781497955
0.986560106 -0.004995625 -0.163322493 -0.426619560 0.004065425 0.999973595 -0.006029218 -0.057461388 0.163348287 0.005284211 0.986554384 5.198722839
0.984474123 -0.006604986 -0.175405398 -0.514601171 0.005487650 0.999961436 -0.006854311 -0.064314149 0.175443932 0.005785328 0.984472573 5.630059719
0.982655883 -0.010710909 -0.185128629 -0.599463165 0.009201312 0.999917090 -0.009011555 -0.075275652 0.185209781 0.007151831 0.982672989 6.074068546
0.981092274 -0.009587200 -0.193302333 -0.689673483 0.007541257 0.999907494 -0.011317207 -0.079380907 0.193392962 0.009645484 0.981074035 6.528090954
0.979596972 -0.009508672 -0.200747028 -0.794844806 0.007074552 0.999892533 -0.012839249 -0.086902000 0.200847551 0.011157092 0.979558885 7.011465549
0.977737665 -0.010523211 -0.209567696 -0.878956735 0.007374506 0.999847949 -0.015800530 -0.093613878 0.209702104 0.013903314 0.977666438 7.402161598
0.976232469 -0.013830443 -0.216284290 -1.017577648 0.010349931 0.999798238 -0.017216751 -0.106939435 0.216478795 0.014569023 0.976178586 7.990273952
0.974178314 -0.021102317 -0.224791735 -1.118516207 0.017425034 0.999680281 -0.018330196 -0.123604223 0.225106686 0.013939880 0.974234343 8.512482643
0.972168207 -0.021480687 -0.233297139 -1.247806072 0.017089602 0.999636948 -0.020827191 -0.140856072 0.233659834 0.016260579 0.972182453 9.033197403
0.969979882 -0.017805122 -0.242532700 -1.382623553 0.011991519 0.999604702 -0.025425646 -0.148066700 0.242889598 0.021754030 0.969809949 9.519399643
0.967984200 -0.014953863 -0.250565112 -1.550436020 0.008199641 0.999574840 -0.027978297 -0.172746032 0.250876933 0.025028005 0.967695355 10.109831810
0.965502679 -0.017436711 -0.259808719 -1.691228986 0.010016067 0.999503970 -0.029858582 -0.192910150 0.260200500 0.026226282 0.965198278 10.644029617
0.963208675 -0.020685062 -0.267957479 -1.850386620 0.012510148 0.999403775 -0.032179885 -0.214689553 0.268463403 0.027643757 0.962893069 11.240422249
0.960605264 -0.020383464 -0.277168036 -2.004051685 0.011305675 0.999347329 -0.034310825 -0.236012071 0.277686566 0.029825585 0.960208535 11.785717964
0.958635390 -0.019479409 -0.283969700 -2.208292007 0.008968539 0.999227285 -0.038267441 -0.263019979 0.284495711 0.034137737 0.958069324 12.404173851
0.956081927 -0.020511128 -0.292381465 -2.387364388 0.008124682 0.999019742 -0.043515623 -0.288097590 0.292987406 0.039228987 0.955311120 12.993239403
0.954514921 -0.021953586 -0.297353774 -2.582485199 0.007174726 0.998688042 -0.050701894 -0.331464499 0.298076779 0.046262287 0.953420103 13.598122597
0.953011096 -0.023960641 -0.301986247 -2.773782253 0.006405402 0.998238087 -0.058989462 -0.358655900 0.302867562 0.054283272 0.951485395 14.196647644
0.951930523 -0.023501799 -0.305411160 -2.991307259 0.003048853 0.997730017 -0.067273743 -0.412836671 0.306298882 0.063108772 0.949841201 14.846535683
0.950393081 -0.022511454 -0.310235649 -3.192200422 -0.001356096 0.997068346 -0.076504044 -0.458077371 0.311048388 0.073129617 0.947576463 15.460246086
0.949310899 -0.021589605 -0.313596815 -3.436282635 -0.004886092 0.996504545 -0.083395496 -0.511694849 0.314301163 0.080700502 0.945887029 16.142795563
0.947788179 -0.019138619 -0.318325877 -3.667197704 -0.010428855 0.995803356 -0.090921424 -0.564789295 0.318730175 0.089494012 0.943611145 16.771183014
0.946049750 -0.018458877 -0.323495179 -3.906616211 -0.013289470 0.995325506 -0.095658585 -0.646182060 0.323748738 0.094796866 0.941382110 17.480873108
0.944255948 -0.017060712 -0.328769863 -4.144066334 -0.017079482 0.994772732 -0.100675084 -0.721758604 0.328768909 0.100678273 0.939028680 18.157251358
0.942739546 -0.014144483 -0.333230108 -4.413324356 -0.021841690 0.994337618 -0.103998438 -0.797460794 0.332814246 0.105321720 0.937092304 18.850019455
0.940924883 -0.013547235 -0.338344187 -4.644522667 -0.023631940 0.994135797 -0.105524696 -0.870443583 0.337789685 0.107286543 0.935086966 19.497791290
0.938715100 -0.013717229 -0.344420999 -4.942338467 -0.023794113 0.994245648 -0.104448296 -0.962490797 0.343871832 0.106242366 0.932986975 20.274774551
0.936229706 -0.012528118 -0.351165235 -5.200894356 -0.025230139 0.994388163 -0.102740854 -1.048726559 0.350481659 0.105048984 0.930659592 20.976535797
0.933904409 -0.013446488 -0.357269794 -5.503089905 -0.024261707 0.994605362 -0.100853957 -1.133463621 0.356698573 0.102855913 0.928540111 21.707319260
0.930714011 -0.012298730 -0.365540832 -5.785398483 -0.025272058 0.994883299 -0.097819045 -1.212088108 0.364873528 0.100279540 0.925641000 22.419515610
0.927369475 -0.010723657 -0.373993099 -6.103914261 -0.025694687 0.995403826 -0.092255287 -1.296925783 0.373263478 0.095164359 0.922831595 23.180421829
0.923836172 -0.007538769 -0.382713884 -6.419876099 -0.027897079 0.995821357 -0.086956844 -1.379315376 0.381770253 0.091010474 0.919765532 23.918930054
0.920248926 -0.003924396 -0.391313881 -6.749816895 -0.030969245 0.996083260 -0.082819536 -1.460083246 0.390106201 0.088333301 0.916522980 24.670715332
0.916260064 -0.003414316 -0.400569469 -7.088656902 -0.031803917 0.996187031 -0.081239209 -1.526672602 0.399319500 0.087175936 0.912657797 25.428272247
0.912290037 -0.003051560 -0.409533411 -7.424742699 -0.032743145 0.996227682 -0.080362931 -1.609141827 0.408233732 0.086723693 0.908748686 26.166744232
0.908679724 -0.002386255 -0.417487025 -7.763772011 -0.033684053 0.996304631 -0.079009525 -1.676824450 0.416132778 0.085857011 0.905241370 26.872819901
0.904476285 -0.002385887 -0.426517218 -8.146018982 -0.033833928 0.996431887 -0.077322476 -1.754608393 0.425179809 0.084367096 0.901168227 27.696971893
0.900720477 -0.003937517 -0.434381455 -8.516269684 -0.031786457 0.996680915 -0.074946009 -1.820791721 0.433234781 0.081312858 0.897605598 28.437633514
0.896674931 -0.003863827 -0.442672729 -8.919841766 -0.030599004 0.997029305 -0.070683628 -1.892398953 0.441630810 0.076925576 0.893893003 29.277822495
0.892890275 -0.002404636 -0.450267732 -9.297544479 -0.030026333 0.997441888 -0.064869657 -1.954282880 0.449271888 0.071441375 0.890534043 30.030036926
0.888902366 -0.001438908 -0.458094269 -9.744302750 -0.029977724 0.997668803 -0.061303593 -2.020817518 0.457114637 0.068225533 0.886787176 30.873472214
0.885200441 -0.002935868 -0.465200514 -10.172496796 -0.027892843 0.997846127 -0.059372872 -2.084175110 0.464372903 0.065532669 0.883211911 31.688320160
0.881751418 -0.004327802 -0.471694291 -10.601823807 -0.026492856 0.997925282 -0.058679841 -2.136522055 0.470969588 0.064237557 0.879807413 32.492465973
0.878777385 -0.002653410 -0.477224410 -11.072820663 -0.027579961 0.998030841 -0.056335833 -2.202534199 0.476434141 0.062668495 0.876973867 33.331359863
0.875738025 -0.004630556 -0.482764333 -11.508904457 -0.025178576 0.998155177 -0.055248182 -2.258439779 0.482129544 0.060538262 0.874005795 34.137214661
0.873047531 -0.005847323 -0.487599999 -11.989801407 -0.023930037 0.998209596 -0.054817282 -2.336424351 0.487047613 0.059526384 0.871344447 34.986480713
0.870899796 -0.008126261 -0.491393477 -12.452644348 -0.022007667 0.998215497 -0.055511985 -2.380367517 0.490967691 0.059159800 0.869166732 35.804527283
0.869430482 -0.007075053 -0.494004548 -12.962467194 -0.023526659 0.998170197 -0.055701725 -2.450655460 0.493494749 0.060051061 0.867673218 36.695526123
0.868621290 -0.007873959 -0.495413989 -13.433256149 -0.022205396 0.998250365 -0.054799147 -2.508718967 0.494978786 0.058600571 0.866926789 37.527305603
0.868523180 -0.007776884 -0.495587468 -13.955325127 -0.021297196 0.998367906 -0.052990243 -2.573872566 0.495190769 0.056577876 0.866940022 38.451850891
0.868257523 -0.008780074 -0.496036083 -14.451221466 -0.019841885 0.998428822 -0.052403741 -2.633253336 0.495716870 0.055342235 0.866719186 39.301399231
0.867487788 -0.009707535 -0.497363925 -14.988000870 -0.019395445 0.998389304 -0.053315509 -2.694581747 0.497080475 0.055897139 0.865902185 40.248188019
0.866126120 -0.012237344 -0.499675632 -15.506710052 -0.016699793 0.998433590 -0.053399246 -2.755393028 0.499546409 0.054594960 0.864565074 41.150432587
0.864762306 -0.013188733 -0.502008259 -16.065103531 -0.014854602 0.998545825 -0.051822364 -2.817707539 0.501961648 0.052271161 0.863308728 42.090980530
0.862378955 -0.011721172 -0.506127596 -16.574670792 -0.014505368 0.998749375 -0.047844917 -2.893594742 0.506055534 0.048602015 0.861130416 42.989742279
0.859597981 -0.012402073 -0.510820329 -17.152954102 -0.011897246 0.998948693 -0.044273648 -2.945590258 0.510832369 0.044134904 0.858546615 43.903217316
0.855493665 -0.012282042 -0.517667592 -17.689783096 -0.011015492 0.999060750 -0.041907575 -3.018643141 0.517696083 0.041554019 0.854554832 44.850715637
0.850400388 -0.015169214 -0.525917351 -18.228731155 -0.009300276 0.998994708 -0.043852743 -3.092813253 0.526053846 0.042183567 0.849404335 45.693397522
0.843991220 -0.019079782 -0.536017478 -18.815303802 -0.007656241 0.998836696 -0.047609232 -3.143116474 0.536302328 0.044285659 0.842863321 46.665283203
0.837975383 -0.019352365 -0.545364797 -19.451551437 -0.007508182 0.998867512 -0.046981625 -3.202131510 0.545656323 0.043464143 0.836881101 47.587059021
0.833472908 -0.014255174 -0.552376390 -19.891345978 -0.010098876 0.999107182 -0.041022003 -3.391030312 0.552468061 0.039769113 0.832584739 48.541103363
0.828646421 -0.008895101 -0.559701622 -20.489383698 -0.014157136 0.999220848 -0.036840048 -3.438256741 0.559593260 0.038451146 0.827874899 49.404468536
0.824025810 -0.015357929 -0.566344023 -21.101774216 -0.007438590 0.999253094 -0.037920497 -3.492904186 0.566503406 0.035460271 0.823296130 50.294185638
0.820197284 -0.018354909 -0.571786165 -21.698005676 -0.006945224 0.999092102 -0.042034410 -3.550900459 0.572038591 0.038447697 0.819325209 51.155044556
0.817369103 -0.022349956 -0.575680614 -22.332464218 -0.007410149 0.998756707 -0.049296420 -3.599278212 0.576066673 0.044559240 0.816187263 52.018688202
0.814080119 -0.022592030 -0.580313027 -22.950624466 -0.008546440 0.998668849 -0.050868150 -3.668575525 0.580689669 0.046370361 0.812803328 52.876564026
0.809015393 -0.028333176 -0.587104082 -23.580692291 0.001533063 0.998935878 -0.046095327 -3.737196922 0.587785304 0.036391757 0.808198035 53.732734680
0.805682242 -0.026265480 -0.591765285 -24.205120087 0.002474650 0.999156952 -0.040978331 -3.794033527 0.592342734 0.031551100 0.805068135 54.577095032
0.802814901 -0.024106184 -0.595740676 -24.857093811 0.000929182 0.999231637 -0.039180979 -3.840593338 0.596227586 0.030901523 0.802220643 55.413009644
0.800068021 -0.023668723 -0.599442184 -25.524616241 -0.000344076 0.999203026 -0.039912354 -3.898643494 0.599909306 0.032138847 0.799422324 56.252223969
0.796363890 -0.024244130 -0.604331672 -26.161842346 -0.000590956 0.999164581 -0.040862482 -3.954279423 0.604817510 0.032898538 0.795684278 57.116737366
0.791905642 -0.027572952 -0.610020578 -26.809936523 0.001596934 0.999070108 -0.043084927 -4.020353317 0.610641301 0.033145040 0.791213334 57.972873688
0.786668599 -0.035986193 -0.616325855 -27.484611511 0.011236920 0.998968959 -0.043985419 -4.073136330 0.617273271 0.027676348 0.786261857 58.827404022
0.782403708 -0.035072286 -0.621783257 -28.181903839 0.010133829 0.998997748 -0.043597806 -4.125218391 0.622689128 0.027810045 0.781974912 59.684303284
0.777319551 -0.035109516 -0.628125489 -28.863538742 0.010394577 0.999021888 -0.042977527 -4.188449383 0.629020035 0.026878178 0.776924253 60.528652191
0.772042215 -0.036752503 -0.634507716 -29.560810089 0.011305601 0.998962820 -0.044106614 -4.257490158 0.635470748 0.026878674 0.771656930 61.362655640
0.766321301 -0.038306538 -0.641314626 -30.256389618 0.011915823 0.998896599 -0.045426890 -4.310924053 0.642347038 0.027169801 0.765932083 62.196487427
0.760452151 -0.039662760 -0.648181617 -30.989322662 0.012534716 0.998843670 -0.046414223 -4.371256828 0.649272978 0.027171019 0.760069907 63.048999786
0.754949749 -0.041496132 -0.654468477 -31.699645996 0.013651370 0.998774171 -0.047579322 -4.445610046 0.655640543 0.026985606 0.754590750 63.856136322
0.748891950 -0.042326082 -0.661339164 -32.428382874 0.013308993 0.998717606 -0.048847564 -4.518037319 0.662558496 0.027779792 0.748494923 64.663146973
0.742534816 -0.044180825 -0.668348908 -33.139144897 0.014861063 0.998663247 -0.049505472 -4.573000908 0.669642627 0.026827153 0.742198706 65.477226257
0.735682666 -0.044378452 -0.675871074 -33.837715149 0.016633196 0.998734057 -0.047472849 -4.647535801 0.677122116 0.023683053 0.735489428 66.278396606
0.729789853 -0.044300985 -0.682234704 -34.664596558 0.016304372 0.998742342 -0.047412571 -4.704665661 0.683477104 0.023477802 0.729594290 67.096206665
0.723504901 -0.046834674 -0.688728690 -35.426971436 0.018168867 0.998642266 -0.048823021 -4.763255119 0.690080166 0.022810269 0.723373294 67.890182495
0.716063738 -0.048774328 -0.696328938 -36.192520142 0.018417522 0.998528719 -0.051002406 -4.830780983 0.697791934 0.023696316 0.715908349 68.710617065
0.710066140 -0.048279367 -0.702477932 -36.981048584 0.017208597 0.998538494 -0.051232312 -4.894870281 0.703924716 0.024289666 0.709859192 69.497947693
0.704858422 -0.047427665 -0.707760692 -37.796443939 0.016236490 0.998579562 -0.050745785 -4.958992481 0.709162176 0.024277046 0.704627335 70.277664185
0.696397424 -0.055087265 -0.715538979 -38.656532288 0.028596336 0.998387754 -0.049031623 -5.032011032 0.717086375 0.013683707 0.696849942 71.090270996
0.692457199 -0.055222262 -0.719342411 -39.512847900 0.026816299 0.998347461 -0.050826792 -5.099003792 0.720960379 0.015905282 0.692793787 71.852752686
0.687455237 -0.053035930 -0.724287570 -40.336071014 0.022843497 0.998415470 -0.051427092 -5.131772995 0.725867391 0.018808557 0.687577426 72.676330566
0.682531178 -0.055621322 -0.728736818 -41.184379578 0.023716265 0.998260319 -0.053980343 -5.208581448 0.730471492 0.019560350 0.682662904 73.445953369
0.675983965 -0.061159994 -0.734373987 -42.028976440 0.027842261 0.997958183 -0.057483237 -5.312755108 0.736390173 0.018411122 0.676306546 74.237396240
0.670515716 -0.061042648 -0.739379883 -42.825241089 0.028674915 0.997997046 -0.056389686 -5.384572506 0.741340995 0.016608519 0.670923114 74.996917725
0.667024255 -0.055776149 -0.742945313 -43.795578003 0.023981946 0.998284400 -0.053414319 -5.421324253 0.744649947 0.017811378 0.667217493 75.827568054
0.661415458 -0.057428397 -0.747817934 -44.682434082 0.024803748 0.998193681 -0.054717973 -5.488154888 0.749609470 0.017642634 0.661645174 76.615646362
0.656640232 -0.058480624 -0.751933277 -45.590995789 0.026388559 0.998160422 -0.054586276 -5.572508335 0.753742158 0.016001102 0.656975389 77.412933350
0.652616978 -0.059195340 -0.755372107 -46.503910065 0.027506795 0.998137295 -0.054454852 -5.645213604 0.757188559 0.014760294 0.653029561 78.177947998
0.648060203 -0.059746109 -0.759241998 -47.454368591 0.028084593 0.998114765 -0.054571502 -5.728572369 0.761071146 0.014042611 0.648516417 78.997344971
0.643724918 -0.062912472 -0.762666523 -48.365333557 0.031042092 0.997941375 -0.056119397 -5.810272694 0.764627039 0.012450689 0.644352734 79.778015137
0.643761694 -0.047997296 -0.763719201 -49.269660950 0.002202234 0.998143017 -0.060873754 -5.921854496 0.765222728 0.037506308 0.642672062 80.457015991
0.639263690 -0.052443657 -0.767197132 -50.175994873 0.006698456 0.998013735 -0.062640227 -5.999601364 0.768958271 0.034904595 0.638345361 81.197235107
0.632268429 -0.055704959 -0.772744179 -51.092369080 0.010932060 0.997954011 -0.062994964 -6.083219528 0.774672091 0.031382043 0.631583869 81.962646484
0.624120891 -0.056076419 -0.779312789 -52.043991089 0.010065372 0.997915387 -0.063745275 -6.178083420 0.781262815 0.031940687 0.623384356 82.735351562
0.615418255 -0.056853350 -0.786147654 -52.986709595 0.012386914 0.997969627 -0.062475257 -6.260017395 0.788103342 0.028710479 0.614872992 83.461685181
0.606642604 -0.053756412 -0.793155015 -53.966854095 0.011300757 0.998193383 -0.059009604 -6.356549740 0.794894397 0.026834482 0.606154084 84.200981140
0.597483158 -0.053821806 -0.800073266 -54.927036285 0.010661582 0.998189867 -0.059187423 -6.430514336 0.801810622 0.026833437 0.596975386 84.906486511
0.588001728 -0.054896459 -0.806994617 -55.942321777 0.009828758 0.998105645 -0.060735393 -6.526673794 0.808799982 0.027780766 0.587427258 85.646369934
0.577961147 -0.057312544 -0.814049244 -56.927566528 0.010529075 0.997971535 -0.062785998 -6.607489586 0.815996408 0.027716683 0.577392220 86.335922241
0.568083704 -0.059339337 -0.820828617 -57.964759827 0.011111557 0.997859180 -0.064447060 -6.692282200 0.822895765 0.027490638 0.567526877 87.056823730
0.558510363 -0.059817523 -0.827337980 -58.982589722 0.013763026 0.997927308 -0.062860340 -6.784556389 0.829383492 0.023721473 0.558175921 87.727050781
0.549128234 -0.056541890 -0.833823323 -60.006446838 0.008445662 0.998033285 -0.062115002 -6.882650375 0.835695386 0.027066920 0.548525691 88.393386841
0.538934767 -0.056997061 -0.840416908 -61.040962219 0.008599057 0.998028457 -0.062171947 -6.976399899 0.842303514 0.026279841 0.538362324 89.041442871
0.527043343 -0.061491922 -0.847610831 -62.133159637 0.014874246 0.997893393 -0.063145734 -7.062844753 0.849708259 0.020672968 0.526847720 89.732215881
0.517155349 -0.061950054 -0.853646636 -63.205314636 0.012758153 0.997824192 -0.064684048 -7.154806137 0.855796456 0.022560745 0.516820610 90.365356445
0.508816063 -0.059585169 -0.858810723 -64.254875183 0.005325825 0.997800589 -0.066073060 -7.242881775 0.860858798 0.029045152 0.508014262 90.974342346
0.499163896 -0.059563488 -0.864458084 -65.329330444 0.004530010 0.997800410 -0.066135384 -7.335676670 0.866495728 0.029096391 0.498335749 91.588188171
0.490237951 -0.056922771 -0.869727850 -66.428604126 0.003282695 0.997978568 -0.063466296 -7.443037033 0.871582448 0.028258542 0.489433765 92.210212708
0.481784314 -0.056151692 -0.874488890 -67.534255981 0.004616235 0.998093665 -0.061545212 -7.524766922 0.876277626 0.025614673 0.481124997 92.818710327
0.474518359 -0.054023873 -0.878586233 -68.654579163 0.003120320 0.998211801 -0.059694342 -7.642419815 0.880240083 0.025584593 0.473838419 93.419425964
0.466942936 -0.056783803 -0.882462442 -69.766532898 0.004140731 0.998065591 -0.062031504 -7.739157677 0.884277701 0.025311138 0.466274858 93.999633789
0.459539652 -0.060857825 -0.886069775 -70.914871216 0.007432182 0.997878134 -0.064682633 -7.819795609 0.888126194 0.023138795 0.459016860 94.613021851
0.453710288 -0.063408926 -0.888890505 -71.979370117 0.007410267 0.997699261 -0.067388423 -7.912997246 0.891118348 0.023987912 0.453136325 95.145935059
0.447563559 -0.068964899 -0.891588867 -73.134460449 0.011803170 0.997390509 -0.071223713 -8.010972977 0.894174218 0.021353561 0.447209686 95.734085083
0.443707615 -0.069776341 -0.893451095 -74.247489929 0.014349254 0.997389615 -0.070767529 -8.111272812 0.896056652 0.018579733 0.443550676 96.268264771
0.438697934 -0.065103941 -0.896273196 -75.426177979 0.014705632 0.997758746 -0.065277733 -8.234191895 0.898514271 0.015456947 0.438672125 96.866317749
0.434802920 -0.063244298 -0.898302078 -76.537612915 0.017716933 0.997938514 -0.061683629 -8.329002380 0.900351346 0.010905073 0.435027122 97.406539917
0.432895571 -0.057751812 -0.899592221 -77.697097778 0.009396928 0.998180568 -0.059559029 -8.407051086 0.901395082 0.017329443 0.432650685 97.934738159
0.428492963 -0.062670521 -0.901369035 -78.769851685 0.020482130 0.998009026 -0.059652910 -8.514551163 0.903312922 0.007098905 0.428923428 98.476516724
0.425480217 -0.061515227 -0.902874589 -79.859672546 0.022832127 0.998099089 -0.057243496 -8.608487129 0.904679656 0.003741425 0.426075876 98.995765686
0.423415333 -0.054961551 -0.904266953 -81.032730103 0.014959657 0.998446047 -0.053681035 -8.673990250 0.905812204 0.009201864 0.423579514 99.517181396
0.421939224 -0.054799143 -0.904966414 -82.123825073 0.015624059 0.998462915 -0.053176001 -8.772451401 0.906489491 0.008297803 0.422146857 100.010543823
0.418178827 -0.056906577 -0.906580448 -83.223098755 0.020038823 0.998370767 -0.053424999 -8.822833061 0.908143640 0.004174396 0.418637872 100.549713135
0.416066557 -0.055197120 -0.907657325 -84.286422729 0.023370462 0.998475432 -0.050007083 -8.917173386 0.909033835 -0.000406095 0.416722208 101.037490845
0.413730919 -0.055317737 -0.908717155 -85.378585815 0.025727717 0.998464048 -0.049067453 -8.990875244 0.910035610 -0.003078497 0.414518654 101.532012939
0.412374645 -0.056199886 -0.909279287 -86.434883118 0.026992941 0.998411000 -0.049467057 -9.065110207 0.910614371 -0.004145162 0.413236260 102.002120972
0.410978734 -0.058450073 -0.909769237 -87.555534363 0.030034881 0.998269022 -0.050567985 -9.138807297 0.911149919 -0.006542440 0.412022829 102.503585815
0.411252379 -0.058761030 -0.909625590 -88.615776062 0.028922940 0.998258770 -0.051410254 -9.231576920 0.911062479 -0.005166455 0.412235856 102.955711365
0.411215276 -0.059947476 -0.909564912 -89.621444702 0.028679343 0.998191953 -0.052822739 -9.302994728 0.911086977 -0.004364210 0.412191033 103.419609070
0.414635569 -0.059454471 -0.908043265 -90.661186218 0.026304925 0.998229444 -0.053347960 -9.380594254 0.909607291 -0.001766049 0.415465415 103.865509033
0.419022858 -0.060096603 -0.905984640 -91.555435181 0.026203986 0.998192012 -0.054093495 -9.409102440 0.907597482 -0.001073997 0.419840008 104.331970215
0.424194634 -0.060624186 -0.903539538 -92.586647034 0.025330029 0.998160541 -0.055080947 -9.494068146 0.905216753 0.000478358 0.424949944 104.804977417
0.429388404 -0.061590973 -0.901017308 -93.554641724 0.026271578 0.998101413 -0.055707395 -9.560423851 0.902737737 0.000248961 0.430191278 105.271530151
0.436565906 -0.059275027 -0.897717476 -94.557098389 0.023816474 0.998238862 -0.054330204 -9.650579453 0.899356961 0.002338244 0.437208712 105.751708984
0.443694085 -0.059459545 -0.894203603 -95.511352539 0.023609143 0.998225749 -0.054661825 -9.705593109 0.895867288 0.003141747 0.444310635 106.234191895
0.453092426 -0.058082875 -0.889569342 -96.509330750 0.022334736 0.998301566 -0.053806387 -9.785532951 0.891183794 0.004510970 0.453620195 106.723129272
0.462388396 -0.055288885 -0.884952068 -97.314445496 0.019947972 0.998450100 -0.051957034 -9.865985870 0.886453092 0.006371331 0.462774575 107.164947510
0.472166717 -0.055034693 -0.879789650 -98.253402710 0.017902842 0.998441994 -0.052848805 -9.948204994 0.881327450 0.009202708 0.472416341 107.669494629
0.482449323 -0.057230577 -0.874052227 -99.190498352 0.016981678 0.998286724 -0.055991765 -10.015275002 0.875759244 0.012170322 0.482594669 108.176452637
0.494449586 -0.056949649 -0.867338598 -100.132583618 0.014265869 0.998248577 -0.057412580 -10.101308823 0.869089186 0.016014282 0.494396001 108.681961060
0.505242527 -0.055427086 -0.861195564 -100.982391357 0.012528160 0.998301208 -0.056901317 -10.162072182 0.862886488 0.017959764 0.505078614 109.215454102
0.518871009 -0.052674469 -0.853228092 -101.903846741 0.010738905 0.998422623 -0.055107512 -10.233788490 0.854785144 0.019430956 0.518618345 109.745864868
0.532759845 -0.050809339 -0.844739795 -102.791076660 0.010349689 0.998512566 -0.053531121 -10.267988205 0.846203208 0.019776437 0.532493234 110.223083496
0.548507571 -0.041146398 -0.835132599 -105.035003662 0.001819168 0.998844981 -0.048017576 -10.195642471 0.836143613 0.024818761 0.547948778 111.328552246
0.559697449 -0.040379327 -0.827712536 -106.099609375 0.000659714 0.998833537 -0.048281223 -10.275920868 0.828696787 0.026476828 0.559071183 112.052093506
0.569320440 -0.038458653 -0.821215749 -107.105819702 -0.001712527 0.998847485 -0.047964640 -10.401325226 0.822113872 0.028713599 0.568598390 112.887016296
0.582368195 -0.041900344 -0.811844528 -107.792449951 0.001802421 0.998734891 -0.050253041 -10.414985657 0.812923133 0.027802493 0.581706882 113.215728760
0.593345821 -0.041653063 -0.803869188 -108.601974487 0.001975092 0.998732567 -0.050292194 -10.480557442 0.804945230 0.028252952 0.592675984 113.805953979
0.603636146 -0.037164111 -0.796393275 -109.817359924 -0.000276788 0.998903096 -0.046824139 -10.602764130 0.797259867 0.028485177 0.602963746 114.733261108
0.614169300 -0.033706848 -0.788454175 -110.611953735 -0.000894125 0.999057114 -0.043406721 -10.665228844 0.789173782 0.027364055 0.613560081 115.338394165
0.619767904 -0.024918621 -0.784389436 -111.210182190 -0.003880759 0.999386370 -0.034814972 -10.733739853 0.784775555 0.024621231 0.619290829 116.017822266
0.631463706 -0.026471622 -0.774953425 -112.184326172 -0.005509003 0.999238729 -0.038621940 -10.749281883 0.775385857 0.028657574 0.630837142 116.851753235
0.641301155 -0.026864868 -0.766818821 -112.929336548 -0.006363359 0.999166369 -0.040326733 -10.800757408 0.767262816 0.030741127 0.640595615 117.456192017
0.649737179 -0.022860965 -0.759815097 -113.515899658 -0.008921305 0.999249518 -0.037693799 -10.887986183 0.760106564 0.031269599 0.649045587 117.905136108
0.658402443 -0.021031668 -0.752372205 -114.174674988 -0.009083943 0.999314606 -0.035884034 -10.941033363 0.752611279 0.030460645 0.657760143 118.467414856
0.667320967 -0.019603167 -0.744512260 -114.878349304 -0.009022885 0.999367356 -0.034400944 -10.987302780 0.744715631 0.029674113 0.666721821 119.092765808
0.675198078 -0.018855723 -0.737395406 -115.564071655 -0.008592543 0.999404371 -0.033423267 -11.039703369 0.737586379 0.028903427 0.674633920 119.716949463
0.682687879 -0.017744398 -0.730494618 -116.207221985 -0.009992421 0.999384880 -0.033614464 -11.091739655 0.730641782 0.030247597 0.682090640 120.298080444
0.690608621 -0.016483035 -0.723040760 -116.876884460 -0.010961300 0.999386966 -0.033252470 -11.137500763 0.723145723 0.030889910 0.690004408 120.919288635
0.696483552 -0.012651685 -0.717461228 -117.450424194 -0.012220047 0.999490440 -0.029487723 -11.195913315 0.717468739 0.029305117 0.695974052 121.445243835
0.704869032 -0.010503307 -0.709259629 -118.141510010 -0.013230731 0.999521673 -0.027950583 -11.230462074 0.709213912 0.029085526 0.704393029 122.125137329
0.712488949 -0.008842857 -0.701627553 -118.757225037 -0.014149353 0.999536216 -0.026965896 -11.275373459 0.701540530 0.029140478 0.712033451 122.734642029
0.719878972 -0.008038414 -0.694053173 -119.377151489 -0.015162705 0.999512136 -0.027303109 -11.311599731 0.693933964 0.030178655 0.719405830 123.372924805
0.728128254 -0.004752881 -0.685424328 -119.968269348 -0.017957555 0.999500453 -0.026007116 -11.353860855 0.685205579 0.031245066 0.727679253 123.987670898
0.736037254 -0.001465356 -0.676939428 -120.527755737 -0.019045401 0.999556899 -0.022871811 -11.394106865 0.676673055 0.029727092 0.735683262 124.575637817
0.745867372 0.002088823 -0.666091204 -121.090744019 -0.020643841 0.999587119 -0.019981658 -11.429011345 0.665774405 0.028654350 0.745602608 125.186859131
0.755787969 0.004462250 -0.654801130 -121.657981873 -0.022843849 0.999547780 -0.019555364 -11.461711884 0.654417813 0.029737888 0.755548060 125.825988770
0.765963733 0.005610703 -0.642859280 -122.192581177 -0.024887875 0.999471068 -0.020930663 -11.493548393 0.642401934 0.032031525 0.765698195 126.437362671
0.775624633 0.004769495 -0.631176412 -122.724441528 -0.024953552 0.999421418 -0.023112183 -11.534477234 0.630700946 0.033676464 0.775294900 127.074234009
0.786051333 0.005857925 -0.618133366 -123.237472534 -0.025618427 0.999404669 -0.023106603 -11.565528870 0.617630064 0.033998583 0.785733461 127.695060730
0.795806706 0.007157045 -0.605508387 -123.729064941 -0.025638364 0.999431729 -0.021882771 -11.603828430 0.605007708 0.032938700 0.795538008 128.360839844
0.806212544 0.009923342 -0.591542780 -124.205955505 -0.026232354 0.999475598 -0.018985461 -11.645494461 0.591044247 0.030823875 0.806050181 128.987335205
0.815662384 0.011405993 -0.578415692 -124.747329712 -0.026206683 0.999507785 -0.017246120 -11.662132263 0.577934265 0.029225368 0.815559804 129.733154297
0.825165451 0.012579446 -0.564750910 -125.208572388 -0.025665026 0.999554515 -0.015235128 -11.675789833 0.564307570 0.027065847 0.825120807 130.378677368
0.833172441 0.014145653 -0.552832246 -125.684951782 -0.025580915 0.999588549 -0.012975872 -11.721136093 0.552421272 0.024953093 0.833191454 131.089065552
0.840810418 0.014260831 -0.541141808 -126.114425659 -0.024404267 0.999635160 -0.011575034 -11.749979019 0.540779293 0.022938576 0.840851665 131.735702515
0.847144067 0.014016297 -0.531178355 -126.567230225 -0.024109166 0.999636352 -0.012072663 -11.765794754 0.530816019 0.023033550 0.847174048 132.471282959
0.854013741 0.015059218 -0.520032525 -126.986091614 -0.025124095 0.999608457 -0.012312684 -11.800053596 0.519643545 0.023580547 0.854057729 133.143478394
0.860672712 0.016692065 -0.508884907 -127.413421631 -0.026610026 0.999571204 -0.012218114 -11.801699638 0.508462787 0.024057232 0.860747814 133.860260010
0.866675258 0.017306829 -0.498572379 -127.805969238 -0.026943611 0.999563277 -0.012138835 -11.820453644 0.498144656 0.023953767 0.866763055 134.548446655
0.872850180 0.016804961 -0.487698793 -128.239547729 -0.026312670 0.999573708 -0.012649650 -11.847685814 0.487278372 0.023873910 0.872920275 135.303970337
0.877988517 0.016072072 -0.478411883 -128.626831055 -0.025801761 0.999572158 -0.013771505 -11.872172356 0.477985889 0.024435090 0.878027618 136.002593994
0.882395267 0.015504370 -0.470253348 -129.034973145 -0.025439100 0.999567091 -0.014778596 -11.889362335 0.469820648 0.025003387 0.882407725 136.770904541
0.885947108 0.015748339 -0.463518947 -129.399719238 -0.025242733 0.999579310 -0.014286387 -11.910663605 0.463098973 0.024357468 0.885971785 137.469390869
0.889110208 0.018166481 -0.457332551 -129.841033936 -0.026262594 0.999590635 -0.011351244 -11.927064896 0.456939071 0.022103243 0.889223278 138.293243408
0.892271161 0.023138715 -0.450906605 -130.212402344 -0.029443413 0.999542177 -0.006971270 -11.951621056 0.450538814 0.019496491 0.892543912 139.005569458
0.895509303 0.024827845 -0.444349676 -130.623641968 -0.030002104 0.999539316 -0.004615196 -11.964968681 0.444030315 0.017464375 0.895841539 139.841857910
0.898706973 0.027926113 -0.437659442 -130.975540161 -0.032310560 0.999474585 -0.002573432 -11.980029106 0.437357575 0.016453784 0.899137139 140.562316895
0.902230740 0.029876774 -0.430217445 -131.502853394 -0.033169437 0.999449670 -0.000153760 -12.022121429 0.429976135 0.014408797 0.902725279 141.579910278
0.905591905 0.031492807 -0.422979087 -131.857406616 -0.033631362 0.999431372 0.002408172 -12.024176598 0.422814429 0.012044543 0.906136274 142.333343506
0.909615278 0.030211642 -0.414351553 -132.292633057 -0.028083874 0.999542475 0.011227902 -11.902742386 0.414501250 0.001423526 0.910047650 143.366729736
0.913235545 0.030230232 -0.406308919 -132.645217896 -0.027726011 0.999542952 0.012050028 -11.904105186 0.406487465 0.000260812 0.913656354 144.145401001
0.916895568 0.029230310 -0.398055434 -133.059555054 -0.026820831 0.999572635 0.011621299 -11.894090652 0.398225039 0.000020659 0.917287767 145.086120605
0.920832992 0.026810702 -0.389034390 -133.402526855 -0.024557138 0.999640465 0.010765222 -11.895770073 0.389183044 -0.000359401 0.921160340 145.897232056
0.924854755 0.025200151 -0.379484653 -133.789199829 -0.023442829 0.999682367 0.009251847 -11.893854141 0.379597247 0.000339581 0.925151765 146.845199585
0.929378688 0.024287382 -0.368327498 -134.126892090 -0.023333790 0.999702871 0.007043290 -11.897888184 0.368389100 0.002048592 0.929669440 147.683837891
0.934263885 0.026483957 -0.355597585 -134.497894287 -0.026151024 0.999641478 0.005743860 -11.901460648 0.355622202 0.003932961 0.934621453 148.668502808
0.940301061 0.030107027 -0.339009792 -134.821258545 -0.029747671 0.999537826 0.006257491 -11.898334503 0.339041501 0.004200825 0.940762043 149.550323486
0.946684778 0.033427343 -0.320422381 -135.187683105 -0.032418292 0.999438286 0.008484609 -11.901051521 0.320526093 0.002355298 0.947236776 150.574371338
0.953187644 0.037044030 -0.300101697 -135.469406128 -0.035781588 0.999312460 0.009703360 -11.907100677 0.300254881 0.001488993 0.953857839 151.459625244
0.959626675 0.037665416 -0.278743416 -135.831817627 -0.035769343 0.999289334 0.011887054 -11.929986954 0.278993130 -0.001436664 0.960292041 152.658065796
0.965506613 0.039277509 -0.257398754 -136.080596924 -0.037204329 0.999224126 0.012921598 -11.928007126 0.257706583 -0.002899539 0.966218829 153.582946777
0.971041560 0.039744228 -0.235581502 -136.378036499 -0.037361261 0.999195516 0.014572131 -11.918851852 0.235971168 -0.005348522 0.971745253 154.730667114
0.975999713 0.041321166 -0.213815525 -136.583328247 -0.038585499 0.999111354 0.016953941 -11.909408569 0.214326113 -0.008296862 0.976726949 155.662506104
0.980648100 0.044254057 -0.190711632 -136.849273682 -0.041040540 0.998941600 0.020769022 -11.901582718 0.191428885 -0.012540194 0.981426299 156.873764038
0.984753430 0.046705320 -0.167569160 -137.045532227 -0.043357167 0.998781204 0.023585984 -11.892302513 0.168466508 -0.015961053 0.985578120 157.895675659
0.988145530 0.048188653 -0.145760968 -137.216751099 -0.045364995 0.998713970 0.022636086 -11.881998062 0.146664321 -0.015755299 0.989060819 159.038330078
0.991137147 0.047562160 -0.124036640 -137.330337524 -0.045406617 0.998765409 0.020149324 -11.879799843 0.124841854 -0.014338656 0.992073059 160.027557373
0.993572533 0.047207493 -0.102883749 -137.501281738 -0.045593008 0.998798013 0.017989177 -11.851396561 0.103609331 -0.013182770 0.994530678 161.294830322
0.995524704 0.046032507 -0.082531549 -137.594039917 -0.044605054 0.998822927 0.019057998 -11.831317902 0.083311692 -0.015291384 0.996406198 162.394592285
0.997030139 0.045689121 -0.061994035 -137.714675903 -0.044386826 0.998767197 0.022224486 -11.851785660 0.062933013 -0.019406766 0.997829020 163.625457764
0.998023391 0.046794631 -0.041944958 -137.749359131 -0.045863323 0.998685420 0.022897583 -11.847187042 0.042961292 -0.020928591 0.998857439 164.690155029
0.998603642 0.048413880 -0.021135053 -137.810256958 -0.047931097 0.998590767 0.022781683 -11.832140923 0.022208218 -0.021736845 0.999517024 165.982467651
0.998823524 0.048485827 -0.000707902 -137.835372925 -0.048457500 0.998569846 0.022585763 -11.814036369 0.001801979 -0.022524891 0.999744654 167.121246338
0.998510897 0.050732356 0.020054085 -137.811660767 -0.051161557 0.998458862 0.021502398 -11.797709465 -0.018932313 -0.022496378 0.999567568 168.392028809
0.997858286 0.051820453 0.039917830 -137.764572144 -0.052623454 0.998427212 0.019334856 -11.784918785 -0.038853109 -0.021394061 0.999015808 169.521850586
0.996855855 0.052154109 0.059650689 -137.717529297 -0.053224120 0.998446345 0.016491052 -11.779632568 -0.058697939 -0.019614058 0.998083055 170.844253540
0.995411456 0.054666534 0.078533746 -137.631149292 -0.055889700 0.998346210 0.013460687 -11.770560265 -0.077668026 -0.017788149 0.996820509 172.042465210
0.993748248 0.054756716 0.097293265 -137.526092529 -0.056094550 0.998364031 0.011066783 -11.775446892 -0.096528128 -0.016455220 0.995194137 173.208221436
0.991573334 0.055291630 0.117155619 -137.440048218 -0.056801666 0.998339415 0.009587080 -11.800078392 -0.116431013 -0.016160924 0.993067265 174.567077637
0.989109337 0.056850299 0.135760307 -137.289871216 -0.057852481 0.998319209 0.003444881 -11.789621353 -0.135336295 -0.011261435 0.990735769 175.756103516
0.986382544 0.059146941 0.153464392 -137.130249023 -0.059296168 0.998233914 -0.003608586 -11.816262245 -0.153406814 -0.005540405 0.988147497 177.001419067
0.983512878 0.060668115 0.170357615 -136.865188599 -0.060002938 0.998157144 -0.009055348 -11.843239784 -0.170593038 -0.001315905 0.985340834 178.441864014
0.980137587 0.063512698 0.187873378 -136.637619019 -0.062095951 0.997979939 -0.013422964 -11.879886627 -0.188346371 0.001490178 0.982101560 179.691116333
0.976717234 0.062531330 0.205215320 -136.369384766 -0.060706187 0.998040318 -0.015184037 -11.896615982 -0.205762580 0.002372677 0.978599072 181.104187012
0.972924232 0.061642580 0.222752661 -136.091674805 -0.059717491 0.998096883 -0.015374345 -11.927514076 -0.223276436 0.001655844 0.974753737 182.387207031
0.968865514 0.061026260 0.239948496 -135.763916016 -0.058721118 0.998133779 -0.016751576 -11.965775490 -0.240523025 0.002139976 0.970641077 183.779479980
0.964533865 0.061682694 0.256650627 -135.435668945 -0.057986442 0.998075902 -0.021952514 -12.023333549 -0.257510960 0.006291680 0.966254950 185.046112061
0.959890783 0.062923633 0.273221999 -135.086395264 -0.057717431 0.997966111 -0.027059400 -12.060094833 -0.274369001 0.010204394 0.961570323 186.356933594
0.954949200 0.064473361 0.289680958 -134.671249390 -0.058861520 0.997871935 -0.028052911 -12.074704170 -0.290873140 0.009738044 0.956712067 187.849426270
0.949427545 0.066833586 0.306790560 -134.238800049 -0.060920551 0.997726500 -0.028820919 -12.148479462 -0.308019280 0.008673525 0.951340556 189.107849121
0.945023477 0.053803395 0.322545856 -133.868835449 -0.047997575 0.998510718 -0.025932530 -12.193035126 -0.323460698 0.009025428 0.946198523 190.466735840
0.938945889 0.054525267 0.339717031 -133.405487061 -0.047035597 0.998435020 -0.030248903 -12.239797592 -0.340834767 0.012423287 0.940041125 191.794647217
0.932493269 0.055608779 0.356880844 -132.881530762 -0.046954494 0.998355985 -0.032875381 -12.302101135 -0.358122259 0.013898913 0.933571219 193.211303711
0.925603032 0.054062087 0.374614894 -132.381851196 -0.042521589 0.998333633 -0.039010439 -12.365416527 -0.376099646 0.020178955 0.926359415 194.617065430
0.917658746 0.057788391 0.393144906 -131.835876465 -0.043456364 0.998029172 -0.045266747 -12.446691513 -0.394986033 0.024454769 0.918361545 195.914642334
0.908005536 0.060720764 0.414534688 -131.299499512 -0.044460122 0.997819841 -0.048773594 -12.515590668 -0.416592479 0.025856430 0.908725560 197.212005615
0.896553159 0.063952394 0.438295066 -130.618927002 -0.046585601 0.997648299 -0.050275579 -12.633566856 -0.440479577 0.024656486 0.897423983 198.671325684
0.883785844 0.068376616 0.462868512 -129.984725952 -0.049265698 0.997364163 -0.053267960 -12.715855598 -0.465290725 0.024273921 0.884824991 199.945297241
0.869746506 0.072818190 0.488096833 -129.310211182 -0.051358290 0.997039139 -0.057230219 -12.797769547 -0.490819097 0.024707960 0.870911121 201.263275146
0.854991734 0.074053206 0.513327599 -128.488845825 -0.050655711 0.996945262 -0.059448887 -12.965761185 -0.516161919 0.024825331 0.856131077 202.735687256
0.840538859 0.075424314 0.536475182 -127.707809448 -0.049968507 0.996833444 -0.061857466 -13.085334778 -0.539441884 0.025186742 0.841645956 203.956176758
