0.999998450 0.000848052 0.001543056 -0.001435898 -0.000841058 0.999989331 -0.004527671 -0.019321660 -0.001546879 0.004526366 0.999988496 0.963804245
0.999996662 -0.001270045 0.002254429 0.001638784 0.001282392 0.999984145 -0.005483585 -0.033575978 -0.002247429 0.005486457 0.999982417 1.922253728
0.999980032 -0.005103429 -0.003731374 -0.062503554 0.005104570 0.999986887 0.000296100 -0.079930410 0.003729814 -0.000315141 0.999992967 2.899621964
0.999984920 -0.005172792 0.001838954 0.006077001 0.005164197 0.999975860 0.004649276 -0.068613641 -0.001862959 -0.004639709 0.999987483 3.837495804
0.999961615 -0.008747580 0.000431404 0.009793274 0.008745435 0.999950469 0.004747434 -0.084187903 -0.000472911 -0.004743478 0.999988616 4.783979893
0.999886751 -0.013442839 -0.006763117 -0.068818994 0.013466441 0.999903321 0.003456084 -0.119685963 0.006716004 -0.003546768 0.999971151 5.733261108
0.999850750 -0.014504497 -0.009388933 -0.067359544 0.014523439 0.999892592 0.001952549 -0.130098298 0.009359605 -0.002088617 0.999953985 6.669048786
0.999843597 -0.014207239 -0.010530397 -0.074454680 0.014212292 0.999898911 0.000405091 -0.143964723 0.010523578 -0.000554689 0.999944448 7.601030827
0.999859631 -0.013074802 -0.010477505 -0.088039912 0.013118300 0.999905586 0.004093359 -0.154840931 0.010422995 -0.004230232 0.999936759 8.526962280
0.999837279 -0.013486671 -0.011977930 -0.096011102 0.013560554 0.999889374 0.006108642 -0.168101728 0.011894220 -0.006270076 0.999909520 9.456089020
0.999829412 -0.013657544 -0.012437684 -0.113448523 0.013753273 0.999876201 0.007643794 -0.176689476 0.012331750 -0.007813548 0.999893367 10.316897392
0.999853373 -0.012305605 -0.011909549 -0.107348450 0.012435651 0.999863207 0.010907770 -0.177599415 0.011773692 -0.011054274 0.999869585 11.298853874
0.999837458 -0.012627243 -0.012867252 -0.115255058 0.012767457 0.999859393 0.010873753 -0.186184362 0.012728137 -0.011036268 0.999858081 12.215005875
0.999893129 -0.007874237 -0.012317557 -0.126096055 0.008010209 0.999907017 0.011028684 -0.188635379 0.012229569 -0.011126171 0.999863327 13.121345520
0.999883413 -0.008317120 -0.012808689 -0.154616579 0.008432145 0.999924302 0.008952619 -0.194112271 0.012733260 -0.009059579 0.999877989 14.034223557
0.999874651 -0.005859070 -0.014708292 -0.152682677 0.005988589 0.999943554 0.008777387 -0.200443313 0.014656033 -0.008864369 0.999853253 14.924218178
0.999834895 -0.006026851 -0.017141318 -0.157028079 0.006172912 0.999944985 0.008480953 -0.212638304 0.017089261 -0.008585365 0.999817073 15.826433182
0.999761879 0.013788763 -0.016912283 -0.180379897 -0.013639257 0.999867141 0.008923793 -0.211474553 0.017033085 -0.008690998 0.999817133 16.720083237
0.999698579 0.014938541 -0.019482400 -0.186380297 -0.014758082 0.999847114 0.009373755 -0.219080955 0.019619454 -0.009083408 0.999766231 17.618354797
0.999693990 0.014795596 -0.019832091 -0.222647607 -0.014600988 0.999844193 0.009922075 -0.223853648 0.019975802 -0.009629469 0.999754071 18.510135651
0.999666095 0.015274622 -0.020840842 -0.253506482 -0.015037099 0.999820769 0.011506549 -0.233826488 0.021012865 -0.011189321 0.999716520 19.413940430
0.999348938 0.029284941 -0.021074681 -0.272254467 -0.029012930 0.999493122 0.013099191 -0.232406139 0.021447605 -0.012479222 0.999692082 20.282396317
0.999333024 0.028349221 -0.023020096 -0.287501037 -0.028050074 0.999519050 0.013215764 -0.238332361 0.023383681 -0.012561234 0.999647617 21.159296036
0.999569893 0.014339251 -0.025579771 -0.310991049 -0.014067064 0.999842823 0.010789080 -0.240230426 0.025730459 -0.010424607 0.999614537 22.016921997
0.999570668 0.014002229 -0.025736133 -0.347754776 -0.013694274 0.999832869 0.012103363 -0.254329860 0.025901306 -0.011745730 0.999595404 22.892272949
0.998919010 0.038513038 -0.026029861 -0.356726855 -0.038126685 0.999157608 0.015179637 -0.238360822 0.026592543 -0.014170796 0.999545932 23.744583130
0.998957932 0.037508842 -0.026004029 -0.386810809 -0.037058167 0.999158084 0.017601617 -0.236708552 0.026642349 -0.016619612 0.999506891 24.597743988
0.998824537 0.040126570 -0.027189855 -0.398886114 -0.039593358 0.999018192 0.019873405 -0.238433003 0.027960617 -0.018773505 0.999432743 25.436035156
0.998793185 0.040772319 -0.027379621 -0.437831044 -0.040270064 0.999014676 0.018652014 -0.238191128 0.028113129 -0.017526925 0.999451101 26.272375107
0.998605371 0.044543020 -0.028340550 -0.457668841 -0.044062063 0.998877704 0.017374976 -0.251201510 0.029082673 -0.016101999 0.999447405 27.072786331
0.998565793 0.044840075 -0.029250817 -0.483730525 -0.044404548 0.998895347 0.015373210 -0.247967660 0.029907838 -0.014052292 0.999453902 27.880790710
0.998474777 0.046061490 -0.030437710 -0.506320477 -0.045552395 0.998813570 0.017213140 -0.268154651 0.031194462 -0.015800374 0.999388456 28.664997101
0.998394191 0.046959825 -0.031681344 -0.531558752 -0.046456546 0.998785019 0.016439242 -0.267313302 0.032414842 -0.014941038 0.999362826 29.455957413
0.998320341 0.047145579 -0.033670302 -0.559843063 -0.046628360 0.998784423 0.015985114 -0.273400158 0.034383003 -0.014388275 0.999305129 30.211204529
0.998274088 0.046849236 -0.035412651 -0.595494211 -0.046311367 0.998801231 0.015859593 -0.273466408 0.036113206 -0.014192213 0.999246955 30.978105545
0.998187125 0.047425229 -0.037059102 -0.631374776 -0.046814751 0.998756051 0.017171210 -0.271605372 0.037827346 -0.015405169 0.999165475 31.742111206
0.998111486 0.046527058 -0.040108755 -0.640551448 -0.045702014 0.998729110 0.021247745 -0.285702169 0.041046377 -0.019374566 0.998969376 32.491970062
0.997978270 0.048052691 -0.041597284 -0.684865832 -0.047154263 0.998638272 0.022317015 -0.274488628 0.042613033 -0.020310406 0.998885214 33.236404419
0.997839868 0.049314264 -0.043400735 -0.726383626 -0.048364218 0.998572350 0.022674944 -0.273640215 0.044456970 -0.020526920 0.998800337 33.944793701
0.997676134 0.050495099 -0.045744918 -0.749163568 -0.049471784 0.998505235 0.023233324 -0.280475676 0.046849713 -0.020916251 0.998682857 34.666343689
0.997529566 0.051866740 -0.047377542 -0.788598716 -0.050842747 0.998451471 0.022569736 -0.275994241 0.048474800 -0.020105176 0.998622060 35.376178741
0.997413874 0.052231539 -0.049368702 -0.815703988 -0.051093910 0.998404622 0.024032107 -0.278605878 0.050545171 -0.021447517 0.998491466 36.094268799
0.997500122 0.050669201 -0.049256071 -0.863709331 -0.049419209 0.998432457 0.026273148 -0.268129587 0.050510112 -0.023773270 0.998440564 36.743373871
0.997369051 0.053185232 -0.049257170 -0.905504763 -0.051912524 0.998292744 0.026767531 -0.264858723 0.050596721 -0.024140041 0.998427391 37.424228668
0.997230947 0.056711692 -0.048105527 -0.940952897 -0.055581894 0.998153329 0.024508078 -0.259083390 0.049406577 -0.021766419 0.998541534 38.090065002
0.997617364 0.051707592 -0.045671776 -0.996718884 -0.050746582 0.998470128 0.021957077 -0.264188945 0.046737261 -0.019587075 0.998715162 38.722396851
0.997709155 0.051636197 -0.043704629 -1.023006201 -0.050806511 0.998510540 0.019887131 -0.258338332 0.044666421 -0.017621094 0.998846531 39.369674683
0.997791290 0.052968435 -0.040087540 -1.058326244 -0.052170791 0.998423934 0.020689346 -0.254809558 0.041120231 -0.018552251 0.998981893 40.009265900
0.997654378 0.057765156 -0.036725428 -1.087146282 -0.056940779 0.998110056 0.023110857 -0.250283480 0.037991006 -0.020965476 0.999058127 40.641674042
0.997540295 0.062119815 -0.032473609 -1.115173578 -0.061265901 0.997765422 0.026661530 -0.251123905 0.034057245 -0.024606427 0.999116957 41.262001038
0.997357368 0.066969573 -0.028165663 -1.138777733 -0.066193067 0.997423530 0.027653828 -0.254584193 0.029945057 -0.025716376 0.999220729 41.844116211
0.997271955 0.070074491 -0.023194641 -1.138465524 -0.069433965 0.997211397 0.027356455 -0.241524577 0.025046943 -0.025671333 0.999356627 42.423412323
0.997090816 0.074359350 -0.016749388 -1.171379209 -0.073855042 0.996848762 0.028946960 -0.233209968 0.018849084 -0.027625723 0.999440610 43.014335632
0.996780097 0.079521060 -0.010293495 -1.178766251 -0.079182081 0.996409714 0.029965376 -0.233883262 0.012639421 -0.029053833 0.999497890 43.566246033
0.996616066 0.082164854 -0.002325065 -1.202681661 -0.082061261 0.996192634 0.029435577 -0.232802510 0.004734780 -0.029145174 0.999563992 44.109939575
0.996323526 0.085511766 0.005212538 -1.206355929 -0.085627511 0.995905757 0.028977565 -0.225409150 -0.002713274 -0.029317366 0.999566495 44.616401672
0.995923817 0.089358211 0.012291633 -1.186635494 -0.089676455 0.995566547 0.028382391 -0.231248498 -0.009700939 -0.029368965 0.999521613 45.091075897
0.996182680 0.084778689 0.020798640 -1.207733393 -0.085305974 0.996017337 0.025929347 -0.226085901 -0.018517550 -0.027604615 0.999447405 45.556400299
0.995771706 0.087216325 0.028842553 -1.202607751 -0.087878115 0.995876312 0.022531791 -0.224231124 -0.026758477 -0.024971152 0.999329984 45.997322083
0.995529234 0.087025292 0.036715534 -1.184489489 -0.087867238 0.995889783 0.021974739 -0.222687483 -0.034652270 -0.025102589 0.999084115 46.415904999
0.995331287 0.085731335 0.044334341 -1.147861719 -0.086811826 0.995958209 0.023045950 -0.223114848 -0.042179395 -0.026787106 0.998750806 46.819492340
0.994733691 0.087737650 0.052980300 -1.142078161 -0.089077644 0.995747924 0.023479696 -0.222098470 -0.050694965 -0.028075403 0.998319507 47.186618805
0.994002521 0.090336688 0.061630279 -1.117386341 -0.091899902 0.995502293 0.023014056 -0.216522098 -0.059274059 -0.028539846 0.997833729 47.534511566
0.992942631 0.095369607 0.070494629 -1.096817970 -0.097150750 0.995020330 0.022277273 -0.217640281 -0.068019018 -0.028968664 0.997263372 47.854244232
0.991941690 0.098698802 0.079436474 -1.072816372 -0.100730993 0.994670749 0.021985469 -0.220844984 -0.076843195 -0.029810015 0.996597409 48.149517059
0.991260946 0.097518332 0.088836104 -1.041888237 -0.099844962 0.994756997 0.022123307 -0.221093416 -0.086212918 -0.030799808 0.995800495 48.429428101
0.990313053 0.096533217 0.099806555 -1.014612675 -0.099011131 0.994881928 0.020167638 -0.228043377 -0.097348891 -0.029854234 0.994802475 48.693107605
0.989223719 0.095036536 0.111375548 -0.974589825 -0.097326145 0.995135069 0.015291677 -0.227437079 -0.109380446 -0.025966639 0.993660688 48.954547882
0.987601936 0.095603891 0.124508172 -0.933320522 -0.097660236 0.995164514 0.010504278 -0.226701498 -0.122901849 -0.022533545 0.992163002 49.216674805
0.985313296 0.097534537 0.140159652 -0.895702839 -0.099661842 0.994987488 0.008222852 -0.238743246 -0.138655052 -0.022070657 0.990094841 49.474826813
0.982781887 0.098683186 0.156208739 -0.842815399 -0.100887515 0.994878352 0.006226627 -0.244762987 -0.154794216 -0.021878928 0.987704456 49.710834503
0.979961097 0.099030070 0.172827095 -0.780378342 -0.101302445 0.994846106 0.004355681 -0.247257993 -0.171505004 -0.021776209 0.984942675 49.957515717
0.976745844 0.097881630 0.190752655 -0.714943886 -0.100258835 0.994957387 0.002827565 -0.259886444 -0.189513981 -0.021886455 0.981634080 50.197357178
0.972824752 0.096340775 0.210548371 -0.659277916 -0.098831616 0.995103300 0.001314618 -0.255151927 -0.209390745 -0.022087725 0.977582574 50.451564789
0.968243182 0.096050374 0.230823308 -0.589913368 -0.098562121 0.995130599 -0.000652331 -0.261655509 -0.229762018 -0.022118818 0.972995460 50.707061768
0.963485479 0.088177532 0.252825081 -0.525116920 -0.090952896 0.995854914 -0.000712900 -0.259692252 -0.251839936 -0.022308301 0.967511892 50.918212891
0.957244515 0.088588759 0.275381655 -0.434428215 -0.091147453 0.995831192 -0.003519007 -0.264135778 -0.274545372 -0.021731783 0.961328626 51.146255493
0.949798107 0.089801736 0.299698293 -0.345923424 -0.092562169 0.995694339 -0.005003994 -0.276592195 -0.298857301 -0.022987936 0.954020917 51.387966156
0.941035092 0.092415161 0.325441360 -0.249385834 -0.095505014 0.995407641 -0.006505509 -0.287942708 -0.324547976 -0.024959369 0.945539892 51.626251221
0.930986941 0.093993507 0.352744281 -0.145322800 -0.097266987 0.995222211 -0.008476732 -0.296923667 -0.351855665 -0.026418641 0.935681403 51.857501984
0.921075881 0.078798719 0.381326497 -0.011604309 -0.083000489 0.996534646 -0.005443892 -0.310033083 -0.380434096 -0.026636053 0.924424350 52.083732605
0.908459723 0.076594085 0.410894424 0.132093430 -0.080394298 0.996730626 -0.008052398 -0.318425775 -0.410167813 -0.025718290 0.911647379 52.309295654
0.893478274 0.073468357 0.443056226 0.275777817 -0.076437324 0.997011662 -0.011180792 -0.328294694 -0.442553639 -0.023876240 0.896424115 52.532081604
0.876122355 0.072153620 0.476658583 0.436231613 -0.073546469 0.997167170 -0.015762925 -0.339350224 -0.476445615 -0.021246295 0.878947198 52.749572754
0.855100453 0.067662142 0.514028251 0.600910187 -0.067045882 0.997553885 -0.019776460 -0.352342248 -0.514109015 -0.017552616 0.857545257 52.962409973
0.833163023 0.068941444 0.548713565 0.796285629 -0.066354550 0.997493327 -0.024574755 -0.360640287 -0.549032331 -0.015934858 0.835649192 53.189903259
0.808367610 0.071023956 0.584377766 0.999851227 -0.067006566 0.997344732 -0.028525064 -0.372338414 -0.584852040 -0.016098414 0.810980320 53.414318085
0.780466855 0.070722386 0.621184230 1.197799683 -0.066451699 0.997336805 -0.030056637 -0.381696701 -0.621655583 -0.017820533 0.783087969 53.613845825
0.750363171 0.074690767 0.656792641 1.441459656 -0.070246257 0.996979594 -0.033123061 -0.395999312 -0.657282770 -0.021282889 0.753343463 53.848392487
0.716978371 0.074939668 0.693055570 1.699769974 -0.069689631 0.996929646 -0.035702225 -0.416766763 -0.693603098 -0.022701070 0.719999492 54.075981140
0.679989815 0.071945660 0.729683399 1.989032745 -0.065947913 0.997142017 -0.036860012 -0.433576703 -0.730249822 -0.023056664 0.682791054 54.305427551
0.640621841 0.069969825 0.764662087 2.300039291 -0.062991664 0.997271836 -0.038481191 -0.457292318 -0.765268385 -0.023515448 0.643281579 54.523765564
0.596923709 0.068521641 0.799366474 2.621129990 -0.059393540 0.997386396 -0.041144013 -0.466945291 -0.800096512 -0.022917377 0.599433303 54.723724365
0.550749004 0.067786299 0.831913769 3.001531601 -0.055500429 0.997465014 -0.044533033 -0.485958457 -0.832823634 -0.021645064 0.553115010 54.931953430
0.500654697 0.066078968 0.863121390 3.359746933 -0.050827697 0.997605920 -0.046892192 -0.509402752 -0.864153445 -0.020393668 0.502814710 55.116870880
0.451399535 0.064164706 0.890011966 3.773075104 -0.049397241 0.997678697 -0.046873368 -0.532377720 -0.890953600 -0.022805510 0.453521311 55.291904449
0.401445627 0.061210327 0.913835168 4.235582352 -0.048685074 0.997779787 -0.045445841 -0.564018250 -0.914587975 -0.026246101 0.403534383 55.465476990
0.350741565 0.060545862 0.934513032 4.668231964 -0.053089414 0.997588515 -0.044706922 -0.581427574 -0.934966266 -0.033932175 0.353110015 55.613601685
0.300490111 0.060841758 0.951842427 5.144364357 -0.050911333 0.997563839 -0.047691911 -0.603215337 -0.952425182 -0.034128610 0.302855521 55.746570587
0.253838569 0.057028834 0.965563953 5.619805336 -0.040117778 0.998022079 -0.048399258 -0.640355766 -0.966414273 -0.026450677 0.255624384 55.817424774
0.208938658 0.051450297 0.976574361 6.150045395 -0.025868695 0.998556376 -0.047073778 -0.660895884 -0.977586508 -0.015427176 0.209968075 55.899997711
0.166238606 0.049317744 0.984851480 6.632044792 -0.023257423 0.998666823 -0.046083819 -0.699917853 -0.985811234 -0.015244201 0.167163983 55.944335938
0.127880782 0.050997440 0.990477562 7.184665203 -0.016865358 0.998644531 -0.049240448 -0.735871315 -0.991646171 -0.010407852 0.128567502 55.998958588
0.094827302 0.051765010 0.994147062 7.736308575 -0.010183414 0.998645306 -0.051027887 -0.757691681 -0.995441675 -0.005284972 0.095225997 56.026786804
0.065834396 0.050289180 0.996562541 8.308183670 -0.003202654 0.998734653 -0.050187211 -0.794873297 -0.997825325 0.000112400 0.065912142 56.036899567
0.040853370 0.048647366 0.997980177 8.893568039 0.006116921 0.998783231 -0.048936903 -0.840935767 -0.999146402 0.008103804 0.040506084 56.040615082
0.021316683 0.047878575 0.998625696 9.482307434 0.009944704 0.998793006 -0.048098881 -0.855029643 -0.999723315 0.010956345 0.020814812 56.013999939
0.004643557 0.049686022 0.998754025 10.085632324 0.011322444 0.998698235 -0.049735881 -0.885900617 -0.999925137 0.011539291 0.004074948 56.025535583
-0.008814164 0.049179040 0.998751044 10.702829361 0.011318261 0.998730719 -0.049078155 -0.928066850 -0.999897122 0.010871543 -0.009359600 56.015419006
-0.019943312 0.050379563 0.998530984 11.301060677 0.012574872 0.998663425 -0.050135076 -0.936450660 -0.999722004 0.011556541 -0.020550175 55.953723907
-0.028655536 0.053377192 0.998163104 11.940340042 0.016977299 0.998455167 -0.052905425 -0.973924935 -0.999445200 0.015430083 -0.029517474 55.923789978
-0.035192490 0.055333488 0.997847557 12.594142914 0.021139175 0.998283863 -0.054612137 -1.011204720 -0.999156952 0.019171733 -0.036301799 55.886013031
-0.039604671 0.054834526 0.997709751 13.247338295 0.021677570 0.998305321 -0.054006759 -1.044962764 -0.998980284 0.019489003 -0.040726226 55.849624634
-0.044098511 0.051994517 0.997673213 13.933624268 0.017160494 0.998536825 -0.051281009 -1.079300761 -0.998879910 0.014859148 -0.044926241 55.824058533
-0.047193225 0.044652622 0.997887254 14.629296303 0.015020806 0.998919189 -0.043988418 -1.124494076 -0.998772860 0.012913114 -0.047812931 55.808902740
-0.047597647 0.039349876 0.998091161 15.363594055 0.018447783 0.999087930 -0.038509417 -1.185338736 -0.998696208 0.016579611 -0.048280157 55.780193329
-0.047996186 0.037071388 0.998159349 16.080429077 0.020810148 0.999131203 -0.036106832 -1.218449235 -0.998630762 0.019038854 -0.048725951 55.742298126
-0.047789097 0.039182417 0.998088777 16.766853333 0.022157183 0.999026000 -0.038158320 -1.235287189 -0.998611689 0.020291280 -0.048610739 55.667453766
-0.046995349 0.046857808 0.997795463 17.498527527 0.023529910 0.998673856 -0.045790825 -1.263690829 -0.998618007 0.021326080 -0.048035596 55.636837006
-0.044882581 0.054860879 0.997484744 18.235408783 0.024101997 0.998259783 -0.053819016 -1.303094864 -0.998701453 0.021625841 -0.046126734 55.601791382
-0.042367980 0.055894345 0.997537374 18.980245590 0.024941590 0.998181760 -0.054871127 -1.336217403 -0.998790741 0.022555383 -0.043685045 55.563121796
-0.040804368 0.051161513 0.997856438 19.749610901 0.024202826 0.998445809 -0.050202034 -1.387497187 -0.998874009 0.022102486 -0.041979209 55.543045044
-0.038317967 0.044546939 0.998272121 20.525094986 0.023360526 0.998772740 -0.043672614 -1.436715722 -0.998992562 0.021646716 -0.039311588 55.516994476
-0.035780624 0.042382088 0.998460531 21.299507141 0.021724274 0.998897314 -0.041622117 -1.496672869 -0.999123514 0.020201566 -0.036661882 55.501190186
-0.032274984 0.048889976 0.998282552 22.033113480 0.028783834 0.998434126 -0.047966801 -1.519207716 -0.999064445 0.027186271 -0.033631686 55.457336426
-0.029177302 0.054142721 0.998106778 22.792568207 0.029877484 0.998133123 -0.053270746 -1.565795898 -0.999127626 0.028266625 -0.030740473 55.430530548
-0.026635684 0.054237951 0.998172700 23.577356339 0.023819344 0.998277962 -0.053608060 -1.617524385 -0.999361336 0.022347925 -0.027881728 55.429824829
-0.022818236 0.051221196 0.998426616 24.367771149 0.022311931 0.998463929 -0.050713189 -1.671729088 -0.999490738 0.021119639 -0.023926033 55.419670105
-0.018110719 0.047893185 0.998688281 25.154418945 0.026617475 0.998521030 -0.047402482 -1.722676396 -0.999481618 0.025724065 -0.019358734 55.402633667
-0.015941191 0.048706915 0.998685837 25.844417572 0.025325891 0.998512030 -0.048294183 -1.763032675 -0.999552131 0.024522742 -0.017151017 55.364620209
-0.013450980 0.053234354 0.998491406 26.613927841 0.024782341 0.998292744 -0.052889917 -1.812469006 -0.999602377 0.024033533 -0.014747290 55.365768433
-0.009061915 0.054237656 0.998486996 27.393781662 0.021280238 0.998312294 -0.054035038 -1.853853226 -0.999732435 0.020758381 -0.010200812 55.352542877
-0.005203467 0.053527132 0.998552918 28.175882339 0.020962164 0.998352766 -0.053407174 -1.904729366 -0.999766707 0.020653928 -0.006316940 55.344802856
-0.001708161 0.050431129 0.998726010 28.927341461 0.024659168 0.998425901 -0.050373796 -1.956271648 -0.999694467 0.024541706 -0.002949061 55.334835052
0.001858635 0.050863255 0.998703837 29.696735382 0.029438725 0.998269916 -0.050895933 -2.014326572 -0.999564886 0.029495161 0.000358071 55.325500488
0.005542433 0.051886283 0.998637557 30.472213745 0.032253236 0.998124003 -0.052038603 -2.064082146 -0.999464333 0.032497711 0.003858537 55.326171875
0.008106799 0.051598191 0.998634994 31.249244690 0.032485317 0.998127043 -0.051835652 -2.114222050 -0.999439299 0.032861199 0.006415433 55.331279755
0.011460101 0.050298173 0.998668432 32.027450562 0.033244796 0.998162806 -0.050654195 -2.161928177 -0.999381542 0.033781033 0.009766896 55.344497681
0.015748547 0.049516864 0.998649120 32.805404663 0.035991173 0.998097599 -0.050057095 -2.208720684 -0.999228060 0.036730878 0.013936419 55.342212677
0.018206466 0.049320519 0.998617053 33.592006683 0.034186326 0.998167872 -0.049921609 -2.264584064 -0.999249637 0.035047945 0.016487021 55.357109070
0.020967724 0.051076032 0.998474717 34.382369995 0.031344701 0.998169661 -0.051718667 -2.314272165 -0.999288678 0.032381307 0.019328380 55.388362885
0.023886152 0.050958909 0.998415053 35.172882080 0.032933898 0.998117745 -0.051731646 -2.366858959 -0.999172032 0.034117367 0.022162920 55.405906677
0.025936073 0.050669480 0.998378634 35.960372925 0.031075079 0.998191059 -0.051467236 -2.417348385 -0.999180436 0.032359555 0.024314599 55.444385529
0.029099444 0.051278319 0.998260379 36.749340057 0.029388577 0.998207629 -0.052132290 -2.459170341 -0.999144375 0.030854478 0.027540291 55.447132111
0.032032814 0.050967384 0.998186469 37.533458710 0.026438376 0.998306274 -0.051821940 -2.515493393 -0.999137044 0.028050432 0.030631067 55.477687836
0.034930978 0.053600386 0.997951388 38.333572388 0.025262803 0.998194218 -0.054497708 -2.553438187 -0.999070287 0.027114704 0.033513807 55.516525269
0.038410127 0.057127494 0.997627676 39.159164429 0.022163626 0.998070121 -0.058006164 -2.602859735 -0.999016225 0.024339078 0.037069861 55.522960663
0.041979693 0.059476107 0.997346640 39.969718933 0.022839114 0.997908652 -0.060470950 -2.656135082 -0.998857439 0.025317075 0.040533524 55.556880951
0.045105409 0.061603811 0.997080922 40.777290344 0.017046370 0.997904003 -0.062425800 -2.710667133 -0.998836815 0.019812349 0.043960750 55.595539093
0.047570582 0.060567591 0.997029901 41.579769135 0.012554197 0.998044848 -0.061228219 -2.771134853 -0.998789012 0.015429572 0.046717189 55.646732330
0.050790828 0.061085012 0.996839464 42.401756287 0.014571919 0.997976184 -0.061897125 -2.836807728 -0.998602986 0.017669674 0.049797911 55.699378967
0.055230450 0.062237095 0.996532083 43.245029449 0.015158309 0.997888148 -0.063161902 -2.896737099 -0.998358488 0.018594202 0.054170400 55.737846375
0.058714762 0.063286953 0.996266782 44.072238922 0.011139048 0.997884750 -0.064046226 -2.951960564 -0.998212636 0.014857921 0.057885598 55.799964905
0.062261336 0.060767788 0.996208310 44.857791901 0.010667239 0.998047233 -0.061546657 -3.020628452 -0.998002827 0.014458765 0.061491515 55.878677368
0.067013316 0.060629416 0.995908320 45.698871613 0.010758393 0.998050153 -0.061483722 -3.087951899 -0.997694075 0.014834601 0.066230372 55.936214447
0.072065592 0.064385518 0.995319605 46.526260376 0.007554029 0.997850478 -0.065096177 -3.146778107 -0.997371316 0.012209866 0.071424305 56.005939484
0.078373790 0.073413253 0.994217277 47.369739532 0.003946217 0.997254252 -0.073948562 -3.201888084 -0.996916234 0.009719024 0.077868886 56.053611755
0.085314244 0.078347079 0.993268967 48.205368042 0.002465763 0.996883869 -0.078844003 -3.266309261 -0.996351063 0.009175682 0.084855206 56.133651733
0.092964552 0.080861315 0.992380440 49.053436279 -0.001139028 0.996704817 -0.081106953 -3.342189550 -0.995668709 0.006409720 0.092750303 56.220787048
0.100687154 0.077396549 0.991903186 49.970169067 -0.004770855 0.996995687 -0.077309646 -3.488024235 -0.994906843 0.003051861 0.100753911 56.298938751
0.108590476 0.076442316 0.991143107 50.826778412 -0.005154731 0.997068942 -0.076334596 -3.551726341 -0.994073331 0.003180132 0.108666234 56.393066406
0.115948461 0.073264673 0.990549445 51.687030792 -0.004718102 0.997305214 -0.073212087 -3.612864494 -0.993244052 0.003815313 0.115981683 56.498340607
0.123929925 0.066021048 0.990092218 52.452053070 -0.007990738 0.997818232 -0.065536022 -3.722110987 -0.992258906 0.000210308 0.124187082 56.563941956
0.131067365 0.058400430 0.989651918 53.326435089 -0.010135676 0.998290181 -0.057567831 -3.784537554 -0.991321683 -0.002485525 0.131435215 56.698318481
0.137676686 0.056624755 0.988857329 54.216728210 -0.010546715 0.998391688 -0.055702314 -3.841180325 -0.990421057 -0.002760287 0.138052404 56.854576111
0.144948199 0.058675505 0.987697899 55.059680939 -0.010770825 0.998274446 -0.057723161 -3.899323463 -0.989380538 -0.002271452 0.145330071 56.982494354
0.150642380 0.064933255 0.986453593 55.874755859 -0.010449409 0.997889340 -0.064090289 -3.969668388 -0.988533139 -0.000653142 0.151002944 57.108489990
0.155915529 0.068917222 0.985363245 56.667022705 -0.012095680 0.997621596 -0.067860648 -4.024113178 -0.987696350 -0.001338110 0.156378284 57.211986542
0.160736933 0.071997754 0.984367847 57.486423492 -0.013374765 0.997403204 -0.070767209 -4.089550972 -0.986906707 -0.001790783 0.161282480 57.358940125
0.165884942 0.071041144 0.983582914 58.291633606 -0.015782379 0.997465312 -0.069382064 -4.166882992 -0.986018836 -0.004013838 0.166585714 57.520431519
0.171262130 0.068012089 0.982875109 59.095333099 -0.011641780 0.997684538 -0.067008302 -4.234325886 -0.985156775 0.000033571 0.171657354 57.656738281
0.175107300 0.064664394 0.982423484 59.799697876 -0.015322417 0.997898936 -0.062951922 -4.210677624 -0.984430075 -0.004029761 0.175730184 57.758064270
0.178083897 0.058611326 0.982268214 60.587905884 -0.017920712 0.998252153 -0.056316078 -4.273493290 -0.983852148 -0.007573958 0.178822994 57.908691406
0.181608155 0.057302430 0.981699944 61.297153473 -0.024995221 0.998247206 -0.053644352 -4.285050392 -0.983053267 -0.014795558 0.182722107 58.006221771
0.184831530 0.057336912 0.981096208 62.063076019 -0.026794722 0.998219490 -0.053289697 -4.341749191 -0.982404888 -0.016438583 0.186038762 58.154747009
0.186901122 0.058775447 0.980618834 62.767097473 -0.027028887 0.998138487 -0.054673936 -4.404283524 -0.982006848 -0.016286418 0.188141808 58.317459106
0.188650191 0.063259386 0.980004787 63.507774353 -0.031550772 0.997798443 -0.058334470 -4.457918167 -0.981537461 -0.019915098 0.190230757 58.461956024
0.190439388 0.067124344 0.979401410 64.230850220 -0.032173593 0.997550547 -0.062112223 -4.518840790 -0.981171608 -0.019682251 0.192132533 58.616844177
0.192575186 0.071687698 0.978660047 64.776290894 -0.032754645 0.997241735 -0.066603549 -4.613683224 -0.980735421 -0.019229475 0.194392085 58.673740387
0.194514692 0.073625863 0.978132546 65.489562988 -0.031985592 0.997124851 -0.068694696 -4.669247150 -0.980377972 -0.017924026 0.196310401 58.813571930
0.195569575 0.073627688 0.977922022 66.191177368 -0.034682512 0.997073114 -0.068133593 -4.727399826 -0.980076373 -0.020591930 0.197550759 58.971599579
0.195972279 0.073089980 0.977881849 67.021514893 -0.036786240 0.997064412 -0.067151621 -4.715125084 -0.979919195 -0.022812737 0.198085681 59.162780762
0.196956992 0.070445843 0.977877975 67.710121155 -0.037721239 0.997221172 -0.064241789 -4.780630589 -0.979686201 -0.024233898 0.199066997 59.292682648
0.196737245 0.066763312 0.978180528 68.222885132 -0.032778751 0.997569203 -0.061493970 -4.893579960 -0.979908168 -0.019965384 0.198447376 59.393638611
0.195178494 0.066102691 0.978537619 68.890296936 -0.032957178 0.997604728 -0.060817104 -4.942788601 -0.980213821 -0.020379648 0.196889535 59.526473999
0.193470687 0.067093611 0.978809297 69.548088074 -0.034222327 0.997513354 -0.061611332 -4.996459484 -0.980509043 -0.021577144 0.195285708 59.668582916
0.190874591 0.072105594 0.978962481 70.308097839 -0.038184639 0.997089028 -0.065995589 -4.996082306 -0.980871379 -0.024784453 0.193072274 59.842937469
0.188436776 0.076217905 0.979123235 70.935455322 -0.035527769 0.996860385 -0.070761137 -5.045135498 -0.981442451 -0.021452066 0.190552995 59.967662811
0.187531576 0.077090502 0.979228735 71.568176270 -0.033248011 0.996842444 -0.072109841 -5.093491077 -0.981695712 -0.019034538 0.189502537 60.070625305
0.185133636 0.073050968 0.979994416 72.021659851 -0.032365259 0.997145534 -0.068215251 -5.207689762 -0.982180357 -0.019088831 0.186969474 60.139457703
0.182706431 0.070551261 0.980632842 72.632110596 -0.032986380 0.997300327 -0.065604538 -5.256998062 -0.982614100 -0.020361150 0.184540436 60.255023956
0.180191845 0.065867051 0.981423676 73.236793518 -0.032749660 0.997603953 -0.060940053 -5.316409111 -0.983086050 -0.021160392 0.181917250 60.373889923
0.178688198 0.065053768 0.981752932 73.808181763 -0.028777309 0.997730434 -0.060874771 -5.366596699 -0.983484805 -0.017374601 0.180154726 60.462917328
0.176828280 0.066644259 0.981982946 74.386398315 -0.024330230 0.997696042 -0.063329458 -5.408352852 -0.983940899 -0.012693432 0.178042382 60.569644928
0.174592167 0.068456091 0.982258260 74.961120605 -0.020480011 0.997617006 -0.065886244 -5.462136269 -0.984427750 -0.008613439 0.175578073 60.659988403
0.172507152 0.070166774 0.982505918 75.533287048 -0.021512419 0.997490108 -0.067459762 -5.507487774 -0.984773338 -0.009498793 0.173583597 60.768608093
0.171372399 0.073055178 0.982493937 76.082237244 -0.021606011 0.997285783 -0.070386410 -5.544852734 -0.984969318 -0.009165491 0.172485694 60.856964111
0.170515299 0.071886167 0.982729256 76.663955688 -0.020135909 0.997381270 -0.069464117 -5.586516380 -0.985149205 -0.007943457 0.171516240 60.949954987
0.171525940 0.069802888 0.982703626 77.226303101 -0.013929321 0.997558951 -0.068426795 -5.637238026 -0.985081077 -0.001951424 0.172079548 61.033782959
0.173321664 0.066428043 0.982622445 77.845954895 -0.007256407 0.997781813 -0.066172920 -5.747190952 -0.984838545 0.004338892 0.173419267 61.155071259
0.175545856 0.065581918 0.982284486 78.431037903 -0.004154655 0.997819185 -0.065876596 -5.797469139 -0.984462559 0.007483311 0.175435483 61.258060455
0.179363444 0.065456696 0.981602848 78.995643616 -0.007375672 0.997845471 -0.065192088 -5.837904930 -0.983755231 0.004453096 0.179459766 61.361259460
0.183919802 0.068312384 0.980564594 79.547302246 -0.010575489 0.997661889 -0.067519881 -5.820474148 -0.982884347 0.002048298 0.184212252 61.467056274
0.190912560 0.067234099 0.979301810 80.135192871 -0.009652139 0.997731864 -0.066617772 -5.869116306 -0.981559634 0.003265813 0.191128492 61.577579498
0.197702527 0.067611039 0.977927625 80.722404480 -0.011072924 0.997708917 -0.066740096 -5.904543877 -0.980199516 0.002366172 0.197998211 61.721153259
0.206991643 0.063171938 0.976301074 81.366867065 -0.008576616 0.997991979 -0.062757075 -6.016359806 -0.978305101 0.004616831 0.207117796 61.856407166
0.216002181 0.062778048 0.974372625 81.976928711 -0.012078406 0.998026252 -0.061624456 -6.069124699 -0.976318181 0.001542148 0.216334119 62.003128052
0.225391135 0.062547453 0.972258568 82.585464478 -0.013604103 0.998041749 -0.061052423 -6.115817070 -0.974173427 0.000533969 0.225800693 62.156314850
0.235477895 0.066218935 0.969621181 83.211425781 -0.018306818 0.997801304 -0.063697547 -6.157818317 -0.971707284 -0.002751314 0.236172408 62.320056915
0.244304076 0.068509273 0.967275560 83.798149109 -0.021678640 0.997637749 -0.065184362 -6.195415020 -0.969456315 -0.005044409 0.245212153 62.489265442
0.255144179 0.071735710 0.964238286 84.437225342 -0.026495978 0.997388244 -0.067190930 -6.235531807 -0.966539860 -0.008405059 0.256378531 62.671432495
0.265592873 0.073439918 0.961284041 85.099273682 -0.027381955 0.997266710 -0.068623573 -6.288401604 -0.963696301 -0.008095901 0.266877919 62.852668762
0.275274366 0.074332669 0.958487630 85.754005432 -0.030375797 0.997180939 -0.068609595 -6.336505890 -0.960885704 -0.010228362 0.276756287 63.062347412
0.285599679 0.074448228 0.955452919 86.380844116 -0.031161455 0.997172296 -0.068384349 -6.390906334 -0.957842231 -0.010242756 0.287112057 63.263408661
0.296037853 0.075664490 0.952174604 87.060455322 -0.035571579 0.997039378 -0.068170212 -6.437876225 -0.954513609 -0.013689389 0.297852874 63.485374451
0.306612790 0.070963271 0.949185371 87.750465393 -0.035278261 0.997379005 -0.063170515 -6.486189842 -0.951180339 -0.014116722 0.308312565 63.704582214
0.316744119 0.064114772 0.946341574 88.439628601 -0.031738166 0.997870564 -0.056982994 -6.534437656 -0.947979808 -0.011986120 0.318104565 63.945579529
0.328260869 0.059623465 0.942703485 89.142379761 -0.029834090 0.998162389 -0.052742504 -6.583511353 -0.944115758 -0.010811402 0.329436511 64.190223694
0.338336766 0.056622438 0.939320087 89.861114502 -0.030815545 0.998319387 -0.049079381 -6.631704330 -0.940520287 -0.012340302 0.339513034 64.464454651
0.348130524 0.054134756 0.935881615 90.653930664 -0.024675140 0.998514473 -0.048578970 -6.690259933 -0.937121272 -0.006181192 0.348949134 64.755264282
0.356711745 0.049040895 0.932926416 91.397468567 -0.017624537 0.998796821 -0.045764603 -6.721847534 -0.934048295 -0.000117625 0.357146829 65.038688660
0.363938093 0.039389532 0.930589974 92.138359070 -0.008048103 0.999201059 -0.039146196 -6.767516613 -0.931388378 0.006757306 0.363964379 65.314315796
0.370996803 0.035122767 0.927969694 92.888572693 -0.003087943 0.999325573 -0.036588978 -6.811215401 -0.928628981 0.010708878 0.370855093 65.606628418
0.378589571 0.034922604 0.924905598 93.647674561 -0.000513538 0.999295652 -0.037521224 -6.858796120 -0.925564468 0.013730168 0.378340900 65.912673950
0.386501729 0.040902495 0.921381295 94.420013428 0.002491037 0.998966157 -0.045391627 -6.900919914 -0.922285318 0.019839136 0.386000246 66.236793518
0.393098205 0.045713130 0.918359458 95.129341125 0.005759201 0.998621404 -0.052173510 -6.937009335 -0.919478416 0.025798338 0.392293096 66.541923523
0.398587227 0.048410721 0.915851891 95.897758484 0.003364441 0.998521924 -0.054244790 -6.982235909 -0.917124271 0.024702610 0.397835255 66.875289917
0.402787656 0.050116051 0.913920403 96.640701294 -0.003916805 0.998584986 -0.053032514 -7.040764809 -0.915285051 0.017781194 0.402414054 67.226684570
0.407121480 0.053029638 0.911833286 97.341186523 -0.009901281 0.998510718 -0.053649761 -7.093999863 -0.913320363 0.012813650 0.407040238 67.539871216
0.411118358 0.056096438 0.909854412 98.064865112 -0.010526920 0.998330295 -0.056794778 -7.149259567 -0.911521196 0.013771408 0.411022544 67.883239746
0.415129870 0.060636573 0.907739162 98.789222717 -0.014139382 0.998085797 -0.060205426 -7.208411217 -0.909652233 0.012158198 0.415192634 68.218818665
0.418730795 0.063115522 0.905914545 99.453277588 -0.016654590 0.997947693 -0.061829459 -7.263628483 -0.907957613 0.010802270 0.418922663 68.525154114
0.422551066 0.061145283 0.904274225 100.134864807 -0.017655043 0.998087704 -0.059238873 -7.327940941 -0.906167209 0.009066449 0.422822535 68.851020813
0.426608115 0.058235969 0.902559757 100.824264526 -0.016949739 0.998264313 -0.056399576 -7.385451317 -0.904277682 0.008762370 0.426854819 69.189407349
0.430053145 0.055852849 0.901074231 101.513198853 -0.017010018 0.998408556 -0.053767771 -7.433572769 -0.902643323 0.007795710 0.430318743 69.519599915
0.433701366 0.054872002 0.899384320 102.172592163 -0.017678954 0.998470068 -0.052392136 -7.485977173 -0.900883257 0.006822364 0.434007853 69.841331482
0.436949015 0.056322526 0.897721171 102.818740845 -0.019852148 0.998398304 -0.052976295 -7.541429520 -0.899267256 0.005326246 0.437367260 70.168006897
0.440000802 0.057106186 0.896179795 103.461242676 -0.018909942 0.998343825 -0.054331969 -7.587194443 -0.897798240 0.006959404 0.440351933 70.478828430
0.442623556 0.055380952 0.894995749 104.102035522 -0.016756110 0.998427510 -0.053494357 -7.632004738 -0.896550894 0.008681214 0.442855537 70.784980774
0.444565922 0.054425202 0.894091129 104.727363586 -0.015044709 0.998465180 -0.053298041 -7.681818962 -0.895619750 0.010243149 0.444702446 71.086082458
0.445955724 0.054226089 0.893410861 105.344917297 -0.016165685 0.998488128 -0.052534547 -7.729603767 -0.894909024 0.008985480 0.446158111 71.412803650
0.447943509 0.053684223 0.892448664 105.953193665 -0.014496534 0.998500526 -0.052787457 -7.771994114 -0.893944383 0.010708386 0.448050052 71.722381592
0.450104415 0.055461537 0.891251981 106.547035217 -0.015683664 0.998406470 -0.054208990 -7.824862480 -0.892838240 0.010421609 0.450256914 72.030250549
0.453284055 0.053656850 0.889749646 107.221458435 -0.012452725 0.998470366 -0.053869251 -7.959651947 -0.891279101 0.013338269 0.453258783 72.369361877
0.456545413 0.053511381 0.888089359 107.799468994 -0.010854288 0.998450339 -0.054581188 -8.000672340 -0.889633954 0.015279217 0.456418723 72.665756226
0.459282935 0.051648162 0.886787295 108.368011475 -0.007580968 0.998499751 -0.054228194 -8.046339989 -0.888257682 0.018183375 0.458985478 72.975662231
0.463152677 0.052307148 0.884733558 108.822052002 -0.006254888 0.998424947 -0.055754397 -8.005738258 -0.886256456 0.020288888 0.462750316 73.182968140
0.465991348 0.051505599 0.883288920 109.366271973 -0.005624656 0.998456597 -0.055253789 -8.063470840 -0.884771466 0.020779587 0.465561748 73.489196777
0.469575465 0.050863747 0.881425977 109.900047302 -0.004285994 0.998458743 -0.055333916 -8.092864037 -0.882881880 0.022205664 0.469069719 73.768486023
0.472954512 0.045459788 0.879913330 110.441787720 -0.001705484 0.998713434 -0.050680768 -8.324233055 -0.881085157 0.022469023 0.472423613 74.065452576
0.476578206 0.046370268 0.877908349 110.961006165 -0.002178171 0.998667181 -0.051566202 -8.366123199 -0.879129350 0.022663090 0.476044029 74.356819153
0.480797470 0.046808936 0.875581443 111.475898743 0.000588063 0.998556554 -0.053706158 -8.398761749 -0.876831472 0.026336679 0.480075926 74.644241333
0.485918343 0.050096821 0.872567296 112.007911682 -0.001479100 0.998401642 -0.056497678 -8.446800232 -0.874002993 0.026162643 0.485215724 74.940956116
0.491395712 0.056254182 0.869117856 112.515716553 -0.005073326 0.998079836 -0.061732881 -8.487935066 -0.870921671 0.025925959 0.490737528 75.235061646
0.497209102 0.063138403 0.865330398 113.002601624 -0.010163527 0.997704089 -0.066957138 -8.533099174 -0.867571175 0.024496894 0.496709257 75.544334412
0.502855837 0.069358110 0.861583054 113.531036377 -0.015234976 0.997331798 -0.071394213 -8.583403587 -0.864235997 0.022774803 0.502570748 75.871261597
0.509408176 0.074141592 0.857325017 114.045242310 -0.018874323 0.997004330 -0.075006269 -8.621557236 -0.860317945 0.022027384 0.509281635 76.195205688
0.515465677 0.074282423 0.853684604 114.542823792 -0.023166193 0.997079492 -0.072771750 -8.671087265 -0.856597006 0.017734716 0.515681148 76.489593506
0.520410180 0.073444739 0.850752056 115.081001282 -0.029524405 0.997246206 -0.068031207 -8.721773148 -0.853405833 0.010286185 0.521145523 76.845718384
0.526208878 0.070805609 0.847402334 115.609695435 -0.035907615 0.997488737 -0.061048776 -8.773954391 -0.849596798 0.001696215 0.527429938 77.204238892
0.532469213 0.069247760 0.843612075 116.129043579 -0.041979898 0.997581899 -0.055389568 -8.813125610 -0.845407724 -0.005921510 0.534088731 77.542037964
0.538349628 0.067230605 0.840035498 116.676773071 -0.044497032 0.997689903 -0.051331565 -8.857422829 -0.841545880 -0.009744756 0.540097594 77.907012939
0.544796288 0.070997864 0.835557401 117.217262268 -0.048909150 0.997403562 -0.052860495 -8.882484436 -0.837140739 -0.012068197 0.546854258 78.273887634
0.550869644 0.075031944 0.831211627 117.762313843 -0.053276137 0.997080743 -0.054696895 -8.925038338 -0.832889080 -0.014152885 0.553258896 78.663528442
0.557249367 0.078516521 0.826624691 118.316894531 -0.055561066 0.996814132 -0.057226699 -8.965515137 -0.828484178 -0.014038604 0.559836388 79.041770935
0.563410580 0.065844744 0.823549032 118.694068909 -0.045489099 0.997779250 -0.048654646 -9.267230988 -0.824923754 -0.010049953 0.565154612 79.376083374
