0.999766588 -0.007565520 0.020243209 0.016077604 0.007579518 0.999971092 -0.000614821 -0.002261561 -0.020237973 0.000768112 0.999794900 0.396079719
0.999796569 -0.009034997 0.018032745 0.018255576 0.009076348 0.999956369 -0.002212435 -0.002521696 -0.018011970 0.002375657 0.999834895 0.520634890
0.999874175 -0.011466769 0.010962754 0.005598238 0.011503566 0.999928355 -0.003299591 -0.001547604 -0.010924133 0.003425286 0.999934435 0.178241298
0.999911010 -0.013305605 -0.000947374 0.017152477 0.013300165 0.999896228 -0.005535052 -0.005679703 0.001020923 0.005521960 0.999984145 0.795005858
0.999767125 -0.012750058 -0.017410701 0.008542089 0.012645727 0.999901474 -0.006089408 -0.006181677 0.017486623 0.005867819 0.999829888 0.957841337
0.999288678 -0.008154687 -0.036819488 -0.005422488 0.007942549 0.999951005 -0.005904180 -0.009823885 0.036865834 0.005607540 0.999304414 1.109650970
0.998595357 -0.004133219 -0.052822266 0.828338385 0.003899165 0.999982059 -0.004533255 0.127442986 0.052840061 0.004320925 0.998593569 -1.274244308
0.997307420 -0.004002704 -0.073225260 0.808426857 0.003648926 0.999981046 -0.004964507 0.125221685 0.073243722 0.004683945 0.997303069 -1.072282195
0.995501220 -0.005543961 -0.094586261 0.801986277 0.005128249 0.999976039 -0.004637571 0.125236824 0.094609693 0.004131644 0.995505810 -1.014225245
0.993420184 -0.006965857 -0.114314534 0.753358662 0.006583921 0.999971330 -0.003718323 0.121946938 0.114337154 0.002941220 0.993437648 -0.653128088
0.991219699 -0.005860973 -0.132095411 0.740867734 0.005488371 0.999979734 -0.003184616 0.121393092 0.132111415 0.002431664 0.991231918 -0.580050766
0.988925993 -0.003947927 -0.148356825 3.429452896 0.003965479 0.999992132 -0.000177486 0.542276800 0.148356348 -0.000412785 0.988933861 -5.871677399
0.986695468 -0.003231978 -0.162546903 5.891638279 0.002526130 0.999986410 -0.004548919 1.140480995 0.162559405 0.004077783 0.986690283 -10.122106552
0.984685481 -0.004857826 -0.174272418 5.877832413 0.003980974 0.999977648 -0.005380712 1.139415622 0.174294636 0.004604534 0.984682798 -10.055921555
0.982726157 -0.008673958 -0.184862807 6.439300060 0.007346459 0.999942064 -0.007864763 1.260685563 0.184920326 0.006370819 0.982732892 -10.619338989
0.981188476 -0.007648291 -0.192900598 6.352506638 0.005799846 0.999931633 -0.010145261 1.258502722 0.192965046 0.008835618 0.981165826 -10.180828094
0.979652464 -0.007587128 -0.200557515 6.253958702 0.005365258 0.999918103 -0.011619709 1.249365687 0.200629249 0.010307236 0.979612947 -9.737140656
0.977951586 -0.008411676 -0.208662242 6.151234627 0.005492959 0.999878824 -0.014563298 1.241839886 0.208759457 0.013096026 0.977879286 -9.281206131
0.976112008 -0.012259527 -0.216922030 6.128241539 0.008982227 0.999830186 -0.016087746 1.239382625 0.217082471 0.013754998 0.976056457 -9.175875664
0.974273980 -0.018769355 -0.224583805 5.944894791 0.015277017 0.999733984 -0.017277999 1.217409253 0.224848375 0.013402534 0.974301577 -8.329756737
0.972027481 -0.020225644 -0.233994648 7.258994102 0.015716447 0.999653518 -0.021119338 1.553444266 0.234340668 0.016851015 0.972008467 -10.152904510
0.969961524 -0.016655354 -0.242687717 7.224093437 0.010705058 0.999609351 -0.025816528 1.551414251 0.243022874 0.022443052 0.969760895 -10.026449203
0.967796266 -0.013444199 -0.251375377 6.962099075 0.006510882 0.999575555 -0.028392944 1.523153067 0.251650482 0.025841909 0.967473149 -9.098966599
0.965463758 -0.016424075 -0.260019571 6.923932076 0.008841392 0.999501586 -0.030304823 1.518029690 0.260387659 0.026959272 0.965127766 -8.955486298
0.963023603 -0.019225700 -0.268730223 6.503619194 0.010901506 0.999414444 -0.032434154 1.449350119 0.269196361 0.028305287 0.962669253 -7.749308586
0.960812628 -0.018760497 -0.276562929 6.460826874 0.009562529 0.999356627 -0.034569450 1.442421794 0.277033538 0.030570123 0.960373759 -7.607539177
0.958417177 -0.018262006 -0.284785926 6.307792664 0.007601217 0.999229908 -0.038494904 1.434825301 0.285269618 0.034729458 0.957817912 -6.827979088
0.956078887 -0.018998088 -0.292493194 6.259193420 0.006603487 0.999040186 -0.043304931 1.426247597 0.293035090 0.039471455 0.955286562 -6.667473793
0.954284132 -0.020850621 -0.298172563 5.932108879 0.005841819 0.998674393 -0.051138941 1.369338632 0.298843503 0.047059219 0.953141093 -5.634131432
0.953032136 -0.021885160 -0.302077323 5.874768734 0.004150582 0.998235941 -0.059226260 1.359323263 0.302840590 0.055190742 0.951441824 -5.462399483
0.951725662 -0.021379331 -0.306204915 5.767998219 0.000551782 0.997689128 -0.067943946 1.335725546 0.306949914 0.064495042 0.949537814 -4.760324001
0.950276256 -0.021218706 -0.310684711 5.705541611 -0.002854631 0.997040451 -0.076825805 1.321034551 0.311395347 0.073892616 0.947403193 -4.575303078
0.949036777 -0.019899376 -0.314536482 5.653153419 -0.006862602 0.996463299 -0.083748154 1.281221867 0.315090656 0.081638627 0.945543706 -3.895755768
0.947377980 -0.017638613 -0.319630921 5.579365730 -0.012054749 0.995806873 -0.090682879 1.262151241 0.319890171 0.089764036 0.943192780 -3.687556744
0.945788503 -0.016949618 -0.324340671 4.606613159 -0.015230165 0.995224118 -0.096420772 1.061671495 0.324425966 0.096133418 0.941013396 -1.794037700
0.944072843 -0.015631316 -0.329366356 4.525712967 -0.018938756 0.994656265 -0.101489849 1.037977338 0.329192787 0.102051608 0.938731968 -1.570312381
0.942463517 -0.012717263 -0.334067047 4.573352337 -0.023628911 0.994243085 -0.104510278 0.995534062 0.333472908 0.106390782 0.936737299 -1.107992887
0.940804958 -0.011388533 -0.338757038 4.481158733 -0.026119668 0.994027436 -0.105958074 0.968832970 0.337940514 0.108534090 0.934888542 -0.875040054
0.938499749 -0.011842323 -0.345076829 4.133326530 -0.026137803 0.994107246 -0.105202250 0.845499456 0.344289243 0.107751831 0.932659864 0.195970893
0.936231971 -0.010579006 -0.351223499 4.034095764 -0.027539968 0.994262815 -0.103358984 0.812863529 0.350301921 0.106440671 0.930569172 0.451668620
0.933646500 -0.011761653 -0.358002633 3.575521231 -0.026343638 0.994499385 -0.101375237 0.674293578 0.357225746 0.104079731 0.928201020 1.613340855
0.930520773 -0.011221458 -0.366067141 3.462854385 -0.026641818 0.994808257 -0.098216847 0.643087864 0.365268797 0.101145506 0.925390840 1.885488153
0.927072763 -0.009087494 -0.374771357 3.081251383 -0.027663855 0.995322108 -0.092566811 0.514353573 0.373859346 0.096183799 0.922484577 2.961612225
0.923579454 -0.006518642 -0.383351684 2.560171127 -0.029189816 0.995758116 -0.087256953 0.418024480 0.382294357 0.091778681 0.919471383 3.915756226
0.920048058 -0.002412612 -0.391798258 2.426301956 -0.032854609 0.995984197 -0.083284520 0.386122763 0.390425801 0.089498140 0.916273832 4.211303711
0.916110575 -0.001064918 -0.400924206 1.994812369 -0.034631383 0.996048629 -0.081778258 0.282263726 0.399427116 0.088802487 0.912453890 5.282317162
0.912122369 -0.001424636 -0.409915417 1.851346970 -0.034938447 0.996084869 -0.081205048 0.254238635 0.408426195 0.088390760 0.908501565 5.583656311
0.908258438 -0.000656665 -0.418409109 1.394242048 -0.035916042 0.996185422 -0.079527922 0.140227199 0.416865289 0.087259494 0.904770136 6.683022022
0.904405236 -0.000487795 -0.426674366 1.238020182 -0.036275215 0.996290863 -0.078030191 0.113454223 0.425129831 0.086048611 0.901032925 7.005430222
0.900483906 -0.001278234 -0.434887469 0.754317045 -0.034907699 0.996556580 -0.075209491 -0.004014075 0.433486044 0.082905844 0.897338510 8.095933914
0.896402776 -0.002814336 -0.443231553 0.588120222 -0.031953484 0.996967733 -0.070953868 -0.031428218 0.442087203 0.077766038 0.893594563 8.432396889
0.892790437 0.001549388 -0.450469583 -0.042312384 -0.034717441 0.997256517 -0.065376818 -0.142224818 0.449132383 0.074006960 0.890394807 9.662452698
0.888495028 0.001101011 -0.458884835 -0.250957727 -0.032961577 0.997567117 -0.061426889 -0.175382555 0.457700759 0.069703065 0.886369765 10.078372955
0.885292351 0.000792215 -0.465034246 -0.910525560 -0.032090139 0.997718811 -0.059390783 -0.269378275 0.463926315 0.067501210 0.883298337 11.277307510
0.881752431 -0.000435030 -0.471712261 -1.202862740 -0.031067677 0.997774839 -0.058993727 -0.303643227 0.470688194 0.066672869 0.879776895 11.839425087
0.878464222 -0.000494643 -0.477807850 -1.846126556 -0.029947141 0.997976482 -0.056091860 -0.405549943 0.476868719 0.063583679 0.876671672 13.030780792
0.875276148 -0.003844827 -0.483608216 -2.165981293 -0.026001019 0.998148024 -0.054994464 -0.449636608 0.482924044 0.060709659 0.873555183 13.636216164
0.872903883 -0.002464467 -0.487885833 -2.752828598 -0.027553564 0.998142242 -0.054339565 -0.542740762 0.487113416 0.060876220 0.871214449 14.657251358
0.870437801 -0.005325035 -0.492249459 -3.147983551 -0.025249716 0.998142362 -0.055446371 -0.573728323 0.491630286 0.060691785 0.868686438 15.353122711
0.869213104 -0.004472054 -0.494417369 -3.725528717 -0.026451416 0.998106539 -0.055531017 -0.645696759 0.493729532 0.061346337 0.867448986 16.362827301
0.868988097 -0.003770020 -0.494818509 -4.144661903 -0.026641818 0.998164117 -0.054392714 -0.703439295 0.494115174 0.060449496 0.867292404 17.062372208
0.868434072 -0.004906142 -0.495780289 -4.753562450 -0.024479268 0.998307228 -0.052758191 -0.775453031 0.495199859 0.057953354 0.866843998 18.146316528
0.868137419 -0.006015809 -0.496287525 -5.210678101 -0.022927664 0.998372972 -0.052208427 -0.832353950 0.495794058 0.056702800 0.866587043 18.926208496
0.867833674 -0.005918288 -0.496819556 -5.659283161 -0.023661552 0.998302162 -0.053223610 -0.877526045 0.496291071 0.057944760 0.866220295 19.764492035
0.866380930 -0.008506926 -0.499311179 -6.136603832 -0.021173567 0.998329997 -0.053748228 -0.932149768 0.498934627 0.057138640 0.864753962 20.594322205
0.865283966 -0.009266304 -0.501196563 -6.720335007 -0.019334694 0.998468220 -0.051840149 -0.996117234 0.500909328 0.054546922 0.863779187 21.568149567
0.862758279 -0.009070190 -0.505535424 -7.216420650 -0.017612297 0.998693228 -0.047975849 -1.048173666 0.505309939 0.050295189 0.861471057 22.426734924
0.860079288 -0.008558603 -0.510088563 -7.787528992 -0.016002841 0.998914599 -0.043743424 -1.129055738 0.509909332 0.045785677 0.859008849 23.380311966
0.856023192 -0.009065398 -0.516857684 -8.297227859 -0.014588653 0.999024212 -0.041684162 -1.187811375 0.516731381 0.043222871 0.855055928 24.212306976
0.850659728 -0.012339930 -0.525571764 -8.891391754 -0.012689802 0.998951197 -0.043993402 -1.258720756 0.525563478 0.044092823 0.849610925 25.222066879
0.844784856 -0.015701309 -0.534875691 -9.437858582 -0.011241030 0.998828113 -0.047074784 -1.323472738 0.534987986 0.045780618 0.843618333 26.053894043
0.838813663 -0.014255419 -0.544231951 -9.968390465 -0.013968498 0.998764455 -0.047690641 -1.339285016 0.544239342 0.047605664 0.837578177 26.936832428
0.833237708 -0.010323538 -0.552818358 -10.562784195 -0.015624729 0.998986721 -0.042205896 -1.396902680 0.552693903 0.043805186 0.832232296 27.793136597
0.827873051 -0.006347462 -0.560879648 -11.124997139 -0.017993728 0.999120712 -0.037866239 -1.453735352 0.560626864 0.041440751 0.827030957 28.655216217
0.823575675 -0.007900652 -0.567151308 -11.699358940 -0.017689928 0.999058723 -0.039605323 -1.502547026 0.566930354 0.042650849 0.822660863 29.489421844
0.820405543 -0.008142635 -0.571724117 -12.313488960 -0.021440104 0.998757303 -0.044990394 -1.513459682 0.571379960 0.049168199 0.819211483 30.404668808
0.817647278 -0.009983674 -0.575632930 -12.914826393 -0.024440411 0.998346269 -0.052031070 -1.575131059 0.575200438 0.056611769 0.816051245 31.224451065
0.813656986 -0.012198064 -0.581217229 -13.690219879 -0.023192383 0.998302758 -0.053418927 -1.667271495 0.580882490 0.056944497 0.811993062 32.304576874
0.810385287 -0.011387475 -0.585786760 -14.299249649 -0.021634117 0.998547733 -0.049340319 -1.729070783 0.585497975 0.052657638 0.808961868 33.123111725
0.807316422 -0.008180657 -0.590062141 -14.968151093 -0.022212582 0.998774052 -0.044238068 -1.795222521 0.589700639 0.048820920 0.806144953 34.040847778
0.804298222 -0.005474233 -0.594200730 -15.586219788 -0.023658741 0.998869598 -0.041226350 -1.849996567 0.593754768 0.047216319 0.803259492 34.857288361
0.801195502 -0.005593499 -0.598376453 -16.206037521 -0.024490438 0.998811960 -0.042128131 -1.895053983 0.597901165 0.048407368 0.800106764 35.718559265
0.797497809 -0.006631621 -0.603285313 -16.834541321 -0.024868749 0.998728395 -0.043853141 -1.950112104 0.602809012 0.049975738 0.796318889 36.523433685
0.793424308 -0.009681707 -0.608591914 -17.494392395 -0.023305066 0.998657107 -0.046269938 -2.010543585 0.608222604 0.050894972 0.792133152 37.390274048
0.789125264 -0.011072602 -0.614132464 -18.143747330 -0.022079792 0.998679936 -0.046377134 -2.080450296 0.613835275 0.050157279 0.787839115 38.201721191
0.784609735 -0.011979067 -0.619874418 -18.835575104 -0.020575911 0.998759449 -0.045345102 -2.138762474 0.619648635 0.048332680 0.783389926 39.083808899
0.780055940 -0.010635398 -0.625619292 -19.506378174 -0.022266392 0.998750389 -0.044741485 -2.195010424 0.625313461 0.048831150 0.778844476 39.886070251
0.774190724 -0.012780967 -0.632823288 -20.210115433 -0.021073056 0.998721361 -0.045951523 -2.254412413 0.632601440 0.048910767 0.772931516 40.755489349
0.768924236 -0.014093411 -0.639184535 -20.914234161 -0.020518260 0.998698056 -0.046703324 -2.318670988 0.639010608 0.049026277 0.767633915 41.593635559
0.762565911 -0.015652068 -0.646721184 -21.592842102 -0.019614987 0.998688161 -0.047298983 -2.386617184 0.646613181 0.048754018 0.761258483 42.413406372
0.757603526 -0.018069571 -0.652464747 -22.332168579 -0.017955959 0.998661458 -0.048506655 -2.445010900 0.652467847 0.048464440 0.756265044 43.239009857
0.751243830 -0.019978482 -0.659722269 -23.055786133 -0.017273325 0.998604357 -0.049910516 -2.505315542 0.659798622 0.048890565 0.749850214 44.073036194
0.745215595 -0.021021232 -0.666492105 -23.654098511 -0.015470364 0.998688936 -0.048796423 -2.595149040 0.666643977 0.046674736 0.743913412 44.779968262
0.738471746 -0.021245755 -0.673949599 -24.520778656 -0.014796438 0.998752177 -0.047697932 -2.647058249 0.674122036 0.045195621 0.737235963 45.694717407
0.732003510 -0.021749575 -0.680953562 -25.281625748 -0.014411195 0.998772383 -0.047392245 -2.706088066 0.681148529 0.044504642 0.730791450 46.488101959
0.725970507 -0.023904974 -0.687310219 -25.784717560 -0.011060979 0.998860717 -0.046423987 -2.804386616 0.687636852 0.041304782 0.724878967 47.089347839
0.719669640 -0.025116991 -0.693862081 -26.525766373 -0.011787103 0.998759568 -0.048379429 -2.866773844 0.694216490 0.042995844 0.718480885 47.838176727
0.712880492 -0.025055243 -0.700837791 -27.446617126 -0.012848954 0.998727083 -0.048774652 -2.915345192 0.701167822 0.043775525 0.711651146 48.770355225
0.707591057 -0.024532655 -0.706196249 -28.244195938 -0.012892110 0.998782575 -0.047614425 -2.987437725 0.706504703 0.042795893 0.706413269 49.551506042
0.703377664 -0.025745980 -0.710349858 -29.171285629 -0.007578322 0.999015391 -0.043712337 -3.180409193 0.710775793 0.036129545 0.702490091 50.296600342
0.698779225 -0.026279582 -0.714854419 -29.981739044 -0.008252908 0.998962224 -0.044791307 -3.240861893 0.715289593 0.037198864 0.697837293 51.062648773
0.693557680 -0.028500995 -0.719837070 -30.807266235 -0.008555288 0.998820722 -0.047789942 -3.299857378 0.720350266 0.039303489 0.692496002 51.851318359
0.688483536 -0.031024473 -0.724588037 -31.622920990 -0.007575303 0.998722553 -0.049959846 -3.366664410 0.725212395 0.039885506 0.687368989 52.605880737
0.683271825 -0.031675663 -0.729476750 -32.462142944 -0.008149951 0.998665512 -0.050998230 -3.431130886 0.730118632 0.040790856 0.682101846 53.401878357
0.678358436 -0.030961901 -0.734078526 -33.274112701 -0.007843689 0.998749614 -0.049373489 -3.501400471 0.734689176 0.039250802 0.677267313 54.155303955
0.673080802 -0.031628747 -0.738892317 -34.175289154 -0.006954303 0.998770237 -0.049087871 -3.557245016 0.739536285 0.038178578 0.672033131 54.958908081
0.667628944 -0.033405099 -0.743744254 -35.031105042 -0.005214584 0.998758495 -0.049539905 -3.625084877 0.744475901 0.036952596 0.666625977 55.729187012
0.662762165 -0.033821635 -0.748065889 -35.900035858 -0.004890720 0.998762667 -0.049489189 -3.701047421 0.748813987 0.036458146 0.661776602 56.507625580
0.658615470 -0.035328731 -0.751649916 -36.796207428 -0.003117790 0.998760521 -0.049675200 -3.758009911 0.752473295 0.035060339 0.657688975 57.266166687
0.655289054 -0.034476425 -0.754591048 -37.665924072 -0.004331755 0.998769879 -0.049394410 -3.830351353 0.755365789 0.035636324 0.654333711 57.986221313
0.651048481 -0.037558243 -0.758106411 -38.492748260 -0.000916582 0.998735368 -0.050266676 -3.913433790 0.759035647 0.033420909 0.650190711 58.707294464
0.647130549 -0.041985221 -0.761222184 -39.360183716 0.000464284 0.998503923 -0.054677792 -3.938718081 0.762379050 0.035030253 0.646181941 59.456054688
0.642581344 -0.046489574 -0.764805794 -40.242744446 0.005123859 0.998395920 -0.056383602 -4.011134148 0.766200364 0.032312289 0.641788840 60.179317474
0.635662138 -0.049706869 -0.770365357 -41.083366394 0.009069066 0.998336792 -0.056933142 -4.066170692 0.771914005 0.029203763 0.635055780 60.926338196
0.627291739 -0.053506851 -0.776944101 -41.989253998 0.014259848 0.998258829 -0.057235260 -4.147891521 0.778653800 0.024824105 0.626962483 61.661331177
0.618730605 -0.054364305 -0.783719778 -42.963020325 0.016130939 0.998271585 -0.056512065 -4.212031364 0.785437524 0.022323610 0.618538082 62.386085510
0.609765828 -0.053005442 -0.790807247 -43.902435303 0.016335364 0.998389781 -0.054323416 -4.280980587 0.792413354 0.020206425 0.609649718 63.113471985
0.601680219 -0.052621812 -0.797001779 -44.897846222 0.015002497 0.998395920 -0.054592978 -4.349530220 0.798596144 0.020890495 0.601504564 63.802425385
0.592103481 -0.054201547 -0.804037094 -45.856792450 0.013727222 0.998269141 -0.057186160 -4.413105965 0.805744946 0.022822930 0.591822624 64.509628296
0.582247555 -0.056262143 -0.811062455 -46.833015442 0.014735699 0.998169065 -0.058662940 -4.503912926 0.812878013 0.022204787 0.582010567 65.194664001
0.571835399 -0.058764856 -0.818260968 -47.822441101 0.015499251 0.998026907 -0.060843550 -4.570868015 0.820221961 0.022110062 0.571618021 65.891372681
0.562533855 -0.058795918 -0.824680924 -48.796718597 0.016602593 0.998070359 -0.059832770 -4.627001286 0.826607525 0.019966114 0.562424541 66.559288025
0.552548587 -0.058872562 -0.831398845 -49.817298889 0.017241877 0.998096168 -0.059217669 -4.711067200 0.833302319 0.018385757 0.552511692 67.220428467
0.541829228 -0.059517354 -0.838378787 -50.844799042 0.018800644 0.998098254 -0.058705501 -4.815110683 0.840278268 0.016046295 0.541917861 67.881744385
0.531371951 -0.060961600 -0.844942331 -51.875343323 0.017736817 0.997989357 -0.060849339 -4.888085365 0.846952915 0.017347043 0.531384826 68.528602600
0.521091223 -0.061565589 -0.851277590 -52.934608459 0.017122578 0.997948349 -0.061691795 -4.961983681 0.853329122 0.017570987 0.521076322 69.194023132
0.511857629 -0.062167108 -0.856817901 -53.944839478 0.015700189 0.997888565 -0.063023396 -5.049450874 0.858926833 0.018806802 0.511752903 69.778915405
0.501660526 -0.062075045 -0.862834513 -55.052448273 0.014725329 0.997890472 -0.063229948 -5.147779942 0.864939272 0.019014444 0.501516223 70.429306030
0.492863864 -0.060329743 -0.868012369 -56.113792419 0.014017007 0.998014390 -0.061406367 -5.228059292 0.869993508 0.018098038 0.492730886 71.026428223
0.485571593 -0.058033995 -0.872268379 -57.116867065 0.013722808 0.998177052 -0.058771823 -5.320110321 0.874089181 0.016567953 0.485482872 71.545555115
0.478519887 -0.058465794 -0.876128078 -58.160884857 0.014646293 0.998173356 -0.058610689 -5.407694817 0.877954602 0.015214353 0.478502184 72.094657898
0.469444484 -0.062169489 -0.880770624 -59.358337402 0.017010396 0.997969925 -0.061375614 -5.497798443 0.882798135 0.013830185 0.469548911 72.784011841
0.462315291 -0.065368235 -0.884302914 -60.442550659 0.020063097 0.997794867 -0.063268624 -5.594267368 0.886488676 0.011508193 0.462607324 73.352172852
0.457030356 -0.067761920 -0.886866152 -61.476360321 0.019849997 0.997622490 -0.065995060 -5.682458401 0.889229596 0.012557448 0.457288831 73.850135803
0.451527387 -0.071071014 -0.889422238 -62.548820496 0.021450963 0.997399151 -0.068809263 -5.784621239 0.891999364 0.011990302 0.451877624 74.395530701
0.447081000 -0.072408661 -0.891557932 -63.669212341 0.024805544 0.997338474 -0.068560734 -5.882396698 0.894149423 0.008536621 0.447687298 74.950302124
0.442281544 -0.069019727 -0.894216597 -64.763595581 0.025661515 0.997600079 -0.064307101 -5.990299225 0.896509051 0.005494886 0.442991227 75.505126953
0.438262343 -0.068005010 -0.896270871 -65.871376038 0.029380213 0.997684836 -0.061333392 -6.070640087 0.898366809 0.000547482 0.439245671 76.065582275
0.435858250 -0.067093588 -0.897511065 -66.950057983 0.030012125 0.997746348 -0.060011920 -6.162733555 0.899514735 -0.000779524 0.436889559 76.565811157
0.430987954 -0.067784160 -0.899808109 -68.123222351 0.033531133 0.997689068 -0.059097029 -6.256056786 0.901734471 -0.004701472 0.432264864 77.182403564
0.428075880 -0.066780910 -0.901272058 -69.231369019 0.035424028 0.997739673 -0.057103500 -6.352510452 0.903048217 -0.007482051 0.429473937 77.712677002
0.426907122 -0.068039775 -0.901732147 -70.322937012 0.035182111 0.997660041 -0.058621712 -6.333068848 0.903610826 -0.006698812 0.428302079 78.183517456
0.425082266 -0.068577386 -0.902553141 -71.413139343 0.037234727 0.997606635 -0.058262978 -6.429482937 0.904388607 -0.008839760 0.426618338 78.692016602
0.422409981 -0.069812290 -0.903712392 -72.493713379 0.040014759 0.997493625 -0.058353391 -6.495933056 0.905521214 -0.011512778 0.424144745 79.199943542
0.419830739 -0.068672016 -0.905000746 -73.538223267 0.043455344 0.997510672 -0.055532746 -6.587582111 0.906561553 -0.016012771 0.421769768 79.692474365
0.418855727 -0.068421230 -0.905471385 -74.624557495 0.044872597 0.997498453 -0.054617893 -6.659611702 0.906943381 -0.017753834 0.420878202 80.158966064
0.417687595 -0.068561763 -0.906000137 -75.664192200 0.045115326 0.997483850 -0.054685574 -6.741535187 0.907469988 -0.018033011 0.419729799 80.629989624
0.415295124 -0.071063377 -0.906906784 -76.716934204 0.049410682 0.997234523 -0.055514894 -6.828952789 0.908343852 -0.021755818 0.417657942 81.139671326
0.415749580 -0.072314106 -0.906599700 -77.759597778 0.048799269 0.997171700 -0.057160065 -6.906713486 0.908168972 -0.020477124 0.418102652 81.586105347
0.415961355 -0.073054783 -0.906443119 -78.749435425 0.048485957 0.997131824 -0.058113929 -6.993923664 0.908088803 -0.019776613 0.418310434 82.046264648
0.419156730 -0.072706498 -0.904997945 -79.747451782 0.045469563 0.997218609 -0.059055816 -7.067173004 0.906774580 -0.016396223 0.421296835 82.489562988
0.424661666 -0.066556059 -0.902902424 -80.757812500 0.040344682 0.997694671 -0.054568231 -7.287567616 0.904452682 -0.013254276 0.426367819 82.915115356
0.429972082 -0.066094317 -0.900419712 -81.758842468 0.038683943 0.997749567 -0.054766208 -7.379983425 0.902013063 -0.011283840 0.431561232 83.382713318
0.435789287 -0.064734936 -0.897717714 -82.701919556 0.038557447 0.997837245 -0.053237233 -7.507841110 0.899222493 -0.011413489 0.437342644 83.825263977
0.442868918 -0.062890850 -0.894377887 -83.670516968 0.036740504 0.997971892 -0.051982582 -7.585431099 0.895833313 -0.009838427 0.444281399 84.308135986
0.451027036 -0.058227703 -0.890608966 -84.580276489 0.033111919 0.998274267 -0.048498102 -7.708828449 0.891895831 -0.007615809 0.452176839 84.749816895
0.459362090 -0.057738449 -0.886370540 -85.521286011 0.032944430 0.998305917 -0.047956489 -7.773421764 0.887637913 -0.007171577 0.460486084 85.241790771
0.468534678 -0.054264698 -0.881776989 -86.629882812 0.029005965 0.998518527 -0.046036597 -7.886929512 0.882968783 -0.004007050 0.469414532 85.857238770
0.478670925 -0.053685382 -0.876351535 -87.557472229 0.026701996 0.998557270 -0.046586849 -7.964250565 0.877588153 -0.001100561 0.479413897 86.355766296
0.489242643 -0.055476390 -0.870381534 -88.529739380 0.025693724 0.998458505 -0.049197290 -8.034042358 0.871769130 0.001706066 0.489913911 86.869651794
0.500996053 -0.054360036 -0.863740683 -89.465492249 0.022081420 0.998503387 -0.050033513 -8.118386269 0.865167916 0.005993967 0.501446486 87.404876709
0.512274921 -0.054999765 -0.857058585 -90.255126953 0.022148432 0.998461425 -0.050835572 -8.160843849 0.858535886 0.007059281 0.512704909 87.900215149
0.525808930 -0.051977575 -0.849013150 -91.197837830 0.020406365 0.998614788 -0.048498340 -8.235529900 0.850357890 0.008175592 0.526141226 88.437805176
0.538296700 -0.053662095 -0.841045201 -92.166580200 0.022075001 0.998526096 -0.049581304 -8.235733986 0.842466235 0.008123382 0.538687885 89.040924072
0.550386667 -0.055402990 -0.833069623 -93.129821777 0.024057975 0.998433948 -0.050506033 -8.281333923 0.834563017 0.007755890 0.550857663 89.645668030
0.563332021 -0.054850109 -0.824407995 -94.330780029 0.023309236 0.998451889 -0.050502136 -8.380007744 0.825901747 0.009233162 0.563738465 90.348709106
0.574630201 -0.055462711 -0.816531777 -95.147422791 0.023219496 0.998404324 -0.051475756 -8.447200775 0.818083704 0.010620071 0.575001001 90.909751892
0.586440027 -0.056613568 -0.808011770 -95.908691406 0.025040813 0.998344719 -0.051775154 -8.509259224 0.809605479 0.010129745 0.586887002 91.426017761
0.597074449 -0.057020869 -0.800156653 -96.686584473 0.025579005 0.998316586 -0.052055188 -8.560044289 0.801777899 0.010613608 0.597527862 91.988143921
0.608152211 -0.055100877 -0.791905761 -97.422920227 0.025095604 0.998423934 -0.050198007 -8.599124908 0.793423533 0.010654677 0.608576596 92.506179810
0.618202746 -0.054622099 -0.784118474 -98.335365295 0.026290813 0.998461246 -0.048825514 -8.576774597 0.785578907 0.009568957 0.618687510 93.221771240
0.627807200 -0.054460373 -0.776461303 -99.025115967 0.026228284 0.998462856 -0.048824526 -8.583239555 0.777926862 0.010287145 0.628270626 93.728675842
0.637776732 -0.054073989 -0.768320799 -99.649124146 0.024142869 0.998445868 -0.050229266 -8.625803947 0.769842803 0.013485591 0.638091087 94.230293274
0.647163570 -0.053710446 -0.760456800 -100.279510498 0.022557579 0.998427391 -0.051321171 -8.679314613 0.762017369 0.016059134 0.647357404 94.762245178
0.656427801 -0.053086031 -0.752518713 -100.897598267 0.022318786 0.998450935 -0.050966352 -8.732828140 0.754058659 0.016660424 0.656595767 95.295532227
0.665619910 -0.051115580 -0.744538248 -101.500419617 0.022085505 0.998563766 -0.048810944 -8.788131714 0.745964050 0.016046038 0.665792823 95.828506470
0.674103200 -0.049415872 -0.736982286 -102.094352722 0.022213316 0.998664498 -0.046644010 -8.840371132 0.738303006 0.015072061 0.674300730 96.373809814
0.682035387 -0.049002983 -0.729675710 -102.671684265 0.022681341 0.998689890 -0.045868754 -8.889780998 0.730967343 0.014734091 0.682253242 96.913925171
0.689955533 -0.048226863 -0.722243369 -103.243659973 0.021648817 0.998706460 -0.046006322 -8.937915802 0.723527968 0.016106598 0.690107048 97.451271057
0.697465479 -0.047220618 -0.715060949 -103.831565857 0.021194426 0.998749316 -0.045281716 -8.998554230 0.716304898 0.016427124 0.697594047 98.023994446
0.704474986 -0.044987883 -0.708301544 -104.363510132 0.020882756 0.998870790 -0.042673502 -9.033582687 0.709421515 0.015271127 0.704618931 98.543533325
0.712258458 -0.041432776 -0.700693369 -104.962799072 0.019073863 0.999030113 -0.039685093 -9.085474014 0.701658010 0.014901116 0.712357938 99.142204285
0.719160914 -0.040308256 -0.693673313 -105.428588867 0.018456962 0.999071896 -0.038919352 -9.118223190 0.694598377 0.015186176 0.719237566 99.631614685
0.727033854 -0.039245829 -0.685479105 -105.994262695 0.017705334 0.999104738 -0.038423218 -9.169092178 0.686373293 0.015798343 0.727077842 100.214523315
0.734630704 -0.036730893 -0.677472055 -106.477775574 0.015628273 0.999184608 -0.037226532 -9.210435867 0.678287148 0.016760034 0.734605849 100.706100464
0.743742704 -0.033848032 -0.667608380 -107.007354736 0.014625628 0.999302089 -0.034371506 -9.249757767 0.668305814 0.015799368 0.743718803 101.293144226
0.752988517 -0.029717166 -0.657362282 -107.437927246 0.013131595 0.999459386 -0.030140396 -9.324877739 0.657902598 0.014063155 0.752971709 101.721542358
0.763255835 -0.027326055 -0.645518303 -107.945678711 0.011070472 0.999511600 -0.029221648 -9.365255356 0.646001518 0.015157401 0.763185620 102.306488037
0.773358345 -0.025906734 -0.633439600 -108.512351990 0.009558843 0.999527633 -0.029208925 -9.441008568 0.633897066 0.016534014 0.773240685 102.795600891
0.783134460 -0.026738109 -0.621277452 -108.994918823 0.009510725 0.999473333 -0.031026160 -9.481216431 0.621779740 0.018388854 0.782976270 103.397209167
0.792997956 -0.026158012 -0.608662605 -109.373962402 0.009500116 0.999487281 -0.030576922 -9.504659653 0.609150469 0.018465064 0.792839587 103.892440796
0.803388000 -0.023823315 -0.594979227 -109.822601318 0.008553282 0.999557972 -0.028473562 -9.546464920 0.595394611 0.017786289 0.803236485 104.484359741
0.813141346 -0.022366600 -0.581636429 -110.200126648 0.009098443 0.999627769 -0.025720457 -9.570475578 0.581995189 0.015622379 0.813042164 105.009292603
0.822516322 -0.020539572 -0.568370581 -110.611961365 0.008771890 0.999686956 -0.023432110 -9.601254463 0.568673909 0.014287607 0.822438955 105.615028381
0.831709862 -0.019819001 -0.554856598 -110.980430603 0.010138172 0.999738157 -0.020513037 -9.622821808 0.555117905 0.011435665 0.831693053 106.140693665
0.839842558 -0.019037474 -0.542496145 -111.376907349 0.010824044 0.999773443 -0.018327629 -9.645568848 0.542722106 0.009520320 0.839858353 106.749038696
0.846865058 -0.019751040 -0.531440914 -111.720825195 0.012750365 0.999776840 -0.016838746 -9.669265747 0.531654954 0.007484079 0.846928000 107.304656982
0.853240430 -0.018705031 -0.521182120 -112.088012695 0.011851954 0.999793947 -0.016479097 -9.689235687 0.521383047 0.007883606 0.853286326 107.924591064
0.860151350 -0.018258041 -0.509711802 -112.447059631 0.011441131 0.999798238 -0.016505904 -9.711566925 0.509910345 0.008365897 0.860186875 108.492111206
0.866830468 -0.016965574 -0.498314261 -112.811325073 0.010578160 0.999821723 -0.015638886 -9.731509209 0.498490751 0.008285015 0.866855443 109.105163574
0.873061240 -0.014880366 -0.487383544 -113.185165405 0.008736771 0.999851167 -0.014876202 -9.756391525 0.487532318 0.008729677 0.873061299 109.710311890
0.878827393 -0.015317965 -0.476893812 -113.536621094 0.009441555 0.999847114 -0.014716331 -9.780817032 0.477046371 0.008430493 0.878837645 110.345252991
0.883814633 -0.016750025 -0.467537224 -113.896621704 0.010597595 0.999819219 -0.015786305 -9.808748245 0.467717171 0.008997397 0.883832335 110.976531982
0.888032794 -0.017820075 -0.459434479 -114.237777710 0.011660133 0.999800146 -0.016241560 -9.824585915 0.459632039 0.009065970 0.888063133 111.634201050
0.891512632 -0.016975664 -0.452677369 -114.514144897 0.010991336 0.999814034 -0.015847024 -9.832945824 0.452862144 0.009152295 0.891533554 112.228355408
0.894817948 -0.014593174 -0.446192384 -114.852249146 0.010028662 0.999870479 -0.012589759 -9.852782249 0.446318328 0.006790831 0.894848526 112.896705627
0.897757351 -0.010859984 -0.440356433 -115.211975098 0.008204890 0.999934971 -0.007932832 -9.877542496 0.440413952 0.003508682 0.897787929 113.561119080
0.901002765 -0.008748855 -0.433725297 -115.540306091 0.007257086 0.999960780 -0.005095062 -9.891668320 0.433752865 0.001443083 0.901030779 114.244384766
0.904339135 -0.005714377 -0.426776379 -115.913391113 0.004962208 0.999983549 -0.002874491 -9.904417992 0.426785797 0.000481762 0.904352605 114.938575745
0.907538116 -0.004121088 -0.419949740 -116.243507385 0.004143474 0.999991059 -0.000858894 -9.909211159 0.419949532 -0.000960571 0.907546997 115.648559570
0.910771489 -0.002995002 -0.412899941 -116.635368347 0.004220356 0.999988914 0.002055731 -9.913050652 0.412889093 -0.003614885 0.910774112 116.343635559
0.914158463 -0.003402159 -0.405342579 -116.964187622 0.005363431 0.999978781 0.003702891 -9.914168358 0.405321360 -0.005559056 0.914157331 117.086242676
0.917593837 -0.003531370 -0.397503406 -117.280685425 0.005971851 0.999970138 0.004901769 -9.922344208 0.397474200 -0.006871665 0.917587578 117.804695129
0.921215534 -0.004223302 -0.389029533 -117.594863892 0.006733687 0.999964416 0.005089656 -9.926609039 0.388994128 -0.007308273 0.921211243 118.557388306
0.924874425 -0.006384572 -0.380219012 -117.897666931 0.008791761 0.999950767 0.004594765 -9.933482170 0.380171061 -0.007592376 0.924884975 119.295501709
0.928842425 -0.007534850 -0.370398372 -118.221572876 0.009538443 0.999948025 0.003577907 -9.947128296 0.370352209 -0.006856334 0.928866148 120.088821411
0.933101177 -0.009581621 -0.359486222 -118.508361816 0.010672294 0.999942482 0.001049442 -9.940678596 0.359455496 -0.004815778 0.933149815 120.849349976
0.938176274 -0.007547366 -0.346075386 -118.809288025 0.008249118 0.999965847 0.000554846 -9.951180458 0.346059412 -0.003375360 0.938206494 121.657005310
0.944149613 -0.003744664 -0.329495668 -119.110015869 0.004548766 0.999988258 0.001669511 -9.956818581 0.329485565 -0.003075067 0.944155633 122.459754944
0.950461090 -0.000208747 -0.310843587 -119.396774292 0.001765227 0.999987245 0.004725962 -9.965465546 0.310838670 -0.005040552 0.950449347 123.301490784
0.956766307 0.003182217 -0.290840387 -119.633605957 -0.001419105 0.999979317 0.006272851 -9.959368706 0.290854394 -0.005588919 0.956750989 124.082939148
0.962911010 0.005002619 -0.269772947 -119.871582031 -0.003192808 0.999969423 0.007147035 -9.968255997 0.269800395 -0.006020625 0.962897480 124.950439453
0.968725026 0.005903126 -0.248066410 -120.120910645 -0.003875387 0.999954998 0.008661699 -9.955202103 0.248106360 -0.007429449 0.968704283 125.744720459
0.974017680 0.006779563 -0.226370558 -120.329925537 -0.004263320 0.999923646 0.011602642 -9.953752518 0.226431906 -0.010336088 0.973972142 126.627227783
0.978826106 0.008736561 -0.204507098 -120.516738892 -0.005820021 0.999872684 0.014858461 -9.950737000 0.204610839 -0.013353612 0.978752315 127.523788452
0.983282566 0.011361427 -0.181731284 -120.709823608 -0.008023286 0.999785662 0.019093186 -9.948364258 0.181909233 -0.017315917 0.983162880 128.445480347
0.987271011 0.013210516 -0.158497661 -120.888275146 -0.009803914 0.999704301 0.022255776 -9.929262161 0.158744782 -0.020418584 0.987108529 129.392227173
0.990537167 0.014747249 -0.136450216 -121.060272217 -0.011858421 0.999688506 0.021960028 -9.905426979 0.136731580 -0.020134136 0.990403414 130.318023682
0.993347645 0.014346606 -0.114257522 -121.164245605 -0.012121916 0.999723613 0.020141931 -9.905633926 0.114514917 -0.018622912 0.993246973 131.223342896
0.995513976 0.014577526 -0.093484759 -121.244232178 -0.012831021 0.999732196 0.019256232 -9.907024384 0.093740448 -0.017970344 0.995434463 132.238540649
0.997263014 0.012935336 -0.072794408 -121.343017578 -0.011395082 0.999703169 0.021534652 -9.899140358 0.073051356 -0.020646213 0.997114480 133.198028564
0.998530447 0.013557856 -0.052471481 -121.415046692 -0.012367248 0.999660134 0.022949180 -9.884216309 0.052764796 -0.022266520 0.998358667 134.222198486
0.999371529 0.014370821 -0.032401681 -121.464599609 -0.013599936 0.999622166 0.023887664 -9.866764069 0.032732718 -0.023431990 0.999189436 135.187011719
0.999800026 0.016372135 -0.011484649 -121.511177063 -0.016085286 0.999567032 0.024639528 -9.861212730 0.011883076 -0.024449872 0.999630392 136.222183228
0.999830723 0.016142739 0.008834124 -121.494277954 -0.016359778 0.999551833 0.025074111 -9.836115837 -0.008425400 -0.025214387 0.999646604 137.244247437
0.999396205 0.018757995 0.029243588 -121.466758728 -0.019480236 0.999507248 0.024611406 -9.822160721 -0.028767517 -0.025166219 0.999269307 138.256912231
0.998565674 0.020225631 0.049571335 -121.425514221 -0.021412285 0.999493897 0.023525346 -9.803182602 -0.049070433 -0.024553042 0.998493493 139.254531860
0.997400999 0.020450676 0.069087140 -121.369102478 -0.021941101 0.999541044 0.020883519 -9.800666809 -0.068628356 -0.022345088 0.997391999 140.315338135
0.995830476 0.023260858 0.088207349 -121.284049988 -0.024968263 0.999520540 0.018302849 -9.792447090 -0.087739319 -0.020428916 0.995933890 141.360977173
0.993954897 0.023905711 0.107155330 -121.165878296 -0.025846824 0.999525368 0.016762720 -9.794092178 -0.106703743 -0.019431012 0.994100928 142.407424927
0.991699338 0.023595294 0.126394242 -121.117370605 -0.025535610 0.999579251 0.013752859 -9.783505440 -0.126016572 -0.016866257 0.991884708 143.442092896
0.989034057 0.025510814 0.145467043 -120.979309082 -0.026989616 0.999602020 0.008201124 -9.770417213 -0.145199955 -0.012037294 0.989329040 144.536697388
0.986201584 0.027669800 0.163219780 -120.812522888 -0.028375311 0.999595344 0.001992268 -9.789766312 -0.163098603 -0.006596190 0.986587763 145.608032227
0.983089507 0.029215226 0.180781022 -120.670745850 -0.029123625 0.999570847 -0.003161636 -9.799992561 -0.180795819 -0.002156827 0.983518302 146.748748779
0.979676545 0.031102121 0.198158279 -120.448295593 -0.030289197 0.999515772 -0.007132907 -9.819677353 -0.198284164 0.000985887 0.980144143 147.854629517
0.975749493 0.033037975 0.216382593 -120.243331909 -0.031409126 0.999446511 -0.010963213 -9.805253029 -0.216624990 0.003900960 0.976247072 149.221618652
0.971680522 0.032444805 0.234060466 -119.986381531 -0.030737992 0.999467671 -0.010937456 -9.822801590 -0.234290749 0.003433162 0.972160518 150.354553223
0.967461288 0.031679891 0.251027972 -119.707038879 -0.029770063 0.999491751 -0.011402758 -9.871557236 -0.251261652 0.003558607 0.967912614 151.540405273
0.962941170 0.032029089 0.267802835 -119.401138306 -0.028599741 0.999451518 -0.016697546 -9.903153419 -0.268190742 0.008419664 0.963329017 152.680938721
0.957797170 0.032429930 0.285609454 -119.172088623 -0.027439931 0.999393165 -0.021457126 -9.933629990 -0.286131918 0.012714470 0.958105981 154.090957642
0.952582300 0.035133049 0.302245796 -118.807655334 -0.030006839 0.999316573 -0.021588568 -9.960205078 -0.302797675 0.011495449 0.952985525 155.239181519
0.946810782 0.037022151 0.319654018 -118.451698303 -0.031575114 0.999254644 -0.022208037 -10.007944107 -0.320237935 0.010933695 0.947274029 156.399856567
0.940655172 0.040962886 0.336882383 -118.052368164 -0.034520816 0.999088883 -0.025092956 -10.047895432 -0.337603360 0.011974365 0.941212296 157.543029785
0.934202194 0.041429698 0.354330212 -117.646850586 -0.033279829 0.999023318 -0.029066518 -10.098751068 -0.355188310 0.015361957 0.934668481 158.685668945
0.927516043 0.043151233 0.371284187 -117.204025269 -0.033839788 0.998928785 -0.031560879 -10.151601791 -0.372248292 0.016709039 0.927982748 159.845672607
0.920424163 0.043132115 0.388534337 -116.744903564 -0.031270221 0.998833060 -0.036804788 -10.203414917 -0.389668435 0.021726463 0.920698881 160.980163574
0.911891103 0.046493534 0.407790333 -116.262481689 -0.031542499 0.998563409 -0.043314934 -10.256254196 -0.409218371 0.026635781 0.912047684 162.199752808
0.902308524 0.050201047 0.428157955 -115.725311279 -0.033530302 0.998360395 -0.046394203 -10.338903427 -0.429784894 0.027505618 0.902512133 163.276809692
0.890506744 0.053608440 0.451800734 -115.183494568 -0.035931487 0.998218954 -0.047622178 -10.417201042 -0.453549027 0.026173996 0.890846908 164.398773193
0.877307117 0.057891469 0.476424992 -114.602859497 -0.038605832 0.997993827 -0.050178219 -10.495740891 -0.478374124 0.025628928 0.877781987 165.534423828
0.863216341 0.061893031 0.501025796 -113.984603882 -0.040489711 0.997746825 -0.053494662 -10.573077202 -0.503207922 0.025891080 0.863777459 166.637756348
0.848460495 0.065585807 0.525179386 -113.332275391 -0.042248949 0.997518599 -0.056316953 -10.665264130 -0.527569830 0.025594428 0.849125981 167.764312744
0.832814276 0.067324623 0.549443126 -112.773773193 -0.041898832 0.997395694 -0.058705516 -10.768310547 -0.551964521 0.025869774 0.833466232 168.872100830
0.817206979 0.069134235 0.572182775 -112.071304321 -0.041677456 0.997269034 -0.060970604 -10.862419128 -0.574835360 0.025978481 0.817856669 169.904678345
