0.999742687 -0.007913320 0.021259615 0.022147059 0.007934560 0.999968052 -0.000914932 -0.003356117 -0.021251697 0.001083382 0.999773562 0.909159064
0.999771774 -0.009391293 0.019187454 0.029435331 0.009440335 0.999952316 -0.002467004 -0.005433592 -0.019163372 0.002647577 0.999812841 1.220589042
0.999848247 -0.011997763 0.012628530 0.030384026 0.012047966 0.999919772 -0.003906850 -0.007499464 -0.012580644 0.004058405 0.999912620 1.543325424
0.999915600 -0.012867135 0.001759819 0.002190404 0.012875377 0.999905825 -0.004755734 -0.004506574 -0.001698460 0.004777992 0.999987125 0.356753260
0.999831915 -0.012173261 -0.013710026 -0.009942241 0.012103346 0.999913514 -0.005171025 -0.012949499 0.013771787 0.005004218 0.999892592 1.063636661
0.999338329 -0.008501924 -0.035361700 -0.025728293 0.008291220 0.999947011 -0.006100944 -0.023492705 0.035411693 0.005803715 0.999355972 2.542464256
0.998461425 -0.004959850 -0.055228893 -0.061312906 0.004553676 0.999961615 -0.007477805 -0.029134253 0.055263858 0.007214804 0.998445690 2.893072844
0.997139812 -0.004822482 -0.075425290 -0.102946445 0.004234585 0.999959350 -0.007952424 -0.031832397 0.075460576 0.007610283 0.997119725 3.258936167
0.995268881 -0.006384023 -0.096949130 -0.129570112 0.005695279 0.999956548 -0.007379250 -0.035579905 0.096992023 0.006792185 0.995261967 3.507441759
0.993163943 -0.007878004 -0.116461590 -0.202932954 0.007160382 0.999952674 -0.006578970 -0.042862579 0.116507910 0.005700087 0.993173420 4.022351742
0.990906298 -0.006797991 -0.134381935 -0.270629615 0.006035483 0.999963284 -0.006080758 -0.046038315 0.134418309 0.005214402 0.990910947 4.418718338
0.988716960 -0.005542318 -0.149693608 -0.299259454 0.004717717 0.999971688 -0.005863138 -0.047035761 0.149721876 0.005090771 0.988715053 4.580002785
0.986531913 -0.004842059 -0.163496807 -0.426762313 0.003999281 0.999976993 -0.005483466 -0.063499592 0.163519591 0.004755744 0.986528575 5.247229576
0.984441519 -0.006549666 -0.175590336 -0.512767315 0.005524425 0.999964833 -0.006327010 -0.070548147 0.175625578 0.005258535 0.984443009 5.684184551
0.982579231 -0.010588001 -0.185542092 -0.561489820 0.009225028 0.999923766 -0.008207694 -0.076909810 0.185614869 0.006353078 0.982602060 5.938926220
0.981120110 -0.009467188 -0.193167210 -0.693101346 0.007599479 0.999916971 -0.010407560 -0.087388560 0.193249702 0.008743098 0.981110573 6.593141079
0.979627073 -0.009379394 -0.200606301 -0.767535746 0.007056915 0.999899566 -0.012289275 -0.091059566 0.200701445 0.010623246 0.979594827 6.902697086
0.977880895 -0.010380353 -0.208905354 -0.902960718 0.007437441 0.999861717 -0.014867920 -0.103618108 0.209030852 0.012985329 0.977822840 7.549248219
0.976059079 -0.013878617 -0.217062443 -0.988134921 0.010448642 0.999801874 -0.016941553 -0.108468577 0.217254579 0.014267948 0.976010621 7.921916962
0.974142432 -0.020580309 -0.224995553 -1.118832231 0.017049167 0.999699295 -0.017626155 -0.129984215 0.225290641 0.013334398 0.974200368 8.560235023
0.971926391 -0.020977816 -0.234348178 -1.214252830 0.016852407 0.999666035 -0.019592687 -0.147260740 0.234680861 0.015093321 0.971955359 8.982601166
0.970056474 -0.017283697 -0.242263377 -1.395819426 0.011622703 0.999625564 -0.024776926 -0.153917477 0.242600888 0.021219263 0.969894111 9.614608765
0.968028784 -0.013711271 -0.250463873 -1.543443799 0.006909062 0.999583542 -0.028017577 -0.167849958 0.250743747 0.025391351 0.967720449 10.083535194
0.965548754 -0.017761534 -0.259615809 -1.696773171 0.010549317 0.999519467 -0.029147388 -0.195677072 0.260008842 0.025404444 0.965272009 10.733048439
0.963125646 -0.020414390 -0.268276721 -1.840442777 0.012280594 0.999413669 -0.031962018 -0.210131228 0.268771917 0.027488843 0.962811589 11.239717484
0.960937977 -0.019890411 -0.276048183 -2.027354479 0.010895521 0.999359667 -0.034080129 -0.238692254 0.276549280 0.029741202 0.960539401 11.868255615
0.958401859 -0.018922996 -0.284794360 -2.202120781 0.008411956 0.999239028 -0.038085602 -0.259226024 0.285298347 0.034105636 0.957831740 12.436182976
0.956205964 -0.020584930 -0.291969806 -2.392186165 0.008473389 0.999052584 -0.042686332 -0.296561509 0.292571872 0.038342960 0.955474496 13.059622765
0.954478979 -0.022987787 -0.297391117 -2.576342583 0.008413763 0.998704016 -0.050193947 -0.329378098 0.298159570 0.045406893 0.953435481 13.621197701
0.953013897 -0.022905072 -0.302059144 -2.776176929 0.005464884 0.998274982 -0.058456924 -0.366520286 0.302877069 0.054059535 0.951495171 14.278420448
0.951589286 -0.022516565 -0.306546569 -2.962846041 0.001853153 0.997715414 -0.067531936 -0.403284013 0.307366818 0.063694589 0.949456990 14.866505623
0.950509965 -0.022204008 -0.309899628 -3.203795910 -0.001418021 0.997122645 -0.075792141 -0.464169681 0.310690761 0.072480649 0.947743535 15.543710709
0.949254036 -0.021801664 -0.313753933 -3.426001549 -0.004633644 0.996516824 -0.083263434 -0.508275092 0.314476281 0.080491967 0.945846558 16.154575348
0.947501600 -0.020304458 -0.319106162 -3.657018423 -0.008731131 0.995966673 -0.089297324 -0.580402255 0.319632232 0.087395497 0.943502665 16.854156494
0.945909977 -0.018760316 -0.323886454 -3.884177685 -0.012848965 0.995377123 -0.095180117 -0.644359589 0.324174762 0.094193429 0.941296101 17.496789932
0.944299638 -0.016665686 -0.328664631 -4.149735451 -0.017396202 0.994792461 -0.100424938 -0.722100139 0.328626812 0.100548744 0.939092278 18.207933426
0.942491949 -0.014653434 -0.333907545 -4.389075279 -0.021232625 0.994395494 -0.103570253 -0.787985086 0.333553791 0.104703851 0.936898649 18.842187881
0.940756500 -0.013596732 -0.338810086 -4.630983353 -0.023413494 0.994206071 -0.104909375 -0.865838647 0.338273495 0.106626898 0.934987605 19.496143341
0.938526154 -0.013998029 -0.344924152 -4.935662270 -0.023410410 0.994296432 -0.104050316 -0.953112721 0.344413370 0.105728768 0.932845592 20.305582047
0.936291277 -0.012937534 -0.350986183 -5.175353050 -0.024579516 0.994457662 -0.102224581 -1.041763186 0.350363463 0.104339048 0.930783987 20.928842545
0.933799088 -0.013184094 -0.357554764 -5.499837875 -0.024496427 0.994620264 -0.100650027 -1.121186256 0.356958270 0.102745727 0.928452492 21.736873627
0.930504501 -0.012191832 -0.366077363 -5.776415825 -0.025459133 0.994875848 -0.097845979 -1.192035198 0.365394413 0.100366153 0.925426185 22.441343307
0.927325249 -0.009778724 -0.374128640 -6.096481323 -0.026666380 0.995391428 -0.092112876 -1.282352209 0.373305231 0.095395252 0.922790766 23.182281494
0.923716962 -0.006383097 -0.383022219 -6.404450417 -0.029162465 0.995787919 -0.086924642 -1.358491659 0.381963789 0.091463655 0.919640124 23.895236969
0.920238316 -0.002976373 -0.391347200 -6.735346317 -0.031886727 0.996076167 -0.082556069 -1.446558714 0.390057266 0.088450022 0.916532516 24.663940430
0.916393161 -0.001970678 -0.400274575 -7.063689709 -0.033201765 0.996167719 -0.080916934 -1.512668490 0.398900092 0.087441549 0.912815690 25.385608673
0.912395537 -0.002007456 -0.409304708 -7.393712997 -0.033947401 0.996171594 -0.080559120 -1.575674653 0.407899410 0.087396614 0.908834398 26.083732605
0.908322990 -0.002926010 -0.418259233 -7.754298687 -0.033118438 0.996332824 -0.078892499 -1.667814732 0.416956186 0.085511968 0.904895127 26.910486221
0.904354692 -0.002028638 -0.426776916 -8.107103348 -0.034438591 0.996380806 -0.077712707 -1.718069315 0.425389975 0.084977448 0.901011705 27.656742096
0.900438011 -0.004040929 -0.434965551 -8.507265091 -0.031536557 0.996718884 -0.074544705 -1.815821171 0.433839649 0.080840200 0.897356093 28.474235535
0.896842539 -0.003061244 -0.442339569 -8.880306244 -0.031289581 0.997032166 -0.070339605 -1.880025506 0.441242129 0.076924175 0.894085050 29.194866180
0.892887115 -0.001387777 -0.450278431 -9.305650711 -0.031214574 0.997398734 -0.064971477 -1.946959019 0.449197263 0.072067454 0.890521228 30.045335770
0.888537645 -0.001949253 -0.458799601 -9.687551498 -0.029007904 0.997751594 -0.060417410 -2.013957500 0.457885802 0.066991962 0.886483312 30.823720932
0.885326743 -0.001726002 -0.464966089 -10.168762207 -0.028981963 0.997843802 -0.058887731 -2.087082863 0.464065135 0.065610521 0.883367836 31.657493591
0.882009447 -0.002399892 -0.471225470 -10.588230133 -0.028310284 0.997910857 -0.058071602 -2.140370131 0.470380425 0.064560227 0.880098939 32.449554443
0.878509581 -0.001269198 -0.477722883 -10.970996857 -0.028898615 0.998023808 -0.055794694 -2.195299387 0.476849705 0.062821709 0.876737058 33.191604614
0.875581026 -0.004232820 -0.483052790 -11.461631775 -0.025312040 0.998185873 -0.054627348 -2.263123512 0.482407659 0.060057707 0.873885512 34.087154388
0.872498572 -0.006666779 -0.488571167 -11.841218948 -0.022600014 0.998286068 -0.053981572 -2.333805561 0.488093674 0.058140557 0.870852530 34.854923248
0.869772792 -0.009776748 -0.493355632 -12.309755325 -0.020069646 0.998275518 -0.055164918 -2.377269506 0.493044198 0.057882406 0.868076622 35.696792603
0.869295001 -0.006485222 -0.494251072 -12.912285805 -0.023926038 0.998189688 -0.055178970 -2.452794790 0.493714213 0.059792276 0.867566228 36.646671295
0.868860781 -0.004559776 -0.495035499 -13.391774178 -0.025622396 0.998203099 -0.054165568 -2.512522936 0.494392961 0.059746329 0.867182791 37.454750061
0.868583024 -0.007101338 -0.495492876 -13.942159653 -0.021870971 0.998373568 -0.052647661 -2.574876070 0.495060772 0.056565769 0.867015064 38.427978516
0.868313193 -0.008432054 -0.495944709 -14.464048386 -0.020318415 0.998411596 -0.052549027 -2.625750065 0.495599985 0.055705816 0.866762638 39.304630280
0.867397010 -0.010004151 -0.497516036 -14.976394653 -0.018804662 0.998424768 -0.052861620 -2.697124004 0.497261137 0.055207636 0.865842640 40.229629517
0.865980864 -0.013361116 -0.499898493 -15.498632431 -0.015377085 0.998458862 -0.053324398 -2.749926329 0.499840498 0.053864900 0.864440858 41.137439728
0.864924610 -0.013953559 -0.501707673 -16.074420929 -0.013838182 0.998570442 -0.051628865 -2.813222170 0.501710832 0.051597800 0.863495111 42.071968079
0.862431705 -0.013059852 -0.506004930 -16.572088242 -0.012681175 0.998795807 -0.047392372 -2.883709431 0.506014585 0.047289416 0.861227632 42.953205109
0.859865785 -0.012657238 -0.510363340 -17.178680420 -0.011158910 0.998987854 -0.043575987 -2.941954613 0.510398328 0.043164600 0.858854055 43.895317078
0.855444252 -0.013108335 -0.517728806 -17.702894211 -0.009699050 0.999098837 -0.041321859 -3.015213013 0.517803788 0.040370036 0.854546309 44.847686768
0.850217521 -0.016647283 -0.526168287 -18.262163162 -0.007262040 0.999033868 -0.043342613 -3.091453075 0.526381433 0.040671714 0.849275172 45.722152710
0.843998790 -0.019958016 -0.535973668 -18.836168289 -0.006091705 0.998886228 -0.046788089 -3.148567200 0.536310494 0.042754073 0.842937171 46.669994354
0.838121831 -0.020002961 -0.545116186 -19.458749771 -0.006510734 0.998889446 -0.046664435 -3.200395346 0.545444131 0.042659588 0.837060809 47.572238922
0.831881166 -0.016972695 -0.554694176 -20.046989441 -0.007383180 0.999105275 -0.041643549 -3.257051945 0.554904640 0.038737889 0.831011415 48.474838257
0.827404141 0.001845217 -0.561603963 -20.478351593 -0.027671779 0.998913944 -0.037486434 -3.452937841 0.560924828 0.046557017 0.826556563 49.397621155
0.823304057 0.001226675 -0.567599237 -21.097496033 -0.028601417 0.998816907 -0.039327819 -3.493570805 0.566879511 0.048612896 0.822365165 50.294437408
0.819495559 -0.001706186 -0.573082983 -21.695034027 -0.028142842 0.998669147 -0.043216862 -3.554733515 0.572394073 0.051544201 0.818356991 51.148933411
0.816796541 -0.003902784 -0.576912522 -22.329559326 -0.030600190 0.998276472 -0.050077233 -3.618023872 0.576113701 0.058556546 0.815269411 52.007923126
0.813383639 -0.004477427 -0.581710339 -22.983518600 -0.031958640 0.998116314 -0.052369077 -3.675324917 0.580848932 0.061186824 0.811708391 52.907039642
0.809067011 -0.007566737 -0.587667644 -23.571769714 -0.025564680 0.998517513 -0.048052773 -3.754113197 0.587160110 0.053901445 0.807674229 53.724006653
0.805714071 -0.005783187 -0.592276275 -24.212013245 -0.024227072 0.998793662 -0.042710312 -3.816209793 0.591808796 0.048761420 0.804602206 54.583148956
0.803069353 -0.002639466 -0.595879734 -24.872123718 -0.026927568 0.998807907 -0.040714636 -3.853891373 0.595276833 0.048742265 0.802041113 55.450904846
0.800004601 -0.002315233 -0.599989414 -25.530433655 -0.028077675 0.998752534 -0.041291751 -3.914166689 0.599336505 0.049879901 0.798941731 56.306499481
0.796837687 0.000866995 -0.604192793 -26.149654388 -0.032546699 0.998608649 -0.041491140 -3.961060286 0.603316128 0.052726187 0.795757234 57.139808655
0.792203486 -0.002332182 -0.610252559 -26.812547684 -0.030745661 0.998570204 -0.043728899 -4.028692245 0.609481990 0.053404808 0.790999115 58.025783539
0.787072957 -0.022596350 -0.616446018 -27.485385895 -0.006572295 0.998964965 -0.045009356 -4.075009346 0.616824925 0.039477106 0.786109865 58.831867218
0.782475591 -0.021460075 -0.622311354 -28.184928894 -0.007866538 0.998985529 -0.044340625 -4.134926319 0.622631609 0.039590891 0.781512916 59.719860077
0.777933896 -0.020718399 -0.628004432 -28.859842300 -0.008488645 0.999018490 -0.043473683 -4.194221020 0.628288746 0.039150566 0.776994526 60.517120361
0.772490978 -0.021969056 -0.634645700 -29.556838989 -0.008033744 0.998983264 -0.044359736 -4.262825966 0.634974957 0.039366078 0.771529138 61.354682922
0.767247021 -0.021619296 -0.640987217 -30.257043839 -0.009782321 0.998920858 -0.045400947 -4.324755192 0.641277075 0.041104078 0.766207635 62.186744690
0.761327744 -0.022953896 -0.647960842 -30.981971741 -0.009361240 0.998879790 -0.046384223 -4.386898518 0.648299575 0.041379303 0.760260046 63.052211761
0.755809307 -0.026698761 -0.654247165 -31.705551147 -0.005905699 0.998849809 -0.047583908 -4.451068878 0.654765010 0.039828151 0.754782379 63.849449158
0.749760747 -0.027298775 -0.661145687 -32.437034607 -0.007041990 0.998762846 -0.049224872 -4.515321732 0.661671519 0.041562654 0.748640954 64.654632568
0.742998362 -0.030715479 -0.668588042 -33.162933350 -0.002917574 0.998788357 -0.049127422 -4.585958958 0.669286847 0.038452253 0.742008448 65.497787476
0.736503363 -0.030918567 -0.675726891 -33.899414062 -0.001146805 0.998896301 -0.046955459 -4.655098915 0.676432967 0.035357781 0.735655010 66.303237915
0.730268121 -0.031195350 -0.682448089 -34.684452057 -0.000936968 0.998910189 -0.046663761 -4.722651482 0.683160126 0.034716479 0.729443014 67.116989136
0.723867953 -0.033192344 -0.689139724 -35.439781189 0.000587020 0.998871326 -0.047493938 -4.790023804 0.689938366 0.033974793 0.723070323 67.909469604
0.716875136 -0.035281390 -0.696308255 -36.226547241 0.001019909 0.998770773 -0.049556881 -4.848644257 0.697200716 0.034815922 0.716029942 68.730201721
0.710662425 -0.034818199 -0.702671111 -37.005210876 -0.000434830 0.998752713 -0.049929164 -4.902829170 0.703533053 0.035788320 0.709760725 69.526626587
0.705448687 -0.034210522 -0.707934797 -37.835376740 -0.000731736 0.998798728 -0.048995506 -4.975424290 0.708760679 0.035081834 0.704576194 70.307182312
0.699557304 -0.036183078 -0.713659763 -38.698806763 0.001715150 0.998799264 -0.048958611 -5.054185867 0.714574337 0.033025306 0.698779464 71.153335571
0.695006311 -0.036950618 -0.718053401 -39.534355164 0.000964721 0.998725533 -0.050460078 -5.115882874 0.719002903 0.034377351 0.694156289 71.926834106
0.689701915 -0.039039411 -0.723040223 -40.378540039 0.000394881 0.998565793 -0.053539280 -5.182524204 0.724093318 0.036640625 0.688728094 72.736267090
0.684748948 -0.041489743 -0.727597058 -41.230339050 0.001085634 0.998435140 -0.055912036 -5.261168003 0.728778183 0.037495807 0.683722436 73.512252808
0.679159343 -0.042155236 -0.732779324 -42.087020874 0.000970648 0.998400092 -0.056536209 -5.335258007 0.733990252 0.037685823 0.678113639 74.325439453
0.674303114 -0.041983109 -0.737260342 -42.937927246 0.001408751 0.998453856 -0.055568263 -5.405728817 0.738453329 0.036431242 0.673319697 75.089538574
0.669130981 -0.041585743 -0.741980016 -43.841373444 0.001274075 0.998495638 -0.054813698 -5.481347084 0.743143380 0.035732195 0.668177485 75.892807007
0.663744926 -0.043540154 -0.746690810 -44.715744019 0.002460136 0.998425901 -0.056032188 -5.545085430 0.747954965 0.035354108 0.662807226 76.669326782
0.658759952 -0.044188656 -0.751054347 -45.611328125 0.003602989 0.998447418 -0.055583928 -5.636044025 0.752344489 0.033910435 0.657896519 77.469802856
0.654270589 -0.045269705 -0.754904330 -46.519058228 0.005511409 0.998465657 -0.055098757 -5.707510471 0.756240368 0.031888913 0.653516352 78.240692139
0.650294185 -0.045666233 -0.758308649 -47.445243835 0.005628297 0.998453856 -0.055301461 -5.792674541 0.759661555 0.031694233 0.649545789 79.032073975
0.646080732 -0.048590485 -0.761720777 -48.308238983 0.008817770 0.998380125 -0.056207970 -5.880671501 0.763218045 0.029598208 0.645462751 79.771911621
0.642657638 -0.051102556 -0.764447272 -49.309425354 0.007774883 0.998156667 -0.060189601 -5.962531567 0.766113877 0.032737814 0.641870379 80.557769775
0.638063192 -0.056184031 -0.767931461 -50.216674805 0.012897988 0.997974336 -0.062297858 -6.034436703 0.769875944 0.029845200 0.637495279 81.292907715
0.630885541 -0.059437767 -0.773595810 -51.133567810 0.016932581 0.997878671 -0.062861197 -6.116308689 0.775691092 0.026559247 0.630553722 82.053810120
0.623190761 -0.061872628 -0.779618621 -52.062705994 0.020373750 0.997811615 -0.062903196 -6.211796284 0.781804442 0.023316940 0.623087645 82.803855896
0.614370525 -0.062392946 -0.786546886 -52.989452362 0.022333171 0.997844160 -0.061709750 -6.291128159 0.788701475 0.020346567 0.614439666 83.520698547
0.605071187 -0.062467985 -0.793716848 -53.971969604 0.026742835 0.997949302 -0.058154941 -6.387680531 0.795722127 0.013961639 0.605501056 84.254028320
0.595857561 -0.062496796 -0.800654650 -54.919502258 0.026122060 0.997948110 -0.058456574 -6.461452007 0.802665114 0.013917050 0.596267521 84.954345703
0.586119354 -0.063798137 -0.807709098 -55.898803711 0.024997607 0.997844338 -0.060676597 -6.545996666 0.809838951 0.015372934 0.586450815 85.668014526
0.577547014 -0.056085769 -0.814428508 -56.944835663 0.010928166 0.998078942 -0.060983259 -6.632746696 0.816284180 0.026320489 0.577050507 86.328628540
0.567659020 -0.058019917 -0.821216822 -57.955570221 0.011319632 0.997969210 -0.062683098 -6.709795475 0.823185980 0.026286749 0.567163050 87.015281677
0.557259917 -0.058197737 -0.828296125 -58.956649780 0.013244355 0.998036802 -0.061213538 -6.800811291 0.830232441 0.023141598 0.556936741 87.696533203
0.547619462 -0.058530308 -0.834677875 -60.007514954 0.015626520 0.998091817 -0.059737090 -6.900587082 0.836581588 0.019670080 0.547489107 88.373031616
0.537318826 -0.058732376 -0.841331661 -61.061187744 0.015355891 0.998088181 -0.059868272 -6.995358467 0.843239427 0.019248951 0.537193358 89.027236938
0.526685119 -0.059901252 -0.847947299 -62.093086243 0.015274544 0.998019934 -0.061015312 -7.075542927 0.849923372 0.019183844 0.526557207 89.679046631
0.516678989 -0.060654115 -0.854028046 -63.156364441 0.013710818 0.997945786 -0.062580407 -7.151146889 0.856069505 0.020624552 0.516449213 90.309387207
0.507688403 -0.055718139 -0.859737158 -64.227455139 0.001554864 0.997964084 -0.063758209 -7.259738922 0.861539364 0.031032540 0.506741464 90.943420410
0.497991264 -0.055700596 -0.865391374 -65.295730591 0.000734434 0.997961760 -0.063810810 -7.354848385 0.867181718 0.031141650 0.497017086 91.553878784
0.489183247 -0.053247739 -0.870554090 -66.422416687 -0.000264863 0.998125494 -0.061199512 -7.449972630 0.872180998 0.030168353 0.488252163 92.179595947
0.480568826 -0.052317046 -0.875395119 -67.522659302 0.000985112 0.998250484 -0.059118569 -7.532066822 0.876956522 0.027548175 0.479779601 92.789199829
0.473963022 -0.048160758 -0.879226685 -68.663139343 -0.007013293 0.998265028 -0.058461886 -7.640388489 0.880516768 0.033875052 0.472802997 93.384460449
0.465813398 -0.051167898 -0.883402288 -69.765464783 -0.005431451 0.998142660 -0.060677793 -7.731488705 0.884866178 0.033062689 0.464670360 93.968246460
0.458780020 -0.058762580 -0.886604667 -70.912254333 0.004456089 0.997950435 -0.063836522 -7.800205231 0.888538718 0.025336139 0.458101571 94.565490723
0.452181935 -0.061649445 -0.889792502 -72.000793457 0.005705039 0.997787893 -0.066232681 -7.896211624 0.891907573 0.024872925 0.451533377 95.124984741
0.447370172 -0.061241623 -0.892249584 -73.203994751 0.000753674 0.997678220 -0.068100072 -8.020993233 0.894348562 0.029793484 0.446377695 95.721710205
0.442272365 -0.062163796 -0.894723773 -74.320907593 0.004085954 0.997724354 -0.067300349 -8.129179955 0.896871448 0.026109291 0.441520005 96.287490845
0.438444555 -0.058883425 -0.896827400 -75.488502502 0.004982184 0.997995496 -0.063090168 -8.236201286 0.898744464 0.023193372 0.437858999 96.841888428
0.433827758 -0.056823913 -0.899202168 -76.606330872 0.007541606 0.998203218 -0.059441641 -8.328312874 0.900964320 0.019006006 0.433476835 97.392395020
0.430985510 -0.060723305 -0.900313377 -77.717018127 0.016206110 0.998093128 -0.059560273 -8.402592659 0.902213335 0.011079032 0.431147695 97.903747559
0.427549183 -0.060528122 -0.901963294 -78.820434570 0.018467519 0.998132467 -0.058227748 -8.495864868 0.903803468 0.008238200 0.427868515 98.437110901
0.425203115 -0.051095538 -0.903654575 -79.977340698 0.005209011 0.998526990 -0.054008897 -8.607151031 0.905082941 0.018257599 0.424842894 98.978851318
0.423244536 -0.049830865 -0.904644132 -81.070320129 0.005817401 0.998615205 -0.052285410 -8.691399574 0.905996799 0.016866833 0.422948360 99.485176086
0.418577582 -0.052164484 -0.906681657 -82.189743042 0.013251511 0.998593509 -0.051334806 -8.779451370 0.908084333 0.009472688 0.418680191 100.015792847
0.415845364 -0.052262429 -0.907932401 -83.264770508 0.014437528 0.998601019 -0.050868914 -8.860243797 0.909320652 0.008045304 0.416018158 100.530624390
0.414903075 -0.054123003 -0.908254564 -84.427322388 0.025118567 0.998530090 -0.048028056 -8.938277245 0.909518838 -0.002887074 0.415652692 100.988357544
0.411235899 -0.053240195 -0.909972787 -85.421119690 0.027447354 0.998563409 -0.046019368 -9.018770218 0.911115587 -0.006051531 0.412106425 101.505134583
0.411138833 -0.055856593 -0.909859836 -86.612701416 0.030785883 0.998402357 -0.047381014 -9.075570107 0.911052763 -0.008530664 0.412201554 101.966766357
0.410323858 -0.055988923 -0.910219610 -87.650886536 0.030942045 0.998393595 -0.047464065 -9.158530235 0.911414921 -0.008688415 0.411397099 102.429580688
0.409030080 -0.055135317 -0.910853744 -88.723831177 0.024913052 0.998475611 -0.049251694 -9.234048843 0.912180781 -0.002546729 0.409780145 102.938552856
0.409696668 -0.055368472 -0.910540044 -89.753013611 0.023632521 0.998465478 -0.050081667 -9.312815666 0.911915720 -0.001000068 0.410376459 103.390747070
0.411140770 -0.059040319 -0.909657836 -90.782348633 0.029884780 0.998236954 -0.051282320 -9.378469467 0.911081851 -0.006100671 0.412180364 103.853019714
0.415792942 -0.060237709 -0.907462180 -91.781074524 0.028042700 0.998178780 -0.053410541 -9.436517715 0.909026802 -0.003239953 0.416724980 104.294158936
0.420541972 -0.060272992 -0.905268908 -92.825698853 0.027383523 0.998179495 -0.053738028 -9.532854080 0.906859756 -0.002190363 0.421426922 104.775451660
0.426196814 -0.060018748 -0.902637243 -93.790252686 0.027079625 0.998195887 -0.053586561 -9.610404968 0.904225051 -0.001604654 0.427053213 105.234260559
0.431825787 -0.059884116 -0.899966896 -94.819602966 0.026010908 0.998205304 -0.053940270 -9.698897362 0.901581824 -0.000116153 0.432608426 105.722694397
0.439970255 -0.059003618 -0.896071911 -95.792564392 0.025825704 0.998257756 -0.053051859 -9.773983002 0.897640824 0.000199557 0.440727532 106.188133240
0.448898286 -0.058327954 -0.891677082 -96.748069763 0.024692297 0.998296142 -0.052871402 -9.843948364 0.893241584 0.001716327 0.449573606 106.675903320
0.458151072 -0.058440223 -0.886951149 -97.700553894 0.024285499 0.998286843 -0.053231433 -9.917816162 0.888542652 0.002847987 0.458785415 107.182540894
0.466002941 -0.058760095 -0.882829785 -98.649215698 0.023039712 0.998259842 -0.054281432 -10.002811432 0.884483099 0.004955163 0.466545761 107.657104492
0.475577950 -0.060713645 -0.877575874 -99.573486328 0.022028137 0.998124480 -0.057116054 -10.080588341 0.879397631 0.007831774 0.476023376 108.177749634
0.490019083 -0.062714428 -0.869452834 -100.486465454 0.021363266 0.997973204 -0.059944477 -10.167744637 0.871449888 0.010799591 0.490365654 108.620597839
0.502270281 -0.062444869 -0.862453043 -101.403892517 0.019537659 0.997953951 -0.060877431 -10.216975212 0.864489973 0.013726614 0.502462685 109.144638062
0.515783787 -0.058859322 -0.854694426 -102.292549133 0.018013671 0.998161614 -0.057868592 -10.311977386 0.856529415 0.014451487 0.515895784 109.656936646
0.527787626 -0.056224573 -0.847513437 -103.170104980 0.017220147 0.998309851 -0.055504702 -10.394696236 0.849201858 0.014700387 0.527863801 110.214813232
0.541139483 -0.054908227 -0.839138269 -104.011390686 0.016941581 0.998375356 -0.054402553 -10.467796326 0.840762198 0.015223038 0.541190505 110.767051697
0.552235007 -0.053914223 -0.831943333 -104.855941772 0.015092723 0.998389840 -0.054682426 -10.542422295 0.833551884 0.017641256 0.552159488 111.326713562
0.565692186 -0.033300869 -0.823943734 -106.605224609 -0.003160401 0.999089360 -0.042549454 -10.435336113 0.824610293 0.026673885 0.565071881 112.401557922
0.576037705 -0.035037797 -0.816671848 -107.419685364 -0.000758406 0.999057531 -0.043397665 -10.494941711 0.817422688 0.025618060 0.575468361 112.974235535
0.588490307 -0.032788105 -0.807839155 -108.316017151 -0.003084843 0.999078989 -0.042797279 -10.554364204 0.808498383 0.027677836 0.587847173 113.588088989
0.599435031 -0.028629860 -0.799911082 -109.117401123 -0.005154739 0.999201298 -0.039625555 -10.627161980 0.800406754 0.027876286 0.598808706 114.169158936
0.608587503 -0.024509359 -0.793108106 -110.351776123 -0.005400936 0.999371767 -0.035027873 -10.739671707 0.793468356 0.025601055 0.608072758 115.265365601
0.618689716 -0.023909265 -0.785271525 -111.223159790 -0.006153886 0.999358654 -0.035276048 -10.748140335 0.785611331 0.026657395 0.618145823 115.905853271
0.628962398 -0.023523267 -0.777079761 -111.974937439 -0.008365030 0.999279439 -0.037020147 -10.795810699 0.777390718 0.029784583 0.628312469 116.493568420
0.639159203 -0.021251475 -0.768780768 -112.636642456 -0.010251734 0.999293864 -0.036146794 -10.807586670 0.769006014 0.030984899 0.638490081 117.199714661
0.648530781 -0.020736525 -0.760905921 -113.353012085 -0.010774256 0.999278665 -0.036415797 -10.854455948 0.761112154 0.031814963 0.647839546 117.801788330
0.657047153 -0.020598944 -0.753567994 -114.137985229 -0.010810718 0.999266326 -0.036741186 -10.949002266 0.753771961 0.032287300 0.656342387 118.306579590
0.666872084 -0.015454843 -0.745011866 -114.688880920 -0.009780186 0.999517262 -0.029488806 -11.032028198 0.745108068 0.026951613 0.666398942 118.854774475
0.675442815 -0.014308395 -0.737273633 -115.354118347 -0.010025440 0.999541223 -0.028582934 -11.076581955 0.737344325 0.026697626 0.674989402 119.451110840
0.682703733 -0.014894515 -0.730543494 -116.068923950 -0.011133590 0.999464035 -0.030781841 -11.079618454 0.730610490 0.029148446 0.682172060 120.174400330
0.690444767 -0.013096574 -0.723266542 -116.720062256 -0.011643852 0.999505281 -0.029214032 -11.158864975 0.723291397 0.028592287 0.689950764 120.730606079
0.697629273 -0.011017418 -0.716374338 -117.360626221 -0.012037217 0.999560356 -0.027094899 -11.192713737 0.716357946 0.027525343 0.697189867 121.355567932
0.705031812 -0.008065103 -0.709129810 -118.043395996 -0.014224960 0.999573350 -0.025511140 -11.212049484 0.709033012 0.028073508 0.704616249 122.065391541
0.712382913 -0.006299519 -0.701762676 -118.673156738 -0.015632881 0.999569118 -0.024842303 -11.247493744 0.701616883 0.028667804 0.711977422 122.696784973
0.719964862 -0.005495665 -0.693988860 -119.270042419 -0.016246470 0.999561131 -0.024770048 -11.286651611 0.693820477 0.029108429 0.719559491 123.313575745
0.727752268 -0.002590080 -0.685835183 -119.888984680 -0.019035196 0.999531388 -0.023973359 -11.322041512 0.685575902 0.030501673 0.727361917 123.954872131
0.737122953 0.000715809 -0.675758243 -120.469474792 -0.019443218 0.999607921 -0.020149978 -11.383454323 0.675478876 0.027991926 0.736847878 124.519348145
0.746910512 0.004752730 -0.664907515 -121.015396118 -0.021896044 0.999607861 -0.017451327 -11.409584045 0.664563894 0.027593423 0.746721864 125.119316101
0.756670237 0.007039158 -0.653758764 -121.599929810 -0.023655664 0.999581993 -0.016616713 -11.453218460 0.653368592 0.028038468 0.756520450 125.782386780
0.766800344 0.008147676 -0.641833901 -122.109626770 -0.025530268 0.999515355 -0.017812856 -11.484715462 0.641377747 0.030045101 0.766636729 126.382934570
0.776662111 0.008320975 -0.629862428 -122.645408630 -0.025473271 0.999509692 -0.018205930 -11.548812866 0.629402041 0.030184515 0.776493311 126.959274292
0.786870778 0.009270472 -0.617048144 -123.169342041 -0.026003763 0.999497235 -0.018144114 -11.580053329 0.616569698 0.030322647 0.786716223 127.602928162
0.796879232 0.011036514 -0.604037702 -123.665138245 -0.026717266 0.999498665 -0.016984791 -11.609189987 0.603547454 0.029673072 0.796774626 128.263259888
0.807215631 0.013855951 -0.590093970 -124.145942688 -0.027539257 0.999519825 -0.014202515 -11.642090797 0.589613855 0.027715243 0.807209551 128.903640747
0.816710889 0.014499418 -0.576865017 -124.633209229 -0.026908278 0.999553740 -0.012972424 -11.657745361 0.576419353 0.026117167 0.816736460 129.599914551
0.825974166 0.015579958 -0.563492596 -125.101608276 -0.026117612 0.999602199 -0.010645599 -11.676190376 0.563102603 0.023510072 0.826052606 130.264282227
0.834030151 0.016979231 -0.551457524 -125.558303833 -0.025992220 0.999625742 -0.008532704 -11.712267876 0.551106215 0.021450136 0.834159374 130.947189331
0.841430664 0.017351206 -0.540086627 -125.990203857 -0.025159489 0.999658406 -0.007081624 -11.737611771 0.539779127 0.019546999 0.841579676 131.615798950
0.847993255 0.016671313 -0.529744565 -126.442825317 -0.024372006 0.999674380 -0.007553479 -11.753982544 0.529446304 0.019316232 0.848123610 132.338577271
0.854858994 0.017991882 -0.518548131 -126.863487244 -0.025771003 0.999637425 -0.007801047 -11.784148216 0.518219829 0.020032300 0.855012834 133.016342163
0.861509800 0.019614734 -0.507361829 -127.308517456 -0.027174680 0.999602556 -0.007498234 -11.789465904 0.507013202 0.020247197 0.861700416 133.756286621
0.867644131 0.020177132 -0.496776164 -127.715011597 -0.027490553 0.999594510 -0.007413929 -11.803753853 0.496425271 0.020089298 0.867847025 134.468200684
0.873623133 0.019826744 -0.486198992 -128.141357422 -0.027185224 0.999597728 -0.008084907 -11.824875832 0.485843152 0.020280590 0.873810709 135.224029541
0.878731191 0.019264240 -0.476928085 -128.534423828 -0.026888352 0.999596477 -0.009165256 -11.849360466 0.476559103 0.020877605 0.878894508 135.944061279
0.883128464 0.018078702 -0.468782723 -128.951690674 -0.025954995 0.999609530 -0.010345838 -11.859142303 0.468412727 0.021303955 0.883252919 136.725418091
0.886687100 0.018486720 -0.462000251 -129.339782715 -0.025994759 0.999613166 -0.009891012 -11.874384880 0.461638689 0.020779816 0.886824667 137.465377808
0.890091121 0.021007601 -0.455298215 -129.784790039 -0.026782617 0.999621809 -0.006236163 -11.896942139 0.454995036 0.017744828 0.890317082 138.272308350
0.893310308 0.026130429 -0.448680282 -130.177719116 -0.030133195 0.999544263 -0.001782494 -11.919551849 0.448429227 0.015112489 0.893690526 139.024597168
0.896299422 0.028119650 -0.442556888 -130.569946289 -0.031111186 0.999515951 0.000499579 -11.931395531 0.442356676 0.013320700 0.896740198 139.858993530
0.899417698 0.031476304 -0.435955256 -130.952911377 -0.033661965 0.999429643 0.002711715 -11.947602272 0.435791939 0.012236146 0.899964154 140.634368896
0.902726591 0.032556750 -0.428981215 -131.350692749 -0.034024749 0.999412060 0.004248583 -11.939212799 0.428867280 0.010760671 0.903303325 141.440460205
0.906131387 0.033772562 -0.421645790 -131.773254395 -0.033930846 0.999398887 0.007130269 -11.950501442 0.421633035 0.007845835 0.906732619 142.338714600
0.909600258 0.033631541 -0.414121091 -132.149673462 -0.032997709 0.999417663 0.008686421 -11.957348824 0.414171994 0.005763878 0.910180330 143.159988403
0.913316369 0.032949574 -0.405915499 -132.549530029 -0.032088634 0.999445200 0.008928495 -11.941634178 0.405984402 0.004870734 0.913866997 144.021163940
0.916787863 0.032880291 -0.398018628 -132.938507080 -0.031829134 0.999450445 0.009249976 -11.954971313 0.398104131 0.004188325 0.917330682 144.940246582
0.920773208 0.030639376 -0.388893187 -133.302368164 -0.029656101 0.999523699 0.008532523 -11.965499878 0.388969421 0.003676540 0.921243429 145.803482056
0.924610436 0.029145174 -0.379797578 -133.622772217 -0.028679872 0.999564886 0.006884700 -11.963891983 0.379833043 0.004526881 0.925044060 146.657424927
0.929226577 0.027206596 -0.368507534 -134.056625366 -0.027769417 0.999607205 0.003776937 -11.954056740 0.368465543 0.006723607 0.929617107 147.671386719
0.934248924 0.029116392 -0.355430990 -134.392425537 -0.030218853 0.999540329 0.002450759 -11.962664604 0.355338871 0.008451098 0.934699357 148.562179565
0.940238416 0.032915659 -0.338922411 -134.735046387 -0.033864401 0.999421537 0.003115800 -11.961332321 0.338828921 0.008547810 0.940809250 149.509262085
0.946539640 0.036696296 -0.320493549 -135.096191406 -0.036808804 0.999305964 0.005709454 -11.982182503 0.320480585 0.006392756 0.947233498 150.516235352
0.953116298 0.040018190 -0.299946487 -135.427398682 -0.039891064 0.999182522 0.006550017 -11.984127045 0.299963415 0.005722255 0.953933537 151.478393555
0.959387660 0.041793007 -0.278978199 -135.711181641 -0.041625306 0.999111950 0.006527739 -11.982954025 0.279003292 0.005349919 0.960275233 152.438552856
0.965231895 0.043356400 -0.257774264 -136.009414673 -0.042923834 0.999051630 0.007308076 -11.994704247 0.257846653 0.004010670 0.966177523 153.544189453
0.970799148 0.044127367 -0.235800415 -136.255615234 -0.043167241 0.999025166 0.009235037 -11.992954254 0.235978067 0.001213489 0.971757591 154.530700684
0.975774586 0.046507295 -0.213777795 -136.459197998 -0.044971429 0.998915672 0.012044676 -12.002715111 0.214106157 -0.002138996 0.976808071 155.490127563
0.980350554 0.048661496 -0.191167191 -136.740005493 -0.046619724 0.998797596 0.015166382 -12.001884460 0.191675365 -0.005956210 0.981440306 156.722885132
0.984522521 0.050984852 -0.167678311 -136.952407837 -0.048699956 0.998656452 0.017713312 -11.991334915 0.168356135 -0.009273227 0.985682666 157.777114868
0.987909436 0.052454144 -0.145888597 -137.146743774 -0.050609645 0.998585045 0.016328702 -11.969642639 0.146538645 -0.008747907 0.989166260 158.834472656
0.990885317 0.051875241 -0.124319054 -137.280441284 -0.050556324 0.998626590 0.013742720 -11.985493660 0.124861211 -0.007332345 0.992147148 160.092666626
0.993227839 0.053135224 -0.103320256 -137.413024902 -0.052127048 0.998563051 0.012435453 -11.989680290 0.103832535 -0.006965459 0.994570434 161.226745605
0.995210171 0.051798135 -0.082906634 -137.507400513 -0.050853144 0.998615265 0.013470992 -11.989547729 0.083489582 -0.009190407 0.996466279 162.300323486
0.996739089 0.052033883 -0.061673913 -137.670349121 -0.051236216 0.998582006 0.014446411 -11.963378906 0.062338181 -0.011239364 0.997991800 163.718261719
0.997777045 0.052643124 -0.040859926 -137.748626709 -0.052081238 0.998534679 0.014696876 -11.964544296 0.041573737 -0.012536171 0.999056756 164.868423462
0.998298407 0.054723367 -0.020143278 -137.794982910 -0.054431267 0.998408198 0.014774622 -11.966066360 0.020919733 -0.013653059 0.999687910 166.039123535
0.998506069 0.054641262 0.000033668 -137.793090820 -0.054636054 0.998401940 0.014437837 -11.958697319 0.000755287 -0.014418107 0.999895751 167.330718994
0.998156965 0.056969218 0.020911604 -137.788619995 -0.057243880 0.998278379 0.012779124 -11.939610481 -0.020147586 -0.013952631 0.999699652 168.508026123
0.997440934 0.058624554 0.040924385 -137.736968994 -0.059123136 0.998189211 0.011079964 -11.943303108 -0.040200721 -0.013471187 0.999100745 169.660858154
0.996473491 0.058034252 0.060600646 -137.713439941 -0.058597002 0.998253167 0.007549193 -11.945817947 -0.060056686 -0.011073588 0.998133540 171.118484497
0.994948626 0.061288629 0.079503380 -137.629730225 -0.061845515 0.998075306 0.004558973 -11.953375816 -0.079070948 -0.009452873 0.996824145 172.308334351
0.993266582 0.061455272 0.098206997 -137.510559082 -0.061956234 0.998076737 0.002056703 -11.947558403 -0.097891733 -0.008127389 0.995163918 173.483596802
0.991011977 0.061473195 0.118813127 -137.438919067 -0.061744194 0.998091042 -0.001402374 -11.968809128 -0.118672527 -0.005946250 0.992915750 174.955139160
0.988430321 0.063563474 0.137714520 -137.293594360 -0.063177690 0.997976482 -0.007175130 -11.994948387 -0.137891918 -0.001608370 0.990446031 176.146713257
0.985801995 0.064926773 0.154850826 -137.103149414 -0.063446112 0.997880042 -0.014490215 -12.020833969 -0.155463338 0.004459799 0.987831652 177.374923706
0.982855022 0.066834323 0.171840712 -136.835281372 -0.064412691 0.997730017 -0.019636136 -12.093696594 -0.172763020 0.008230750 0.984929025 178.827728271
0.979558527 0.068703689 0.189063832 -136.606307983 -0.065247275 0.997569382 -0.024453055 -12.122115135 -0.190284297 0.011617295 0.981660306 180.113632202
0.975721836 0.070886597 0.207224742 -136.395797729 -0.066432767 0.997387111 -0.028382141 -12.144853592 -0.208695203 0.013926554 0.977881551 181.394073486
0.973646700 0.045988921 0.223376572 -136.158905029 -0.044803083 0.998941958 -0.010376556 -11.928953171 -0.223617464 0.000095142 0.974676967 182.676086426
0.969596744 0.046007890 0.240344107 -135.820632935 -0.044696860 0.998941064 -0.010906169 -11.971726418 -0.240591362 -0.000168036 0.970626473 183.926147461
0.965377510 0.045822278 0.256800592 -135.473144531 -0.042930476 0.998935819 -0.016858965 -11.993920326 -0.257299840 0.005250689 0.966317356 185.346160889
0.960725009 0.047042355 0.273485839 -135.149307251 -0.042855550 0.998854876 -0.021266546 -12.027089119 -0.274173170 0.008710917 0.961640894 186.594146729
0.955647409 0.049584936 0.290309072 -134.761688232 -0.045430373 0.998745978 -0.021037368 -12.091223717 -0.290988147 0.006915456 0.956701696 187.905609131
0.950212836 0.051452484 0.307324290 -134.336288452 -0.046953529 0.998654306 -0.022020390 -12.145797729 -0.308043748 0.006494097 0.951350093 189.237304688
0.944373429 0.052582338 0.324644059 -133.868499756 -0.046810851 0.998576462 -0.025568243 -12.210371017 -0.325526357 0.008949115 0.945490539 190.694961548
0.937929213 0.053229652 0.342717648 -133.429321289 -0.045719374 0.998504877 -0.029962089 -12.261253357 -0.343800128 0.012433488 0.938960552 192.063934326
0.931271791 0.054599602 0.360210747 -132.987884521 -0.045874637 0.998410702 -0.032733832 -12.292308807 -0.361425579 0.013959555 0.932296455 193.460235596
0.924890220 0.055067871 0.376225471 -132.343078613 -0.043988958 0.998309731 -0.037982095 -12.390790939 -0.377681166 0.018579500 0.925749242 194.785217285
0.916821063 0.058669556 0.394964606 -131.805725098 -0.044649336 0.998006403 -0.044604361 -12.441207886 -0.396794081 0.023259319 0.917612910 196.109008789
0.907289505 0.061812509 0.415938705 -131.240798950 -0.045904513 0.997784793 -0.048148677 -12.528997421 -0.417993486 0.024591325 0.908117115 197.427062988
0.896010876 0.063286893 0.439498901 -130.604843140 -0.046487588 0.997721612 -0.048895016 -12.670885086 -0.441591859 0.023379218 0.896911502 198.786560059
0.883109927 0.068111531 0.464195609 -129.935852051 -0.049546581 0.997412384 -0.052090555 -12.753244400 -0.466542453 0.023002382 0.884199679 200.129531860
0.869142532 0.072535895 0.489213467 -129.270523071 -0.051644422 0.997089326 -0.056086756 -12.830113411 -0.491857767 0.023482235 0.870358884 201.437255859
0.854757309 0.076078653 0.513421834 -128.502609253 -0.053103667 0.996826589 -0.059301116 -12.955949783 -0.516304135 0.023423480 0.856084883 202.741607666
