0.999998748 0.000758583 0.001402687 -0.001856318 -0.000752145 0.999989212 -0.004584265 -0.001500747 -0.001406150 0.004583204 0.999988437 0.784459889
0.999996781 -0.001389041 0.002129446 -0.001014608 0.001400765 0.999983788 -0.005514085 0.000218500 -0.002121753 0.005517051 0.999982476 1.516939640
0.999992967 -0.002899836 0.002386404 -0.002706356 0.002903394 0.999994695 -0.001488659 -0.000211411 -0.002382074 0.001495577 0.999996066 2.275947332
0.999984980 -0.005235660 0.001616621 -0.000624011 0.005228031 0.999975264 0.004687964 -0.002753889 -0.001641126 -0.004679441 0.999987721 3.030180931
0.999961197 -0.008803865 0.000208551 0.000731719 0.008802768 0.999949813 0.004786934 -0.002125761 -0.000250684 -0.004784911 0.999988496 3.774527550
0.999938071 -0.011113903 -0.000588834 0.000033174 0.011114907 0.999936700 0.001734776 0.002635575 0.000569517 -0.001741213 0.999998331 4.650375366
0.999927998 -0.011832182 -0.001984464 0.089887336 0.011828423 0.999928236 -0.001894661 0.078207888 0.002006739 0.001871052 0.999996245 2.323158503
0.999929726 -0.011526780 -0.002758238 0.084311530 0.011520219 0.999930739 -0.002382847 0.077757150 0.002785514 0.002350904 0.999993384 3.202570200
0.999922633 -0.011138912 -0.005560408 0.172870621 0.011136373 0.999937892 -0.000487660 0.102426730 0.005565495 0.000425700 0.999984443 2.735172033
0.999921024 -0.010986212 -0.006098822 0.148983151 0.011000970 0.999936640 0.002392087 0.098788992 0.006072156 -0.002458991 0.999978483 3.833418846
0.999911547 -0.011246828 -0.007091408 0.142456815 0.011276880 0.999927640 0.004212190 0.096130058 0.007043520 -0.004291787 0.999965966 4.745650291
0.999892890 -0.012262066 -0.007984031 0.150547236 0.012299267 0.999913752 0.004627281 0.109001487 0.007926601 -0.004724983 0.999957442 5.492823124
0.999885261 -0.012504009 -0.008549108 0.125385225 0.012543590 0.999910772 0.004592091 0.108067304 0.008490927 -0.004698801 0.999952912 6.557137489
0.999859750 -0.013081606 -0.010456872 0.172831878 0.013116323 0.999908686 0.003258333 0.114694856 0.010413294 -0.003395032 0.999940038 7.261606693
0.999832034 -0.013552122 -0.012337771 0.177296013 0.013571365 0.999906838 0.001477277 0.114025079 0.012316599 -0.001644469 0.999922812 8.157718658
0.999796033 -0.014563220 -0.013989281 0.164710060 0.014565166 0.999893904 0.000037330 0.118554860 0.013987254 -0.000241079 0.999902129 9.059079170
0.999773681 -0.014474373 -0.015589623 0.147883013 0.014468262 0.999895215 -0.000504855 0.117113240 0.015595298 0.000279186 0.999878347 9.961225510
0.999758720 -0.013269573 -0.017504025 0.136302844 0.013241363 0.999910831 -0.001726561 0.119255669 0.017525377 0.001494367 0.999845326 10.573115349
0.999749899 -0.011557790 -0.019145494 0.111657202 0.011535720 0.999932587 -0.001262801 0.113367803 0.019158801 0.001041628 0.999815822 11.754427910
0.999687076 -0.012615621 -0.021599241 0.106364220 0.012611301 0.999920428 -0.000336139 0.112281650 0.021601755 0.000063639 0.999766648 12.426218987
0.999697506 -0.011389359 -0.021794852 0.040842414 0.011416510 0.999934196 0.001121849 0.105047695 0.021780638 -0.001370331 0.999761820 13.623356819
0.999658346 -0.011384117 -0.023528844 0.026045322 0.011411959 0.999934316 0.001049370 0.110826507 0.023515355 -0.001317521 0.999722600 14.306915283
0.999634922 -0.012032392 -0.024192154 -0.014705241 0.012071572 0.999926031 0.001474206 0.110013373 0.024172623 -0.001765705 0.999706268 15.411342621
0.999586284 -0.011720255 -0.026269156 -0.030696243 0.011725050 0.999931276 0.000028529 0.120151915 0.026267014 -0.000336524 0.999654889 16.085708618
0.999554574 -0.012090938 -0.027282936 -0.052115709 0.012123861 0.999925971 0.001041638 0.114048451 0.027268320 -0.001371949 0.999627233 17.091346741
0.999510944 -0.011879714 -0.028925039 -0.071745038 0.011962568 0.999924898 0.002693049 0.117847845 0.028890869 -0.003037750 0.999577999 17.763809204
0.999543846 -0.012456468 -0.027513025 -0.194429457 0.012617010 0.999904275 0.005669192 0.132149339 0.027439771 -0.006013738 0.999605358 19.073059082
0.999500811 -0.012282187 -0.029107286 -0.209436268 0.012492029 0.999897182 0.007038448 0.135349318 0.029017843 -0.007398543 0.999551475 19.834367752
0.999536157 -0.011941797 -0.028015133 -0.298082829 0.012109200 0.999909699 0.005813371 0.149145290 0.027943188 -0.006149915 0.999590576 20.684177399
0.999522984 -0.010661764 -0.028985310 -0.324663877 0.010756398 0.999937296 0.003110902 0.154053777 0.028950326 -0.003421195 0.999575019 21.491895676
0.999502718 -0.010252750 -0.029820642 -0.351256013 0.010289431 0.999946415 0.001076782 0.158118039 0.029808013 -0.001383083 0.999554753 22.266075134
0.999491096 -0.010106864 -0.030255286 -0.401219130 0.010118026 0.999948800 0.000215858 0.188209429 0.030251553 -0.000521872 0.999542177 23.176502228
0.999454260 -0.010189955 -0.031420197 -0.429331511 0.010186753 0.999948084 -0.000262001 0.186456442 0.031421233 -0.000058212 0.999506235 23.954326630
0.999393344 -0.009842460 -0.033405893 -0.458382994 0.009813047 0.999951363 -0.001044282 0.184026226 0.033414554 0.000715835 0.999441266 24.726781845
0.999310195 -0.010064133 -0.035746973 -0.483051300 0.010032352 0.999949038 -0.001068323 0.181056187 0.035755906 0.000708960 0.999360323 25.486728668
0.999232829 -0.010500991 -0.037729334 -0.519804716 0.010510237 0.999944746 0.000046788 0.183931455 0.037726756 -0.000443296 0.999288023 26.226144791
0.998959601 -0.012882789 -0.043746285 -0.390821517 0.012869854 0.999917030 -0.000577294 0.277117997 0.043750092 0.000013686 0.999042511 26.945409775
0.998883784 -0.012107137 -0.045656461 -0.432674646 0.012158205 0.999925792 0.000840991 0.276427716 0.045642890 -0.001395153 0.998956800 27.680332184
0.998816133 -0.010554060 -0.047484931 -0.471286237 0.010618503 0.999943018 0.001105081 0.274050027 0.047470558 -0.001607990 0.998871326 28.410537720
0.998739600 -0.008413121 -0.049480259 -0.518890798 0.008459099 0.999963999 0.000719870 0.266266078 0.049472418 -0.001137521 0.998774886 29.100498199
0.998648822 -0.007134021 -0.051474217 -0.545288980 0.007098544 0.999974370 -0.000872017 0.282982945 0.051479131 0.000505446 0.998673916 29.854244232
0.998556137 -0.006955084 -0.053266548 -0.584553599 0.006985994 0.999975562 0.000394120 0.281288385 0.053262509 -0.000765671 0.998580277 30.569337845
0.998547792 -0.004619087 -0.053674165 -0.641881227 0.004770290 0.999984980 0.002689269 0.269255251 0.053660955 -0.002941405 0.998554826 31.216880798
0.998535931 -0.001988051 -0.054055847 -0.685772777 0.002167506 0.999992251 0.003261375 0.267433107 0.054048948 -0.003373766 0.998532593 31.910293579
0.998601794 0.000609961 -0.052858103 -0.720951319 -0.000565991 0.999999464 0.000846818 0.271814793 0.052858580 -0.000815717 0.998601675 32.581314087
0.998704195 0.002928017 -0.050807629 -0.767701209 -0.003018595 0.999993980 -0.001706128 0.260660470 0.050802335 0.001857285 0.998706996 33.201076508
0.998775303 0.003220565 -0.049371872 -0.785759807 -0.003418579 0.999986470 -0.003926744 0.267359734 0.049358562 0.004090716 0.998772740 33.848426819
0.998939037 0.003220928 -0.045939818 -0.830949068 -0.003419786 0.999985099 -0.004250698 0.295502543 0.045925442 0.004403293 0.998935163 34.518836975
0.999056816 0.008246216 -0.042631913 -0.868832827 -0.008304496 0.999964774 -0.001190111 0.287101328 0.042620592 0.001543025 0.999090135 35.148551941
0.999181151 0.012301643 -0.038543873 -0.902937472 -0.012214590 0.999922335 0.002493264 0.280460507 0.038571544 -0.002020425 0.999253750 35.763069153
0.999242127 0.017980358 -0.034524161 -0.920799851 -0.017855614 0.999832809 0.003918225 0.266464710 0.034588844 -0.003298806 0.999396205 36.340049744
0.999336302 0.021471882 -0.029426280 -0.936156869 -0.021360908 0.999763370 0.004080292 0.271449506 0.029506929 -0.003449013 0.999558687 36.916969299
0.999392033 0.025835915 -0.023411008 -0.960044622 -0.025699219 0.999650955 0.006121009 0.271716952 0.023560978 -0.005515645 0.999707162 37.495319366
0.999373198 0.031162741 -0.016794058 -0.973902822 -0.031042317 0.999490738 0.007384188 0.269135654 0.017015615 -0.006858233 0.999831676 38.036178589
0.999401510 0.033277247 -0.009450107 -0.998016119 -0.033216268 0.999426782 0.006537951 0.282212496 0.009662257 -0.006220139 0.999933898 38.584976196
0.999316871 0.036890555 -0.002197374 -1.000796556 -0.036875404 0.999298215 0.006577956 0.285531938 0.002438496 -0.006492434 0.999975920 39.089950562
0.999140680 0.041131459 0.005111523 -1.000947356 -0.041162975 0.999133110 0.006220345 0.281950027 -0.004851240 -0.006425408 0.999967515 39.575683594
0.998886168 0.045347624 0.013042372 -1.002472162 -0.045397464 0.998962760 0.003550041 0.283425510 -0.012867857 -0.004138179 0.999908566 40.037384033
0.998639107 0.047697894 0.021091485 -1.000509501 -0.047722872 0.998860359 0.000682492 0.278965414 -0.021034896 -0.001688109 0.999777257 40.466205597
0.998426259 0.047901616 0.029161431 -0.991496325 -0.047927395 0.998850822 0.000185226 0.283880740 -0.029119045 -0.001582566 0.999574661 40.886684418
0.998198152 0.047374345 0.036829162 -0.967291713 -0.047472831 0.998870850 0.001803413 0.278102309 -0.036702149 -0.003548548 0.999319971 41.285453796
0.997779489 0.049143117 0.044955730 -0.952262640 -0.049297851 0.998781383 0.002339126 0.281526178 -0.044786002 -0.004550154 0.998986244 41.649917603
0.997190595 0.052155923 0.053765539 -0.934356689 -0.052374404 0.998623908 0.002661533 0.278087169 -0.053552732 -0.005469997 0.998550117 42.015419006
0.996407330 0.057006083 0.062630974 -0.913264990 -0.057245247 0.998357952 0.002029608 0.279232681 -0.062412426 -0.005607645 0.998034835 42.336692810
0.995612681 0.060312778 0.071538232 -0.905078888 -0.060568482 0.998163044 0.001408543 0.291940868 -0.071321875 -0.005735324 0.997436821 42.618675232
0.994930387 0.059662174 0.080955707 -0.883525610 -0.060029667 0.998194337 0.002111016 0.285114408 -0.080683582 -0.006960059 0.996715426 42.895305634
0.994093716 0.058498409 0.091409341 -0.840941191 -0.058772489 0.998271286 0.000307026 0.284892678 -0.091233350 -0.005677568 0.995813370 43.157466888
0.992984831 0.057248961 0.103459224 -0.806270599 -0.057141900 0.998358071 -0.004000877 0.282860458 -0.103518397 -0.001939047 0.994625628 43.414268494
0.991466880 0.058121808 0.116684332 -0.769449234 -0.057583477 0.998308778 -0.007982151 0.277841717 -0.116950929 0.001194951 0.993136942 43.677890778
0.989425182 0.059446670 0.132301882 -0.729644299 -0.058611758 0.998228729 -0.010199563 0.276259422 -0.132673874 0.002337259 0.991157055 43.931411743
0.986993670 0.061896805 0.148365200 -0.675673962 -0.060998466 0.998081565 -0.010601939 0.254369259 -0.148736790 0.001413997 0.988875806 44.180274963
0.984318733 0.062034197 0.165131867 -0.619976521 -0.060861152 0.998072207 -0.012159056 0.261229694 -0.165567786 0.001918273 0.986196518 44.438930511
0.981072366 0.061202768 0.183715031 -0.571402550 -0.059760921 0.998122990 -0.013380013 0.258494854 -0.184189111 0.002147780 0.982888520 44.695285797
0.977328539 0.060249716 0.202974766 -0.507136345 -0.058755275 0.998182714 -0.013386035 0.249936461 -0.203412399 0.001156719 0.979092479 44.927635193
0.972904444 0.060378343 0.223184615 -0.435192108 -0.058643699 0.998175085 -0.014398180 0.244209051 -0.223646700 0.000919681 0.974669874 45.170803070
0.967811346 0.062808596 0.243713498 -0.367031097 -0.060441621 0.998023808 -0.017185677 0.254346192 -0.244311303 0.001902056 0.969694972 45.374141693
0.961690843 0.063747436 0.266621351 -0.285268784 -0.060787715 0.997963309 -0.019347994 0.253365695 -0.267311692 0.002399482 0.963607132 45.611186981
0.954579830 0.065001078 0.290778369 -0.197403908 -0.061796345 0.997884393 -0.020200947 0.244246006 -0.291476250 0.001314365 0.956577122 45.843166351
0.946226120 0.067805424 0.316320091 -0.102350235 -0.064484015 0.997698545 -0.020968933 0.235747457 -0.317013860 -0.000556241 0.948420763 46.071403503
0.936360657 0.069569282 0.344076812 0.043509483 -0.066172741 0.997573912 -0.021620074 0.211732566 -0.344746202 -0.002524314 0.938692570 46.404407501
0.925365031 0.070141129 0.372531682 0.162672043 -0.066474922 0.997529924 -0.022694236 0.200384676 -0.373203307 -0.003763560 0.927741945 46.633674622
0.912359118 0.068611994 0.403600127 0.291912079 -0.064116776 0.997637630 -0.024659047 0.185961246 -0.404338628 -0.003379626 0.914603114 46.946014404
0.897645056 0.065624028 0.435805827 0.435960770 -0.059830327 0.997842669 -0.027021378 0.174058318 -0.436638921 -0.001818791 0.899635077 47.164344788
0.880071700 0.064797729 0.470398903 0.534461975 -0.057126667 0.997898519 -0.030582547 0.152806163 -0.471391946 0.000042517 0.881923795 47.391063690
0.860774279 0.066519216 0.504621446 0.704717636 -0.056235183 0.997782528 -0.035602741 0.144906998 -0.505870819 0.002268445 0.862606168 47.618347168
0.838497877 0.067621820 0.540692568 0.807865143 -0.055664461 0.997708738 -0.038455017 0.094038010 -0.542054117 0.002147086 0.840340734 47.848720551
0.814073324 0.070253536 0.576497138 1.004745483 -0.056543052 0.997528195 -0.041716944 0.082566857 -0.578002989 0.001363736 0.816033483 48.075035095
0.786775947 0.073911622 0.612797439 1.291448593 -0.059528966 0.997262955 -0.043853577 0.039394975 -0.614361405 -0.001976253 0.789022267 48.335853577
0.756893754 0.078005984 0.648865819 1.514595032 -0.063017964 0.996936023 -0.046340957 0.021320939 -0.650492549 -0.005815014 0.759490311 48.562614441
0.723998129 0.079377435 0.685219705 1.780435562 -0.062965795 0.996814787 -0.048944168 0.009944439 -0.686922133 -0.007709923 0.726689935 48.803642273
0.687459886 0.076978587 0.722131014 2.063760757 -0.059463032 0.996993959 -0.049670715 -0.007199407 -0.723783851 -0.008793481 0.689970672 49.035285950
0.648629248 0.075169079 0.757383466 2.364582062 -0.056342673 0.997122824 -0.050710522 -0.029620409 -0.759016216 -0.009780672 0.650998235 49.243949890
0.606220245 0.074881412 0.791763663 2.699243546 -0.054678839 0.997126043 -0.052438360 -0.046934128 -0.793414891 -0.011503521 0.608572423 49.463806152
0.560827792 0.074643910 0.824560761 2.968515396 -0.050931837 0.997151792 -0.055626363 -0.054966807 -0.826364398 -0.010799591 0.563032150 49.621124268
0.512325108 0.073791653 0.855615377 3.342071533 -0.048077766 0.997203648 -0.057214767 -0.072391629 -0.857444704 -0.011823523 0.514440119 49.821578979
0.465898395 0.071861237 0.881915331 4.153446198 -0.046227507 0.997312307 -0.056843057 -0.115551829 -0.883629799 -0.014285656 0.467968166 49.947250366
0.415971786 0.069926389 0.906685054 4.583101273 -0.046248421 0.997375727 -0.055702738 -0.135329962 -0.908200741 -0.018761983 0.418114126 50.123260498
0.365890384 0.069663979 0.928046942 5.034896851 -0.049655065 0.997235417 -0.055280678 -0.157462716 -0.929332316 -0.025855564 0.368338019 50.282691956
0.316514522 0.070329003 0.945976913 5.514797211 -0.047954503 0.997158945 -0.058089036 -0.176246524 -0.947374761 -0.026977830 0.318987906 50.424819946
0.269603729 0.066575035 0.960667193 5.991700172 -0.036681242 0.997593224 -0.058839738 -0.206122220 -0.962272465 -0.019375052 0.271396935 50.513103485
0.225942999 0.060635533 0.972251534 6.507963181 -0.022842476 0.998116195 -0.056940220 -0.226452649 -0.973872662 -0.009343391 0.226902440 50.581642151
0.183991998 0.060562555 0.981060207 7.002377510 -0.013472835 0.998161614 -0.059091508 -0.214152873 -0.982835352 -0.002345299 0.184469759 50.611152649
0.144979760 0.061979469 0.987491488 7.561564922 -0.010896686 0.998075485 -0.061043967 -0.241876841 -0.989374578 -0.001910245 0.145376131 50.678222656
0.112865806 0.062642857 0.991633594 8.074352264 -0.001433781 0.998019993 -0.062883094 -0.271740019 -0.993609190 0.005675566 0.112732112 50.715373993
0.083557591 0.060922597 0.994638920 8.658315659 0.004881548 0.998092413 -0.061544221 -0.309586257 -0.996490955 0.009997864 0.083100803 50.745773315
0.058806546 0.059513483 0.996493816 9.270867348 0.012557120 0.998098254 -0.060350336 -0.331807673 -0.998190403 0.016062088 0.057947401 50.751220703
0.038904734 0.058116268 0.997551441 9.871748924 0.016844006 0.998127282 -0.058806736 -0.365370870 -0.999100864 0.019090623 0.037852958 50.759635925
0.022802047 0.060197078 0.997926056 10.487607956 0.019604677 0.997966707 -0.060647476 -0.389971554 -0.999547780 0.020946907 0.021575538 50.756393433
0.009371914 0.059743334 0.998169780 11.114414215 0.019868162 0.998005450 -0.059920035 -0.430264235 -0.999758780 0.020393362 0.008166232 50.759670258
-0.002558706 0.060756627 0.998149276 11.768662453 0.021179495 0.997932136 -0.060689095 -0.458661258 -0.999772429 0.020985017 -0.003840210 50.761718750
-0.010706790 0.063805670 0.997904837 12.416365623 0.025826490 0.997646868 -0.063512065 -0.487477481 -0.999609053 0.025092375 -0.012329472 50.728950500
-0.018374773 0.065371342 0.997691810 13.532318115 0.029945772 0.997448623 -0.064803869 -0.564693153 -0.999382615 0.028685896 -0.020285487 50.757434845
-0.022764452 0.064959601 0.997628212 14.215432167 0.030252911 0.997474611 -0.064259261 -0.595044136 -0.999282956 0.028718328 -0.024672180 50.736766815
-0.026240222 0.062212098 0.997717917 14.497591972 0.028213417 0.997710109 -0.061469581 -0.596695960 -0.999257445 0.026536059 -0.027935350 50.682781219
-0.029317074 0.054913398 0.998060644 15.223039627 0.026185846 0.998189330 -0.054151289 -0.640449822 -0.999227047 0.024547506 -0.030701945 50.683273315
-0.029844776 0.049806613 0.998312831 15.914824486 0.027340820 0.998424768 -0.048994832 -0.665726840 -0.999180675 0.025832454 -0.031159511 50.636508942
-0.030160563 0.047463778 0.998417556 16.651554108 0.029621728 0.998475611 -0.046571717 -0.696045518 -0.999106109 0.028170224 -0.031520542 50.610706329
-0.030578023 0.049201943 0.998320580 17.807174683 0.032819048 0.998298585 -0.048195627 -0.771442413 -0.998993456 0.031290207 -0.032140754 50.625171661
-0.029345093 0.056560334 0.997967780 18.560405731 0.034047853 0.997875035 -0.055553898 -0.800723851 -0.998989284 0.032348439 -0.031208491 50.601047516
-0.027093992 0.064885192 0.997524977 18.923391342 0.035092369 0.997337818 -0.063919865 -0.799165845 -0.999016762 0.033273667 -0.029298842 50.545730591
-0.024364779 0.066012293 0.997521341 19.699628830 0.035997730 0.997228324 -0.065113641 -0.826451421 -0.999054909 0.034322016 -0.026673540 50.520862579
-0.023423076 0.061189450 0.997851431 20.840721130 0.034796983 0.997570217 -0.060355414 -0.903902411 -0.999119818 0.033308502 -0.025495378 50.554832458
-0.020991126 0.054724064 0.998280883 21.651939392 0.034139723 0.997957706 -0.053988490 -0.949461341 -0.999196589 0.032947749 -0.022816522 50.547580719
-0.018187594 0.052920148 0.998433113 22.416835785 0.032252487 0.998109639 -0.052315485 -0.993744612 -0.999314249 0.031250458 -0.019860024 50.532264709
-0.014927054 0.058694404 0.998164415 23.207376480 0.040108558 0.997507274 -0.058055956 -1.032338381 -0.999083817 0.039168328 -0.017243993 50.517795563
-0.011277791 0.064010702 0.997885346 23.652130127 0.042104680 0.997094274 -0.063484102 -1.045968413 -0.999049544 0.041299682 -0.013940169 50.464897156
-0.008478248 0.064605936 0.997874856 24.462102890 0.036020800 0.997282922 -0.064261563 -1.089987636 -0.999315143 0.035399426 -0.010782368 50.466293335
-0.005519457 0.061014920 0.998121619 25.244461060 0.031511508 0.997651696 -0.060811952 -1.134323478 -0.999488175 0.031116670 -0.007429166 50.477794647
-0.000883761 0.057526033 0.998343647 26.052312851 0.035270713 0.997724593 -0.057459146 -1.184868813 -0.999377370 0.035161506 -0.002910734 50.479858398
0.002463613 0.058034569 0.998311520 27.989557266 0.039665546 0.997523189 -0.058086634 -1.335347176 -0.999210000 0.039741669 0.000155538 50.592639923
0.005209163 0.062507831 0.998030901 28.792167664 0.039642826 0.997246981 -0.062665641 -1.380674124 -0.999200463 0.039891198 0.002716835 50.606407166
0.008924848 0.063448623 0.997945189 29.523616791 0.035973471 0.997318566 -0.063730501 -1.418965220 -0.999312818 0.036468338 0.006618450 50.614284515
0.013069849 0.062959231 0.997930408 30.330200195 0.035258818 0.997366071 -0.063385405 -1.463708878 -0.999292731 0.036014289 0.010815558 50.617095947
0.016168501 0.059469879 0.998099148 31.080541611 0.039110739 0.997428060 -0.060063466 -1.514849424 -0.999104083 0.040007524 0.013801004 50.636077881
0.019850487 0.060130145 0.997993112 31.877422333 0.043634638 0.997186661 -0.060949463 -1.555441856 -0.998850405 0.044756941 0.017170884 50.643600464
0.023213195 0.060832970 0.997877955 32.439323425 0.046383504 0.997006536 -0.061858840 -1.595063686 -0.998653889 0.047721017 0.020322062 50.645565033
0.025255671 0.060337953 0.997858465 33.237812042 0.047085904 0.996997237 -0.061477616 -1.646725655 -0.998571455 0.048537731 0.022338767 50.687538147
0.029257145 0.059339486 0.997809052 34.060680389 0.048402838 0.996981084 -0.060709495 -1.683464766 -0.998399377 0.050072972 0.026296629 50.700538635
0.033322170 0.058237743 0.997746587 34.779850006 0.050350595 0.996935368 -0.059871990 -1.725847244 -0.998175502 0.052232191 0.030287752 50.693595886
0.035772983 0.058476355 0.997647643 35.587150574 0.048700038 0.996998549 -0.060184564 -1.769658804 -0.998172581 0.050738469 0.032817811 50.734687805
0.038611222 0.060102604 0.997445166 36.356510162 0.045746062 0.997036576 -0.061848819 -1.820128202 -0.998206615 0.048017249 0.035747334 50.788883209
0.041964836 0.060175199 0.997305274 37.170440674 0.047539167 0.996933758 -0.062153142 -1.862988472 -0.997987509 0.050019309 0.038975481 50.812522888
0.044143651 0.059883762 0.997228801 37.978523254 0.045647621 0.997038424 -0.061892983 -1.909411907 -0.997981668 0.048253309 0.041279353 50.861316681
0.046799332 0.060402803 0.997076333 38.874355316 0.043813109 0.997085273 -0.062459774 -1.958074331 -0.997942984 0.046608083 0.044016480 50.910606384
0.049665280 0.060452115 0.996934712 39.693367004 0.040950898 0.997203946 -0.062508531 -2.010884047 -0.997925997 0.043929879 0.047050830 50.958396912
0.052755930 0.062668137 0.996639132 40.454101562 0.039627690 0.997111559 -0.064795487 -2.046556473 -0.997820795 0.042912852 0.050120149 51.007503510
0.056106120 0.065886810 0.996248543 41.275058746 0.038204987 0.996947765 -0.068084665 -2.101842880 -0.997693539 0.041881628 0.053417664 51.056976318
0.059461713 0.068269581 0.995893359 42.106922150 0.038605787 0.996755123 -0.070633672 -2.150054455 -0.997483850 0.042647254 0.056633145 51.109291077
0.062349778 0.070397995 0.995568514 42.731304169 0.032765586 0.996827245 -0.072539002 -2.188200951 -0.997516394 0.037143175 0.059845325 51.154712677
0.065546349 0.069442235 0.995430231 43.571117401 0.029348470 0.997009814 -0.071484938 -2.240814686 -0.997417808 0.033899926 0.063312337 51.215190887
0.068305597 0.069910459 0.995211959 44.367412567 0.031317916 0.996899903 -0.072178513 -2.298563004 -0.997172773 0.036098152 0.065904394 51.284706116
0.072584003 0.070958376 0.994834900 45.214141846 0.030582741 0.996838450 -0.073332630 -2.355505466 -0.996893287 0.035747558 0.070184425 51.340370178
0.076140784 0.072254762 0.994475663 46.098564148 0.026567211 0.996869862 -0.074462779 -2.411662579 -0.996743202 0.032090098 0.073982857 51.424629211
0.080341525 0.069851533 0.994316816 46.957084656 0.025681606 0.997065365 -0.072119705 -2.470813036 -0.996436536 0.031329859 0.078311861 51.502128601
0.085087329 0.070287079 0.993891239 47.661670685 0.025783798 0.997019351 -0.072715655 -2.514254808 -0.996039808 0.031813473 0.083021440 51.556549072
0.089605376 0.074033841 0.993221998 48.512706757 0.022227883 0.996836424 -0.076308586 -2.574543715 -0.995729268 0.028914878 0.087676302 51.653644562
0.095696256 0.081729732 0.992049634 49.080272675 0.020508524 0.996250033 -0.084054112 -2.636121750 -0.995199263 0.028389139 0.093661249 51.688167572
0.103162684 0.086468332 0.990898967 49.947463989 0.019290704 0.995852888 -0.088908993 -2.700018167 -0.994477391 0.028287230 0.101066828 51.784816742
0.110286355 0.089729108 0.989841223 50.805717468 0.014645212 0.995661557 -0.091888458 -2.765683651 -0.993791878 0.024630478 0.108493790 51.898849487
0.117189288 0.087910347 0.989210904 51.620296478 0.011038937 0.995897472 -0.089812323 -2.832990170 -0.993048251 0.021444883 0.115738057 52.005443573
0.124805227 0.086309917 0.988420069 52.490802765 0.010754037 0.996032953 -0.088332556 -2.907085180 -0.992123008 0.021653870 0.123381943 52.120849609
0.132003948 0.082770444 0.987787426 53.333110809 0.010392482 0.996337473 -0.084875666 -2.970581293 -0.991194665 0.021469487 0.130660295 52.238189697
0.139311641 0.077102803 0.987242341 54.202674866 0.007488985 0.996853530 -0.078910224 -3.046892643 -0.990220308 0.018386554 0.138295874 52.369098663
0.146502405 0.069721274 0.986750245 55.052288055 0.005875541 0.997434139 -0.071348511 -3.103324413 -0.989192843 0.016250424 0.145716861 52.502563477
0.153570682 0.067456424 0.985832453 55.923896790 0.006115995 0.997583151 -0.069213204 -3.161731482 -0.988118708 0.016658470 0.152786970 52.650749207
0.161154106 0.068665557 0.984537661 56.646522522 0.005961870 0.997490823 -0.070544831 -3.227422237 -0.986911237 0.017238278 0.160340369 52.755592346
0.166601047 0.075466573 0.983132124 57.487983704 0.006788863 0.996955395 -0.077678107 -3.283160686 -0.986000955 0.019615605 0.165581509 52.912090302
0.172273651 0.078699052 0.981900275 58.543029785 0.004776284 0.996725082 -0.080725253 -3.376985312 -0.985037565 0.018596672 0.171333551 53.098411560
0.177273378 0.081849664 0.980752170 59.376457214 0.004594708 0.996455967 -0.083990745 -3.433855057 -0.984151006 0.019395594 0.176269040 53.262519836
0.182559237 0.081182577 0.979837477 60.150310516 0.001049455 0.996568561 -0.082764328 -3.507662296 -0.983194292 0.016137689 0.181847602 53.408714294
0.187887698 0.077986680 0.979089439 60.969242096 0.004874138 0.996756494 -0.080329247 -3.579275131 -0.982178390 0.019865094 0.186898112 53.565727234
0.193673626 0.070125088 0.978556573 61.591369629 0.008234828 0.997290790 -0.073097438 -3.638607502 -0.981031418 0.022215294 0.192571506 53.631504059
0.196932942 0.064095080 0.978319585 62.400413513 0.005813829 0.997766793 -0.066539496 -3.698401451 -0.980399787 0.018791595 0.196120501 53.803600311
0.199352115 0.060651567 0.978049099 62.861194611 0.002159306 0.998053133 -0.062332198 -3.725370884 -0.979925513 0.014537963 0.198833078 53.902683258
0.202646315 0.060391266 0.977387965 63.647823334 0.000494991 0.998090148 -0.061773039 -3.781426907 -0.979251802 0.013001877 0.202229396 54.071426392
0.203487381 0.063632280 0.977007568 64.307182312 -0.001981819 0.997910500 -0.064580932 -3.798988342 -0.979075551 0.011205153 0.203188300 54.255405426
0.204868585 0.068341233 0.976400733 65.056602478 -0.006069525 0.997628987 -0.068553559 -3.845798016 -0.978770673 0.008118185 0.204797640 54.422161102
0.206799075 0.072312132 0.975707412 65.799652100 -0.007355012 0.997351706 -0.072357357 -3.902927876 -0.978355765 0.007787097 0.206783250 54.593452454
0.209238082 0.077299766 0.974804699 66.481895447 -0.007779782 0.996970654 -0.077387579 -3.958769798 -0.977833807 0.008608662 0.209205627 54.737228394
0.210828051 0.079216793 0.974308074 67.201469421 -0.007054375 0.996808290 -0.079519711 -4.010721207 -0.977497756 0.009891856 0.210713997 54.900878906
0.212087169 0.079312712 0.974026978 67.890762329 -0.009793744 0.996823609 -0.079036489 -4.060195923 -0.977201700 0.007223250 0.212190315 55.060634613
0.212704122 0.076181851 0.974142313 68.595924377 -0.009520129 0.997070253 -0.075896174 -4.116091728 -0.977070332 0.006869466 0.212806210 55.222038269
0.213502452 0.073946938 0.974139929 69.269569397 -0.009351900 0.997240245 -0.073650837 -4.165946484 -0.976897776 0.006614571 0.213604778 55.369041443
0.213063553 0.072812788 0.974321425 69.951675415 -0.008599869 0.997320414 -0.072650932 -4.215178490 -0.977000475 0.007100227 0.213118792 55.524787903
0.211644009 0.071942449 0.974695385 70.628257751 -0.008967452 0.997387946 -0.071670227 -4.266121864 -0.977305651 0.006428040 0.211736321 55.681301117
0.209561482 0.073015004 0.975065529 71.286048889 -0.010890059 0.997320414 -0.072340995 -4.318786621 -0.977734864 0.004541366 0.209795058 55.830940247
0.208084524 0.075293593 0.975208580 71.908485413 -0.010954229 0.997149527 -0.074650250 -4.375679493 -0.978049517 0.004850905 0.208316132 55.952953339
0.205767289 0.079180233 0.975392461 72.544479370 -0.009299207 0.996834397 -0.078959107 -4.426289558 -0.978556812 0.007176826 0.205852240 56.090744019
0.204085186 0.080097392 0.975670874 73.146789551 -0.007392250 0.996744812 -0.080281198 -4.458621979 -0.978925228 0.009171803 0.204012915 56.210090637
0.201761931 0.079026327 0.976241291 73.762588501 -0.008267689 0.996841550 -0.078985207 -4.504160881 -0.979399741 0.007864947 0.201778010 56.337127686
0.199195191 0.076210283 0.976991892 74.359512329 -0.008297829 0.997066796 -0.076084413 -4.546318054 -0.979924619 0.007048739 0.199243337 56.461837769
0.197707802 0.071837559 0.977625132 74.961906433 -0.007901802 0.997395515 -0.071692310 -4.601538181 -0.980229080 0.006449130 0.197760537 56.575225830
0.195543453 0.070611089 0.978149712 75.539466858 -0.003926450 0.997453034 -0.071219608 -4.660833836 -0.980687201 0.010085871 0.195322663 56.694137573
0.193949118 0.072436430 0.978333652 76.119194031 0.000134533 0.997268260 -0.073865034 -4.699246883 -0.981011569 0.014457676 0.193409532 56.800483704
0.190969780 0.073945619 0.978806674 76.682426453 0.004181094 0.997088134 -0.076142475 -4.744720459 -0.981586993 0.018633394 0.190104559 56.916481018
0.188788146 0.075997554 0.979072690 77.256141663 0.003405323 0.996944308 -0.078041397 -4.781004906 -0.982011974 0.018067351 0.187952474 57.036781311
0.187706321 0.078435078 0.979088426 77.820800781 0.003504660 0.996746719 -0.080521584 -4.825419426 -0.982218981 0.018545782 0.186820745 57.144443512
0.186204270 0.076559789 0.979523659 78.440025330 0.005480074 0.996862948 -0.078956798 -4.883533478 -0.982495725 0.020069949 0.185200602 57.296253204
0.187199920 0.074602507 0.979484916 79.014999390 0.011504306 0.996877074 -0.078125887 -4.929036140 -0.982254446 0.025893455 0.185757056 57.388481140
0.189586923 0.073359892 0.979119599 79.544471741 0.015777331 0.996848702 -0.077743188 -4.951424599 -0.981737196 0.030186987 0.187831998 57.449150085
0.192085505 0.072577417 0.978690803 80.121902466 0.018402955 0.996819973 -0.077533729 -4.999545097 -0.981205583 0.032903910 0.190139011 57.547615051
0.196041986 0.072172344 0.977935970 80.714286804 0.016010664 0.996919334 -0.076782919 -5.045300484 -0.980464876 0.030710077 0.194282502 57.665824890
0.200983211 0.072975628 0.976872742 81.301284790 0.014768671 0.996882260 -0.077508949 -5.087821484 -0.979483366 0.030005107 0.199278831 57.802738190
0.207280040 0.071639150 0.975655079 81.878463745 0.016161868 0.996928215 -0.076634787 -5.124883652 -0.978148282 0.031653266 0.205485463 57.929435730
0.214097291 0.072695777 0.974103510 82.451484680 0.014212116 0.996889472 -0.077519923 -5.157755852 -0.976709068 0.030440876 0.212398142 58.079475403
0.222593293 0.070167117 0.972383022 83.112472534 0.014523619 0.997057259 -0.075272284 -5.210878372 -0.974803150 0.030877626 0.220919222 58.260082245
0.231591538 0.069620602 0.970318675 83.714889526 0.011499397 0.997170269 -0.074291840 -5.254842281 -0.972745121 0.028363440 0.230135620 58.418766022
0.240896359 0.069714278 0.968043804 84.312332153 0.010131993 0.997181892 -0.074334010 -5.296030998 -0.970497966 0.027715011 0.239511162 58.577186584
0.251034409 0.073068447 0.965216398 84.931442261 0.004963820 0.997036636 -0.076768301 -5.345381260 -0.967965484 0.024062641 0.249927819 58.745922089
0.260059237 0.075404778 0.962643921 85.593070984 0.002111680 0.996899247 -0.078658506 -5.379802227 -0.965590358 0.022488663 0.259093642 58.941314697
0.270817339 0.077981606 0.959466994 86.206130981 -0.001498451 0.996746242 -0.080588579 -5.426566124 -0.962629616 0.020387068 0.270053029 59.126846313
0.281101376 0.079897538 0.956346393 86.875366211 -0.002909226 0.996594608 -0.082404956 -5.469776154 -0.959673643 0.020381920 0.280376583 59.331592560
0.290803015 0.080972910 0.953350306 87.525779724 -0.006232806 0.996551514 -0.082741000 -5.517097473 -0.956762612 0.018119285 0.290304929 59.546539307
0.301319301 0.081188589 0.950060546 88.129043579 -0.007609837 0.996541500 -0.082747161 -5.573427200 -0.953492880 0.017703511 0.300895035 59.746860504
0.311379403 0.082156152 0.946727633 88.801315308 -0.012034018 0.996516824 -0.082518838 -5.620917320 -0.950209558 0.014301728 0.311283499 59.983047485
0.322041661 0.077170856 0.943575025 89.513084412 -0.010286919 0.996898651 -0.078021035 -5.659488678 -0.946669519 0.015419543 0.321836770 60.227901459
0.332240760 0.070340179 0.940568149 90.200805664 -0.006809314 0.997368157 -0.072182670 -5.705863476 -0.943170011 0.017577402 0.331845313 60.480171204
0.343460441 0.065689348 0.936866999 90.902061462 -0.005022175 0.997665107 -0.068111107 -5.757146358 -0.939153671 0.018688368 0.342988431 60.740928650
0.353797883 0.062559180 0.933227420 91.610221863 -0.005532226 0.997883201 -0.064796068 -5.800373077 -0.935305536 0.017761886 0.353395045 61.017036438
0.363273144 0.060192823 0.929736197 92.331253052 0.000454348 0.997899234 -0.064783342 -5.840023041 -0.931682527 0.023956476 0.362482667 61.294036865
0.371530712 0.054468423 0.926821530 93.064109802 0.007534172 0.998067796 -0.061675690 -5.878615856 -0.928390145 0.029897245 0.370402455 61.590759277
0.378606230 0.045012966 0.924462616 93.806762695 0.017171171 0.998303115 -0.055640653 -5.917033195 -0.925398529 0.036939997 0.377190948 61.884212494
0.385660231 0.040407579 0.921755612 94.563911438 0.022378676 0.998336911 -0.053127900 -5.961758614 -0.922369480 0.041116983 0.384114563 62.197696686
0.392711729 0.039822157 0.918799043 95.412918091 0.024574788 0.998251081 -0.053769451 -6.047843933 -0.919333220 0.043695182 0.391046286 62.580940247
0.400347888 0.045639291 0.915225983 96.173805237 0.027770048 0.997696042 -0.061899271 -6.084977150 -0.915942311 0.050197110 0.398158073 62.918418884
0.407301903 0.050617766 0.911889791 96.889778137 0.030990753 0.997121930 -0.069191113 -6.114378929 -0.912767529 0.056441836 0.404561013 63.233200073
0.412833393 0.053431388 0.909238040 97.653251648 0.028328896 0.997041523 -0.071453720 -6.160904884 -0.910365820 0.055256195 0.410098404 63.580242157
0.416726232 0.054869231 0.907374620 98.382797241 0.021360856 0.997309983 -0.070117965 -6.224212646 -0.908780992 0.048602294 0.414433151 63.947139740
0.420973033 0.057644192 0.905239642 99.107002258 0.015558292 0.997372985 -0.070746318 -6.287537098 -0.906939745 0.043866277 0.418970197 64.291458130
0.425006926 0.060673580 0.903154492 99.832489014 0.014630201 0.997160316 -0.073873557 -6.346165657 -0.905071855 0.044610102 0.422912359 64.647933960
0.428873330 0.065286100 0.901002407 100.476959229 0.011155193 0.996926308 -0.077546515 -6.388318062 -0.903295755 0.043308489 0.426826835 64.955017090
0.433098853 0.068323635 0.898753226 101.191017151 0.008497813 0.996769011 -0.079869851 -6.439262390 -0.901306391 0.042228974 0.431118906 65.295379639
0.436164945 0.066820815 0.897382379 101.852600098 0.006752120 0.996968031 -0.077517979 -6.505121231 -0.899841428 0.039869849 0.434391350 65.637084961
0.440657735 0.063833579 0.895402789 102.551536560 0.008127241 0.997143924 -0.075086422 -6.553530693 -0.897638321 0.040364571 0.438880414 65.982810974
0.444015682 0.060669761 0.893962622 103.209365845 0.008023657 0.997395813 -0.071674563 -6.614978790 -0.895983100 0.038997475 0.442372561 66.309547424
0.447599977 0.059905909 0.892225027 103.873260498 0.006886430 0.997493088 -0.070428513 -6.671350002 -0.894207418 0.037668049 0.446065307 66.649246216
0.450986117 0.061660796 0.890398502 104.525939941 0.004776475 0.997429848 -0.071492083 -6.725225925 -0.892518163 0.036494900 0.449532479 66.988594055
0.453215778 0.062451303 0.889210463 105.163497925 0.005697317 0.997319579 -0.072947867 -6.772715569 -0.891382575 0.038127244 0.451645136 67.329055786
0.455966562 0.060098276 0.887965381 105.787605286 0.008181483 0.997392297 -0.071705535 -6.823709488 -0.889959335 0.039960191 0.454285711 67.638488770
0.458104342 0.058904584 0.886944652 106.415687561 0.010972598 0.997351229 -0.071904317 -6.862906933 -0.888830781 0.042671762 0.456244558 67.952018738
0.459462106 0.059214946 0.886221290 106.989730835 0.008666519 0.997428775 -0.071138702 -6.910071373 -0.888155103 0.040365990 0.457767516 68.264076233
0.461354852 0.058918234 0.885257244 107.603385925 0.009301293 0.997416556 -0.071230389 -6.964746475 -0.887166917 0.041096520 0.459614903 68.593856812
0.463797599 0.060201515 0.883893371 108.187118530 0.009066634 0.997313797 -0.072683960 -7.020043373 -0.885894954 0.041724581 0.462005824 68.900627136
0.467024773 0.059853118 0.882216215 108.764404297 0.012401018 0.997164965 -0.074216545 -7.067205429 -0.884157300 0.045601334 0.464958578 69.188018799
0.469892323 0.059536956 0.880713642 109.345573425 0.013717439 0.997109890 -0.074724190 -7.116421700 -0.882617116 0.047193460 0.467717677 69.513488770
0.472966939 0.057750572 0.879185617 109.874176025 0.016633632 0.997086644 -0.074443296 -7.156134605 -0.880923092 0.049833279 0.470628470 69.790504456
0.476265341 0.056902375 0.877458513 110.427017212 0.018070931 0.997059822 -0.074466914 -7.198730469 -0.879115820 0.051322505 0.473836780 70.086593628
0.479281306 0.055302344 0.875917196 110.991073608 0.019368021 0.997103333 -0.073551327 -7.286797523 -0.877447605 0.052216563 0.476821870 70.407119751
0.482834488 0.054424342 0.874018788 111.524307251 0.020240676 0.997106671 -0.073270485 -7.327615738 -0.875477731 0.053068243 0.480335891 70.694480896
0.486411333 0.054051507 0.872056425 112.047805786 0.021952849 0.997013628 -0.074041314 -7.367531300 -0.873454094 0.055158660 0.483772099 70.991485596
0.490270883 0.055049352 0.869829893 112.568351746 0.021692665 0.996923506 -0.075319655 -7.411267281 -0.871300042 0.055795956 0.487568438 71.286193848
0.494288892 0.055506159 0.867523849 113.087226868 0.023800641 0.996721089 -0.077333383 -7.450785637 -0.868971765 0.058872655 0.491347104 71.588157654
0.499452442 0.058785591 0.864344537 113.580352783 0.021598730 0.996540189 -0.080257051 -7.498639107 -0.866071999 0.058753330 0.496454716 71.872665405
0.504644215 0.064746834 0.860896170 114.088676453 0.017936390 0.996182203 -0.085435562 -7.546537399 -0.863141119 0.058555931 0.501556277 72.188766479
0.510439873 0.071527958 0.856933415 114.614402771 0.012683697 0.995799839 -0.090674244 -7.600383759 -0.859819889 0.057152830 0.507388711 72.517028809
0.516350150 0.077732183 0.852842331 115.078689575 0.007707802 0.995409846 -0.095393129 -7.647964001 -0.856342852 0.055829797 0.513380826 72.817764282
0.522842526 0.082504317 0.848427117 115.586112976 0.004198308 0.995043814 -0.099349089 -7.687512875 -0.852418900 0.055505894 0.519904852 73.146606445
0.528480887 0.082744151 0.844903171 116.088317871 0.000333565 0.995218575 -0.097673662 -7.738709927 -0.848945081 0.051900491 0.525926352 73.472419739
0.533918202 0.082130834 0.841537714 116.597373962 -0.006527407 0.995641947 -0.093029447 -7.789958954 -0.845510960 0.044177055 0.532127380 73.805877686
0.539021850 0.079515129 0.838530183 117.107902527 -0.012928972 0.996197820 -0.086155280 -7.851566792 -0.842192650 0.035598248 0.538000405 74.176849365
0.545183241 0.077762119 0.834702492 117.640731812 -0.019120140 0.996582806 -0.080354899 -7.904664516 -0.838098824 0.027848516 0.544807196 74.530975342
0.551674128 0.073006392 0.830858409 118.075111389 -0.019347075 0.997013807 -0.074760154 -8.003276825 -0.833835304 0.025168560 0.551439226 74.836906433
0.557819068 0.076570384 0.826422870 118.610458374 -0.023797778 0.996801317 -0.076293364 -8.038834572 -0.829621315 0.022890871 0.557857037 75.219139099
0.563777745 0.080353789 0.822008491 119.151252747 -0.027819643 0.996538997 -0.078334428 -8.088710785 -0.825457990 0.021295220 0.564061701 75.618171692
0.570714116 0.083844140 0.816857100 119.688690186 -0.030278442 0.996245742 -0.081102334 -8.128780365 -0.820590377 0.021553086 0.571110189 75.978271484
0.574996412 0.083271652 0.813907325 120.116950989 -0.030009329 0.996284127 -0.080730304 -8.197846413 -0.817605376 0.021994822 0.575358629 76.366775513
0.580826223 0.084741823 0.809604704 120.687515259 -0.033202726 0.996205330 -0.080453135 -8.229810715 -0.813350081 0.019848211 0.581435800 76.811660767
