0.999986053 -0.002973261 -0.004352561 0.108702570 0.002992366 0.999985874 0.004389425 -0.042436503 0.004339448 -0.004402389 0.999980867 0.386532933
0.999986410 -0.002907062 -0.004314783 0.065160751 0.002931080 0.999980330 0.005570496 -0.062243223 0.004298504 -0.005583069 0.999975145 1.825418353
0.999971509 -0.002337089 -0.007172524 0.089064941 0.002374460 0.999983668 0.005206376 -0.067296319 0.007160238 -0.005223258 0.999960721 3.145600080
0.999980569 -0.000737569 -0.006192237 0.031712480 0.000764520 0.999990225 0.004351205 -0.065730698 0.006188966 -0.004355854 0.999971330 4.219579697
0.999981225 -0.000370653 -0.006104597 0.000495329 0.000397794 0.999989986 0.004445474 -0.074505739 0.006102889 -0.004447819 0.999971449 5.512158394
0.999969661 -0.000865735 -0.007736983 -0.017748881 0.000901393 0.999988914 0.004606434 -0.078305945 0.007732912 -0.004613269 0.999959409 6.863933563
0.999939620 -0.002768023 -0.010627319 -0.014163151 0.002806126 0.999989748 0.003572234 -0.088105440 0.010617321 -0.003601840 0.999937057 8.226120949
0.999933481 -0.004037137 -0.010802592 -0.048482392 0.004077805 0.999984682 0.003745211 -0.097261116 0.010787303 -0.003789014 0.999934614 9.592430115
0.999924600 -0.003588531 -0.011742086 -0.067377239 0.003632236 0.999986589 0.003702838 -0.115241006 0.011728641 -0.003745208 0.999924123 10.939965248
0.999905169 -0.002864291 -0.013468437 -0.079955667 0.002912627 0.999989390 0.003570653 -0.126946986 0.013458066 -0.003609543 0.999902904 12.298770905
0.999894559 -0.001864608 -0.014396287 -0.078798197 0.001930210 0.999987721 0.004544249 -0.144663662 0.014387638 -0.004571558 0.999886036 13.619565010
0.999849677 -0.002139341 -0.017207151 -0.042559415 0.002236932 0.999981523 0.005654257 -0.164975524 0.017194737 -0.005691898 0.999835968 14.906500816
0.999839008 -0.000372121 -0.017936677 -0.094031602 0.000494355 0.999976635 0.006810801 -0.185022384 0.017933723 -0.006818572 0.999815941 16.004804611
0.999830484 0.000072531 -0.018408895 -0.130471110 0.000052405 0.999976993 0.006786110 -0.200571597 0.018408962 -0.006785924 0.999807477 17.171724319
0.999843776 0.001335500 -0.017623117 -0.178733468 -0.001215939 0.999976158 0.006793292 -0.211497247 0.017631771 -0.006770802 0.999821603 18.372274399
0.999835491 0.001541474 -0.018069813 -0.196052939 -0.001413847 0.999973953 0.007073632 -0.210598126 0.018080246 -0.007046920 0.999811649 19.663425446
0.999843419 0.002459995 -0.017516233 -0.225152194 -0.002316595 0.999963641 0.008202297 -0.217569143 0.017535772 -0.008160435 0.999812901 20.971082687
0.999837637 0.002596356 -0.017831586 -0.243336782 -0.002474369 0.999973357 0.006859764 -0.224848539 0.017848922 -0.006814528 0.999817491 22.318838120
0.999829233 0.003198009 -0.018200794 -0.268523991 -0.003114967 0.999984562 0.004589096 -0.225739628 0.018215189 -0.004531619 0.999823689 23.600002289
0.999838531 0.001927895 -0.017868269 -0.295455277 -0.001851859 0.999989092 0.004270936 -0.235949904 0.017876312 -0.004237157 0.999831140 24.731332779
0.999832094 0.000499042 -0.018316094 -0.305746585 -0.000367315 0.999974072 0.007194505 -0.248832896 0.018319208 -0.007186571 0.999806345 26.146997452
0.999823570 -0.001136454 -0.018746017 -0.318747580 0.001287987 0.999966621 0.008073336 -0.250918150 0.018736212 -0.008096058 0.999791682 27.279067993
0.999827504 -0.001679164 -0.018498342 -0.352580070 0.001816453 0.999970973 0.007407368 -0.253018171 0.018485365 -0.007439692 0.999801397 28.714139938
0.999832809 -0.001722180 -0.018206721 -0.374200583 0.001824463 0.999982715 0.005602752 -0.264394730 0.018196754 -0.005635032 0.999818444 29.863885880
0.999841690 -0.000561816 -0.017783130 -0.430851609 0.000645918 0.999988616 0.004723936 -0.274293303 0.017780269 -0.004734673 0.999830723 31.227842331
0.999851167 0.000225022 -0.017246835 -0.450774789 -0.000159192 0.999992728 0.003818167 -0.288033605 0.017247565 -0.003814852 0.999844015 32.372943878
0.999870300 0.000997587 -0.016075056 -0.484680295 -0.000917118 0.999987066 0.005012380 -0.300385803 0.016079843 -0.004996987 0.999858260 33.495403290
0.999899447 0.000621031 -0.014162822 -0.503309727 -0.000518533 0.999973595 0.007239637 -0.320155352 0.014166946 -0.007231565 0.999873400 34.740066528
0.999919593 -0.000008655 -0.012677101 -0.518333435 0.000115398 0.999964595 0.008419440 -0.329845071 0.012676580 -0.008420226 0.999884129 35.843578339
0.999942005 0.000425622 -0.010759351 -0.528093219 -0.000329352 0.999960005 0.008947724 -0.346793026 0.010762729 -0.008943661 0.999902010 37.077095032
0.999972343 0.000355989 -0.007415651 -0.540542245 -0.000293747 0.999964833 0.008392670 -0.355013490 0.007418379 -0.008390261 0.999937236 38.166324615
0.999992788 -0.000713683 -0.003726795 -0.559760988 0.000739475 0.999975741 0.006923931 -0.372020453 0.003721762 -0.006926637 0.999969065 39.416042328
0.999999821 -0.000273079 -0.000489073 -0.559848130 0.000275531 0.999987364 0.005020817 -0.376941860 0.000487695 -0.005020951 0.999987245 40.505710602
0.999994040 -0.000390667 0.003426566 -0.561296046 0.000370653 0.999982953 0.005839511 -0.395990968 -0.003428789 -0.005838205 0.999977052 41.680015564
0.999961793 -0.000111108 0.008741920 -0.567062557 0.000059611 0.999982774 0.005890747 -0.406610996 -0.008742422 -0.005890000 0.999944389 42.715930939
0.999881804 0.001280564 0.015321441 -0.557340562 -0.001353379 0.999987841 0.004743058 -0.419959992 -0.015315179 -0.004763233 0.999871314 43.911144257
0.999744833 0.002105504 0.022492537 -0.530668736 -0.002210211 0.999986887 0.004631351 -0.431789994 -0.022482492 -0.004679882 0.999736190 44.971405029
0.999503195 0.003704021 0.031295296 -0.522761941 -0.003890000 0.999975085 0.005883902 -0.449465185 -0.031272724 -0.006002718 0.999492824 46.108829498
0.999129057 0.005586147 0.041348230 -0.473613620 -0.005864515 0.999960840 0.006614060 -0.461009979 -0.041309662 -0.006850788 0.999122858 47.150196075
0.998481631 0.007813964 0.054527950 -0.445929527 -0.008178329 0.999945641 0.006462224 -0.473021448 -0.054474495 -0.006898359 0.998491228 48.274784088
0.997533381 0.009884041 0.069495708 -0.391031504 -0.010393487 0.999921620 0.006972806 -0.483688235 -0.069421358 -0.007677909 0.997557878 49.356948853
0.996252179 0.012567882 0.085578129 -0.315448284 -0.013343361 0.999874890 0.008495651 -0.497362912 -0.085460663 -0.009605710 0.996295214 50.350334167
0.994509220 0.012783733 0.103865385 -0.238664627 -0.013818121 0.999861717 0.009245439 -0.503395915 -0.103732832 -0.010629899 0.994548380 51.472515106
0.992299914 0.012253026 0.123251617 -0.131870747 -0.013418762 0.999872684 0.008632504 -0.519784689 -0.123130150 -0.010219915 0.992337942 52.451999664
0.989475310 0.011384439 0.144253552 -0.002681255 -0.012530248 0.999896884 0.007036973 -0.508510828 -0.144158557 -0.008770445 0.989515662 53.611816406
0.986235023 0.008810526 0.165114969 0.157795906 -0.010081301 0.999925733 0.006859826 -0.516102433 -0.165042236 -0.008429974 0.986250460 54.566001892
0.982423544 0.003274479 0.186636686 0.336168289 -0.005081520 0.999944687 0.009204545 -0.532393277 -0.186596230 -0.009991160 0.982385874 55.548046112
0.977733791 -0.002186647 0.209837914 0.528275490 -0.000044348 0.999943495 0.010626702 -0.537790895 -0.209849313 -0.010399391 0.977678359 56.477855682
0.972189128 -0.007502957 0.234076738 0.761027336 0.005263433 0.999934256 0.010190724 -0.549186468 -0.234137803 -0.008675264 0.972164690 57.511875153
0.965804636 -0.013859861 0.258900046 1.014572144 0.012077252 0.999891222 0.008474641 -0.554781318 -0.258989334 -0.005058046 0.965866983 58.431049347
0.958179355 -0.016851444 0.285671771 1.296394348 0.014878518 0.999848068 0.009075449 -0.559596419 -0.285781294 -0.004445535 0.958284557 59.423793793
0.949654400 -0.019286977 0.312704861 1.604501724 0.016520323 0.999797404 0.011494776 -0.565898478 -0.312863201 -0.005750080 0.949780762 60.339096069
0.939963818 -0.023802236 0.340443134 1.928678513 0.020122932 0.999694824 0.014334677 -0.572296679 -0.340680331 -0.006623365 0.940155804 61.243850708
0.928799450 -0.026513848 0.369633049 2.262813568 0.022972852 0.999638259 0.013978964 -0.576862276 -0.369870037 -0.004492127 0.929072678 62.135971069
0.916627824 -0.025752641 0.398911446 2.629981995 0.023669166 0.999668300 0.010148331 -0.577949464 -0.399040490 0.000139659 0.916933298 63.002243042
0.902954817 -0.026415886 0.428923190 3.017793655 0.026986819 0.999624491 0.004751652 -0.579891086 -0.428887665 0.007284744 0.903328419 63.907672882
0.888698041 -0.028670022 0.457595885 3.446586609 0.030958800 0.999517560 0.002498202 -0.594135046 -0.457446605 0.011946470 0.889156818 64.727203369
0.873162329 -0.029218499 0.486552984 3.905841827 0.030142235 0.999527991 0.005930787 -0.603176951 -0.486496508 0.009487253 0.873630941 65.533386230
0.853654265 -0.028427528 0.520063639 4.332559586 0.025683310 0.999592245 0.012481678 -0.641324937 -0.520206392 0.002701916 0.854036331 66.430740356
0.833988667 -0.028287964 0.551055789 4.839429855 0.023405582 0.999599874 0.015890673 -0.641992807 -0.551284671 -0.000354861 0.834317148 67.194885254
0.812563598 -0.022070836 0.582454562 5.371536255 0.019386601 0.999753416 0.010837836 -0.638435960 -0.582550049 0.002485380 0.812791109 67.949516296
0.789787114 -0.015494839 0.613185346 5.907531738 0.016283669 0.999858201 0.004292361 -0.657634854 -0.613164902 0.006594856 0.789927423 68.713470459
0.766986907 -0.013691192 0.641516685 6.519361496 0.015766459 0.999872565 0.002489071 -0.676321626 -0.641469002 0.008205361 0.767104983 69.468070984
0.743582308 -0.016105965 0.668450415 7.123987198 0.016050952 0.999851704 0.006235871 -0.698556304 -0.668451667 0.006092381 0.743730605 70.126953125
0.719028175 -0.016766051 0.694778621 7.799531937 0.017137315 0.999832749 0.006392013 -0.695158005 -0.694769502 0.007310600 0.719195247 70.813491821
0.693468809 -0.014716589 0.720336139 8.448587418 0.017864581 0.999835253 0.003228537 -0.693220437 -0.720264912 0.010629615 0.693617523 71.436973572
0.667083681 -0.012261027 0.744881749 9.115146637 0.017188258 0.999851763 0.001064868 -0.709045649 -0.744784296 0.012092862 0.667195618 72.026428223
0.640318930 -0.009509599 0.768050253 9.854366302 0.016087346 0.999870062 -0.001032056 -0.695593357 -0.767940640 0.013016733 0.640388727 72.636611938
0.611955166 -0.008282599 0.790848970 10.570100784 0.015892372 0.999871910 -0.001825735 -0.719128370 -0.790732563 0.013685731 0.612008631 73.196594238
0.583352923 -0.001250038 0.812217832 11.304355621 0.014950376 0.999845922 -0.009198888 -0.707826495 -0.812081218 0.017509159 0.583281755 73.709663391
0.553330541 0.008382981 0.832919657 12.066852570 0.013817277 0.999719381 -0.019240934 -0.714460671 -0.832847238 0.022155274 0.553059518 74.222084045
0.522585988 0.016747251 0.852421999 12.843769073 0.013635634 0.999514997 -0.027996596 -0.723230362 -0.852477491 0.026253941 0.522104144 74.681625366
0.490790486 0.021802325 0.871004701 13.645526886 0.011051554 0.999450624 -0.031244772 -0.747989297 -0.871207476 0.024960589 0.490279883 75.139465332
0.457694054 0.022092313 0.888835251 14.518360138 0.011039768 0.999472976 -0.030527044 -0.739417434 -0.889041126 0.023784582 0.457208991 75.612136841
0.424653530 0.021041747 0.905111432 15.377162933 0.006768201 0.999628186 -0.026414504 -0.767737031 -0.905330598 0.017342988 0.424353242 76.020423889
0.392094254 0.022676736 0.919645429 16.376899719 0.005154170 0.999626160 -0.026846414 -0.770687819 -0.919910610 0.015266332 0.391830802 76.377525330
0.356650442 0.025600096 0.933887005 17.270399094 -0.001824414 0.999641538 -0.026705848 -0.802441001 -0.934236169 0.007820854 0.356569260 76.736854553
0.321349919 0.027598545 0.946558237 18.129676819 -0.005725054 0.999613583 -0.027201850 -0.827459216 -0.946943104 0.003322218 0.321383804 77.023818970
0.285304427 0.026910305 0.958059013 19.064496994 -0.008316439 0.999637663 -0.025601592 -0.865146518 -0.958400846 -0.000663391 0.285424829 77.313156128
0.249676377 0.026031058 0.967979431 20.008647919 -0.008796640 0.999658287 -0.024614008 -0.904116452 -0.968289256 -0.002369429 0.249820128 77.543838501
0.212937504 0.025837963 0.976724088 20.876224518 -0.007039311 0.999664903 -0.024910176 -0.923641086 -0.977040350 -0.001571155 0.213048011 77.745742798
0.178043410 0.025337795 0.983696342 21.855993271 -0.003788994 0.999678671 -0.025063679 -0.935053885 -0.984015346 0.000735203 0.178082198 77.913917542
0.142884210 0.024119431 0.989445448 22.768680573 0.004600008 0.999676108 -0.025033101 -0.974817872 -0.989728749 0.008128291 0.142726973 78.054412842
0.109087572 0.027180724 0.993660510 23.752696991 0.006307845 0.999587059 -0.028035335 -1.021192551 -0.994012117 0.009326163 0.108871073 78.159469604
0.076012038 0.032255277 0.996585011 24.640392303 0.007274861 0.999432147 -0.032902293 -1.050960302 -0.997080326 0.009750989 0.075734206 78.237960815
0.046948444 0.035961520 0.998249710 25.651378632 0.014487959 0.999222100 -0.036677927 -1.097239852 -0.998792231 0.016184572 0.046390913 78.278472900
0.021655444 0.034281299 0.999177456 26.565467834 0.016834440 0.999257803 -0.034648921 -1.134469509 -0.999623775 0.017570933 0.021062260 78.290840149
0.000101952 0.030818371 0.999525011 27.590246201 0.018514922 0.999353647 -0.030814981 -1.179240465 -0.999828577 0.018509267 -0.000468716 78.279365540
-0.019580705 0.028623311 0.999398410 28.517889023 0.018938841 0.999421358 -0.028252911 -1.211281061 -0.999628842 0.018374238 -0.020111466 78.273254395
-0.036635179 0.031545840 0.998830616 29.549032211 0.020852184 0.999308169 -0.030796103 -1.256311178 -0.999111116 0.019699581 -0.037267640 78.254463196
-0.050249018 0.036218680 0.998079777 30.481788635 0.023580387 0.999106705 -0.035068769 -1.285276055 -0.998458326 0.021772936 -0.051058188 78.181175232
-0.062193595 0.041505210 0.997200668 31.502216339 0.027514476 0.998826504 -0.039856840 -1.325607657 -0.997684777 0.024958612 -0.063262604 78.108703613
-0.070679337 0.044688568 0.996497512 32.444026947 0.033863641 0.998527586 -0.042377744 -1.377628088 -0.996924043 0.030749813 -0.072088592 78.038505554
-0.076746337 0.049933236 0.995799482 33.466464996 0.037398946 0.998186409 -0.047170598 -1.434708238 -0.996348977 0.033621687 -0.078474626 77.959800720
-0.080233425 0.054756127 0.995270967 34.444675446 0.040272519 0.997852743 -0.051651619 -1.494973421 -0.995962143 0.035937883 -0.082266293 77.884696960
-0.082923420 0.058686905 0.994826376 35.483867645 0.041901030 0.997586966 -0.055357110 -1.558735490 -0.995674551 0.037093848 -0.085182369 77.790260315
-0.086148076 0.061195627 0.994401157 36.457954407 0.042137574 0.997442424 -0.057732292 -1.637474537 -0.995390832 0.036928125 -0.088506393 77.724418640
-0.088813603 0.064844728 0.993935406 37.490905762 0.043874558 0.997164667 -0.061134994 -1.698604107 -0.995081484 0.038178850 -0.091406852 77.637893677
-0.090635836 0.068291903 0.993539810 38.406089783 0.044523042 0.996926367 -0.064463049 -1.772048712 -0.994888365 0.038392752 -0.093397819 77.541587830
-0.092986949 0.069826715 0.993215799 39.440406799 0.047605898 0.996708691 -0.065615319 -1.841670275 -0.994528651 0.041181564 -0.096005060 77.442771912
-0.095699802 0.068317987 0.993062913 40.366230011 0.047101546 0.996835232 -0.064038396 -1.919058323 -0.994295180 0.040646337 -0.098614819 77.376228333
-0.098160237 0.068267822 0.992826283 41.424610138 0.046462722 0.996870697 -0.063952178 -1.990437508 -0.994085312 0.039851844 -0.101024978 77.273773193
-0.099206068 0.069121115 0.992663324 42.325237274 0.046486899 0.996817231 -0.064764500 -2.057495117 -0.993980467 0.039720800 -0.102103554 77.149505615
-0.101302259 0.071389057 0.992290974 43.352676392 0.045988336 0.996691883 -0.067010753 -2.131695271 -0.993792176 0.038845468 -0.104250200 77.045639038
-0.104446858 0.073478021 0.991812408 44.291526794 0.043709446 0.996642530 -0.069232874 -2.197351933 -0.993569434 0.036120418 -0.107307874 76.955139160
-0.106634304 0.077393241 0.991281688 45.343116760 0.041316722 0.996449888 -0.073352210 -2.272960424 -0.993439555 0.033134643 -0.109453380 76.834373474
-0.109231859 0.081334665 0.990683138 46.271156311 0.038186960 0.996254444 -0.077581614 -2.344776869 -0.993282497 0.029356793 -0.111928627 76.740165710
-0.111837737 0.083859637 0.990181744 47.326374054 0.035664275 0.996129692 -0.080335222 -2.427442312 -0.993086278 0.026329605 -0.114395663 76.622322083
-0.114037156 0.082375057 0.990055501 48.286521912 0.034365959 0.996287286 -0.078935221 -2.506262302 -0.992881894 0.025022661 -0.116444640 76.495094299
-0.116922475 0.077989586 0.990074098 49.348850250 0.031508718 0.996701479 -0.074790627 -2.595326900 -0.992641091 0.022451261 -0.118994139 76.363571167
-0.119781837 0.076477878 0.989850104 50.307384491 0.031799432 0.996812522 -0.073167764 -2.671849966 -0.992290795 0.022712499 -0.121831998 76.261154175
-0.121796161 0.076829702 0.989577115 51.363998413 0.031873386 0.996788144 -0.073466636 -2.757981539 -0.992043138 0.022593219 -0.123853818 76.134307861
-0.123723373 0.079906367 0.989094198 52.442924500 0.031762835 0.996560693 -0.076536439 -2.841599703 -0.991808355 0.021947091 -0.125835910 76.007164001
-0.123531222 0.082445800 0.988909841 53.370265961 0.033716872 0.996316016 -0.078851447 -2.918278933 -0.991767824 0.023602325 -0.125855953 75.877464294
-0.123724848 0.083286062 0.988815308 54.420249939 0.031778507 0.996293068 -0.079939649 -3.000356197 -0.991807580 0.021532550 -0.125912935 75.748046875
-0.123918414 0.081607036 0.988930941 55.505081177 0.029005934 0.996484578 -0.078595757 -3.100304604 -0.991868377 0.018945400 -0.125849873 75.617927551
-0.123538584 0.081117235 0.989018798 56.527179718 0.025116043 0.996589661 -0.078600943 -3.183367014 -0.992021918 0.015129984 -0.125154644 75.489448547
-0.123308465 0.081890695 0.988983750 57.616340637 0.022055957 0.996569395 -0.079768814 -3.279891253 -0.992123365 0.011976812 -0.124691635 75.353080750
-0.124381006 0.082340121 0.988812149 58.593410492 0.016663617 0.996583641 -0.080891170 -3.359855890 -0.992094576 0.006415858 -0.125328168 75.252281189
-0.125236884 0.081374981 0.988784015 59.681632996 0.012953666 0.996679783 -0.080384113 -3.459479094 -0.992042363 0.002741324 -0.125875160 75.123664856
-0.125580952 0.076486811 0.989130437 60.680591583 0.013313238 0.997063756 -0.075410001 -3.535686016 -0.991993964 0.003698472 -0.126230493 75.007087708
-0.125524610 0.067441098 0.989795506 61.774272919 0.017299304 0.997683883 -0.065784715 -3.624649048 -0.991939604 0.008865173 -0.126400575 74.861701965
-0.125197202 0.062492911 0.990161717 62.791679382 0.022528717 0.997935951 -0.060135007 -3.696592331 -0.991876006 0.014778336 -0.126346707 74.717956543
-0.124167293 0.065385796 0.990104556 63.903572083 0.030750694 0.997600853 -0.062024429 -3.763031960 -0.991784692 0.022744996 -0.125880048 74.560485840
-0.123382390 0.070704319 0.989837229 64.912994385 0.036684357 0.997101724 -0.066650547 -3.836321592 -0.991681039 0.028088033 -0.125618532 74.437194824
-0.122069836 0.076375552 0.989578545 66.017242432 0.040325701 0.996593177 -0.071942545 -3.917484522 -0.991701961 0.031123435 -0.124733850 74.286079407
-0.122219950 0.081461199 0.989154398 67.050910950 0.041124068 0.996185839 -0.076958977 -3.980697155 -0.991650701 0.031272124 -0.125103787 74.167350769
-0.122754283 0.077885188 0.989376307 68.172416687 0.038062233 0.996551871 -0.073727593 -4.078408241 -0.991706967 0.028607480 -0.125295460 74.039848328
-0.122251667 0.073734015 0.989756465 69.243988037 0.037166219 0.996877372 -0.069673851 -4.155263901 -0.991802990 0.028267758 -0.124610350 73.901557922
-0.122480631 0.072177485 0.989842892 70.390289307 0.035412420 0.997034669 -0.068320081 -4.239624023 -0.991838992 0.026684839 -0.124673441 73.764915466
-0.122920051 0.072676964 0.989751875 71.420516968 0.032613348 0.997072041 -0.069164127 -4.305746555 -0.991880596 0.023777463 -0.124930374 73.667381287
-0.121783487 0.078432426 0.989453018 72.581665039 0.033273324 0.996635258 -0.074906424 -4.387566090 -0.991998851 0.023800023 -0.123983428 73.495803833
-0.121045463 0.081020437 0.989334941 73.626266479 0.032252368 0.996458292 -0.077657700 -4.466323853 -0.992122829 0.022508280 -0.123229854 73.366569519
-0.120980598 0.080008216 0.989425302 74.771942139 0.031775154 0.996547937 -0.076698907 -4.546305656 -0.992146134 0.022160055 -0.123105243 73.232757568
-0.119718269 0.073447168 0.990087450 75.903442383 0.034487680 0.996965468 -0.069787286 -4.643699169 -0.992208719 0.025791002 -0.121888004 73.076957703
-0.119984418 0.071534567 0.990195215 77.060844421 0.034669213 0.997094154 -0.067832023 -4.732322216 -0.992170334 0.026190495 -0.122115813 72.933059692
-0.121105388 0.073764533 0.989895165 78.202430725 0.031726371 0.997013152 -0.070413522 -4.832295418 -0.992132485 0.022878325 -0.123083971 72.836486816
-0.119275756 0.077694118 0.989816546 79.362518311 0.030629333 0.996746957 -0.074547179 -4.907341957 -0.992388487 0.021425748 -0.121267460 72.666297913
-0.119034693 0.077850424 0.989833295 80.557723999 0.029773375 0.996752918 -0.074814186 -4.982621670 -0.992443562 0.020565197 -0.120966032 72.519111633
-0.118396379 0.075121664 0.990120590 81.746948242 0.028225388 0.996985853 -0.072267406 -5.063014984 -0.992565155 0.019390350 -0.120159864 72.377838135
-0.117185354 0.074081659 0.990343034 82.937225342 0.028854985 0.997046769 -0.071168773 -5.152176857 -0.992690802 0.020236401 -0.118976898 72.228134155
-0.116141111 0.074991867 0.990397513 84.128913879 0.029516771 0.996965766 -0.072027862 -5.240814209 -0.992793977 0.020867942 -0.118002243 72.088989258
-0.114751272 0.074824452 0.990572274 85.336784363 0.031940158 0.996921599 -0.071604013 -5.339899063 -0.992880523 0.023422379 -0.116787940 71.942260742
-0.113095954 0.074499406 0.990787089 86.545417786 0.030867361 0.996967077 -0.071440674 -5.433567524 -0.993104398 0.022503339 -0.115052551 71.794075012
-0.110889897 0.074308790 0.991050720 87.765876770 0.032627665 0.996935487 -0.071099274 -5.537761688 -0.993296981 0.024451481 -0.112974577 71.633659363
-0.109486163 0.072795957 0.991319001 88.957077026 0.031691052 0.997063160 -0.069717646 -5.634081841 -0.993482947 0.023782825 -0.111471616 71.502250671
-0.107658468 0.071403019 0.991620481 90.189346313 0.030468391 0.997186065 -0.068495885 -5.734643936 -0.993720949 0.022838918 -0.109531067 71.356147766
-0.105191648 0.069941536 0.991989374 91.340126038 0.032442626 0.997234046 -0.066871084 -5.845861435 -0.993922770 0.025148463 -0.107169777 71.203155518
-0.103172280 0.071242779 0.992108881 92.575569153 0.030535523 0.997188330 -0.068432078 -5.933426857 -0.994194686 0.023234272 -0.105057657 71.070404053
-0.102334812 0.072151363 0.992129862 93.769256592 0.030304704 0.997129142 -0.069389112 -6.054614067 -0.994288266 0.022965278 -0.104227565 70.960647583
-0.100647785 0.070698574 0.992407024 94.995613098 0.028799225 0.997261167 -0.068123624 -6.149867535 -0.994505167 0.021724055 -0.102408193 70.831466675
-0.099713691 0.069241174 0.992604017 96.204017639 0.025760094 0.997421026 -0.066989459 -6.239956856 -0.994682670 0.018889807 -0.101240218 70.707382202
-0.099301383 0.070830710 0.992533267 97.396865845 0.022594329 0.997366726 -0.068915106 -6.313028812 -0.994800806 0.015582260 -0.100640237 70.587814331
-0.099896662 0.070226096 0.992516458 98.648422241 0.020302208 0.997442245 -0.068531208 -6.401391983 -0.994790614 0.013304234 -0.101066902 70.471321106
-0.100984417 0.067981891 0.992562532 99.795494080 0.018733939 0.997615695 -0.066421986 -6.475193501 -0.994711578 0.011887020 -0.102017209 70.375152588
-0.102657504 0.066581860 0.992485881 101.064155579 0.016637579 0.997732699 -0.065212950 -6.567713261 -0.994577527 0.009817963 -0.103532501 70.255699158
-0.103322402 0.066002712 0.992455542 102.167953491 0.014367134 0.997790813 -0.064861819 -6.630324364 -0.994544089 0.007557066 -0.104042411 70.137847900
-0.104868151 0.066376567 0.992268443 103.421089172 0.015420196 0.997758746 -0.065114141 -6.719437599 -0.994366586 0.008472577 -0.105656631 70.004737854
-0.108232230 0.065851919 0.991942108 104.524368286 0.014017427 0.997805536 -0.064711690 -6.757184029 -0.994026840 0.006900584 -0.108917788 69.926025391
-0.111594051 0.060947351 0.991883099 105.760963440 0.012955040 0.998121858 -0.059873149 -6.840557575 -0.993669450 0.006168397 -0.112174049 69.792533875
-0.117595337 0.062512189 0.991092145 106.806762695 0.011005735 0.998037517 -0.061644416 -6.873275757 -0.993000567 0.003658602 -0.118052557 69.734504700
-0.123465970 0.068977617 0.989948452 108.081352234 0.005760372 0.997614324 -0.068793327 -6.957806110 -0.992331982 -0.002791161 -0.123568751 69.605102539
-0.130473197 0.072776109 0.988777161 109.144691467 0.008167082 0.997347355 -0.072329216 -7.022580624 -0.991418123 -0.001361599 -0.130721480 69.462142944
-0.139575988 0.068555936 0.987835288 110.386230469 0.010603120 0.997646809 -0.067738682 -7.118433952 -0.990154624 0.001019442 -0.139974475 69.285949707
-0.150776371 0.065647207 0.986385882 111.477676392 0.011341853 0.997841835 -0.064675964 -7.221230984 -0.988502860 0.001435835 -0.151195556 69.138488770
-0.163608655 0.066995986 0.984247744 112.696105957 0.011244243 0.997753143 -0.066046171 -7.304019451 -0.986461222 0.000261395 -0.163994402 68.939193726
-0.178288028 0.066556990 0.981724739 113.771118164 0.013950136 0.997780442 -0.065112047 -7.401702881 -0.983879447 0.002086494 -0.178820789 68.763023376
-0.193240583 0.064356081 0.979038417 114.924095154 0.014574402 0.997924685 -0.062720865 -7.495495796 -0.981043160 0.002148684 -0.193777531 68.554794312
-0.208563849 0.066611990 0.975737631 116.117660522 0.018372782 0.997768581 -0.064188831 -7.589905739 -0.977836192 0.004539547 -0.209322318 68.311279297
-0.223480165 0.069074206 0.972257853 117.189819336 0.018129431 0.997607768 -0.066708036 -7.697095871 -0.974539816 0.002718556 -0.224197835 68.057846069
-0.239013433 0.073176049 0.968255043 118.354293823 0.018915357 0.997317970 -0.070703238 -7.784771442 -0.970832050 0.001415860 -0.239756554 67.796730042
-0.254681408 0.069589786 0.964517713 119.397727966 0.013193613 0.997564554 -0.068490326 -7.906289577 -0.966934979 -0.004717738 -0.254979312 67.505172729
-0.270504981 0.063822851 0.960600674 120.498016357 0.007517731 0.997909725 -0.064184718 -7.997728348 -0.962689340 -0.010140744 -0.270419329 67.204833984
-0.286359221 0.060016941 0.956240714 121.621856689 0.003673399 0.998097658 -0.061543982 -8.076130867 -0.958115280 -0.014111032 -0.286034971 66.876770020
-0.302094638 0.060372338 0.951364279 122.659393311 0.000266737 0.997997820 -0.063246943 -8.173479080 -0.953277886 -0.018852795 -0.301505834 66.579666138
-0.316126615 0.062286843 0.946670055 123.721496582 0.000633973 0.997856140 -0.065442950 -8.259553909 -0.948716819 -0.020088095 -0.315488398 66.230804443
-0.330352694 0.064472154 0.941652954 124.818984985 0.002013369 0.997710228 -0.067603894 -8.346467972 -0.943855405 -0.020437228 -0.329726040 65.861763000
-0.343700469 0.063051425 0.936960220 125.788955688 0.003925219 0.997831166 -0.065707780 -8.454900742 -0.939071059 -0.018906021 -0.343202472 65.486251831
-0.358036578 0.060952622 0.931715965 126.872085571 0.003218426 0.997941554 -0.064048335 -8.542514801 -0.933701992 -0.019932985 -0.357495725 65.087280273
-0.371482581 0.060117252 0.926491559 127.833023071 0.004256151 0.998001218 -0.063050777 -8.618667603 -0.928430140 -0.019478975 -0.370995939 64.690383911
-0.386236995 0.061162397 0.920369625 128.893890381 0.002245070 0.997858584 -0.065369718 -8.702788353 -0.922396779 -0.023181912 -0.385547221 64.252319336
-0.401323885 0.062500633 0.913801253 129.831970215 0.002624445 0.997743547 -0.067089371 -8.791607857 -0.915932477 -0.024526345 -0.400582314 63.860889435
-0.416020900 0.064943239 0.907033026 130.880218506 0.004822084 0.997590125 -0.069215387 -8.874073029 -0.909342289 -0.024421262 -0.415331483 63.384063721
-0.430373728 0.066474117 0.900199771 131.799621582 0.006897124 0.997497737 -0.070361540 -8.966823578 -0.902624309 -0.024072979 -0.429755390 62.956073761
-0.445588827 0.069277272 0.892553270 132.835494995 0.005204285 0.997184992 -0.074800335 -9.053686142 -0.895222604 -0.028685091 -0.444694996 62.459850311
-0.460234761 0.072256140 0.884851992 133.788040161 0.007343429 0.996958196 -0.077591144 -9.127815247 -0.887766898 -0.029212290 -0.459365427 61.967105865
-0.475589812 0.069538943 0.876914322 134.824966431 0.005547241 0.997087836 -0.076060146 -9.220767021 -0.879649639 -0.031308975 -0.474590570 61.419025421
-0.491736859 0.066341564 0.868212879 135.796722412 0.003842148 0.997248948 -0.074025325 -9.281240463 -0.870735347 -0.033065170 -0.490638971 60.901004791
-0.507783234 0.066422895 0.858920276 136.811859131 0.003268602 0.997164488 -0.075181372 -9.377361298 -0.861478627 -0.035368368 -0.506560624 60.312332153
-0.524611294 0.065827526 0.848793030 137.785186768 0.001691678 0.997084796 -0.076282606 -9.440159798 -0.851340175 -0.038582832 -0.523193359 59.768993378
-0.540888190 0.064993031 0.838579714 138.776123047 0.000940831 0.997056127 -0.076668702 -9.525009155 -0.841094077 -0.040680230 -0.539357007 59.149963379
-0.556130290 0.064658538 0.828576148 139.697784424 -0.000039237 0.996967018 -0.077825382 -9.608262062 -0.831095099 -0.043313555 -0.554441035 58.533054352
-0.571881652 0.064067163 0.817830682 140.685211182 -0.000487095 0.996918917 -0.078437209 -9.699844360 -0.820336044 -0.045255147 -0.570088446 57.858539581
-0.586497068 0.061729949 0.807595551 141.583801270 -0.001056971 0.997032285 -0.076977469 -9.772140503 -0.809950650 -0.046000656 -0.584691226 57.211177826
-0.601370335 0.058174942 0.796849668 142.540344238 -0.000839551 0.997299135 -0.073442593 -9.876544952 -0.798969984 -0.044835195 -0.599697232 56.498096466
-0.616515934 0.057054944 0.785272419 143.455017090 0.000094282 0.997376263 -0.072391592 -9.943134308 -0.787342429 -0.044556528 -0.614903748 55.808200836
-0.631222188 0.055909067 0.773584366 144.313522339 -0.000437355 0.997372687 -0.072439738 -10.022705078 -0.775601923 -0.046063904 -0.629539311 55.109619141
-0.645479977 0.057015639 0.761646152 145.190490723 -0.001527181 0.997111380 -0.075936466 -10.118278503 -0.763775647 -0.050178636 -0.643528402 54.365135193
-0.661205709 0.055857413 0.748122275 146.034469604 -0.004706672 0.996895790 -0.078591540 -10.197874069 -0.750189841 -0.055486344 -0.658890247 53.658058167
-0.677202523 0.052539464 0.733918548 146.883407593 -0.006700835 0.996965647 -0.077553384 -10.288471222 -0.735766232 -0.057437193 -0.674795508 52.910766602
-0.693560779 0.044791333 0.719004393 147.757949829 -0.010578868 0.997324407 -0.072334163 -10.387464523 -0.720320523 -0.057774369 -0.691231072 52.107433319
-0.710113168 0.042297706 0.702815890 148.521087646 -0.011591603 0.997356296 -0.071736045 -10.473237991 -0.703992069 -0.059087474 -0.707745492 51.329536438
-0.727540135 0.040465560 0.684870601 149.360733032 -0.012614931 0.997301161 -0.072326407 -10.557961464 -0.685949028 -0.061259955 -0.725066185 50.468151093
-0.744467258 0.037088912 0.666627944 150.112426758 -0.015390806 0.997237206 -0.072670795 -10.646509171 -0.667481542 -0.064360976 -0.741839647 49.635799408
-0.760983825 0.034818288 0.647835672 150.912902832 -0.015598186 0.997288287 -0.071922310 -10.736646652 -0.648583233 -0.064836770 -0.758377194 48.713100433
-0.776759863 0.036829393 0.628719091 151.608337402 -0.013483712 0.997087359 -0.075066507 -10.832563400 -0.629652500 -0.066786103 -0.774000823 47.865516663
-0.792039692 0.036513168 0.609376609 152.339996338 -0.009885707 0.997311711 -0.072606787 -10.933053970 -0.610389471 -0.063531585 -0.789549470 46.927841187
-0.806415677 0.037425417 0.590163589 153.025604248 -0.006417645 0.997382641 -0.072018579 -11.023449898 -0.591314316 -0.061864376 -0.804064810 46.022312164
-0.820814550 0.039317284 0.569839954 153.725418091 -0.004008589 0.997207105 -0.074578442 -11.117123604 -0.571180761 -0.063499331 -0.818364441 45.042179108
-0.834635198 0.039678834 0.549372077 154.351547241 -0.004480852 0.996879637 -0.078807987 -11.214607239 -0.550784886 -0.068237573 -0.831853151 44.116733551
-0.847479999 0.040631954 0.529270053 154.999313354 -0.001598330 0.996866345 -0.079088502 -11.300745010 -0.530825019 -0.067871869 -0.844759285 43.108592987
-0.859087646 0.038660001 0.510366380 155.587600708 -0.000482576 0.997081697 -0.076340757 -11.394986153 -0.511828303 -0.065829694 -0.856561840 42.134819031
-0.869557381 0.040387332 0.492177665 156.197143555 0.002046121 0.996936262 -0.078192018 -11.496841431 -0.493827790 -0.066985391 -0.866975784 41.077911377
-0.878845751 0.043513015 0.475117713 156.727966309 0.005301492 0.996661603 -0.081471525 -11.596893311 -0.477076650 -0.069082066 -0.876142383 40.095726013
-0.888417423 0.040933896 0.457207888 157.323165894 0.003400015 0.996575654 -0.082616895 -11.707901955 -0.459024072 -0.071843758 -0.885514200 39.059711456
-0.896171153 0.038661212 0.442021012 157.813247681 0.002578482 0.996633708 -0.081942484 -11.806249619 -0.443701088 -0.072294764 -0.893253982 38.039005280
-0.902954638 0.036352102 0.428195596 158.315963745 0.001291894 0.996640801 -0.081886552 -11.921427727 -0.429733932 -0.073386669 -0.899968326 36.928836823
-0.909752905 0.034237072 0.413735926 158.803909302 0.000504856 0.996684134 -0.081366517 -12.015517235 -0.415149748 -0.073814563 -0.906753600 35.926689148
-0.915887237 0.031822350 0.400172293 159.298065186 -0.000369948 0.996785820 -0.080112755 -12.135598183 -0.401435316 -0.073522307 -0.912931561 34.805267334
-0.921715438 0.027097810 0.386919081 159.761413574 -0.002823068 0.997061491 -0.076554112 -12.226455688 -0.387856543 -0.071653403 -0.918930411 33.785766602
-0.926706254 0.024255099 0.375003010 160.231918335 -0.003594062 0.997297108 -0.073386557 -12.326073647 -0.375769436 -0.069355555 -0.924114227 32.648086548
-0.931023657 0.024536494 0.364133030 160.655822754 -0.001132845 0.997538328 -0.070113935 -12.415174484 -0.364956975 -0.065690227 -0.928703964 31.588338852
-0.934134424 0.028697038 0.355765790 161.073944092 0.003203629 0.997396529 -0.072040968 -12.504383087 -0.356906801 -0.066156209 -0.931794405 30.495065689
-0.936498582 0.033853121 0.349033266 161.492309570 0.008714571 0.997268617 -0.073343925 -12.597950935 -0.350562900 -0.065644808 -0.934235752 29.398834229
-0.938303649 0.037325375 0.343792021 161.898178101 0.011784039 0.997031689 -0.076085500 -12.687742233 -0.345611393 -0.067340031 -0.935958326 28.286212921
-0.940147936 0.034460325 0.339019626 162.311828613 0.009598179 0.997156799 -0.074740924 -12.788978577 -0.340631336 -0.067013547 -0.937805653 27.174324036
-0.942085564 0.026759887 0.334303290 162.724502563 0.003174851 0.997478485 -0.070897974 -12.886501312 -0.335357577 -0.065730594 -0.939795136 26.059183121
-0.944059491 0.020304931 0.329149455 163.136123657 -0.002637246 0.997605860 -0.069105498 -12.976547241 -0.329764515 -0.066107750 -0.941745818 24.949241638
-0.945485234 0.014164401 0.325356901 163.529922485 -0.009338964 0.997463584 -0.070563510 -13.067840576 -0.325531125 -0.069755241 -0.942954659 23.824140549
-0.946914732 0.011704121 0.321271747 163.947006226 -0.012498681 0.997241318 -0.073168635 -13.163058281 -0.321241796 -0.073299937 -0.944156110 22.669322968
-0.947564662 0.011353122 0.319362104 164.312026978 -0.013572996 0.997036994 -0.075715840 -13.254200935 -0.319275558 -0.076080360 -0.944602907 21.597549438
-0.948015273 0.011432886 0.318019211 164.705490112 -0.014121232 0.996858597 -0.077932753 -13.351271629 -0.317911208 -0.078372277 -0.944875777 20.481441498
-0.947990000 0.013957645 0.317993760 165.085998535 -0.012172033 0.996717811 -0.080035530 -13.447186470 -0.318067104 -0.079743497 -0.944708526 19.366733551
-0.947713315 0.014881346 0.318775892 165.488433838 -0.011604526 0.996644378 -0.081026144 -13.558771133 -0.318911970 -0.080488764 -0.944360435 18.219722748
-0.947162747 0.014834375 0.320409954 165.865036011 -0.012409627 0.996487260 -0.082819521 -13.665599823 -0.320513040 -0.082419738 -0.943651557 17.119468689
-0.946827471 0.015675370 0.321359456 166.272598267 -0.011459539 0.996535778 -0.082372785 -13.773261070 -0.321537405 -0.081675448 -0.943367839 16.000545502
-0.945908844 0.014661117 0.324100971 166.660766602 -0.013086314 0.996441185 -0.083268486 -13.871650696 -0.324168414 -0.083005689 -0.942350686 14.876567841
-0.944857895 0.014128991 0.327175677 167.064941406 -0.014145218 0.996375561 -0.083878495 -13.974075317 -0.327174962 -0.083881214 -0.941233397 13.762290955
-0.943180621 0.011295122 0.332088351 167.471008301 -0.016801296 0.996522486 -0.081612341 -14.076894760 -0.331855357 -0.082554691 -0.939710975 12.655673981
-0.940764904 0.010028248 0.338911027 167.869552612 -0.017767398 0.996731102 -0.078812465 -14.182368279 -0.338593543 -0.080165572 -0.937511504 11.493770599
-0.938840151 0.006466193 0.344292343 168.280456543 -0.021010881 0.996885121 -0.076016545 -14.275247574 -0.343711495 -0.078601263 -0.935780048 10.483768463
-0.936298192 0.008902362 0.351093084 168.708572388 -0.019351553 0.996852219 -0.076883212 -14.366188049 -0.350672394 -0.078779817 -0.933178842 9.364356995
-0.933215380 0.008627341 0.359213710 169.119995117 -0.020045336 0.996904731 -0.076019511 -14.472209930 -0.358757824 -0.078143142 -0.930153906 8.345314026
-0.929483652 0.012275493 0.368659109 169.562789917 -0.017929679 0.996761024 -0.078395113 -14.573516846 -0.368427455 -0.079476908 -0.926252961 7.242378235
-0.925441206 0.012153266 0.378696233 169.986892700 -0.018830551 0.996774912 -0.078006178 -14.658181190 -0.378422886 -0.079321176 -0.922227919 6.221218109
-0.920581460 0.015274408 0.390251875 170.452011108 -0.017038295 0.996712685 -0.079203568 -14.757331848 -0.390178829 -0.079562545 -0.917295158 5.122287750
-0.915243566 0.015853509 0.402589142 170.904510498 -0.018061871 0.996606529 -0.080306970 -14.859189987 -0.402496248 -0.080771953 -0.911851227 4.148689270
-0.909179270 0.016555905 0.416075468 171.404800415 -0.018675379 0.996582627 -0.080462821 -14.965709686 -0.415985674 -0.080925502 -0.905763209 3.046569824
-0.903594553 0.016460793 0.428072393 171.875335693 -0.018241504 0.996876717 -0.076838180 -15.069990158 -0.428000212 -0.077239238 -0.900472045 2.095817566
-0.897348821 0.019207194 0.440903842 172.408874512 -0.016384369 0.996913910 -0.076775052 -15.184016228 -0.441017717 -0.076117918 -0.894264698 1.022834778
-0.890303671 0.022226274 0.454824388 172.908935547 -0.014066610 0.996989012 -0.076255620 -15.258741379 -0.455149770 -0.074288487 -0.887310445 0.033386230
-0.883360744 0.023659034 0.468096077 173.470565796 -0.012429408 0.997191250 -0.073857144 -15.356561661 -0.468528748 -0.071060658 -0.880585730 -1.004539490
-0.876542926 0.025107238 0.480668455 173.993103027 -0.009882792 0.997489214 -0.070125028 -15.459915161 -0.481222302 -0.066217951 -0.874093950 -1.927032471
-0.868490040 0.027837196 0.494924396 174.573211670 -0.007159828 0.997613311 -0.068675131 -15.548912048 -0.495654911 -0.063187242 -0.866217911 -2.951156616
-0.859509528 0.031990673 0.510117531 175.135620117 -0.002630692 0.997749269 -0.067003764 -15.631244659 -0.511112809 -0.058932338 -0.857490897 -3.906829834
-0.849229157 0.034728765 0.526881158 175.705352783 0.000044051 0.997839451 -0.065700449 -15.719114304 -0.528024495 -0.055771518 -0.847395837 -4.863220215
-0.838702381 0.037434354 0.543302059 176.329833984 0.002978736 0.997935176 -0.064160988 -15.814226151 -0.544582009 -0.052193608 -0.837081969 -5.830818176
-0.827326953 0.039529476 0.560327828 176.952850342 0.004705243 0.997973502 -0.063456766 -15.891983032 -0.561700702 -0.049863026 -0.825836480 -6.770088196
-0.816041827 0.041744031 0.576483488 177.606018066 0.005956888 0.997942984 -0.063830271 -15.967867851 -0.577962160 -0.048654113 -0.814611852 -7.681900024
-0.803574324 0.044543151 0.593535423 178.271545410 0.007865166 0.997903407 -0.064241342 -16.040222168 -0.595152438 -0.046954434 -0.802239835 -8.590202332
-0.789863229 0.046455856 0.611520946 178.959121704 0.010360435 0.997995317 -0.062433500 -16.112600327 -0.613195479 -0.042978309 -0.788761139 -9.489036560
-0.774717629 0.047570933 0.630515218 179.663208008 0.011868796 0.998084426 -0.060719900 -16.199541092 -0.632195950 -0.039557319 -0.773797929 -10.372329712
-0.758651018 0.050515428 0.649535596 180.383697510 0.013131129 0.997972548 -0.062276904 -16.269687653 -0.651364684 -0.038717311 -0.757776320 -11.218643188
