0.999150753 0.002288796 -0.041138884 -0.067115486 -0.002428707 0.999991417 -0.003351286 -0.005549348 0.041130856 0.003448355 0.999147832 0.503369391
0.998523891 0.002207634 -0.054269992 -0.093768284 -0.002444964 0.999987781 -0.004307117 -0.004531907 0.054259818 0.004433447 0.998516977 0.628498077
0.997468650 0.001721016 -0.071086548 -0.040486436 -0.002092861 0.999984503 -0.005156728 0.001099985 0.071076572 0.005292449 0.997456849 0.299070895
0.995992303 0.000778780 -0.089434519 -0.144358516 -0.001163943 0.999990284 -0.004254582 -0.007995132 0.089430340 0.004341628 0.995983541 0.916186333
0.994002044 -0.000362621 -0.109360456 -0.180333346 -0.000125924 0.999990046 -0.004460349 -0.009880347 0.109360978 0.004447367 0.993992090 1.075835347
0.991276801 -0.001205746 -0.131790370 -0.150742680 0.000523645 0.999986291 -0.005210185 -0.007535890 0.131794855 0.005095724 0.991263926 0.887781203
0.987817228 0.002453659 -0.155599087 -0.181175500 -0.003498449 0.999973297 -0.006441143 -0.010931185 0.155579120 0.006907028 0.987799287 0.974955440
0.983373225 0.006591553 -0.181476682 -0.225584283 -0.008127120 0.999937177 -0.007719176 -0.018273082 0.181414410 0.009065716 0.983364940 1.113834143
0.977917671 0.009226704 -0.208786801 -0.376413584 -0.011261387 0.999899983 -0.008558632 -0.033123940 0.208686963 0.010720868 0.977923691 1.717911482
0.971570790 0.010785737 -0.236503378 -0.493699044 -0.013255115 0.999872923 -0.008853641 -0.032284819 0.236377835 0.011736819 0.971590340 1.935261130
0.963588059 0.012521650 -0.267097682 -0.545688510 -0.015578743 0.999835074 -0.009329561 -0.028099218 0.266936809 0.013150901 0.963624299 2.049177408
0.954063058 0.014751782 -0.299242407 -0.670821905 -0.017658222 0.999819398 -0.007010836 -0.041902043 0.299084961 0.011972867 0.954151392 2.313584805
0.942597568 0.016641902 -0.333515972 -0.731541276 -0.019738428 0.999787867 -0.005897840 -0.042321727 0.333346993 0.012142370 0.942726016 2.438377857
0.930298924 0.018985242 -0.366310626 -0.879480720 -0.022557264 0.999730587 -0.005473147 -0.045300625 0.366108030 0.013354628 0.930476487 2.689167023
0.916417658 0.021769814 -0.399630725 -0.969012976 -0.025756467 0.999657571 -0.004607559 -0.047053121 0.399393618 0.014515527 0.916664541 2.825777769
0.900559485 0.022571018 -0.434146374 -1.099327326 -0.027020590 0.999626517 -0.004079401 -0.045313224 0.433892190 0.015404633 0.900833249 3.018166304
0.882288098 0.018151281 -0.470359564 -1.205413461 -0.023004372 0.999724865 -0.004571377 -0.045553744 0.470147192 0.014853596 0.882463038 3.166336775
0.861025810 0.013418195 -0.508384228 -1.402130604 -0.018454321 0.999817789 -0.004866189 -0.051395953 0.508226335 0.013571803 0.861116648 3.431451082
0.836141229 0.014954256 -0.548310399 -1.563199043 -0.018976109 0.999818563 -0.001669063 -0.055910096 0.548185945 0.011800369 0.836273193 3.608169317
0.807003260 0.020321300 -0.590197206 -1.741550803 -0.023542030 0.999720335 0.002231666 -0.059981938 0.590077519 0.012093475 0.807255983 3.777830601
0.774678886 0.023570325 -0.631915510 -1.958538175 -0.027014475 0.999626279 0.004168244 -0.062951162 0.631777525 0.013841812 0.775026083 3.964221954
0.738823652 0.023301985 -0.673495770 -2.169366837 -0.026687725 0.999629676 0.005309367 -0.068087250 0.673370123 0.014051384 0.739171982 4.126193047
0.699188113 0.018694194 -0.714693189 -2.399126053 -0.020504594 0.999771237 0.006091207 -0.064556964 0.714643419 0.010395596 0.699411631 4.302294731
0.656781614 0.015325275 -0.753925025 -2.640648365 -0.015547843 0.999856174 0.006779899 -0.062673770 0.753920496 0.007268995 0.656925440 4.459881306
0.611901164 0.014703618 -0.790797412 -2.903936863 -0.013003362 0.999879122 0.008529450 -0.059549116 0.790827394 0.005063846 0.612018466 4.614011765
0.564055741 0.015469376 -0.825591803 -3.188454151 -0.010418636 0.999878168 0.011616881 -0.059110247 0.825670958 0.002048971 0.564148247 4.752656937
0.513274610 0.015962074 -0.858075917 -3.489614487 -0.008909938 0.999872148 0.013270140 -0.052645989 0.858178258 0.000834176 0.513351202 4.880459785
0.462471455 0.019473385 -0.886420310 -3.800197601 -0.010731951 0.999808371 0.016365187 -0.038456023 0.886569202 0.001944588 0.462591887 4.932744503
0.408364773 0.022058265 -0.912552238 -4.136530876 -0.009052184 0.999756634 0.020115346 -0.039917916 0.912773967 0.000046192 0.408465147 5.027162552
0.353223890 0.023656664 -0.935239673 -4.489170074 -0.008834683 0.999720037 0.021950968 -0.029359207 0.935497046 0.000508940 0.353334010 5.109429359
0.297814488 0.027056567 -0.954240143 -4.858761311 -0.005774793 0.999631047 0.026541293 -0.030633971 0.954606235 -0.002393842 0.297860771 5.187668324
0.244119540 0.028935343 -0.969313323 -5.243201733 -0.001453536 0.999564469 0.029472314 -0.027225733 0.969744027 -0.005785835 0.244055316 5.249474049
0.193555355 0.029223373 -0.980654061 -5.685436249 0.000756917 0.999551654 0.029935911 -0.021173552 0.981089056 -0.006536530 0.193446457 5.291753292
0.145873651 0.030378222 -0.988836706 -6.065162659 -0.000805173 0.999531746 0.030588010 -0.017050669 0.989302933 -0.003665802 0.145829856 5.310271263
0.103299916 0.030657480 -0.994177639 -6.534722328 -0.002218910 0.999529481 0.030591959 -0.004175529 0.994647741 -0.000954156 0.103319325 5.322612762
0.065379255 0.028943762 -0.997440577 -6.962728500 -0.003559968 0.999579668 0.028772483 0.010222226 0.997854114 0.001669733 0.065454818 5.317043781
0.030871898 0.026425293 -0.999173939 -7.432838917 -0.002375577 0.999649584 0.026364470 0.016952872 0.999520421 0.001559694 0.030923855 5.306976795
-0.000514370 0.023638209 -0.999720454 -7.921875954 -0.001716591 0.999719024 0.023639062 0.024421111 0.999998450 0.001728270 -0.000473648 5.282553673
-0.027044848 0.021701124 -0.999398649 -8.424205780 -0.002431675 0.999759912 0.021774776 0.033200696 0.999631226 0.003019109 -0.026985591 5.247872829
-0.047867201 0.018787310 -0.998677015 -8.990370750 -0.003005442 0.999815941 0.018952789 0.051663756 0.998849094 0.003908683 -0.047801927 5.204656124
-0.064050838 0.018393220 -0.997777104 -9.477984428 -0.002200741 0.999825060 0.018572245 0.058503665 0.997944117 0.003385418 -0.063999146 5.153945446
-0.077048048 0.018865189 -0.996848941 -10.032258987 -0.001315244 0.999818146 0.019023044 0.067694090 0.997026503 0.002776788 -0.077009231 5.099377155
-0.086585522 0.019850470 -0.996046662 -10.601644516 -0.002361194 0.999794722 0.020130420 0.073372170 0.996241629 0.004094863 -0.086520888 5.038510323
-0.093218632 0.020939853 -0.995425582 -11.231891632 -0.004091972 0.999762416 0.021414287 0.077330291 0.995637238 0.006069464 -0.093110807 4.966958523
-0.097762778 0.022167999 -0.994962871 -11.774505615 -0.003907271 0.999735594 0.022658261 0.084749892 0.995202065 0.006102724 -0.097650334 4.911772251
-0.098980077 0.023021422 -0.994823039 -12.389106750 -0.001855217 0.999726355 0.023319475 0.094873562 0.995087802 0.004153776 -0.098910272 4.846373558
-0.098271750 0.025098447 -0.994843066 -13.016718864 0.000304343 0.999682605 0.025190478 0.105467275 0.995159566 0.002172739 -0.098248184 4.789715767
-0.096294999 0.027419655 -0.994975150 -13.706272125 -0.000428925 0.999619246 0.027589155 0.115289018 0.995352745 0.003083467 -0.096246563 4.716351032
-0.094978347 0.027572723 -0.995097458 -14.322321892 -0.002650911 0.999605834 0.027950661 0.122458428 0.995475769 0.005292622 -0.094867818 4.655763626
-0.093180738 0.024498614 -0.995347738 -15.036697388 -0.004443886 0.999677062 0.025021192 0.140046373 0.995639205 0.006754705 -0.093041785 4.586018562
-0.092049368 0.024934173 -0.995442212 -15.688683510 -0.004568364 0.999665320 0.025462396 0.148843884 0.995743990 0.006891340 -0.091904663 4.521632671
-0.090268470 0.027689599 -0.995532393 -16.430978775 -0.004116723 0.999594510 0.028175853 0.165955305 0.995908976 0.006641723 -0.090117887 4.459097862
-0.088535607 0.031093879 -0.995587587 -17.115875244 -0.005191510 0.999484599 0.031677257 0.178182542 0.996059656 0.007973166 -0.088328548 4.393246651
-0.086860597 0.033324029 -0.995662987 -17.903074265 -0.005839240 0.999406159 0.033958722 0.186949939 0.996203482 0.008763588 -0.086614423 4.320830345
-0.084769174 0.032518990 -0.995869935 -18.593065262 -0.007872636 0.999414146 0.033304855 0.203029186 0.996369541 0.010663345 -0.084463529 4.255637646
-0.083169907 0.029412685 -0.996101201 -19.397863388 -0.009826037 0.999491572 0.030333225 0.225619048 0.996486902 0.012310540 -0.082838617 4.184466362
-0.081797726 0.028987160 -0.996227324 -20.123815536 -0.010860782 0.999491632 0.029973894 0.235405803 0.996589720 0.013271607 -0.081441328 4.125033855
-0.080991127 0.030985327 -0.996233106 -20.944593430 -0.008162624 0.999462485 0.031749371 0.254274338 0.996681333 0.010703295 -0.080694675 4.069155693
-0.079135947 0.033587363 -0.996297836 -21.684680939 -0.005725507 0.999400616 0.034146730 0.265621185 0.996847391 0.008406545 -0.078896210 4.002032280
-0.077930681 0.035355013 -0.996331692 -22.517066956 -0.005027539 0.999344409 0.035855159 0.283167124 0.996946096 0.007803313 -0.077701837 3.939125538
-0.077095523 0.030550867 -0.996555507 -23.278600693 -0.004863596 0.999507010 0.031017609 0.297379315 0.997011781 0.007238163 -0.076908924 3.873218060
-0.076487176 0.023612812 -0.996790886 -24.109037399 -0.003914657 0.999704719 0.023982221 0.307792872 0.997062802 0.005736427 -0.076372147 3.800602436
-0.077102348 0.019026995 -0.996841669 -24.888145447 -0.000121685 0.999817729 0.019093210 0.323525488 0.997023165 0.001593432 -0.077085979 3.752060890
-0.077666238 0.019699493 -0.996784806 -25.730606079 0.000671884 0.999805629 0.019706840 0.337084830 0.996979237 0.000860832 -0.077664383 3.690404177
-0.077629216 0.027445711 -0.996604443 -26.552522659 0.000337073 0.999621630 0.027502550 0.339830965 0.996982217 0.001799073 -0.077609092 3.615139723
-0.078173891 0.034409307 -0.996345639 -27.414220810 -0.000699584 0.999402106 0.034569751 0.357253730 0.996939421 0.003399479 -0.078103065 3.541655540
-0.078378268 0.039876278 -0.996125877 -28.233865738 -0.002881154 0.999186456 0.040225491 0.366372585 0.996919513 0.006022797 -0.078199625 3.471570015
-0.078569882 0.040104818 -0.996101618 -29.089578629 -0.004000533 0.999169707 0.040543903 0.386068821 0.996900618 0.007170467 -0.078344196 3.392876863
-0.078878060 0.036713187 -0.996208012 -29.906503677 -0.004679664 0.999296963 0.037197545 0.397887409 0.996873260 0.007595991 -0.078650802 3.324829340
-0.079131745 0.033895228 -0.996287763 -30.761615753 -0.005050729 0.999395251 0.034402113 0.415550172 0.996851325 0.007754280 -0.078912705 3.243375540
-0.079306476 0.035176631 -0.996229529 -31.588417053 -0.006421286 0.999338388 0.035797585 0.432842553 0.996829569 0.009236056 -0.079028159 3.177111387
-0.079098620 0.037475452 -0.996162117 -32.441970825 -0.007233939 0.999245226 0.038165841 0.448760808 0.996840477 0.010225042 -0.078767844 3.096783161
-0.079257496 0.036284827 -0.996193588 -33.256366730 -0.007957990 0.999282360 0.037030485 0.456473708 0.996822417 0.010862642 -0.078911871 3.038609028
-0.078382961 0.031084582 -0.996438563 -34.096744537 -0.009640058 0.999443352 0.031936638 0.469173849 0.996876776 0.012109014 -0.078039676 2.955561161
-0.078512825 0.026638960 -0.996557117 -34.914234161 -0.010164679 0.999569535 0.027520301 0.490680575 0.996861219 0.012290377 -0.078208260 2.894421816
-0.078108922 0.027419686 -0.996567547 -35.745258331 -0.009935371 0.999550641 0.028280472 0.500087976 0.996895373 0.012110225 -0.077801406 2.825258017
-0.077747039 0.030109465 -0.996518314 -36.589149475 -0.008860819 0.999483526 0.030890372 0.503477514 0.996933758 0.011231603 -0.077440105 2.764244795
-0.077369079 0.034580596 -0.996402621 -37.423507690 -0.008001239 0.999344647 0.035303980 0.525689125 0.996970475 0.010703892 -0.077041686 2.695921421
-0.076735102 0.040874615 -0.996213257 -38.227977753 -0.008044556 0.999101520 0.041612763 0.529640198 0.997019053 0.011207256 -0.076337337 2.638540745
-0.076821029 0.043600254 -0.996091068 -39.079795837 -0.008199585 0.998982012 0.044359177 0.557514310 0.997011185 0.011575250 -0.076385319 2.566277504
-0.077069275 0.043595251 -0.996072233 -39.905994415 -0.007257425 0.998992562 0.044284608 0.576183677 0.996999264 0.010641900 -0.076675266 2.505583048
-0.076850876 0.039021362 -0.996278703 -40.740695953 -0.007362800 0.999184549 0.039703112 0.600139618 0.997015357 0.010386618 -0.076500900 2.440157890
-0.076388508 0.034682412 -0.996474802 -41.567256927 -0.008465700 0.999336362 0.035430972 0.616630137 0.997042179 0.011142377 -0.076044194 2.369865656
-0.075839303 0.032115925 -0.996602654 -42.398597717 -0.012615820 0.999370337 0.033165138 0.630544722 0.997040212 0.015088183 -0.075386390 2.286779881
-0.076312572 0.030542556 -0.996616066 -43.230842590 -0.016043389 0.999363720 0.031855229 0.640662372 0.996954799 0.018420056 -0.075774021 2.213143110
-0.077250496 0.028215243 -0.996612370 -44.035945892 -0.013580772 0.999476969 0.029349027 0.657676101 0.996919215 0.015801990 -0.076826908 2.155665159
-0.078498431 0.024991635 -0.996600926 -44.869407654 -0.009961646 0.999616146 0.025851883 0.660429239 0.996864498 0.011957121 -0.078219354 2.088012695
-0.079108253 0.023379132 -0.996591806 -45.695449829 -0.005842197 0.999696910 0.023915717 0.671882749 0.996848822 0.007714217 -0.078947686 2.026103497
-0.080600694 0.027337670 -0.996371567 -46.508022308 -0.005739350 0.999594569 0.027890377 0.673945427 0.996729851 0.007966508 -0.080411129 1.950353384
-0.082734339 0.032835435 -0.996030569 -47.338939667 -0.003256825 0.999442756 0.033218443 0.693305433 0.996566296 0.005992204 -0.082581289 1.889755249
-0.084642693 0.036828857 -0.995730519 -48.163032532 -0.001298944 0.999311686 0.037071735 0.701416969 0.996410429 0.004431249 -0.084536597 1.820637703
-0.086215697 0.035841711 -0.995631695 -48.964996338 -0.001322687 0.999347687 0.036090028 0.714325786 0.996275604 0.004428434 -0.086112067 1.749628067
-0.087002218 0.032015149 -0.995693564 -49.759067535 -0.004743439 0.999458849 0.032550693 0.723602414 0.996196866 0.007554994 -0.086803272 1.668467999
-0.088618465 0.028088314 -0.995669544 -50.561225891 -0.009310578 0.999535322 0.029026046 0.737717986 0.996022105 0.011842502 -0.088315763 1.587821007
-0.089879259 0.026661431 -0.995595813 -51.353500366 -0.013741583 0.999513328 0.028006885 0.747419059 0.995857894 0.016198298 -0.089469135 1.504530430
-0.091150738 0.027738245 -0.995450735 -52.155464172 -0.014915948 0.999461949 0.029215829 0.756775975 0.995725393 0.017511142 -0.090687953 1.424534321
-0.092051752 0.029211549 -0.995325625 -52.948993683 -0.014988011 0.999415696 0.030717740 0.768063962 0.995641410 0.017745573 -0.091560163 1.341347694
-0.093102232 0.028860442 -0.995238185 -53.734493256 -0.016670644 0.999394536 0.030540472 0.772843421 0.995516956 0.019434651 -0.092564739 1.273228645
-0.093753353 0.028608123 -0.995184362 -54.515129089 -0.016688537 0.999401510 0.030301526 0.784432709 0.995455623 0.019449040 -0.093219809 1.191389084
-0.094309866 0.030424198 -0.995077789 -55.298339844 -0.015079790 0.999374568 0.031984784 0.794841170 0.995428681 0.018022044 -0.093792088 1.122798920
-0.095206439 0.032935739 -0.994912446 -56.061542511 -0.014137574 0.999306917 0.034434080 0.808334947 0.995357156 0.017343998 -0.094674826 1.054793835
-0.095173009 0.037435673 -0.994756699 -56.855304718 -0.014128317 0.999141157 0.038952406 0.823272705 0.995360494 0.017761454 -0.094562389 0.976619720
-0.095138915 0.039319091 -0.994687200 -57.623683929 -0.014235732 0.999063730 0.040853702 0.840536475 0.995362222 0.018046876 -0.094490096 0.884771824
-0.096516170 0.039387666 -0.994551718 -58.374385834 -0.013618966 0.999070883 0.040888295 0.850921154 0.995238245 0.017491145 -0.095890075 0.823397636
-0.096602947 0.037398368 -0.994620144 -59.092823029 -0.013203852 0.999157786 0.038851421 0.862389922 0.995235384 0.016885979 -0.096027799 0.753233910
-0.096693911 0.034121104 -0.994729102 -59.812545776 -0.012946342 0.999284565 0.035535831 0.870497346 0.995229900 0.016314205 -0.096183002 0.675787449
-0.096779138 0.030766318 -0.994830251 -60.540466309 -0.013272687 0.999393404 0.032198627 0.891952872 0.995217383 0.016320227 -0.096312068 0.604873657
-0.096066304 0.028416308 -0.994969249 -61.245285034 -0.013918214 0.999456406 0.029888289 0.902930737 0.995277584 0.016719451 -0.095618576 0.537579060
-0.093706608 0.027526382 -0.995219231 -61.917537689 -0.016347734 0.999440551 0.029182380 0.905971646 0.995465636 0.019004162 -0.093204163 0.486198902
-0.089980789 0.028624099 -0.995532155 -62.586727142 -0.016199654 0.999412715 0.030199872 0.910336494 0.995811820 0.018844683 -0.089464225 0.430080414
-0.083390318 0.029944526 -0.996066868 -63.266036987 -0.016130274 0.999376833 0.031394452 0.923263907 0.996386409 0.018684827 -0.082855344 0.358104229
-0.076908849 0.031778999 -0.996531665 -63.890583038 -0.015418367 0.999334455 0.033058330 0.919046998 0.996918917 0.017907362 -0.076367691 0.333770275
-0.067888983 0.032627530 -0.997159243 -64.532188416 -0.016153365 0.999298096 0.033797275 0.933086753 0.997562170 0.018401936 -0.067314297 0.281621456
-0.056259755 0.035167787 -0.997796595 -65.140731812 -0.018578978 0.999169588 0.036263734 0.925817370 0.998243213 0.020578230 -0.055559658 0.251212835
-0.040869422 0.036407776 -0.998501003 -65.736495972 -0.021868424 0.999063969 0.037323400 0.938969135 0.998925149 0.023361027 -0.040034991 0.214833260
-0.023696629 0.036949765 -0.999036074 -66.293159485 -0.023505742 0.999019861 0.037506700 0.963510633 0.999442756 0.024371864 -0.022804873 0.243149042
-0.001995096 0.037956029 -0.999277413 -66.855255127 -0.024344953 0.998981416 0.037993390 0.969834805 0.999701619 0.024403170 -0.001069028 0.260865092
0.023897098 0.038245492 -0.998982430 -67.394317627 -0.023804788 0.999006450 0.037676949 0.976885080 0.999430954 0.022880202 0.024783790 0.282781124
0.053184927 0.037407365 -0.997883797 -67.907539368 -0.022609953 0.999087036 0.036247417 0.992495894 0.998328626 0.020634290 0.053982154 0.333644152
0.087320358 0.036616631 -0.995507002 -68.403007507 -0.021211637 0.999165952 0.034890641 1.010756493 0.995954454 0.018069673 0.088024244 0.398344517
0.123853274 0.037506986 -0.991591394 -68.801048279 -0.020847570 0.999163151 0.035189450 1.006086111 0.992081463 0.016313946 0.124531552 0.488875389
0.165287733 0.037262108 -0.985541165 -69.257873535 -0.020522634 0.999199569 0.034336608 1.008319020 0.986031830 0.014550479 0.165920123 0.578150749
0.210499406 0.038302120 -0.976843417 -69.687431335 -0.019764174 0.999194741 0.034919541 1.012761950 0.977394164 0.011955954 0.211086869 0.691816330
0.258148253 0.037736122 -0.965368152 -70.080879211 -0.016386518 0.999264061 0.034679219 1.002065778 0.965966344 0.006866642 0.258576632 0.842376709
0.308429033 0.033050880 -0.950672984 -70.480606079 -0.009006827 0.999452889 0.031824648 1.000242114 0.951204717 -0.001253096 0.308557957 1.011137009
0.359729767 0.027282901 -0.932657421 -70.880081177 -0.003833708 0.999607265 0.027762692 1.009283304 0.933048606 -0.006411532 0.359693110 1.207529068
0.412037134 0.022755034 -0.910882831 -71.258903503 0.001169147 0.999674022 0.025502015 1.014396667 0.911166310 -0.011572732 0.411876261 1.425220490
0.461815149 0.021705611 -0.886710584 -71.572013855 0.001490513 0.999680102 0.025247259 1.024739742 0.886974931 -0.012981218 0.461635023 1.641748428
0.510347247 0.020307807 -0.859728575 -71.940277100 0.002826690 0.999676168 0.025291502 1.036055326 0.859963775 -0.015337634 0.510124505 1.893508911
0.556144655 0.016204908 -0.830927491 -72.296157837 0.010699756 0.999587357 0.026655558 1.037157536 0.831016660 -0.023715064 0.555741787 2.170398712
0.598945379 0.010138665 -0.800725698 -72.562980652 0.020496743 0.999398112 0.027985858 1.034797311 0.800527513 -0.033174269 0.598377049 2.451248169
0.641748726 0.005568422 -0.766894817 -72.881568909 0.021450883 0.999452055 0.025207430 1.036526680 0.766614974 -0.032627411 0.641277552 2.760639191
0.682619870 0.000746918 -0.730773211 -73.147659302 0.018362923 0.999666214 0.018174667 1.039316654 0.730542898 -0.025825523 0.682378232 3.058452606
0.723031402 -0.006009836 -0.690788984 -73.416854858 0.014832430 0.999866664 0.006825931 1.043529987 0.690655887 -0.015181442 0.723024189 3.386596680
0.762375355 -0.008204274 -0.647083044 -73.685974121 0.009784878 0.999951482 -0.001149969 1.042872548 0.647061050 -0.005454921 0.762418687 3.743816376
0.799735248 -0.009118495 -0.600283504 -73.957206726 0.008318166 0.999956965 -0.004107680 1.043756247 0.600295305 -0.001708203 0.799776733 4.145408630
0.833594739 -0.010455502 -0.552277565 -74.182090759 0.008504826 0.999945402 -0.006093587 1.041597366 0.552311063 0.000382557 0.833638012 4.551914215
0.864468515 -0.008968684 -0.502606988 -74.409934998 0.005502653 0.999949753 -0.008379033 1.035905123 0.502656877 0.004477739 0.864474416 4.988603592
0.890552580 -0.007392196 -0.454820275 -74.619377136 0.004786920 0.999964893 -0.006879492 1.023835897 0.454855144 0.003949360 0.890556693 5.457897186
0.911835015 -0.001352207 -0.410554618 -74.819885254 -0.001227034 0.999981046 -0.006018770 1.017083883 0.410555005 0.005991889 0.911816120 5.948219299
0.929437041 0.003030464 -0.368968278 -75.010848999 -0.006336947 0.999949813 -0.007749935 1.010806799 0.368926316 0.009541211 0.929409683 6.457405090
0.943125129 0.008250143 -0.332335562 -75.192008972 -0.010963061 0.999920189 -0.006288992 1.003131509 0.332257062 0.009574723 0.943140268 6.994657516
0.953277946 0.009131976 -0.301956654 -75.363945007 -0.010951488 0.999930620 -0.004333302 0.991722584 0.301896125 0.007437716 0.953311801 7.555332184
0.960652530 0.008434650 -0.277624995 -75.516082764 -0.009675133 0.999948263 -0.003098524 0.983971298 0.277584493 0.005662665 0.960684538 8.130161285
0.966530085 0.008598113 -0.256409109 -75.668121338 -0.009211175 0.999956787 -0.001190034 0.979346454 0.256387830 0.003512033 0.966567636 8.727365494
0.971158206 0.011057556 -0.238180026 -75.814430237 -0.011044518 0.999938011 0.001389280 0.973077059 0.238180637 0.001281373 0.971220016 9.344375610
0.974689782 0.016056731 -0.222984329 -75.958641052 -0.015830575 0.999870777 0.002801797 0.970239878 0.223000452 0.000799087 0.974818051 9.974536896
0.977584302 0.019666694 -0.209624171 -76.101867676 -0.019219069 0.999806523 0.004172402 0.962564766 0.209665701 -0.000050094 0.977773130 10.622013092
0.980314493 0.018285617 -0.196594372 -76.228157043 -0.017902892 0.999832809 0.003723915 0.958346367 0.196629614 -0.000131000 0.980477810 11.282134056
0.982925177 0.018262196 -0.183096826 -76.349327087 -0.017928550 0.999833167 0.003477535 0.951323330 0.183129802 -0.000135496 0.983088672 11.965250969
0.985464931 0.018854460 -0.168829024 -76.464637756 -0.018469214 0.999822021 0.003852056 0.948916495 0.168871626 -0.000677927 0.985637784 12.694019318
0.987813234 0.020335386 -0.154309168 -76.578941345 -0.019931305 0.999792695 0.004165426 0.948188066 0.154361859 -0.001039080 0.988013804 13.378419876
0.989701509 0.020621495 -0.141653612 -76.679458618 -0.020635877 0.999786139 0.001367616 0.936447084 0.141651511 0.001569615 0.989915311 14.098195076
0.991137028 0.020997094 -0.131174162 -76.768119812 -0.021702044 0.999756813 -0.003946753 0.926411092 0.131059363 0.006758521 0.991351485 14.864213943
0.992450178 0.019495172 -0.121089451 -76.869331360 -0.020875417 0.999730587 -0.010140351 0.916059136 0.120859161 0.012591586 0.992589712 15.584189415
0.993341744 0.019235268 -0.113587901 -76.952575684 -0.020543242 0.999735296 -0.010355732 0.907273173 0.113358639 0.012620245 0.993473947 16.384120941
0.994120955 0.021123588 -0.106193982 -77.047172546 -0.021703690 0.999755144 -0.004309855 0.896195710 0.106076948 0.006589320 0.994336128 17.130018234
0.994570136 0.025859950 -0.100803688 -77.142448425 -0.025627494 0.999665082 0.003600530 0.877554774 0.100863039 -0.000997634 0.994899809 17.927120209
0.994945467 0.026164919 -0.096948020 -77.214691162 -0.025579730 0.999646306 0.007274282 0.871676207 0.097104050 -0.004757609 0.995262861 18.691616058
0.995320261 0.025088977 -0.093317859 -77.296173096 -0.024583384 0.999676228 0.006563732 0.855023980 0.093452327 -0.004238946 0.995614767 19.490608215
0.995586097 0.025213221 -0.090402447 -77.362541199 -0.024819063 0.999676943 0.005481730 0.849887013 0.090511449 -0.003213831 0.995890200 20.231946945
0.995803654 0.024385354 -0.088206306 -77.428199768 -0.023776142 0.999685764 0.007950921 0.836797774 0.088372469 -0.005820351 0.996070445 21.028322220
0.996119618 0.022231149 -0.085157067 -77.495697021 -0.021449627 0.999719083 0.010081549 0.831440568 0.085357264 -0.008215841 0.996316552 21.776304245
0.996368289 0.019693740 -0.082839616 -77.550933838 -0.018771093 0.999752998 0.011901950 0.824882150 0.083053537 -0.010303736 0.996491849 22.571681976
0.996657670 0.018765869 -0.079507031 -77.625190735 -0.018191507 0.999802947 0.007942290 0.819992661 0.079640403 -0.006469393 0.996802628 23.313636780
0.996738255 0.022075076 -0.077625044 -77.697052002 -0.022069344 0.999755979 0.000931844 0.807343006 0.077626683 0.000784329 0.996982157 24.099233627
0.996827841 0.022026191 -0.076478563 -77.752296448 -0.022617109 0.999720633 -0.006869012 0.797444701 0.076305896 0.008576945 0.997047544 24.824375153
0.996906519 0.022831181 -0.075206965 -77.811317444 -0.023714123 0.999659717 -0.010868050 0.779903293 0.074933253 0.012617895 0.997108638 25.596002579
0.997029424 0.024340559 -0.073073789 -77.872383118 -0.025067745 0.999644816 -0.009050684 0.759613872 0.072827533 0.010855594 0.997285485 26.336734772
0.997121692 0.028236471 -0.070363544 -77.938560486 -0.028648201 0.999577820 -0.004848971 0.738148093 0.070196904 0.006850802 0.997509718 27.118978500
0.997189581 0.030578746 -0.068393014 -77.992004395 -0.030655799 0.999529958 -0.000077174 0.726992846 0.068358503 0.002173600 0.997658372 27.855882645
0.997435391 0.028719088 -0.065557875 -78.050048828 -0.028674942 0.999587417 0.001614521 0.713210940 0.065577194 0.000269489 0.997847438 28.628351212
0.997597277 0.026236145 -0.064122111 -78.100685120 -0.026189815 0.999655783 0.001563140 0.699661434 0.064141050 0.000119962 0.997940838 29.378925323
0.997740746 0.024028966 -0.062737569 -78.154571533 -0.023998599 0.999711275 0.001237625 0.687467098 0.062749177 0.000270786 0.998029292 30.151359558
0.997786462 0.023452589 -0.062226843 -78.192016602 -0.023520632 0.999723256 -0.000361024 0.675872087 0.062201161 0.001823839 0.998061955 30.874361038
0.997859001 0.021044200 -0.061923906 -78.233734131 -0.021183591 0.999774337 -0.001595287 0.664659262 0.061876357 0.002903642 0.998079598 31.639404297
0.997934401 0.020375857 -0.060924537 -78.286247253 -0.020508530 0.999788463 -0.001553053 0.651918828 0.060880017 0.002799318 0.998141170 32.398624420
0.997912407 0.024119044 -0.059909597 -78.340431213 -0.024192965 0.999707222 -0.000508727 0.640680432 0.059879787 0.001957056 0.998203754 33.179481506
0.997924566 0.023577305 -0.059921995 -78.390632629 -0.023707194 0.999717891 -0.001457558 0.628703833 0.059870727 0.002875116 0.998201966 33.943855286
0.997834206 0.023272099 -0.061526667 -78.437286377 -0.023409974 0.999724865 -0.001520868 0.614412487 0.061474346 0.002957911 0.998104274 34.724876404
0.997760832 0.021005994 -0.063498251 -78.493759155 -0.021108421 0.999776781 -0.000942563 0.602947056 0.063464276 0.002280800 0.997981548 35.502136230
0.997511387 0.022562368 -0.066798382 -78.551727295 -0.022700859 0.999741375 -0.001314817 0.594240904 0.066751450 0.002827926 0.997765660 36.298149109
0.997234523 0.026491132 -0.069437072 -78.617858887 -0.026639620 0.999644279 -0.001213198 0.573729157 0.069380239 0.003059620 0.997585595 37.081859589
0.997078717 0.027449062 -0.071278095 -78.697059631 -0.027956031 0.999590337 -0.006124554 0.559273839 0.071080782 0.008099316 0.997437716 37.868144989
0.996822774 0.028188089 -0.074497119 -78.752311707 -0.028980780 0.999534011 -0.009580856 0.551434934 0.074192323 0.011709400 0.997175157 38.677146912
0.996704161 0.026819205 -0.076560363 -78.819496155 -0.027749209 0.999553144 -0.011109338 0.534153342 0.076228201 0.013197214 0.997003019 39.492122650
0.996529937 0.027337244 -0.078617543 -78.892700195 -0.028191248 0.999554753 -0.009773297 0.515968561 0.078315347 0.011955711 0.996856928 40.302452087
0.996428192 0.026371354 -0.080220118 -78.967948914 -0.027197931 0.999587357 -0.009228503 0.499321312 0.079943657 0.011377364 0.996734440 41.110649109
0.996255457 0.025048524 -0.082750849 -79.028656006 -0.025731372 0.999642968 -0.007195561 0.479789943 0.082541056 0.009297909 0.996544302 41.951606750
0.996147811 0.025080429 -0.084027790 -79.098953247 -0.025470698 0.999669135 -0.003575568 0.468306959 0.083910316 0.005702040 0.996456981 42.792282104
0.996116102 0.023832429 -0.084762871 -79.178268433 -0.023836551 0.999715388 0.000963604 0.456396997 0.084761716 0.001060592 0.996400654 43.646259308
0.996201277 0.023796177 -0.083767131 -79.261177063 -0.023633294 0.999716461 0.002935708 0.444812715 0.083813243 -0.000944863 0.996481001 44.510471344
0.996264338 0.027011992 -0.082022130 -79.333259583 -0.026835922 0.999634564 0.003248442 0.432999432 0.082079895 -0.001035167 0.996625364 45.357154846
0.996416748 0.026604408 -0.080285206 -79.402748108 -0.026538769 0.999645948 0.001884744 0.423414260 0.080306925 0.000252680 0.996770203 46.214057922
0.996585190 0.024974244 -0.078703292 -79.473464966 -0.025083274 0.999685168 -0.000396829 0.412171960 0.078668624 0.002369611 0.996897936 47.078308105
0.996812999 0.021189386 -0.076909021 -79.541191101 -0.021396633 0.999769211 -0.001871514 0.396538168 0.076851644 0.003511144 0.997036278 47.952178955
0.996967494 0.019564368 -0.075319514 -79.603698730 -0.019793365 0.999801457 -0.002294989 0.385271013 0.075259663 0.003778856 0.997156799 48.816204071
0.997092962 0.017909952 -0.074058734 -79.676643372 -0.017977942 0.999838352 -0.000251493 0.376995891 0.074042253 0.001582186 0.997253776 49.699146271
0.997177243 0.014824377 -0.073606983 -79.732849121 -0.014677112 0.999888957 0.002541240 0.359679133 0.073636480 -0.001453729 0.997284114 50.574508667
0.997282863 0.014463934 -0.072233483 -79.815811157 -0.014302438 0.999893844 0.002752502 0.342026889 0.072265625 -0.001711909 0.997384012 51.441497803
0.997299135 0.015700789 -0.071748331 -79.865432739 -0.015787587 0.999875188 -0.000642823 0.332874358 0.071729265 0.001773820 0.997422576 52.301620483
0.997317433 0.017965792 -0.070958048 -79.940261841 -0.018448479 0.999810934 -0.006152940 0.311276913 0.070834070 0.007445503 0.997460365 53.163452148
0.997332036 0.020215075 -0.070143655 -80.005828857 -0.021112258 0.999704182 -0.012072854 0.297915459 0.069878854 0.013521534 0.997463882 54.006534576
0.997276902 0.024195736 -0.069664180 -80.068786621 -0.025480459 0.999520183 -0.017612388 0.268511057 0.069204606 0.019339504 0.997415006 54.861553192
0.997332633 0.024466634 -0.068767555 -80.137413025 -0.025770724 0.999503314 -0.018140854 0.239012718 0.068289556 0.019864649 0.997467756 55.708137512
0.997423649 0.020950653 -0.068607412 -80.190704346 -0.021856487 0.999683201 -0.012479133 0.219123423 0.068324231 0.013946500 0.997565687 56.574562073
0.997394085 0.020550437 -0.069155909 -80.252571106 -0.020838439 0.999776959 -0.003445651 0.193303004 0.069069676 0.004877774 0.997599900 57.427375793
0.997348011 0.020201987 -0.069921777 -80.322448730 -0.019946907 0.999791741 0.004344433 0.170242339 0.069994986 -0.002938188 0.997542977 58.281620026
0.997203112 0.018295778 -0.072465241 -80.382682800 -0.018178863 0.999832213 0.002272660 0.152170420 0.072494671 -0.000948968 0.997368276 59.114662170
0.997104585 0.012868534 -0.074947059 -80.432609558 -0.013013286 0.999914229 -0.001443349 0.143555298 0.074922077 0.002414477 0.997186482 59.944705963
0.996903062 0.011187752 -0.077839918 -80.494697571 -0.011432715 0.999931037 -0.002702044 0.124804318 0.077804334 0.003583597 0.996962130 60.769725800
0.996684849 0.013593236 -0.080215074 -80.573097229 -0.014038861 0.999888897 -0.004994066 0.102622181 0.080138266 0.006103637 0.996765196 61.598773956
0.996388555 0.014974277 -0.083579473 -80.649589539 -0.015737850 0.999840140 -0.008484500 0.081658423 0.083439074 0.009769220 0.996465027 62.404373169
0.996028125 0.016168764 -0.087559126 -80.726730347 -0.017295463 0.999776900 -0.012124546 0.066283107 0.087343566 0.013590765 0.996085465 63.230564117
0.995667219 0.017684191 -0.091292374 -80.801956177 -0.019215161 0.999688685 -0.015918322 0.040618777 0.090982467 0.017603550 0.995696843 64.037498474
0.995317340 0.022676140 -0.093964092 -80.895324707 -0.024264708 0.999580741 -0.015798040 0.012665868 0.093566462 0.018004073 0.995450258 64.846679688
0.994872272 0.026491845 -0.097608991 -80.982849121 -0.027972566 0.999513090 -0.013832589 -0.012399793 0.097194999 0.016492032 0.995128751 65.646072388
0.994395971 0.029245449 -0.101593450 -81.073654175 -0.030240806 0.999508440 -0.008270829 -0.031851470 0.101301625 0.011296747 0.994791746 66.465484619
0.993986070 0.029096320 -0.105570048 -81.160690308 -0.029565882 0.999558687 -0.002885243 -0.050074205 0.105439521 0.005989163 0.994407713 67.267868042
0.993430495 0.028100973 -0.110933267 -81.250122070 -0.028141350 0.999603212 0.001201987 -0.072298750 0.110923029 0.001927722 0.993827105 68.076225281
0.992702425 0.027716806 -0.117361113 -81.349090576 -0.027644593 0.999615312 0.002243398 -0.085519701 0.117378131 0.001017374 0.993086755 68.859397888
0.992057264 0.025711013 -0.123130865 -81.448219299 -0.025185758 0.999665856 0.005820643 -0.097224623 0.123239398 -0.002673267 0.992373347 69.650947571
0.991206527 0.027003715 -0.129539371 -81.556526184 -0.026576504 0.999634206 0.005025742 -0.105267316 0.129627690 -0.001538844 0.991561592 70.420677185
0.990218401 0.031349063 -0.135958105 -81.667541504 -0.031006891 0.999508560 0.004634158 -0.119905472 0.136036530 -0.000373191 0.990703762 71.194084167
0.989361584 0.033062853 -0.141670257 -81.784973145 -0.033263259 0.999446094 0.000953995 -0.129911393 0.141623333 0.003768569 0.989913523 71.947296143
0.988489926 0.031916760 -0.147881687 -81.906646729 -0.032595601 0.999466240 -0.002168627 -0.138094530 0.147733554 0.006963957 0.989002645 72.718406677
0.987613380 0.032432672 -0.153518781 -82.025474548 -0.033289216 0.999441206 -0.003011530 -0.155017048 0.153335333 0.008084746 0.988141060 73.460273743
0.986752033 0.035087027 -0.158396348 -82.153503418 -0.035274159 0.999376357 0.001630708 -0.161850035 0.158354789 0.003978193 0.987374365 74.253021240
0.985715151 0.035773899 -0.164578378 -82.284698486 -0.035323747 0.999359965 0.005662059 -0.174318731 0.164675564 0.000232347 0.986347795 75.002380371
0.984766006 0.035151742 -0.170294583 -82.427612305 -0.034262531 0.999379635 0.008158565 -0.186710954 0.170475751 -0.002199554 0.985359371 75.762062073
0.983504713 0.032608263 -0.177919045 -82.556167603 -0.032389153 0.999466896 0.004136665 -0.191818953 0.177959085 0.001694217 0.984036446 76.505378723
0.982025385 0.030618802 -0.186248899 -82.705009460 -0.031756390 0.999490738 -0.003126796 -0.198986173 0.186058357 0.008985187 0.982497573 77.245124817
0.980314732 0.028457075 -0.195379451 -82.852127075 -0.029892283 0.999543488 -0.004400470 -0.218933612 0.195165023 0.010154183 0.980717838 77.964309692
0.978124380 0.027454782 -0.206200987 -83.011306763 -0.028480900 0.999592304 -0.002009087 -0.227871224 0.206061780 0.007837929 0.978507519 78.718276978
0.975784481 0.027217004 -0.217034355 -83.190017700 -0.026985276 0.999627590 0.004031884 -0.234550476 0.217063308 0.001922481 0.976155639 79.452713013
0.972944975 0.028950915 -0.229215875 -83.361099243 -0.026926195 0.999565899 0.011956571 -0.241459727 0.229462519 -0.005461171 0.973302186 80.190971375
0.970229506 0.029672213 -0.240362376 -83.552673340 -0.026752260 0.999523461 0.015402727 -0.250542283 0.240704849 -0.008513944 0.970561028 80.918182373
0.967271209 0.032575697 -0.251645058 -83.747848511 -0.030773981 0.999464810 0.011092912 -0.260347128 0.251871765 -0.002985732 0.967756033 81.625335693
0.964034736 0.032804649 -0.263744056 -83.955108643 -0.033451963 0.999438226 0.002037467 -0.267515779 0.263662755 0.006858566 0.964590549 82.333183289
0.960730791 0.030123957 -0.275842369 -84.168518066 -0.032081731 0.999481857 -0.002586831 -0.273585081 0.275621504 0.011334751 0.961199522 83.037849426
0.957066655 0.028546067 -0.288458884 -84.378829956 -0.029219035 0.999571025 0.001973440 -0.272885323 0.288391471 0.006539776 0.957490206 83.767013550
0.953507125 0.029781057 -0.299895585 -84.609199524 -0.028385973 0.999556303 0.009008532 -0.276222169 0.300030857 -0.000076870 0.953929424 84.490173340
0.949722767 0.029508615 -0.311698556 -84.854705811 -0.026246905 0.999548078 0.014655178 -0.285712957 0.311990201 -0.005737231 0.950067997 85.215049744
0.945579529 0.027346699 -0.324239939 -85.106872559 -0.024409002 0.999615848 0.013124690 -0.294082522 0.324474335 -0.004496066 0.945883811 85.923629761
0.941439688 0.024992103 -0.336254239 -85.355880737 -0.023522878 0.999687672 0.008442810 -0.290866435 0.336360216 -0.000038729 0.941733479 86.634887695
0.938428283 0.021354299 -0.344813496 -85.617080688 -0.022067532 0.999754786 0.001856848 -0.306599259 0.344768554 0.005866664 0.938669324 87.323738098
0.935498297 0.017228249 -0.352910966 -85.879257202 -0.020001657 0.999791205 -0.004213156 -0.313781977 0.352764577 0.011000207 0.935647428 88.038024902
0.932677329 0.017162560 -0.360303164 -86.151260376 -0.020822415 0.999763429 -0.006278307 -0.326868594 0.360110164 0.013358017 0.932814062 88.744720459
0.929491401 0.021952903 -0.368189961 -86.439376831 -0.026047157 0.999641716 -0.006153256 -0.341127694 0.367922992 0.015309699 0.929730237 89.441848755
0.926253557 0.021883242 -0.376265079 -86.723915100 -0.025301404 0.999671280 -0.004144610 -0.353428572 0.376050711 0.013358995 0.926502824 90.142990112
0.923135281 0.022766786 -0.383800834 -87.025604248 -0.023567833 0.999718904 0.002616166 -0.363391370 0.383752495 0.006630280 0.923412204 90.851303101
0.920102775 0.024645159 -0.390900701 -87.319923401 -0.022060733 0.999695063 0.011101285 -0.372751236 0.391055107 -0.001590764 0.920365810 91.557464600
0.917438984 0.033932928 -0.396426648 -87.647033691 -0.029271116 0.999412894 0.017805412 -0.378079176 0.396798164 -0.004731528 0.917893708 92.255218506
0.914727807 0.040090669 -0.402076900 -87.973937988 -0.037264537 0.999194980 0.014851622 -0.385702252 0.402348697 0.001398019 0.915485501 92.943572998
0.912355661 0.037139975 -0.407710373 -88.292221069 -0.037473083 0.999271929 0.007172128 -0.380459428 0.407679945 0.008734632 0.913083136 93.647941589
0.910237968 0.029432768 -0.413038343 -88.601173401 -0.032440390 0.999473691 -0.000269210 -0.385700405 0.412813008 0.013644166 0.910713673 94.341629028
0.908616900 0.030005639 -0.416551203 -88.932357788 -0.033492990 0.999438524 -0.001064731 -0.390577048 0.416285336 0.014918979 0.909111619 95.029029846
0.906288803 0.035751138 -0.421144098 -89.270721436 -0.037496019 0.999288321 0.004139812 -0.400982797 0.420992404 0.012039363 0.906984270 95.744705200
0.903642237 0.038640507 -0.426541507 -89.604705811 -0.038694747 0.999214590 0.008543000 -0.411362529 0.426536620 0.008785103 0.904427648 96.437118530
0.901219785 0.034961239 -0.431949735 -89.932754517 -0.035617940 0.999343932 0.006571823 -0.423091888 0.431896091 0.009462507 0.901873708 97.124824524
0.899214447 0.032791335 -0.436277390 -90.292358398 -0.036384337 0.999337792 0.000119888 -0.428090423 0.435992509 0.015765857 0.899812222 97.830932617
0.897121072 0.030006824 -0.440764397 -90.644485474 -0.036681231 0.999305010 -0.006628343 -0.432020307 0.440259159 0.022114210 0.897598445 98.509437561
0.894660711 0.030519143 -0.445702404 -90.994331360 -0.038112171 0.999240696 -0.008080509 -0.447915733 0.445117414 0.024216011 0.895144761 99.203773499
0.892762125 0.033481989 -0.449282497 -91.354446411 -0.039394971 0.999216318 -0.003816298 -0.462681293 0.448802739 0.021106523 0.893381536 99.887489319
0.890440702 0.035415467 -0.453719318 -91.706741333 -0.040465027 0.999179900 -0.001422208 -0.480504990 0.453296930 0.019626157 0.891143620 100.571876526
0.888221383 0.036199104 -0.457987338 -92.075958252 -0.041288655 0.999146581 -0.001103189 -0.490846455 0.457556605 0.019889556 0.888958037 101.258209229
0.885867000 0.034100678 -0.462684512 -92.429183960 -0.039550327 0.999215484 -0.002080025 -0.502135038 0.462250620 0.020141948 0.886520565 101.936035156
