0.999997497 -0.001697136 -0.001455896 -0.039115541 0.001691438 0.999991000 -0.003906041 0.005758147 0.001462513 0.003903569 0.999991238 1.230794072
0.999991417 -0.002064584 -0.003595258 -0.041480634 0.002046337 0.999985099 -0.005071251 -0.011211553 0.003605674 0.005063850 0.999980628 1.842596292
0.999978006 -0.003937670 -0.005328329 -0.052209616 0.003898946 0.999966085 -0.007258510 -0.015544842 0.005356729 0.007237575 0.999959409 2.443881750
0.999956191 -0.006319389 -0.006899888 -0.059421279 0.006254885 0.999936879 -0.009330382 -0.029480644 0.006958417 0.009286815 0.999932647 3.046755075
0.999938309 -0.007464908 -0.008218656 -0.068500429 0.007382474 0.999922574 -0.010015056 -0.042007171 0.008292781 0.009953764 0.999916077 3.661025763
0.999927282 -0.007418287 -0.009507908 -0.086360723 0.007328216 0.999928236 -0.009473508 -0.056830160 0.009577503 0.009403141 0.999909878 4.282148838
0.999912918 -0.007856227 -0.010592412 -0.100209594 0.007750929 0.999920487 -0.009945496 -0.073623419 0.010669704 0.009862529 0.999894381 4.912161827
0.999905944 -0.007114194 -0.011720891 -0.113111302 0.006965602 0.999895453 -0.012670065 -0.091321185 0.011809796 0.012587229 0.999851108 5.544873238
0.999901891 -0.005529038 -0.012870137 -0.132672235 0.005318617 0.999852598 -0.016326752 -0.110381611 0.012958508 0.016256696 0.999783993 6.186239719
0.999888778 -0.004493065 -0.014213711 -0.148596793 0.004207755 0.999790370 -0.020039398 -0.124917604 0.014300770 0.019977363 0.999698102 6.837989807
0.999877572 -0.002651852 -0.015420954 -0.169099644 0.002341542 0.999795079 -0.020105980 -0.138434649 0.015471110 0.020067414 0.999678850 7.512805462
0.999865830 -0.000098878 -0.016379297 -0.192443833 -0.000116725 0.999913394 -0.013161635 -0.153634310 0.016379179 0.013161779 0.999779105 8.193696976
0.999851644 0.000544132 -0.017216342 -0.207765222 -0.000592045 0.999995947 -0.002778023 -0.165542841 0.017214760 0.002787803 0.999847889 8.892517090
0.999830008 0.001362082 -0.018392054 -0.219938710 -0.001291212 0.999991775 0.003864623 -0.179320559 0.018397173 -0.003840218 0.999823332 9.560732841
0.999808908 0.003716708 -0.019189054 -0.254756838 -0.003661103 0.999989033 0.002932057 -0.198379770 0.019199748 -0.002861244 0.999811530 10.336081505
0.999791384 0.005762406 -0.019589860 -0.285773754 -0.005847709 0.999973655 -0.004299977 -0.205563799 0.019564565 0.004413636 0.999798834 11.062150002
0.999752641 0.005672449 -0.021501303 -0.294049859 -0.005893382 0.999930382 -0.010225916 -0.207558155 0.021441802 0.010350103 0.999716520 11.698523521
0.999758661 0.003204585 -0.021733295 -0.331388772 -0.003391639 0.999957442 -0.008575380 -0.213408113 0.021704890 0.008647021 0.999727011 12.582507133
0.999727666 0.002490354 -0.023199044 -0.334945291 -0.002473174 0.999996662 0.000769217 -0.222850621 0.023200884 -0.000711632 0.999730527 13.290811539
0.999748528 0.001972471 -0.022335835 -0.376493305 -0.001794270 0.999966443 0.007995497 -0.230620429 0.022350851 -0.007953411 0.999718428 14.181346893
0.999726176 0.000950458 -0.023378879 -0.393340409 -0.000696662 0.999940813 0.010861507 -0.237578347 0.023387814 -0.010842247 0.999667585 14.929880142
0.999736071 -0.000607743 -0.022964749 -0.423228055 0.000817508 0.999958038 0.009125905 -0.234699219 0.022958230 -0.009142269 0.999694586 15.851230621
0.999739170 -0.001277244 -0.022804718 -0.440911978 0.001432587 0.999975920 0.006796783 -0.238052905 0.022795483 -0.006827678 0.999716759 16.638708115
0.999760807 0.001347241 -0.021825531 -0.477774709 -0.001278442 0.999994218 0.003165876 -0.235813990 0.021829674 -0.003137214 0.999756753 17.585891724
0.999759316 -0.002014305 -0.021843843 -0.483925760 0.001956542 0.999994516 -0.002665440 -0.239867181 0.021849098 0.002622060 0.999757826 18.415418625
0.999792635 -0.004638711 -0.019823072 -0.520233572 0.004465547 0.999951541 -0.008770788 -0.255979627 0.019862797 0.008680449 0.999764979 19.377285004
0.999811947 -0.003408571 -0.019090116 -0.542817771 0.003138802 0.999895036 -0.014143486 -0.268321782 0.019136319 0.014080906 0.999717653 20.249462128
0.999827445 -0.001655127 -0.018501872 -0.571499586 0.001375256 0.999884546 -0.015129070 -0.288133204 0.018524777 0.015101015 0.999714375 21.242277145
0.999805331 -0.001430838 -0.019678142 -0.582966506 0.001142170 0.999891639 -0.014672921 -0.309739262 0.019697003 0.014647587 0.999698758 22.166707993
0.999820530 -0.000334834 -0.018939635 -0.609608173 0.000030565 0.999870896 -0.016063266 -0.333382308 0.018942568 0.016059803 0.999691486 23.161054611
0.999805629 0.002638730 -0.019541830 -0.628723979 -0.002996387 0.999828160 -0.018295534 -0.358729601 0.019490194 0.018350530 0.999641538 24.107652664
0.999799073 0.006293305 -0.019028591 -0.660629511 -0.006649438 0.999802887 -0.018710710 -0.388316244 0.018907087 0.018833477 0.999643803 25.120704651
0.999771833 0.007917039 -0.019833785 -0.678040147 -0.008289506 0.999789536 -0.018768111 -0.417564094 0.019681020 0.018928243 0.999627113 26.085449219
0.999772847 0.008918826 -0.019358147 -0.709293246 -0.009283781 0.999779344 -0.018845536 -0.451329350 0.019185795 0.019020967 0.999634922 27.110170364
0.999758482 0.009009830 -0.020043811 -0.729952931 -0.009380863 0.999785006 -0.018494701 -0.484727174 0.019872868 0.018678261 0.999627948 28.099180222
0.999745607 0.009819702 -0.020301893 -0.748919725 -0.010175948 0.999794781 -0.017519198 -0.514606059 0.020125695 0.017721329 0.999640465 29.140880585
0.999729455 0.010188581 -0.020904064 -0.776476324 -0.010511438 0.999826193 -0.015393330 -0.545257449 0.020743601 0.015608896 0.999662936 30.161302567
0.999725461 0.010955918 -0.020707702 -0.805226922 -0.011259223 0.999830186 -0.014587610 -0.571657419 0.020544363 0.014816754 0.999679267 31.192127228
0.999721467 0.011179611 -0.020786801 -0.839843333 -0.011495271 0.999819458 -0.015128626 -0.609089553 0.020613912 0.015363359 0.999669492 32.206905365
0.999702096 0.012828522 -0.020763621 -0.863589048 -0.013180535 0.999770164 -0.016906183 -0.623171329 0.020541964 0.017174823 0.999641359 33.247947693
0.999689579 0.012235085 -0.021705562 -0.880784988 -0.012583750 0.999792755 -0.016000113 -0.653683305 0.021505300 0.016268283 0.999636292 34.290630341
0.999693334 0.011920368 -0.021701623 -0.918778360 -0.012210611 0.999837101 -0.013291251 -0.683698297 0.021539643 0.013552166 0.999676168 35.341228485
0.999685645 0.011607881 -0.022219403 -0.945496082 -0.011814605 0.999887943 -0.009195257 -0.709773183 0.022110172 0.009454879 0.999710858 36.390251160
0.999666095 0.012106883 -0.022828873 -0.975563109 -0.012279858 0.999896824 -0.007452031 -0.732848287 0.022736290 0.007729877 0.999711573 37.461811066
0.999658406 0.011461117 -0.023490027 -1.003255725 -0.011629521 0.999907553 -0.007045093 -0.755890489 0.023407115 0.007315864 0.999699235 38.540187836
0.999658585 0.011306820 -0.023554768 -1.040555835 -0.011510159 0.999897540 -0.008514847 -0.780341268 0.023456085 0.008783059 0.999686241 39.597305298
0.999612033 0.012307176 -0.024986774 -1.058381200 -0.012535576 0.999880791 -0.009004668 -0.808699846 0.024872974 0.009314398 0.999647200 40.680847168
0.999620438 0.011866580 -0.024863314 -1.108556390 -0.012065604 0.999896228 -0.007869943 -0.825760126 0.024767343 0.008166946 0.999659896 41.751502991
0.999577105 0.012094394 -0.026443813 -1.133759141 -0.012262729 0.999905407 -0.006212798 -0.847104371 0.026366174 0.006534444 0.999630988 42.837440491
0.999586403 0.011979141 -0.026145503 -1.176487565 -0.012077290 0.999920547 -0.003599171 -0.870612860 0.026100308 0.003913449 0.999651670 43.906974792
0.999565721 0.013374175 -0.026259691 -1.219961524 -0.013481462 0.999901414 -0.003912769 -0.890713096 0.026204770 0.004265088 0.999647498 44.984859467
0.999529481 0.014437359 -0.027062515 -1.245440006 -0.014641155 0.999865770 -0.007347530 -0.925578713 0.026952805 0.007740300 0.999606609 46.047683716
0.999501407 0.015793564 -0.027342118 -1.282590270 -0.016111882 0.999804437 -0.011461077 -0.949585438 0.027155757 0.011895893 0.999560356 47.128471375
0.999509990 0.015983758 -0.026907794 -1.319244981 -0.016304860 0.999797940 -0.011756647 -0.977311611 0.026714440 0.012189617 0.999568701 48.195018768
0.999499440 0.016837949 -0.026780730 -1.353368402 -0.017094208 0.999810040 -0.009368744 -1.002765775 0.026617890 0.009821851 0.999597430 49.283149719
0.999493957 0.017286669 -0.026702739 -1.385851622 -0.017483449 0.999821544 -0.007153420 -1.030597925 0.026574314 0.007616655 0.999617875 50.366744995
0.999512434 0.015451088 -0.027133703 -1.413998842 -0.015610483 0.999862134 -0.005672546 -1.060660124 0.027042314 0.006093350 0.999615669 51.447608948
0.999533117 0.015573156 -0.026284218 -1.449771404 -0.015751245 0.999854267 -0.006581944 -1.086376548 0.026177885 0.006992881 0.999632835 52.509971619
0.999562621 0.014493480 -0.025779698 -1.482546329 -0.014719892 0.999854505 -0.008614661 -1.106751800 0.025651092 0.008990366 0.999630570 53.583484650
0.999559999 0.014466103 -0.025894510 -1.508297086 -0.014750200 0.999832749 -0.010814124 -1.133179426 0.025733739 0.011191313 0.999606133 54.664112091
0.999582887 0.013378967 -0.025590921 -1.533741713 -0.013708906 0.999824643 -0.012761075 -1.172992229 0.025415702 0.013106575 0.999590993 55.721496582
0.999600828 0.012070627 -0.025542930 -1.568193197 -0.012497331 0.999783814 -0.016612258 -1.199866652 0.025336890 0.016924841 0.999535680 56.811862946
0.999623477 0.009878698 -0.025600774 -1.587626457 -0.010351789 0.999776840 -0.018413521 -1.232088566 0.025413159 0.018671604 0.999502599 57.886013031
0.999649405 0.008866503 -0.024945630 -1.631426215 -0.009276006 0.999823332 -0.016348364 -1.262261987 0.024796268 0.016574033 0.999555111 58.968292236
0.999666214 0.007586657 -0.024695061 -1.660447836 -0.007848016 0.999914050 -0.010503715 -1.291773438 0.024613254 0.010694019 0.999639750 60.048656464
0.999681592 0.006176651 -0.024465408 -1.684035420 -0.006292798 0.999969244 -0.004673305 -1.317621112 0.024435787 0.004825772 0.999689698 61.111057281
0.999693394 0.004670106 -0.024316123 -1.711885810 -0.004774607 0.999979615 -0.004241329 -1.338826418 0.024295820 0.004356129 0.999695241 62.194137573
0.999704540 0.001100772 -0.024279701 -1.734711409 -0.001270098 0.999975085 -0.006959597 -1.366415620 0.024271436 0.006988379 0.999680936 63.262702942
0.999705255 0.000003690 -0.024274252 -1.759765744 -0.000240819 0.999952316 -0.009765837 -1.398879528 0.024273062 0.009768806 0.999657571 64.333656311
0.999697506 0.002026156 -0.024508771 -1.791990161 -0.002374261 0.999896646 -0.014182557 -1.421149492 0.024477499 0.014236455 0.999598980 65.421318054
0.999710977 0.001496788 -0.023995440 -1.835800409 -0.001934724 0.999831796 -0.018237989 -1.457573771 0.023964111 0.018279141 0.999545634 66.493675232
0.999711156 0.004845192 -0.023539977 -1.859678626 -0.005298852 0.999800861 -0.019247876 -1.486317754 0.023442032 0.019367050 0.999537528 67.583190918
0.999712348 0.008997401 -0.022231435 -1.906541467 -0.009343736 0.999835968 -0.015524099 -1.524378181 0.022088110 0.015727358 0.999632299 68.665344238
0.999693453 0.010140751 -0.022580765 -1.928865671 -0.010451412 0.999851823 -0.013682638 -1.553480625 0.022438658 0.013914444 0.999651372 69.749847412
0.999697864 0.009525405 -0.022657007 -1.951954842 -0.009810275 0.999873817 -0.012495433 -1.589953661 0.022535127 0.012713929 0.999665201 70.829925537
0.999717414 0.007972087 -0.022391560 -1.988387108 -0.008239694 0.999895453 -0.011884521 -1.621729612 0.022294473 0.012065664 0.999678612 71.925682068
0.999712348 0.007170159 -0.022884611 -2.003358364 -0.007401375 0.999922335 -0.010034932 -1.658508301 0.022810880 0.010201426 0.999687731 72.984527588
0.999718964 0.005319492 -0.023100117 -2.042585135 -0.005522472 0.999946654 -0.008732071 -1.675816774 0.023052437 0.008857187 0.999695003 74.096763611
0.999694109 0.004955347 -0.024229499 -2.061702251 -0.005124656 0.999962926 -0.006930637 -1.706803322 0.024194259 0.007052684 0.999682367 75.186988831
0.999681592 0.002928718 -0.025061626 -2.082958221 -0.003130181 0.999963105 -0.008003290 -1.741367340 0.025037259 0.008079188 0.999653876 76.257095337
0.999681175 0.003761798 -0.024970792 -2.129182816 -0.004065831 0.999918044 -0.012135946 -1.767170906 0.024923099 0.012233603 0.999614418 77.314277649
0.999661863 0.004628500 -0.025588738 -2.158531427 -0.004991030 0.999887764 -0.014121859 -1.802833796 0.025520504 0.014244797 0.999572754 78.395584106
0.999638498 0.006418626 -0.026108414 -2.198762655 -0.006744725 0.999900162 -0.012421331 -1.830624342 0.026026079 0.012592935 0.999581873 79.460868835
0.999620616 0.007652293 -0.026460189 -2.230637550 -0.007863381 0.999938071 -0.007882709 -1.862099886 0.026398230 0.008087784 0.999618709 80.538482666
0.999586165 0.008278755 -0.027548358 -2.260769606 -0.008405697 0.999954522 -0.004495336 -1.880734205 0.027509896 0.004725039 0.999610305 81.598289490
0.999561906 0.010147327 -0.027804561 -2.305670738 -0.010249563 0.999941170 -0.003536853 -1.911112666 0.027767036 0.003820288 0.999607086 82.677566528
0.999545395 0.009318530 -0.028668461 -2.330309391 -0.009499217 0.999935865 -0.006172896 -1.927978516 0.028609095 0.006442419 0.999569893 83.720886230
0.999522209 0.009224807 -0.029497132 -2.357446432 -0.009434490 0.999931157 -0.006977268 -1.952504396 0.029430734 0.007252226 0.999540508 84.775924683
0.999530196 0.008725218 -0.029378131 -2.404303551 -0.008938043 0.999934733 -0.007120853 -1.978961825 0.029314084 0.007380091 0.999543011 85.814315796
0.999526083 0.006952417 -0.029983554 -2.443626165 -0.007150160 0.999953449 -0.006492914 -2.011836052 0.029937016 0.006704224 0.999529362 86.820816040
0.999494195 0.006724405 -0.031081628 -2.466975451 -0.006900778 0.999960601 -0.005570733 -2.031794548 0.031042945 0.005782403 0.999501467 87.868370056
0.999462605 0.006551795 -0.032119717 -2.493806601 -0.006648181 0.999973655 -0.002894896 -2.059919596 0.032099914 0.003106877 0.999479890 88.861724854
0.999459326 0.005769860 -0.032368511 -2.547376871 -0.005831478 0.999981344 -0.001809547 -2.085393667 0.032357469 0.001997325 0.999474227 89.834861755
0.999388576 0.004407687 -0.034684319 -2.581769943 -0.004470722 0.999988556 -0.001740096 -2.103444815 0.034676250 0.001894096 0.999396741 90.796653748
0.999284744 0.004254606 -0.037574027 -2.624778748 -0.004360754 0.999986649 -0.002743505 -2.128981829 0.037561849 0.002905394 0.999289989 91.717948914
0.999143660 0.002783996 -0.041280642 -2.668363571 -0.002931892 0.999989450 -0.003522566 -2.153081179 0.041270390 0.003640580 0.999141335 92.621719360
0.999014139 0.004223678 -0.044191711 -2.712679386 -0.004386710 0.999983847 -0.003592829 -2.170943975 0.044175833 0.003783141 0.999016583 93.520919800
0.998877347 0.005108004 -0.047096077 -2.768527985 -0.005220027 0.999983788 -0.002255902 -2.198988914 0.047083795 0.002499212 0.998887777 94.380828857
0.998722732 0.005953889 -0.050174117 -2.811185122 -0.006031775 0.999980807 -0.001401089 -2.215519190 0.050164819 0.001701938 0.998739481 95.227638245
0.998547673 0.006787936 -0.053446528 -2.859253645 -0.006801970 0.999976933 -0.000080728 -2.233230352 0.053444743 0.000444152 0.998570740 96.039360046
0.998398423 0.008605637 -0.055915862 -2.909048796 -0.008578967 0.999962986 0.000716909 -2.251022577 0.055919964 -0.000236062 0.998435199 96.822120667
0.998217762 0.010447416 -0.058755271 -2.953809738 -0.010377699 0.999945045 0.001491547 -2.276514292 0.058767617 -0.000879145 0.998271286 97.568496704
0.998059034 0.012468640 -0.061015446 -3.019953489 -0.012499010 0.999921978 -0.000116084 -2.287178040 0.061009232 0.000878490 0.998136818 98.288955688
0.997870922 0.013530700 -0.063800842 -3.066722155 -0.013811597 0.999896765 -0.003963713 -2.302967310 0.063740626 0.004836464 0.997954726 98.996177673
0.997672677 0.016522519 -0.066152900 -3.122454166 -0.017049367 0.999827266 -0.007407415 -2.326107025 0.066019095 0.008518039 0.997781932 99.641349792
0.997510612 0.017855866 -0.068218730 -3.180130720 -0.018580796 0.999777257 -0.010006793 -2.347125769 0.068024851 0.011249440 0.997620165 100.288063049
0.997376978 0.019846242 -0.069607213 -3.214186668 -0.020676306 0.999723375 -0.011224701 -2.360119820 0.069365166 0.012634479 0.997511268 100.901168823
0.997410357 0.022051316 -0.068456225 -3.270948172 -0.022853354 0.999678910 -0.010954982 -2.378980875 0.068192676 0.012491067 0.997593880 101.478950500
0.997526884 0.026241006 -0.065201461 -3.320248365 -0.026887286 0.999597549 -0.009054181 -2.404420376 0.064937629 0.010784880 0.997831047 102.043601990
0.997769535 0.028654374 -0.060290549 -3.343149185 -0.029179392 0.999543428 -0.007845603 -2.417660713 0.060038213 0.009587345 0.998149931 102.578140259
0.998184800 0.029653687 -0.052419253 -3.379621744 -0.030000150 0.999532878 -0.005834957 -2.432532310 0.052221738 0.007396950 0.998608053 103.094833374
0.998648465 0.029742254 -0.042620104 -3.393738508 -0.029911356 0.999547005 -0.003335290 -2.449658871 0.042501599 0.004605607 0.999085784 103.590148926
0.999084651 0.029263174 -0.031199280 -3.398887873 -0.029348642 0.999566674 -0.002284765 -2.461932182 0.031118898 0.003198331 0.999510586 104.067504883
0.999441504 0.028172350 -0.017969942 -3.396113873 -0.028214268 0.999599755 -0.002083307 -2.478355408 0.017904058 0.002589152 0.999836326 104.516387939
0.999601781 0.028122794 -0.002330128 -3.393037319 -0.028130258 0.999599159 -0.003235036 -2.489110470 0.002238218 0.003299295 0.999992013 104.957305908
0.999526024 0.026798591 0.015147107 -3.363958597 -0.026706325 0.999623716 -0.006261682 -2.501642227 -0.015309215 0.005854190 0.999865651 105.366539001
0.998986661 0.026508307 0.036369916 -3.334286213 -0.026125135 0.999598444 -0.010970609 -2.514771938 -0.036646124 0.010009323 0.999278188 105.779998779
0.997884512 0.024295676 0.060301293 -3.284778118 -0.023371110 0.999598920 -0.015990719 -2.526826859 -0.060665615 0.014547581 0.998052120 106.182090759
0.995905638 0.022153540 0.087642238 -3.227474213 -0.020595316 0.999614060 -0.018643906 -2.542885065 -0.088021427 0.016762551 0.995977521 106.577995300
0.992840409 0.019646190 0.117821194 -3.165103912 -0.017397512 0.999646902 -0.020083794 -2.554111481 -0.118174143 0.017890206 0.992831647 106.950187683
0.988515198 0.017551063 0.150098115 -3.076875687 -0.014470059 0.999662161 -0.021594245 -2.573723316 -0.150426403 0.019174308 0.988435209 107.322906494
0.982448697 0.014772596 0.185946882 -2.977375031 -0.010660191 0.999676466 -0.023096494 -2.592977524 -0.186227903 0.020708889 0.982288301 107.704330444
0.974376619 0.011687151 0.224618271 -2.869966507 -0.006429738 0.999688327 -0.024123257 -2.602273941 -0.224830180 0.022060903 0.974148154 108.047180176
0.964259207 0.009440828 0.264791965 -2.748308182 -0.003013258 0.999691129 -0.024669744 -2.622866154 -0.264943063 0.022990145 0.963989913 108.387390137
0.951777697 0.010469336 0.306609631 -2.611803055 -0.002704101 0.999664962 -0.025739983 -2.643541574 -0.306776345 0.023669638 0.951487303 108.729537964
0.936138630 0.012131027 0.351421773 -2.475204468 -0.003154715 0.999654233 -0.026104197 -2.660276651 -0.351616949 0.023328507 0.935853183 109.049629211
0.918142915 0.012414148 0.396054685 -2.309726715 -0.002674131 0.999680579 -0.025135284 -2.671058416 -0.396240234 0.022018680 0.917882740 109.371551514
0.897817016 0.011638143 0.440214902 -2.124729156 -0.001323999 0.999717534 -0.023729656 -2.687453270 -0.440366656 0.020722043 0.897578835 109.661010742
0.874206841 0.010812660 0.485433042 -1.931743622 0.000944006 0.999712169 -0.023967886 -2.705116510 -0.485552490 0.021411147 0.873945296 109.953414917
0.849389493 0.011162121 0.527648330 -1.719783783 0.002995930 0.999658167 -0.025969980 -2.722844124 -0.527757823 0.023639429 0.849065840 110.211334229
0.821582496 0.013769077 0.569923341 -1.497764587 0.003867665 0.999550581 -0.029724166 -2.736021996 -0.570076525 0.026625128 0.821160138 110.472229004
0.790798128 0.017902551 0.611814976 -1.265254974 0.003393551 0.999428749 -0.033630971 -2.755903959 -0.612067580 0.028671537 0.790285587 110.727401733
0.756457448 0.024177846 0.653595924 -1.010505676 0.000024571 0.999315560 -0.036995158 -2.775357962 -0.654042900 0.028001323 0.755938947 110.986495972
0.719098508 0.029126795 0.694297433 -0.749870300 -0.001670843 0.999190688 -0.040186986 -2.782937288 -0.694906116 0.027738340 0.718565226 111.216644287
0.679720521 0.029364476 0.732883155 -0.448856354 0.000749475 0.999169886 -0.040728915 -2.802849054 -0.733470917 0.028233554 0.679134190 111.444961548
0.638738811 0.026891388 0.768953562 -0.146278381 0.004773505 0.999231339 -0.038909689 -2.819597006 -0.769408762 0.028523730 0.638119519 111.633842468
0.594833136 0.024938311 0.803462327 0.186817169 0.006848610 0.999325216 -0.036087904 -2.829769135 -0.803819954 0.026968876 0.594260991 111.828826904
0.547864437 0.023443887 0.836238563 0.511859894 0.007579358 0.999427140 -0.032984506 -2.847369194 -0.836532772 0.024409192 0.547372878 112.005935669
0.500338376 0.020677894 0.865583003 0.878170013 0.010079862 0.999507904 -0.029703759 -2.859772682 -0.865771174 0.023586886 0.499883831 112.164993286
0.448845029 0.017428644 0.893439651 1.218647003 0.011998685 0.999602079 -0.025527475 -2.876997948 -0.893529058 0.022177981 0.448457211 112.304458618
0.397386968 0.017382571 0.917486548 1.615543365 0.010416595 0.999670684 -0.023451321 -2.891583443 -0.917592049 0.018876329 0.397074938 112.435050964
0.345404625 0.022741545 0.938178360 1.977371216 0.006494688 0.999624491 -0.026622126 -2.905187607 -0.938431382 0.015288579 0.345127225 112.549095154
0.294684649 0.028137626 0.955180168 2.396612167 0.006251417 0.999488235 -0.031371485 -2.917790890 -0.955574095 0.015215924 0.294357926 112.650566101
0.248286411 0.029934671 0.968224049 2.776420593 0.008248444 0.999420881 -0.033014357 -2.931803226 -0.968651593 0.016183361 0.247895628 112.706535339
0.206886172 0.029822465 0.977910459 3.223430634 0.014458580 0.999333084 -0.033534616 -2.954980612 -0.978258193 0.021077046 0.206316963 112.762397766
0.172144026 0.030377323 0.984603345 3.706279755 0.023014311 0.999127626 -0.034849156 -2.962644100 -0.984802902 0.028659044 0.171294659 112.805603027
0.141763061 0.030890509 0.989418447 4.081740379 0.027964264 0.998989224 -0.035196003 -2.977761745 -0.989505529 0.032657858 0.140755907 112.832916260
0.112968005 0.029056674 0.993173659 4.584846497 0.025898838 0.999146521 -0.032177273 -3.002812624 -0.993261039 0.029357050 0.112119049 112.884628296
0.088394508 0.025976356 0.995746613 5.047541618 0.019935835 0.999413490 -0.027841754 -3.011286974 -0.995886028 0.022312099 0.087824799 112.907402039
0.064476080 0.021885155 0.997679234 5.558387756 0.014841999 0.999627888 -0.022887081 -3.031369925 -0.997808814 0.016283223 0.064127244 112.933517456
0.042382520 0.019241458 0.998916268 6.128816128 0.019546999 0.999607146 -0.020084124 -3.053635120 -0.998910189 0.020377029 0.041989751 112.935951233
0.021711696 0.019975798 0.999564648 6.624421120 0.027142590 0.999419987 -0.020562479 -3.074900866 -0.999395728 0.027577218 0.021156909 112.927909851
0.005074251 0.022242477 0.999739707 7.235196114 0.031921826 0.999239385 -0.022393372 -3.097246647 -0.999477506 0.032027148 0.004360368 112.906585693
-0.010117974 0.027969738 0.999557555 7.769783020 0.032229584 0.999098480 -0.027630657 -3.107129335 -0.999429226 0.031935744 -0.011010306 112.903533936
-0.020991163 0.032346316 0.999256372 8.418687820 0.030055154 0.999045193 -0.031708129 -3.123536587 -0.999327779 0.029367203 -0.021943294 112.893264771
-0.027430303 0.032307342 0.999101400 8.992874146 0.031509552 0.999008775 -0.031439256 -3.144117355 -0.999126971 0.030618850 -0.028421106 112.872085571
-0.029771261 0.029192600 0.999130309 9.625283241 0.037976276 0.998884678 -0.028053837 -3.166672707 -0.998834968 0.037108045 -0.030846681 112.836692810
-0.029038966 0.027274031 0.999206126 10.310272217 0.039506841 0.998877883 -0.026116921 -3.195191145 -0.998797297 0.038717065 -0.030083889 112.807647705
-0.027265452 0.027350774 0.999253929 10.964237213 0.038756784 0.998902977 -0.026283657 -3.208269835 -0.998876572 0.038011227 -0.028295567 112.802307129
-0.026010249 0.027378041 0.999286711 11.691240311 0.035178483 0.999030828 -0.026455376 -3.240899324 -0.999042511 0.034465276 -0.026948158 112.797622681
-0.024562508 0.028836565 0.999282300 12.356407166 0.033926487 0.999032140 -0.027995430 -3.256894112 -0.999122322 0.033214491 -0.025517061 112.776489258
-0.023840033 0.029451847 0.999281883 13.101996422 0.033613134 0.999024451 -0.028642349 -3.287278175 -0.999150455 0.032906163 -0.024806745 112.763946533
-0.022821583 0.029149029 0.999314368 13.812372208 0.033260778 0.999043703 -0.028381543 -3.311851501 -0.999185979 0.032590263 -0.023769278 112.748184204
-0.022242021 0.028188312 0.999355137 14.589535713 0.031606074 0.999122620 -0.027478319 -3.333265066 -0.999252796 0.030974515 -0.023113430 112.730522156
-0.021687448 0.026644152 0.999409676 15.327902794 0.032842502 0.999124408 -0.025923846 -3.366547585 -0.999225199 0.032260895 -0.022543514 112.717422485
-0.021978382 0.024075152 0.999468505 16.140846252 0.033745918 0.999158204 -0.023325600 -3.406439543 -0.999188721 0.033215322 -0.022772321 112.693603516
-0.023237422 0.022625355 0.999473929 16.883665085 0.030961767 0.999280572 -0.021901131 -3.424668789 -0.999250293 0.030436553 -0.023921227 112.685508728
-0.024399187 0.022027146 0.999459565 17.703168869 0.029721325 0.999331236 -0.021298751 -3.441988945 -0.999260366 0.029185595 -0.025037546 112.667411804
-0.025735877 0.019315651 0.999482155 18.466987610 0.032266103 0.999308407 -0.018481469 -3.470282555 -0.999147892 0.031773761 -0.026341321 112.649917603
-0.026634173 0.017961076 0.999483824 19.296276093 0.033604212 0.999289572 -0.017062105 -3.490325212 -0.999080241 0.033132426 -0.027218819 112.627853394
-0.028452413 0.016658092 0.999456286 20.088991165 0.031015221 0.999394476 -0.015774122 -3.528313637 -0.999113798 0.030549552 -0.028951839 112.605964661
-0.029677045 0.021804104 0.999321640 20.934156418 0.028024117 0.999387205 -0.020973295 -3.548030376 -0.999166548 0.027382676 -0.030269900 112.594917297
-0.030194474 0.026383700 0.999195635 21.734451294 0.029399218 0.999242544 -0.025496526 -3.575222015 -0.999111533 0.028605722 -0.030947264 112.571258545
-0.031862069 0.028161168 0.999095380 22.583732605 0.029423378 0.999196231 -0.027225673 -3.603130817 -0.999059141 0.028529294 -0.032665052 112.554855347
-0.032855127 0.025985504 0.999122143 23.406053543 0.026345233 0.999337077 -0.025124757 -3.631121874 -0.999112785 0.025496628 -0.033517946 112.526336670
-0.033892844 0.021598147 0.999191999 24.250980377 0.023360895 0.999510467 -0.020812623 -3.667806625 -0.999152362 0.022636622 -0.034380808 112.504135132
-0.034374673 0.016261976 0.999276638 25.082632065 0.021882597 0.999640167 -0.015515138 -3.696316481 -0.999169409 0.021333441 -0.034718160 112.481246948
-0.034630790 0.010646105 0.999343336 25.929462433 0.018628696 0.999776483 -0.010005163 -3.721981764 -0.999226570 0.018269975 -0.034821365 112.462242126
-0.034427211 0.009336519 0.999363542 26.753484726 0.016101664 0.999831796 -0.008786204 -3.747173548 -0.999277413 0.015788933 -0.034571756 112.437423706
-0.033840798 0.016477954 0.999291301 27.609292984 0.018741185 0.999698758 -0.015850006 -3.772626400 -0.999251485 0.018191526 -0.034139425 112.415527344
-0.032457571 0.027712539 0.999088824 28.413759232 0.021320216 0.999407291 -0.027028736 -3.801894903 -0.999245763 0.020423505 -0.033029161 112.386474609
-0.032399043 0.033728190 0.998905718 29.243249893 0.023206308 0.999186337 -0.032984983 -3.819278955 -0.999205470 0.022112230 -0.033155393 112.368263245
-0.030591883 0.027504725 0.999153435 30.082595825 0.024781585 0.999334991 -0.026750963 -3.863781929 -0.999224663 0.023942241 -0.031253140 112.336425781
-0.029861568 0.019537570 0.999363065 30.928913116 0.027696121 0.999441326 -0.018711518 -3.904729843 -0.999170125 0.027119720 -0.030385999 112.313156128
-0.029272180 0.017179988 0.999423862 31.739730835 0.028801391 0.999451697 -0.016336899 -3.922466278 -0.999156415 0.028306577 -0.029750938 112.289932251
-0.029247375 0.017942293 0.999411166 32.564651489 0.028450962 0.999448717 -0.017110359 -3.954795361 -0.999167085 0.027933773 -0.029741729 112.266471863
-0.030404063 0.018912194 0.999358714 33.360740662 0.024732776 0.999529123 -0.018162956 -3.977314949 -0.999231756 0.024164684 -0.030857496 112.256172180
-0.032723114 0.019374453 0.999276578 34.181407928 0.022291608 0.999577641 -0.018650303 -4.005671024 -0.999215841 0.021665189 -0.033141177 112.244773865
-0.034253359 0.018678414 0.999238551 34.971649170 0.021956280 0.999598145 -0.017932484 -4.039693832 -0.999171972 0.021325314 -0.034649696 112.205596924
-0.036591455 0.019346790 0.999142945 35.772144318 0.020990634 0.999606848 -0.018587036 -4.069560051 -0.999109805 0.020292519 -0.036983170 112.183586121
-0.038565118 0.019736947 0.999061108 36.570926666 0.019438412 0.999630690 -0.018997844 -4.095640659 -0.999066949 0.018687509 -0.038934518 112.158905029
-0.041205551 0.019318230 0.998963952 37.378978729 0.017650727 0.999671102 -0.018603846 -4.117444515 -0.998994708 0.016865857 -0.041532975 112.142440796
-0.042700067 0.017757999 0.998930037 38.136035919 0.017919498 0.999694824 -0.017005611 -4.152997971 -0.998927116 0.017174184 -0.043005250 112.099090576
-0.044538204 0.017632546 0.998852015 38.919494629 0.017431183 0.999705791 -0.016870370 -4.185555458 -0.998855531 0.016659798 -0.044832453 112.067428589
-0.046412852 0.019156478 0.998738527 39.704563141 0.017832663 0.999672711 -0.018345684 -4.207157612 -0.998763144 0.016958695 -0.046739262 112.034378052
-0.047648408 0.019232426 0.998678923 40.474246979 0.018271167 0.999664128 -0.018379655 -4.235960484 -0.998697042 0.017371265 -0.047983799 112.005554199
-0.048689041 0.017749168 0.998656213 41.244575500 0.020025047 0.999658585 -0.016790669 -4.268074512 -0.998613238 0.019180613 -0.049027842 111.969451904
-0.049993966 0.017586945 0.998594642 42.005958557 0.020774605 0.999646902 -0.016565412 -4.288532734 -0.998533428 0.019917231 -0.050341669 111.926101685
-0.051891401 0.016787022 0.998511612 42.764316559 0.019141341 0.999691725 -0.015812112 -4.321760178 -0.998469293 0.018292334 -0.052196719 111.900283813
-0.052694626 0.016276995 0.998477936 43.511653900 0.017615004 0.999726713 -0.015367723 -4.340596676 -0.998455226 0.016778395 -0.052966945 111.860633850
-0.053079870 0.015180238 0.998474777 44.235637665 0.017089440 0.999751806 -0.014291163 -4.364919662 -0.998444080 0.016304800 -0.053326115 111.824752808
-0.053959206 0.014654351 0.998435557 44.947608948 0.017138513 0.999758661 -0.013747541 -4.394951344 -0.998396039 0.016369894 -0.054197334 111.789779663
-0.054154232 0.016923686 0.998389065 45.652477264 0.016761195 0.999730885 -0.016037276 -4.421548843 -0.998391807 0.015865708 -0.054423321 111.756729126
-0.054421484 0.020152412 0.998314619 46.344566345 0.017299255 0.999665260 -0.019236637 -4.444835186 -0.998368144 0.016223209 -0.054751884 111.725242615
-0.054336838 0.021871015 0.998283148 47.040153503 0.015275609 0.999661386 -0.021069754 -4.471591473 -0.998405755 0.014104516 -0.054652523 111.690513611
-0.054808088 0.022601994 0.998241067 47.729049683 0.015926277 0.999636412 -0.021759160 -4.497599125 -0.998369813 0.014705686 -0.055148132 111.661521912
-0.054664362 0.022465000 0.998252034 48.420410156 0.017189575 0.999619842 -0.021554478 -4.524340153 -0.998356700 0.015981266 -0.055029746 111.622924805
-0.055445168 0.021821225 0.998223245 49.098587036 0.016975148 0.999637306 -0.020909270 -4.553898811 -0.998317420 0.015785668 -0.055795468 111.591621399
-0.055215035 0.021978904 0.998232543 49.784931183 0.013612928 0.999681354 -0.021257835 -4.579664230 -0.998381615 0.012415115 -0.055496644 111.554618835
-0.055679120 0.022365006 0.998198211 50.470561981 0.011543190 0.999696732 -0.021754708 -4.608771801 -0.998381913 0.010311107 -0.055920396 111.536697388
-0.054888871 0.020796565 0.998275876 51.139362335 0.013219792 0.999710619 -0.020099584 -4.636302948 -0.998404920 0.012093756 -0.055147912 111.490844727
-0.055859234 0.020225307 0.998233855 51.809272766 0.013231067 0.999722123 -0.019515079 -4.657457829 -0.998350978 0.012117601 -0.056111306 111.455062866
-0.059001029 0.020189824 0.998053730 52.480567932 0.010298922 0.999754548 -0.019615399 -4.679151535 -0.998204768 0.009121548 -0.059194487 111.416755676
-0.064523250 0.019450888 0.997726560 53.145229340 0.006315474 0.999797940 -0.019082844 -4.709146500 -0.997896254 0.005069831 -0.064633057 111.379005432
-0.070031136 0.023285469 0.997272909 53.809719086 0.010332288 0.999690831 -0.022616366 -4.737050056 -0.997491300 0.008720262 -0.070250064 111.329421997
-0.076994255 0.026616039 0.996676207 54.469791412 0.012746179 0.999588132 -0.025709147 -4.753993511 -0.996950030 0.010724356 -0.077301808 111.283996582
-0.083736464 0.027492909 0.996108592 55.135425568 0.011728434 0.999577284 -0.026602713 -4.788912773 -0.996418834 0.009455176 -0.084023513 111.219467163
-0.090429470 0.026655531 0.995546043 55.807960510 0.007970805 0.999629200 -0.026040835 -4.814889431 -0.995870888 0.005580447 -0.090608388 111.170806885
-0.095104240 0.025380319 0.995143712 56.480712891 0.008093582 0.999661744 -0.024722051 -4.844802856 -0.995434403 0.005703107 -0.095277466 111.098213196
-0.100125663 0.027081365 0.994606197 57.173065186 0.006331425 0.999626637 -0.026580688 -4.856040955 -0.994954646 0.003635867 -0.100259721 111.043281555
-0.103789575 0.025110072 0.994282365 57.854972839 0.003408427 0.999684393 -0.024890708 -4.898482323 -0.994593441 0.000805544 -0.103842415 110.967788696
-0.106482625 0.022152662 0.994067788 58.559410095 0.004046715 0.999753237 -0.021845885 -4.920924187 -0.994306266 0.001696500 -0.106545992 110.897827148
-0.108009242 0.018917121 0.993969798 59.266078949 0.005956528 0.999813318 -0.018381067 -4.949395180 -0.994132042 0.003935282 -0.108101763 110.816604614
-0.110174820 0.016270623 0.993778944 59.993785858 0.005547665 0.999860466 -0.015755150 -4.972885609 -0.993896782 0.003777333 -0.110249698 110.748962402
-0.111065753 0.016058223 0.993683279 60.714069366 0.004846874 0.999866366 -0.015616401 -4.994867325 -0.993801236 0.003081810 -0.111128740 110.669670105
-0.111301742 0.020045564 0.993584454 61.423805237 0.006559372 0.999789715 -0.019435968 -5.016583443 -0.993764997 0.004354032 -0.111409821 110.588630676
-0.111722507 0.023741202 0.993455768 62.174331665 0.012279337 0.999671161 -0.022508822 -5.044705391 -0.993663549 0.009684236 -0.111977309 110.505653381
-0.112192437 0.028985444 0.993263602 62.901481628 0.020105576 0.999436080 -0.026894577 -5.069555759 -0.993483007 0.016952770 -0.112711936 110.413711548
-0.112558231 0.030010425 0.993191779 63.651645660 0.020637982 0.999398887 -0.027859071 -5.097556114 -0.993430793 0.017361706 -0.113109909 110.326065063
-0.113429658 0.027566850 0.993163466 64.399528503 0.018392788 0.999502063 -0.025642134 -5.128966331 -0.993375719 0.015358469 -0.113880172 110.250152588
-0.112864710 0.022649685 0.993352115 65.150161743 0.018834008 0.999609292 -0.020652436 -5.159024715 -0.993431866 0.016377874 -0.113247178 110.165267944
-0.113059804 0.020499423 0.993376791 65.896644592 0.020930134 0.999614358 -0.018246016 -5.190218925 -0.993367672 0.018728618 -0.113445282 110.079170227
-0.113298371 0.020675864 0.993345797 66.630172729 0.021543205 0.999599516 -0.018348869 -5.215781212 -0.993327439 0.019320957 -0.113698423 109.988159180
-0.115622208 0.020937908 0.993072510 67.387458801 0.019527355 0.999632537 -0.018802671 -5.247482300 -0.993101299 0.017218074 -0.115988582 109.914695740
-0.118187517 0.021847868 0.992750823 68.132507324 0.018465627 0.999633431 -0.019800989 -5.274073601 -0.992819548 0.015991539 -0.118547641 109.838882446
-0.120177433 0.021802312 0.992512882 68.880722046 0.019576140 0.999616504 -0.019587997 -5.303085804 -0.992559373 0.017075535 -0.120558143 109.745887756
-0.122082867 0.021999905 0.992275953 69.616531372 0.019892795 0.999607801 -0.019714981 -5.325823784 -0.992320538 0.017332276 -0.122472614 109.657440186
-0.123760819 0.021748619 0.992073715 70.370697021 0.020265048 0.999606729 -0.019385703 -5.356298447 -0.992105007 0.017705230 -0.124152884 109.558204651
-0.125996694 0.021826578 0.991790473 71.139549255 0.017169686 0.999656260 -0.019818448 -5.384835243 -0.991881967 0.014531668 -0.126328126 109.477195740
-0.126613721 0.022831088 0.991689324 71.890083313 0.018203618 0.999620259 -0.020689538 -5.434671402 -0.991785109 0.015432752 -0.126981214 109.373329163
-0.126936153 0.023137372 0.991640985 72.635620117 0.017105823 0.999630332 -0.021134133 -5.458671570 -0.991763353 0.014280150 -0.127285004 109.263908386
-0.128548920 0.023985624 0.991413116 73.379539490 0.017276419 0.999609947 -0.021943837 -5.474594593 -0.991552472 0.014307208 -0.128913209 109.184249878
-0.129765555 0.022183675 0.991296411 74.170341492 0.016918836 0.999653757 -0.020155940 -5.500172615 -0.991400301 0.014156037 -0.130095929 109.089172363
-0.130900443 0.019754555 0.991198659 74.930038452 0.013991804 0.999738812 -0.018076958 -5.522441864 -0.991296768 0.011502376 -0.131142646 108.998924255
-0.133152336 0.017555060 0.990940094 75.719703674 0.010695338 0.999810338 -0.016275074 -5.550491333 -0.991037846 0.008431379 -0.133314863 108.909187317
-0.134891674 0.016354647 0.990725338 76.458084106 0.012053355 0.999816835 -0.014863611 -5.584002018 -0.990786970 0.009936588 -0.135064110 108.802528381
-0.137267351 0.017684214 0.990376174 77.256576538 0.013940915 0.999776125 -0.015919833 -5.600182533 -0.990435839 0.011621477 -0.137483209 108.713745117
-0.139323473 0.018781660 0.990068734 78.098487854 0.012796986 0.999770761 -0.017164903 -5.632787704 -0.990164161 0.010278421 -0.139531896 108.586288452
-0.140946388 0.022424541 0.989763200 78.884376526 0.014313483 0.999685049 -0.020611040 -5.656591415 -0.989913642 0.011261905 -0.141222969 108.482002258
-0.141101718 0.026311707 0.989645422 79.669967651 0.016719818 0.999567449 -0.024191633 -5.688337326 -0.989853859 0.013133211 -0.141480625 108.367996216
-0.142095521 0.029874144 0.989401937 80.499282837 0.017079350 0.999469638 -0.027725236 -5.724921703 -0.989705682 0.012958710 -0.142530352 108.243667603
-0.141322166 0.031180425 0.989472449 81.300323486 0.019322360 0.999400318 -0.028733542 -5.752781868 -0.989775062 0.015058259 -0.141839877 108.118827820
-0.141350910 0.030450033 0.989491105 82.134201050 0.022787517 0.999362111 -0.027498551 -5.788584709 -0.989697158 0.018661087 -0.141954646 108.009742737
-0.141053110 0.028368125 0.989595413 82.955688477 0.023511019 0.999403536 -0.025298111 -5.826357841 -0.989722729 0.019698028 -0.141635925 107.890121460
-0.140250206 0.026908813 0.989750326 83.796073914 0.022673065 0.999455690 -0.023959851 -5.856273651 -0.989856422 0.019080300 -0.140783936 107.779609680
-0.138401940 0.024460975 0.990074098 84.631317139 0.022027310 0.999523640 -0.021615254 -5.888580322 -0.990131080 0.018817076 -0.138874859 107.668197632
-0.136956319 0.021182999 0.990350544 85.485641479 0.021993926 0.999589860 -0.018339073 -5.919982433 -0.990332842 0.019270029 -0.137366012 107.555809021
-0.134546950 0.017383963 0.990754724 86.328720093 0.022353467 0.999644816 -0.014504299 -5.949878693 -0.990654945 0.020195285 -0.134887755 107.442184448
-0.133746341 0.017741684 0.990856767 87.190353394 0.021136826 0.999663353 -0.015046311 -5.977891445 -0.990790248 0.018931173 -0.134076327 107.339004517
-0.131990090 0.021668540 0.991014183 88.027809143 0.021753890 0.999583602 -0.018958578 -6.011077404 -0.991012335 0.019056058 -0.132406518 107.226783752
-0.130461738 0.027996862 0.991057932 88.889640808 0.022735223 0.999422848 -0.025240324 -6.041364670 -0.991192758 0.019239027 -0.131022960 107.124618530
-0.129204229 0.031707022 0.991110921 89.755889893 0.020487338 0.999360681 -0.029300150 -6.068140984 -0.991406322 0.016519524 -0.129771248 107.019485474
-0.127709255 0.029095722 0.991384745 90.600463867 0.018570026 0.999464571 -0.026940670 -6.102102280 -0.991637766 0.014969466 -0.128181189 106.919677734
-0.126235038 0.026638813 0.991642535 91.434120178 0.019409440 0.999514401 -0.024379460 -6.138165951 -0.991810441 0.016169695 -0.126690790 106.804077148
-0.125879660 0.024782177 0.991735876 92.303291321 0.020188238 0.999544919 -0.022414848 -6.180193424 -0.991840065 0.017199825 -0.126322672 106.706352234
