0.999993622 -0.002545119 -0.002509535 -0.017900320 0.002531985 0.999983132 -0.005222851 0.026738554 0.002522785 0.005216464 0.999983251 0.641455114
0.999980509 -0.001338560 -0.006099701 -0.032155909 0.001298861 0.999977946 -0.006507698 0.016692169 0.006108277 0.006499649 0.999960244 1.318213224
0.999949872 -0.001452974 -0.009911018 -0.046763960 0.001373086 0.999966502 -0.008062551 0.012371853 0.009922403 0.008048538 0.999918401 2.009750605
0.999891996 0.000013832 -0.014690470 -0.066957988 -0.000146051 0.999959469 -0.008999323 0.009137806 0.014689752 0.009000499 0.999851644 2.723422527
0.999822438 -0.000732496 -0.018827062 -0.087126710 0.000557857 0.999956727 -0.009279521 0.000446700 0.018833047 0.009267370 0.999779761 3.442088127
0.999743700 0.000860337 -0.022621311 -0.122728109 -0.001099009 0.999943852 -0.010540459 -0.009827338 0.022610975 0.010562621 0.999688566 4.178771496
0.999605417 0.003668589 -0.027850065 -0.150428861 -0.003996375 0.999923289 -0.011723175 -0.011369776 0.027804915 0.011829848 0.999543428 4.943572998
0.999459445 0.004290718 -0.032598749 -0.181140691 -0.004634361 0.999934375 -0.010473325 -0.016240619 0.032551676 0.010618737 0.999413610 5.711264610
0.999330938 0.003543526 -0.036402311 -0.221174866 -0.003836133 0.999960840 -0.007971441 -0.023949355 0.036372636 0.008105753 0.999305427 6.496919632
0.999196112 0.003380190 -0.039949022 -0.258303344 -0.003596836 0.999979258 -0.005352425 -0.035483424 0.039930098 0.005491812 0.999187410 7.303752422
0.999093413 0.004946375 -0.042281706 -0.306651682 -0.005223277 0.999965608 -0.006441006 -0.042317446 0.042248387 0.006656017 0.999084949 8.117748260
0.998934805 0.004548713 -0.045918413 -0.334507644 -0.004853869 0.999966919 -0.006536331 -0.053668108 0.045887161 0.006752253 0.998923779 8.883323669
0.998881996 0.001837132 -0.047237027 -0.371361822 -0.002197458 0.999968767 -0.007577231 -0.058116294 0.047221635 0.007672561 0.998854995 9.814479828
0.998731077 0.001569871 -0.050335959 -0.406670570 -0.001962188 0.999967992 -0.007745502 -0.056461290 0.050322194 0.007834443 0.998702347 10.644900322
0.998688638 0.000181744 -0.051195752 -0.460513413 -0.000592683 0.999967694 -0.008011760 -0.065807655 0.051192660 0.008031597 0.998656511 11.544475555
0.998502076 0.002566018 -0.054654039 -0.499492109 -0.003110438 0.999946356 -0.009878485 -0.089257196 0.054625764 0.010033688 0.998456419 12.424219131
0.998448074 0.003321588 -0.055592533 -0.561107874 -0.004074323 0.999901414 -0.013432386 -0.090810880 0.055542450 0.013638041 0.998363316 13.298039436
0.998272300 0.007060382 -0.058332305 -0.618361592 -0.007935874 0.999859154 -0.014790722 -0.113577947 0.058219671 0.015228089 0.998187661 14.199723244
0.998249650 0.008539854 -0.058521900 -0.686370194 -0.009427032 0.999844551 -0.014900474 -0.128431335 0.058385562 0.015426082 0.998174846 15.070133209
0.998070538 0.007613624 -0.061620917 -0.725775361 -0.008460702 0.999873102 -0.013497365 -0.144586146 0.061510332 0.013992678 0.998008370 16.016700745
0.998079717 0.009041885 -0.061277788 -0.812428117 -0.009789024 0.999881148 -0.011903428 -0.169961691 0.061162874 0.012480421 0.998049796 16.853227615
0.997995019 0.008322415 -0.062742740 -0.870898783 -0.009060796 0.999892771 -0.011493068 -0.196170017 0.062640354 0.012038523 0.997963607 17.796808243
0.997993827 0.008830438 -0.062691964 -0.945805252 -0.009675085 0.999866426 -0.013182189 -0.203288183 0.062567182 0.013762299 0.997945845 18.615106583
0.997882605 0.007649935 -0.064589687 -0.998291016 -0.008581024 0.999863029 -0.014150327 -0.220909774 0.064472601 0.014674612 0.997811556 19.575531006
0.997911930 0.007839941 -0.064110592 -1.062837243 -0.008643483 0.999887347 -0.012265952 -0.239329144 0.064007200 0.012794480 0.997867405 20.402433395
0.997817755 0.009478248 -0.065343000 -1.124625444 -0.010088858 0.999908388 -0.009021081 -0.257244945 0.065251507 0.009660632 0.997822046 21.385715485
0.998026967 0.010338904 -0.061929643 -1.209446907 -0.010698471 0.999927759 -0.005477253 -0.269778222 0.061868545 0.006129000 0.998065412 22.202201843
0.998066723 0.009238879 -0.061461329 -1.257737637 -0.009426187 0.999951720 -0.002758324 -0.278326750 0.061432876 0.003332339 0.998105645 23.208572388
0.998155355 0.010034382 -0.059877191 -1.311675310 -0.010190472 0.999945343 -0.002302044 -0.291158348 0.059850827 0.002907975 0.998203099 24.083383560
0.998213589 0.009870807 -0.058926698 -1.371558547 -0.010185713 0.999935269 -0.005046087 -0.307236791 0.058873083 0.005637283 0.998249531 25.080905914
0.998258412 0.011525542 -0.057857048 -1.426720262 -0.012160429 0.999869466 -0.010633292 -0.311544478 0.057726949 0.011318338 0.998268247 25.975311279
0.998281002 0.011065322 -0.057556413 -1.478716612 -0.011892798 0.999830484 -0.014054189 -0.320435345 0.057391141 0.014714535 0.998243392 26.984886169
0.998415709 0.008405668 -0.055636641 -1.545614600 -0.009126046 0.999877632 -0.012706520 -0.343720973 0.055523023 0.013194132 0.998370230 27.902343750
0.998392045 0.007482804 -0.056189492 -1.602749705 -0.007988687 0.999929488 -0.008783940 -0.350524008 0.056119800 0.009218697 0.998381436 28.928087234
0.998318017 0.003769151 -0.057852328 -1.646535516 -0.004073363 0.999978483 -0.005141408 -0.377480567 0.057831693 0.005368415 0.998311937 29.951520920
0.998338997 -0.002165074 -0.057571642 -1.711429715 0.001821694 0.999980211 -0.006016207 -0.390647024 0.057583530 0.005901337 0.998323202 30.838491440
0.998232007 -0.003755867 -0.059319269 -1.770714283 0.003178093 0.999946594 -0.009831424 -0.410473704 0.059353035 0.009625520 0.998190641 31.846395493
0.998164713 -0.003362820 -0.060464650 -1.834569216 0.002525187 0.999899805 -0.013924354 -0.428583801 0.060505409 0.013746114 0.998073220 32.825004578
0.998014808 -0.002741750 -0.062920213 -1.902259111 0.001824151 0.999891162 -0.014636355 -0.449157387 0.062953480 0.014492521 0.997911215 33.844795227
0.997923255 -0.001450582 -0.064397447 -1.959988117 0.000526578 0.999896705 -0.014363095 -0.464635611 0.064411633 0.014299360 0.997821033 34.861373901
0.997928262 0.001924956 -0.064309150 -2.057848215 -0.002668171 0.999930561 -0.011473055 -0.488233924 0.064282604 0.011620873 0.997864068 35.840778351
0.997809708 0.001749489 -0.066128254 -2.122221231 -0.002419685 0.999946475 -0.010056060 -0.500786483 0.066107117 0.010194044 0.997760415 36.868942261
0.997723877 0.003328266 -0.067350686 -2.190141201 -0.003877233 0.999960303 -0.008021786 -0.518675685 0.067321315 0.008264661 0.997697115 37.853050232
0.997782111 0.005216437 -0.066360377 -2.272081137 -0.005528976 0.999974489 -0.004526878 -0.565150738 0.066335067 0.004883743 0.997785449 38.865375519
0.997698128 0.010027491 -0.067065984 -2.341085434 -0.010236067 0.999943852 -0.002766997 -0.566641033 0.067034476 0.003447120 0.997744679 39.863117218
0.997695506 0.011613261 -0.066848896 -2.431769609 -0.011833319 0.999925733 -0.002896811 -0.601467311 0.066810295 0.003681183 0.997758865 40.865238190
0.997665942 0.011068625 -0.067380354 -2.492063046 -0.011403098 0.999924421 -0.004581296 -0.611603022 0.067324556 0.005338949 0.997716784 41.857929230
0.997658253 0.013871333 -0.066973895 -2.578201771 -0.014413113 0.999867141 -0.007613046 -0.619340777 0.066859387 0.008560522 0.997725666 42.834312439
0.997796476 0.029908711 -0.059225302 -3.411315680 -0.030094340 0.999544561 -0.002244623 -1.979603171 0.059131205 0.004022024 0.998242080 43.668296814
0.997771859 0.027896447 -0.060604099 -3.468520880 -0.028021183 0.999606669 -0.001209150 -1.989378214 0.060546543 0.002904652 0.998161197 44.642803192
0.997701943 0.029092843 -0.061191455 -3.533780575 -0.029153943 0.999574900 -0.000105796 -2.008997440 0.061162349 0.001889521 0.998126090 45.669506073
0.997593045 0.031617053 -0.061712287 -3.600558996 -0.031903379 0.999484241 -0.003659603 -2.031274080 0.061564736 0.005619625 0.998087287 46.630325317
0.997507393 0.031707898 -0.063035510 -3.669260740 -0.032308780 0.999441504 -0.008535882 -2.029596567 0.062729642 0.010551209 0.997974753 47.609451294
0.997459352 0.032771979 -0.063252077 -3.734522343 -0.033419676 0.999399006 -0.009209027 -2.053598881 0.062912256 0.011299491 0.997955024 48.615901947
0.997498751 0.031793132 -0.063129805 -3.799793243 -0.032189533 0.999467969 -0.005271936 -2.081841946 0.062928595 0.007290866 0.997991323 49.562164307
0.997541666 0.029953400 -0.063352041 -3.862033367 -0.030182740 0.999540806 -0.002666014 -2.092550278 0.063243076 0.004571598 0.997987688 50.573402405
0.997560203 0.027786516 -0.064043693 -3.922307968 -0.027955314 0.999607623 -0.001740871 -2.109538078 0.063970186 0.003526985 0.997945607 51.534427643
0.997648299 0.024626767 -0.063963540 -3.978790760 -0.024862276 0.999686658 -0.002888639 -2.130967855 0.063872360 0.004472126 0.997948050 52.505348206
0.997699261 0.022982903 -0.063778862 -4.057913780 -0.023360362 0.999713600 -0.005178855 -2.135607958 0.063641585 0.006656838 0.997950554 53.454757690
0.997592270 0.020378059 -0.066289186 -4.096401691 -0.020667458 0.999779582 -0.003682904 -2.154812336 0.066199534 0.005044067 0.997793674 54.399490356
0.997628272 0.012049226 -0.067769475 -4.192714214 -0.011872839 0.999924898 0.003004869 -2.494342327 0.067800589 -0.002193129 0.997696400 55.308223724
0.997593999 0.011992716 -0.068281643 -4.252353191 -0.011483606 0.999903262 0.007843635 -2.501846552 0.068369105 -0.007040644 0.997635186 56.228298187
0.997518182 0.013023510 -0.069194913 -4.321800232 -0.012381140 0.999876201 0.009704283 -2.504940748 0.069312736 -0.008823487 0.997555912 57.162113190
0.997425616 0.014374729 -0.070255198 -4.398026466 -0.013959683 0.999882102 0.006395067 -2.524417162 0.070338845 -0.005397866 0.997508645 58.163818359
0.997308373 0.015825178 -0.071593851 -4.466634750 -0.015960246 0.999871790 -0.001314861 -2.533195257 0.071563862 0.002453977 0.997433007 59.060997009
0.997183740 0.017521642 -0.072922111 -4.538864613 -0.018007597 0.999819756 -0.006011928 -2.547006369 0.072803624 0.007308158 0.997319460 60.013118744
0.997005463 0.022748010 -0.073910899 -4.609200954 -0.023197683 0.999717116 -0.005231198 -2.563782930 0.073771000 0.006930097 0.997251093 60.896930695
0.996687770 0.029228177 -0.075889289 -4.694925785 -0.029823443 0.999532521 -0.006722080 -2.659803152 0.075657338 0.008963095 0.997093558 61.791049957
0.996518075 0.032463867 -0.076796971 -4.768621445 -0.032974072 0.999441624 -0.005384492 -2.681145191 0.076579310 0.007898053 0.997032166 62.649501801
0.996646464 0.028280523 -0.076785892 -4.836713791 -0.028470030 0.999593616 -0.001374293 -2.614499092 0.076715820 0.003555782 0.997046649 63.573692322
0.996498346 0.029613547 -0.078192025 -4.913175583 -0.029751439 0.999557078 -0.000599013 -2.623700857 0.078139663 0.002923242 0.996938109 64.397605896
0.996102095 0.035442255 -0.080774084 -4.992767334 -0.035869699 0.999348998 -0.003846453 -2.736655712 0.080585189 0.006728801 0.996725082 65.239440918
0.996006846 0.035074648 -0.082097985 -5.062354088 -0.035449278 0.999366581 -0.003109682 -2.755530119 0.081936911 0.006007581 0.996619523 66.036788940
0.996155024 0.030185137 -0.082243159 -5.127747536 -0.030151319 0.999543965 0.001653497 -2.666164398 0.082255587 0.000832601 0.996610999 66.928329468
0.995961845 0.033257112 -0.083389439 -5.200665951 -0.033023264 0.999445796 0.004182423 -2.678234339 0.083482318 -0.001411745 0.996508300 67.710464478
0.995549083 0.039204780 -0.085703209 -5.287137508 -0.038936500 0.999230087 0.004800305 -2.794461250 0.085825413 -0.001441955 0.996309161 68.480339050
0.995297968 0.042639088 -0.086970218 -5.368941784 -0.042247262 0.999086976 0.006341734 -2.802542210 0.087161236 -0.002637659 0.996190786 69.239830017
0.995049417 0.045391541 -0.088410132 -5.446115017 -0.045355756 0.998967946 0.002414524 -2.818762541 0.088428490 0.001607335 0.996081233 70.007461548
0.994901180 0.045578275 -0.089968592 -5.511667728 -0.046185575 0.998921871 -0.004678872 -2.835684776 0.089658342 0.008810264 0.995933652 70.705413818
0.994802713 0.044466849 -0.091598652 -5.585759640 -0.045649458 0.998898447 -0.010855443 -2.842329264 0.091015041 0.014980460 0.995737016 71.448448181
0.994731784 0.045272883 -0.091972977 -5.651302338 -0.046548814 0.998846471 -0.011774578 -2.857081175 0.091333814 0.015993789 0.995691955 72.122543335
0.994536400 0.047905847 -0.092749313 -5.718077660 -0.048898991 0.998767853 -0.008463798 -2.870404005 0.092229553 0.012952908 0.995653570 72.791061401
0.994391859 0.048338100 -0.094065107 -5.787569046 -0.049119111 0.998774827 -0.006004005 -2.895568371 0.093659654 0.010590728 0.995547950 73.479286194
0.994474888 0.044984341 -0.094847888 -5.852675915 -0.046049170 0.998897970 -0.009066949 -2.913165092 0.094335504 0.013384519 0.995450437 74.092590332
0.994821370 0.036824595 -0.094732277 -5.903631687 -0.038333509 0.999164760 -0.014157401 -2.933280706 0.094131798 0.017715510 0.995402098 74.688240051
0.994985282 0.033223089 -0.094342597 -5.954725742 -0.035215244 0.999188840 -0.019530047 -2.941532612 0.093617246 0.022754408 0.995348275 75.328056335
0.995183468 0.035531577 -0.091363244 -6.007332325 -0.037557248 0.999083042 -0.020548239 -2.949251413 0.090549380 0.023880620 0.995605707 75.895652771
0.995424509 0.040379655 -0.086599089 -6.070332050 -0.042005632 0.998972058 -0.017035862 -2.976836205 0.085822187 0.020595571 0.996097744 76.451904297
0.995827556 0.038842931 -0.082577318 -6.107690811 -0.040125780 0.999097407 -0.013932031 -2.995736837 0.081961624 0.017187377 0.996487319 77.038192749
0.996438682 0.035485853 -0.076491803 -6.143954754 -0.036340360 0.999291301 -0.009807972 -3.013586760 0.076089561 0.012552779 0.997022092 77.576995850
0.997195363 0.030761424 -0.068229727 -6.162703991 -0.031253967 0.999492407 -0.006162873 -3.040135384 0.068005510 0.008278034 0.997650683 78.097030640
0.997735441 0.034376513 -0.057812128 -6.193838120 -0.034847632 0.999366939 -0.007161015 -3.044771910 0.057529364 0.009159413 0.998301744 78.630340576
0.998314917 0.039687410 -0.042336263 -6.219609737 -0.040037230 0.999170303 -0.007447282 -3.067630768 0.042005580 0.009129759 0.999075651 79.121315002
0.998699486 0.044836719 -0.024269160 -6.226971626 -0.045033704 0.998956323 -0.007632207 -3.075382710 0.023901626 0.008715212 0.999676347 79.608253479
0.999069035 0.043070447 -0.002460242 -6.214151382 -0.043089472 0.999036729 -0.008300582 -3.078088999 0.002100363 0.008398863 0.999962509 80.097862244
0.998921037 0.039754331 0.024011675 -6.182403088 -0.039566200 0.999182761 -0.008259749 -3.088421822 -0.024320412 0.007300787 0.999677539 80.552093506
0.997826815 0.038573980 0.053419992 -6.136049747 -0.038234822 0.999241710 -0.007356944 -3.107386351 -0.053663272 0.005298453 0.998544991 81.015174866
0.995499969 0.038042516 0.086790815 -6.080533981 -0.037607096 0.999270558 -0.006647101 -3.121488810 -0.086980373 0.003353241 0.996204376 81.456726074
0.991472960 0.038240138 0.124576464 -6.003873825 -0.037606712 0.999264956 -0.007433174 -3.131112814 -0.124769159 0.002684876 0.992182136 81.888343811
0.985482931 0.038256813 0.165408477 -5.903244019 -0.037321724 0.999264896 -0.008758738 -3.142109871 -0.165622011 0.002458259 0.986186147 82.315277100
0.976730525 0.038197774 0.211041436 -5.797939301 -0.036872894 0.999267817 -0.010210888 -3.152175665 -0.211276919 0.002191582 0.977423728 82.722549438
0.964975178 0.040262427 0.259233057 -5.665317535 -0.038190495 0.999185622 -0.013025905 -3.174961090 -0.259546369 0.002669433 0.965726912 83.094863892
0.949099839 0.041111149 0.312280744 -5.506542206 -0.037597977 0.999143779 -0.017265586 -3.192505836 -0.312723219 0.004645638 0.949832976 83.490745544
0.929217994 0.041361030 0.367209882 -5.320837021 -0.036276665 0.999126494 -0.020740092 -3.208843231 -0.367746949 0.005950917 0.929906905 83.845977783
0.904416203 0.041848965 0.424593747 -5.141838074 -0.035428643 0.999107420 -0.023008743 -3.232030630 -0.425177664 0.005766705 0.905091584 84.171363831
0.875196099 0.042031560 0.481938839 -4.903633118 -0.032869734 0.999082744 -0.027442370 -3.237844944 -0.482650340 0.008176250 0.875775039 84.523773193
0.840997756 0.041224163 0.539465725 -4.675624847 -0.029230377 0.999098718 -0.030779187 -3.255156994 -0.540248454 0.010116431 0.841444731 84.825752258
0.803684592 0.040981159 0.593642712 -4.416828156 -0.026047310 0.999092281 -0.033707365 -3.270351410 -0.594485283 0.011627294 0.804022551 85.111984253
0.763771772 0.034487490 0.644564271 -4.085628510 -0.022655046 0.999388576 -0.026627453 -3.119889259 -0.645088434 0.005734667 0.764086306 85.441688538
0.720611095 0.034386035 0.692486286 -3.791755676 -0.023047101 0.999405384 -0.025643235 -3.132947206 -0.692956209 0.002518994 0.720975220 85.692863464
0.675610363 0.032978762 0.736521006 -3.479705811 -0.020067388 0.999451399 -0.026344040 -3.147740364 -0.736985862 0.003018250 0.675901532 85.914154053
0.628475010 0.031405296 0.777195513 -3.157806396 -0.015525044 0.999491930 -0.027833724 -3.169456482 -0.777674913 0.005426809 0.628643334 86.125236511
0.582071960 0.029073725 0.812617421 -2.821323395 -0.008767794 0.999526799 -0.029480636 -3.185309410 -0.813090026 0.010034993 0.582051396 86.299636841
0.532933295 0.035798367 0.845399678 -2.424945831 -0.010360829 0.999305785 -0.035784125 -2.966833115 -0.846093833 0.010311509 0.532934248 86.510025024
0.485904515 0.038769480 0.873151600 -2.082225800 -0.012426768 0.999221146 -0.037451755 -2.984666824 -0.873923600 0.007347526 0.486007929 86.659866333
0.439993382 0.041234605 0.897053659 -1.734951019 -0.011788277 0.999124289 -0.040144458 -3.004102707 -0.897923768 0.007088578 0.440094203 86.796363831
0.396667540 0.038427602 0.917157590 -1.373870850 -0.003136493 0.999174237 -0.040507466 -3.024347305 -0.917957067 0.013191337 0.396460563 86.919692993
0.357173979 0.030481223 0.933540344 -1.000171661 0.013092080 0.999205768 -0.037634328 -3.046131611 -0.933946311 0.025663989 0.356491297 87.010589600
0.321847260 0.027153870 0.946402133 -0.621505737 0.018461412 0.999218643 -0.034947515 -3.057176590 -0.946611643 0.028719693 0.321094394 87.100059509
0.287789643 0.031444535 0.957177341 -0.247560501 0.016399886 0.999152482 -0.037754353 -3.076063871 -0.957553327 0.026562909 0.287030011 87.200454712
0.255186528 0.023333445 0.966610193 0.385717392 0.021038137 0.999338090 -0.029677590 -1.955382109 -0.966662943 0.027908999 0.254526675 87.257949829
0.226528004 0.027226314 0.973624051 0.778831482 0.017270863 0.999339819 -0.031963758 -1.978970766 -0.973851502 0.024056017 0.225908205 87.341659546
0.201021090 0.029375540 0.979146361 1.178943634 0.018839860 0.999249399 -0.033846520 -1.998299956 -0.979405701 0.025250848 0.200316802 87.402175903
0.177094772 0.030863661 0.983709753 1.593574524 0.025998022 0.999012768 -0.036024157 -2.017395735 -0.983850360 0.031954203 0.176117539 87.452491760
0.157633364 0.037059225 0.986802042 2.023056984 0.034169674 0.998492360 -0.042956576 -2.022367716 -0.986906350 0.040490098 0.156129405 87.491844177
0.137122050 0.044367906 0.989559948 2.461194038 0.037441235 0.998050213 -0.049936760 -2.022256613 -0.989846289 0.043897785 0.135193512 87.548950195
0.119839467 0.044869199 0.991778731 2.918378830 0.035738260 0.998135686 -0.049475145 -2.043654442 -0.992149830 0.041373529 0.118012503 87.596847534
0.103781037 0.040451635 0.993777156 3.387746811 0.033362322 0.998468697 -0.044126652 -2.077082157 -0.994040549 0.037734218 0.102272555 87.640617371
0.089543417 0.037296474 0.995284319 3.873275280 0.034745313 0.998573482 -0.040545665 -2.101661921 -0.995376647 0.038212076 0.088119797 87.679397583
0.076492123 0.035148729 0.996450365 4.369042397 0.037351135 0.998575985 -0.038090941 -2.122310638 -0.996370316 0.040132210 0.075070336 87.701828003
0.065107547 0.033673786 0.997309923 4.872311115 0.041601852 0.998469830 -0.036428846 -2.150246382 -0.997010708 0.043861736 0.063607030 87.719650269
0.055075951 0.034637157 0.997881234 5.399885178 0.044983845 0.998297155 -0.037134394 -2.169672966 -0.997468293 0.046933744 0.053424057 87.737930298
0.047372036 0.035301443 0.998253345 5.944228172 0.046866372 0.998196006 -0.037523456 -2.192490101 -0.997777224 0.048562068 0.045632124 87.750503540
0.041680198 0.035585005 0.998497128 6.501102448 0.049383063 0.998070717 -0.037631206 -2.212076664 -0.997909844 0.050877318 0.039842490 87.772216797
0.036769629 0.037003376 0.998638451 7.087392330 0.051127020 0.997935772 -0.038859826 -2.232423306 -0.998014987 0.052486274 0.034801863 87.779289246
0.030433731 0.037198573 0.998844326 7.656077862 0.051789701 0.997906208 -0.038741615 -2.262596369 -0.998194158 0.052908912 0.028443515 87.795967102
0.026681900 0.037165005 0.998952866 8.284073830 0.054240104 0.997782648 -0.038570218 -2.288692951 -0.998171270 0.055212442 0.024606908 87.799789429
0.023421947 0.037388433 0.999026299 8.892578125 0.056645244 0.997645319 -0.038664795 -2.315784454 -0.998119593 0.057495691 0.021248925 87.810722351
0.020499114 0.036677659 0.999116898 9.556877136 0.057739168 0.997615576 -0.037807196 -2.347931385 -0.998121202 0.058463197 0.018332500 87.823036194
0.017925929 0.036102984 0.999187291 10.177159309 0.060258586 0.997492254 -0.037122812 -2.377700567 -0.998021781 0.060875081 0.015705461 87.835571289
0.017764609 0.035727102 0.999203682 10.898368835 0.065366440 0.997181952 -0.036816958 -2.410772085 -0.997703135 0.065968439 0.015379194 87.831146240
0.018443186 0.035330754 0.999205470 11.539216995 0.068509638 0.996981919 -0.036516666 -2.438749313 -0.997479975 0.069128692 0.015967032 87.846908569
0.020437915 0.035005942 0.999178171 12.266623497 0.070277192 0.996864557 -0.036362384 -2.479462385 -0.997318149 0.070962600 0.017913714 87.873329163
0.024422284 0.035297435 0.999078453 13.023141861 0.072266057 0.996699572 -0.036979917 -2.501015902 -0.997086406 0.073102601 0.021790879 87.886360168
0.029027423 0.034679156 0.998976827 13.701798439 0.073254183 0.996636868 -0.036726478 -2.531353712 -0.996890843 0.074245326 0.026389405 87.900054932
0.033145908 0.033142865 0.998900712 14.479238510 0.074540175 0.996584535 -0.035539430 -2.563431740 -0.996667027 0.075636230 0.030562222 87.925926208
0.036835901 0.031653974 0.998819888 15.269826889 0.074358173 0.996640623 -0.034327194 -2.596758604 -0.996551156 0.075534895 0.034358419 87.962013245
0.041000970 0.029062679 0.998736441 15.996474266 0.071825907 0.996905148 -0.031958047 -2.633544922 -0.996574163 0.073045440 0.038786635 87.995849609
0.045020755 0.028222037 0.998587310 16.813508987 0.070843786 0.996994078 -0.031370953 -2.660054445 -0.996470869 0.072156057 0.042886071 88.040306091
0.048666500 0.029118769 0.998390496 17.634792328 0.068125680 0.997150421 -0.032403376 -2.695443392 -0.996489108 0.069592990 0.046544079 88.092994690
0.052022774 0.032513957 0.998116493 18.373502731 0.065763623 0.997188807 -0.035911400 -2.743560314 -0.996478260 0.067507960 0.049738292 88.125312805
0.053545661 0.038001630 0.997842133 19.195606232 0.059564337 0.997374713 -0.041180141 -2.780979156 -0.996787369 0.061640810 0.051141553 88.170181274
0.053614452 0.041091964 0.997715831 20.023447037 0.057087600 0.997392654 -0.044146374 -2.818700314 -0.996928573 0.059324082 0.051128808 88.211906433
0.053395733 0.040480603 0.997752666 20.779193878 0.055585936 0.997508228 -0.043445420 -2.857388020 -0.997025192 0.057780821 0.051012520 88.269790649
0.053438846 0.038837541 0.997815669 21.610076904 0.052858155 0.997732401 -0.041665167 -2.900398254 -0.997171223 0.054969229 0.051264778 88.315002441
0.053029362 0.037192944 0.997900069 22.389595032 0.053872943 0.997744262 -0.040049996 -2.948484898 -0.997138739 0.055883635 0.050906047 88.363853455
0.053391419 0.036236048 0.997915983 23.216585159 0.051059134 0.997934997 -0.038968556 -3.002804518 -0.997267425 0.053033315 0.051430993 88.408355713
0.053696491 0.036739778 0.997881234 23.993364334 0.050048802 0.997967839 -0.039436113 -3.035603046 -0.997302234 0.052060347 0.051748589 88.455482483
0.053511705 0.037222441 0.997873306 24.819902420 0.047164273 0.998095453 -0.039759953 -3.081729412 -0.997452736 0.049191587 0.051654220 88.502784729
0.052264117 0.038496744 0.997891128 25.598468781 0.043995500 0.998197675 -0.040812831 -3.122640371 -0.997663677 0.046035763 0.050476246 88.551940918
0.049386654 0.038178813 0.998049796 26.426719666 0.040485077 0.998371243 -0.040194452 -3.166757107 -0.997958839 0.042391196 0.047760554 88.601364136
0.046124078 0.037177000 0.998243690 27.202482224 0.039290652 0.998466372 -0.039000727 -3.201725960 -0.998162687 0.041020520 0.044592641 88.628829956
0.041086636 0.034900434 0.998545885 28.033863068 0.037536152 0.998630345 -0.036447864 -3.241378307 -0.998450220 0.038979091 0.039720334 88.667808533
0.034726422 0.032300878 0.998874784 28.801742554 0.035465747 0.998808086 -0.033531711 -3.288228273 -0.998767376 0.036590271 0.033539459 88.698272705
0.028127491 0.032393429 0.999079406 29.604907990 0.035486117 0.998812437 -0.033383824 -3.331140757 -0.998974264 0.036392447 0.026944567 88.702606201
0.018670980 0.033541042 0.999262929 30.383169174 0.034981780 0.998803258 -0.034179233 -3.364366055 -0.999213517 0.035594147 0.017475311 88.734519958
0.008475007 0.034070320 0.999383628 31.194534302 0.035314664 0.998785675 -0.034349419 -3.402400970 -0.999340296 0.035584006 0.007261533 88.738204956
-0.001633172 0.032956868 0.999455452 31.956762314 0.037011914 0.998773873 -0.032873917 -3.435275793 -0.999313533 0.036938079 -0.002850967 88.734031677
-0.012029987 0.031994995 0.999415576 32.765323639 0.037083033 0.998814642 -0.031529386 -3.471445322 -0.999239862 0.036682073 -0.013202200 88.719543457
-0.023508361 0.030879902 0.999246657 33.515823364 0.038087834 0.998824835 -0.029970812 -3.513690948 -0.998997867 0.037354577 -0.024656879 88.700614929
-0.034865264 0.031841937 0.998884737 34.309738159 0.037938982 0.998813987 -0.030515462 -3.540230751 -0.998671651 0.036832739 -0.036031965 88.678306580
-0.045295563 0.031924546 0.998463333 35.064064026 0.038450908 0.998804212 -0.030191107 -3.581574440 -0.998233378 0.037024301 -0.046468928 88.629096985
-0.055761103 0.032593165 0.997911930 35.844543457 0.038859032 0.998780608 -0.030450175 -3.622377157 -0.997687757 0.037079964 -0.056959651 88.582359314
-0.066441931 0.033875324 0.997215092 36.598022461 0.038797472 0.998755336 -0.031342674 -3.652039766 -0.997035742 0.036606956 -0.067673504 88.537734985
-0.075748272 0.034426644 0.996532500 37.364395142 0.039677050 0.998716295 -0.031486161 -3.691155434 -0.996337175 0.037154447 -0.077016994 88.469024658
-0.085830756 0.035270322 0.995685220 38.124980927 0.041896872 0.998616815 -0.031762544 -3.725088596 -0.995428443 0.038989894 -0.087189764 88.426704407
-0.095172144 0.035889428 0.994813561 38.876728058 0.042617194 0.998580515 -0.031948194 -3.751649857 -0.994548202 0.039355595 -0.096566558 88.360260010
-0.103270449 0.034887046 0.994041324 39.598773956 0.044129852 0.998561382 -0.030461047 -3.796869993 -0.993673861 0.040721174 -0.104661442 88.261581421
-0.110513911 0.033964936 0.993294060 40.328624725 0.045853302 0.998525858 -0.029042196 -3.826858521 -0.992816269 0.042336252 -0.111908413 88.178276062
-0.116018474 0.032154463 0.992726326 41.050781250 0.048945230 0.998446584 -0.026619587 -3.863971949 -0.992040396 0.045500856 -0.117412053 88.095573425
-0.119665094 0.030755928 0.992337763 41.748813629 0.051742140 0.998354793 -0.024702882 -3.890671730 -0.991465092 0.048389606 -0.121059611 88.003181458
-0.122328058 0.029707555 0.992045045 42.452362061 0.053222504 0.998309910 -0.023332357 -3.917987823 -0.991061747 0.049944919 -0.123702437 87.917236328
-0.124446787 0.028349211 0.991821229 43.131980896 0.053501680 0.998329222 -0.021822216 -3.956115246 -0.990782857 0.050348409 -0.125755608 87.833221436
-0.124985136 0.028873365 0.991738439 43.792716980 0.054477572 0.998268187 -0.022197871 -3.982158661 -0.990661919 0.051253099 -0.126341626 87.751907349
-0.124442264 0.029917765 0.991775692 44.438922882 0.055261102 0.998202801 -0.023177806 -4.001514912 -0.990686774 0.051922321 -0.125871927 87.673088074
-0.121046074 0.031502251 0.992146909 45.088397980 0.055945806 0.998124063 -0.024866411 -4.038087368 -0.991069138 0.052496478 -0.122581407 87.587516785
-0.116038956 0.031588513 0.992742360 45.693576813 0.055061355 0.998161793 -0.025324987 -4.075084686 -0.991717398 0.051723056 -0.117564961 87.517463684
-0.108008817 0.032639757 0.993613958 46.289047241 0.055101417 0.998121023 -0.026798122 -4.094497204 -0.992621779 0.051855102 -0.109604366 87.461021423
-0.096882425 0.032468431 0.994766116 46.847656250 0.054194409 0.998157203 -0.027300991 -4.118189335 -0.993819356 0.051265776 -0.098463506 87.411087036
-0.083479576 0.032804247 0.995969415 47.397026062 0.052768689 0.998201251 -0.028454818 -4.147954941 -0.995111465 0.050180595 -0.085060455 87.378753662
-0.066059574 0.034583926 0.997216105 47.931266785 0.052719343 0.998124242 -0.031123072 -4.166472435 -0.996422112 0.050516609 -0.067758888 87.353134155
-0.044971749 0.036189850 0.998332500 48.442363739 0.050261874 0.998159885 -0.033919454 -4.203691006 -0.997723043 0.048652638 -0.046707965 87.345718384
-0.020254919 0.039197005 0.999026120 48.955837250 0.048398800 0.998098135 -0.038179323 -4.231606483 -0.998622715 0.047578357 -0.022113487 87.348396301
0.008434958 0.040892243 0.999127984 49.468296051 0.045999274 0.998089850 -0.041238099 -4.260125160 -0.998905897 0.046307005 0.006537833 87.365219116
0.041332766 0.040014062 0.998343885 49.992538452 0.043119736 0.998195291 -0.041793324 -4.295253754 -0.998214602 0.044775762 0.039532781 87.411865234
0.080311202 0.037913188 0.996048629 50.467826843 0.042771641 0.998224795 -0.041444704 -4.316836357 -0.995851755 0.045931108 0.078547031 87.450843811
0.122724675 0.033790018 0.991865396 50.960681915 0.039399154 0.998466432 -0.038889799 -4.351365089 -0.991658330 0.043851402 0.121205173 87.532287598
0.168546170 0.029453514 0.985253632 51.431484222 0.036379769 0.998686552 -0.036078524 -4.377692223 -0.985022128 0.041924208 0.167253256 87.624305725
0.216474265 0.026039988 0.975941002 51.906501770 0.031322047 0.998944402 -0.033601329 -4.409607410 -0.975785732 0.037842300 0.215430140 87.768760681
0.269068480 0.024193518 0.962817192 52.380489349 0.025529198 0.999154031 -0.032240968 -4.440919876 -0.962782681 0.033254977 0.268223256 87.917098999
0.323927641 0.023339570 0.945793986 52.843364716 0.023036350 0.999204695 -0.032547381 -4.470385551 -0.945801497 0.032330636 0.323132366 88.105163574
0.381051779 0.023494745 0.924255073 53.256828308 0.024173498 0.999082088 -0.035363100 -4.504037857 -0.924237609 0.035817660 0.380134076 88.319305420
0.441612273 0.028293192 0.896759748 53.661857605 0.024469402 0.998750925 -0.043561101 -4.506434917 -0.896872282 0.041180301 0.440368444 88.545623779
0.500535607 0.029010620 0.865229785 54.044509888 0.024505042 0.998563051 -0.047657374 -4.563730240 -0.865369022 0.045056701 0.499105513 88.818298340
0.559038758 0.033684090 0.828457117 54.416595459 0.019254351 0.998377562 -0.053585596 -4.587098122 -0.828917980 0.045907822 0.557483196 89.112823486
0.615398526 0.036530744 0.787369072 54.733509064 0.013720145 0.998277545 -0.057039566 -4.606424332 -0.788096726 0.045904897 0.613837481 89.407836914
0.668872297 0.037099667 0.742450953 55.061920166 0.010453878 0.998185515 -0.059296411 -4.639377594 -0.743303835 0.047423221 0.667271018 89.743156433
0.717680752 0.034088552 0.695537448 55.344612122 0.009256658 0.998245835 -0.058475759 -4.676992416 -0.696310759 0.048405290 0.716106415 90.100875854
0.763627648 0.030396363 0.644941032 55.632888794 0.005857882 0.998523831 -0.053996779 -4.707180023 -0.645630360 0.045011427 0.762322426 90.497734070
0.805000484 0.025178256 0.592739582 55.842300415 0.003739089 0.998863816 -0.047507558 -4.732915878 -0.593262434 0.040459923 0.803991616 90.868751526
0.843211114 0.020555120 0.537189722 56.109413147 0.001108277 0.999200106 -0.039973199 -4.776598930 -0.537581682 0.034301199 0.842513621 91.310951233
0.873604894 0.017950013 0.486304820 56.277572632 -0.001153830 0.999392986 -0.034815870 -4.784618378 -0.486634672 0.029854205 0.873095334 91.757072449
0.899858356 0.019444473 0.435748726 56.409126282 -0.007288595 0.999536633 -0.029550891 -4.808706284 -0.436121434 0.023415625 0.899583101 92.130905151
0.920485675 0.021038176 0.390209675 56.566265106 -0.011807819 0.999591231 -0.026038937 -4.835274696 -0.390597910 0.019360948 0.920357823 92.604820251
0.936148763 0.026921242 0.350572199 56.705268860 -0.019648291 0.999511898 -0.024287086 -4.846174240 -0.351054966 0.015848184 0.936220765 93.094131470
0.948112786 0.029995175 0.316516459 56.820426941 -0.023320163 0.999418974 -0.024856858 -4.867035866 -0.317078143 0.016185891 0.948261321 93.575561523
0.957816839 0.034072027 0.285352409 56.902755737 -0.028397357 0.999308527 -0.024001902 -4.891427994 -0.285972834 0.014886172 0.958122075 93.927261353
0.964253545 0.028112421 0.263485640 57.039665222 -0.022589546 0.999457419 -0.023967588 -4.906097412 -0.264016420 0.017158819 0.964365482 94.437713623
0.968456566 0.025534220 0.247870773 57.169563293 -0.020319428 0.999515533 -0.023574255 -4.924646378 -0.248352587 0.017794054 0.968506217 94.957305908
0.971314013 0.029667486 0.235942572 57.273239136 -0.024642164 0.999402881 -0.024219846 -4.939488411 -0.236520186 0.017710945 0.971465111 95.501235962
0.973276854 0.034613758 0.227011010 57.372726440 -0.029980799 0.999266446 -0.023825929 -4.944258213 -0.227669179 0.016383257 0.973600626 96.076744080
0.974187911 0.042556588 0.221690685 57.468994141 -0.037993997 0.998969913 -0.024806906 -4.967436790 -0.222518042 0.015743677 0.974801421 96.641853333
0.974903703 0.049815230 0.216981605 57.537300110 -0.044941410 0.998615384 -0.027341977 -5.003249645 -0.218043208 0.016904341 0.975792706 96.924964905
0.974840879 0.050657507 0.217069358 57.650234222 -0.045159794 0.998522699 -0.030216414 -5.021341324 -0.218279362 0.019653387 0.975688457 97.525970459
0.974250019 0.049679134 0.219929591 57.781799316 -0.043313228 0.998493850 -0.033676248 -5.052273750 -0.221271336 0.023283225 0.974934280 98.120002747
0.973726869 0.048299130 0.222538263 57.903011322 -0.040393863 0.998385191 -0.039941646 -5.069340706 -0.224108085 0.029903082 0.974105358 98.553604126
0.972643554 0.048872553 0.227103353 58.042125702 -0.039746530 0.998214483 -0.044587977 -5.094538212 -0.228876993 0.034341648 0.972849369 99.181427002
0.971485972 0.053096775 0.231075138 58.198120117 -0.043818317 0.998020768 -0.045105632 -5.108426094 -0.233012751 0.033694174 0.971889794 99.791610718
0.969758332 0.056537017 0.237428606 58.337524414 -0.048138913 0.997997701 -0.041025791 -5.142571449 -0.239272729 0.028355550 0.970538199 100.457756042
0.968996465 0.053198773 0.241279423 58.455490112 -0.045921676 0.998307228 -0.035687950 -5.174942970 -0.242769629 0.023501538 0.969799221 100.882057190
0.968183160 0.048859768 0.245426625 58.628364563 -0.042733718 0.998629034 -0.030227864 -5.203870296 -0.246567160 0.018778112 0.968943775 101.542457581
0.967474222 0.046372816 0.248682752 58.785156250 -0.041337371 0.998821378 -0.025435315 -5.231127739 -0.249569222 0.014328124 0.968250930 102.124122620
0.966995001 0.041633703 0.251370609 58.963386536 -0.036374461 0.999011934 -0.025534565 -5.247672081 -0.252185315 0.015548329 0.967553973 102.790466309
0.967007279 0.038156867 0.251874983 59.142749786 -0.031985521 0.999080539 -0.028552046 -5.274518013 -0.252732873 0.019553687 0.967338443 103.464965820
0.967093289 0.037782010 0.251601040 59.289501190 -0.029876536 0.998934627 -0.035168253 -5.301996231 -0.252661765 0.026494008 0.967191875 104.045104980
0.967175901 0.040185649 0.250910252 59.458824158 -0.030580280 0.998646557 -0.042065859 -5.328644753 -0.252261162 0.033012185 0.967095912 104.740592957
0.967778742 0.043272026 0.248056114 59.617813110 -0.033011474 0.998424232 -0.045376986 -5.358696938 -0.249628738 0.035726186 0.967682362 105.378067017
0.968342662 0.042376582 0.246001706 59.795822144 -0.033158623 0.998588264 -0.041495033 -5.382405281 -0.247412860 0.032024331 0.968380749 106.105499268
0.968868375 0.037727904 0.244685411 59.965370178 -0.030481854 0.998979211 -0.033334654 -5.421132565 -0.245693311 0.024838420 0.969029367 106.766723633
0.969575047 0.038283851 0.241782442 60.159519196 -0.032500152 0.999083161 -0.027865641 -5.449865341 -0.242627621 0.019159861 0.969930291 107.515380859
0.969753146 0.041603882 0.240515724 60.313430786 -0.035856616 0.998958230 -0.028224625 -5.484622955 -0.241439417 0.018746836 0.970234871 108.210502625
0.969986141 0.047199849 0.238535181 60.481109619 -0.040426981 0.998630404 -0.033209343 -5.509849072 -0.239775985 0.022569349 0.970565975 108.966217041
0.970948696 0.048031941 0.234417170 60.649826050 -0.040151045 0.998459935 -0.038279459 -5.539577007 -0.235894859 0.027755300 0.971382141 109.671211243
0.971888721 0.047266889 0.230647117 60.829124451 -0.038821861 0.998403847 -0.041018996 -5.576421738 -0.232217804 0.030911749 0.972172558 110.447944641
0.972958088 0.044490468 0.226656556 60.998786926 -0.036446869 0.998552501 -0.039552305 -5.608582020 -0.228088215 0.030221820 0.973171294 111.181114197
0.973868847 0.040869992 0.223403588 61.186508179 -0.033258203 0.998734236 -0.037730519 -5.644290924 -0.224662915 0.029314574 0.973995507 111.993324280
0.974327743 0.039362393 0.221666396 61.352962494 -0.032474071 0.998872280 -0.034635916 -5.680696011 -0.222779751 0.026548333 0.974507272 112.737930298
0.974717140 0.036375843 0.220461518 61.540493011 -0.029898480 0.999019504 -0.032647993 -5.706683159 -0.221432954 0.025231099 0.974849164 113.557022095
0.974950969 0.031472135 0.220182031 61.712234497 -0.025212619 0.999195695 -0.031182146 -5.743204117 -0.220986351 0.024849705 0.974960268 114.318351746
0.975049973 0.032200411 0.219637662 61.895969391 -0.026322478 0.999214053 -0.029636867 -5.778771400 -0.220419377 0.023116020 0.975131333 115.144256592
0.974795818 0.037618712 0.219905198 62.064414978 -0.031456549 0.999009907 -0.031457942 -5.814855576 -0.220870897 0.023747608 0.975013912 115.929916382
0.974433959 0.042886239 0.220543340 62.239379883 -0.035931569 0.998725116 -0.035451669 -5.837734222 -0.221782580 0.026620837 0.974732637 116.761413574
0.973876715 0.052032337 0.221035764 62.409919739 -0.045080718 0.998320520 -0.036382772 -5.882170677 -0.222557634 0.025467880 0.974586844 117.550064087
0.972783208 0.057996962 0.224341586 62.588016510 -0.051210698 0.998040318 -0.035955880 -5.921905518 -0.225987345 0.023488587 0.973847032 118.393043518
0.971897542 0.060578875 0.227476418 62.772567749 -0.054214895 0.997945786 -0.034127176 -5.958090782 -0.229076549 0.020835502 0.973185420 119.234107971
0.971371830 0.061006676 0.229597330 62.954647064 -0.054501064 0.997914791 -0.034576494 -5.999269009 -0.231228039 0.021073332 0.972671390 120.021453857
0.970996380 0.058967154 0.231708646 63.150489807 -0.051637843 0.997958601 -0.037575766 -6.035214901 -0.233451411 0.024520999 0.972059309 120.861930847
0.971125960 0.053285941 0.232540146 63.353080750 -0.046105817 0.998280168 -0.036207665 -6.072188854 -0.234069601 0.024440750 0.971912622 121.669494629
0.971426249 0.046754155 0.232690886 63.570884705 -0.039036300 0.998527586 -0.037665512 -6.116536140 -0.234109327 0.027505876 0.971821189 122.510368347
0.971137226 0.045936160 0.234056160 63.758216858 -0.038203552 0.998567283 -0.037467241 -6.162802696 -0.235441938 0.027444046 0.971500874 123.312438965
0.970566869 0.048511233 0.235895634 63.960407257 -0.041533317 0.998542488 -0.034462992 -6.203630447 -0.237223700 0.023651104 0.971167147 124.157524109
0.970155120 0.050349344 0.237200126 64.143417358 -0.044710584 0.998576164 -0.029095447 -6.235577106 -0.238327324 0.017621741 0.971025050 124.968185425
0.969803214 0.053669538 0.237910315 64.347869873 -0.049049236 0.998475790 -0.025302066 -6.269831181 -0.238905683 0.012868706 0.970957518 125.803771973
0.969515324 0.052677695 0.239301413 64.540618896 -0.046422645 0.998418570 -0.031704452 -6.312232971 -0.240593135 0.019628951 0.970427632 126.627090454
0.969895482 0.048790719 0.238583833 64.739837646 -0.038947113 0.998190880 -0.045802876 -6.353621960 -0.240386978 0.035131853 0.970041156 127.401657104
0.970156491 0.046960682 0.237888902 64.950637817 -0.034844216 0.997884452 -0.054886907 -6.393729210 -0.239963144 0.044959847 0.969740272 128.221160889
