0.999739885 -0.007818978 0.021426095 0.010096276 0.007830113 0.999969244 -0.000435739 -0.010204734 -0.021422029 0.000603395 0.999770343 0.898835778
0.999767780 -0.009239294 0.019467594 0.014438523 0.009284366 0.999954402 -0.002226040 -0.009002117 -0.019446140 0.002406267 0.999808013 1.209704041
0.999845505 -0.011323670 0.013445292 0.001467447 0.011361844 0.999931633 -0.002766162 -0.004433173 -0.013413048 0.002918498 0.999905705 0.307413429
0.999908268 -0.013509340 0.000945848 0.006035680 0.013514293 0.999893844 -0.005443632 -0.019584328 -0.000872208 0.005455915 0.999984682 1.848407149
0.999803007 -0.012736021 -0.015220820 -0.002377938 0.012649683 0.999903381 -0.005755122 -0.021677939 0.015292648 0.005561450 0.999867558 1.990938544
0.999366641 -0.008239855 -0.034617726 -0.044207212 0.008048756 0.999951541 -0.005656093 -0.032131340 0.034662656 0.005373880 0.999384642 2.533489943
0.998489976 -0.004633491 -0.054739032 -0.072133556 0.004246693 0.999965131 -0.007180469 -0.035327349 0.054770388 0.006937164 0.998474956 2.833626270
0.997225642 -0.004471558 -0.074302852 -0.120048776 0.003928203 0.999964476 -0.007457237 -0.042471010 0.074333549 0.007144671 0.997207820 3.249877691
0.995458364 -0.005923140 -0.095012851 -0.169282556 0.005303550 0.999962986 -0.006772303 -0.048413187 0.095049456 0.006237640 0.995453000 3.623023748
0.993397713 -0.007377457 -0.114483923 -0.227267802 0.006737449 0.999959469 -0.005976302 -0.054611772 0.114523351 0.005165515 0.993407130 4.012533188
0.991313994 -0.005982711 -0.131380051 -0.254035681 0.005291064 0.999970317 -0.005612927 -0.055646341 0.131409734 0.004869034 0.991316140 4.146824360
0.988981605 -0.005062076 -0.147952676 -0.365955740 0.004382693 0.999978304 -0.004917548 -0.065191999 0.147974357 0.004214933 0.988982141 4.822600365
0.986985564 -0.004418142 -0.160748214 -0.404442757 0.003788895 0.999983966 -0.004220804 -0.072917670 0.160764292 0.003556815 0.986986399 4.997283936
0.984920382 -0.006240031 -0.172895625 -0.541079044 0.005268767 0.999967635 -0.006075992 -0.080459647 0.172927916 0.005073422 0.984921396 5.671420574
0.983032703 -0.010064452 -0.183153719 -0.580292881 0.008744398 0.999929607 -0.008013571 -0.086498082 0.183221474 0.006276032 0.983051658 5.904391766
0.981676161 -0.008948359 -0.190346614 -0.721511900 0.007118703 0.999921679 -0.010293832 -0.097112797 0.190423846 0.008750190 0.981662989 6.582981586
0.980175197 -0.008890878 -0.197932974 -0.787823200 0.006776786 0.999912560 -0.011355678 -0.105594262 0.198016644 0.009789204 0.980149746 6.869542599
0.978510797 -0.010041250 -0.205950871 -0.931387067 0.007275792 0.999872983 -0.014180721 -0.120599493 0.206067100 0.012377534 0.978459597 7.535559654
0.976785064 -0.013539015 -0.213793546 -1.011267900 0.010226010 0.999810040 -0.016594645 -0.123535022 0.213977620 0.014023147 0.976737976 7.889936447
0.974956751 -0.019866114 -0.221505433 -1.155803919 0.016436532 0.999714971 -0.017315798 -0.144769311 0.221786290 0.013241372 0.975005388 8.539505005
0.972725391 -0.020781547 -0.231026545 -1.241688371 0.016671591 0.999666452 -0.019728161 -0.154817522 0.231359452 0.015338508 0.972747386 8.943945885
0.970957518 -0.016533982 -0.238679841 -1.433710575 0.011064487 0.999644995 -0.024237338 -0.172799826 0.238995865 0.020892559 0.970795751 9.592635155
0.968839407 -0.012402023 -0.247379258 -1.574781656 0.005837421 0.999611497 -0.027252415 -0.189460889 0.247621179 0.024959153 0.968535423 10.047433853
0.966611266 -0.016610201 -0.255708456 -1.736373901 0.009615417 0.999545217 -0.028580517 -0.214958966 0.256066889 0.025167501 0.966331363 10.694734573
0.964234352 -0.019178741 -0.264356613 -1.878360987 0.011332615 0.999449730 -0.031173397 -0.234357208 0.264808983 0.027062602 0.963921010 11.196468353
0.962167859 -0.018734802 -0.271812558 -2.064623594 0.010017906 0.999391139 -0.033421863 -0.259227186 0.272273213 0.029434450 0.961769700 11.820079803
0.959715188 -0.017662376 -0.280418992 -2.243314028 0.007448626 0.999270856 -0.037447311 -0.282196641 0.280875951 0.033850010 0.959147036 12.384469032
0.957584202 -0.019253958 -0.287509471 -2.432208061 0.007488902 0.999091029 -0.041964546 -0.320452631 0.288056016 0.038031459 0.956858039 13.004986763
0.955865204 -0.020988207 -0.293055058 -2.618789434 0.006570579 0.998722851 -0.050095748 -0.348358959 0.293732196 0.045959242 0.954782248 13.575253487
0.954577744 -0.021528587 -0.297183216 -2.820783377 0.004673088 0.998345494 -0.057311896 -0.392316133 0.297925413 0.053319905 0.953098893 14.211933136
0.953150392 -0.021606334 -0.301723838 -3.010784626 0.001674062 0.997807384 -0.066164233 -0.433301687 0.302491874 0.062559359 0.951096773 14.805912971
0.952049613 -0.020889558 -0.305229634 -3.244065762 -0.002060306 0.997205973 -0.074673958 -0.487092376 0.305936664 0.071722187 0.949346364 15.476356506
0.950685918 -0.020062294 -0.309505552 -3.464886427 -0.005659654 0.996617496 -0.081985563 -0.538984835 0.310103476 0.079694226 0.947356582 16.097028732
0.949270010 -0.018375913 -0.313924760 -3.702500105 -0.009745491 0.996092498 -0.087776497 -0.607099891 0.314311028 0.086382948 0.945381701 16.778957367
0.947618663 -0.017684778 -0.318914056 -3.926006794 -0.012891241 0.995534778 -0.093510427 -0.672017694 0.319143832 0.092723414 0.943159342 17.414247513
0.946097851 -0.015263552 -0.323521018 -4.197813988 -0.017716132 0.994954467 -0.098750055 -0.752943158 0.323396027 0.099158771 0.941053927 18.136522293
0.944255888 -0.013598673 -0.328931689 -4.435220242 -0.021190792 0.994563937 -0.101949036 -0.814520001 0.328530014 0.103236303 0.938834548 18.777044296
0.942825913 -0.011151034 -0.333099008 -4.732782841 -0.024755061 0.994336367 -0.103355430 -0.909469843 0.332364947 0.105692081 0.937210083 19.529119492
0.940607786 -0.011221728 -0.339309663 -4.991743565 -0.025194485 0.994390190 -0.102728881 -0.979388833 0.338559061 0.105176315 0.935048521 20.187591553
0.938010633 -0.012240563 -0.346390128 -5.231043816 -0.024340544 0.994582593 -0.101059280 -1.061182618 0.345750660 0.103226006 0.932631195 20.906166077
0.935858130 -0.011722902 -0.352182031 -5.557219505 -0.024681803 0.994810998 -0.098701052 -1.170118690 0.351511627 0.101062670 0.930712581 21.693786621
0.932553232 -0.011166492 -0.360859841 -5.829887390 -0.025331428 0.995034456 -0.096253283 -1.239555001 0.360142857 0.098902419 0.927639663 22.395566940
0.929414570 -0.009175560 -0.368923277 -6.154410362 -0.026077813 0.995558798 -0.090457581 -1.332932472 0.368114829 0.093693286 0.925047576 23.162694931
0.925910592 -0.005633034 -0.377700776 -6.459633827 -0.028699068 0.995949805 -0.085207641 -1.414677024 0.376650989 0.089734308 0.921998858 23.884536743
0.922615588 -0.002784675 -0.385710508 -6.805405617 -0.030856794 0.996236324 -0.081001580 -1.499162197 0.384484261 0.086635128 0.919057190 24.655649185
0.918736100 -0.002627610 -0.394863129 -7.134003639 -0.031258315 0.996355832 -0.079359584 -1.567871213 0.393632770 0.085253298 0.915305972 25.393636703
0.914665878 -0.003118532 -0.404198706 -7.443719387 -0.031459942 0.996387601 -0.078878552 -1.636099100 0.402984589 0.084863596 0.911263704 26.069650650
0.911155462 -0.002072227 -0.412057579 -7.834871769 -0.032726184 0.996464610 -0.077376440 -1.722870350 0.410761148 0.083987042 0.907866359 26.913192749
0.907118797 -0.002344621 -0.420868188 -8.175846100 -0.032571584 0.996594250 -0.075755142 -1.780597091 0.419612467 0.082427256 0.903953075 27.648365021
0.903492689 -0.003564778 -0.428588688 -8.584892273 -0.030765427 0.996846676 -0.073146746 -1.870809793 0.427497894 0.079273276 0.900533915 28.473220825
0.900010347 -0.002087731 -0.435863495 -8.968324661 -0.031328950 0.997092187 -0.069466799 -1.936241865 0.434741080 0.076175988 0.897327900 29.209640503
0.896028280 -0.001398777 -0.443994820 -9.383169174 -0.030074092 0.997507215 -0.063835286 -2.001698732 0.442977250 0.070550963 0.893752575 30.052873611
0.891945541 -0.002113633 -0.452137828 -9.777614594 -0.027614614 0.997867763 -0.059140939 -2.074628830 0.451298684 0.065236114 0.889985144 30.830604553
0.888811409 -0.001579840 -0.458270431 -10.232458115 -0.028072605 0.997928500 -0.057886820 -2.140419483 0.457412511 0.064315319 0.886925757 31.666992188
0.885546446 -0.002903277 -0.464541674 -10.659835815 -0.026616553 0.998020709 -0.056976005 -2.196920872 0.463787556 0.062819391 0.883716524 32.466068268
0.882080853 -0.001977347 -0.471093982 -11.090444565 -0.027214130 0.998107433 -0.055145394 -2.247133017 0.470311463 0.061463114 0.880357444 33.264812469
0.879241407 -0.004861355 -0.476351738 -11.553018570 -0.023444051 0.998294711 -0.053460605 -2.321573019 0.475799233 0.058172401 0.877628088 34.136150360
0.876286149 -0.006517432 -0.481746912 -11.993414879 -0.021840639 0.998343170 -0.053233944 -2.388730764 0.481295705 0.057169832 0.874691963 34.958080292
0.874203503 -0.008459055 -0.485486031 -12.501877785 -0.020264994 0.998341382 -0.053885695 -2.445212603 0.485136718 0.056945421 0.872582138 35.855312347
0.873017728 -0.007765984 -0.487626731 -12.970344543 -0.021480018 0.998290598 -0.054355405 -2.500130892 0.487215251 0.057927456 0.871358514 36.665470123
0.872414410 -0.006913988 -0.488718063 -13.493820190 -0.022142963 0.998314142 -0.053650934 -2.562289000 0.488265067 0.057627510 0.870790601 37.580135345
0.872082591 -0.006624195 -0.489313930 -13.965844154 -0.021488303 0.998425484 -0.051814068 -2.623170853 0.488886684 0.055700671 0.870567143 38.407680511
0.871859789 -0.008227357 -0.489686608 -14.487226486 -0.019577300 0.998474181 -0.051631931 -2.684993505 0.489364356 0.054602530 0.870368481 39.297935486
0.871137738 -0.010426941 -0.490928084 -15.033987045 -0.017502904 0.998479962 -0.052265368 -2.751257181 0.490726709 0.054122999 0.869630933 40.262416840
0.869987905 -0.013413959 -0.492890686 -15.551497459 -0.014582313 0.998492718 -0.052912697 -2.805201769 0.492857516 0.053220894 0.868480861 41.160976410
0.868999004 -0.013848411 -0.494620025 -16.126094818 -0.013144255 0.998609424 -0.051052317 -2.860998154 0.494639277 0.050865822 0.867608488 42.055976868
0.866405249 -0.012541093 -0.499184012 -16.633279800 -0.012593464 0.998817801 -0.046951242 -2.943844318 0.499182701 0.046965260 0.865223050 43.015571594
0.863777995 -0.011600287 -0.503739059 -17.172000885 -0.011362281 0.999032259 -0.042489354 -3.025266647 0.503744483 0.042424992 0.862810314 43.894371033
0.859731197 -0.012595893 -0.510591328 -17.726600647 -0.009439777 0.999133229 -0.040542487 -3.087473631 0.510659397 0.039675504 0.858867168 44.833499908
0.854713261 -0.015008701 -0.518883288 -18.284297943 -0.008894023 0.999011815 -0.043546803 -3.138997078 0.519024134 0.041834991 0.853735149 45.716152191
0.848636866 -0.019521587 -0.528615654 -18.844444275 -0.005649281 0.998927355 -0.045959361 -3.218141079 0.528945744 0.041989099 0.847616136 46.620532990
0.843027472 -0.018946096 -0.537536621 -19.432422638 -0.006616779 0.998938501 -0.045585942 -3.275581121 0.537829638 0.041986965 0.842007279 47.476028442
0.836906731 -0.015944604 -0.547113061 -20.026473999 -0.007633131 0.999138355 -0.040794283 -3.331300974 0.547292292 0.038317207 0.836064100 48.404758453
0.832139194 -0.011636715 -0.554444790 -20.637228012 -0.010332443 0.999280930 -0.036480423 -3.387270927 0.554470718 0.036085557 0.831420600 49.280410767
0.828048646 -0.011746337 -0.560533106 -21.191337585 -0.011706308 0.999200284 -0.038232058 -3.431341648 0.560534000 0.038219787 0.827249050 50.076869965
0.824075818 -0.017642487 -0.566204667 -21.716251373 -0.005793433 0.999200165 -0.039566271 -3.555817127 0.566449881 0.035885874 0.823314488 51.118450165
0.821546197 -0.019193120 -0.569818854 -22.351778030 -0.008999797 0.998872161 -0.046620481 -3.612080336 0.570070922 0.043429129 0.820446789 51.997142792
0.818153620 -0.019852262 -0.574656725 -22.976324081 -0.009972069 0.998763561 -0.048701081 -3.674671650 0.574913085 0.045575492 0.816944242 52.874092102
0.815013826 -0.015131771 -0.579243898 -23.719234467 -0.014640464 0.998802066 -0.046691589 -3.706885815 0.579256535 0.046534695 0.813815951 53.635444641
0.812079012 -0.012837184 -0.583406210 -24.357086182 -0.014216035 0.999026060 -0.041770596 -3.758828878 0.583374262 0.042214744 0.811105669 54.491374969
0.808518052 -0.020516299 -0.588113606 -24.894981384 -0.000491085 0.999368191 -0.035538010 -3.849663019 0.588471115 0.029021937 0.807997167 55.436588287
0.805314720 -0.020220006 -0.592502654 -25.536617279 -0.001264955 0.999357343 -0.035823811 -3.913113117 0.592846096 0.029598929 0.804771721 56.281791687
0.802133083 -0.021041490 -0.596774518 -26.206523895 -0.002056052 0.999275684 -0.037996728 -3.952951431 0.597141862 0.031705424 0.801508784 57.141059875
0.797870040 -0.023909753 -0.602355301 -26.843235016 -0.000725829 0.999174237 -0.040622417 -4.010200500 0.602829278 0.032848615 0.797193766 57.990638733
0.793693125 -0.026211875 -0.607753396 -27.505973816 0.001639832 0.999159813 -0.040951360 -4.071820259 0.608316183 0.031506203 0.793069243 58.828681946
0.789330482 -0.025110546 -0.613454759 -28.185007095 0.000324765 0.999180198 -0.040481575 -4.126947403 0.613968432 0.031754114 0.788691521 59.685485840
0.784560859 -0.025251320 -0.619537294 -28.878877640 0.000621311 0.999201953 -0.039939016 -4.185630798 0.620051384 0.030949667 0.783950448 60.541095734
0.776918650 -0.030478030 -0.628862739 -29.566272736 0.006662248 0.999169588 -0.040194303 -4.243847847 0.629565716 0.027038068 0.776476741 61.364604950
0.771722972 -0.032329910 -0.635136485 -30.263917923 0.007850263 0.999115050 -0.041318793 -4.296099186 0.635910273 0.026900683 0.771294057 62.196853638
0.765863121 -0.033081118 -0.642152071 -30.937456131 0.007974610 0.999087691 -0.041958094 -4.364380836 0.642954171 0.027013246 0.765428126 63.007362366
0.760443866 -0.035351280 -0.648440778 -31.654205322 0.009292900 0.999007463 -0.043565217 -4.429250240 0.649337232 0.027103007 0.760017514 63.832313538
0.754708409 -0.036062669 -0.655068517 -32.397102356 0.009304543 0.998975992 -0.044275567 -4.497799873 0.655994415 0.027320024 0.754271150 64.659950256
0.748900115 -0.036208753 -0.661692917 -33.155761719 0.009146293 0.998975813 -0.044313621 -4.568830967 0.662619829 0.027134435 0.748464227 65.488586426
0.742123127 -0.037736230 -0.669200361 -33.877265930 0.012020041 0.999002576 -0.043003924 -4.630864143 0.670155764 0.023870397 0.741836488 66.294013977
0.735620975 -0.038452499 -0.676301062 -34.644790649 0.013197982 0.999011517 -0.042445265 -4.690593719 0.677264810 0.022297818 0.735401332 67.114250183
0.727612376 -0.042564254 -0.684666693 -35.448055267 0.018141074 0.998917997 -0.042821608 -4.760317326 0.685748577 0.018736942 0.727597296 67.923957825
0.720318735 -0.043669153 -0.692267299 -36.221603394 0.017745957 0.998849750 -0.044543747 -4.823200226 0.693416297 0.019800741 0.720265210 68.744506836
0.715088308 -0.043884359 -0.697655261 -37.034381866 0.017191598 0.998829663 -0.045207843 -4.880705833 0.698822677 0.020333795 0.715005875 69.540702820
0.709712148 -0.043384820 -0.703154624 -37.863662720 0.017184388 0.998871088 -0.044285953 -4.947387695 0.704282045 0.019346999 0.709656537 70.360740662
0.704933405 -0.041626472 -0.708050966 -38.708171844 0.013747840 0.998890698 -0.045037691 -5.026737690 0.709140241 0.022014407 0.704723656 71.139869690
0.699908793 -0.042472497 -0.712968349 -39.494056702 0.013516084 0.998839200 -0.046233702 -5.095071793 0.714104354 0.022722837 0.699670374 71.910552979
0.695212066 -0.044538233 -0.717423499 -40.375061035 0.012963636 0.998693109 -0.049437393 -5.157479286 0.718687773 0.025069065 0.694880903 72.719871521
0.690528810 -0.047270663 -0.721758544 -41.215362549 0.013736272 0.998539269 -0.052256145 -5.226033211 0.723174453 0.026170105 0.690169513 73.493164062
0.686315536 -0.045790639 -0.725861013 -42.068977356 0.010150838 0.998522103 -0.053393524 -5.312623978 0.727233112 0.029276712 0.685765922 74.274269104
0.681713700 -0.044752698 -0.730249047 -42.936584473 0.009559498 0.998587072 -0.052273434 -5.389602184 0.731556714 0.028654704 0.681178272 75.046188354
0.676390350 -0.044555552 -0.735194445 -43.808177948 0.009031965 0.998595297 -0.052209090 -5.459339142 0.736487985 0.028673476 0.675842583 75.842155457
0.671228468 -0.045761988 -0.739836693 -44.686866760 0.009507682 0.998541951 -0.053137999 -5.538106441 0.741189539 0.028633608 0.670684814 76.624481201
0.665497422 -0.048781116 -0.744804323 -45.626136780 0.015183762 0.998540342 -0.051832605 -5.610677719 0.746245682 0.023185533 0.665266633 77.462432861
0.661191642 -0.050543137 -0.748512506 -46.522941589 0.017243648 0.998488247 -0.052190676 -5.673059940 0.750018835 0.021600949 0.661063612 78.238403320
0.657589436 -0.050527569 -0.751680136 -47.469024658 0.017364478 0.998499870 -0.051927775 -5.761662483 0.753176153 0.021094624 0.657480419 79.027351379
0.653342903 -0.053421374 -0.755175054 -48.333065033 0.020417064 0.998387754 -0.052962441 -5.849390030 0.756786823 0.019184178 0.653380215 79.773735046
0.651231885 -0.049333941 -0.757273495 -49.339397430 0.004409378 0.998113811 -0.061231982 -5.946965218 0.758866012 0.036537115 0.650221109 80.609451294
0.647017419 -0.053711940 -0.760581017 -50.247756958 0.008606808 0.997966647 -0.063154310 -6.027150631 0.762426674 0.034315757 0.646164179 81.347755432
0.640287519 -0.057167500 -0.766004980 -51.173271179 0.012904054 0.997886479 -0.063686751 -6.116062641 0.768026948 0.030893259 0.639671981 82.117706299
0.632075191 -0.059151519 -0.772646129 -52.078758240 0.014965115 0.997828186 -0.064148344 -6.233713150 0.774762571 0.028983837 0.631587625 82.854003906
0.623320699 -0.059936170 -0.779666007 -53.027847290 0.017590655 0.997880697 -0.062648006 -6.327409267 0.781768441 0.025334954 0.623053968 83.586715698
0.614788711 -0.058584839 -0.786512971 -53.994689941 0.018109201 0.998022974 -0.060184248 -6.421935081 0.788483918 0.022757471 0.614634156 84.324897766
0.605835438 -0.057998911 -0.793473005 -54.957992554 0.016348921 0.998036206 -0.060468659 -6.500084877 0.795421898 0.023661628 0.605593860 85.047691345
0.596969187 -0.059421826 -0.800060570 -55.949192047 0.015532203 0.997922242 -0.062527917 -6.590916157 0.802113771 0.024900533 0.596651793 85.757171631
0.587447405 -0.061359297 -0.806932807 -56.913192749 0.014573756 0.997761846 -0.065260269 -6.659375668 0.809131086 0.026576936 0.587026834 86.419906616
0.577790320 -0.063185446 -0.813735783 -57.927436829 0.015000936 0.997652650 -0.066814974 -6.754537106 0.816047311 0.026398242 0.577381909 87.121994019
0.567993999 -0.063720085 -0.820562363 -58.929824829 0.017884001 0.997718573 -0.065097682 -6.853476524 0.822838366 0.022300160 0.567837775 87.798927307
0.558102906 -0.064273983 -0.827278674 -59.971084595 0.018861568 0.997720480 -0.064791694 -6.943487167 0.829557300 0.020556659 0.558043122 88.478149414
0.547951102 -0.064325199 -0.834033430 -60.996109009 0.018813996 0.997734487 -0.064590119 -7.044908524 0.836298645 0.019700725 0.547919989 89.140525818
0.538113117 -0.065291673 -0.840339899 -62.064773560 0.017843977 0.997654259 -0.066088073 -7.140546322 0.842683733 0.020567853 0.538015902 89.796730042
0.527769089 -0.065654419 -0.846846700 -63.098381042 0.016718052 0.997617960 -0.066924468 -7.239808083 0.849223375 0.021163031 0.527609527 90.448394775
0.517551243 -0.066590071 -0.853057206 -64.147689819 0.015908908 0.997543693 -0.068216801 -7.337515831 0.855504394 0.021734491 0.517339289 91.088043213
0.509263754 -0.064693093 -0.858175635 -65.187500000 0.011618186 0.997596681 -0.068308733 -7.469471931 0.860532045 0.024816712 0.508791268 91.650360107
0.500984550 -0.063301586 -0.863138080 -66.287292480 0.010995755 0.997706532 -0.066788502 -7.560118198 0.865386367 0.023969144 0.500531435 92.267364502
0.493629217 -0.059190340 -0.867655873 -67.431831360 0.005927054 0.997887015 -0.064702496 -7.669918060 0.869652271 0.026796399 0.492936999 92.881851196
0.486601204 -0.060286045 -0.871541739 -68.504676819 0.006442014 0.997836649 -0.065425359 -7.755209446 0.873600483 0.026221573 0.485936940 93.448425293
0.478247195 -0.064304598 -0.875867784 -69.519889832 0.012296816 0.997708201 -0.066535510 -7.858189583 0.878139079 0.021050030 0.477941930 94.017700195
0.470920444 -0.068110101 -0.879542470 -70.632118225 0.016066248 0.997511864 -0.068643317 -7.961966515 0.882029355 0.018194588 0.470843047 94.615509033
0.464848250 -0.070370398 -0.882589459 -71.735885620 0.015964733 0.997340500 -0.071111307 -8.066039085 0.885246456 0.018965669 0.464735478 95.190490723
0.458842546 -0.073924668 -0.885437071 -72.811668396 0.018082032 0.997103333 -0.073877349 -8.180416107 0.888333619 0.017887570 0.458850175 95.749099731
0.455849439 -0.072837375 -0.887071609 -74.024963379 0.015696103 0.997148812 -0.073809877 -8.301961899 0.889918506 0.019722624 0.455692977 96.328262329
0.451403320 -0.070377737 -0.889540374 -75.147857666 0.016989954 0.997381985 -0.070288181 -8.408311844 0.892158270 0.016615065 0.451417297 96.901618958
0.444984019 -0.066635311 -0.893055916 -76.203681946 0.018332200 0.997696817 -0.065308653 -8.567087173 0.895350754 0.012689630 0.445180744 97.566253662
0.442035556 -0.065987207 -0.894567013 -77.291839600 0.019291475 0.997759104 -0.064066537 -8.666308403 0.896790028 0.011062168 0.442317992 98.091949463
0.440700412 -0.068403602 -0.895044208 -78.456649780 0.024397951 0.997636735 -0.064231195 -8.715023994 0.897322595 0.006469467 0.441327840 98.539108276
0.438554794 -0.068147436 -0.896117032 -79.592651367 0.025838528 0.997664809 -0.063224651 -8.812801361 0.898333013 0.004573129 0.439291537 99.071487427
0.432636768 -0.061587315 -0.899462283 -80.732864380 0.023530889 0.998095512 -0.057022616 -9.077450752 0.901261210 0.003504935 0.433262050 99.795974731
0.431284040 -0.062071968 -0.900078416 -81.832336426 0.025394825 0.998070419 -0.056661513 -9.172674179 0.901858807 0.001579869 0.432028145 100.293838501
0.428216875 -0.063883901 -0.901415050 -82.935829163 0.028625475 0.997956395 -0.057127338 -9.236562729 0.903222501 -0.001340554 0.429170460 100.816345215
0.426090449 -0.061831668 -0.902565122 -83.985298157 0.031294968 0.998071909 -0.053600531 -9.344053268 0.904139161 -0.005407073 0.427203894 101.311386108
0.425451040 -0.064509436 -0.902679324 -85.165687561 0.028243752 0.997916758 -0.058003668 -9.246984482 0.904540598 -0.000817330 0.426386654 101.803604126
0.424231172 -0.066202290 -0.903130770 -86.263099670 0.030106308 0.997803926 -0.059000172 -9.320781708 0.905053258 -0.002160220 0.425292641 102.281021118
0.421320349 -0.065861218 -0.904517233 -87.240211487 0.038247406 0.997762561 -0.054835279 -9.572489738 0.906104982 -0.011492218 0.422896773 102.776840210
0.421588659 -0.066492178 -0.904346049 -88.278640747 0.037732657 0.997730494 -0.055768039 -9.664558411 0.906001687 -0.010612207 0.423140854 103.218688965
0.422867447 -0.069554456 -0.903518319 -89.374153137 0.032193247 0.997573674 -0.061727826 -9.606764793 0.905619502 -0.002984506 0.424080610 103.706161499
0.424932629 -0.069398426 -0.902560949 -90.386245728 0.030805156 0.997588098 -0.062201828 -9.695919037 0.904700637 -0.001371949 0.426045537 104.173065186
0.426587224 -0.071285076 -0.901632786 -91.317375183 0.025581369 0.997441292 -0.066756666 -9.686512947 0.904084504 0.005412540 0.427319288 104.679031372
0.431671381 -0.070695072 -0.899256408 -92.333496094 0.024061417 0.997471869 -0.066866040 -9.798115730 0.901709914 0.007226778 0.432281047 105.141784668
0.443414509 -0.066414602 -0.893852711 -93.461349487 0.021146793 0.997748613 -0.063643917 -9.994354248 0.896067202 0.009318515 0.443820655 105.499259949
0.449828893 -0.063912407 -0.890825033 -94.404617310 0.018708659 0.997891665 -0.062146850 -10.091779709 0.892918825 0.011289309 0.450076163 105.972976685
0.451430917 -0.069623992 -0.889585614 -95.236274719 0.022236135 0.997519553 -0.066787496 -10.051902771 0.892028928 0.010368994 0.451859325 106.557136536
0.460268497 -0.068766542 -0.885112405 -96.218750000 0.021438565 0.997565746 -0.066355005 -10.144235611 0.887520909 0.011565578 0.460622311 107.044158936
0.475729495 -0.056932677 -0.877747178 -97.362838745 0.012963390 0.998248518 -0.057722647 -10.432609558 0.879496098 0.016081784 0.475634277 107.516319275
0.485919535 -0.055681150 -0.872228086 -98.308937073 0.010631802 0.998271286 -0.057804484 -10.536591530 0.873938918 0.018814970 0.485671580 108.011169434
0.495419830 -0.059725028 -0.866598010 -99.292602539 0.010592563 0.997974694 -0.062723778 -10.591825485 0.868589044 0.021895111 0.495049149 108.573822021
0.507287800 -0.059425548 -0.859725296 -100.198791504 0.009106124 0.997933626 -0.063605577 -10.696249962 0.861728609 0.024437567 0.506780624 109.067710876
0.518589735 -0.058247238 -0.853036880 -101.080093384 0.007084176 0.997935355 -0.063834533 -10.766609192 0.854993761 0.027060872 0.517931700 109.612655640
0.531156361 -0.056924410 -0.845359325 -101.978683472 0.007023576 0.998001993 -0.062789939 -10.842115402 0.847244620 0.027413836 0.530495048 110.161506653
0.544203579 -0.054725349 -0.837166429 -102.810028076 0.005669295 0.998087347 -0.061559349 -10.903953552 0.838934064 0.028754679 0.543472946 110.659469604
0.556667089 -0.054431774 -0.828950465 -103.692283630 0.005469942 0.998069584 -0.061863475 -10.974111557 0.830717623 0.029903051 0.555890262 111.206878662
0.572439730 -0.061557431 -0.817632735 -105.741226196 0.011059964 0.997666836 -0.067368433 -11.071372986 0.819872200 0.029521380 0.571784973 112.424392700
0.584241509 -0.061723996 -0.809229255 -106.564880371 0.011442013 0.997631013 -0.067833528 -11.167484283 0.811499238 0.030371945 0.583563805 112.982421875
0.595034659 -0.062696345 -0.801250875 -107.351821899 0.013103618 0.997576833 -0.068327323 -11.262047768 0.803593218 0.030157834 0.594414353 113.543724060
0.605233729 -0.063241556 -0.793531775 -108.058555603 0.014027230 0.997531712 -0.068800911 -11.333331108 0.795924246 0.030509578 0.604626954 114.074737549
0.616428792 -0.060429502 -0.785088420 -108.801589966 0.012964400 0.997694552 -0.066614874 -11.422800064 0.787303925 0.030885117 0.615791082 114.587257385
0.627225459 -0.058158264 -0.776663303 -109.900894165 0.013743485 0.997879207 -0.063624315 -11.521705627 0.778716505 0.029232726 0.626694560 115.486076355
0.637017965 -0.056941152 -0.768743038 -110.676849365 0.013121602 0.997924447 -0.063043535 -11.593017578 0.770737290 0.030072721 0.636443019 116.099349976
0.646999478 -0.056310322 -0.760408342 -111.417480469 0.011222880 0.997864604 -0.064345531 -11.670782089 0.762407899 0.033097554 0.646249771 116.703231812
0.656169832 -0.055605467 -0.752561748 -111.859710693 0.009620196 0.997816622 -0.065338947 -11.727993011 0.754551888 0.035633646 0.655272186 117.091896057
0.665481865 -0.054704625 -0.744406641 -112.567092896 0.009169622 0.997834563 -0.065130994 -11.803234100 0.746357620 0.036517572 0.664542437 117.697448730
0.674134612 -0.052844308 -0.736715674 -113.053565979 0.009113806 0.997956514 -0.063243367 -11.861262321 0.738552153 0.035920270 0.673238695 118.142532349
0.682264030 -0.051566444 -0.729285061 -113.758934021 0.010069034 0.998077631 -0.061152458 -11.933913231 0.731036484 0.034378927 0.681471705 118.758895874
0.690313816 -0.051064800 -0.721705854 -114.413955688 0.010453811 0.998105943 -0.060622588 -12.003243446 0.723434567 0.034304030 0.689540148 119.369773865
0.697916567 -0.050237134 -0.714414954 -114.875297546 0.009467984 0.998096764 -0.060936101 -12.052569389 0.716116488 0.035764243 0.697063923 119.808174133
0.705159128 -0.049515165 -0.707318068 -115.486068726 0.009319865 0.998119771 -0.060581062 -12.112851143 0.708987832 0.036127180 0.704294741 120.372093201
0.712358475 -0.047565896 -0.700202107 -116.113021851 0.009207799 0.998248160 -0.058445018 -12.176504135 0.701755404 0.035186477 0.711548507 121.000656128
0.719202042 -0.043828242 -0.693417251 -116.569572449 0.007704844 0.998450160 -0.055116847 -12.233617783 0.694758236 0.034297477 0.718425095 121.438125610
0.726810634 -0.042204674 -0.685539961 -117.160522461 0.006558868 0.998491347 -0.054517530 -12.294830322 0.686806500 0.035127554 0.725990891 122.038452148
0.733602524 -0.041624598 -0.678302705 -117.607185364 0.006761490 0.998520076 -0.053962249 -12.342506409 0.679545164 0.035000507 0.732798398 122.490127563
0.741438925 -0.038840298 -0.669895351 -118.184326172 0.004225703 0.998573780 -0.053219963 -12.403152466 0.671007037 0.036628574 0.740545571 123.107948303
0.750012994 -0.036215343 -0.660430789 -118.584579468 0.004018441 0.998730958 -0.050202835 -12.446636200 0.661410868 0.034998875 0.749206662 123.549865723
0.759356380 -0.032611724 -0.649857223 -119.107887268 0.002593095 0.998886943 -0.047097020 -12.502373695 0.650669932 0.034078281 0.758595645 124.138320923
0.769066334 -0.030263981 -0.638452113 -119.507019043 0.000847049 0.998925805 -0.046330858 -12.544250488 0.639168441 0.035090700 0.768265843 124.606460571
0.778872728 -0.028988529 -0.626511693 -120.005271912 -0.000919047 0.998877406 -0.047360335 -12.596416473 0.627181351 0.037463468 0.777971804 125.193336487
0.788341641 -0.029611019 -0.614524662 -120.442001343 -0.000565175 0.998805821 -0.048852738 -12.667201042 0.615237474 0.038859952 0.787383437 125.667549133
0.798278451 -0.028861186 -0.601596594 -120.913146973 -0.000441888 0.998822868 -0.048504207 -12.717699051 0.602288365 0.038985696 0.797326088 126.254211426
0.807952642 -0.026677003 -0.588643253 -121.385673523 -0.000620754 0.998935580 -0.046123262 -12.811054230 0.589247108 0.037630826 0.807076097 126.748519897
0.817861974 -0.023338558 -0.574940920 -121.826156616 -0.001342490 0.999096990 -0.042466022 -12.878583908 0.575412810 0.035503212 0.817092240 127.346618652
0.827191353 -0.022904683 -0.561453342 -122.238647461 0.000082683 0.999173880 -0.040639833 -12.918917656 0.561920345 0.033570498 0.826509833 127.836868286
0.836127460 -0.021660745 -0.548107505 -122.661239624 0.001075406 0.999282837 -0.037850302 -12.952340126 0.548534334 0.031058241 0.835551023 128.442779541
0.843691826 -0.020905156 -0.536420584 -122.989028931 0.001870793 0.999349833 -0.036003824 -12.994293213 0.536824524 0.029372601 0.843182504 128.973709106
0.850937903 -0.021247242 -0.524836302 -123.398452759 0.003699292 0.999399185 -0.034461427 -13.036977768 0.525253117 0.027383013 0.850505292 129.592742920
0.857110322 -0.021230865 -0.514695227 -123.719116211 0.004161441 0.999403059 -0.034294803 -13.067635536 0.515116096 0.027252559 0.856687009 130.141708374
0.863500893 -0.019843552 -0.503956795 -124.097305298 0.003196994 0.999421000 -0.033874825 -13.119995117 0.504337251 0.027639799 0.863064289 130.772796631
0.870124280 -0.017428514 -0.492524177 -124.458007812 0.001220568 0.999447584 -0.033210229 -13.148706436 0.492830843 0.028295869 0.869664907 131.399307251
0.876163781 -0.017330451 -0.481701702 -124.830398560 0.001469723 0.999444783 -0.033284314 -13.151535034 0.482011169 0.028454542 0.875702918 131.915115356
0.881693721 -0.019053258 -0.471437305 -125.187179565 0.003539203 0.999423206 -0.033772841 -13.183315277 0.471808970 0.028108781 0.881252646 132.577621460
0.886642456 -0.019723928 -0.462034792 -125.567016602 0.004178107 0.999390900 -0.034645509 -13.206186295 0.462436736 0.028787753 0.886184752 133.197021484
0.890813351 -0.020285625 -0.453916341 -125.911918640 0.004844946 0.999370217 -0.035153847 -13.239878654 0.454343557 0.029116321 0.890350580 133.844772339
0.894067585 -0.019360866 -0.447513431 -126.145980835 0.004402281 0.999396980 -0.034441993 -13.284666061 0.447910398 0.028823387 0.893613696 134.398574829
0.897262394 -0.017037377 -0.441168904 -126.488098145 0.003488584 0.999497533 -0.031504121 -13.316247940 0.441483974 0.026728403 0.896870971 135.061386108
0.900220454 -0.013219341 -0.435233623 -126.820678711 0.001560350 0.999630630 -0.027134389 -13.350049973 0.435431600 0.023747813 0.899908543 135.733276367
0.903468847 -0.011181212 -0.428507954 -127.233383179 0.000731096 0.999698400 -0.024544049 -13.349812508 0.428653181 0.021861501 0.903204560 136.407180786
0.906529546 -0.008365804 -0.422059417 -127.559616089 -0.001334148 0.999741793 -0.022681849 -13.374867439 0.422140211 0.021124858 0.906284273 137.101638794
0.909688234 -0.007208731 -0.415229291 -127.925048828 -0.001486693 0.999786377 -0.020614199 -13.400744438 0.415289223 0.019369809 0.909483194 137.842346191
0.912780583 -0.005480426 -0.408413798 -128.215011597 -0.001838277 0.999844730 -0.017525164 -13.431100845 0.408446491 0.016747406 0.912628651 138.485992432
0.915932298 -0.006326962 -0.401283085 -128.539871216 -0.000135039 0.999870718 -0.016073020 -13.440442085 0.401332945 0.014775985 0.915813148 139.217010498
0.919346333 -0.006253979 -0.393399626 -128.847137451 0.000367705 0.999886870 -0.015036170 -13.469933510 0.393449157 0.013678793 0.919244587 139.918548584
0.922722638 -0.006823563 -0.385404348 -129.172180176 0.001201495 0.999889314 -0.014826410 -13.497409821 0.385462850 0.013217602 0.922628701 140.680801392
0.926340580 -0.009145003 -0.376576364 -129.482315063 0.003589413 0.999874175 -0.015451938 -13.516709328 0.376670331 0.012962067 0.926256657 141.446838379
0.930182874 -0.010165351 -0.366955727 -129.778549194 0.004460260 0.999855697 -0.016391702 -13.546752930 0.367069334 0.013610560 0.930094004 142.171020508
0.934416652 -0.011723145 -0.355988801 -130.101028442 0.005371294 0.999808311 -0.018826077 -13.564586639 0.356141239 0.015679277 0.934300542 142.986633301
0.939297736 -0.009296118 -0.342977375 -130.412506104 0.002857194 0.999810219 -0.019274153 -13.599169731 0.343091398 0.017124217 0.939145923 143.795471191
0.945242524 -0.006365642 -0.326306611 -130.784454346 0.000229957 0.999822497 -0.018838555 -13.570315361 0.326368630 0.017731970 0.945076227 144.560409546
0.951265275 -0.002584541 -0.308362842 -131.039093018 -0.002302937 0.999877393 -0.015484776 -13.608777046 0.308365017 0.015440267 0.951142728 145.378509521
0.957602143 0.000162517 -0.288093686 -131.357543945 -0.004539164 0.999884188 -0.014523804 -13.626161575 0.288057894 0.015215730 0.957492113 146.227294922
0.963583827 0.001837683 -0.267399818 -131.547729492 -0.005650672 0.999893129 -0.013490695 -13.658470154 0.267346382 0.014510406 0.963491201 146.990371704
0.969150305 0.002769058 -0.246454954 -131.782135010 -0.005990051 0.999906123 -0.012320553 -13.672425270 0.246397674 0.013416742 0.969075978 147.861785889
0.974359453 0.003852827 -0.224964291 -131.995147705 -0.006139936 0.999936283 -0.009467829 -13.693109512 0.224913463 0.010606334 0.974320948 148.759979248
0.979147553 0.006511238 -0.203045681 -132.180099487 -0.007832238 0.999953091 -0.005703067 -13.725119591 0.202999040 0.007174447 0.979152679 149.553924561
0.983468950 0.009379922 -0.180833563 -132.372650146 -0.009829164 0.999950409 -0.001588310 -13.744688034 0.180809677 0.003339497 0.983512521 150.495086670
0.987367213 0.010830021 -0.158077732 -132.581466675 -0.010756343 0.999941289 0.001321647 -13.744924545 0.158082768 0.000395388 0.987425745 151.493362427
0.990558445 0.012862473 -0.136486411 -132.679946899 -0.012740775 0.999917269 0.001765208 -13.775532722 0.136497825 -0.000009599 0.990640342 152.293838501
0.993340194 0.012107674 -0.114580274 -132.803192139 -0.012230015 0.999925137 -0.000364781 -13.777770042 0.114567257 0.001763670 0.993413985 153.244033813
0.995486915 0.012269458 -0.094102174 -132.913146973 -0.012447353 0.999921620 -0.001303691 -13.787232399 0.094078824 0.002469131 0.995561719 154.233261108
0.997232556 0.010660882 -0.073576868 -133.108703613 -0.010659346 0.999943078 0.000413552 -13.759008408 0.073577084 0.000371874 0.997289419 155.101623535
0.998492599 0.011743158 -0.053615838 -133.183197021 -0.011650107 0.999930024 0.002047721 -13.771520615 0.053636141 -0.001420004 0.998559475 156.112854004
0.999381483 0.012701646 -0.032792896 -133.261810303 -0.012597173 0.999914885 0.003390496 -13.789327621 0.032833163 -0.002975301 0.999456406 157.143646240
0.999819160 0.013563436 -0.013331339 -133.268539429 -0.013512570 0.999901116 0.003898375 -13.802654266 0.013382897 -0.003717530 0.999903500 158.127731323
0.999875069 0.014067443 0.007220090 -133.291900635 -0.014100918 0.999890029 0.004606483 -13.819766045 -0.007154494 -0.004707716 0.999963343 159.133087158
0.999484897 0.016101329 0.027764861 -133.297363281 -0.016223395 0.999859631 0.004176778 -13.819531441 -0.027693711 -0.004625067 0.999605775 160.186508179
0.998732805 0.017143432 0.047316708 -133.258255005 -0.017303256 0.999845803 0.002970159 -13.831599236 -0.047258496 -0.003785128 0.998875499 161.271881104
0.997622848 0.017202178 0.066728607 -133.233642578 -0.017250242 0.999851108 0.000144114 -13.822390556 -0.066716194 -0.001294856 0.997771144 162.415039062
0.996262610 0.019532368 0.084138989 -133.120498657 -0.019464213 0.999809146 -0.001630370 -13.856074333 -0.084154785 -0.000013422 0.996452689 163.299942017
0.994315624 0.019259358 0.104716189 -133.212142944 -0.019000003 0.999813437 -0.003473793 -13.836426735 -0.104763530 0.001464438 0.994496107 164.319412231
0.992155492 0.018479858 0.123636350 -133.117401123 -0.017802062 0.999819875 -0.006584745 -13.844479561 -0.123735763 0.004332109 0.992305696 165.475357056
0.989665210 0.019921526 0.142006397 -132.981567383 -0.018462226 0.999762416 -0.011586593 -13.882457733 -0.142203495 0.008845094 0.989797890 166.557357788
0.986912012 0.022641243 0.159661964 -132.813949585 -0.020059617 0.999641120 -0.017762735 -13.928009987 -0.160006806 0.014327502 0.987011850 167.751419067
0.983987510 0.024821134 0.176501006 -132.611343384 -0.021120574 0.999516606 -0.022814343 -13.977064133 -0.176981956 0.018721223 0.984035969 168.860366821
0.980594933 0.027073981 0.194166481 -132.445663452 -0.022338877 0.999398172 -0.026535492 -14.014599800 -0.194768056 0.021683106 0.980609596 169.969512939
0.976795256 0.027898911 0.212350413 -132.288528442 -0.022002669 0.999305308 -0.030079661 -14.054674149 -0.213042051 0.024709398 0.976730525 171.609558105
0.972830772 0.026947878 0.229943410 -132.038421631 -0.020649221 0.999343932 -0.029755136 -14.101989746 -0.230594382 0.024198562 0.972748995 172.768936157
0.968622684 0.027020484 0.247062817 -131.743850708 -0.020214563 0.999344230 -0.030042876 -14.173313141 -0.247712553 0.024105942 0.968533635 173.966217041
0.964587748 0.026448041 0.262432724 -131.437973022 -0.017982543 0.999239206 -0.034607641 -14.252290726 -0.263148367 0.028662900 0.964329481 175.185974121
0.960013449 0.028365877 0.278512925 -131.108520508 -0.018316379 0.999086142 -0.038619321 -14.318803787 -0.279353857 0.031973720 0.959655643 176.341674805
0.954936385 0.030564556 0.295232445 -130.778549194 -0.020044835 0.999053895 -0.038593642 -14.378044128 -0.296132743 0.030936588 0.954645634 177.527877808
0.949537814 0.031828836 0.312033504 -130.397293091 -0.020659627 0.999024212 -0.039036442 -14.449527740 -0.312971503 0.030620079 0.949268818 178.753753662
0.943638682 0.035677671 0.329048783 -129.996551514 -0.023271432 0.998864710 -0.041566286 -14.521947861 -0.330158174 0.031566124 0.943397641 179.982299805
0.937545717 0.036524966 0.345939040 -129.575500488 -0.022294385 0.998736978 -0.045027655 -14.600225449 -0.347146660 0.034502991 0.937175989 181.111129761
0.930997133 0.037488196 0.363096118 -129.148574829 -0.021635195 0.998630822 -0.047630776 -14.668615341 -0.364384532 0.036488462 0.930533409 182.396026611
0.923891604 0.037799135 0.380782694 -128.731491089 -0.019154582 0.998430073 -0.052636422 -14.742250443 -0.382174492 0.041336607 0.923165202 183.563079834
0.916260600 0.041463345 0.398430884 -128.152206421 -0.019939056 0.998116493 -0.058017273 -14.857392311 -0.400086075 0.045214601 0.915361583 184.751770020
0.906841397 0.044815354 0.419082612 -127.649475098 -0.020965263 0.997896373 -0.061345682 -14.952136993 -0.420950264 0.046844628 0.905873299 185.980987549
0.895739377 0.047223717 0.442064494 -127.072418213 -0.021840824 0.997816145 -0.062336836 -15.040641785 -0.444042921 0.046182506 0.894814551 187.170333862
0.882852554 0.052325346 0.466726333 -126.527023315 -0.025097441 0.997610509 -0.064369559 -15.164985657 -0.468979210 0.045115191 0.882056177 188.312469482
0.868883848 0.056473352 0.491784126 -125.915359497 -0.026467517 0.997350097 -0.067766540 -15.233798981 -0.494307935 0.045864947 0.868076086 189.493865967
0.854474962 0.060392886 0.515970349 -125.254547119 -0.027776474 0.997110188 -0.070709638 -15.342937469 -0.518749595 0.046087779 0.853682995 190.732940674
