0.999979973 -0.003099824 -0.005517934 0.000532368 0.003075109 0.999985397 -0.004482052 -0.021359446 0.005531748 0.004464994 0.999974728 1.383581996
0.999958277 -0.005119114 -0.007566380 -0.001805386 0.005072218 0.999967813 -0.006204189 -0.030235890 0.007597898 0.006165551 0.999952078 1.856799245
0.999932468 -0.007443890 -0.008922168 -0.008686037 0.007369474 0.999938011 -0.008344568 -0.039396323 0.008983729 0.008278253 0.999925375 2.328555822
0.999909282 -0.008703073 -0.010275324 -0.015795324 0.008611302 0.999922872 -0.008941758 -0.050241902 0.010352356 0.008852465 0.999907196 2.814865828
0.999891222 -0.008643508 -0.011944446 -0.020277958 0.008541964 0.999927163 -0.008526143 -0.059835713 0.012017273 0.008423187 0.999892354 3.311724424
0.999870837 -0.009076723 -0.013260485 -0.026887927 0.008958184 0.999919593 -0.008971394 -0.071182430 0.013340853 0.008851448 0.999871790 3.750280857
0.999859273 -0.008714831 -0.014332067 -0.036159188 0.008549816 0.999896944 -0.011534932 -0.088272631 0.014431113 0.011410777 0.999830723 4.325893879
0.999852479 -0.006956716 -0.015702423 -0.047869783 0.006715883 0.999859810 -0.015338208 -0.103368767 0.015806921 0.015230490 0.999759078 4.848750114
0.999829113 -0.006151703 -0.017430937 -0.054070339 0.005821948 0.999804318 -0.018905835 -0.109249607 0.017543830 0.018801123 0.999669373 5.110383987
0.999813914 -0.004268034 -0.018809548 -0.062671810 0.003906555 0.999807715 -0.019212823 -0.122529544 0.018887930 0.019135768 0.999638438 5.933691978
0.999785721 -0.001650393 -0.020633781 -0.067727953 0.001392258 0.999920607 -0.012518425 -0.127417684 0.020652805 0.012487011 0.999708712 6.258790016
0.999779761 -0.000962472 -0.020966116 -0.086983763 0.000924921 0.999997854 -0.001800574 -0.146418899 0.020967808 0.001780786 0.999778569 7.070845127
0.999758482 0.000092251 -0.021976985 -0.098972827 0.000001693 0.999990821 0.004274677 -0.149738342 0.021977181 -0.004273681 0.999749362 7.461079597
0.999725163 0.001878341 -0.023368167 -0.118966915 -0.001787940 0.999990880 0.003888933 -0.170299321 0.023375260 -0.003846084 0.999719381 8.269196510
0.999698400 0.003521442 -0.024307208 -0.134110808 -0.003604278 0.999987900 -0.003364792 -0.173324913 0.024295064 0.003451387 0.999698877 8.694849014
0.999673367 0.003646743 -0.025294311 -0.155594170 -0.003885220 0.999948442 -0.009385277 -0.176940784 0.025258780 0.009480484 0.999635935 9.499916077
0.999641657 0.001050235 -0.026745042 -0.168026268 -0.001259763 0.999968708 -0.007818568 -0.178503871 0.026735995 0.007849460 0.999611676 9.991745949
0.999628127 0.000271791 -0.027265213 -0.188566253 -0.000231983 0.999998868 0.001463189 -0.187838987 0.027265588 -0.001456320 0.999627173 10.836541176
0.999600887 -0.000268917 -0.028245119 -0.199219108 0.000503743 0.999965429 0.008307066 -0.188223958 0.028241912 -0.008317979 0.999566495 11.369101524
0.999584377 -0.001186578 -0.028802311 -0.214215860 0.001504910 0.999937952 0.011033141 -0.193379432 0.028787440 -0.011071903 0.999524176 11.944858551
0.999583781 -0.003380378 -0.028648105 -0.249840453 0.003676177 0.999940455 0.010278914 -0.196200594 0.028611651 -0.010379951 0.999536693 12.985043526
0.999592006 -0.004137896 -0.028259853 -0.268455058 0.004350431 0.999962747 0.007463435 -0.194046527 0.028227922 -0.007583333 0.999572635 13.574385643
0.999607265 -0.001709728 -0.027970601 -0.292557955 0.001827403 0.999989510 0.004182100 -0.192893744 0.027963161 -0.004231571 0.999599934 14.488954544
0.999630332 -0.004411653 -0.026828896 -0.311077148 0.004371694 0.999989212 -0.001547846 -0.199598894 0.026835443 0.001429986 0.999638796 15.115068436
0.999615610 -0.008185110 -0.026487749 -0.330120981 0.007988343 0.999939799 -0.007525899 -0.211971819 0.026547760 0.007311413 0.999620795 16.060792923
0.999647141 -0.007373089 -0.025518633 -0.350338697 0.007042069 0.999890149 -0.013037319 -0.218999058 0.025611958 0.012853013 0.999589384 16.729930878
0.999636769 -0.005706504 -0.026339214 -0.361567438 0.005335843 0.999886096 -0.014121456 -0.231221735 0.026416801 0.013975784 0.999553323 17.435762405
0.999653161 -0.005605506 -0.025728622 -0.405816078 0.005257635 0.999894023 -0.013568562 -0.255898476 0.025801953 0.013428579 0.999576807 18.564123154
0.999642968 -0.004297246 -0.026369976 -0.423274279 0.003898172 0.999877334 -0.015166469 -0.272086442 0.026431914 0.015058256 0.999537110 19.276796341
0.999657094 -0.001543677 -0.026138447 -0.452539653 0.001094344 0.999851465 -0.017196126 -0.291530818 0.026161112 0.017161623 0.999510407 20.005235672
0.999668598 0.001896857 -0.025677606 -0.497511864 -0.002359261 0.999835253 -0.017989719 -0.319516033 0.025639260 0.018044339 0.999508381 21.207933426
0.999669850 0.003521418 -0.025453443 -0.534777045 -0.003991153 0.999822140 -0.018427499 -0.336948693 0.025384031 0.018523008 0.999506116 21.963890076
0.999658585 0.004232486 -0.025788121 -0.561725259 -0.004692682 0.999830246 -0.017810887 -0.377040774 0.025708364 0.017925814 0.999508739 23.035001755
0.999646306 0.004161720 -0.026268695 -0.579779506 -0.004627797 0.999832392 -0.017706819 -0.401007533 0.026190609 0.017822122 0.999498010 23.802268982
0.999622405 0.005428505 -0.026936779 -0.605265439 -0.005874445 0.999846458 -0.016503632 -0.427726120 0.026843054 0.016655637 0.999500930 24.599630356
0.999627709 0.005859696 -0.026647242 -0.654373646 -0.006250618 0.999873757 -0.014610568 -0.462053299 0.026558269 0.014771692 0.999538064 25.836799622
0.999615550 0.006146492 -0.027037553 -0.683641553 -0.006521554 0.999883473 -0.013805500 -0.480137408 0.026949549 0.013976519 0.999539077 26.632883072
0.999593198 0.006092359 -0.027862320 -0.703244925 -0.006499263 0.999873221 -0.014536845 -0.508844376 0.027770229 0.014712018 0.999506056 27.446798325
0.999588668 0.007639301 -0.027640939 -0.747478068 -0.008083320 0.999839485 -0.015987922 -0.537790596 0.027514365 0.016204776 0.999490023 28.748113632
0.999575317 0.006988410 -0.028289197 -0.770849645 -0.007418111 0.999858201 -0.015113262 -0.561642230 0.028179571 0.015316694 0.999485493 29.583909988
0.999566376 0.006372410 -0.028744033 -0.800106764 -0.006738454 0.999897122 -0.012655750 -0.584393740 0.028660430 0.012843950 0.999506652 30.422611237
0.999535739 0.006791617 -0.029700238 -0.833791018 -0.007063814 0.999933898 -0.009069445 -0.612605214 0.029636685 0.009275032 0.999517679 31.737977982
0.999509394 0.006455990 -0.030646596 -0.855032980 -0.006669970 0.999953985 -0.006885042 -0.630681396 0.030600743 0.007086078 0.999506533 32.590297699
0.999499381 0.006339093 -0.030995175 -0.896757364 -0.006562901 0.999953091 -0.007124233 -0.640352011 0.030948566 0.007324086 0.999494195 33.454830170
0.999493241 0.006152542 -0.031231185 -0.949119627 -0.006403635 0.999947906 -0.007946148 -0.676154673 0.031180672 0.008142115 0.999480486 34.799385071
0.999478996 0.006211508 -0.031672928 -0.988574445 -0.006479818 0.999943972 -0.008375620 -0.695347548 0.031619128 0.008576490 0.999463081 35.670318604
0.999444127 0.007179442 -0.032554358 -1.018676877 -0.007459277 0.999936163 -0.008482581 -0.696418524 0.032491378 0.008720700 0.999433935 36.537994385
0.999416053 0.005769015 -0.033677924 -1.072611690 -0.005961845 0.999966383 -0.005628061 -0.740926981 0.033644322 0.005825557 0.999416828 37.930984497
0.999409735 0.005970447 -0.033830937 -1.114674568 -0.006069619 0.999977589 -0.002829457 -0.762722909 0.033813279 0.003033128 0.999423563 38.793045044
0.999376833 0.006630743 -0.034671355 -1.150225163 -0.006749338 0.999971807 -0.003304590 -0.776193500 0.034648467 0.003536539 0.999393284 39.668823242
0.999344051 0.008276830 -0.035258010 -1.204359531 -0.008516080 0.999941647 -0.006640854 -0.816675663 0.035200991 0.006936758 0.999356151 41.043510437
0.999343157 0.009460716 -0.034983307 -1.247019529 -0.009851968 0.999890685 -0.011028567 -0.832737684 0.034875147 0.011365980 0.999327004 41.917278290
0.999361575 0.010160940 -0.034255389 -1.293892145 -0.010556683 0.999879420 -0.011391704 -0.856909692 0.034135509 0.011746055 0.999348164 42.799484253
0.999338865 0.009854408 -0.034997869 -1.344156623 -0.010141214 0.999916315 -0.008026914 -0.899792790 0.034915838 0.008376524 0.999355137 44.195396423
0.999338329 0.010171898 -0.034921031 -1.383814573 -0.010358256 0.999933004 -0.005159861 -0.929381609 0.034866199 0.005518166 0.999376714 45.085010529
0.999346673 0.008901269 -0.035029706 -1.410183191 -0.009073707 0.999947488 -0.004766760 -0.938666880 0.034985431 0.005081495 0.999374926 45.976787567
0.999375343 0.008326601 -0.034343142 -1.486449599 -0.008532990 0.999946415 -0.005867362 -0.969751358 0.034292445 0.006156747 0.999392867 47.361076355
0.999391794 0.007435612 -0.034069669 -1.513762951 -0.007708507 0.999939263 -0.007885530 -0.984423399 0.034008969 0.008143359 0.999388337 48.245628357
0.999390900 0.008078610 -0.033951435 -1.547960520 -0.008429523 0.999912381 -0.010205284 -1.012614727 0.033866018 0.010485261 0.999371350 49.117439270
0.999415755 0.006209142 -0.033608858 -1.621753097 -0.006631827 0.999900103 -0.012479766 -1.050515771 0.033528015 0.012695364 0.999357104 50.524806976
0.999396741 0.004420975 -0.034446623 -1.632390261 -0.004972827 0.999860346 -0.015951354 -1.077176094 0.034371298 0.016113030 0.999279261 51.384933472
0.999431193 0.003353605 -0.033554912 -1.675016522 -0.003935189 0.999842882 -0.017281305 -1.115406394 0.033491690 0.017403519 0.999287426 52.269435883
0.999467552 0.001175756 -0.032606617 -1.749239922 -0.001674028 0.999882162 -0.015258208 -1.155883074 0.032584842 0.015304667 0.999351740 53.700489044
0.999448359 -0.000764045 -0.033200774 -1.768972993 0.000446475 0.999954104 -0.009571508 -1.173415899 0.033206567 0.009551406 0.999402881 54.578243256
0.999513328 -0.001444547 -0.031159189 -1.829763412 0.001328660 0.999992073 -0.003739613 -1.202713728 0.031164348 0.003696393 0.999507427 55.687431335
0.999481440 -0.003952325 -0.031954989 -1.871746778 0.003857739 0.999987960 -0.003021093 -1.232396960 0.031966541 0.002896252 0.999484718 56.912109375
0.999475121 -0.007050648 -0.031617805 -1.906979203 0.006869218 0.999959290 -0.005843155 -1.256956100 0.031657722 0.005622899 0.999482930 57.939060211
0.999472320 -0.008441537 -0.031367842 -1.944096923 0.008160600 0.999925494 -0.009073444 -1.278953910 0.031442102 0.008812675 0.999466658 58.946575165
0.999462485 -0.006684262 -0.032093536 -1.982926011 0.006265956 0.999894321 -0.013116937 -1.318436623 0.032177817 0.012908792 0.999398947 60.116291046
0.999446988 -0.006607875 -0.032590326 -2.004276276 0.006017788 0.999816716 -0.018171152 -1.331077218 0.032704424 0.017964978 0.999303579 61.175331116
0.999495208 -0.004008232 -0.031513609 -2.063021183 0.003435665 0.999828339 -0.018202150 -1.377565742 0.031581156 0.018084697 0.999337554 62.283035278
0.999525785 -0.000280083 -0.030789517 -2.102262735 -0.000169630 0.999893248 -0.014602484 -1.410155416 0.030790322 0.014600783 0.999419212 63.327335358
0.999541998 0.001426462 -0.030225378 -2.146812916 -0.001800937 0.999921918 -0.012365829 -1.445825100 0.030205376 0.012414599 0.999466598 64.412002563
0.999542654 0.000837214 -0.030226573 -2.210735559 -0.001191511 0.999930799 -0.011705351 -1.477136612 0.030214682 0.011736010 0.999474525 65.526321411
0.999537587 -0.000969467 -0.030390559 -2.244274139 0.000644387 0.999942541 -0.010704719 -1.509666204 0.030399192 0.010680186 0.999480724 66.599449158
0.999528170 -0.002282538 -0.030630415 -2.290405750 0.001985038 0.999950588 -0.009739480 -1.533092737 0.030651128 0.009674082 0.999483347 67.690345764
0.999535978 -0.003540463 -0.030254751 -2.342921257 0.003316174 0.999966681 -0.007460407 -1.566124916 0.030280150 0.007356615 0.999514461 68.766136169
0.999499619 -0.004054795 -0.031368941 -2.365357399 0.003877598 0.999976099 -0.005707595 -1.599520802 0.031391334 0.005583105 0.999491572 69.835105896
0.999481201 -0.005464097 -0.031739540 -2.420907974 0.005236503 0.999960005 -0.007249358 -1.620111942 0.031777881 0.007079393 0.999469995 70.940071106
0.999451220 -0.005164412 -0.032719411 -2.447185040 0.004808417 0.999928534 -0.010949616 -1.655827165 0.032773618 0.010786279 0.999404669 71.999862671
0.999441445 -0.004938660 -0.033050433 -2.495120049 0.004498336 0.999900341 -0.013383856 -1.677335739 0.033113245 0.013227708 0.999364078 73.070991516
0.999421299 -0.003356689 -0.033847582 -2.550519466 0.002961621 0.999926984 -0.011715337 -1.703262329 0.033884432 0.011608316 0.999358416 74.128059387
0.999436259 -0.001970648 -0.033512101 -2.610873699 0.001717881 0.999969959 -0.007569651 -1.731620550 0.033526011 0.007507820 0.999409616 75.201522827
0.999378145 -0.001302045 -0.035235792 -2.638613224 0.001186848 0.999993920 -0.003290021 -1.764384866 0.035239860 0.003246155 0.999373674 76.262657166
0.999386907 0.000300164 -0.035012148 -2.700357676 -0.000395482 0.999996305 -0.002715514 -1.789932728 0.035011210 0.002727695 0.999383211 77.334869385
0.999335110 -0.000369309 -0.036458112 -2.728896379 0.000193222 0.999988317 -0.004833214 -1.814659238 0.036459472 0.004822955 0.999323487 78.383140564
0.999311388 -0.000753919 -0.037098851 -2.769415379 0.000556875 0.999985695 -0.005321353 -1.843632221 0.037102334 0.005297029 0.999297380 79.429962158
0.999307752 -0.001118217 -0.037186235 -2.825944662 0.000902034 0.999982536 -0.005829778 -1.865617990 0.037192103 0.005792199 0.999291301 80.474205017
0.999285698 -0.002553945 -0.037705310 -2.878218651 0.002358068 0.999983490 -0.005238472 -1.897770643 0.037718065 0.005145820 0.999275148 81.485610962
0.999250293 -0.003480160 -0.038560275 -2.916162491 0.003317741 0.999985397 -0.004275218 -1.914627671 0.038574588 0.004144080 0.999247074 82.504852295
0.999238014 -0.003264422 -0.038894519 -2.965911865 0.003187045 0.999992847 -0.002051269 -1.937211156 0.038900934 0.001925748 0.999241114 83.493934631
0.999196768 -0.004104179 -0.039860241 -3.016567230 0.004080372 0.999991417 -0.000678623 -1.966228962 0.039862681 0.000515433 0.999204993 84.453804016
0.999104977 -0.005233979 -0.041974481 -3.059388638 0.005203129 0.999986112 -0.000844148 -1.981607556 0.041978318 0.000624994 0.999118328 85.411575317
0.998958230 -0.005871663 -0.045258310 -3.110026598 0.005807209 0.999981940 -0.001555497 -2.010862350 0.045266628 0.001291052 0.998974025 86.329421997
0.998794198 -0.006968910 -0.048597176 -3.165346622 0.006875067 0.999974072 -0.002097920 -2.035033703 0.048610546 0.001761282 0.998816133 87.235115051
0.998637676 -0.006235493 -0.051805492 -3.216963291 0.006126028 0.999978542 -0.002271529 -2.053463459 0.051818550 0.001951073 0.998654604 88.120384216
0.998521924 -0.005257193 -0.054095361 -3.291201115 0.005218469 0.999985933 -0.000857070 -2.083786726 0.054099113 0.000573509 0.998535454 88.982925415
0.998330534 -0.004447644 -0.057587821 -3.335262775 0.004455484 0.999990046 0.000007741 -2.097398043 0.057587218 -0.000264309 0.998340428 89.797859192
0.998149455 -0.003375364 -0.060715448 -3.391092777 0.003470013 0.999992907 0.001453524 -2.117280960 0.060710117 -0.001661518 0.998154044 90.603179932
0.997998297 -0.001558981 -0.063219950 -3.448219538 0.001694787 0.999996364 0.002094634 -2.135072947 0.063216463 -0.002197586 0.997997403 91.382194519
0.997813344 0.000002805 -0.066094182 -3.499262333 0.000183840 0.999996006 0.002817868 -2.158512831 0.066093937 -0.002823857 0.997809410 92.126274109
0.997657716 0.002614261 -0.068353064 -3.569222927 -0.002552449 0.999996305 0.000991647 -2.168534756 0.068355404 -0.000814855 0.997660756 92.863586426
0.997454524 0.002975508 -0.071242869 -3.617561817 -0.003148878 0.999992311 -0.002321302 -2.193312168 0.071235426 0.002539728 0.997456312 93.537628174
0.997298002 0.005568158 -0.073252171 -3.690053701 -0.006009631 0.999965131 -0.005807783 -2.213547468 0.073217273 0.006232309 0.997296512 94.181831360
0.997052193 0.007390006 -0.076369010 -3.723363638 -0.008073202 0.999930143 -0.008641158 -2.226459503 0.076299801 0.009232229 0.997042060 94.808509827
0.997035146 0.009323602 -0.076380312 -3.798422098 -0.010097143 0.999901533 -0.009747580 -2.241819859 0.076281890 0.010489902 0.997031093 95.411270142
0.997071922 0.011791475 -0.075554699 -3.849914551 -0.012508498 0.999881029 -0.009023925 -2.266131401 0.075439289 0.009942578 0.997100770 95.983314514
0.997232556 0.015691945 -0.072670892 -3.898064137 -0.016281998 0.999839008 -0.007534240 -2.283761263 0.072540969 0.008696618 0.997327507 96.535163879
0.997584641 0.018048836 -0.067075923 -3.938519955 -0.018505357 0.999809563 -0.006190922 -2.301181316 0.066951402 0.007417234 0.997728646 97.070701599
0.998044670 0.019328896 -0.059441216 -3.976015568 -0.019603774 0.999799669 -0.004044575 -2.313928127 0.059351131 0.005201939 0.998223603 97.569938660
0.998576701 0.018833809 -0.049898747 -3.990863085 -0.018931109 0.999819577 -0.001478021 -2.329943657 0.049861915 0.002420558 0.998753190 98.068069458
0.999099791 0.018619435 -0.038118698 -4.003833771 -0.018632021 0.999826312 0.000025094 -2.344612122 0.038112547 0.000685157 0.999273181 98.533676147
0.999535799 0.017658392 -0.024823202 -4.004895210 -0.017662173 0.999843895 0.000067028 -2.355698824 0.024820512 0.000371436 0.999691904 98.996650696
0.999801636 0.017316805 -0.009840552 -3.995849371 -0.017324327 0.999849677 -0.000679145 -2.367406607 0.009827320 0.000849492 0.999951303 99.422782898
0.999831557 0.016296355 0.008437862 -3.982403040 -0.016268706 0.999862015 -0.003335425 -2.385009527 -0.008491054 0.003197590 0.999958873 99.819236755
0.999433279 0.015591649 0.029833280 -3.959324598 -0.015360858 0.999850392 -0.007949729 -2.393268108 -0.029952768 0.007486959 0.999523282 100.232498169
0.998476863 0.013174088 0.053573027 -3.906939507 -0.012511680 0.999841273 -0.012681291 -2.405569553 -0.053731591 0.011991692 0.998483419 100.633209229
0.996670723 0.011263242 0.080749899 -3.850108147 -0.010049607 0.999830663 -0.015420308 -2.415223837 -0.080909908 0.014557467 0.996615231 101.031753540
0.993777812 0.008405659 0.111062177 -3.786390305 -0.006629814 0.999844372 -0.016349288 -2.429903746 -0.111182332 0.015511239 0.993679047 101.422714233
0.989610076 0.006545004 0.143627822 -3.714508057 -0.004062728 0.999837339 -0.017569182 -2.445758343 -0.143719435 0.016803116 0.989475787 101.758224487
0.983712614 0.003880349 0.179705918 -3.628326416 -0.000558775 0.999828100 -0.018530335 -2.462368250 -0.179746911 0.018128114 0.983545780 102.119735718
0.975996673 0.001118213 0.217782184 -3.502922058 0.003108347 0.999813378 -0.019063743 -2.472369194 -0.217762887 0.019283095 0.975811183 102.484962463
0.966060638 -0.001358228 0.258311480 -3.393484116 0.006548680 0.999793530 -0.019234445 -2.491248608 -0.258232057 0.020273242 0.965870202 102.818176270
0.953833222 -0.000526299 0.300336748 -3.270826340 0.006817488 0.999778748 -0.019899540 -2.506695986 -0.300259858 0.021028379 0.953625679 103.136886597
0.938646257 0.001291969 0.344879240 -3.133510590 0.005917782 0.999785483 -0.019851569 -2.521132946 -0.344830871 0.020674521 0.938437164 103.455230713
0.921092868 0.001490655 0.389340162 -2.975391388 0.006028601 0.999818206 -0.018090317 -2.531770706 -0.389296263 0.019010033 0.920916438 103.756072998
0.900791883 0.001003447 0.434249878 -2.781898499 0.006928400 0.999836922 -0.016682403 -2.542978525 -0.434195787 0.018036027 0.900637984 104.084091187
0.877835035 0.000321466 0.478963047 -2.582717896 0.008715234 0.999823570 -0.016644180 -2.555656910 -0.478883862 0.018785119 0.877677262 104.370033264
0.852792978 0.000376068 0.522249043 -2.392765045 0.010462106 0.999786675 -0.017803755 -2.575908422 -0.522144377 0.020646745 0.852607191 104.622299194
0.825341046 0.002536196 0.564628959 -2.170471191 0.011041689 0.999726117 -0.020630645 -2.591780186 -0.564526677 0.023261771 0.825087130 104.888221741
0.794354022 0.006923188 0.607415736 -1.932155609 0.009721872 0.999662042 -0.024107803 -2.610748529 -0.607377410 0.025055347 0.794018328 105.169265747
0.760541379 0.012966298 0.649159968 -1.680561066 0.006630559 0.999593258 -0.027734052 -2.617469549 -0.649255633 0.025397189 0.760146141 105.425613403
0.722718000 0.018476896 0.690895975 -1.440208435 0.003081605 0.999546528 -0.029954797 -2.631551266 -0.691136122 0.023777939 0.722333431 105.644317627
0.683470428 0.019008830 0.729730606 -1.142135620 0.004580916 0.999529541 -0.030327369 -2.647781849 -0.729963720 0.024070693 0.683061898 105.871421814
0.642656147 0.016220897 0.765982985 -0.819198608 0.008523059 0.999562681 -0.028318124 -2.661011219 -0.766107321 0.024727337 0.642236829 106.085815430
0.598646462 0.014210168 0.800887287 -0.534442902 0.009946899 0.999633610 -0.025171624 -2.667102337 -0.800951660 0.023035249 0.598285794 106.251419067
0.552892864 0.012833840 0.833153486 -0.177955627 0.010373689 0.999697924 -0.022283407 -2.677402496 -0.833187938 0.020963209 0.552592576 106.438095093
0.504100502 0.010426587 0.863582075 0.140750885 0.011409468 0.999759495 -0.018730817 -2.687379837 -0.863569617 0.019295227 0.503860295 106.592056274
0.454028279 0.006087498 0.890966535 0.517345428 0.015128974 0.999779820 -0.014540544 -2.694779634 -0.890858829 0.020081224 0.453836262 106.732528687
0.401559114 0.006892455 0.915807128 0.867160797 0.010763643 0.999867082 -0.012244700 -2.711115122 -0.915769815 0.014774393 0.401431650 106.864051819
0.350459844 0.011592001 0.936505973 1.278186798 0.006691277 0.999866784 -0.014880296 -2.726806164 -0.936553776 0.011481367 0.350335687 106.983421326
0.299809963 0.016971078 0.953847945 1.635869980 0.006006655 0.999788344 -0.019676451 -2.730354548 -0.953980029 0.011628632 0.299644560 107.071586609
0.253080338 0.018908970 0.967260361 2.074867249 0.007014986 0.999746799 -0.021379493 -2.743166924 -0.967419803 0.012196049 0.252883613 107.155944824
0.212153479 0.018581675 0.977059603 2.456254959 0.014261548 0.999653876 -0.022108054 -2.753206015 -0.977132320 0.018624682 0.211815000 107.196868896
0.176830322 0.019095337 0.984056115 2.928213120 0.021810396 0.999490321 -0.023314063 -2.756186485 -0.983999670 0.025585284 0.176323697 107.245056152
0.146426216 0.020001823 0.989019394 3.336817741 0.025389045 0.999390364 -0.023970461 -2.770724297 -0.988895714 0.028620157 0.145829141 107.278312683
0.118126325 0.018145707 0.992832839 3.843695641 0.023307627 0.999506891 -0.021040808 -2.789738655 -0.992725015 0.025626052 0.117645137 107.327270508
0.093017869 0.014894574 0.995552957 4.301037788 0.016966833 0.999719143 -0.016542174 -2.796782494 -0.995519876 0.018430101 0.092739046 107.366165161
0.068152070 0.011207153 0.997611940 4.845290184 0.011113753 0.999866307 -0.011991716 -2.809994698 -0.997613072 0.011904472 0.068018414 107.407592773
0.046368539 0.008514303 0.998888016 5.335092068 0.015525553 0.999836624 -0.009243092 -2.824099302 -0.998803675 0.015936876 0.046228770 107.407440186
0.026401799 0.009449662 0.999606729 5.926665306 0.023730706 0.999667525 -0.010077019 -2.840806723 -0.999369681 0.023987427 0.026168773 107.395492554
0.008608291 0.011282480 0.999899268 6.433270931 0.027645940 0.999551356 -0.011516567 -2.859489679 -0.999580681 0.027742285 0.008292515 107.391319275
-0.005466674 0.016508212 0.999848783 7.053818226 0.026678191 0.999510169 -0.016356762 -2.874228954 -0.999629080 0.026584731 -0.005904403 107.377868652
-0.016417116 0.021211218 0.999640226 7.604333401 0.025324211 0.999463081 -0.020791553 -2.877932549 -0.999544442 0.024973763 -0.016945457 107.371261597
-0.022627959 0.020732790 0.999529004 8.266679764 0.027361155 0.999423325 -0.020111179 -2.894542456 -0.999369383 0.026893198 -0.023182184 107.345787048
-0.025442611 0.018013183 0.999513924 8.860746384 0.033640940 0.999286711 -0.017152766 -2.902398586 -0.999110043 0.033188164 -0.026030449 107.331550598
-0.024779197 0.016233107 0.999561071 9.568559647 0.035197891 0.999262393 -0.015355698 -2.924304485 -0.999073088 0.034801938 -0.025332293 107.306785583
-0.023029244 0.016067289 0.999605596 10.185577393 0.034019955 0.999304354 -0.015278683 -2.933870077 -0.999155700 0.033654690 -0.023559829 107.302604675
-0.021418961 0.016125547 0.999640465 10.925878525 0.030873246 0.999403775 -0.015460220 -2.956226349 -0.999293745 0.030531012 -0.021904036 107.294059753
-0.020309266 0.017630393 0.999638259 11.563341141 0.029549243 0.999418318 -0.017026169 -2.966931343 -0.999356985 0.029192757 -0.020818420 107.284690857
-0.019720020 0.018434728 0.999635518 12.324052811 0.028749330 0.999427021 -0.017863737 -2.987226248 -0.999392152 0.028386574 -0.020238711 107.278739929
-0.018647240 0.018084319 0.999662519 13.011629105 0.028527588 0.999438941 -0.017548136 -3.004289627 -0.999419093 0.028190739 -0.019152680 107.266799927
-0.017890261 0.017028488 0.999694884 13.812397003 0.027721565 0.999479055 -0.016528709 -3.015457630 -0.999455571 0.027417408 -0.018352998 107.247886658
-0.017644912 0.015336006 0.999726653 14.528617859 0.028018814 0.999497175 -0.014837956 -3.046097040 -0.999451637 0.027749339 -0.018065738 107.246704102
-0.018096296 0.012647012 0.999756277 15.350101471 0.028684950 0.999514878 -0.012124741 -3.078751802 -0.999424696 0.028458538 -0.018450299 107.228683472
-0.019272935 0.011473969 0.999748409 16.087673187 0.026190719 0.999596834 -0.010967331 -3.084772587 -0.999471128 0.025972754 -0.019565675 107.224525452
-0.020325553 0.010418272 0.999739110 16.924041748 0.025161671 0.999634326 -0.009905620 -3.099328518 -0.999476731 0.024953768 -0.020580260 107.206817627
-0.021608688 0.007942891 0.999734938 17.674779892 0.027546003 0.999593556 -0.007346378 -3.117037058 -0.999386907 0.027379956 -0.021818699 107.192573547
-0.022533733 0.006635020 0.999724030 18.523616791 0.028915696 0.999563992 -0.005982200 -3.129171848 -0.999327838 0.028772911 -0.022715760 107.169784546
-0.024522901 0.005548049 0.999683738 19.301465988 0.026108660 0.999647081 -0.004907384 -3.153762817 -0.999358237 0.025980061 -0.024659097 107.162796021
-0.025683623 0.010625497 0.999613523 20.164817810 0.023143763 0.999681830 -0.010031578 -3.166226625 -0.999402165 0.022877168 -0.025921363 107.153060913
-0.026302522 0.015234770 0.999537945 20.943885803 0.024774937 0.999586701 -0.014583573 -3.184688568 -0.999346912 0.024379907 -0.026669091 107.135955811
-0.027183177 0.017390393 0.999479234 21.812936783 0.024576453 0.999558151 -0.016723353 -3.200557470 -0.999328196 0.024109064 -0.027598560 107.114074707
-0.029061472 0.014835157 0.999467432 22.616733551 0.021135626 0.999675572 -0.014223684 -3.225639105 -0.999354124 0.020711012 -0.029365588 107.102310181
-0.030057503 0.010376411 0.999494135 23.484220505 0.018192487 0.999786198 -0.009832342 -3.255618811 -0.999382615 0.017887756 -0.030239843 107.079635620
-0.030770615 0.005532663 0.999511003 24.354228973 0.016396258 0.999852955 -0.005029785 -3.267291307 -0.999391854 0.016233480 -0.030856807 107.058761597
-0.030757198 -0.000537685 0.999526680 25.133314133 0.012615873 0.999919951 0.000926109 -3.290932178 -0.999447227 0.012638390 -0.030747958 107.051872253
-0.030390579 -0.002221636 0.999535561 26.003784180 0.010464714 0.999942064 0.002540716 -3.312013626 -0.999483347 0.010537069 -0.030365562 107.023643494
-0.029969065 0.004900629 0.999538779 26.784433365 0.012917565 0.999906361 -0.004515125 -3.334072828 -0.999467373 0.012776294 -0.030029563 107.014053345
-0.028188378 0.016283453 0.999469995 27.643915176 0.015998831 0.999746442 -0.015836742 -3.349364996 -0.999474645 0.015543938 -0.028441755 106.981094360
-0.027848732 0.021944556 0.999371231 28.500822067 0.017419735 0.999617875 -0.021464549 -3.364146948 -0.999460340 0.016811026 -0.028220357 106.958221436
-0.027274979 0.016268386 0.999495447 29.249290466 0.018674886 0.999701440 -0.015762120 -3.390004396 -0.999453545 0.018235557 -0.027570646 106.956176758
-0.026191475 0.009102681 0.999615371 30.103734970 0.021320760 0.999736249 -0.008545142 -3.409656525 -0.999429584 0.021088758 -0.026378639 106.934890747
-0.026171133 0.006439164 0.999636650 30.984996796 0.022330709 0.999733567 -0.005855154 -3.432090759 -0.999408126 0.022169357 -0.026307952 106.922111511
-0.025767265 0.006555560 0.999646604 31.678030014 0.022310508 0.999733150 -0.005981046 -3.451037407 -0.999418914 0.022148501 -0.025906654 106.895858765
-0.026519123 0.006903370 0.999624550 32.521537781 0.019295868 0.999793351 -0.006392635 -3.478420734 -0.999462068 0.019119097 -0.026646854 106.879730225
-0.029255027 0.007824444 0.999541342 33.388618469 0.016665768 0.999834239 -0.007338956 -3.491206884 -0.999432981 0.016443424 -0.029380579 106.873207092
-0.030978110 0.007578774 0.999491453 34.038791656 0.015957031 0.999847531 -0.007086908 -3.512365103 -0.999392569 0.015729373 -0.031094322 106.848960876
-0.033852026 0.008278704 0.999392569 34.884796143 0.014723562 0.999861300 -0.007783862 -3.528837919 -0.999318302 0.014451116 -0.033969220 106.838455200
-0.035816513 0.008255610 0.999324322 35.708274841 0.012893814 0.999886394 -0.007798132 -3.556189060 -0.999275148 0.012605796 -0.035918891 106.816665649
-0.037415754 0.007350452 0.999272764 36.348365784 0.011779083 0.999906659 -0.006914071 -3.571429253 -0.999230325 0.011511819 -0.037498843 106.788322449
-0.038729697 0.006376500 0.999229372 37.174015045 0.011140460 0.999920130 -0.005949110 -3.586935520 -0.999187589 0.010901466 -0.038797643 106.744972229
-0.041677918 0.006232027 0.999111652 37.876373291 0.011177748 0.999920845 -0.005770795 -3.610988855 -0.999068558 0.010927305 -0.041744277 106.735389709
-0.043904111 0.007605224 0.999006808 38.697135925 0.011720173 0.999906063 -0.007096994 -3.627767801 -0.998966992 0.011396945 -0.043989126 106.713249207
-0.044523627 0.007535518 0.998979926 39.485454559 0.011234779 0.999911964 -0.007041826 -3.652006865 -0.998945177 0.010909791 -0.044604376 106.667724609
-0.045494501 0.006246777 0.998945057 40.110157013 0.013755074 0.999889612 -0.005626244 -3.665915251 -0.998869836 0.013484598 -0.045575403 106.641685486
-0.047036838 0.005769262 0.998876572 40.911220551 0.013719182 0.999892771 -0.005129101 -3.685467005 -0.998798907 0.013462507 -0.047110941 106.603729248
-0.048387401 0.004973772 0.998816252 41.578674316 0.012689139 0.999909937 -0.004364499 -3.706970692 -0.998748064 0.012462934 -0.048446167 106.580177307
-0.049356014 0.004724413 0.998769999 42.355854034 0.011547378 0.999924660 -0.004159242 -3.715561867 -0.998714447 0.011327893 -0.049406853 106.544425964
-0.050938357 0.002768354 0.998697937 43.124820709 0.010235281 0.999945104 -0.002249764 -3.744695902 -0.998649359 0.010107354 -0.050963894 106.522232056
-0.051073290 0.002553052 0.998691559 43.684585571 0.010116736 0.999946773 -0.002038889 -3.759095430 -0.998643816 0.009999366 -0.051096391 106.486595154
-0.051074617 0.004928537 0.998682618 44.414947510 0.010056122 0.999939680 -0.004420451 -3.781059265 -0.998644233 0.009817098 -0.051121105 106.449317932
-0.051207747 0.008011886 0.998655915 45.033920288 0.010812260 0.999913633 -0.007467560 -3.792052031 -0.998629510 0.010415330 -0.051289946 106.422210693
-0.051334862 0.009618750 0.998635173 45.757671356 0.008462439 0.999921799 -0.009196131 -3.808840752 -0.998645663 0.007978807 -0.051412251 106.393203735
-0.051557675 0.010262195 0.998617291 46.360206604 0.008899014 0.999912202 -0.009816055 -3.829925299 -0.998630345 0.008380616 -0.051644471 106.364372253
-0.050742317 0.009017671 0.998671055 47.059169769 0.010038705 0.999913335 -0.008518824 -3.860034466 -0.998661339 0.009593100 -0.050828446 106.318305969
-0.051550493 0.009182169 0.998628259 47.667972565 0.010025603 0.999912024 -0.008676444 -3.871328354 -0.998620093 0.009564575 -0.051638033 106.295776367
-0.051946275 0.009297777 0.998606563 48.376770020 0.006397946 0.999939263 -0.008977372 -3.889457941 -0.998629391 0.005922690 -0.052002609 106.272071838
-0.051619034 0.009390301 0.998622715 48.962181091 0.004208853 0.999948919 -0.009185217 -3.910910845 -0.998658001 0.003728923 -0.051655915 106.242584229
-0.051575385 0.008429335 0.998633504 49.644931793 0.006058859 0.999948621 -0.008127522 -3.927682400 -0.998650730 0.005631400 -0.051623810 106.210746765
-0.052633364 0.007174595 0.998588026 50.240669250 0.005546860 0.999960780 -0.006892096 -3.949575901 -0.998598516 0.005176274 -0.052671101 106.178253174
-0.055371031 0.006989367 0.998441339 50.910812378 0.002673472 0.999972939 -0.006851824 -3.958843231 -0.998462200 0.002289913 -0.055388223 106.134963989
-0.061114505 0.006604692 0.998108923 51.517059326 -0.001201810 0.999976873 -0.006690641 -3.976264715 -0.998130202 -0.001608433 -0.061105158 106.113853455
-0.066871732 0.010575048 0.997705519 52.185974121 0.002647461 0.999942124 -0.010421309 -3.990616322 -0.997758150 0.001944495 -0.066895857 106.063285828
-0.073712364 0.012692384 0.997198761 52.774551392 0.004564951 0.999912739 -0.012389492 -4.014571667 -0.997269094 0.003638905 -0.073763892 106.019210815
-0.081214957 0.013797290 0.996601105 53.452522278 0.003489120 0.999902010 -0.013558654 -4.039114475 -0.996690452 0.002376096 -0.081255153 105.967559814
-0.087170936 0.013303540 0.996104538 54.058170319 -0.000083674 0.999910712 -0.013361698 -4.053962231 -0.996193349 -0.001248099 -0.087162048 105.917915344
-0.091681674 0.012151130 0.995714247 54.736953735 -0.000097978 0.999925435 -0.012211544 -4.073078156 -0.995788336 -0.001217132 -0.091673642 105.843826294
-0.097015932 0.012774035 0.995200872 55.359466553 -0.002954130 0.999909520 -0.013122455 -4.089210033 -0.995278418 -0.004213040 -0.096969426 105.796890259
-0.100548692 0.012074039 0.994858921 56.045303345 -0.004859631 0.999908447 -0.012626478 -4.107517242 -0.994920254 -0.006104223 -0.100480802 105.728622437
-0.103437640 0.009330187 0.994592190 56.689331055 -0.004291174 0.999942541 -0.009826660 -4.116272926 -0.994626641 -0.005284415 -0.103391677 105.666656494
-0.104714274 0.006831660 0.994478881 57.398998260 -0.001889486 0.999973178 -0.007068359 -4.128770828 -0.994500518 -0.002619212 -0.104698583 105.582756042
-0.106746793 0.003295850 0.994280756 58.055854797 -0.002882364 0.999989271 -0.003624227 -4.150865555 -0.994282007 -0.003252754 -0.106736153 105.526374817
-0.108061723 0.002882145 0.994139969 58.786201477 -0.003957049 0.999986708 -0.003329223 -4.165594101 -0.994136274 -0.004293623 -0.108048871 105.454841614
-0.108575739 0.006644193 0.994065940 59.436500549 -0.002205328 0.999973536 -0.006924550 -4.176179409 -0.994085729 -0.002944080 -0.108558215 105.383430481
-0.108728908 0.011419985 0.994005799 60.170799255 0.004281073 0.999930143 -0.011019764 -4.186830044 -0.994062185 0.003057245 -0.108770184 105.298606873
-0.109126106 0.015663123 0.993904471 60.841953278 0.011071342 0.999832928 -0.014540973 -4.212292194 -0.993966222 0.009417058 -0.109281294 105.213195801
-0.109638564 0.017177986 0.993822992 61.594257355 0.012134440 0.999799132 -0.015942615 -4.225910187 -0.993897378 0.010311563 -0.109825000 105.128898621
-0.110329211 0.014726432 0.993785918 62.278480530 0.009829986 0.999857485 -0.013725086 -4.245770454 -0.993846416 0.008254625 -0.110458240 105.062026978
-0.110702351 0.009978415 0.993803442 63.035903931 0.010796512 0.999902725 -0.008837002 -4.266016006 -0.993794978 0.009751339 -0.110799298 104.986404419
-0.110695168 0.007612475 0.993825257 63.703502655 0.012496878 0.999902248 -0.006267083 -4.289298534 -0.993775725 0.011725974 -0.110779472 104.906402588
-0.111074068 0.007734155 0.993782103 64.444244385 0.013623524 0.999887466 -0.006258982 -4.310691833 -0.993718684 0.012843603 -0.111166954 104.819686890
-0.112805657 0.008316765 0.993582308 65.184669495 0.012182670 0.999901414 -0.006986507 -4.334841251 -0.993542254 0.011316366 -0.112895839 104.736816406
-0.115012921 0.008569565 0.993326962 65.828987122 0.010325860 0.999919057 -0.007430852 -4.348261356 -0.993310332 0.009402312 -0.115092099 104.671386719
-0.116944395 0.008717974 0.993100166 66.564743042 0.012682641 0.999893010 -0.007284139 -4.365442276 -0.993057489 0.011743291 -0.117042460 104.583183289
-0.119356878 0.008974887 0.992810845 67.261901855 0.011798294 0.999901354 -0.007620582 -4.381912231 -0.992781341 0.010803904 -0.119450979 104.509735107
-0.120750397 0.009043459 0.992641747 67.984054565 0.012221999 0.999896228 -0.007622803 -4.398710728 -0.992607713 0.011211609 -0.120848395 104.412139893
-0.122877508 0.008839315 0.992382407 68.692199707 0.009223827 0.999927342 -0.007764420 -4.418128490 -0.992379010 0.008199490 -0.122950122 104.337226868
-0.125085697 0.010095477 0.992094517 69.454208374 0.008659919 0.999921262 -0.009083260 -4.442955971 -0.992108107 0.007455272 -0.125163272 104.267578125
-0.124808341 0.010631141 0.992123783 70.145576477 0.007494515 0.999924183 -0.009771917 -4.451183319 -0.992152572 0.006215871 -0.124878585 104.157226562
-0.126038164 0.011296746 0.991961002 70.898506165 0.007028169 0.999920189 -0.010494389 -4.461167336 -0.992000461 0.005648978 -0.126107514 104.064338684
-0.127558380 0.009901877 0.991781592 71.664321899 0.007839044 0.999929070 -0.008974995 -4.478753090 -0.991800129 0.006629782 -0.127626941 103.981826782
-0.128220782 0.007012213 0.991720855 72.356254578 0.005834546 0.999963164 -0.006316135 -4.501533985 -0.991728485 0.004976383 -0.128256947 103.900245667
-0.130330414 0.004891278 0.991458535 73.130752563 0.003501414 0.999983847 -0.004473066 -4.519088745 -0.991464436 0.002888529 -0.130345419 103.816894531
-0.132801548 0.004592307 0.991131961 73.875968933 0.004594147 0.999981344 -0.004017744 -4.530278683 -0.991132021 0.004019843 -0.132820204 103.720848083
-0.134785384 0.005126595 0.990861416 74.654113770 0.004974018 0.999977529 -0.004497154 -4.545633316 -0.990862310 0.004322414 -0.134807855 103.622116089
-0.137050018 0.006852862 0.990540385 75.440048218 0.004554160 0.999969840 -0.006287991 -4.557786465 -0.990553677 0.003649311 -0.137077108 103.515747070
-0.138742447 0.010020986 0.990277767 76.227684021 0.006477696 0.999936461 -0.009211173 -4.585854053 -0.990307391 0.005136737 -0.138798565 103.410224915
-0.138303652 0.013450708 0.990298510 76.950080872 0.008047201 0.999889970 -0.012457126 -4.602602482 -0.990357161 0.006246263 -0.138396695 103.295974731
-0.140160233 0.017678872 0.989970982 77.752830505 0.009058717 0.999821603 -0.016572252 -4.623611450 -0.990087390 0.006645096 -0.140295386 103.190338135
-0.139003694 0.018347753 0.990121841 78.522735596 0.011319868 0.999792635 -0.016937753 -4.648367882 -0.990227163 0.008853639 -0.139182508 103.076278687
-0.138241649 0.017562043 0.990242779 79.334533691 0.015034984 0.999764800 -0.015631976 -4.670595646 -0.990284443 0.012727294 -0.138473138 102.959594727
-0.138240471 0.015787810 0.990272880 80.155601501 0.015595772 0.999783754 -0.013762295 -4.692377090 -0.990275919 0.013541562 -0.138456777 102.847953796
-0.137677774 0.014150915 0.990375936 80.931732178 0.014616094 0.999818027 -0.012253962 -4.719267368 -0.990369260 0.012788331 -0.137859583 102.743591309
-0.135553733 0.011307413 0.990705431 81.778495789 0.013679818 0.999860883 -0.009540162 -4.746200085 -0.990675569 0.012259467 -0.135689571 102.635116577
-0.133997336 0.008472921 0.990945458 82.613296509 0.013898715 0.999881089 -0.006669916 -4.762027264 -0.990884244 0.012879119 -0.134099185 102.517280579
-0.132777601 0.004766745 0.991134405 83.415924072 0.014204797 0.999894857 -0.002905929 -4.782719135 -0.991044104 0.013693025 -0.132831350 102.426483154
-0.131043866 0.004800650 0.991364896 84.240524292 0.012635995 0.999915063 -0.003171762 -4.798505306 -0.991296053 0.012111246 -0.131093383 102.324081421
-0.129670277 0.008654930 0.991519392 85.075645447 0.013600076 0.999883354 -0.006949331 -4.825398445 -0.991464019 0.012583619 -0.129772872 102.221412659
-0.127533704 0.015304696 0.991716146 85.897628784 0.015079968 0.999795496 -0.013490110 -4.839868069 -0.991719544 0.013234599 -0.127738446 102.109840393
-0.126723602 0.018694438 0.991761923 86.727050781 0.011246034 0.999785244 -0.017408704 -4.857722759 -0.991874337 0.008947293 -0.126906678 102.023231506
-0.124469176 0.015994947 0.992094457 87.543174744 0.010990468 0.999831080 -0.014740797 -4.890069485 -0.992162585 0.009068807 -0.124623954 101.911468506
-0.123330258 0.013544661 0.992273211 88.403930664 0.011320603 0.999861002 -0.012241191 -4.915989399 -0.992301106 0.009723424 -0.123466447 101.805953979
-0.123228379 0.011776545 0.992308378 89.272819519 0.011030002 0.999884069 -0.010496706 -4.937023163 -0.992317021 0.009651672 -0.123343989 101.716529846
-0.122305259 0.011517530 0.992425740 90.101799011 0.011407244 0.999882877 -0.010198264 -4.960965157 -0.992426872 0.010073541 -0.122422323 101.607513428
