0.999997675 0.000947216 0.001958035 -0.012042291 -0.000945814 0.999999464 -0.000716865 -0.021969590 -0.001958713 0.000715011 0.999997854 1.168316364
0.999996662 0.001247045 0.002220122 0.003721534 -0.001247035 0.999999106 -0.000006223 -0.046046849 -0.002220128 0.000003454 0.999997556 2.367149115
0.999998927 0.000292541 0.001390128 0.029574063 -0.000293504 0.999999702 0.000692979 -0.066768184 -0.001389924 -0.000693387 0.999998808 3.574370861
0.999998808 -0.000307282 0.001496790 0.042979449 0.000306803 0.999999881 0.000320196 -0.081940308 -0.001496888 -0.000319736 0.999998748 4.774016857
0.999995351 -0.000231756 0.003042311 0.034397498 0.000230571 0.999999881 0.000389830 -0.101491258 -0.003042402 -0.000389127 0.999995291 5.959854126
0.999991715 0.000080294 0.004070337 0.036405176 -0.000076899 0.999999642 -0.000834344 -0.118936554 -0.004070404 0.000834024 0.999991357 7.138814449
0.999987364 0.000206571 0.005019099 0.028800409 -0.000201638 0.999999523 -0.000983457 -0.140972912 -0.005019301 0.000982433 0.999986947 8.287747383
0.999983728 -0.000832672 0.005646649 0.019143719 0.000829869 0.999999523 0.000498829 -0.162577882 -0.005647063 -0.000494135 0.999983966 9.400665283
0.999987543 -0.001544919 0.004758910 0.010107972 0.001537332 0.999997556 0.001597453 -0.187720403 -0.004761366 -0.001590117 0.999987423 10.515555382
0.999993980 -0.002445103 0.002461722 0.007732851 0.002442367 0.999996364 0.001113763 -0.203490853 -0.002464437 -0.001107744 0.999996305 11.632677078
0.999996960 -0.002333177 0.000737936 0.001581640 0.002332637 0.999997020 0.000731012 -0.213819176 -0.000739639 -0.000729288 0.999999404 12.208280563
0.999997795 -0.001882061 -0.000870588 -0.002249474 0.001882553 0.999998033 0.000565773 -0.241923645 0.000869521 -0.000567411 0.999999464 13.856862068
0.999998212 -0.000438057 -0.001810895 -0.007555969 0.000439257 0.999999642 0.000662653 -0.262960702 0.001810604 -0.000663448 0.999998152 14.968492508
0.999997258 -0.000853313 -0.002164524 -0.016415076 0.000853903 0.999999523 0.000271454 -0.275079191 0.002164290 -0.000273301 0.999997616 16.077554703
0.999995351 -0.001326566 -0.002754706 -0.022660926 0.001329542 0.999998510 0.001078616 -0.298429698 0.002753272 -0.001082273 0.999995589 17.191831589
0.999993145 -0.001931948 -0.003162405 -0.033380896 0.001935965 0.999997258 0.001267576 -0.316412508 0.003159948 -0.001273689 0.999994099 18.310811996
0.999991119 -0.001473067 -0.003952750 -0.041690066 0.001474509 0.999998868 0.000361922 -0.337114125 0.003952213 -0.000367747 0.999992132 19.416221619
0.999987602 -0.001963392 -0.004561433 -0.048515502 0.001961491 0.999997914 -0.000421166 -0.358853757 0.004562251 0.000412214 0.999989510 20.521022797
0.999987721 -0.000454137 -0.004918299 -0.065408498 0.000455114 0.999999881 0.000197597 -0.380319357 0.004918208 -0.000199833 0.999987841 21.625459671
0.999981165 -0.001373027 -0.005975447 -0.075266570 0.001374382 0.999998987 0.000222736 -0.403411269 0.005975135 -0.000230944 0.999982119 22.729789734
0.999977589 -0.001647358 -0.006490283 -0.093648821 0.001644555 0.999998569 -0.000437167 -0.423941523 0.006490993 0.000426483 0.999978840 23.834360123
0.999969661 -0.001412383 -0.007658867 -0.100362450 0.001416448 0.999998808 0.000525345 -0.441985697 0.007658117 -0.000536178 0.999970555 24.794986725
0.999961734 -0.002866110 -0.008260785 -0.119460210 0.002882619 0.999993801 0.001987221 -0.460783094 0.008255039 -0.002010958 0.999963820 26.057832718
0.999953866 -0.003031345 -0.009112370 -0.134794891 0.003050260 0.999993324 0.002062558 -0.479141712 0.009106058 -0.002090258 0.999956369 27.171777725
0.999948323 -0.003738983 -0.009471400 -0.159968093 0.003752399 0.999992013 0.001399046 -0.497798979 0.009466095 -0.001434514 0.999954164 28.280490875
0.999938786 -0.003719234 -0.010428812 -0.171185225 0.003724518 0.999992967 0.000487382 -0.516368210 0.010426926 -0.000526195 0.999945521 29.281280518
0.999928057 -0.003303743 -0.011530151 -0.185565636 0.003310894 0.999994338 0.000601248 -0.537443161 0.011528101 -0.000639380 0.999933302 30.502124786
0.999918759 -0.003952480 -0.012113931 -0.204140961 0.003967543 0.999991417 0.001219686 -0.557763278 0.012109004 -0.001267650 0.999925852 31.612314224
0.999909937 -0.003913492 -0.012833985 -0.224363267 0.003936741 0.999990642 0.001786786 -0.578334928 0.012826871 -0.001837150 0.999916077 32.672210693
0.999898136 -0.004761292 -0.013455512 -0.250995517 0.004785049 0.999987066 0.001734013 -0.601686954 0.013447080 -0.001798222 0.999907970 33.849380493
0.999886692 -0.005529033 -0.014004248 -0.271678180 0.005550851 0.999983490 0.001519568 -0.624362648 0.013995615 -0.001597131 0.999900758 34.897083282
0.999893367 -0.005276220 -0.013610619 -0.303148538 0.005306487 0.999983490 0.002188638 -0.637140632 0.013598846 -0.002260629 0.999904990 36.133186340
0.999891341 -0.005202984 -0.013787727 -0.321775347 0.005255068 0.999979138 0.003744078 -0.657325149 0.013767960 -0.003816127 0.999897897 37.258464813
0.999898911 -0.004710744 -0.013418574 -0.351652205 0.004768109 0.999979615 0.004246255 -0.669991791 0.013398297 -0.004309808 0.999900877 38.401729584
0.999901295 -0.003902328 -0.013498912 -0.372062802 0.003950820 0.999985754 0.003567558 -0.679556847 0.013484798 -0.003620537 0.999902487 39.558876038
0.999903381 -0.003286358 -0.013507624 -0.388784409 0.003343571 0.999985516 0.004215228 -0.708447576 0.013493578 -0.004259984 0.999899924 40.670124054
0.999916136 -0.000376131 -0.012943533 -0.412771434 0.000449003 0.999984086 0.005627566 -0.711995363 0.012941211 -0.005632905 0.999900460 41.860439301
0.999933183 -0.000826902 -0.011529403 -0.427374095 0.000932366 0.999957740 0.009144989 -0.734811723 0.011521354 -0.009155128 0.999891758 42.960617065
0.999955833 -0.000572432 -0.009380363 -0.454369813 0.000681480 0.999932230 0.011626105 -0.739777267 0.009373073 -0.011631985 0.999888420 44.157794952
0.999965131 0.000719383 -0.008320418 -0.452367127 -0.000592715 0.999884009 0.015216181 -0.746446490 0.008330403 -0.015210718 0.999849558 45.272159576
0.999972820 -0.000342723 -0.007357896 -0.463557392 0.000462174 0.999867976 0.016238919 -0.747618318 0.007351360 -0.016241876 0.999841094 46.422782898
0.999977708 -0.002573896 -0.006153795 -0.468813568 0.002662026 0.999893427 0.014356034 -0.749354124 0.006116190 -0.014372098 0.999878049 47.620391846
0.999989569 -0.001084274 -0.004431444 -0.483046770 0.001142800 0.999911964 0.013225978 -0.756754935 0.004416713 -0.013230907 0.999902666 48.772853851
0.999989152 -0.001164320 -0.004524559 -0.484322786 0.001223679 0.999912798 0.013138674 -0.765591741 0.004508867 -0.013144069 0.999903321 49.965610504
0.999989510 -0.001553980 -0.004290844 -0.487206459 0.001604953 0.999927819 0.011901715 -0.762563586 0.004272040 -0.011908476 0.999919951 51.134830475
0.999986172 -0.002563553 -0.004595830 -0.503804982 0.002612252 0.999940157 0.010621767 -0.773109853 0.004568327 -0.010633626 0.999933064 52.335395813
0.999975264 -0.001958846 -0.006741012 -0.504489541 0.002038409 0.999928236 0.011816231 -0.785408199 0.006717380 -0.011829681 0.999907494 53.493255615
0.999959886 -0.002557695 -0.008579397 -0.510847628 0.002664752 0.999918401 0.012490092 -0.788165629 0.008546750 -0.012512454 0.999885142 54.704990387
0.999949038 -0.001760908 -0.009944267 -0.510975361 0.001894228 0.999908268 0.013413259 -0.804455638 0.009919734 -0.013431410 0.999860585 55.840877533
0.999931931 -0.001155170 -0.011608911 -0.516841054 0.001306144 0.999914527 0.013005817 -0.808241785 0.011592897 -0.013020094 0.999848008 57.031421661
0.999924064 -0.001026405 -0.012285639 -0.518860936 0.001193717 0.999906480 0.013618884 -0.829829276 0.012270512 -0.013632513 0.999831915 58.249641418
0.999918580 -0.001711860 -0.012645050 -0.536947489 0.001880280 0.999909401 0.013319252 -0.837298512 0.012621106 -0.013341944 0.999831319 59.435848236
0.999905825 -0.003104283 -0.013366743 -0.537555695 0.003268229 0.999919474 0.012260863 -0.849943280 0.013327610 -0.012303393 0.999835491 60.579124451
0.999892950 -0.004108888 -0.014041863 -0.547687531 0.004295784 0.999902248 0.013305720 -0.852515996 0.013985818 -0.013364616 0.999812901 61.725036621
0.999887705 -0.004040380 -0.014436172 -0.572207212 0.004258766 0.999876499 0.015129089 -0.862102985 0.014373262 -0.015188868 0.999781370 62.922176361
0.999886453 -0.004009415 -0.014524361 -0.599485159 0.004211414 0.999894500 0.013903829 -0.873725235 0.014467079 -0.013963416 0.999797940 63.943031311
0.999881625 -0.001999583 -0.015257694 -0.606595814 0.002191504 0.999918520 0.012572271 -0.878242433 0.015231310 -0.012604218 0.999804556 65.151779175
0.999887586 -0.000343288 -0.014985422 -0.642527461 0.000543299 0.999910772 0.013345010 -0.891568899 0.014979502 -0.013351651 0.999798656 66.144126892
0.999877632 0.001689408 -0.015551145 -0.655129731 -0.001485696 0.999913096 0.013101725 -0.887482405 0.015571928 -0.013077018 0.999793231 67.348419189
0.999884903 0.003561447 -0.014749889 -0.692178845 -0.003353974 0.999895394 0.014067018 -0.900652170 0.014798442 -0.014015926 0.999792278 68.324684143
0.999880672 0.004090184 -0.014900719 -0.699589610 -0.003864276 0.999877632 0.015158270 -0.903746963 0.014960894 -0.015098878 0.999774098 69.512840271
0.999906182 0.005460216 -0.012567510 -0.724420786 -0.005262562 0.999862790 0.015707120 -0.905399561 0.012651550 -0.015639506 0.999797702 70.712554932
0.999951124 0.003654049 -0.009186451 -0.753088236 -0.003526867 0.999898136 0.013822802 -0.920168877 0.009236026 -0.013789727 0.999862254 71.573074341
0.999970317 0.000774962 -0.007660162 -0.748059154 -0.000707600 0.999961019 0.008792589 -0.928323150 0.007666676 -0.008786909 0.999931931 72.758323669
0.999990046 0.001766619 -0.004091275 -0.772734761 -0.001732505 0.999963760 0.008326684 -0.936252117 0.004105839 -0.008319513 0.999956965 73.724746704
0.999998152 0.001083803 -0.001567400 -0.769226909 -0.001065489 0.999931633 0.011638138 -0.941123188 0.001579904 -0.011636449 0.999931037 74.908248901
0.999997854 -0.000004445 0.002071892 -0.779584169 -0.000024234 0.999904156 0.013841951 -0.957936645 -0.002071755 -0.013841972 0.999902070 75.823753357
0.999979556 0.001491000 0.006214282 -0.776125908 -0.001561965 0.999933422 0.011430370 -0.959043145 -0.006196825 -0.011439842 0.999915361 76.979766846
0.999954700 -0.000011496 0.009507575 -0.777209997 -0.000074368 0.999959230 0.009030705 -0.980820179 -0.009507292 -0.009031005 0.999913990 77.971893311
0.999916375 -0.001534531 0.012837722 -0.754698992 0.001458812 0.999981463 0.005905402 -0.999131799 -0.012846548 -0.005886181 0.999900162 79.106002808
0.999881923 -0.001504530 0.015295044 -0.636733174 0.001432179 0.999987781 0.004740136 -1.004233837 -0.015301988 -0.004717672 0.999871731 80.424705505
0.999833226 -0.001172565 0.018228278 -0.609004140 0.001069329 0.999983370 0.005672221 -1.011281490 -0.018234622 -0.005651783 0.999817789 81.576683044
0.999734879 -0.000540504 0.023019370 -0.604216337 0.000378155 0.999975026 0.007056489 -1.029646873 -0.023022611 -0.007045914 0.999710262 82.490501404
0.999644697 -0.000877743 0.026641885 -0.574291945 0.000755930 0.999989152 0.004581980 -1.039368153 -0.026645619 -0.004560213 0.999634564 83.623527527
0.999537468 -0.001249695 0.030389393 -0.558832884 0.001166394 0.999995530 0.002758679 -1.057902336 -0.030392706 -0.002721957 0.999534309 84.556358337
0.999443114 -0.001326737 0.033342756 -0.523924112 0.001241891 0.999995947 0.002565211 -1.078732610 -0.033346020 -0.002522374 0.999440610 85.718551636
0.999341667 -0.002658512 0.036182530 -0.483474970 0.002538518 0.999991059 0.003361842 -1.085250020 -0.036191147 -0.003267779 0.999339521 86.605056763
0.999259591 -0.002840137 0.038369298 -0.435653687 0.002650076 0.999983966 0.005003428 -1.101917267 -0.038382892 -0.004898041 0.999251068 87.766288757
0.999126792 -0.003350054 0.041646231 -0.401456833 0.003077216 0.999973357 0.006613726 -1.112480521 -0.041667283 -0.006479796 0.999110520 88.412658691
0.999029040 -0.005314667 0.043734841 -0.363426208 0.004968695 0.999955535 0.008015554 -1.132102013 -0.043775503 -0.007790467 0.999011040 89.550506592
0.998936534 -0.006636983 0.045625202 -0.298311710 0.006398443 0.999965072 0.005372305 -1.142575145 -0.045659266 -0.005074661 0.998944163 90.716697693
0.998786092 -0.007920981 0.048616495 -0.271326065 0.007816260 0.999966621 0.002343774 -1.165249825 -0.048633453 -0.001960930 0.998814702 91.448928833
0.998682916 -0.006920072 0.050838165 -0.232538223 0.006958586 0.999975622 -0.000580634 -1.171460390 -0.050832905 0.000933630 0.998706698 92.586753845
0.998600364 -0.007075055 0.052414335 -0.175215244 0.007181384 0.999972522 -0.001840560 -1.176151276 -0.052399881 0.002214391 0.998623729 93.504714966
0.998613536 -0.007045975 0.052166682 -0.113145828 0.007126549 0.999973774 -0.001358697 -1.193196416 -0.052155741 0.001728582 0.998637497 94.670921326
0.998670220 -0.007107524 0.051060792 -0.057696342 0.007075026 0.999974608 0.000817184 -1.221324682 -0.051065307 -0.000454841 0.998695195 95.836524963
0.998736978 -0.008069399 0.049590323 0.146702766 0.007904321 0.999962568 0.003524099 -1.002246261 -0.049616907 -0.003127671 0.998763323 86.133552551
0.998867333 -0.007517930 0.046983745 0.203939199 0.007342645 0.999965429 0.003902290 -1.006854057 -0.047011461 -0.003552885 0.998887956 87.314170837
0.998997033 -0.007107514 0.044206876 0.247594357 0.006897613 0.999964237 0.004898891 -1.029016495 -0.044240110 -0.004589057 0.999010265 88.509315491
0.999075592 -0.006602231 0.042477611 0.287103176 0.006410072 0.999968588 0.004658430 -1.042540431 -0.042507030 -0.004381840 0.999086559 89.830146790
0.999247074 -0.005369808 0.038425740 0.324980021 0.005216439 0.999978065 0.004090441 -1.053947568 -0.038446866 -0.003886917 0.999253035 91.025650024
0.999391615 -0.005006428 0.034513582 0.375260115 0.004863655 0.999979258 0.004219464 -1.061321974 -0.034533989 -0.004049035 0.999395311 92.372741699
0.999531984 -0.004184845 0.030301850 0.403393984 0.004034256 0.999979138 0.005029115 -1.074335098 -0.030322267 -0.004904516 0.999528170 93.566581726
0.999664724 -0.004118410 0.025563188 0.457108259 0.003972567 0.999975502 0.005753329 -1.078058243 -0.025586257 -0.005649849 0.999656618 94.914421082
0.999774992 -0.004003311 0.020832360 0.476511836 0.003882107 0.999975264 0.005855252 -1.081344128 -0.020855287 -0.005773060 0.999765873 96.120285034
0.999859333 -0.003244437 0.016454794 0.495673895 0.003140247 0.999974847 0.006353770 -1.103109360 -0.016474996 -0.006301204 0.999844432 97.449913025
0.999936581 -0.002869716 0.010886988 0.510352850 0.002800586 0.999975860 0.006359648 -1.115757465 -0.010904973 -0.006328755 0.999920607 98.642692566
0.999976575 -0.002288468 0.006458512 0.509997845 0.002250421 0.999980032 0.005892164 -1.125866652 -0.006471868 -0.005877492 0.999961734 99.984352112
0.999998391 -0.001272309 0.001299361 0.505314708 0.001265395 0.999985039 0.005307728 -1.136756897 -0.001306095 -0.005306075 0.999985039 101.189361572
0.999998212 0.000935980 -0.001626481 0.490535498 -0.000927177 0.999984980 0.005404839 -1.155397415 0.001631519 -0.005403322 0.999984086 102.540214539
0.999989450 0.002766295 -0.003663848 0.477372080 -0.002746657 0.999981880 0.005354116 -1.165771008 0.003678593 -0.005343996 0.999978960 103.814109802
0.999978960 0.003857974 -0.005217758 0.477991521 -0.003831805 0.999980152 0.005016126 -1.179010868 0.005237005 -0.004996027 0.999973834 105.039176941
0.999966323 0.006083847 -0.005503336 0.440004885 -0.006053644 0.999966502 0.005488222 -1.196913958 0.005536545 -0.005454721 0.999969780 106.396629333
0.999944866 0.008022207 -0.006781328 0.429042637 -0.007980801 0.999949455 0.006110893 -1.207626224 0.006830008 -0.006056435 0.999958336 107.632507324
0.999945641 0.007571570 -0.007164764 0.408206940 -0.007526282 0.999951601 0.006326961 -1.215980768 0.007212323 -0.006272692 0.999954283 108.961250305
0.999904454 0.011391854 -0.007817670 0.380516469 -0.011324786 0.999899149 0.008570198 -1.229019403 0.007914515 -0.008480846 0.999932647 110.194046021
0.999882817 0.011973880 -0.009545094 0.392780662 -0.011869658 0.999870062 0.010901976 -1.280983210 0.009674398 -0.010787399 0.999895036 113.063728333
0.999888062 0.010923946 -0.010229472 0.377568483 -0.010814742 0.999884546 0.010670723 -1.296838522 0.010344860 -0.010558899 0.999890745 114.312149048
0.999888718 0.010419521 -0.010680990 0.348730683 -0.010323021 0.999905765 0.009050451 -1.301133275 0.010774282 -0.008939182 0.999902010 115.566810608
0.999913096 0.007958342 -0.010511199 0.323944449 -0.007850132 0.999916196 0.010296159 -1.247177958 0.010592258 -0.010212750 0.999891758 115.374153137
0.999917090 0.005658822 -0.011571577 0.308742285 -0.005519492 0.999912262 0.012037434 -1.251725316 0.011638683 -0.011972566 0.999860585 116.670043945
0.999921978 0.002402068 -0.012268490 0.296565890 -0.002231883 0.999901354 0.013866649 -1.251552105 0.012300593 -0.013838183 0.999828517 117.936470032
0.999923527 0.000431548 -0.012357021 0.282137990 -0.000244928 0.999885917 0.015099893 -1.258393407 0.012362131 -0.015095712 0.999809623 119.238983154
0.999919951 -0.003616958 -0.012127134 0.264134407 0.003776709 0.999906123 0.013176144 -1.262097478 0.012078343 -0.013220891 0.999839604 120.494834900
0.999908805 -0.006146685 -0.012028011 0.247175694 0.006292334 0.999906898 0.012108974 -1.263358116 0.011952462 -0.012183553 0.999854267 121.811920166
0.999900997 -0.007307226 -0.012018858 0.232290268 0.007448060 0.999903619 0.011715065 -1.266205311 0.011932095 -0.011803420 0.999859154 123.110389709
0.999909401 -0.007176662 -0.011386523 0.201934695 0.007311856 0.999902666 0.011876449 -1.272106409 0.011300181 -0.011958628 0.999864697 124.359840393
0.999915957 -0.006994464 -0.010909636 0.184505105 0.007152052 0.999869645 0.014473395 -1.381457210 0.010806982 -0.014550206 0.999835730 126.516723633
0.999935210 -0.004510526 -0.010450523 0.172041655 0.004681865 0.999854088 0.016429342 -1.397505522 0.010374893 -0.016477207 0.999810457 127.756454468
0.999943137 -0.004667804 -0.009591185 0.139987588 0.004804550 0.999886394 0.014284301 -1.416901588 0.009523419 -0.014329570 0.999852002 129.117935181
0.999951124 -0.004020949 -0.009044068 0.120535135 0.004135889 0.999910474 0.012726170 -1.420361161 0.008992087 -0.012762952 0.999878228 130.405899048
0.999951303 -0.004414672 -0.008820359 0.130464435 0.004497514 0.999945700 0.009394630 -1.359351277 0.008778410 -0.009433840 0.999916971 131.023712158
0.999946892 -0.006036033 -0.008350116 0.107791066 0.006079116 0.999968231 0.005143752 -1.368317366 0.008318805 -0.005194240 0.999951959 132.294723511
0.999953449 -0.005549231 -0.007886501 0.086339831 0.005568048 0.999981701 0.002366047 -1.449893713 0.007873226 -0.002409849 0.999966204 133.694061279
0.999957323 -0.005314674 -0.007555109 0.073048234 0.005324590 0.999985039 0.001292807 -1.470581174 0.007548128 -0.001332980 0.999970615 134.959472656
0.999950349 -0.006320769 -0.007701645 0.061706662 0.006333286 0.999978602 0.001601973 -1.480720282 0.007691354 -0.001650670 0.999969125 135.951217651
0.999949992 -0.005631010 -0.008267132 0.062052488 0.005648716 0.999981761 0.002119887 -1.497307301 0.008255044 -0.002166479 0.999963582 137.203201294
0.999955952 -0.005101572 -0.007876597 0.031111360 0.005127440 0.999981642 0.003267306 -1.515122175 0.007859783 -0.003307549 0.999963641 138.202529907
0.999956071 -0.004545829 -0.008195755 0.019750834 0.004577225 0.999982297 0.003815964 -1.526268721 0.008178264 -0.003853310 0.999959111 139.476562500
0.999952316 -0.004398057 -0.008711466 0.004987836 0.004427154 0.999984682 0.003323742 -1.548425078 0.008696714 -0.003362151 0.999956489 140.452301025
0.999952614 -0.003483958 -0.009089531 -0.015756249 0.003517208 0.999987245 0.003644713 -1.561989784 0.009076717 -0.003676510 0.999952018 141.710388184
0.999942124 -0.004095289 -0.009946280 -0.031147838 0.004142232 0.999980390 0.004703688 -1.578783274 0.009926822 -0.004744616 0.999939442 142.718658447
0.999944925 -0.002137209 -0.010278674 -0.060613394 0.002189253 0.999984860 0.005054782 -1.590553641 0.010267714 -0.005077006 0.999934435 143.988388062
0.999931216 -0.002956285 -0.011349917 -0.061036110 0.003002204 0.999987304 0.004030808 -1.603456736 0.011337859 -0.004064606 0.999927461 144.967895508
0.999926448 -0.002128619 -0.011946812 -0.080385685 0.002165335 0.999992907 0.003061187 -1.626482129 0.011940214 -0.003086831 0.999923885 146.231277466
0.999918878 -0.001704555 -0.012623962 -0.101753592 0.001745070 0.999993324 0.003199040 -1.640578628 0.012618422 -0.003220810 0.999915242 147.206619263
0.999913573 -0.001425181 -0.013072755 -0.125202775 0.001455087 0.999996364 0.002278431 -1.654989243 0.013069460 -0.002297256 0.999911964 148.487731934
0.999900520 -0.000665201 -0.014097621 -0.137228966 0.000682452 0.999998987 0.001218861 -1.677292109 0.014096793 -0.001228361 0.999899924 149.741958618
0.999891222 -0.001173494 -0.014706549 -0.161018372 0.001194204 0.999998331 0.001399599 -1.690589309 0.014704882 -0.001417009 0.999890864 150.573486328
0.999879837 -0.001792047 -0.015401117 -0.187409163 0.001848215 0.999991715 0.003633572 -1.727348089 0.015394473 -0.003661600 0.999874771 151.834838867
0.999884844 -0.001673548 -0.015084486 -0.278551340 0.001732831 0.999990821 0.003917898 -1.802326202 0.015077790 -0.003943586 0.999878526 152.738143921
0.999880314 0.000009467 -0.015467348 -0.310454845 0.000061314 0.999989510 0.004575685 -1.823902249 0.015467231 -0.004576086 0.999869883 154.005935669
0.999876797 0.000106809 -0.015698345 -0.347821236 -0.000034865 0.999989390 0.004583105 -1.834162235 0.015698669 -0.004581993 0.999866247 155.321533203
0.999849617 -0.000118800 -0.017342472 -0.344617367 0.000186811 0.999992311 0.003920047 -1.850897789 0.017341873 -0.003922698 0.999841928 156.015151978
0.999845207 0.000867294 -0.017570371 -0.382435322 -0.000815274 0.999995291 0.002967626 -1.859484076 0.017572857 -0.002952842 0.999841213 157.289749146
0.999834597 0.001342796 -0.018135717 -0.399525642 -0.001285053 0.999994040 0.003195292 -1.866559863 0.018139903 -0.003171458 0.999830425 158.196166992
0.999825954 0.000895414 -0.018633742 -0.432112455 -0.000851892 0.999996841 0.002343473 -1.898780107 0.018635783 -0.002327192 0.999823630 159.448501587
0.999826610 -0.000962926 -0.018593488 -0.447683573 0.000970499 0.999999404 0.000398293 -1.900611401 0.018593095 -0.000416269 0.999827027 160.390426636
0.999809742 -0.004290275 -0.019028403 -0.474239111 0.004303665 0.999990463 0.000662848 -1.924104214 0.019025384 -0.000744613 0.999818683 161.652969360
0.999802351 -0.003737201 -0.019526657 -0.488693714 0.003825366 0.999982595 0.004479753 -1.936401486 0.019509578 -0.004553564 0.999799311 162.578018188
0.999798775 -0.004916251 -0.019450054 -0.529926777 0.005090857 0.999947190 0.008937806 -1.958902836 0.019405080 -0.009035025 0.999770939 163.855804443
0.999804020 -0.003806481 -0.019426636 -0.544913769 0.003969973 0.999956965 0.008384056 -1.966789603 0.019393886 -0.008459536 0.999776125 164.748672485
0.999819458 -0.002080528 -0.018891474 -0.586095810 0.002172161 0.999985993 0.004831223 -1.975453615 0.018881153 -0.004871385 0.999809861 166.014038086
0.999809384 -0.001754349 -0.019452540 -0.597902775 0.001817400 0.999993145 0.003224108 -1.987246990 0.019446746 -0.003258846 0.999805570 166.910202026
0.999802589 -0.002273669 -0.019739341 -0.632160425 0.002346650 0.999990523 0.003674871 -2.006350994 0.019730801 -0.003720467 0.999798417 168.168243408
0.999809623 -0.002707809 -0.019323343 -0.663639545 0.002804495 0.999983668 0.004978278 -2.026789904 0.019309545 -0.005031522 0.999800861 169.406295776
0.999818265 -0.002078450 -0.018950880 -0.681972742 0.002210774 0.999973297 0.006964241 -2.036234856 0.018935906 -0.007004872 0.999796152 170.129562378
0.999829233 -0.002783885 -0.018269906 -0.706851959 0.002926670 0.999965310 0.007793245 -2.055843353 0.018247580 -0.007845383 0.999802768 171.402633667
0.999852002 -0.002650375 -0.017005688 -0.741173744 0.002769704 0.999971747 0.006997272 -2.078236580 0.016986663 -0.007043337 0.999830902 172.618682861
0.999871612 -0.003307965 -0.015674543 -0.727032423 0.003396195 0.999978483 0.005605686 -2.082426071 0.015655665 -0.005658200 0.999861360 173.314056396
0.999889493 -0.003479325 -0.014451339 -0.745541930 0.003537693 0.999985695 0.004015451 -2.098821163 0.014437157 -0.004066132 0.999887466 174.554595947
0.999907196 -0.004217937 -0.012956142 -0.783960938 0.004262579 0.999985039 0.003420052 -2.116229057 0.012941527 -0.003474962 0.999910176 175.787261963
0.999930978 -0.003991437 -0.011054331 -0.796181440 0.004036271 0.999983728 0.004036592 -2.119023561 0.011038039 -0.004080932 0.999930799 176.481826782
0.999944508 -0.004276442 -0.009637169 -0.816106379 0.004330663 0.999974906 0.005612529 -2.141283035 0.009612926 -0.005653953 0.999937832 177.724517822
0.999954045 -0.003729118 -0.008831835 -0.811719000 0.003781109 0.999975622 0.005877428 -2.137389898 0.008809702 -0.005910552 0.999943733 178.483489990
0.999963224 -0.003797791 -0.007688566 -0.827037930 0.003843358 0.999975145 0.005920645 -2.152971268 0.007665890 -0.005949977 0.999952912 179.698104858
0.999962389 -0.004186945 -0.007596354 -0.830990970 0.004237795 0.999968648 0.006690438 -2.191606998 0.007568104 -0.006722379 0.999948800 180.895462036
0.999977410 -0.004388387 -0.005085247 -0.878631115 0.004422127 0.999968171 0.006642822 -2.199934959 0.005055936 -0.006665160 0.999965012 182.096038818
0.999976933 -0.003341450 -0.005892716 -0.825227737 0.003377669 0.999975383 0.006147078 -2.185603142 0.005872031 -0.006166840 0.999963701 182.278747559
0.999983907 -0.003449584 -0.004512291 -0.848822713 0.003478586 0.999973238 0.006434809 -2.206950665 0.004489973 -0.006450402 0.999969125 183.449066162
0.999977469 -0.004226147 -0.005206766 -0.833246768 0.004258538 0.999971509 0.006225447 -2.216896534 0.005180309 -0.006247479 0.999967039 184.608642578
0.999973595 -0.005104228 -0.005156506 -0.839938045 0.005143018 0.999958336 0.007537609 -2.232163668 0.005117818 -0.007563933 0.999958277 184.905853271
0.999964774 -0.005964410 -0.005902041 -0.837683678 0.006013408 0.999947309 0.008318988 -2.240695953 0.005852113 -0.008354187 0.999948025 186.055313110
0.999962628 -0.005583183 -0.006583313 -0.847774029 0.005638654 0.999948442 0.008437695 -2.257653236 0.006535865 -0.008474503 0.999942660 186.616622925
0.999959707 -0.005088002 -0.007390753 -0.855832815 0.005143643 0.999958336 0.007528859 -2.271897316 0.007352144 -0.007566572 0.999944270 187.718063354
0.999959886 -0.004957292 -0.007455012 -0.868926227 0.005009408 0.999962986 0.006988428 -2.284400463 0.007420090 -0.007025493 0.999947786 188.276473999
0.999948144 -0.005418651 -0.008620776 -0.874862313 0.005480160 0.999959588 0.007127588 -2.309649467 0.008581804 -0.007174461 0.999937534 189.344940186
0.999936283 -0.005436325 -0.009886660 -0.882211804 0.005507403 0.999959052 0.007176336 -2.314095497 0.009847241 -0.007230329 0.999925375 189.875274658
0.999916136 -0.005583208 -0.011695169 -0.891847730 0.005677572 0.999951422 0.008051127 -2.324969292 0.011649654 -0.008116852 0.999899328 190.660690308
0.999878764 -0.006904261 -0.013961164 -0.903988123 0.007040307 0.999927938 0.009719139 -2.341565132 0.013893054 -0.009816252 0.999855340 191.680282593
0.999853909 -0.006461861 -0.015825177 -0.919266224 0.006635860 0.999917805 0.010967334 -2.339680195 0.015753005 -0.011070745 0.999814749 192.216125488
0.999820173 -0.006175715 -0.017928947 -0.944647074 0.006381513 0.999914229 0.011444167 -2.356095791 0.017856734 -0.011556522 0.999773800 193.213485718
0.999850929 -0.002067114 -0.017143445 -1.035716772 0.002220332 0.999957681 0.008923216 -2.359518051 0.017124275 -0.008959948 0.999813199 193.528305054
0.999796033 -0.001823913 -0.020111099 -1.058354139 0.002003386 0.999958277 0.008907546 -2.370697021 0.020094011 -0.008946020 0.999758005 194.503280640
0.999729395 -0.001595960 -0.023208281 -1.069377184 0.001810720 0.999955654 0.009235526 -2.376165867 0.023192516 -0.009275049 0.999687910 194.921020508
0.999657631 -0.001512585 -0.026121885 -1.100678921 0.001752610 0.999956429 0.009168193 -2.392084599 0.026106885 -0.009210836 0.999616742 195.839599609
0.999574542 -0.001245286 -0.029143132 -1.112186432 0.001490533 0.999963641 0.008395060 -2.392868042 0.029131629 -0.008434930 0.999539971 196.248901367
0.999460399 -0.001783207 -0.032798406 -1.140028477 0.002024790 0.999971032 0.007333943 -2.401037216 0.032784376 -0.007396395 0.999435127 197.120452881
0.999384046 0.000268410 -0.035090037 -1.174893379 -0.000010294 0.999972939 0.007355729 -2.415997028 0.035091065 -0.007350837 0.999357104 197.596389771
0.999269962 0.000882177 -0.038194325 -1.198669434 -0.000632269 0.999978304 0.006554625 -2.426189184 0.038199272 -0.006525690 0.999248803 198.203842163
0.999172449 0.002722786 -0.040584993 -1.239513397 -0.002479678 0.999978662 0.006039261 -2.435043812 0.040600572 -0.005933624 0.999157786 199.014907837
0.999142885 0.003490861 -0.041250233 -1.253116608 -0.003216641 0.999972284 0.006712242 -2.443020821 0.041272525 -0.006573801 0.999126256 199.351898193
0.999158919 0.003647555 -0.040843058 -1.298992157 -0.003326308 0.999962986 0.007930594 -2.456714392 0.040870473 -0.007788069 0.999134004 200.126525879
0.999177635 0.003585144 -0.040387947 -1.306474686 -0.003255016 0.999960661 0.008236764 -2.455333710 0.040415891 -0.008098528 0.999150097 200.437225342
0.999183774 0.002411056 -0.040323172 -1.339696884 -0.002103030 0.999968231 0.007679641 -2.469174385 0.040340409 -0.007588573 0.999157190 201.175292969
0.999198616 0.003464847 -0.039878931 -1.348312378 -0.003227563 0.999976695 0.006012905 -2.473032951 0.039898835 -0.005879372 0.999186397 201.485992432
0.999215662 0.003546773 -0.039439470 -1.370888710 -0.003390962 0.999986112 0.004016839 -2.486584663 0.039453175 -0.003879949 0.999213874 202.215118408
0.999273777 0.003732574 -0.037918977 -1.390799522 -0.003643034 0.999990404 0.002430173 -2.488919973 0.037927683 -0.002290268 0.999277830 202.520828247
0.999306440 0.003778790 -0.037046373 -1.409351349 -0.003716618 0.999991596 0.001746943 -2.497447491 0.037052672 -0.001608045 0.999311984 203.251861572
0.999387980 0.004023886 -0.034751046 -1.432553768 -0.003966108 0.999990642 0.001731446 -2.505094528 0.034757692 -0.001592560 0.999394476 203.537918091
0.999439180 0.004016608 -0.033244099 -1.451518059 -0.003978720 0.999991357 0.001205784 -2.510680199 0.033248663 -0.001072839 0.999446452 204.254760742
0.999507368 0.003618676 -0.031175707 -1.467056274 -0.003569770 0.999992430 0.001624215 -2.523874521 0.031181345 -0.001512125 0.999512613 204.557022095
0.999561429 0.002916645 -0.029467016 -1.484858990 -0.002889263 0.999995351 0.000971786 -2.533342838 0.029469712 -0.000886222 0.999565303 205.266220093
0.999644339 0.003104888 -0.026486695 -1.494953871 -0.003055465 0.999993563 0.001906148 -2.544031620 0.026492445 -0.001824541 0.999647260 205.559967041
0.999723315 0.001903218 -0.023443814 -1.510324001 -0.001846105 0.999995291 0.002457611 -2.554924250 0.023448380 -0.002413652 0.999722064 206.259857178
0.999794900 0.001044436 -0.020231813 -1.519587040 -0.000988199 0.999995649 0.002789427 -2.560898066 0.020234639 -0.002768861 0.999791443 206.551788330
0.999847889 0.000941596 -0.017416976 -1.529347181 -0.000890794 0.999995410 0.002924381 -2.570422649 0.017419647 -0.002908421 0.999844015 207.249938965
0.999900699 0.000567971 -0.014090790 -1.537812710 -0.000534705 0.999997020 0.002364599 -2.574872971 0.014092091 -0.002356830 0.999897897 207.532958984
0.999937356 0.000392804 -0.011187771 -1.543417454 -0.000370774 0.999997973 0.001971078 -2.581941366 0.011188521 -0.001966806 0.999935448 208.021118164
0.999964416 0.001424341 -0.008305385 -1.549936533 -0.001413652 0.999998152 0.001292929 -2.590669394 0.008307215 -0.001281142 0.999964654 208.507080078
0.999981999 0.001649353 -0.005762100 -1.555306673 -0.001645923 0.999998450 0.000599977 -2.598697424 0.005763082 -0.000590482 0.999983132 209.197463989
0.999990523 0.002580317 -0.003491024 -1.530053377 -0.002574999 0.999995530 0.001526901 -2.606858492 0.003494952 -0.001517898 0.999992728 209.478561401
0.999995768 0.002807066 -0.000715668 -1.535221577 -0.002805531 0.999993801 0.002136272 -2.616200924 0.000721660 -0.002134256 0.999997437 210.181793213
0.999995708 0.001615637 0.002435838 -1.560819149 -0.001620490 0.999996662 0.001991886 -2.621330261 -0.002432614 -0.001995825 0.999994993 210.485458374
0.999991179 0.002360661 0.003474006 -1.532541752 -0.002361962 0.999997139 0.000370369 -2.630702972 -0.003473121 -0.000378571 0.999993920 210.969955444
0.999983609 0.002304084 0.005239707 -1.533845782 -0.002294771 0.999995828 -0.001782638 -2.642784834 -0.005243792 0.001770584 0.999984682 211.678009033
0.999978900 0.001585381 0.006291982 -1.543255568 -0.001560789 0.999991059 -0.003911550 -2.635505676 -0.006298128 0.003901648 0.999972522 211.978454590
0.999976993 0.001233324 0.006673392 -1.544337988 -0.001206793 0.999991298 -0.003978508 -2.646944523 -0.006678241 0.003970363 0.999969780 212.485687256
0.999976337 0.000986360 0.006804079 -1.543315291 -0.000953517 0.999987841 -0.004828456 -2.658597946 -0.006808759 0.004821854 0.999965191 213.218643188
0.999972284 0.002547023 0.006998136 -1.542443037 -0.002511847 0.999984205 -0.005030637 -2.664446831 -0.007010838 0.005012919 0.999962866 213.521026611
0.999971151 0.002313616 0.007225795 -1.543688655 -0.002272045 0.999980867 -0.005755763 -2.661383390 -0.007238973 0.005739179 0.999957383 214.063201904
0.999971926 0.001914780 0.007249410 -1.540500760 -0.001855613 0.999965012 -0.008159674 -2.675281048 -0.007264780 0.008145992 0.999940515 214.810348511
0.999966621 -0.002573566 0.007756752 -1.527229548 0.002646956 0.999951720 -0.009465945 -2.703246832 -0.007732018 0.009486162 0.999925017 215.119598389
0.999950290 -0.005712417 0.008175819 -1.520391583 0.005796716 0.999929905 -0.010324237 -2.717381954 -0.008116269 0.010371117 0.999913275 215.869949341
0.999955058 -0.003338190 0.008870843 -1.526224017 0.003396584 0.999972582 -0.006575957 -2.714652538 -0.008848649 0.006605792 0.999939024 216.212081909
0.999959111 0.000312698 0.009040914 -1.523468852 -0.000310526 0.999999881 -0.000241771 -2.725881100 -0.009040990 0.000238953 0.999959111 216.990432739
0.999952197 -0.000322785 0.009774118 -1.520051956 0.000296753 0.999996364 0.002664475 -2.735507011 -0.009774944 -0.002661448 0.999948680 217.790222168
0.999916792 -0.000423541 0.012891496 -1.525169849 0.000421589 0.999999881 0.000154283 -2.724312305 -0.012891559 -0.000148836 0.999916852 217.897354126
0.999862075 0.000040802 0.016609138 -1.514381647 0.000053522 0.999983907 -0.005678472 -2.742517948 -0.016609101 0.005678576 0.999845922 218.694519043
0.999780059 0.001274181 0.020934884 -1.511864185 -0.001073199 0.999953270 -0.009608818 -2.749418974 -0.020946147 0.009584236 0.999734581 219.497680664
0.999707460 0.003295521 0.023957118 -1.502020359 -0.003088450 0.999957621 -0.008675230 -2.774447203 -0.023984691 0.008598702 0.999675274 220.288543701
0.999630570 0.002509563 0.027064066 -1.484834671 -0.002323426 0.999973416 -0.006906911 -2.770515919 -0.027080679 0.006841477 0.999609828 220.176071167
0.999574006 -0.000461348 0.029183354 -1.451961517 0.000560382 0.999994159 -0.003385420 -2.796631575 -0.029181616 0.003400332 0.999568343 221.001632690
0.999462783 -0.003179377 0.032620024 -1.433146477 0.003253979 0.999992192 -0.002234160 -2.809356689 -0.032612666 0.002339105 0.999465346 221.835845947
0.999342501 -0.002267362 0.036183484 -1.433753967 0.002356374 0.999994278 -0.002417522 -2.785917282 -0.036177795 0.002501196 0.999342203 222.001434326
0.999231756 -0.000778774 0.039181188 -1.414507866 0.000906774 0.999994338 -0.003249177 -2.821942568 -0.039178435 0.003282210 0.999226809 222.846557617
0.999140501 0.000898585 0.041439116 -1.386135101 -0.000634386 0.999979377 -0.006388308 -2.821873903 -0.041444000 0.006356529 0.999120653 223.670791626
0.999024272 0.001816384 0.044125874 -1.380676270 -0.001494842 0.999972224 -0.007318819 -2.810717583 -0.044137929 0.007245717 0.998999238 223.803771973
0.998936355 0.002376078 0.046049736 -1.331569672 -0.002137409 0.999984026 -0.005231389 -2.827430725 -0.046061438 0.005127397 0.998925388 224.653869629
0.998768806 0.004142004 0.049432449 -1.306849480 -0.003969506 0.999985754 -0.003587201 -2.845446348 -0.049446605 0.003386563 0.998770952 225.481246948
0.998544574 0.005569226 0.053644493 -1.327445030 -0.005339107 0.999975920 -0.004432060 -2.837106705 -0.053667884 0.004139195 0.998550236 225.634429932
0.998386502 0.005345971 0.056532562 -1.288163185 -0.005084132 0.999975801 -0.004774462 -2.856895208 -0.056556717 0.004479339 0.998389304 226.475723267
0.998248994 0.004081443 0.059009526 -1.263932228 -0.003770901 0.999978423 -0.005372957 -2.860334158 -0.059030179 0.005141031 0.998242915 226.822753906
0.998134375 0.000552316 0.061053161 -1.230036736 -0.000303327 0.999991596 -0.004087412 -2.885483503 -0.061054911 0.004061268 0.998126149 227.647048950
0.998091221 0.000160544 0.061756551 -1.198081970 0.000149560 0.999987364 -0.005016739 -2.883728266 -0.061756570 0.005016399 0.998078644 228.028244019
0.998037934 -0.000319899 0.062611185 -1.161556244 0.000649493 0.999986112 -0.005243885 -2.894980907 -0.062608629 0.005274262 0.998024285 228.860473633
0.998046756 -0.000899624 0.062465504 -1.114110947 0.001176177 0.999989569 -0.004390687 -2.916266918 -0.062460911 0.004455580 0.998037517 229.187362671
0.998064101 -0.000482667 0.062193096 -1.066320419 0.000728985 0.999991894 -0.003937895 -2.931511879 -0.062190708 0.003975609 0.998056352 230.043594360
0.998062134 -0.000102964 0.062225457 -1.060861588 0.000341417 0.999992669 -0.003821435 -2.934054613 -0.062224597 0.003835274 0.998054802 230.415573120
0.998149097 -0.000264619 0.060813334 -1.026944160 0.000552879 0.999988616 -0.004723362 -2.946293831 -0.060811393 0.004748242 0.998138011 231.013732910
0.998266637 0.000148182 0.058854587 -0.978368759 0.000196677 0.999982715 -0.005853694 -2.962653160 -0.058854446 0.005855122 0.998249412 231.863311768
0.998334885 0.000586878 0.057681520 -0.963537216 -0.000223923 0.999980092 -0.006298700 -2.972484589 -0.057684071 0.006275296 0.998315156 232.213058472
0.998442352 0.002267790 0.055748079 -0.915592194 -0.001903151 0.999976516 -0.006593062 -2.989938736 -0.055761725 0.006476695 0.998423100 233.057601929
0.998495936 0.003619831 0.054707117 -0.908417702 -0.003237045 0.999969602 -0.007083999 -2.999964237 -0.054731105 0.006896255 0.998477280 233.401565552
0.998622119 0.003064126 0.052388933 -0.868510246 -0.002768562 0.999979794 -0.005713372 -3.033975840 -0.052405376 0.005560457 0.998610437 234.239624023
0.998750865 0.004279082 0.049782742 -0.856563568 -0.004022958 0.999978065 -0.005243898 -3.025635242 -0.049804103 0.005037073 0.998746276 234.592254639
0.998955071 0.003371697 0.045577999 -0.823600769 -0.003231052 0.999989688 -0.003159151 -3.040005207 -0.045588184 0.003008585 0.998955727 235.437942505
0.999165535 0.001757438 0.040806856 -0.812047005 -0.001727009 0.999998152 -0.000780918 -3.056410074 -0.040808152 0.000709792 0.999166787 235.767211914
0.999349177 0.001498824 0.036040660 -0.785805702 -0.001496560 0.999998868 -0.000089789 -3.064826727 -0.036040753 0.000035792 0.999350429 236.605041504
0.999508500 0.001351028 0.031315953 -0.779847622 -0.001381396 0.999998569 0.000948183 -3.075065136 -0.031314623 -0.000990977 0.999509096 236.920867920
0.999646425 0.000237788 0.026584908 -0.766504765 -0.000286551 0.999998271 0.001830430 -3.095769167 -0.026584424 -0.001837401 0.999644876 237.718521118
0.999760151 -0.000643796 0.021889789 -0.758342266 0.000610805 0.999998629 0.001513881 -3.094855309 -0.021890737 -0.001500148 0.999759197 238.043869019
0.999837816 -0.001155687 0.017970346 -0.754017830 0.001129723 0.999998271 0.001454934 -3.113431454 -0.017971996 -0.001434396 0.999837458 238.810501099
0.999899805 -0.000255882 0.014146963 -0.754432917 0.000241024 0.999999404 0.001052069 -3.115777254 -0.014147224 -0.001048554 0.999899328 239.120697021
0.999949813 -0.000740043 0.009983815 -0.742146254 0.000728723 0.999999046 0.001137456 -3.129140615 -0.009984647 -0.001130123 0.999949515 239.868957520
