0.999997973 -0.000635159 -0.001901017 0.604837835 0.000638354 0.999998391 0.001680868 0.179912791 0.001899946 -0.001682078 0.999996781 -4.077618599
0.999997914 -0.001776174 -0.000983533 -0.003111415 0.001777685 0.999997258 0.001537703 -0.026831808 0.000980799 -0.001539448 0.999998331 1.861738801
0.999992192 -0.003342573 -0.002078680 0.603939295 0.003344388 0.999994040 0.000870532 0.178219050 0.002075757 -0.000877477 0.999997497 -3.959976673
0.999990582 -0.003553711 -0.002495613 0.593273222 0.003555825 0.999993265 0.000842993 0.130142376 0.002492601 -0.000851859 0.999996543 -0.835007131
0.999989450 -0.003799359 -0.002573738 0.587619066 0.003803448 0.999991536 0.001585520 0.114473708 0.002567692 -0.001595293 0.999995410 0.259756029
0.999981821 -0.005466020 -0.002532251 0.585981429 0.005473193 0.999980927 0.002834524 0.099515796 0.002516709 -0.002848332 0.999992788 1.362843275
0.999983907 -0.004937832 -0.002833572 0.579236448 0.004947130 0.999982357 0.003283656 0.083712153 0.002817308 -0.003297621 0.999990582 2.449646950
0.999986768 -0.004056538 -0.003160041 0.573152959 0.004060942 0.999990761 0.001388337 0.068371519 0.003154380 -0.001401151 0.999994040 3.553853989
0.999992847 -0.001355522 -0.003534474 0.566381812 0.001352015 0.999998510 -0.000994333 0.055332307 0.003535816 0.000989547 0.999993265 4.650691509
0.999992013 0.001891536 -0.003496212 0.556489229 -0.001897809 0.999996603 -0.001791666 0.035434552 0.003492811 0.001798287 0.999992311 5.738875389
0.999985635 0.004211061 -0.003312388 1.485352039 -0.004222796 0.999984801 -0.003543832 0.350713104 0.003297414 0.003557768 0.999988258 0.418032825
0.999978185 0.005222525 -0.004038181 2.016927481 -0.005237342 0.999979556 -0.003667480 0.515281260 0.004018945 0.003688550 0.999985099 -1.829029083
0.999991357 0.002763756 -0.003111064 1.478194356 -0.002763711 0.999996126 0.000018827 0.306866825 0.003111104 -0.000010229 0.999995172 2.923059702
0.999992907 -0.001541995 -0.003444435 2.006375074 0.001545382 0.999998271 0.000980725 0.466605514 0.003442917 -0.000986042 0.999993563 0.824721336
0.999984860 -0.003910844 -0.003865836 2.003014088 0.003905180 0.999991298 -0.001471507 0.445516407 0.003871557 0.001456388 0.999991417 2.152374506
0.999982476 -0.004495742 -0.003843525 1.683292150 0.004484319 0.999985456 -0.002975384 0.310030043 0.003856846 0.002958096 0.999988198 5.414885998
0.999990404 -0.002183947 -0.003795465 2.119056940 0.002162357 0.999981642 -0.005683170 0.448824137 0.003807806 0.005674908 0.999976635 4.145281315
0.999995053 0.000535785 -0.003093765 2.112799168 -0.000548307 0.999991655 -0.004047996 0.443273962 0.003091570 0.004049673 0.999987006 4.560333252
0.999997139 0.000921779 -0.002208090 1.960511327 -0.000920282 0.999999285 0.000679035 0.345604122 0.002208714 -0.000677001 0.999997318 7.495139122
0.999997079 -0.001204902 -0.002108337 2.083469152 0.001209116 0.999997199 0.001998785 0.379682660 0.002105923 -0.002001328 0.999995768 8.203824997
0.999982893 -0.005383569 -0.002329664 2.079681396 0.005383568 0.999985516 -0.000006267 0.373950958 0.002329664 -0.000006275 0.999997258 8.705797195
0.999976456 -0.005928067 -0.003460276 2.215469122 0.005920034 0.999979794 -0.002326830 0.378277242 0.003474000 0.002306291 0.999991298 10.345177650
0.999979794 -0.005722739 -0.002746682 2.209958076 0.005706880 0.999967217 -0.005746905 0.373472899 0.002779480 0.005731114 0.999979734 10.854100227
0.999993503 -0.002384352 -0.002699750 2.416093111 0.002366810 0.999976158 -0.006482285 0.430372715 0.002715142 0.006475853 0.999975264 11.716700554
0.999996483 -0.001130489 -0.002388729 2.407816410 0.001110181 0.999963403 -0.008485903 0.414340734 0.002398234 0.008483222 0.999961078 12.256607056
0.999997258 -0.000055193 -0.002321377 2.405306339 0.000035546 0.999964297 -0.008462705 0.405132681 0.002321761 0.008462599 0.999961495 12.866997719
0.999996603 0.000075703 -0.002604894 2.391131401 -0.000093983 0.999975383 -0.007017925 0.335260957 0.002604299 0.007018147 0.999971926 15.865978241
0.999996364 0.001091970 -0.002462539 2.379871368 -0.001105993 0.999983132 -0.005700215 0.326451421 0.002456273 0.005702918 0.999980688 16.442518234
0.999989033 0.003584609 -0.003018189 2.372236013 -0.003599915 0.999980628 -0.005081064 0.273244917 0.002999917 0.005091874 0.999982476 18.650764465
0.999980032 0.005779319 -0.002576114 2.365787268 -0.005794597 0.999965429 -0.005963156 0.268414497 0.002541561 0.005977963 0.999978900 19.280006409
0.999961436 0.008319812 -0.002847761 2.345881224 -0.008334361 0.999952078 -0.005135527 0.217120558 0.002804899 0.005159063 0.999982774 21.447023392
0.999958158 0.008515191 -0.003348085 2.342113018 -0.008532984 0.999949336 -0.005336986 0.203994632 0.003302470 0.005365331 0.999980211 22.146274567
0.999958694 0.007914330 -0.004466495 2.403450012 -0.007939270 0.999952793 -0.005594117 0.189515576 0.004422010 0.005629346 0.999974370 24.206645966
0.999953747 0.007877761 -0.005518573 2.406619072 -0.007910660 0.999950886 -0.005965243 0.171188906 0.005471310 0.006008622 0.999966979 24.946365356
0.999964654 0.005192347 -0.006600130 2.512823343 -0.005230439 0.999969721 -0.005767035 0.154342070 0.006569987 0.005801352 0.999961615 26.150714874
0.999955118 0.005646001 -0.007600406 2.502563715 -0.005682743 0.999972284 -0.004821317 0.136348039 0.007572974 0.004864291 0.999959528 26.969257355
0.999943316 0.006583737 -0.008369638 2.381850481 -0.006627575 0.999964416 -0.005221109 0.081972480 0.008334965 0.005276283 0.999951363 29.556085587
0.999930799 0.006695254 -0.009679875 2.368001223 -0.006746003 0.999963641 -0.005219767 0.068261936 0.009644578 0.005284705 0.999939501 30.400177002
0.999922693 0.006565331 -0.010560345 2.500010967 -0.006608877 0.999969780 -0.004094025 0.046096131 0.010533147 0.004163501 0.999935806 31.513586044
0.999929905 0.004143090 -0.011091781 2.484663963 -0.004174278 0.999987364 -0.002790223 0.025445551 0.011080082 0.002836328 0.999934554 32.439647675
0.999920368 0.003111797 -0.012230404 2.460592985 -0.003146081 0.999991179 -0.002784958 -0.019486174 0.012221630 0.002823215 0.999921262 34.420089722
0.999918044 0.000160782 -0.012800484 2.452020407 -0.000212649 0.999991834 -0.004050666 -0.034468941 0.012799727 0.004053056 0.999909818 35.456703186
0.999913335 -0.001475050 -0.013083764 2.416796446 0.001437431 0.999994755 -0.002884221 -0.088776432 0.013087951 0.002865164 0.999910235 37.364013672
0.999930859 -0.000546809 -0.011744836 2.381588221 0.000512622 0.999995589 -0.002913615 -0.108927250 0.011746378 0.002907393 0.999926805 38.507068634
0.999899626 -0.003321571 -0.013769031 2.615508080 0.003280894 0.999990165 -0.002975744 -0.013264291 0.013778779 0.002930271 0.999900758 39.158882141
0.999908626 -0.004268497 -0.012827682 2.600357533 0.004224896 0.999985218 -0.003424104 -0.046336658 0.012842108 0.003369595 0.999911845 40.270236969
0.999882936 -0.007556318 -0.013302999 2.595436573 0.007500445 0.999962866 -0.004244840 -0.056655854 0.013334580 0.004144565 0.999902487 41.924419403
0.999896288 -0.006772247 -0.012711914 2.578573227 0.006715962 0.999967456 -0.004465266 -0.087114975 0.012741742 0.004379430 0.999909222 43.146720886
0.999908388 -0.006481843 -0.011879957 2.413926363 0.006430660 0.999970019 -0.004341423 -0.181048974 0.011907740 0.004264630 0.999919951 45.537105560
0.999944806 -0.002751146 -0.010141980 2.378266335 0.002716497 0.999990404 -0.003428629 -0.203324199 0.010151317 0.003400889 0.999942660 46.691184998
0.999936700 0.000659101 -0.011229726 2.507942438 -0.000685634 0.999996960 -0.002359066 -0.178373247 0.011228138 0.002366616 0.999934137 47.566730499
0.999931455 0.005344632 -0.010410906 2.477119446 -0.005364544 0.999983788 -0.001885714 -0.211903125 0.010400658 0.001941435 0.999944031 48.790046692
0.999908864 0.009340821 -0.009743888 2.441903830 -0.009364225 0.999953389 -0.002359042 -0.242135078 0.009721399 0.002450071 0.999949753 50.382259369
0.999877393 0.012590944 -0.009301032 2.442030430 -0.012621402 0.999915123 -0.003223245 -0.261534035 0.009259660 0.003340242 0.999951541 51.574478149
0.999864221 0.014272423 -0.008234670 2.390644073 -0.014299885 0.999892294 -0.003285558 -0.298427105 0.008186890 0.003402866 0.999960721 53.175987244
0.999877155 0.013258820 -0.008355026 2.379091263 -0.013281269 0.999908268 -0.002637107 -0.327079117 0.008319294 0.002747748 0.999961615 54.482032776
0.999878705 0.013510008 -0.007751537 2.343924046 -0.013534225 0.999903679 -0.003080345 -0.367418408 0.007709174 0.003184882 0.999965191 55.955764771
0.999888957 0.012941134 -0.007390094 2.304055691 -0.012974229 0.999906003 -0.004447958 -0.383450538 0.007331837 0.004543344 0.999962747 57.246517181
0.999890983 0.011762934 -0.008913033 2.329475880 -0.011799170 0.999922335 -0.004023824 -0.419643283 0.008865008 0.004128552 0.999952137 58.521205902
0.999902487 0.010394718 -0.009320543 2.322381020 -0.010430990 0.999938130 -0.003851398 -0.447638988 0.009279932 0.003948244 0.999949157 60.105133057
0.999898493 0.010535428 -0.009590049 2.302103996 -0.010578806 0.999934018 -0.004483653 -0.478354752 0.009542180 0.004584649 0.999943972 61.356029510
0.999893546 0.010299918 -0.010336464 2.284104586 -0.010343834 0.999937654 -0.004204435 -0.483704150 0.010292515 0.004310906 0.999937654 62.385139465
0.999893308 0.009520073 -0.011080915 2.264454126 -0.009554408 0.999949694 -0.003049976 -0.520098805 0.011051321 0.003155522 0.999933898 63.644752502
0.999890685 0.007704590 -0.012619580 2.249351501 -0.007735902 0.999967098 -0.002434194 -0.549435019 0.012600409 0.002531552 0.999917388 65.115989685
0.999886215 0.005676225 -0.013972240 2.243608236 -0.005702707 0.999981999 -0.001856382 -0.576838732 0.013961452 0.001935851 0.999900579 66.393409729
0.999884725 0.002264165 -0.015011867 2.207431793 -0.002290931 0.999995828 -0.001766067 -0.606122553 0.015007805 0.001800255 0.999885738 67.842323303
0.999877453 0.001092236 -0.015609833 2.191458225 -0.001123004 0.999997437 -0.001962457 -0.640843928 0.015607651 0.001979746 0.999876261 69.122558594
0.999873936 -0.000405550 -0.015873792 2.169968605 0.000361160 0.999996006 -0.002799230 -0.662171900 0.015874865 0.002793144 0.999870062 70.442550659
0.999868274 -0.000125628 -0.016229626 2.132530451 0.000075219 0.999995172 -0.003106575 -0.695814371 0.016229939 0.003104945 0.999863386 71.897750854
0.999874771 -0.000099934 -0.015826149 2.100950003 0.000041853 0.999993324 -0.003670206 -0.724812269 0.015826410 0.003669084 0.999867916 73.137931824
0.999875665 0.000805179 -0.015744420 2.071698189 -0.000872097 0.999990642 -0.004243874 -0.761959195 0.015740858 0.004257077 0.999866962 74.571395874
0.999882817 0.001383887 -0.015240789 2.044742107 -0.001444539 0.999991119 -0.003969340 -0.786437631 0.015235161 0.003990892 0.999875903 75.782188416
0.999877751 0.001845479 -0.015524712 2.031095982 -0.001886625 0.999994755 -0.002636187 -0.813935578 0.015519768 0.002665154 0.999876022 77.133453369
0.999877989 0.001943187 -0.015498147 2.009321690 -0.001955785 0.999997795 -0.000797814 -0.849308968 0.015496564 0.000828028 0.999879599 78.405258179
0.999876499 0.003363909 -0.015349782 1.964262843 -0.003410191 0.999989629 -0.002989932 -0.872091532 0.015339564 0.003041909 0.999877632 79.896621704
0.999878645 0.002562879 -0.015368028 1.943028450 -0.002639018 0.999984264 -0.004936093 -0.901010394 0.015355137 0.004976050 0.999869645 81.128753662
0.999873459 0.002113436 -0.015764456 1.926961660 -0.002218723 0.999975264 -0.006664200 -0.935662210 0.015749983 0.006698334 0.999853492 82.428878784
0.999882400 -0.000362759 -0.015333626 1.890800595 0.000281358 0.999985814 -0.005310445 -0.960366607 0.015335338 0.005305506 0.999868274 83.671867371
0.999892116 -0.001541995 -0.014602992 1.907276750 0.001492752 0.999993145 -0.003382443 -0.985914826 0.014608107 0.003360279 0.999887645 84.705978394
0.999899685 -0.002412600 -0.013957942 1.889827847 0.002363121 0.999990821 -0.003560241 -1.005468845 0.013966404 0.003526899 0.999896288 85.964431763
0.999905229 -0.004207319 -0.013109639 1.870872140 0.004149627 0.999981582 -0.004424798 -1.036669612 0.013128014 0.004369979 0.999904275 87.319190979
0.999923468 -0.002335252 -0.012151946 1.840418935 0.002254962 0.999975562 -0.006616622 -1.065448999 0.012167102 0.006588713 0.999904275 88.581924438
0.999933958 -0.000143347 -0.011488401 1.826045752 0.000041120 0.999960423 -0.008897966 -1.097357035 0.011489220 0.008896907 0.999894381 89.936157227
0.999952197 0.002943988 -0.009322497 1.787830472 -0.003029828 0.999953032 -0.009207161 -1.128055573 0.009294953 0.009234969 0.999914110 91.159423828
0.999952495 0.004153821 -0.008831337 1.779206038 -0.004215176 0.999967039 -0.006940206 -1.162156820 0.008802218 0.006977099 0.999936938 92.569549561
0.999957204 0.004360949 -0.008156396 1.762131214 -0.004404430 0.999976158 -0.005320551 -1.179046750 0.008132999 0.005356248 0.999952614 93.868103027
0.999968648 0.004028408 -0.006820932 1.758327842 -0.004058017 0.999982476 -0.004332770 -1.209838510 0.006803359 0.004360314 0.999967337 95.020606995
0.999971509 0.004410272 -0.006130698 1.733960152 -0.004441852 0.999976933 -0.005147326 -1.231284022 0.006107857 0.005174411 0.999967992 96.308784485
0.999968827 0.006433656 -0.004580762 1.750372529 -0.006458304 0.999964654 -0.005386743 -1.269010782 0.004545944 0.005416160 0.999974966 97.472969055
0.999956608 0.008863139 -0.002880163 1.730104208 -0.008880279 0.999942660 -0.005993328 -1.296004295 0.002826879 0.006018646 0.999977887 98.720863342
0.999953926 0.009309599 -0.002342895 1.722510576 -0.009325816 0.999931931 -0.007008732 -1.323697805 0.002277488 0.007030259 0.999972701 100.121505737
0.999934852 0.011353237 -0.001222531 1.707636118 -0.011363141 0.999899924 -0.008424104 -1.348099470 0.001126768 0.008437446 0.999963760 101.398757935
0.999954879 0.009502775 -0.000381621 1.778061748 -0.009505640 0.999919713 -0.008375687 -1.340641022 0.000301998 0.008378937 0.999964833 102.273025513
0.999956310 0.009333855 0.000519779 1.765573740 -0.009330141 0.999933779 -0.006740924 -1.384822369 -0.000582664 0.006735779 0.999977112 103.562210083
0.999972761 0.007324691 0.000870203 1.700506330 -0.007319282 0.999954820 -0.006063487 -1.445840359 -0.000914577 0.006056953 0.999981225 105.408477783
0.999976158 0.006779169 0.001326298 1.698584557 -0.006772062 0.999963045 -0.005291061 -1.484520912 -0.001362118 0.005281953 0.999985099 106.676376343
0.999986529 0.005041345 0.001202793 1.774889588 -0.005034217 0.999970198 -0.005857794 -1.474083304 -0.001232287 0.005851660 0.999982119 107.589233398
0.999991298 0.004016274 0.001137203 1.765568852 -0.004010446 0.999979019 -0.005081028 -1.509353995 -0.001157586 0.005076423 0.999986470 108.875091553
0.999996781 0.002466507 0.000533296 1.759510159 -0.002463420 0.999980628 -0.005712715 -1.534698486 -0.000547376 0.005711383 0.999983549 110.250061035
0.999999404 0.000958233 -0.000555157 1.749132991 -0.000961565 0.999981225 -0.006034155 -1.556281447 0.000549365 0.006034685 0.999981701 111.514167786
0.999998212 -0.000268505 -0.001882404 1.753637195 0.000259122 0.999987543 -0.004983431 -1.596014261 0.001883720 0.004982934 0.999985814 112.888534546
0.999994457 -0.001640060 -0.002910594 1.744256854 0.001625262 0.999985695 -0.005079176 -1.620612383 0.002918882 0.005074416 0.999982953 114.176406860
0.999988258 -0.002054407 -0.004377601 1.741960168 0.002032230 0.999985039 -0.005064548 -1.653298259 0.004387941 0.005055592 0.999977589 115.525283813
0.999980390 -0.002229521 -0.005862182 1.732278109 0.002195843 0.999980986 -0.005745257 -1.684914112 0.005874880 0.005732271 0.999966323 116.829597473
0.999975264 -0.002227445 -0.006658722 1.722257972 0.002189855 0.999981582 -0.005647230 -1.719240785 0.006671180 0.005632509 0.999961913 118.162071228
0.999958158 -0.004841889 -0.007745157 1.703647137 0.004778837 0.999955416 -0.008138722 -1.748774290 0.007784220 0.008101369 0.999936938 119.440460205
0.999904752 -0.010502086 -0.008948077 1.697200298 0.010427365 0.999910653 -0.008356244 -1.814391255 0.009035033 0.008262144 0.999925017 120.923202515
0.999790251 -0.017992074 -0.009781851 1.680826545 0.017935505 0.999822080 -0.005840147 -1.851147771 0.009885185 0.005663481 0.999935150 122.197319031
0.999617159 -0.025074847 -0.011694212 1.719704390 0.025028190 0.999678254 -0.004118849 -1.894650698 0.011793729 0.003824587 0.999923110 123.457656860
0.999499798 -0.028726323 -0.013231980 1.717168093 0.028625160 0.999559939 -0.007772509 -1.916923881 0.013449434 0.007389854 0.999882221 124.747894287
0.999526978 -0.027957704 -0.012814127 1.698483348 0.027820112 0.999554694 -0.010792898 -1.957061768 0.013110164 0.010431302 0.999859631 126.063476562
0.999637008 -0.024362134 -0.011501946 1.669215202 0.024212269 0.999622285 -0.012994080 -1.991323948 0.011814166 0.012710873 0.999849439 127.381759644
0.999637425 -0.024668103 -0.010794670 1.644689083 0.024526810 0.999614179 -0.013031533 -2.030240059 0.011111967 0.012762046 0.999856830 128.671798706
0.999572456 -0.027463831 -0.010032473 1.634698153 0.027367059 0.999578714 -0.009659341 -2.067439556 0.010293532 0.009380651 0.999903023 130.013885498
0.999465466 -0.031430818 -0.008992659 1.605849504 0.031360555 0.999477327 -0.007850318 -2.084460020 0.009234700 0.007564108 0.999928772 131.290008545
0.999250531 -0.037423022 -0.009882004 1.574328899 0.037379656 0.999290824 -0.004537786 -2.216012716 0.010044813 0.004165000 0.999940872 132.890106201
0.999156475 -0.039761305 -0.010263650 1.567412972 0.039716866 0.999200881 -0.004497382 -2.246715069 0.010434271 0.004085948 0.999937236 134.162826538
0.999272346 -0.037025020 -0.009149863 1.557583094 0.036983166 0.999304771 -0.004701954 -2.263108492 0.009317593 0.004360143 0.999947071 135.458389282
0.999447584 -0.032309681 -0.007776124 1.532237172 0.032268792 0.999465048 -0.005326810 -2.293663502 0.007944074 0.005072942 0.999955595 136.805023193
0.999575198 -0.028318377 -0.006881905 1.505462646 0.028267095 0.999572694 -0.007437488 -2.327952862 0.007089582 0.007239797 0.999948680 138.094741821
0.999596536 -0.027781444 -0.005903655 1.420948982 0.027740454 0.999591231 -0.006914607 -2.418936014 0.006093339 0.006748050 0.999958694 139.643203735
0.999667048 -0.025238506 -0.005367678 1.388420105 0.025205610 0.999663651 -0.006110084 -2.441625595 0.005520083 0.005972754 0.999966919 140.939895630
0.999669373 -0.024873551 -0.006508227 1.388140202 0.024833448 0.999672532 -0.006171430 -2.479092121 0.006659600 0.006007769 0.999959826 142.280136108
0.999752462 -0.021429257 -0.005983127 1.348125219 0.021378983 0.999736607 -0.008344030 -2.534559250 0.006160358 0.008214053 0.999947250 143.586166382
0.999814153 -0.018134257 -0.006545929 1.327852249 0.018059498 0.999772966 -0.011304688 -2.566091776 0.006749444 0.011184371 0.999914706 144.882156372
0.999904454 -0.011888128 -0.007042059 1.321182013 0.011795970 0.999846101 -0.012986761 -2.562416315 0.007195364 0.012902452 0.999890983 146.264923096
0.999951184 -0.007158011 -0.006805768 1.299476504 0.007077810 0.999906063 -0.011736248 -2.600004911 0.006889137 0.011687504 0.999907970 147.563415527
0.999975383 -0.003468765 -0.006105128 1.277864695 0.003405686 0.999941051 -0.010312496 -2.636363268 0.006140539 0.010291448 0.999928236 148.831008911
0.999976337 -0.003451460 -0.005937508 1.260035753 0.003407668 0.999967039 -0.007369578 -2.692016840 0.005962749 0.007349170 0.999955177 150.129638672
0.999934912 -0.008349273 -0.007777578 1.274665236 0.008303222 0.999947906 -0.005934787 -2.724688768 0.007826725 0.005869821 0.999952137 151.435409546
0.999923527 -0.008851007 -0.008636991 1.244052649 0.008795772 0.999940753 -0.006412371 -2.755794525 0.008693239 0.006335912 0.999942064 152.761016846
0.999916077 -0.008063971 -0.010140373 1.216216445 0.007947852 0.999902964 -0.011439849 -2.781753302 0.010231638 0.011358295 0.999883056 154.092391968
0.999896884 -0.006529158 -0.012791482 1.246820569 0.006325738 0.999853909 -0.015879193 -2.756127834 0.012893289 0.015796641 0.999792039 155.484115601
0.999899387 -0.002269108 -0.014000652 1.228972673 0.002036968 0.999860585 -0.016572714 -2.793207645 0.014036304 0.016542528 0.999764681 156.822494507
0.999900520 0.002582562 -0.013868070 1.196303844 -0.002803339 0.999869287 -0.015924051 -2.844544888 0.013825132 0.015961345 0.999777019 158.172454834
0.999903977 0.003673263 -0.013370563 1.159468889 -0.003840127 0.999914825 -0.012475682 -2.863000154 0.013323599 0.012525824 0.999832749 159.500717163
0.999897659 0.005746864 -0.013096522 1.147462368 -0.005884902 0.999927223 -0.010526102 -2.915874243 0.013035073 0.010602094 0.999858856 160.846572876
0.999909639 0.004529293 -0.012654321 1.094845533 -0.004656527 0.999938726 -0.010043201 -2.924333572 0.012608057 0.010101220 0.999869466 162.197799683
0.999914050 0.002150788 -0.012935076 1.089453936 -0.002269289 0.999955535 -0.009153534 -2.965696812 0.012914811 0.009182100 0.999874413 163.504943848
0.999917746 -0.001012648 -0.012788910 1.075569868 0.000908291 0.999966264 -0.008163169 -2.997175217 0.012796745 0.008150881 0.999884844 164.858810425
0.999912620 -0.002007760 -0.013064561 1.066455603 0.001886699 0.999955177 -0.009272142 -2.987519264 0.013082594 0.009246684 0.999871612 166.387634277
0.999908984 -0.005031938 -0.012515004 1.048781872 0.004922245 0.999949276 -0.008780282 -3.009522915 0.012558552 0.008717882 0.999883115 167.752899170
0.999873877 -0.010556749 -0.011866975 1.019438982 0.010488112 0.999927938 -0.005831345 -3.098505497 0.011927682 0.005706148 0.999912560 168.861724854
0.999842048 -0.013480880 -0.011579503 1.004217029 0.013417990 0.999894917 -0.005491683 -3.138364553 0.011652318 0.005335442 0.999917805 170.204971313
0.999873936 -0.010264696 -0.012107346 1.003720760 0.010130820 0.999887407 -0.011067304 -3.117890835 0.012219585 0.010943251 0.999865472 171.744979858
0.999931753 -0.002755333 -0.011353671 0.965309143 0.002563046 0.999853551 -0.016916003 -3.143989325 0.011398618 0.016885746 0.999792516 173.113327026
0.999927938 0.005747874 -0.010537824 0.954139471 -0.005918600 0.999850452 -0.016242344 -3.194652081 0.010442889 0.016303545 0.999812603 174.451919556
0.999860883 0.013935277 -0.009159672 0.907300115 -0.014051723 0.999819696 -0.012773816 -3.234673023 0.008980014 0.012900749 0.999876380 175.814849854
0.999854624 0.015053061 -0.008000723 0.869690895 -0.015141387 0.999823809 -0.011096691 -3.260696173 0.007832274 0.011216220 0.999906361 177.194961548
0.999864340 0.013873121 -0.008877700 0.877346158 -0.013969253 0.999843419 -0.010859553 -3.260910511 0.008725655 0.010982094 0.999901593 178.473922729
0.999891818 0.010385524 -0.010406406 0.864799261 -0.010498738 0.999885619 -0.010884295 -3.300176144 0.010292175 0.010992373 0.999886632 179.865295410
0.999897361 0.009052985 -0.011105623 0.848883629 -0.009182421 0.999889791 -0.011659782 -3.330578089 0.010998845 0.011760561 0.999870360 181.258239746
0.999889493 0.009308127 -0.011593580 0.824293852 -0.009449277 0.999881148 -0.012180302 -3.370345592 0.011478825 0.012288507 0.999858618 182.601699829
0.999866307 0.011597093 -0.011527091 0.785777807 -0.011738456 0.999855816 -0.012272635 -3.402691364 0.011383102 0.012406304 0.999858260 183.982452393
0.999861538 0.011463288 -0.012055844 0.776541710 -0.011597729 0.999870598 -0.011141380 -3.444749355 0.011926569 0.011279658 0.999865234 185.370651245
0.999851584 0.012178376 -0.012188951 0.748408079 -0.012327216 0.999849439 -0.012211338 -3.475277424 0.012038403 0.012359781 0.999851108 186.777023315
0.999840319 0.012472690 -0.012793396 0.754119396 -0.012652614 0.999820769 -0.014080628 -3.430690527 0.012615480 0.014240250 0.999818981 188.007965088
0.999848008 0.012176787 -0.012472863 0.714500427 -0.012361608 0.999813378 -0.014849638 -3.465432167 0.012289714 0.015001565 0.999811947 189.391067505
0.999840140 0.011660948 -0.013554130 0.690780163 -0.011864796 0.999816239 -0.015057660 -3.487157106 0.013376051 0.015216071 0.999794781 190.860000610
0.999840200 0.011400009 -0.013768096 0.668921471 -0.011612734 0.999812901 -0.015470824 -3.521043539 0.013589151 0.015628239 0.999785602 192.241821289
0.999829292 0.012183075 -0.013888612 0.628506899 -0.012399418 0.999801338 -0.015598814 -3.569198608 0.013695812 0.015768360 0.999781847 193.639694214
0.999812484 0.012647108 -0.014663585 0.606074810 -0.012882557 0.999787807 -0.016075039 -3.611369371 0.014457169 0.016260929 0.999763250 195.067810059
0.999808490 0.012578540 -0.014986332 0.582882166 -0.012818700 0.999789178 -0.016038444 -3.661558151 0.014781433 0.016227478 0.999759078 196.457000732
0.999799907 0.013103529 -0.015107227 0.551238537 -0.013345035 0.999782920 -0.015997659 -3.706556797 0.014894322 0.016196063 0.999757946 197.871749878
0.999807417 0.012286832 -0.015298337 0.498292446 -0.012538488 0.999785841 -0.016464157 -3.743330240 0.015092769 0.016652804 0.999747396 199.367202759
0.999832511 0.011196502 -0.014479119 0.442454338 -0.011440865 0.999791622 -0.016905747 -3.782356024 0.014286819 0.017068569 0.999752223 200.805664062
0.999841809 0.009250040 -0.015188985 0.424647808 -0.009498945 0.999820352 -0.016397644 -3.843974829 0.015034578 0.016539328 0.999750197 202.254150391
0.999856889 0.008224548 -0.014785058 0.393217325 -0.008460054 0.999837160 -0.015937287 -3.883711815 0.014651574 0.016060088 0.999763727 203.673477173
0.999867320 0.007158527 -0.014632196 0.343589306 -0.007378474 0.999859750 -0.015033436 -3.969933033 0.014522528 0.015139404 0.999779880 205.094467163
0.999868870 0.007501172 -0.014355912 0.308126926 -0.007722593 0.999851108 -0.015430921 -4.016215801 0.014238025 0.015539763 0.999777853 206.528274536
0.999856591 0.008073364 -0.014883297 0.301640987 -0.008305057 0.999844253 -0.015571843 -4.068173885 0.014755262 0.015693218 0.999767959 207.890090942
0.999869108 0.009445085 -0.013132685 0.237068176 -0.009649075 0.999832451 -0.015557384 -4.102028847 0.012983542 0.015682068 0.999792695 209.339965820
0.999858022 0.010081688 -0.013501885 0.238403320 -0.010261767 0.999858379 -0.013334990 -4.145735741 0.013365533 0.013471654 0.999819934 210.730468750
0.999874413 0.009742446 -0.012500832 0.199575424 -0.009905106 0.999866188 -0.013016722 -4.185546875 0.012372343 0.013138910 0.999837160 212.167541504
0.999881685 0.009632101 -0.011993045 0.179705143 -0.009802724 0.999850392 -0.014250303 -4.243196487 0.011853989 0.014366182 0.999826491 213.477416992
0.999888122 0.009616663 -0.011451312 0.154300213 -0.009793807 0.999831617 -0.015515126 -4.299662590 0.011300180 0.015625546 0.999814034 214.928314209
0.999886572 0.009761905 -0.011471824 0.135862350 -0.009931772 0.999840498 -0.014844738 -4.334506512 0.011325082 0.014956990 0.999823928 216.317031860
0.999888718 0.009588398 -0.011431755 0.110463619 -0.009745608 0.999857605 -0.013776535 -4.384893417 0.011298032 0.013886413 0.999839723 217.766754150
0.999882579 0.009574751 -0.011969117 0.088381052 -0.009732685 0.999865413 -0.013207114 -4.435332298 0.011841051 0.013322056 0.999841094 219.248947144
0.999872267 0.010357060 -0.012168075 0.061888218 -0.010517466 0.999857605 -0.013193362 -4.471737385 0.012029699 0.013319653 0.999838948 220.582473755
0.999854922 0.011753047 -0.012331985 0.046958685 -0.011920523 0.999836504 -0.013596162 -4.501044273 0.012170172 0.013741195 0.999831498 222.054931641
0.999874949 0.011652289 -0.010682595 -0.054511786 -0.011779620 0.999859333 -0.011935187 -4.627840996 0.010542021 0.012059534 0.999871671 223.309082031
0.999876797 0.011874949 -0.010264031 -0.088926792 -0.011998756 0.999854982 -0.012085987 -4.665229321 0.010119024 0.012207654 0.999874294 224.760070801
0.999887347 0.010082472 -0.011106688 -0.103091955 -0.010211988 0.999879718 -0.011666956 -4.702948570 0.010987720 0.011779062 0.999870360 226.164672852
0.999914467 0.007946885 -0.010378372 -0.139008760 -0.008055715 0.999912500 -0.010486952 -4.745553970 0.010294125 0.010569661 0.999891162 227.610168457
0.999918222 0.005717140 -0.011432506 -0.145893335 -0.005832833 0.999931872 -0.010112036 -4.776139259 0.011373917 0.010177894 0.999883533 229.022445679
0.999928355 0.004715503 -0.010997796 -0.184710264 -0.004840749 0.999923468 -0.011389693 -4.817570686 0.010943246 0.011442117 0.999874711 230.499298096
0.999930143 0.001437944 -0.011729578 -0.200192451 -0.001578180 0.999927282 -0.011955244 -4.847205162 0.011711534 0.011972919 0.999859691 231.859741211
0.999926507 0.001333791 -0.012045430 -0.210761309 -0.001459475 0.999944568 -0.010431446 -4.893645287 0.012030846 0.010448257 0.999873102 233.337112427
0.999941289 -0.001419714 -0.010734460 -0.244109154 0.001332625 0.999966145 -0.008115767 -4.939996719 0.010745619 0.008100986 0.999909401 234.753768921
0.999949336 -0.001601331 -0.009929368 -0.282823324 0.001502557 0.999949336 -0.009947158 -4.967239380 0.009944795 0.009931735 0.999901235 236.220031738
0.999944329 -0.003242204 -0.010043172 -0.286386251 0.003138911 0.999942124 -0.010283744 -5.006386757 0.010075933 0.010251646 0.999896705 237.580505371
0.999950886 -0.002729170 -0.009530884 -0.310209870 0.002626587 0.999938607 -0.010759205 -5.036957264 0.009559663 0.010733644 0.999896646 239.011413574
0.999969244 -0.001728824 -0.007651262 -0.356134772 0.001646665 0.999941051 -0.010731258 -5.073104858 0.007669361 0.010718329 0.999913156 240.396255493
0.999969065 0.001534228 -0.007711400 -0.338519454 -0.001613634 0.999945641 -0.010301475 -5.134891033 0.007695176 0.010313602 0.999917209 241.795776367
0.999965310 0.004699641 -0.006874276 -0.353167772 -0.004778454 0.999922514 -0.011493774 -5.176012039 0.006819727 0.011526224 0.999910295 243.214691162
0.999966741 0.003640490 -0.007293768 -0.346025229 -0.003720828 0.999932230 -0.011031469 -5.207259178 0.007253116 0.011058242 0.999912500 244.663955688
0.999979258 0.003078789 -0.005652876 -0.372042656 -0.003145763 0.999924541 -0.011877385 -5.234532356 0.005615882 0.011894915 0.999913394 246.023773193
0.999977350 0.005968776 -0.003105574 -0.406996518 -0.006005525 0.999910414 -0.011961869 -5.297753334 0.003033899 0.011980249 0.999923587 247.411895752
0.999980390 0.005104218 -0.003620692 -0.379088938 -0.005147759 0.999913275 -0.012120038 -5.336583138 0.003558516 0.012138443 0.999920011 248.979888916
0.999989033 0.003395520 -0.003222479 -0.366796494 -0.003432046 0.999929070 -0.011397844 -5.366194725 0.003183549 0.011408778 0.999929905 250.368209839
0.999988377 0.004231076 -0.002309458 -0.398288608 -0.004256728 0.999927998 -0.011217192 -5.411430359 0.002261832 0.011226894 0.999934435 251.810577393
0.999993563 0.002147934 -0.002881011 -0.397046208 -0.002185047 0.999913752 -0.012940675 -5.477569580 0.002852968 0.012946883 0.999912083 253.269866943
0.999993145 0.002419640 -0.002799607 -0.391581237 -0.002464031 0.999869525 -0.015963092 -5.496345520 0.002760616 0.015969880 0.999868810 254.707229614
0.999985099 0.002504139 -0.004858212 -0.379726946 -0.002577326 0.999882400 -0.015117718 -5.560509682 0.004819784 0.015130013 0.999873996 256.186340332
0.999987185 0.000782021 -0.005000201 -0.401255786 -0.000860827 0.999875247 -0.015777858 -5.587588310 0.004987238 0.015781963 0.999862969 257.561828613
0.999980390 0.001145266 -0.006151699 -0.415688157 -0.001248229 0.999858797 -0.016759563 -5.629741192 0.006131637 0.016766913 0.999840617 259.015045166
0.999976397 0.000779122 -0.006830642 -0.411885500 -0.000892748 0.999861002 -0.016647499 -5.656150818 0.006816722 0.016653201 0.999838114 260.212646484
0.999970257 0.000823827 -0.007675353 -0.428186059 -0.000949411 0.999865532 -0.016372671 -5.700998306 0.007660832 0.016379468 0.999836564 261.669097900
0.999959350 -0.000473174 -0.009001888 -0.402565360 0.000329525 0.999872625 -0.015952470 -5.737174034 0.009008291 0.015948849 0.999832213 262.801788330
0.999952614 0.000306968 -0.009732788 -0.428338528 -0.000450154 0.999891579 -0.014712930 -5.779606342 0.009727219 0.014716611 0.999844372 264.190093994
0.999946773 0.000842755 -0.010276133 -0.478377342 -0.000983558 0.999905527 -0.013704566 -5.815575600 0.010263613 0.013713946 0.999853194 265.845947266
0.999953032 0.002378264 -0.009392713 -0.503540993 -0.002503535 0.999907792 -0.013347892 -5.861731529 0.009360104 0.013370782 0.999866664 267.232818604
0.999962211 0.001514739 -0.008561427 -0.499032855 -0.001627837 0.999911308 -0.013218637 -5.902104855 0.008540644 0.013232077 0.999875963 268.427215576
0.999970555 -0.000005725 -0.007674797 -0.530583858 -0.000097907 0.999908864 -0.013502518 -5.934782028 0.007674174 0.013502873 0.999879301 269.837890625
0.999969602 -0.001818005 -0.007584993 -0.558966875 0.001718721 0.999913037 -0.013075530 -6.061983109 0.007608104 0.013062099 0.999885738 271.325866699
0.999966502 -0.003835360 -0.007229291 -0.579474926 0.003724206 0.999875605 -0.015326765 -6.095335007 0.007287174 0.015299331 0.999856353 272.750885010
0.999964476 -0.004305081 -0.007242822 -0.588431597 0.004188091 0.999861777 -0.016090868 -6.146222115 0.007311093 0.016059969 0.999844313 274.220458984
0.999948323 -0.003249598 -0.009628719 -0.610879660 0.003086247 0.999851942 -0.016931456 -6.196803093 0.009682312 0.016900863 0.999810338 275.666046143
0.999933243 -0.003526735 -0.011001820 -0.660313606 0.003356953 0.999875605 -0.015412696 -6.274159431 0.011054807 0.015374735 0.999820709 277.094421387
0.999929845 -0.002410000 -0.011597911 -0.667241335 0.002269020 0.999923527 -0.012153472 -6.313411236 0.011626315 0.012126303 0.999858975 278.539550781
0.999935806 -0.003420081 -0.010802158 -0.703967094 0.003319921 0.999951422 -0.009276555 -6.352610588 0.010833360 0.009240096 0.999898612 280.008300781
0.999934733 -0.004159916 -0.010640124 -0.725689411 0.004069420 0.999955475 -0.008512707 -6.393410683 0.010675061 0.008468852 0.999907136 281.499267578
0.999933362 -0.005013450 -0.010396372 -0.741242170 0.004910367 0.999938726 -0.009917232 -6.422579765 0.010445454 0.009865523 0.999896765 282.932006836
0.999931633 -0.005824821 -0.010136753 -0.761084795 0.005724568 0.999934673 -0.009891006 -6.463181496 0.010193704 0.009832302 0.999899745 284.412780762
0.999928772 -0.006257518 -0.010174417 -0.768751144 0.006162754 0.999937594 -0.009318776 -6.508501053 0.010232096 0.009255409 0.999904811 285.857299805
0.999928594 -0.006702301 -0.009892263 -0.788447857 0.006609411 0.999934018 -0.009393238 -6.544989586 0.009954567 0.009327185 0.999906957 287.338897705
0.999952376 -0.004143343 -0.008828130 -0.814669132 0.004049864 0.999935806 -0.010580399 -6.587262630 0.008871401 0.010544144 0.999904990 288.775329590
0.999964952 -0.002823388 -0.007880450 -0.841540575 0.002733085 0.999930799 -0.011446461 -6.627010345 0.007912223 0.011424523 0.999903440 290.240264893
0.999964118 -0.004776105 -0.006996937 -0.910080791 0.004713669 0.999949098 -0.008912887 -6.689592361 0.007039152 0.008879587 0.999935806 291.876831055
0.999958396 -0.005781740 -0.007054748 -0.921374559 0.005726739 0.999953270 -0.007791685 -6.736970901 0.007099469 0.007750960 0.999944746 293.314239502
0.999955714 -0.006528969 -0.006774128 -0.947359562 0.006464145 0.999933541 -0.009547547 -6.767198563 0.006836015 0.009503336 0.999931455 294.749603271
0.999966085 -0.004894052 -0.006613941 -0.965248048 0.004830643 0.999942541 -0.009569354 -6.801136017 0.006660394 0.009537079 0.999932349 296.205474854
0.999969721 -0.003686269 -0.006842607 -0.984423161 0.003607343 0.999927223 -0.011511223 -6.839891434 0.006884543 0.011486191 0.999910295 297.622314453
0.999975204 -0.001628821 -0.006850661 -1.070240259 0.001534568 0.999904335 -0.013741100 -6.931908131 0.006872389 0.013730243 0.999882042 299.204772949
0.999969661 -0.000488727 -0.007763851 -1.080317855 0.000382664 0.999906600 -0.013656757 -6.966869831 0.007769802 0.013653373 0.999876618 300.661743164
0.999963582 -0.000644720 -0.008510669 -1.131987572 0.000567820 0.999958992 -0.009035071 -7.049791813 0.008516143 0.009029908 0.999922991 302.114471436
0.999953270 0.000560871 -0.009651728 -1.153264165 -0.000615507 0.999983788 -0.005658717 -7.098217964 0.009648398 0.005664393 0.999937415 303.561492920
0.999935865 0.000940347 -0.011288092 -1.166946888 -0.001023250 0.999972522 -0.007340803 -7.122647285 0.011280878 0.007351881 0.999909282 304.983428955
0.999921203 0.000279128 -0.012547931 -1.209227324 -0.000390310 0.999960661 -0.008859050 -7.157121658 0.012544964 0.008863248 0.999882042 306.406982422
0.999884546 -0.001473593 -0.015120264 -1.237936974 0.001359218 0.999970436 -0.007571837 -7.207054138 0.015130973 0.007550413 0.999857008 307.975372314
0.999867380 -0.003029952 -0.015999936 -1.260387897 0.002920332 0.999972105 -0.006870194 -7.250262260 0.016020305 0.006822559 0.999848425 309.406616211
0.999868691 -0.004031150 -0.015696865 -1.312406301 0.003922077 0.999967992 -0.006973284 -7.301523209 0.015724471 0.006910803 0.999852419 310.620178223
0.999861479 -0.005063338 -0.015859973 -1.344889879 0.004938868 0.999956787 -0.007877477 -7.337795734 0.015899176 0.007798054 0.999843180 312.051269531
0.999851644 -0.004302318 -0.016685074 -1.367410183 0.004150005 0.999949455 -0.009152663 -7.346033096 0.016723612 0.009082061 0.999818861 313.573486328
0.999844551 -0.005554149 -0.016738525 -1.396544933 0.005401795 0.999943733 -0.009133532 -7.389802933 0.016788315 0.009041693 0.999818146 314.990936279
0.999851465 -0.006403796 -0.016000850 -1.428340673 0.006259758 0.999939561 -0.009035766 -7.436663151 0.016057748 0.008934264 0.999831080 316.203247070
0.999864936 -0.005688048 -0.015421404 -1.473297119 0.005536892 0.999936461 -0.009826771 -7.475264072 0.015476318 0.009740057 0.999832809 317.636840820
0.999842882 -0.008616988 -0.015486111 -1.524879217 0.008491862 0.999930918 -0.008127471 -7.552206993 0.015555075 0.007994685 0.999846995 318.927551270
0.999841988 -0.008486895 -0.015616504 -1.546804905 0.008347858 0.999925077 -0.008946858 -7.588536739 0.015691267 0.008815079 0.999837995 320.361633301
0.999832809 -0.009692321 -0.015505859 -1.576130152 0.009529847 0.999899209 -0.010518095 -7.622529030 0.015606239 0.010368569 0.999824405 321.705566406
0.999818027 -0.011199449 -0.015444040 -1.601680279 0.011062974 0.999899149 -0.008894125 -7.652202606 0.015542094 0.008721649 0.999841154 323.128631592
0.999798059 -0.012805240 -0.015488313 -1.626652002 0.012686813 0.999889731 -0.007720500 -7.694046974 0.015585467 0.007522441 0.999850214 324.489562988
0.999794662 -0.013148980 -0.015420531 -1.655821323 0.013017126 0.999878109 -0.008619975 -7.729992390 0.015531992 0.008417473 0.999843836 325.900451660
0.999816298 -0.011877487 -0.015039312 -1.680139780 0.011736389 0.999886572 -0.009435711 -7.762402534 0.015149682 0.009257472 0.999842405 327.266632080
0.999840915 -0.010583832 -0.014354862 -1.716562748 0.010464988 0.999910533 -0.008329036 -7.800080299 0.014441731 0.008177487 0.999862313 328.659057617
0.999844730 -0.010100088 -0.014435641 -1.736291885 0.009994268 0.999922752 -0.007383871 -7.834699154 0.014509107 0.007238449 0.999868512 330.055603027
0.999845505 -0.010634862 -0.013986189 -1.776547909 0.010533673 0.999917984 -0.007288808 -7.878620625 0.014062558 0.007140356 0.999875605 331.476867676
0.999844968 -0.010741494 -0.013951179 -1.791912556 0.010630229 0.999911308 -0.008025172 -7.910172462 0.014036143 0.007875624 0.999870479 332.868225098
0.999860227 -0.010306564 -0.013162995 -1.825872660 0.010196400 0.999912679 -0.008409083 -7.940003395 0.013248513 0.008273692 0.999877989 334.264526367
0.999867320 -0.010224680 -0.012679270 -1.857056856 0.010125513 0.999917865 -0.007860844 -7.985139847 0.012758601 0.007731415 0.999888718 335.695007324
0.999881625 -0.008133916 -0.013059066 -1.877978563 0.008019562 0.999929249 -0.008785342 -8.007749557 0.013129600 0.008679572 0.999876142 337.116729736
0.999893904 -0.006329822 -0.013116444 -1.905785322 0.006223832 0.999947786 -0.008105938 -8.052477837 0.013167068 0.008023443 0.999881148 338.543457031
0.999918103 -0.004724465 -0.011889027 -1.937144041 0.004610693 0.999943495 -0.009578723 -8.073581696 0.011933610 0.009523121 0.999883354 339.964721680
0.999925852 -0.003696999 -0.011601175 -1.962862134 0.003574013 0.999937356 -0.010604037 -8.106525421 0.011639652 0.010561787 0.999876499 341.385162354
0.999929249 -0.003958867 -0.011211422 -1.991068125 0.003845248 0.999941289 -0.010137748 -8.148518562 0.011250898 0.010093922 0.999885798 342.786682129
0.999934673 -0.001515931 -0.011331419 -2.003211498 0.001407422 0.999953151 -0.009577730 -8.180766106 0.011345410 0.009561157 0.999889910 344.200012207
