0.999974787 0.006603557 -0.002609056 0.061141681 -0.006598028 0.999975920 0.002120438 -0.528822124 0.002622996 -0.002103170 0.999994278 1.524675131
0.999953628 0.007162120 -0.006443745 0.091476902 -0.007131443 0.999963164 0.004771147 -0.634126663 0.006477680 -0.004724974 0.999967754 3.582086802
0.999913096 0.008252367 -0.010280475 0.111222312 -0.008118277 0.999882340 0.013017284 -0.984154463 0.010386688 -0.012932693 0.999862432 5.534379959
0.999714136 0.022433346 -0.008277271 -0.121339194 -0.021982688 0.998455822 0.051017936 -2.620086670 0.009408991 -0.050821394 0.998663366 7.627615452
0.997832000 0.065704852 0.003764993 -0.674396992 -0.065648735 0.989681482 0.127360478 -5.704710484 0.004642053 -0.127331510 0.991849303 9.727091789
0.997400463 0.071820177 0.005856598 -0.846009433 -0.071980081 0.989225566 0.127482235 -5.554266453 0.003362294 -0.127572387 0.991823494 11.577486992
0.997101247 0.075501502 0.009413575 -0.980590343 -0.076086074 0.989389360 0.123772033 -5.377716064 0.000031267 -0.124129489 0.992265999 13.113908768
0.997095823 0.075219035 0.011919397 -1.094791770 -0.076117106 0.989385664 0.123783253 -5.231570244 -0.002482036 -0.124331035 0.992237628 14.702239990
0.996841550 0.078243971 0.013593122 -1.164956570 -0.079324700 0.989204943 0.123211510 -5.085554123 -0.003805824 -0.123900600 0.992287338 16.267032623
0.996880770 0.078113206 0.011268774 -1.100767612 -0.078908369 0.989138067 0.124012753 -4.980207443 -0.001459341 -0.124515139 0.992216527 17.814531326
0.997050762 0.075764023 0.012228690 -1.139017224 -0.076700181 0.989160657 0.125214010 -4.868428230 -0.002609422 -0.125782683 0.992054403 19.274864197
0.997432113 0.070861556 0.010396055 -1.127206922 -0.071609937 0.989173353 0.128094330 -4.877775192 -0.001206522 -0.128509849 0.991707385 20.490642548
0.997733355 0.066739626 0.008602535 -1.085623860 -0.067291692 0.989360094 0.128989890 -4.783716202 0.000097731 -0.129276395 0.991608620 21.810941696
0.998124301 0.060924612 0.006019400 -1.032084823 -0.061200071 0.990358293 0.124277368 -4.605584145 0.001610172 -0.124412633 0.992229223 23.083442688
0.998057544 0.062070284 0.005338375 -1.036129117 -0.062254548 0.990419388 0.123264439 -4.482012749 0.002363813 -0.123357348 0.992359519 24.389413834
0.997890830 0.062937416 0.015904179 -1.164254189 -0.064425863 0.990220368 0.123745851 -4.354649544 -0.007960397 -0.124509476 0.992186487 25.797893524
0.997891188 0.064652808 0.005764301 -0.982688963 -0.064860560 0.989763260 0.127129093 -4.308951378 0.002513972 -0.127234861 0.991869390 27.149415970
0.997783244 0.064707279 0.015546110 -1.087054610 -0.066151984 0.989859879 0.125703558 -4.168534279 -0.007254528 -0.126453280 0.991946042 28.550065994
0.998204947 0.059893064 0.000232572 -0.728423417 -0.059433043 0.990042269 0.127608836 -4.338091850 0.007412642 -0.127393574 0.991824448 30.064664841
0.998329580 0.057152260 0.008479703 -0.785422325 -0.057766825 0.990203381 0.127123326 -4.206164360 -0.001131251 -0.127400801 0.991850615 31.349920273
0.999075115 0.042541515 -0.006255564 -0.446630239 -0.041330159 0.990220547 0.133248240 -4.434387684 0.011862970 -0.132866472 0.991062880 33.244922638
0.999155104 0.041070297 -0.001491758 -0.455289125 -0.040498119 0.990113258 0.134296551 -4.298529148 0.006992605 -0.134122699 0.990940034 34.404994965
0.999289632 -0.025677972 -0.027585793 0.009638131 0.029085722 0.990925193 0.131231055 -5.383162498 0.023965722 -0.131940186 0.990967870 36.534015656
0.999139190 -0.024569014 -0.033426620 0.082310796 0.028709954 0.991143942 0.129651457 -5.321827412 0.029945193 -0.130499527 0.990995944 37.254924774
0.998212159 -0.052927166 -0.027769897 -0.559354246 0.056610264 0.986265957 0.155160695 -7.486167908 0.019176288 -0.156455368 0.987498760 38.881504059
0.998009264 -0.054814711 -0.031190636 -0.515542686 0.058987539 0.986291051 0.154112160 -7.442528725 0.022315428 -0.155645207 0.987560928 39.224136353
0.997976363 -0.054591611 -0.032602087 -0.485355973 0.059023041 0.986052811 0.155615464 -7.413153648 0.023652092 -0.157224834 0.987279475 39.456565857
0.998422325 -0.049170628 -0.027111918 -0.534362793 0.052821886 0.986262143 0.156515300 -7.405254841 0.019043494 -0.157700479 0.987303317 39.490646362
0.998443484 -0.050620474 -0.023411885 -0.567968845 0.053697895 0.985930145 0.158298492 -7.393894672 0.015069343 -0.159309268 0.987113655 39.596000671
0.999976337 0.002407280 0.006440245 -2.977245808 -0.004055040 0.962938190 0.269691616 -27.838453293 -0.005552332 -0.269711345 0.962925136 40.225646973
0.999934852 0.001186755 0.011351818 -2.996823549 -0.004201469 0.963015497 0.269413233 -27.805667877 -0.010612248 -0.269443393 0.962957740 40.330219269
0.999917805 0.001126951 0.012771585 -2.959333420 -0.004503211 0.963534653 0.267545819 -27.724594116 -0.012004346 -0.267581344 0.963460445 40.625358582
0.999921560 -0.001730727 0.012405219 -2.905309677 -0.001644127 0.963701785 0.266976297 -27.620025635 -0.012416995 -0.266975790 0.963623166 41.089530945
0.999816060 0.013154119 0.013958426 -2.486211300 -0.016463660 0.961945713 0.272744238 -28.340358734 -0.009839537 -0.272923857 0.961985290 45.726688385
0.999636412 0.013575651 0.023294192 -2.534145117 -0.019420989 0.961857259 0.272861540 -28.352926254 -0.018701412 -0.273214757 0.961771309 45.672348022
0.999552011 -0.023140648 0.018981189 -2.206916809 0.016240995 0.952069879 0.305449337 -29.880496979 -0.025139708 -0.305004209 0.952019095 49.295391083
0.999206543 -0.020893617 0.033909783 -2.322063684 0.009526575 0.952023685 0.305876344 -30.014801025 -0.038673770 -0.305310577 0.951467097 48.872764587
0.999352098 -0.001555650 0.035958711 -2.321456432 -0.008718318 0.958850265 0.283778280 -27.869886398 -0.034920480 -0.283907890 0.958215356 50.204502106
0.999125779 0.032356534 0.026468109 -1.565832496 -0.038210098 0.963687837 0.264283806 -26.501850128 -0.016955690 -0.265064061 0.964081705 51.770332336
0.998581052 0.035264976 0.039899770 -1.547281265 -0.044547677 0.963734388 0.263119131 -26.434442520 -0.029173901 -0.264523208 0.963937759 51.907096863
0.997548223 -0.021476915 0.066604748 -1.738318443 -0.000676961 0.948738098 0.316062629 -28.871288300 -0.069978505 -0.315332830 0.946397483 54.679969788
0.996498406 -0.019673934 0.081264727 -1.593776703 -0.007149045 0.948315561 0.317248404 -28.528083801 -0.083306134 -0.316718489 0.944854140 55.802112579
0.995029926 -0.019128740 0.097721815 -1.528585911 -0.012919743 0.948279023 0.317175001 -28.344116211 -0.098734692 -0.316861123 0.943318844 56.308547974
0.992960989 -0.020306276 0.116687700 -1.315330982 -0.017849857 0.948285222 0.316917241 -27.862028122 -0.117088623 -0.316769332 0.941247821 57.943511963
0.990531206 -0.021896187 0.135529473 -1.132761955 -0.022330789 0.948355198 0.316423416 -27.538394928 -0.135458514 -0.316453785 0.938886583 59.011810303
0.987525761 -0.025489062 0.155381784 -0.939880848 -0.025160620 0.948586941 0.315515429 -27.207874298 -0.155435324 -0.315489054 0.936112463 60.037528992
0.983808041 -0.031146595 0.176498353 -0.730237961 -0.026855247 0.948047340 0.316993624 -26.884529114 -0.177202076 -0.316600770 0.931860089 61.068656921
0.979224920 -0.036885861 0.199394003 -0.507429123 -0.029052632 0.947651088 0.317983389 -26.571365356 -0.200685024 -0.317170203 0.926891923 62.076412201
0.973952949 -0.043232959 0.222590581 -0.257737160 -0.030290665 0.948050559 0.316674292 -26.265846252 -0.224717885 -0.315168262 0.922047079 63.049251556
0.967634737 -0.049292073 0.247494668 0.010298729 -0.031943731 0.948924243 0.313882768 -25.958873749 -0.250325590 -0.311629683 0.916637480 64.004440308
0.960458755 -0.053237960 0.273284793 0.303984642 -0.036511607 0.948988259 0.313190162 -25.659929276 -0.276017606 -0.310784280 0.909520388 64.942260742
0.952178955 -0.056667652 0.300239891 0.615596771 -0.042621557 0.948408306 0.314173549 -25.370124817 -0.302553505 -0.311946094 0.900639176 65.866371155
0.943381488 -0.061133895 0.326027542 0.911423683 -0.047559805 0.947786808 0.315338165 -25.118780136 -0.328282505 -0.312990010 0.891216993 66.627487183
0.932143629 -0.065857232 0.356049448 1.303804398 -0.052486021 0.948359847 0.312824100 -24.812704086 -0.358264744 -0.310284555 0.880550802 67.634101868
0.920560837 -0.066030107 0.384978205 1.694501877 -0.060499083 0.949610114 0.307539403 -24.563053131 -0.385886014 -0.306399465 0.870178998 68.502288818
0.908375084 -0.067967765 0.412595689 2.062156677 -0.064733900 0.951949418 0.299335539 -24.317209244 -0.413115323 -0.298617840 0.860327244 69.226715088
0.892429292 -0.072229296 0.445368290 2.418479919 -0.071756028 0.951818287 0.298149556 -24.143047333 -0.445444703 -0.298035234 0.844247520 70.220367432
0.878180265 -0.073189311 0.472697169 2.828098297 -0.081092015 0.951139748 0.297921538 -23.916509628 -0.471405715 -0.299960762 0.829337060 70.884254456
0.859181583 -0.074243382 0.506255865 3.346637726 -0.095525324 0.948746979 0.301254302 -23.661579132 -0.502674818 -0.307192385 0.808053732 71.900794983
0.840588987 -0.074602790 0.536511540 3.800718307 -0.107565127 0.947755098 0.300316453 -23.434631348 -0.530885935 -0.310152620 0.788647890 72.574211121
0.818719983 -0.070218876 0.569883227 4.373065948 -0.122445807 0.948313892 0.292758852 -23.212944031 -0.560985386 -0.309467316 0.767805517 73.459678650
0.797795355 -0.063926511 0.599529743 4.877460480 -0.134991348 0.950181544 0.280948967 -22.988140106 -0.587622106 -0.305071145 0.749420941 74.080963135
0.774964213 -0.063522153 0.628804743 5.523550034 -0.145868123 0.950096190 0.275752932 -22.796617508 -0.614941418 -0.305421233 0.727024674 74.891662598
0.752309084 -0.066073790 0.655488610 6.092163086 -0.154615417 0.949461877 0.273159802 -22.577072144 -0.640410066 -0.306849241 0.704072714 75.495643616
0.727282882 -0.069569312 0.682802796 6.783952713 -0.162199661 0.949247241 0.269482672 -22.388492584 -0.666896284 -0.306740552 0.679087162 76.232101440
0.702372015 -0.067911737 0.708563089 7.410877228 -0.170410037 0.950448453 0.260016114 -22.161979675 -0.691110730 -0.303374290 0.655995429 76.801712036
0.675741971 -0.067698322 0.734022975 8.111829758 -0.179764181 0.950575590 0.253161788 -22.006408691 -0.714882910 -0.303023070 0.630174100 77.451332092
0.649107635 -0.065303974 0.757888258 8.790992737 -0.190554515 0.950583637 0.245111659 -21.793706894 -0.736443043 -0.303522885 0.604587078 77.996414185
0.620875537 -0.066059805 0.781120956 9.554618835 -0.199446782 0.950340509 0.238901481 -21.647663116 -0.758112550 -0.304120123 0.576867580 78.593490601
0.591935098 -0.059744794 0.803768337 10.291757584 -0.209043100 0.951742470 0.224693656 -21.427591324 -0.778404772 -0.301026255 0.550880551 79.127922058
0.562433362 -0.054989029 0.825012028 11.069129944 -0.216773227 0.953078926 0.211305276 -21.360710144 -0.797920942 -0.297685683 0.524123311 79.631004333
0.532021761 -0.046616539 0.845446467 11.867107391 -0.225888297 0.954482615 0.194775388 -21.171064377 -0.816043615 -0.294601202 0.497275352 80.097724915
0.499265075 -0.043753326 0.865343869 12.657411575 -0.240482211 0.952488363 0.186907068 -21.129676819 -0.832407713 -0.301415950 0.465022266 80.616233826
0.466869920 -0.044754814 0.883192778 13.501728058 -0.250283748 0.951197088 0.180504873 -20.973041534 -0.848168850 -0.305321068 0.432883918 81.051651001
0.433778822 -0.049184609 0.899675965 14.330705643 -0.260803193 0.948910952 0.177622497 -20.900463104 -0.862448573 -0.311687291 0.398789883 81.456138611
0.399914056 -0.048293833 0.915279508 15.216491699 -0.272115469 0.947329104 0.168880582 -20.746131897 -0.875226796 -0.316599429 0.365708679 81.821250916
0.365062088 -0.048295725 0.929729760 16.055656433 -0.283029050 0.945628524 0.160254106 -20.659252167 -0.886918366 -0.321643174 0.331544042 82.167579651
0.329514802 -0.046124250 0.943023086 16.978027344 -0.294860661 0.943821132 0.149194598 -20.512023926 -0.896926522 -0.327222228 0.297402740 82.480628967
0.294986397 -0.049057271 0.954241335 17.861408234 -0.302147388 0.942646086 0.141864568 -20.456674576 -0.906471014 -0.330169708 0.263245195 82.706604004
0.258825272 -0.049934462 0.964632750 18.819549561 -0.308494270 0.942087173 0.131541014 -20.336900711 -0.915336251 -0.331629843 0.228431433 82.950134277
0.223371625 -0.050761167 0.973410666 19.708545685 -0.311351001 0.942611217 0.120601743 -20.255386353 -0.923669696 -0.330011338 0.194748074 83.112693787
0.187937751 -0.052018721 0.980802417 20.687103271 -0.314537883 0.942817867 0.110274717 -20.150556564 -0.930454373 -0.329224229 0.160829201 83.280036926
0.153673872 -0.054588094 0.986612678 21.607042313 -0.307958215 0.946096659 0.100313686 -20.109939575 -0.938906848 -0.319251031 0.128579482 83.373054504
0.119728588 -0.051113456 0.991490066 22.595558167 -0.310469508 0.946658432 0.086293422 -20.034288406 -0.943013132 -0.318159193 0.097472899 83.469528198
0.088414177 -0.048023317 0.994925499 23.517307281 -0.309173554 0.948181272 0.073241778 -20.026353836 -0.946886837 -0.314080268 0.068985105 83.513542175
0.058374524 -0.044473380 0.997303665 24.514844894 -0.305506766 0.950281382 0.060258497 -19.971958160 -0.950398922 -0.308200598 0.041885298 83.560974121
0.034323517 -0.047452651 0.998283625 25.452552795 -0.301488250 0.951846778 0.055611249 -19.980384827 -0.952851832 -0.302879542 0.018364312 83.545463562
0.011707768 -0.050957412 0.998632252 26.459453583 -0.301905841 0.951912403 0.052112911 -19.937452316 -0.953265727 -0.302103043 -0.004239568 83.551445007
-0.006609325 -0.054457333 0.998494208 27.407030106 -0.300089628 0.952601433 0.049967978 -19.954360962 -0.953888059 -0.299307495 -0.022638127 83.524238586
-0.023512347 -0.051433235 0.998399675 28.414756775 -0.299508065 0.953166723 0.042049602 -19.921173096 -0.953804076 -0.298040003 -0.037815847 83.499603271
-0.036750339 -0.048766896 0.998133838 29.371896744 -0.294525325 0.954972327 0.035813969 -19.937000275 -0.954936743 -0.292659491 -0.049458638 83.408836365
-0.049793154 -0.043849654 0.997796535 30.355161667 -0.291966975 0.956034601 0.027444316 -19.915401459 -0.955131412 -0.289957076 -0.060406636 83.358840942
-0.057480425 -0.040577639 0.997521698 31.335758209 -0.282719254 0.958933592 0.022716764 -19.925100327 -0.957478821 -0.280712783 -0.066591978 83.255851746
-0.063519552 -0.035454970 0.997350693 32.366699219 -0.279814720 0.959915519 0.016303277 -19.921960831 -0.957950354 -0.278037757 -0.070894226 83.179275513
-0.067222089 -0.032495651 0.997208834 33.311462402 -0.274888515 0.961390972 0.012798180 -19.962305069 -0.959123254 -0.273260891 -0.073559403 83.112678528
-0.070638001 -0.028691512 0.997089446 34.337985992 -0.273692220 0.961781740 0.008286025 -19.957765579 -0.959219873 -0.272310287 -0.075791001 83.040527344
-0.072357588 -0.026213238 0.997034192 35.323852539 -0.268103570 0.963372111 0.005871172 -19.992578506 -0.960668862 -0.266883612 -0.076735139 82.952880859
-0.074854650 -0.022678934 0.996936500 36.347480774 -0.266361713 0.963871121 0.001927069 -19.992406845 -0.960962117 -0.265401453 -0.078191042 82.871170044
-0.076659299 -0.019207280 0.996872425 37.361961365 -0.266083419 0.963948071 -0.001888859 -20.008258820 -0.960896850 -0.265395969 -0.079006344 82.780601501
-0.078784667 -0.019162932 0.996707559 38.323444366 -0.256563097 0.966526031 -0.001697351 -20.066007614 -0.963311136 -0.255852073 -0.081063919 82.714523315
-0.080845453 -0.020538690 0.996515036 39.350017548 -0.257357240 0.966315866 -0.000962651 -20.079399109 -0.962928474 -0.256538182 -0.083408028 82.624382019
-0.082665563 -0.020855578 0.996359110 40.376956940 -0.253623068 0.967302740 -0.000795127 -20.101129532 -0.963764310 -0.252765328 -0.085252076 82.542053223
-0.085575268 -0.019195398 0.996146739 41.397594452 -0.253938943 0.967215002 -0.003177071 -20.093261719 -0.963427126 -0.253232300 -0.087644123 82.469810486
-0.087417096 -0.017352968 0.996020734 42.470268250 -0.254996300 0.966926157 -0.005534010 -20.116333008 -0.962982357 -0.254465312 -0.088950813 82.372039795
-0.090038642 -0.017184237 0.995790005 43.449356079 -0.249934331 0.968244851 -0.005889989 -20.202814102 -0.964067340 -0.249412403 -0.091474384 82.330093384
-0.092284381 -0.013844421 0.995636523 44.478523254 -0.251236260 0.967875957 -0.009828377 -20.220996857 -0.963516414 -0.251046956 -0.092798054 82.249580383
-0.094402984 -0.011202378 0.995471060 45.521495819 -0.250710487 0.967976391 -0.012882508 -20.283592224 -0.963448048 -0.250791132 -0.094188415 82.163024902
-0.096647583 -0.008846506 0.995279312 46.577846527 -0.253536791 0.967193067 -0.016023081 -20.300825119 -0.962485373 -0.253888518 -0.095719777 82.060920715
-0.098514922 -0.011918817 0.995064378 47.635665894 -0.249964133 0.968165934 -0.013150712 -20.378063202 -0.963230371 -0.250025928 -0.098358072 81.951316833
-0.101485573 -0.016323956 0.994703114 48.695960999 -0.253087372 0.967392325 -0.009945725 -20.395685196 -0.962105691 -0.252756149 -0.102307752 81.855957031
-0.104431972 -0.018045578 0.994368374 49.765380859 -0.252549738 0.967542410 -0.008964889 -20.410282135 -0.961931646 -0.252063662 -0.105599783 81.755195618
-0.105623677 -0.019396421 0.994216979 50.845245361 -0.247507751 0.968857706 -0.007393072 -20.464445114 -0.963111401 -0.246857271 -0.107135072 81.630584717
-0.107007273 -0.016480329 0.994121671 51.905376434 -0.247474268 0.968836725 -0.010576964 -20.476398468 -0.962967277 -0.247151330 -0.107751034 81.514495850
-0.107122146 -0.014896409 0.994134307 52.995368958 -0.243270725 0.969888151 -0.011680349 -20.520902634 -0.964024961 -0.243094951 -0.107520364 81.387565613
-0.107531846 -0.013808727 0.994105816 54.077079773 -0.245039970 0.969425261 -0.013039931 -20.529439926 -0.963531137 -0.244997814 -0.107627787 81.279678345
-0.106431417 -0.016070127 0.994190216 55.182415009 -0.247383237 0.968857348 -0.010822578 -20.566543579 -0.963054419 -0.247097805 -0.107092328 81.151191711
-0.107388638 -0.017846232 0.994056940 56.245063782 -0.248619705 0.968554914 -0.009470155 -20.612377167 -0.962629676 -0.248159125 -0.108448699 81.095687866
-0.107011840 -0.017218173 0.994108617 57.373466492 -0.252044499 0.967660069 -0.010371505 -20.635324478 -0.961780608 -0.251669496 -0.107890815 80.982009888
-0.107181475 -0.017440613 0.994086504 58.424957275 -0.252559215 0.967527151 -0.010256064 -20.671758652 -0.961626649 -0.252164990 -0.108105741 80.881294250
-0.107373886 -0.018456021 0.994047403 59.507762909 -0.255721629 0.966702163 -0.009673951 -20.699457169 -0.960769057 -0.255238175 -0.108518153 80.774017334
-0.107908092 -0.024713980 0.993853629 60.648864746 -0.253788054 0.967253506 -0.003502625 -20.724437714 -0.961221755 -0.252606153 -0.110646583 80.661880493
-0.108769201 -0.033671565 0.993496597 61.771114349 -0.251196682 0.967921555 0.005303459 -20.728742599 -0.961805344 -0.248986155 -0.113738202 80.546798706
-0.108202279 -0.039853700 0.993329704 62.869792938 -0.242247015 0.970133781 0.012535339 -20.758831024 -0.964162052 -0.239274845 -0.114625089 80.397033691
-0.108769186 -0.036843359 0.993384004 63.997543335 -0.234686717 0.972015977 0.010354140 -20.741708755 -0.965966463 -0.232007846 -0.114372008 80.266136169
-0.107658632 -0.033554018 0.993621528 65.103103638 -0.224671811 0.974397004 0.008561640 -20.786239624 -0.968468904 -0.222317055 -0.112440869 80.129600525
-0.107348919 -0.028209575 0.993821204 66.229797363 -0.221176803 0.975226343 0.003791061 -20.786352158 -0.969307482 -0.219403207 -0.110928781 80.001998901
-0.106805518 -0.024663569 0.993974030 67.318450928 -0.218142331 0.975916624 0.000775461 -20.809057236 -0.970054924 -0.216744959 -0.109613456 79.889694214
-0.107050225 -0.027817555 0.993864417 68.456260681 -0.221003294 0.975266814 0.003492523 -20.808988571 -0.969380140 -0.219273418 -0.110550292 79.776466370
-0.107154556 -0.035699688 0.993601263 69.560325623 -0.216402501 0.976233602 0.011737839 -20.881242752 -0.970405996 -0.213760003 -0.112333372 79.689895630
-0.107234225 -0.037934735 0.993509829 70.718055725 -0.218084350 0.975833476 0.013720936 -20.876770020 -0.970020711 -0.215197593 -0.112915695 79.568717957
-0.109596230 -0.040076014 0.993168056 71.758895874 -0.210101664 0.977544367 0.016260836 -20.965000153 -0.971517324 -0.206884101 -0.115555227 79.570495605
-0.108573318 -0.034097306 0.993503511 72.922958374 -0.209003851 0.977856159 0.010719660 -20.949308395 -0.971868932 -0.206482172 -0.113295563 79.411285400
-0.110927530 -0.041097742 0.992978334 73.978500366 -0.194227681 0.980774522 0.018895106 -21.181318283 -0.974664390 -0.190767914 -0.116777211 79.418182373
-0.110782750 -0.042291429 0.992944419 75.111953735 -0.193935499 0.980807602 0.020137122 -21.158353806 -0.974739015 -0.190336362 -0.116858378 79.300979614
-0.113152601 -0.050912581 0.992272377 76.246925354 -0.187134340 0.981905043 0.029040983 -21.190809250 -0.975795686 -0.182402164 -0.120632604 79.238365173
-0.113126948 -0.051995121 0.992219210 77.395187378 -0.187030658 0.981892049 0.030129820 -21.153261185 -0.975818515 -0.182166904 -0.120803118 79.092018127
-0.113538563 -0.049299691 0.992309690 78.549079895 -0.191123188 0.981198013 0.026879625 -21.126703262 -0.974977374 -0.186601520 -0.120826118 78.991500854
-0.114333048 -0.054345243 0.991954863 79.696929932 -0.179927573 0.983122110 0.033122830 -21.273597717 -0.977012753 -0.174693018 -0.122181527 78.904853821
-0.113391846 -0.053509071 0.992108405 80.877807617 -0.180677235 0.983009756 0.032368038 -21.209999084 -0.976984084 -0.175581157 -0.121133126 78.746437073
-0.114390783 -0.062025979 0.991497576 82.014953613 -0.174957916 0.983707130 0.041353423 -21.302339554 -0.977908254 -0.168739915 -0.123378940 78.651779175
-0.113030426 -0.062450171 0.991627038 83.195236206 -0.174586445 0.983743489 0.042053472 -21.249172211 -0.978132784 -0.168371350 -0.122095861 78.495979309
-0.113173403 -0.065257251 0.991429865 84.367950439 -0.167028919 0.984889507 0.045760121 -21.279832840 -0.979435027 -0.160418630 -0.122363135 78.377731323
-0.111804187 -0.065011486 0.991601348 85.540908813 -0.164847419 0.985245407 0.046008062 -21.228742599 -0.979961753 -0.158319011 -0.120871544 78.223228455
-0.111098439 -0.070855364 0.991280317 86.720428467 -0.157938823 0.986037314 0.052779518 -21.288269043 -0.981179118 -0.150697902 -0.120738007 78.083396912
-0.109680519 -0.070787326 0.991443038 87.898712158 -0.156273469 0.986283839 0.053130865 -21.240980148 -0.981605232 -0.149108812 -0.119238265 77.933677673
-0.108975671 -0.073583663 0.991317213 89.121429443 -0.150489390 0.986983240 0.056718670 -21.192802429 -0.982587039 -0.143001750 -0.118630715 77.779769897
-0.107214056 -0.075038984 0.991400182 90.332138062 -0.151727647 0.986702979 0.058275007 -21.138435364 -0.982590497 -0.144174889 -0.117173910 77.634902954
-0.106375501 -0.075674348 0.991442263 91.532142639 -0.147925898 0.987208247 0.059479687 -21.081382751 -0.983260930 -0.140332803 -0.116208956 77.480911255
-0.104380652 -0.074481204 0.991744637 92.742614746 -0.149364233 0.987055719 0.058408540 -21.013977051 -0.983257294 -0.142034441 -0.114154331 77.344947815
-0.102550969 -0.072682522 0.992068827 93.964195251 -0.145057514 0.987758517 0.057372019 -20.960088730 -0.984094262 -0.138023466 -0.111838713 77.177734375
-0.100665286 -0.075203173 0.992074072 95.192047119 -0.142717585 0.987918377 0.060406659 -20.917194366 -0.984630942 -0.135505587 -0.110181890 77.026275635
-0.099102139 -0.077729173 0.992036760 96.421920776 -0.142384887 0.987793386 0.063172750 -20.873540878 -0.984837592 -0.134990498 -0.108959883 76.877052307
-0.097828411 -0.077029638 0.992217779 97.646606445 -0.142082766 0.987868190 0.062683173 -20.806961060 -0.985008657 -0.134844854 -0.107586175 76.716453552
-0.097837619 -0.077795923 0.992157042 98.885864258 -0.144409165 0.987498462 0.063190281 -20.733005524 -0.984669387 -0.137094185 -0.107848942 76.590736389
-0.097831033 -0.082078718 0.991812646 100.119514465 -0.141919822 0.987558603 0.067727849 -20.707965851 -0.985031903 -0.134131998 -0.108262464 76.433738708
-0.098845497 -0.083715223 0.991575241 101.382667542 -0.144477203 0.987103939 0.068935476 -20.630664825 -0.984558761 -0.136446044 -0.109665729 76.307975769
-0.099446841 -0.082467034 0.991619647 102.655670166 -0.141303480 0.987630606 0.067964368 -20.527309418 -0.984958708 -0.133360475 -0.109869622 76.146667480
-0.101228878 -0.082084529 0.991471052 103.905288696 -0.140863791 0.987732530 0.067392878 -20.446887970 -0.984840155 -0.132840261 -0.111549795 76.008514404
-0.104130186 -0.084093735 0.991002083 105.150573730 -0.130345210 0.988978565 0.070225909 -20.398155212 -0.985985458 -0.121859699 -0.113943733 75.868476868
-0.106954552 -0.089138187 0.990260124 106.408790588 -0.132556170 0.988360524 0.074650243 -20.312410355 -0.985388041 -0.123280913 -0.117525473 75.732810974
-0.113375187 -0.088351510 0.989616156 107.659324646 -0.120503530 0.989908040 0.074572101 -20.217746735 -0.986217499 -0.110797592 -0.122877657 75.611793518
-0.117923975 -0.081766218 0.989650667 108.909324646 -0.126812354 0.989684403 0.066658422 -20.123716354 -0.984892070 -0.117639296 -0.127076507 75.467597961
-0.125743508 -0.078668930 0.988938749 110.161842346 -0.122227825 0.990484536 0.063250646 -20.044162750 -0.984504461 -0.112922408 -0.134162515 75.302764893
-0.134989128 -0.082531236 0.987403929 111.421630859 -0.121312618 0.990404546 0.066197246 -19.962553024 -0.983392537 -0.110848643 -0.143705919 75.119735718
-0.146902129 -0.083182603 0.985647261 112.654586792 -0.117083348 0.990914822 0.066176899 -19.870121002 -0.982197106 -0.105681345 -0.155306801 74.940979004
-0.159640566 -0.082010813 0.983762741 113.897041321 -0.118489213 0.990930498 0.063380450 -19.794919968 -0.980038285 -0.106447168 -0.167910114 74.734001160
-0.174708083 -0.081701040 0.981224835 115.089797974 -0.114826716 0.991442204 0.062106792 -19.737964630 -0.977901757 -0.101820260 -0.182594448 74.527221680
-0.190004289 -0.083343178 0.978239417 116.330856323 -0.114859268 0.991435170 0.062158205 -19.668251038 -0.975041330 -0.100549549 -0.197949678 74.305961609
-0.205747470 -0.080975272 0.975249290 117.554832458 -0.113069661 0.991863370 0.058500554 -19.609910965 -0.972051024 -0.098234735 -0.213229224 74.052474976
-0.221315280 -0.077114306 0.972148657 118.727531433 -0.108775191 0.992599964 0.053973295 -19.580610275 -0.969116807 -0.093800522 -0.228065670 73.795013428
-0.236880109 -0.073326558 0.968767822 119.944915771 -0.109854624 0.992774248 0.048282314 -19.528457642 -0.965308070 -0.094986498 -0.243223727 73.515975952
-0.250194371 -0.074629210 0.965315044 121.044227600 -0.111127183 0.992649436 0.047940001 -19.514171600 -0.961796939 -0.095278442 -0.256648600 73.159835815
-0.265040070 -0.080497205 0.960871398 122.220443726 -0.113059327 0.992229819 0.051938768 -19.526937485 -0.957586169 -0.094869599 -0.272081554 72.834243774
-0.281308174 -0.083767392 0.955954432 123.439994812 -0.118394606 0.991601527 0.052051131 -19.450500488 -0.952285886 -0.098537415 -0.288863182 72.515060425
-0.294444740 -0.082588993 0.952093124 124.518791199 -0.121098042 0.991452515 0.048552364 -19.437726974 -0.947964907 -0.101000629 -0.301929295 72.132637024
-0.308460802 -0.080355711 0.947836995 125.681396484 -0.122620374 0.991471231 0.044149786 -19.385261536 -0.943300724 -0.102605626 -0.315683186 71.754264832
-0.322351396 -0.081114940 0.943138301 126.775108337 -0.120860130 0.991694629 0.043982778 -19.430564880 -0.938873053 -0.099809885 -0.329477698 71.376075745
-0.336726487 -0.081396721 0.938077688 127.908203125 -0.120399296 0.991800725 0.042840470 -19.393703461 -0.933873296 -0.098518364 -0.343765706 70.972488403
-0.350701779 -0.081180468 0.932962000 129.024185181 -0.118026927 0.992123485 0.041961826 -19.339130402 -0.929019809 -0.095398560 -0.357520908 70.540618896
-0.364813685 -0.082133077 0.927451015 130.151412964 -0.120078854 0.991933465 0.040610380 -19.294446945 -0.923304915 -0.096552014 -0.371733308 70.092247009
-0.379850477 -0.080967300 0.921497643 131.223815918 -0.122237548 0.991819859 0.036758646 -19.272739410 -0.916935921 -0.098678783 -0.386640579 69.673233032
-0.394449502 -0.078639902 0.915546477 132.314285278 -0.123627856 0.991814852 0.031927679 -19.235157013 -0.910563350 -0.100593187 -0.400943041 69.200553894
-0.409197778 -0.076381825 0.909243107 133.395202637 -0.121717542 0.992153585 0.028568778 -19.218757629 -0.904290855 -0.098980539 -0.415283978 68.717460632
-0.424442619 -0.073140442 0.902495980 134.483642578 -0.119321451 0.992557704 0.024322558 -19.188703537 -0.897558272 -0.097363584 -0.430010974 68.218704224
-0.439404279 -0.069619000 0.895587504 135.555541992 -0.119041353 0.992712021 0.018763436 -19.199161530 -0.890366733 -0.098367222 -0.444489568 67.718811035
-0.453677922 -0.066620834 0.888671994 136.607208252 -0.118075639 0.992903769 0.014155667 -19.182039261 -0.883308768 -0.098508388 -0.458324790 67.159500122
-0.469830453 -0.069523096 0.880014777 137.699157715 -0.120183468 0.992649317 0.014256815 -19.188369751 -0.874537170 -0.099064939 -0.474732339 66.622055054
-0.485794723 -0.073249772 0.870998383 138.772064209 -0.123446994 0.992243826 0.014594454 -19.167053223 -0.865311623 -0.100432232 -0.491069257 66.034332275
-0.500924230 -0.072630204 0.862438321 139.796783447 -0.124692708 0.992132962 0.011128038 -19.176544189 -0.856461704 -0.101965450 -0.506039739 65.446456909
-0.516386330 -0.073044501 0.853234828 140.826675415 -0.127053067 0.991863549 0.008018580 -19.167572021 -0.846878350 -0.104265392 -0.521465182 64.815216064
-0.532274187 -0.074424252 0.843294263 141.877746582 -0.129888624 0.991513371 0.005521517 -19.164066315 -0.836548388 -0.106595367 -0.537423611 64.164276123
-0.547429681 -0.074285194 0.833548069 142.926025391 -0.129552007 0.991567135 0.003284919 -19.201997757 -0.826762795 -0.106189571 -0.552437186 63.477321625
-0.562421620 -0.075483002 0.823397994 143.925064087 -0.132070780 0.991240025 0.000658617 -19.212562561 -0.816234767 -0.108376384 -0.567463934 62.783252716
-0.577662289 -0.077045791 0.812631607 144.996429443 -0.132191285 0.991224229 0.000009524 -19.223432541 -0.805500865 -0.107417308 -0.582777679 62.034046173
-0.592537463 -0.081038967 0.801456213 146.024688721 -0.133802459 0.991007268 0.001281726 -19.242168427 -0.794352770 -0.106477328 -0.598052084 61.283309937
-0.607663214 -0.082328014 0.789916158 147.061370850 -0.133631244 0.991030991 0.000489706 -19.271024704 -0.782871723 -0.105259895 -0.613214612 60.496376038
-0.622264981 -0.083754100 0.778313279 148.048690796 -0.134844348 0.990866065 -0.001181801 -19.311321259 -0.771105289 -0.105686538 -0.627874970 59.714572906
-0.636678874 -0.083030246 0.766645789 149.014862061 -0.137413859 0.990489960 -0.006845239 -19.329841614 -0.758786738 -0.109705970 -0.642033577 58.915641785
-0.651811421 -0.084337182 0.753676951 149.969421387 -0.139787272 0.990130067 -0.010097397 -19.417888641 -0.745386660 -0.111936063 -0.657167435 58.138568878
-0.667269170 -0.087370791 0.739674330 150.913497925 -0.142953455 0.989655912 -0.012061267 -19.431640625 -0.730969369 -0.113787122 -0.672856867 57.300407410
-0.683246970 -0.094425954 0.724056184 151.868591309 -0.148195788 0.988898158 -0.010878489 -19.436197281 -0.714990616 -0.114734747 -0.689655185 56.441295624
-0.699945688 -0.096856080 0.707598090 152.790100098 -0.150511920 0.988514960 -0.013576176 -19.463659286 -0.698156118 -0.116004527 -0.706484735 55.550987244
-0.716701329 -0.099186778 0.690290689 153.667999268 -0.153335422 0.988023996 -0.017234471 -19.485042572 -0.680314183 -0.118197978 -0.723326981 54.646427155
-0.733564198 -0.101761743 0.671958387 154.547790527 -0.156255871 0.987492621 -0.021035129 -19.530288696 -0.661413372 -0.120428056 -0.740289986 53.702564240
-0.749886274 -0.103660859 0.653395116 155.365997314 -0.157131419 0.987293303 -0.023702376 -19.563449860 -0.642635524 -0.120442994 -0.756645799 52.744449615
-0.766063631 -0.100758128 0.634818256 156.203659058 -0.154711068 0.987505376 -0.029960264 -19.630907059 -0.623867750 -0.121164881 -0.772080302 51.764122009
-0.781724930 -0.101425029 0.615320265 156.993270874 -0.152576044 0.987805009 -0.031015344 -19.679758072 -0.604670644 -0.118128613 -0.787666678 50.785415649
-0.796605408 -0.099791095 0.596205950 157.775344849 -0.148803487 0.988302529 -0.033401001 -19.753597260 -0.585898697 -0.115324937 -0.802136421 49.741756439
-0.811419606 -0.097758219 0.576230466 158.518325806 -0.147125959 0.988328636 -0.039504420 -19.803022385 -0.565643132 -0.116833121 -0.816331983 48.723628998
-0.824799955 -0.096448906 0.557137907 159.232360840 -0.146646306 0.988116980 -0.046040822 -19.907941818 -0.546076655 -0.119676672 -0.829142690 47.664848328
-0.837998927 -0.096045718 0.537152827 159.930130005 -0.144877180 0.988219678 -0.049320515 -19.963846207 -0.526087821 -0.119151689 -0.842041790 46.597747803
-0.849789917 -0.096821897 0.518153071 160.594924927 -0.143784717 0.988286674 -0.051141299 -20.012939453 -0.507132113 -0.117961846 -0.853757501 45.519184113
-0.860797882 -0.094631657 0.500071824 161.255599976 -0.141161397 0.988404572 -0.055946141 -20.081155777 -0.488978863 -0.118749149 -0.864174783 44.429931641
-0.870344520 -0.091480017 0.483871639 161.845962524 -0.138265759 0.988463759 -0.061822537 -20.178693771 -0.472634047 -0.120709777 -0.872952580 43.340156555
-0.879435122 -0.094070420 0.466631085 162.469284058 -0.140699893 0.987848341 -0.066024557 -20.258905411 -0.454749793 -0.123719245 -0.881984234 42.255252838
-0.887085497 -0.095676757 0.451580852 163.033721924 -0.140926972 0.987711430 -0.067569837 -20.363618851 -0.439566672 -0.123580150 -0.889667928 41.133670807
-0.893614531 -0.097767487 0.438057780 163.570999146 -0.142433941 0.987311423 -0.070205495 -20.457063675 -0.425635576 -0.125130951 -0.896201193 39.961368561
-0.900375187 -0.099744104 0.423527718 164.132141113 -0.142902642 0.987164438 -0.071310930 -20.565303802 -0.410978585 -0.124729797 -0.903072000 38.854969025
-0.906302750 -0.102187440 0.410089374 164.668060303 -0.144114316 0.986896038 -0.072576337 -20.677295685 -0.397299170 -0.124875844 -0.909153044 37.653911591
-0.911897838 -0.105914176 0.396515697 165.192825317 -0.145431980 0.986826956 -0.070867635 -20.774366379 -0.383786350 -0.122290105 -0.915288568 36.534164429
-0.916906178 -0.109264471 0.383854955 165.710784912 -0.147053137 0.986618638 -0.070421234 -20.848890305 -0.371023804 -0.121016733 -0.920704246 35.347404480
-0.921692848 -0.107930459 0.372603536 166.185516357 -0.143046990 0.987388372 -0.067836441 -20.975170135 -0.360582769 -0.115824185 -0.925507784 34.197528839
-0.925539792 -0.104411021 0.363970459 166.672180176 -0.139285237 0.987714887 -0.070845671 -21.071350098 -0.352101922 -0.116266213 -0.928712189 33.010826111
-0.928402483 -0.098346964 0.358324736 167.108642578 -0.133048043 0.988384545 -0.073446006 -21.172075272 -0.346939385 -0.115861863 -0.930703521 31.834772110
-0.930594563 -0.095532589 0.353365451 167.573898315 -0.130726740 0.988419831 -0.077051386 -21.272109985 -0.341912508 -0.117897913 -0.932306707 30.611318588
-0.932206690 -0.096206658 0.348905414 168.012374878 -0.130273253 0.988601744 -0.075468920 -21.394615173 -0.337667882 -0.115805671 -0.934114158 29.443691254
-0.933173537 -0.103407659 0.344229668 168.464004517 -0.136146531 0.988049448 -0.072267011 -21.499536514 -0.332642913 -0.114303321 -0.936100066 28.227554321
-0.934454441 -0.108785085 0.339058518 168.912170410 -0.140702605 0.987506807 -0.070943937 -21.604524612 -0.327104956 -0.114000283 -0.938086450 27.041172028
-0.934942245 -0.115079045 0.335618347 169.357406616 -0.147486582 0.986393213 -0.072636820 -21.708930969 -0.322692662 -0.117410436 -0.939193368 25.804691315
-0.936040938 -0.117000550 0.331870973 169.794189453 -0.150187373 0.985725462 -0.076087162 -21.804681778 -0.318231374 -0.121063508 -0.940251172 24.623600006
-0.936727583 -0.114918947 0.330658555 170.215118408 -0.148525178 0.985816419 -0.078143030 -21.923072815 -0.316988498 -0.122309849 -0.940509737 23.403320312
-0.937096059 -0.114900403 0.329619259 170.660507202 -0.149086297 0.985558689 -0.080295987 -22.034830093 -0.315633029 -0.124386765 -0.940693200 22.198856354
-0.937288761 -0.110847771 0.330458194 171.069091797 -0.145323306 0.986027062 -0.081435390 -22.155994415 -0.316813797 -0.124351732 -0.940300822 20.984027863
-0.936800301 -0.109519646 0.332281083 171.483963013 -0.144557863 0.986046791 -0.082551673 -22.274276733 -0.318603605 -0.125368252 -0.939560831 19.794967651
-0.936521232 -0.107171312 0.333829939 171.938217163 -0.142497718 0.986298621 -0.083123825 -22.413150787 -0.320347428 -0.125417218 -0.938961089 18.516117096
-0.936061561 -0.106460162 0.335343301 172.370254517 -0.141703114 0.986476243 -0.082370505 -22.521163940 -0.322039038 -0.124623023 -0.938488126 17.329669952
-0.935179293 -0.105660751 0.338046581 172.840179443 -0.140852943 0.986690342 -0.081255980 -22.667583466 -0.324961752 -0.123603769 -0.937615037 16.052139282
-0.933910787 -0.106608033 0.341240942 173.285064697 -0.141840085 0.986656070 -0.079945073 -22.794353485 -0.328164607 -0.123063222 -0.936570048 14.869716644
-0.931945860 -0.106582470 0.346579164 173.739532471 -0.141009256 0.987116933 -0.075606406 -22.926347733 -0.334055871 -0.119331941 -0.934968650 13.608024597
-0.929522514 -0.106232069 0.353132695 174.198181152 -0.140097126 0.987539113 -0.071687192 -23.020778656 -0.341116905 -0.116107725 -0.932822645 12.362453461
-0.926955640 -0.109045103 0.358974069 174.663528442 -0.141622066 0.987741172 -0.065656736 -23.168537140 -0.347413898 -0.111699544 -0.931035340 11.181625366
-0.924469233 -0.106399313 0.366108954 175.135833740 -0.139570817 0.988057792 -0.065281846 -23.254096985 -0.354790926 -0.111449182 -0.928279340 9.998062134
-0.921212971 -0.104539588 0.374750763 175.613204956 -0.136782080 0.988757074 -0.060416646 -23.403930664 -0.364221513 -0.106915787 -0.925154924 8.798393250
-0.917661488 -0.100135610 0.384539127 176.103576660 -0.133913189 0.989050686 -0.062016521 -23.476232529 -0.374118626 -0.108405001 -0.921023250 7.620906830
-0.913888454 -0.098920293 0.393729448 176.609970093 -0.132902756 0.989315689 -0.059926607 -23.557933807 -0.383594751 -0.107093938 -0.917270839 6.472610474
-0.908737421 -0.094726928 0.406476259 177.112609863 -0.129171669 0.989919484 -0.058087375 -23.656370163 -0.396876186 -0.105291389 -0.911812961 5.299179077
-0.903035164 -0.091790058 0.419645160 177.645111084 -0.127294853 0.990206361 -0.057335652 -23.734483719 -0.410272479 -0.105194755 -0.905875564 4.148818970
-0.896939933 -0.088906154 0.433121890 178.192520142 -0.124890715 0.990628958 -0.055288032 -23.817733765 -0.424147606 -0.103682935 -0.899638057 2.997261047
-0.890617549 -0.089058526 0.445947289 178.765975952 -0.124739312 0.990865707 -0.051239215 -23.886489868 -0.437310547 -0.101261698 -0.893591464 1.857902527
-0.884536684 -0.083726235 0.458895475 179.336502075 -0.118669815 0.991783321 -0.047787596 -23.982997894 -0.451123744 -0.096726917 -0.887204170 0.749496460
-0.877777815 -0.080779992 0.472208351 179.927886963 -0.115459017 0.992298126 -0.044873245 -24.052536011 -0.464946628 -0.093909442 -0.880344033 -0.370033264
-0.870697200 -0.078963958 0.485439241 180.541046143 -0.112616897 0.992812932 -0.040496863 -24.119752884 -0.478752524 -0.089929156 -0.873331964 -1.469100952
-0.862943053 -0.076969206 0.499404699 181.159317017 -0.108919643 0.993430734 -0.035097502 -24.194784164 -0.493422538 -0.084682137 -0.865657628 -2.569175720
-0.855055153 -0.074086078 0.513217390 181.794250488 -0.103616126 0.994191110 -0.029113894 -24.283945084 -0.508079171 -0.078071572 -0.857764661 -3.636352539
-0.846345782 -0.070773460 0.527911007 182.435119629 -0.098931789 0.994773924 -0.025244586 -24.341205597 -0.523365498 -0.073592812 -0.848924458 -4.676986694
-0.836283803 -0.065785304 0.544336081 183.113739014 -0.093518525 0.995342910 -0.023384636 -24.351232529 -0.540262520 -0.070461676 -0.838541269 -5.726699829
-0.826039195 -0.061437257 0.560254157 183.812774658 -0.087767839 0.995936334 -0.020190986 -24.382354736 -0.556737006 -0.065850839 -0.828074455 -6.748626709
-0.814722002 -0.058454994 0.576897860 184.518920898 -0.083123468 0.996403813 -0.016428795 -24.418395996 -0.573862851 -0.061338656 -0.816651046 -7.763237000
-0.803616047 -0.054281507 0.592667580 185.260131836 -0.079133697 0.996735573 -0.016010325 -24.414089203 -0.589863658 -0.059766140 -0.805288017 -8.743232727
-0.790474653 -0.051354490 0.610338211 186.002593994 -0.074842520 0.997110248 -0.013033794 -24.445383072 -0.607905030 -0.055982120 -0.792033792 -9.734260559
