0.747157276 -0.128743872 0.652059078 9.836490631 0.155788019 0.987652719 0.016495612 0.463021934 -0.646131694 0.089258172 0.757988691 5.799072266
0.887467623 -0.150614604 -0.435564578 11.736875534 0.154534444 0.987627983 -0.026647903 0.593810976 0.434189320 -0.043660581 0.899762988 5.051044941
0.777972817 -0.153672680 0.609214902 10.563455582 0.179187164 0.983625829 0.019293098 0.483212292 -0.602204323 0.094154008 0.792770326 6.330021858
0.737002254 -0.129353762 0.663396716 10.952560425 0.152060479 0.988086224 0.023732031 0.521004975 -0.658563077 0.083385870 0.747891307 6.698905468
0.732062817 -0.130591154 0.668603122 11.339737892 0.152432144 0.987970054 0.026069662 0.536699891 -0.663964212 0.082831971 0.743162334 7.055790901
0.731502295 -0.130994931 0.669137299 11.788889885 0.152120426 0.987990022 0.027117327 0.563563824 -0.664653122 0.081953071 0.742643893 7.358447075
0.733544648 -0.130322352 0.667029560 12.106306076 0.151561826 0.988095820 0.026376061 0.601297736 -0.662526488 0.081748202 0.744564295 7.595740318
0.765252948 -0.123097599 0.631850421 14.104544640 0.130555257 0.990826190 0.034914132 0.697272301 -0.630351722 0.055773254 0.774303615 6.561907768
0.770746946 -0.125964820 0.624565423 14.653928757 0.127924800 0.990894973 0.041981582 0.671828151 -0.624166965 0.047540229 0.779843211 6.756555557
0.777604818 -0.127930656 0.615601003 15.239667892 0.123888396 0.991062462 0.049465604 0.620669603 -0.616427362 0.037801143 0.786503911 6.959540844
0.791708827 -0.134581670 0.595890045 15.957113266 0.121495329 0.990634084 0.062313963 0.492953718 -0.598695278 0.023063336 0.800644755 7.036209583
0.813664973 -0.134436026 0.565576077 16.825721741 0.118488252 0.990822196 0.065053068 0.478480339 -0.569130838 0.014082717 0.822126389 7.059687614
0.774430931 -0.086119115 0.626769662 17.791461945 0.061044417 0.996241093 0.061459124 0.560392201 -0.629706502 -0.009335057 0.776777029 7.108563900
0.723882914 -0.055425860 0.687692940 18.635753632 0.022790659 0.998144805 0.056457285 0.649718344 -0.689546406 -0.025195487 0.723803163 7.237508774
0.737190783 -0.044882946 0.674192309 19.526609421 0.019203153 0.998780131 0.045494143 0.799421906 -0.675411701 -0.020591233 0.737153411 7.344512939
0.650082767 -0.017497113 0.759661913 20.232465744 -0.017427195 0.999128580 0.037926078 0.892927289 -0.759663522 -0.037893858 0.649211347 7.520722389
0.554327786 -0.001960144 0.832296252 21.026041031 -0.042103328 0.998650849 0.030393707 0.966887414 -0.831232846 -0.051890541 0.553497434 7.660503387
0.421777010 0.009765243 0.906647027 21.797096252 -0.060157303 0.998040020 0.017235870 1.029743671 -0.904701769 -0.061811123 0.421537817 7.815079689
0.420309275 0.011900214 0.907302797 22.633060455 -0.060330257 0.998067915 0.014857383 1.012069106 -0.905373037 -0.060982503 0.420215100 7.795776367
0.420961261 0.018871943 0.906882286 23.489679337 -0.060956083 0.998112082 0.007524507 1.043005586 -0.905028105 -0.058447529 0.421316922 7.796301365
0.423902512 0.024928948 0.905364692 24.351343155 -0.060571786 0.998163462 0.000876285 1.050132155 -0.903680086 -0.055211000 0.424634010 7.813774109
0.303299278 0.006880208 0.952870429 25.169847488 -0.039851125 0.999190569 0.005469983 1.029868484 -0.952061594 -0.039632004 0.303327978 7.727461815
0.312666714 0.015383555 0.949738324 26.065567017 -0.031101683 0.999498487 -0.005950461 1.068775177 -0.949353576 -0.027677942 0.312988371 7.655562401
0.333857387 0.018392662 0.942444026 27.014936447 -0.017403245 0.999759495 -0.013346180 1.083879471 -0.942462921 -0.011945871 0.334097266 7.571448803
0.351820409 0.025601868 0.935717285 27.893348694 -0.005722886 0.999665976 -0.025199801 1.126277685 -0.936049879 0.003510801 0.351849437 7.565349102
0.143988505 0.039615512 0.988786221 28.774225235 -0.058798958 0.997775495 -0.031413283 1.067812204 -0.987830937 -0.053616449 0.145997509 6.892665863
0.044818405 0.048345372 0.997824669 29.585199356 -0.041727740 0.998047233 -0.046481907 1.063341618 -0.998123288 -0.039553724 0.046748169 6.557728291
-0.178360760 0.063256383 0.981929898 30.101696014 0.049876396 0.997229815 -0.055182330 1.049048066 -0.982700288 0.039132763 -0.181021571 6.470600605
-0.182967126 0.101605996 0.977854371 30.633499146 0.035514347 0.994678915 -0.096709058 1.107588053 -0.982477367 0.017033279 -0.185601979 6.332630634
-0.189420223 0.110502295 0.975658357 31.671314240 0.048255537 0.993494153 -0.103153743 1.060070753 -0.980709791 0.027541503 -0.193520144 5.929489613
-0.332469523 0.109743953 0.936707139 32.556724548 0.017777920 0.993759513 -0.110118166 1.027635098 -0.942946374 -0.019958228 -0.332345784 5.576973915
-0.337516189 0.117006518 0.934019446 33.379753113 0.024330193 0.992997468 -0.115602903 0.973822832 -0.941005170 -0.016292976 -0.337999552 5.198109627
-0.441189796 0.037289765 0.896638751 34.127651215 -0.031107819 0.997900367 -0.056807641 0.989236474 -0.896874487 -0.052955430 -0.439103454 5.156910896
-0.463773578 0.030701017 0.885421574 34.815910339 -0.033708300 0.998064280 -0.052262820 0.947258353 -0.885312200 -0.054084152 -0.461840987 4.793573380
-0.478332996 0.031670652 0.877607226 35.496425629 -0.022563575 0.998576343 -0.048334241 0.876247883 -0.877888620 -0.042921811 -0.476937383 4.369350433
-0.495247245 0.030190771 0.868227303 36.384197235 -0.026017210 0.998432279 -0.049558919 0.853816509 -0.868362427 -0.047132764 -0.493685365 3.961123466
-0.505546689 0.034182299 0.862121880 37.025497437 -0.021787168 0.998390496 -0.052361198 0.793331981 -0.862524152 -0.045254212 -0.503988266 3.550686836
-0.515121639 0.036115825 0.856355786 37.607784271 -0.022505958 0.998197377 -0.055635754 0.743315339 -0.856821477 -0.047932293 -0.513380289 3.172608376
-0.520622134 0.039984375 0.852850497 37.945755005 -0.036126576 0.996976495 -0.068794936 0.756800890 -0.853022516 -0.066626735 -0.517603576 3.006053925
-0.531606078 0.037947990 0.846141338 39.053363800 -0.022874240 0.997988164 -0.059129298 0.686689734 -0.846682787 -0.050788309 -0.529668629 2.266172409
-0.539871037 0.037561234 0.840909421 39.134677887 -0.026349736 0.997760117 -0.061484125 0.665152788 -0.841335237 -0.055351231 -0.537672102 2.187652588
-0.549895883 0.040249743 0.834262848 40.392162323 -0.022233274 0.997778952 -0.062793553 0.587610722 -0.834937215 -0.053078320 -0.547779620 1.414794922
-0.552069426 0.043823898 0.832645774 40.594284058 -0.023867918 0.997377932 -0.068319261 0.575093508 -0.833456516 -0.057590492 -0.549575865 1.286870956
-0.557157159 0.045145851 0.829178810 41.786621094 -0.025658334 0.997108400 -0.071529873 0.504916668 -0.830010593 -0.061128739 -0.554387808 0.526765823
-0.551482737 0.046730377 0.832876444 42.090225220 -0.024775352 0.997071683 -0.072347738 0.484074354 -0.833818316 -0.060533337 -0.548710167 0.340978622
-0.547158957 0.044886421 0.835824311 43.209789276 -0.024955466 0.997242391 -0.069891773 0.372088194 -0.836656630 -0.059100293 -0.544529974 -0.394933701
-0.537389219 0.045692801 0.842095613 43.639331818 -0.027497781 0.997050703 -0.071648695 0.340512991 -0.842885971 -0.061659001 -0.534547865 -0.653154373
-0.526816189 0.044330250 0.848822415 44.715381622 -0.027979432 0.997193396 -0.069444224 0.254810333 -0.849518597 -0.060333930 -0.524097204 -1.322118759
-0.516391039 0.043549027 0.855244875 45.283786774 -0.034263909 0.996855617 -0.071448147 0.222786427 -0.855667174 -0.066199206 -0.513275206 -1.681329727
-0.520130098 0.039972011 0.853151202 46.328964233 -0.041808393 0.996515155 -0.072177745 0.163928747 -0.853063166 -0.073210679 -0.516646326 -2.290096283
-0.517964363 0.037772622 0.854567766 47.158706665 -0.047216360 0.996239007 -0.072653048 0.113109827 -0.854097962 -0.077981278 -0.514232874 -2.779037476
-0.513878405 0.036896784 0.857069194 47.893642426 -0.050497383 0.996041238 -0.073156551 0.063300371 -0.856375456 -0.080873325 -0.509980857 -3.223762512
-0.516912937 0.035048690 0.855320156 48.857501984 -0.051138826 0.996112645 -0.071723752 -0.023786306 -0.854509115 -0.080814995 -0.513111234 -3.794021606
-0.512148023 0.036470354 0.858122528 49.653274536 -0.050935071 0.996050060 -0.072731569 -0.061580420 -0.857385635 -0.080957852 -0.508267462 -4.290077209
-0.515401065 0.034942910 0.856236398 50.626213074 -0.052536488 0.996000409 -0.072270378 -0.135978222 -0.855337143 -0.082231872 -0.511503935 -4.825929642
-0.511453748 0.036846299 0.858520508 51.452281952 -0.052366119 0.995887041 -0.073938340 -0.166366577 -0.857713759 -0.082773440 -0.507420659 -5.309503555
-0.521416783 0.034294840 0.852612615 52.473941803 -0.047380302 0.996486843 -0.069057450 -0.247545958 -0.851985574 -0.076404765 -0.517960191 -5.867794037
-0.519938052 0.036447339 0.853425980 53.312641144 -0.056285404 0.995456278 -0.076804124 -0.211849928 -0.852347493 -0.087968819 -0.515524089 -6.314559937
-0.516534507 0.037389874 0.855449617 54.312767029 -0.031054711 0.997570872 -0.062353030 -0.340868235 -0.855703056 -0.058773257 -0.514118671 -6.859909058
-0.516424716 0.039450582 0.855423331 55.012596130 -0.033722755 0.997226417 -0.066348948 -0.340005398 -0.855668366 -0.063111477 -0.513662040 -7.210180283
-0.502734840 0.040668461 0.863483489 56.059280396 -0.010921177 0.998514116 -0.053386640 -0.383373737 -0.864371657 -0.036269568 -0.501543760 -7.868722916
-0.502034485 0.040835500 0.863882959 56.808212280 -0.015479743 0.998300254 -0.056185231 -0.378021002 -0.864708960 -0.041579615 -0.500549078 -8.208347321
-0.496309012 0.038238514 0.867303431 57.822319031 -0.010964100 0.998673677 -0.050304621 -0.492819548 -0.868076742 -0.034475822 -0.495231450 -8.896320343
-0.494477153 0.040579237 0.868242919 58.587867737 -0.014333717 0.998393059 -0.054825358 -0.493599176 -0.869072497 -0.039555047 -0.493100911 -9.258096695
-0.493805826 0.035146810 0.868861556 59.596313477 -0.006467451 0.999006748 -0.044087078 -0.602474213 -0.869548142 -0.027389808 -0.493088037 -9.860635757
-0.493976891 0.038152754 0.868637502 60.356369019 -0.011178310 0.998675525 -0.050221231 -0.596760988 -0.869403124 -0.034518018 -0.492896229 -10.215282440
-0.493182659 0.032431718 0.869321048 61.390605927 -0.010763826 0.999000847 -0.043376207 -0.710964680 -0.869859219 -0.030749626 -0.492340773 -10.832443237
-0.496512830 0.038200177 0.867188454 62.210681915 -0.013956641 0.998550773 -0.051977709 -0.698120117 -0.867917240 -0.037910640 -0.495260090 -11.210203171
-0.498599172 0.034108736 0.866161168 63.212738037 -0.009996224 0.998932838 -0.045091394 -0.773436189 -0.866774917 -0.031140875 -0.497726142 -11.776557922
-0.505652010 0.037262749 0.861932456 64.049026489 -0.009134404 0.998779535 -0.048537560 -0.751481295 -0.862689137 -0.032416359 -0.504694462 -12.138868332
-0.509025931 0.031008331 0.860192478 64.959701538 -0.007675715 0.999147654 -0.040559549 -0.884283781 -0.860716999 -0.027248450 -0.508354008 -12.790325165
-0.516552091 0.034265801 0.855569959 65.814765930 -0.009762270 0.998898327 -0.045900140 -0.852114201 -0.856200159 -0.032062113 -0.515648425 -13.140722275
-0.518307626 0.032285631 0.854584634 66.651618958 -0.001354797 0.999254882 -0.038572881 -0.976481199 -0.855193198 -0.021150434 -0.517877638 -13.804347992
-0.525361121 0.039715651 0.849951923 67.536590576 0.001164506 0.998942733 -0.045957733 -0.948412895 -0.850878537 -0.023154648 -0.524851859 -14.160453796
-0.529465199 0.034916263 0.847612619 68.297332764 -0.001116578 0.999123037 -0.041854974 -1.073275685 -0.848330915 -0.023107193 -0.528962016 -14.819652557
-0.535473347 0.039537683 0.843626142 69.092117310 0.001268954 0.998940170 -0.046011239 -1.062128425 -0.844551146 -0.023567274 -0.534956098 -15.178258896
-0.536188006 0.034921475 0.843375921 69.932670593 -0.000681951 0.999125600 -0.041804116 -1.178611517 -0.844098330 -0.022989996 -0.535695314 -15.846502304
-0.540629268 0.031677969 0.840664327 70.740470886 0.001109411 0.999316752 -0.036942858 -1.165493250 -0.841260254 -0.019039750 -0.540295064 -16.230216980
-0.544525087 0.018914206 0.838531256 71.599464417 -0.001047322 0.999729574 -0.023230353 -1.203758478 -0.838743865 -0.013527718 -0.544358075 -16.901756287
-0.548713148 0.019280367 0.835788369 72.409919739 0.000186192 0.999736786 -0.022940168 -1.209401369 -0.836010754 -0.012431961 -0.548572421 -17.287322998
-0.553472400 0.025107414 0.832488894 73.254089355 0.002865406 0.999597013 -0.028242260 -1.267762899 -0.832862496 -0.013245895 -0.553321421 -17.670124054
-0.549520016 0.029379502 0.834963739 73.983039856 0.002527608 0.999435425 -0.033503186 -1.309322119 -0.835476756 -0.016300207 -0.549284160 -18.415370941
-0.548863053 0.035071544 0.835176229 74.757476807 0.008806521 0.999306619 -0.036176372 -1.324705601 -0.835865855 -0.012500881 -0.548791409 -18.920185089
-0.547616839 0.036485206 0.835933447 75.542488098 0.012348094 0.999292433 -0.035526007 -1.382604599 -0.836638212 -0.009132454 -0.547679901 -19.440460205
-0.550052702 0.018126182 0.834933221 76.346969604 -0.005468380 0.999664843 -0.025305022 -1.483932853 -0.835112035 -0.018484827 -0.549769223 -19.971420288
-0.548788071 0.013705816 0.835849166 77.148468018 -0.007579617 0.999742925 -0.021369757 -1.510474086 -0.835927069 -0.018062882 -0.548543096 -20.491788864
-0.547138572 0.006580003 0.837016225 77.959510803 -0.010843989 0.999829471 -0.014948382 -1.545869350 -0.836971819 -0.017255431 -0.546973765 -20.997852325
-0.548838258 -0.012069285 0.835841537 78.755363464 -0.042460646 0.999007523 -0.013455568 -1.593850136 -0.834849477 -0.042875297 -0.548806071 -21.506212234
-0.545873702 -0.016831651 0.837698400 79.552856445 -0.049339157 0.998708904 -0.012084334 -1.623741984 -0.836413443 -0.047927849 -0.545999467 -22.024021149
-0.543556213 -0.016302226 0.839214444 80.352447510 -0.046768695 0.998846352 -0.010888746 -1.648228884 -0.838068843 -0.045167606 -0.543691516 -22.542829514
-0.542508006 -0.013955498 0.839934587 81.134826660 -0.044898853 0.998914540 -0.012402910 -1.680361390 -0.838849902 -0.044440784 -0.542545617 -23.027534485
-0.536326826 -0.010190355 0.843948841 81.917121887 -0.041772205 0.999022186 -0.014483305 -1.708965421 -0.842976034 -0.043021388 -0.536228061 -23.538970947
-0.529385269 -0.003093859 0.848375916 82.723571777 -0.026648508 0.999560535 -0.012983425 -1.731130004 -0.847962916 -0.029481189 -0.529235065 -24.019058228
-0.520091176 0.000689036 0.854110420 83.513282776 -0.019026686 0.999742210 -0.012392392 -1.761158347 -0.853898764 -0.022696067 -0.519943953 -24.533767700
-0.510004878 0.015097115 0.860038996 84.335876465 0.009488144 0.999883890 -0.011925455 -1.764302254 -0.860119164 0.002078133 -0.510088921 -24.967191696
-0.498739302 0.013391865 0.866648614 85.138130188 0.007903883 0.999909401 -0.010902544 -1.784452200 -0.866716027 0.001412360 -0.498799890 -25.421297073
-0.486939937 0.012513730 0.873345792 85.963882446 0.015660565 0.999861717 -0.005594856 -1.813115358 -0.873295009 0.010952731 -0.487068653 -25.871612549
-0.475530744 0.011453373 0.879624486 86.779846191 0.015025274 0.999875188 -0.004896368 -1.836226821 -0.879570663 0.010888227 -0.475643486 -26.310031891
-0.465614974 0.007555773 0.884955108 87.616989136 0.007570511 0.999960959 -0.004554510 -1.857453704 -0.884954989 0.004578914 -0.465654075 -26.728542328
-0.453822970 0.008687491 0.891049504 88.440261841 0.008526783 0.999949038 -0.005406433 -1.878758669 -0.891051114 0.005144223 -0.453873873 -27.140495300
-0.438741505 0.015711330 0.898475945 89.265815735 0.016262777 0.999822199 -0.009542137 -1.906706214 -0.898466110 0.010425182 -0.438919038 -27.568096161
-0.427311838 0.024924695 0.903760672 90.084877014 0.018987861 0.999646842 -0.018591382 -1.930734515 -0.903904915 0.009216164 -0.427634209 -27.947885513
-0.413384169 0.030945955 0.910030723 90.919891357 0.022398410 0.999465466 -0.023812680 -1.955160975 -0.910281181 0.010539456 -0.413856357 -28.338146210
-0.401953757 0.028158568 0.915226877 91.767608643 0.021746820 0.999538660 -0.021201700 -1.987522840 -0.915401757 0.011381172 -0.402380645 -28.699211121
-0.390528679 0.024763847 0.920257568 92.581001282 0.021848917 0.999605894 -0.017627083 -2.015046120 -0.920331478 0.013222750 -0.390915811 -29.026510239
-0.380470514 0.024971155 0.924455881 93.427421570 0.017512858 0.999650598 -0.019794680 -2.046532393 -0.924627244 0.008658570 -0.380774915 -29.369750977
-0.373253137 0.029101279 0.927272975 94.270019531 0.012253333 0.999575317 -0.026438087 -2.095495701 -0.927648604 0.001494085 -0.373451293 -29.703105927
-0.368654847 0.034320764 0.928932488 95.120506287 0.005999827 0.999385178 -0.034542661 -2.126148224 -0.929547012 -0.007160886 -0.368634105 -30.023509979
-0.365627766 0.036332861 0.930051744 95.958572388 0.002425622 0.999271691 -0.038083386 -2.166016102 -0.930758119 -0.011668393 -0.365449578 -30.333160400
-0.360783696 0.039908838 0.931795299 96.784500122 0.015200104 0.999202907 -0.036910560 -2.218221426 -0.932525635 0.000846649 -0.361102700 -30.645309448
-0.355863661 0.039914384 0.933685124 97.619529724 0.014193093 0.999203086 -0.037305690 -2.264945507 -0.934430063 -0.000023861 -0.356146634 -30.957069397
-0.350430906 0.035697710 0.935908079 98.478569031 0.012040436 0.999362528 -0.033609722 -2.312118292 -0.936511040 -0.000509143 -0.350637376 -31.270336151
-0.344804764 0.032025583 0.938127875 99.331718445 0.012197842 0.999486446 -0.029636953 -2.357959509 -0.938595176 0.001224181 -0.345018327 -31.581024170
-0.339039475 0.028580572 0.940337777 100.174133301 0.008191025 0.999590278 -0.027428204 -2.400035381 -0.940736532 -0.001596914 -0.339134693 -31.873401642
-0.332309306 0.028815273 0.942730188 101.037956238 0.011077849 0.999583483 -0.026648132 -2.457569122 -0.943105400 0.001587993 -0.332490087 -32.175590515
-0.326433122 0.029536556 0.944758654 101.894126892 0.003884456 0.999545157 -0.029907219 -2.492735863 -0.945212305 -0.006092836 -0.326399326 -32.445899963
-0.319428384 0.033084895 0.947032630 102.734169006 0.005768852 0.999439716 -0.032969948 -2.537993670 -0.947592854 -0.005068248 -0.319440305 -32.729007721
-0.313139170 0.034961548 0.949063540 103.585182190 -0.001312203 0.999305248 -0.037245315 -2.573700905 -0.949706376 -0.012908327 -0.312875688 -33.005287170
-0.306696266 0.033281710 0.951225460 104.444267273 -0.002601863 0.999355376 -0.035804592 -2.617367744 -0.951803863 -0.013456092 -0.306411982 -33.278991699
-0.298882812 0.029598480 0.953830719 105.306694031 0.006100799 0.999557674 -0.029105766 -2.669521093 -0.954270303 -0.002880089 -0.298931211 -33.546695709
-0.292206109 0.025420334 0.956017435 106.169639587 -0.003366829 0.999613106 -0.027608609 -2.709915638 -0.956349432 -0.011286158 -0.292007536 -33.805160522
-0.284398258 0.031639617 0.958184004 107.029495239 0.006929337 0.999496996 -0.030947093 -2.746238232 -0.958681166 -0.002161713 -0.284474462 -34.065254211
-0.278182119 0.034558248 0.959906459 107.888519287 0.007714244 0.999400735 -0.033744510 -2.787951231 -0.960497320 -0.001982168 -0.278282076 -34.308116913
-0.271085411 0.035897546 0.961885631 108.746276855 0.011905046 0.999352932 -0.033940651 -2.834972382 -0.962481797 0.002250468 -0.271337360 -34.544288635
-0.264061868 0.035344388 0.963857949 109.630905151 0.011819161 0.999371886 -0.033408653 -2.881989479 -0.964433312 0.002570049 -0.264313728 -34.782806396
-0.255431354 0.038363803 0.966065705 110.498741150 0.031198561 0.999019265 -0.031423405 -2.927150249 -0.966323674 0.022113340 -0.256377697 -35.017044067
-0.248163640 0.039702490 0.967904210 111.363731384 0.035828218 0.998852313 -0.031785853 -2.969476223 -0.968055308 0.026790192 -0.249301285 -35.241695404
-0.241209149 0.038038265 0.969727397 112.226982117 0.025828049 0.999129236 -0.032767128 -3.012521982 -0.970129430 0.017142436 -0.241981566 -35.456172943
-0.234592587 0.038000781 0.971350729 113.102600098 0.025346875 0.999135017 -0.032966178 -3.057814598 -0.971763253 0.016887089 -0.235352844 -35.652103424
-0.228005037 0.036398925 0.972979367 113.955780029 0.021736220 0.999242246 -0.032287814 -3.100991964 -0.973417282 0.013787110 -0.228623435 -35.858749390
-0.224365056 0.036482248 0.973822057 114.838768005 0.024009874 0.999202609 -0.031901293 -3.142535686 -0.974209487 0.016223805 -0.225062072 -36.042503357
-0.219028294 0.036564324 0.975033164 115.714630127 0.025481530 0.999171078 -0.031745426 -3.186133146 -0.975385725 0.017892184 -0.219778493 -36.254299164
-0.213822708 0.038389221 0.976117849 116.579002380 0.026241366 0.999092758 -0.033544496 -3.222213507 -0.976519942 0.018442091 -0.214636073 -36.447849274
-0.209126994 0.038475014 0.977131307 117.454833984 0.037120614 0.998817980 -0.031384323 -3.259069920 -0.977183700 0.029708410 -0.210307956 -36.630134583
-0.203164071 0.035818357 0.978489339 118.332138062 0.039097261 0.998830438 -0.028445179 -3.305966377 -0.978363752 0.032477219 -0.204326838 -36.819011688
-0.198501065 0.036176205 0.979432762 119.207687378 0.046260994 0.998550594 -0.027506646 -3.343739986 -0.979008317 0.039849438 -0.199886888 -37.005409241
-0.194204271 0.036517154 0.980281174 120.076690674 0.038964160 0.998805344 -0.029487995 -3.388408184 -0.980186999 0.032469131 -0.195395142 -37.163196564
-0.190554053 0.038024005 0.980940044 120.941711426 0.037576225 0.998799682 -0.031416871 -3.432484388 -0.980957389 0.030873401 -0.191754162 -37.331295013
-0.189681664 0.038908049 0.981074452 121.824005127 0.045553479 0.998487175 -0.030791273 -3.470628262 -0.980788350 0.038850810 -0.191167086 -37.495063782
-0.189681858 0.035609663 0.981199563 122.707153320 0.034901168 0.998954952 -0.029507078 -3.513470650 -0.981225073 0.028648052 -0.190726459 -37.657722473
-0.189645186 0.027789611 0.981459320 123.584625244 0.018053535 0.999529004 -0.024812806 -3.551628590 -0.981686652 0.013013182 -0.190057606 -37.824768066
-0.188762262 0.022655297 0.981761396 124.462905884 0.017176315 0.999656975 -0.019765785 -3.591162205 -0.981872559 0.013132009 -0.189086691 -37.984169006
-0.186957270 0.019970654 0.982165039 125.319526672 0.017762531 0.999698639 -0.016946029 -3.631443024 -0.982207477 0.014277553 -0.187255651 -38.157142639
-0.185963243 0.024960414 0.982239664 126.178153992 0.017790327 0.999598920 -0.022033378 -3.664402485 -0.982395589 0.013376966 -0.186332703 -38.312133789
-0.185133860 0.028866012 0.982289374 127.040351868 0.019856550 0.999474227 -0.025628621 -3.698061705 -0.982512712 0.014760149 -0.185609698 -38.482963562
-0.185698420 0.027754376 0.982214808 127.878189087 0.015283588 0.999561667 -0.025355017 -3.730365276 -0.982487977 0.010303379 -0.186041191 -38.626194000
-0.185339212 0.026118379 0.982327461 128.740020752 0.012615268 0.999627590 -0.024198189 -3.777451515 -0.982593596 0.007907450 -0.185599685 -38.782325745
-0.184664816 0.027264111 0.982423425 129.588958740 0.017015971 0.999553978 -0.024541050 -3.809989929 -0.982654393 0.012185017 -0.185046405 -38.943714142
-0.184688821 0.031737756 0.982284367 130.430603027 0.023330955 0.999338269 -0.027902095 -3.835832357 -0.982520103 0.017764427 -0.185307086 -39.089538574
-0.185122535 0.030234991 0.982250214 131.280151367 0.004084955 0.999541640 -0.029997358 -3.879298210 -0.982706964 -0.001540738 -0.185161188 -39.232440948
-0.184122339 0.031890225 0.982385874 132.116867065 0.000368820 0.999475658 -0.032375865 -3.925273895 -0.982903361 -0.005598797 -0.184037581 -39.376647949
-0.184339195 0.037905991 0.982131481 132.949234009 0.011884002 0.999268889 -0.036336891 -3.960951328 -0.982790828 0.004973342 -0.184654906 -39.526809692
-0.184079453 0.038844354 0.982143521 133.776641846 0.013118011 0.999226928 -0.037061349 -4.005176067 -0.982823789 0.006061537 -0.184446707 -39.678550720
-0.182791874 0.037353899 0.982441723 134.615158081 0.001324226 0.999286413 -0.037747961 -4.054029465 -0.983150721 -0.005599050 -0.182710856 -39.816993713
-0.180864230 0.033625498 0.982933044 135.434356689 -0.020701341 0.999063790 -0.037986461 -4.091299057 -0.983290136 -0.027218433 -0.179998815 -39.967285156
-0.176995873 0.030193018 0.983748376 136.262451172 -0.015402513 0.999321938 -0.033442210 -4.138254166 -0.984091043 -0.021071337 -0.176410839 -40.129318237
-0.175070867 0.025272049 0.984231412 137.084350586 -0.011292306 0.999553204 -0.027674088 -4.183281422 -0.984491050 -0.015959177 -0.174707264 -40.277545929
-0.171434209 0.024972197 0.984879017 137.899475098 -0.010108162 0.999581456 -0.027104475 -4.222643852 -0.985143661 -0.014601944 -0.171110049 -40.418479919
-0.163395017 0.029749900 0.986112058 138.710556030 -0.000482565 0.999542654 -0.030235043 -4.272153854 -0.986560524 -0.005416112 -0.163305968 -40.557258606
-0.157138541 0.032602951 0.987038255 139.507171631 -0.000225942 0.999453664 -0.033049025 -4.311635017 -0.987576544 -0.005416287 -0.157045364 -40.682899475
-0.148671642 0.033577196 0.988316417 140.310989380 0.001183758 0.999428630 -0.033776656 -4.346243858 -0.988885880 -0.003851701 -0.148626462 -40.795158386
-0.138916746 0.029241063 0.989872277 141.111892700 0.003362976 0.999572277 -0.029055635 -4.386159420 -0.990298331 -0.000707399 -0.138955668 -40.905136108
-0.127096295 0.027951630 0.991496384 141.909103394 0.006772989 0.999603987 -0.027311990 -4.424168110 -0.991867244 0.003244143 -0.127235264 -41.006233215
-0.111666717 0.030703936 0.993271232 142.692077637 0.013245260 0.999479771 -0.029406773 -4.460309029 -0.993657410 0.009872379 -0.112015299 -41.093521118
-0.097055145 0.031976543 0.994765162 143.482727051 0.012152102 0.999447286 -0.030941419 -4.494948864 -0.995204806 0.009085466 -0.097390085 -41.162368774
-0.082174078 0.032008957 0.996103823 144.288848877 0.013090386 0.999432564 -0.031036025 -4.534973621 -0.996532023 0.010489020 -0.082546450 -41.230926514
-0.068758547 0.033423796 0.997073293 145.075363159 0.012685485 0.999387085 -0.032626566 -4.577181339 -0.997552812 0.010405009 -0.069140397 -41.277648926
-0.055126101 0.039800446 0.997685909 145.866180420 0.009569875 0.999180377 -0.039331298 -4.624278069 -0.998433590 0.007379553 -0.055461809 -41.310951233
-0.042240232 0.049133942 0.997898579 146.614379883 0.001908829 0.998792112 -0.049097143 -4.665766239 -0.999105632 -0.000169053 -0.042283002 -41.329967499
-0.029195860 0.057570249 0.997914493 147.370773315 -0.003303714 0.998329043 -0.057690829 -4.703579426 -0.999568224 -0.004981161 -0.028956883 -41.330757141
-0.013560628 0.058167811 0.998214722 148.125976562 -0.002896273 0.998300016 -0.058212128 -4.756661415 -0.999903858 -0.003680495 -0.013369109 -41.357711792
-0.002069792 0.054264311 0.998524427 148.880523682 -0.007050497 0.998501003 -0.054277662 -4.811193466 -0.999972939 -0.007152436 -0.001684097 -41.342231750
0.008380113 0.051925562 0.998615801 149.653579712 -0.011503384 0.998589933 -0.051827669 -4.867196560 -0.999898732 -0.011053139 0.008965615 -41.318832397
0.017878626 0.059038755 0.998095572 150.415039062 -0.009820292 0.998217285 -0.058870062 -4.920200348 -0.999791861 -0.008749074 0.018426534 -41.288612366
0.024715349 0.066753872 0.997463346 151.158706665 -0.012603658 0.997709632 -0.066458069 -4.977771759 -0.999615014 -0.010929154 0.025500083 -41.261341095
0.027782228 0.069275804 0.997210622 151.910339355 -0.018662935 0.997457743 -0.068773009 -5.036076546 -0.999439776 -0.016700208 0.029004488 -41.237751007
0.028553125 0.064794391 0.997490048 152.668365479 -0.019368788 0.997745395 -0.064256541 -5.093945980 -0.999404669 -0.017485447 0.029743738 -41.216030121
0.027162904 0.061118044 0.997760773 153.427429199 -0.017694592 0.998002172 -0.060651109 -5.155817032 -0.999474406 -0.016007515 0.028190093 -41.191036224
0.023275677 0.057871867 0.998052597 154.167495728 -0.018131450 0.998183370 -0.057456605 -5.210976601 -0.999564648 -0.016758803 0.024282694 -41.163738251
0.020446172 0.057929315 0.998111308 154.908920288 -0.016600896 0.998202085 -0.057594515 -5.264306545 -0.999653161 -0.015391951 0.021371085 -41.148292542
0.017173551 0.058764033 0.998124301 155.668502808 -0.016984457 0.998144448 -0.058473010 -5.314067364 -0.999708235 -0.015948407 0.018139763 -41.141998291
0.011666453 0.057798240 0.998260140 156.400436401 -0.017125653 0.998193204 -0.057594225 -5.366655350 -0.999785244 -0.016423937 0.012635208 -41.116516113
0.006815501 0.057704702 0.998310387 157.139556885 -0.023003833 0.998078406 -0.057534240 -5.421756268 -0.999712169 -0.022572843 0.008129834 -41.122852325
-0.000001621 0.055154327 0.998477876 157.874404907 -0.024663454 0.998174012 -0.055137597 -5.477797508 -0.999695897 -0.024626000 0.001358679 -41.103950500
-0.005320307 0.053645033 0.998545885 158.616775513 -0.031186348 0.998065352 -0.053785384 -5.533679008 -0.999499440 -0.031427149 -0.003637022 -41.128101349
-0.011653522 0.053424109 0.998503864 159.319259644 -0.033591583 0.997987151 -0.053788509 -5.587434769 -0.999367654 -0.034168154 -0.009835464 -41.120056152
-0.016523873 0.055386897 0.998328209 160.100097656 -0.035002157 0.997820497 -0.055938061 -5.627883911 -0.999250650 -0.035867956 -0.014549196 -41.134071350
-0.021144120 0.057776548 0.998105645 160.831466675 -0.036081351 0.997634351 -0.058513623 -5.681602478 -0.999125183 -0.037250217 -0.019009447 -41.134731293
-0.023330091 0.059921272 0.997930408 161.565399170 -0.035593987 0.997519433 -0.060728729 -5.739222050 -0.999094009 -0.036937132 -0.021139383 -41.154853821
-0.024333602 0.062330879 0.997758985 162.259567261 -0.036202546 0.997344792 -0.063187934 -5.788555145 -0.999048293 -0.037658997 -0.022012454 -41.178562164
-0.023724867 0.060834549 0.997865796 162.972351074 -0.033275660 0.997545719 -0.061606169 -5.841108322 -0.999164581 -0.034666244 -0.021642327 -41.194232941
-0.019470569 0.057021093 0.998183191 163.695419312 -0.030238951 0.997882009 -0.057593744 -5.897778988 -0.999353051 -0.031305395 -0.017705074 -41.206748962
-0.012273063 0.056501221 0.998327076 164.383972168 -0.029404964 0.997950077 -0.056841385 -5.958112717 -0.999492168 -0.030053394 -0.010586491 -41.211044312
-0.000736194 0.056802180 0.998385131 165.077911377 -0.026632007 0.998030245 -0.056801617 -6.014266968 -0.999645054 -0.026630819 0.000778012 -41.209339142
0.014059782 0.056812596 0.998285830 165.766937256 -0.023875363 0.998118937 -0.056466840 -6.065527439 -0.999616086 -0.023040526 0.015389757 -41.195419312
0.029244419 0.054724518 0.998073101 166.445983887 -0.024099881 0.998248518 -0.054027990 -6.108580589 -0.999281645 -0.022473427 0.030512054 -41.168056488
0.046236753 0.049017325 0.997727156 167.142395020 -0.024953881 0.998540342 -0.047900859 -6.153456688 -0.998618722 -0.022682386 0.047392439 -41.128845215
0.063064769 0.042764001 0.997092783 167.818267822 -0.026668994 0.998796999 -0.041150313 -6.195191383 -0.997653127 -0.023996323 0.064129367 -41.080928802
0.079766244 0.035118613 0.996194720 168.496978760 -0.023623971 0.999165118 -0.033331729 -6.229101658 -0.996533632 -0.020875325 0.080529280 -41.014434814
0.096685998 0.028453184 0.994908094 169.160171509 -0.024393031 0.999358833 -0.026209930 -6.257891655 -0.995015979 -0.021734692 0.097318061 -40.934158325
0.114153996 0.021813616 0.993223548 169.833633423 -0.024882969 0.999508023 -0.019091768 -6.292903900 -0.993151426 -0.022534950 0.114640623 -40.847259521
0.132195458 0.019711586 0.991027594 170.490081787 -0.026586948 0.999512970 -0.016333869 -6.323339462 -0.990867019 -0.024189139 0.132655159 -40.752349854
0.150615215 0.018138133 0.988426030 171.125244141 -0.023591509 0.999612808 -0.014748570 -6.339389801 -0.988310933 -0.021097101 0.150984809 -40.651462555
0.167562395 0.018003050 0.985697091 171.760986328 -0.024769720 0.999594450 -0.014046179 -6.352984428 -0.985550284 -0.022061827 0.167940363 -40.532093048
0.183070883 0.018038347 0.982934177 172.393356323 -0.031239469 0.999433458 -0.012522805 -6.377462864 -0.982603252 -0.028413782 0.183530688 -40.396835327
0.197410762 0.014569587 0.980212569 173.022186279 -0.033761725 0.999397457 -0.008055273 -6.396916389 -0.979739308 -0.031503469 0.197783723 -40.251869202
0.208133474 0.010938521 0.978039265 173.632385254 -0.028146688 0.999590337 -0.005189740 -6.415404320 -0.977695286 -0.026448410 0.208356082 -40.116744995
0.219226941 0.010473065 0.975617707 174.248794556 -0.026443582 0.999638796 -0.004788903 -6.428083897 -0.975315452 -0.024748966 0.219424739 -39.980838776
0.228998408 0.013539360 0.973332524 174.852325439 -0.030060967 0.999524713 -0.006831178 -6.448749542 -0.972962439 -0.027694993 0.229296595 -39.821605682
0.238497183 0.020621499 0.970924199 175.454498291 -0.034232870 0.999331653 -0.012815908 -6.467012405 -0.970539629 -0.030180961 0.239043713 -39.669025421
0.246418864 0.031433556 0.968653560 176.043365479 -0.031808134 0.999197721 -0.024332972 -6.476616859 -0.968641281 -0.024814954 0.247221053 -39.490814209
0.254593611 0.036850072 0.966345787 176.645263672 -0.026446950 0.999165297 -0.031133883 -6.499589920 -0.966686368 -0.017630404 0.255355626 -39.336235046
0.261216253 0.035531189 0.964626193 177.258819580 -0.025453897 0.999228477 -0.029912937 -6.514631271 -0.964944661 -0.016739750 0.261919081 -39.166748047
0.266231745 0.027753072 0.963509440 177.838882446 -0.028067768 0.999384761 -0.021030895 -6.531898975 -0.963500321 -0.021444466 0.266846925 -38.983905792
0.270696670 0.017266596 0.962509871 178.458648682 -0.032739311 0.999425888 -0.008721215 -6.559609413 -0.962107837 -0.029151104 0.271106571 -38.799869537
0.272406310 0.009616106 0.962134242 179.046691895 -0.033163644 0.999449730 -0.000599531 -6.575589180 -0.961610615 -0.031744562 0.272575289 -38.624305725
0.273902476 0.009284902 0.961712658 179.664764404 -0.029948646 0.999550819 -0.001120630 -6.588515759 -0.961291075 -0.028495047 0.274057537 -38.455265045
0.274024695 0.011047181 0.961659133 180.247726440 -0.026555549 0.999639690 -0.003916487 -6.596263885 -0.961355984 -0.024464175 0.274219215 -38.276176453
0.275344431 0.011636207 0.961275160 180.846374512 -0.024078116 0.999696553 -0.005204441 -6.593364716 -0.961044133 -0.021712683 0.275541037 -38.097034454
0.276867807 0.008092639 0.960873961 181.456451416 -0.024784604 0.999691963 -0.001278096 -6.608871937 -0.960588336 -0.023461014 0.276983112 -37.918827057
0.280405790 0.004487317 0.959871113 182.070098877 -0.025567042 0.999669254 0.002795494 -6.619645119 -0.959541023 -0.025324941 0.280427724 -37.743888855
0.283451676 0.000111452 0.958986521 182.684967041 -0.025373770 0.999650717 0.007383654 -6.626617908 -0.958650768 -0.026426017 0.283355504 -37.553218842
0.287910223 -0.002565131 0.957653999 183.299972534 -0.024170296 0.999658346 0.009944230 -6.632095337 -0.957352221 -0.026009830 0.287749887 -37.367557526
0.292508304 -0.005063927 0.956249535 183.897842407 -0.022547074 0.999671459 0.012190829 -6.628782272 -0.955997109 -0.025126552 0.292298049 -37.167404175
0.300529659 -0.008592292 0.953733802 184.514190674 -0.020591110 0.999667883 0.015494552 -6.634903431 -0.953550100 -0.024295008 0.300252885 -36.970199585
0.310563833 -0.010007261 0.950499892 185.145599365 -0.018207017 0.999698520 0.016474159 -6.633145332 -0.950378120 -0.022422053 0.310287982 -36.769393921
0.320483416 -0.008418472 0.947216690 185.742538452 -0.018797901 0.999707043 0.015245104 -6.637950897 -0.947067618 -0.022691481 0.320231289 -36.542079926
0.331611514 -0.004508806 0.943405151 186.344741821 -0.020378707 0.999720931 0.011941170 -6.640087128 -0.943195939 -0.023185207 0.331427097 -36.309192657
0.343948275 -0.002345351 0.938985646 186.952087402 -0.020443972 0.999741018 0.009985682 -6.647911072 -0.938766003 -0.022631155 0.343811303 -36.091632843
0.355173379 -0.001587848 0.934799075 187.579650879 -0.019571643 0.999766648 0.009134375 -6.640539169 -0.934595525 -0.021539843 0.355059445 -35.840106964
0.366838485 -0.004591946 0.930273235 188.198211670 -0.018921167 0.999744058 0.012396123 -6.644309044 -0.930092096 -0.022149233 0.366657704 -35.599075317
0.377324194 -0.005727625 0.926063538 188.813110352 -0.020304507 0.999689341 0.014456057 -6.647569656 -0.925858617 -0.024257880 0.377090693 -35.327552795
0.388632327 -0.006515642 0.921369910 189.426147461 -0.021431623 0.999640465 0.016108971 -6.645350456 -0.921143651 -0.026006917 0.388352990 -35.065196991
0.399116069 -0.000024316 0.916900396 190.050201416 -0.047393311 0.998662710 0.020656241 -6.638096333 -0.915674686 -0.051699180 0.398581147 -34.776371002
0.405909866 -0.000310403 0.913913071 190.672042847 -0.046361547 0.998705447 0.020930449 -6.631256580 -0.912736416 -0.050866298 0.405369997 -34.486228943
0.409730732 -0.005138273 0.912192047 191.310638428 -0.040512010 0.998894989 0.023823500 -6.627197742 -0.911306500 -0.046715952 0.409069806 -34.186561584
0.411968201 -0.008918501 0.911154568 191.955902100 -0.037603144 0.998933792 0.026779534 -6.619807243 -0.910422027 -0.045294594 0.411193609 -33.893417358
0.412818342 -0.003698342 0.910805881 192.607238770 -0.046674326 0.998591959 0.025209714 -6.608197689 -0.909616590 -0.052918274 0.412064552 -33.602966309
0.411626190 -0.003456878 0.911346197 193.264892578 -0.045246724 0.998682022 0.024224669 -6.603693962 -0.910228848 -0.051206935 0.410927296 -33.305404663
0.410882354 -0.000363701 0.911688328 193.929229736 -0.047078617 0.998657286 0.021615921 -6.593463898 -0.910472035 -0.051802628 0.410313457 -33.011322021
0.410802245 -0.001573659 0.911723137 194.602355957 -0.045913540 0.998694003 0.022411397 -6.581508160 -0.910567701 -0.051067088 0.410193413 -32.716102600
0.409862876 -0.007787016 0.912113905 195.269821167 -0.042895127 0.998692691 0.027801301 -6.578944683 -0.911138058 -0.050519962 0.408993006 -32.420692444
0.409366697 -0.012958920 0.912277818 195.972122192 -0.034479287 0.998965144 0.029662212 -6.565947533 -0.911718190 -0.043597411 0.408496261 -32.110755920
0.407817364 -0.015979037 0.912923813 196.650878906 -0.033283267 0.998922288 0.032352436 -6.563820839 -0.912456751 -0.043578971 0.406845927 -31.808906555
0.407077402 -0.014833837 0.913273156 197.336853027 -0.035372704 0.998862028 0.031990848 -6.530581474 -0.912708461 -0.045327697 0.406089425 -31.518112183
0.404598832 -0.015518343 0.914362550 198.008636475 -0.036224194 0.998799324 0.032980327 -6.517550468 -0.913776517 -0.046465851 0.403550893 -31.211990356
0.402986676 -0.016674148 0.915053964 198.706451416 -0.034492452 0.998847127 0.033391383 -6.532407284 -0.914555669 -0.045018736 0.401946813 -30.898384094
0.402006179 -0.014079366 0.915528774 199.399200439 -0.032931246 0.999012589 0.029823236 -6.523429871 -0.915044546 -0.042138625 0.401145607 -30.590316772
0.400071800 -0.006215371 0.916462719 200.067474365 -0.035361838 0.999127686 0.022212818 -6.507455826 -0.915801346 -0.041294526 0.399502963 -30.282768250
0.399113595 -0.004188165 0.916891873 200.761566162 -0.036173645 0.999139190 0.020309865 -6.500845432 -0.916187644 -0.041273270 0.398618430 -29.984832764
0.398021787 -0.004412391 0.917365313 201.464859009 -0.041176025 0.998894691 0.022669785 -6.482504845 -0.916451395 -0.046796527 0.397400230 -29.670806885
0.396144092 -0.007539627 0.918157339 202.153930664 -0.043323610 0.998699069 0.026893223 -6.482644081 -0.917165756 -0.050431479 0.395302117 -29.358329773
0.394250423 -0.008842310 0.918960512 202.843170166 -0.044399992 0.998602688 0.028657025 -6.489762783 -0.917929888 -0.052099887 0.393306941 -29.064628601
0.388864756 -0.008593213 0.921254754 203.516342163 -0.047235537 0.998455346 0.029251603 -6.481616020 -0.920083165 -0.054890878 0.387858212 -28.770896912
0.383395493 -0.010094414 0.923529088 204.222015381 -0.047182389 0.998420537 0.030500377 -6.475260258 -0.922378302 -0.055268016 0.382313609 -28.491729736
0.373759419 -0.011205601 0.927457929 204.917907715 -0.049735516 0.998246253 0.032103952 -6.500089169 -0.926191330 -0.058126748 0.372546643 -28.203071594
0.363762230 -0.013234036 0.931397796 205.604614258 -0.035918366 0.998956084 0.028222056 -6.471500874 -0.930799067 -0.043720398 0.362907171 -27.928367615
0.352816701 -0.009987544 0.935639083 206.302947998 -0.036926448 0.999015391 0.024588516 -6.463261127 -0.934963524 -0.043225076 0.352100462 -27.662597656
0.341863751 -0.010150575 0.939694703 207.000518799 -0.040571604 0.998849928 0.025549639 -6.456631660 -0.938873351 -0.046859410 0.341058701 -27.411773682
0.330886900 -0.017720230 0.943504035 207.718307495 -0.034343313 0.998935223 0.030805504 -6.439704418 -0.943045259 -0.042596191 0.329926044 -27.167121887
0.322441161 -0.026496183 0.946218550 208.420654297 -0.030993909 0.998776793 0.038529653 -6.434861660 -0.946081936 -0.041750565 0.321225464 -26.932655334
0.315508097 -0.031924482 0.948385715 209.123031616 -0.030746832 0.998565197 0.043842446 -6.420951843 -0.948424637 -0.042992502 0.314073890 -26.705753326
