0.999991179 -0.002747847 -0.003189889 -0.010178963 0.002745977 0.999995947 -0.000590398 -0.039006881 0.003191499 0.000581632 0.999994695 1.513306499
0.999979794 -0.003029163 -0.005593566 -0.009536689 0.003018006 0.999993443 -0.002002070 -0.052118521 0.005599594 0.001985149 0.999982357 2.241124630
0.999956965 -0.005061200 -0.007771059 -0.015000973 0.005030369 0.999979317 -0.003981912 -0.058876757 0.007791050 0.003942648 0.999961853 2.953708410
0.999924362 -0.007590667 -0.009685983 -0.016886551 0.007533483 0.999954045 -0.005926518 -0.075461708 0.009730524 0.005853101 0.999935508 3.659525156
0.999900222 -0.008717431 -0.011114402 -0.030344049 0.008644541 0.999940872 -0.006589402 -0.087657988 0.011171188 0.006492663 0.999916434 4.374819279
0.999880552 -0.008704838 -0.012775613 -0.045608327 0.008625197 0.999943018 -0.006275835 -0.098418623 0.012829515 0.006164891 0.999898612 5.102749348
0.999858975 -0.009344759 -0.013957080 -0.062266380 0.009255062 0.999936223 -0.006477427 -0.118671782 0.014016721 0.006347341 0.999881506 5.831654072
0.999850869 -0.008667662 -0.014942341 -0.087362997 0.008530686 0.999921203 -0.009206614 -0.136576265 0.015020966 0.009077772 0.999846041 6.566241741
0.999846876 -0.006921083 -0.016069559 -0.114952736 0.006715893 0.999895632 -0.012787883 -0.160356343 0.016156394 0.012678004 0.999789119 7.306952477
0.999819517 -0.005997751 -0.018024784 -0.116647601 0.005702065 0.999849081 -0.016411267 -0.165343225 0.018120496 0.016305529 0.999702871 7.528957367
0.999822378 -0.004058867 -0.018400567 -0.170525298 0.003756725 0.999857962 -0.016425222 -0.186145887 0.018464623 0.016353177 0.999695718 8.828644753
0.999790609 -0.001400563 -0.020413235 -0.171726644 0.001200560 0.999951184 -0.009806674 -0.188838273 0.020425972 0.009780115 0.999743521 9.110333443
0.999799371 -0.000910323 -0.020008594 -0.229663908 0.000934038 0.999998808 0.001175901 -0.216433927 0.020007500 -0.001194353 0.999799073 10.396711349
0.999763429 -0.000385093 -0.021745289 -0.232982278 0.000545535 0.999972641 0.007372825 -0.216963619 0.021741854 -0.007382944 0.999736309 10.757978439
0.999753892 0.001962802 -0.022097286 -0.285199314 -0.001815434 0.999975860 0.006687143 -0.237177700 0.022109877 -0.006645381 0.999733388 12.031551361
0.999729335 0.003920536 -0.022931453 -0.303344011 -0.003931887 0.999992132 -0.000449909 -0.241285324 0.022929510 0.000539951 0.999736786 12.455972672
0.999719203 0.003725527 -0.023398234 -0.359886259 -0.003877299 0.999971688 -0.006444461 -0.241829947 0.023373563 0.006533375 0.999705434 13.691889763
0.999700963 0.001059304 -0.024428608 -0.375119478 -0.001164900 0.999990046 -0.004308812 -0.247973979 0.024423800 0.004335980 0.999692261 14.203022957
0.999687970 0.000590755 -0.024972947 -0.412802249 -0.000473641 0.999988854 0.004695259 -0.256036192 0.024975447 -0.004681966 0.999677062 15.451869965
0.999665678 -0.000056414 -0.025856527 -0.422427863 0.000365186 0.999928653 0.011937167 -0.256258994 0.025854008 -0.011942619 0.999594390 16.046783447
0.999664485 -0.000797799 -0.025888748 -0.469702601 0.001173216 0.999894261 0.014489203 -0.258622199 0.025874455 -0.014514718 0.999559760 17.266504288
0.999643981 -0.002949882 -0.026521079 -0.479616493 0.003301337 0.999907076 0.013217910 -0.251906693 0.026479628 -0.013300761 0.999560773 17.936988831
0.999673426 -0.003068099 -0.025366759 -0.529137909 0.003345681 0.999934793 0.010907579 -0.248055771 0.025331639 -0.010988884 0.999618649 19.132371902
0.999672949 -0.000710409 -0.025562495 -0.544218183 0.000896871 0.999972999 0.007283659 -0.244171619 0.025556635 -0.007304200 0.999646664 19.878955841
0.999710381 -0.003419076 -0.023817269 -0.584218383 0.003468947 0.999991834 0.002052936 -0.252514273 0.023810053 -0.002134963 0.999714196 21.056245804
0.999713480 -0.006219330 -0.023113400 -0.596634567 0.006123970 0.999972463 -0.004194221 -0.262104422 0.023138847 0.004051473 0.999724030 21.860704422
0.999720871 -0.005288528 -0.023022905 -0.611162901 0.005065194 0.999939680 -0.009747994 -0.268745244 0.023073068 0.009628656 0.999687314 22.693288803
0.999756694 -0.003684665 -0.021747142 -0.667737722 0.003457427 0.999939144 -0.010477433 -0.287817538 0.021784421 0.010399693 0.999708533 24.094554901
0.999764323 -0.002861499 -0.021521179 -0.702110350 0.002658140 0.999951661 -0.009471866 -0.315779269 0.021547243 0.009412427 0.999723494 24.984788895
0.999719977 -0.002761622 -0.023503579 -0.684975028 0.002486689 0.999928296 -0.011718666 -0.315287650 0.023534257 0.011656938 0.999655008 25.896659851
0.999747574 0.000771442 -0.022453547 -0.744044662 -0.001063868 0.999914706 -0.013014590 -0.354973137 0.022441596 0.013035195 0.999663055 27.257757187
0.999725401 0.004212608 -0.023051281 -0.769165933 -0.004531435 0.999894559 -0.013796471 -0.374552161 0.022990730 0.013897139 0.999639034 28.194248199
0.999701440 0.005775773 -0.023743169 -0.787710190 -0.006111830 0.999881804 -0.014105727 -0.393446267 0.023658892 0.014246628 0.999618530 29.156427383
0.999708414 0.008005443 -0.022782352 -0.846208215 -0.008329296 0.999865055 -0.014155971 -0.420848906 0.022665951 0.014341604 0.999640107 30.470432281
0.999685764 0.007824003 -0.023812609 -0.861034989 -0.008155381 0.999870658 -0.013850956 -0.451926678 0.023701159 0.014040804 0.999620438 31.441736221
0.999657631 0.008402459 -0.024778545 -0.890929937 -0.008721346 0.999880135 -0.012789694 -0.472342968 0.024668111 0.013001413 0.999611080 32.443462372
0.999647379 0.009746389 -0.024699537 -0.918378472 -0.010012865 0.999892652 -0.010688088 -0.501176238 0.024592718 0.010931631 0.999637663 33.736862183
0.999633789 0.009841028 -0.025205741 -0.946564078 -0.010102347 0.999896228 -0.010261143 -0.518294275 0.025102148 0.010512023 0.999629498 34.749359131
0.999574542 0.009818769 -0.027465807 -0.948683977 -0.010106404 0.999895215 -0.010353349 -0.556448817 0.027361274 0.010626522 0.999569058 35.490570068
0.999616802 0.012968714 -0.024454659 -1.047587276 -0.013272568 0.999836206 -0.012304037 -0.551033497 0.024291078 0.012623898 0.999625206 36.975093842
0.999613881 0.012361272 -0.024883177 -1.087749720 -0.012651950 0.999853194 -0.011558370 -0.576277256 0.024736643 0.011868728 0.999623537 38.013999939
0.999596953 0.011427488 -0.025985558 -1.102961540 -0.011659492 0.999893308 -0.008794326 -0.601640522 0.025882287 0.009093761 0.999623597 39.045894623
0.999615312 0.011535988 -0.025219884 -1.177770019 -0.011662098 0.999920130 -0.004859072 -0.617498696 0.025161806 0.005151320 0.999670088 40.252666473
0.999582767 0.010788619 -0.026796510 -1.194049358 -0.010870367 0.999936640 -0.002906869 -0.634919167 0.026763447 0.003196944 0.999636650 41.325336456
0.999558568 0.011605692 -0.027352192 -1.233426929 -0.011668641 0.999929547 -0.002142856 -0.660982311 0.027325392 0.002461073 0.999623477 42.361278534
0.999577224 0.010881867 -0.026962567 -1.283251524 -0.011007440 0.999929249 -0.004513274 -0.660876453 0.026911544 0.004808154 0.999626219 43.436164856
0.999565840 0.011136625 -0.027279653 -1.325755239 -0.011276453 0.999924004 -0.004977332 -0.659828544 0.027222147 0.005282790 0.999615431 44.589759827
0.999559402 0.010482745 -0.027769413 -1.372730732 -0.010578088 0.999938548 -0.003288662 -0.687461138 0.027733233 0.003580960 0.999608934 45.655654907
0.999546170 0.011589153 -0.027804729 -1.424251676 -0.011662186 0.999928951 -0.002465786 -0.684298337 0.027774174 0.002788932 0.999610305 46.756076813
0.999517620 0.011571597 -0.028820427 -1.455740333 -0.011574361 0.999932945 0.000070942 -0.703429997 0.028819317 0.000262671 0.999584615 47.821716309
0.999494374 0.013010173 -0.029014027 -1.493074536 -0.013034296 0.999914944 -0.000642437 -0.720365345 0.029003197 0.001020290 0.999578834 48.901741028
0.999457836 0.014327439 -0.029642591 -1.530488968 -0.014436089 0.999889791 -0.003454573 -0.754457772 0.029589832 0.003880622 0.999554574 49.967929840
0.999452055 0.015364408 -0.029316168 -1.582808256 -0.015594544 0.999849081 -0.007637609 -0.759025335 0.029194396 0.008090596 0.999540985 51.077404022
0.999418616 0.016098801 -0.030053519 -1.610211849 -0.016339388 0.999836206 -0.007776937 -0.785438597 0.029923396 0.008263471 0.999518037 52.162631989
0.999451160 0.015473129 -0.029288888 -1.662285805 -0.015628690 0.999864936 -0.005089819 -0.804291248 0.029206168 0.005544775 0.999557972 53.248340607
0.999436915 0.015836390 -0.029582227 -1.692799568 -0.015924152 0.999869466 -0.002733421 -0.829958200 0.029535078 0.003202954 0.999558568 54.331592560
0.999435127 0.014642546 -0.030248754 -1.723782301 -0.014700790 0.999890506 -0.001704145 -0.852801919 0.030220484 0.002147863 0.999540865 55.416633606
0.999491513 0.013519289 -0.028875308 -1.760940552 -0.013609738 0.999903023 -0.002938159 -0.857083559 0.028832786 0.003329651 0.999578655 56.451065063
0.999522269 0.013465492 -0.027818389 -1.815750003 -0.013613942 0.999893963 -0.005153944 -0.875806093 0.027746042 0.005530200 0.999599636 57.544708252
0.999522567 0.012365472 -0.028312916 -1.830825329 -0.012570784 0.999895871 -0.007085108 -0.895754993 0.028222356 0.007437639 0.999574006 58.585704803
0.999550581 0.010915074 -0.027916763 -1.860886812 -0.011191641 0.999889553 -0.009769893 -0.914332867 0.027807038 0.010077936 0.999562562 59.640846252
0.999557316 0.009594232 -0.028160533 -1.892713785 -0.009967260 0.999863982 -0.013136028 -0.944564104 0.028030671 0.013410894 0.999517024 60.715953827
0.999573529 0.007757202 -0.028152451 -1.917212248 -0.008177960 0.999856055 -0.014861439 -0.972677648 0.028033117 0.015085329 0.999493062 61.798248291
0.999601126 0.006178570 -0.027556635 -1.961315632 -0.006531085 0.999897718 -0.012720861 -0.996713221 0.027475217 0.012895764 0.999539375 62.855564117
0.999609649 0.004696232 -0.027541870 -1.986002088 -0.004889561 0.999963760 -0.006956325 -1.022128820 0.027508207 0.007088277 0.999596417 63.935745239
0.999623001 0.003506862 -0.027231144 -2.018503428 -0.003543603 0.999992788 -0.001301033 -1.035240650 0.027226381 0.001397039 0.999628246 64.983444214
0.999638557 0.002086945 -0.026802443 -2.055234909 -0.002107258 0.999997437 -0.000729586 -1.056742668 0.026800850 0.000785801 0.999640346 66.076652527
0.999644339 -0.001158871 -0.026643669 -2.087703228 0.001057629 0.999992192 -0.003813615 -1.070353031 0.026647881 0.003784079 0.999637723 67.132553101
0.999638319 -0.002261932 -0.026798885 -2.113740921 0.002082745 0.999975324 -0.006712368 -1.097266078 0.026813410 0.006654125 0.999618292 68.207237244
0.999641895 -0.000526532 -0.026750758 -2.157661915 0.000232015 0.999939322 -0.011011560 -1.115396261 0.026754936 0.011001411 0.999581456 69.270843506
0.999649107 -0.000815397 -0.026470453 -2.196981430 0.000412242 0.999883771 -0.015232237 -1.147220612 0.026479801 0.015215984 0.999533534 70.347717285
0.999661744 0.002003032 -0.025931267 -2.227659702 -0.002424086 0.999865532 -0.016216023 -1.167114496 0.025895301 0.016273396 0.999532104 71.414901733
0.999676287 0.006139828 -0.024694767 -2.277490139 -0.006455557 0.999898136 -0.012725885 -1.199352980 0.024614120 0.012881182 0.999614000 72.514236450
0.999664903 0.006893660 -0.024947550 -2.304314613 -0.007161538 0.999917507 -0.010664395 -1.223563671 0.024871971 0.010839486 0.999631763 73.563095093
0.999666274 0.006221918 -0.025071451 -2.326186895 -0.006461286 0.999934137 -0.009477815 -1.255906105 0.025010835 0.009636644 0.999640644 74.640625000
0.999679625 0.004582160 -0.024893636 -2.369650126 -0.004807179 0.999948084 -0.008986916 -1.280040145 0.024851166 0.009103703 0.999649644 75.720504761
0.999669969 0.004100951 -0.025363449 -2.391051054 -0.004281624 0.999965847 -0.007073117 -1.317877769 0.025333580 0.007179379 0.999653161 76.779953003
0.999670982 0.002141264 -0.025557270 -2.433229923 -0.002290279 0.999980450 -0.005802725 -1.323029757 0.025544349 0.005859350 0.999656439 77.879585266
0.999635696 0.001461853 -0.026947228 -2.446087837 -0.001572301 0.999990463 -0.004077946 -1.353724599 0.026941007 0.004118830 0.999628484 78.962463379
0.999638855 -0.000470510 -0.026865186 -2.490844011 0.000328863 0.999985993 -0.005276680 -1.380536795 0.026867293 0.005265940 0.999625027 80.046646118
0.999631584 0.000357356 -0.027140126 -2.538653374 -0.000610848 0.999956250 -0.009332352 -1.402164459 0.027135605 0.009345490 0.999588013 81.076904297
0.999620855 0.001515981 -0.027494069 -2.576518774 -0.001824707 0.999935508 -0.011207163 -1.433047533 0.027475307 0.011253081 0.999559104 82.164840698
0.999589741 0.002971690 -0.028486554 -2.607712984 -0.003251197 0.999946952 -0.009770609 -1.453809381 0.028456004 0.009859217 0.999546349 83.196296692
0.999573410 0.003908733 -0.028941588 -2.644210100 -0.004073456 0.999975801 -0.005634733 -1.479559779 0.028918859 0.005750222 0.999565244 84.279167175
0.999544561 0.005437272 -0.029683109 -2.683026791 -0.005493260 0.999983191 -0.001805017 -1.498834252 0.029672801 0.001967251 0.999557734 85.306503296
0.999525368 0.007227735 -0.029946089 -2.726918459 -0.007265567 0.999972880 -0.001154721 -1.522262335 0.029936936 0.001371748 0.999550879 86.384780884
0.999500036 0.006004396 -0.031040581 -2.752166986 -0.006118015 0.999974847 -0.003566603 -1.536632538 0.031018386 0.003754727 0.999511659 87.406326294
0.999497712 0.006044193 -0.031108953 -2.798953533 -0.006188877 0.999970496 -0.004556724 -1.558165312 0.031080496 0.004746966 0.999505520 88.466941833
0.999477208 0.005349046 -0.031884126 -2.829021454 -0.005500867 0.999973953 -0.004675809 -1.577059746 0.031858284 0.004848756 0.999480665 89.474952698
0.999456346 0.003824397 -0.032747678 -2.865617275 -0.003958703 0.999984026 -0.004037390 -1.605777144 0.032731719 0.004164835 0.999455512 90.500518799
0.999441147 0.003144648 -0.033277761 -2.898421288 -0.003254015 0.999989450 -0.003232857 -1.621529222 0.033267245 0.003339336 0.999440968 91.492843628
0.999414384 0.003182715 -0.034067534 -2.933610916 -0.003202300 0.999994755 -0.000520280 -1.647636890 0.034065701 0.000629070 0.999419510 92.483474731
0.999391019 0.002359061 -0.034813859 -2.979058027 -0.002339722 0.999997079 0.000596233 -1.670842290 0.034815166 -0.000514412 0.999393582 93.435035706
0.999312699 0.001523191 -0.037037641 -3.014328480 -0.001503864 0.999998689 0.000549736 -1.687551141 0.037038438 -0.000493657 0.999313772 94.392494202
0.999190927 0.000918671 -0.040208202 -3.058050156 -0.000928429 0.999999523 -0.000223986 -1.712157607 0.040207971 0.000261134 0.999191225 95.290603638
0.999048471 -0.000052686 -0.043614965 -3.107881546 0.000017152 0.999999702 -0.000815086 -1.735177040 0.043614987 0.000813562 0.999048054 96.188972473
0.998915732 0.000964959 -0.046543062 -3.152832031 -0.001022001 0.999998689 -0.001201851 -1.747856736 0.046541836 0.001248113 0.998915553 97.069374084
0.998768508 0.001894331 -0.049576119 -3.208454132 -0.001885664 0.999998152 0.000221578 -1.779249310 0.049576443 -0.000127823 0.998770297 97.926475525
0.998625517 0.002820446 -0.052336387 -3.256594896 -0.002773685 0.999995649 0.000966089 -1.786026716 0.052338887 -0.000819597 0.998628974 98.723625183
0.998446226 0.003704322 -0.055600893 -3.304448366 -0.003576789 0.999990702 0.002393071 -1.804143310 0.055609230 -0.002190481 0.998450160 99.529403687
0.998306334 0.005768161 -0.057890296 -3.355840445 -0.005581597 0.999978662 0.003383876 -1.823792577 0.057908580 -0.003055024 0.998317242 100.281578064
0.998120546 0.007355122 -0.060838159 -3.401846170 -0.007122624 0.999966502 0.004037526 -1.844528317 0.060865812 -0.003596611 0.998139560 101.029411316
0.997960150 0.009836785 -0.063077644 -3.471204996 -0.009704001 0.999949992 0.002411124 -1.855588675 0.063098207 -0.001794102 0.998005688 101.762710571
0.997766197 0.010688591 -0.065940700 -3.514431477 -0.010784870 0.999941230 -0.001104326 -1.873938322 0.065925047 0.001813019 0.997822940 102.418128967
0.997579098 0.013742523 -0.068167567 -3.573794365 -0.014113927 0.999888062 -0.004969782 -1.886470795 0.068091646 0.005919862 0.997661531 103.073654175
0.997366190 0.015172574 -0.070924796 -3.615976095 -0.015750244 0.999847114 -0.007592718 -1.904307604 0.070798770 0.008689805 0.997452736 103.702880859
0.997287452 0.017038096 -0.071606480 -3.662697792 -0.017695857 0.999806762 -0.008561356 -1.921662569 0.071446769 0.009805270 0.997396171 104.281822205
0.997340083 0.019072883 -0.070348777 -3.720732927 -0.019695655 0.999772608 -0.008169574 -1.939772129 0.070176959 0.009533407 0.997488916 104.858024597
0.997470617 0.023196599 -0.067187801 -3.772426128 -0.023680875 0.999698997 -0.006420225 -1.961742163 0.067018650 0.007995052 0.997719705 105.418937683
0.997738838 0.025962574 -0.061994318 -3.798766613 -0.026329335 0.999640286 -0.005106335 -1.975194812 0.061839439 0.006727058 0.998063385 105.942817688
0.998164237 0.026546970 -0.054436821 -3.828819752 -0.026777375 0.999635160 -0.003507321 -1.983720183 0.054323867 0.004958556 0.998511016 106.438011169
0.998638868 0.026837192 -0.044720791 -3.846546650 -0.026894242 0.999638021 -0.000674368 -2.002546787 0.044686504 0.001876182 0.998999238 106.933204651
0.999128282 0.026363974 -0.032368142 -3.871109486 -0.026358837 0.999652326 0.000585446 -2.016680002 0.032372307 0.000268251 0.999475777 107.426971436
0.999480903 0.025181320 -0.020097148 -3.845611572 -0.025176698 0.999682844 0.000482892 -2.024634600 0.020102935 0.000023337 0.999798000 107.827415466
0.999678195 0.024972513 -0.004457677 -3.845287800 -0.024974331 0.999687970 -0.000354174 -2.037969828 0.004447445 0.000465386 0.999989986 108.255805969
0.999634087 0.023616111 0.013196977 -3.817162514 -0.023575163 0.999716699 -0.003249626 -2.054034948 -0.013269974 0.002937314 0.999907613 108.683403015
0.999113917 0.023549464 0.034882978 -3.796025515 -0.023294570 0.999698997 -0.007695601 -2.066207409 -0.035053693 0.006876198 0.999361694 109.086799622
0.998052418 0.021519341 0.058551390 -3.747676849 -0.020784480 0.999697745 -0.013130842 -2.067936182 -0.058816250 0.011888308 0.998197973 109.453575134
0.996098697 0.019356247 0.086097524 -3.698431015 -0.018068727 0.999713242 -0.015708385 -2.082107067 -0.086376891 0.014091427 0.996162832 109.841110229
0.993096054 0.016775038 0.116098508 -3.630508423 -0.014855448 0.999738514 -0.017379761 -2.089743376 -0.116359696 0.015535075 0.993085623 110.220642090
0.988896370 0.013950842 0.147950321 -3.533205032 -0.011325859 0.999763370 -0.018569989 -2.115266085 -0.148174390 0.016688131 0.988820374 110.609039307
0.982865810 0.012249762 0.183914855 -3.453271866 -0.008645729 0.999754786 -0.020385355 -2.120507002 -0.184119448 0.018445991 0.982730746 110.934318542
0.974946558 0.008906305 0.222260639 -3.338382721 -0.004290782 0.999765217 -0.021240523 -2.131227732 -0.222397611 0.019754704 0.974755883 111.296295166
0.964764953 0.006742212 0.263027042 -3.223703384 -0.001114594 0.999767423 -0.021538937 -2.152385235 -0.263111055 0.020486843 0.964548051 111.635734558
0.952508152 0.007624697 0.304417729 -3.094467163 -0.000813192 0.999746561 -0.022496050 -2.170184851 -0.304512113 0.021180119 0.952273011 111.948898315
0.937038064 0.009854302 0.349088222 -2.953964233 -0.002052648 0.999739826 -0.022711536 -2.187016964 -0.349221289 0.020565012 0.936814666 112.269058228
0.919226289 0.010050228 0.393601447 -2.789802551 -0.001765425 0.999769211 -0.021405119 -2.198217869 -0.393725812 0.018981274 0.919031978 112.580650330
0.898714960 0.009241956 0.438435972 -2.606853485 -0.000323666 0.999791563 -0.020411531 -2.208211184 -0.438533247 0.018202236 0.898530722 112.892761230
0.875578523 0.008567962 0.482999861 -2.422592163 0.001641508 0.999784112 -0.020710938 -2.223736525 -0.483073145 0.018926898 0.875375450 113.155113220
0.850463986 0.009516770 0.525947213 -2.206321716 0.002911240 0.999735892 -0.022797270 -2.240235329 -0.526025295 0.020919414 0.850211740 113.431808472
0.822958231 0.011580140 0.567983806 -1.984153748 0.003776525 0.999658704 -0.025853034 -2.258522987 -0.568089426 0.023420978 0.822633505 113.691101074
0.791685522 0.015775319 0.610725164 -1.771160126 0.003078427 0.999550819 -0.029809454 -2.276957035 -0.610921085 0.025479784 0.791281343 113.941635132
0.757714629 0.021698736 0.652225316 -1.516181946 0.000019449 0.999446213 -0.033272948 -2.292613506 -0.652586043 0.025224086 0.757294536 114.196426392
0.719706655 0.026761822 0.693762362 -1.246227264 -0.001791600 0.999324977 -0.036690280 -2.298039198 -0.694275916 0.025163295 0.719268799 114.449478149
0.681544840 0.027214680 0.731270075 -0.972248077 0.000391557 0.999294460 -0.037554305 -2.310770512 -0.731776237 0.025881279 0.681053281 114.631469727
0.640781105 0.024546988 0.767331064 -0.651927948 0.004958569 0.999335468 -0.036109623 -2.324655294 -0.767707586 0.026943229 0.640233576 114.838012695
0.596274257 0.022787815 0.802457392 -0.348503113 0.006073565 0.999440312 -0.032894671 -2.338468552 -0.802757859 0.024488024 0.595802188 115.026092529
0.550568402 0.021440776 0.834514678 0.004680634 0.007042651 0.999515235 -0.030326420 -2.349706650 -0.834760308 0.022573970 0.550150633 115.207565308
0.501808524 0.019079024 0.864768326 0.334693909 0.008721292 0.999594271 -0.027114432 -2.358552456 -0.864934742 0.021148149 0.501438558 115.364242554
0.451186746 0.014892388 0.892305374 0.708972931 0.011685218 0.999676406 -0.022592923 -2.379995108 -0.892352998 0.020620406 0.450866759 115.509910583
0.398936778 0.015153948 0.916853189 1.054248810 0.008786092 0.999754250 -0.020347120 -2.398448229 -0.916936338 0.016172769 0.398705661 115.633811951
0.348268598 0.020277085 0.937175453 1.464019775 0.005695449 0.999701679 -0.023746450 -2.410168648 -0.937377393 0.013607775 0.348049313 115.744750977
0.297252804 0.025299283 0.954463601 1.825363159 0.004907066 0.999595106 -0.028023785 -2.423534393 -0.954786181 0.013013762 0.297008336 115.834693909
0.249765560 0.027435992 0.967917681 2.260374069 0.006298511 0.999531209 -0.029957386 -2.438892365 -0.968285799 0.013578762 0.249475673 115.926612854
0.209605977 0.026827389 0.977417827 2.659835815 0.014241196 0.999433756 -0.030485675 -2.456260204 -0.977682233 0.020309582 0.209105298 115.960441589
0.174499974 0.027813615 0.984264255 3.129024506 0.021944154 0.999242902 -0.032127354 -2.456462145 -0.984412611 0.027205074 0.173757523 116.007095337
0.144075021 0.028214950 0.989164472 3.558540344 0.025992732 0.999140620 -0.032285430 -2.481204033 -0.989225328 0.030362619 0.143217817 116.040519714
0.115641646 0.026737526 0.992931128 4.061418533 0.024018673 0.999270082 -0.029705549 -2.500700951 -0.993000507 0.027284088 0.114915043 116.090171814
0.090481676 0.023193331 0.995627940 4.536012650 0.018013678 0.999527037 -0.024921227 -2.514512062 -0.995735168 0.020189838 0.090021081 116.127464294
0.066501692 0.019216232 0.997601271 5.083823204 0.012387486 0.999721467 -0.020082843 -2.534119368 -0.997709394 0.013693316 0.066245139 116.158279419
0.043826737 0.016674066 0.998900056 5.585253716 0.017050125 0.999702573 -0.017435536 -2.550828218 -0.998893619 0.017795516 0.043529414 116.165626526
0.023739044 0.017153811 0.999571085 6.172197342 0.025426812 0.999518871 -0.017756788 -2.575595856 -0.999394774 0.025837434 0.023291465 116.152221680
0.006143328 0.019663153 0.999787688 6.704853535 0.029297804 0.999373913 -0.019835038 -2.593016386 -0.999551833 0.029413447 0.005563396 116.146957397
-0.008555371 0.024876781 0.999653876 7.330031395 0.028750023 0.999283373 -0.024621505 -2.613309383 -0.999550045 0.028529434 -0.009264451 116.139892578
-0.018903879 0.029576059 0.999383748 7.907323837 0.027178530 0.999208331 -0.029056769 -2.623095274 -0.999451816 0.026612498 -0.019692745 116.120475769
-0.025291882 0.029207371 0.999253273 8.573242188 0.029117253 0.999170542 -0.028467972 -2.645807505 -0.999255955 0.028375501 -0.026121341 116.094520569
-0.027614491 0.026396517 0.999270201 9.192198753 0.035904385 0.999032497 -0.025398035 -2.656741858 -0.998973668 0.035176832 -0.028535528 116.069389343
-0.026959725 0.024578353 0.999334395 9.901628494 0.037375037 0.999023557 -0.023562420 -2.684597492 -0.998937607 0.036714919 -0.027852017 116.044815063
-0.025039304 0.024279390 0.999391556 10.552692413 0.036313973 0.999067307 -0.023361683 -2.704040051 -0.999026716 0.035706908 -0.025897635 116.031753540
-0.023536289 0.024559949 0.999421179 11.294867516 0.032933813 0.999174654 -0.023778299 -2.731494904 -0.999180317 0.032355096 -0.024325715 116.023506165
-0.022436058 0.025813725 0.999414921 11.971866608 0.031686146 0.999182701 -0.025096396 -2.750126123 -0.999245942 0.031104550 -0.023235660 116.009735107
-0.021803046 0.026511181 0.999410629 12.732734680 0.031080477 0.999183118 -0.025827101 -2.778530598 -0.999279022 0.030499054 -0.022609217 116.002174377
-0.020716323 0.026179997 0.999442577 13.469964027 0.030868016 0.999197245 -0.025533747 -2.800748587 -0.999308884 0.030321829 -0.021507816 115.987632751
-0.020032084 0.025334358 0.999478340 14.278367043 0.029525789 0.999257863 -0.024737002 -2.817832470 -0.999363303 0.029014848 -0.020765236 115.969390869
-0.019738082 0.023557356 0.999527752 15.019567490 0.030130954 0.999282241 -0.022956572 -2.855036974 -0.999351025 0.029663606 -0.020433724 115.963745117
-0.020225095 0.021088839 0.999572992 15.863945961 0.030861879 0.999314129 -0.020458929 -2.892765999 -0.999319017 0.030434916 -0.020862065 115.944770813
-0.021302296 0.019303191 0.999586701 16.619791031 0.028583653 0.999416590 -0.018690757 -2.915558577 -0.999364316 0.028173687 -0.021841625 115.933952332
-0.022330735 0.018301610 0.999583125 17.470731735 0.027894096 0.999454439 -0.017676098 -2.937520266 -0.999361396 0.027487744 -0.022829063 115.913803101
-0.023665611 0.016128831 0.999589801 18.250389099 0.029877128 0.999434590 -0.015418976 -2.954919815 -0.999273360 0.029499969 -0.024134113 115.896827698
-0.024522269 0.014769701 0.999590218 19.103132248 0.031375285 0.999409616 -0.013997326 -2.974136353 -0.999206722 0.031019177 -0.024971196 115.872505188
-0.026356194 0.013638976 0.999559581 19.919094086 0.028492430 0.999510884 -0.012887027 -3.007393837 -0.999246418 0.028140223 -0.026731908 115.855857849
-0.027630629 0.018670473 0.999443829 20.791954041 0.025640657 0.999509752 -0.017962841 -3.027762413 -0.999289274 0.025130071 -0.028095804 115.845672607
-0.028296495 0.022984542 0.999335289 21.601463318 0.027273066 0.999381125 -0.022213351 -3.056895018 -0.999227405 0.026626373 -0.028905841 115.826141357
-0.029256793 0.024859587 0.999262750 22.470748901 0.027157491 0.999341309 -0.024066413 -3.081649780 -0.999202847 0.026433365 -0.029912651 115.800102234
-0.030824477 0.022629481 0.999268532 23.314867020 0.023790831 0.999477029 -0.021900326 -3.110961437 -0.999241531 0.023098368 -0.031346735 115.782142639
-0.031660099 0.018457118 0.999328136 24.187704086 0.021047657 0.999620080 -0.017795688 -3.141143084 -0.999276936 0.020470111 -0.032036550 115.754287720
-0.032387402 0.012993903 0.999390900 25.029411316 0.019430872 0.999734581 -0.012368677 -3.171818018 -0.999286473 0.019018447 -0.032631289 115.744041443
-0.032695912 0.007477570 0.999437332 25.900325775 0.015667455 0.999852896 -0.006968133 -3.193641186 -0.999342561 0.015430810 -0.032808263 115.725311279
-0.032554042 0.005748919 0.999453425 26.735326767 0.013224712 0.999898314 -0.005320725 -3.221885204 -0.999382377 0.013044273 -0.032626763 115.703826904
-0.031809539 0.012734920 0.999412775 27.600547791 0.015872795 0.999799073 -0.012234639 -3.249592304 -0.999367833 0.015474295 -0.032005284 115.676322937
-0.030405050 0.023964789 0.999250233 28.416812897 0.018488459 0.999554992 -0.023409529 -3.272726536 -0.999366641 0.017762829 -0.030834591 115.650360107
-0.030191803 0.030091122 0.999091089 29.269632339 0.020087751 0.999363184 -0.029492280 -3.288744450 -0.999342263 0.019179065 -0.030777037 115.632995605
-0.029125709 0.023950331 0.999288738 30.133417130 0.021672728 0.999493003 -0.023323545 -3.326386929 -0.999340773 0.020977996 -0.029630009 115.604866028
-0.027458802 0.015783964 0.999498248 30.942312241 0.025136068 0.999569952 -0.015094546 -3.367011070 -0.999306858 0.024708977 -0.027843740 115.574920654
-0.027478764 0.012914518 0.999538898 31.794063568 0.025947224 0.999588788 -0.012201836 -3.396987677 -0.999285638 0.025599968 -0.027802562 115.563209534
-0.026875900 0.013721469 0.999544561 32.643566132 0.025451206 0.999590993 -0.013037774 -3.419334173 -0.999314785 0.025089210 -0.027214134 115.527107239
-0.028020319 0.014796194 0.999497712 33.399608612 0.023098942 0.999633014 -0.014150628 -3.445034027 -0.999340355 0.022690836 -0.028351804 115.519805908
-0.030200865 0.014537407 0.999438107 34.227966309 0.020190841 0.999699056 -0.013931079 -3.478023052 -0.999339879 0.019758761 -0.030485298 115.506637573
-0.032328710 0.014818585 0.999367416 35.024379730 0.019980550 0.999699771 -0.014177161 -3.497317314 -0.999277472 0.019509582 -0.032615092 115.482505798
-0.034737714 0.015691908 0.999273241 35.842601776 0.019098820 0.999704540 -0.015034746 -3.517189026 -0.999213934 0.018562669 -0.035027146 115.461448669
-0.036624465 0.016313674 0.999195933 36.647254944 0.017919220 0.999716699 -0.015665365 -3.542526722 -0.999168396 0.017331077 -0.036906417 115.443771362
-0.038525503 0.014884228 0.999146760 37.403015137 0.015595984 0.999776185 -0.014292249 -3.572262287 -0.999135852 0.015032060 -0.038749013 115.413749695
-0.039837789 0.013318215 0.999117374 38.201622009 0.016289772 0.999786913 -0.012677618 -3.607299328 -0.999073386 0.015770348 -0.040046249 115.372306824
-0.043205421 0.013268000 0.998978078 39.015380859 0.016831176 0.999779582 -0.012550702 -3.634507418 -0.998924315 0.016271718 -0.043419212 115.368476868
-0.045024570 0.014602338 0.998879194 39.760265350 0.015673688 0.999780297 -0.013909021 -3.652742624 -0.998863041 0.015029870 -0.045243546 115.331741333
-0.045433234 0.014336355 0.998864532 40.530406952 0.015681298 0.999783874 -0.013636293 -3.678533077 -0.998844326 0.015043953 -0.045648228 115.290901184
-0.047303945 0.012805067 0.998798490 41.322639465 0.017263267 0.999778926 -0.012000034 -3.710985899 -0.998731256 0.016674880 -0.047514539 115.265937805
-0.048074789 0.012778273 0.998762012 42.059478760 0.018063132 0.999765694 -0.011921657 -3.728910446 -0.998680353 0.017467638 -0.048294347 115.219467163
-0.049232792 0.011970897 0.998715639 42.815345764 0.016884599 0.999795198 -0.011151494 -3.755598068 -0.998644590 0.016313892 -0.049424842 115.185684204
-0.050043456 0.011324841 0.998682857 43.555652618 0.014674217 0.999836087 -0.010602601 -3.775982857 -0.998639226 0.014124298 -0.050201442 115.146652222
-0.051558957 0.009997364 0.998619854 44.306034088 0.014219441 0.999855876 -0.009275584 -3.799600840 -0.998568714 0.013721576 -0.051693674 115.124137878
-0.052118935 0.009670338 0.998594046 45.016933441 0.014550205 0.999854326 -0.008923134 -3.826048613 -0.998534918 0.014064683 -0.052252039 115.087371826
-0.052085228 0.012571963 0.998563528 45.717029572 0.014755934 0.999821305 -0.011818127 -3.845620871 -0.998533666 0.014119187 -0.052261423 115.051727295
-0.052321233 0.015286943 0.998513222 46.424488068 0.014531176 0.999788642 -0.014545045 -3.867511988 -0.998524487 0.013748559 -0.052532308 115.020591736
-0.052670863 0.017835725 0.998452604 47.120777130 0.012880108 0.999769509 -0.017179789 -3.883029938 -0.998528838 0.011955306 -0.052888438 114.993782043
-0.052733906 0.018066967 0.998445213 47.830169678 0.012850196 0.999765754 -0.017412167 -3.907607079 -0.998525918 0.011912004 -0.052953728 114.957832336
-0.051970836 0.017757779 0.998490751 48.508155823 0.014513783 0.999749660 -0.017024735 -3.932825089 -0.998543143 0.013607088 -0.052215561 114.911727905
-0.052898187 0.017043456 0.998454452 49.215057373 0.014765401 0.999758363 -0.016283441 -3.961993217 -0.998490691 0.013881218 -0.053137049 114.886444092
-0.053649079 0.016538592 0.998422921 49.909400940 0.010202209 0.999819696 -0.016013524 -3.989859104 -0.998507738 0.009327009 -0.053808130 114.868164062
-0.053240214 0.017135367 0.998434663 50.589584351 0.008022310 0.999827802 -0.016731495 -4.013751507 -0.998549521 0.007118965 -0.053368505 114.830497742
-0.053366281 0.015616656 0.998452842 51.245704651 0.010491709 0.999831200 -0.015077445 -4.042923927 -0.998519897 0.009670847 -0.053521123 114.800476074
-0.054316159 0.015437772 0.998404443 51.949638367 0.010165052 0.999837220 -0.014906917 -4.057295322 -0.998471975 0.009339147 -0.054464243 114.765075684
-0.057947032 0.015175207 0.998204291 52.623443604 0.006906573 0.999866605 -0.014799542 -4.069477081 -0.998295665 0.006036581 -0.058044109 114.732513428
-0.062839702 0.014284452 0.997921407 53.296150208 0.003021018 0.999895692 -0.014122480 -4.106047153 -0.998019040 0.002127286 -0.062876299 114.692481995
-0.068884246 0.018777072 0.997447908 53.949569702 0.007436722 0.999804735 -0.018307857 -4.119161129 -0.997596920 0.006156622 -0.069010429 114.645568848
-0.074944355 0.020719800 0.996972442 54.633174896 0.009216703 0.999755740 -0.020084806 -4.152199268 -0.997145116 0.007683553 -0.075117029 114.583312988
-0.082426153 0.022082828 0.996352494 55.288730621 0.007908702 0.999737442 -0.021503579 -4.177253723 -0.996565819 0.006107396 -0.082579166 114.530334473
-0.088717207 0.021664361 0.995821178 55.998474121 0.004768257 0.999761105 -0.021325275 -4.199831963 -0.996045411 0.002856412 -0.088799328 114.477943420
-0.093731321 0.021203576 0.995371640 56.669929504 0.005372626 0.999769270 -0.020791333 -4.213446617 -0.995582998 0.003398959 -0.093823642 114.412269592
-0.098282151 0.021179795 0.994933188 57.379447937 0.002021223 0.999775589 -0.021083219 -4.245871544 -0.995156467 -0.000061124 -0.098302916 114.344787598
-0.102114066 0.019925021 0.994573116 58.057476044 -0.000234872 0.999798894 -0.020053823 -4.274515152 -0.994772613 -0.002281376 -0.102088831 114.279388428
-0.105018519 0.017665623 0.994313359 58.798503876 0.000686674 0.999843180 -0.017691348 -4.286456585 -0.994469941 -0.001175151 -0.105014198 114.206207275
-0.106637679 0.015104741 0.994183183 59.509468079 0.002856906 0.999885142 -0.014884934 -4.303980350 -0.994293749 0.001252992 -0.106668584 114.126983643
-0.108022481 0.011653042 0.994080186 60.252132416 0.002382452 0.999931335 -0.011462742 -4.333275795 -0.994145572 0.001130114 -0.108042829 114.051467896
-0.109794572 0.011322726 0.993889749 60.984691620 0.001331946 0.999935925 -0.011244463 -4.354029655 -0.993953347 0.000089228 -0.109802611 113.982940674
-0.109972939 0.015261427 0.993817389 61.725387573 0.003557301 0.999881744 -0.014960913 -4.369947910 -0.993928194 0.001890008 -0.110014200 113.896957397
-0.110314772 0.019580543 0.993703842 62.458702087 0.009826084 0.999778509 -0.018609414 -4.389687061 -0.993848085 0.007711322 -0.110482745 113.810386658
-0.110720143 0.024032455 0.993561089 63.227588654 0.016591541 0.999612927 -0.022329917 -4.422545910 -0.993713081 0.014012340 -0.111076020 113.715362549
-0.110871196 0.025370341 0.993510962 63.976348877 0.017776174 0.999564767 -0.023541193 -4.443140507 -0.993675709 0.015050783 -0.111273929 113.627182007
-0.111661538 0.022867769 0.993483245 64.753753662 0.015527944 0.999653280 -0.021264544 -4.472875118 -0.993624926 0.013052322 -0.111977912 113.549552917
-0.112127677 0.018121284 0.993528605 65.514648438 0.016447961 0.999730527 -0.016378120 -4.499355316 -0.993557572 0.014505082 -0.112395525 113.471366882
-0.111728922 0.016120549 0.993607938 66.268669128 0.018565148 0.999727726 -0.014132231 -4.529626846 -0.993565261 0.016867500 -0.111997768 113.379531860
-0.112183526 0.016182754 0.993555665 67.017333984 0.019062616 0.999718368 -0.014130749 -4.551503181 -0.993504584 0.017354531 -0.112460420 113.289962769
-0.114362247 0.016507842 0.993301868 67.783477783 0.017053841 0.999747217 -0.014651488 -4.580311775 -0.993292689 0.015264036 -0.114614852 113.217216492
-0.116572812 0.017502831 0.993027806 68.526321411 0.016250612 0.999744534 -0.015713530 -4.600486755 -0.993049145 0.014305544 -0.116827443 113.140327454
-0.118789285 0.017678048 0.992762029 69.300064087 0.017937878 0.999716520 -0.015655519 -4.627444267 -0.992757440 0.015948335 -0.119072720 113.043075562
-0.120246746 0.017751701 0.992585301 70.032707214 0.018257892 0.999710560 -0.015667280 -4.647123337 -0.992576122 0.016238578 -0.120536044 112.950477600
-0.122171722 0.017314056 0.992357969 70.809738159 0.018202474 0.999718726 -0.015201529 -4.676171303 -0.992341995 0.016206168 -0.122452520 112.853691101
-0.124295875 0.017574141 0.992089570 71.573356628 0.016131904 0.999746740 -0.015688667 -4.699709892 -0.992114067 0.014054250 -0.124547884 112.775207520
-0.125384435 0.019204145 0.991922379 72.339714050 0.016240804 0.999718308 -0.017302155 -4.728654861 -0.991975307 0.013940190 -0.125661016 112.680786133
-0.126049906 0.019383578 0.991834521 73.078979492 0.015254824 0.999728680 -0.017599154 -4.753711700 -0.991906583 0.012911885 -0.126311392 112.582710266
-0.127667487 0.020101575 0.991613269 73.835098267 0.014758433 0.999722302 -0.018365851 -4.759780884 -0.991707265 0.012289938 -0.127928719 112.508979797
-0.128530934 0.018470567 0.991533458 74.649780273 0.015605035 0.999740362 -0.016600594 -4.791917324 -0.991582692 0.013339223 -0.128785804 112.394058228
-0.129951432 0.016321559 0.991385996 75.417633057 0.012697467 0.999809921 -0.014795854 -4.804254532 -0.991439044 0.010665347 -0.130133986 112.309425354
-0.131511003 0.014086233 0.991214633 76.221015930 0.009923442 0.999867558 -0.012892594 -4.834745407 -0.991265059 0.008140739 -0.131633386 112.205757141
-0.133795977 0.013291895 0.990919709 76.979118347 0.010916084 0.999868989 -0.011938029 -4.853182316 -0.990948796 0.009219700 -0.133923545 112.110092163
-0.135678813 0.014261482 0.990650356 77.766693115 0.012415062 0.999842286 -0.012693455 -4.873237610 -0.990675151 0.010576749 -0.135834485 112.011909485
-0.137572885 0.015651748 0.990367889 78.622337341 0.012142094 0.999826670 -0.014114561 -4.904359818 -0.990417182 0.010083360 -0.137739062 111.882133484
-0.139314100 0.019348983 0.990059197 79.405227661 0.013610595 0.999752045 -0.017623223 -4.925940037 -0.990154624 0.011020134 -0.139542907 111.780090332
-0.140117645 0.022964081 0.989868462 80.206779480 0.015467769 0.999659777 -0.021001738 -4.955259323 -0.990013957 0.012368340 -0.140425161 111.678939819
-0.140362039 0.026808226 0.989737213 81.055709839 0.016739845 0.999554634 -0.024700142 -4.987917900 -0.989958644 0.013101089 -0.140748307 111.537368774
-0.139399081 0.027972819 0.989841163 81.850997925 0.018953376 0.999493062 -0.025576385 -5.014209747 -0.990054727 0.015195507 -0.139858633 111.411331177
-0.139453575 0.027010944 0.989860177 82.713012695 0.022412879 0.999458015 -0.024115268 -5.052369595 -0.989975035 0.018822657 -0.139983371 111.299224854
-0.138990775 0.025033981 0.989977241 83.537536621 0.023026019 0.999491870 -0.022041781 -5.083463669 -0.990025938 0.019731632 -0.139496595 111.179039001
-0.138464153 0.023801034 0.990081370 84.408744812 0.022421312 0.999530375 -0.020892529 -5.110362053 -0.990113616 0.019306058 -0.138932779 111.067611694
-0.136710733 0.021086659 0.990386546 85.242874146 0.021650402 0.999598205 -0.018294219 -5.143781662 -0.990374327 0.018941248 -0.137112364 110.958282471
-0.135579005 0.017689001 0.990608633 86.034263611 0.021416018 0.999659300 -0.014919528 -5.171186447 -0.990535021 0.019192118 -0.135911614 110.857322693
-0.133448541 0.014550279 0.990948915 87.000480652 0.022103172 0.999687135 -0.011702008 -5.197158813 -0.990809202 0.020341495 -0.133728400 110.728096008
-0.131944433 0.014785258 0.991146803 87.852424622 0.021185098 0.999702454 -0.012092661 -5.221697330 -0.991030693 0.019401982 -0.132218391 110.624526978
-0.130686268 0.018847808 0.991244614 88.682266235 0.021554554 0.999636948 -0.016165618 -5.249862671 -0.991189420 0.019253211 -0.131045058 110.521774292
-0.128362641 0.025196383 0.991407156 89.598442078 0.023278231 0.999478281 -0.022387562 -5.280812263 -0.991454005 0.020204477 -0.128882244 110.395042419
-0.127359286 0.028178792 0.991456211 90.456329346 0.019820033 0.999469042 -0.025860516 -5.309459686 -0.991658449 0.016357120 -0.127850190 110.302345276
-0.125524953 0.026012613 0.991749346 91.338745117 0.019355614 0.999530077 -0.023766872 -5.343610287 -0.991901636 0.016212581 -0.125969455 110.192245483
-0.124352694 0.023490222 0.991959989 92.197822571 0.019551912 0.999583602 -0.021219712 -5.373823166 -0.992045403 0.016755987 -0.124760211 110.077842712
-0.123748101 0.022061642 0.992068410 93.062812805 0.020791119 0.999591112 -0.019635495 -5.405439377 -0.992095828 0.018196357 -0.124156177 109.981491089
