0.999998868 -0.000499199 -0.001423757 0.039581299 0.000493802 0.999992728 -0.003788971 0.014749687 0.001425638 0.003788264 0.999991834 1.182005167
1.000000000 -0.000175058 -0.000021097 0.031242345 0.000174986 0.999994218 -0.003378390 -0.007602444 0.000021688 0.003378386 0.999994278 2.379956722
0.999999106 -0.000982711 0.000927703 0.029863171 0.000985466 0.999995053 -0.002973632 -0.031160470 -0.000924776 0.002974544 0.999995172 3.569957256
0.999997795 -0.001418519 0.001555962 0.031257469 0.001423363 0.999994159 -0.003116698 -0.053896975 -0.001551531 0.003118905 0.999993920 4.761153698
0.999995530 -0.001602150 0.002526571 0.029000197 0.001609989 0.999993801 -0.003103758 -0.077489614 -0.002521581 0.003107812 0.999991953 5.959294796
0.999993861 -0.001150217 0.003267361 0.031087516 0.001163490 0.999991059 -0.004063221 -0.101737894 -0.003262658 0.004066998 0.999986410 7.153635025
0.999990582 -0.001445055 0.004088201 0.022705380 0.001461985 0.999990344 -0.004141162 -0.132673621 -0.004082177 0.004147100 0.999983072 8.330154419
0.999988496 -0.002027894 0.004351712 0.019275190 0.002040416 0.999993801 -0.002875039 -0.154260561 -0.004345855 0.002883885 0.999986410 9.529088974
0.999991775 -0.002858064 0.002865943 0.019209724 0.002863244 0.999994278 -0.001805216 -0.182816684 -0.002860767 0.001813407 0.999994278 10.729742050
0.999991775 -0.004013915 0.000576035 0.012651633 0.004015236 0.999989271 -0.002310925 -0.204347551 -0.000566753 0.002313219 0.999997139 11.923105240
0.999992371 -0.003808632 -0.000910656 -0.003565916 0.003806049 0.999988854 -0.002820980 -0.227836579 0.000921389 0.002817492 0.999995589 13.084323883
0.999989927 -0.003551585 -0.002742952 -0.005956836 0.003543634 0.999989450 -0.002898327 -0.252950251 0.002753217 0.002888577 0.999992013 14.309621811
0.999990582 -0.002029456 -0.003837985 -0.012164086 0.002018151 0.999993622 -0.002947287 -0.277621061 0.003843943 0.002939513 0.999988258 15.498026848
0.999988556 -0.002331178 -0.004177602 -0.024582598 0.002318045 0.999992311 -0.003145893 -0.296900749 0.004184905 0.003136174 0.999986291 16.685785294
0.999983966 -0.002831629 -0.004906006 -0.033321425 0.002819339 0.999992847 -0.002510155 -0.323093385 0.004913079 0.002496284 0.999984801 17.878643036
0.999979734 -0.003440809 -0.005351557 -0.047588352 0.003428620 0.999991536 -0.002285169 -0.349135220 0.005359375 0.002266774 0.999983013 19.070293427
0.999976337 -0.002975432 -0.006198691 -0.058617741 0.002955601 0.999990523 -0.003205954 -0.374359310 0.006208172 0.003187558 0.999975562 20.264390945
0.999971807 -0.003751671 -0.006493492 -0.077691227 0.003726264 0.999985397 -0.003920418 -0.403217942 0.006508105 0.003896111 0.999971151 21.451066971
0.999974251 -0.002243171 -0.006813153 -0.091827825 0.002216402 0.999989748 -0.003934012 -0.421759874 0.006821908 0.003918810 0.999969006 22.647520065
0.999965549 -0.002615380 -0.007878979 -0.113814235 0.002585679 0.999989450 -0.003777483 -0.452039719 0.007888776 0.003756980 0.999961793 23.844312668
0.999964714 -0.002724654 -0.007946230 -0.150505126 0.002690597 0.999987066 -0.004293387 -0.480467111 0.007957825 0.004271855 0.999959230 25.026235580
0.999946833 -0.002955319 -0.009873583 -0.147328109 0.002921753 0.999989927 -0.003412285 -0.511155665 0.009883567 0.003383255 0.999945462 26.217069626
0.999938488 -0.003325422 -0.010580557 -0.159796044 0.003301064 0.999991894 -0.002318766 -0.527446330 0.010588183 0.002283696 0.999941349 27.434753418
0.999830902 -0.010906790 -0.014805643 -0.356225193 0.010847534 0.999932826 -0.004076703 -0.657094419 0.014849112 0.003915409 0.999882102 28.624523163
0.999812901 -0.012503725 -0.014760310 -0.388374448 0.012434994 0.999911427 -0.004739060 -0.688399971 0.014818259 0.004554628 0.999879837 29.829360962
0.999793231 -0.011729254 -0.016610945 -0.401369274 0.011639604 0.999917209 -0.005483449 -0.724454939 0.016673885 0.005288971 0.999846995 31.023317337
0.999787867 -0.012425603 -0.016426781 -0.455327690 0.012323067 0.999904037 -0.006328600 -0.721454024 0.016503841 0.006124829 0.999845088 32.203868866
0.999774218 -0.011454481 -0.017898662 -0.454185724 0.011364774 0.999922335 -0.005105675 -0.777686477 0.017955758 0.004901107 0.999826729 33.417770386
0.999760211 -0.011864580 -0.018411193 -0.490815103 0.011785123 0.999920726 -0.004418279 -0.808962703 0.018462155 0.004200241 0.999820709 34.616924286
0.999718606 -0.013117221 -0.019764710 -0.490314305 0.013023349 0.999903262 -0.004870828 -0.836412251 0.019826690 0.004612055 0.999792814 35.826778412
0.999689460 -0.013230384 -0.021115882 -0.491144955 0.013123102 0.999900341 -0.005211244 -0.854825139 0.021182721 0.004932521 0.999763489 37.012363434
0.999712884 -0.013433248 -0.019841490 -0.560523272 0.013353522 0.999902248 -0.004145175 -0.891894877 0.019895233 0.003879031 0.999794543 38.201889038
0.999726534 -0.013460848 -0.019119194 -0.602363706 0.013404207 0.999905348 -0.003087618 -0.911250889 0.019158943 0.002830496 0.999812484 39.390655518
0.999744773 -0.012451691 -0.018851487 -0.635176182 0.012412171 0.999920487 -0.002211933 -0.937123597 0.018877532 0.001977380 0.999819875 40.590969086
0.999738455 -0.012248198 -0.019313304 -0.662560701 0.012201951 0.999922395 -0.002510572 -0.967833519 0.019342555 0.002274255 0.999810338 41.789104462
0.999759376 -0.010826602 -0.019082049 -0.694381475 0.010782572 0.999938965 -0.002408849 -0.996643245 0.019106966 0.002202516 0.999815047 42.975292206
0.999790728 -0.008470594 -0.018615296 -0.715559900 0.008459548 0.999963939 -0.000672072 -1.013878465 0.018620316 0.000514454 0.999826491 44.199199677
0.999810576 -0.009026461 -0.017242769 -0.733622193 0.009072747 0.999955416 0.002608076 -1.041635752 0.017218458 -0.002764020 0.999847889 45.396781921
0.999863565 -0.008112582 -0.014386198 -0.772875547 0.008191191 0.999951780 0.005413712 -1.052920580 0.014341582 -0.005530814 0.999881804 46.608806610
0.999875963 -0.007444992 -0.013878173 -0.785115778 0.007566907 0.999933004 0.008752866 -1.067389727 0.013812079 -0.008856796 0.999865353 47.817985535
0.999891222 -0.007960152 -0.012410254 -0.809703171 0.008078496 0.999922216 0.009515367 -1.068076134 0.012333543 -0.009614585 0.999877691 49.018043518
0.999889612 -0.009862212 -0.011110382 -0.820248246 0.009952684 0.999917567 0.008117524 -1.080118537 0.011029410 -0.008227205 0.999905348 50.214805603
0.999913037 -0.008721061 -0.009885171 -0.841991127 0.008784276 0.999941051 0.006369641 -1.090288162 0.009829038 -0.006455922 0.999930859 51.428527832
0.999911785 -0.009325666 -0.009456826 -0.844125867 0.009382972 0.999937773 0.006033550 -1.105418921 0.009399973 -0.006121752 0.999937057 52.635250092
0.999914348 -0.009285351 -0.009223843 -0.873797059 0.009335430 0.999941766 0.005401084 -1.116818547 0.009173158 -0.005486730 0.999942899 53.831005096
0.999903858 -0.010458600 -0.009100167 -0.901062727 0.010497231 0.999935985 0.004207690 -1.137626290 0.009055578 -0.004302812 0.999949753 55.026340485
0.999884725 -0.009638954 -0.011725680 -0.902969539 0.009693627 0.999942303 0.004614885 -1.144378066 0.011680525 -0.004728019 0.999920607 56.236518860
0.999849617 -0.011013340 -0.013395541 -0.919250846 0.011082207 0.999925733 0.005077749 -1.152260542 0.013338624 -0.005225438 0.999897361 57.451763153
0.999852359 -0.009748963 -0.014146215 -0.942611814 0.009838389 0.999931991 0.006265880 -1.179229259 0.014084167 -0.006404131 0.999880254 58.630218506
0.999842823 -0.008765669 -0.015406690 -0.955596983 0.008859569 0.999942601 0.006037272 -1.192918897 0.015352882 -0.006172820 0.999863148 59.819911957
0.999837875 -0.008503287 -0.015870625 -0.982001960 0.008603688 0.999943316 0.006268723 -1.216678143 0.015816424 -0.006404253 0.999854386 61.043685913
0.999825835 -0.009347164 -0.016159521 -1.005095959 0.009439786 0.999939382 0.005664960 -1.228749752 0.016105589 -0.005816516 0.999853373 62.225093842
0.999810517 -0.010544750 -0.016361212 -1.032865763 0.010626897 0.999931335 0.004942038 -1.252250195 0.016307976 -0.005114970 0.999853909 63.435268402
0.999789596 -0.010912486 -0.017368039 -1.041424632 0.010999678 0.999927342 0.004932585 -1.243269324 0.017312950 -0.005122588 0.999836981 64.651374817
0.999797881 -0.010822032 -0.016944442 -1.090349197 0.010948810 0.999912620 0.007407102 -1.271559596 0.016862800 -0.007591126 0.999828994 65.819992065
0.999806821 -0.009802808 -0.017035687 -1.122931242 0.009900872 0.999934852 0.005681559 -1.284575582 0.016978880 -0.005849129 0.999838769 67.011352539
0.999820232 -0.008056976 -0.017159719 -1.147690654 0.008126464 0.999959171 0.003983725 -1.291300058 0.017126918 -0.004122457 0.999844849 68.209579468
0.999826550 -0.006236079 -0.017546013 -1.165689945 0.006321895 0.999968290 0.004839712 -1.317185163 0.017515272 -0.004949796 0.999834418 69.410186768
0.999843180 -0.003757037 -0.017307920 -1.196862698 0.003832625 0.999983251 0.004336196 -1.317735434 0.017291341 -0.004401850 0.999840856 70.606979370
0.999835551 -0.008854358 -0.015823139 -1.237573504 0.008927627 0.999949753 0.004565957 -1.344597101 0.015781917 -0.004706468 0.999864399 71.807540894
0.999848306 -0.008688889 -0.015095951 -1.261828423 0.008775855 0.999945283 0.005704265 -1.365056276 0.015045560 -0.005835880 0.999869823 73.000747681
0.999899924 -0.006032848 -0.012790399 -1.288675785 0.006110097 0.999963284 0.006009192 -1.368081093 0.012753675 -0.006086743 0.999900103 74.177513123
0.999922097 -0.006981512 -0.010345643 -1.302395344 0.007018561 0.999969125 0.003549222 -1.383178234 0.010320544 -0.003621558 0.999940217 75.377365112
0.999927104 -0.009751624 -0.007126011 -1.333192348 0.009745842 0.999952197 -0.000845910 -1.410712361 0.007133919 0.000776399 0.999974310 76.545494080
0.999947786 -0.008811159 -0.005179864 -1.325283289 0.008801539 0.999959469 -0.001877248 -1.421219110 0.005196195 0.001831559 0.999984801 77.716461182
0.999947667 -0.010043946 -0.001948602 -1.337597728 0.010048336 0.999946952 0.002256321 -1.448266149 0.001925838 -0.002275783 0.999995530 78.890213013
0.999949992 -0.009847114 0.001817154 -1.352646470 0.009840120 0.999944329 0.003818250 -1.467362642 -0.001854651 -0.003800178 0.999991059 80.047454834
0.999938607 -0.009703314 0.005363267 -1.347748876 0.009692030 0.999950826 0.002126040 -1.486849189 -0.005383634 -0.002073929 0.999983370 81.233032227
0.999902666 -0.010517713 0.009165463 -1.333270073 0.010527139 0.999944031 -0.000980681 -1.503418207 -0.009154637 0.001077072 0.999957442 82.396766663
0.999847770 -0.012239578 0.012433477 -1.313869715 0.012296418 0.999914169 -0.004505217 -1.521437526 -0.012377269 0.004657419 0.999912500 83.564155579
0.999794364 -0.012518588 0.015961818 -1.298813701 0.012604003 0.999906719 -0.005261825 -1.551247358 -0.015894460 0.005461926 0.999858737 84.691116333
0.999732852 -0.012358838 0.019528322 -1.272079825 0.012436834 0.999915063 -0.003877684 -1.573360562 -0.019478738 0.004119519 0.999801755 85.821113586
0.999658108 -0.012193349 0.023134658 -1.250773668 0.012264187 0.999920487 -0.002922437 -1.600377202 -0.023097187 0.003205165 0.999728084 87.011230469
0.999557972 -0.012904066 0.026782794 -1.222381830 0.013051324 0.999900699 -0.005330704 -1.617876530 -0.026711343 0.005677898 0.999627054 88.152397156
0.999461532 -0.012241289 0.030442148 -1.196753979 0.012466618 0.999896228 -0.007223101 -1.644597530 -0.030350568 0.007598723 0.999510467 89.324554443
0.999364972 -0.012583303 0.033336721 -1.159607410 0.012843689 0.999888539 -0.007608141 -1.682760239 -0.033237275 0.008031475 0.999415219 90.477241516
0.999244452 -0.014255061 0.036157168 -1.126256466 0.014497748 0.999873996 -0.006458680 -1.711338401 -0.036060553 0.006977997 0.999325216 91.623573303
0.999128520 -0.014516659 0.039133042 -1.077901125 0.014723765 0.999879062 -0.005009342 -1.732692122 -0.039055590 0.005581162 0.999221385 92.801086426
0.999004185 -0.015807841 0.041721698 -1.037374973 0.015966516 0.999866486 -0.003472679 -1.757597327 -0.041661233 0.004135372 0.999123156 93.949645996
0.998863399 -0.017080160 0.044497792 -1.016335487 0.017188512 0.999850214 -0.002053452 -1.793407679 -0.044456042 0.002815970 0.999007285 95.061698914
0.998764336 -0.017579401 0.046483174 -0.926645756 0.017784765 0.999833822 -0.004008098 -1.814311504 -0.046404991 0.004829837 0.998910964 96.281417847
0.998663962 -0.018975465 0.048064500 -0.836642742 0.019383676 0.999779761 -0.008041163 -1.826900959 -0.047901344 0.008962087 0.998811841 97.469848633
0.998539627 -0.017988741 0.050941300 -0.812253475 0.018531747 0.999776125 -0.010207242 -1.865399718 -0.050746273 0.011136368 0.998649478 98.597900391
0.998456836 -0.017744167 0.052619826 -0.757616520 0.018371750 0.999765515 -0.011467105 -1.883939981 -0.052404009 0.012416130 0.998548746 99.756469727
0.998442709 -0.017972516 0.052811239 -0.690093994 0.018571334 0.999768436 -0.010869997 -1.916166544 -0.052603651 0.011833846 0.998545349 100.934829712
0.998471081 -0.018248467 0.052178077 -0.634602070 0.018721042 0.999787927 -0.008582585 -1.960325003 -0.052010387 0.009546294 0.998600841 102.136032104
0.998505592 -0.018997461 0.051241811 -0.604138374 0.019375945 0.999788463 -0.006899620 -1.995761871 -0.051099889 0.007882168 0.998662412 103.295555115
0.998656929 -0.018039152 0.048569519 -0.524871826 0.018390477 0.999807775 -0.006796269 -2.002952099 -0.048437580 0.007680357 0.998796642 104.493965149
0.998777747 -0.017782364 0.046115495 -0.471006393 0.018085102 0.999817491 -0.006155906 -2.035120010 -0.045997616 0.006982386 0.998917162 105.709236145
0.998929024 -0.017129930 0.042981829 -0.428102016 0.017412832 0.999829113 -0.006216179 -2.060940266 -0.042868003 0.006957958 0.999056518 106.903854370
0.999105930 -0.015895527 0.039175138 -0.382444859 0.016169010 0.999846995 -0.006674036 -2.093864679 -0.039063055 0.007301491 0.999210119 108.113250732
0.999237597 -0.016076781 0.035577025 -0.358232260 0.016305054 0.999848247 -0.006135538 -2.119096518 -0.035472985 0.006710947 0.999348104 109.289077759
0.999359965 -0.015102729 0.032424737 -0.354920149 0.015283741 0.999868989 -0.005341981 -2.144562483 -0.032339804 0.005834134 0.999459922 110.480545044
0.999517322 -0.014927888 0.027245151 -0.294691324 0.015053152 0.999877036 -0.004398266 -2.170037270 -0.027176144 0.004806268 0.999619126 111.707382202
0.999624252 -0.015093579 0.022879552 -0.282535553 0.015185371 0.999877334 -0.003843463 -2.196151018 -0.022818733 0.004189453 0.999730885 112.897529602
0.999735773 -0.014345758 0.017966269 -0.253206015 0.014417457 0.999888539 -0.003867497 -2.222406149 -0.017908789 0.004125502 0.999831080 114.144378662
0.999824226 -0.013680936 0.012815297 -0.240115166 0.013732499 0.999897957 -0.003944132 -2.247042418 -0.012760030 0.004119426 0.999910176 115.341682434
0.999881625 -0.013241199 0.007838497 -0.233063400 0.013276853 0.999901593 -0.004514097 -2.267444134 -0.007777953 0.004617632 0.999959052 116.566040039
0.999919116 -0.012416322 0.002758787 -0.232451260 0.012430421 0.999909401 -0.005153549 -2.289398670 -0.002694549 0.005187425 0.999982893 117.776435852
0.999946475 -0.010327687 -0.000641344 -0.237084538 0.010324271 0.999933600 -0.005118242 -2.321497440 0.000694161 0.005111346 0.999986708 119.014617920
0.999959648 -0.008539887 -0.002773592 -0.246203393 0.008525530 0.999950349 -0.005148209 -2.343269587 0.002817420 0.005124356 0.999982893 120.243240356
0.999966919 -0.007079898 -0.004015623 -0.250648081 0.007057669 0.999959826 -0.005523049 -2.372213364 0.004054564 0.005494525 0.999976695 121.483329773
0.999975681 -0.004992389 -0.004863472 -0.273406833 0.004967546 0.999974549 -0.005107095 -2.401070118 0.004888846 0.005082812 0.999975085 122.714653015
0.999976873 -0.003664289 -0.005732699 -0.287810683 0.003638743 0.999983370 -0.004460325 -2.425386190 0.005748949 0.004439362 0.999973595 123.946533203
0.999969959 -0.004058253 -0.006605544 -0.296412826 0.004030072 0.999982715 -0.004274105 -2.446389675 0.006622775 0.004247356 0.999969065 125.178588867
0.999974251 0.000155805 -0.007177929 -0.323130310 -0.000171126 0.999997675 -0.002133850 -2.472655296 0.007177581 0.002135024 0.999971986 126.442283630
0.999968827 0.000741011 -0.007860466 -0.344487250 -0.000733300 0.999999344 0.000983726 -2.490581512 0.007861190 -0.000977931 0.999968648 127.683181763
0.999965012 -0.000270316 -0.008359053 -0.357830405 0.000278468 0.999999464 0.000974051 -2.521391153 0.008358786 -0.000976345 0.999964654 128.922317505
0.999960601 -0.000463764 -0.008862865 -0.375411749 0.000455113 0.999999404 -0.000978033 -2.529803276 0.008863313 0.000973961 0.999960244 130.195068359
0.999951482 -0.003022632 -0.009374813 -0.395031035 0.003024646 0.999995351 0.000200653 -2.553148270 0.009374164 -0.000228998 0.999956071 131.442138672
0.999926269 -0.005700502 -0.010719726 -0.401092410 0.005721169 0.999981761 0.001898288 -2.573700666 0.010708709 -0.001959477 0.999940753 132.706298828
0.999906600 -0.008487212 -0.010708279 -0.418601274 0.008528509 0.999956369 0.003816857 -2.590092897 0.010675419 -0.003907827 0.999935448 133.951492310
0.999881864 -0.010641191 -0.011091300 -0.436931491 0.010697656 0.999930084 0.005044109 -2.610173702 0.011036849 -0.005162164 0.999925792 135.225051880
0.999829471 -0.014938778 -0.010851949 -0.443067193 0.014969887 0.999884069 0.002791164 -2.617574692 0.010808994 -0.002953141 0.999937236 136.494598389
0.999790907 -0.017422885 -0.010699240 -0.469132543 0.017448144 0.999845147 0.002271697 -2.647015333 0.010658003 -0.002457904 0.999940157 137.743194580
0.999765456 -0.019016584 -0.010362064 -0.488178432 0.019039378 0.999816597 0.002105341 -2.668466330 0.010320124 -0.002302134 0.999944091 139.024887085
0.999775469 -0.018721065 -0.009926139 -0.508259714 0.018744253 0.999821782 0.002248235 -2.683413029 0.009882282 -0.002433788 0.999948204 140.296951294
0.999787748 -0.018482845 -0.009099110 -0.528995872 0.018519461 0.999820709 0.003956708 -2.696429968 0.009024346 -0.004124379 0.999950767 141.587188721
0.999831140 -0.015951339 -0.009126849 -0.535592675 0.016005155 0.999854743 0.005854504 -2.719093561 0.009032136 -0.005999592 0.999941230 142.862274170
0.999842584 -0.015827769 -0.008024165 -0.559999943 0.015860440 0.999866068 0.004024721 -2.733687878 0.007959389 -0.004151353 0.999959767 144.149230957
0.999832690 -0.016505400 -0.007871947 -0.588325143 0.016532265 0.999857664 0.003359849 -2.771020174 0.007815370 -0.003489429 0.999963343 145.400177002
0.999833226 -0.016869353 -0.006988547 -0.605023503 0.016876068 0.999857068 0.000902825 -2.790488720 0.006972318 -0.001020613 0.999975204 146.688568115
0.999806821 -0.018463254 -0.006744012 -0.620460749 0.018441193 0.999824584 -0.003318624 -2.815742493 0.006804100 0.003193614 0.999971747 147.947814941
0.999820352 -0.018035548 -0.005831416 -0.639482796 0.017996831 0.999816120 -0.006625255 -2.846097469 0.005949834 0.006519117 0.999961019 149.220077515
0.999806881 -0.018716246 -0.006013948 -0.644586802 0.018671490 0.999798179 -0.007414273 -2.878397942 0.006151503 0.007300553 0.999954402 150.486175537
0.999800205 -0.019147169 -0.005743137 -0.658906639 0.019105822 0.999791801 -0.007169917 -2.914506435 0.005879225 0.007058758 0.999957800 151.755004883
0.999804199 -0.018795850 -0.006184401 -0.669595420 0.018752953 0.999800205 -0.006922428 -2.935956955 0.006313279 0.006805097 0.999956846 153.018081665
0.999823451 -0.017738076 -0.006190015 -0.690212131 0.017703222 0.999827385 -0.005640224 -2.974782467 0.006288994 0.005529644 0.999964833 154.291839600
0.999826252 -0.017538844 -0.006310792 -0.708268821 0.017504651 0.999832034 -0.005432567 -2.989640474 0.006405013 0.005321157 0.999965310 155.542526245
0.999822199 -0.017461656 -0.007111111 -0.718157172 0.017423395 0.999833643 -0.005407399 -3.033766985 0.007204349 0.005282538 0.999960124 156.788406372
0.999848366 -0.015444932 -0.008041064 -0.708193958 0.015394907 0.999861956 -0.006246027 -3.048697710 0.008136424 0.006121291 0.999948084 158.077301025
0.999844432 -0.015277334 -0.008818210 -0.715727091 0.015232062 0.999870598 -0.005178605 -3.074137688 0.008896185 0.005043480 0.999947667 159.330322266
0.999819696 -0.016544424 -0.009312600 -0.756284714 0.016510341 0.999856770 -0.003724417 -3.112046719 0.009372883 0.003569993 0.999949694 160.601470947
0.999814510 -0.016456401 -0.009998972 -0.776885629 0.016409455 0.999854088 -0.004759314 -3.141961813 0.010075833 0.004594354 0.999938667 161.858535767
0.999817550 -0.015801676 -0.010726830 -0.793725669 0.015738588 0.999858439 -0.005940764 -3.171122551 0.010819187 0.005770857 0.999924839 163.107070923
0.999830663 -0.014661743 -0.011117890 -0.819412470 0.014594745 0.999874949 -0.006083531 -3.197863102 0.011205695 0.005920239 0.999919713 164.369445801
0.999801338 -0.015752276 -0.012211348 -0.831139207 0.015670827 0.999854624 -0.006736920 -3.237571001 0.012315693 0.006544219 0.999902725 165.645477295
0.999808371 -0.014879141 -0.012724475 -0.858539701 0.014778775 0.999859214 -0.007945585 -3.266309738 0.012840908 0.007756007 0.999887466 166.895919800
0.999791622 -0.015359435 -0.013444931 -0.885477662 0.015260991 0.999856055 -0.007394231 -3.301007271 0.013556570 0.007187508 0.999882281 168.174148560
0.999776483 -0.015562223 -0.014312713 -0.916390896 0.015466973 0.999857605 -0.006741707 -3.325809002 0.014415593 0.006518826 0.999874890 169.445526123
0.999772489 -0.015192159 -0.014966601 -0.928152919 0.015106204 0.999868810 -0.005839630 -3.357221842 0.015053353 0.005612213 0.999870956 170.691192627
0.999765337 -0.014270928 -0.016294645 -0.946847200 0.014190080 0.999886513 -0.005066758 -3.392503023 0.016365103 0.004834346 0.999854386 171.951202393
0.999766827 -0.014159101 -0.016304996 -0.987173319 0.014078103 0.999888062 -0.005071681 -3.416572809 0.016374983 0.004840956 0.999854147 173.228729248
0.999742925 -0.014688428 -0.017276846 -1.004346848 0.014592550 0.999877453 -0.005662559 -3.465229988 0.017357903 0.005408989 0.999834716 174.486053467
0.999770701 -0.013196963 -0.016865429 -1.063978910 0.013085294 0.999891877 -0.006714641 -3.478122711 0.016952218 0.006492413 0.999835193 175.763031006
0.999757111 -0.012639447 -0.018055301 -1.065788984 0.012527864 0.999901831 -0.006279856 -3.502426624 0.018132905 0.006052135 0.999817371 177.018707275
0.999750257 -0.012899155 -0.018251918 -1.109012365 0.012761981 0.999889553 -0.007612055 -3.533617020 0.018348088 0.007377223 0.999804437 178.274902344
0.999729395 -0.014413977 -0.018260069 -1.123348951 0.014249723 0.999857068 -0.009093583 -3.564102173 0.018388538 0.008830920 0.999791920 179.527801514
0.999667406 -0.017772784 -0.018687028 -1.151858807 0.017617812 0.999809325 -0.008425251 -3.602014065 0.018833205 0.008093224 0.999789894 180.806457520
0.999673784 -0.017514074 -0.018595485 -1.180900335 0.017431859 0.999837637 -0.004574261 -3.636883259 0.018672580 0.004248615 0.999816656 182.070632935
0.999646723 -0.018480087 -0.019103577 -1.205589771 0.018473290 0.999829233 -0.000532414 -3.663116217 0.019110152 0.000179320 0.999817491 183.297393799
0.999659598 -0.017693173 -0.019170951 -1.234202385 0.017677505 0.999843180 -0.000986487 -3.695211649 0.019185400 0.000647257 0.999815762 184.537963867
0.999688983 -0.015937377 -0.019182846 -1.260179520 0.015856363 0.999864757 -0.004368015 -3.714546680 0.019249870 0.004062486 0.999806464 185.784225464
0.999697983 -0.015190389 -0.019318663 -1.293131351 0.015072612 0.999867022 -0.006227570 -3.741633892 0.019410692 0.005934506 0.999794006 187.064758301
0.999705553 -0.014667663 -0.019327143 -1.333047152 0.014553995 0.999876142 -0.006008822 -3.767323017 0.019412883 0.005725768 0.999795198 188.320999146
0.999706686 -0.015105017 -0.018925130 -1.372104168 0.015011127 0.999874413 -0.005093407 -3.795314312 0.018999685 0.004807826 0.999808013 189.577209473
0.999691010 -0.015734436 -0.019239480 -1.381509542 0.015689854 0.999873817 -0.002466025 -3.833846092 0.019275850 0.002163398 0.999811888 190.793884277
0.999677598 -0.017164730 -0.018706331 -1.400236845 0.017139437 0.999852002 -0.001511663 -3.866443634 0.018729504 0.001190560 0.999823987 192.039596558
0.999729216 -0.016030679 -0.016867710 -1.444521666 0.015998822 0.999870002 -0.002022008 -3.904472351 0.016897932 0.001751597 0.999855697 193.271850586
0.999718487 -0.017679509 -0.015818506 -1.443981290 0.017627126 0.999838710 -0.003444795 -3.922952175 0.015876854 0.003164991 0.999868929 194.470306396
0.999736071 -0.017840909 -0.014467236 -1.471288562 0.017773973 0.999830842 -0.004742094 -3.958913803 0.014549390 0.004483702 0.999884069 195.699645996
0.999742806 -0.018493535 -0.013131234 -1.498350143 0.018421348 0.999814630 -0.005597389 -3.980507374 0.013232313 0.005354054 0.999898076 196.916412354
0.999763548 -0.018096618 -0.012057545 -1.509768486 0.018037753 0.999825060 -0.004973001 -4.000026226 0.012145428 0.004754334 0.999914944 198.129882812
0.999765158 -0.018737689 -0.010890442 -1.531894684 0.018709682 0.999821424 -0.002668155 -4.043507099 0.010938490 0.002463771 0.999937177 199.366485596
0.999808609 -0.017109657 -0.009484479 -1.549468994 0.017087264 0.999851048 -0.002437084 -4.063175201 0.009524764 0.002274554 0.999952078 200.572463989
0.999809444 -0.017760595 -0.008092141 -1.569844007 0.017738128 0.999838710 -0.002839710 -4.083816528 0.008141271 0.002695630 0.999963284 201.784317017
0.999810934 -0.017888414 -0.007614779 -1.577401638 0.017870178 0.999837399 -0.002455969 -4.116944790 0.007657475 0.002319428 0.999967992 202.980041504
0.999804258 -0.017949931 -0.008324258 -1.572476506 0.017934306 0.999837279 -0.001948492 -4.146768570 0.008357879 0.001798821 0.999963462 204.155105591
0.999820113 -0.017684072 -0.006864535 -1.603050709 0.017672103 0.999842286 -0.001801232 -4.178764820 0.006895305 0.001679597 0.999974847 205.352874756
0.999818683 -0.017903326 -0.006476196 -1.607379436 0.017890776 0.999837995 -0.001990483 -4.197110176 0.006510782 0.001874258 0.999977052 206.499542236
0.999804676 -0.018890433 -0.005794711 -1.618006468 0.018880341 0.999820113 -0.001792119 -4.223828793 0.005827521 0.001682363 0.999981642 207.674026489
0.999805689 -0.018944629 -0.005443444 -1.630741835 0.018940002 0.999820232 -0.000900116 -4.252366066 0.005459518 0.000796843 0.999984801 208.799789429
0.999786139 -0.019870492 -0.005723707 -1.642993093 0.019869901 0.999802589 -0.000159433 -4.276607990 0.005725745 0.000045670 0.999983668 209.940017700
0.999782681 -0.019718524 -0.006763109 -1.645635605 0.019718057 0.999805570 -0.000135931 -4.301375389 0.006764475 0.000002546 0.999977112 211.034698486
0.999791265 -0.019121831 -0.007193431 -1.653433800 0.019114505 0.999816775 -0.001085619 -4.328572273 0.007212873 0.000947893 0.999973476 212.143783569
0.999797344 -0.018681576 -0.007497369 -1.677309990 0.018668884 0.999824166 -0.001759206 -4.355765343 0.007528914 0.001618882 0.999970376 213.218521118
0.999787927 -0.018799614 -0.008401662 -1.681991339 0.018785646 0.999822021 -0.001738125 -4.385120869 0.008432842 0.001579925 0.999963224 214.305984497
0.999776006 -0.019271387 -0.008743734 -1.733816504 0.019260284 0.999813735 -0.001351969 -4.427430630 0.008768158 0.001183260 0.999960840 215.335540771
0.999758661 -0.019301523 -0.010487488 -1.743350863 0.019293794 0.999813557 -0.000837501 -4.445945740 0.010501698 0.000634956 0.999944627 216.387329102
0.999713719 -0.020560684 -0.012238764 -1.769621611 0.020577632 0.999787450 0.001260394 -4.474054337 0.012210246 -0.001511878 0.999924302 217.401290894
0.999686897 -0.020750925 -0.013988310 -1.797070861 0.020794468 0.999779284 0.002974462 -4.492709160 0.013923500 -0.003264410 0.999897718 218.436447144
0.999668658 -0.019798445 -0.016451288 -1.813680649 0.019848932 0.999798715 0.002911302 -4.514513016 0.016390337 -0.003236878 0.999860466 219.462234497
0.999617159 -0.019625487 -0.019508876 -1.834708691 0.019680260 0.999802887 0.002619448 -4.537645340 0.019453622 -0.003002385 0.999806166 220.401626587
0.999566913 -0.019409597 -0.022118699 -1.867115498 0.019461535 0.999808311 0.002135381 -4.543431759 0.022073012 -0.002564920 0.999753058 221.388442993
0.999502063 -0.018733185 -0.025391920 -1.886789322 0.018803217 0.999820113 0.002522108 -4.565901756 0.025340104 -0.002998302 0.999674320 222.322692871
0.999440968 -0.018142361 -0.028085060 -1.923813343 0.018224584 0.999830306 0.002674394 -4.592472553 0.028031779 -0.003184737 0.999601960 223.243148804
0.999332368 -0.018075148 -0.031749908 -1.921406746 0.018135006 0.999834299 0.001598423 -4.596903324 0.031715754 -0.002173141 0.999494553 224.158599854
0.999203563 -0.018515801 -0.035345156 -1.953034401 0.018538263 0.999828219 0.000307884 -4.610806465 0.035333384 -0.000962876 0.999375105 225.043304443
0.999119341 -0.017260125 -0.038243461 -1.994671345 0.017288590 0.999850452 0.000413724 -4.633913040 0.038230591 -0.001074535 0.999268353 225.886718750
0.999005914 -0.017036542 -0.041194703 -2.036776543 0.017038723 0.999854803 -0.000298320 -4.654442310 0.041193806 -0.000403882 0.999151111 226.723892212
0.998917520 -0.015472803 -0.043870360 -2.071603775 0.015464639 0.999880254 -0.000525442 -4.670543671 0.043873243 -0.000153566 0.999037087 227.531631470
0.998868167 -0.014904194 -0.045167230 -2.105699539 0.014890134 0.999888897 -0.000647602 -4.681142807 0.045171864 -0.000025677 0.998979211 228.348739624
0.998902440 -0.014863095 -0.044418059 -2.148747444 0.014921986 0.999888122 0.000994546 -4.708870888 0.044398312 -0.001656260 0.999012530 229.110763550
0.998895049 -0.015449663 -0.044384275 -2.183663368 0.015544550 0.999877512 0.001793431 -4.727251530 0.044351142 -0.002481383 0.999012887 229.870956421
0.998915911 -0.014188531 -0.044335965 -2.208693504 0.014260695 0.999897480 0.001311844 -4.744750977 0.044312812 -0.001942683 0.999015808 230.613555908
0.998932481 -0.014308630 -0.043922622 -2.244054794 0.014297079 0.999897599 -0.000577062 -4.763144016 0.043926384 -0.000051519 0.999034762 231.356445312
0.998989344 -0.013745547 -0.042794153 -2.282885551 0.013641932 0.999903262 -0.002712348 -4.777663231 0.042827293 0.002125813 0.999080360 232.067626953
0.999020994 -0.013657097 -0.042077988 -2.312612057 0.013488056 0.999899805 -0.004298609 -4.792154789 0.042132478 0.003726850 0.999105096 232.799621582
0.999105334 -0.013265545 -0.040157244 -2.348433495 0.013095455 0.999904156 -0.004495703 -4.810997009 0.040213026 0.003965803 0.999183238 233.519500732
0.999178886 -0.013524698 -0.038193118 -2.386988163 0.013364274 0.999900758 -0.004452499 -4.829864025 0.038249552 0.003938420 0.999260426 234.240600586
0.999229491 -0.014062784 -0.036641911 -2.407992363 0.013898551 0.999892235 -0.004732976 -4.842772484 0.036704518 0.004220060 0.999317169 234.950271606
0.999305069 -0.014027609 -0.034532346 -2.437562466 0.013860708 0.999891102 -0.005067859 -4.860603809 0.034599677 0.004585694 0.999390721 235.669265747
0.999367118 -0.014405227 -0.032524467 -2.459458828 0.014244650 0.999885142 -0.005163517 -4.878160000 0.032595117 0.004696950 0.999457598 236.374954224
0.999455512 -0.014741880 -0.029519651 -2.482280254 0.014617434 0.999883235 -0.004427076 -4.900509834 0.029581480 0.003993164 0.999554336 237.084304810
0.999520481 -0.015507733 -0.026800632 -2.497352362 0.015423079 0.999875367 -0.003362565 -4.919587135 0.026849439 0.002947603 0.999635160 237.787536621
0.999587774 -0.016304268 -0.023628561 -2.519098759 0.016225729 0.999862254 -0.003511691 -4.928705215 0.023682559 0.003126853 0.999714673 238.498916626
0.999647737 -0.016460527 -0.020818288 -2.532336712 0.016398089 0.999860644 -0.003166247 -4.949595928 0.020867502 0.002823751 0.999778271 239.181930542
0.999698460 -0.016769672 -0.017939832 -2.543859005 0.016703676 0.999853253 -0.003822210 -4.958203316 0.018001296 0.003521396 0.999831796 239.874877930
0.999743760 -0.017240148 -0.014669271 -2.560250521 0.017189467 0.999845862 -0.003574041 -4.980978489 0.014728624 0.003320969 0.999886036 240.563262939
0.999801099 -0.016132159 -0.011723264 -2.571217537 0.016082468 0.999861300 -0.004320439 -4.996127129 0.011791334 0.004131041 0.999921978 241.252120972
0.999831855 -0.016113369 -0.008756148 -2.580826283 0.016070386 0.999858558 -0.004957077 -5.009446144 0.008834785 0.004815529 0.999949396 241.943542480
0.999859035 -0.015839852 -0.005583529 -2.591036797 0.015817188 0.999866664 -0.004080198 -5.024523735 0.005647415 0.003991307 0.999976099 242.644210815
0.999875188 -0.015424844 -0.003415830 -2.590848684 0.015412137 0.999874353 -0.003715052 -5.035476685 0.003472704 0.003661943 0.999987245 243.351974487
0.999876499 -0.015674669 -0.001016608 -2.597389936 0.015670652 0.999869823 -0.003846938 -5.049866199 0.001076775 0.003830533 0.999992013 244.057342529
0.999874830 -0.015783755 0.000989027 -2.592998266 0.015788557 0.999862611 -0.005050725 -5.069153309 -0.000909171 0.005065709 0.999986708 244.772811890
0.999881983 -0.015060413 0.002998603 -2.596530676 0.015083442 0.999855757 -0.007811558 -5.079311371 -0.002880526 0.007855867 0.999965012 245.486358643
0.999850690 -0.016911864 0.003552816 -2.593344688 0.016944375 0.999812841 -0.009328346 -5.098637581 -0.003394391 0.009387153 0.999950111 246.203475952
0.999853849 -0.016673565 0.003797370 -2.600578308 0.016708642 0.999816239 -0.009401460 -5.116427898 -0.003639915 0.009463535 0.999948561 246.926956177
0.999819338 -0.018554457 0.004122037 -2.596015453 0.018594250 0.999778688 -0.009834430 -5.138380051 -0.003938653 0.009909301 0.999943078 247.667297363
0.999874294 -0.015326047 0.004075289 -2.597272635 0.015367258 0.999828994 -0.010281818 -5.157419205 -0.003917012 0.010343150 0.999938726 248.424468994
0.999966502 -0.003986545 0.007136295 -2.540717602 0.004057521 0.999942183 -0.009959165 -5.175269604 -0.007096181 0.009987789 0.999924898 249.169525146
0.999959469 -0.005292740 0.007291444 -2.541356087 0.005378696 0.999915719 -0.011819651 -5.196589470 -0.007228270 0.011858390 0.999903619 249.929595947
0.999895513 -0.013051675 0.006213896 -2.541402817 0.013139689 0.999810815 -0.014340241 -5.200182438 -0.006025556 0.014420392 0.999877870 250.668731689
0.999899983 -0.011817188 0.007773704 -2.517105579 0.011933418 0.999815166 -0.015079014 -5.236110210 -0.007594075 0.015170272 0.999856114 251.500915527
0.999876916 -0.013769532 0.007518732 -2.552864790 0.013859448 0.999831498 -0.012040962 -5.226928711 -0.007351669 0.012143685 0.999899149 252.229797363
0.999947727 -0.004347375 0.009255060 -2.501949310 0.004400007 0.999974370 -0.005673790 -5.247334003 -0.009230154 0.005714216 0.999941051 253.022888184
0.999935210 -0.006029912 0.009655084 -2.493784666 0.006041940 0.999981105 -0.001217015 -5.283631325 -0.009647562 0.001275272 0.999952614 253.818191528
0.999905467 -0.006245269 0.012249385 -2.475961685 0.006296892 0.999971509 -0.004180347 -5.284317493 -0.012222928 0.004257085 0.999916136 254.635147095
0.999855518 -0.005219445 0.016171873 -2.475764275 0.005380775 0.999936104 -0.009948699 -5.307362556 -0.016118910 0.010034278 0.999819696 255.415237427
0.999785483 -0.004979533 0.020105453 -2.474847794 0.005248450 0.999897182 -0.013344807 -5.324126244 -0.020036934 0.013447465 0.999708772 256.237609863
0.999719501 -0.002917115 0.023505177 -2.467723370 0.003225366 0.999909163 -0.013086863 -5.342737198 -0.023464870 0.013159004 0.999638021 257.063659668
0.999647260 -0.004758550 0.026129086 -2.427375317 0.005038502 0.999930501 -0.010658801 -5.367310524 -0.026076548 0.010786690 0.999601722 257.912658691
0.999561787 -0.007378068 0.028665276 -2.398759842 0.007602904 0.999941111 -0.007742426 -5.387084961 -0.028606461 0.007956970 0.999559045 258.760162354
0.999435961 -0.007583132 0.032714438 -2.378937721 0.007809292 0.999946415 -0.006790944 -5.385519981 -0.032661192 0.007042590 0.999441803 259.587036133
0.999352336 -0.007938732 0.035098117 -2.345171928 0.008169083 0.999946058 -0.006424526 -5.407945633 -0.035045218 0.006707086 0.999363244 260.454742432
0.999300539 -0.003420983 0.037241787 -2.373082161 0.003756887 0.999952793 -0.008953320 -5.439467430 -0.037209406 0.009086968 0.999266148 261.241119385
0.999253213 -0.002298257 0.038569652 -2.340983391 0.002734069 0.999932945 -0.011250343 -5.454213142 -0.038541213 0.011347392 0.999192536 262.086669922
0.999095261 -0.001298798 0.042507112 -2.339897156 0.001793619 0.999931037 -0.011604819 -5.462438583 -0.042489115 0.011670560 0.999028742 262.930786133
0.998981535 -0.000523627 0.045118202 -2.287827492 0.000945053 0.999956131 -0.009319700 -5.500173569 -0.045111336 0.009352848 0.998938203 263.765258789
0.998815596 0.001564322 0.048630681 -2.270632744 -0.001187917 0.999969065 -0.007768016 -5.516720772 -0.048641335 0.007701046 0.998786628 264.617218018
0.998673081 0.002261089 0.051446788 -2.229826927 -0.001849035 0.999965906 -0.008055539 -5.532724380 -0.051463250 0.007949726 0.998643279 265.476409912
0.998636425 0.001818485 0.052172329 -2.166227341 -0.001340653 0.999956846 -0.009192334 -5.536332130 -0.052186787 0.009109854 0.998595774 266.332244873
0.998543501 0.000986933 0.053942632 -2.103853226 -0.000419425 0.999944448 -0.010530883 -5.542098045 -0.053950027 0.010492921 0.998488486 267.211273193
0.998287141 -0.002390811 0.058456007 -2.079684258 0.002901261 0.999958396 -0.008648864 -5.589282036 -0.058432899 0.008803647 0.998252451 268.032379150
0.998245180 -0.002816846 0.059148636 -2.031212807 0.003370291 0.999951363 -0.009259143 -5.605135918 -0.059119679 0.009442246 0.998206258 268.902801514
0.998296440 -0.004607240 0.058163922 -1.985938072 0.005156811 0.999943435 -0.009302188 -5.620065689 -0.058117773 0.009586281 0.998263717 269.734649658
0.998271406 -0.005367268 0.058526430 -1.942397118 0.005884368 0.999945104 -0.008666553 -5.650979042 -0.058476698 0.008995960 0.998248279 270.613647461
0.998275757 -0.004468155 0.058528401 -1.895630836 0.004971413 0.999951839 -0.008455813 -5.664443970 -0.058487806 0.008732202 0.998249888 271.467224121
0.998310089 -0.003843303 0.057985179 -1.847325325 0.004303886 0.999960124 -0.007820347 -5.688869953 -0.057952810 0.008056694 0.998286903 272.349945068
0.998395503 -0.004034683 0.056480072 -1.797108650 0.004558153 0.999947846 -0.009142488 -5.703721046 -0.056440234 0.009385266 0.998361886 273.191284180
0.998487949 -0.004314082 0.054801375 -1.752114296 0.004839530 0.999943614 -0.009459130 -5.739546299 -0.054757468 0.009710039 0.998452544 274.071960449
0.998577118 -0.003076244 0.053238127 -1.709688187 0.003639295 0.999938369 -0.010482480 -5.753960609 -0.053202607 0.010661312 0.998526812 274.921264648
0.998629630 -0.000488245 0.052333470 -1.681862831 0.001085275 0.999934614 -0.011380399 -5.766388893 -0.052324500 0.011421597 0.998564780 275.790069580
0.998734653 -0.000599899 0.050286446 -1.641304970 0.001159088 0.999937832 -0.011091679 -5.805890083 -0.050276652 0.011135932 0.998673201 276.627471924
0.998847306 0.000193510 0.047999106 -1.603042603 0.000315080 0.999943972 -0.010588047 -5.826036453 -0.047998454 0.010590968 0.998791277 277.501007080
0.998981357 -0.000287068 0.045124523 -1.572305679 0.000704845 0.999956965 -0.009242710 -5.852015495 -0.045119930 0.009265102 0.998938620 278.337005615
0.999167740 -0.001477520 0.040763348 -1.542586327 0.001757314 0.999975085 -0.006828872 -5.878240585 -0.040752243 0.006894823 0.999145448 279.197082520
0.999347329 -0.002904291 0.036005516 -1.512119293 0.003091587 0.999981940 -0.005147231 -5.899549484 -0.035989914 0.005255186 0.999338269 280.071014404
0.999507427 -0.003393408 0.031197609 -1.491225243 0.003517399 0.999986112 -0.003920317 -5.919772148 -0.031183872 0.004028121 0.999505520 280.875335693
0.999640167 -0.003689399 0.026568023 -1.475132942 0.003774982 0.999987841 -0.003171742 -5.940531731 -0.026556004 0.003270895 0.999641895 281.716186523
0.999748647 -0.004608569 0.021940673 -1.468009472 0.004663498 0.999986112 -0.002453297 -5.959677219 -0.021929065 0.002555001 0.999756277 282.505828857
0.999838352 -0.004977665 0.017281480 -1.462213039 0.005032932 0.999982357 -0.003156088 -5.967624664 -0.017265465 0.003242554 0.999845624 283.329071045
0.999894261 -0.005100858 0.013619252 -1.463357687 0.005142742 0.999982119 -0.003042140 -5.989666939 -0.013603489 0.003111859 0.999902546 284.097869873
0.999941111 -0.004949261 0.009660474 -1.464865923 0.004977448 0.999983430 -0.002896233 -6.014453888 -0.009645979 0.002944147 0.999949098 284.881988525
0.999973118 -0.004750124 0.005570458 -1.462442160 0.004769049 0.999983013 -0.003388704 -6.027406693 -0.005554265 0.003415179 0.999978721 285.625061035
