0.999985039 -0.002630614 -0.004795407 -0.009585660 0.002643274 0.999993026 0.002635697 -0.022207949 0.004788440 -0.002648333 0.999985039 1.302745342
0.999991059 -0.001984701 -0.003733619 0.029263455 0.001991060 0.999996603 0.001700050 -0.041321412 0.003730232 -0.001707469 0.999991596 2.636087894
0.999952435 -0.005839145 -0.007813745 0.008518210 0.005854350 0.999980986 0.001924378 -0.066545285 0.007802361 -0.001970031 0.999967635 3.919119358
0.999939978 -0.005960348 -0.009189385 0.019026369 0.005973827 0.999981046 0.001440072 -0.071776710 0.009180629 -0.001494882 0.999956667 5.230474949
0.999922454 -0.006323548 -0.010727578 0.029208645 0.006349048 0.999977112 0.002344589 -0.092673242 0.010712505 -0.002412517 0.999939680 6.551486015
0.999896646 -0.008187818 -0.011813732 0.030385680 0.008234023 0.999958634 0.003867844 -0.116092727 0.011781578 -0.003964719 0.999922872 7.867824554
0.999875784 -0.007876773 -0.013651689 0.028454542 0.007936414 0.999959290 0.004320157 -0.132944807 0.013617093 -0.004427966 0.999897599 9.202136040
0.999833167 -0.007802568 -0.016511440 0.026023179 0.007846304 0.999965847 0.002585754 -0.149434596 0.016490707 -0.002714876 0.999860346 10.519861221
0.999815881 -0.005404196 -0.018411040 0.018706754 0.005416044 0.999985158 0.000593710 -0.168866441 0.018407559 -0.000693315 0.999830306 11.839159012
0.999718606 -0.000873918 -0.023702566 0.012580067 0.000866855 0.999999583 -0.000308240 -0.182852298 0.023702817 0.000287606 0.999719024 13.161142349
0.999724507 -0.000405545 -0.023464147 -0.007045358 0.000402452 1.000000000 -0.000136508 -0.206469163 0.023464199 0.000127028 0.999724686 14.528400421
0.999621689 0.001053499 -0.027482124 -0.070146054 -0.001018168 0.999998689 0.001299580 -0.212921634 0.027483461 -0.001271107 0.999621511 15.862466812
0.999635816 -0.001295446 -0.026955443 -0.033676952 0.001397550 0.999991894 0.003769366 -0.246879339 0.026950335 -0.003805664 0.999629498 17.207649231
0.999570727 -0.005183027 -0.028836636 -0.056702614 0.005342327 0.999970853 0.005449905 -0.258693159 0.028807553 -0.005601619 0.999569416 18.544425964
0.999404550 -0.005666249 -0.034036893 -0.115547240 0.005704587 0.999983191 0.001029370 -0.235786334 0.034030493 -0.001222924 0.999420047 19.903556824
0.997980595 0.059076238 0.023339191 0.658662319 -0.058815230 0.998200119 -0.011716422 -0.504774988 -0.023989351 0.010320061 0.999659061 21.535108566
0.997862637 0.062388111 0.019436998 0.666570365 -0.062078282 0.997940481 -0.016155738 -0.483168811 -0.020404899 0.014914593 0.999680519 22.877712250
0.997637033 0.065437399 0.020934887 0.721662998 -0.065162741 0.997782707 -0.013543899 -0.548244476 -0.021774754 0.012147720 0.999689102 24.287090302
0.997583449 0.067089222 0.018061649 0.709134161 -0.066859484 0.997677207 -0.013037110 -0.535961390 -0.018894350 0.011798012 0.999751866 25.643434525
0.997679472 0.065547340 0.018417452 0.760709286 -0.065363385 0.997807145 -0.010419205 -0.589609385 -0.019060023 0.009191200 0.999776065 27.075565338
0.997570217 0.067590579 0.016886972 0.667048812 -0.067258738 0.997545004 -0.019502254 -0.517091274 -0.018163683 0.018319070 0.999667227 28.462594986
0.997565985 0.068009019 0.015388257 0.725426912 -0.067704462 0.997514665 -0.019514672 -0.599007189 -0.016677182 0.018425321 0.999691129 29.859153748
0.996890485 0.077561200 0.013912389 0.614781618 -0.077062197 0.996466935 -0.033393543 -0.461660087 -0.016453270 0.032217592 0.999345481 31.289310455
0.994290054 0.102588139 0.029376570 0.480487913 -0.101384267 0.994046926 -0.039898224 -0.497350335 -0.033294767 0.036692087 0.998771846 32.893871307
0.993891895 0.106575787 0.028645057 0.561263680 -0.105297700 0.993513346 -0.042937398 -0.574521542 -0.033035330 0.039658874 0.998667061 33.739238739
0.992747307 0.116147391 0.031028241 0.344722509 -0.114451870 0.992080033 -0.051750720 -0.508227468 -0.036793213 0.047824141 0.998177826 35.156745911
0.998932064 0.035091508 0.030052070 -0.109837055 -0.034314901 0.999073386 -0.025979128 0.040906429 -0.030935854 0.024920149 0.999210775 38.755920410
0.998676658 0.040343694 0.031893797 -0.209537745 -0.039402198 0.998784363 -0.029616836 0.053251386 -0.033049881 0.028320955 0.999052346 39.874916077
0.998775899 0.039365750 0.029948309 -0.083386660 -0.038640060 0.998954356 -0.024436457 -0.066240728 -0.030878957 0.023249343 0.999252677 41.258144379
0.998525679 0.044248626 0.031438347 -0.166137218 -0.043392017 0.998681545 -0.027426466 -0.081345201 -0.032610480 0.026021862 0.999129295 42.382011414
0.998587668 0.043905511 0.029916739 -0.009209633 -0.043188963 0.998773992 -0.024191320 -0.167273164 -0.030942203 0.022865083 0.999259531 43.653923035
0.998455405 0.045772657 0.031490333 -0.114612699 -0.044869080 0.998576939 -0.028826155 -0.129004478 -0.032764968 0.027368693 0.999088287 44.821456909
0.998644173 0.043357022 0.028808860 0.032081604 -0.042651698 0.998785675 -0.024662213 -0.253968537 -0.029843155 0.023400031 0.999280632 46.174480438
0.998595417 0.043665078 0.030008325 -0.074107170 -0.042807471 0.998672485 -0.028650852 -0.236870527 -0.031219535 0.027326027 0.999138892 47.315334320
0.999891102 0.013309666 0.006374056 -0.066767663 -0.013270936 0.999893427 -0.006080428 -0.583472610 -0.006454305 0.005995176 0.999961197 48.254562378
0.999876440 0.013225923 0.008494393 -0.209100425 -0.013157568 0.999880970 -0.008052780 -0.539779782 -0.008599885 0.007940024 0.999931514 49.375362396
0.999988317 0.004499507 0.001765175 -0.052307494 -0.004498256 0.999989569 -0.000703328 -0.777034461 -0.001768321 0.000695394 0.999998212 50.984542847
0.999985158 0.003008308 0.004529682 -0.224725053 -0.002994767 0.999991059 -0.002993894 -0.724142969 -0.004538649 0.002980286 0.999985218 52.095333099
0.999993980 0.003428265 -0.000507258 -0.071770430 -0.003427864 0.999993801 0.000772716 -0.824064374 0.000509912 -0.000770973 0.999999583 53.867862701
0.999998093 0.001656305 -0.001016370 -0.090495914 -0.001654318 0.999996722 0.001955084 -0.845307767 0.001019612 -0.001953399 0.999997497 55.294689178
0.999994338 -0.002637257 0.002069925 -0.270264596 0.002638768 0.999996245 -0.000730621 -0.787356436 -0.002067991 0.000736091 0.999997616 56.434791565
0.999996662 -0.001796168 -0.001850415 -0.119590543 0.001798137 0.999997735 0.001060011 -0.883187234 0.001848515 -0.001063334 0.999997675 58.151947021
0.999996185 -0.002581743 -0.000911378 -0.182011977 0.002582234 0.999996543 0.000542147 -0.863435924 0.000909968 -0.000544484 0.999999583 59.747009277
0.999966621 -0.007602545 0.002988801 -0.333866596 0.007603556 0.999971092 -0.000328436 -0.822682500 -0.002986215 0.000351149 0.999995470 60.811595917
0.999987900 -0.004897772 0.000359985 -0.208206579 0.004897179 0.999986768 0.001580547 -0.898121238 -0.000367714 -0.001578780 0.999998689 62.574249268
0.999977052 -0.006749753 0.000516954 -0.209465116 0.006749058 0.999976277 0.001332604 -0.923808813 -0.000525936 -0.001329084 0.999998987 63.952648163
0.999947667 -0.009701785 0.003248497 -0.317817956 0.009703926 0.999952734 -0.000645048 -0.898959577 -0.003242093 0.000676540 0.999994576 64.981575012
0.999969602 -0.007631786 0.001591623 -0.217122436 0.007631596 0.999970794 0.000125109 -0.980985045 -0.001592531 -0.000112959 0.999998748 66.727523804
0.999975741 -0.006488577 0.002517261 -0.232668057 0.006489248 0.999978781 -0.000263088 -0.997207761 -0.002515494 0.000279409 0.999996722 68.116386414
0.999964058 -0.006803014 0.005075498 -0.342044860 0.006802688 0.999976814 0.000081325 -0.967764199 -0.005075939 -0.000046788 0.999987066 69.160781860
0.999984443 -0.005564547 0.000289331 -0.084201895 0.005563212 0.999974847 0.004403917 -1.104193807 -0.000313845 -0.004402246 0.999990284 71.548217773
0.999995708 -0.001664320 0.002418680 -0.158902556 0.001651993 0.999985754 0.005086706 -1.105764866 -0.002427107 -0.005082695 0.999984145 72.530303955
0.999981463 0.005730283 0.002038249 -0.108668298 -0.005738104 0.999976099 0.003860838 -1.140589952 -0.002016076 -0.003872470 0.999990404 74.102294922
0.999956846 0.008460148 0.003836319 -0.146722943 -0.008471603 0.999959707 0.002978046 -1.140298963 -0.003810967 -0.003010421 0.999988198 75.058898926
0.999964833 0.007876772 0.002885507 -0.112493590 -0.007887747 0.999961615 0.003822418 -1.186763525 -0.002855288 -0.003845051 0.999988675 76.909225464
0.999957144 0.008268777 0.004173379 -0.143422335 -0.008287027 0.999956131 0.004375737 -1.208090305 -0.004137020 -0.004410132 0.999981701 77.860939026
0.999968231 0.007224508 0.003360270 -0.126099974 -0.007236787 0.999967158 0.003650957 -1.228132367 -0.003333783 -0.003675159 0.999987662 79.600585938
0.999976873 0.005701403 0.003732663 -0.150535226 -0.005711515 0.999980032 0.002706265 -1.241805792 -0.003717152 -0.002727518 0.999989331 80.555709839
0.999969661 0.007193477 0.002987601 -0.123320192 -0.007199281 0.999972105 0.001947190 -1.252550125 -0.002973511 -0.001968639 0.999993563 82.155487061
0.999969900 0.007030817 0.003298240 -0.143931806 -0.007036649 0.999973655 0.001765275 -1.264925718 -0.003285742 -0.001788425 0.999992907 83.143005371
0.999971807 0.007345313 -0.001560771 0.175572753 -0.007342635 0.999971569 0.001715293 -1.280529261 0.001573311 -0.001703784 0.999997318 85.460784912
0.999965072 0.007940177 -0.002581012 0.168423712 -0.007933783 0.999965489 0.002484069 -1.306824088 0.002600642 -0.002463503 0.999993563 86.455276489
0.999970734 0.006847553 -0.003402341 0.157724172 -0.006837905 0.999972582 0.002846292 -1.320172787 0.003421753 -0.002822952 0.999990106 88.110725403
0.999980867 0.004488101 -0.004246737 0.138639987 -0.004473396 0.999983907 0.003468977 -1.327004433 0.004262245 -0.003449908 0.999984920 89.125755310
0.999978304 0.002711721 -0.006007928 0.147540212 -0.002686575 0.999987602 0.004187137 -1.360955954 0.006019208 -0.004170906 0.999973178 90.787086487
0.999972582 -0.000253643 -0.007414994 0.169176877 0.000290595 0.999987543 0.004981318 -1.388079286 0.007413635 -0.004983332 0.999960065 91.752319336
0.999972582 -0.001192212 -0.007311048 0.117994249 0.001221112 0.999991536 0.003951698 -1.402785778 0.007306274 -0.003960525 0.999965489 93.431983948
0.999969363 -0.002165781 -0.007521625 0.118746102 0.002195711 0.999989688 0.003973955 -1.420284629 0.007512944 -0.003990349 0.999963820 94.391349792
0.999970019 -0.001820142 -0.007528258 0.094876528 0.001846609 0.999992073 0.003510871 -1.441641808 0.007521813 -0.003524665 0.999965549 95.398963928
0.999969423 -0.005506539 -0.005539285 -0.181063026 0.005523164 0.999980271 0.002992255 -1.473067403 0.005522698 -0.003022758 0.999980271 96.755714417
0.999980271 -0.003701371 -0.005050676 -0.192728251 0.003712268 0.999990821 0.002152606 -1.492535830 0.005042658 -0.002171319 0.999984920 97.749145508
0.999976873 -0.004040717 -0.005459387 -0.193241775 0.004057259 0.999987245 0.003022416 -1.515260577 0.005447108 -0.003044502 0.999980509 98.745361328
0.999980211 0.001672255 -0.006086225 -0.152803421 -0.001656783 0.999995530 0.002546903 -1.475928545 0.006090472 -0.002536777 0.999978244 101.245765686
0.999983191 0.003391610 -0.004721058 -0.173765659 -0.003371266 0.999985039 0.004309824 -1.475105286 0.004735614 -0.004293840 0.999979556 102.059730530
0.999976933 0.000660944 -0.006758475 -0.040111780 -0.000639501 0.999994755 0.003174564 -1.573073387 0.006760538 -0.003170173 0.999972045 103.923042297
0.999975204 -0.001076554 -0.006958954 -0.036055326 0.001083239 0.999998987 0.000956847 -1.573365331 0.006957920 -0.000964366 0.999975204 104.904640198
0.999976397 0.003075140 -0.006142037 -0.173130900 -0.003086627 0.999993503 -0.001861424 -1.548291802 0.006136273 0.001880334 0.999979377 106.386619568
0.999981165 0.000082285 -0.006133313 -0.164806485 -0.000086801 0.999999702 -0.000736148 -1.558164001 0.006133250 0.000736666 0.999980867 107.329360962
0.999990284 -0.000261620 -0.004406976 -0.179951549 0.000265464 0.999999583 0.000871547 -1.575532913 0.004406746 -0.000872709 0.999989927 108.408653259
0.999984920 -0.003923519 -0.003838517 -0.287619054 0.003932330 0.999989629 0.002290657 -1.678879380 0.003829490 -0.002305719 0.999989986 110.407287598
0.999980807 -0.005036338 -0.003599366 -0.262804031 0.005041078 0.999986410 0.001308794 -1.711367726 0.003592726 -0.001326913 0.999992669 111.406883240
0.999991059 -0.003181717 -0.002779645 -0.293753266 0.003179132 0.999994457 -0.000933938 -1.740774035 0.002782601 0.000925091 0.999995708 113.066955566
0.999998808 -0.001009636 -0.001120764 -0.302685440 0.001006160 0.999994695 -0.003097583 -1.754925370 0.001123885 0.003096452 0.999994516 114.149986267
0.999998450 0.001773271 -0.000256093 -0.300343454 -0.001774085 0.999993265 -0.003208054 -1.768642664 0.000250402 0.003208502 0.999994814 115.282112122
0.999993622 0.003337964 0.001289332 -0.323250175 -0.003335611 0.999992788 -0.001822580 -1.791772008 -0.001295407 0.001818267 0.999997497 117.070465088
0.999991059 0.003394917 0.002536424 -0.327635676 -0.003396056 0.999994159 0.000444766 -1.815410972 -0.002534899 -0.000453376 0.999996662 118.163734436
0.999989212 0.003525542 0.003016378 -0.327279449 -0.003526647 0.999993742 0.000361006 -1.822232842 -0.003015087 -0.000371640 0.999995351 119.338813782
0.999988496 0.003063003 0.003681893 -0.318784952 -0.003064083 0.999995291 0.000287560 -1.853353739 -0.003680995 -0.000298839 0.999993145 121.056961060
0.999973357 0.005537362 0.004750983 -0.316300571 -0.005534236 0.999984503 -0.000670818 -1.860669613 -0.004754624 0.000644506 0.999988496 122.197143555
0.999960780 0.006465524 0.006049722 -0.343581259 -0.006463063 0.999979019 -0.000426022 -1.891133904 -0.006052350 0.000386905 0.999981642 123.386299133
0.999935210 0.008917284 0.007075539 -0.325190902 -0.008903103 0.999958217 -0.002033060 -1.922143221 -0.007093372 0.001969935 0.999972880 125.068290710
0.999907136 0.010364122 0.008855425 -0.345618129 -0.010339462 0.999942601 -0.002825941 -1.942218900 -0.008884204 0.002734118 0.999956787 126.206626892
0.999919116 0.008493882 0.009464276 -0.331393719 -0.008460508 0.999957800 -0.003560763 -1.948442578 -0.009494122 0.003480402 0.999948859 127.384773254
0.999903142 0.009281090 0.010373868 -0.337635159 -0.009255420 0.999953866 -0.002519763 -1.967357993 -0.010396776 0.002423504 0.999943018 128.553237915
0.999916792 0.005900587 0.011482667 -0.344401956 -0.005890130 0.999982178 -0.000944249 -2.031751394 -0.011488035 0.000876536 0.999933600 130.785232544
0.999910891 0.005521639 0.012160978 -0.337529778 -0.005517837 0.999984741 -0.000346100 -2.065964222 -0.012162704 0.000278966 0.999925971 131.925537109
0.999914944 0.003589683 0.012536538 -0.343281627 -0.003576403 0.999992967 -0.001081449 -2.072719574 -0.012540332 0.001036521 0.999920785 133.112258911
0.999929965 0.002161367 0.011638459 -0.307791948 -0.002164296 0.999997735 0.000239182 -2.107004404 -0.011637915 -0.000264354 0.999932170 134.799346924
0.999933839 0.000860261 0.011467921 -0.305220842 -0.000855051 0.999999583 -0.000459197 -2.125363111 -0.011468310 0.000449361 0.999934077 135.961212158
0.999953985 -0.000458638 0.009579291 -0.281877279 0.000467783 0.999999464 -0.000952417 -2.134438992 -0.009578850 0.000956854 0.999953628 137.142166138
0.999968052 -0.001640265 0.007826309 -0.218805194 0.001639402 0.999998629 0.000116579 -2.165549040 -0.007826489 -0.000103745 0.999969363 139.037048340
0.999970436 -0.003388447 0.006898699 -0.219022036 0.003386835 0.999994278 0.000245381 -2.187717676 -0.006899490 -0.000222009 0.999976218 140.212585449
0.999979615 -0.003270885 0.005470897 -0.217179239 0.003271274 0.999994636 -0.000062276 -2.201661587 -0.005470664 0.000080171 0.999985099 141.378326416
0.999984682 -0.003264513 0.004454251 -0.211752534 0.003266873 0.999994516 -0.000522638 -2.231653452 -0.004452521 0.000537182 0.999989867 143.027236938
0.999990106 -0.003024315 0.003260565 -0.204735935 0.003027516 0.999994934 -0.000977274 -2.253721237 -0.003257592 0.000987136 0.999994099 144.178634644
0.999980092 -0.006066449 0.001752805 -0.188240230 0.006071164 0.999977887 -0.002696923 -2.293352842 -0.001736406 0.002707510 0.999994814 145.682693481
0.999930263 -0.011793371 0.000600694 -0.186473608 0.011795173 0.999925733 -0.003089791 -2.316000223 -0.000564211 0.003096662 0.999995053 146.853820801
0.999827743 -0.018557655 -0.000344404 -0.183198661 0.018557254 0.999827147 -0.001130138 -2.346002340 0.000365317 0.001123553 0.999999285 148.358657837
0.999672711 -0.025526604 -0.001697917 -0.185490772 0.025527714 0.999673903 0.000637923 -2.367524862 0.001681079 -0.000681058 0.999998391 149.527633667
0.999574780 -0.029034140 -0.002704428 -0.196233809 0.029025078 0.999573171 -0.003331823 -2.378597498 0.002800010 0.003251910 0.999990821 150.701843262
0.999548614 -0.030001448 -0.001521063 -0.281015396 0.029992428 0.999534190 -0.005640668 -2.441352129 0.001689583 0.005592503 0.999982953 152.518737793
0.999642849 -0.026712229 -0.000679355 -0.287670821 0.026706375 0.999615073 -0.007514736 -2.477777004 0.000879829 0.007493910 0.999971569 153.709548950
0.999680400 -0.025266651 0.000689147 -0.319843113 0.025271429 0.999647379 -0.008150867 -2.488802195 -0.000482959 0.008165680 0.999966562 154.882522583
0.999562979 -0.029548107 -0.000840907 -0.181977898 0.029543912 0.999552667 -0.004631675 -2.535223722 0.000977388 0.004604808 0.999988914 156.438186646
0.999396265 -0.034739103 0.000016659 -0.182944760 0.034739062 0.999394357 -0.002040974 -2.558315516 0.000054253 0.002040321 0.999997914 157.620742798
0.999259710 -0.038467504 -0.000454293 -0.179022953 0.038467303 0.999259651 -0.000449714 -2.581334352 0.000471256 0.000431905 0.999999762 158.802124023
0.999256790 -0.038546074 -0.000044003 -0.181081012 0.038545985 0.999256074 -0.001234848 -2.587768555 0.000091569 0.001232235 0.999999166 160.291458130
0.999347627 -0.036108300 0.000788677 -0.175999209 0.036109049 0.999347448 -0.000956791 -2.604859591 -0.000753614 0.000984646 0.999999225 161.484237671
0.999495089 -0.031693351 0.002265823 -0.200477809 0.031698890 0.999494314 -0.002452229 -2.617701530 -0.002186958 0.002522815 0.999994397 162.664230347
0.999522984 -0.030533478 0.004626330 -0.296784759 0.030547209 0.999529064 -0.002927378 -2.679607391 -0.004534767 0.003067302 0.999985039 164.482406616
0.999623239 -0.026797876 0.005930799 -0.312737405 0.026821183 0.999632716 -0.003885833 -2.700291634 -0.005824489 0.004043440 0.999974906 165.684249878
0.999672294 -0.024896743 0.005940345 -0.313720405 0.024913369 0.999685824 -0.002741662 -2.729244232 -0.005870221 0.002888758 0.999978602 166.901321411
0.999659002 -0.025239455 0.006688647 -0.309249878 0.025256870 0.999677777 -0.002532667 -2.755552769 -0.006622568 0.002700738 0.999974430 168.624801636
0.999741554 -0.021965008 0.005861331 -0.296499670 0.021996148 0.999743998 -0.005302261 -2.778517962 -0.005743366 0.005429817 0.999968767 169.842117310
0.999808311 -0.018731186 0.005687721 -0.305153668 0.018776566 0.999791384 -0.008032740 -2.798713684 -0.005536071 0.008137997 0.999951541 171.257934570
0.999883771 -0.014187519 0.005577855 -0.304747403 0.014237278 0.999858260 -0.008984799 -2.831255913 -0.005449593 0.009063169 0.999944031 172.460678101
0.999941468 -0.009044244 0.005935584 -0.315202713 0.009091477 0.999926865 -0.007979076 -2.857656002 -0.005862985 0.008032572 0.999950588 173.678649902
0.999960959 -0.006183180 0.006311880 -0.324461341 0.006221953 0.999961734 -0.006141895 -2.900290966 -0.006273663 0.006180928 0.999961138 175.248718262
0.999968648 -0.004528162 0.006497819 -0.327353120 0.004556064 0.999980390 -0.004285722 -2.926191330 -0.006478286 0.004315193 0.999969661 176.463882446
0.999962389 -0.006908169 0.005240000 -0.307676852 0.006930582 0.999966919 -0.004271275 -2.926752090 -0.005210319 0.004307430 0.999977052 177.735687256
0.999940217 -0.010453653 0.003198208 -0.271356404 0.010464818 0.999939144 -0.003494725 -2.955200911 -0.003161481 0.003527985 0.999988735 179.301025391
0.999939978 -0.010908645 0.000996703 -0.272256166 0.010916095 0.999909997 -0.007803448 -2.975597858 -0.000911488 0.007813860 0.999969006 180.524353027
0.999960423 -0.008887561 -0.000241051 -0.271047950 0.008884027 0.999888420 -0.012006604 -3.019676208 0.000347733 0.012003989 0.999927878 181.942565918
0.999989510 -0.004455916 -0.001077041 -0.276310891 0.004441850 0.999909163 -0.012727691 -3.043675423 0.001133657 0.012722772 0.999918461 183.160278320
0.999998569 -0.001085516 -0.001264024 -0.294044822 0.001070321 0.999927938 -0.011960165 -3.079053640 0.001276916 0.011958794 0.999927700 184.374740601
0.999998510 0.001545342 -0.000709704 -0.328772873 -0.001551270 0.999963224 -0.008428934 -3.122760773 0.000696653 0.008430022 0.999964237 186.051895142
0.999998510 0.001263140 -0.001129376 -0.313598305 -0.001270533 0.999977648 -0.006569080 -3.138659716 0.001121053 0.006570505 0.999977827 187.285873413
0.999999404 0.001045669 -0.000063470 -0.370989978 -0.001046010 0.999983490 -0.005637340 -3.170932293 0.000057575 0.005637404 0.999984145 188.560684204
0.999999821 -0.000068985 -0.000454807 -0.337312222 0.000066524 0.999985456 -0.005409416 -3.205656528 0.000455176 0.005409386 0.999985278 190.134948730
0.999996245 -0.002475183 -0.001094827 -0.325893164 0.002470342 0.999987245 -0.004401849 -3.242418766 0.001105711 0.004399128 0.999989748 191.487548828
0.999990523 -0.004134909 -0.001321471 -0.336620688 0.004127464 0.999975860 -0.005588452 -3.240231276 0.001344548 0.005582945 0.999983490 192.838638306
0.999961078 -0.008780534 0.000822538 -0.339882314 0.008783698 0.999953687 -0.003924896 -3.302451849 -0.000788037 0.003931968 0.999991953 194.147109985
0.999929190 -0.011843042 0.001176307 -0.334181130 0.011846414 0.999925673 -0.002901155 -3.321047783 -0.001141861 0.002914885 0.999995172 195.471603394
0.999894142 -0.014505121 0.001075173 -0.316367745 0.014508381 0.999890029 -0.003090812 -3.345542431 -0.001030220 0.003106085 0.999994636 196.809692383
0.999910355 -0.013237393 0.002016109 -0.347053111 0.013251266 0.999887466 -0.007030563 -3.375809193 -0.001922816 0.007056647 0.999973238 198.167617798
0.999977410 -0.006470995 0.001852983 -0.361764610 0.006493826 0.999899626 -0.012592161 -3.391005039 -0.001771313 0.012603909 0.999918938 199.565933228
0.999987066 0.003731221 0.003448838 -0.355107903 -0.003687285 0.999913096 -0.012658859 -3.437547684 -0.003495773 0.012645978 0.999913931 200.846115112
0.999930382 0.010689822 0.004999356 -0.363211632 -0.010648333 0.999909222 -0.008253338 -3.493091822 -0.005087128 0.008199528 0.999953449 202.206085205
0.999915838 0.011703178 0.005579609 -0.365005732 -0.011668656 0.999912739 -0.006179473 -3.524448872 -0.005651442 0.006113847 0.999965370 203.570770264
0.999930263 0.010457383 0.005472913 -0.370514750 -0.010425703 0.999928892 -0.005785605 -3.548526764 -0.005533026 0.005728142 0.999968231 204.938613892
0.999966502 0.006938749 0.004317087 -0.370410442 -0.006914373 0.999960184 -0.005636098 -3.579870701 -0.004356022 0.005606059 0.999974847 206.312408447
0.999978721 0.005573200 0.003368111 -0.373291314 -0.005551518 0.999963999 -0.006413363 -3.607476234 -0.003403733 0.006394528 0.999973714 207.700546265
0.999980390 0.005706462 0.002572550 -0.360313714 -0.005688733 0.999960363 -0.006847110 -3.642146349 -0.002611522 0.006832341 0.999973178 209.089767456
0.999965966 0.007850686 0.002578169 -0.378618658 -0.007832119 0.999943852 -0.007134245 -3.664130688 -0.002634034 0.007113811 0.999971211 210.451690674
0.999964297 0.008135587 0.002288448 -0.376585811 -0.008121646 0.999948740 -0.006036281 -3.693863869 -0.002337440 0.006017479 0.999979079 211.852874756
0.999969542 0.007595398 0.001756073 -0.365304470 -0.007583538 0.999949038 -0.006663283 -3.729863644 -0.001806592 0.006649763 0.999976277 213.274459839
0.999971509 0.007379693 0.001574777 -0.378423303 -0.007367667 0.999944687 -0.007509097 -3.769783974 -0.001630105 0.007497280 0.999970615 214.666870117
0.999972880 0.007336444 0.000677545 -0.343077272 -0.007330927 0.999942601 -0.007812409 -3.800163269 -0.000734821 0.007807228 0.999969304 216.047119141
0.999975145 0.007004516 0.000766741 -0.380549222 -0.006998057 0.999942482 -0.008121294 -3.830542088 -0.000823582 0.008115726 0.999966741 217.475479126
0.999978006 0.006629095 0.000275948 -0.391568571 -0.006626620 0.999944746 -0.008163584 -3.859969616 -0.000330049 0.008161575 0.999966681 218.903884888
0.999976456 0.006841566 0.000429880 -0.400757134 -0.006837639 0.999939978 -0.008553315 -3.886693001 -0.000488373 0.008550175 0.999963284 220.290847778
0.999977648 0.006660497 -0.000528726 -0.370932996 -0.006664596 0.999944270 -0.008171483 -3.981112957 0.000474271 0.008174825 0.999966502 221.688385010
0.999982655 0.005682361 -0.001582795 -0.359497547 -0.005693984 0.999956071 -0.007438410 -4.027847290 0.001540459 0.007447292 0.999971092 223.137390137
0.999974012 0.006563105 -0.002987699 -0.328800976 -0.006586538 0.999947011 -0.007901980 -4.057827950 0.002935680 0.007921452 0.999964356 224.565383911
0.999988258 0.004624539 -0.001467619 -0.390796602 -0.004636473 0.999955475 -0.008235091 -4.072107792 0.001429470 0.008241801 0.999965012 225.834640503
0.999989152 0.004385982 -0.001557452 -0.394502670 -0.004399141 0.999953866 -0.008548480 -4.116728783 0.001519887 0.008555240 0.999962211 227.267013550
0.999994874 0.002839519 -0.001480268 -0.391269892 -0.002852234 0.999958456 -0.008659275 -4.149012089 0.001455619 0.008663456 0.999961436 228.673889160
0.999999702 -0.000686764 -0.000358867 -0.519603848 0.000684118 0.999972939 -0.007323579 -4.131461143 0.000363886 0.007323334 0.999973118 230.191268921
0.999999642 0.000665309 0.000469741 -0.540953398 -0.000661852 0.999972999 -0.007323209 -4.162089825 -0.000474601 0.007322897 0.999973059 231.604217529
0.999998033 0.001241393 -0.001539215 -0.477453142 -0.001253025 0.999970436 -0.007579372 -4.198065281 0.001529761 0.007581286 0.999970019 233.010543823
0.999999940 0.000287682 -0.000127450 -0.550761342 -0.000288712 0.999966741 -0.008151963 -4.235455513 0.000125100 0.008152000 0.999966741 234.423294067
0.999998212 0.001708788 0.000803979 -0.569747329 -0.001702543 0.999968827 -0.007705848 -4.263212681 -0.000817121 0.007704467 0.999969959 235.855880737
0.999998271 0.000369600 0.001828469 -0.634410977 -0.000360175 0.999986768 -0.005152154 -4.310013771 -0.001830348 0.005151486 0.999985039 237.250549316
0.999997854 0.000317756 0.002056862 -0.629818261 -0.000307918 0.999988556 -0.004781920 -4.342111588 -0.002058358 0.004781275 0.999986410 238.707275391
0.999993920 0.000719873 0.003409246 -0.642163694 -0.000698081 0.999979377 -0.006388943 -4.373993397 -0.003413774 0.006386523 0.999973774 240.096817017
0.999994159 0.001063085 0.003254326 -0.639899850 -0.001038500 0.999970973 -0.007546816 -4.409051895 -0.003262254 0.007543392 0.999966204 241.470993042
0.999989808 0.000945937 0.004405063 -0.660930634 -0.000916505 0.999977291 -0.006678826 -4.450908184 -0.004411280 0.006674721 0.999967933 242.912399292
0.999996901 0.001110720 0.002251945 -0.614444494 -0.001096588 0.999979794 -0.006266848 -4.471309662 -0.002258860 0.006264357 0.999977827 244.372619629
0.999996185 -0.000357299 0.002729843 -0.676580787 0.000369890 0.999989271 -0.004613047 -4.583351612 -0.002728166 0.004614039 0.999985635 246.064514160
0.999996722 0.000329018 0.002527920 -0.696061611 -0.000316614 0.999987900 -0.004905758 -4.610154152 -0.002529504 0.004904942 0.999984801 247.526840210
0.999995053 0.001795524 0.002571899 -0.689049125 -0.001785611 0.999990940 -0.003851595 -4.656871796 -0.002578791 0.003846983 0.999989271 248.944427490
0.999989629 0.002966625 0.003459535 -0.705198169 -0.002950310 0.999984562 -0.004711791 -4.670769691 -0.003473460 0.004701535 0.999982893 250.223846436
0.999988973 0.003208036 0.003432437 -0.703473032 -0.003194971 0.999987721 -0.003805080 -4.715930462 -0.003444601 0.003794071 0.999986827 251.670730591
0.999987364 0.003038913 0.003997348 -0.723261237 -0.003018959 0.999982953 -0.004988434 -4.726376057 -0.004012439 0.004976303 0.999979556 253.141143799
0.999775171 0.018658416 -0.010073007 0.379725695 -0.018809712 0.999708414 -0.015139776 -4.338119984 0.009787587 0.015325842 0.999834657 264.516174316
0.999826610 0.015991339 -0.009546633 0.348768473 -0.016129829 0.999763191 -0.014609816 -4.375542641 0.009310742 0.014761269 0.999847710 265.982910156
0.999843240 0.015078097 -0.009284348 0.299689054 -0.015220970 0.999763727 -0.015514684 -4.422544003 0.009048224 0.015653567 0.999836564 267.463165283
0.999850929 0.013209470 -0.011121018 0.326314688 -0.013387560 0.999780834 -0.016094660 -4.469110489 0.010905978 0.016241144 0.999808609 268.593048096
0.999879479 0.010949570 -0.011005570 0.309059143 -0.011111040 0.999829888 -0.014719211 -4.507462502 0.010842529 0.014839720 0.999831140 270.071044922
0.999905109 0.009288475 -0.010172226 0.287504911 -0.009421371 0.999869764 -0.013095543 -4.548106194 0.010049264 0.013190136 0.999862492 271.499572754
0.999907374 0.009566538 -0.009683352 0.270938873 -0.009701342 0.999855340 -0.013971411 -4.583858967 0.009548293 0.014064059 0.999855518 272.683258057
0.999916255 0.009569258 -0.008714823 0.145482302 -0.009712460 0.999816120 -0.016540760 -4.593019485 0.008554937 0.016624017 0.999825239 274.313476562
0.999902189 0.010554845 -0.009176862 0.217762709 -0.010695511 0.999823928 -0.015416807 -4.677281380 0.009012525 0.015513453 0.999839008 275.630950928
0.999888599 0.012795975 -0.007674076 0.213253021 -0.012910176 0.999803841 -0.015021409 -4.716080189 0.007480356 0.015118811 0.999857664 276.758209229
0.999880791 0.013762642 -0.006995967 0.188168526 -0.013868968 0.999785483 -0.015383976 -4.759651661 0.006782742 0.015479170 0.999857187 278.237182617
0.999879718 0.014544255 -0.005383033 0.128496528 -0.014627266 0.999769509 -0.015716728 -4.807313919 0.005153204 0.015793577 0.999861956 279.716644287
0.999867201 0.015764024 -0.004113980 0.186681390 -0.015824242 0.999761581 -0.015040237 -4.884572983 0.003875904 0.015103342 0.999878407 281.558166504
0.999887049 0.014436963 -0.004167275 0.192123652 -0.014502222 0.999765515 -0.016079651 -4.904806614 0.003934156 0.016138272 0.999862015 282.993957520
0.999885619 0.014797102 -0.003111185 0.208932340 -0.014850127 0.999731779 -0.017773930 -4.931759834 0.002847347 0.017818099 0.999837160 284.398376465
0.999891639 0.014656197 -0.001330712 0.149286628 -0.014675338 0.999768376 -0.015740739 -5.023224831 0.001099703 0.015758565 0.999875247 285.508666992
0.999908864 0.013496368 0.000193765 0.110857904 -0.013491822 0.999791861 -0.015304811 -5.056799889 -0.000400286 0.015300803 0.999882877 286.933410645
0.999890149 0.014794152 0.000861848 0.115487531 -0.014779295 0.999774396 -0.015250562 -5.099792480 -0.001087273 0.015236150 0.999883354 288.297210693
0.999973059 0.007168944 0.001574561 0.092303991 -0.007146379 0.999878049 -0.013896445 -5.217212200 -0.001673991 0.013884818 0.999902189 289.499847412
0.999967575 0.007856064 0.001781187 0.068939537 -0.007824668 0.999824882 -0.016996903 -5.249284744 -0.001914405 0.016982416 0.999853969 290.949127197
0.999965489 0.008303719 -0.000291337 0.101338968 -0.008307401 0.999828756 -0.016537692 -5.307444096 0.000153963 0.016539542 0.999863148 292.395202637
0.999993801 0.003362038 -0.001073408 0.086371094 -0.003378797 0.999866009 -0.016012944 -5.334911346 0.001019428 0.016016474 0.999871194 293.696014404
0.999991536 0.003771282 -0.001663392 0.061327547 -0.003799445 0.999843657 -0.017266240 -5.379324436 0.001598016 0.017272415 0.999849558 295.144042969
0.999987125 0.003853436 -0.003317858 0.068594038 -0.003910169 0.999843240 -0.017266115 -5.432908058 0.003250803 0.017278867 0.999845445 296.549713135
0.999995768 -0.001653266 -0.002391882 0.044397473 0.001619842 0.999901950 -0.013909278 -5.508145809 0.002414644 0.013905345 0.999900401 297.860382080
0.999993742 -0.001446023 -0.003210002 0.032840014 0.001399659 0.999895334 -0.014399079 -5.536338329 0.003230488 0.014394494 0.999891222 299.334930420
0.999980211 -0.004364383 -0.004546219 0.025212646 0.004307471 0.999913156 -0.012453949 -5.573436260 0.004600179 0.012434118 0.999912083 300.575592041
0.999988437 -0.001757779 -0.004458526 -0.014139414 0.001708262 0.999937117 -0.011085924 -5.619480133 0.004477731 0.011078182 0.999928594 301.930664062
0.999994278 0.002115711 -0.002617102 -0.036612928 -0.002144509 0.999936640 -0.011050636 -5.678655148 0.002593556 0.011056188 0.999935508 303.221069336
0.999995470 0.001806664 -0.002389970 -0.054079115 -0.001832196 0.999940813 -0.010723922 -5.723448277 0.002370453 0.010728252 0.999939680 304.626403809
0.999996781 -0.001586916 -0.001956287 -0.054321051 0.001563721 0.999929130 -0.011801639 -5.702189445 0.001974878 0.011798542 0.999928355 306.006561279
0.999994040 -0.002785675 -0.002037013 -0.044004560 0.002760000 0.999918103 -0.012500124 -5.746346474 0.002071668 0.012494429 0.999919772 307.352935791
0.999981344 -0.005969056 -0.001235715 -0.083270192 0.005949279 0.999863207 -0.015433053 -5.761207581 0.001327667 0.015425416 0.999880135 308.718200684
0.999987602 -0.004883994 -0.000878233 -0.081764609 0.004869581 0.999864519 -0.015724471 -5.826030731 0.000954914 0.015720000 0.999875963 310.216979980
0.999982476 -0.004939620 -0.003266430 -0.090664148 0.004886075 0.999856770 -0.016201746 -5.881451130 0.003345994 0.016185502 0.999863386 311.588378906
0.999981642 -0.003670609 -0.004812176 -0.099794626 0.003595607 0.999873340 -0.015502842 -5.909804344 0.004868472 0.015485254 0.999868155 313.030670166
0.999980032 -0.002961656 -0.005590968 -0.108447194 0.002893011 0.999920845 -0.012246418 -5.951236725 0.005626795 0.012229998 0.999909282 314.416412354
0.999976039 -0.004297388 -0.005427269 -0.105466366 0.004248141 0.999949932 -0.009053256 -5.991329193 0.005465903 0.009029983 0.999944210 315.848693848
0.999977350 -0.004802024 -0.004714676 -0.125471592 0.004762695 0.999954164 -0.008317119 -6.038560390 0.004754401 0.008294476 0.999954283 317.230651855
0.999978244 -0.004998458 -0.004301844 -0.142557740 0.004955330 0.999937952 -0.009977902 -6.067139149 0.004351452 0.009956369 0.999940991 318.615356445
0.999965906 -0.006954387 -0.004462203 -0.139583707 0.006914066 0.999935627 -0.008988896 -6.134983540 0.004524428 0.008957735 0.999949634 319.965057373
0.999969363 -0.006629324 -0.004162055 -0.137079954 0.006590315 0.999934852 -0.009317012 -6.154394150 0.004223549 0.009289294 0.999947846 321.446929932
0.999967992 -0.006736570 -0.004302205 -0.136978507 0.006698033 0.999937832 -0.008909941 -6.195865631 0.004361961 0.008880838 0.999951065 322.836090088
0.999985814 -0.004230098 -0.003231853 -0.154006839 0.004196123 0.999936640 -0.010447916 -6.231823444 0.003275846 0.010434208 0.999940157 324.259582520
0.999994457 -0.002379292 -0.002330761 -0.170854270 0.002352047 0.999929786 -0.011623242 -6.271361351 0.002358253 0.011617697 0.999929786 325.615875244
0.999986649 -0.004968383 -0.001504284 -0.173547477 0.004955186 0.999950290 -0.008653316 -6.321546078 0.001547202 0.008645749 0.999961436 327.045135498
0.999984145 -0.005631751 0.000373635 -0.237458199 0.005634428 0.999955297 -0.007595243 -6.364056587 -0.000330844 0.007597230 0.999971032 328.301391602
0.999976933 -0.006636140 -0.001403335 -0.192452222 0.006622949 0.999935687 -0.009204064 -6.397827148 0.001464325 0.009194559 0.999956608 329.818023682
0.999983907 -0.005531092 -0.001239113 -0.202399328 0.005519609 0.999943495 -0.009085625 -6.431671619 0.001289296 0.009078640 0.999957919 331.190856934
0.999993086 -0.003569635 -0.001046905 -0.219375879 0.003557830 0.999932349 -0.011069568 -6.465314865 0.001086348 0.011065768 0.999938130 332.511291504
0.999996603 -0.001699957 -0.002033269 -0.232267350 0.001670750 0.999896646 -0.014281593 -6.494702339 0.002057337 0.014278146 0.999895930 333.932434082
0.999997795 0.000044890 -0.002107844 -0.241643995 -0.000074148 0.999903738 -0.013882655 -6.533478737 0.002107018 0.013882786 0.999901354 335.275695801
0.999992669 0.001362928 -0.003592617 -0.242018819 -0.001403660 0.999934494 -0.011359659 -6.561710358 0.003576900 0.011364616 0.999928951 336.642608643
0.999985397 0.001830351 -0.005079639 -0.260645986 -0.001868615 0.999969840 -0.007538393 -6.612417221 0.005065688 0.007547774 0.999958694 338.064758301
0.999976218 0.001679842 -0.006687853 -0.272200584 -0.001736310 0.999962926 -0.008446504 -6.646768570 0.006673416 0.008457916 0.999941945 339.441558838
0.999964416 0.002078812 -0.008174825 -0.290134907 -0.002159721 0.999948621 -0.009900897 -6.713983536 0.008153824 0.009918201 0.999917567 340.844299316
0.999949396 -0.000067678 -0.010059597 -0.300532579 -0.000016055 0.999965310 -0.008323417 -6.755918026 0.010059813 0.008323159 0.999914825 342.227020264
0.999941707 -0.001383443 -0.010703123 -0.326463699 0.001300782 0.999969304 -0.007726217 -6.790234566 0.010713484 0.007711845 0.999912858 343.586456299
0.999919415 -0.005509072 -0.011439565 0.067161560 0.005410941 0.999948382 -0.008591548 -6.655254364 0.011486307 0.008528957 0.999897659 350.300415039
0.999922693 -0.006045905 -0.010866082 0.025566816 0.005943669 0.999938011 -0.009416487 -6.699332237 0.010922341 0.009351174 0.999896646 351.634429932
0.999913573 -0.006575252 -0.011388331 0.003422737 0.006463945 0.999931157 -0.009783249 -6.726370811 0.011451875 0.009708791 0.999887288 353.021118164
0.999901950 -0.006897526 -0.012180435 0.010033131 0.006777326 0.999928176 -0.009882105 -6.775856972 0.012247722 0.009798588 0.999876916 354.888031006
0.999912322 -0.006738489 -0.011396436 -0.035369873 0.006622775 0.999926329 -0.010161039 -6.823269844 0.011464067 0.010084672 0.999883413 356.236236572
0.999894917 -0.006780572 -0.012812268 -0.031618595 0.006630495 0.999909341 -0.011719938 -6.856972694 0.012890577 0.011633757 0.999849200 357.957458496
0.999897540 -0.007108518 -0.012424168 -0.061205864 0.006962869 0.999906957 -0.011727224 -6.892466545 0.012506376 0.011639514 0.999854088 359.327575684
0.999961674 -0.000868050 -0.008711170 -0.107147932 0.000726600 0.999867976 -0.016227821 -6.873698235 0.008724110 0.016220869 0.999830306 362.349975586
0.999959946 -0.003004530 -0.008427052 -0.121362209 0.002855428 0.999840140 -0.017649956 -6.909799099 0.008478733 0.017625185 0.999808669 363.698059082
0.999999225 -0.001166554 -0.000214340 -0.236313611 0.001163037 0.999875486 -0.015736680 -6.967858315 0.000232672 0.015736420 0.999876142 365.448669434
0.999993920 -0.003466228 0.000180715 -0.252763689 0.003468616 0.999873519 -0.015521819 -6.998544693 -0.000126890 0.015522354 0.999879479 366.803527832
0.999993622 -0.003543270 -0.000403686 -0.238407210 0.003536232 0.999861419 -0.016267736 -7.059338093 0.000461271 0.016266204 0.999867618 368.477050781
0.999997258 -0.002309218 -0.000080129 -0.242860422 0.002307537 0.999855042 -0.016867733 -7.104037285 0.000119070 0.016867504 0.999857783 369.820312500
0.999998391 -0.001748126 -0.000146540 -0.248663098 0.001745645 0.999878287 -0.015500787 -7.170290470 0.000173619 0.015500506 0.999879777 371.469268799
0.999999762 -0.000619824 -0.000226979 -0.251472175 0.000616413 0.999891341 -0.014727368 -7.212900639 0.000236083 0.014727225 0.999891520 372.822662354
0.999999821 -0.000240503 0.000463049 -0.264865935 0.000247443 0.999886811 -0.015043945 -7.264350891 -0.000459378 0.015044058 0.999886751 374.456024170
0.999999464 -0.000873486 -0.000487246 -0.254695833 0.000866108 0.999887884 -0.014944211 -7.322943687 0.000500244 0.014943781 0.999888241 375.824798584
0.999999702 0.000321107 0.000827335 -0.279292256 -0.000307338 0.999862373 -0.016588453 -7.354487896 -0.000832548 0.016588192 0.999862075 377.482666016
0.999999702 0.000771870 -0.000002629 -0.270264268 -0.000771800 0.999850929 -0.017253470 -7.399098873 -0.000010688 0.017253466 0.999851167 378.895812988
0.999994755 0.002936964 0.001372953 -0.296834648 -0.002913170 0.999850810 -0.017022645 -7.451265335 -0.001422741 0.017018553 0.999854147 380.505157471
0.999994159 0.003121948 0.001419629 -0.303233802 -0.003098642 0.999864995 -0.016133420 -7.490594864 -0.001469805 0.016128926 0.999868810 381.893707275
0.999979079 0.006232466 0.001732839 -0.319224596 -0.006199668 0.999812782 -0.018328914 -7.539109230 -0.001846747 0.018317789 0.999830484 383.559539795
0.999968112 0.007881571 0.001273962 -0.318696201 -0.007854778 0.999772668 -0.019820524 -7.576832771 -0.001429890 0.019809885 0.999802768 385.046081543
