0.974059224 0.089671768 0.207768321 -4.525964737 0.128792360 0.535251677 -0.834816217 61.914699554 -0.186067820 0.839919329 0.509817719 -2.350996017
0.935094655 0.297489107 0.192608744 -4.565875053 0.045480713 0.438254654 -0.897699416 61.668983459 -0.351467490 0.848194003 0.396279573 -1.528516769
0.930470765 0.310845733 0.193904713 -4.605717659 0.045772638 0.426484704 -0.903335750 61.423255920 -0.363495499 0.849403143 0.382603258 -0.705093384
0.914454997 0.357274473 0.190070763 -4.645981789 0.032100148 0.404155850 -0.914126694 61.176776886 -0.403412372 0.842029095 0.358113825 0.117740631
0.848538101 0.477874160 0.227198765 -4.672721863 0.027124060 0.389530569 -0.920614004 60.983181000 -0.528438509 0.787338674 0.317569673 0.959342957
0.848730981 0.478338271 0.225495264 -4.719954491 0.030381322 0.381598949 -0.923828542 60.711673737 -0.527951360 0.790932775 0.309342265 1.775333405
0.841526687 0.492746949 0.221434548 -4.782771111 0.028630776 0.368643373 -0.929129899 60.361312866 -0.539456189 0.788227439 0.296115518 2.562536240
0.852764308 0.461267650 0.245000079 -4.804124832 0.060856998 0.378135264 -0.923747897 60.194766998 -0.518738091 0.802649260 0.294388920 3.408250809
0.853872001 0.451950669 0.258153409 -4.848738670 0.080330223 0.375612676 -0.923288763 59.942066193 -0.514246643 0.809107900 0.284419864 4.229319572
0.855280280 0.451299101 0.254607141 -4.602700233 0.075454980 0.377651334 -0.922868371 59.075637817 -0.512642324 0.808522463 0.288945019 4.491752625
0.967971802 0.217195794 0.125922889 -4.941398621 -0.100205250 0.794119716 -0.599443555 19.654481888 -0.230194494 0.567626297 0.790449798 7.231509686
0.968624651 0.216949731 0.121240444 -4.800961494 -0.102725990 0.793706119 -0.599564672 19.081142426 -0.226304695 0.568298459 0.791089773 7.982529163
0.970375538 0.211232319 0.117268644 -4.550696373 -0.101728171 0.797484100 -0.594701946 17.960338593 -0.219140187 0.565154731 0.795347452 9.220577240
0.970855474 0.210938796 0.113773316 -4.430366993 -0.103588171 0.797411203 -0.594478667 17.395208359 -0.216122776 0.565367281 0.796021819 9.992661476
0.989036977 0.145517647 -0.025109880 -1.139076233 -0.147219539 0.958426416 -0.244428426 7.684794903 -0.011502674 0.245445430 0.969342172 9.509161949
0.988491058 0.148474857 -0.028994527 -1.170500636 -0.151018351 0.957234502 -0.246770367 7.438030243 -0.008884653 0.248309016 0.968640149 10.474304199
0.928710341 -0.370137751 -0.022246938 -1.331443191 0.367395431 0.926629663 -0.079862088 12.600300789 0.050174642 0.065995343 0.996557653 -7.928839684
0.930057108 -0.366558939 -0.025062874 -1.352107644 0.363485843 0.927917600 -0.082746163 12.513023376 0.053587612 0.067848682 0.996255517 -6.926304817
0.930651546 -0.364767283 -0.028853886 -1.325756192 0.361505657 0.928788185 -0.081645958 12.232657433 0.056580920 0.065553099 0.996243596 -4.357792377
0.930009246 -0.366008013 -0.033480190 -1.324191093 0.362443984 0.928422034 -0.081650391 12.151206970 0.060968447 0.063800924 0.996098578 -3.325714111
0.929885268 -0.366063118 -0.036209688 -1.372949123 0.362398416 0.928539634 -0.080508135 11.928567886 0.063093200 0.061741054 0.996095955 -0.808003604
0.929456830 -0.366895825 -0.038696621 -1.397458076 0.363058001 0.928256571 -0.080800414 11.833473206 0.065565720 0.061051436 0.995978832 0.212204754
0.929162562 -0.367007524 -0.044296779 -1.335805535 0.362611353 0.928157747 -0.083883718 11.658333778 0.071900353 0.061879106 0.995490491 2.642732620
0.928680718 -0.367959380 -0.046452466 -1.358960867 0.363304913 0.927734077 -0.085552096 11.569767952 0.074575245 0.062574178 0.995250225 3.645053148
0.927507579 -0.369990289 -0.053261522 -1.278136373 0.365070701 0.927215099 -0.083639078 11.365213394 0.080330558 0.058131680 0.995071650 5.864717007
0.927955329 -0.368579298 -0.055209126 -1.333868742 0.363727123 0.927938461 -0.081441820 11.274453163 0.081248440 0.055493344 0.995147765 6.895763397
0.927957833 -0.368098289 -0.058290951 -1.358189344 0.363284349 0.928326070 -0.078961819 11.203163147 0.083178729 0.052097060 0.995171905 7.925352097
0.924610257 -0.376046598 -0.060701616 -1.401293755 0.372824699 0.926077306 -0.058162153 10.611787796 0.078086056 0.031146277 0.996459961 10.278352737
0.924916863 -0.375236332 -0.061045922 -1.457840204 0.371974021 0.926396549 -0.058523066 10.564857483 0.078512713 0.031421479 0.996417820 11.331592560
0.924637258 -0.376071602 -0.060133673 -1.496497869 0.372833848 0.926046014 -0.058596399 10.407954216 0.077723004 0.031760540 0.996468902 13.177647591
0.924881816 -0.375673622 -0.058846235 -1.552218199 0.372043163 0.925994873 -0.064166002 10.350755692 0.078596786 0.037452623 0.996202767 14.225834846
0.924922228 -0.375740409 -0.057775900 -1.604118347 0.371869266 0.925809801 -0.067745134 10.294612885 0.078944080 0.041173890 0.996028364 15.279232025
0.924192846 -0.377597004 -0.057341971 -1.728822708 0.373997778 0.925182343 -0.064524643 10.096078873 0.077416092 0.038187459 0.996267200 17.476495743
0.923533738 -0.378709167 -0.060537752 -1.789551735 0.375242889 0.924892187 -0.061378222 10.033484459 0.079235382 0.033968508 0.996277034 18.546009064
0.920767665 -0.384513021 -0.065853566 -1.064464331 0.381907076 0.922905266 -0.048917223 9.946440697 0.079585887 0.019891456 0.996629536 18.423421860
0.917845607 -0.391019970 -0.068284839 -1.125025630 0.388211340 0.920158446 -0.050994504 9.896708488 0.082772724 0.020296136 0.996361732 19.502689362
0.916428864 -0.394209534 -0.068970986 -1.198904753 0.390922576 0.918683946 -0.056562744 9.859590530 0.085660100 0.024873419 0.996013880 20.545017242
0.857301533 -0.502876282 -0.110224761 0.526815414 0.478474796 0.857323587 -0.189889401 18.428400040 0.189989179 0.110052712 0.975598574 23.561021805
0.857420802 -0.502238572 -0.112186857 0.391675949 0.477175146 0.857548952 -0.192128867 18.213058472 0.192700282 0.111202516 0.974936247 24.616815567
0.858398199 -0.500200987 -0.113804534 0.275418043 0.474708050 0.858641624 -0.193356454 18.017854691 0.194434419 0.111952908 0.974505901 25.630054474
0.860182047 -0.496797293 -0.115235515 -0.473057508 0.472412467 0.861323774 -0.186943561 16.648616791 0.192128152 0.106366806 0.975588441 29.723344803
0.860206604 -0.496349514 -0.116968378 -0.610250950 0.471637815 0.861597538 -0.187636375 16.459793091 0.193912879 0.106239334 0.975249171 30.747627258
0.860250115 -0.495426416 -0.120508604 -0.710972548 0.470488548 0.862397254 -0.186846286 16.265434265 0.196494892 0.104036629 0.974969745 31.770847321
0.861048222 -0.493875504 -0.121172622 -0.904203892 0.469765186 0.863752782 -0.182350546 15.821607590 0.194721669 0.100089952 0.975738466 33.801147461
0.863036335 -0.489758849 -0.123711720 -1.037991762 0.465586364 0.866234481 -0.181293145 15.632323265 0.195953250 0.098864093 0.975616932 34.808635712
0.863162041 -0.489686400 -0.123119332 -1.194731712 0.465218991 0.866059840 -0.183061749 15.436088562 0.196271569 0.100734502 0.975361586 35.808048248
0.863361776 -0.489454478 -0.122640647 -1.472868919 0.464050829 0.865642130 -0.187936991 15.201423645 0.198149547 0.105346121 0.974494219 38.245918274
0.864890635 -0.486959279 -0.121798083 -1.605780602 0.461064309 0.866615832 -0.190778852 15.001128197 0.198453709 0.108846098 0.974047601 39.229484558
0.946928144 -0.321406901 0.004972620 -4.728396893 0.291849315 0.853156269 -0.432375312 39.216209412 0.134725958 0.410879552 0.901680171 27.788978577
0.945926428 -0.324370444 0.002673739 -4.732211113 0.293600023 0.852631092 -0.432225972 38.766910553 0.137921616 0.409638941 0.901761413 28.717060089
0.946188092 -0.323614091 0.001400422 -4.733484745 0.292380631 0.852996409 -0.432331622 38.341190338 0.138714045 0.409476489 0.901713610 29.604028702
0.942486703 -0.327778995 0.065419257 -7.416314602 0.276440918 0.654403389 -0.703801572 48.664432526 0.187880784 0.681408167 0.707378149 42.197132111
0.942639410 -0.327355683 0.065337218 -7.360940933 0.275252044 0.651502967 -0.706951320 47.953731537 0.188857123 0.684384465 0.704237878 42.892467499
0.933590233 -0.358318985 -0.004090798 -4.851829529 0.312868416 0.820629597 -0.478205383 38.642414093 0.174707115 0.445168018 0.878238499 38.269844055
0.933029473 -0.359744936 -0.006290327 -4.847970486 0.313734800 0.822008371 -0.475260705 38.169361115 0.176143363 0.441458702 0.879822612 39.107395172
0.932193220 -0.361813486 -0.010335929 -4.794099808 0.313910127 0.822330296 -0.474587500 36.806232452 0.180211693 0.439162672 0.880147696 41.671669006
0.931283891 -0.364107549 -0.011662746 -4.796634674 0.315454781 0.822029412 -0.474084288 36.345581055 0.182204783 0.437827945 0.880402327 42.498218536
0.930057526 -0.367188305 -0.012865031 -4.776703358 0.317272842 0.820298672 -0.475865453 35.040534973 0.185285389 0.438500613 0.879423976 44.886978149
0.929117143 -0.369562387 -0.012836535 -4.798319340 0.319055498 0.818719685 -0.477390409 34.584690094 0.186935067 0.439456135 0.878597498 45.709182739
0.928053916 -0.372070849 -0.016704848 -4.770794868 0.319540650 0.818466604 -0.477499932 33.343051910 0.191336170 0.437807828 0.878472924 48.004272461
0.926694930 -0.375300556 -0.019647460 -4.774395466 0.321739852 0.819288552 -0.474604875 32.904323578 0.194216430 0.433492571 0.879979610 48.804260254
0.926407933 -0.375893444 -0.021731978 -4.795732498 0.321979284 0.820810854 -0.471803814 31.774177551 0.195185825 0.430085659 0.881435573 50.921241760
0.926973522 -0.374396801 -0.023388412 -4.809054375 0.320204318 0.822195768 -0.470598906 31.339885712 0.195420608 0.428743720 0.882037222 51.713676453
0.927606046 -0.372796595 -0.023867849 -4.847151756 0.317585647 0.820643365 -0.475061864 30.227291107 0.196688443 0.433090210 0.879628539 53.742645264
0.928302288 -0.371160507 -0.022243492 -4.867712975 0.315267950 0.817404628 -0.482136726 29.805282593 0.197132066 0.440555960 0.875813484 54.505645752
0.928960502 -0.369526744 -0.021961339 -4.901031017 0.312921613 0.815585971 -0.486723095 28.802312851 0.197768599 0.445274323 0.873280227 56.328048706
0.930661380 -0.365162373 -0.022926798 -4.924130917 0.308695227 0.817296267 -0.486553043 28.380327225 0.196408868 0.445738792 0.873350203 57.069580078
0.931581497 -0.362650603 -0.025304994 -4.970790386 0.305722207 0.819200993 -0.485225201 27.447814941 0.196697116 0.444290549 0.874022901 58.709007263
0.932424545 -0.360362321 -0.026894273 -4.989734650 0.303206712 0.820680499 -0.484302670 27.031536102 0.196596041 0.443421215 0.874487102 59.426242828
0.932565868 -0.359862089 -0.028637795 -4.988439083 0.301785469 0.820675194 -0.485198587 26.176645279 0.198106900 0.443837166 0.873934865 60.957134247
0.932890534 -0.358869314 -0.030461084 -5.011424065 0.300163716 0.821443081 -0.484905064 25.780183792 0.199039593 0.443220079 0.874036133 61.645092010
0.933268249 -0.357709348 -0.032470386 -5.022066593 0.298241735 0.822134316 -0.484919548 25.385231018 0.200155258 0.442875981 0.873955786 62.328628540
0.993575454 -0.075951301 -0.083899356 -5.069459438 0.075740397 0.997111440 -0.005698458 0.554566443 0.084089786 -0.000692710 0.996457934 68.824661255
0.993437827 -0.076166436 -0.085322142 -5.134185791 0.076056130 0.997093201 -0.004547308 0.535233259 0.085420474 -0.001971791 0.996343017 69.577156067
0.993483365 -0.073412068 -0.087185517 -5.194974899 0.073487684 0.997293353 -0.002346361 0.526346862 0.087121785 -0.004075978 0.996189296 70.351387024
0.934724092 -0.353389651 -0.037505373 -5.279679298 0.293159366 0.826429963 -0.480698466 22.765508652 0.200869441 0.438325346 0.876083553 67.025131226
0.935671151 -0.350554645 -0.040386390 -5.290155888 0.289572924 0.828185737 -0.479849964 22.399402618 0.201661080 0.437286943 0.876420557 67.666107178
0.936760604 -0.347688228 -0.039905500 -5.332207680 0.286423147 0.827184558 -0.483453691 22.024084091 0.201100394 0.441450536 0.874459922 68.293624878
0.993650615 -0.066064395 -0.091070190 -5.573623657 0.065518208 0.997811019 -0.008977069 0.506323516 0.091463909 0.002953306 0.995804012 73.662216187
0.993481278 -0.067161292 -0.092110060 -5.635974407 0.066042632 0.997701943 -0.015142845 0.497436523 0.092915401 0.008960935 0.995633721 74.334449768
0.993457317 -0.066786654 -0.092639782 -5.692830563 0.065550774 0.997715831 -0.016323175 0.482135296 0.093518332 0.010143751 0.995565891 74.991783142
0.993687451 -0.064229622 -0.091976859 -5.842656612 0.063071810 0.997889519 -0.015442598 0.527011037 0.092774615 0.009543967 0.995641291 75.845535278
0.993596315 -0.063631237 -0.093366310 -5.904056549 0.062651902 0.997945726 -0.013385477 0.501169682 0.094026230 0.007450183 0.995541751 76.466537476
0.993322134 -0.067172572 -0.093803033 -5.966834545 0.065898642 0.997688055 -0.016616231 0.482884765 0.094702311 0.010323778 0.995452046 77.065734863
0.992898107 -0.074768610 -0.092536010 -6.057098389 0.072767667 0.997040093 -0.024816353 0.513542771 0.094117612 0.017906468 0.995400071 77.833038330
0.992776513 -0.078610107 -0.090637311 -6.113289356 0.076238610 0.996657789 -0.029341485 0.490520239 0.092640936 0.022219472 0.995451629 78.396148682
0.993178606 -0.076590106 -0.087921508 -6.152142048 0.074220195 0.996792972 -0.029919358 0.478584290 0.089931078 0.023189707 0.995677948 78.951774597
0.993996501 -0.071099386 -0.083160453 -6.258093834 0.069009937 0.997230232 -0.027739586 0.482202291 0.084902406 0.021834161 0.996149957 79.669456482
0.994228959 -0.072892219 -0.078710191 -6.298082352 0.071183853 0.997167230 -0.024300374 0.461979747 0.080258541 0.018557249 0.996601343 80.199127197
0.994433105 -0.076098368 -0.072881438 -6.331677437 0.074877925 0.997005224 -0.019338001 0.437231660 0.074134767 0.013773147 0.997153103 80.721801758
0.994633138 -0.080495752 -0.065001167 -6.380873680 0.079495363 0.996675551 -0.017836766 0.458871841 0.066220865 0.012573746 0.997725725 81.385787964
0.995542586 -0.076941714 -0.054541219 -6.399164200 0.076107718 0.996950984 -0.017209601 0.441638589 0.055699058 0.012981885 0.998363137 81.881736755
0.996647000 -0.071705930 -0.039403405 -6.421417713 0.071107395 0.997334063 -0.016388202 0.423231602 0.040473491 0.013531382 0.999088943 82.363853455
0.997713149 -0.064632654 -0.019770449 -6.474700451 0.064180925 0.997680306 -0.022688091 0.556682706 0.021190975 0.021367341 0.999547064 82.975906372
0.997817874 -0.065981999 0.002395609 -6.461357594 0.066017032 0.997613013 -0.020253059 0.538984895 -0.001053564 0.020367036 0.999791980 83.440452576
0.997150183 -0.069779664 0.028674722 -6.425727844 0.070300773 0.997370899 -0.017584659 0.533708334 -0.027372288 0.019550418 0.999434114 83.894775391
0.995801032 -0.071312182 0.057400379 -6.372405052 0.071859062 0.997386456 -0.007518186 0.417925179 -0.056714199 0.011611357 0.998322845 84.452201843
0.993297219 -0.071543314 0.090786681 -6.321108341 0.072154306 0.997387528 -0.003461714 0.409749657 -0.090301827 0.009989160 0.995864332 84.885772705
0.989189923 -0.071670733 0.127931938 -6.233033180 0.072271712 0.997384906 -0.000056054 0.406650722 -0.127593368 0.009301304 0.991782904 85.314163208
0.982942760 -0.071062386 0.169628233 -6.131773949 0.071814135 0.997416496 0.001707404 0.424994767 -0.169311300 0.010503408 0.985506594 85.833442688
0.973964870 -0.071363173 0.215174109 -6.027839661 0.071770079 0.997403562 0.005931696 0.414281696 -0.215038732 0.009665791 0.976557612 86.233894348
0.962262809 -0.069060318 0.263213158 -5.883955002 0.069499947 0.997552633 0.007651939 0.414791107 -0.263097405 0.010930105 0.964707315 86.616767883
0.946481287 -0.067511864 0.315618724 -5.682569504 0.068759605 0.997607350 0.007194230 0.443668127 -0.315349281 0.014892633 0.948858798 87.101272583
0.926202536 -0.067452334 0.370943248 -5.500986099 0.068739958 0.997586846 0.009765401 0.444529831 -0.370706797 0.016453911 0.928604186 87.457412720
0.901622653 -0.067165658 0.427276611 -5.310016632 0.067917250 0.997599661 0.013501086 0.443249702 -0.427157849 0.016846597 0.904020071 87.773849487
0.871542454 -0.067220114 0.485690445 -5.026424408 0.070166133 0.997461557 0.012140933 0.507577658 -0.485273629 0.023497695 0.874046504 88.229202271
0.837155938 -0.068541080 0.542652786 -4.796749115 0.071455136 0.997319758 0.015734380 0.509313345 -0.542276800 0.025603209 0.839809597 88.521789551
0.799438000 -0.068445742 0.596836746 -4.539581299 0.070766367 0.997300684 0.019582735 0.514860153 -0.596566081 0.026580796 0.802123666 88.805953979
0.758120477 -0.069958337 0.648351133 -4.189189911 0.076835409 0.996886373 0.017721850 0.613666177 -0.647572041 0.036381040 0.761135340 89.171852112
0.715354562 -0.070654996 0.695180416 -3.893089294 0.073708460 0.996954262 0.025478426 0.617465019 -0.694863260 0.033014577 0.718383670 89.412780762
0.668321550 -0.070336550 0.740539610 -3.545715332 0.078930952 0.996604860 0.023424089 0.710036516 -0.739673078 0.042796697 0.671604335 89.693290710
0.620442212 -0.071854487 0.780953467 -3.225826263 0.079993293 0.996398568 0.028125202 0.712904096 -0.780161917 0.045020990 0.623955548 89.903495789
0.573056817 -0.074226089 0.816147149 -2.886283875 0.083725780 0.995981514 0.031793501 0.727992296 -0.815227628 0.050113089 0.576968491 90.081481934
0.524345219 -0.071097344 0.848532379 -2.489929199 0.081826448 0.996103406 0.032898001 0.767527580 -0.847565055 0.052182507 0.528119802 90.308486938
0.477693409 -0.068262942 0.875870526 -2.149898529 0.076079749 0.996445656 0.036166914 0.778881550 -0.875226200 0.049359348 0.481188953 90.452865601
0.431521088 -0.066322997 0.899661481 -1.801891327 0.072601698 0.996611953 0.038646914 0.783678532 -0.899176657 0.048640016 0.434874296 90.590484619
0.387857080 -0.068124644 0.919198513 -1.380716324 0.080751978 0.995941699 0.039738920 0.837201595 -0.918175280 0.058814112 0.391784281 90.726394653
0.346796155 -0.075962380 0.934859514 -1.006675720 0.093266413 0.994567931 0.046215840 0.850574017 -0.933291912 0.071163543 0.351997077 90.814636230
0.310907841 -0.079213887 0.947133362 -0.635297775 0.095297277 0.994097054 0.051859260 0.873962402 -0.945650458 0.074135810 0.316621453 90.900817871
0.278054982 -0.075282477 0.957610548 -0.196121216 0.094670385 0.994218230 0.050671540 0.908933163 -0.955888510 0.076567903 0.283574462 91.005729675
0.246991366 -0.068213105 0.966613829 0.189086914 0.081709772 0.995432615 0.049368128 0.916812539 -0.965566576 0.066788316 0.251437008 91.110488892
0.219381735 -0.063688971 0.973558128 0.615083694 0.076927528 0.995889485 0.047814980 0.932171106 -0.972601593 0.064403713 0.223379433 91.197723389
0.193415090 -0.061780725 0.979169905 1.014446259 0.076864876 0.995902002 0.047653336 0.948822796 -0.978101432 0.066046931 0.197371274 91.256622314
0.169626251 -0.060986262 0.983619630 1.472921371 0.086317256 0.995167017 0.046816710 0.980269790 -0.981721044 0.076962009 0.174070626 91.310150146
0.147942305 -0.054784615 0.987477422 1.895851135 0.090197988 0.995050788 0.041691445 1.000684500 -0.984874249 0.082900546 0.152151570 91.361991882
0.128817782 -0.047125962 0.990547895 2.365114212 0.095802069 0.994789481 0.034868989 1.061620235 -0.987029970 0.090404809 0.132661328 91.399688721
0.110791698 -0.046296917 0.992764711 2.829607964 0.092685945 0.995042205 0.036059447 1.083543658 -0.989512265 0.088020273 0.114533499 91.456604004
0.096435025 -0.050418753 0.994061470 3.320349693 0.092782274 0.994822860 0.041456528 1.107208729 -0.991005421 0.088233389 0.100613758 91.487174988
0.080917388 -0.053652644 0.995275736 3.809793472 0.092460908 0.994648397 0.046101671 1.123176098 -0.992422938 0.088293649 0.085445151 91.535110474
0.068896666 -0.055911258 0.996055722 4.308014870 0.097616121 0.994014978 0.049044650 1.153860331 -0.992836535 0.093852088 0.073942155 91.533897400
0.057416648 -0.056457665 0.996752620 4.818250656 0.100768313 0.993628621 0.050476104 1.179710269 -0.993251860 0.097542889 0.062739961 91.543807983
0.047025803 -0.056448847 0.997297347 5.367509842 0.103886962 0.993264079 0.051321916 1.197392464 -0.993476748 0.101192735 0.052573334 91.561035156
0.039599802 -0.055167332 0.997691453 5.910066605 0.105099224 0.993166208 0.050745524 1.232682705 -0.993673027 0.102847099 0.045127224 91.571289062
0.033936813 -0.055350125 0.997890115 6.490565300 0.109391093 0.992672026 0.051340424 1.264109850 -0.993419290 0.107417941 0.039742932 91.579887390
0.027791219 -0.054126132 0.998147249 7.074985981 0.111229062 0.992499471 0.050722912 1.297314882 -0.993406057 0.109613322 0.033603173 91.599311829
0.023116430 -0.051931404 0.998383045 7.679871559 0.112044841 0.992492735 0.049030684 1.358131051 -0.993434250 0.110730268 0.028761525 91.592559814
0.019181907 -0.051764533 0.998475075 8.300040245 0.114545971 0.992196918 0.049238425 1.391832352 -0.993232787 0.113426827 0.024961639 91.597114563
0.015345419 -0.053398050 0.998455405 8.952745438 0.117391288 0.991763115 0.051235963 1.388996959 -0.992967129 0.116423726 0.021487486 91.615539551
0.012413303 -0.053807791 0.998474181 9.609503746 0.117994145 0.991653264 0.051973302 1.418859720 -0.992936671 0.117168941 0.018658698 91.625404358
0.009504587 -0.054950707 0.998443842 10.280799866 0.121788785 0.991119146 0.053388231 1.441761971 -0.992510438 0.121091850 0.016112572 91.643150330
0.008740478 -0.055236675 0.998435020 10.978785515 0.126895785 0.990462244 0.053684711 1.473416686 -0.991877556 0.126227990 0.015666422 91.641212463
0.008802590 -0.055529382 0.998418152 11.697224617 0.130488142 0.989983082 0.053909805 1.506612062 -0.991410792 0.129807204 0.015960341 91.669898987
0.011332918 -0.056034710 0.998364449 12.434032440 0.133068427 0.989632785 0.054034114 1.531708717 -0.991042078 0.132238448 0.018671880 91.676002502
0.014691338 -0.055451099 0.998353183 13.172253609 0.134681404 0.989471793 0.052975893 1.578944087 -0.990779996 0.133681357 0.022004899 91.706001282
0.018552126 -0.056291509 0.998241961 13.963464737 0.137330487 0.989094317 0.053223357 1.611461997 -0.990351498 0.136101663 0.026080340 91.743362427
0.022351962 -0.057877928 0.998073280 14.723408699 0.138903320 0.988819957 0.054230526 1.648986578 -0.990053535 0.137423560 0.030141501 91.770744324
0.026276818 -0.059415564 0.997887433 15.535901070 0.139025941 0.988748491 0.055210497 1.682479143 -0.989940047 0.137281492 0.034241468 91.805519104
0.029785153 -0.061356708 0.997671366 16.399019241 0.138550639 0.988732696 0.056670584 1.745292425 -0.989907324 0.136540085 0.037950560 91.879333496
0.033818461 -0.062458053 0.997474432 17.218900681 0.137934864 0.988785982 0.057237480 1.784802079 -0.989863753 0.135650814 0.042054363 91.925437927
0.037966758 -0.061700806 0.997372210 18.051342010 0.135583282 0.989180267 0.056032799 1.817896008 -0.990038216 0.133099645 0.045921564 91.976699829
0.040295664 -0.056651365 0.997580409 18.932254791 0.135853067 0.989430785 0.050700974 1.890307665 -0.989909172 0.133481354 0.047566034 92.059387207
0.042210266 -0.051450267 0.997783005 19.761371613 0.129895970 0.990479410 0.045578532 1.921266198 -0.990628779 0.127684116 0.048491582 92.107963562
0.042225797 -0.048233595 0.997943103 20.629528046 0.128035650 0.990859568 0.042473674 1.964050770 -0.990870178 0.125978798 0.048015460 92.165573120
0.042964537 -0.048531741 0.997897148 21.473247528 0.125817254 0.991130233 0.042785585 1.996632218 -0.991122544 0.123714387 0.048689585 92.206428528
0.042613473 -0.050212070 0.997829139 22.326881409 0.124005869 0.991279244 0.044586658 2.031308651 -0.991366029 0.121836685 0.048468456 92.271736145
0.042217251 -0.051395025 0.997785747 23.167774200 0.124840662 0.991120636 0.045769591 2.057675123 -0.991278291 0.122631975 0.048258577 92.317474365
0.043043111 -0.052543949 0.997690618 24.003213882 0.122747771 0.991328478 0.046913214 2.079818726 -0.991504073 0.120445020 0.049119517 92.355064392
0.042838495 -0.051696844 0.997743607 24.853935242 0.122548975 0.991390884 0.046106037 2.122159481 -0.991537452 0.120297365 0.048805088 92.423156738
0.043120902 -0.051353447 0.997749150 25.692722321 0.119636558 0.991757274 0.045874588 2.146758080 -0.991880894 0.117389135 0.048909228 92.462951660
0.041942909 -0.050094001 0.997863412 26.520973206 0.116468556 0.992178380 0.044913135 2.169959545 -0.992308319 0.114335947 0.047449227 92.518226624
0.039132774 -0.050712831 0.997946322 27.347068787 0.115326963 0.992266417 0.045901828 2.204448223 -0.992556453 0.113293871 0.044678677 92.569824219
0.035429601 -0.051710568 0.998033524 28.190147400 0.113110311 0.992450833 0.047405962 2.239244699 -0.992950618 0.111208305 0.041011117 92.610191345
0.031146813 -0.053693362 0.998071492 28.995794296 0.114257209 0.992201507 0.049811918 2.286025047 -0.992962778 0.112485409 0.037038773 92.641349792
0.025499936 -0.056055106 0.998101890 29.809514999 0.111708134 0.992333174 0.052877128 2.318279028 -0.993413806 0.110147759 0.031566244 92.658317566
0.017460255 -0.055032652 0.998331904 30.630203247 0.112768367 0.992221475 0.052723568 2.363000393 -0.993467927 0.111659698 0.023530390 92.700340271
0.008970606 -0.054465618 0.998475432 31.452407837 0.110456087 0.992459059 0.053145062 2.381538868 -0.993840516 0.109810948 0.014919024 92.709114075
-0.001424260 -0.053601932 0.998561323 32.242492676 0.112421542 0.992223442 0.053422060 2.435752392 -0.993659556 0.112335883 0.004612834 92.725448608
-0.011565089 -0.054747205 0.998433232 33.072727203 0.113191709 0.992010236 0.055706132 2.471892357 -0.993505895 0.113658614 -0.005275753 92.714294434
-0.022371693 -0.055175025 0.998225987 33.830482483 0.113082156 0.991928518 0.057361268 2.512980223 -0.993333638 0.114164844 -0.015951809 92.707870483
-0.033778686 -0.055889253 0.997865438 34.640800476 0.113892384 0.991715789 0.059400178 2.549100876 -0.992918551 0.115655757 -0.027133495 92.687683105
-0.044848680 -0.055427246 0.997454822 35.396442413 0.114567243 0.991586506 0.060252458 2.591759443 -0.992402554 0.116977930 -0.038121205 92.662940979
-0.055666186 -0.055012602 0.996932626 36.198699951 0.114078470 0.991591871 0.061087728 2.626212120 -0.991910934 0.117129125 -0.048922386 92.622200012
-0.066440322 -0.052938774 0.996385038 36.937915802 0.114442430 0.991597176 0.060315561 2.684386253 -0.991205692 0.118036091 -0.059823602 92.582397461
-0.077548109 -0.051819559 0.995641053 37.720981598 0.113947377 0.991643786 0.060486596 2.731037140 -0.990455687 0.118141286 -0.070995413 92.539855957
-0.086594351 -0.050462034 0.994964778 38.451496124 0.116608985 0.991337955 0.060426868 2.785954952 -0.989395618 0.121254459 -0.079959936 92.475814819
-0.097048283 -0.049918074 0.994027019 39.226097107 0.115582265 0.991418660 0.061071534 2.826219559 -0.988545597 0.120818786 -0.090445831 92.416839600
-0.105718404 -0.049166381 0.993179917 39.950263977 0.117336944 0.991182446 0.061557323 2.870054007 -0.987449050 0.123044439 -0.099017203 92.336204529
-0.115210138 -0.049194787 0.992122293 40.707382202 0.117999651 0.991023064 0.062842958 2.914772987 -0.986307681 0.124310218 -0.108370945 92.269149780
-0.122409806 -0.050043724 0.991217196 41.440246582 0.118824422 0.990805209 0.064697042 2.959598541 -0.985340893 0.125700340 -0.115337864 92.179794312
-0.126646578 -0.051685162 0.990600407 42.106632233 0.123093195 0.990104079 0.067396484 2.994083643 -0.984280825 0.130471736 -0.119031191 92.068099976
-0.130736038 -0.053399548 0.989978015 42.837036133 0.125045225 0.989685953 0.069897190 3.033781767 -0.983499765 0.132930145 -0.122710273 91.980529785
-0.133475929 -0.054510430 0.989551783 43.554916382 0.126953647 0.989319563 0.071621791 3.066926718 -0.982887089 0.135187015 -0.125130057 91.884010315
-0.134937271 -0.054501791 0.989354074 44.161678314 0.128763944 0.989054620 0.072047301 3.134733915 -0.982451916 0.137115002 -0.126442477 91.789497375
-0.135681704 -0.053771067 0.989292264 44.856300354 0.129733250 0.988964319 0.071546197 3.176524639 -0.982221901 0.138051599 -0.127208456 91.704170227
-0.134870753 -0.052671585 0.989462256 45.523021698 0.130926892 0.988883078 0.070487000 3.216612816 -0.982175171 0.139053851 -0.126475304 91.614135742
-0.131266013 -0.048843082 0.990143120 46.085292816 0.138145864 0.988139033 0.067058586 3.310054779 -0.981674671 0.145586669 -0.122961603 91.526023865
-0.126156777 -0.048677586 0.990815282 46.708877563 0.137340501 0.988319695 0.066042043 3.330212831 -0.982457161 0.144410729 -0.117997847 91.451339722
-0.118669719 -0.048114646 0.991767287 47.318191528 0.137697265 0.988376796 0.064426273 3.358479738 -0.983339727 0.144209102 -0.110665157 91.395645142
-0.106161848 -0.046293288 0.993270636 47.842071533 0.141673476 0.988020360 0.061190814 3.434935808 -0.984204352 0.147216246 -0.098331556 91.326934814
-0.092572995 -0.045777172 0.994653046 48.410709381 0.142500475 0.988050342 0.058735922 3.457921028 -0.985456169 0.147175893 -0.084943533 91.285720825
-0.076380417 -0.045671642 0.996032119 48.970985413 0.139566585 0.988625944 0.056034654 3.438988447 -0.987262428 0.143292770 -0.069137439 91.278419495
-0.053195581 -0.041601542 0.997717083 49.441505432 0.145093620 0.988206744 0.048940957 3.516407728 -0.987986803 0.147365838 -0.046532117 91.227874756
-0.028086528 -0.038489964 0.998864114 49.964611053 0.145731404 0.988424361 0.042185403 3.530035496 -0.988925397 0.146750703 -0.022152215 91.224128723
0.000658914 -0.036835369 0.999321103 50.474742889 0.145282239 0.988722384 0.036348872 3.542737961 -0.989389956 0.145159677 0.006003004 91.238426208
0.034123793 -0.036280699 0.998758852 50.969123840 0.147644490 0.988558650 0.030865729 3.574909449 -0.988451660 0.146407962 0.039090022 91.264678955
0.073030770 -0.038294964 0.996594191 51.484542847 0.150117934 0.988300025 0.026975550 3.588883400 -0.985967159 0.147636592 0.077925079 91.309608459
0.115528971 -0.042213820 0.992406666 51.985500336 0.149577737 0.988442957 0.024632446 3.582530975 -0.981977403 0.145596147 0.120508060 91.393043518
0.161040887 -0.045265622 0.985909224 52.472152710 0.152046219 0.988160074 0.020533362 3.618793488 -0.975165486 0.146597058 0.166016638 91.487312317
0.209765851 -0.048552975 0.976545334 52.959053040 0.149545118 0.988608181 0.017029842 3.614298344 -0.966247559 0.142465338 0.214637101 91.626586914
0.261914253 -0.050356396 0.963776469 53.434272766 0.146918938 0.989078701 0.011751960 3.602264404 -0.953842580 0.138519019 0.266452134 91.787780762
0.318845838 -0.052521914 0.946350217 53.867561340 0.144108072 0.989541471 0.006365858 3.568105459 -0.936787128 0.134347007 0.323080003 91.926498413
0.376760006 -0.051929168 0.924854159 54.313430786 0.147115439 0.989109635 -0.004393755 3.557976007 -0.914553940 0.137715757 0.380296499 92.136825562
0.436336160 -0.048646431 0.898467720 54.745281219 0.148358420 0.988760293 -0.018514305 3.535432816 -0.887468517 0.141373754 0.438649029 92.389266968
0.524750710 -0.045045096 0.850063384 55.456890106 0.135204554 0.990333080 -0.030984752 3.463738680 -0.840450108 0.131191686 0.525768220 92.361869812
0.581326365 -0.040332682 0.812670290 55.821914673 0.130709752 0.990428329 -0.044345632 3.442300797 -0.803103209 0.132003188 0.581034005 92.691810608
0.639261425 -0.035880763 0.768151999 56.236000061 0.120142341 0.991304457 -0.053678945 3.369832039 -0.759546340 0.126602456 0.638013363 93.035064697
0.691796124 -0.037985709 0.721093178 56.565711975 0.118700556 0.991012990 -0.061673351 3.312104702 -0.712269843 0.128259525 0.690087736 93.376144409
0.739324927 -0.027245803 0.672797322 56.891952515 0.104391158 0.991738081 -0.074551865 3.317244053 -0.665207565 0.125352159 0.736060977 93.830596924
0.783521235 -0.030620584 0.620609939 57.170524597 0.099523418 0.992074668 -0.076700032 3.271748543 -0.613342941 0.121861339 0.780359089 94.242156982
0.823883593 -0.031336874 0.565891922 57.402217865 0.090368308 0.992959559 -0.076581247 3.219096184 -0.559507966 0.114232749 0.820915103 94.666305542
0.859990239 -0.034153163 0.509166479 57.651580811 0.084590971 0.993494987 -0.076235168 3.168392181 -0.503250718 0.108632378 0.857285142 95.125175476
0.888311863 -0.038325008 0.457638562 57.794284821 0.081108138 0.993939519 -0.074199513 3.113494873 -0.452021390 0.103030533 0.886036813 95.576019287
0.913875103 -0.030469347 0.404850632 57.951995850 0.065705292 0.995134056 -0.073422976 3.031367302 -0.400643528 0.093700267 0.911430240 96.033248901
0.932756305 -0.026964389 0.359497875 58.080902100 0.057511799 0.995557547 -0.074548125 2.988958359 -0.355890721 0.090210587 0.930163443 96.519203186
0.947734356 -0.022784555 0.318245977 58.222671509 0.048989840 0.996010602 -0.074582815 2.933999062 -0.315277100 0.086275496 0.945069849 97.027313232
0.958710372 -0.013345721 0.284071058 58.285614014 0.036212455 0.996495783 -0.075397842 2.828238487 -0.282069296 0.082571641 0.955834091 97.457717896
0.967276931 -0.010677077 0.253498137 58.396270752 0.031381436 0.996477127 -0.077772133 2.789545059 -0.251774669 0.083182350 0.964204371 97.968391418
0.972919524 -0.016470728 0.230556726 58.534671783 0.035536245 0.996257961 -0.078786813 2.740119934 -0.228396297 0.084846370 0.969864011 98.511344910
0.976333022 -0.019883549 0.215357020 58.644744873 0.037893113 0.996088564 -0.079823464 2.697386742 -0.212927461 0.086094841 0.973267496 99.058471680
0.979004383 -0.015568494 0.203244209 58.735969543 0.032627705 0.996191621 -0.080855779 2.642614365 -0.201211333 0.085789554 0.975783885 99.642440796
0.980982542 -0.003406550 0.194065660 58.752120972 0.018789401 0.996816874 -0.077480920 2.535811424 -0.193183988 0.079653844 0.977923930 100.017280579
0.982026696 0.004039613 0.188698620 58.840053558 0.011161905 0.996778071 -0.079427637 2.491228104 -0.188411504 0.080106303 0.978817701 100.601394653
0.982415259 0.014707177 0.186128929 58.914672852 0.000423684 0.996714652 -0.080992870 2.391955376 -0.186708584 0.079647526 0.979181349 101.081809998
0.982408285 0.015479827 0.186103180 59.018096924 0.000175496 0.996481538 -0.083812617 2.337424278 -0.186745793 0.082370892 0.978948891 101.692993164
0.981936336 0.015386581 0.188584715 59.145484924 0.001054466 0.996227503 -0.086772539 2.267251968 -0.189208433 0.085403994 0.978215814 102.287139893
0.981250167 0.015927693 0.192079157 59.243453979 0.001773011 0.995791435 -0.091631025 2.197138786 -0.192730233 0.090253510 0.977092266 102.751426697
0.980100572 0.016349254 0.197827414 59.348396301 0.002800868 0.995364189 -0.096137241 2.135746956 -0.198482111 0.094778255 0.975511074 103.408035278
0.979482710 0.021161349 0.200414196 59.483345032 -0.001942199 0.995416760 -0.095611915 2.085016251 -0.201518968 0.093260914 0.975034654 103.919212341
0.978100777 0.024492595 0.206685767 59.607486725 -0.005655190 0.995812535 -0.091243267 2.017375946 -0.208055109 0.088076219 0.974143565 104.591163635
0.977278233 0.022068875 0.210808322 59.739299774 -0.003865693 0.996255159 -0.086374335 1.956112862 -0.211925089 0.083596878 0.973703921 105.148086548
0.976554513 0.017818986 0.214531049 59.903831482 -0.000439881 0.996731222 -0.080786563 1.892588615 -0.215269342 0.078798160 0.973370373 105.840644836
0.975805044 0.015732706 0.218075648 60.034076691 0.000850111 0.997127175 -0.075739905 1.831982613 -0.218640774 0.074092761 0.972988367 106.425186157
0.975202262 0.010823630 0.221050903 60.198730469 0.006130998 0.997098804 -0.075870268 1.780294418 -0.221230805 0.075344123 0.972306609 107.132682800
0.975157142 0.008097905 0.221366093 60.338455200 0.009457598 0.996898234 -0.078130439 1.717574120 -0.221312165 0.078283057 0.972055852 107.728385925
0.975109756 0.007559380 0.221593723 60.495098114 0.011594512 0.996312737 -0.085008822 1.651219368 -0.221419260 0.085462198 0.971426666 108.441482544
0.975333035 0.009860486 0.220518127 60.635875702 0.010680932 0.995723426 -0.091764592 1.592789650 -0.220479950 0.091856390 0.971056640 109.063003540
0.975910604 0.013000957 0.217783049 60.795986176 0.008179155 0.995340884 -0.096070446 1.530036926 -0.218017370 0.095537446 0.971257448 109.799118042
0.976440430 0.011612625 0.215474412 60.932010651 0.008311810 0.995785773 -0.091331735 1.460740089 -0.215626985 0.090971015 0.972228944 110.444892883
0.976754665 0.008035611 0.214209571 61.098678589 0.010196311 0.996424317 -0.083871841 1.386125565 -0.214117602 0.084106386 0.973180234 111.207145691
0.977345228 0.009029258 0.211458176 61.240264893 0.007605480 0.996946216 -0.077721581 1.311846733 -0.211514175 0.077569090 0.974291980 111.875831604
0.977629244 0.012669244 0.209953308 61.392143250 0.003942606 0.996905208 -0.078514792 1.237551689 -0.210298255 0.077586144 0.974553883 112.645202637
0.977986634 0.018155381 0.207876101 61.524314880 -0.000829311 0.996538043 -0.083133608 1.176671028 -0.208665773 0.081131175 0.974615991 113.324752808
0.978758931 0.019207390 0.204112679 61.685745239 -0.001061632 0.996063113 -0.088640779 1.102922440 -0.205011666 0.086541280 0.974926054 114.119186401
0.979572833 0.018289821 0.200256169 61.823410034 0.000128830 0.995797813 -0.091578722 1.037874222 -0.201089606 0.089733861 0.975454092 114.805915833
0.980382740 0.015907247 0.196460560 61.984897614 0.001928708 0.995916009 -0.090263315 0.959787369 -0.197094068 0.088871524 0.976348162 115.628829956
0.981143296 0.012411722 0.192882329 62.126312256 0.004709957 0.996104419 -0.088056199 0.885068893 -0.193223849 0.087304227 0.977262735 116.327110291
0.981467068 0.011492858 0.191285610 62.280967712 0.004938148 0.996351600 -0.085200004 0.803372383 -0.191566944 0.084565617 0.977829576 117.150466919
0.981776536 0.008497760 0.189848706 62.426620483 0.007414987 0.996526003 -0.082950793 0.732077599 -0.189894110 0.082846902 0.978302836 117.885566711
0.981786489 0.004149815 0.189942390 62.583923340 0.011586430 0.996592700 -0.081662066 0.654244423 -0.189634100 0.082375489 0.978393078 118.720809937
0.982024133 0.005041359 0.188687861 62.734329224 0.010271516 0.996734738 -0.080089040 0.583054543 -0.188475490 0.080587491 0.978765965 119.452735901
0.981865585 0.010455381 0.189289689 62.887435913 0.005172806 0.996628642 -0.081880726 0.502056122 -0.189507663 0.081375040 0.978501320 120.287986755
0.981725395 0.016472688 0.189588010 63.022651672 -0.000325019 0.996390224 -0.084890112 0.430066109 -0.190301985 0.083277151 0.978187084 121.030273438
0.981348813 0.025439434 0.190544695 63.176677704 -0.008999621 0.996197939 -0.086651340 0.354954720 -0.192024633 0.083320335 0.977846742 121.873817444
0.980638802 0.031338956 0.193301082 63.333976746 -0.014799666 0.996148765 -0.086420320 0.278622627 -0.195264950 0.081886321 0.977326035 122.727539062
0.979881585 0.034717038 0.196537048 63.459701538 -0.018540349 0.996330380 -0.083558172 0.194355965 -0.198716760 0.078233257 0.976929486 123.438201904
0.979368031 0.035394691 0.198960900 63.637016296 -0.018863333 0.996255159 -0.084378518 0.112157822 -0.201202422 0.078884572 0.976368189 124.294990540
0.979095101 0.033266675 0.200664267 63.817276001 -0.015935767 0.996048152 -0.087372713 0.033592224 -0.202777907 0.082348444 0.975756049 125.149398804
0.979005873 0.027565336 0.201959208 63.959335327 -0.010433572 0.996291518 -0.085406460 -0.045976639 -0.203564480 0.081506297 0.975662947 125.844482422
0.979085505 0.021164656 0.202344954 64.150421143 -0.003543676 0.996197402 -0.087052554 -0.129009247 -0.203417927 0.084514849 0.975437582 126.702980042
0.978945613 0.019876469 0.203151345 64.346481323 -0.002175038 0.996206939 -0.086988591 -0.218597412 -0.204109773 0.084715240 0.975275636 127.550369263
0.978463054 0.023466842 0.205084041 64.468215942 -0.006331824 0.996461511 -0.083811566 -0.288109779 -0.206325173 0.080707982 0.975149274 128.236892700
0.978078902 0.025998732 0.206605196 64.635124207 -0.010055892 0.996914804 -0.077844694 -0.373224258 -0.207991645 0.074060693 0.975322723 129.095642090
0.977821231 0.029653097 0.207332030 64.813629150 -0.014565548 0.997157693 -0.073921844 -0.454963684 -0.208934724 0.069262460 0.975473702 129.939163208
0.977569461 0.029112911 0.208591193 64.950622559 -0.012568458 0.996699035 -0.080206215 -0.521064758 -0.210237727 0.075785488 0.974708498 130.617950439
0.977671981 0.024500420 0.208703518 65.134735107 -0.004709693 0.995485067 -0.094801031 -0.600252151 -0.210083947 0.091701388 0.973373294 131.443603516
0.978031039 0.021117067 0.207386866 65.371879578 0.000563262 0.994584441 -0.103929624 -0.698642731 -0.208458468 0.101763226 0.972722590 132.431625366
0.978185594 0.020061875 0.206761613 65.458564758 -0.000501834 0.995550990 -0.094223253 -0.755012512 -0.207732067 0.092064075 0.973843753 132.937500000
0.978591323 0.014099815 0.205329597 65.647178650 0.001059922 0.997292042 -0.073534824 -0.842141151 -0.205810443 0.072178185 0.975926399 133.789535522
