0.811048448 0.354169160 0.465579897 16.495105743 -0.473464847 0.864859402 0.166880891 0.405380487 -0.343557090 -0.355784208 0.869129539 4.009463310
0.911544383 0.407201767 0.057215355 17.954355240 -0.411089331 0.905683815 0.103645429 0.664223731 -0.009614421 -0.117998034 0.992967308 5.177086353
0.800812900 0.353209972 0.483674914 16.712707520 -0.477617651 0.863891363 0.159915969 0.473927379 -0.361358643 -0.359074444 0.860514641 4.392153263
0.795908809 0.352432936 0.492260188 16.828950882 -0.479394346 0.863457382 0.156916007 0.505503893 -0.369743228 -0.360877633 0.856187642 4.586201668
0.790501297 0.351240337 0.501734793 16.948997498 -0.480579913 0.863566518 0.152629688 0.543153405 -0.379671723 -0.361777693 0.851449490 4.797406197
0.781934977 0.351976305 0.514480650 17.088083267 -0.482247710 0.864534318 0.141484037 0.627301335 -0.394987136 -0.358738482 0.845749378 5.079312801
0.645195186 0.247613788 0.722779751 15.767570496 -0.522667408 0.833064914 0.181167454 0.491606474 -0.557262897 -0.494661808 0.666909099 5.268421173
0.636393547 0.245441675 0.731273890 16.024290085 -0.525186718 0.832222164 0.177721918 0.554581404 -0.564962089 -0.497156441 0.658523500 5.503544807
0.626313686 0.243152186 0.740680873 16.282745361 -0.527635872 0.831635952 0.173153564 0.619218349 -0.573874116 -0.499258339 0.649160743 5.740266800
0.616162181 0.241842374 0.749570727 16.547775269 -0.530237436 0.831094384 0.167720601 0.675338984 -0.582402110 -0.500793576 0.640322864 5.972743034
0.605109632 0.241494730 0.758632064 16.816268921 -0.532214880 0.831379771 0.159859464 0.731523991 -0.592106104 -0.500487745 0.631603003 6.204037666
0.741266668 0.345892012 0.575223863 17.912782669 -0.494070590 0.861267984 0.118792430 0.779845119 -0.454332680 -0.372257978 0.809324324 6.306046963
0.581038058 0.243785754 0.776507080 17.371097565 -0.536766887 0.831958175 0.140452534 0.831865549 -0.611781120 -0.498411566 0.614255428 6.652792931
0.564945579 0.245732844 0.787687659 17.657039642 -0.540625811 0.831410646 0.128374785 0.872134328 -0.623346031 -0.498369038 0.602551281 6.871837616
0.543343961 0.248158067 0.801994383 17.830682755 -0.546419919 0.829793870 0.113434635 0.893105865 -0.637340248 -0.499859661 0.586462021 7.001060486
0.517828465 0.250609696 0.817953885 18.242073059 -0.551393569 0.828802347 0.095141441 0.947378516 -0.654078782 -0.500281394 0.567361951 7.300028801
0.489782214 0.251327753 0.834833920 18.556632996 -0.555189252 0.828208923 0.076386429 0.971569061 -0.672218859 -0.500903547 0.545176506 7.507954597
0.461750299 0.251700461 0.850548923 18.718757629 -0.556772649 0.828705132 0.057027321 0.977899313 -0.690500379 -0.499894768 0.522794783 7.605147839
0.327052116 0.264399350 0.907265067 19.067337036 -0.674022257 0.738186002 0.027846895 1.126836777 -0.662367642 -0.620624244 0.419636339 8.438939095
0.296948463 0.266331673 0.917000055 19.224992752 -0.675034463 0.737773597 0.004316254 1.124510407 -0.675388813 -0.620288312 0.398863822 8.509746552
0.265260130 0.270360231 0.925495744 19.824125290 -0.675166190 0.737340927 -0.021883454 1.117614508 -0.688322425 -0.619058549 0.378125250 8.765960693
0.236716300 0.272561431 0.932563961 19.975124359 -0.670758009 0.740242839 -0.046090439 1.106353998 -0.702886343 -0.614614427 0.358050227 8.825643539
0.208903372 0.279497027 0.937144995 20.722702026 -0.661564767 0.746122658 -0.075053364 1.072801471 -0.720202267 -0.604303360 0.340772957 9.085830688
0.181950942 0.282374263 0.941890955 20.861242294 -0.653586090 0.750388265 -0.098705396 1.053775549 -0.734655857 -0.597647369 0.321089715 9.133105278
0.163056865 0.291190743 0.942666650 21.796241760 -0.626991689 0.768292367 -0.128873110 1.026209116 -0.761770427 -0.570030391 0.307849497 9.399698257
0.139005437 0.293225259 0.945883989 21.923402786 -0.615675211 0.773712873 -0.149373442 1.002012730 -0.775642693 -0.561593652 0.288081795 9.437639236
0.148100853 0.349253058 0.925250471 25.838655472 -0.577074349 0.790298939 -0.205943361 0.592216015 -0.803150892 -0.503437877 0.318588972 10.151466370
0.124196760 0.362280905 0.923757434 25.962837219 -0.567138970 0.789828062 -0.233505920 0.560212612 -0.814204276 -0.494898111 0.303557694 10.193344116
0.019474901 0.339279562 0.940483987 31.838748932 -0.534846306 0.798286974 -0.276906759 0.530351639 -0.844724894 -0.497621655 0.197008997 6.690736771
-0.006788373 0.354653478 0.934973180 31.959007263 -0.528965294 0.792196512 -0.304336101 0.491965294 -0.848616242 -0.496634245 0.182221666 6.714284897
0.003508884 0.414222360 0.910168946 33.094585419 -0.522894979 0.776588380 -0.351413310 0.762530327 -0.852389812 -0.474689752 0.219319776 5.758276939
-0.018362224 0.417766213 0.908369005 33.211734772 -0.511705935 0.776593149 -0.367505282 0.712213516 -0.858964324 -0.471566021 0.199513480 5.781739235
-0.010576759 0.507587016 0.861535549 34.091415405 -0.503185570 0.741846085 -0.443247676 1.535553932 -0.864113629 -0.438200414 0.247564211 4.805584908
-0.028961930 0.502327919 0.864192009 34.221401215 -0.491275281 0.745777071 -0.449961245 1.463165283 -0.870522797 -0.437587947 0.225182205 4.838709354
-0.042843118 0.497788996 0.866239369 34.374950409 -0.475928217 0.752169847 -0.455777287 1.375997543 -0.878440142 -0.431794614 0.204686567 4.880548954
0.005100373 0.691696882 0.722169876 36.751964569 -0.482807100 0.634132504 -0.603964567 3.021583557 -0.875711799 -0.345588326 0.337190658 3.063751221
-0.001882681 0.693668008 0.720292270 36.869003296 -0.473142594 0.633950174 -0.611754239 2.915110588 -0.880983829 -0.341952682 0.327010423 3.117383957
-0.276425928 0.170209885 0.945842087 38.168693542 -0.008565702 0.983715415 -0.179528773 0.435575485 -0.960997045 -0.057728168 -0.270466506 3.165641785
-0.288509458 0.171573654 0.941979170 38.324371338 -0.012807642 0.983034194 -0.182974309 0.404909134 -0.957391381 -0.064854302 -0.281417310 3.120076180
-0.278627455 0.193023682 0.940802038 39.118007660 -0.020267425 0.978194773 -0.206697866 0.791347980 -0.960185170 -0.076659337 -0.268639982 2.247900009
-0.289111465 0.193868339 0.937459171 39.269096375 -0.016926300 0.978090405 -0.207490981 0.757729530 -0.957145691 -0.075855747 -0.279495835 2.209388733
-0.314778745 0.181881472 0.931575716 40.919738770 -0.004489267 0.981172562 -0.193081677 0.414412498 -0.949154437 -0.064960167 -0.308035672 1.626505852
-0.291096002 0.196990743 0.936193168 41.592029572 -0.018530095 0.977226734 -0.211386636 0.293193817 -0.956514359 -0.078881472 -0.280816525 1.101921082
-0.301836640 0.193533689 0.933509171 42.127857208 -0.005769836 0.978789628 -0.204786748 0.314139843 -0.953342199 -0.067198344 -0.294317931 0.672224045
-0.286086291 0.204593003 0.936107039 42.420425415 -0.007285517 0.976446629 -0.215636060 0.382660866 -0.958176136 -0.068510525 -0.277857542 0.435932159
-0.277851671 0.205011502 0.938492775 43.411060333 -0.010825673 0.976231337 -0.216460466 0.417262077 -0.960563004 -0.070303693 -0.269028187 -0.176468849
-0.262057364 0.206844956 0.942624629 43.633270264 -0.017026428 0.975617111 -0.218818158 0.386498451 -0.964902163 -0.073392443 -0.252145767 -0.357860565
-0.244592920 0.212283105 0.946102619 44.636180878 -0.023495059 0.974155843 -0.224651650 0.350935936 -0.969341159 -0.077176914 -0.233284086 -1.125486374
-0.225496560 0.208772972 0.951611936 44.875625610 -0.032104798 0.974646688 -0.221434236 0.238019943 -0.973714828 -0.080483966 -0.213076815 -1.345742226
-0.209981114 0.226919279 0.951007664 46.089889526 -0.040481064 0.969841421 -0.240351424 0.446340561 -0.976867020 -0.088967048 -0.194462523 -2.232705593
-0.199875861 0.225008041 0.953635693 46.364997864 -0.047418896 0.969913423 -0.238787442 0.361187935 -0.978673100 -0.092948176 -0.183192715 -2.390282154
-0.215465292 0.218223900 0.951815665 47.662891388 -0.043022145 0.971642315 -0.232508600 0.328537941 -0.975563347 -0.091046639 -0.199966803 -3.272049904
-0.192520201 0.216091618 0.957204461 48.037410736 -0.050389841 0.971988320 -0.229563862 0.184554100 -0.979998469 -0.092429057 -0.176238552 -3.648238182
-0.192487016 0.232569993 0.953341484 49.336273193 -0.052152645 0.967711627 -0.246605664 0.296897888 -0.979912639 -0.097187705 -0.174142838 -4.330069542
-0.180969805 0.239569247 0.953863978 50.198902130 -0.057307266 0.965661407 -0.253404737 0.240119934 -0.981817603 -0.100521974 -0.161026374 -4.820390701
-0.149480492 0.251295298 0.956298172 50.807502747 -0.065728344 0.962499857 -0.263199002 0.202223778 -0.986577511 -0.102199055 -0.127357692 -5.347306252
-0.150446996 0.256839603 0.954672217 52.001773834 -0.065771863 0.960923612 -0.268886447 0.144491196 -0.986427784 -0.103243746 -0.127675176 -5.910668373
-0.170382798 0.247357965 0.953825831 53.101135254 -0.064620301 0.963091135 -0.261303842 0.113955498 -0.983256698 -0.106158271 -0.148109883 -6.544960976
-0.153097555 0.256249338 0.954409480 54.074100494 -0.069683239 0.960591793 -0.269086987 0.019552231 -0.985751152 -0.107702933 -0.129208088 -7.114526749
-0.175686300 0.237953663 0.955255151 54.957340240 -0.057211932 0.966239750 -0.251212090 -0.199305534 -0.982782304 -0.098786518 -0.156141371 -7.470391273
-0.120141983 0.270890146 0.955083370 55.952785492 -0.082421228 0.956008732 -0.281520575 -0.235991478 -0.989329398 -0.112541579 -0.092529692 -8.062375069
-0.142890498 0.255452871 0.956203997 56.889404297 -0.069420807 0.961151600 -0.267148554 -0.321135521 -0.987300873 -0.104553446 -0.119605690 -8.422739029
-0.118729733 0.268884987 0.955826283 57.690925598 -0.080111392 0.956903100 -0.279139161 -0.376706123 -0.989689469 -0.109714687 -0.092072107 -8.846849442
-0.107482016 0.273753166 0.955775499 58.864849091 -0.084995545 0.955294907 -0.283173710 -0.576592445 -0.990567088 -0.111672692 -0.079409242 -9.276665688
-0.087746359 0.282357007 0.955287933 59.858505249 -0.091952041 0.952596664 -0.290007710 -0.767799377 -0.991889834 -0.113287784 -0.057623584 -9.687129021
-0.086060762 0.300793588 0.949798286 60.562511444 -0.098836966 0.946054816 -0.308563590 -0.753574371 -0.991375148 -0.120430410 -0.051688731 -9.772981644
-0.118090183 0.287450016 0.950487852 61.761981964 -0.116742797 0.946528614 -0.300756902 -0.929973602 -0.986116409 -0.146479100 -0.078218095 -10.360517502
-0.115105070 0.304553270 0.945514739 62.484741211 -0.125766382 0.939713717 -0.317995310 -1.011190414 -0.985359728 -0.155516833 -0.069863260 -10.526918411
-0.107720383 0.318923622 0.941639006 63.656730652 -0.132317886 0.934124947 -0.331515461 -1.188514709 -0.985336661 -0.160306633 -0.058425058 -10.882596970
-0.100226313 0.332035869 0.937926829 64.476165771 -0.140100211 0.928571820 -0.343695074 -1.342203140 -0.985051572 -0.165851057 -0.046549086 -11.117496490
-0.261699557 0.221802816 0.939317167 65.233016968 -0.020759208 0.971716285 -0.235236958 -0.957512856 -0.964926064 -0.081060886 -0.249693319 -12.629642487
-0.249450311 0.231190845 0.940385818 66.067512512 -0.029812742 0.968790352 -0.246082276 -1.081853867 -0.967928648 -0.089420781 -0.234772637 -13.037092209
-0.298056185 0.210109532 0.931137204 67.110733032 -0.018769551 0.973995507 -0.225788549 -1.096371651 -0.954363763 -0.084774673 -0.286361724 -13.903746605
-0.283478975 0.225080699 0.932190061 67.980545044 -0.025643557 0.969938993 -0.241993472 -1.215231895 -0.958635509 -0.092504725 -0.269185394 -14.346485138
-0.281826615 0.230237752 0.931431353 69.044296265 -0.030221829 0.968169749 -0.248463362 -1.448128700 -0.958989263 -0.098173141 -0.265897810 -14.734306335
-0.299741894 0.220082879 0.928287864 69.915412903 -0.026853722 0.970695436 -0.238808066 -1.401312828 -0.953642428 -0.096508786 -0.285048008 -15.591362000
-0.280990511 0.231384695 0.931399643 70.804397583 -0.030270183 0.967881024 -0.249579698 -1.556171417 -0.959233046 -0.098323204 -0.264961302 -15.976940155
-0.349764615 0.187914729 0.917797804 71.736877441 -0.025225691 0.977432191 -0.209737852 -1.444828987 -0.936497927 -0.096510999 -0.337130964 -16.798900604
-0.337188721 0.189036816 0.922262907 72.680244446 -0.029284107 0.977052987 -0.210973769 -1.339653969 -0.940981507 -0.098145582 -0.323915482 -17.630348206
-0.342517823 0.194219887 0.919217169 73.113006592 -0.046113919 0.973744631 -0.222923830 -1.374099731 -0.938378870 -0.118744090 -0.324568659 -17.757589340
-0.331748307 0.205708116 0.920666754 73.093269348 -0.052195005 0.970438540 -0.235636503 -1.297389984 -0.941922903 -0.126226172 -0.311204433 -17.905126572
-0.329479098 0.211137339 0.920252502 73.358337402 -0.047275208 0.969763696 -0.239422888 -1.385845184 -0.942978680 -0.122389957 -0.309535325 -18.005079269
-0.339920461 0.212632731 0.916101217 73.407424927 -0.043591384 0.969495714 -0.241200536 -1.384180069 -0.939443469 -0.121923126 -0.320282459 -17.969850540
-0.301199079 0.268340558 0.915025890 76.050338745 -0.128025979 0.939519882 -0.317666113 -1.075128555 -0.944927752 -0.212827787 -0.248627946 -19.984170914
-0.302709401 0.265075982 0.915479004 76.231971741 -0.129940107 0.940097511 -0.315169930 -1.138477325 -0.944183588 -0.214362323 -0.250132382 -20.029050827
-0.307040334 0.259780765 0.915554643 76.406036377 -0.133224025 0.940818727 -0.311627299 -1.194005966 -0.942325592 -0.217656031 -0.254260272 -20.063873291
-0.296296507 0.225181654 0.928171098 77.401420593 -0.061713647 0.965264559 -0.253881484 -1.381582260 -0.953100085 -0.132505015 -0.272107720 -20.733518600
-0.298880577 0.220764160 0.928403735 77.598320007 -0.069309965 0.965282142 -0.251846373 -1.441600800 -0.951770186 -0.139619604 -0.273202956 -20.781917572
-0.336451828 0.150897950 0.929532111 79.226417542 0.134255171 0.984681606 -0.111255981 -1.615406036 -0.932081401 0.087362200 -0.351556718 -22.182849884
-0.335515320 0.150615454 0.929916382 79.431053162 0.136704504 0.984471202 -0.110128313 -1.644050121 -0.932062984 0.090174042 -0.350894958 -22.253292084
-0.328196108 0.153115451 0.932117462 80.052803040 0.140567780 0.983704746 -0.112095997 -1.731566429 -0.934092104 0.094236203 -0.344371170 -22.507646561
-0.322254896 0.155467063 0.933799624 80.269302368 0.143233463 0.983073294 -0.114240602 -1.764403343 -0.935754240 0.096936740 -0.339068323 -22.585060120
-0.310597062 0.157714024 0.937366426 80.881713867 0.145859808 0.982367814 -0.116954893 -1.843281269 -0.939283967 0.100398250 -0.328124613 -22.821784973
-0.123634055 0.247324899 0.961012483 86.708381653 0.048143279 0.968796968 -0.243134722 -1.380512238 -0.991159320 0.016206559 -0.131683394 -26.934535980
-0.113324016 0.247611374 0.962209165 86.955772400 0.042817999 0.968765080 -0.244255617 -1.445837021 -0.992634952 0.013519852 -0.120386556 -26.962646484
0.030294949 0.295449525 0.954877913 91.146179199 0.015949234 0.955051839 -0.296009392 -1.291248322 -0.999413669 0.024197146 0.024221115 -29.572813034
-0.114011653 0.188432530 0.975445807 92.446922302 0.142527118 0.974793851 -0.171647832 -1.201396942 -0.983202755 0.119457617 -0.137994528 -30.528509140
-0.101302214 0.187622875 0.977003336 92.700469971 0.139543608 0.975026429 -0.172774449 -1.250965118 -0.985020459 0.118832134 -0.124953888 -30.561511993
-0.089000322 0.186645314 0.978387713 93.133590698 0.137748092 0.975153208 -0.173497841 -1.334935188 -0.986460567 0.119329661 -0.112498991 -30.607275009
-0.075927839 0.187386021 0.979347408 93.388969421 0.136710227 0.974863708 -0.175929099 -1.385831833 -0.987697005 0.120528892 -0.099636897 -30.631179810
-0.259074867 0.116818592 0.958766818 91.884857178 0.201955423 0.977268457 -0.064501107 -1.523779392 -0.944507420 0.176917523 -0.276777864 -29.853944778
-0.246893078 0.126071766 0.960806787 92.137229919 0.203711003 0.976097643 -0.075731665 -1.546177387 -0.947388828 0.177029312 -0.266673952 -29.921962738
-0.318484992 0.107213616 0.941845298 92.142074585 0.183692917 0.981729567 -0.049638029 -1.769076824 -0.929959357 0.157201335 -0.332360506 -29.327121735
-0.306597650 0.103720859 0.946171165 92.383026123 0.183157921 0.981896937 -0.048286606 -1.788757324 -0.934050858 0.158494204 -0.320044637 -29.408849716
-0.249991044 0.113541096 0.961567879 93.919105530 0.204334825 0.976920962 -0.062230464 -1.797720432 -0.946441650 0.180924773 -0.267421871 -30.168588638
-0.240701184 0.114495933 0.963822365 94.181587219 0.198968798 0.977749646 -0.066460736 -1.821624279 -0.949986458 0.175773397 -0.258126616 -30.234773636
-0.276527673 0.106013879 0.955140531 95.094566345 0.169167265 0.983746350 -0.060212441 -1.981284142 -0.945999324 0.144928098 -0.289967209 -30.273586273
-0.271783769 0.112370141 0.955775321 95.378608704 0.162678123 0.984231412 -0.069456652 -2.003223419 -0.948508918 0.136606559 -0.285778344 -30.353872299
-0.293440253 0.106301457 0.950048804 96.504150391 0.164035127 0.984658062 -0.059508566 -2.111059904 -0.941798985 0.138379186 -0.306375384 -30.674793243
-0.288642764 0.106641248 0.951479435 96.821876526 0.163232937 0.984709382 -0.060846973 -2.138598919 -0.943419516 0.137749702 -0.301636636 -30.775989532
-0.306550026 0.100095481 0.946577072 98.009605408 0.162867710 0.985305727 -0.051445957 -2.230088234 -0.937817276 0.138396069 -0.318347871 -31.131158829
-0.299953878 0.095806547 0.949130535 98.341094971 0.159738392 0.985940635 -0.049040060 -2.253374338 -0.940484643 0.136902854 -0.311040640 -31.242168427
-0.294943690 0.092321977 0.951044023 99.531196594 0.161009431 0.985890925 -0.045771465 -2.338591576 -0.941851437 0.139627054 -0.305646986 -31.623403549
-0.288993627 0.089572147 0.953131378 100.288772583 0.159602612 0.986187458 -0.044286430 -2.392501354 -0.943933070 0.139323771 -0.299297810 -31.863634109
-0.284157604 0.088063121 0.954724848 100.546546936 0.150662228 0.987503052 -0.046244476 -2.409205437 -0.946866155 0.130700216 -0.293874264 -31.935804367
-0.296118617 0.080472924 0.951755166 102.115592957 0.145532340 0.988611639 -0.038309895 -2.471738577 -0.943999112 0.127166882 -0.304457635 -32.534603119
-0.289180160 0.084830903 0.953508496 102.334579468 0.147443399 0.988126874 -0.043194115 -2.483459473 -0.945851564 0.128097653 -0.298254460 -32.601074219
-0.276409388 0.090402462 0.956778586 103.606353760 0.150962844 0.987290621 -0.049672831 -2.572345972 -0.949109018 0.130707964 -0.286543846 -32.978183746
-0.270116299 0.088315733 0.958768785 103.824470520 0.149247736 0.987588882 -0.048922524 -2.587761879 -0.951189935 0.129879281 -0.279944718 -33.041000366
-0.268537968 0.081483856 0.959816515 105.125801086 0.147294924 0.988171279 -0.042680804 -2.656734943 -0.951940954 0.129914671 -0.277363658 -33.428497314
-0.261044949 0.078604721 0.962121010 105.359916687 0.146450505 0.988367438 -0.041013714 -2.673392773 -0.954152882 0.130196661 -0.269519955 -33.494922638
-0.257737547 0.081284992 0.962789714 106.789497375 0.138997227 0.989209533 -0.046306156 -2.730719090 -0.956164777 0.121890277 -0.266254812 -33.942596436
-0.251999140 0.083473571 0.964120626 107.036643982 0.138358399 0.989145577 -0.049476519 -2.748578072 -0.957785606 0.120926172 -0.260813147 -34.006656647
-0.244725853 0.084373042 0.965914309 108.424896240 0.137407094 0.989170194 -0.051590726 -2.827353239 -0.959806502 0.120097890 -0.253668934 -34.394824982
-0.237537757 0.084330864 0.967710733 109.281639099 0.139873773 0.988811493 -0.051835783 -2.879372597 -0.961254954 0.123044401 -0.246675774 -34.623207092
-0.228520900 0.084158309 0.969894528 109.593933105 0.144670814 0.988130629 -0.051654171 -2.904886723 -0.962729752 0.128511414 -0.237983748 -34.701580048
-0.219477370 0.086365886 0.971787333 110.850608826 0.153965235 0.986658394 -0.052914582 -2.976088047 -0.963392079 0.138007924 -0.229846552 -34.998771667
-0.212459266 0.086900264 0.973298252 111.193153381 0.154382631 0.986513436 -0.054380301 -3.002424717 -0.964897454 0.138706744 -0.223009825 -35.073486328
-0.207850784 0.084184177 0.974531174 112.086677551 0.138373539 0.988801062 -0.055904206 -3.094588995 -0.968323827 0.123229630 -0.217171893 -35.274112701
-0.201539174 0.082864918 0.975968957 112.456085205 0.134771466 0.989283681 -0.056164894 -3.122288704 -0.970164299 0.120213337 -0.210547224 -35.353454590
-0.194426432 0.082040481 0.977480292 112.793975830 0.137667239 0.988915801 -0.055617463 -3.153644085 -0.971208513 0.123753518 -0.203565672 -35.452381134
-0.192772895 0.082777984 0.977745593 114.364822388 0.139694214 0.988601089 -0.056154814 -3.250592709 -0.971248686 0.125760272 -0.202139124 -35.766143799
-0.188375831 0.084454283 0.978458941 114.764282227 0.141014040 0.988297999 -0.058155082 -3.284459591 -0.971920431 0.127021447 -0.198080719 -35.838626862
-0.180585667 0.083042003 0.980047345 115.173767090 0.146991715 0.987517536 -0.056589969 -3.314348459 -0.972513258 0.133839488 -0.190538034 -35.933551788
-0.173195958 0.082416780 0.981432974 116.761390686 0.161793813 0.985335469 -0.054192316 -3.415827751 -0.971507013 0.149403930 -0.183990642 -36.244052887
-0.167738900 0.081612274 0.982447565 117.209243774 0.163482115 0.985071838 -0.053918038 -3.449184179 -0.972181678 0.151568457 -0.178577021 -36.321052551
-0.164721414 0.083160616 0.982828140 118.219024658 0.160400361 0.985433877 -0.056498073 -3.521174431 -0.973210394 0.148339555 -0.175661042 -36.500812531
-0.160124511 0.085497499 0.983387053 118.695556641 0.159412920 0.985404313 -0.059715725 -3.553886414 -0.974139452 0.147202685 -0.171416774 -36.587062836
-0.159061119 0.084582239 0.983638883 119.168212891 0.156428814 0.985896587 -0.059480775 -3.594474316 -0.974797189 0.144408390 -0.170048907 -36.662601471
-0.180448115 0.056232072 0.981975794 122.649078369 0.113569617 0.992878020 -0.035986803 -3.445941925 -0.977005780 0.105028868 -0.185549244 -37.654529572
-0.178979665 0.051662236 0.982495368 123.498977661 0.114901423 0.992884338 -0.031277087 -3.487154484 -0.977120221 0.107292153 -0.183642164 -37.818122864
-0.178060159 0.046540510 0.982918382 124.087814331 0.114411943 0.993085325 -0.026295658 -3.520362377 -0.977345586 0.107775390 -0.182153717 -37.920173645
-0.180870503 0.037706502 0.982783973 125.314910889 0.084428899 0.996171296 -0.022681927 -3.577134132 -0.979876280 0.078872874 -0.183361530 -38.167373657
-0.179053411 0.041761830 0.982952654 125.912223816 0.084511831 0.996058702 -0.026924074 -3.608680010 -0.980202913 0.078250296 -0.181877077 -38.281219482
-0.179807812 0.045884319 0.982630968 127.028816223 0.083823040 0.995993137 -0.031169800 -3.655967951 -0.980123818 0.076762564 -0.182933450 -38.479972839
-0.179935262 0.045264762 0.982636392 127.880462646 0.080142252 0.996294439 -0.031218681 -3.690688133 -0.980408251 0.073133335 -0.182896152 -38.627979279
-0.179073662 0.043614175 0.982868433 128.540374756 0.078137539 0.996491671 -0.029982433 -3.731900692 -0.980727792 0.071429841 -0.181853294 -38.746555328
-0.178938836 0.044875968 0.982836187 129.584991455 0.082932189 0.996091962 -0.030382274 -3.783107996 -0.980358660 0.076072156 -0.181961179 -38.932182312
-0.181838006 0.043719105 0.982356131 130.477737427 0.076614417 0.996604145 -0.030171577 -3.826805115 -0.980339229 0.069776304 -0.184570044 -39.091400146
-0.178325161 0.048470944 0.982777059 131.278549194 0.072707601 0.996704638 -0.035965033 -3.867328644 -0.981281698 0.065041915 -0.181261733 -39.230190277
-0.178786933 0.049185824 0.982657671 131.968765259 0.065905966 0.997105122 -0.037917897 -3.906617880 -0.981677949 0.057983756 -0.181511074 -39.339561462
-0.181601450 0.050116967 0.982094228 132.997665405 0.064194910 0.997174501 -0.039016064 -3.954462051 -0.981274664 0.055960100 -0.184305578 -39.535018921
-0.178625524 0.051772039 0.982554078 133.842025757 0.074462906 0.996462166 -0.038967729 -4.009976387 -0.981095433 0.066203222 -0.181848630 -39.684238434
-0.176967621 0.052690152 0.982805312 134.529998779 0.071525283 0.996614158 -0.040551361 -4.046225548 -0.981614351 0.063119158 -0.180137128 -39.802360535
-0.181692436 0.051361579 0.982013166 135.489578247 0.061760839 0.997259617 -0.040731993 -4.090547085 -0.981414020 0.053249270 -0.184366673 -39.973609924
-0.171438724 0.046712905 0.984086692 136.268447876 0.068700857 0.997010529 -0.035357926 -4.145503521 -0.982796490 0.061545912 -0.174135432 -40.142013550
-0.169258848 0.041876838 0.984681547 136.945190430 0.073449597 0.996854484 -0.029769143 -4.182527542 -0.982830942 0.067285761 -0.171802253 -40.261539459
-0.165317342 0.041694999 0.985358596 137.897125244 0.075450853 0.996712565 -0.029516768 -4.229302883 -0.983350039 0.069466524 -0.167919770 -40.436969757
-0.157996595 0.047928378 0.986275792 138.629714966 0.080586269 0.996115386 -0.035497010 -4.262033463 -0.984145761 0.073871873 -0.161245212 -40.581314087
-0.150137588 0.050113413 0.987394333 139.462051392 0.079259828 0.996110022 -0.038503982 -4.318605423 -0.985483050 0.072479784 -0.153525546 -40.699165344
-0.141923666 0.050388370 0.988594234 140.222366333 0.078813858 0.996108115 -0.039456759 -4.364148140 -0.986735106 0.072315082 -0.145342618 -40.799682617
-0.129956126 0.037597898 0.990806639 141.077285767 0.070220500 0.997120738 -0.028627237 -4.317677498 -0.989030004 0.065854654 -0.132222056 -40.888359070
-0.117842503 0.035777390 0.992387593 141.863769531 0.073433734 0.996928513 -0.027221106 -4.359378815 -0.990313470 0.069666930 -0.120107785 -40.982978821
-0.104192227 0.038868606 0.993797302 142.678359985 0.077164114 0.996539891 -0.030885788 -4.389842033 -0.991559207 0.073467433 -0.106830962 -41.073593140
-0.089209527 0.039229747 0.995240033 143.482711792 0.076044604 0.996575773 -0.032466050 -4.434016228 -0.993105590 0.072786376 -0.091887265 -41.155021667
-0.078792371 0.035234481 0.996268213 144.259048462 0.043258473 0.998554647 -0.031894147 -4.502646923 -0.995952070 0.040584009 -0.080202669 -41.201580048
-0.065617010 0.037114907 0.997154415 145.059936523 0.043157112 0.998478472 -0.034324266 -4.540840149 -0.996911168 0.040782042 -0.067118943 -41.245010376
-0.053092282 0.041954622 0.997707844 145.788040161 0.017331146 0.999005258 -0.041086912 -4.613071442 -0.998439193 0.015110008 -0.053766586 -41.290340424
-0.039889071 0.051398683 0.997881353 146.554580688 0.009930686 0.998647213 -0.051041171 -4.653486252 -0.999154747 0.007873673 -0.040345538 -41.308288574
-0.026946710 0.060318012 0.997815371 147.306518555 0.011837665 0.998127162 -0.060017176 -4.697170258 -0.999566793 0.010194524 -0.027610265 -41.306339264
-0.013486430 0.061030533 0.998044729 148.081542969 0.011373544 0.998080313 -0.060879033 -4.749014854 -0.999844372 0.010530264 -0.014154670 -41.315387726
-0.001412221 0.056998339 0.998373330 148.837173462 0.007462989 0.998347044 -0.056986291 -4.806471825 -0.999971151 0.007370369 -0.001835267 -41.311248779
0.009430246 0.051914025 0.998607039 149.617019653 0.001413412 0.998649776 -0.051929593 -4.883029938 -0.999954522 0.001901152 0.009344137 -41.283416748
0.017697114 0.059258848 0.998085797 150.356597900 -0.004345994 0.998237252 -0.059190791 -4.930134773 -0.999833941 -0.003290178 0.017923456 -41.249439240
0.023752622 0.067985632 0.997403622 151.131057739 -0.009941762 0.997651696 -0.067765802 -4.988201141 -0.999668419 -0.008306348 0.024372747 -41.224361420
0.027592789 0.070790008 0.997109592 151.894104004 -0.011711458 0.997443736 -0.070489652 -5.046184540 -0.999550641 -0.009732602 0.028351313 -41.204246521
0.023791632 0.064011753 0.997665465 152.581283569 -0.010287857 0.997910738 -0.063782156 -5.111264229 -0.999664009 -0.008746349 0.024400471 -41.109275818
0.021849805 0.059945397 0.997962475 153.333602905 -0.011053146 0.998154223 -0.059714913 -5.173829556 -0.999700129 -0.009725870 0.022472057 -41.084552765
0.019740691 0.056954898 0.998181522 154.121704102 -0.011179288 0.998326302 -0.056742068 -5.229629517 -0.999742568 -0.010038832 0.020344371 -41.082813263
0.016650736 0.057147849 0.998226881 154.875930786 -0.010318561 0.998321950 -0.056981195 -5.281121731 -0.999808073 -0.009351486 0.017212482 -41.072181702
0.012365416 0.056988321 0.998298228 155.622909546 -0.006931324 0.998355508 -0.056905743 -5.335409641 -0.999899507 -0.006215873 0.012740084 -41.054187775
0.007765471 0.055697627 0.998417437 156.375366211 -0.006598232 0.998428702 -0.055646934 -5.393770218 -0.999948025 -0.006155668 0.008120775 -41.046642303
0.002383694 0.055974286 0.998429298 157.131118774 -0.007812422 0.998402774 -0.055954147 -5.438469410 -0.999966621 -0.007666774 0.002817182 -41.043418884
-0.003399484 0.053810168 0.998545349 157.875473022 -0.008121939 0.998516679 -0.053836267 -5.493359566 -0.999961257 -0.008293134 -0.002957399 -41.042499542
-0.009003453 0.051223464 0.998646617 158.622589111 -0.006120947 0.998665571 -0.051279604 -5.547129631 -0.999940753 -0.006574349 -0.008677901 -41.053310394
-0.015674859 0.051346116 0.998557866 159.354263306 -0.007688851 0.998644829 -0.051471282 -5.595854759 -0.999847651 -0.008484569 -0.015258825 -41.047977448
-0.021982865 0.053978749 0.998300076 160.112014771 -0.011846169 0.998457193 -0.054248109 -5.632568359 -0.999688089 -0.013018569 -0.021309510 -41.056961060
-0.026239373 0.056116570 0.998079419 160.834014893 -0.012236000 0.998330235 -0.056452360 -5.686683655 -0.999580801 -0.013693774 -0.025508922 -41.070846558
-0.028434899 0.058173053 0.997901499 161.556884766 -0.011460990 0.998220444 -0.058518231 -5.742617130 -0.999529958 -0.013100892 -0.027717575 -41.094093323
-0.028697332 0.058879625 0.997852504 162.288681030 -0.009489172 0.998202562 -0.059173197 -5.785278320 -0.999543071 -0.011166907 -0.028087035 -41.108509064
-0.028241353 0.057287078 0.997958243 163.004180908 -0.007015394 0.998320460 -0.057506409 -5.836783409 -0.999576449 -0.008625129 -0.027792031 -41.127048492
-0.024117220 0.053819157 0.998259485 163.722320557 -0.003964657 0.998536825 -0.053929899 -5.888020992 -0.999701202 -0.005258389 -0.023868561 -41.144855499
-0.016618488 0.054614786 0.998369217 164.416107178 -0.005799038 0.998484969 -0.054717664 -5.933681488 -0.999845088 -0.006698898 -0.016276598 -41.155067444
-0.005148455 0.053683437 0.998544753 165.103927612 0.000189205 0.998557985 -0.053683177 -5.998090744 -0.999986708 -0.000087449 -0.005151188 -41.157691956
0.009530964 0.053974867 0.998496830 165.788986206 0.003355303 0.998534799 -0.054008953 -6.045510292 -0.999948919 0.003865018 0.009335897 -41.148284912
0.024788678 0.051373705 0.998371780 166.469314575 0.002872050 0.998670816 -0.051460404 -6.091072083 -0.999688566 0.004143008 0.024608187 -41.125495911
0.040874548 0.046327952 0.998089612 167.151184082 -0.002303069 0.998926222 -0.046272468 -6.138086319 -0.999161661 -0.000407303 0.040937353 -41.084064484
0.057984635 0.040058851 0.997513413 167.828979492 -0.003998571 0.999195993 -0.039893989 -6.177443027 -0.998309553 -0.001675390 0.058098190 -41.040843964
0.074301027 0.033348218 0.996678054 168.503417969 -0.006174954 0.999436915 -0.032980196 -6.217815399 -0.997216761 -0.003703980 0.074465103 -40.975349426
0.091792934 0.025359394 0.995455086 169.179626465 -0.003776249 0.999677300 -0.025118740 -6.245514870 -0.995770931 -0.001453364 0.091859072 -40.903388977
0.108690470 0.019366182 0.993886888 169.845443726 -0.005320964 0.999807239 -0.018899646 -6.277196884 -0.994061351 -0.003234225 0.108772561 -40.811092377
0.126865864 0.018066276 0.991755366 170.479949951 -0.009070229 0.999813437 -0.017052794 -6.308930874 -0.991878390 -0.006832030 0.127006069 -40.725082397
0.144873485 0.016813612 0.989307344 171.125473022 -0.008135691 0.999842048 -0.015801266 -6.330304146 -0.989416718 -0.005759513 0.144987419 -40.622421265
0.161851034 0.016195377 0.986682236 171.759109497 -0.009661075 0.999843359 -0.014826646 -6.353681564 -0.986767888 -0.007132703 0.161982134 -40.501453400
0.177614659 0.015225247 0.983982325 172.383285522 -0.014018160 0.999817967 -0.012939914 -6.370686531 -0.984000266 -0.011495302 0.177795768 -40.370605469
0.192047507 0.011610361 0.981316924 173.015609741 -0.016460380 0.999827504 -0.008608006 -6.391042233 -0.981247604 -0.014499704 0.192205474 -40.230186462
0.203583539 0.008401295 0.979021549 173.628509521 -0.013555167 0.999891520 -0.005761645 -6.405360222 -0.978963733 -0.012097824 0.203675345 -40.096008301
0.215814710 0.007010940 0.976409137 174.242004395 -0.011461304 0.999923527 -0.004646500 -6.417490959 -0.976366997 -0.010188140 0.215878606 -39.974224091
0.225247160 0.010417080 0.974245965 174.844116211 -0.015853325 0.999849737 -0.007025532 -6.438533783 -0.974172652 -0.013862557 0.225378454 -39.818222046
0.234948009 0.017822221 0.971844554 175.422088623 -0.020411326 0.999701858 -0.013398550 -6.455870628 -0.971793532 -0.016688675 0.235241756 -39.659889221
0.244289353 0.027271414 0.969318867 175.992385864 -0.019395400 0.999541879 -0.023233667 -6.476203918 -0.969508350 -0.013124590 0.244706362 -39.515830994
0.252744347 0.033759851 0.966943860 176.602630615 -0.015619572 0.999403119 -0.030810419 -6.486485004 -0.967406988 -0.007316091 0.253120869 -39.349449158
0.258611113 0.031794295 0.965458035 177.204010010 -0.015388395 0.999466896 -0.028792277 -6.511196613 -0.965858996 -0.007410846 0.258962572 -39.178775787
0.264321446 0.024383251 0.964126348 177.806503296 -0.017789667 0.999633491 -0.020404089 -6.531048775 -0.964270473 -0.011758249 0.264658391 -38.986286163
0.268286645 0.013884591 0.963239014 178.416076660 -0.022146884 0.999720812 -0.008241982 -6.553504944 -0.963084519 -0.019121531 0.268519223 -38.800552368
0.270478219 0.006338867 0.962705255 179.043167114 -0.022910075 0.999737501 -0.000145971 -6.570330143 -0.962453485 -0.022016166 0.270552456 -38.621723175
0.271341085 0.006236936 0.962463081 179.651718140 -0.020192893 0.999795794 -0.000786005 -6.578303814 -0.962271512 -0.019221637 0.271411657 -38.442420959
0.271930248 0.007685865 0.962286353 180.256195068 -0.015824802 0.999868631 -0.003514144 -6.590964317 -0.962186813 -0.014272389 0.272016257 -38.263141632
0.273256928 0.008144188 0.961906672 180.853881836 -0.013679405 0.999895930 -0.004579810 -6.590436459 -0.961843848 -0.011906845 0.273339957 -38.085655212
0.275989234 0.006196876 0.961140692 181.463928223 -0.016234780 0.999866605 -0.001784780 -6.599017620 -0.961023629 -0.015111327 0.276052982 -37.924964905
0.279089719 0.002375758 0.960262060 182.081970215 -0.016385280 0.999863148 0.002288470 -6.611181259 -0.960125208 -0.016372852 0.279090434 -37.746509552
0.281410664 -0.002213866 0.959584892 182.685592651 -0.016558683 0.999837220 0.007162781 -6.617924690 -0.959444523 -0.017905144 0.281328201 -37.554294586
0.285197943 -0.004702290 0.958457112 183.291564941 -0.015772045 0.999829590 0.009598389 -6.623516083 -0.958338857 -0.017854270 0.285075188 -37.363636017
0.291237235 -0.007960312 0.956617773 183.906433105 -0.012112916 0.999854505 0.012007812 -6.624698639 -0.956574202 -0.015084552 0.291098386 -37.169555664
0.299281001 -0.011255247 0.954098701 184.531753540 -0.010044115 0.999837816 0.014945451 -6.628273010 -0.954112172 -0.014055965 0.299119383 -36.971748352
0.308947355 -0.012580932 0.950995922 185.153686523 -0.008770496 0.999832273 0.016076248 -6.631747246 -0.951038718 -0.013307420 0.308785200 -36.764648438
0.320071161 -0.010651513 0.947333634 185.765701294 -0.010842880 0.999830127 0.014905198 -6.637934685 -0.947331488 -0.015042551 0.319901258 -36.546482086
0.331188440 -0.007101858 0.943537891 186.376159668 -0.010746331 0.999878526 0.011297962 -6.634333611 -0.943503439 -0.013881328 0.331071913 -36.317020416
0.343014359 -0.004076901 0.939321280 186.999343872 -0.011844655 0.999892294 0.008665137 -6.638867855 -0.939255476 -0.014098205 0.342929095 -36.079750061
0.354500949 -0.003640790 0.935048580 187.609512329 -0.010595693 0.999912560 0.007910448 -6.634100914 -0.934995651 -0.012711749 0.354431331 -35.840366364
0.365805715 -0.006748858 0.930666804 188.226470947 -0.009796868 0.999890327 0.011101576 -6.637924671 -0.930639744 -0.013178639 0.365699530 -35.593128204
0.377601713 -0.005574698 0.925951362 188.848937988 -0.013294591 0.999846041 0.011441096 -6.631078720 -0.925872624 -0.016630320 0.377469480 -35.336307526
0.388927162 -0.006528213 0.921245396 189.466125488 -0.014526657 0.999807060 0.013217720 -6.632671356 -0.921153963 -0.018523347 0.388757318 -35.071258545
0.396875530 -0.003676702 0.917865098 190.084609985 -0.023645893 0.999619067 0.014228429 -6.624894142 -0.917567790 -0.027350653 0.396637440 -34.766510010
0.403978020 -0.003041803 0.914763689 190.697891235 -0.026858194 0.999523878 0.015184770 -6.627528191 -0.914374292 -0.030703211 0.403704017 -34.485298157
0.407856286 -0.005149475 0.913031518 191.343078613 -0.027518451 0.999460399 0.017929580 -6.621056080 -0.912631333 -0.032437906 0.407494575 -34.176063538
0.410049200 -0.009144959 0.912017524 191.989913940 -0.023898585 0.999498665 0.020767111 -6.619853973 -0.911750317 -0.030311463 0.409625083 -33.883148193
0.410582572 -0.011938708 0.911745250 192.650192261 -0.017835617 0.999617815 0.021121185 -6.579227924 -0.911648929 -0.024933530 0.410212785 -33.576316833
0.409880221 -0.011771008 0.912063479 193.311294556 -0.016393991 0.999660194 0.020268966 -6.577226639 -0.911991954 -0.023260206 0.409547955 -33.285522461
0.409612626 -0.010326007 0.912201107 193.980590820 -0.015851619 0.999704421 0.018434508 -6.566648960 -0.912121832 -0.022010872 0.409327865 -32.980361938
0.409693450 -0.012582972 0.912136436 194.645797729 -0.011950159 0.999745011 0.019159045 -6.555616379 -0.912144959 -0.018749513 0.409438610 -32.687454224
0.407995552 -0.017754411 0.912811279 195.325241089 -0.006313812 0.999732077 0.022267105 -6.553486824 -0.912962198 -0.014848198 0.407774150 -32.390724182
0.406990081 -0.020195901 0.913209260 195.981750488 -0.006403443 0.999667883 0.024961784 -6.543361187 -0.913410127 -0.016006883 0.406725585 -32.112365723
0.405459613 -0.023493249 0.913811028 196.689941406 -0.005366764 0.999591291 0.028079825 -6.550042152 -0.914097190 -0.016289445 0.405167818 -31.789421082
0.404392391 -0.023419138 0.914285660 197.350677490 -0.006356216 0.999576032 0.028415201 -6.539593697 -0.914563596 -0.017302290 0.404072106 -31.500175476
0.403813571 -0.025062401 0.914497912 198.087005615 -0.007598841 0.999498308 0.030747302 -6.505447388 -0.914809763 -0.019365305 0.403420538 -31.165351868
0.401379317 -0.023627713 0.915607095 198.743255615 -0.008722918 0.999523282 0.029617125 -6.499737263 -0.915870368 -0.019874472 0.400981963 -30.862976074
0.401253551 -0.021016009 0.915725887 199.462768555 -0.006540632 0.999645531 0.025807954 -6.491277218 -0.915943682 -0.016344959 0.400973856 -30.564002991
0.399792939 -0.014240379 0.916494846 200.125411987 -0.008002383 0.999787033 0.019025357 -6.480654716 -0.916570604 -0.014940345 0.399593800 -30.263397217
0.399573803 -0.012057409 0.916621566 200.830291748 -0.008776383 0.999817371 0.016977580 -6.467953682 -0.916658878 -0.014828421 0.399395019 -29.961654663
0.397232324 -0.013995049 0.917611361 201.499633789 -0.011404946 0.999731243 0.020184692 -6.465176582 -0.917647183 -0.018483317 0.396965951 -29.661132812
0.396210492 -0.017905496 0.917985082 202.208999634 -0.012122911 0.999620616 0.024730174 -6.468316078 -0.918079674 -0.020927005 0.395843118 -29.342620850
0.393594623 -0.016689859 0.919132590 202.892089844 -0.016337773 0.999550223 0.025146337 -6.461055756 -0.919138908 -0.024914045 0.393144965 -29.048835754
0.388697714 -0.018265205 0.921184301 203.558959961 -0.017317394 0.999482036 0.027124841 -6.469875336 -0.921202600 -0.026495876 0.388180077 -28.744285583
0.380608231 -0.019018691 0.924540758 204.261337280 -0.018643793 0.999427497 0.028234323 -6.465894699 -0.924548447 -0.027983163 0.380035728 -28.437866211
0.373214006 -0.020041708 0.927528799 204.953887939 -0.017488958 0.999436975 0.028632591 -6.463498592 -0.927580416 -0.026907595 0.372653306 -28.173423767
0.362986922 -0.018840035 0.931603730 205.643707275 -0.014424082 0.999562144 0.025834523 -6.456195354 -0.931682527 -0.022815121 0.362556189 -27.911415100
0.353531957 -0.017327584 0.935261905 206.333007812 -0.014518869 0.999606431 0.024007868 -6.473797321 -0.935309768 -0.022066500 0.353141129 -27.666542053
0.342064023 -0.017201778 0.939519107 207.028976440 -0.017450619 0.999543667 0.024654273 -6.461428165 -0.939514577 -0.024828533 0.341607809 -27.419368744
0.330930084 -0.025164092 0.943319619 207.739898682 -0.012344149 0.999443412 0.030991755 -6.452098370 -0.943574667 -0.021900585 0.330435216 -27.166526794
0.322625458 -0.033783533 0.945923626 208.443405151 -0.006981201 0.999250591 0.038069177 -6.442162037 -0.946501017 -0.018885769 0.322147876 -26.940040588
0.314818799 -0.039321139 0.948336959 209.171615601 -0.008087595 0.998994112 0.044106383 -6.429805756 -0.949117303 -0.021555286 0.314184070 -26.691989899
