0.999138176 0.002077274 -0.041459918 -0.055722669 -0.002221253 0.999991655 -0.003426970 -0.003855384 0.041452449 0.003516110 0.999134302 0.482641160
0.998506844 0.001967740 -0.054592047 -0.080948032 -0.002205661 0.999988317 -0.004298242 -0.004110198 0.054582953 0.004412236 0.998499513 0.601465046
0.997365355 0.001623522 -0.072523668 -0.032782547 -0.001956278 0.999987900 -0.004517454 -0.001173031 0.072515450 0.004647430 0.997356415 0.278866172
0.995958865 0.000473801 -0.089809373 -0.127650738 -0.000855054 0.999990761 -0.004206704 -0.007614955 0.089806572 0.004266494 0.995950103 0.877354980
0.993963778 -0.000701862 -0.109706238 -0.161150038 0.000202430 0.999989569 -0.004563520 -0.008301124 0.109708302 0.004513766 0.993953526 1.028996468
0.991230071 -0.001289081 -0.132141322 -0.139334619 0.000630417 0.999987185 -0.005026249 -0.008567885 0.132146105 0.004898865 0.991218150 0.836471081
0.987781465 0.002436090 -0.155826643 -0.168761656 -0.003456437 0.999974310 -0.006277340 -0.011541398 0.155807301 0.006739244 0.987764478 0.918816447
0.983307540 0.006448195 -0.181836784 -0.210761279 -0.007963558 0.999939442 -0.007604747 -0.017532278 0.181776732 0.008925871 0.983299315 1.051930428
0.978025615 0.009517531 -0.208267555 -0.389648676 -0.011573965 0.999895513 -0.008657598 -0.028794549 0.208163425 0.010877834 0.978033543 1.691912770
0.971380889 0.010234363 -0.237307191 -0.464679956 -0.012718703 0.999879181 -0.008940205 -0.029893322 0.237187043 0.011702585 0.971393526 1.868833303
0.963244081 0.012045739 -0.268357426 -0.510290861 -0.015041613 0.999845386 -0.009110498 -0.028220324 0.268206179 0.012812164 0.963276386 1.975729108
0.953640580 0.013827640 -0.300629973 -0.582827330 -0.016709212 0.999835730 -0.007015987 -0.039124008 0.300483525 0.011714024 0.953715026 2.137611151
0.942536891 0.016169231 -0.333710670 -0.731893778 -0.019324383 0.999794424 -0.006137152 -0.042581007 0.333542824 0.012233243 0.942655623 2.424283743
0.929950714 0.018066604 -0.367239952 -0.823615193 -0.021924481 0.999739528 -0.006335872 -0.037910648 0.367029816 0.013943591 0.930104733 2.585033417
0.916144907 0.020794675 -0.400307506 -0.935906291 -0.025123622 0.999668837 -0.005568450 -0.038691204 0.400059193 0.015158683 0.916363895 2.754576683
0.900147736 0.021572966 -0.435050488 -1.057233095 -0.026457021 0.999636590 -0.005172043 -0.036016300 0.434780836 0.016165741 0.900391221 2.936053514
0.881930709 0.017883580 -0.471039623 -1.208480477 -0.022846619 0.999727428 -0.004820046 -0.045150977 0.470824987 0.015012612 0.882098854 3.137124062
0.860838532 0.012900509 -0.508714795 -1.341720343 -0.017980026 0.999825537 -0.005070902 -0.049257554 0.508560598 0.013511937 0.860920191 3.310523987
0.836068034 0.014676495 -0.548429549 -1.516471386 -0.018840363 0.999820590 -0.001965550 -0.052629218 0.548302233 0.011975946 0.836194396 3.504087448
0.807105243 0.020462280 -0.590052843 -1.686110735 -0.023837507 0.999713719 0.002062607 -0.057280421 0.589926064 0.012400649 0.807362020 3.655766010
0.774722159 0.023449706 -0.631866813 -1.885997891 -0.027185459 0.999623358 0.003766127 -0.058277652 0.631717145 0.014259892 0.775067806 3.826324701
0.738802671 0.023214873 -0.673521817 -2.089438438 -0.026740229 0.999629319 0.005123097 -0.065927535 0.673391104 0.014225166 0.739149630 3.986174107
0.698860347 0.018790020 -0.715011239 -2.306141615 -0.020686459 0.999767661 0.006054043 -0.064268425 0.714958906 0.010560119 0.699086785 4.158203602
0.656496406 0.015026570 -0.754179537 -2.545404434 -0.015368577 0.999860466 0.006543613 -0.060354572 0.754172564 0.007294809 0.656635761 4.313814640
0.611819088 0.014326440 -0.790867984 -2.805873394 -0.012644798 0.999885380 0.008330679 -0.057951096 0.790896595 0.004903498 0.611930132 4.460577011
0.568429708 0.010027139 -0.822670758 -3.045455456 -0.009749949 0.999937534 0.005450967 -0.040428068 0.822674036 0.004922504 0.568491995 4.722191334
0.516292870 0.009862257 -0.856355309 -3.349072933 -0.008064950 0.999945343 0.006653596 -0.033768330 0.856374204 0.003471258 0.516344190 4.873282433
0.464030355 0.012584269 -0.885729909 -3.684040070 -0.013540098 0.999883056 0.007112530 -0.017205499 0.885715842 0.008692440 0.464146435 4.996136665
0.409281582 0.014509067 -0.912292719 -4.037007809 -0.012699245 0.999867260 0.010204592 -0.014864556 0.912319779 0.007408880 0.409411430 5.109305382
0.353656232 0.017035186 -0.935220301 -4.367049217 -0.013679758 0.999821424 0.013038865 -0.016137533 0.935275435 0.008182310 0.353826225 5.185916901
0.298191309 0.021278454 -0.954268932 -4.766871929 -0.010915235 0.999762118 0.018882062 -0.030254580 0.954443693 0.004785602 0.298352569 5.271625519
0.244862199 0.022529548 -0.969296098 -5.113439083 -0.007674423 0.999743700 0.021298548 -0.021812528 0.969527662 0.002223579 0.244972348 5.324383736
0.194207072 0.022884408 -0.980693579 -5.562390327 -0.005412456 0.999737680 0.022256969 -0.018012166 0.980945647 0.000985501 0.194279969 5.368058681
0.146183714 0.023937685 -0.988967896 -5.934027195 -0.008013103 0.999703109 0.023013072 -0.015444487 0.989224911 0.004560567 0.146332115 5.392493248
0.103614792 0.024752107 -0.994309425 -6.427417278 -0.008961659 0.999672949 0.023951745 -0.011513725 0.994577050 0.006428907 0.103802733 5.406057835
0.065554060 0.022766866 -0.997589290 -6.812360287 -0.011148785 0.999693990 0.022082286 0.000044391 0.997786701 0.009674324 0.065787822 5.403495789
0.029577680 0.019413954 -0.999373972 -7.340827465 -0.010607507 0.999761224 0.019107537 0.013059452 0.999506235 0.010035707 0.029776555 5.410809517
-0.000236731 0.017074522 -0.999854207 -7.751303673 -0.010041406 0.999803782 0.017076038 0.010633022 0.999949574 0.010043984 -0.000065233 5.371507645
-0.026842693 0.015256610 -0.999523222 -8.240100861 -0.010971045 0.999818802 0.015555752 0.015087366 0.999579489 0.011383373 -0.026670448 5.338101387
-0.047594011 0.012866954 -0.998783827 -8.745771408 -0.011618437 0.999842286 0.013434230 0.024162203 0.998799205 0.012243696 -0.047437008 5.295543194
-0.064014390 0.012000774 -0.997876823 -9.333958626 -0.010948692 0.999859095 0.012726979 0.033289440 0.997888982 0.011740156 -0.063873962 5.245395660
-0.077014528 0.012237769 -0.996954918 -9.803893089 -0.009960674 0.999865472 0.013042954 0.041003339 0.996980250 0.010934840 -0.076882258 5.200773239
-0.086206235 0.013477664 -0.996186197 -10.433420181 -0.010682131 0.999838531 0.014451468 0.041635327 0.996220112 0.011887197 -0.086048335 5.132675171
-0.093309574 0.014267799 -0.995534956 -10.921447754 -0.012680376 0.999799132 0.015517416 0.044442385 0.995556355 0.014071679 -0.093109913 5.081988335
-0.098003827 0.015183073 -0.995070279 -11.580291748 -0.012556243 0.999785185 0.016491668 0.051215619 0.995106816 0.014110588 -0.097792126 5.015148163
-0.099152975 0.015959876 -0.994944155 -12.100483894 -0.010469479 0.999799311 0.017081106 0.054390058 0.995017052 0.012110190 -0.098965965 4.958124161
-0.097612403 0.018032877 -0.995061100 -12.787788391 -0.008440331 0.999784887 0.018946454 0.061693162 0.995188713 0.010248053 -0.097439177 4.882453442
-0.096920818 0.019976797 -0.995091617 -13.354917526 -0.009040890 0.999739587 0.020950679 0.069851041 0.995251060 0.011027070 -0.096714981 4.839925766
-0.095204800 0.019997746 -0.995256901 -14.062413216 -0.011590758 0.999708176 0.021195944 0.073789418 0.995390236 0.013553737 -0.094945237 4.766861916
-0.093695052 0.017268388 -0.995451152 -14.644584656 -0.012822296 0.999745727 0.018549768 0.079949707 0.995518267 0.014501993 -0.093449809 4.711186886
-0.092768461 0.016982906 -0.995542884 -15.391478539 -0.013140376 0.999746561 0.018279091 0.091703147 0.995600939 0.014777532 -0.092521794 4.647483826
-0.090833463 0.019591251 -0.995673358 -16.009601593 -0.012636208 0.999703288 0.020823320 0.101285905 0.995785952 0.014472991 -0.090558954 4.585571766
-0.088696226 0.022902658 -0.995795369 -16.781703949 -0.013583356 0.999614775 0.024200380 0.109997898 0.995966077 0.015672727 -0.088350967 4.507330894
-0.087235540 0.024922375 -0.995875835 -17.423206329 -0.014884233 0.999542832 0.026317950 0.109289467 0.996076465 0.017118711 -0.086824715 4.457063675
-0.085974514 0.024096584 -0.996005893 -18.213481903 -0.017184706 0.999522865 0.025665045 0.120584935 0.996149123 0.019322608 -0.085519403 4.389010906
-0.083641842 0.021326773 -0.996267557 -18.889759064 -0.019022662 0.999554634 0.022994189 0.129569620 0.996314287 0.020874938 -0.083198890 4.319823265
-0.081959970 0.020269865 -0.996429443 -19.697212219 -0.019975007 0.999558985 0.021976542 0.145579427 0.996435463 0.021704882 -0.081518933 4.243699074
-0.080635823 0.022776384 -0.996483326 -20.404678345 -0.017559949 0.999551296 0.024267459 0.148260862 0.996589065 0.019455021 -0.080199681 4.193016529
-0.079384945 0.024672076 -0.996538639 -21.218189240 -0.015068708 0.999549747 0.025947008 0.160923839 0.996730208 0.017076349 -0.078977428 4.125609398
-0.078056611 0.026709395 -0.996591032 -21.957527161 -0.014539512 0.999504268 0.027926261 0.165652961 0.996842921 0.016669776 -0.077629581 4.064997673
-0.077710107 0.022076301 -0.996731520 -22.782604218 -0.014043522 0.999631405 0.023235438 0.172111332 0.996877074 0.015803248 -0.077371426 4.002105236
-0.077308372 0.015047335 -0.996893704 -23.519655228 -0.013281112 0.999781847 0.016120872 0.175546557 0.996918678 0.014486131 -0.077091657 3.944180965
-0.077745385 0.010223938 -0.996920824 -24.365222931 -0.009578614 0.999893606 0.011001416 0.186386704 0.996927142 0.010404428 -0.077639185 3.882918835
-0.078331932 0.010742476 -0.996869445 -25.121648788 -0.009216705 0.999891341 0.011499273 0.191601112 0.996884763 0.010088611 -0.078224428 3.822736025
-0.078070633 0.018338595 -0.996779144 -25.982467651 -0.009317209 0.999773681 0.019123442 0.192913502 0.996904314 0.010780180 -0.077882081 3.745808125
-0.078848027 0.025170153 -0.996568859 -26.758480072 -0.011187377 0.999595881 0.026131747 0.197165906 0.996823907 0.013209430 -0.078534573 3.687545538
-0.079111531 0.030684872 -0.996393383 -27.615034103 -0.013486552 0.999401689 0.031848315 0.202199101 0.996774554 0.015957480 -0.078650348 3.613086939
-0.079367697 0.030659610 -0.996373773 -28.398885727 -0.014927578 0.999378145 0.031941149 0.213114917 0.996733665 0.017408542 -0.078860693 3.539926529
-0.079441793 0.027251838 -0.996466935 -29.253446579 -0.015127942 0.999478102 0.028540246 0.222838998 0.996724784 0.017341781 -0.078988090 3.460065126
-0.080100030 0.024311548 -0.996490240 -30.022480011 -0.015545841 0.999550402 0.025635814 0.232811689 0.996665597 0.017544707 -0.079686075 3.401095152
-0.080552325 0.025560867 -0.996422529 -30.869037628 -0.016282186 0.999504030 0.026956189 0.243862629 0.996617436 0.018395320 -0.080096178 3.329818487
-0.080145448 0.027995894 -0.996389866 -31.643133163 -0.018658774 0.999388278 0.029580966 0.242005229 0.996608555 0.020962195 -0.079574041 3.263117790
-0.079616711 0.026486654 -0.996473551 -32.487041473 -0.019191900 0.999420941 0.028098397 0.249865413 0.996640801 0.021361327 -0.079062283 3.185979605
-0.079889372 0.020589480 -0.996591210 -33.264942169 -0.020150751 0.999548912 0.022265930 0.264157653 0.996600032 0.021860868 -0.079438463 3.124273539
-0.080003835 0.016509101 -0.996657908 -34.100128174 -0.021739185 0.999596119 0.018302824 0.265675813 0.996557474 0.023130823 -0.079612620 3.058017015
-0.078871019 0.017213587 -0.996736288 -34.925476074 -0.020653659 0.999608159 0.018897489 0.277770728 0.996670902 0.022076713 -0.078484587 2.975510359
-0.079100899 0.019650729 -0.996672928 -35.683391571 -0.020749301 0.999556601 0.021354355 0.272348374 0.996650696 0.022369411 -0.078658089 2.928785563
-0.078770071 0.024359904 -0.996595263 -36.512962341 -0.020167360 0.999457896 0.026023898 0.281618953 0.996688843 0.022148594 -0.078236103 2.859264612
-0.077735789 0.029554477 -0.996535838 -37.298473358 -0.019779980 0.999318182 0.031179950 0.294073343 0.996777713 0.022135258 -0.077098206 2.794444323
-0.077816620 0.032594819 -0.996434689 -38.127735138 -0.020213241 0.999208391 0.034264106 0.306969762 0.996762693 0.022807494 -0.077096164 2.720729351
-0.077681422 0.032380521 -0.996452272 -38.937828064 -0.019628990 0.999229074 0.034000985 0.319726348 0.996784925 0.022200596 -0.076985940 2.661935806
-0.077735089 0.026785027 -0.996614218 -39.704647064 -0.020071579 0.999394417 0.028425314 0.343358338 0.996772051 0.022213262 -0.077150390 2.600485325
-0.077337213 0.022243299 -0.996756852 -40.523948669 -0.021679481 0.999477327 0.023986090 0.354308367 0.996769249 0.023464186 -0.076814562 2.532459021
-0.077201083 0.019200511 -0.996830642 -41.308040619 -0.025316199 0.999454379 0.021211704 0.361450076 0.996694028 0.026873529 -0.076672889 2.459897518
-0.077900559 0.017634347 -0.996805131 -42.138214111 -0.028709620 0.999389172 0.019923722 0.363782883 0.996547580 0.030169971 -0.077346697 2.392011642
-0.078163743 0.015106829 -0.996826053 -42.956039429 -0.026434980 0.999502122 0.017220221 0.372131348 0.996590018 0.027697073 -0.077725485 2.319710255
-0.079517551 0.011351257 -0.996768832 -43.695964813 -0.022840749 0.999651909 0.013206220 0.367984116 0.996571720 0.023817075 -0.079230599 2.261765480
-0.080400288 0.009903536 -0.996713459 -44.531230927 -0.018838773 0.999756992 0.011453418 0.367153645 0.996584594 0.019697720 -0.080194168 2.192263365
-0.082385778 0.013337558 -0.996511221 -45.335090637 -0.018447582 0.999718726 0.014905624 0.366861761 0.996429801 0.019611236 -0.082116552 2.132624149
-0.084257662 0.018124489 -0.996279120 -46.073120117 -0.016184876 0.999677837 0.019555109 0.371958971 0.996312559 0.017772323 -0.083937161 2.070174932
-0.086276479 0.022257943 -0.996022522 -46.887161255 -0.014582912 0.999615073 0.023601402 0.366105914 0.996164501 0.016561156 -0.085918665 2.003792048
-0.087569483 0.021328529 -0.995930076 -47.699573517 -0.014134138 0.999643564 0.022650834 0.367893100 0.996058047 0.016060134 -0.087236792 1.924222946
-0.088506468 0.016632201 -0.995936871 -48.407791138 -0.017448429 0.999681234 0.018245332 0.369178474 0.995922804 0.018992363 -0.088188060 1.848083496
-0.090079591 0.012558149 -0.995855451 -49.210853577 -0.022242293 0.999645710 0.014617863 0.372391939 0.995686233 0.023466878 -0.089768350 1.768271923
-0.090542875 0.011622878 -0.995824754 -50.001602173 -0.026527068 0.999549031 0.014078250 0.368818551 0.995539248 0.027690995 -0.090193711 1.674655437
-0.092753410 0.011335293 -0.995624542 -50.703742981 -0.026835164 0.999543488 0.013879905 0.359074950 0.995327413 0.028005153 -0.092406884 1.615351200
-0.093951382 0.013082449 -0.995490789 -51.492172241 -0.027171474 0.999507546 0.015699597 0.353551447 0.995205939 0.028523952 -0.093549646 1.540393353
-0.094798520 0.012919717 -0.995412529 -52.282966614 -0.029571077 0.999437988 0.015788179 0.345626056 0.995057166 0.030932117 -0.094363198 1.456746101
-0.095918484 0.010736008 -0.995331287 -52.944766998 -0.028973192 0.999487996 0.013572936 0.344036937 0.994967401 0.030139821 -0.095558308 1.393453121
-0.096965320 0.012405152 -0.995210409 -53.708274841 -0.026826715 0.999526441 0.015072731 0.340292513 0.994926095 0.028159760 -0.096586615 1.324119568
-0.096952416 0.015212679 -0.995172739 -54.503528595 -0.026155272 0.999498844 0.017826930 0.346791267 0.994945228 0.027757380 -0.096505940 1.240344524
-0.097719125 0.018924374 -0.995034099 -55.112030029 -0.025205394 0.999451280 0.021483727 0.328150272 0.994894922 0.027179595 -0.097188503 1.171042442
-0.098067403 0.021511137 -0.994947195 -55.866519928 -0.025865693 0.999373376 0.024156295 0.315460205 0.994843602 0.028103946 -0.097449571 1.083581924
-0.098789454 0.020813951 -0.994890630 -56.630733490 -0.024994368 0.999413908 0.023390444 0.331477880 0.994794369 0.027177395 -0.098211318 1.004594803
-0.099328645 0.018765256 -0.994877636 -57.386310577 -0.024662433 0.999468565 0.021314144 0.324749053 0.994748950 0.026653208 -0.098813057 0.938530922
-0.099461615 0.015851961 -0.994915128 -58.132690430 -0.024913324 0.999519944 0.018415913 0.316431940 0.994729400 0.026618322 -0.099018939 0.853197098
-0.098177969 0.011826866 -0.995098591 -58.610260010 -0.024392705 0.999600291 0.014286988 0.305377185 0.994869888 0.025675815 -0.097850248 0.788370132
-0.097607270 0.009556420 -0.995179117 -59.308349609 -0.024340725 0.999631822 0.011986518 0.301884592 0.994927287 0.025393356 -0.097338714 0.727836132
-0.094375491 0.008727443 -0.995498419 -60.020469666 -0.027251169 0.999564171 0.011346564 0.296899885 0.995163620 0.028199336 -0.094096556 0.628422260
-0.090149343 0.009566129 -0.995882273 -60.715782166 -0.027226619 0.999556422 0.012066036 0.293966532 0.995555937 0.028202258 -0.089848898 0.569202900
-0.085151784 0.011017350 -0.996307075 -61.359699249 -0.026545152 0.999558747 0.013322056 0.290706038 0.996014297 0.027581526 -0.084821776 0.535305977
-0.077338025 0.011155313 -0.996942699 -61.787277222 -0.024261249 0.999620199 0.013067348 0.270390451 0.996709645 0.025197672 -0.077038035 0.488404274
-0.068947904 0.012226736 -0.997545421 -62.421237946 -0.024639709 0.999598980 0.013954945 0.264619350 0.997315943 0.025541389 -0.068618998 0.451121330
-0.056762401 0.013937108 -0.998290539 -63.045806885 -0.026941042 0.999516964 0.015486094 0.258811653 0.998024225 0.027774015 -0.056359507 0.405532598
-0.041161507 0.015623717 -0.999030411 -63.654750824 -0.029813934 0.999413192 0.016858084 0.251856923 0.998707592 0.030478926 -0.040671561 0.370664358
-0.022633243 0.016755896 -0.999603510 -64.234870911 -0.030273335 0.999389410 0.017437767 0.252393663 0.999285400 0.030656004 -0.022112183 0.354007483
-0.000857532 0.017292768 -0.999850154 -64.800376892 -0.031191258 0.999363363 0.017311104 0.252437711 0.999513030 0.031201435 -0.000317626 0.365228176
0.025753457 0.017103843 -0.999521971 -65.084159851 -0.026086766 0.999524593 0.016431736 0.216134787 0.999327898 0.025651122 0.026187394 0.416800857
0.055129416 0.016548643 -0.998342037 -65.598922729 -0.024194174 0.999591112 0.015233320 0.214277804 0.998185992 0.023314260 0.055507265 0.464842319
0.089578554 0.016404787 -0.995844543 -66.095069885 -0.022225192 0.999648213 0.014468237 0.210513175 0.995731771 0.020836797 0.089911640 0.519864082
0.126500517 0.015878819 -0.991839409 -66.543655396 -0.020863805 0.999693215 0.013343556 0.221395135 0.991747200 0.019005576 0.126793012 0.612814903
0.168197215 0.016241869 -0.985619485 -66.979248047 -0.019133095 0.999729633 0.013209300 0.200518310 0.985567749 0.016636183 0.168462485 0.686548233
0.213839948 0.017253546 -0.976716340 -67.429176331 -0.017406026 0.999752522 0.013849642 0.193862915 0.976713717 0.014039141 0.214087352 0.801887512
0.262696207 0.013168027 -0.964788675 -67.637809753 -0.009053677 0.999896526 0.011182028 0.201349199 0.964836061 0.005797413 0.262788147 0.901195526
0.312298059 0.008202899 -0.949948788 -68.041076660 -0.000260380 0.999963462 0.008549178 0.196535617 0.949984074 -0.002422541 0.312288731 1.083929062
0.363904119 0.002681593 -0.931432545 -68.433189392 0.006669141 0.999962747 0.005484481 0.187616944 0.931412578 -0.008207683 0.363872647 1.266950607
0.413933396 -0.001799591 -0.910305381 -68.802154541 0.012970454 0.999908209 0.003921186 0.182213515 0.910214722 -0.013430186 0.413918734 1.513170242
0.465608746 -0.007258870 -0.884960890 -69.028343201 0.021569192 0.999762356 0.003147776 0.193209752 0.884727836 -0.020553524 0.465654701 1.651552200
0.513785601 -0.008385393 -0.857877553 -69.394454956 0.024076097 0.999699295 0.004647607 0.192016065 0.857580841 -0.023042219 0.513832986 1.906732559
0.559084117 -0.013288606 -0.829004407 -69.754470825 0.032840949 0.999441743 0.006127425 0.196233749 0.828460336 -0.030651031 0.559208512 2.190427780
0.600130260 -0.019439775 -0.799666166 -69.888626099 0.045390535 0.998921454 0.009780863 0.173251867 0.798613429 -0.042167064 0.600365400 2.387657166
0.642600000 -0.024488464 -0.765810311 -70.204368591 0.047746800 0.998826444 0.008125214 0.171215683 0.764712691 -0.041786257 0.643015206 2.700828552
0.684404254 -0.029114382 -0.728521287 -70.514289856 0.045277108 0.998971105 0.002612711 0.166866347 0.727695584 -0.034773484 0.685018182 3.018791199
0.723657548 -0.038763072 -0.689069748 -70.700149536 0.046092834 0.998906791 -0.007786252 0.170254409 0.688618243 -0.026126597 0.724653184 3.288448334
0.762906432 -0.041175775 -0.645196438 -70.977226257 0.042249985 0.999011874 -0.013797821 0.163793683 0.645126939 -0.016733091 0.763892174 3.660335541
0.800608635 -0.043804239 -0.597584367 -71.248031616 0.043274377 0.998946965 -0.015248506 0.161680400 0.597622931 -0.013652011 0.801661015 4.035305023
0.834667921 -0.044743504 -0.548933029 -71.506553650 0.043847222 0.998929322 -0.014751767 0.153129041 0.549005330 -0.011756361 0.835736156 4.481067657
0.865260601 -0.043894488 -0.499396831 -71.692253113 0.041802239 0.999007463 -0.015380719 0.150805652 0.499576390 -0.007567578 0.866236627 4.859970093
0.891204298 -0.042114612 -0.451642752 -71.912765503 0.041294836 0.999078751 -0.011676635 0.128755718 0.451718420 -0.008244245 0.892122447 5.355127335
0.912508130 -0.035917398 -0.407478690 -72.066703796 0.035278019 0.999336243 -0.009085331 0.129389852 0.407534599 -0.006084607 0.913169503 5.754962921
0.930063725 -0.031434994 -0.366051078 -72.239143372 0.030224646 0.999502182 -0.009038384 0.122968674 0.366152942 -0.002657487 0.930550873 6.231769562
0.943781078 -0.026121801 -0.329537272 -72.404067993 0.025481297 0.999655664 -0.006263444 0.117631376 0.329587400 -0.002485718 0.944121778 6.725698471
0.953716278 -0.025488671 -0.299625874 -72.554008484 0.025698494 0.999664426 -0.003240868 0.108767211 0.299607903 -0.004609065 0.954051316 7.246816635
0.960959435 -0.026173050 -0.275448442 -72.692230225 0.026977008 0.999635637 -0.000870232 0.101933666 0.275370926 -0.006594516 0.961315453 7.781772614
0.966739893 -0.026145119 -0.254421830 -72.830574036 0.027475072 0.999621034 0.001674504 0.101281837 0.254281610 -0.008609070 0.967091858 8.337823868
0.971372604 -0.023532525 -0.236392647 -72.963653564 0.025468433 0.999662340 0.005138714 0.094869196 0.236191928 -0.011012156 0.971643984 8.909938812
0.975026369 -0.018572232 -0.221311241 -73.096351624 0.020660726 0.999761045 0.007125509 0.094396442 0.221126065 -0.011520009 0.975177169 9.494929314
0.977970839 -0.014894310 -0.208209500 -73.242530823 0.017157460 0.999811649 0.009067736 0.089477614 0.208035201 -0.012440329 0.978042185 10.174068451
0.980593085 -0.016634753 -0.195347190 -73.335868835 0.018763991 0.999782860 0.009054105 0.089075267 0.195154190 -0.012543881 0.980692327 10.709067345
0.983164728 -0.016896458 -0.181938365 -73.458236694 0.018821599 0.999783516 0.008859745 0.089646086 0.181749314 -0.012134958 0.983269989 11.422975540
0.985609531 -0.016399169 -0.168240413 -73.536499023 0.018374840 0.999779046 0.010192961 0.090722710 0.168036133 -0.013137668 0.985693216 11.984405518
0.987958491 -0.014816379 -0.154007941 -73.656883240 0.016726667 0.999798238 0.011115422 0.092547983 0.153812200 -0.013557615 0.988007009 12.741080284
0.989889264 -0.014893000 -0.141058400 -73.738937378 0.016285140 0.999829352 0.008719986 0.089786604 0.140904501 -0.010928977 0.989962876 13.313934326
0.991452038 -0.013881357 -0.129731864 -73.842262268 0.014496080 0.999887705 0.003795273 0.086258501 0.129664630 -0.005643436 0.991541803 14.084678650
0.992631316 -0.016052559 -0.120105624 -73.910881042 0.015965691 0.999871075 -0.001685554 0.078772128 0.120117188 -0.000244439 0.992759645 14.691367149
0.993467987 -0.016518269 -0.112909496 -73.987915039 0.016448289 0.999863505 -0.001551410 0.076294690 0.112919718 -0.000315892 0.993604064 15.492527008
0.994264305 -0.014460536 -0.105968483 -74.067283630 0.015009462 0.999877751 0.004384395 0.075754076 0.105892137 -0.005949781 0.994359791 16.121618271
0.994853854 -0.009774795 -0.100847639 -74.167968750 0.011118905 0.999856591 0.012774657 0.063962817 0.100708321 -0.013830233 0.994819820 16.945156097
0.995201945 -0.009445239 -0.097384244 -74.218955994 0.011142438 0.999795079 0.016898777 0.060581237 0.097204678 -0.017902797 0.995103300 17.564479828
0.995547116 -0.010568354 -0.093671188 -74.302879333 0.012103528 0.999801338 0.015835989 0.059098154 0.093485214 -0.016899226 0.995477259 18.380300522
0.995792031 -0.010548836 -0.091031566 -74.349319458 0.011980182 0.999812782 0.015191589 0.055933207 0.090854272 -0.016218241 0.995732129 18.990314484
0.995993912 -0.012178531 -0.088586926 -74.420242310 0.013819026 0.999743700 0.017928818 0.050482392 0.088345863 -0.019081183 0.995907068 19.806076050
0.996162176 -0.013976524 -0.086403951 -74.467903137 0.015769191 0.999673605 0.020099871 0.052382410 0.086094826 -0.021385251 0.996057391 20.422567368
0.996294916 -0.016532250 -0.084398352 -74.521812439 0.018455720 0.999586225 0.022061218 0.054803431 0.083998717 -0.023537111 0.996187806 21.228319168
0.996580780 -0.017807096 -0.080681838 -74.588638306 0.019315373 0.999652207 0.017952366 0.061422139 0.080334090 -0.019449381 0.996578276 21.847032547
0.996801376 -0.014847233 -0.078527108 -74.659866333 0.015754491 0.999815881 0.010946550 0.058540702 0.078350134 -0.012148689 0.996851981 22.638698578
0.996840894 -0.014987677 -0.077999309 -74.696334839 0.015315075 0.999876261 0.003600903 0.053631358 0.077935703 -0.004784092 0.996946931 23.241189957
0.996966422 -0.013985695 -0.076566413 -74.757102966 0.014005715 0.999901950 -0.000275525 0.042389758 0.076562762 -0.000797680 0.997064471 24.025142670
0.997158527 -0.012981750 -0.074203901 -74.814231873 0.013145437 0.999912024 0.001717926 0.033403877 0.074175082 -0.002688485 0.997241557 24.642581940
0.997356176 -0.009659460 -0.072022334 -74.877593994 0.010102863 0.999932051 0.005794738 0.021735236 0.071961485 -0.006507050 0.997386098 25.432289124
0.997421324 -0.007352300 -0.071391128 -74.913345337 0.008163730 0.999905229 0.011080809 0.018960655 0.071302906 -0.011635054 0.997386754 26.038768768
0.997576773 -0.009216891 -0.068961523 -74.966201782 0.010148152 0.999861777 0.013165919 0.012622178 0.068830654 -0.013833848 0.997532368 26.797256470
0.997593701 -0.012378394 -0.068217024 -75.003372192 0.013301191 0.999825776 0.013089765 0.009943992 0.068043128 -0.013965635 0.997584581 27.418016434
0.997646928 -0.014977020 -0.066904575 -75.060340881 0.015857678 0.999794245 0.012651269 0.008538008 0.066701330 -0.013682452 0.997679174 28.199432373
0.997633636 -0.015703404 -0.066936731 -75.089576721 0.016489947 0.999801099 0.011214264 0.006220937 0.066747315 -0.012291509 0.997694194 28.806282043
0.997624576 -0.018214488 -0.066432871 -75.137931824 0.018918570 0.999771237 0.009984728 0.003709644 0.066235803 -0.011217826 0.997740924 29.587013245
0.997538984 -0.019193420 -0.067435987 -75.162223816 0.019937450 0.999747396 0.010377407 0.001496583 0.067219771 -0.011696370 0.997669578 30.197233200
0.997642636 -0.015780756 -0.066784516 -75.221641541 0.016584273 0.999796391 0.011494228 -0.000210911 0.066589519 -0.012574704 0.997701168 30.996688843
0.997504532 -0.016737409 -0.068589203 -75.249473572 0.017463332 0.999797463 0.009997723 0.004720420 0.068407975 -0.011170569 0.997594893 31.605907440
0.997379184 -0.017180944 -0.070282303 -75.302986145 0.017928002 0.999789119 0.010012476 0.000103384 0.070095465 -0.011246254 0.997476935 32.397979736
0.996932387 -0.021404859 -0.075284325 -75.327934265 0.022219295 0.999703109 0.009997173 0.002267420 0.075047992 -0.011639271 0.997112036 33.008998871
0.996703565 -0.019870242 -0.078659095 -75.392898560 0.020696132 0.999738693 0.009698248 -0.000848532 0.078445837 -0.011294217 0.996854424 33.817455292
0.996143997 -0.018797146 -0.085695565 -75.420211792 0.019707115 0.999757946 0.009785010 -0.015787810 0.085490897 -0.011436092 0.996273339 34.438022614
0.996008694 -0.018041866 -0.087413952 -75.509666443 0.018537529 0.999816418 0.004861824 -0.024433598 0.087310188 -0.006462858 0.996160328 35.237056732
0.995962083 -0.018674240 -0.087810621 -75.626045227 0.018943034 0.999818027 0.002228708 -0.038606070 0.087753013 -0.003883108 0.996134698 35.810157776
0.995766878 -0.019746266 -0.089768246 -75.706726074 0.019856658 0.999802709 0.000336753 -0.043307193 0.089743875 -0.002117823 0.995962620 36.637855530
0.995592654 -0.019026676 -0.091832995 -75.797599792 0.019289492 0.999811947 0.001975053 -0.055988640 0.091778152 -0.003737761 0.995772600 37.467498779
0.994980097 -0.021307364 -0.097779542 -75.823570251 0.021893129 0.999748111 0.004921526 -0.097968742 0.097650073 -0.007037519 0.995195925 37.872970581
0.994782507 -0.021371284 -0.099755242 -75.914375305 0.022132790 0.999733627 0.006533160 -0.101599306 0.099589057 -0.008706933 0.994990587 38.724777222
0.994623899 -0.023051415 -0.100955099 -75.993942261 0.024210580 0.999653995 0.010271668 -0.102238357 0.100683406 -0.012660629 0.994837999 39.411277771
0.994441926 -0.023917651 -0.102534063 -76.080261230 0.025537504 0.999568403 0.014514530 -0.098566592 0.102142669 -0.017052323 0.994623661 40.276863098
0.994226933 -0.024633683 -0.104431771 -76.138244629 0.026633093 0.999486864 0.017794339 -0.107420862 0.103939854 -0.020472955 0.994372785 40.988464355
0.994523883 -0.020816347 -0.102415100 -76.233566284 0.022809079 0.999571800 0.018324828 -0.108591437 0.101989806 -0.020560475 0.994572878 41.870925903
0.994913459 -0.022485603 -0.098192029 -76.336982727 0.024187898 0.999576449 0.016180413 -0.097001731 0.097786620 -0.018473169 0.995035887 42.550994873
0.995059431 -0.024232406 -0.096277967 -76.422096252 0.025687881 0.999573290 0.013906663 -0.095109224 0.095899887 -0.016311133 0.995257318 43.425750732
0.994777679 -0.030286497 -0.097467802 -76.466590881 0.031772524 0.999400795 0.013730237 -0.107213140 0.096993551 -0.016755335 0.995143890 44.130390167
0.994914114 -0.031665403 -0.095619559 -76.550025940 0.033138555 0.999354720 0.013857475 -0.107273757 0.095119044 -0.016955694 0.995321393 45.011848450
0.994954824 -0.033760108 -0.094472714 -76.646965027 0.035426162 0.999244034 0.016013661 -0.105321109 0.093860656 -0.019279677 0.995398641 45.912136078
0.994073033 -0.037596531 -0.102005877 -76.619850159 0.040025700 0.998959243 0.021871962 -0.136150002 0.101077400 -0.025825184 0.994543314 46.503688812
0.993983209 -0.039506730 -0.102158189 -76.690414429 0.041987631 0.998870373 0.022248937 -0.137653828 0.101163812 -0.026404453 0.994519353 47.401252747
0.994352818 -0.036174469 -0.099767908 -76.813598633 0.038270686 0.999083340 0.019177087 -0.134104013 0.098982736 -0.022886978 0.994825900 48.262744904
0.994224012 -0.034727219 -0.101550773 -76.837524414 0.036356378 0.999237418 0.014235686 -0.151937544 0.100978978 -0.017845480 0.994728506 48.854278564
0.994341254 -0.032990385 -0.100979917 -76.919906616 0.034005076 0.999386668 0.008343196 -0.149626732 0.100642756 -0.011729814 0.994853497 49.710811615
0.994622886 -0.028494194 -0.099566646 -77.023292542 0.028897643 0.999578834 0.002611894 -0.155381486 0.099450305 -0.005475088 0.995027542 50.588378906
0.994505465 -0.031162459 -0.099938571 -77.092834473 0.031603232 0.999496520 0.002829991 -0.168014616 0.099800050 -0.005972823 0.994989693 51.173469543
0.994441211 -0.033965442 -0.099664494 -77.186157227 0.035003312 0.999349535 0.008683059 -0.169830501 0.099304736 -0.012123380 0.994983256 52.036861420
0.994273603 -0.034464099 -0.101153702 -77.267753601 0.036417793 0.999182820 0.017530888 -0.172640562 0.100466870 -0.021114293 0.994716287 52.909694672
0.992999434 -0.036285546 -0.112407736 -77.272758484 0.039704550 0.998809874 0.028327549 -0.200640798 0.111246064 -0.032592338 0.993258297 53.516216278
0.992735565 -0.038536150 -0.113978341 -77.387733459 0.041717462 0.998799980 0.025658432 -0.194095492 0.112852767 -0.030226927 0.993151903 54.383575439
0.992261708 -0.042948253 -0.116498858 -77.465324402 0.045897339 0.998687148 0.022749707 -0.195629239 0.115368836 -0.027920650 0.992930233 55.226524353
0.990661144 -0.043997351 -0.129053593 -77.460266113 0.047445580 0.998591065 0.023766335 -0.214912057 0.127826110 -0.029667407 0.991352797 55.700912476
0.990435123 -0.042027354 -0.131423354 -77.583740234 0.045253474 0.998740792 0.021656705 -0.216724157 0.130347669 -0.027396923 0.991089821 56.557693481
0.990029752 -0.040954512 -0.134773344 -77.699188232 0.043764606 0.998880625 0.017953094 -0.214696884 0.133887202 -0.023672402 0.990713775 57.380443573
0.987926185 -0.044704989 -0.148335904 -77.755973816 0.047730248 0.998717248 0.016896116 -0.220286608 0.147390321 -0.023772219 0.988792658 57.849876404
0.987563550 -0.042708594 -0.151308745 -77.882415771 0.045184769 0.998894393 0.012963224 -0.224690855 0.150587857 -0.019638855 0.988401532 58.670967102
0.987293124 -0.038098168 -0.154274911 -78.030990601 0.040556703 0.999095023 0.012819166 -0.228477895 0.153646931 -0.018913154 0.987944782 59.500610352
0.985878289 -0.040942900 -0.162381068 -78.156402588 0.044225108 0.998882949 0.016648600 -0.231994152 0.161518037 -0.023594821 0.986587584 59.933589935
0.985321403 -0.037893254 -0.166450277 -78.300750732 0.042220231 0.998854220 0.022533264 -0.235177994 0.165405706 -0.029230081 0.985792339 60.747009277
0.983338416 -0.042568985 -0.176730484 -78.406005859 0.048719838 0.998343349 0.030609364 -0.249518633 0.175134718 -0.038709641 0.983783185 61.293148041
0.982326567 -0.042937536 -0.182183355 -78.552757263 0.049904343 0.998180926 0.033828139 -0.238122940 0.180399448 -0.042322017 0.982682645 62.099353790
0.981108606 -0.042449895 -0.188742876 -78.703018188 0.049764689 0.998175859 0.034184627 -0.219827414 0.186947465 -0.042931560 0.981431484 62.901462555
0.978640556 -0.052732978 -0.198700249 -78.872467041 0.062303044 0.997163951 0.042218681 -0.254619122 0.195910409 -0.053696554 0.979150474 63.192024231
0.977371633 -0.051611248 -0.205136478 -79.040451050 0.061267480 0.997279048 0.040998444 -0.234045506 0.202462330 -0.052638914 0.977874279 63.988204956
0.976059437 -0.049103666 -0.211888641 -79.219261169 0.058766384 0.997488201 0.039545108 -0.203052759 0.209414601 -0.051050309 0.976493359 64.506370544
0.974752128 -0.049246307 -0.217791736 -79.395034790 0.058422960 0.997646391 0.035894372 -0.195387840 0.215511516 -0.047712151 0.975335002 65.278968811
0.972550869 -0.051052533 -0.227020517 -79.550460815 0.060128901 0.997636974 0.033241604 -0.169018745 0.224786997 -0.045979653 0.973322451 65.789428711
0.971419632 -0.049841240 -0.232077301 -79.735412598 0.058809936 0.997759879 0.031883910 -0.158868313 0.229968309 -0.044621106 0.972174585 66.530944824
0.969488561 -0.048459381 -0.240299001 -79.879829407 0.059360191 0.997500360 0.038330447 -0.149884939 0.237840921 -0.051425122 0.969941854 67.053901672
0.967904508 -0.047401730 -0.246807218 -80.071685791 0.059472673 0.997359276 0.041681588 -0.132354975 0.244179681 -0.055022083 0.968167841 67.792762756
0.965361238 -0.050684489 -0.255946726 -80.224357605 0.064207248 0.996932685 0.044752203 -0.114071131 0.252893388 -0.059635688 0.965654433 68.299232483
0.963373661 -0.052991394 -0.262874573 -80.420837402 0.065669537 0.997052372 0.039673299 -0.085860014 0.259997427 -0.055483069 0.964013934 69.035820007
0.960836470 -0.056515131 -0.271291941 -80.588783264 0.067828596 0.997167528 0.032500550 -0.068280220 0.268686712 -0.049629062 0.961948216 69.491333008
0.958089828 -0.058829378 -0.280362278 -80.790748596 0.070069350 0.997084022 0.030228361 -0.061682224 0.277766407 -0.048606280 0.959418178 70.193176270
0.954354763 -0.062040891 -0.292160869 -80.975196838 0.074635558 0.996692479 0.032150447 -0.030575037 0.289199919 -0.052488517 0.955828667 70.707977295
0.951006293 -0.061129835 -0.303068042 -81.219505310 0.075906023 0.996420562 0.037206389 -0.015184879 0.299708784 -0.058388192 0.952242374 71.421936035
0.945857227 -0.059518792 -0.319079012 -81.362014771 0.077677526 0.995985806 0.044477955 0.007872581 0.315150917 -0.066855066 0.946683824 71.898941040
0.942155421 -0.058672667 -0.330001026 -81.625350952 0.078378983 0.995828271 0.046718873 0.022382736 0.325883240 -0.069881588 0.942823708 72.609825134
0.937364221 -0.057206262 -0.343621641 -81.798187256 0.075933032 0.996258020 0.041280001 0.049110651 0.339974344 -0.064786620 0.938200474 73.062461853
0.933295548 -0.058487553 -0.354314536 -82.074325562 0.074139267 0.996773720 0.030749500 0.063351154 0.351372898 -0.054966986 0.934620559 73.739074707
0.929051757 -0.062219322 -0.364679724 -82.273742676 0.076509088 0.996759057 0.024852628 0.076602221 0.361951530 -0.050990697 0.930801272 74.179557800
0.924161315 -0.063256800 -0.376728654 -82.559646606 0.079753496 0.996411860 0.028336802 0.089834929 0.373584330 -0.056233205 0.925890148 74.866531372
0.918771327 -0.060021009 -0.390200973 -82.747863770 0.079814456 0.996205747 0.034694809 0.097526073 0.386637986 -0.063020274 0.920075834 75.306884766
0.913673878 -0.059437357 -0.402078897 -83.057998657 0.081891268 0.995882928 0.038871087 0.108633995 0.398113102 -0.068442240 0.914779603 75.993843079
0.907389104 -0.061696738 -0.415738672 -83.266464233 0.084112078 0.995812953 0.035801239 0.117110729 0.411789089 -0.067454301 0.908779144 76.458099365
0.902148008 -0.064122692 -0.426634967 -83.586380005 0.085101493 0.995912433 0.030268371 0.126469135 0.422950149 -0.063613832 0.903917193 77.133758545
0.898009658 -0.068548307 -0.434603035 -83.908966064 0.087022290 0.995947123 0.022725027 0.129424572 0.431283891 -0.058227442 0.900335371 77.798980713
0.893742502 -0.074063189 -0.442424059 -84.094848633 0.090450376 0.995772004 0.016023731 0.136180043 0.439366728 -0.054338507 0.896662831 78.130348206
0.890445054 -0.074828513 -0.448896885 -84.444786072 0.090151161 0.995845497 0.012824792 0.148215532 0.446072280 -0.051888343 0.893491507 78.805763245
0.886601448 -0.069871902 -0.457226157 -84.691070557 0.084934868 0.996308804 0.012443260 0.139372945 0.454668909 -0.049866658 0.889263391 79.244049072
0.882582903 -0.069011047 -0.465064466 -85.045684814 0.085205592 0.996266961 0.013863820 0.133751035 0.462371558 -0.051862061 0.885168254 79.912857056
0.878633857 -0.068006724 -0.472628504 -85.412673950 0.087559000 0.995969176 0.019464977 0.143399239 0.469399631 -0.058485467 0.881046832 80.580764771
0.873943388 -0.064090043 -0.481783479 -85.609260559 0.088119268 0.995733321 0.027387127 0.142906904 0.477972656 -0.066389196 0.875862360 80.926277161
0.871442199 -0.053974319 -0.487519473 -86.003173828 0.080612503 0.996172011 0.033806704 0.141302824 0.483828604 -0.068760738 0.872457445 81.582183838
0.868725240 -0.047444616 -0.493016571 -86.265487671 0.071708553 0.996961832 0.030413929 0.141411781 0.490075678 -0.061774861 0.869488180 82.019577026
0.865899742 -0.051372215 -0.497572660 -86.649673462 0.072098672 0.997143209 0.022518851 0.145219326 0.494994342 -0.055373393 0.867130041 82.672615051
0.862578452 -0.060123742 -0.502338171 -86.896881104 0.077799074 0.996866822 0.014278099 0.150923491 0.499905765 -0.051397432 0.864553332 83.107116699
0.860674798 -0.059716973 -0.505641103 -87.294624329 0.076773211 0.996964633 0.012936154 0.156726837 0.503333688 -0.049953509 0.862646997 83.760101318
0.856357813 -0.051481474 -0.513810217 -87.525375366 0.071425796 0.997262597 0.019122781 0.139343977 0.511419237 -0.053075247 0.857690752 84.222167969
0.853200257 -0.048670363 -0.519307733 -87.927528381 0.070880622 0.997219682 0.022992730 0.138682365 0.516744912 -0.056426261 0.854277849 84.880722046
0.850057483 -0.052364435 -0.524080396 -88.325660706 0.073752120 0.997075975 0.020001154 0.140667677 0.521500587 -0.055654164 0.851433992 85.534179688
0.847470701 -0.054638375 -0.528022707 -88.739524841 0.072676145 0.997264862 0.013450137 0.137391806 0.525843501 -0.049773250 0.849123836 86.187110901
0.844133139 -0.059016421 -0.532875419 -88.877494812 0.073981747 0.997236669 0.006750369 0.130016208 0.531004548 -0.045121264 0.846166790 86.401840210
0.841147542 -0.058644492 -0.537616551 -89.290367126 0.072576053 0.997351527 0.004758047 0.124253750 0.535913706 -0.043020315 0.843176126 87.054649353
0.839295506 -0.055085957 -0.540877581 -89.737915039 0.071142048 0.997427285 0.008809677 0.116822124 0.539000869 -0.045873057 0.841055214 87.704925537
0.835287869 -0.053193789 -0.547233522 -89.922599792 0.070630096 0.997443676 0.010852173 0.111192465 0.545257330 -0.047715858 0.836909473 88.031875610
0.832272112 -0.052730780 -0.551853776 -90.347335815 0.070366375 0.997462630 0.010812631 0.107005000 0.549883366 -0.047831003 0.833870709 88.680404663
