0.999769092 -0.007624383 0.020097522 0.015406853 0.007635549 0.999970734 -0.000478859 -0.003155783 -0.020093285 0.000632203 0.999797881 0.376615584
0.999795437 -0.009018616 0.018103704 0.015844341 0.009057315 0.999956846 -0.002056685 -0.002997112 -0.018084377 0.002220235 0.999833941 0.477020115
0.999875903 -0.011362866 0.010913999 0.005452603 0.011396106 0.999930620 -0.002988222 -0.001917715 -0.010879287 0.003112228 0.999935925 0.177810192
0.999912143 -0.013232385 -0.000780089 0.006289180 0.013228051 0.999898374 -0.005319795 -0.002867277 0.000850403 0.005309009 0.999985516 0.325501114
0.999865413 -0.012296037 -0.010857605 0.762978137 0.012265464 0.999920607 -0.002878005 0.139393345 0.010892134 0.002744444 0.999936938 -1.977309704
0.999277890 -0.008169890 -0.037107706 -0.003835607 0.007964011 0.999952078 -0.005692576 -0.010776177 0.037152443 0.005392938 0.999295056 1.062113404
0.998721480 -0.004217701 -0.050374445 0.728377879 0.004018884 0.999983728 -0.004047432 0.133814797 0.050390691 0.003839808 0.998722196 -1.593712449
0.997018933 -0.004385536 -0.077031881 -0.038400002 0.003829735 0.999965489 -0.007361442 -0.015186451 0.077061526 0.007044486 0.997001410 1.363534689
0.995109081 -0.005952272 -0.098602563 -0.045062795 0.005290301 0.999961615 -0.006973637 -0.015623193 0.098640278 0.006417891 0.995102525 1.424838185
0.993714452 -0.006431421 -0.111759737 2.345111370 0.006288636 0.999978900 -0.001630084 0.385055631 0.111767866 0.000917022 0.993733883 -4.729173660
0.991587996 -0.005366396 -0.129322916 2.331709146 0.005278457 0.999985576 -0.001022727 0.384494483 0.129326552 0.000331498 0.991602063 -4.653992176
0.989431620 -0.004218947 -0.144938946 2.435859919 0.004376036 0.999990046 0.000765032 0.389593273 0.144934297 -0.001391203 0.989440322 -4.596576214
0.986959398 -0.004882384 -0.160895392 5.887294292 0.004587035 0.999987006 -0.002207051 1.103974342 0.160904095 0.001440237 0.986968994 -10.903134346
0.984945118 -0.006459998 -0.172746211 5.866254330 0.005998683 0.999976814 -0.003192403 1.102678776 0.172762856 0.002108093 0.984961212 -10.800675392
0.983085275 -0.009873616 -0.182882130 5.548499107 0.009082926 0.999945402 -0.005160615 1.043397427 0.182923123 0.003412219 0.983121276 -9.765807152
0.981599212 -0.008683826 -0.190755412 5.459066391 0.007432797 0.999945939 -0.007272817 1.040005684 0.190808311 0.005721145 0.981610656 -9.331654549
0.979945779 -0.009231776 -0.199050099 5.549480438 0.007479930 0.999926388 -0.009551221 1.086534262 0.199123606 0.007870801 0.979942679 -9.188137054
0.978205621 -0.010357424 -0.207380041 5.451418400 0.007995392 0.999893308 -0.012224809 1.077419877 0.207484514 0.010300293 0.978184044 -8.732419968
0.976513267 -0.014106203 -0.214994997 5.345860004 0.011358232 0.999837339 -0.014011689 1.070850253 0.215157703 0.011240636 0.976514637 -8.266116142
0.974536896 -0.020845488 -0.223256186 5.245124817 0.017869048 0.999722540 -0.015344063 1.059527636 0.223514095 0.010963981 0.974638939 -7.783202171
0.972547829 -0.021203656 -0.231734797 5.124252796 0.017534157 0.999686301 -0.017883372 1.047322392 0.232041284 0.013329160 0.972614586 -7.295205116
0.970493972 -0.017533025 -0.240487203 4.986457825 0.012507034 0.999670565 -0.022409705 1.039993763 0.240800902 0.018740697 0.970393538 -6.792090893
0.968302250 -0.014283445 -0.249372855 4.945031643 0.008347776 0.999656498 -0.024843801 1.033672333 0.249642044 0.021974595 0.968088806 -6.647549629
0.965972066 -0.017639317 -0.258044332 4.703874588 0.011031872 0.999573648 -0.027031487 1.005055547 0.258411080 0.023264948 0.965754867 -5.749742508
0.963575840 -0.020392308 -0.266656369 4.662276268 0.013123579 0.999492884 -0.029012632 0.999232829 0.267112732 0.024456386 0.963354886 -5.601650238
0.960672140 -0.024059411 -0.276640862 6.038356781 0.015816536 0.999363005 -0.031989429 1.329733968 0.277234286 0.026355853 0.960440814 -7.140055656
0.958338976 -0.023982774 -0.284624904 5.985300064 0.014560108 0.999275088 -0.035175666 1.322184205 0.285262108 0.029566038 0.957993448 -6.974058151
0.956255019 -0.022244534 -0.291687280 5.169863224 0.010544186 0.999077737 -0.041623637 1.189178944 0.292344183 0.036727212 0.955607593 -5.257326126
0.954486847 -0.024305765 -0.297261000 5.111772537 0.010151817 0.998743892 -0.049066167 1.178536296 0.298080236 0.043815274 0.953534722 -5.079159260
0.952801406 -0.027228715 -0.302370638 5.295235157 0.010598979 0.998346150 -0.056503382 1.211230755 0.303409100 0.050631672 0.951514244 -4.780521393
0.951467514 -0.027220745 -0.306543052 5.233839989 0.007453467 0.997826576 -0.065471567 1.199584961 0.307659000 0.060009256 0.949602425 -4.590714455
0.950281143 -0.026777228 -0.310239881 4.877067566 0.003865410 0.997233450 -0.074232668 1.123264432 0.311369300 0.069342680 0.947755754 -3.535764217
0.949007511 -0.026034135 -0.314176589 4.804116726 0.000377107 0.996677339 -0.081450254 1.108090162 0.315253168 0.077178426 0.945864022 -3.334084988
0.947241724 -0.024434779 -0.319587409 4.428751945 -0.003919409 0.996132314 -0.087778501 1.012180924 0.320496142 0.084400058 0.943482280 -2.243494987
0.945796192 -0.023054820 -0.323941559 4.351703167 -0.007806129 0.995575070 -0.093645930 0.992180467 0.324667126 0.091098696 0.941430986 -2.034353256
0.944229484 -0.019373162 -0.328717738 3.470668793 -0.014199014 0.994943857 -0.099423669 0.789081633 0.328981936 0.098546237 0.939180195 -0.276208878
0.942528665 -0.016650833 -0.333709985 3.386517286 -0.018689383 0.994566500 -0.102411218 0.765094876 0.333602041 0.102762341 0.937096357 -0.056396723
0.940550387 -0.018208986 -0.339165717 3.392817259 -0.018038040 0.994475067 -0.103412747 0.708310962 0.339174867 0.103382811 0.935025275 0.526552379
0.938491881 -0.017583808 -0.344853371 3.297729731 -0.019149579 0.994515300 -0.102823675 0.684998333 0.344769955 0.103102997 0.933007658 0.756415129
0.935970366 -0.018070601 -0.351614714 2.887132406 -0.018825270 0.994684756 -0.101231389 0.570456326 0.351575166 0.101368807 0.930655301 1.871034622
0.933453739 -0.018617846 -0.358214468 2.782546997 -0.018255072 0.994892240 -0.099278539 0.539108753 0.358233154 0.099211149 0.928345978 2.127552748
0.930171788 -0.017357489 -0.366714060 2.322828054 -0.019584903 0.995113254 -0.096778378 0.415393591 0.366601855 0.097202577 0.925286293 3.295378685
0.926945806 -0.014828794 -0.374902308 2.206078768 -0.021116748 0.995572925 -0.091589808 0.387546360 0.374600768 0.092815503 0.922528923 3.560104370
0.923426211 -0.011492561 -0.383603930 1.692275405 -0.023386234 0.996008873 -0.086136147 0.258419186 0.383062780 0.088511430 0.919472039 4.761138439
0.919680178 -0.007971502 -0.392587334 1.567286253 -0.026562814 0.996240854 -0.082455084 0.229660600 0.391768813 0.086260527 0.916011095 5.045072556
0.915611327 -0.008087845 -0.401983172 1.005865574 -0.026297230 0.996452212 -0.079946637 0.083954275 0.401203573 0.083771072 0.912150264 6.324734688
0.911729634 -0.007573652 -0.410721123 0.865194082 -0.027497761 0.996462345 -0.079414912 0.055244982 0.409869581 0.083698839 0.908295929 6.612961769
0.907614410 -0.009912382 -0.419687837 0.781222582 -0.024480060 0.996770382 -0.076482631 -0.043582708 0.419090509 0.079690702 0.904440463 7.252226353
0.903716922 -0.009323107 -0.428029120 0.618669033 -0.025331397 0.996846974 -0.075196095 -0.069245398 0.427380621 0.078798547 0.900631189 7.588498592
0.899812162 -0.009262701 -0.436179489 0.137355328 -0.025266392 0.996990204 -0.073295131 -0.148736805 0.435545564 0.076972522 0.896869719 8.636362076
0.896115303 -0.008783777 -0.443734497 -0.032250166 -0.024328599 0.997328758 -0.068873502 -0.179646909 0.443154126 0.072514027 0.893507719 8.961903572
0.892137110 -0.006189276 -0.451722354 -1.222030163 -0.026043620 0.997538626 -0.065103084 -0.312662899 0.451013386 0.069845363 0.889780045 10.867433548
0.887954712 -0.006605723 -0.459883511 -1.488253355 -0.024062866 0.997860134 -0.060794357 -0.356676340 0.459301025 0.065048739 0.885895789 11.386168480
0.884330690 -0.008697447 -0.466780066 -1.584684372 -0.020551378 0.998132050 -0.057533346 -0.428020656 0.466408521 0.060471471 0.882500052 11.895565987
0.880814373 -0.009209406 -0.473372161 -1.858604193 -0.020039311 0.998189688 -0.056707285 -0.462797374 0.473037422 0.059434645 0.879035354 12.419121742
0.877504468 -0.009217311 -0.479479820 -2.148909807 -0.019367212 0.998318553 -0.054635517 -0.495585084 0.479177177 0.057229098 0.875850439 12.943803787
0.874563038 -0.011003942 -0.484786928 -2.877014399 -0.016929116 0.998440206 -0.053203493 -0.601470649 0.484616250 0.054736823 0.873012602 14.266759872
0.871591747 -0.013688358 -0.490041286 -3.174794197 -0.014275055 0.998477519 -0.053280283 -0.636332035 0.490024567 0.053434025 0.870069444 14.815382004
0.869768023 -0.013957197 -0.493263334 -3.678146362 -0.014178148 0.998480320 -0.053252872 -0.702030659 0.493257076 0.053311206 0.868248403 15.745396614
0.868312180 -0.013417839 -0.495836556 -4.043597698 -0.015277750 0.998436272 -0.053773191 -0.744552493 0.495782763 0.054267183 0.866749465 16.376691818
0.867968857 -0.013174203 -0.496443897 -4.661625385 -0.015127586 0.998482823 -0.052945551 -0.813468874 0.496388137 0.053465087 0.866452694 17.412420273
0.867768884 -0.012996418 -0.496798038 -5.065272331 -0.014821329 0.998536527 -0.052010853 -0.853925705 0.496746898 0.052496608 0.866306305 18.110767365
0.867421687 -0.015259798 -0.497339755 -5.524321079 -0.012012605 0.998596072 -0.051591210 -0.904012918 0.497428894 0.050725676 0.866020441 18.895788193
0.866802335 -0.015884707 -0.498398662 -6.165194988 -0.011472261 0.998592675 -0.051778890 -0.983495712 0.498519748 0.050599836 0.865400255 19.999467850
0.865231574 -0.019625258 -0.500988007 -6.602563858 -0.007213467 0.998642921 -0.051577967 -1.028706431 0.501320362 0.048240751 0.863915861 20.770870209
0.863783836 -0.019520281 -0.503484130 -7.237092495 -0.006985920 0.998689353 -0.050704699 -1.092397928 0.503814042 0.047315206 0.862515390 21.852045059
0.861307859 -0.018904736 -0.507731557 -7.687075615 -0.005897326 0.998868227 -0.047195710 -1.137994409 0.508049130 0.043644302 0.860221565 22.623554230
0.859010637 -0.017692093 -0.511651874 -7.721620083 -0.005102319 0.999057233 -0.043112040 -1.130083561 0.511932254 0.039644316 0.858110487 22.975782394
0.854596078 -0.019136071 -0.518940628 -8.187097549 -0.002827112 0.999134541 -0.041499075 -1.180606127 0.519285619 0.036932051 0.853802383 23.760429382
0.849833667 -0.020713091 -0.526643813 -8.835086823 -0.002376560 0.999066651 -0.043128654 -1.277003169 0.527045608 0.037903786 0.848991275 24.788619995
0.843676031 -0.024363019 -0.536299467 -9.333604813 -0.000957850 0.998899817 -0.046884865 -1.327582121 0.536851704 0.040069330 0.842724562 25.564254761
0.837408066 -0.024482394 -0.546029449 -9.958948135 -0.000812648 0.998939395 -0.046035897 -1.391359329 0.546577394 0.038994554 0.836500168 26.530752182
0.831416428 -0.020611748 -0.555267394 -10.522136688 -0.002468472 0.999164879 -0.040785506 -1.445413709 0.555644333 0.035280399 0.830671191 27.356636047
0.826425731 -0.017038120 -0.562788069 -11.248737335 -0.003710513 0.999355555 -0.035703663 -1.549122572 0.563033760 0.031594660 0.825829804 28.403705597
0.822014153 -0.017904196 -0.569185495 -11.796648026 -0.004121086 0.999292433 -0.037385203 -1.596663117 0.569452226 0.033076830 0.821358681 29.212619781
0.818631589 -0.019541828 -0.573986351 -12.431447983 -0.005378997 0.999116242 -0.041687362 -1.652817130 0.574293673 0.037214067 0.817803025 30.098522186
0.815762281 -0.021589467 -0.577984333 -13.006340027 -0.008250889 0.998767078 -0.048952214 -1.708261609 0.578328609 0.044702254 0.814578235 30.888788223
0.811940789 -0.023906352 -0.583250105 -13.807315826 -0.006134486 0.998756409 -0.049476992 -1.824563742 0.583707571 0.043750331 0.810784280 31.996696472
0.808418870 -0.023139531 -0.588152468 -14.385468483 -0.004469184 0.998956919 -0.045444615 -1.879329443 0.588590503 0.039366852 0.807472229 32.783596039
0.805472076 -0.019694610 -0.592306376 -15.050949097 -0.005398456 0.999162495 -0.040564172 -1.937498093 0.592609107 0.035870850 0.804691076 33.681125641
0.802422285 -0.016913714 -0.596516848 -15.628772736 -0.006810362 0.999273717 -0.037494682 -1.991005182 0.596717775 0.034149062 0.801724255 34.440979004
0.799096823 -0.017369736 -0.600951195 -16.299947739 -0.007143071 0.999237657 -0.038380001 -2.040146351 0.601159692 0.034961972 0.798363745 35.348697662
0.795311391 -0.018510319 -0.605918467 -16.897159576 -0.007393160 0.999163151 -0.040227681 -2.084285736 0.606156051 0.036473189 0.794509113 36.124946594
0.791285336 -0.022206640 -0.611043632 -17.603992462 -0.005037316 0.999069631 -0.042831529 -2.151472569 0.611426294 0.036969982 0.790437281 37.013191223
0.787274957 -0.023552177 -0.616152108 -18.204349518 -0.003726294 0.999070227 -0.042950273 -2.214334726 0.616590798 0.036109634 0.786455274 37.756885529
0.782995284 -0.023146989 -0.621596754 -18.842199326 -0.003941606 0.999102652 -0.042169590 -2.267616510 0.622015059 0.035468675 0.782201529 38.532600403
0.777893364 -0.022808814 -0.627982199 -19.521266937 -0.004387393 0.999119580 -0.041723564 -2.320663691 0.628381014 0.035211690 0.777108312 39.374839783
0.772737503 -0.024298260 -0.634260476 -20.164739609 -0.004100911 0.999055028 -0.043269645 -2.374152422 0.634712458 0.036037125 0.771907628 40.139083862
0.766861916 -0.025738349 -0.641295850 -20.868505478 -0.003387921 0.999019325 -0.044146821 -2.430096149 0.641803086 0.036027167 0.766022801 40.992042542
0.760874510 -0.027406620 -0.648320019 -21.544406891 -0.002396472 0.998982191 -0.045042790 -2.489713669 0.648894548 0.035825592 0.760034561 41.788215637
0.755300999 -0.029109268 -0.654731274 -22.222627640 -0.001754235 0.998919725 -0.046435531 -2.547595501 0.655375779 0.036221355 0.754433990 42.555793762
0.749169290 -0.031458315 -0.661631227 -22.907222748 -0.000236451 0.998858809 -0.047760073 -2.604054213 0.662378550 0.035936825 0.748306930 43.323570251
0.742955029 -0.031455789 -0.668601871 -23.555646896 -0.000461347 0.998870730 -0.047506645 -2.674922466 0.669341087 0.035603758 0.742101610 44.056270599
0.736128092 -0.033233471 -0.676025867 -24.310615540 0.002832487 0.998936296 -0.046023451 -2.726344585 0.676836371 0.031964321 0.735439181 44.873321533
0.730083048 -0.033043887 -0.682559073 -25.001483917 0.002803316 0.998966575 -0.045363225 -2.789110184 0.683352828 0.031205488 0.729421139 45.583763123
0.722787738 -0.035862576 -0.690138936 -25.178077698 0.006904294 0.998977423 -0.044680223 -2.842859745 0.691035628 0.027529394 0.722296298 46.026988983
0.716013134 -0.037245836 -0.697092474 -25.889892578 0.007137027 0.998913944 -0.046041500 -2.905232191 0.698050380 0.027991148 0.715501428 46.755081177
0.709936023 -0.037036415 -0.703291655 -26.606695175 0.006290784 0.998909831 -0.046253908 -2.954662323 0.704238236 0.028413052 0.709395111 47.466392517
0.704687715 -0.035914131 -0.708608031 -27.521484375 0.004330496 0.998917162 -0.046321232 -3.018468380 0.709504366 0.029573375 0.704080224 48.322120667
0.699648976 -0.035806529 -0.713588953 -28.289352417 0.003861539 0.998918295 -0.046337709 -3.079979658 0.714476228 0.029664576 0.699030519 49.059146881
0.694827676 -0.036600564 -0.718244314 -28.673370361 0.004279182 0.998896837 -0.046762496 -3.127312183 0.719163537 0.029418375 0.694217861 49.578155518
0.690163612 -0.038438525 -0.722631752 -29.446424484 0.003485494 0.998753309 -0.049797203 -3.185737133 0.723645031 0.031849492 0.689437151 50.288951874
0.685145736 -0.040954307 -0.727253795 -30.208126068 0.004713474 0.998646498 -0.051796857 -3.263110876 0.728390694 0.032060504 0.684411526 50.998840332
0.679529727 -0.042629402 -0.732408524 -30.718795776 0.005729780 0.998588324 -0.052806146 -3.267979860 0.733625591 0.031686801 0.678814590 51.575160980
0.675091386 -0.041849259 -0.736546159 -31.518447876 0.005323021 0.998640001 -0.051862087 -3.337751150 0.737714946 0.031090984 0.674396038 52.287734985
0.668883264 -0.043536440 -0.742091477 -31.359294891 0.011167265 0.998759270 -0.048528824 -3.361065865 0.743283570 0.024172982 0.668539584 52.520088196
0.663827717 -0.044720404 -0.746547222 -32.210014343 0.011825202 0.998713493 -0.049310971 -3.425663710 0.747791946 0.023905916 0.663502574 53.271957397
0.658834994 -0.046016868 -0.750878751 -33.041240692 0.013201077 0.998680949 -0.049620301 -3.487361908 0.752171636 0.022779185 0.658573449 53.990570068
0.654911816 -0.045866348 -0.754312217 -34.799140930 0.011000015 0.998629272 -0.051171716 -3.615360260 0.755625129 0.025215516 0.654518783 55.206245422
0.650718629 -0.046638139 -0.757885277 -35.633022308 0.012157228 0.998623908 -0.051014353 -3.679269314 0.759221494 0.023982204 0.650390267 55.909790039
0.646454632 -0.050699286 -0.761266053 -35.619132996 0.019004906 0.998550057 -0.050363414 -3.708032131 0.762715697 0.018089881 0.646480858 56.206081390
0.642117918 -0.054201182 -0.764687479 -36.433559418 0.020240359 0.998348355 -0.053767011 -3.775682926 0.766338646 0.019047212 0.642154336 56.882286072
0.637364149 -0.059229959 -0.768283069 -37.238632202 0.024262227 0.998089612 -0.056818839 -3.786805153 0.770180881 0.017574027 0.637583554 57.603408813
0.630299151 -0.063084699 -0.773785114 -38.043663025 0.029985033 0.997927606 -0.056933668 -3.861008644 0.775773108 0.012683270 0.630884469 58.275836945
0.621629059 -0.066752687 -0.780462265 -39.299530029 0.032652158 0.997704506 -0.059326280 -3.910971403 0.782630920 0.011395166 0.622381747 59.239746094
0.612369001 -0.067429647 -0.787691236 -40.152717590 0.035135012 0.997692764 -0.058091901 -3.984786749 0.789791048 0.007898130 0.613325357 59.908424377
0.603141725 -0.066406429 -0.794864833 -40.979461670 0.036509126 0.997782350 -0.055655949 -4.060599804 0.796797991 0.004548606 0.604228616 60.538772583
0.594454944 -0.066211887 -0.801398277 -42.007129669 0.035498377 0.997793555 -0.056106437 -4.140279770 0.803344905 0.004904408 0.595493793 61.296573639
0.585136533 -0.067744590 -0.808100224 -42.866531372 0.034561917 0.997682393 -0.058611728 -4.204430580 0.810198009 0.006366368 0.586121798 61.911846161
0.575209737 -0.069864146 -0.815017045 -43.863735199 0.035024703 0.997535825 -0.060790684 -4.291065216 0.817255795 0.006421662 0.576239288 62.602760315
0.564952135 -0.071850367 -0.821989477 -44.754573822 0.035266031 0.997393787 -0.062944211 -4.356927872 0.824369669 0.006572157 0.566013575 63.217079163
0.555574834 -0.072279833 -0.828318894 -46.078598022 0.038177431 0.997381210 -0.061425772 -4.478109360 0.830589592 0.002503530 0.556879401 64.014549255
0.545974612 -0.072622024 -0.834648252 -47.004486084 0.039177123 0.997359276 -0.061152145 -4.551274300 0.836885214 0.000688411 0.547378063 64.599296570
0.534933388 -0.072825357 -0.841749668 -48.004425049 0.039102960 0.997344732 -0.061436906 -4.643023491 0.843988895 -0.000050256 0.536360621 65.245635986
0.525165260 -0.073866554 -0.847788393 -48.946842194 0.038345691 0.997267962 -0.063137121 -4.723536491 0.850135922 0.000648394 0.526562929 65.805938721
0.514551520 -0.074953593 -0.854177177 -50.220924377 0.038071118 0.997186780 -0.064568780 -4.821205139 0.856613874 0.000704484 0.515957534 66.550720215
0.504870534 -0.075121179 -0.859920025 -51.134101868 0.036334343 0.997172415 -0.065778941 -4.908877373 0.862429976 0.001965220 0.506172538 67.073699951
0.494924545 -0.075544693 -0.865645826 -52.200958252 0.036104158 0.997141123 -0.066378057 -5.004052162 0.868185520 0.001598720 0.496237129 67.699226379
0.486238867 -0.073424160 -0.870735645 -53.154788971 0.035572913 0.997300744 -0.064231940 -5.086893082 0.873101592 0.000257467 0.487538248 68.223342896
0.477929562 -0.072553575 -0.875396669 -54.162521362 0.035601094 0.997363985 -0.063225649 -5.148322105 0.877676427 -0.000947674 0.479252756 68.786376953
0.470910132 -0.072505087 -0.879196644 -55.097484589 0.035815060 0.997366369 -0.063067205 -5.234230042 0.881453872 -0.001789499 0.472266763 69.266769409
0.465544224 -0.076820903 -0.881684244 -56.359573364 0.036338773 0.997044742 -0.067684740 -5.271695137 0.884278297 -0.000529085 0.466959953 69.805564880
0.458663613 -0.080301605 -0.884974241 -57.344745636 0.039980300 0.996764898 -0.069724396 -5.365166664 0.887710035 -0.003401492 0.460390240 70.318298340
0.449166685 -0.082157917 -0.889662504 -58.237754822 0.041270129 0.996608078 -0.071197890 -5.504434586 0.892494321 -0.004736771 0.451033801 70.907836914
0.443235368 -0.085867219 -0.892283201 -59.244834900 0.043346550 0.996290088 -0.074344061 -5.605036736 0.895356655 -0.005725483 0.445313066 71.416503906
0.443459541 -0.086994186 -0.892062604 -60.448448181 0.044178642 0.996190369 -0.075186782 -5.670329094 0.895204961 -0.006067827 0.445613325 71.823425293
0.438580841 -0.083691530 -0.894786298 -61.468215942 0.045078270 0.996449828 -0.071105145 -5.773843288 0.897560418 -0.009150069 0.440796405 72.342460632
0.432965755 -0.083434887 -0.897540689 -62.507228851 0.050368030 0.996390760 -0.068326838 -5.857108593 0.900002062 -0.015624174 0.435605586 72.911369324
0.430157870 -0.082624182 -0.898964643 -63.515842438 0.050974805 0.996437192 -0.067191273 -5.951071739 0.901313305 -0.016921692 0.432837039 73.385559082
0.427507252 -0.082764037 -0.900215328 -64.594909668 0.052689731 0.996388614 -0.066583969 -6.036108017 0.902475059 -0.018966971 0.430324227 73.874465942
0.425169230 -0.082163975 -0.901376784 -65.607383728 0.054636158 0.996384978 -0.065053068 -6.125864506 0.903463244 -0.021589207 0.428121358 74.347244263
0.424042374 -0.077127650 -0.902352154 -66.616683960 0.052663460 0.996780872 -0.060450729 -6.298293114 0.904109776 -0.021887319 0.426739216 74.780349731
0.422205418 -0.076930009 -0.903229952 -67.619026184 0.053104177 0.996780276 -0.060074892 -6.397594452 0.904943287 -0.022601336 0.424931377 75.244735718
0.419015527 -0.079841986 -0.904461861 -68.611587524 0.058586102 0.996427953 -0.060818836 -6.445160866 0.906087041 -0.027504858 0.422196388 75.721359253
0.416889668 -0.077464163 -0.905650198 -69.566406250 0.060533386 0.996516109 -0.057371523 -6.543940067 0.906939209 -0.030904481 0.420126408 76.167755127
0.412941664 -0.075113378 -0.907654703 -70.563972473 0.061317611 0.996624947 -0.054579414 -6.667980671 0.908690929 -0.033117104 0.416153818 76.702148438
0.411515713 -0.077135608 -0.908132553 -71.565986633 0.064433955 0.996381104 -0.055433411 -6.735127449 0.909122109 -0.035702858 0.414996654 77.140464783
0.410225570 -0.078171447 -0.908627570 -72.536689758 0.065545201 0.996270180 -0.056119319 -6.815962315 0.909625649 -0.036534596 0.413819313 77.582572937
0.410599738 -0.078090400 -0.908465564 -73.503387451 0.063966841 0.996338069 -0.056732655 -6.903770447 0.909569263 -0.034817271 0.414091349 77.996681213
0.410197973 -0.080262311 -0.908457935 -74.442153931 0.065170802 0.996152937 -0.058583487 -6.975545883 0.909664989 -0.035174098 0.413850754 78.440994263
0.412899166 -0.079580851 -0.907293379 -75.384552002 0.062469982 0.996303916 -0.058958780 -7.053767204 0.908631802 -0.032334570 0.416344494 78.855293274
0.416249543 -0.078062505 -0.905893266 -76.232849121 0.059990980 0.996494710 -0.058304500 -7.164006233 0.907269239 -0.030076213 0.419473439 79.278549194
0.421791852 -0.077930234 -0.903337479 -77.179039001 0.057728995 0.996586204 -0.059019573 -7.251883030 0.904852986 -0.027254796 0.424850762 79.710716248
0.426261902 -0.079633601 -0.901087821 -78.053451538 0.059571575 0.996426463 -0.059878673 -7.305194378 0.902636111 -0.028155209 0.429482609 80.145935059
0.432886451 -0.077104427 -0.898144841 -78.948516846 0.056757752 0.996689677 -0.058208343 -7.390398979 0.899659872 -0.025779078 0.435829699 80.594909668
0.441366255 -0.077172123 -0.894002438 -79.854736328 0.056614164 0.996704936 -0.058087375 -7.450057030 0.895539343 -0.024975384 0.444280893 81.014686584
0.450192004 -0.076990791 -0.889606416 -80.756713867 0.056149505 0.996745110 -0.057848182 -7.518402100 0.891164660 -0.023908174 0.453049719 81.465354919
0.460053116 -0.074885383 -0.884727776 -81.645187378 0.054296207 0.996944904 -0.056149986 -7.605964661 0.886229694 -0.022205386 0.462713599 81.920967102
0.470043391 -0.074224710 -0.879516900 -82.524887085 0.051717445 0.997061968 -0.056505091 -7.686027527 0.881126821 -0.018926518 0.472501099 82.387741089
0.481422096 -0.076833203 -0.873114765 -83.499519348 0.051210158 0.996914327 -0.059490941 -7.758897305 0.874991596 -0.016072089 0.483871311 82.888320923
0.491923362 -0.078076802 -0.867130518 -84.239982605 0.049890187 0.996862173 -0.061455190 -7.816791534 0.869207919 -0.013030061 0.494275033 83.337104797
0.504717529 -0.076704457 -0.859870136 -85.079704285 0.048256747 0.996994257 -0.060611330 -7.884891510 0.861934721 -0.010902932 0.506901979 83.815505981
0.517783821 -0.074017294 -0.852303565 -85.893127441 0.046812326 0.997208893 -0.058162440 -7.957296848 0.854229748 -0.009782743 0.519803643 84.299850464
0.531752408 -0.070507489 -0.843959749 -86.783439636 0.045431890 0.997468293 -0.054706965 -8.044998169 0.845680356 -0.009252130 0.533609509 84.813468933
0.543310881 -0.071220338 -0.836505234 -87.555145264 0.046215802 0.997421503 -0.054903604 -8.089250565 0.838258564 -0.008830042 0.545201421 85.304908752
0.557722747 -0.075526774 -0.826583922 -89.032859802 0.049444687 0.997106135 -0.057745833 -8.162023544 0.828553319 -0.008664019 0.559843123 86.165878296
0.568950891 -0.077045359 -0.818754435 -89.733520508 0.049988173 0.997000873 -0.059081759 -8.213222504 0.820850730 -0.007313420 0.571095884 86.615570068
0.579598665 -0.079036012 -0.811060190 -90.480316162 0.052518535 0.996839285 -0.059609037 -8.278493881 0.813207865 -0.008046376 0.581917644 87.153083801
0.591191649 -0.078331478 -0.802718282 -91.127525330 0.052257068 0.996901453 -0.058793750 -8.337385178 0.804836392 -0.007189329 0.593453169 87.612236023
0.602609217 -0.076212622 -0.794388771 -91.844894409 0.051709104 0.997066438 -0.056431625 -8.393204689 0.796359301 -0.007070908 0.604782403 88.091728210
0.613602579 -0.073647738 -0.786172926 -92.796043396 0.052158415 0.997246623 -0.052711599 -8.446552277 0.787890434 -0.008661550 0.615754545 88.676879883
0.623277307 -0.072262332 -0.778654933 -93.422576904 0.051654786 0.997351229 -0.051210944 -8.500258446 0.780292988 -0.008302642 0.625358999 89.166412354
0.633362472 -0.071907036 -0.770507216 -94.032752991 0.049495213 0.997398973 -0.052396141 -8.546945572 0.772270799 -0.004950676 0.635274172 89.663833618
0.642774522 -0.071695656 -0.762692988 -94.620056152 0.048201058 0.997423172 -0.053138658 -8.598387718 0.764537454 -0.002606433 0.644574046 90.155609131
0.652359366 -0.070629902 -0.754611671 -95.171707153 0.047600202 0.997500837 -0.052213557 -8.656335831 0.756413758 -0.001857668 0.654090941 90.623970032
0.661358953 -0.068663277 -0.746920109 -95.763793945 0.047183447 0.997637451 -0.049932864 -8.703870773 0.748584032 -0.002218722 0.663036227 91.147247314
0.669947386 -0.067411602 -0.739341676 -96.387947083 0.047991849 0.997718573 -0.047482491 -8.757389069 0.740855694 -0.003671602 0.671654105 91.713424683
0.677976906 -0.066694394 -0.732051313 -96.940193176 0.048213497 0.997765660 -0.046250496 -8.808936119 0.733500361 -0.003937986 0.679677665 92.191749573
0.685791075 -0.066079281 -0.724792480 -97.417579651 0.047256920 0.997811198 -0.046256367 -8.847545624 0.726262629 -0.002529252 0.687412679 92.656333923
0.693204641 -0.065161183 -0.717789233 -97.989372253 0.046848312 0.997872293 -0.045343500 -8.897904396 0.719216645 -0.002194893 0.694782436 93.188117981
0.700545073 -0.062442183 -0.710870922 -98.427024841 0.045853119 0.998044491 -0.042480148 -8.931980133 0.712133467 -0.002836391 0.702038288 93.652580261
0.708058298 -0.059149124 -0.703672230 -99.038169861 0.044593230 0.998242080 -0.039038822 -8.990200043 0.704744399 -0.003737253 0.709451318 94.202995300
0.715571582 -0.057495572 -0.696169317 -99.410469055 0.043346684 0.998341084 -0.037896734 -9.020635605 0.697193205 -0.003058808 0.716876805 94.649291992
0.722879350 -0.056985196 -0.688620448 -99.931854248 0.043110192 0.998371363 -0.037362996 -9.058387756 0.689628124 -0.002677615 0.724158764 95.165100098
0.731036425 -0.054094177 -0.680190802 -100.434089661 0.040411424 0.998535097 -0.035979185 -9.094299316 0.681140661 -0.001185383 0.732151628 95.694923401
0.740349174 -0.050539043 -0.670320034 -101.053009033 0.039629526 0.998716891 -0.031528980 -9.182312965 0.671053350 -0.003222016 0.741402030 96.217971802
0.749869108 -0.047230069 -0.659898221 -101.534675598 0.038429633 0.998873889 -0.027821993 -9.218517303 0.660469174 -0.004496795 0.750839710 96.756477356
0.759686947 -0.045468915 -0.648697376 -101.784111023 0.036299560 0.998962224 -0.027509630 -9.199577332 0.649275064 -0.002648724 0.760549068 97.183120728
0.769567549 -0.044373088 -0.637021959 -102.227325439 0.034395784 0.999014914 -0.028035935 -9.229357719 0.637638390 -0.000335324 0.770335674 97.718887329
0.779662549 -0.044879667 -0.624589562 -102.674903870 0.034335297 0.998991787 -0.028922154 -9.286305428 0.625257850 0.001104055 0.780417442 98.190223694
0.789889872 -0.043817785 -0.611681283 -103.105834961 0.033777613 0.999038637 -0.027947646 -9.315694809 0.612317741 0.001414428 0.790610433 98.731849670
0.799916029 -0.042330276 -0.598617136 -103.550216675 0.033772133 0.999103665 -0.025521245 -9.358649254 0.599160910 0.000198271 0.800628603 99.248794556
0.810103297 -0.038798690 -0.585001886 -103.946960449 0.032486077 0.999245405 -0.021285962 -9.397976875 0.585386395 -0.001760592 0.810752511 99.796478271
0.819653451 -0.038390633 -0.571571887 -104.299987793 0.033489309 0.999256611 -0.019092035 -9.411371231 0.571879983 -0.003492694 0.820329905 100.297805786
0.828857958 -0.037258044 -0.558217168 -104.686798096 0.034358528 0.999286532 -0.015680499 -9.432091713 0.558403194 -0.006182614 0.829546750 100.843902588
0.836752534 -0.036096446 -0.546390057 -105.014717102 0.034530088 0.999317229 -0.013138345 -9.462018013 0.546491265 -0.007873354 0.837427795 101.319511414
0.844201148 -0.035931569 -0.534820795 -105.399681091 0.035659313 0.999305069 -0.010850308 -9.488077164 0.534839034 -0.009911500 0.844895840 101.898391724
0.850568831 -0.036405671 -0.524602056 -105.705833435 0.036176357 0.999288201 -0.010692443 -9.495966911 0.524617851 -0.009883528 0.851280570 102.420089722
0.857344985 -0.035280939 -0.513531744 -106.061981201 0.035134371 0.999332488 -0.009999618 -9.524319649 0.513541758 -0.009469490 0.858012319 103.006118774
0.864065349 -0.033152685 -0.502286673 -106.394683838 0.033254799 0.999408543 -0.008757451 -9.540887833 0.502279997 -0.009136430 0.864656746 103.486579895
0.870188534 -0.032483712 -0.491646975 -106.732673645 0.032808851 0.999429941 -0.007963645 -9.555435181 0.491625488 -0.009200501 0.870758176 104.084777832
0.876124382 -0.032992665 -0.480954677 -107.040939331 0.033392657 0.999412417 -0.007728699 -9.571706772 0.480927110 -0.009289054 0.876711369 104.638252258
0.881163478 -0.033627093 -0.471614420 -107.360260010 0.033823006 0.999395311 -0.008064138 -9.595190048 0.471600413 -0.008845594 0.881768048 105.236480713
0.884928405 -0.034478541 -0.464449018 -107.553863525 0.034332972 0.999371946 -0.008773107 -9.558627129 0.464459777 -0.008182345 0.885556400 105.061477661
0.888418972 -0.034008209 -0.457772136 -107.863311768 0.034216657 0.999383807 -0.007839108 -9.570811272 0.457756639 -0.008699019 0.889034986 105.667388916
0.891668916 -0.031522058 -0.451589316 -108.184692383 0.033081997 0.999442875 -0.004442758 -9.582143784 0.451477677 -0.010978009 0.892214894 106.278175354
0.894928753 -0.026718238 -0.445408404 -108.486816406 0.030192662 0.999543786 0.000705480 -9.602070808 0.445186466 -0.014079420 0.895327210 106.897026062
0.898104131 -0.024815187 -0.439082116 -108.791244507 0.029166929 0.999569535 0.003166689 -9.603416443 0.438814610 -0.015650695 0.898441315 107.517173767
0.901364386 -0.021783058 -0.432513326 -109.102676392 0.026947394 0.999619961 0.005814016 -9.613101006 0.432222307 -0.016895652 0.901608765 108.158020020
0.904620767 -0.021453436 -0.425677001 -109.445396423 0.027236899 0.999600887 0.007503810 -9.601298332 0.425346106 -0.018382227 0.904843986 108.851959229
0.907943010 -0.019632548 -0.418633550 -109.755439758 0.026519306 0.999591708 0.010638161 -9.605077744 0.418253750 -0.020760715 0.908092916 109.521629333
0.911320865 -0.019789426 -0.411220789 -110.061958313 0.027376972 0.999546170 0.012569321 -9.603733063 0.410785377 -0.022712667 0.911449075 110.201118469
0.914899409 -0.019914467 -0.403190315 -110.382400513 0.027917149 0.999512494 0.013980063 -9.603675842 0.402715355 -0.024046276 0.915009379 110.909103394
0.918484747 -0.020266868 -0.394936770 -110.686111450 0.028288152 0.999494672 0.014497534 -9.603528976 0.394443393 -0.024487795 0.918593943 111.618301392
0.922239602 -0.022096688 -0.385986894 -110.978271484 0.029929301 0.999449790 0.014294417 -9.603617668 0.385458678 -0.024735192 0.922393501 112.327758789
0.926211536 -0.023841059 -0.376249731 -111.295745850 0.031003263 0.999434888 0.012991363 -9.599280357 0.375727326 -0.023697719 0.926427186 113.081344604
0.930607080 -0.025429977 -0.365135342 -111.575294495 0.031641409 0.999438286 0.011037067 -9.590987206 0.364649534 -0.021824567 0.930889010 113.808624268
0.935723066 -0.023284718 -0.351965874 -111.864471436 0.028949618 0.999522090 0.010839805 -9.590166092 0.351545215 -0.020332333 0.935950041 114.571975708
0.941934288 -0.019640384 -0.335222393 -112.155433655 0.025244361 0.999604821 0.012367634 -9.586878777 0.334847003 -0.020111969 0.942057848 115.339126587
0.948333800 -0.015851904 -0.316878289 -112.418067932 0.022040203 0.999629736 0.015953867 -9.588136673 0.316508055 -0.022113645 0.948332012 116.114486694
0.955034435 -0.012691515 -0.296223044 -112.718185425 0.018768363 0.999667525 0.017679712 -9.549098969 0.295900196 -0.022444360 0.954955161 117.000991821
0.961380661 -0.011098604 -0.274997771 -112.951019287 0.016882250 0.999683082 0.018673558 -9.544035912 0.274703383 -0.022594981 0.961263478 117.810630798
0.967218280 -0.009964424 -0.253751278 -113.169349670 0.015786681 0.999656558 0.020918759 -9.536360741 0.253455758 -0.024238888 0.967043221 118.605308533
0.972630322 -0.009235784 -0.232174277 -113.366958618 0.015262439 0.999591231 0.024174530 -9.522741318 0.231856078 -0.027056426 0.972373724 119.437637329
0.977667272 -0.006625206 -0.210054219 -113.560623169 0.012831163 0.999520183 0.028195495 -9.512898445 0.209766611 -0.030261055 0.977283001 120.258789062
0.982213020 -0.004209707 -0.187722504 -113.738594055 0.010518515 0.999412298 0.032623634 -9.496274948 0.187474847 -0.034017917 0.981680036 121.137962341
0.986293972 -0.002448941 -0.164979279 -113.892745972 0.008547155 0.999305725 0.036263745 -9.471405029 0.164775938 -0.037176814 0.985630095 121.981163025
0.989763439 -0.000788218 -0.142715842 -114.038787842 0.006099103 0.999304771 0.036779366 -9.447378159 0.142587632 -0.037273306 0.989080131 122.882476807
0.992713511 -0.001196233 -0.120492719 -114.149963379 0.005474702 0.999365807 0.035183325 -9.432913780 0.120374225 -0.035586625 0.992090642 123.756263733
0.995018661 -0.001452839 -0.099678650 -114.240219116 0.004905805 0.999395907 0.034404621 -9.401454926 0.099568449 -0.034722250 0.994424760 124.638595581
0.996893525 -0.001551129 -0.078745872 -114.351509094 0.004471722 0.999307990 0.036926061 -9.376350403 0.078634128 -0.037163485 0.996210575 125.585624695
0.998259723 -0.001774782 -0.058942359 -114.402770996 0.004063368 0.999241412 0.038730405 -9.352296829 0.058828913 -0.038902510 0.997509778 126.523834229
0.999255598 -0.001253391 -0.038555786 -114.447090149 0.002787421 0.999205410 0.039759312 -9.318284988 0.038475316 -0.039837189 0.998465180 127.447700500
0.999839425 0.001275814 -0.017879032 -114.466865540 -0.000535889 0.999145389 0.041328922 -9.302761078 0.017916501 -0.041312713 0.998985589 128.419967651
0.999996781 0.000832012 0.002392884 -114.473915100 -0.000932366 0.999106646 0.042247884 -9.282052994 -0.002355595 -0.042249978 0.999104321 129.346038818
0.999728024 0.003230036 0.023098964 -114.476509094 -0.004192611 0.999119461 0.041745551 -9.238632202 -0.022943785 -0.041831039 0.998861253 130.357711792
0.999074101 0.003586622 0.042873941 -114.424278259 -0.005355418 0.999136031 0.041212346 -9.216353416 -0.042689085 -0.041403800 0.998230100 131.298522949
0.997961283 0.004566141 0.063658208 -114.440628052 -0.007024146 0.999236226 0.038442388 -9.168785095 -0.063434042 -0.038811162 0.997231066 132.365753174
0.996557653 0.006950973 0.082610250 -114.358642578 -0.009983686 0.999289095 0.036354922 -9.141775131 -0.082298815 -0.037054528 0.995918572 133.368743896
0.994753301 0.007666100 0.102016017 -114.265045166 -0.011269517 0.999330938 0.034792755 -9.119918823 -0.101681039 -0.035759866 0.994174182 134.381057739
0.992648602 0.006970905 0.120831199 -114.192588806 -0.010897853 0.999432564 0.031869151 -9.084257126 -0.120540500 -0.032951679 0.992161334 135.388244629
0.990133166 0.008864441 0.139848813 -114.060440063 -0.012752684 0.999555886 0.026931580 -9.072858810 -0.139547989 -0.028449301 0.989806592 136.374023438
0.987421453 0.009943043 0.157797858 -113.908851624 -0.013357483 0.999698818 0.020592274 -9.056729317 -0.157545596 -0.022441033 0.987256706 137.406997681
0.984461784 0.011949521 0.175191939 -113.724746704 -0.014918870 0.999766290 0.015641855 -9.053319931 -0.174964115 -0.018012470 0.984409988 138.513580322
0.981236756 0.013440912 0.192337796 -113.514167786 -0.016002683 0.999802649 0.011771798 -9.037858009 -0.192141652 -0.014628840 0.981258214 139.507431030
0.977252960 0.016822251 0.211408809 -113.456451416 -0.019231420 0.999771416 0.009344721 -9.044610977 -0.211203292 -0.013197851 0.977352977 140.620361328
0.973359168 0.016355176 0.228701770 -113.217239380 -0.019163350 0.999765694 0.010063239 -9.046766281 -0.228483588 -0.014177838 0.973444521 141.654510498
0.969127297 0.015577823 0.246068388 -112.893539429 -0.018498184 0.999783158 0.009560969 -9.078314781 -0.245866075 -0.013817615 0.969205320 142.937194824
0.964589953 0.015970189 0.263270497 -112.627136230 -0.017695190 0.999834657 0.004182210 -9.080674171 -0.263160199 -0.008692740 0.964713097 143.993286133
0.960072756 0.016828278 0.279243737 -112.311080933 -0.017589549 0.999845266 0.000220497 -9.086322784 -0.279196829 -0.005123466 0.960220277 145.054626465
0.955013633 0.019664502 0.295909315 -112.002830505 -0.020682160 0.999786079 0.000309047 -9.081540108 -0.295839936 -0.006415188 0.955215991 146.123229980
0.949381828 0.021851460 0.313363880 -111.656875610 -0.022882136 0.999738038 -0.000388871 -9.096244812 -0.313290328 -0.006801248 0.949633062 147.202362061
0.942931771 0.025185226 0.332032233 -111.370086670 -0.026029525 0.999659359 -0.001905177 -9.193878174 -0.331967056 -0.006846191 0.943266153 148.485916138
0.936572909 0.025370570 0.349553406 -110.992141724 -0.024942013 0.999672472 -0.005728018 -9.204961777 -0.349584252 -0.003353860 0.936898947 149.555694580
0.929981649 0.026755052 0.366631061 -110.565994263 -0.025721490 0.999639392 -0.007705006 -9.231920242 -0.366705060 -0.002264783 0.930334449 150.688507080
0.922765315 0.027446181 0.384383768 -110.148200989 -0.024337415 0.999619961 -0.012950670 -9.265373230 -0.384593129 0.002595521 0.923082530 151.783935547
0.914661825 0.030332241 0.403080583 -109.675979614 -0.024846585 0.999513805 -0.018833140 -9.294174194 -0.403455943 0.007210775 0.914970756 152.858184814
0.905237794 0.033996787 0.423543125 -109.182754517 -0.026885537 0.999379516 -0.022755397 -9.288961411 -0.424053967 0.009211862 0.905590057 153.890258789
0.893656790 0.037315208 0.447197020 -108.694534302 -0.029786361 0.999271512 -0.023858048 -9.325856209 -0.447761506 0.008000536 0.894117177 154.889465332
0.880414069 0.041722044 0.472366452 -108.214019775 -0.033353541 0.999103248 -0.026080802 -9.390056610 -0.473031074 0.007206813 0.881016254 156.030776978
0.866348743 0.045646094 0.497349203 -107.650558472 -0.035761360 0.998928189 -0.029386498 -9.426774979 -0.498157561 0.007673068 0.867052555 157.079269409
0.851747572 0.049505346 0.521608412 -107.080223083 -0.038406786 0.998747289 -0.032074723 -9.486396790 -0.522542834 0.007286270 0.852581918 158.154235840
0.836739779 0.051278234 0.545194447 -106.459548950 -0.038605038 0.998652637 -0.034678951 -9.533561707 -0.546238065 0.007970010 0.837592006 159.150100708
0.820975661 0.053161148 0.568482995 -105.781776428 -0.039255764 0.998555481 -0.036687691 -9.598788261 -0.569612205 0.007803467 0.821876585 160.190826416
