0.986365199 0.049264658 -0.157024384 15.885684967 -0.049845990 0.998756886 0.000236052 0.678779840 0.156840816 0.007594203 0.987594724 5.334143639
0.975031674 0.003106917 -0.222044021 14.989324570 -0.004731286 0.999965906 -0.006783986 0.641049266 0.222015336 0.007665156 0.975013018 5.352747917
0.989093482 0.050984692 -0.138183326 15.844444275 -0.051012866 0.998692393 0.003339989 0.674618721 0.138172925 0.003745567 0.990401030 5.737613678
0.886524439 0.264909267 0.379338175 15.879565239 -0.318691373 0.943989038 0.085560225 0.607985795 -0.335425377 -0.196743041 0.921293676 4.556610584
0.811648726 0.261722803 0.522233367 15.683696747 -0.367283344 0.923836708 0.107836545 0.579887390 -0.454235196 -0.279332995 0.845957100 4.548199654
0.698327661 0.215648293 0.682520509 15.091639519 -0.409399420 0.902501523 0.133727923 0.536796093 -0.587137580 -0.372809410 0.718528032 4.820898056
0.691142440 0.214077502 0.690284610 15.419054985 -0.411341727 0.901848555 0.132163182 0.592887998 -0.594239056 -0.375286460 0.711364806 5.153086185
0.682800114 0.212113902 0.699136376 15.748073578 -0.413653105 0.901015103 0.130624786 0.649350047 -0.602225125 -0.378390580 0.702954710 5.488095760
0.577420771 0.138999388 0.804527462 16.027294159 -0.425415426 0.892283916 0.151165470 0.701512337 -0.696855068 -0.429544449 0.574355781 5.813055992
0.566382706 0.137208223 0.812640429 16.457582474 -0.427284926 0.892055988 0.147186071 0.774477959 -0.704725623 -0.430592686 0.563872039 6.121329308
0.554710150 0.136519164 0.820767403 16.900083542 -0.428948551 0.892176747 0.141505212 0.840551376 -0.712951481 -0.430561364 0.553459167 6.426010132
0.846963227 0.257494777 0.465133995 17.057037354 -0.325224042 0.943031788 0.070145547 0.769017816 -0.420574009 -0.210683480 0.882456779 6.996384144
0.528877497 0.138452649 0.837328732 17.802444458 -0.432827353 0.892658472 0.125782996 0.966870546 -0.730033636 -0.428942591 0.532032967 7.012830734
0.378568232 0.065949604 0.923220873 18.300662994 -0.503725946 0.851483047 0.145728588 1.012969375 -0.776496172 -0.520218492 0.355564952 8.003894806
0.354516923 0.068230212 0.932556927 18.889753342 -0.509689391 0.850241363 0.131553754 1.087790489 -0.783922493 -0.521952391 0.336201161 8.218084335
0.324783295 0.069573596 0.943226039 19.485424042 -0.515619159 0.849076688 0.114915356 1.159544468 -0.792876244 -0.523667932 0.311639428 8.429060936
0.219171330 0.024308037 0.975383520 20.584089279 -0.551365316 0.827848554 0.103262059 1.297911167 -0.804959714 -0.560424745 0.194843277 8.601524353
0.186686903 0.024926448 0.982103229 20.919872284 -0.554051757 0.828203142 0.084298715 1.317276955 -0.811279655 -0.559873402 0.168425217 8.654379845
0.150194526 0.026978105 0.988288283 22.020252228 -0.556385458 0.828612626 0.061937053 1.396837950 -0.817237198 -0.559171855 0.139463320 8.842620850
0.118687250 0.027954791 0.992538035 22.324211121 -0.558495164 0.828368843 0.043453634 1.398578525 -0.820972741 -0.559485197 0.113929421 8.880014420
-0.072847508 -0.046904966 0.996239483 24.469478607 -0.076264873 0.996230662 0.041327879 1.049107313 -0.994422913 -0.072967440 -0.076150142 8.290248871
-0.103698619 -0.042564481 0.993697524 24.740966797 -0.072924040 0.996720195 0.035083871 1.051462889 -0.991931677 -0.068826303 -0.106462479 8.253427505
-0.087865338 -0.028299101 0.995730281 26.071136475 -0.263679832 0.964601457 0.004146735 1.169250846 -0.960600138 -0.262189656 -0.092216924 8.396690369
-0.118137307 -0.022139480 0.992750347 26.319322586 -0.256446868 0.966516733 -0.008962749 1.161273479 -0.959311426 -0.255646586 -0.119859301 8.362262726
-0.167245805 -0.020134769 0.985709608 27.819652557 -0.146899179 0.989140213 -0.004719605 1.108016729 -0.974909961 -0.145589262 -0.168387324 7.986443520
-0.194403321 -0.014622586 0.980812669 28.057617188 -0.136930853 0.990503311 -0.012373508 1.096933484 -0.971317232 -0.136708960 -0.194559425 7.931727886
-0.271548182 0.002209614 0.962422311 29.415979385 0.039310090 0.999188304 0.008797353 1.087426186 -0.961621642 0.040221822 -0.271414608 7.009835720
-0.298681736 0.017311998 0.954195678 29.658149719 0.042859666 0.999070048 -0.004710253 1.083691478 -0.953389883 0.039489649 -0.299145937 6.939265728
-0.302512676 0.053360403 0.951650500 31.036256790 0.040650040 0.998245537 -0.043051127 1.728353143 -0.952278137 0.025661152 -0.304150999 5.768836975
-0.328735739 0.068506844 0.941933990 31.304483414 0.039937876 0.997481883 -0.058608495 1.713234544 -0.943577111 0.018352173 -0.330643892 5.676299095
-0.372649401 0.057975966 0.926159382 32.531520844 0.043162916 0.998049259 -0.045109116 1.027354002 -0.926967859 0.023165874 -0.374424875 5.843521118
-0.395849347 0.062253617 0.916202962 32.815933228 0.047042176 0.997764289 -0.047470734 1.007773757 -0.917109787 0.024308925 -0.397892892 5.711340904
-0.418039620 0.062117629 0.906302512 34.041481018 0.049488060 0.997735143 -0.045557566 0.951746821 -0.907079816 0.025806300 -0.420166969 5.111300468
-0.438104242 0.057437044 0.897087216 34.358283997 0.052508924 0.997887731 -0.038247466 0.928449392 -0.897389174 0.030348729 -0.440194905 4.948981285
-0.456978291 0.056571469 0.887676954 34.766365051 0.061571814 0.997593343 -0.031879123 0.903199434 -0.887344122 0.040087815 -0.459361792 4.759644508
-0.469899416 0.056651700 0.880900204 36.252944946 0.060854062 0.997643173 -0.031698126 0.828934133 -0.880619884 0.038711414 -0.472239405 3.943417549
-0.480859786 0.060680278 0.874695241 36.607067108 0.064889483 0.997329473 -0.033515126 0.805284858 -0.874392986 0.040642433 -0.483513087 3.752107620
-0.490856051 0.063274480 0.868939936 37.696678162 0.064557411 0.997258961 -0.036150515 0.755172014 -0.868845522 0.038351811 -0.493595481 3.115694046
-0.501763761 0.062930904 0.862712502 38.001171112 0.058933154 0.997519672 -0.038488209 0.734208107 -0.862994790 0.031530418 -0.504227996 2.940537453
-0.512260437 0.061299667 0.856639683 39.075496674 0.058292359 0.997630954 -0.036530592 0.663540721 -0.856849611 0.031222358 -0.514620125 2.288026810
-0.522711694 0.061591662 0.850281835 39.315879822 0.059469398 0.997591496 -0.035703480 0.642881274 -0.850432813 0.031903092 -0.525115550 2.163106918
-0.531549871 0.064371072 0.844577551 39.543014526 0.062178910 0.997383237 -0.036884028 0.627633095 -0.844741642 0.032909226 -0.534161448 2.033334732
-0.532352567 0.067480110 0.843828797 41.141712189 0.062221132 0.997240543 -0.040494375 0.545333266 -0.844232976 0.030946705 -0.535082221 0.989347458
-0.532095492 0.069763161 0.843805373 41.445312500 0.063401669 0.997084618 -0.042455286 0.514975667 -0.844307244 0.030908395 -0.534967363 0.811815262
-0.529239774 0.069520414 0.845619321 41.752822876 0.065557390 0.997008741 -0.040936753 0.490109563 -0.845935881 0.033771232 -0.532214284 0.628679276
-0.522497833 0.068789691 0.849861145 43.306083679 0.062683098 0.997141957 -0.042173102 0.408951283 -0.850333333 0.031236622 -0.525316536 -0.360538483
-0.514433086 0.068160079 0.854817271 43.730640411 0.059785675 0.997261167 -0.043538742 0.383410931 -0.855443776 0.028708041 -0.517099261 -0.619962692
-0.508230090 0.067207061 0.858594954 44.838348389 0.058924865 0.997327805 -0.043186907 0.319235563 -0.859203041 0.028643699 -0.510832131 -1.283988953
-0.501290381 0.065828055 0.862771571 45.652667999 0.056063399 0.997477770 -0.043531764 0.269910216 -0.863460898 0.026547840 -0.503716648 -1.760351181
-0.494729459 0.064141445 0.866676807 46.233909607 0.050649725 0.997705579 -0.044926025 0.231302619 -0.867569804 0.021670710 -0.496843040 -2.114883423
-0.496399015 0.060409795 0.865989923 47.270507812 0.047862615 0.997962892 -0.042180378 0.168584704 -0.866774023 0.020510284 -0.498279184 -2.670608521
-0.496203035 0.057931747 0.866271555 48.123619080 0.043847423 0.998170197 -0.041636530 0.117595911 -0.867098570 0.017323609 -0.497835308 -3.157945633
-0.497402012 0.056923751 0.865650594 48.978492737 0.043368097 0.998228848 -0.040722605 0.066372991 -0.866435468 0.017286109 -0.498989731 -3.647417068
-0.497931689 0.056128360 0.865397871 49.841083527 0.043398805 0.998265743 -0.039775211 0.019076347 -0.866129577 0.017751912 -0.499504060 -4.143653870
-0.497812629 0.055619743 0.865499318 50.712013245 0.044085797 0.998274207 -0.038795255 -0.032370090 -0.866163433 0.018843450 -0.499405503 -4.643407822
-0.497739553 0.054836798 0.865591228 51.599197388 0.044800665 0.998292565 -0.037482001 -0.086902857 -0.866168737 0.020122785 -0.499346375 -5.153778076
-0.498152792 0.054412924 0.865380228 52.495288849 0.043331113 0.998344302 -0.037829965 -0.138837457 -0.866005898 0.018652789 -0.499685675 -5.668495178
-0.498060137 0.052937321 0.865525007 53.386524200 0.042082518 0.998434424 -0.036850240 -0.186709762 -0.866120696 0.018069845 -0.499508202 -6.174142838
-0.497840792 0.052197248 0.865696251 54.239894867 0.039634731 0.998513579 -0.037412517 -0.228905916 -0.866362393 0.015686164 -0.499169618 -6.654079437
-0.497694165 0.052119832 0.865785182 55.179252625 0.041216727 0.998486400 -0.036415059 -0.294935703 -0.866372645 0.017561272 -0.499089092 -7.185144424
-0.495198131 0.051505111 0.867251992 56.091514587 0.041415311 0.998505712 -0.035652116 -0.352346301 -0.867792368 0.018262656 -0.496591270 -7.717279434
-0.492382258 0.049004860 0.868998468 56.959243774 0.040103260 0.998630762 -0.033592261 -0.406505823 -0.869454682 0.018309442 -0.493673354 -8.205621719
-0.491426319 0.047212888 0.869638503 57.868007660 0.042384952 0.998642862 -0.030265139 -0.459936976 -0.869887173 0.021986507 -0.492760479 -8.717399597
-0.489701837 0.047841512 0.870576501 58.731353760 0.041203730 0.998647690 -0.031702306 -0.481483936 -0.870915771 0.020346321 -0.491010815 -9.178535461
-0.487177402 0.047287587 0.872021794 59.660778046 0.042012382 0.998645842 -0.030682785 -0.552604795 -0.872291863 0.021687750 -0.488504410 -9.711519241
-0.486497492 0.048083402 0.872357905 60.529651642 0.041883145 0.998619974 -0.031685393 -0.600369453 -0.872677445 0.021122226 -0.487840056 -10.175838470
-0.486943930 0.049631651 0.872021973 61.381374359 0.040225368 0.998599172 -0.034373708 -0.640476465 -0.872506440 0.018339338 -0.488258243 -10.665468216
-0.488144785 0.051580645 0.871237040 62.321739197 0.038813498 0.998547375 -0.037371129 -0.725328445 -0.871899068 0.015573240 -0.489437908 -11.172300339
-0.492570847 0.051898602 0.868723392 63.174591064 0.037400011 0.998560369 -0.038449213 -0.785112381 -0.869468331 0.013551299 -0.493802875 -11.652954102
-0.498119622 0.051119234 0.865600169 64.088943481 0.039076935 0.998569906 -0.036484685 -0.830144763 -0.866227329 0.015651267 -0.499404907 -12.179109573
-0.503775001 0.048540607 0.862470031 64.930938721 0.039750829 0.998664916 -0.032987043 -0.892555952 -0.862919807 0.017665852 -0.505032003 -12.670953751
-0.509131551 0.045934893 0.859461963 65.823028564 0.037483383 0.998810768 -0.031177975 -0.944136858 -0.859872103 0.016341859 -0.510247827 -13.190666199
-0.514173746 0.049076270 0.856280744 66.649024963 0.039179109 0.998663366 -0.033710681 -0.996934175 -0.856790721 0.016215179 -0.515409231 -13.688428879
-0.517071426 0.051704269 0.854379177 67.541671753 0.040954370 0.998525202 -0.035641864 -1.051186323 -0.854961932 0.016561173 -0.518426359 -14.190073013
-0.522040784 0.052564394 0.851299226 68.365097046 0.039603461 0.998516440 -0.037368517 -1.102124453 -0.852000594 0.014206504 -0.523348093 -14.689355850
-0.525749326 0.052667711 0.849007428 69.219772339 0.038453434 0.998532712 -0.038131058 -1.156490803 -0.849769950 0.012599880 -0.527003050 -15.209110260
-0.529019475 0.052261457 0.846998811 70.030273438 0.039510630 0.998536408 -0.036934007 -1.208708525 -0.847689331 0.013926648 -0.530310154 -15.718303680
-0.529131234 0.046233866 0.847279489 70.887611389 0.042891778 0.998695493 -0.027710058 -1.235864162 -0.847455263 0.021679068 -0.530423999 -16.220840454
-0.532621324 0.036371000 0.845571756 71.682159424 0.039854091 0.999045730 -0.017868562 -1.299042344 -0.845414758 0.024182316 -0.533562660 -16.780355453
-0.532912374 0.035961930 0.845405936 72.529739380 0.043700453 0.998932838 -0.014945535 -1.322986603 -0.845041215 0.028979959 -0.533915222 -17.250581741
-0.533976793 0.040587891 0.844524384 73.329620361 0.043466881 0.998844087 -0.020521222 -1.353506565 -0.844381213 0.025750982 -0.535123765 -17.750108719
-0.536782801 0.046544548 0.842435658 74.120758057 0.044922139 0.998637676 -0.026551228 -1.393282175 -0.842523694 0.023591779 -0.538142323 -18.218992233
-0.533545971 0.051633034 0.844193578 74.922874451 0.056397632 0.998085201 -0.025401086 -1.416020989 -0.843888640 0.034057871 -0.535436273 -18.750349045
-0.533009231 0.053217541 0.844434142 75.709381104 0.060822163 0.997847974 -0.024494791 -1.459180713 -0.843920529 0.038304355 -0.535099089 -19.264097214
-0.533123791 0.049470365 0.844589710 76.519866943 0.058698971 0.998046160 -0.021406718 -1.497041821 -0.843998492 0.038164116 -0.534986019 -19.752426147
-0.532169461 0.044449575 0.845470190 77.289428711 0.059286028 0.998125851 -0.015158503 -1.533336401 -0.844559550 0.042057674 -0.533807337 -20.236206055
-0.532305717 0.037581313 0.845717669 78.099578857 0.055474922 0.998415351 -0.009450139 -1.559148073 -0.844732642 0.041885752 -0.533547044 -20.726753235
-0.531446159 0.030926028 0.846527278 78.882858276 0.044140674 0.998986721 -0.008784478 -1.601488709 -0.845941246 0.032697812 -0.532272696 -21.231258392
-0.529859006 0.026271258 0.847678721 79.680160522 0.036745917 0.999292552 -0.008001283 -1.620310783 -0.847289324 0.026909180 -0.530449629 -21.713401794
-0.528358757 0.026970442 0.848592758 80.441879272 0.039377194 0.999198139 -0.007239668 -1.629048467 -0.848107576 0.029590057 -0.528997123 -22.204223633
-0.525280297 0.030361474 0.850387394 81.228363037 0.043458346 0.999016285 -0.008823962 -1.653873682 -0.849818766 0.032321386 -0.526083052 -22.689308167
-0.520389199 0.033404704 0.853275597 82.017578125 0.044555709 0.998935640 -0.011933816 -1.686620712 -0.852766037 0.031808078 -0.521323681 -23.177488327
-0.511887133 0.035328373 0.858325958 82.802780151 0.049000911 0.998728037 -0.011884182 -1.712610722 -0.857654095 0.035975397 -0.512967169 -23.665569305
-0.504302919 0.037893262 0.862694979 83.580940247 0.054312818 0.998450518 -0.012106763 -1.764990091 -0.861817062 0.040749922 -0.505579650 -24.113010406
-0.494610578 0.037180115 0.868319094 84.385665894 0.051908471 0.998564720 -0.013189015 -1.787370205 -0.867563307 0.038549684 -0.495830685 -24.561326981
-0.484074205 0.032311842 0.874430180 85.264472961 0.040263064 0.999082029 -0.014628809 -1.898449898 -0.874100149 0.028125810 -0.484930754 -25.016128540
-0.473505616 0.027139658 0.880372524 86.141075134 0.030542100 0.999430001 -0.014382915 -1.971562266 -0.880261004 0.020078043 -0.474064648 -25.471124649
-0.462785095 0.025307644 0.886109114 86.993667603 0.027035579 0.999530375 -0.014427226 -2.044175863 -0.886058152 0.017279763 -0.463251919 -25.909667969
-0.451461703 0.024549915 0.891952693 87.814018250 0.027457759 0.999530315 -0.013613111 -2.069668293 -0.891867995 0.018345231 -0.451923728 -26.310058594
-0.439507723 0.025654601 0.897872329 88.639999390 0.029032640 0.999475598 -0.014346218 -2.102375507 -0.897769511 0.019762333 -0.440022051 -26.709663391
-0.423918754 0.026878685 0.905301273 89.740081787 0.027899817 0.999472737 -0.016610228 -2.261961460 -0.905270398 0.018216353 -0.424445152 -27.309005737
-0.412947655 0.035873976 0.910047889 90.553459167 0.030857140 0.999201238 -0.025386512 -2.293933153 -0.910231829 0.017598171 -0.413724810 -27.666666031
-0.399743468 0.040740736 0.915721238 91.363777161 0.030037409 0.999057472 -0.031336043 -2.324460983 -0.916134775 0.014979506 -0.400590450 -28.024692535
-0.389828116 0.036404248 0.920167804 92.183097839 0.029598258 0.999197364 -0.026991596 -2.397503614 -0.920411885 0.016713282 -0.390592724 -28.294097900
-0.377759904 0.033158768 0.925309777 92.986755371 0.026555145 0.999335408 -0.024970312 -2.399258852 -0.925522685 0.015138944 -0.378389508 -28.654296875
-0.367310882 0.033604939 0.929490983 93.826728821 0.023664728 0.999361217 -0.026779352 -2.442937851 -0.929797053 0.012159807 -0.367871523 -28.986148834
-0.361509860 0.037121400 0.931628942 94.677909851 0.018142305 0.999297917 -0.032777768 -2.522190571 -0.932191789 0.005052418 -0.361929506 -29.253646851
-0.357054144 0.042280544 0.933126271 95.519409180 0.011764586 0.999099374 -0.040768195 -2.559732437 -0.934009612 -0.003578606 -0.357230037 -29.556522369
-0.353500962 0.044405535 0.934379697 96.370948792 0.007797101 0.998977900 -0.044525653 -2.603309155 -0.935401678 -0.008454408 -0.353485823 -29.867542267
-0.354202002 0.043186162 0.934171259 96.948402405 0.006300095 0.999020755 -0.043795351 -2.652276278 -0.935147703 -0.009627039 -0.354127198 -29.935569763
-0.348946184 0.043499514 0.936132610 97.868865967 0.003526876 0.998976052 -0.045105007 -2.691080093 -0.937136114 -0.012437595 -0.348742306 -30.287805557
-0.343510389 0.039136566 0.938333035 98.739227295 0.001492820 0.999152839 -0.041126769 -2.747240543 -0.939147711 -0.012726714 -0.343277812 -30.595676422
-0.338324726 0.035113938 0.940374076 99.490608215 0.001519191 0.999322772 -0.036768537 -2.801847696 -0.941028178 -0.011011099 -0.338148892 -30.844097137
-0.332752079 0.032418448 0.942456961 100.340553284 0.001500230 0.999425828 -0.033848371 -2.858588934 -0.943013072 -0.009849216 -0.332609653 -31.133472443
-0.327149123 0.030212309 0.944489658 101.203155518 -0.008093653 0.999362469 -0.034771036 -2.907461405 -0.944938064 -0.019019684 -0.326696038 -31.413442612
-0.320744276 0.030659525 0.946669459 102.081054688 -0.015655542 0.999167800 -0.037664082 -2.950362682 -0.947036386 -0.026901161 -0.319997370 -31.697858810
-0.314001113 0.035248771 0.948768079 102.917648315 -0.013991386 0.999030173 -0.041746665 -2.976553440 -0.949319541 -0.026383078 -0.313203424 -31.963893890
-0.306672931 0.038084969 0.951052666 103.793701172 -0.012380982 0.998954952 -0.043995544 -3.033297777 -0.951734483 -0.025267212 -0.305880934 -32.247646332
-0.300524205 0.036739856 0.953066289 104.645446777 -0.014564732 0.998964489 -0.043101802 -3.079101086 -0.953662992 -0.026834289 -0.299677908 -32.506523132
-0.293722123 0.032513551 0.955337763 105.551651001 -0.013937581 0.999169469 -0.038290460 -3.125017166 -0.955789208 -0.024561854 -0.293024957 -32.769454956
-0.286184579 0.029005047 0.957735360 106.381454468 -0.015049837 0.999282360 -0.034760393 -3.183980227 -0.958056331 -0.024361648 -0.285542667 -33.023559570
-0.279747277 0.032391820 0.959527075 107.255882263 -0.017753312 0.999085248 -0.038903162 -3.226160765 -0.959909499 -0.027917836 -0.278916389 -33.267326355
-0.272981346 0.035117209 0.961378157 108.057319641 -0.016190501 0.999024272 -0.041089602 -3.275234222 -0.961883068 -0.026781885 -0.272146493 -33.511505127
-0.266412705 0.035829812 0.963192880 108.948699951 -0.018720828 0.998928010 -0.042337172 -3.322161913 -0.963677168 -0.029310925 -0.265456378 -33.742504120
-0.259280860 0.034942802 0.965169668 109.821144104 -0.018635096 0.998978257 -0.041172881 -3.383827209 -0.965622306 -0.028661368 -0.258364737 -33.975299835
-0.250783890 0.034896351 0.967413843 110.695899963 -0.014030799 0.999114037 -0.039677054 -3.436970711 -0.967941403 -0.023523955 -0.250072032 -34.209674835
-0.236289084 0.033910863 0.971090913 111.372573853 -0.063596420 0.996708214 -0.050279930 -2.700090647 -0.969599366 -0.073638491 -0.233354688 -35.632453918
-0.229207024 0.034030195 0.972782612 112.253547668 -0.062386539 0.996820331 -0.049570609 -2.769241095 -0.971376300 -0.072050475 -0.226355225 -35.836791992
-0.228851840 0.034945585 0.972833812 113.282051086 -0.014814344 0.999114633 -0.039374590 -3.607704878 -0.973348498 -0.023422843 -0.228131562 -34.848865509
-0.223015115 0.033240989 0.974248052 114.158111572 -0.019152308 0.999076068 -0.038472258 -3.656271458 -0.974626839 -0.027238991 -0.222172424 -35.042594910
-0.217851773 0.033569247 0.975404382 115.001815796 -0.015723608 0.999157906 -0.037898526 -3.702932119 -0.975855231 -0.023593137 -0.217140496 -35.239265442
-0.208100006 0.031675063 0.977594554 115.718521118 -0.069204658 0.996493816 -0.047018982 -2.988240242 -0.975656271 -0.077438749 -0.205178306 -36.555370331
-0.202405840 0.032852273 0.978750467 116.592826843 -0.068521224 0.996512592 -0.047618676 -3.044956207 -0.976901591 -0.076703489 -0.199448884 -36.749313354
-0.196665511 0.031822000 0.979954123 117.423492432 -0.062395629 0.997041047 -0.044898946 -3.096533060 -0.978483200 -0.069974937 -0.194098055 -36.909069061
-0.198070988 0.033455882 0.979616463 118.575325012 -0.001019971 0.999409854 -0.034338079 -3.876420259 -0.980187118 -0.007800560 -0.197919965 -35.974914551
-0.192417100 0.032299846 0.980781436 119.424430847 0.000132469 0.999459028 -0.032888956 -3.921063423 -0.981313288 -0.006198474 -0.192317247 -36.149429321
-0.182664618 0.031522248 0.982669771 120.105491638 -0.055566374 0.997557342 -0.042328823 -3.255925179 -0.981603742 -0.062335383 -0.180466846 -37.406715393
-0.179332852 0.034142993 0.983195841 120.946853638 -0.056790799 0.997371733 -0.044993799 -3.294046879 -0.982147872 -0.063905343 -0.176922515 -37.548698425
-0.176870823 0.032864042 0.983685255 121.813171387 -0.059688512 0.997244716 -0.044049293 -3.357342958 -0.982422531 -0.066505753 -0.174421877 -37.705863953
-0.198571175 0.010643571 0.980028689 122.740737915 -0.074624330 0.996874094 -0.025946738 -3.589994907 -0.977241337 -0.078286260 -0.197156176 -37.622089386
-0.197676986 0.006290652 0.980246961 123.612640381 -0.073862970 0.997040987 -0.021293659 -3.618714333 -0.977480471 -0.076613218 -0.196627408 -37.793407440
-0.196900740 0.001275436 0.980422616 124.480384827 -0.074694574 0.997073352 -0.016298197 -3.653519154 -0.977573991 -0.076441377 -0.196229190 -37.958927155
-0.198134542 -0.002377304 0.980171919 125.339164734 -0.074154541 0.997167528 -0.012571272 -3.697231770 -0.977365673 -0.075175010 -0.197749659 -38.101985931
-0.196909696 0.002638492 0.980418086 126.194679260 -0.073773183 0.997121453 -0.017500238 -3.726049185 -0.977642059 -0.075774528 -0.196148247 -38.268356323
-0.198335916 0.005015407 0.980121255 127.084136963 -0.074822083 0.996991396 -0.020242618 -3.766412258 -0.977274001 -0.077349551 -0.197363943 -38.435012817
-0.198081255 0.004008426 0.980177402 127.920097351 -0.078193888 0.996739924 -0.019878136 -3.795996189 -0.977061689 -0.080581360 -0.197122067 -38.591033936
-0.196491152 0.003678604 0.980498672 128.757553101 -0.080882125 0.996524036 -0.019947432 -3.817648888 -0.977163911 -0.083224311 -0.195510626 -38.755348206
-0.195767447 0.005398324 0.980635405 129.587066650 -0.074677728 0.996999085 -0.020396568 -3.852595568 -0.977802813 -0.077224620 -0.194776863 -38.914100647
-0.196539208 0.006028057 0.980477452 130.470367432 -0.079828992 0.996563017 -0.022128873 -3.882200718 -0.977240860 -0.082619727 -0.195382476 -39.083759308
-0.196936473 0.006663090 0.980393648 131.321136475 -0.088298462 0.995792627 -0.024504693 -3.918689251 -0.976431966 -0.091393128 -0.195519552 -39.237682343
-0.194586501 0.009393008 0.980840504 132.141662598 -0.094200753 0.995153248 -0.028218327 -3.943559170 -0.976351678 -0.097886793 -0.192758545 -39.377349854
-0.196032554 0.012261942 0.980520725 132.966979980 -0.091825731 0.995298505 -0.030805184 -3.983618259 -0.976288497 -0.096075848 -0.193984911 -39.531219482
-0.194718033 0.013548031 0.980765700 133.797592163 -0.089575842 0.995480776 -0.031535394 -4.025372982 -0.976760507 -0.093993440 -0.192624435 -39.691177368
-0.192764387 0.014879894 0.981132269 134.620117188 -0.090501770 0.995353401 -0.032876581 -4.063923836 -0.977062583 -0.095131628 -0.190522075 -39.842681885
-0.192743585 0.013544199 0.981155694 135.442092896 -0.083141081 0.996083617 -0.030082963 -4.101916790 -0.977720559 -0.087372646 -0.190862685 -40.002670288
-0.176999152 0.027952597 0.983814001 136.254425049 -0.032879926 0.998870611 -0.034295861 -4.155143738 -0.983661652 -0.038418066 -0.175880194 -40.137317657
-0.174962401 0.022860972 0.984309614 137.066513062 -0.028559731 0.999191880 -0.028283147 -4.201897621 -0.984160781 -0.033060092 -0.174168095 -40.282028198
-0.171578184 0.022827307 0.984906018 137.882843018 -0.024751037 0.999316216 -0.027473107 -4.239923477 -0.984859467 -0.029091222 -0.170895830 -40.416603088
-0.166615725 0.027820179 0.985629380 138.678253174 -0.023539638 0.999204755 -0.032182615 -4.282959938 -0.985740900 -0.028563488 -0.165828362 -40.545799255
-0.159899861 0.030888233 0.986649871 139.478286743 -0.022467405 0.999137521 -0.034920316 -4.320944786 -0.986877501 -0.027751187 -0.159067973 -40.671737671
-0.151084960 0.031930421 0.988004863 140.270477295 -0.017737707 0.999229670 -0.035005614 -4.357210636 -0.988361776 -0.022813777 -0.150402203 -40.790203094
-0.141962245 0.028325478 0.989466667 141.072418213 -0.016993683 0.999373376 -0.031047219 -4.389578819 -0.989726245 -0.021222213 -0.141391933 -40.894294739
-0.129345566 0.026327340 0.991250038 141.851058960 -0.012121573 0.999530792 -0.028128989 -4.434141159 -0.991525412 -0.015653856 -0.128965765 -41.002101898
-0.115568839 0.028848045 0.992880464 142.631683350 -0.008292195 0.999515235 -0.030006008 -4.468560219 -0.993264854 -0.011700918 -0.115273602 -41.094131470
-0.101416066 0.029943904 0.994393408 143.414260864 -0.007699987 0.999493301 -0.030882785 -4.506032944 -0.994814217 -0.010788824 -0.101134121 -41.159694672
-0.082370616 0.031968784 0.996088862 144.245971680 -0.003798582 0.999468029 -0.032391354 -4.540393353 -0.996594548 -0.006451821 -0.082205363 -41.218807220
-0.068658255 0.033928804 0.997063100 145.085693359 -0.009254927 0.999356866 -0.034644149 -4.565732479 -0.997597396 -0.011606356 -0.068300083 -41.283603668
-0.055247501 0.039770637 0.997680306 145.818130493 -0.006677507 0.999169350 -0.040199768 -4.628874779 -0.998450339 -0.008882954 -0.054936025 -41.303997040
-0.040221617 0.051160596 0.997880161 146.660797119 -0.019202368 0.998464286 -0.051964544 -4.646300793 -0.999006271 -0.021251746 -0.039177444 -41.350437164
-0.027402265 0.059371974 0.997859716 147.428543091 -0.023997195 0.997907817 -0.060033824 -4.691634178 -0.999336362 -0.025590906 -0.025920168 -41.341098785
-0.015044782 0.057971306 0.998204887 148.125411987 -0.018356510 0.998133600 -0.058243833 -4.761289597 -0.999718308 -0.019199824 -0.013952555 -41.348522186
-0.003031021 0.053225830 0.998577893 148.909820557 -0.020969594 0.998359501 -0.053277839 -4.828750610 -0.999775529 -0.021101257 -0.001909919 -41.341201782
0.009930280 0.054675970 0.998454690 149.726882935 -0.038464963 0.997785985 -0.054256778 -4.848742962 -0.999210536 -0.037866749 0.012011404 -41.341197968
0.017942917 0.061553460 0.997942448 150.497497559 -0.042478804 0.997248828 -0.060746916 -4.906483650 -0.998936176 -0.041301418 0.020508271 -41.301101685
0.025147356 0.069429480 0.997269869 151.237899780 -0.045796696 0.996617973 -0.068229280 -4.959380627 -0.998634160 -0.043955885 0.028241949 -41.279708862
0.028385930 0.072150104 0.996989787 152.003051758 -0.047988135 0.996339917 -0.070736796 -5.019979000 -0.998444498 -0.045835763 0.031744383 -41.249008179
0.027331928 0.066066556 0.997440755 152.761260986 -0.051733039 0.996569932 -0.064591274 -5.091001511 -0.998286843 -0.049835242 0.030656001 -41.216899872
0.025768686 0.061876461 0.997751057 153.507568359 -0.052748378 0.996776342 -0.060453683 -5.153439522 -0.998275280 -0.051071938 0.028949494 -41.190456390
0.022827724 0.058555238 0.998023152 154.268127441 -0.050400350 0.997081280 -0.057347175 -5.213166714 -0.998468161 -0.048991609 0.025712298 -41.173881531
0.019916566 0.058739383 0.998074651 155.024627686 -0.049774650 0.997092962 -0.057688359 -5.268002033 -0.998561919 -0.048529860 0.022782398 -41.162845612
0.017166985 0.057737194 0.998184204 155.728347778 -0.047685046 0.997242510 -0.056862641 -5.321738243 -0.998714864 -0.046622295 0.019872850 -41.150695801
0.012506790 0.056866560 0.998303473 156.466766357 -0.048033379 0.997263074 -0.056205537 -5.375463963 -0.998767436 -0.047248933 0.015204054 -41.134284973
0.006971878 0.056609858 0.998372018 157.213241577 -0.048183613 0.997255564 -0.056210071 -5.425719261 -0.998814166 -0.047713280 0.009680411 -41.126163483
0.001281537 0.054733664 0.998500288 157.953613281 -0.049635734 0.997273624 -0.054602727 -5.476981640 -0.998766482 -0.049491305 0.003994789 -41.123973846
-0.004376531 0.051579159 0.998659313 158.692687988 -0.047912322 0.997511089 -0.051729824 -5.533022404 -0.998841941 -0.048074480 -0.001894361 -41.124462128
-0.011590186 0.053906467 0.998478711 159.446365356 -0.048415177 0.997344315 -0.054407217 -5.587086201 -0.998760045 -0.048972111 -0.008949517 -41.129184723
-0.015337938 0.053356051 0.998457730 160.140411377 -0.049979862 0.997286141 -0.054061208 -5.628622532 -0.998632431 -0.050731976 -0.012629583 -41.132061005
-0.019343948 0.055492684 0.998271763 160.843505859 -0.050576694 0.997125864 -0.056409054 -5.682870865 -0.998532772 -0.051580451 -0.016481716 -41.138759613
-0.021741576 0.058006797 0.998079419 161.572128296 -0.050957955 0.996953487 -0.059051391 -5.733473778 -0.998464048 -0.052143957 -0.018719431 -41.154617310
-0.024409514 0.063784041 0.997665107 162.343353271 -0.049399607 0.996666372 -0.064928830 -5.786919594 -0.998480797 -0.050869144 -0.021177234 -41.198604584
-0.023466887 0.061905310 0.997806132 163.041595459 -0.046140060 0.996950388 -0.062937357 -5.842472076 -0.998659313 -0.047515780 -0.020539008 -41.216606140
-0.019324701 0.058002431 0.998129368 163.771545410 -0.043376200 0.997327149 -0.058795623 -5.902286530 -0.998871922 -0.044431262 -0.016757125 -41.230155945
-0.011497755 0.057866011 0.998258114 164.457702637 -0.042912442 0.997375786 -0.058309123 -5.956721306 -0.999012709 -0.043508116 -0.008984412 -41.238788605
-0.000775618 0.058535725 0.998284996 165.153701782 -0.039679214 0.997497320 -0.058520377 -6.011724472 -0.999212146 -0.039656553 0.001548975 -41.231143951
0.013247626 0.058689684 0.998188376 165.830474854 -0.037065130 0.997618735 -0.058164272 -6.059412003 -0.999224901 -0.036227442 0.015391420 -41.209148407
0.029924905 0.056399580 0.997959733 166.526611328 -0.038123608 0.997744799 -0.055244256 -6.109737873 -0.998824835 -0.036392648 0.032007575 -41.197990417
0.045842193 0.051553521 0.997617543 167.200149536 -0.043792333 0.997811139 -0.049551193 -6.158557892 -0.997988343 -0.041416470 0.047999501 -41.153499603
0.061559416 0.045893718 0.997047722 167.882080078 -0.045680203 0.998025060 -0.043118335 -6.191666603 -0.997057557 -0.042890999 0.063534275 -41.083084106
0.078507259 0.039220482 0.996141732 168.548721313 -0.046593815 0.998278141 -0.035632480 -6.225459099 -0.995824039 -0.043616634 0.080199510 -41.027122498
0.097016796 0.030163538 0.994825542 169.216796875 -0.044664543 0.998665631 -0.025924219 -6.270910263 -0.994279981 -0.041918349 0.098234586 -40.954315186
0.112257481 0.024579788 0.993375123 169.857574463 -0.046959452 0.998708248 -0.019405046 -6.309302807 -0.992568851 -0.044469986 0.113266729 -40.851989746
0.130162030 0.022506515 0.991237283 170.500106812 -0.048338700 0.998697519 -0.016328420 -6.335720062 -0.990313649 -0.045789782 0.131080434 -40.759269714
0.148712754 0.022015890 0.988635302 171.162277222 -0.048021924 0.998733401 -0.015017197 -6.345806122 -0.987713754 -0.045242928 0.149581641 -40.647125244
0.165498659 0.021611160 0.985973239 171.788497925 -0.049296767 0.998691440 -0.013615312 -6.360772133 -0.984977186 -0.046351973 0.166347414 -40.520004272
0.181332663 0.020390971 0.983210504 172.418075562 -0.053849723 0.998490810 -0.010776416 -6.383573532 -0.981946349 -0.050991487 0.182157084 -40.384578705
0.195404202 0.017399453 0.980568409 173.035629272 -0.056735899 0.998368502 -0.006409179 -6.399211884 -0.979080260 -0.054381046 0.196072608 -40.241981506
0.206754893 0.012082541 0.978318155 173.628646851 -0.051950555 0.998648703 -0.001354555 -6.429487705 -0.977012575 -0.050544113 0.207103208 -40.111103058
0.217667237 0.011008894 0.975960970 174.235275269 -0.049313799 0.998783231 -0.000267944 -6.442518234 -0.974776447 -0.048070014 0.217945307 -39.975807190
0.228272289 0.015210588 0.973478377 174.876266479 -0.054349259 0.998517871 -0.002857393 -6.452237606 -0.972079158 -0.052255578 0.228760645 -39.835971832
0.237849072 0.022384338 0.971044123 175.461654663 -0.058555678 0.998246551 -0.008668681 -6.469676018 -0.969535470 -0.054798309 0.238742694 -39.682689667
0.246750385 0.032135684 0.968546093 176.031463623 -0.058359947 0.998128772 -0.018249221 -6.484659195 -0.967320085 -0.052021295 0.248164117 -39.535614014
0.252963245 0.037322652 0.966755748 176.618637085 -0.053828735 0.998250723 -0.024453614 -6.514786720 -0.965977252 -0.045853365 0.254529774 -39.356456757
0.259371370 0.036052100 0.965104580 177.211883545 -0.053426519 0.998308361 -0.022934098 -6.526128769 -0.964298844 -0.045613725 0.260858744 -39.191818237
0.265605330 0.028462246 0.963661671 177.791534424 -0.056006942 0.998331487 -0.014049562 -6.540228367 -0.962453663 -0.050240099 0.266756237 -39.025878906
0.269249678 0.018589515 0.962890983 178.417907715 -0.061537657 0.998102546 -0.002061759 -6.548877716 -0.961102366 -0.058698930 0.269882768 -38.830268860
0.272101641 0.010121486 0.962215304 179.003082275 -0.061369378 0.998091519 0.006855575 -6.568000317 -0.960309625 -0.060915969 0.272203535 -38.667133331
0.271366537 0.009757136 0.962426603 179.615982056 -0.057541974 0.998324394 0.006103513 -6.568083763 -0.960754454 -0.057036210 0.271473408 -38.469505310
0.272475094 0.012091674 0.962086797 180.195785522 -0.054149911 0.998528957 0.002786254 -6.572923660 -0.960637867 -0.052856106 0.272729039 -38.301189423
0.273738444 0.011496690 0.961735487 180.781585693 -0.050811376 0.998705268 0.002523795 -6.577129364 -0.960461080 -0.049557962 0.273968130 -38.119441986
0.274775475 0.009640276 0.961460114 181.448989868 -0.053682294 0.998543799 0.005329745 -6.579236507 -0.960008681 -0.053077854 0.274892896 -37.916118622
0.277966887 0.006613280 0.960567951 182.062866211 -0.054296616 0.998485744 0.008837895 -6.575050354 -0.959054947 -0.054612231 0.277905136 -37.740570068
0.280105531 0.001505247 0.959968030 182.664413452 -0.054081272 0.998435318 0.014214610 -6.584644794 -0.958444536 -0.055897880 0.279748678 -37.548690796
0.284438938 -0.001071902 0.958693564 183.277404785 -0.052904453 0.998458087 0.016812814 -6.583766937 -0.957233369 -0.055501372 0.283943623 -37.360931396
0.290588856 -0.003443259 0.956841826 183.880310059 -0.051035274 0.998514354 0.019092416 -6.579721451 -0.955486000 -0.054380719 0.289981395 -37.174293518
0.298338681 -0.006868621 0.954435289 184.504165649 -0.048881814 0.998551905 0.022465650 -6.579006195 -0.953207493 -0.053356897 0.297570914 -36.971126556
0.308595777 -0.008480961 0.951155484 185.124359131 -0.046140764 0.998649538 0.023874490 -6.575344563 -0.950073481 -0.051254604 0.307787657 -36.776435852
0.318687588 -0.006476791 0.947837710 185.708847046 -0.048824094 0.998537004 0.023239156 -6.591936111 -0.946601510 -0.053683348 0.317905128 -36.560791016
0.329873949 -0.002133894 0.944022536 186.306533813 -0.050480511 0.998526812 0.019896723 -6.583146095 -0.942674279 -0.054218158 0.329280257 -36.337978363
0.341347426 0.000344945 0.939937115 186.911499023 -0.050838701 0.998542905 0.018096123 -6.579953194 -0.938561320 -0.053962246 0.340867639 -36.102767944
0.353027523 0.000596498 0.935612738 187.532165527 -0.048920486 0.998643637 0.017822109 -6.560646057 -0.934333026 -0.052062329 0.352577925 -35.847679138
0.364404649 -0.002201872 0.931238055 188.146774292 -0.047944095 0.998626649 0.021122312 -6.552678108 -0.930005610 -0.052344438 0.363798708 -35.605228424
0.375531226 -0.003810889 0.926801860 188.759002686 -0.049218286 0.998498440 0.024048472 -6.558129311 -0.925502002 -0.054646552 0.374779791 -35.343322754
0.385625243 0.003526957 0.922648787 189.362609863 -0.063721843 0.997706711 0.022818953 -6.569478989 -0.920452476 -0.067592442 0.384965599 -35.102123260
0.394580752 0.002736215 0.918857217 189.983901978 -0.067431226 0.997385383 0.025986625 -6.552223682 -0.916383803 -0.072213493 0.393733591 -34.809741974
0.401572466 0.003816524 0.915819287 190.590728760 -0.071002059 0.997111261 0.026977999 -6.546987057 -0.913070738 -0.075858667 0.400683433 -34.530975342
0.405508190 0.000715718 0.914091051 191.225677490 -0.071213588 0.996985018 0.030811081 -6.541348934 -0.911313236 -0.077589847 0.404336601 -34.231613159
0.408443451 -0.002365072 0.912780583 191.855529785 -0.070033051 0.996967912 0.033921011 -6.542634964 -0.910093009 -0.077779636 0.407039315 -33.971687317
0.408093482 -0.001399266 0.912939072 192.494659424 -0.066375606 0.997306824 0.031199176 -6.531027794 -0.910523951 -0.073329061 0.406901598 -33.677658081
0.407257557 -0.000738831 0.913313031 193.140304565 -0.064700566 0.997464061 0.029657686 -6.517520428 -0.911018729 -0.071170196 0.406176895 -33.394302368
0.407303214 0.003544530 0.913286150 193.775939941 -0.065080427 0.997562945 0.025152655 -6.474683762 -0.910971284 -0.069681808 0.406541228 -33.136756897
0.406699151 0.001950271 0.913560092 194.430236816 -0.061914813 0.997757316 0.025433250 -6.457440853 -0.911461651 -0.066906571 0.405907869 -32.840705872
0.406437188 -0.006130653 0.913658142 195.149093628 -0.056062732 0.997925878 0.031635381 -6.463189125 -0.911957085 -0.064079955 0.405250639 -32.532409668
0.404841095 -0.008702966 0.914345622 195.812988281 -0.056251626 0.997823656 0.034403831 -6.451488972 -0.912655115 -0.065361515 0.403470457 -32.234802246
0.403130323 -0.011523355 0.915069938 196.486312866 -0.054771766 0.997824430 0.036694944 -6.439100742 -0.913502038 -0.064912856 0.401622176 -31.935386658
0.402138919 -0.011011624 0.915512443 197.148345947 -0.057269637 0.997667134 0.037155461 -6.424234390 -0.913785756 -0.067372724 0.400570124 -31.649551392
0.400164157 -0.011839934 0.916366994 197.818801880 -0.058024578 0.997583091 0.038227767 -6.408143997 -0.914604843 -0.068469189 0.398509860 -31.351463318
0.402932972 -0.003916371 0.915221095 198.644378662 -0.062949218 0.997504294 0.031982344 -6.456285477 -0.913062096 -0.070499197 0.401680827 -30.943626404
0.402040869 -0.001750353 0.915620029 199.297561646 -0.060899146 0.997732759 0.028647609 -6.456326485 -0.913594246 -0.067277983 0.401022732 -30.660102844
0.401642084 0.005204381 0.915781915 200.014190674 -0.061949879 0.997847617 0.021499112 -6.441233635 -0.913698971 -0.065367520 0.401100039 -30.349006653
0.400345087 0.008430530 0.916325688 200.606353760 -0.064193785 0.997759044 0.018866682 -6.429839134 -0.914113224 -0.066375591 0.399989098 -30.065879822
0.397731304 0.006366121 0.917479873 201.262130737 -0.066773392 0.997524977 0.022025008 -6.423507214 -0.915068924 -0.070023283 0.397171974 -29.769790649
0.397204489 0.001635128 0.917728662 202.024841309 -0.066914789 0.997388303 0.027184512 -6.449459076 -0.915287316 -0.072207436 0.396276563 -29.431098938
0.394200891 0.002110376 0.919021785 202.689056396 -0.070804201 0.997094929 0.028080765 -6.450486660 -0.916292727 -0.076140068 0.393205136 -29.143531799
0.389362872 0.002150150 0.921081960 203.406738281 -0.074387014 0.996804237 0.029118212 -6.451347351 -0.918075800 -0.079854086 0.388278425 -28.813674927
0.381722897 0.001003620 0.924276292 204.082244873 -0.074781276 0.996754587 0.029802082 -6.442927837 -0.921246767 -0.080494702 0.380559057 -28.526039124
0.373592138 0.000420038 0.927592993 204.865585327 -0.074576616 0.996776342 0.029584698 -6.436025620 -0.924590290 -0.080229357 0.372419208 -28.212127686
0.364535242 0.001455295 0.931188524 205.536956787 -0.070886478 0.997140586 0.026191782 -6.426764011 -0.928487539 -0.075556502 0.363596052 -27.974571228
0.353618324 0.004754576 0.935377717 206.258972168 -0.072663926 0.997104824 0.022402167 -6.425533772 -0.932563126 -0.075890027 0.352940083 -27.691101074
0.342424989 0.005171394 0.939530909 206.945037842 -0.075424470 0.996908784 0.022002274 -6.414069176 -0.936512768 -0.078397758 0.341756523 -27.449886322
0.333663851 -0.006963359 0.942666352 207.789093018 -0.067308173 0.997244596 0.031190753 -6.473775864 -0.940286160 -0.073856376 0.332275748 -27.202899933
0.322470874 -0.012095238 0.946502030 208.405227661 -0.066322319 0.997172415 0.035338592 -6.408524036 -0.944253027 -0.074169897 0.320756823 -26.944709778
0.315239042 -0.017390499 0.948852956 209.121490479 -0.066126525 0.996999443 0.040242258 -6.394519806 -0.946705639 -0.075430289 0.313143134 -26.707969666
