0.933940768 0.316707104 -0.165684119 18.082008362 -0.311109066 0.948515117 0.059414670 0.721695244 0.175970942 -0.003943950 0.984387457 6.057579517
0.894224763 0.306014001 0.326676339 17.949588776 -0.356765211 0.928014815 0.107270755 0.652482867 -0.270334125 -0.212470934 0.939029038 4.844898224
0.927349746 0.333106667 0.170476601 18.270702362 -0.350971371 0.932285726 0.087535024 0.713172793 -0.129774392 -0.141008005 0.981465936 5.441797733
0.820263565 0.253418118 0.512783408 17.473304749 -0.363116056 0.923386931 0.124512389 0.601480842 -0.441943884 -0.288332909 0.849440813 4.798563957
0.814667284 0.252161175 0.522237301 17.582227707 -0.364028364 0.923359513 0.122026138 0.625627279 -0.451442540 -0.289519906 0.844024777 4.979180813
0.809152544 0.251204908 0.531195104 17.697168350 -0.365005702 0.923322618 0.119357474 0.648753166 -0.460481316 -0.290467650 0.838800073 5.162005424
0.682664931 0.170844570 0.710479081 16.710987091 -0.381659061 0.912491143 0.147296548 0.574718952 -0.623141050 -0.371715069 0.688130081 5.339251995
0.673787653 0.169050619 0.719327509 16.922334671 -0.384359628 0.911599159 0.145789415 0.617923141 -0.631092608 -0.374711543 0.679200530 5.544319630
0.664963961 0.166280940 0.728130162 17.138843536 -0.385991544 0.911125124 0.144435316 0.656662941 -0.639400840 -0.377096385 0.670048416 5.744755268
0.654515266 0.164924487 0.737841249 17.356809616 -0.388184518 0.910767257 0.140768602 0.696308374 -0.648785472 -0.378553748 0.660132170 5.948488235
0.643335164 0.164561868 0.747689247 17.580505371 -0.389925957 0.910893500 0.135022387 0.735588551 -0.658845663 -0.378408134 0.650176644 6.151132584
0.632415473 0.165925175 0.756650150 17.809089661 -0.392015815 0.911028087 0.127872065 0.773097038 -0.668112338 -0.377487123 0.641193628 6.345577717
0.619629979 0.166655689 0.766997099 18.043260574 -0.393641233 0.911401212 0.119976647 0.806623936 -0.679047227 -0.376262814 0.630334079 6.540595055
0.603683293 0.168444753 0.779225707 18.283746719 -0.397133112 0.911057234 0.110725097 0.835036993 -0.691268265 -0.376299262 0.616885126 6.732051849
0.582996368 0.171321943 0.794206500 18.528545380 -0.402342886 0.910118401 0.099018641 0.863077521 -0.705857813 -0.377270907 0.599525928 6.918516636
0.515778184 0.182728544 0.837008476 18.374565125 -0.460260779 0.883125722 0.090823680 0.868499935 -0.722587645 -0.432087064 0.539599776 7.335741997
0.487769723 0.183362380 0.853498101 18.560207367 -0.463771999 0.882740378 0.075398631 0.880089998 -0.739591837 -0.432605714 0.515612423 7.445177078
0.456845164 0.184483379 0.870205939 18.959913254 -0.466034025 0.882897377 0.057487015 0.908657074 -0.757697046 -0.431808293 0.489322871 7.682300568
0.427175760 0.184965730 0.885047197 19.114730835 -0.466915697 0.883362591 0.040747300 0.911363304 -0.774280727 -0.430648685 0.463714510 7.763604641
0.396708518 0.187700346 0.898549378 19.581113815 -0.468174040 0.883358121 0.022171244 0.925005198 -0.789579451 -0.429472953 0.438312054 8.001676559
0.366730720 0.190923020 0.910525680 19.744068146 -0.469730407 0.882800460 0.004082950 0.922995150 -0.803032994 -0.429198921 0.413432419 8.077304840
0.336502314 0.194589347 0.921358347 20.257450104 -0.464618742 0.885341883 -0.017292744 0.922359943 -0.819082081 -0.422261298 0.388329506 8.302851677
0.308262914 0.197351247 0.930605412 20.620096207 -0.457226217 0.888581157 -0.036983147 0.907997370 -0.834217072 -0.414096683 0.364150763 8.443629265
0.281305879 0.199495792 0.938652456 20.754829407 -0.449119538 0.891781151 -0.054936815 0.896239638 -0.848032117 -0.406113178 0.340460718 8.491649628
0.253014266 0.205974236 0.945282161 21.419950485 -0.440987766 0.894220054 -0.076813139 0.873026490 -0.861111820 -0.397423059 0.317082554 8.722238541
0.227519721 0.207662195 0.951373279 21.543041229 -0.432007700 0.897113323 -0.092504412 0.858404398 -0.872699320 -0.389954060 0.293822616 8.759229660
0.222981930 0.224930227 0.948517382 23.023687363 -0.404819489 0.906514466 -0.119802780 0.755126238 -0.886792064 -0.357264519 0.293192416 8.960341454
0.197391525 0.237927079 0.951013744 23.137750626 -0.397729874 0.906109571 -0.144140363 0.736920595 -0.896017551 -0.349794507 0.273488998 8.994908333
-0.577016354 0.365722775 0.730273187 31.106243134 -0.807394683 -0.390247822 -0.442515910 1.223965645 0.123149365 -0.844957590 0.520462096 6.267188072
-0.597079754 0.376085371 0.708558857 31.188137054 -0.794521749 -0.399030596 -0.457722366 1.170568466 0.110593989 -0.836262107 0.537061095 6.329872131
-0.509878874 0.517535031 0.687154233 32.621940613 -0.854842365 -0.215430453 -0.472053140 1.009610176 -0.096270107 -0.828098476 0.552254379 5.781392097
-0.525604308 0.521850348 0.671872258 32.695297241 -0.843229413 -0.214936107 -0.492713541 0.952579498 -0.112713151 -0.825514793 0.553010881 5.843386650
-0.586704373 0.569773912 0.575443804 33.980262756 -0.798688471 -0.289820611 -0.527352512 1.031431198 -0.133696303 -0.769000351 0.625110984 4.984529495
-0.598220766 0.567671418 0.565580249 34.044471741 -0.787278831 -0.284754157 -0.546906888 0.964061737 -0.149412110 -0.772440374 0.617261589 5.059986115
-0.532240033 0.643881381 0.549670219 35.203792572 -0.801904023 -0.175268948 -0.571166158 0.997813225 -0.271423072 -0.744780242 0.609616220 4.144866943
-0.541107059 0.643930018 0.540885627 35.271934509 -0.792379260 -0.174972862 -0.584396720 0.929436684 -0.281670243 -0.744807780 0.604915917 4.222068787
-0.550993681 0.649849534 0.523547173 35.395919800 -0.781655610 -0.182172194 -0.596513093 0.878053665 -0.292267978 -0.737908423 0.608334243 4.218746185
-0.557888389 0.651045203 0.514685214 35.468761444 -0.774101675 -0.184624732 -0.605541348 0.799905777 -0.299211115 -0.736243069 0.606975138 4.302845001
-0.471727967 0.767905474 0.433351994 38.128044128 -0.789354205 -0.148765624 -0.595641673 0.347594261 -0.392928749 -0.623048782 0.676326275 2.486422539
-0.478931069 0.766771317 0.427418649 38.195789337 -0.780712843 -0.149412110 -0.606764913 0.254960060 -0.401388526 -0.624289691 0.670186341 2.595705986
-0.485539258 0.774460375 0.405540109 38.271556854 -0.771758318 -0.161813527 -0.614984214 0.283593178 -0.410659105 -0.611577868 0.676263034 2.305469513
-0.487270176 0.776475549 0.399566740 38.333915710 -0.766299903 -0.160789907 -0.622038007 0.186659813 -0.418750912 -0.609288454 0.673361242 2.414885521
-0.405021369 0.131709695 0.904770792 40.840991974 0.116083190 0.988969326 -0.092001937 0.688923120 -0.906908274 0.067765988 -0.415842921 0.917985916
-0.269617468 0.160965323 0.949419081 42.460426331 0.110770211 0.984570146 -0.135468289 1.025499344 -0.956575334 0.068642698 -0.283287466 -1.724630356
-0.262766749 0.157131940 0.951978624 42.611927032 0.116522923 0.984596670 -0.130353004 0.986689568 -0.957797527 0.076674938 -0.277028769 -1.769547462
-0.239639297 0.163915679 0.956924558 44.017787933 0.105751716 0.984186709 -0.142102525 0.878646374 -0.965085268 0.067143023 -0.253184170 -2.466468811
-0.228010356 0.164815262 0.959607840 44.284034729 0.100057259 0.984317482 -0.145284817 0.851302147 -0.968504012 0.062889278 -0.240925536 -2.546368122
-0.383464098 0.129931018 0.914370418 44.991909027 0.085739180 0.990786970 -0.104832880 0.540094376 -0.919567466 0.038197696 -0.391071290 -1.919170380
-0.374672323 0.130631298 0.917908549 45.312652588 0.081390791 0.990836680 -0.107787892 0.519165516 -0.923577845 0.034324128 -0.381871194 -2.050134659
-0.433207422 0.109817676 0.894578874 46.705684662 0.080496997 0.993296921 -0.082954869 0.271792412 -0.897692323 0.036074284 -0.439143658 -2.542331696
-0.431773126 0.107822925 0.895514488 46.974472046 0.075483851 0.993666112 -0.083246134 0.251167059 -0.898818195 0.031653423 -0.437177211 -2.666404724
-0.419654459 0.107431293 0.901303887 48.572574615 0.069760285 0.993851304 -0.085981615 0.135302305 -0.904999256 0.026792619 -0.424568564 -3.692355156
-0.417826384 0.107067592 0.902195990 49.352180481 0.068055704 0.993930221 -0.086435981 0.064037085 -0.905974329 0.025284298 -0.422576874 -4.096577644
-0.444286317 0.100445867 0.890236080 49.997806549 0.082913011 0.994040132 -0.070779070 0.002481937 -0.892039835 0.042366020 -0.449966699 -4.363101959
-0.431904405 0.102621570 0.896062136 50.788314819 0.070470765 0.994308233 -0.079906084 -0.077330112 -0.899162054 0.028634340 -0.436678052 -4.755298615
-0.430596501 0.102295741 0.896728635 51.593311310 0.070334256 0.994337797 -0.079657160 -0.155026436 -0.899799764 0.028770652 -0.435353279 -5.163121223
-0.441625416 0.099694356 0.891643465 52.467002869 0.080562964 0.994199038 -0.071258761 -0.209361792 -0.893575072 0.040363766 -0.447095186 -5.642591476
-0.454454154 0.096485943 0.885529101 53.342330933 0.082798839 0.994388044 -0.065854572 -0.237191916 -0.886913657 0.043392878 -0.459892601 -6.110500336
-0.469829202 0.092551298 0.877892256 54.256065369 0.092101619 0.994200468 -0.055522226 -0.284615993 -0.877939522 0.054769378 -0.475628525 -6.622915268
-0.470136076 0.092103310 0.877775133 54.476028442 0.090771668 0.994311988 -0.055714026 -0.303527594 -0.877913892 0.053483896 -0.475822210 -6.740343094
-0.471745908 0.090895057 0.877036929 56.177921295 0.094917923 0.994127333 -0.051975146 -0.320858240 -0.876610756 0.058727454 -0.477602988 -7.813447952
-0.472821474 0.087697379 0.876783311 57.025142670 0.097697973 0.994117558 -0.046747960 -0.390431166 -0.875725389 0.063556552 -0.478607982 -8.277048111
-0.470231533 0.086554125 0.878288507 57.892021179 0.096846476 0.994229734 -0.046128806 -0.442039728 -0.877213180 0.063367903 -0.475900710 -8.746547699
-0.467530668 0.086695790 0.879715264 58.165679932 0.096569456 0.994231999 -0.046658933 -0.462211132 -0.878686190 0.063139156 -0.473206222 -8.887752533
-0.476759106 0.082422256 0.875161231 59.661773682 0.098785877 0.994311333 -0.039828431 -0.543826699 -0.873465598 0.067465000 -0.482189119 -9.743520737
-0.476896971 0.082559854 0.875073254 60.526386261 0.098708905 0.994311512 -0.040015202 -0.600273967 -0.873399019 0.067294396 -0.482333511 -10.219476700
-0.483239979 0.081682175 0.871669173 61.444709778 0.099571317 0.994305551 -0.037973370 -0.658373594 -0.869807243 0.068443008 -0.488621414 -10.756887436
-0.486153036 0.083533838 0.869871914 62.311580658 0.098197289 0.994338214 -0.040605940 -0.715639591 -0.868338883 0.065678380 -0.491603345 -11.244474411
-0.490996420 0.083717860 0.867129683 63.167430878 0.096775740 0.994452596 -0.041212883 -0.774489880 -0.865769744 0.063681729 -0.496374458 -11.737163544
-0.496275902 0.082853764 0.864202201 64.037170410 0.097992897 0.994420111 -0.039064810 -0.826233625 -0.862616658 0.065298758 -0.501625836 -12.231864929
-0.501605511 0.080134720 0.861377001 64.895637512 0.099159487 0.994463801 -0.034772422 -0.886975527 -0.859394729 0.067971677 -0.506774664 -12.737489700
-0.506999493 0.077849105 0.858423471 65.747077942 0.096377552 0.994787872 -0.033293556 -0.939247608 -0.856541157 0.065852955 -0.511859834 -13.240613937
-0.511968851 0.081213400 0.855156243 66.587921143 0.098323524 0.994518101 -0.035583705 -0.987892151 -0.853358328 0.065864243 -0.517147422 -13.744255066
-0.517305136 0.082560189 0.851809382 67.441230774 0.098658726 0.994452953 -0.036470063 -1.039495707 -0.850095212 0.065172285 -0.522580802 -14.270750046
-0.522218287 0.084131300 0.848651767 68.263008118 0.098212935 0.994433999 -0.038148060 -1.087229967 -0.847137630 0.063426971 -0.527574360 -14.775012970
-0.525830507 0.083911851 0.846440196 69.080749512 0.096684933 0.994568825 -0.038533404 -1.142959595 -0.845076442 0.061575986 -0.531087697 -15.285991669
-0.529307127 0.083105363 0.844350278 69.903839111 0.097379826 0.994565070 -0.036844723 -1.197861195 -0.842823327 0.062720507 -0.534523129 -15.804058075
-0.533355117 0.076509416 0.842424273 70.738334656 0.097799323 0.994800031 -0.028429613 -1.247072101 -0.840218782 0.067225449 -0.538064241 -16.357992172
-0.533204496 0.068652429 0.843196154 71.484306335 0.098110162 0.994994819 -0.018970696 -1.282960176 -0.840278208 0.072610855 -0.537271142 -16.860294342
-0.537043512 0.066652395 0.840917110 72.368904114 0.098722026 0.994989336 -0.015816536 -1.329622507 -0.837757826 0.074522883 -0.540932596 -17.402963638
-0.536659896 0.070947446 0.840810657 73.106903076 0.098803654 0.994887829 -0.020885536 -1.364693284 -0.837993979 0.071866728 -0.540926337 -17.886222839
-0.539597631 0.077466220 0.838351607 73.962303162 0.100216292 0.994588315 -0.027399607 -1.402294993 -0.835937262 0.069231756 -0.544440866 -18.425867081
-0.538569033 0.081148565 0.838664651 74.703880310 0.105972610 0.993971288 -0.028123016 -1.441080093 -0.835890710 0.073729299 -0.543921649 -18.926504135
-0.539791405 0.082072899 0.837788224 75.528869629 0.110924631 0.993492424 -0.025856927 -1.494297385 -0.834458411 0.078974001 -0.545382559 -19.460699081
-0.539438665 0.079001404 0.838310719 76.272483826 0.109531231 0.993713498 -0.023164883 -1.523020506 -0.834870577 0.079325177 -0.544700384 -19.931156158
-0.540484369 0.073263176 0.838158250 77.119926453 0.107051395 0.994093001 -0.017861575 -1.553921461 -0.834515810 0.080072097 -0.545134544 -20.483070374
-0.540173173 0.066466808 0.838924944 77.929420471 0.103735134 0.994532526 -0.012001620 -1.581246734 -0.835135937 0.080543056 -0.544114649 -21.010538101
-0.539893806 0.060954243 0.839523077 78.682281494 0.095282227 0.995389521 -0.010995431 -1.609735727 -0.836322904 0.074055277 -0.543212533 -21.480661392
-0.542281628 0.054414656 0.838432789 79.524147034 0.081461690 0.996604323 -0.011992263 -1.627055645 -0.836238384 0.061796974 -0.544872880 -21.973762512
-0.540201247 0.055615079 0.839696109 80.316703796 0.085911140 0.996245205 -0.010714529 -1.664629221 -0.837139070 0.066351250 -0.542950869 -22.500413895
-0.536707163 0.058930125 0.841708183 81.060295105 0.089830518 0.995879352 -0.012444458 -1.693120599 -0.838973045 0.068932049 -0.539789259 -22.987318039
-0.531050146 0.062081847 0.845063031 81.894920349 0.092619017 0.995589554 -0.014936984 -1.727261782 -0.842263222 0.070336625 -0.534457982 -23.522443771
-0.523453176 0.064438835 0.849614143 82.687324524 0.097899243 0.995080948 -0.015155336 -1.756750584 -0.846411467 0.075243495 -0.527186751 -24.014144897
-0.515125155 0.067491353 0.854453623 83.475509644 0.105058096 0.994349957 -0.015204950 -1.793622851 -0.850652039 0.081934839 -0.519305170 -24.499736786
-0.505514085 0.066693664 0.860236883 84.266326904 0.101941526 0.994641602 -0.017208539 -1.815750241 -0.856775105 0.078994691 -0.509604156 -24.964504242
-0.496479779 0.040413931 0.867106974 85.140708923 0.064508662 0.997871220 -0.009572818 -1.743423700 -0.865647972 0.051183190 -0.498029947 -25.449522018
-0.484419972 0.037287768 0.874040544 85.936882019 0.064528078 0.997892618 -0.006808038 -1.765721560 -0.872452438 0.053102188 -0.485805303 -25.899007797
-0.476483166 0.030238662 0.878663421 86.764968872 0.046700288 0.998867929 -0.009050721 -1.788125515 -0.877942443 0.036721308 -0.477355838 -26.306732178
-0.464968979 0.029454315 0.884836793 87.569862366 0.046784259 0.998867393 -0.008665694 -1.806156158 -0.884089947 0.037367161 -0.465820402 -26.722049713
-0.449911326 0.016791400 0.892915368 88.420303345 0.029535711 0.999556065 -0.003914690 -1.874359965 -0.892584682 0.024611624 -0.450207561 -27.161905289
-0.436713755 0.020998891 0.899355412 89.230842590 0.029582042 0.999522030 -0.008973053 -1.899213552 -0.899113894 0.022686118 -0.437126249 -27.566501617
-0.425975770 0.027941611 0.904303014 90.061950684 0.027648320 0.999458194 -0.017857905 -1.934479237 -0.904312015 0.017395440 -0.426517516 -27.950202942
-0.413267374 0.032485224 0.910030127 90.885253906 0.026520614 0.999368906 -0.023630662 -1.957535148 -0.910223424 0.014368774 -0.413868129 -28.323841095
-0.401220709 0.030220948 0.915482700 91.732299805 0.032851618 0.999287486 -0.018589808 -2.009679079 -0.915392101 0.022616453 -0.401927650 -28.693477631
-0.390454978 0.024880344 0.920285761 92.583335876 0.024292750 0.999565065 -0.016716866 -2.036962509 -0.920301437 0.015829083 -0.390889585 -29.040714264
-0.380232692 0.025457481 0.924540401 93.417900085 0.020875186 0.999602735 -0.018939078 -2.070267439 -0.924655259 0.012098694 -0.380613089 -29.379142761
-0.373172253 0.032326143 0.927198648 94.257896423 0.025134865 0.999378204 -0.024726545 -2.096442223 -0.927421510 0.014077741 -0.373752773 -29.691984177
-0.369391412 0.038158625 0.928490043 95.113883972 0.020541398 0.999247670 -0.032894362 -2.125474930 -0.929046810 0.006921584 -0.369897395 -30.005146027
-0.366740912 0.040170521 0.929455400 95.947227478 0.017611951 0.999188125 -0.036235075 -2.163903713 -0.930156291 0.003080642 -0.367150694 -30.311031342
-0.362840563 0.040123664 0.930986941 96.797019958 0.014924531 0.999194622 -0.037246626 -2.211121559 -0.931731701 0.000379949 -0.363147199 -30.635374069
-0.356736302 0.038689829 0.933403611 97.610366821 0.012923461 0.999250829 -0.036480028 -2.262922287 -0.934115708 -0.000950955 -0.356969059 -30.952981949
-0.352232724 0.035731774 0.935230136 98.492256165 0.011562607 0.999360740 -0.033827189 -2.305678844 -0.935841143 -0.001101331 -0.352420717 -31.265716553
-0.347108722 0.031946342 0.937280595 99.343612671 0.010353532 0.999489248 -0.030232379 -2.345988989 -0.937767625 -0.000789758 -0.347262144 -31.574556351
-0.341477454 0.029060686 0.939440548 100.200965881 0.008821809 0.999576986 -0.027714295 -2.392989635 -0.939848483 -0.001176245 -0.341589302 -31.876695633
-0.335695088 0.027265690 0.941576004 101.054512024 0.000084942 0.999581873 -0.028915111 -2.432268620 -0.941970646 -0.009626682 -0.335557073 -32.164302826
-0.329642683 0.027306536 0.943710804 101.905853271 -0.006518020 0.999491990 -0.031197347 -2.476181030 -0.944083273 -0.016435103 -0.329297185 -32.440402985
-0.323874831 0.031090962 0.945588946 102.772422791 -0.009233083 0.999308348 -0.036019690 -2.518593311 -0.946054876 -0.020396566 -0.323363721 -32.730255127
-0.316586912 0.034397706 0.947939694 103.624794006 -0.007988635 0.999210119 -0.038926139 -2.563937664 -0.948529840 -0.019896248 -0.316062033 -33.014701843
-0.309039235 0.033158775 0.950471044 104.461997986 -0.004356476 0.999332190 -0.036279853 -2.607166767 -0.951039314 -0.015352607 -0.308688462 -33.280918121
-0.302263618 0.028085293 0.952810526 105.320693970 -0.004290746 0.999515653 -0.030823153 -2.655543089 -0.953214824 -0.013404982 -0.301996678 -33.545078278
-0.294965655 0.025130736 0.955177307 106.191284180 -0.005316109 0.999595463 -0.027941030 -2.703457594 -0.955492973 -0.013319471 -0.294712752 -33.808902740
-0.289777756 0.028388627 0.956672788 107.042114258 -0.011690180 0.999380469 -0.033196922 -2.739810944 -0.957022548 -0.020803411 -0.289266378 -34.064987183
-0.283613592 0.031125603 0.958433330 107.890129089 -0.011569510 0.999289215 -0.035875995 -2.783548832 -0.958868861 -0.021263525 -0.283051908 -34.306728363
-0.277101576 0.031370655 0.960328400 108.727005005 -0.013794029 0.999233961 -0.036621820 -2.830045223 -0.960741520 -0.023394763 -0.276456624 -34.540103912
-0.269844651 0.031065177 0.962402642 109.600334167 -0.013450995 0.999260306 -0.036026374 -2.877509117 -0.962809920 -0.022666793 -0.269227177 -34.780754089
-0.262668252 0.029193701 0.964444458 110.433250427 -0.017130461 0.999243498 -0.034912582 -2.930720806 -0.964734137 -0.025691804 -0.261969447 -35.023506165
-0.255177438 0.030289918 0.966419697 111.280220032 -0.014439363 0.999278307 -0.035132419 -2.976992130 -0.966786325 -0.022919485 -0.254555941 -35.249275208
-0.247689962 0.031835016 0.968316197 112.129928589 -0.008774918 0.999345243 -0.035099730 -3.019355297 -0.968799531 -0.017190745 -0.247248426 -35.461341858
-0.240977407 0.030662218 0.970046222 112.988090515 -0.014718663 0.999270380 -0.035242356 -3.066849947 -0.970419109 -0.022770396 -0.240350321 -35.660587311
-0.235190108 0.028568123 0.971529543 113.843101501 -0.019316446 0.999233067 -0.034058936 -3.115145683 -0.971757412 -0.026776824 -0.234457925 -35.861946106
-0.230418846 0.029864673 0.972633183 114.710647583 -0.012670295 0.999352217 -0.033686690 -3.146900415 -0.973009050 -0.020085599 -0.229891136 -36.045780182
-0.226227865 0.029069535 0.973640501 115.554275513 -0.014945745 0.999333322 -0.033309311 -3.198690653 -0.973959744 -0.022087278 -0.225642532 -36.253051758
-0.221335307 0.030366568 0.974724948 116.401443481 -0.014334632 0.999305725 -0.034387399 -3.239051342 -0.975092411 -0.021583464 -0.220746368 -36.444118500
-0.215538889 0.029664394 0.976044595 117.268424988 -0.008459249 0.999444246 -0.032243613 -3.277122974 -0.976458549 -0.015206356 -0.215168178 -36.640056610
-0.210232005 0.028963301 0.977222383 118.138412476 0.002841422 0.999574900 -0.029014507 -3.319675446 -0.977647364 -0.003323078 -0.210224897 -36.812332153
-0.204494879 0.028400183 0.978455544 118.996971130 0.004140030 0.999595165 -0.028148513 -3.355919361 -0.978858948 -0.001705392 -0.204529613 -37.005187988
-0.198057011 0.029909316 0.979734063 119.856300354 0.009711136 0.999545157 -0.028550969 -3.400479794 -0.980142415 0.003859611 -0.198257372 -37.178169250
-0.193964124 0.031307746 0.980508864 120.694221497 0.008578157 0.999506593 -0.030217411 -3.442054033 -0.980971158 0.002549866 -0.194136932 -37.345439911
-0.192753658 0.031098276 0.980754197 121.567672729 0.006037433 0.999516308 -0.030506618 -3.482166290 -0.981228530 0.000040975 -0.192848220 -37.502403259
-0.190573871 0.030822949 0.981188834 122.649459839 0.005143191 0.999524593 -0.030399997 -3.512334108 -0.981659353 -0.000747003 -0.190641835 -37.686355591
-0.189664856 0.026197944 0.981499314 123.503067017 0.005721891 0.999656498 -0.025576890 -3.546532869 -0.981832206 0.000764995 -0.189749599 -37.845752716
-0.188116357 0.020029075 0.981942475 124.405441284 0.000403204 0.999793649 -0.020315947 -3.589886189 -0.982146680 -0.003425839 -0.188085586 -38.011302948
-0.187039271 0.017570890 0.982195199 125.287910461 0.000268005 0.999840915 -0.017835526 -3.631560802 -0.982352376 -0.003072712 -0.187014207 -38.177112579
-0.185798436 0.022365302 0.982333243 126.129547119 0.000641337 0.999743462 -0.022640387 -3.664983988 -0.982587576 -0.003576542 -0.185765088 -38.336582184
-0.185792401 0.025980147 0.982245505 126.991340637 -0.000201514 0.999649346 -0.026478590 -3.698857069 -0.982589006 -0.005117457 -0.185722023 -38.492305756
-0.186346889 0.024832595 0.982170165 127.810806274 -0.004536880 0.999648035 -0.026135279 -3.731401443 -0.982473552 -0.009326218 -0.186168700 -38.631752014
-0.185132831 0.023983361 0.982420802 128.653533936 -0.004227711 0.999673426 -0.025201237 -3.777189255 -0.982704401 -0.008818968 -0.184970975 -38.783962250
-0.184812710 0.025103111 0.982453108 129.554016113 0.000175787 0.999674559 -0.025510076 -3.813458204 -0.982773721 -0.004541882 -0.184756964 -38.949573517
-0.183133349 0.027242560 0.982710600 130.394149780 -0.003946009 0.999587536 -0.028445782 -3.839660883 -0.983080208 -0.009087155 -0.182950288 -39.119132996
-0.185069114 0.028392548 0.982315242 131.249603271 -0.012741496 0.999429226 -0.031287715 -3.877349615 -0.982642889 -0.018306553 -0.184601709 -39.237693787
-0.185174614 0.029432770 0.982264757 132.074920654 -0.018947884 0.999258637 -0.033513993 -3.920178890 -0.982522905 -0.024817776 -0.184479639 -39.369316101
-0.182189122 0.033703756 0.982685626 132.966567993 -0.011938157 0.999262869 -0.036485631 -3.969681263 -0.983191133 -0.018378742 -0.181652471 -39.559509277
-0.182654634 0.034143139 0.982584059 133.797058105 -0.011967384 0.999245703 -0.036946736 -4.013731956 -0.983104289 -0.018507458 -0.182108253 -39.696811676
-0.176896453 0.032743879 0.983684659 134.638534546 -0.029072300 0.998836517 -0.038476333 -4.061046600 -0.983799934 -0.035404306 -0.175738737 -39.880298615
-0.174583688 0.031943109 0.984124005 135.393066406 -0.019840114 0.999156654 -0.035950676 -4.112215042 -0.984442353 -0.025801543 -0.173802644 -40.016395569
-0.172879964 0.027161686 0.984568417 136.282684326 -0.023109496 0.999232650 -0.031624027 -4.154766560 -0.984671712 -0.028220039 -0.172119617 -40.177101135
-0.170838982 0.022171360 0.985049427 137.104782104 -0.019486507 0.999475241 -0.025875632 -4.196358204 -0.985106230 -0.023615740 -0.170317233 -40.321754456
-0.167592540 0.021782463 0.985615790 137.914657593 -0.017844152 0.999525011 -0.025124058 -4.235042572 -0.985694826 -0.021798078 -0.167124242 -40.454627991
-0.164828405 0.027281150 0.985944867 138.707824707 -0.021387847 0.999283433 -0.031225814 -4.269137383 -0.986090362 -0.026234139 -0.164126843 -40.571548462
-0.158077419 0.030329650 0.986960948 139.502990723 -0.019511906 0.999237061 -0.033832040 -4.309656143 -0.987233937 -0.024605568 -0.157365039 -40.695121765
-0.147854611 0.030830706 0.988528371 140.308990479 -0.014698764 0.999335110 -0.033366248 -4.347377300 -0.988899887 -0.019463500 -0.147303119 -40.817222595
-0.140344471 0.026661471 0.989743829 141.103546143 -0.017738815 0.999409199 -0.029437184 -4.384905338 -0.989943802 -0.021688227 -0.139788628 -40.919418335
-0.128648713 0.025529867 0.991361678 141.894424438 -0.014369647 0.999515653 -0.027604597 -4.422115326 -0.991586030 -0.017796813 -0.128219545 -41.019676208
-0.115421712 0.028112510 0.992918730 142.685424805 -0.011023397 0.999501646 -0.029580304 -4.457953453 -0.993255317 -0.014359549 -0.115054309 -41.102622986
-0.097616054 0.028650731 0.994811654 143.449554443 -0.001814954 0.999578774 -0.028966114 -4.494956493 -0.995222509 -0.004633097 -0.097522914 -41.190338135
-0.083374552 0.028480550 0.996111214 144.240112305 0.002720967 0.999594390 -0.028352387 -4.534842491 -0.996514559 0.000346520 -0.083418205 -41.247810364
-0.069420315 0.029778888 0.997142971 145.035247803 0.003012461 0.999556065 -0.029641226 -4.575220108 -0.997583032 0.000946150 -0.069479197 -41.301128387
-0.056766652 0.036506705 0.997719824 145.807647705 -0.002359410 0.999323547 -0.036699630 -4.618320465 -0.998384655 -0.004437347 -0.056642123 -41.335983276
-0.043996070 0.045717102 0.997985125 146.573226929 -0.009875626 0.998883665 -0.046193622 -4.658625126 -0.998982906 -0.011888067 -0.043495473 -41.353126526
-0.031219099 0.054158978 0.998044193 147.333724976 -0.014502753 0.998401165 -0.054632001 -4.696607113 -0.999407411 -0.016179951 -0.030383736 -41.346221924
-0.016819164 0.054479465 0.998373210 148.114990234 -0.014667514 0.998393595 -0.054727666 -4.749177456 -0.999750912 -0.015564128 -0.015993068 -41.378902435
-0.006691005 0.051209219 0.998665512 148.880355835 -0.022065220 0.998437285 -0.051345330 -4.798921585 -0.999734104 -0.022379331 -0.005550606 -41.365604401
0.003903107 0.049335238 0.998774588 149.666030884 -0.027744571 0.998403072 -0.049208455 -4.847939491 -0.999607444 -0.027518509 0.005265659 -41.351551056
0.012803349 0.055458568 0.998378873 150.392074585 -0.030917842 0.998005271 -0.055041317 -4.904930592 -0.999439836 -0.030163009 0.014492470 -41.326160431
0.019440247 0.063686155 0.997780561 151.129531860 -0.034162983 0.997428775 -0.062998071 -4.953086853 -0.999227285 -0.032862462 0.021565970 -41.300186157
0.022322960 0.066115141 0.997562349 151.862960815 -0.037021954 0.997181177 -0.065261438 -5.005801201 -0.999065042 -0.035474878 0.024707748 -41.269180298
0.026216926 0.066124320 0.997466922 152.700485229 -0.053367049 0.996479571 -0.064656191 -5.099901199 -0.998230755 -0.051536776 0.029653488 -41.204010010
0.024210580 0.061511725 0.997812748 153.442962646 -0.054551478 0.996699452 -0.060119472 -5.166078568 -0.998217344 -0.052976623 0.027486229 -41.172775269
0.021376930 0.058708567 0.998046398 154.197387695 -0.052972227 0.996938586 -0.057508826 -5.221765041 -0.998367131 -0.051639374 0.024421420 -41.156929016
0.017355824 0.059260957 0.998091698 154.910293579 -0.051735133 0.996957958 -0.058294024 -5.265229225 -0.998510003 -0.050624654 0.020368900 -41.118358612
0.015356613 0.059266936 0.998124182 155.688980103 -0.050149813 0.997031033 -0.058430463 -5.323516846 -0.998623610 -0.049158435 0.018283246 -41.134498596
0.009995802 0.058261149 0.998251319 156.425842285 -0.050071061 0.997078061 -0.057691295 -5.377473831 -0.998695552 -0.049406841 0.012883792 -41.107746124
0.004957810 0.058246620 0.998290062 157.181793213 -0.051738065 0.996980071 -0.057913247 -5.425399303 -0.998648345 -0.051362466 0.007956406 -41.113552094
-0.002510584 0.055831574 0.998437107 157.910781860 -0.054194782 0.996965230 -0.055885553 -5.476378441 -0.998527288 -0.054250374 0.000522815 -41.081356049
-0.006794461 0.053468637 0.998546422 158.650558472 -0.050927486 0.997255027 -0.053746026 -5.536185265 -0.998679340 -0.051218625 -0.004052786 -41.112594604
-0.012574270 0.053804401 0.998472333 159.379501343 -0.052444022 0.997141540 -0.054393124 -5.580560684 -0.998544693 -0.053047866 -0.009716609 -41.110569000
-0.018076085 0.055278987 0.998307347 160.112243652 -0.054372322 0.996938586 -0.056187700 -5.630434990 -0.998356998 -0.055295937 -0.015015099 -41.115135193
-0.021856969 0.058490746 0.998048782 160.849319458 -0.057900142 0.996537626 -0.059670180 -5.682884693 -0.998083055 -0.059091382 -0.018394671 -41.130210876
-0.023993397 0.060716096 0.997866631 161.557266235 -0.057478599 0.996419072 -0.062010072 -5.737804413 -0.998058379 -0.058843810 -0.020417603 -41.146938324
-0.022946091 0.063333139 0.997728586 162.291320801 -0.057540860 0.996253312 -0.064562842 -5.795231819 -0.998079419 -0.058891628 -0.019215880 -41.194267273
-0.022117477 0.061834462 0.997841358 162.999481201 -0.054516818 0.996525824 -0.062961332 -5.848427773 -0.998267829 -0.055791680 -0.018669620 -41.209487915
-0.017455488 0.056690659 0.998239160 163.667266846 -0.050018214 0.997091651 -0.057500139 -5.917676449 -0.998595774 -0.050933830 -0.014569161 -41.212779999
-0.010035584 0.056551274 0.998349190 164.362701416 -0.049596179 0.997142553 -0.056981470 -5.971837997 -0.998718977 -0.050086156 -0.007202181 -41.212799072
0.000904820 0.057831410 0.998325944 165.066833496 -0.047364883 0.997208357 -0.057723742 -6.020753860 -0.998877227 -0.047233362 0.003641472 -41.209537506
0.015275661 0.058074828 0.998195350 165.753112793 -0.044475928 0.997363150 -0.057345774 -6.067368507 -0.998893678 -0.043519668 0.017818313 -41.186313629
0.030928161 0.055543739 0.997977138 166.438415527 -0.044985574 0.997520506 -0.054124177 -6.120136738 -0.998508692 -0.043220617 0.033350140 -41.166652679
0.047459546 0.049624082 0.997639716 167.115539551 -0.048911501 0.997682631 -0.047299393 -6.173353195 -0.997674942 -0.046551254 0.049776740 -41.121852875
0.064467847 0.042819493 0.997000635 167.790069580 -0.050069433 0.997959495 -0.039623085 -6.216768265 -0.996662974 -0.047364846 0.066480242 -41.076686859
0.080520712 0.034575388 0.996153057 168.483734131 -0.048175786 0.998365104 -0.030758040 -6.255318642 -0.995588005 -0.045513798 0.082054771 -40.996562958
0.097959071 0.027021244 0.994823515 169.153854370 -0.048369210 0.998579144 -0.022360399 -6.286712646 -0.994014323 -0.045928422 0.099126883 -40.919429779
0.115030229 0.021413982 0.993131161 169.815246582 -0.050071988 0.998621702 -0.015732743 -6.312760353 -0.992099166 -0.047918312 0.115943916 -40.827625275
0.132761493 0.019123128 0.990963519 170.466400146 -0.051361624 0.998603284 -0.012389527 -6.339457035 -0.989816308 -0.049252652 0.133558273 -40.725929260
0.150482550 0.017349562 0.988460422 171.110717773 -0.049584407 0.998719990 -0.009980939 -6.360553741 -0.987368405 -0.047510270 0.151150241 -40.617202759
0.167474389 0.016777206 0.985733688 171.748825073 -0.050430093 0.998692155 -0.008429772 -6.374876499 -0.984585762 -0.048298884 0.168101400 -40.489654541
0.183458775 0.016331052 0.982891738 172.388092041 -0.055300135 0.998450160 -0.006267673 -6.386777878 -0.981470644 -0.053204190 0.184077531 -40.349540710
0.197513103 0.012521743 0.980220258 173.007781982 -0.057848357 0.998324752 -0.001096650 -6.405401230 -0.978591919 -0.056487527 0.197906584 -40.206298828
0.209816769 0.008543093 0.977703333 173.646148682 -0.053235341 0.998578310 0.002698896 -6.416739464 -0.976290345 -0.052614652 0.209973261 -40.065113068
0.218368739 0.011335216 0.975800514 174.282531738 -0.051663473 0.998664558 -0.000039343 -6.502968311 -0.974497795 -0.050404660 0.218662709 -39.927062988
0.228227869 0.015004190 0.973492086 174.887023926 -0.056654233 0.998391569 -0.002105803 -6.517691135 -0.971957922 -0.054671854 0.228710830 -39.773693085
0.236548766 0.021516157 0.971381366 175.473861694 -0.051983558 0.998603046 -0.009460190 -6.530783653 -0.970227957 -0.048258062 0.237336874 -39.614330292
0.245462701 0.031376153 0.968898118 176.056350708 -0.052118663 0.998457491 -0.019129535 -6.545519352 -0.968003929 -0.045802087 0.246719390 -39.456439972
0.253567576 0.037254021 0.966600001 176.644515991 -0.046665315 0.998565733 -0.026244340 -6.559781551 -0.966191411 -0.038451988 0.254942387 -39.300247192
0.260441631 0.035198003 0.964847803 177.232192993 -0.045499060 0.998672366 -0.024150364 -6.577489853 -0.964416862 -0.037609912 0.261697382 -39.142646790
0.266240537 0.027792923 0.963505805 177.839019775 -0.048881356 0.998687327 -0.015300625 -6.594985962 -0.962666452 -0.043023825 0.267249614 -38.959087372
0.268274695 0.021406503 0.963104606 178.449432373 -0.056564704 0.998378217 -0.006434302 -6.592938900 -0.961680353 -0.052751556 0.269050509 -38.749073029
0.270589858 0.013362288 0.962602019 179.039764404 -0.056641594 0.998392403 0.002062988 -6.615445137 -0.961026967 -0.055081531 0.270911783 -38.577835083
0.270410866 0.013499302 0.962650359 179.630157471 -0.054008074 0.998539805 0.001168418 -6.630144596 -0.961228967 -0.052306846 0.270745039 -38.400588989
0.272005349 0.016006554 0.962162614 180.220123291 -0.050804149 0.998706043 -0.002252055 -6.633136272 -0.960953712 -0.048269283 0.272466630 -38.239105225
0.273189455 0.016071131 0.961825967 180.839660645 -0.048381537 0.998824596 -0.002947427 -6.635830402 -0.960742772 -0.045729414 0.273645967 -38.059932709
0.274012536 0.015082389 0.961607873 181.445739746 -0.051741969 0.998660147 -0.000919531 -6.626080513 -0.960333228 -0.049503528 0.274425775 -37.868019104
0.277324080 0.011722639 0.960704923 182.064453125 -0.052076675 0.998639047 0.002847314 -6.633679867 -0.959364176 -0.050819937 0.277557105 -37.698425293
0.280010045 0.007045016 0.959971189 182.687042236 -0.052223779 0.998604178 0.007904408 -6.640337944 -0.958575547 -0.052346643 0.279987067 -37.506301880
0.284592688 0.003051982 0.958643675 183.263336182 -0.049165700 0.998725414 0.011416242 -6.656665802 -0.957386911 -0.050381359 0.284380049 -37.330535889
0.290834635 0.000657843 0.956773162 183.884948730 -0.047229007 0.998790622 0.013669681 -6.653181076 -0.955606937 -0.049163055 0.290513963 -37.139541626
0.298513055 -0.001480038 0.954404414 184.503448486 -0.046738923 0.998776257 0.016167572 -6.650918484 -0.953260362 -0.049434066 0.298078567 -36.940143585
0.308135182 -0.003022168 0.951337755 185.120086670 -0.044330079 0.998863161 0.017531518 -6.647972107 -0.950309157 -0.047574956 0.307650983 -36.734012604
0.319334984 -0.001479985 0.947640836 185.713302612 -0.045487460 0.998822153 0.016888237 -6.659976006 -0.946549535 -0.048498772 0.318891555 -36.526248932
0.330043823 0.002194585 0.943963110 186.317886353 -0.046614561 0.998815179 0.013976041 -6.661462784 -0.942813993 -0.048615128 0.329755127 -36.289474487
0.342321455 0.006568900 0.939559937 186.987701416 -0.048825502 0.998748839 0.010806483 -6.662859440 -0.938313425 -0.049573775 0.342213899 -36.034873962
0.353811711 0.006700667 0.935292661 187.602722168 -0.047283143 0.998823822 0.010730910 -6.662290096 -0.934120834 -0.048020288 0.353712440 -35.790550232
0.365179569 0.003654059 0.930930018 188.222229004 -0.046496827 0.998815775 0.014318971 -6.662611008 -0.929775119 -0.048514277 0.364917040 -35.544437408
0.376345038 0.002786054 0.926475465 188.837661743 -0.048152145 0.998702705 0.016556701 -6.662466049 -0.925227404 -0.050842803 0.375990957 -35.282360077
0.386975020 -0.000613053 0.922089994 189.486297607 -0.046880197 0.998693466 0.020338269 -6.684426308 -0.920897722 -0.051098153 0.386440635 -34.992923737
0.396025419 -0.001461244 0.918238401 190.111267090 -0.050737429 0.998436213 0.023471320 -6.675007820 -0.916836739 -0.055884294 0.395331949 -34.704257965
0.402929932 -0.000499058 0.915230691 190.715316772 -0.054571241 0.998207510 0.024569271 -6.676457405 -0.913602412 -0.059844967 0.402180552 -34.416015625
0.406913608 -0.003531436 0.913459778 191.348739624 -0.054684237 0.998104870 0.028218547 -6.672139645 -0.911828279 -0.061434347 0.405949354 -34.120483398
0.409374923 -0.006731631 0.912341416 191.993606567 -0.052318666 0.998154163 0.030840600 -6.659223557 -0.910864890 -0.060357850 0.408267051 -33.833915710
0.409635693 -0.004387630 0.912238777 192.624206543 -0.048179507 0.998488724 0.026437208 -6.618830681 -0.910976052 -0.054780822 0.408805251 -33.555152893
0.408358037 -0.004137149 0.912812471 193.279357910 -0.046809018 0.998579204 0.025466466 -6.615136623 -0.911620796 -0.053127304 0.407584131 -33.258132935
0.407727778 -0.002495430 0.913100183 193.946273804 -0.043577433 0.998803675 0.022188336 -6.600763321 -0.912063122 -0.048837360 0.407131195 -32.961624146
0.407433242 -0.004586453 0.913223445 194.619689941 -0.040368564 0.998919487 0.023027217 -6.588857174 -0.912342310 -0.046247583 0.406807870 -32.668281555
0.406628877 -0.010489040 0.913533270 195.283584595 -0.036870208 0.998931050 0.027881110 -6.583820343 -0.912849188 -0.045019429 0.405807495 -32.377037048
0.405481517 -0.012944397 0.914011598 195.971588135 -0.037859023 0.998803914 0.030940577 -6.573671341 -0.913318932 -0.047149416 0.404506505 -32.067878723
0.403987706 -0.016666377 0.914612532 196.650009155 -0.035599854 0.998789966 0.033924874 -6.572012424 -0.914071441 -0.046265304 0.402905643 -31.769920349
0.402271360 -0.015032281 0.915397108 197.297378540 -0.038826883 0.998685420 0.033462495 -6.555589199 -0.914696813 -0.049003020 0.401158839 -31.484390259
0.399802744 -0.014610999 0.916484773 197.958282471 -0.040522669 0.998613596 0.033597741 -6.531587601 -0.915705025 -0.050570875 0.398656338 -31.183624268
0.401313782 -0.010349633 0.915882170 198.697952271 -0.046802353 0.998398185 0.031789556 -6.509697437 -0.914744139 -0.055623028 0.400186568 -30.873847961
0.400164574 -0.006129502 0.916422784 199.379287720 -0.047097210 0.998518705 0.027244037 -6.494915962 -0.915232420 -0.054063056 0.399283081 -30.574127197
0.399461448 0.004725414 0.916737795 200.055282593 -0.061529275 0.997870088 0.021667292 -6.486322403 -0.914682746 -0.065061465 0.398901463 -30.274650574
0.398360133 0.007993386 0.917194247 200.733337402 -0.064226575 0.997750640 0.019199751 -6.478806973 -0.914977610 -0.066556662 0.397977471 -29.978218079
0.396671951 0.003144295 0.917955160 201.434463501 -0.060530409 0.997907341 0.022738585 -6.472674370 -0.915962577 -0.064583950 0.396032184 -29.666564941
0.394774020 0.000626649 0.918778062 202.119598389 -0.063616723 0.997618437 0.026653958 -6.472455502 -0.916573167 -0.068971939 0.393873662 -29.354751587
0.393024951 0.003516184 0.919521093 202.820587158 -0.072247565 0.997019470 0.027067779 -6.455659866 -0.916685104 -0.077071473 0.392107546 -29.062980652
0.387040734 0.003793732 0.922054768 203.485137939 -0.077835456 0.996556640 0.028571863 -6.469146252 -0.918771625 -0.082827024 0.386003315 -28.759628296
0.381890297 0.002466747 0.924204290 204.204147339 -0.075161040 0.996766984 0.028396856 -6.440248013 -0.921146333 -0.080308646 0.380841017 -28.486160278
0.373290122 0.001930225 0.927712619 204.885101318 -0.075688332 0.996727526 0.028381415 -6.449777603 -0.924621880 -0.080811530 0.372214586 -28.219863892
0.364162415 0.001466420 0.931334317 205.591522217 -0.072213136 0.997032702 0.026666299 -6.414521694 -0.928531647 -0.076965436 0.363187730 -27.912055969
0.354119658 0.004347581 0.935189962 206.272583008 -0.073310301 0.997040987 0.023124605 -6.412308216 -0.932322323 -0.076747932 0.353390545 -27.670143127
0.342637509 0.005416209 0.939452052 206.982879639 -0.077538453 0.996734679 0.022533415 -6.393241882 -0.936262429 -0.080564447 0.341938674 -27.402050018
0.332057327 -0.002935793 0.943254590 207.691314697 -0.072941124 0.996920884 0.028780546 -6.391158581 -0.940434754 -0.078358836 0.330820739 -27.164390564
0.322502762 -0.011226734 0.946501911 208.400711060 -0.067931965 0.997076809 0.034973148 -6.384054184 -0.944127738 -0.075576678 0.320797324 -26.917507172
0.314979821 -0.016112650 0.948961556 209.099105835 -0.067724638 0.996925652 0.039406240 -6.366923332 -0.946678996 -0.076680258 0.312920183 -26.688388824
