0.999985397 -0.003766465 -0.003870183 -0.054785423 0.003769610 0.999992490 0.000805727 -0.137166992 0.003867120 -0.000820305 0.999992192 4.761085987
0.999968529 -0.006317175 -0.004793323 -0.057451829 0.006307130 0.999977887 -0.002107883 -0.136216193 0.004806533 0.002077584 0.999986291 5.690958977
0.999963641 -0.006818952 -0.005117987 -0.072445467 0.006788901 0.999959767 -0.005866290 -0.132376388 0.005157783 0.005831330 0.999969661 6.603347778
0.999967575 -0.006215136 -0.005117166 -0.099015594 0.006184757 0.999963284 -0.005931362 -0.151827365 0.005153842 0.005899522 0.999969304 7.362105370
0.999961734 -0.004904573 -0.007247316 -0.092682779 0.004863216 0.999971807 -0.005713220 -0.146263123 0.007275131 0.005677759 0.999957442 8.472682953
0.999971926 -0.004526415 -0.005966718 -0.139960110 0.004510412 0.999986172 -0.002692828 -0.154805332 0.005978824 0.002665840 0.999978602 9.418305397
0.999949217 -0.005043603 -0.008715264 -0.114968129 0.005035647 0.999986887 -0.000934688 -0.157543629 0.008719863 0.000890754 0.999961555 10.274168968
0.999945343 -0.006290092 -0.008353936 -0.140574694 0.006290852 0.999980152 0.000064641 -0.160527632 0.008353365 -0.000117191 0.999965072 11.221469879
0.999927640 -0.006484112 -0.010132782 -0.135828808 0.006477818 0.999978781 -0.000653843 -0.156589553 0.010136807 0.000588157 0.999948442 12.075281143
0.999924123 -0.006546527 -0.010444413 -0.155181229 0.006527953 0.999976933 -0.001811512 -0.163931042 0.010456033 0.001743194 0.999943793 13.018546104
0.999898851 -0.006528879 -0.012637300 -0.158291534 0.006474069 0.999969482 -0.004373112 -0.172457308 0.012665467 0.004290855 0.999910533 13.909840584
0.999871969 -0.007834999 -0.013960542 -0.173698395 0.007759288 0.999954939 -0.005469110 -0.176936910 0.014002764 0.005360085 0.999887645 14.857736588
0.999925375 -0.005778283 -0.010758901 -0.143724650 0.005710873 0.999963880 -0.006285800 -0.170708358 0.010794832 0.006223888 0.999922335 15.770969391
0.999911010 -0.004329750 -0.012618174 -0.157694906 0.004239557 0.999965310 -0.007165869 -0.176959977 0.012648763 0.007111736 0.999894738 16.665019989
0.999887943 -0.003143675 -0.014634431 -0.166750818 0.003041386 0.999970734 -0.007006674 -0.185405254 0.014656032 0.006961380 0.999868333 17.603071213
0.999835491 -0.003771790 -0.017738177 -0.209740415 0.003661203 0.999973655 -0.006262708 -0.193708330 0.017761333 0.006196736 0.999823034 18.421596527
0.999809444 -0.003446943 -0.019214725 -0.231627122 0.003355120 0.999982834 -0.004809039 -0.202183485 0.019230973 0.004743655 0.999803782 19.311777115
0.999830782 -0.002315138 -0.018251132 -0.236075580 0.002240655 0.999989033 -0.004100435 -0.201979667 0.018260429 0.004058846 0.999825001 20.214038849
0.999808252 -0.003407651 -0.019284943 -0.259465188 0.003328660 0.999985933 -0.004126634 -0.207825586 0.019298730 0.004061649 0.999805510 21.125368118
0.999759555 -0.003619751 -0.021627029 -0.292332441 0.003517410 0.999982357 -0.004768303 -0.216499388 0.021643912 0.004691085 0.999754667 21.939413071
0.999749541 -0.003624342 -0.022084543 -0.322812021 0.003526619 0.999983847 -0.004462312 -0.218805760 0.022100361 0.004383310 0.999746084 22.844894409
0.999729395 -0.003405564 -0.023012174 -0.330634058 0.003355914 0.999991894 -0.002195792 -0.221269310 0.023019467 0.002117970 0.999732792 23.678274155
0.999711335 -0.004187076 -0.023659956 -0.354961514 0.004196284 0.999991119 0.000339534 -0.220083326 0.023658326 -0.000438720 0.999719977 24.565216064
0.999686241 -0.004328906 -0.024668515 -0.366507947 0.004382750 0.999988139 0.002129047 -0.218632936 0.024659006 -0.002236496 0.999693334 25.359369278
0.999668658 -0.003721236 -0.025469730 -0.393240899 0.003749829 0.999992430 0.001074982 -0.222139895 0.025465537 -0.001170133 0.999674976 26.150751114
0.999634624 -0.002004144 -0.026954060 -0.394474298 0.001954941 0.999996305 -0.001851667 -0.219878346 0.026957680 0.001798296 0.999634981 27.038999557
0.999610722 -0.002122976 -0.027819684 -0.418602526 0.002015545 0.999990404 -0.003889157 -0.219039649 0.027827675 0.003831571 0.999605417 27.815921783
0.999556243 -0.002130841 -0.029712005 -0.438412398 0.002001022 0.999988317 -0.004398306 -0.210297316 0.029721029 0.004336900 0.999548852 28.628555298
0.999555647 -0.002166638 -0.029732402 -0.492754102 0.002020347 0.999985635 -0.004949392 -0.217044950 0.029742703 0.004887122 0.999545634 29.342998505
0.999446988 -0.002384813 -0.033164855 -0.498783588 0.002196320 0.999981165 -0.005718781 -0.222349077 0.033177856 0.005642778 0.999433517 30.186397552
0.999387264 -0.002404833 -0.034920119 -0.535616636 0.002197166 0.999979675 -0.005984093 -0.223953128 0.034933802 0.005903701 0.999372244 30.927202225
0.999321222 -0.002267879 -0.036765810 -0.568738520 0.002093312 0.999986291 -0.004785857 -0.227560610 0.036776159 0.004705647 0.999312460 31.682388306
0.999229610 -0.002968381 -0.039133180 -0.589900255 0.002875027 0.999992847 -0.002441579 -0.233355775 0.039140154 0.002327190 0.999230981 32.466644287
0.999166071 -0.001449386 -0.040807147 -0.635521650 0.001397611 0.999998212 -0.001297282 -0.231270045 0.040808965 0.001239168 0.999166250 33.201828003
0.999090850 -0.000438287 -0.042631283 -0.676478624 0.000389735 0.999999285 -0.001147180 -0.231256500 0.042631753 0.001129522 0.999090195 33.905937195
0.998985887 0.002309446 -0.044964567 -0.705731928 -0.002374483 0.999996185 -0.001393038 -0.245110020 0.044961177 0.001498393 0.998987556 34.660564423
0.998911321 0.003664637 -0.046502367 -0.749179482 -0.003758451 0.999991000 -0.001930111 -0.250689119 0.046494879 0.002102786 0.998916268 35.366954803
0.998786867 0.003618587 -0.049109325 -0.760200500 -0.003681888 0.999992490 -0.001198592 -0.243984431 0.049104620 0.001377953 0.998792708 36.055782318
0.998742521 0.005193333 -0.049865272 -0.803840995 -0.005163489 0.999986410 0.000727315 -0.247987106 0.049868375 -0.000468922 0.998755693 36.712425232
0.998730123 0.007628098 -0.049799647 -0.848394394 -0.007590938 0.999970675 0.000935287 -0.241976172 0.049805313 -0.000556073 0.998758852 37.377513885
0.998742282 0.010970195 -0.048922446 -0.892191648 -0.011008626 0.999939263 -0.000516176 -0.254486561 0.048913818 0.001054096 0.998802423 38.072032928
0.998804808 0.012976681 -0.047121793 -0.924861312 -0.013153568 0.999907613 -0.003445654 -0.261064827 0.047072735 0.004061355 0.998883188 38.695804596
0.998909891 0.012878064 -0.044867210 -0.968828022 -0.013158366 0.999895692 -0.005957689 -0.245397910 0.044785805 0.006541574 0.998975337 39.375679016
0.999045193 0.014415812 -0.041240878 -1.014731646 -0.014643353 0.999879181 -0.005220630 -0.249747008 0.041160639 0.005819551 0.999135613 40.004211426
0.999098361 0.018762618 -0.038083360 -1.046554327 -0.018868400 0.999819040 -0.002420070 -0.256097555 0.038031053 0.003136460 0.999271691 40.636013031
0.999142230 0.023099918 -0.034371361 -1.067906857 -0.023078594 0.999733150 0.001017075 -0.256824106 0.034385681 -0.000222960 0.999408603 41.285598755
0.999157310 0.028206512 -0.029815041 -1.096392751 -0.028162593 0.999601603 0.001892064 -0.257996470 0.029856531 -0.001050800 0.999553621 41.871467590
0.999202430 0.031484298 -0.024561800 -1.114905953 -0.031446971 0.999503613 0.001904631 -0.251201928 0.024609569 -0.001130718 0.999696493 42.474369049
0.999189734 0.035771575 -0.018447360 -1.136511445 -0.035701714 0.999354064 0.004102801 -0.255042195 0.018582208 -0.003440874 0.999821424 43.041671753
0.999102890 0.040588435 -0.012085848 -1.146425247 -0.040529344 0.999165297 0.005094965 -0.251491249 0.012282554 -0.004600563 0.999913931 43.596626282
0.999028027 0.043783631 -0.005094200 -1.148974061 -0.043758202 0.999029636 0.005000078 -0.261104524 0.005308178 -0.004772305 0.999974489 44.122894287
0.998880863 0.047250897 0.002100898 -1.148646951 -0.047261007 0.998869717 0.005056993 -0.264199853 -0.001859576 -0.005150623 0.999984980 44.629531860
0.998622537 0.051443011 0.010318827 -1.172232509 -0.051485624 0.998666108 0.003907242 -0.246673420 -0.010104061 -0.004433132 0.999939144 45.132881165
0.998284519 0.055743311 0.017905833 -1.169310808 -0.055775478 0.998442531 0.001302024 -0.250319809 -0.017805366 -0.002298497 0.999838829 45.596073151
0.997977436 0.058014952 0.025986910 -1.161402106 -0.057986192 0.998315632 -0.001859533 -0.250548571 -0.026051024 0.000348890 0.999660552 46.038272858
0.997708619 0.058332708 0.034275189 -1.154383302 -0.058293473 0.998297155 -0.002143779 -0.251965225 -0.034341879 0.000140847 0.999410093 46.457485199
0.997474134 0.057573091 0.041599691 -1.121730447 -0.057582654 0.998340249 -0.000969333 -0.252522111 -0.041586451 -0.001428535 0.999133885 46.853752136
0.996970534 0.059668101 0.049894691 -1.107344389 -0.059713341 0.998215318 -0.000584668 -0.248481423 -0.049840540 -0.002396482 0.998754323 47.235126495
0.996333241 0.062236734 0.058707889 -1.088289738 -0.062331140 0.998055518 -0.000223597 -0.256265789 -0.058607642 -0.003436554 0.998275101 47.590255737
0.995444298 0.067187168 0.067647442 -1.071858644 -0.067291506 0.997732937 -0.000737933 -0.260300934 -0.067543656 -0.003817526 0.997708976 47.911628723
0.994542480 0.070845455 0.076589786 -1.044580460 -0.070983514 0.997476935 -0.000922000 -0.260338962 -0.076461859 -0.004519642 0.997062206 48.214965820
0.993867934 0.069818951 0.085742563 -1.018672943 -0.070041299 0.997543991 -0.000416028 -0.263077229 -0.085561045 -0.005592044 0.996317208 48.490268707
0.992964625 0.068807274 0.096368179 -0.978604317 -0.068915419 0.997620106 -0.002209566 -0.269823492 -0.096290864 -0.004447233 0.995343268 48.763504028
0.991811156 0.067451715 0.108447462 -0.957128048 -0.067143746 0.997722208 -0.006492854 -0.275677741 -0.108638391 -0.000841885 0.994080961 49.020286560
0.990192056 0.068621166 0.121699274 -0.915882587 -0.067832381 0.997640252 -0.010617490 -0.279666513 -0.122140668 0.002258202 0.992510259 49.283981323
0.988095999 0.069993950 0.136993259 -0.871706009 -0.068855874 0.997541487 -0.013034323 -0.282131016 -0.137568787 0.003446369 0.990486205 49.542053223
0.985578239 0.072157592 0.153064534 -0.820164204 -0.070817254 0.997388184 -0.014197829 -0.293745756 -0.153689265 0.003153460 0.988114178 49.755672455
0.982658863 0.072543696 0.170643076 -0.789756775 -0.070850283 0.997358561 -0.016000776 -0.285896540 -0.171353102 0.003633192 0.985202968 50.044712067
0.979478717 0.071522996 0.188429937 -0.716027260 -0.069542959 0.997432232 -0.017107017 -0.295319021 -0.189169645 0.003651983 0.981937587 50.290676117
0.975628376 0.070531368 0.207785100 -0.650469780 -0.068335839 0.997504771 -0.017734604 -0.294536829 -0.208517492 0.003103211 0.978013635 50.531497955
0.971055567 0.070777498 0.228126317 -0.583297729 -0.068270653 0.997488320 -0.018871710 -0.304785371 -0.228889018 0.002751146 0.973448575 50.774009705
0.965803325 0.072836824 0.248834819 -0.488059044 -0.069728389 0.997338712 -0.021295553 -0.317823589 -0.249723703 0.003216471 0.968311727 51.023838043
0.959551394 0.074095584 0.271608233 -0.403435707 -0.070325390 0.997244895 -0.023602448 -0.319340229 -0.272608727 0.003546810 0.962118387 51.260585785
0.952210605 0.075218007 0.296036005 -0.311017990 -0.071028784 0.997163534 -0.024896599 -0.327440858 -0.297068954 0.002679725 0.954852343 51.504112244
0.943677306 0.077986233 0.321545184 -0.208593369 -0.073669553 0.996954322 -0.025590220 -0.343960047 -0.322561473 0.000460818 0.946548402 51.756591797
0.933819830 0.079855919 0.348716885 -0.103141785 -0.075286798 0.996805489 -0.026659228 -0.356551647 -0.349731803 -0.001358853 0.936848938 51.993911743
0.922593057 0.080529593 0.377275765 0.013460159 -0.075520650 0.996748805 -0.028077463 -0.368945420 -0.378310233 -0.002588036 0.925675273 52.228919983
0.910033286 0.079096533 0.406919032 0.151979446 -0.072976738 0.996865153 -0.030564591 -0.376365304 -0.408060998 -0.001880829 0.912952662 52.460144043
0.895249665 0.076004952 0.439034373 0.302738190 -0.068315260 0.997107506 -0.033313747 -0.387163997 -0.440296441 -0.000168622 0.897852421 52.684509277
0.877925634 0.075363256 0.472828627 0.424098969 -0.065377057 0.997154057 -0.037545484 -0.399756789 -0.474312574 0.002050004 0.880354166 52.894515991
0.858622074 0.077351585 0.506739378 0.596532822 -0.064563692 0.996995807 -0.042790025 -0.409564137 -0.508526862 0.004023503 0.861036718 53.113597870
0.836800873 0.079219893 0.541745782 0.776592255 -0.063774221 0.996844649 -0.047261290 -0.422231197 -0.543780446 0.004998880 0.839212716 53.344818115
0.816909075 0.080735512 0.571087837 0.660289764 -0.063592941 0.996725500 -0.049942415 -0.423658013 -0.573249936 0.004481263 0.819368303 53.201927185
0.789732039 0.084654175 0.607582867 0.873550415 -0.065987818 0.996408820 -0.053058527 -0.437941551 -0.609892488 0.001808956 0.792482078 53.446109772
0.760406315 0.088671379 0.643365800 1.116909027 -0.068842828 0.996059477 -0.055914424 -0.458929539 -0.645788550 -0.001773442 0.763514221 53.682407379
0.727808475 0.090168297 0.679826796 1.362188339 -0.068267494 0.995920539 -0.059007335 -0.467729807 -0.682374001 -0.003464035 0.730994999 53.905811310
0.691412628 0.087608159 0.717128634 1.648166656 -0.064131700 0.996144414 -0.059862223 -0.491375685 -0.719607949 -0.004601173 0.694365203 54.145572662
0.652513564 0.086110480 0.752868593 1.942829132 -0.060727201 0.996269286 -0.061317347 -0.513646245 -0.755339921 -0.005709196 0.655308485 54.362113953
0.609374642 0.087725177 0.788014472 2.143457413 -0.058782201 0.996123850 -0.065436304 -0.535397172 -0.790700436 -0.006446000 0.612169206 54.459892273
0.563924849 0.086921602 0.821238935 2.506330490 -0.054069914 0.996197760 -0.068311110 -0.564980984 -0.824054241 -0.005881981 0.566480458 54.668235779
0.515450180 0.085975960 0.852595627 2.883260727 -0.050508071 0.996272445 -0.069928937 -0.589304209 -0.855429709 -0.007018083 0.517871141 54.875457764
0.465202272 0.086094886 0.881007671 3.422979355 -0.048798669 0.996239781 -0.071588360 -0.599769115 -0.883858323 -0.009688930 0.467654347 55.064323425
0.415179223 0.083559029 0.905894101 3.867307663 -0.047872480 0.996399939 -0.069966823 -0.634910464 -0.908479214 -0.014318626 0.417684793 55.246143341
0.365160376 0.083988316 0.927148223 4.341331482 -0.050312862 0.996246934 -0.070431910 -0.650995731 -0.929583967 -0.020928543 0.368015617 55.406604767
0.316281050 0.084189311 0.944922447 4.720779419 -0.047213390 0.996216953 -0.072956376 -0.673480511 -0.947489858 -0.021538274 0.319059432 55.508686066
0.269419044 0.080287196 0.959670424 5.227366447 -0.036030136 0.996661365 -0.073266760 -0.724489093 -0.962348819 -0.014837598 0.271412343 55.605426788
0.220804870 0.076378204 0.972322762 5.846964836 -0.023204949 0.997058272 -0.073051639 -0.733817399 -0.975041926 -0.006432546 0.221927643 55.728965759
0.179182440 0.075621650 0.980905175 6.394356728 -0.013769448 0.997136533 -0.074357726 -0.766343474 -0.983719468 -0.000182925 0.179710627 55.785408020
0.138833374 0.077174164 0.987304151 6.933876514 -0.010629700 0.997017562 -0.076438695 -0.796832919 -0.990258694 0.000117497 0.139239654 55.865776062
0.105567321 0.077628806 0.991377413 7.533711433 -0.001966036 0.996962607 -0.077856772 -0.849392533 -0.994410157 0.006270050 0.105399281 55.920398712
0.077170074 0.076324515 0.994092226 8.015876770 0.005988664 0.997012079 -0.077013567 -0.875485301 -0.996999979 0.011896429 0.076482415 55.922271729
0.052318864 0.074751653 0.995828748 8.617971420 0.013567425 0.997049332 -0.075556077 -0.914789736 -0.998538315 0.017463841 0.051150307 55.935264587
0.034154333 0.073576093 0.996704519 9.095705032 0.019024005 0.997057855 -0.074254066 -0.943983614 -0.999235511 0.021497412 0.032654140 55.909416199
0.017768186 0.075517468 0.996986151 9.738409042 0.022135088 0.996869504 -0.075903118 -0.980902553 -0.999597132 0.023417037 0.016040981 55.928077698
0.003027523 0.075470448 0.997143447 10.331646919 0.021547478 0.996911585 -0.075518340 -1.021659374 -0.999763250 0.021714559 0.001391975 55.931034088
-0.008293234 0.076157421 0.997061312 10.986515045 0.023363588 0.996838152 -0.075946055 -1.065485477 -0.999692619 0.022665093 -0.010046323 55.918159485
-0.017471110 0.079136997 0.996710598 11.564968109 0.027913194 0.996512830 -0.078632005 -1.106295109 -0.999457598 0.026447587 -0.019619152 55.897617340
-0.023752443 0.081113108 0.996421814 12.248466492 0.032060310 0.996252179 -0.080335051 -1.149163008 -0.999203563 0.030037440 -0.026263939 55.869594574
-0.029420961 0.080869079 0.996290445 12.868674278 0.032004334 0.996286988 -0.079923704 -1.188526273 -0.999054611 0.029534178 -0.031899877 55.855716705
-0.032693058 0.078623779 0.996368110 13.580852509 0.029791903 0.996534705 -0.077659376 -1.224480748 -0.999021351 0.027144780 -0.034922119 55.830924988
-0.036997810 0.071659841 0.996742725 14.226608276 0.026437834 0.997146666 -0.070707530 -1.273349047 -0.998965681 0.023735693 -0.038786761 55.824447632
-0.035837028 0.065447114 0.997212231 14.878687859 0.029611932 0.997484684 -0.064400814 -1.316524267 -0.998918831 0.027221454 -0.037684891 55.782562256
-0.036170129 0.062756971 0.997373104 15.625688553 0.031937487 0.997589052 -0.061612342 -1.366201162 -0.998835206 0.029625066 -0.038087212 55.750820160
-0.039539229 0.066060014 0.997031927 16.313018799 0.032455649 0.997370660 -0.064795382 -1.404331326 -0.998690784 0.029797360 -0.041579287 55.739189148
-0.038929172 0.073491000 0.996535778 17.065280914 0.033305269 0.996833146 -0.072211877 -1.449264169 -0.998686731 0.030378742 -0.041253522 55.718101501
-0.033182006 0.080595911 0.996194363 17.698410034 0.037118509 0.996155024 -0.079356343 -1.487357616 -0.998759747 0.034344051 -0.036046024 55.681560516
-0.030568888 0.081757657 0.996183395 18.474220276 0.037994262 0.996023893 -0.080578685 -1.524101973 -0.998810232 0.035386045 -0.033553671 55.654979706
-0.030006068 0.077522859 0.996538937 19.184186935 0.036423411 0.996410489 -0.076416150 -1.577289104 -0.998885870 0.034004390 -0.032722004 55.642513275
-0.027278304 0.070775107 0.997119308 19.982971191 0.035564523 0.996927559 -0.069788575 -1.637476087 -0.998995066 0.033558346 -0.029711574 55.619911194
-0.024219101 0.068748623 0.997340024 20.786672592 0.033854153 0.997116745 -0.067911133 -1.703328371 -0.999133229 0.032119345 -0.026476698 55.606227875
-0.022162549 0.074975602 0.996939003 21.412031174 0.040893238 0.996417463 -0.074027285 -1.738031507 -0.998917699 0.039127439 -0.025149144 55.583488464
-0.018853098 0.080302820 0.996592164 22.191495895 0.042284690 0.995941579 -0.079450458 -1.792803168 -0.998927712 0.040642709 -0.022172162 55.568981171
-0.017724842 0.081373893 0.996526003 22.890537262 0.034848347 0.996127307 -0.080721498 -1.838062644 -0.999235392 0.033296507 -0.020491945 55.559978485
-0.014040483 0.077975132 0.996856391 23.684501648 0.030451696 0.996525645 -0.077520333 -1.891902804 -0.999437630 0.029267542 -0.016366176 55.557762146
-0.008889260 0.074471734 0.997183502 24.481824875 0.034640092 0.996647298 -0.074122891 -1.953536391 -0.999360383 0.033883628 -0.011439166 55.535106659
-0.006599470 0.075327761 0.997136950 25.134550095 0.038681068 0.996431649 -0.075018458 -2.009531975 -0.999229789 0.038075242 -0.009489678 55.541641235
-0.004017842 0.079650417 0.996814787 25.910352707 0.038192630 0.996107817 -0.079439975 -2.066690445 -0.999262273 0.037751798 -0.007044261 55.545047760
-0.000484955 0.080568098 0.996748984 26.725543976 0.034535822 0.996155858 -0.080503359 -2.125526428 -0.999403298 0.034384497 -0.003265576 55.566135406
0.003307624 0.080163434 0.996776223 27.376377106 0.033938829 0.996198595 -0.080229566 -2.170502663 -0.999418437 0.034094792 0.000574401 55.558334351
0.006662049 0.077108458 0.997000456 28.178544998 0.037646174 0.996296465 -0.077305570 -2.233585596 -0.999268949 0.038048271 0.003734535 55.571052551
0.010806645 0.077356473 0.996944964 28.961791992 0.042229779 0.996078372 -0.077746987 -2.298042536 -0.999049485 0.042940952 0.007497521 55.562290192
0.014471802 0.078488797 0.996809959 29.622203827 0.045176614 0.995844960 -0.079068691 -2.341039419 -0.998874128 0.046176769 0.010865810 55.561183929
0.016929325 0.078087322 0.996802747 30.421100616 0.045410767 0.995856822 -0.078784466 -2.403445959 -0.998824894 0.046599355 0.013313180 55.584732056
0.020945879 0.076718315 0.996832728 31.205440521 0.046784580 0.995884001 -0.077628367 -2.462834120 -0.998685360 0.048262391 0.017270433 55.586105347
0.024675217 0.075629666 0.996830642 31.875457764 0.049028724 0.995842755 -0.076768376 -2.513137102 -0.998492539 0.050767608 0.020864602 55.595989227
0.026996294 0.075908065 0.996749341 32.663887024 0.047346529 0.995896637 -0.077125490 -2.570108891 -0.998513639 0.049274724 0.023291536 55.629673004
0.030466083 0.077741250 0.996508002 33.442535400 0.044156719 0.995892704 -0.079043277 -2.622845650 -0.998559952 0.046410657 0.026908150 55.646846771
0.033026293 0.077172846 0.996470571 34.231323242 0.046508592 0.995815694 -0.078663588 -2.688333273 -0.998371780 0.048942398 0.029298905 55.686302185
0.036290050 0.077328302 0.996344984 34.918128967 0.044362638 0.995894194 -0.078909144 -2.736666441 -0.998356104 0.047064103 0.032710567 55.697238922
0.038112197 0.077819996 0.996238589 35.693618774 0.042469319 0.995936036 -0.079421066 -2.791408777 -0.998370528 0.045336485 0.034652352 55.741569519
0.041442584 0.077654533 0.996118546 36.497550964 0.039372366 0.996073842 -0.079289094 -2.856697559 -0.998364925 0.042505484 0.038222428 55.773609161
0.044175562 0.079739764 0.995836318 37.201549530 0.038359445 0.995939016 -0.081449628 -2.904370308 -0.998287022 0.041797809 0.040937383 55.812232971
0.047716461 0.083431244 0.995370448 37.999382019 0.036571316 0.995691419 -0.085211329 -2.964646816 -0.998191118 0.040467992 0.044459682 55.847675323
0.051522411 0.085310787 0.995021403 38.786502838 0.037290532 0.995485485 -0.087281503 -3.029081106 -0.997975469 0.041601826 0.048108529 55.881870270
0.054050621 0.087699629 0.994679511 39.532150269 0.031280346 0.995498061 -0.089471571 -3.085454941 -0.998048127 0.035949919 0.051064003 55.940696716
0.056690939 0.086955935 0.994597793 40.349273682 0.027536362 0.995684683 -0.088620514 -3.148600817 -0.998011947 0.032411579 0.054051861 56.000053406
0.059862711 0.087441258 0.994369388 41.111145020 0.029589787 0.995562673 -0.089327544 -3.213081598 -0.997767985 0.034770560 0.057009712 56.052658081
0.064597219 0.088740870 0.993957818 41.924980164 0.028764330 0.995458841 -0.090744250 -3.278529644 -0.997496724 0.034452360 0.061751299 56.091636658
0.067459419 0.089728907 0.993678987 42.693927765 0.024628269 0.995494664 -0.091564812 -3.343188047 -0.997417986 0.030649498 0.064945616 56.164669037
0.071597882 0.087617137 0.993577838 43.515419006 0.023687549 0.995704055 -0.089511566 -3.409101009 -0.997152209 0.029944263 0.069214873 56.228687286
0.075925387 0.087180443 0.993295014 44.329288483 0.023839591 0.995727003 -0.089216135 -3.489753246 -0.996828496 0.030453522 0.073522598 56.303604126
0.080867238 0.090133809 0.992641091 45.028999329 0.020664768 0.995537281 -0.092080273 -3.554591179 -0.996510565 0.027958980 0.078643739 56.316997528
0.087242261 0.098775819 0.991278052 45.845409393 0.018533790 0.994738996 -0.100751847 -3.624963999 -0.996014655 0.027161954 0.084952585 56.386386871
0.094666697 0.103514388 0.990112543 46.680191040 0.017190471 0.994261086 -0.105591699 -3.698935032 -0.995360494 0.027016519 0.092343941 56.460163116
0.101274818 0.105947860 0.989200950 47.418308258 0.015245738 0.994031131 -0.108026080 -3.743297338 -0.994741678 0.026021421 0.099055067 56.540306091
0.108229756 0.104383118 0.988630593 48.262355804 0.011543835 0.994273245 -0.106242627 -3.824986696 -0.994058967 0.022911202 0.106404960 56.646057129
0.115626283 0.103147231 0.987922668 49.101028442 0.010736460 0.994405687 -0.105080716 -3.902869940 -0.993234813 0.022756886 0.113871999 56.752712250
0.123243578 0.098974474 0.987428486 49.889598846 0.010839393 0.994820356 -0.101068296 -3.986730576 -0.992317200 0.023159144 0.121532418 56.848575592
0.130578786 0.093364686 0.987031937 50.712833405 0.007789878 0.995428622 -0.095189489 -4.072443008 -0.991407275 0.020118585 0.129254580 56.955764771
0.137124404 0.085664816 0.986842632 51.539649963 0.007804227 0.996129096 -0.087555364 -4.125440598 -0.990523100 0.019707521 0.135925084 57.107200623
0.144461617 0.083305910 0.985997438 52.363792419 0.007727666 0.996324420 -0.085310638 -4.197111607 -0.989480257 0.019943573 0.143286884 57.232231140
0.151556909 0.085314602 0.984759808 53.182395935 0.007603713 0.996138096 -0.087470591 -4.265115738 -0.988419235 0.020744605 0.150322929 57.367603302
0.157476202 0.091199726 0.983302534 53.968494415 0.008991349 0.995552719 -0.093775876 -4.335041046 -0.987481833 0.023608683 0.155955821 57.496955872
0.162916988 0.094769083 0.982077837 54.758930206 0.007518582 0.995228052 -0.097285323 -4.400873184 -0.986611068 0.023233263 0.161427036 57.623508453
0.167035311 0.098531432 0.981015146 55.521339417 0.005165178 0.994892955 -0.100804709 -4.461104393 -0.985937297 0.021905072 0.165673345 57.777656555
0.172188118 0.098133020 0.980163813 56.295524597 0.001833878 0.994991779 -0.099939741 -4.539984226 -0.985062361 0.019005941 0.171145812 57.916324615
0.177329257 0.094797455 0.979575336 57.083114624 0.006028138 0.995226741 -0.097403347 -4.619783401 -0.984133005 0.023177480 0.175911382 58.066780090
0.180672631 0.090642937 0.979357600 57.700286865 0.003606116 0.995676458 -0.092818581 -4.628769875 -0.983536780 0.020301452 0.179564610 58.198722839
0.183223099 0.084296860 0.979450583 58.467746735 0.001046609 0.996299505 -0.085942768 -4.707725525 -0.983070791 0.016771801 0.182456881 58.358722687
0.184762686 0.082287051 0.979332209 59.035957336 -0.007122199 0.996574521 -0.082392126 -4.792416096 -0.982757330 0.008247991 0.184715882 58.448860168
0.187858507 0.081976719 0.978769183 59.779464722 -0.009065612 0.996613145 -0.081731252 -4.860199451 -0.982154250 0.006480770 0.187965468 58.599597931
0.189248934 0.083730862 0.978352666 60.496883392 -0.010943596 0.996475577 -0.083165005 -4.926039696 -0.981868148 0.005032190 0.189498290 58.754177094
0.189989164 0.091825850 0.977482557 61.169059753 -0.018991383 0.995773911 -0.089852884 -4.880172729 -0.981602490 -0.001492671 0.190930158 58.923786163
0.192264721 0.095797032 0.976656199 61.868759155 -0.019849274 0.995399952 -0.093728021 -4.945946217 -0.981142342 -0.001365326 0.193281814 59.061698914
0.195010930 0.098658070 0.975826442 62.604343414 -0.016583877 0.995117486 -0.097294286 -5.099083900 -0.980660856 0.002790460 0.195694894 59.181858063
0.196536466 0.101165719 0.975263536 63.267059326 -0.016790722 0.994864285 -0.099815249 -5.140015125 -0.980352759 0.003241959 0.197225764 59.347404480
0.197999761 0.101203203 0.974963665 63.948795319 -0.019469645 0.994865537 -0.099315077 -5.206810951 -0.980008781 0.000682171 0.198953569 59.494544983
0.197647989 0.100016862 0.975157320 64.578292847 -0.021709397 0.994983971 -0.097650237 -5.207782745 -0.980032623 -0.001869705 0.198827907 59.645626068
0.198272139 0.097988792 0.975236595 65.246284485 -0.022443300 0.995183051 -0.095430098 -5.270299435 -0.979889989 -0.002966401 0.199516311 59.788990021
0.199010566 0.094506443 0.975429833 65.920585632 -0.017932853 0.995523751 -0.092794560 -5.393302441 -0.979833245 0.000974857 0.199814513 59.910964966
0.197510108 0.093478404 0.975833774 66.568641663 -0.018207056 0.995621324 -0.091688782 -5.455807686 -0.980131745 0.000342396 0.198347226 60.051025391
0.195344746 0.094682410 0.976153493 67.203453064 -0.019409183 0.995507181 -0.092675515 -5.510980606 -0.980542541 -0.000842667 0.196304783 60.187786102
0.192607448 0.099067762 0.976262212 67.763916016 -0.023232058 0.995072186 -0.096393079 -5.525365353 -0.981000960 -0.004114556 0.193959802 60.314125061
0.189813361 0.103220969 0.976379156 68.380905151 -0.021422153 0.994656980 -0.100988664 -5.584988594 -0.981586516 -0.001747146 0.191010386 60.449890137
0.189308569 0.104190372 0.976374149 68.978042603 -0.018504346 0.994556427 -0.102542818 -5.635155201 -0.981743336 0.001345069 0.190206006 60.544303894
0.186707348 0.102518879 0.977051795 69.565925598 -0.019594898 0.994730949 -0.100629471 -5.695960045 -0.982220113 -0.000356967 0.187732428 60.656578064
0.184310243 0.099763766 0.977791846 70.154304504 -0.020303216 0.995009363 -0.097693399 -5.757093906 -0.982658327 -0.001846427 0.185415938 60.773399353
0.182102799 0.095478475 0.978632927 70.739013672 -0.019861097 0.995428503 -0.093421385 -5.820693493 -0.983078897 -0.002424428 0.183166623 60.881988525
0.180386215 0.091702238 0.979311764 71.277053833 -0.013805130 0.995782435 -0.090701677 -5.995582104 -0.983498991 0.002841807 0.180891395 60.975349426
0.178737432 0.093408860 0.979452729 71.837684631 -0.009587394 0.995601296 -0.093199335 -6.042415619 -0.983850062 0.007267810 0.178846762 61.078285217
0.176177531 0.094970807 0.979766428 72.380828857 -0.005694857 0.995416641 -0.095463797 -6.101023674 -0.984341860 0.011238947 0.175910875 61.171894073
0.174159184 0.096882962 0.979939938 72.934463501 -0.006503789 0.995239794 -0.097239710 -6.150038719 -0.984695971 0.010561867 0.173960239 61.280311584
0.173620611 0.099408165 0.979782522 73.490623474 -0.006154776 0.994982541 -0.099859692 -6.201823711 -0.984793305 0.011307356 0.173361287 61.362487793
0.172366112 0.097657278 0.980180025 74.031845093 -0.004771741 0.995144486 -0.098309092 -6.258570194 -0.985021353 0.012267988 0.171995163 61.457828522
0.173488945 0.095724404 0.980172634 74.584548950 0.001115020 0.995245278 -0.097393773 -6.311166286 -0.984835207 0.017989656 0.172557309 61.539886475
0.175198287 0.094622813 0.979975522 75.144561768 0.006130894 0.995246768 -0.097193375 -6.351593971 -0.984514058 0.023036242 0.173785418 61.644195557
0.177621797 0.093911022 0.979607642 75.701004028 0.008524307 0.995252192 -0.096956417 -6.408997536 -0.984061956 0.025572050 0.175977975 61.736034393
0.181104362 0.093535893 0.979005694 76.264862061 0.006246856 0.995337486 -0.096251823 -6.461190224 -0.983444035 0.023547333 0.179675654 61.846061707
0.186080426 0.093914546 0.978035867 76.831016541 0.005060859 0.995316565 -0.096536793 -6.517276287 -0.982521474 0.022913313 0.184733644 61.962703705
0.193460330 0.093014270 0.976689100 77.397262573 0.005897623 0.995367646 -0.095961303 -6.561919689 -0.981090367 0.024324853 0.192015603 62.063415527
0.200156614 0.093500197 0.975292325 77.976814270 0.003890157 0.995352387 -0.096221708 -6.610918999 -0.979756176 0.023053456 0.198862672 62.201477051
0.209405437 0.090913832 0.973593295 78.681526184 0.004598100 0.995565832 -0.093954585 -6.686712742 -0.977818072 0.024151284 0.208058894 62.351593018
0.218259364 0.090548716 0.971680880 79.259277344 0.001022852 0.995664418 -0.093013428 -6.744676590 -0.975890279 0.021294942 0.217220455 62.493087769
0.227662697 0.090400837 0.969534576 79.853622437 -0.000678866 0.995695829 -0.092680722 -6.795574188 -0.973739803 0.020441759 0.226744145 62.646469116
0.237748340 0.094034739 0.966764212 80.437461853 -0.005747126 0.995421588 -0.095408827 -6.847894192 -0.971309781 0.017127167 0.237200245 62.793098450
0.246633157 0.096472241 0.964295208 81.031913757 -0.009326969 0.995223045 -0.097180888 -6.894204140 -0.969063997 0.014974075 0.246354789 62.971008301
0.257618189 0.099113815 0.961149991 81.674972534 -0.013482932 0.994996965 -0.098990284 -6.945569038 -0.966152728 0.012542573 0.257665634 63.154968262
0.267741501 0.101074666 0.958174527 82.300857544 -0.015286894 0.994802654 -0.100666843 -7.001755238 -0.963369489 0.012305181 0.267895132 63.347480774
0.277416021 0.101636760 0.955358744 82.911010742 -0.018195584 0.994766057 -0.100545518 -7.060125351 -0.960577548 0.010509628 0.277813405 63.536453247
0.287842244 0.102343746 0.952193558 83.556892395 -0.019392040 0.994692326 -0.101049505 -7.117392540 -0.957481503 0.010621343 0.288299143 63.744598389
0.297838718 0.103493057 0.948989630 84.188407898 -0.024603801 0.994607925 -0.100746125 -7.175220966 -0.954299152 0.006657348 0.298779100 63.953186035
0.308782041 0.098499537 0.946018875 84.887222290 -0.023169499 0.995107114 -0.096048050 -7.225166321 -0.950850606 0.007739130 0.309553325 64.182975769
0.319166541 0.091777071 0.943244338 85.551078796 -0.020088131 0.995731294 -0.090086795 -7.283003807 -0.947485685 0.009804673 0.319647789 64.417396545
0.330118656 0.087342605 0.939889908 86.242309570 -0.018981854 0.996122837 -0.085901231 -7.349557877 -0.943748593 0.010516747 0.330496609 64.670425415
0.340855420 0.083806872 0.936372757 86.921211243 -0.019028252 0.996429622 -0.082255453 -7.399994850 -0.939923048 0.010219687 0.341233164 64.914382935
0.350860953 0.081639931 0.932861984 87.630317688 -0.012957931 0.996520221 -0.082337372 -7.444895744 -0.936337888 0.016801013 0.350697935 65.173820496
0.359412938 0.076552488 0.930033326 88.342788696 -0.006668272 0.996814787 -0.079472393 -7.496680737 -0.933154821 0.022361690 0.358778596 65.453125000
0.366579652 0.066646822 0.927996516 89.051025391 0.002970948 0.997342229 -0.072800659 -7.553543568 -0.930381954 0.029444272 0.365407318 65.722717285
0.373742133 0.062564977 0.925420105 89.788467407 0.007687041 0.997479200 -0.070541181 -7.604240417 -0.927500904 0.033477955 0.372319072 66.012809753
0.380734265 0.062065717 0.922599196 90.528915405 0.010101394 0.997406065 -0.071266785 -7.679930687 -0.924629331 0.036453240 0.379119754 66.334602356
0.388484269 0.068067923 0.918937922 91.258422852 0.012967709 0.996765256 -0.079314932 -7.729451180 -0.921364129 0.042729121 0.386344939 66.642524719
0.395204723 0.072651103 0.915715635 91.966552734 0.016495038 0.996145427 -0.086151190 -7.784629822 -0.918444991 0.049152110 0.392483026 66.969032288
0.400803953 0.075312704 0.913062990 92.665740967 0.013777893 0.996007323 -0.088202260 -7.836354256 -0.916060209 0.047931913 0.398166060 67.256233215
0.405034125 0.076994002 0.911053896 93.371665955 0.006336488 0.996187627 -0.087005794 -7.908156872 -0.914279640 0.041013196 0.403002143 67.586578369
0.409036607 0.080614358 0.908950090 94.073089600 -0.000370994 0.996104777 -0.088177115 -7.970975876 -0.912517786 0.035730451 0.407473326 67.910705566
0.412577569 0.082615890 0.907168448 94.850952148 -0.001022932 0.995920122 -0.090233319 -8.075902939 -0.910921872 0.036300264 0.410978824 68.309753418
0.415768862 0.087455370 0.905255675 95.525878906 -0.004869129 0.995565534 -0.093943775 -8.137226105 -0.909457266 0.034651093 0.414351016 68.649284363
0.419974804 0.089919314 0.903070152 96.214950562 -0.007059815 0.995373011 -0.095826767 -8.201979637 -0.907508373 0.033869322 0.418666333 68.966613770
0.423175097 0.088207357 0.901744008 96.880126953 -0.008604405 0.995596111 -0.093349926 -8.289901733 -0.906007111 0.031744387 0.422070384 69.309112549
0.427929014 0.085156403 0.899791718 97.552520752 -0.007961527 0.995867908 -0.090462670 -8.358277321 -0.903777182 0.031547889 0.426838815 69.613037109
0.431635261 0.082123913 0.898302138 98.214195251 -0.007190481 0.996128619 -0.087612309 -8.402513504 -0.902019620 0.031357329 0.430554718 69.932693481
0.434462488 0.081446499 0.896999896 98.822311401 -0.009391305 0.996258616 -0.085910387 -8.486186028 -0.900640965 0.028900845 0.433601856 70.249313354
0.437494367 0.083672501 0.895319879 99.450202942 -0.011991215 0.996115744 -0.087232962 -8.544503212 -0.899141252 0.027427962 0.436798304 70.574066162
0.440056711 0.083971731 0.894035161 100.065032959 -0.010843184 0.996042371 -0.088215545 -8.605407715 -0.897904515 0.029125659 0.439225644 70.886230469
0.442920774 0.081739165 0.892826855 100.661003113 -0.007945525 0.996154070 -0.087257192 -8.656352997 -0.896525562 0.031554054 0.441866785 71.172019958
0.445119470 0.081392668 0.891764522 101.272575378 -0.006117696 0.996113718 -0.087863162 -8.704763412 -0.895450354 0.033654068 0.443887532 71.464805603
0.446530700 0.080759332 0.891116261 101.863594055 -0.007269314 0.996213019 -0.086641371 -8.770040512 -0.894738734 0.032210231 0.445426792 71.776229858
0.447978854 0.079352163 0.890515685 102.449859619 -0.005499834 0.996279240 -0.086009808 -8.845830917 -0.894027233 0.033632908 0.446748465 72.107788086
0.450379759 0.081311613 0.889126837 103.015289307 -0.007297353 0.996146321 -0.087402262 -8.911762238 -0.892807305 0.032875948 0.449237525 72.397491455
0.453216434 0.081104144 0.887703180 103.577102661 -0.003588268 0.996010184 -0.089167513 -8.961458206 -0.891393304 0.037226874 0.451699257 72.686561584
0.457143724 0.080946937 0.885701418 104.078269958 -0.001903353 0.995936394 -0.090039238 -8.990810394 -0.889390707 0.039475076 0.455440193 72.910919189
0.460713059 0.078856513 0.884039044 104.613899231 0.001920544 0.995954335 -0.089840271 -9.039104462 -0.887547076 0.043088421 0.458697766 73.177818298
0.464455485 0.077961408 0.882158101 105.145423889 0.003342760 0.995956123 -0.089778356 -9.089569092 -0.885590136 0.044646882 0.462316692 73.437850952
0.466297925 0.077078536 0.881263375 105.682556152 0.003453280 0.996030688 -0.088943720 -9.173558235 -0.884621024 0.044517521 0.464180857 73.781509399
0.469950467 0.076259196 0.879392385 106.200904846 0.004646754 0.996033549 -0.088857315 -9.215848923 -0.882680535 0.045844857 0.467732042 74.051437378
0.473685831 0.076014705 0.877407253 106.707267761 0.006123933 0.995959759 -0.089591697 -9.264166832 -0.880672693 0.047811501 0.471306533 74.313446045
0.477383614 0.077024579 0.875312567 107.198806763 0.005529229 0.995867610 -0.090648599 -9.320024490 -0.878677607 0.048113946 0.474984944 74.599929810
0.481586814 0.077457622 0.872968733 107.707405090 0.007617538 0.995679140 -0.092547923 -9.364796638 -0.876365244 0.051219739 0.478915900 74.875045776
0.486538082 0.080813594 0.869913638 108.197052002 0.005141136 0.995430648 -0.095349319 -9.421367645 -0.873644114 0.050863434 0.483899474 75.155700684
0.491911441 0.086765014 0.866311133 108.680397034 0.001760557 0.994920790 -0.100645535 -9.472558975 -0.870643437 0.051033888 0.489260167 75.443786621
0.497632235 0.093806602 0.862300694 109.163764954 -0.003569099 0.994347811 -0.106111832 -9.528841019 -0.867380738 0.049727026 0.495154351 75.739151001
0.503704429 0.099852562 0.858085871 109.644531250 -0.008876594 0.993843257 -0.110439554 -9.589204788 -0.863830388 0.048012011 0.501489639 76.031494141
0.510070860 0.101042874 0.854176819 110.078926086 -0.011413235 0.993783653 -0.110741936 -9.736562729 -0.860056639 0.046737321 0.508053303 76.298355103
0.515609622 0.101352960 0.850808024 110.571105957 -0.015379437 0.993913949 -0.109080240 -9.787292480 -0.856685638 0.043157864 0.514030337 76.608505249
0.520857096 0.100759149 0.847676456 111.066032410 -0.022073254 0.994267106 -0.104620680 -9.839662552 -0.853358448 0.035781458 0.520095170 76.931983948
0.526783705 0.097887106 0.844344199 111.584953308 -0.027769003 0.994798422 -0.098004706 -9.900062561 -0.849545658 0.028180685 0.526761889 77.275070190
0.532667637 0.093285777 0.841167629 112.015289307 -0.033435713 0.995450258 -0.089222677 -10.026807785 -0.845663786 0.019400999 0.533363283 77.561508179
0.538752794 0.091433018 0.837487638 112.526374817 -0.035335395 0.995670676 -0.085971594 -10.070977211 -0.841722488 0.016724475 0.539651334 77.912017822
0.545271039 0.095059656 0.832852483 113.053680420 -0.039425343 0.995357990 -0.087795734 -10.107947350 -0.837332129 0.015036981 0.546487689 78.269851685
0.551990628 0.091678195 0.828795314 113.398773193 -0.037892025 0.995668650 -0.084900431 -10.258521080 -0.832988918 0.015459507 0.553073525 78.481994629
0.558692992 0.095253989 0.823886395 113.938743591 -0.040526234 0.995331526 -0.087594092 -10.297820091 -0.828383744 0.015549193 0.559945166 78.852775574
0.565173268 0.097238898 0.819221377 114.473342896 -0.043322671 0.995157242 -0.088233985 -10.360781670 -0.823833823 0.014376620 0.566648901 79.227752686
0.571099401 0.098623812 0.814934790 115.020462036 -0.046726335 0.995052457 -0.087676316 -10.402464867 -0.819549918 0.011992971 0.572882175 79.634933472
0.577635467 0.100737132 0.810055077 115.579612732 -0.053623151 0.994895399 -0.085485876 -10.460356712 -0.814531684 0.005941972 0.580088735 80.042762756
0.584680617 0.098814577 0.805223107 116.144943237 -0.053551964 0.995090425 -0.083229907 -10.507555008 -0.809494197 0.005541627 0.587101758 80.476799011
0.589901984 0.092883669 0.802114904 115.686294556 -0.041130584 0.995528936 -0.085031912 -9.065457344 -0.806426644 0.017169045 0.591084838 81.958564758
