0.989369869 0.145318478 -0.005456411 0.087943174 -0.116000526 0.766024888 -0.632257640 1.166743040 -0.087698966 0.626169622 0.774739027 2.624941826
0.989184856 0.146586865 -0.005056738 0.076862961 -0.116701543 0.765695155 -0.632527888 0.676812887 -0.088848375 0.626277089 0.774521053 3.197589874
0.981824756 0.189731449 -0.004702548 0.070622370 -0.150949970 0.765639663 -0.625307977 0.133196950 -0.115040123 0.614652872 0.780363798 3.728609324
0.988895416 0.148531407 -0.004929591 0.060794074 -0.118056260 0.764984310 -0.633136451 -0.274007320 -0.090269588 0.626687706 0.774024487 4.321669102
0.988877594 0.148663864 -0.004484287 0.054709971 -0.117951274 0.765505016 -0.632526278 -0.734326839 -0.090601064 0.626019955 0.774525881 4.863677979
0.988736451 0.149637058 -0.002997745 0.033429503 -0.118023351 0.767217040 -0.630435169 -1.176136851 -0.092036545 0.623688042 0.776236117 5.387294769
0.988797188 0.149252489 -0.001933284 0.045746427 -0.117422089 0.769794047 -0.627398670 -1.589940667 -0.092152596 0.620597064 0.778695762 5.869927406
0.988882780 0.148695707 0.000647044 0.029731411 -0.115670204 0.771970391 -0.625045598 -2.015389204 -0.093441114 0.618021965 0.780587971 6.384809017
0.995105445 0.098811448 0.001176737 0.021761831 -0.075948015 0.772363544 -0.630623817 -2.382682323 -0.063221715 0.627447784 0.776087761 6.875851154
0.995047688 0.099374957 0.002158734 0.024463534 -0.075733773 0.772035301 -0.631051362 -2.761970520 -0.064377330 0.627762675 0.775738060 7.322369099
0.994943380 0.100387082 0.003177998 0.019503128 -0.075710855 0.770415723 -0.633030355 -3.124840260 -0.065996453 0.629588783 0.774120331 7.742968559
0.994938314 0.100407600 0.003982017 0.014479566 -0.075012594 0.768499970 -0.635437548 -3.466298103 -0.066862926 0.631922483 0.772141993 8.144907951
0.995123625 0.098491274 0.005329882 0.021405812 -0.072595976 0.767925680 -0.636411786 -3.797220707 -0.066773959 0.632921517 0.771331012 8.519852638
0.995488703 0.094608858 0.007167145 0.023009159 -0.068243593 0.766451955 -0.638665974 -4.103347778 -0.065916732 0.635295689 0.769450724 8.885843277
0.995651901 0.092732325 0.008814599 0.034166180 -0.065659069 0.765780985 -0.639740825 -4.388897419 -0.066074714 0.636380613 0.768540084 9.213123322
0.995246470 0.096805401 0.010631646 0.030952737 -0.067503273 0.764412284 -0.641184151 -4.662397385 -0.070197061 0.637418687 0.767313361 9.515636444
0.994734228 0.101546861 0.013858761 0.025134906 -0.069015026 0.763664544 -0.641913772 -4.931814671 -0.075767778 0.637577176 0.766651452 9.823385239
0.994662821 0.101712182 0.017335422 0.030951947 -0.066991501 0.764412522 -0.641237497 -5.165722847 -0.078473084 0.636653721 0.767146647 10.088819504
0.995007396 0.097682834 0.020452837 0.044494420 -0.061908949 0.764866710 -0.641206741 -5.376621246 -0.078278594 0.636739194 0.767095566 10.333890915
0.995399237 0.093030758 0.022925152 0.059102476 -0.056721728 0.764994562 -0.641533852 -5.565567493 -0.077220023 0.637282014 0.766751945 10.553434372
0.995653450 0.089593008 0.025442390 0.072813377 -0.052550413 0.765953481 -0.640744686 -5.739294052 -0.076893933 0.636622608 0.767332375 10.753052711
0.995613933 0.089215957 0.028168179 0.080638915 -0.050600037 0.766733170 -0.639968574 -5.893262863 -0.078692891 0.635736227 0.767884612 10.923192978
0.995496452 0.089941017 0.029958570 0.089362979 -0.049930327 0.766087830 -0.640793562 -6.029253006 -0.080584526 0.636411846 0.767128348 11.077213287
0.995354891 0.090818278 0.031947732 0.094298303 -0.049226955 0.765290380 -0.641800046 -6.148710251 -0.082736470 0.637246132 0.766206205 11.205380440
0.998830140 -0.034623712 0.033755425 0.106862187 0.048226219 0.764245391 -0.643119872 -6.259504795 -0.003530243 0.643995464 0.765021145 11.375418663
0.998873115 -0.031557236 0.035447970 0.108181953 0.046973825 0.763975918 -0.643532634 -6.373621464 -0.006773294 0.644472539 0.764597416 11.503969193
0.998851776 -0.030412687 0.037015762 0.111177832 0.047116723 0.763413012 -0.644189835 -6.484617233 -0.008666776 0.645194292 0.763969362 11.611572266
0.998757184 -0.031342193 0.038751300 0.122866869 0.048963867 0.762163520 -0.645530283 -6.585424423 -0.009302490 0.646625400 0.762750983 11.727008820
0.998649299 -0.032549050 0.040498324 0.129768968 0.051029585 0.761074662 -0.646653891 -6.672718525 -0.009774274 0.647847176 0.761707664 11.830426216
0.998558104 -0.033107948 0.042255644 0.135775387 0.052610368 0.760019779 -0.647766948 -6.768196106 -0.010668880 0.649056077 0.760665834 11.946969032
0.998535335 -0.032578334 0.043192327 0.143013149 0.052823465 0.759569883 -0.648277223 -6.846019745 -0.011687797 0.649609447 0.760178208 12.022285461
0.998499215 -0.031449772 0.044832561 0.148360401 0.053060651 0.758154392 -0.649912834 -6.935799599 -0.013550397 0.651316404 0.758685231 12.127735138
0.998466551 -0.031750292 0.045348000 0.158653229 0.053649005 0.756963193 -0.651251554 -7.016367912 -0.013649354 0.652685761 0.757505834 12.211422920
0.998393416 -0.032709282 0.046267763 0.162916541 0.055003900 0.755575240 -0.652748704 -7.098465919 -0.013607823 0.654244840 0.756160617 12.299215317
0.998382151 -0.033471227 0.045965068 0.170671821 0.055405162 0.754382908 -0.654092371 -7.186789513 -0.012781982 0.655580819 0.755016863 12.398084641
0.998439968 -0.034154963 0.044170484 0.168122977 0.054760877 0.753451705 -0.655218780 -7.267862320 -0.010901356 0.656615674 0.754146695 12.487071037
0.998589218 -0.033901673 0.040869538 0.173726857 0.052408345 0.753088593 -0.655828416 -7.355705261 -0.008544721 0.657045066 0.753802896 12.584135056
0.998757780 -0.033407379 0.036973897 0.174710304 0.049486954 0.751990259 -0.657313943 -7.435443878 -0.005844896 0.658327103 0.752709329 12.679119110
0.998945951 -0.033486981 0.031392813 0.171613514 0.045874562 0.751504540 -0.658130944 -7.524208546 -0.001553026 0.658877373 0.752248824 12.773083687
0.989502549 0.142833099 0.021986637 0.150680155 -0.094170094 0.752684712 -0.651611567 -7.602092743 -0.109620713 0.642700851 0.758234024 12.878372192
0.989583492 0.143168911 0.015071598 0.145857766 -0.098876201 0.752034068 -0.651665747 -7.687444210 -0.104632616 0.643387496 0.758356512 12.984147072
0.989713013 0.142920911 0.006458197 0.142209053 -0.104256526 0.751407743 -0.651549757 -7.766575813 -0.097972833 0.644173801 0.758578420 13.074604988
0.989850998 0.142071471 -0.003248636 0.124184616 -0.109896116 0.750782788 -0.651343346 -7.848737717 -0.090098262 0.645089805 0.758776188 13.173449516
0.989980280 0.140216738 -0.016678285 0.119971573 -0.117171742 0.749817789 -0.651186526 -7.946884632 -0.078801587 0.646616042 0.758734345 13.289225578
0.989683628 0.139424801 -0.032968394 0.101533949 -0.127131492 0.748534799 -0.650794208 -8.043988228 -0.066058867 0.648271680 0.758538067 13.412782669
0.998420060 0.024287991 -0.050670467 0.095625103 -0.051829703 0.746381462 -0.663497090 -8.200944901 0.021704504 0.665075004 0.746461093 13.526160240
0.997049034 0.025029913 -0.072573617 0.059335113 -0.066930145 0.746441722 -0.662076354 -8.320220947 0.037600286 0.664979815 0.745914221 13.665622711
0.994898081 -0.035668541 -0.094369091 0.019900680 -0.036228053 0.746703565 -0.664169610 -8.458881378 0.094155706 0.664199889 0.741601765 13.826286316
0.992053747 -0.034329023 -0.121040657 -0.034728169 -0.054910965 0.747452974 -0.662041485 -8.601029396 0.113199420 0.663427055 0.739628434 13.986017227
0.982734144 -0.107130922 -0.150852710 -0.079118490 -0.020708777 0.746507645 -0.665054381 -8.726312637 0.183860600 0.656695724 0.731400132 14.201832771
0.977116466 -0.107052341 -0.183801904 -0.159033060 -0.042492330 0.748456597 -0.661821067 -8.885054588 0.208417222 0.654486477 0.726780415 14.378877640
0.969433665 -0.106182478 -0.221186399 -0.235786676 -0.067563571 0.751116514 -0.656703293 -9.069425583 0.235867128 0.651574373 0.720983684 14.564868927
0.959540009 -0.104900494 -0.261301965 -0.339862347 -0.094505802 0.754195571 -0.649813771 -9.243123055 0.265238583 0.648216724 0.713767111 14.752923965
0.930218220 -0.210978866 -0.300303131 -0.448174477 -0.041950062 0.751762986 -0.658097684 -9.367324829 0.364601523 0.624772251 0.690452993 15.048279762
0.916517019 -0.207209438 -0.342141569 -0.584408760 -0.073160365 0.754094958 -0.652677953 -9.561784744 0.393248260 0.623221636 0.675981224 15.233111382
0.899199069 -0.209856644 -0.383928627 -0.711383343 -0.101855472 0.752965868 -0.650129020 -9.787136078 0.425519109 0.623700678 0.655691147 15.490483284
0.880057275 -0.206668109 -0.427536637 -0.877365589 -0.132833079 0.757248223 -0.639476717 -9.991499901 0.455910802 0.619567156 0.638969421 15.670186996
0.858418822 -0.202296272 -0.471373856 -1.073837757 -0.165574804 0.760479569 -0.627897918 -10.215659142 0.485491574 0.617047012 0.619314849 15.877562523
0.834880412 -0.197035968 -0.513956726 -1.288074970 -0.199414492 0.762029469 -0.616072178 -10.422021866 0.513038516 0.616837025 0.596911669 16.049394608
0.822414339 -0.123825729 -0.555249214 -1.486893654 -0.303112656 0.730563760 -0.611881733 -10.784589767 0.481411636 0.671523452 0.563292980 16.171424866
0.792335212 -0.120043635 -0.598159194 -1.743440628 -0.338115036 0.729701877 -0.594317436 -10.997501373 0.507821977 0.673145413 0.537579954 16.344165802
0.771407068 -0.062869854 -0.633228660 -1.988571167 -0.419803768 0.697560430 -0.580667138 -11.336511612 0.478221714 0.713762462 0.511710048 16.450878143
0.735335112 -0.060007118 -0.675041795 -2.310097694 -0.452966273 0.697376370 -0.555416763 -11.549556732 0.504087150 0.714188635 0.485624135 16.648876190
0.722304702 -0.048941631 -0.689841032 -2.538335800 -0.483646899 0.677248061 -0.554455400 -11.910346031 0.494329423 0.734125197 0.465508968 16.786306381
0.683267713 -0.049327347 -0.728500068 -2.891230583 -0.512874722 0.677727878 -0.526919842 -12.136724472 0.519716382 0.733656466 0.437770635 16.961456299
0.653667569 -0.068608373 -0.753665388 -3.265810013 -0.526275694 0.674441159 -0.517844617 -12.366550446 0.543831408 0.735134125 0.404753298 17.162935257
0.610960722 -0.068750173 -0.788670063 -3.672068596 -0.552397490 0.676593244 -0.486907125 -12.591516495 0.567083716 0.733140469 0.375394493 17.327449799
0.569871843 -0.068214178 -0.818897367 -4.233151436 -0.592019081 0.657029867 -0.466717482 -12.823217392 0.569876790 0.750771999 0.334038705 17.463699341
0.513552725 -0.059499223 -0.855992675 -4.751612663 -0.631859839 0.648712695 -0.424175620 -13.073197365 0.580531418 0.758703947 0.295552969 17.581354141
0.444167733 -0.050343744 -0.894527972 -5.309232235 -0.630835652 0.691403866 -0.352146208 -13.381467819 0.636208475 0.720712245 0.275340647 17.684936523
0.390947819 -0.051291052 -0.918982565 -5.823521614 -0.648655295 0.693005800 -0.314625502 -13.540264130 0.652997732 0.719105124 0.237658873 17.796672821
0.337547541 -0.052546345 -0.939840734 -6.395136833 -0.665453672 0.692844570 -0.277737200 -13.685902596 0.665757477 0.719169974 0.198900804 17.895957947
0.285880983 -0.046658210 -0.957128704 -6.950126648 -0.680626214 0.693208516 -0.237086251 -13.790138245 0.674551725 0.719225228 0.166418329 17.958566666
0.220329240 -0.038300741 -0.974673450 -7.607741833 -0.688154638 0.702068090 -0.183148861 -13.918988228 0.691301823 0.711078942 0.128329307 18.090688705
0.171541393 -0.037195373 -0.984474480 -8.224442482 -0.694230080 0.704459786 -0.147583216 -14.004241943 0.699012160 0.708768427 0.095021889 18.132278442
0.127190292 -0.035639446 -0.991237819 -8.865120888 -0.700079739 0.704716146 -0.115168147 -14.073873520 0.702645719 0.708593667 0.064682603 18.147737503
0.086729713 -0.037207626 -0.995536804 -9.531638145 -0.705656946 0.703098536 -0.087753706 -14.125460625 0.703225553 0.710118353 0.034723729 18.151708603
0.051292371 -0.041611001 -0.997816443 -10.219421387 -0.711328268 0.699778020 -0.065747745 -14.153030396 0.700985849 0.713147402 0.006294197 18.146333694
0.022947755 -0.041541982 -0.998873293 -10.924407959 -0.715372503 0.697264612 -0.045433141 -14.169399261 0.698366344 0.715608954 -0.013717328 18.125186920
-0.004976559 -0.037567809 -0.999281704 -11.676759720 -0.724275351 0.689150095 -0.022301480 -14.226449013 0.689492881 0.723644137 -0.030639036 18.171951294
-0.011060200 -0.031297777 -0.999448895 -12.423893929 -0.717258513 0.696668863 -0.013878816 -14.196921349 0.696719289 0.716709793 -0.030153895 18.059194565
-0.014482873 -0.030243555 -0.999437630 -13.203061104 -0.719019949 0.694908381 -0.010608995 -14.218032837 0.694838524 0.718461871 -0.031809989 18.025211334
-0.030186070 -0.031955309 -0.999033391 -14.025624275 -0.723834157 0.689973950 -0.000198819 -14.255387306 0.689313412 0.723128378 -0.043957949 18.059173584
-0.029288642 -0.036019780 -0.998921812 -14.890885353 -0.718781769 0.695224404 -0.003994000 -14.261123657 0.694618702 0.717889667 -0.046252538 18.017101288
-0.027033333 -0.037584163 -0.998927712 -15.678854942 -0.710015237 0.704148650 -0.007278563 -14.288648605 0.703667223 0.709057152 -0.045720816 17.999549866
-0.021312734 -0.037366074 -0.999074340 -16.539934158 -0.709637403 0.704477906 -0.011209625 -14.305291176 0.704244494 0.708741724 -0.041530713 17.963994980
-0.015098517 -0.038686953 -0.999137282 -17.467704773 -0.711081505 0.702916741 -0.016471641 -14.312237740 0.702947497 0.710219264 -0.038122576 17.902414322
-0.013077384 -0.045076475 -0.998897910 -18.308958054 -0.707867563 0.705983818 -0.022591101 -14.345933914 0.706224144 0.706791997 -0.041140597 17.875494003
-0.009869486 -0.056277514 -0.998366296 -19.319940567 -0.709705472 0.703741312 -0.032653719 -14.362486839 0.704429328 0.708223760 -0.046886023 17.834932327
-0.009402748 -0.063810490 -0.997917712 -20.181127548 -0.714712441 0.698389590 -0.037923276 -14.406921387 0.699355245 0.712867677 -0.052172929 17.778259277
-0.009942072 -0.066965535 -0.997705698 -21.196081161 -0.718720913 0.694179654 -0.039431002 -14.426606178 0.695227504 0.716679990 -0.055031121 17.716308594
-0.013053052 -0.060318004 -0.998093843 -22.134483337 -0.725269079 0.687717915 -0.032075938 -14.462591171 0.688341796 0.723467946 -0.052723613 17.650434494
-0.017077340 -0.052568607 -0.998471200 -23.227272034 -0.729168713 0.683929205 -0.023536934 -14.476411819 0.684120953 0.727652073 -0.050011072 17.580276489
-0.035782967 -0.040795896 -0.998526573 -24.200725555 -0.755415797 0.655245662 0.000300122 -14.544282913 0.654267967 0.754313350 -0.054264497 17.544897079
-0.036423557 -0.031096136 -0.998852491 -25.306371689 -0.756462991 0.653996587 0.007224599 -14.531848907 0.653021395 0.755858183 -0.047343954 17.466644287
-0.037213314 -0.023195658 -0.999038100 -26.441312790 -0.755605102 0.654899597 0.012940192 -14.522081375 0.653969467 0.755359888 -0.041897736 17.393104553
-0.049143061 -0.020203955 -0.998587489 -27.396289825 -0.763486803 0.645357847 0.024515940 -14.609239578 0.643950999 0.763613164 -0.047140319 17.397211075
-0.050633516 -0.023374910 -0.998443723 -28.507682800 -0.764720559 0.643925846 0.023705671 -14.582902908 0.642369688 0.764730632 -0.050479505 17.327667236
-0.040998101 -0.030628316 -0.998689592 -29.494335175 -0.743232191 0.668958902 0.009995113 -14.549664497 0.667776227 0.742668092 -0.050189998 17.253673553
-0.045719873 -0.035783377 -0.998313129 -30.628192902 -0.743302703 0.668879509 0.010065915 -14.539459229 0.667391002 0.742509127 -0.057178963 17.180887222
-0.064223744 -0.037285089 -0.997238874 -31.632192612 -0.764457524 0.644183576 0.025147308 -14.535504341 0.641467273 0.763961613 -0.069874749 17.097749710
-0.070107423 -0.039346743 -0.996763229 -32.777721405 -0.765380859 0.642948449 0.028453045 -14.490269661 0.639747739 0.764898121 -0.075190708 16.995450974
-0.100144856 -0.026580337 -0.994617701 -33.868759155 -0.777242899 0.626185536 0.061523773 -14.634275436 0.621179938 0.779220879 -0.083368644 16.932641983
-0.105835281 -0.021801252 -0.994144678 -35.026706696 -0.778110266 0.624310315 0.069145627 -14.550543785 0.619147301 0.780872166 -0.083037838 16.808149338
-0.109108604 -0.019994890 -0.993828714 -36.045204163 -0.773822069 0.629263699 0.072294742 -14.486334801 0.623934865 0.776934624 -0.084130585 16.715663910
-0.112866789 -0.018181575 -0.993443787 -37.180919647 -0.776309848 0.625661910 0.076747254 -14.386434555 0.620164573 0.779882431 -0.084731005 16.594036102
-0.119246416 -0.015661120 -0.992741287 -38.212993622 -0.783573389 0.615538359 0.084411040 -14.306961060 0.609748244 0.787951291 -0.085672393 16.495805740
-0.120212056 -0.014730756 -0.992638946 -39.334579468 -0.786050618 0.612135351 0.086109400 -14.200941086 0.606360972 0.790615797 -0.085165173 16.381427765
-0.121756226 -0.015286027 -0.992442310 -40.404418945 -0.787023902 0.610736251 0.087147959 -14.110887527 0.604788244 0.791686535 -0.086391397 16.272703171
-0.122261353 -0.015945831 -0.992369771 -41.520809174 -0.787173092 0.610540688 0.087170377 -13.994224548 0.604492188 0.791824400 -0.087197646 16.128301620
-0.124009036 -0.016779037 -0.992139161 -42.597633362 -0.787679851 0.609747052 0.088141307 -13.921634674 0.603475034 0.792418361 -0.088830657 16.037296295
-0.124221481 -0.017802684 -0.992094755 -43.745460510 -0.789253891 0.607740700 0.087917864 -13.815443039 0.601371229 0.793935895 -0.089545287 15.912207603
-0.125122488 -0.020712961 -0.991925001 -44.812149048 -0.792013288 0.604231477 0.087288089 -13.719443321 0.597544372 0.796539485 -0.092007890 15.802178383
-0.124523148 -0.025566172 -0.991887271 -45.942768097 -0.795094073 0.600593567 0.084336951 -13.614816666 0.593564928 0.799145579 -0.095115319 15.662538528
-0.145458385 -0.013266971 -0.989275396 -47.076496124 -0.785455167 0.609543800 0.107315145 -13.573616028 0.601582944 0.792641342 -0.099083863 15.610183716
-0.143381700 -0.008957656 -0.989626884 -48.236263275 -0.786080897 0.608547509 0.108382717 -13.452828407 0.601264000 0.793466806 -0.094296008 15.476495743
-0.139413476 -0.007805105 -0.990203440 -49.312534332 -0.787773550 0.606752992 0.106130175 -13.361033440 0.599980593 0.794852078 -0.090738192 15.343741417
-0.137296617 -0.008234644 -0.990495682 -50.454093933 -0.787005663 0.608110905 0.104034409 -13.229469299 0.601474583 0.793809295 -0.089972295 15.215518951
-0.135322243 -0.009205331 -0.990758896 -51.554275513 -0.786868513 0.608662963 0.101818830 -13.128746033 0.602100909 0.793375492 -0.089609034 15.113650322
-0.130358100 -0.009192982 -0.991424322 -52.720100403 -0.789880812 0.605339646 0.098245010 -13.002901077 0.599245250 0.795914173 -0.086172283 14.988958359
-0.127717912 -0.005894594 -0.991792977 -53.813365936 -0.791432738 0.603295267 0.098330952 -12.883571625 0.597764432 0.797496080 -0.081716776 14.890030861
-0.121169671 -0.007302411 -0.992604911 -54.986347198 -0.794462144 0.600217700 0.092566207 -12.760381699 0.595103204 0.799803197 -0.078529678 14.786026001
-0.115691841 -0.007656179 -0.993255675 -56.089256287 -0.795395732 0.599664390 0.088023327 -12.663354874 0.594946265 0.800215006 -0.075465970 14.675518990
-0.109474987 -0.008862736 -0.993950069 -57.257205963 -0.795825422 0.599906623 0.082304098 -12.555814743 0.595547795 0.800020993 -0.072727956 14.580183983
-0.104314610 -0.009134435 -0.994502425 -58.389976501 -0.794976294 0.601623178 0.077860199 -12.465606689 0.597604513 0.798727810 -0.070019744 14.482914925
-0.098063625 -0.008955545 -0.995139956 -59.573982239 -0.794309258 0.603130341 0.072845541 -12.359477043 0.599546671 0.797592402 -0.066258617 14.387306213
-0.098885342 0.001058418 -0.995098293 -60.699077606 -0.778045714 0.623349071 0.077979319 -12.254563332 0.620376110 0.781942964 -0.060816593 14.309829712
-0.092861488 0.000906344 -0.995678663 -61.886489868 -0.779127419 0.622573376 0.073231667 -12.146299362 0.619949281 0.782561004 -0.057106927 14.247055054
-0.091661222 0.007632262 -0.995760977 -63.028484344 -0.764556348 0.640145063 0.075285062 -12.083349228 0.638006091 0.768216133 -0.052841187 14.160332680
-0.086138248 0.004428035 -0.996273220 -64.211715698 -0.764317155 0.641145408 0.068932831 -12.007535934 0.639061391 0.767406523 -0.051842708 14.051681519
-0.084312364 0.005966686 -0.996421516 -65.367195129 -0.746900439 0.661535501 0.067160457 -11.946868896 0.659568906 0.749890149 -0.051319096 14.001023293
-0.079556689 0.004785106 -0.996818841 -66.559059143 -0.747340739 0.661464572 0.062820978 -11.851495743 0.659660816 0.749961197 -0.049047828 13.925832748
-0.076958001 0.007686973 -0.997004628 -67.710723877 -0.746663451 0.662236571 0.062740251 -11.802214622 0.660735190 0.749255419 -0.045224827 13.855457306
-0.074313015 0.006761548 -0.997212052 -68.893577576 -0.747552574 0.661469460 0.060193270 -11.726865768 0.660032332 0.749941647 -0.044101179 13.785163879
-0.069507226 0.017281214 -0.997431695 -70.068405151 -0.718416333 0.692838788 0.062067624 -11.668874741 0.692131996 0.720885396 -0.035742197 13.727679253
-0.068310730 0.018459206 -0.997493267 -71.248405457 -0.718818903 0.692423582 0.062040146 -11.604833603 0.691833079 0.721255004 -0.034031138 13.662680626
-0.064174078 0.023852341 -0.997653604 -72.425781250 -0.707391262 0.704068124 0.062336113 -11.543848038 0.703903019 0.709731758 -0.028309977 13.596003532
-0.062631145 0.022097150 -0.997792065 -73.618522644 -0.707459509 0.704202235 0.060002338 -11.475778580 0.703973293 0.709655523 -0.028472148 13.533056259
-0.060576122 0.025714301 -0.997832298 -74.823959351 -0.691045642 0.720273614 0.060513373 -11.420957565 0.720268309 0.693213344 -0.025861621 13.512544632
-0.061160665 0.024047276 -0.997838199 -76.018341064 -0.696253300 0.715291321 0.059913643 -11.361297607 0.715185821 0.698412478 -0.027004698 13.463990211
-0.060222279 0.024631735 -0.997880995 -77.209617615 -0.694830298 0.716697872 0.059624117 -11.289931297 0.716647863 0.696948528 -0.026046302 13.407598495
-0.056238875 0.035238829 -0.997795284 -78.416244507 -0.679531813 0.730839550 0.064111367 -11.220773697 0.731487453 0.681639016 -0.017155685 13.368690491
-0.054984603 0.038463410 -0.997746110 -79.614074707 -0.681613028 0.728761137 0.065656856 -11.136995316 0.729643941 0.683686912 -0.013853477 13.310748100
-0.053893656 0.038578052 -0.997801185 -80.829063416 -0.681227803 0.729181349 0.064987145 -11.039180756 0.730085015 0.683232129 -0.013017804 13.277380943
-0.052860599 0.036862891 -0.997921288 -82.009330750 -0.682227731 0.728416562 0.063045561 -10.973171234 0.729226351 0.684142172 -0.013355650 13.230203629
-0.053292166 0.033971250 -0.998000920 -83.216545105 -0.681899548 0.728878915 0.061223231 -10.900682449 0.729501903 0.683799148 -0.015678572 13.205772400
-0.052949104 0.035391614 -0.997969866 -84.409309387 -0.681439817 0.729241848 0.062016577 -10.837450027 0.729956269 0.683340132 -0.014495448 13.156653404
-0.053187449 0.036685504 -0.997910440 -85.611106873 -0.680559039 0.729970336 0.063108400 -10.773692131 0.730760217 0.682493567 -0.013858603 13.128911972
-0.053520855 0.039989188 -0.997765720 -86.806091309 -0.680584371 0.729713261 0.065753013 -10.701221466 0.730712295 0.682582915 -0.011838862 13.094917297
-0.053389352 0.042488012 -0.997669458 -87.990982056 -0.680837393 0.729318142 0.067494042 -10.639686584 0.730486155 0.682854176 -0.010010397 13.064819336
-0.053024538 0.042514805 -0.997687757 -89.175933838 -0.681863964 0.728378415 0.067277953 -10.564727783 0.729554594 0.683854818 -0.009632607 13.029417038
-0.052861523 0.041543726 -0.997737288 -90.352973938 -0.682376981 0.727972627 0.066464558 -10.497264862 0.729086637 0.684346378 -0.010133260 12.990553856
-0.052738298 0.039873879 -0.997811913 -91.530838013 -0.681202531 0.729190946 0.065143660 -10.434896469 0.730193019 0.683147609 -0.011294102 12.964372635
-0.052563541 0.041493665 -0.997755110 -92.709831238 -0.680149436 0.730078876 0.066193298 -10.371112823 0.731186569 0.682101965 -0.010153639 12.929766655
-0.052595075 0.044398539 -0.997628391 -93.889465332 -0.678198516 0.731696367 0.068318151 -10.309474945 0.732994199 0.680183232 -0.008372599 12.906311035
-0.052855395 0.047389966 -0.997476995 -95.055015564 -0.677353442 0.732254386 0.070681594 -10.246066093 0.733756542 0.679380417 -0.006603834 12.882438660
-0.052907445 0.049105946 -0.997391224 -96.235588074 -0.678460836 0.731101274 0.071984842 -10.163600922 0.732728899 0.680499494 -0.005364242 12.873018265
-0.051194653 0.051151134 -0.997377872 -97.408866882 -0.680461287 0.729206085 0.072325327 -10.087747574 0.730993509 0.682379723 -0.002525084 12.841076851
-0.051025789 0.050388381 -0.997425377 -98.577697754 -0.681538880 0.728264928 0.071656659 -10.016330719 0.730000734 0.683440566 -0.002818653 12.813979149
-0.051712304 0.046159141 -0.997594714 -99.743057251 -0.683380246 0.726789415 0.069053240 -9.940658569 0.728228867 0.685307562 -0.006039715 12.781367302
-0.050311089 0.044585239 -0.997737885 -100.905693054 -0.684515655 0.725916743 0.066955358 -9.870750427 0.727259994 0.686335921 -0.006002368 12.756279945
-0.050037812 0.042647727 -0.997836351 -102.080329895 -0.684455216 0.726119280 0.065357402 -9.797178268 0.727335632 0.686244845 -0.007142955 12.730891228
-0.050797511 0.043152865 -0.997776270 -103.244483948 -0.683283210 0.727142990 0.066234678 -9.736336708 0.728384256 0.685128331 -0.007451426 12.715188026
-0.050345019 0.045534004 -0.997693241 -104.407913208 -0.683495522 0.726812065 0.067661338 -9.673589706 0.728216469 0.685325384 -0.005469085 12.680990219
-0.050156772 0.048875932 -0.997544706 -105.590377808 -0.683090389 0.726974785 0.069964983 -9.615477562 0.728609502 0.684922397 -0.003076028 12.660126686
-0.051063474 0.047248103 -0.997577190 -106.764839172 -0.685903966 0.724373400 0.069418103 -9.539024353 0.725898266 0.687786877 -0.004581368 12.642345428
-0.051100671 0.048856173 -0.997497797 -107.916053772 -0.688095033 0.722175777 0.070621565 -9.475482941 0.723819137 0.689981997 -0.003285974 12.612916946
-0.051861059 0.046616722 -0.997565687 -109.093093872 -0.689938128 0.720520496 0.069538504 -9.386838913 0.722008169 0.691864967 -0.005204305 12.582383156
-0.052038155 0.042346317 -0.997746885 -110.287269592 -0.690418601 0.720339477 0.066581853 -9.310388565 0.721535921 0.692327797 -0.008248450 12.558978081
-0.052144341 0.039958410 -0.997839928 -111.460304260 -0.690427482 0.720481634 0.064931460 -9.265896797 0.721519828 0.692321837 -0.009980659 12.540545464
-0.053206451 0.039355159 -0.997807741 -112.650451660 -0.688595712 0.722208083 0.065203294 -9.187439919 0.723190904 0.690555334 -0.011326340 12.516768456
-0.053633302 0.038916655 -0.997802079 -113.853126526 -0.685347557 0.725297868 0.065126769 -9.120798111 0.726238370 0.687334299 -0.012228686 12.490737915
-0.053932033 0.040740974 -0.997713029 -115.075866699 -0.684582710 0.725881934 0.066646472 -9.053759575 0.726937175 0.686611533 -0.011257720 12.457156181
-0.054768786 0.044722356 -0.997496963 -116.309654236 -0.683993042 0.726111591 0.070110366 -8.982497215 0.727429688 0.686120868 -0.009178462 12.430366516
-0.055436425 0.044981863 -0.997448444 -117.516036987 -0.682647169 0.727316082 0.070740052 -8.909485817 0.728642344 0.684826910 -0.009613062 12.404080391
-0.055928443 0.040641997 -0.997607172 -118.779876709 -0.682341397 0.727872908 0.067906983 -8.827484131 0.728891075 0.684506655 -0.012977091 12.367307663
-0.057237100 0.036608353 -0.997689188 -119.997192383 -0.681263328 0.729071915 0.065835804 -8.777723312 0.729797363 0.683457315 -0.016790040 12.329845428
-0.058380064 0.035056800 -0.997678697 -121.235939026 -0.680511832 0.729806602 0.065464996 -8.706037521 0.730407596 0.682754040 -0.018749591 12.296521187
-0.057163481 0.035156555 -0.997745752 -122.465232849 -0.680023074 0.730330944 0.064694256 -8.620897293 0.730958939 0.682188213 -0.017840991 12.243703842
-0.057851959 0.039363358 -0.997548819 -123.748840332 -0.683379054 0.726860523 0.068313941 -8.534650803 0.727768004 0.685656071 -0.015150214 12.204686165
-0.057228222 0.042581126 -0.997452557 -125.015144348 -0.686770678 0.723467827 0.070287779 -8.446202278 0.724617839 0.689043641 -0.012159307 12.154390335
-0.057582162 0.042582642 -0.997432232 -126.294960022 -0.692014813 0.718420625 0.070621297 -8.366899490 0.719583154 0.694304347 -0.011900390 12.107884407
-0.056887370 0.039889127 -0.997583449 -127.542205811 -0.694563448 0.716187298 0.068244912 -8.272393227 0.717178822 0.696767271 -0.013036476 12.069493294
-0.057927433 0.038655911 -0.997572184 -128.809677124 -0.696401238 0.714412093 0.068122379 -8.192003250 0.715310872 0.698656619 -0.014464038 12.031797409
-0.058841024 0.038529284 -0.997523546 -130.064178467 -0.696891129 0.713880658 0.068681188 -8.124794006 0.714758992 0.699206591 -0.015154752 11.984901428
-0.058483746 0.037015408 -0.997601867 -131.342178345 -0.694481194 0.716357112 0.067293487 -8.033481598 0.717130065 0.696751297 -0.016188739 11.948635101
-0.059385531 0.037768375 -0.997520328 -132.592483521 -0.694480121 0.716247320 0.068463326 -7.964097977 0.717056990 0.696823776 -0.016305348 11.915322304
-0.059823181 0.041515376 -0.997345269 -133.862533569 -0.693131924 0.717262506 0.071432389 -7.880765915 0.718323946 0.695565224 -0.014133294 11.886215210
-0.060352717 0.046084501 -0.997112751 -135.125015259 -0.692297876 0.717696011 0.075073481 -7.809006691 0.719083607 0.694829881 -0.011410712 11.840927124
-0.061198816 0.044818319 -0.997118831 -136.371276855 -0.692811370 0.717233181 0.074759804 -7.724587440 0.718517423 0.695390463 -0.012843179 11.809360504
-0.059265446 0.043018132 -0.997314930 -137.651916504 -0.692372322 0.717928112 0.072111301 -7.633120537 0.719102383 0.694786787 -0.012763767 11.766342163
-0.058163043 0.042739935 -0.997391820 -138.908401489 -0.692061901 0.718324065 0.071139097 -7.550230980 0.719491065 0.694394469 -0.012201229 11.731841087
-0.057840776 0.042018156 -0.997441113 -140.140167236 -0.691477656 0.718960643 0.070385113 -7.479899406 0.720078528 0.693779528 -0.012530627 11.698532104
-0.057103481 0.044602100 -0.997371495 -141.398590088 -0.691504359 0.718801558 0.071735926 -7.404158592 0.720111728 0.693783104 -0.010203520 11.657674789
-0.056708455 0.048351422 -0.997219265 -142.644058228 -0.692141175 0.717941105 0.074169978 -7.328433990 0.719530880 0.694422603 -0.007247324 11.630046844
-0.056320135 0.048794471 -0.997219682 -143.927963257 -0.693105519 0.717004001 0.074228019 -7.229090691 0.718632460 0.695359170 -0.006562036 11.612710953
-0.055480089 0.045995694 -0.997399747 -145.187057495 -0.694831371 0.715594709 0.071649872 -7.150965691 0.717029572 0.696999788 -0.007742006 11.578497887
-0.055674989 0.043130156 -0.997516930 -146.439346313 -0.693640709 0.716939867 0.069713257 -7.070874214 0.718166411 0.695799589 -0.009998785 11.551161766
-0.055465795 0.042093743 -0.997572899 -147.657852173 -0.691379309 0.719209671 0.068789095 -6.999361038 0.720359743 0.693516672 -0.010788795 11.511543274
-0.055997796 0.042171039 -0.997539937 -148.904037476 -0.690312922 0.720194161 0.069197565 -6.942323685 0.721340597 0.692489684 -0.011218076 11.476480484
-0.055498049 0.043652043 -0.997504115 -150.145767212 -0.688077271 0.722263873 0.069889680 -6.860116959 0.723511994 0.690238655 -0.010048253 11.441714287
-0.056003209 0.042435206 -0.997528374 -151.362930298 -0.686221659 0.724081039 0.069328494 -6.782872200 0.725233257 0.688408256 -0.011430901 11.406705856
-0.055451438 0.042504098 -0.997556269 -152.607040405 -0.686028600 0.724295795 0.068995416 -6.705916405 0.725458443 0.688178003 -0.011004219 11.374788284
-0.056142341 0.045667052 -0.997377872 -153.829544067 -0.684238732 0.725720406 0.071744405 -6.636779785 0.727093875 0.686472356 -0.009496469 11.340639114
-0.055667371 0.047800865 -0.997304440 -155.084701538 -0.681183934 0.728469908 0.072937816 -6.546623230 0.729992747 0.683408022 -0.007990826 11.321243286
-0.055466942 0.046145551 -0.997393668 -156.313201904 -0.679714799 0.729975998 0.071573392 -6.458899498 0.731376112 0.681913137 -0.009123720 11.292542458
-0.056328226 0.047853544 -0.997264862 -157.549255371 -0.679531753 0.729964316 0.073408976 -6.389582634 0.731480539 0.681807995 -0.008599598 11.275380135
-0.056508809 0.052167542 -0.997038245 -158.781982422 -0.679972768 0.729215622 0.076692976 -6.310891151 0.731056690 0.682292640 -0.005734603 11.258374214
-0.055974443 0.058706652 -0.996704876 -160.012619019 -0.683692336 0.725248456 0.081113495 -6.219821930 0.727620542 0.685979724 -0.000458082 11.221924782
-0.054080326 0.058484901 -0.996822357 -161.245574951 -0.687170327 0.722117007 0.079648443 -6.120457649 0.724480629 0.689294219 0.001136766 11.191946030
-0.052885551 0.054771561 -0.997097373 -162.457061768 -0.690111339 0.719687164 0.076136298 -6.033004761 0.721768320 0.692134678 -0.000262582 11.160243034
-0.051359694 0.049218837 -0.997466624 -163.670684814 -0.691219449 0.719141066 0.071076170 -5.954642296 0.720817506 0.693118811 -0.002913850 11.136286736
-0.050409529 0.049694914 -0.997491479 -164.890014648 -0.691659868 0.718748510 0.070761904 -5.888034821 0.720462024 0.693491936 -0.001859796 11.101278305
-0.049425349 0.046734743 -0.997683823 -166.093109131 -0.687992454 0.722531617 0.067928940 -5.819908142 0.724032819 0.689756274 -0.003558228 11.086082458
-0.049112804 0.042436391 -0.997891247 -167.309585571 -0.685434937 0.725264549 0.064577408 -5.748810768 0.726475656 0.687161148 -0.006532393 11.060258865
-0.049309466 0.039180599 -0.998014688 -168.517715454 -0.681090236 0.729544878 0.062291868 -5.681265831 0.730537236 0.682809651 -0.009287946 11.040095329
-0.050317153 0.042874973 -0.997812688 -169.730163574 -0.678738892 0.731438875 0.065656252 -5.620333672 0.732653856 0.680557907 -0.007703006 11.020878792
-0.049562450 0.049632523 -0.997537076 -170.945449829 -0.679007947 0.730776787 0.070096225 -5.550728798 0.732455969 0.680809736 -0.002518209 10.987573624
-0.048123602 0.052459605 -0.997462809 -172.157989502 -0.680528700 0.729255140 0.071186550 -5.471380234 0.731139362 0.682227790 0.000605879 10.969928741
-0.046034295 0.049114224 -0.997731686 -173.367889404 -0.681192815 0.729002714 0.067315318 -5.393483162 0.730655313 0.682746530 -0.000102880 10.944521904
-0.045083970 0.049257211 -0.997768044 -174.568954468 -0.682770550 0.727575541 0.066769361 -5.319067001 0.729240537 0.684256852 0.000829376 10.922482491
-0.044141654 0.050416961 -0.997752249 -175.778121948 -0.681656718 0.728600442 0.066973805 -5.246412277 0.730339408 0.683080912 0.002205431 10.899403572
-0.043587226 0.048294153 -0.997881651 -176.964920044 -0.681823969 0.728618741 0.065044612 -5.174455643 0.730216563 0.683214784 0.001169641 10.882523537
-0.040443636 0.048452038 -0.998006463 -178.131088257 -0.681721032 0.728893518 0.063013285 -5.104396820 0.730493486 0.682910442 0.003551666 10.859435081
-0.038670752 0.050403789 -0.997979999 -179.280303955 -0.682427168 0.728214324 0.063222446 -5.041810036 0.729929864 0.683493555 0.006236317 10.840883255
-0.037207168 0.052180558 -0.997944236 -180.401000977 -0.682397604 0.728216171 0.063519388 -4.984962463 0.730033696 0.683358133 0.008513019 10.825355530
-0.036109053 0.053909920 -0.997892737 -181.484039307 -0.683102727 0.727510750 0.064021148 -4.926931381 0.729429066 0.683974981 0.010556298 10.804286957
-0.035826039 0.055025648 -0.997842014 -182.548400879 -0.683222234 0.727343976 0.064639211 -4.873558998 0.729331076 0.684063613 0.011536895 10.794686317
-0.035852466 0.055997644 -0.997786999 -183.603530884 -0.682702661 0.727765918 0.065374427 -4.816843033 0.729816198 0.683535695 0.012137534 10.781549454
-0.035505921 0.055055026 -0.997851849 -184.612731934 -0.683051884 0.727521002 0.064444520 -4.764501572 0.729506314 0.683872879 0.011774130 10.773965836
-0.033992853 0.054868665 -0.997914791 -185.589431763 -0.683896899 0.726830900 0.063259758 -4.712995529 0.728786290 0.684621155 0.012817456 10.768544197
-0.032527272 0.055586789 -0.997923851 -186.538970947 -0.684469342 0.726334453 0.062768832 -4.665931702 0.728315592 0.685090005 0.014421770 10.765900612
-0.032625586 0.053829379 -0.998017013 -187.481277466 -0.683438301 0.727406681 0.061575525 -4.623257637 0.729278743 0.684092045 0.013056995 10.753883362
-0.035961527 0.051269520 -0.998037279 -188.393981934 -0.681450129 0.729232371 0.062015112 -4.587442398 0.730980515 0.682342708 0.008713307 10.744986534
-0.041030169 0.047883224 -0.998009920 -189.311889648 -0.681383431 0.729210258 0.062999599 -4.546273232 0.730775714 0.682612300 0.002707217 10.732230186
-0.045469772 0.043832283 -0.998003602 -190.241668701 -0.682182372 0.728456497 0.063074507 -4.481249809 0.729766905 0.683688462 -0.003221130 10.718889236
-0.049390882 0.042496871 -0.997875035 -191.150436401 -0.683968008 0.726628363 0.064798921 -4.421683311 0.727838159 0.685715139 -0.006822317 10.708131790
-0.052043483 0.043519404 -0.997696102 -192.080596924 -0.685020626 0.725401342 0.067375116 -4.362985611 0.726662397 0.686949015 -0.007940724 10.671175003
-0.053929716 0.045304701 -0.997516394 -192.988082886 -0.684199989 0.725931048 0.069960542 -4.309345245 0.727297783 0.686273694 -0.008151783 10.648251534
-0.055120323 0.047674455 -0.997340858 -193.917770386 -0.681037247 0.728653789 0.072469868 -4.253796577 0.730171144 0.683220923 -0.007695555 10.634194374
-0.056951884 0.048503250 -0.997198045 -194.818969727 -0.679791570 0.729630709 0.074313089 -4.208274841 0.731190801 0.682118952 -0.008581757 10.611013412
-0.057959490 0.048050862 -0.997161865 -195.735061646 -0.679338455 0.730016768 0.074663952 -4.146455765 0.731532574 0.681737840 -0.009668596 10.595570564
-0.058776118 0.046712149 -0.997177660 -196.627487183 -0.680215359 0.729241610 0.074254431 -4.086926460 0.730651855 0.682659984 -0.011087668 10.573983192
-0.058364831 0.045931928 -0.997238040 -197.527557373 -0.682920218 0.726791501 0.073444314 -4.019735336 0.728157520 0.685320675 -0.011051215 10.539936066
-0.057291955 0.044161942 -0.997380197 -198.435516357 -0.685252011 0.724792361 0.071454853 -3.955288887 0.726049066 0.687550604 -0.011262705 10.507007599
-0.054620139 0.042718075 -0.997592986 -199.341583252 -0.684294105 0.725976586 0.068553559 -3.897898674 0.727157652 0.686391413 -0.010421208 10.489376068
-0.054048475 0.040852278 -0.997702241 -200.241744995 -0.684051514 0.726368546 0.066799231 -3.849020004 0.727428496 0.686090231 -0.011314048 10.460187912
-0.051576328 0.040877827 -0.997832119 -201.170761108 -0.683299959 0.727228820 0.065110795 -3.778779984 0.728313863 0.685176790 -0.009575982 10.452684402
-0.050625108 0.043630190 -0.997764349 -202.095916748 -0.681507289 0.728788495 0.066447124 -3.722410202 0.730058193 0.683347464 -0.007160706 10.431388855
-0.050645448 0.045700893 -0.997670531 -203.032623291 -0.680996299 0.729125500 0.067969397 -3.674352646 0.730533421 0.682852387 -0.005804744 10.402811050
-0.049961790 0.042376410 -0.997851729 -203.967742920 -0.677385509 0.732747853 0.065034337 -3.627031326 0.733929634 0.679179490 -0.007904231 10.387750626
-0.049599707 0.039200772 -0.997999549 -204.903869629 -0.676349342 0.733929574 0.062442236 -3.570985794 0.734909177 0.678093374 -0.009889267 10.368018150
-0.045665227 0.041662134 -0.998087645 -205.874221802 -0.677975774 0.732499063 0.061595183 -3.504420280 0.733664453 0.679491997 -0.005203816 10.363343239
-0.044110719 0.045252778 -0.998001218 -206.834426880 -0.678936839 0.731473565 0.063175879 -3.444313049 0.732870400 0.680366516 -0.001542048 10.344812393
-0.042523999 0.045396961 -0.998063564 -207.800506592 -0.677340031 0.733035922 0.062201254 -3.394967079 0.734440029 0.678673387 -0.000422431 10.331008911
-0.037091065 0.050540552 -0.998033047 -208.778137207 -0.668656051 0.740951240 0.062371939 -3.318831444 0.742646098 0.669654310 0.006311582 10.320539474
-0.039838370 0.053497672 -0.997772992 -209.763824463 -0.663830817 0.744925201 0.066445693 -3.265351295 0.746820927 0.664999545 0.005836803 10.300398827
-0.038263295 0.057050820 -0.997637808 -210.753662109 -0.661762655 0.746616125 0.068077087 -3.204689980 0.748736322 0.662804365 0.009186115 10.302364349
-0.032153163 0.060485695 -0.997651041 -211.774383545 -0.667019129 0.742067933 0.066487454 -3.142964363 0.744346321 0.667590201 0.016485285 10.312813759
-0.030306047 0.060933508 -0.997681677 -212.785659790 -0.669600248 0.739825666 0.065525025 -3.078083038 0.742103159 0.670033574 0.018379897 10.320970535
-0.035119165 0.053812563 -0.997933269 -213.795562744 -0.666512907 0.742783308 0.063509710 -3.025453568 0.744665802 0.667365849 0.009780836 10.261007309
-0.031835701 0.054512810 -0.998005450 -214.814590454 -0.667234480 0.742277145 0.061828811 -2.975878716 0.744167089 0.667872012 0.012741909 10.256366730
