0.999127448 0.001750250 -0.041728735 -0.035544164 -0.001885010 0.999993086 -0.003190292 -0.005193850 0.041722864 0.003266167 0.999123871 0.359976530
0.998492360 0.001540869 -0.054867581 -0.053517137 -0.001761888 0.999990523 -0.003980094 -0.006116266 0.054860923 0.004070763 0.998485744 0.447752774
0.997360528 0.001646387 -0.072588846 -0.016336573 -0.001984567 0.999987483 -0.004586976 -0.000510137 0.072580360 0.004718927 0.997351408 0.137483761
0.995936215 -0.000075850 -0.090060219 -0.086301371 -0.000281975 0.999992132 -0.003960441 -0.007483993 0.090059817 0.003969741 0.995928466 0.652032793
0.993921936 -0.001097810 -0.110083021 -0.109992430 0.000638064 0.999990880 -0.004211492 -0.008848842 0.110086657 0.004115655 0.993913472 0.766921282
0.991311014 -0.001315238 -0.131532341 -0.079889953 0.000730946 0.999989629 -0.004490379 -0.006829530 0.131536931 0.004355218 0.991301656 0.467296511
0.987649262 0.002047348 -0.156667590 -0.094378978 -0.003036067 0.999976873 -0.006071890 -0.009182978 0.156651571 0.006472553 0.987632692 0.622322798
0.983259797 0.006285902 -0.182100922 -0.117882378 -0.007687126 0.999945998 -0.006989966 -0.013596414 0.182047144 0.008272785 0.983254969 0.698060811
0.977949083 0.009109151 -0.208644748 -0.276525468 -0.011067620 0.999904931 -0.008221080 -0.026526891 0.208550006 0.010348998 0.977956951 1.262188196
0.971231341 0.009754037 -0.237937778 -0.306101263 -0.012085747 0.999892056 -0.008342813 -0.028104421 0.237830743 0.010978457 0.971244514 1.336665988
0.963144839 0.011584029 -0.268733770 -0.333063960 -0.014407942 0.999859691 -0.008538298 -0.026782209 0.268597156 0.012095517 0.963176548 1.396883011
0.953752577 0.013526772 -0.300288856 -0.271838665 -0.016314717 0.999843955 -0.006778600 -0.021752706 0.300150365 0.011364233 0.953824222 1.089789271
0.942388535 0.015557720 -0.334158659 -0.304543734 -0.018550936 0.999811292 -0.005767934 -0.021695029 0.334005892 0.011634591 0.942499161 1.153203011
0.930057883 0.018247357 -0.366959572 -0.620544434 -0.021743188 0.999749064 -0.005394731 -0.037599981 0.366769046 0.012996282 0.930221260 1.957409382
0.916212142 0.021022482 -0.400141627 -0.666088939 -0.024961485 0.999677718 -0.004634146 -0.038337611 0.399915278 0.014233990 0.916441619 2.025988102
0.900259376 0.021604672 -0.434817612 -0.809492886 -0.025947340 0.999655128 -0.004052540 -0.037918206 0.434580028 0.014930699 0.900509477 2.239679575
0.881978273 0.017307712 -0.470972121 -0.861489296 -0.022098828 0.999745011 -0.004644413 -0.038004223 0.470771641 0.014504204 0.882135808 2.312114954
0.860699117 0.012026480 -0.508971930 -1.015841007 -0.017079165 0.999840260 -0.005256599 -0.039686471 0.508827448 0.013217163 0.860767007 2.522669315
0.835892975 0.013670161 -0.548722267 -1.080221176 -0.017466154 0.999845922 -0.001698083 -0.042792477 0.548614621 0.011003480 0.836003065 2.593078136
0.806884468 0.019154193 -0.590398550 -1.280249000 -0.022374570 0.999747872 0.001855811 -0.047460150 0.590285242 0.011712489 0.807109714 2.788539886
0.774579763 0.022157269 -0.632087946 -1.362550259 -0.025838751 0.999660373 0.003378586 -0.046949338 0.631948233 0.013715379 0.774889231 2.859279156
0.738794327 0.021509921 -0.673587561 -1.594580650 -0.024928177 0.999678731 0.004581754 -0.052772909 0.673469663 0.013406338 0.739093304 3.044662476
0.698519766 0.017037760 -0.715387940 -1.682841778 -0.018775728 0.999808729 0.005478541 -0.052985162 0.715344369 0.009605061 0.698706150 3.116484642
0.656957209 0.013503619 -0.753806829 -1.966967821 -0.013964189 0.999885976 0.005741794 -0.049961470 0.753798544 0.006754189 0.657070875 3.310302496
0.612164319 0.012726636 -0.790628076 -2.077854156 -0.011333133 0.999908864 0.007320429 -0.047884077 0.790649414 0.004478989 0.612252951 3.375457048
0.562367439 0.018278949 -0.826685429 -1.839730263 -0.014284945 0.999821186 0.012389588 -0.025077023 0.826763928 0.004841655 0.562528133 2.751118660
0.510923326 0.018086294 -0.859436035 -1.967354655 -0.012265923 0.999830246 0.013748869 -0.020701773 0.859538674 0.003517158 0.511058509 2.808620453
0.457128584 0.020819893 -0.889156878 -2.284719467 -0.011407702 0.999780893 0.017545324 -0.025351107 0.889327466 0.002122768 0.457265973 2.960529804
0.403053701 0.023481395 -0.914875031 -2.432829380 -0.009516678 0.999724209 0.021466522 -0.027204238 0.915126860 0.000054409 0.403165966 3.001306057
0.346615851 0.025204211 -0.937668502 -2.853544950 -0.009345565 0.999682128 0.023416454 -0.020898335 0.937960565 0.000646526 0.346741259 3.133915901
0.291200995 0.028010003 -0.956251740 -3.019760609 -0.006709067 0.999606431 0.027236855 -0.017575078 0.956638336 -0.001515844 0.291274309 3.167030573
0.237332776 0.030786030 -0.970940471 -3.531482697 -0.001233633 0.999506474 0.031390239 -0.024257690 0.971427619 -0.006252149 0.237253621 3.271777630
0.186575636 0.031183898 -0.981945515 -3.770007610 0.001416585 0.999486506 0.032010112 -0.020215824 0.982439518 -0.007363316 0.186435685 3.292920589
0.138627857 0.032651119 -0.989806116 -4.332650661 -0.000495517 0.999458492 0.032900121 -0.014684558 0.990344405 -0.004070408 0.138568938 3.332334518
0.095212184 0.032423921 -0.994928837 -4.598700523 -0.002001916 0.999473631 0.032380451 -0.003120989 0.995454967 -0.001091250 0.095226988 3.342345953
0.057950739 0.031385597 -0.997825921 -5.191547871 -0.002949261 0.999506652 0.031267185 0.010426253 0.998315096 0.001130892 0.058014717 3.340527058
0.023172650 0.027907599 -0.999341905 -5.495742798 -0.002343291 0.999608994 0.027860731 0.020587221 0.999728739 0.001696142 0.023228992 3.333487511
-0.008010825 0.025720753 -0.999637187 -6.129329205 -0.001085349 0.999668241 0.025730256 0.031565309 0.999967337 0.001291076 -0.007980254 3.306927681
-0.035029944 0.023925159 -0.999099791 -6.475645065 -0.000559007 0.999712706 0.023959437 0.037108064 0.999386072 0.001397801 -0.035006508 3.284875154
-0.055796895 0.021379344 -0.998213232 -7.125575066 -0.001610324 0.999767482 0.021502644 0.055121638 0.998440862 0.002807227 -0.055749495 3.236247540
-0.072309956 0.020464595 -0.997172177 -7.512295723 -0.001352584 0.999786556 0.020616328 0.065889254 0.997381330 0.002839525 -0.072266839 3.201556444
-0.085221857 0.020972991 -0.996141195 -8.204633713 -0.000138042 0.999778152 0.021061374 0.076914549 0.996362031 0.001932398 -0.085200071 3.135426760
-0.094740413 0.022189703 -0.995254636 -8.779194832 -0.001125854 0.999748647 0.022397069 0.081820659 0.995501459 0.003242419 -0.094691589 3.070508957
-0.101785682 0.023442687 -0.994530082 -9.236459732 -0.003005397 0.999710500 0.023872385 0.085174665 0.994801760 0.005418825 -0.101685748 3.020316601
-0.105915979 0.024427481 -0.994074941 -9.961705208 -0.003114980 0.999685109 0.024897231 0.094759256 0.994370222 0.005733538 -0.105806537 2.937391758
-0.107384980 0.025217785 -0.993897557 -10.581113815 -0.000969450 0.999675035 0.025469115 0.107800305 0.994217038 0.003698534 -0.107325651 2.871837616
-0.106385335 0.027560700 -0.993942916 -11.088585854 0.001817286 0.999619484 0.027523592 0.115882590 0.994323313 0.001121827 -0.106394954 2.819748640
-0.104741722 0.029656611 -0.994057119 -11.856099129 0.000505315 0.999556720 0.029767444 0.132944733 0.994499326 0.002615580 -0.104710288 2.740706444
-0.103199549 0.029425120 -0.994225264 -12.412344933 -0.001775974 0.999555290 0.029767215 0.142249852 0.994659066 0.004837681 -0.103101410 2.681430817
-0.101810254 0.026845634 -0.994441569 -13.180045128 -0.003305269 0.999621153 0.027323855 0.156794041 0.994798362 0.006068745 -0.101682961 2.607910395
-0.101216942 0.026702899 -0.994506001 -13.778490067 -0.003350253 0.999624848 0.027181320 0.171877772 0.994858742 0.006083057 -0.101089500 2.553526878
-0.099066466 0.029531375 -0.994642437 -14.565335274 -0.003365414 0.999543786 0.030012097 0.185717493 0.995075107 0.006320576 -0.098921888 2.482229233
-0.096878961 0.033058334 -0.994746923 -15.239469528 -0.004397121 0.999424219 0.033642009 0.198822796 0.995286524 0.007633225 -0.096677810 2.405765533
-0.095451534 0.035152163 -0.994813144 -16.010282516 -0.005054684 0.999346256 0.035797320 0.210111529 0.995421231 0.008445377 -0.095211446 2.346057892
-0.094192445 0.034674764 -0.994949937 -16.711894989 -0.007258932 0.999342799 0.035515055 0.221677244 0.995527506 0.010567525 -0.093878835 2.284985542
-0.092079967 0.031796373 -0.995243847 -17.495271683 -0.009977600 0.999410391 0.032852616 0.238332421 0.995701611 0.012955213 -0.091708414 2.208719969
-0.090455413 0.030858289 -0.995422363 -18.253889084 -0.010724348 0.999431729 0.031957123 0.260523051 0.995842695 0.013565950 -0.090073071 2.135610104
-0.089482658 0.033118282 -0.995437622 -19.030179977 -0.008122433 0.999389529 0.033979904 0.281564295 0.995955169 0.011125988 -0.089159049 2.083637238
-0.088090502 0.034888450 -0.995501399 -19.811496735 -0.005868230 0.999350965 0.035542630 0.304758340 0.996095121 0.008972799 -0.087828599 2.008011818
-0.087092027 0.037218515 -0.995504737 -20.591665268 -0.005074836 0.999272287 0.037803337 0.314096153 0.996187329 0.008344393 -0.086839773 1.953334928
-0.086627781 0.032514945 -0.995709896 -21.393188477 -0.004934935 0.999440908 0.033066124 0.328922361 0.996228516 0.007778210 -0.086418867 1.884237289
-0.086427532 0.025521753 -0.995931149 -22.162084579 -0.003816194 0.999656081 0.025948374 0.343159169 0.996250808 0.006043321 -0.086300403 1.830657363
-0.086703002 0.021149637 -0.996009707 -22.988550186 -0.000504881 0.999773562 0.021273516 0.357014358 0.996234059 0.002347344 -0.086672686 1.763761878
-0.087753415 0.021516798 -0.995909750 -23.765771866 0.000520265 0.999767482 0.021554299 0.375754774 0.996142089 0.001373327 -0.087744214 1.713852644
-0.087637372 0.029022632 -0.995729625 -24.610168457 0.000694701 0.999576986 0.029073630 0.387644321 0.996152222 0.001856202 -0.087620482 1.631385088
-0.088704988 0.036031384 -0.995406032 -25.402246475 -0.000591426 0.999343395 0.036226608 0.401509404 0.996057749 0.003802190 -0.088625446 1.582577944
-0.088940814 0.041652013 -0.995165586 -26.243040085 -0.003045257 0.999109209 0.042089224 0.413922608 0.996032238 0.006773987 -0.088734739 1.499063969
-0.089307986 0.041769564 -0.995127797 -27.030258179 -0.004305448 0.999094665 0.042322461 0.430273116 0.995994747 0.008064207 -0.089047298 1.433712482
-0.089438766 0.038204204 -0.995259345 -27.881292343 -0.004242473 0.999240279 0.038738266 0.451768458 0.995983303 0.007687064 -0.089208752 1.345358133
-0.090421394 0.035309009 -0.995277405 -28.651782990 -0.004383786 0.999347389 0.035851661 0.470160902 0.995893896 0.007604840 -0.090207607 1.300424814
-0.090863638 0.036550999 -0.995192289 -29.501756668 -0.005091860 0.999296069 0.037166622 0.488718987 0.995850325 0.008444477 -0.090613559 1.218231678
-0.091094509 0.039303862 -0.995066404 -30.265316010 -0.007521330 0.999165118 0.040154304 0.489504397 0.995813787 0.011142058 -0.090722844 1.176484823
-0.090706602 0.037740748 -0.995162189 -31.110504150 -0.008078679 0.999220908 0.038631022 0.506141007 0.995844901 0.011543687 -0.090331040 1.090703487
-0.090163477 0.032401778 -0.995399654 -31.960792542 -0.008723942 0.999406517 0.033322413 0.525481701 0.995888829 0.011688273 -0.089827292 0.996978283
-0.092011109 0.027946938 -0.995365739 -32.625766754 -0.010464747 0.999523759 0.029031038 0.544693470 0.995702982 0.013087430 -0.091674827 1.009716749
-0.090962686 0.028784432 -0.995438218 -33.455406189 -0.009931304 0.999506354 0.029809577 0.560953617 0.995804846 0.012597562 -0.090631917 0.916391134
-0.090111583 0.031330839 -0.995438814 -34.311126709 -0.008997402 0.999438703 0.032271221 0.567042470 0.995891035 0.011864375 -0.089779116 0.824801445
-0.091899492 0.036700197 -0.995091736 -34.970603943 -0.008174548 0.999259114 0.037608836 0.572510123 0.995734692 0.011590660 -0.091531418 0.845007181
-0.090767652 0.042035967 -0.994984508 -35.830509186 -0.007877970 0.999047101 0.042926271 0.596253574 0.995840967 0.011734775 -0.090349995 0.755710363
-0.091145158 0.045628656 -0.994791746 -36.654365540 -0.008414268 0.998878896 0.046587050 0.606803298 0.995802104 0.012616631 -0.090659045 0.681750536
-0.092403948 0.044964235 -0.994705796 -37.286899567 -0.006924919 0.998926699 0.045798317 0.633267641 0.995697558 0.011120205 -0.091993392 0.665751457
-0.092508726 0.040775716 -0.994876623 -38.110954285 -0.006495696 0.999115050 0.041553430 0.651736856 0.995690763 0.010306469 -0.092161998 0.591092348
-0.092539966 0.036046796 -0.995056212 -38.826015472 -0.007798049 0.999287605 0.036925286 0.674118400 0.995678604 0.011176562 -0.092192918 0.541586399
-0.091883399 0.033542592 -0.995204687 -39.660083771 -0.012378138 0.999316812 0.034824010 0.684335887 0.995692909 0.015518530 -0.091405429 0.442966461
-0.092783794 0.031739842 -0.995180249 -40.488090515 -0.015217997 0.999329865 0.033291001 0.702282429 0.995570004 0.018233515 -0.092238605 0.363315582
-0.093519188 0.029433986 -0.995182276 -41.102214813 -0.013217236 0.999438107 0.030801909 0.712967813 0.995529830 0.016034126 -0.093077600 0.329676151
-0.094707213 0.025550097 -0.995177269 -41.933956146 -0.009238875 0.999605000 0.026543004 0.729065299 0.995462358 0.011708133 -0.094433762 0.247488260
-0.095547900 0.023928965 -0.995137215 -42.772159576 -0.004684149 0.999689221 0.024488164 0.742573857 0.995413840 0.007001163 -0.095406108 0.170505047
-0.097966403 0.028028516 -0.994794965 -43.366439819 -0.004828698 0.999578118 0.028638804 0.741747320 0.995178044 0.007609206 -0.097789735 0.146414280
-0.100133047 0.034414254 -0.994378805 -44.195705414 -0.002654935 0.999388754 0.034854993 0.751407921 0.994970500 0.006130148 -0.099980466 0.071272850
-0.101736583 0.038200434 -0.994077623 -45.009338379 -0.000613234 0.999259770 0.038462333 0.765338361 0.994811237 0.004522630 -0.101637855 -0.015401840
-0.104616702 0.036991350 -0.993824303 -45.614288330 0.000000507 0.999307990 0.037195396 0.779107869 0.994512618 0.003890756 -0.104544334 -0.034512520
-0.105374530 0.033034801 -0.993883729 -46.421066284 -0.003281079 0.999431074 0.033567049 0.790900230 0.994427204 0.006798124 -0.105206199 -0.133482456
-0.107085831 0.029310245 -0.993817508 -47.223621368 -0.007506599 0.999513030 0.030287065 0.805265546 0.994221389 0.010703506 -0.106813669 -0.223714352
-0.109871082 0.027396100 -0.993568122 -47.802330017 -0.011215307 0.999522209 0.028800489 0.817307174 0.993882537 0.014307512 -0.109511353 -0.241847992
-0.110709302 0.028329264 -0.993448913 -48.604312897 -0.012762314 0.999470711 0.029923201 0.827614248 0.993770838 0.015991483 -0.110289171 -0.350902557
-0.111488245 0.030058226 -0.993311107 -49.403949738 -0.012542238 0.999420285 0.031650826 0.836624205 0.993686557 0.015987039 -0.111046642 -0.448957920
-0.115399428 0.029847963 -0.992870569 -49.976612091 -0.013059799 0.999416471 0.031562656 0.832216978 0.993233323 0.016609002 -0.114942282 -0.422389507
-0.115881823 0.029792642 -0.992816091 -50.759029388 -0.014219283 0.999397933 0.031649832 0.841435015 0.993161261 0.017784769 -0.115388423 -0.520685673
-0.118087053 0.031715050 -0.992496610 -51.425308228 -0.012584699 0.999361753 0.033431757 0.843937933 0.992923498 0.016438128 -0.117612541 -0.542504311
-0.118603274 0.034279164 -0.992349863 -52.207866669 -0.011483232 0.999289691 0.035891350 0.857083082 0.992875278 0.015652213 -0.118125401 -0.636264801
-0.120480061 0.038065389 -0.991985679 -52.859924316 -0.010603556 0.999158204 0.039628446 0.877774835 0.992659211 0.015293013 -0.119974978 -0.659111500
-0.120947346 0.040455230 -0.991834164 -53.634567261 -0.010208469 0.999065697 0.041995037 0.886028171 0.992606521 0.015204300 -0.120421335 -0.760744095
-0.122012436 0.040043779 -0.991720498 -54.385726929 -0.009822346 0.999088109 0.041549720 0.905403852 0.992479980 0.014810608 -0.121507861 -0.849406719
-0.122019105 0.037714515 -0.991810918 -55.131164551 -0.009230274 0.999191463 0.039130729 0.924136639 0.992484748 0.013929384 -0.121572316 -0.954658985
-0.128230169 0.035536136 -0.991107523 -55.577293396 -0.009786024 0.999263823 0.037094694 0.897285223 0.991696060 0.014455659 -0.127788037 -0.834592819
-0.128238544 0.032471322 -0.991211593 -56.286766052 -0.010556452 0.999362469 0.034104075 0.914981365 0.991687059 0.014837134 -0.127814025 -0.921817780
-0.126710087 0.030005163 -0.991485834 -57.010620117 -0.011352750 0.999433041 0.031696528 0.928790450 0.991874814 0.015272360 -0.126297608 -1.032879829
-0.124557920 0.028912192 -0.991791010 -57.689773560 -0.013294764 0.999436975 0.030804761 0.940824449 0.992123246 0.017022602 -0.124103405 -1.123044491
-0.126619920 0.031217840 -0.991459966 -58.105289459 -0.012926131 0.999367833 0.033117644 0.909235477 0.991867006 0.017009094 -0.126136348 -1.004658222
-0.121197142 0.032959376 -0.992081046 -58.776023865 -0.012132218 0.999324739 0.034682155 0.911907077 0.992554307 0.016239526 -0.120715395 -1.081070423
-0.113903254 0.034572117 -0.992890179 -59.413955688 -0.011710179 0.999278128 0.036137938 0.923215985 0.993422806 0.015743146 -0.113416180 -1.155250072
-0.104880810 0.035602968 -0.993847430 -60.057201385 -0.012982316 0.999224782 0.037165638 0.932832003 0.994400084 0.016800402 -0.104337275 -1.229482174
-0.093127757 0.037173834 -0.994960010 -60.678478241 -0.015099079 0.999135077 0.038743097 0.941670775 0.995539665 0.018631034 -0.092485920 -1.292342186
-0.087832674 0.039783232 -0.995340466 -60.939708710 -0.017059788 0.998995543 0.041434743 0.925378203 0.995989144 0.020619623 -0.087065756 -1.079224586
-0.069368854 0.040633302 -0.996763289 -61.523357391 -0.018648146 0.998942673 0.042019956 0.945275784 0.997416794 0.021502661 -0.068537779 -1.119319677
-0.046981491 0.041693609 -0.998025179 -62.086353302 -0.019627273 0.998897016 0.042653974 0.952436686 0.998702943 0.021592459 -0.046111338 -1.147505999
-0.027851393 0.040293846 -0.998799562 -62.452659607 -0.018059177 0.999003887 0.040805660 0.980685949 0.999448836 0.019173997 -0.027095977 -1.012738228
0.001897795 0.039630398 -0.999212623 -62.977111816 -0.016802821 0.999074578 0.039593007 0.992368937 0.999856949 0.016714450 0.002561936 -0.998087287
0.035851844 0.039468110 -0.998577476 -63.473072052 -0.016168460 0.999112010 0.038908742 1.009236217 0.999226272 0.014750508 0.036458146 -0.954184532
0.073470622 0.040276963 -0.996483684 -63.934684753 -0.015589393 0.999108374 0.039233647 1.007912397 0.997175515 0.012652054 0.074033014 -0.897553444
0.114786312 0.039998252 -0.992584586 -64.397773743 -0.015945647 0.999134600 0.038418178 1.017328858 0.993262172 0.011417522 0.115324773 -0.823330402
0.161078766 0.041714657 -0.986059546 -64.830635071 -0.014970344 0.999094725 0.039820604 1.013007760 0.986828029 0.008347397 0.161557421 -0.746463776
0.200696602 0.038927980 -0.978879690 -64.882400513 -0.008504702 0.999241710 0.037994049 1.023781776 0.979616463 0.000699805 0.200875506 -0.544543266
0.251393437 0.034705736 -0.967262566 -65.285682678 -0.001201748 0.999367356 0.035545323 1.026113153 0.967884243 -0.007773454 0.251276016 -0.396404266
0.303926289 0.029574191 -0.952236414 -65.704216003 0.003865025 0.999471605 0.032274801 1.030934572 0.952687740 -0.013489578 0.303651333 -0.223474503
0.356834680 0.025503747 -0.933819354 -66.098937988 0.008162990 0.999503911 0.030416939 1.038823843 0.934131920 -0.018476576 0.356449425 -0.019144058
0.399884552 0.024333160 -0.916242421 -66.214256287 0.010688124 0.999455750 0.031207822 1.040077090 0.916503191 -0.022272440 0.399406821 0.181896210
0.450260192 0.023086976 -0.892598867 -66.599693298 0.011754599 0.999425769 0.031779502 1.053404450 0.892820060 -0.024801185 0.449730277 0.406808853
0.497978956 0.018910209 -0.866982877 -66.975601196 0.019485610 0.999265790 0.032987669 1.064869285 0.866970122 -0.033320855 0.497244805 0.657972336
0.538203120 0.013526510 -0.842706800 -67.111190796 0.029241765 0.998969436 0.034710277 1.060243368 0.842307687 -0.043323405 0.537252903 0.882991791
0.583178520 0.008505210 -0.812299490 -67.450027466 0.030265469 0.999023318 0.032188971 1.067967892 0.811779857 -0.043356542 0.582351506 1.170572281
0.625515163 0.003289448 -0.780204952 -67.670486450 0.027085986 0.999296606 0.025928861 1.067042589 0.779741764 -0.037351519 0.624986112 1.408447266
0.669541180 -0.004421626 -0.742761672 -67.994155884 0.022701744 0.999636829 0.014513043 1.080843687 0.742427886 -0.026579065 0.669398487 1.726360321
0.710979044 -0.006540052 -0.703182936 -68.219879150 0.017033720 0.999823511 0.007923573 1.072101712 0.703006864 -0.017611312 0.710964799 2.020065308
0.751154602 -0.007789553 -0.660080433 -68.490646362 0.014877222 0.999876142 0.005130441 1.078224182 0.659958661 -0.013673917 0.751177430 2.378940582
0.788700640 -0.009111087 -0.614709914 -68.771896362 0.014717043 0.999883473 0.004062595 1.076640010 0.614601254 -0.012250884 0.788742840 2.800479889
0.823258340 -0.008102997 -0.567609072 -69.003410339 0.010921238 0.999939144 0.001565330 1.082221150 0.567561805 -0.007487663 0.823296726 3.177434921
0.852758765 -0.006249723 -0.522267520 -69.228622437 0.009453468 0.999949336 0.003469718 1.072629690 0.522219419 -0.007896073 0.852774560 3.608680725
0.877442956 -0.000510869 -0.479680628 -69.454551697 0.003053867 0.999985158 0.004521202 1.071829200 0.479671210 -0.005431978 0.877431512 4.065200806
0.898022294 0.003580246 -0.439935386 -69.667388916 -0.002486586 0.999992192 0.003062288 1.070703745 0.439942867 -0.001656066 0.898024261 4.545017242
0.914376557 0.008782040 -0.404769421 -69.873291016 -0.007604332 0.999960899 0.004517319 1.070109367 0.404793173 -0.001052529 0.914407670 5.045616150
0.926523745 0.009353076 -0.376119912 -70.086723328 -0.007410587 0.999950707 0.006611001 1.063910007 0.376163155 -0.003337980 0.926547408 5.633279800
0.935902834 0.008971849 -0.352144092 -70.253051758 -0.006676157 0.999947786 0.007733051 1.066898108 0.352195144 -0.004886413 0.935913742 6.105625153
0.943345249 0.009471882 -0.331677556 -70.435569763 -0.006705983 0.999932587 0.009482660 1.071463823 0.331744999 -0.006721199 0.943345129 6.663461685
0.949482381 0.012207421 -0.313582599 -70.647789001 -0.008912700 0.999889076 0.011938211 1.072473288 0.313693523 -0.008540256 0.949485779 7.300317764
0.954046845 0.017160989 -0.299165517 -70.800125122 -0.013720975 0.999813437 0.013595590 1.073863149 0.299342990 -0.008865989 0.954104424 7.835018158
0.957792103 0.020779232 -0.286709607 -70.994926453 -0.017153971 0.999738038 0.015150687 1.072091222 0.286949277 -0.009593002 0.957897782 8.504343033
0.961625636 0.019127237 -0.273697406 -71.149642944 -0.015770126 0.999771178 0.014460860 1.077406645 0.273911387 -0.009589693 0.961707115 9.074329376
0.965328813 0.019023161 -0.260342628 -71.334602356 -0.015955832 0.999776185 0.013890460 1.080203772 0.260548651 -0.009254879 0.965416372 9.780078888
0.968936563 0.019503107 -0.246539295 -71.466712952 -0.016455559 0.999760628 0.014415748 1.086958647 0.246761397 -0.009911004 0.969025552 10.368955612
0.972343147 0.021265727 -0.232586429 -71.642021179 -0.018328123 0.999722719 0.014784197 1.091478348 0.232836306 -0.010112443 0.972463369 11.106560707
0.975194395 0.021305829 -0.220322907 -71.773857117 -0.019177793 0.999746501 0.011793421 1.091007948 0.220518366 -0.007275570 0.975355685 11.717598915
0.977541924 0.021781240 -0.209612384 -71.934631348 -0.020850657 0.999760568 0.006648609 1.087740064 0.209707007 -0.002128739 0.977761924 12.476350784
0.979587317 0.019160595 -0.200103879 -72.057388306 -0.019482713 0.999810100 0.000359510 1.087614894 0.200072795 0.003546395 0.979774535 13.101613045
0.981041729 0.018616559 -0.192900255 -72.202697754 -0.018912962 0.999821007 0.000304936 1.085486650 0.192871422 0.003349160 0.981218219 13.899255753
0.982391000 0.021640619 -0.185578585 -72.332870483 -0.020893235 0.999763787 0.005982273 1.084632635 0.185664222 -0.001999596 0.982611179 14.537794113
0.983233988 0.026695177 -0.180383354 -72.497711182 -0.024559632 0.999599397 0.014062373 1.075975895 0.180686504 -0.009396455 0.983495891 15.358303070
0.983880639 0.028108485 -0.176602885 -72.601882935 -0.025394481 0.999522269 0.017609680 1.074703813 0.177013502 -0.012841085 0.984124660 15.995620728
0.984598279 0.027211361 -0.172700629 -72.754989624 -0.024713520 0.999556780 0.016597556 1.070470810 0.173075721 -0.012073887 0.984834552 16.797958374
0.985051334 0.026664993 -0.170184419 -72.853477478 -0.024348285 0.999580443 0.015685884 1.071235180 0.170531288 -0.011307704 0.985287368 17.436136246
0.985516846 0.025528084 -0.167644575 -72.990318298 -0.022806192 0.999575257 0.018141689 1.067381382 0.168036506 -0.014055610 0.985680580 18.242988586
0.985937059 0.024430776 -0.165321752 -73.088523865 -0.021411581 0.999570370 0.020020342 1.070428014 0.165739805 -0.016198998 0.986036479 18.883579254
0.986417353 0.021982564 -0.162781179 -73.216285706 -0.018638704 0.999583304 0.022041028 1.070827961 0.163197860 -0.018707622 0.986415982 19.692714691
0.986913323 0.020860996 -0.159897223 -73.321975708 -0.018267522 0.999676883 0.017672608 1.077973843 0.160214260 -0.014520407 0.986975431 20.323467255
0.987173617 0.023244454 -0.157949537 -73.462455750 -0.021882556 0.999706924 0.010356224 1.078589201 0.158143952 -0.006767052 0.987392843 21.121625900
0.987325191 0.022951474 -0.157041356 -73.551811218 -0.022797234 0.999736190 0.002783572 1.072252154 0.157063797 0.000831817 0.987588108 21.736909866
0.987532079 0.023583924 -0.155640796 -73.683601379 -0.024121523 0.999707758 -0.001566085 1.064933300 0.155558363 0.005300853 0.987812519 22.530467987
0.987843513 0.025554981 -0.153336734 -73.778358459 -0.025806878 0.999666870 0.000347651 1.052918196 0.153294548 0.003613718 0.988173902 23.149566650
0.988117635 0.029501034 -0.150842190 -73.911071777 -0.029174615 0.999564826 0.004377034 1.039325356 0.150905654 0.000075738 0.988548100 23.947864532
0.988347650 0.032447644 -0.148714557 -74.004356384 -0.031491816 0.999465466 0.008778104 1.043156862 0.148919895 -0.003992526 0.988841236 24.578954697
0.988822520 0.030843431 -0.145872280 -74.132202148 -0.029609870 0.999505103 0.010620646 1.034497738 0.146127671 -0.006182675 0.989246488 25.367942810
0.989026487 0.028110541 -0.145040274 -74.202445984 -0.026892476 0.999584675 0.010352311 1.032314062 0.145271078 -0.006338216 0.989371598 25.975131989
0.989267349 0.025323894 -0.143905133 -74.318168640 -0.024173921 0.999660313 0.009734318 1.030352473 0.144102752 -0.006151089 0.989543617 26.752967834
0.989319384 0.025263440 -0.143557817 -74.389335632 -0.024322309 0.999669671 0.008307196 1.023726583 0.143720269 -0.004726813 0.989607036 27.369537354
0.989464462 0.022790058 -0.142970577 -74.498672485 -0.022003852 0.999732852 0.007077929 1.019205570 0.143093705 -0.003857456 0.989701629 28.143114090
0.989544749 0.022389717 -0.142476946 -74.608711243 -0.021561578 0.999740481 0.007353907 1.007259727 0.142604619 -0.004204993 0.989770710 28.927787781
0.989534855 0.026171116 -0.141900316 -74.675758362 -0.025302429 0.999648392 0.007922954 1.013219118 0.142057776 -0.004249615 0.989849269 29.496570587
0.989599228 0.024962323 -0.141669065 -74.794487000 -0.024272826 0.999683678 0.006593201 1.011722922 0.141788840 -0.003085918 0.989892125 30.291582108
0.989405274 0.025259737 -0.142965451 -74.917366028 -0.024528237 0.999675572 0.006876998 0.999136448 0.143092796 -0.003297448 0.989703774 31.046798706
0.988958359 0.023300173 -0.146349847 -74.959609985 -0.022596706 0.999723673 0.006467593 1.008158684 0.146460101 -0.003089155 0.989211738 31.658512115
0.988471508 0.024755681 -0.149368957 -75.086288452 -0.024104163 0.999690354 0.006170847 1.001462936 0.149475485 -0.002499293 0.988762319 32.449008942
0.987779498 0.028643468 -0.153202996 -75.162879944 -0.028085798 0.999588668 0.005803424 0.998357296 0.153306216 -0.001429674 0.988177657 33.132926941
0.987422943 0.029144170 -0.155391753 -75.304855347 -0.029319683 0.999569297 0.001162839 0.988697171 0.155358732 0.003407823 0.987852275 33.923656464
0.986969590 0.028771020 -0.158313677 -75.437957764 -0.029542403 0.999560297 -0.002520869 0.983880997 0.158171535 0.007164988 0.987385750 34.750259399
0.986491919 0.027373184 -0.161506549 -75.494308472 -0.028525561 0.999581337 -0.004820272 0.983223796 0.161307007 0.009362223 0.986859858 35.295001984
0.986191452 0.028452365 -0.163146824 -75.643440247 -0.029397512 0.999562025 -0.003381464 0.971927464 0.162979171 0.008130882 0.986595988 36.125381470
0.985900939 0.026565764 -0.165207565 -75.785285950 -0.027381126 0.999621451 -0.002659514 0.956152678 0.165074393 0.007145587 0.986255229 36.933433533
0.985424578 0.025636287 -0.168170124 -75.846374512 -0.026213555 0.999655604 -0.001213191 0.955284357 0.168081120 0.005603843 0.985757232 37.518238068
0.985218167 0.026262157 -0.169279844 -75.992614746 -0.026263671 0.999652505 0.002230555 0.946921229 0.169279635 0.002248327 0.985565543 38.371040344
0.985065639 0.025475927 -0.170283750 -76.142768860 -0.024644133 0.999671757 0.006996982 0.940353513 0.170406103 -0.002695991 0.985370278 39.221218109
0.984952509 0.024446601 -0.171087444 -76.194755554 -0.023398058 0.999693036 0.008142751 0.939153194 0.171234012 -0.004017108 0.985222220 39.828887939
0.985194683 0.027559320 -0.169210210 -76.346176147 -0.026457565 0.999611497 0.008762831 0.925179243 0.169385999 -0.004156203 0.985541046 40.684913635
0.985463440 0.026535714 -0.167802334 -76.481971741 -0.025720343 0.999644518 0.007031024 0.920698225 0.167929247 -0.002612883 0.985795677 41.545578003
0.985470176 0.024577461 -0.168060869 -76.533729553 -0.024273293 0.999697983 0.003864237 0.921682954 0.168105066 0.000271301 0.985769153 42.148803711
0.985876799 0.020835005 -0.166171253 -76.676712036 -0.020756420 0.999782145 0.002209711 0.911990345 0.166181102 0.001270618 0.986094475 43.014205933
0.986210048 0.019104624 -0.164392099 -76.825683594 -0.018992197 0.999817133 0.002255796 0.901981473 0.164405137 0.000897479 0.986392558 43.892265320
0.985627174 0.017115682 -0.168065414 -76.812301636 -0.016863374 0.999853492 0.002928483 0.922988474 0.168090925 -0.000052243 0.985771477 44.510993958
0.985797942 0.014464997 -0.167311624 -76.952873230 -0.013770507 0.999890983 0.005310380 0.913025498 0.167370230 -0.002930997 0.985889792 45.377391815
0.985960662 0.014428948 -0.166353062 -77.112327576 -0.013795541 0.999892533 0.004962553 0.912990332 0.166406810 -0.002597952 0.986053824 46.250530243
0.985527098 0.016253233 -0.168736428 -77.116500854 -0.016480060 0.999864161 0.000056158 0.933956683 0.168714419 0.002725441 0.985661209 46.814365387
0.985595584 0.018593160 -0.168093562 -77.278030396 -0.019696306 0.999794006 -0.004897667 0.896058679 0.167967886 0.008137942 0.985758901 47.663326263
0.985674739 0.019931128 -0.167475209 -77.434822083 -0.022053497 0.999698102 -0.010822295 0.884152353 0.167208940 0.014360677 0.985816956 48.535354614
0.985613585 0.023635838 -0.167353421 -77.471473694 -0.026991518 0.999477088 -0.017805014 0.892766714 0.166845083 0.022065986 0.985736191 48.979156494
0.985789597 0.022987485 -0.166404366 -77.624778748 -0.026476396 0.999473035 -0.018778270 0.869439840 0.165885031 0.022917213 0.985878706 49.842914581
0.985959709 0.020437256 -0.165727362 -77.775413513 -0.022811359 0.999662459 -0.012434488 0.841921091 0.165417284 0.016040375 0.986093163 50.667137146
0.985246956 0.020877400 -0.169860467 -77.768371582 -0.022059629 0.999743879 -0.005075515 0.848380566 0.169711009 0.008747697 0.985454977 51.081005096
0.985057294 0.021003438 -0.170941412 -77.925964355 -0.020731196 0.999779403 0.003377724 0.814553976 0.170974657 0.000216569 0.985275388 51.925937653
0.984241903 0.018934572 -0.175810322 -77.964492798 -0.019252541 0.999814749 -0.000102927 0.821775734 0.175775781 0.003486101 0.984424055 52.451126099
0.983958900 0.014621804 -0.177795008 -78.109085083 -0.015492746 0.999873817 -0.003511147 0.802947223 0.177721262 0.006209356 0.984061301 53.266468048
0.983182192 0.012506351 -0.182198614 -78.170555115 -0.013665168 0.999893546 -0.005106137 0.790910959 0.182115361 0.007510038 0.983248413 53.791450500
0.982685208 0.013999091 -0.184753507 -78.331268311 -0.015577507 0.999853373 -0.007094545 0.768647671 0.184627131 0.009849703 0.982759297 54.595993042
0.981873989 0.014935332 -0.188945457 -78.405021667 -0.017347855 0.999787688 -0.011120919 0.760338068 0.188739240 0.014197139 0.981924593 55.089691162
0.981106818 0.015900573 -0.192812711 -78.568328857 -0.019092018 0.999709547 -0.014705226 0.740299821 0.192522898 0.018108580 0.981125355 55.891975403
0.980225921 0.016526349 -0.197190881 -78.639389038 -0.020703416 0.999602437 -0.019140050 0.724651814 0.196796209 0.022844097 0.980178237 56.376289368
0.979511559 0.021259576 -0.200262725 -78.812210083 -0.025572965 0.999492884 -0.018976184 0.697667241 0.199757740 0.023708701 0.979558468 57.169193268
0.978319824 0.024299527 -0.205669284 -78.877311707 -0.028516188 0.999438941 -0.017562443 0.685007811 0.205127165 0.023046594 0.978463948 57.619796753
0.977383673 0.028128060 -0.209594592 -79.056297302 -0.031236093 0.999445379 -0.011532662 0.658709288 0.209153995 0.017818753 0.977720320 58.414108276
0.976114094 0.028061200 -0.215438470 -79.112785339 -0.030097717 0.999527872 -0.006177486 0.647028446 0.215163395 0.012514140 0.976497889 58.842689514
0.974969208 0.028198101 -0.220544532 -79.291091919 -0.029541792 0.999559641 -0.002796065 0.631727457 0.220368564 0.009241357 0.975372970 59.620964050
0.973480821 0.029935729 -0.226801440 -79.369857788 -0.031455375 0.999500334 -0.003088339 0.639945507 0.226595670 0.010140564 0.973936081 59.977188110
0.972209632 0.027514983 -0.232489631 -79.560691833 -0.028048765 0.999605954 0.001010209 0.617918730 0.232425809 0.005538911 0.972598314 60.749469757
0.970367432 0.028747981 -0.239917889 -79.626350403 -0.029505504 0.999564469 0.000434687 0.613323092 0.239825919 0.006657091 0.970793068 61.087379456
0.968746781 0.032914188 -0.245858014 -79.834228516 -0.034006596 0.999421537 -0.000197815 0.596706688 0.245709315 0.008552427 0.969305813 61.854366302
0.967119515 0.034159090 -0.252017856 -79.912170410 -0.036419954 0.999327242 -0.004310541 0.593832672 0.251701087 0.013347286 0.967712998 62.181377411
0.965577066 0.032146532 -0.258123130 -80.116851807 -0.035175294 0.999355793 -0.007123081 0.575444460 0.257727861 0.015957439 0.966085851 62.943649292
0.963790119 0.032711819 -0.264647871 -80.188507080 -0.036253992 0.999306381 -0.008509843 0.570524454 0.264185905 0.017796244 0.964307547 63.272270203
0.962508261 0.035302017 -0.268945217 -80.408515930 -0.037614558 0.999286354 -0.003448661 0.554773211 0.268631518 0.013435623 0.963149309 64.014335632
0.960427225 0.036445081 -0.276135951 -80.489242554 -0.037874889 0.999282420 0.000155161 0.555717945 0.275943428 0.010309598 0.961118579 64.371231079
0.958652556 0.036184099 -0.282268912 -80.713783264 -0.036816470 0.999317348 0.003065126 0.526987851 0.282187134 0.007453756 0.959330380 65.110153198
0.956443131 0.033423800 -0.289998859 -80.795700073 -0.035430755 0.999370754 -0.001671495 0.532095850 0.289760411 0.011873567 0.957025707 65.447204590
0.954065382 0.030300120 -0.298062354 -81.031417847 -0.034524936 0.999364078 -0.008918250 0.520569146 0.297602534 0.018799175 0.954504907 66.168922424
0.951267421 0.027610855 -0.307128578 -81.265045166 -0.032392174 0.999420345 -0.010480195 0.499286771 0.306661129 0.019918030 0.951610327 66.883499146
0.947261393 0.027377887 -0.319290340 -81.287406921 -0.031636536 0.999466240 -0.008158107 0.502815604 0.318896502 0.017829103 0.947621822 67.061370850
0.943497360 0.028133484 -0.330183625 -81.539665222 -0.030460166 0.999534190 -0.001873834 0.490242302 0.329977095 0.011825405 0.943914890 67.777053833
0.939082623 0.030658076 -0.342321187 -81.652824402 -0.030591985 0.999516249 0.005593713 0.488168836 0.342327118 0.005219326 0.939566314 68.128738403
0.935193777 0.031401560 -0.352741033 -81.934463501 -0.030143615 0.999504447 0.009060126 0.474751532 0.352850765 0.002159913 0.935677230 68.838211060
0.930666685 0.034700245 -0.364218801 -82.052375793 -0.035317995 0.999363720 0.004966446 0.465811849 0.364159375 0.008241375 0.931300163 69.164543152
0.926136255 0.033138599 -0.375730544 -82.346054077 -0.037534356 0.999285698 -0.004383465 0.459699571 0.375316888 0.018162493 0.926718533 69.840248108
0.921296656 0.029998165 -0.387701660 -82.636184692 -0.036308996 0.999300361 -0.008960942 0.448419929 0.387161672 0.022332743 0.921741307 70.522232056
0.915725887 0.031079728 -0.400599658 -82.677307129 -0.036334760 0.999324381 -0.005526613 0.469440401 0.400157273 0.019616557 0.916236520 70.712081909
0.910585880 0.033051532 -0.411996216 -82.988906860 -0.035600219 0.999364972 0.001489039 0.459938228 0.411783874 0.013311259 0.911184311 71.413681030
0.905032456 0.035078965 -0.423893511 -83.134834290 -0.035568312 0.999344349 0.006759920 0.464025676 0.423852801 0.008959232 0.905686677 71.769523621
0.899327517 0.032576371 -0.436060727 -83.468994141 -0.033713475 0.999418318 0.005132224 0.451054573 0.435974330 0.010085577 0.899902523 72.449028015
0.893843889 0.029923355 -0.447378725 -83.804779053 -0.033089686 0.999451995 0.000737508 0.446732402 0.447155714 0.014144406 0.894344270 73.131195068
0.889971554 0.025577042 -0.455298036 -84.157684326 -0.031603530 0.999484539 -0.005627932 0.423156619 0.454919457 0.019397724 0.890321255 73.785568237
0.885223210 0.021466779 -0.464670777 -84.109710693 -0.030674208 0.999454141 -0.012263441 0.428007483 0.464153916 0.025109289 0.885398626 73.820610046
0.881449640 0.021096352 -0.471806616 -84.471206665 -0.031555437 0.999400139 -0.014266076 0.408981442 0.471222669 0.027462889 0.881586671 74.497680664
0.876891375 0.025131600 -0.480031133 -84.646606445 -0.036499716 0.999230444 -0.014361614 0.405012846 0.479300857 0.030114578 0.877133846 74.849151611
0.872752905 0.025617646 -0.487489611 -85.023101807 -0.036070377 0.999276280 -0.012064682 0.383358240 0.486827821 0.028113415 0.873045444 75.515129089
0.868633747 0.026855942 -0.494726449 -85.416152954 -0.034019679 0.999406099 -0.005479071 0.370621324 0.494285494 0.021589737 0.869031489 76.194000244
0.864815235 0.030042596 -0.501190603 -85.806442261 -0.032975934 0.999451697 0.003008903 0.353237331 0.501006126 0.013925081 0.865331709 76.867568970
0.860736251 0.040679038 -0.507423043 -85.817260742 -0.041632596 0.999088049 0.009473854 0.368003845 0.507345676 0.012970847 0.861644983 76.942749023
0.857057691 0.045128115 -0.513240099 -86.225585938 -0.048785977 0.998789072 0.006353889 0.359601974 0.512905419 0.019593269 0.858221531 77.605087280
0.853498459 0.041683916 -0.519425452 -86.408843994 -0.049662057 0.998764992 -0.001451716 0.362160474 0.518723428 0.027034776 0.854514599 77.956649780
0.850914121 0.033610035 -0.524228454 -86.809234619 -0.044776049 0.998959661 -0.008632705 0.346659660 0.523392916 0.030818572 0.851534009 78.608650208
0.848286450 0.033553232 -0.528473496 -87.005584717 -0.045895532 0.998893619 -0.010249247 0.352972269 0.527544975 0.032948874 0.848887861 78.965347290
0.845626771 0.039817583 -0.532287359 -87.438987732 -0.050008893 0.998737454 -0.004737197 0.333038032 0.531426728 0.030625002 0.846550465 79.616600037
0.842278481 0.043336026 -0.537297785 -87.865745544 -0.051460493 0.998674929 -0.000121834 0.311457068 0.536580622 0.027752228 0.843392551 80.270790100
0.838333607 0.038858954 -0.543770850 -87.930358887 -0.047839209 0.998852313 -0.002373914 0.312017977 0.543054461 0.028003706 0.839230359 80.473312378
0.835523725 0.036596548 -0.548234165 -88.366737366 -0.049280420 0.998749316 -0.008434681 0.294984221 0.547239840 0.034064587 0.836282313 81.121612549
0.832234859 0.032866620 -0.553448141 -88.564727783 -0.049793202 0.998638153 -0.015571063 0.291952968 0.552182615 0.040516742 0.832738101 81.460350037
0.829336941 0.033743206 -0.557728887 -89.010169983 -0.051882837 0.998512924 -0.016738111 0.271132708 0.556334794 0.042818099 0.829854369 82.099349976
0.826774597 0.036723480 -0.561333358 -89.458419800 -0.052865949 0.998522878 -0.012539775 0.250214458 0.560043752 0.040042993 0.827494800 82.750320435
0.823216975 0.038312882 -0.566432536 -89.528167725 -0.053556509 0.998511732 -0.010297378 0.245119095 0.565195024 0.038813129 0.824043751 82.915115356
0.820244491 0.039049961 -0.570678413 -89.977424622 -0.054049902 0.998494327 -0.009362501 0.221808910 0.569453597 0.038524661 0.821120203 83.555046082
0.817121148 0.037004597 -0.575276911 -90.416755676 -0.052632101 0.998558521 -0.010526323 0.207907557 0.574058115 0.038879320 0.817890942 84.186859131
