0.999993861 -0.002469662 -0.002474635 -0.004978475 0.002463270 0.999993622 -0.002583080 -0.011295141 0.002480999 0.002576968 0.999993622 0.708222628
0.999984801 -0.002839641 -0.004727293 -0.004477312 0.002821894 0.999988973 -0.003756651 -0.020707496 0.004737910 0.003743254 0.999981761 1.066011071
0.999968946 -0.004703386 -0.006324979 -0.010474060 0.004665786 0.999971449 -0.005946080 -0.023643866 0.006352765 0.005916385 0.999962270 1.421959996
0.999943495 -0.007154595 -0.007861651 -0.012602945 0.007093394 0.999944568 -0.007785295 -0.033043060 0.007916916 0.007729089 0.999938786 1.780183434
0.999916971 -0.008267273 -0.009874524 -0.008488711 0.008182263 0.999929428 -0.008618935 -0.026852619 0.009945083 0.008537426 0.999914050 1.503111482
0.999909937 -0.008296011 -0.010545977 -0.023631442 0.008212584 0.999934971 -0.007929642 -0.048729122 0.010611072 0.007842318 0.999912918 2.518376350
0.999894857 -0.008709585 -0.011597457 -0.029908236 0.008613317 0.999928176 -0.008325032 -0.059143897 0.011669133 0.008224264 0.999898016 2.895881653
0.999886513 -0.008197709 -0.012637364 -0.038029734 0.008060610 0.999908507 -0.010861648 -0.070723638 0.012725245 0.010758548 0.999861181 3.276252508
0.999879658 -0.006589786 -0.014048582 -0.045933142 0.006385479 0.999874055 -0.014538310 -0.081940509 0.014142610 0.014446853 0.999795616 3.665588140
0.999872029 -0.005390315 -0.015056878 -0.054839082 0.005114325 0.999819338 -0.018308615 -0.090488829 0.015152844 0.018229267 0.999718964 4.055334568
0.999864042 -0.003414245 -0.016132819 -0.064955287 0.003114942 0.999823272 -0.018541243 -0.097245775 0.016193271 0.018488465 0.999697864 4.464986801
0.999852717 -0.000784457 -0.017154476 -0.074170657 0.000583239 0.999931037 -0.011731655 -0.102867268 0.017162496 0.011719919 0.999783993 4.761178017
0.999845803 -0.000362010 -0.017554779 -0.088859074 0.000339416 0.999999106 -0.001289978 -0.111539222 0.017555226 0.001283821 0.999845028 5.315507412
0.999602199 0.000284254 -0.028207233 -0.099140607 -0.000085862 0.999975264 0.007034304 -0.119825937 0.028208533 -0.007029082 0.999577284 5.761097431
0.999606848 0.002721091 -0.027906293 -0.113446116 -0.002555122 0.999978900 0.005981337 -0.131667480 0.027921977 -0.005907682 0.999592602 6.208599091
0.999598622 0.005075948 -0.027873375 -0.126570791 -0.005113424 0.999986112 -0.001273413 -0.137171268 0.027866520 0.001415431 0.999610662 6.661095619
0.999577820 0.004671408 -0.028676912 -0.140650570 -0.004879613 0.999962270 -0.007194628 -0.138266370 0.028642222 0.007331523 0.999562860 7.130863190
0.999456465 0.002401179 -0.032879006 -0.149209499 -0.002566770 0.999984264 -0.004995131 -0.141467586 0.032866497 0.005076809 0.999446750 7.622423172
0.999394000 0.001582951 -0.034772325 -0.159011245 -0.001442062 0.999990642 0.004076455 -0.144787520 0.034778453 -0.004023841 0.999386907 8.136738777
0.998326182 0.000978443 -0.057827011 -0.178068995 -0.000057931 0.999873340 0.015917899 -0.151276797 0.057835259 -0.015887905 0.998199642 8.662445068
0.998761535 0.000317787 -0.049752474 -0.190495908 0.000518131 0.999858916 0.016787749 -0.153464615 0.049750786 -0.016792735 0.998620450 9.206796646
0.997989178 -0.001786556 -0.063360520 -0.202531636 0.002954770 0.999827266 0.018348651 -0.154432550 0.063316792 -0.018498968 0.997821987 9.756546021
0.995490015 -0.002218112 -0.094842046 -0.218474150 0.004320073 0.999749422 0.021963183 -0.153495550 0.094769582 -0.022273848 0.995250046 10.323630333
0.992678583 0.000809162 -0.120783225 -0.233321190 0.002054909 0.999719679 0.023586048 -0.156835467 0.120768443 -0.023661561 0.992398679 10.900467873
0.999210000 -0.002306089 0.039673965 -0.251925021 0.002767342 0.999929190 -0.011575107 -0.158408612 -0.039644461 0.011675753 0.999145627 11.506032944
0.998903990 -0.005374019 0.046496700 -0.260354936 0.006238807 0.999809921 -0.018473856 -0.168403149 -0.046388581 0.018743692 0.998747587 12.111429214
0.999880254 -0.004433244 0.014820469 -0.277223289 0.004685794 0.999843657 -0.017049471 -0.177240893 -0.014742570 0.017116871 0.999744833 12.728570938
0.999891818 -0.002915536 0.014415817 -0.293666184 0.003133016 0.999881327 -0.015086723 -0.189453959 -0.014370113 0.015130253 0.999782383 13.352295876
0.994894505 -0.002413206 0.100890689 -0.305154204 0.004460815 0.999788523 -0.020074656 -0.202696785 -0.100820899 0.020422218 0.994695008 13.964041710
0.995688081 -0.000966727 -0.092759416 -0.301358581 0.000502880 0.999987304 -0.005023784 -0.220396996 0.092763089 0.004955474 0.995675921 14.698155403
0.999140441 0.001885343 0.041411009 -0.341124415 -0.000946464 0.999742329 -0.022680124 -0.235868394 -0.041443091 0.022621432 0.998884737 15.308313370
0.999718308 0.004352781 0.023333726 -0.358638078 -0.004587780 0.999939203 0.010027154 -0.251765370 -0.023288660 -0.010131380 0.999677479 15.986367226
0.999712229 0.006023780 0.023222202 -0.349053323 -0.006255993 0.999931037 0.009940013 -0.253280520 -0.023160728 -0.010082431 0.999680936 16.599840164
0.999122381 0.007750844 -0.041163709 -0.423053771 -0.008630115 0.999737382 -0.021225741 -0.292744130 0.040988382 0.021562360 0.998927057 17.399707794
0.999515176 0.008384687 -0.029984085 -0.450593114 -0.008593434 0.999939740 -0.006839895 -0.313549787 0.029924925 0.007094249 0.999526918 18.130937576
0.999470890 0.009100108 -0.031226635 -0.462133467 -0.009285693 0.999940038 -0.005803260 -0.325858474 0.031171955 0.006090147 0.999495506 18.767662048
0.999920130 0.009762887 0.008030562 -0.499301553 -0.010017490 0.999427974 0.032299977 -0.353054047 -0.007710630 -0.032377839 0.999445915 19.544500351
0.999917448 0.010304037 0.007682708 -0.497322917 -0.010554755 0.999388278 0.033341229 -0.341131151 -0.007334463 -0.033419564 0.999414384 20.204229355
0.999821305 0.010291514 -0.015855974 -0.524777591 -0.010403737 0.999921322 -0.007011489 -0.394678146 0.015782567 0.007175197 0.999849617 21.101013184
0.999797702 0.012152457 -0.016029544 -0.537535369 -0.012287999 0.999889314 -0.008384544 -0.401958078 0.015925877 0.008579817 0.999836326 21.776811600
0.999681592 0.009646823 -0.023314213 -0.357546568 -0.009922404 0.999881923 -0.011733771 -0.305801839 0.023198262 0.011961369 0.999659300 18.387460709
0.999678969 0.009108461 -0.023641385 -0.381766677 -0.009333385 0.999912083 -0.009421106 -0.321227431 0.023553491 0.009638737 0.999676108 19.130247116
0.999674797 0.008850385 -0.023921240 -0.417924643 -0.008982723 0.999944925 -0.005430396 -0.349502027 0.023871865 0.005643507 0.999699056 20.295305252
0.999654233 0.009248961 -0.024612216 -0.439594418 -0.009329812 0.999951422 -0.003172182 -0.365573436 0.024581680 0.003400713 0.999691963 21.112646103
0.999647856 0.008939869 -0.024986580 -0.472426087 -0.009006315 0.999956250 -0.002548098 -0.391201615 0.024962703 0.002772237 0.999684572 22.255784988
0.999629974 0.008547326 -0.025826836 -0.490357637 -0.008664634 0.999952614 -0.004433673 -0.400342286 0.025787719 0.004655812 0.999656618 23.129968643
0.999616146 0.008918497 -0.026231267 -0.528548896 -0.009044945 0.999948025 -0.004705815 -0.422822565 0.026187932 0.004941268 0.999644816 24.231092453
0.999580085 0.008509198 -0.027700048 -0.546432853 -0.008607907 0.999957025 -0.003446214 -0.442852139 0.027669525 0.003683206 0.999610364 25.146858215
0.999581099 0.008823178 -0.027563037 -0.595930099 -0.008873970 0.999959171 -0.001721003 -0.458097667 0.027546728 0.001964876 0.999618590 26.216304779
0.999555945 0.008548791 -0.028543033 -0.626912236 -0.008526465 0.999963284 0.000903767 -0.478385329 0.028549705 -0.000659995 0.999592066 27.160604477
0.999536812 0.010069745 -0.028719340 -0.660621881 -0.010052727 0.999949157 0.000736875 -0.496474415 0.028725291 -0.000447826 0.999587238 28.202499390
0.999507248 0.011229915 -0.029311383 -0.696672797 -0.011333754 0.999930084 -0.003378809 -0.514428496 0.029271388 0.003709352 0.999564588 29.181219101
0.999493957 0.012693514 -0.029164389 -0.729624629 -0.012906187 0.999891400 -0.007115600 -0.534642875 0.029070895 0.007488399 0.999549270 30.172853470
0.999496996 0.012773211 -0.029026013 -0.768908799 -0.012994409 0.999887884 -0.007444894 -0.557163119 0.028927658 0.007818324 0.999550879 31.174062729
0.999493539 0.012996953 -0.029047130 -0.800228059 -0.013131648 0.999903917 -0.004451189 -0.583182931 0.028986488 0.004830370 0.999568045 32.159755707
0.999485612 0.013704926 -0.028992536 -0.834582210 -0.013781202 0.999902129 -0.002432707 -0.604263663 0.028956356 0.002831008 0.999576628 33.179347992
0.999512970 0.012194189 -0.028725320 -0.868252456 -0.012239471 0.999924183 -0.001400989 -0.619652092 0.028706053 0.001751889 0.999586344 34.144191742
0.999524891 0.012028442 -0.028379293 -0.899498105 -0.012098734 0.999924183 -0.002306450 -0.641427279 0.028349394 0.002648707 0.999594569 35.166061401
0.999539793 0.011574727 -0.028036933 -0.926517487 -0.011698229 0.999922574 -0.004245006 -0.654414415 0.027985634 0.004571036 0.999597847 36.117076874
0.999540269 0.011364433 -0.028108032 -0.950573981 -0.011553502 0.999911606 -0.006573271 -0.673852801 0.028030846 0.006894995 0.999583244 37.150547028
0.999566197 0.010531602 -0.027506717 -0.988130152 -0.010780735 0.999902070 -0.008924587 -0.701087177 0.027410036 0.009217259 0.999581814 38.088573456
0.999572933 0.008828218 -0.027858654 -1.006292224 -0.009169750 0.999884069 -0.012155521 -0.731726229 0.027748117 0.012405788 0.999537945 39.112178802
0.999607861 0.007222743 -0.027058089 -1.040447593 -0.007597993 0.999876022 -0.013791226 -0.760671020 0.026955126 0.013991402 0.999538720 40.051445007
0.999631524 0.005613610 -0.026555162 -1.074548364 -0.005920837 0.999916315 -0.011504937 -0.789980173 0.026488353 0.011657929 0.999581158 41.105346680
0.999641597 0.004005991 -0.026470484 -1.102656960 -0.004161403 0.999974370 -0.005818662 -0.810172677 0.026446495 0.005926730 0.999632657 42.026004791
0.999651313 0.002112022 -0.026325287 -1.124464273 -0.002114538 0.999997795 -0.000067735 -0.826418638 0.026325082 0.000123377 0.999653399 43.068386078
0.999657214 0.000971482 -0.026163403 -1.153058529 -0.000953280 0.999999344 0.000708123 -0.847185016 0.026164072 -0.000682939 0.999657452 43.992538452
0.999660015 -0.002071030 -0.025992706 -1.179470420 0.002011178 0.999995291 -0.002328601 -0.865393221 0.025997406 0.002275533 0.999659419 44.973636627
0.999647915 -0.003460525 -0.026305202 -1.197194457 0.003308201 0.999977469 -0.005831950 -0.879383206 0.026324792 0.005742874 0.999636889 46.030300140
0.999709725 -0.002040123 -0.024004987 -1.365863085 0.001832234 0.999960601 -0.008679077 -0.930585504 0.024021748 0.008632575 0.999674082 46.846069336
0.999710321 -0.002287372 -0.023958281 -1.396593094 0.001972611 0.999911547 -0.013153303 -0.952773452 0.023986245 0.013102233 0.999626338 47.909927368
0.999678195 0.001153924 -0.025344402 -1.297471046 -0.001516739 0.999896526 -0.014300846 -0.964975715 0.025325283 0.014334684 0.999576449 48.899906158
0.999731600 0.004787776 -0.022669416 -1.434537530 -0.005025358 0.999932885 -0.010434971 -0.995108128 0.022617938 0.010546095 0.999688506 49.705394745
0.999731600 0.005881284 -0.022414589 -1.467069626 -0.006073681 0.999945164 -0.008525230 -1.020181775 0.022363219 0.008659081 0.999712348 50.777141571
0.999737263 0.005418658 -0.022272296 -1.518884897 -0.005580430 0.999958515 -0.007207676 -1.060848832 0.022232313 0.007330072 0.999725938 51.843429565
0.999749005 0.003491326 -0.022129411 -1.534359217 -0.003637643 0.999971926 -0.006575127 -1.077025056 0.022105832 0.006653974 0.999733508 52.738708496
0.999741495 0.002459405 -0.022606222 -1.556900263 -0.002571332 0.999984562 -0.004923425 -1.105063915 0.022593766 0.004980280 0.999732316 53.804359436
0.999740005 0.001012884 -0.022780444 -1.596977949 -0.001083028 0.999994695 -0.003067023 -1.127128839 0.022777220 0.003090896 0.999735773 54.790821075
0.999714732 -0.000065051 -0.023884991 -1.611606121 0.000032332 0.999999046 -0.001370231 -1.145326257 0.023885062 0.001369067 0.999713778 55.710102081
0.999717414 -0.000544802 -0.023763644 -1.653447032 0.000491590 0.999997318 -0.002245006 -1.175779819 0.023764804 0.002232690 0.999715149 56.782985687
0.999690711 -0.000650606 -0.024861095 -1.669491410 0.000493399 0.999979854 -0.006329030 -1.193343043 0.024864715 0.006314806 0.999670804 57.648406982
0.999669254 -0.000403272 -0.025714118 -1.699477315 0.000182336 0.999963164 -0.008593800 -1.215549231 0.025716631 0.008586269 0.999632359 58.714897156
0.999649227 0.001762509 -0.026424401 -1.725215912 -0.001941530 0.999975383 -0.006750653 -1.238639355 0.026411850 0.006799588 0.999628007 59.591358185
0.999636650 0.003229315 -0.026762132 -1.762400627 -0.003285925 0.999992490 -0.002071579 -1.267309666 0.026755247 0.002158765 0.999639630 60.658817291
0.999609113 0.004015345 -0.027666841 -1.786819935 -0.003971776 0.999990761 0.001629519 -1.282495260 0.027673122 -0.001518995 0.999615848 61.533916473
0.999591708 0.005204773 -0.028094146 -1.824354887 -0.005137866 0.999983728 0.002453133 -1.305710912 0.028106460 -0.002307787 0.999602258 62.599437714
0.999571025 0.004530137 -0.028933100 -1.850417137 -0.004526555 0.999989808 0.000189333 -1.315271854 0.028933655 -0.000058285 0.999581337 63.462249756
0.999557137 0.004096813 -0.029476738 -1.883677006 -0.004111405 0.999991536 -0.000434449 -1.338848591 0.029474704 0.000555447 0.999565423 64.506530762
0.999550343 0.004457696 -0.029653803 -1.917861342 -0.004497590 0.999989092 -0.001278735 -1.345296264 0.029647769 0.001411530 0.999559402 65.371643066
0.999520898 0.002926875 -0.030812640 -1.944304466 -0.002963746 0.999994993 -0.001151006 -1.356598377 0.030809116 0.001241775 0.999524534 66.388923645
0.999503016 0.001674002 -0.031480908 -1.973267436 -0.001667615 0.999998629 0.000229119 -1.374987125 0.031481251 -0.000176507 0.999504268 67.315109253
0.999488533 0.001598185 -0.031941060 -2.010365725 -0.001491829 0.999993265 0.003353334 -1.404677033 0.031946193 -0.003303968 0.999484122 68.140296936
0.999468029 0.001152800 -0.032592665 -2.047854424 -0.001023281 0.999991536 0.003990282 -1.415425777 0.032596987 -0.003954807 0.999460697 69.095703125
0.999376953 -0.000129547 -0.035295267 -2.068029642 0.000263173 0.999992907 0.003781320 -1.421160817 0.035294525 -0.003788253 0.999369800 69.993728638
0.999280512 -0.000841913 -0.037917972 -2.119902611 0.000958021 0.999994934 0.003044033 -1.444212556 0.037915211 -0.003078169 0.999276221 70.792442322
0.999119103 -0.000918947 -0.041954160 -2.144031525 0.000994632 0.999997973 0.001783152 -1.453676224 0.041952431 -0.001823310 0.999117851 71.654579163
0.998975933 -0.001242800 -0.045227304 -2.181827545 0.001349726 0.999996364 0.002333724 -1.476550698 0.045224234 -0.002392379 0.998973966 72.462890625
0.998856068 -0.000189816 -0.047819458 -2.238427162 0.000366912 0.999993086 0.003694685 -1.496302366 0.047818430 -0.003708003 0.998849154 73.194519043
0.998688519 0.000670956 -0.051192772 -2.273252249 -0.000440550 0.999989748 0.004511897 -1.507821560 0.051195275 -0.004483426 0.998678565 73.997596741
0.998535573 0.001417729 -0.054079723 -2.322350502 -0.001105906 0.999982655 0.005795470 -1.517536879 0.054086991 -0.005727176 0.998519778 74.723327637
0.998377740 0.003149164 -0.056851655 -2.367045879 -0.002778206 0.999974370 0.006602894 -1.533173203 0.056870990 -0.006434235 0.998360813 75.441665649
0.998210490 0.005118729 -0.059579559 -2.414575100 -0.004711499 0.999964595 0.006973560 -1.547068357 0.059613150 -0.006680372 0.998199165 76.196472168
0.998041630 0.007341263 -0.062120009 -2.464239836 -0.006973672 0.999956906 0.006132193 -1.564133763 0.062162351 -0.005686978 0.998049974 76.781219482
0.997870028 0.008104024 -0.064727090 -2.517546892 -0.007957405 0.999965131 0.002522679 -1.582097650 0.064745292 -0.002002245 0.997899890 77.481666565
0.997690856 0.010791736 -0.067056619 -2.566354275 -0.010905473 0.999939620 -0.001330254 -1.591457367 0.067038231 0.002058466 0.997748196 78.008232117
0.997523069 0.012692427 -0.069185928 -2.616913319 -0.013022902 0.999905765 -0.004327666 -1.601588488 0.069124490 0.005217948 0.997594416 78.640090942
0.997403741 0.014567153 -0.070523575 -2.647376537 -0.014976756 0.999873877 -0.005282775 -1.612699389 0.070437714 0.006325274 0.997496009 79.133285522
0.997436881 0.016909195 -0.069526568 -2.698332071 -0.017284146 0.999839187 -0.004794785 -1.630136132 0.069434300 0.005984202 0.997568548 79.709831238
0.997559488 0.020779509 -0.066657752 -2.733796597 -0.021035060 0.999773800 -0.003134175 -1.643681169 0.066577539 0.004528675 0.997770965 80.165161133
0.997829139 0.023216564 -0.061628014 -2.761180401 -0.023352459 0.999726117 -0.001485591 -1.660682678 0.061576642 0.002921531 0.998098075 80.698036194
0.998266578 0.024291102 -0.053608634 -2.794186592 -0.024309507 0.999704421 0.000308881 -1.669468164 0.053600285 0.000994854 0.998561919 81.118919373
0.998739481 0.024211613 -0.043969300 -2.810059547 -0.024109416 0.999705315 0.002853213 -1.683302522 0.044025414 -0.001789542 0.999028862 81.611183167
0.999195158 0.023714600 -0.032352280 -2.819741249 -0.023601294 0.999713898 0.003879683 -1.688464046 0.032435026 -0.003113005 0.999468982 81.994201660
0.999557853 0.022667907 -0.019240882 -2.814304590 -0.022591749 0.999736071 0.004166267 -1.701156139 0.019330241 -0.003729740 0.999806166 82.440727234
0.999735653 0.022638835 -0.004019958 -2.809512138 -0.022625441 0.999738395 0.003346372 -1.709892511 0.004094664 -0.003254535 0.999986351 82.794692993
0.999672413 0.021379147 0.014077816 -2.790844917 -0.021389922 0.999771059 0.000615366 -1.722997665 -0.014061436 -0.000916288 0.999900758 83.211990356
0.999172151 0.020800419 0.034960642 -2.758986712 -0.020668406 0.999777794 -0.004133172 -1.732715845 -0.035038847 0.003407170 0.999380231 83.619079590
0.998075664 0.018825108 0.059081536 -2.713533401 -0.018300233 0.999788225 -0.009412503 -1.736548185 -0.059246227 0.008313184 0.998208761 84.017776489
0.996141970 0.016210625 0.086246416 -2.664497852 -0.015261757 0.999815702 -0.011649895 -1.749703884 -0.086419359 0.010288677 0.996205628 84.323707581
0.993080676 0.013716545 0.116629861 -2.602560043 -0.012279905 0.999839723 -0.013027612 -1.756718874 -0.116789855 0.011505267 0.993089974 84.708061218
0.988764584 0.011500434 0.149038106 -2.535480499 -0.009437336 0.999849737 -0.014542608 -1.770826101 -0.149182990 0.012972693 0.988724470 84.953979492
0.982762396 0.008971840 0.184655324 -2.437811852 -0.006154962 0.999855936 -0.015822351 -1.786077738 -0.184770674 0.014413066 0.982675970 85.316375732
0.974952161 0.005451993 0.222348630 -2.320106506 -0.001805078 0.999860585 -0.016601723 -1.789134502 -0.222408146 0.015784528 0.974825799 85.723007202
0.964913666 0.002927085 0.262551278 -2.202676773 0.001544687 0.999857247 -0.016823979 -1.809321523 -0.262563050 0.016639248 0.964771330 86.059638977
0.952450335 0.004222006 0.304664642 -2.096220016 0.001341561 0.999836206 -0.018049631 -1.816605210 -0.304690897 0.017600102 0.952288687 86.333000183
0.936982393 0.006740261 0.349311650 -1.954319000 -0.000273769 0.999827802 -0.018558165 -1.826878190 -0.349376529 0.017293040 0.936822891 86.656494141
0.919225514 0.006141304 0.393683761 -1.817554474 0.000449914 0.999861300 -0.016647942 -1.842877626 -0.393731356 0.015480335 0.919095099 86.904396057
0.898792684 0.005177485 0.438343495 -1.638549805 0.001626532 0.999884009 -0.015145198 -1.856602788 -0.438371032 0.014325373 0.898679793 87.202590942
0.875506818 0.004739721 0.483182460 -1.492481232 0.003019602 0.999878705 -0.015279588 -1.871333361 -0.483196288 0.014836404 0.875386357 87.321136475
0.850121677 0.005297339 0.526559770 -1.284465790 0.004360716 0.999844313 -0.017099017 -1.887662768 -0.526568294 0.016832422 0.849966228 87.598365784
0.822493851 0.007598098 0.568723321 -1.100334167 0.004662774 0.999787033 -0.020100433 -1.903093934 -0.568754971 0.019184310 0.822283328 87.782775879
0.791560650 0.011971170 0.610973358 -0.863140106 0.003746290 0.999694228 -0.024441209 -1.916613579 -0.611079097 0.021635585 0.791273832 88.050643921
0.757717431 0.018240947 0.652327836 -0.656875610 -0.000224806 0.999616563 -0.027690997 -1.930320621 -0.652582765 0.020835306 0.757430911 88.176963806
0.720169425 0.022947466 0.693418741 -0.384037018 -0.002244585 0.999524772 -0.030746322 -1.937855721 -0.693794668 0.020586122 0.719878495 88.425628662
0.681207657 0.023392167 0.731716454 -0.146591187 -0.001038196 0.999519169 -0.030986996 -1.954899669 -0.732089520 0.020348910 0.680904448 88.570098877
0.640251458 0.020695657 0.767886579 0.172714233 0.002876301 0.999565423 -0.029337948 -1.968224168 -0.768159926 0.020992335 0.639913738 88.778747559
0.595401406 0.019022988 0.803203166 0.431423187 0.004108795 0.999634564 -0.026721030 -1.975023031 -0.803417861 0.019209936 0.595105648 88.936943054
0.549067557 0.017236577 0.835600257 0.775516510 0.004890161 0.999703944 -0.023834962 -1.988830328 -0.835763693 0.017173223 0.548820615 89.119941711
0.499998629 0.015287487 0.865891337 1.073677063 0.005868316 0.999761462 -0.021039581 -1.996035933 -0.866006374 0.015601083 0.499789476 89.244354248
0.449532896 0.010998597 0.893196106 1.443668365 0.008545691 0.999825537 -0.016612530 -2.015837193 -0.893222868 0.015100854 0.449360371 89.383773804
0.396843851 0.011591600 0.917813003 1.747829437 0.005102733 0.999876916 -0.014834352 -2.025257349 -0.917871952 0.010570275 0.396735787 89.493377686
0.346515685 0.016306166 0.937902451 2.150403976 0.001654680 0.999836743 -0.017994277 -2.040219069 -0.938042700 0.007787228 0.346432149 89.597648621
0.305972695 0.020472344 0.951820195 2.433128357 0.000918837 0.999761999 -0.021798879 -2.059404373 -0.952039838 0.007544428 0.305881113 89.062744141
0.259240240 0.022083709 0.965560377 2.866123199 0.002116523 0.999723196 -0.023433318 -2.075406551 -0.965810597 0.008118489 0.259121716 89.149711609
0.218612939 0.021453630 0.975575805 3.324146271 0.009139186 0.999669492 -0.024031432 -2.095423937 -0.975768864 0.014169549 0.218344584 89.203063965
0.182738513 0.021795990 0.982919991 3.604436874 0.017700303 0.999519229 -0.025454812 -2.093937397 -0.983002245 0.022049554 0.182264864 89.225387573
0.151517734 0.023382485 0.988178015 4.097918510 0.021411851 0.999408007 -0.026931299 -2.103661776 -0.988222659 0.025239279 0.150927350 89.285430908
0.124211609 0.021696171 0.992018461 4.461995125 0.019456346 0.999515533 -0.024296280 -2.118263006 -0.992064893 0.022318937 0.123729289 89.307785034
0.098460704 0.018339075 0.994971871 4.988470078 0.013130218 0.999719083 -0.019725919 -2.130890846 -0.995054305 0.015006422 0.098192237 89.363479614
0.074747473 0.014414976 0.997098386 5.391505718 0.007993530 0.999854684 -0.015054060 -2.142321348 -0.997170448 0.009095588 0.074621387 89.380546570
0.052034102 0.011894411 0.998574436 5.883632660 0.012113871 0.999847949 -0.012540814 -2.157139301 -0.998571813 0.012749149 0.051882103 89.389884949
0.031875405 0.012576723 0.999412894 6.390886307 0.020274758 0.999706924 -0.013227073 -2.171950817 -0.999286175 0.020684466 0.031611077 89.383232117
0.014106607 0.014891927 0.999789655 6.912567616 0.024627546 0.999580503 -0.015236299 -2.188738346 -0.999597132 0.024837298 0.013733937 89.377220154
-0.000262402 0.020443162 0.999790967 7.447019100 0.025424039 0.999467969 -0.020429883 -2.194980383 -0.999676704 0.025413370 -0.000782010 89.368492126
-0.011209401 0.025075227 0.999622703 8.006337166 0.022790320 0.999432206 -0.024814885 -2.206344843 -0.999677360 0.022503560 -0.011774510 89.362434387
-0.017666733 0.024788015 0.999536633 8.584294319 0.024348916 0.999406874 -0.024354432 -2.222667217 -0.999547422 0.023907371 -0.018259814 89.349891663
-0.020148413 0.021812078 0.999559104 9.170989990 0.030799225 0.999301076 -0.021185620 -2.238204956 -0.999322593 0.030358788 -0.020806123 89.322563171
-0.019609580 0.019997044 0.999607742 9.865816116 0.031812202 0.999306262 -0.019366946 -2.262423754 -0.999301493 0.031419944 -0.020232121 89.302322388
-0.017951550 0.019632354 0.999646008 10.417315483 0.030935161 0.999339521 -0.019070804 -2.276535034 -0.999360204 0.030581860 -0.018547023 89.306327820
-0.016491691 0.019957565 0.999664843 11.054637909 0.027531210 0.999430716 -0.019498708 -2.296331406 -0.999484837 0.027200414 -0.017031759 89.301910400
-0.015127082 0.021281468 0.999659061 11.709680557 0.026603943 0.999427974 -0.020873971 -2.310368776 -0.999531567 0.026279112 -0.015684605 89.293594360
-0.014366543 0.022101663 0.999652505 12.380660057 0.026025672 0.999425292 -0.021722609 -2.331186056 -0.999558032 0.025704550 -0.014933495 89.289314270
-0.013424614 0.021622419 0.999676049 13.164503098 0.025460953 0.999449432 -0.021275600 -2.354478121 -0.999585688 0.025167083 -0.013967751 89.282951355
-0.013026251 0.020292511 0.999709249 13.768209457 0.024316799 0.999504745 -0.019971510 -2.374509335 -0.999619424 0.024049571 -0.013513248 89.280151367
-0.012523659 0.018898936 0.999742925 14.477419853 0.025395960 0.999504924 -0.018576302 -2.399687290 -0.999598980 0.025156789 -0.012997417 89.269271851
-0.012773114 0.016500972 0.999782264 15.201743126 0.025932899 0.999532938 -0.016165541 -2.422337532 -0.999581993 0.025720764 -0.013195067 89.256759644
-0.014022102 0.014825336 0.999791801 15.925707817 0.023574393 0.999617040 -0.014492114 -2.444052935 -0.999623716 0.023366272 -0.014366226 89.253738403
-0.015180632 0.013875773 0.999788463 16.658571243 0.022610843 0.999652743 -0.013530571 -2.459642649 -0.999629080 0.022400655 -0.015489103 89.245689392
-0.016638895 0.011510231 0.999795258 17.396924973 0.024952842 0.999627113 -0.011093020 -2.476914883 -0.999550104 0.024763161 -0.016919903 89.237403870
-0.017521203 0.009954410 0.999796867 18.220098495 0.026281202 0.999609768 -0.009491970 -2.497426748 -0.999500990 0.026109565 -0.017775977 89.217933655
-0.019122805 0.008802289 0.999778450 18.899059296 0.023624789 0.999686122 -0.008349605 -2.520274878 -0.999537945 0.023459885 -0.019324752 89.207458496
-0.020314073 0.013692923 0.999699950 19.657545090 0.020599661 0.999699652 -0.013274330 -2.537258387 -0.999581397 0.020323820 -0.020590039 89.206481934
-0.020987164 0.018297784 0.999612272 20.419311523 0.022084899 0.999597013 -0.017833823 -2.558465481 -0.999535739 0.021702057 -0.021382812 89.189933777
-0.022126202 0.019970777 0.999555707 21.188993454 0.022208532 0.999563694 -0.019479323 -2.579252005 -0.999508500 0.021767661 -0.022560066 89.175270081
-0.023574825 0.017667290 0.999565959 22.068563461 0.018594470 0.999678671 -0.017230727 -2.608739853 -0.999549091 0.018180186 -0.023895761 89.161552429
-0.024581108 0.013410071 0.999607921 22.741304398 0.015612976 0.999793231 -0.013028624 -2.630256653 -0.999575913 0.015286594 -0.024785401 89.151603699
-0.025020352 0.008324654 0.999652267 23.519968033 0.014164802 0.999867916 -0.007971917 -2.650360584 -0.999586523 0.013960414 -0.025134968 89.140251160
-0.025480879 0.002883168 0.999671221 24.401166916 0.010590699 0.999940515 -0.002613997 -2.670308590 -0.999619186 0.010520609 -0.025509898 89.127334595
-0.025146801 0.001456865 0.999682784 25.070411682 0.008020633 0.999967039 -0.001255523 -2.687402487 -0.999651611 0.007986515 -0.025157658 89.117080688
-0.024410121 0.008839220 0.999662995 25.941802979 0.010448578 0.999908626 -0.008586256 -2.708464622 -0.999647498 0.010235467 -0.024500247 89.098403931
-0.023028955 0.019662337 0.999541402 26.585165024 0.013165215 0.999725997 -0.019362640 -2.728258371 -0.999648154 0.012713279 -0.023281498 89.080253601
-0.023256661 0.025122330 0.999413908 27.445037842 0.014829429 0.999582887 -0.024781499 -2.744555473 -0.999619603 0.014244402 -0.023619508 89.073776245
-0.021321964 0.019352635 0.999585509 28.111986160 0.016423557 0.999684513 -0.019004231 -2.776027203 -0.999637663 0.016011538 -0.021633074 89.054779053
-0.020246167 0.011598355 0.999727786 28.871622086 0.019542748 0.999746263 -0.011202797 -2.802237988 -0.999603987 0.019310612 -0.020467697 89.038291931
-0.019895935 0.008832472 0.999762952 29.625091553 0.020797633 0.999748230 -0.008418455 -2.823356628 -0.999585629 0.020625209 -0.020074625 89.025955200
-0.020159582 0.009517867 0.999751449 30.369728088 0.019788843 0.999762595 -0.009118940 -2.843456507 -0.999600887 0.019600088 -0.020343143 89.018020630
-0.020939697 0.010554068 0.999725223 31.110113144 0.016548468 0.999810934 -0.010208359 -2.864146709 -0.999643743 0.016330160 -0.021110395 89.008956909
-0.023097057 0.010624100 0.999676824 31.922777176 0.014696717 0.999839067 -0.010286264 -2.888575077 -0.999625146 0.014454384 -0.023249477 88.998725891
-0.024758188 0.010396809 0.999639392 32.579051971 0.014335299 0.999846935 -0.010043920 -2.911087990 -0.999590695 0.014081464 -0.024903432 88.981231689
-0.027240336 0.010887516 0.999569595 33.315460205 0.012926399 0.999861002 -0.010538415 -2.931090117 -0.999545336 0.012633768 -0.027377283 88.970283508
-0.029143192 0.011317840 0.999511182 34.037094116 0.011777070 0.999870420 -0.010978520 -2.951603413 -0.999505877 0.011451363 -0.029272707 88.954833984
-0.031317674 0.010684970 0.999452353 34.755039215 0.009305689 0.999902606 -0.010398191 -2.969540119 -0.999466062 0.008974944 -0.031414051 88.939933777
-0.033204138 0.009161369 0.999406576 35.544567108 0.009439966 0.999916315 -0.008852407 -2.997743130 -0.999403954 0.009140426 -0.033287842 88.915344238
-0.035329774 0.008877262 0.999336302 36.170162201 0.009012415 0.999922693 -0.008563855 -3.020319462 -0.999335051 0.008703872 -0.035407040 88.896949768
-0.037023794 0.010392372 0.999260545 36.874206543 0.009123486 0.999907732 -0.010061068 -3.034320354 -0.999272704 0.008744238 -0.037115186 88.873542786
-0.038107809 0.010748051 0.999215961 37.660160065 0.009731699 0.999898851 -0.010384251 -3.054369688 -0.999226213 0.009328345 -0.038208544 88.850242615
-0.039318189 0.009351837 0.999182940 38.275920868 0.011611206 0.999892890 -0.008901577 -3.071784258 -0.999159276 0.011251722 -0.039422572 88.827529907
-0.040345144 0.009166542 0.999143779 39.045902252 0.011937454 0.999890983 -0.008691367 -3.089900494 -0.999114513 0.011576577 -0.040450174 88.793075562
-0.041736510 0.008143408 0.999095500 39.649696350 0.010214674 0.999917984 -0.007723402 -3.114794970 -0.999076426 0.009883086 -0.041816272 88.773582458
-0.042438634 0.007536227 0.999070644 40.393295288 0.008952002 0.999934316 -0.007162476 -3.130715132 -0.999058962 0.008639717 -0.042503305 88.742988586
-0.044035759 0.006012411 0.999011815 40.987506866 0.007722063 0.999953985 -0.005677700 -3.150726318 -0.999000072 0.007464411 -0.044080161 88.731056213
-0.044962190 0.005367189 0.998974323 41.698238373 0.007469906 0.999959290 -0.005036275 -3.175958157 -0.998960674 0.007235801 -0.045000464 88.703857422
-0.044381831 0.008226219 0.998980761 42.259197235 0.007780128 0.999938667 -0.007888458 -3.189813375 -0.998984337 0.007422095 -0.044443108 88.674827576
-0.044352900 0.011326142 0.998951674 42.891605377 0.007993895 0.999907672 -0.010982054 -3.206144571 -0.998983920 0.007498429 -0.044439349 88.651222229
-0.043957185 0.013103910 0.998947442 43.589855194 0.006190259 0.999898255 -0.012843991 -3.226296186 -0.999014139 0.005619158 -0.044033844 88.621192932
-0.044536252 0.013571872 0.998915613 44.142955780 0.006194971 0.999892175 -0.013308942 -3.247148991 -0.998988569 0.005595523 -0.044615526 88.608505249
-0.044345014 0.013275919 0.998928070 44.758220673 0.007422179 0.999888420 -0.012959193 -3.268147469 -0.998988628 0.006839546 -0.044438612 88.578865051
-0.044650856 0.012065835 0.998929858 45.443927765 0.007359340 0.999903858 -0.011748648 -3.295069933 -0.998975575 0.006826876 -0.044735357 88.553230286
-0.045034721 0.012733634 0.998904288 45.993179321 0.003439956 0.999914825 -0.012591430 -3.310110569 -0.998979449 0.002869135 -0.045074705 88.537620544
-0.044932332 0.012957938 0.998906016 46.602062225 0.000836950 0.999916017 -0.012933392 -3.330815554 -0.998989701 0.000254907 -0.044939395 88.519020081
-0.044650771 0.011599761 0.998935342 47.269386292 0.002932619 0.999929845 -0.011480225 -3.351934671 -0.998998344 0.002416896 -0.044681657 88.491935730
-0.045599513 0.010840256 0.998901010 47.813789368 0.002567291 0.999939144 -0.010734324 -3.368376255 -0.998956442 0.002074989 -0.045624562 88.463798523
-0.048733018 0.010532512 0.998756349 48.413566589 -0.000674497 0.999943793 -0.010577948 -3.385240078 -0.998811543 -0.001189153 -0.048723176 88.437759399
-0.054189999 0.010055700 0.998479962 49.082580566 -0.004334092 0.999937475 -0.010305601 -3.406845808 -0.998521149 -0.004885964 -0.054143019 88.410827637
-0.060057379 0.013895394 0.998098195 49.601982117 -0.000996790 0.999901712 -0.013980483 -3.422064304 -0.998194396 -0.001834526 -0.060037632 88.378257751
-0.066341229 0.016451059 0.997661471 50.190448761 0.001542158 0.999864519 -0.016384838 -3.439931393 -0.997795761 0.000451562 -0.066357613 88.331794739
-0.073420890 0.018373756 0.997131705 50.788360596 0.000624229 0.999830961 -0.018377529 -3.456387520 -0.997300804 -0.000726856 -0.073419936 88.286094666
-0.079855487 0.017359596 0.996655226 51.392604828 -0.003237527 0.999838591 -0.017674444 -3.477937698 -0.996801138 -0.004638100 -0.079786390 88.246627808
-0.085070230 0.016428212 0.996239603 52.001522064 -0.003244645 0.999854088 -0.016764890 -3.495035648 -0.996369541 -0.004658636 -0.085004531 88.196357727
-0.089555047 0.016750757 0.995841146 52.682674408 -0.005795145 0.999832869 -0.017339056 -3.516796112 -0.995964944 -0.007323843 -0.089443013 88.137222290
-0.093639866 0.016075784 0.995476365 53.231399536 -0.008282728 0.999822378 -0.016925087 -3.534405708 -0.995571673 -0.009830121 -0.093490086 88.091377258
-0.096272700 0.013001523 0.995270133 53.859752655 -0.007682845 0.999875188 -0.013804846 -3.549920797 -0.995325327 -0.008975536 -0.096160777 88.035018921
-0.097856723 0.010068252 0.995149553 54.493537903 -0.005547846 0.999927819 -0.010662134 -3.566466570 -0.995185077 -0.006564298 -0.097793780 87.971038818
-0.099455707 0.007168742 0.995016158 55.136268616 -0.005914703 0.999952137 -0.007795501 -3.585509539 -0.995024443 -0.006660532 -0.099408545 87.913276672
-0.100836590 0.006822642 0.994879603 55.783287048 -0.006570501 0.999950051 -0.007523371 -3.600029707 -0.994881272 -0.007295488 -0.100786738 87.854469299
-0.101202130 0.010654047 0.994808853 56.430122375 -0.004810715 0.999925792 -0.011198244 -3.614279985 -0.994854212 -0.005919028 -0.101143375 87.790298462
-0.101383641 0.014848148 0.994736552 57.084835052 0.001135402 0.999889731 -0.014809343 -3.630630970 -0.994846761 -0.000371999 -0.101389289 87.720138550
-0.101806223 0.019760109 0.994607925 57.740978241 0.008552492 0.999783218 -0.018987505 -3.651032686 -0.994767487 0.006573329 -0.101953119 87.645202637
-0.102334253 0.020801339 0.994532585 58.410308838 0.009236407 0.999758124 -0.019960240 -3.670340776 -0.994707227 0.007143291 -0.102501631 87.577529907
-0.102697767 0.018627755 0.994538248 59.151275635 0.007200797 0.999812305 -0.017982975 -3.694330931 -0.994686604 0.005314656 -0.102812640 87.505477905
-0.102320068 0.013757573 0.994656384 59.748901367 0.007385387 0.999887228 -0.013070193 -3.712903500 -0.994724274 0.006008579 -0.102410123 87.451431274
-0.102580957 0.011253855 0.994660914 60.494316101 0.009079855 0.999904931 -0.010376767 -3.741245508 -0.994683266 0.007966918 -0.102673374 87.375411987
-0.102782898 0.011370504 0.994638860 61.087654114 0.009188824 0.999902785 -0.010481138 -3.754993916 -0.994661391 0.008062280 -0.102877401 87.316207886
-0.104280494 0.012191427 0.994473219 61.748058319 0.007444928 0.999906421 -0.011477357 -3.775949478 -0.994520068 0.006206918 -0.104361504 87.254211426
-0.106040291 0.013543323 0.994269550 62.489154816 0.007713625 0.999888301 -0.012797188 -3.795295954 -0.994331896 0.006312404 -0.106132902 87.178070068
-0.107655562 0.013514195 0.994096458 63.073822021 0.007654152 0.999889314 -0.012764041 -3.814646006 -0.994158804 0.006234843 -0.107747085 87.124481201
-0.108735941 0.013749622 0.993975639 63.733959198 0.007990469 0.999884069 -0.012957239 -3.833587646 -0.994038582 0.006533414 -0.108833209 87.053642273
-0.111009598 0.013061384 0.993733525 64.485702515 0.006929410 0.999899447 -0.012368347 -3.857360363 -0.993795216 0.005512979 -0.111088961 86.977210999
-0.111800127 0.013932469 0.993633091 65.059524536 0.005636491 0.999894440 -0.013386071 -3.872091293 -0.993714750 0.004104039 -0.111866839 86.917671204
-0.113362193 0.015803130 0.993428051 65.828315735 0.005986204 0.999866128 -0.015222451 -3.893956423 -0.993535697 0.004221211 -0.113441616 86.840660095
-0.113166936 0.015746420 0.993451238 66.394447327 0.004145697 0.999873161 -0.015375962 -3.916660786 -0.993567348 0.002378498 -0.113217860 86.775207520
-0.114481919 0.016512416 0.993288159 67.157913208 0.004199012 0.999861002 -0.016137727 -3.928407192 -0.993416488 0.002323350 -0.114535339 86.695922852
-0.115324378 0.014569344 0.993221045 67.754379272 0.004756966 0.999889135 -0.014114819 -3.953424692 -0.993316472 0.003096936 -0.115380861 86.631042480
-0.116264261 0.012363115 0.993141472 68.531921387 0.002350166 0.999923170 -0.012172413 -3.975702286 -0.993215501 0.000918831 -0.116284385 86.550140381
-0.118236229 0.010317119 0.992931962 69.134300232 -0.001096593 0.999943972 -0.010520560 -3.989176750 -0.992984831 -0.002332754 -0.118218303 86.488510132
-0.119889259 0.009553468 0.992741287 69.903572083 0.000430931 0.999954104 -0.009570836 -4.007161140 -0.992787182 -0.000719638 -0.119887866 86.388412476
-0.121554054 0.010186909 0.992532492 70.528594971 0.001323515 0.999948144 -0.010100929 -4.030906200 -0.992583930 0.000085823 -0.121561222 86.315963745
-0.124178551 0.011257081 0.992196023 71.315757751 0.000594600 0.999936342 -0.011270480 -4.055109978 -0.992259741 -0.000809592 -0.124177344 86.230133057
-0.125192299 0.015032801 0.992018640 71.931915283 0.002219865 0.999886870 -0.014871891 -4.070517063 -0.992129982 0.000340303 -0.125211537 86.146270752
-0.125310585 0.019039916 0.991934955 72.726943970 0.004083604 0.999817252 -0.018675337 -4.091552734 -0.992109060 0.001710452 -0.125365391 86.042869568
-0.126584515 0.022744548 0.991695046 73.360610962 0.005254546 0.999738455 -0.022258308 -4.118272305 -0.991941929 0.002393348 -0.126670882 85.966789246
-0.126035199 0.023821708 0.991739810 74.169425964 0.006994811 0.999708116 -0.023124177 -4.141829967 -0.992001116 0.004022572 -0.126165032 85.862869263
-0.125505701 0.023026463 0.991825640 74.810073853 0.010687236 0.999704003 -0.021857006 -4.169854164 -0.992035329 0.007856692 -0.125714660 85.781875610
-0.124892265 0.021005752 0.991948009 75.633621216 0.011227947 0.999741793 -0.019757133 -4.199920654 -0.992106795 0.008670024 -0.125095904 85.665870667
-0.124240100 0.019647080 0.992057800 76.286621094 0.010438489 0.999774694 -0.018492647 -4.220153332 -0.992197335 0.008058053 -0.124417149 85.601432800
-0.122380793 0.016905051 0.992339253 77.133712769 0.009430439 0.999829650 -0.015869640 -4.251278877 -0.992438495 0.007416053 -0.122519352 85.503608704
-0.121013023 0.013903685 0.992553532 77.786010742 0.009831151 0.999869645 -0.012807544 -4.268637180 -0.992602229 0.008208063 -0.121133924 85.431678772
-0.118764572 0.010162461 0.992870450 78.635330200 0.010159622 0.999907672 -0.009019225 -4.295146465 -0.992870510 0.009016022 -0.118856832 85.331146240
-0.117478468 0.010389104 0.993021071 79.296676636 0.008836837 0.999916673 -0.009415812 -4.313210964 -0.993036091 0.007669010 -0.117560506 85.262741089
-0.115962669 0.014429120 0.993148804 80.148124695 0.009872132 0.999861896 -0.013373953 -4.342203140 -0.993204415 0.008253617 -0.116089113 85.167892456
-0.114244379 0.020846711 0.993233979 80.803695679 0.010628773 0.999748230 -0.019760890 -4.359828472 -0.993395865 0.008299286 -0.114437222 85.099754333
-0.113015510 0.024711488 0.993285954 81.679595947 0.007971000 0.999681115 -0.023963654 -4.378718853 -0.993561327 0.005209218 -0.113176435 85.004577637
-0.111262500 0.021841884 0.993550956 82.316825867 0.006367831 0.999753535 -0.021265138 -4.408713818 -0.993770599 0.003960753 -0.111374199 84.944183350
-0.110018000 0.019337567 0.993741393 83.165588379 0.007208865 0.999799967 -0.018657358 -4.440607071 -0.993903458 0.005111102 -0.110135399 84.845985413
-0.109468833 0.017364107 0.993838549 83.829170227 0.007333437 0.999834359 -0.016661102 -4.471238613 -0.993963301 0.005464382 -0.109578021 84.784759521
-0.108926177 0.017081289 0.993903041 84.679016113 0.006502402 0.999843240 -0.016470751 -4.497289658 -0.994028568 0.004668662 -0.109020159 84.698600769
