0.999996841 -0.000893280 -0.002377361 -0.022737274 0.000877583 0.999977827 -0.006594990 0.051744312 0.002383200 0.006592883 0.999975443 0.682883620
0.999980211 0.000304697 -0.006281727 -0.034020647 -0.000354745 0.999968171 -0.007967690 0.040671144 0.006279099 0.007969760 0.999948561 1.382442951
0.999947488 0.000648929 -0.010227140 -0.048578545 -0.000747352 0.999953389 -0.009622919 0.038461074 0.010220420 0.009630059 0.999901354 2.093869448
0.999884009 0.002028449 -0.015092146 -0.070030674 -0.002190024 0.999940336 -0.010697115 0.037389111 0.015069546 0.010728927 0.999828875 2.829550743
0.999803364 0.001219863 -0.019792462 -0.085766159 -0.001437497 0.999938548 -0.010985307 0.027109973 0.019777842 0.011011600 0.999743760 3.652759314
0.999715149 0.002964900 -0.023680935 -0.122790411 -0.003270922 0.999911487 -0.012894453 0.027375665 0.023640612 0.012968238 0.999636352 4.341949940
0.999574125 0.005906636 -0.028578117 -0.156707004 -0.006312175 0.999880373 -0.014121178 0.026247166 0.028491287 0.014295554 0.999491811 5.125782490
0.999433696 0.006432105 -0.033028442 -0.190031350 -0.006855771 0.999895513 -0.012730145 0.016674042 0.032943103 0.012949371 0.999373317 5.926472187
0.999288261 0.005648686 -0.037296537 -0.226132870 -0.006044238 0.999926627 -0.010501383 0.010323092 0.037234485 0.010719338 0.999249101 6.736054897
0.999160945 0.005553041 -0.040578336 -0.269199550 -0.005872137 0.999952734 -0.007748763 -0.004904892 0.040533386 0.007980543 0.999146342 7.555633068
0.999044180 0.006834264 -0.043175571 -0.315670282 -0.007219058 0.999935508 -0.008762662 -0.013491809 0.043112904 0.009065974 0.999029100 8.381270409
0.998955190 0.006463019 -0.045240834 -0.363934845 -0.006872570 0.999936700 -0.008903014 -0.028343622 0.045180436 0.009204633 0.998936415 9.215898514
0.998789787 0.003850304 -0.049032703 -0.386283994 -0.004311957 0.999947190 -0.009312916 -0.043400962 0.048994265 0.009513072 0.998753726 10.085636139
0.998758376 0.003577162 -0.049688753 -0.446921527 -0.004045423 0.999948263 -0.009326510 -0.042348932 0.049652819 0.009515943 0.998721182 10.929998398
0.998606980 0.001834007 -0.052734040 -0.484681219 -0.002358804 0.999948323 -0.009891262 -0.051523082 0.052713174 0.010001874 0.998559594 11.848184586
0.998583078 0.004459257 -0.053030606 -0.556658447 -0.005095937 0.999916434 -0.011876745 -0.075956851 0.052973222 0.012130156 0.998522282 12.672678947
0.998415411 0.005435607 -0.056011025 -0.603704095 -0.006323125 0.999857008 -0.015680395 -0.076215386 0.055917788 0.016009713 0.998306990 13.618694305
0.998388231 0.009235281 -0.055996574 -0.682800829 -0.010192210 0.999806464 -0.016827621 -0.105233267 0.055830326 0.017371228 0.998289168 14.440533638
0.998221755 0.009625457 -0.058827907 -0.721436799 -0.010611013 0.999808133 -0.016463829 -0.121757269 0.058658149 0.017058777 0.998132408 15.406917572
0.998248041 0.009418501 -0.058412470 -0.808971167 -0.010296964 0.999838114 -0.014756263 -0.151200995 0.058264010 0.015331886 0.998183489 16.252370834
0.998084128 0.009995685 -0.061057676 -0.866069973 -0.010858805 0.999845564 -0.013820722 -0.164178237 0.060910102 0.014457258 0.998038590 17.230270386
0.998126984 0.010047126 -0.060346778 -0.948262811 -0.010876547 0.999850631 -0.013431489 -0.190906376 0.060202833 0.014062694 0.998087108 18.079511642
0.997912407 0.009702068 -0.063850641 -0.991741002 -0.010625515 0.999843597 -0.014138948 -0.209710971 0.063703485 0.014787875 0.997859299 19.059085846
0.997992218 0.008726254 -0.062732756 -1.083162069 -0.009695857 0.999837935 -0.015168306 -0.229190543 0.062590212 0.015746102 0.997915089 19.918891907
0.997891068 0.008415290 -0.064363964 -1.140498757 -0.009332698 0.999858916 -0.013966081 -0.243769825 0.064237356 0.014537318 0.997828722 20.904479980
0.997956038 0.010122753 -0.063096493 -1.224141121 -0.010817097 0.999884486 -0.010672637 -0.262305051 0.062981173 0.011333344 0.997950494 21.791923523
0.997951508 0.010670819 -0.063078016 -1.283154130 -0.011133472 0.999913573 -0.006987672 -0.278649747 0.062997997 0.007675636 0.997984111 22.771051407
0.998092592 0.009606653 -0.060982686 -1.352092505 -0.009874042 0.999942839 -0.004084849 -0.297787726 0.060939942 0.004679203 0.998130500 23.687637329
0.998152673 0.010119995 -0.059908330 -1.415310502 -0.010391275 0.999937117 -0.004218475 -0.298474252 0.059861861 0.004833206 0.998194993 24.677700043
0.998178542 0.010707676 -0.059371997 -1.461607933 -0.011125711 0.999915540 -0.006714852 -0.318704307 0.059295066 0.007363178 0.998213351 25.638315201
0.998313308 0.010748181 -0.057052922 -1.544165850 -0.011391304 0.999875069 -0.010959129 -0.346139878 0.056927986 0.011590552 0.998310983 26.558553696
0.998365104 0.010064262 -0.056265566 -1.600802541 -0.010879366 0.999840081 -0.014199236 -0.361729562 0.056113660 0.014788156 0.998314857 27.535589218
0.998472452 0.007500288 -0.054740954 -1.670796275 -0.008224633 0.999881327 -0.013018967 -0.382261038 0.054636814 0.013449305 0.998415709 28.501749039
0.998448372 0.006339529 -0.055323441 -1.724154830 -0.006851720 0.999935269 -0.009073364 -0.386725962 0.055262342 0.009438346 0.998427272 29.500694275
0.998485446 0.002963538 -0.054936584 -1.800665140 -0.003235298 0.999982953 -0.004858529 -0.418196321 0.054921236 0.005028903 0.998478055 30.465124130
0.998397052 -0.002738848 -0.056530885 -1.843599916 0.002350928 0.999973238 -0.006927461 -0.417522848 0.056548342 0.006783457 0.998376846 31.460863113
0.998335183 -0.006016096 -0.057362691 -1.918439746 0.005469620 0.999938071 -0.009678923 -0.450573325 0.057417367 0.009349057 0.998306453 32.455924988
0.998205423 -0.005218833 -0.059653565 -1.969249725 0.004379009 0.999889433 -0.014200381 -0.466121465 0.059721075 0.013913677 0.998118043 33.446895599
0.998132944 -0.004029076 -0.060946509 -2.051277876 0.003143447 0.999888122 -0.014620215 -0.491379857 0.060998604 0.014401328 0.998033881 34.473148346
0.998059869 -0.003428146 -0.062167354 -2.115641117 0.002550181 0.999895990 -0.014196475 -0.505367994 0.062209561 0.014010395 0.997964680 35.470977783
0.998419583 -0.009379745 -0.055411126 -2.694573879 0.008027341 0.999665678 -0.024579100 -0.679037988 0.055623144 0.024095450 0.998161018 36.459487915
0.998339474 -0.009089336 -0.056883391 -2.751803398 0.007747814 0.999687791 -0.023759902 -0.704049945 0.057081591 0.023279725 0.998098016 37.460391998
0.998314917 -0.007561895 -0.057533320 -2.816236019 0.006368458 0.999761343 -0.020898566 -0.748075783 0.057677615 0.020496953 0.998124838 38.483047485
0.998259366 -0.007253897 -0.058528826 -2.859626770 0.006205947 0.999817491 -0.018066857 -0.779905915 0.058649201 0.017672181 0.998122275 39.480834961
0.998322308 -0.001987219 -0.057867408 -2.949114561 0.001084952 0.999877393 -0.015619135 -0.811965704 0.057891369 0.015530148 0.998202085 40.517856598
0.998265743 -0.001646903 -0.058844130 -3.008059978 0.000665183 0.999860227 -0.016699091 -0.834947407 0.058863424 0.016630989 0.998127520 41.519672394
0.998305857 -0.002114161 -0.058145788 -3.070518732 0.001066975 0.999836683 -0.018034743 -0.869249403 0.058174442 0.017942149 0.998145163 42.536968231
0.998308003 0.000353295 -0.058145400 -3.140622377 -0.001532102 0.999794185 -0.020230150 -0.899624825 0.058126274 0.020285008 0.998103201 43.533252716
0.998244286 -0.000098325 -0.059231769 -3.197983742 -0.001097571 0.999796152 -0.020157246 -0.935833752 0.059221700 0.020186869 0.998040676 44.552639008
0.998121142 -0.001704263 -0.061247990 -3.241780996 0.000533549 0.999816895 -0.019125750 -0.967041373 0.061269384 0.019057142 0.997939348 45.538269043
0.998114705 -0.001660154 -0.061354011 -3.318397522 0.000569106 0.999841452 -0.017796019 -0.999990523 0.061373819 0.017727552 0.997957349 46.551441193
0.998068988 0.000578507 -0.062112577 -3.385085344 -0.001902564 0.999772131 -0.021259986 -1.037819743 0.062086143 0.021337109 0.997842610 47.538402557
0.998041868 0.001261723 -0.062537014 -3.454164982 -0.002871198 0.999666750 -0.025653208 -1.067430735 0.062483802 0.025782533 0.997712910 48.527324677
0.997990310 0.002038745 -0.063333124 -3.515744925 -0.003802415 0.999607861 -0.027739484 -1.089755416 0.063251726 0.027924553 0.997606874 49.498313904
0.998002291 0.001206975 -0.063165620 -3.584131479 -0.002703386 0.999717474 -0.023610102 -1.139329553 0.063119270 0.023733700 0.997723699 50.496051788
0.997919738 -0.000978458 -0.064460970 -3.634239197 -0.000346056 0.999789000 -0.020533167 -1.173096776 0.064467460 0.020512763 0.997708917 51.469615936
0.997970700 -0.002389642 -0.063629858 -3.713474512 0.001122219 0.999800444 -0.019946951 -1.205765009 0.063664824 0.019835070 0.997774184 52.459064484
0.997932374 -0.006011189 -0.063990913 -3.773718834 0.004682188 0.999770701 -0.020898273 -1.243453979 0.064101860 0.020555452 0.997731626 53.409812927
0.997882247 -0.015149773 -0.063258313 -3.858577490 0.013639946 0.999613285 -0.024231821 -1.313199043 0.063600950 0.023317661 0.997702956 54.402996063
0.997763038 -0.016433893 -0.064799160 -3.919380665 0.014959401 0.999619484 -0.023174737 -1.349030018 0.065155365 0.022153534 0.997629225 55.367069244
0.997637987 -0.020029744 -0.065705456 -3.972750425 0.018821081 0.999643028 -0.018962961 -1.379526734 0.066061825 0.017681526 0.997658789 56.316211700
0.997600734 -0.020709686 -0.066059902 -4.041751862 0.019796263 0.999699533 -0.014452033 -1.403194547 0.066339344 0.013109621 0.997711003 57.268566132
0.997559965 -0.019325851 -0.067087360 -4.102330685 0.018569382 0.999756992 -0.011881419 -1.437036514 0.067300655 0.010606656 0.997676373 58.229892731
0.997472584 -0.017958332 -0.068747215 -4.164389610 0.016909109 0.999731958 -0.015813690 -1.466303706 0.069012769 0.014611265 0.997508764 59.169479370
0.997455359 -0.016134717 -0.069444001 -4.242043972 0.014531664 0.999617577 -0.023527699 -1.498409986 0.069797039 0.022458693 0.997308373 60.086936951
0.997426927 -0.014538664 -0.070200451 -4.316367149 0.012576215 0.999519944 -0.028316373 -1.531041741 0.070578419 0.027360654 0.997130990 61.013584137
0.997486353 -0.008898783 -0.070297673 -4.368234634 0.006961725 0.999590576 -0.027752323 -1.572677732 0.070515849 0.027193174 0.997139931 61.899917603
0.997437775 -0.005811755 -0.071302935 -4.442408085 0.003999139 0.999665856 -0.025537860 -1.613519430 0.071427524 0.025187282 0.997127712 62.799045563
0.997376800 -0.002284351 -0.072348326 -4.506163597 0.000544693 0.999710441 -0.024056172 -1.654562831 0.072382331 0.023953663 0.997089386 63.672534943
0.997285008 -0.001001014 -0.073631957 -4.569945812 -0.000790839 0.999704301 -0.024302049 -1.693641663 0.073634528 0.024294304 0.996989429 64.533363342
0.997201800 0.000277237 -0.074755877 -4.646955490 -0.002036131 0.999722779 -0.023453331 -1.721376061 0.074728645 0.023539914 0.996926129 65.388946533
0.997070014 0.001715786 -0.076474689 -4.701210976 -0.003482510 0.999729872 -0.022974715 -1.757113695 0.076414607 0.023173727 0.996806800 66.220252991
0.996962845 -0.000077052 -0.077878900 -4.782384872 -0.001658950 0.999751568 -0.022226099 -1.788643122 0.077861279 0.022287795 0.996715009 67.054214478
0.996855736 -0.000939279 -0.079232045 -4.845371246 -0.000755711 0.999771535 -0.021360006 -1.812900543 0.079234004 0.021352723 0.996627271 67.869499207
0.996755064 0.002044040 -0.080468401 -4.922279358 -0.003560166 0.999818683 -0.018702306 -1.840298176 0.080415599 0.018928103 0.996581614 68.673721313
0.996652603 0.004572825 -0.081625089 -4.986417294 -0.005759785 0.999881148 -0.014312098 -1.878093719 0.081549913 0.014734331 0.996560335 69.463539124
0.996474147 0.007674017 -0.083547637 -5.046508789 -0.008741980 0.999884665 -0.012424378 -1.906435013 0.083442666 0.013110942 0.996426284 70.235427856
0.996381462 0.010770989 -0.084308051 -5.135693550 -0.012225655 0.999784887 -0.016757011 -1.932597160 0.084109433 0.017727099 0.996298850 70.988655090
0.996275306 0.010891547 -0.085538290 -5.197671890 -0.012959462 0.999636114 -0.023657354 -1.965938330 0.085249491 0.024677766 0.996054053 71.698448181
0.996134758 0.009985276 -0.087267943 -5.262712955 -0.012642542 0.999471426 -0.029949969 -1.986927032 0.086922757 0.030937495 0.995734513 72.432861328
0.996066928 0.010527786 -0.087975904 -5.318134785 -0.013304990 0.999429524 -0.031041224 -2.014635801 0.087598927 0.032089651 0.995638788 73.120811462
0.996021330 0.013334344 -0.088111915 -5.399858475 -0.015831405 0.999490857 -0.027701851 -2.037850618 0.087697677 0.028986564 0.995725274 73.792976379
0.995896995 0.013938552 -0.089414038 -5.467661381 -0.016266091 0.999546051 -0.025355523 -2.075888634 0.089020021 0.026705910 0.995671749 74.464263916
0.995862424 0.010601056 -0.090253495 -5.529713154 -0.013231751 0.999503374 -0.028599598 -2.105502129 0.089905463 0.029675476 0.995508075 75.089897156
0.995942831 0.002326957 -0.089958303 -5.577653408 -0.005394899 0.999411464 -0.033875968 -2.134604931 0.089826517 0.034223840 0.995369315 75.697273254
0.995970726 -0.001365232 -0.089669153 -5.613770485 -0.002099868 0.999255002 -0.038537469 -2.164990664 0.089654952 0.038570482 0.995225787 76.308959961
0.996251583 0.001052628 -0.086497769 -5.666289806 -0.004448240 0.999226511 -0.039073277 -2.189007998 0.086389728 0.039311580 0.995485544 76.881195068
0.996618509 0.005819894 -0.081962839 -5.726447105 -0.008797216 0.999312639 -0.036011174 -2.220293045 0.081696913 0.036610439 0.995984614 77.450614929
0.996948063 0.004219709 -0.077954397 -5.761914253 -0.006772007 0.999448597 -0.032505617 -2.253502131 0.077774249 0.032934308 0.996426821 78.023033142
0.997381151 0.000667579 -0.072321832 -5.788245201 -0.002681037 0.999611378 -0.027746726 -2.290115833 0.072275214 0.027867962 0.996995270 78.568458557
0.997950613 -0.003969436 -0.063868076 -5.813311577 0.002411481 0.999698102 -0.024451898 -2.315553665 0.063945867 0.024247762 0.997658730 79.097480774
0.998581588 -0.000268087 -0.053245440 -5.843280792 -0.001065047 0.999686658 -0.025007635 -2.328638792 0.053235453 0.025028873 0.998268425 79.616035461
0.999287486 0.005174515 -0.037387859 -5.874335289 -0.006086894 0.999685407 -0.024330782 -2.366250515 0.037250202 0.024541020 0.999004662 80.116798401
0.999751210 0.009988868 -0.019945975 -5.872281075 -0.010478511 0.999642551 -0.024597075 -2.372823954 0.019693147 0.024799967 0.999498367 80.608627319
0.999960124 0.008508609 0.002721526 -5.866537094 -0.008442797 0.999691904 -0.023341503 -2.400089264 -0.002919286 0.023317602 0.999723792 81.086738586
0.999561429 0.005076591 0.029176299 -5.831471443 -0.004424080 0.999739647 -0.022385310 -2.415233612 -0.029282341 0.022246417 0.999323547 81.552978516
0.998306155 0.003999494 0.058041953 -5.773180962 -0.002770117 0.999770343 -0.021245860 -2.427692890 -0.058113605 0.021049090 0.998088062 82.008163452
0.995802224 0.003609719 0.091459990 -5.719902039 -0.001832740 0.999808013 -0.019505566 -2.445168018 -0.091512837 0.019256063 0.995617688 82.452568054
0.991655350 0.003613292 0.128867149 -5.635865211 -0.001251347 0.999829710 -0.018404786 -2.466053486 -0.128911734 0.018089943 0.991491020 82.886283875
0.985442758 0.003332470 0.169974551 -5.541584015 -0.000245244 0.999834657 -0.018180624 -2.480657101 -0.170007020 0.017874284 0.985280871 83.295181274
0.976557136 0.003186360 0.215235040 -5.431604385 0.000629114 0.999843895 -0.017656159 -2.496901989 -0.215257719 0.017377656 0.976402760 83.701454163
0.964656830 0.005207425 0.263458014 -5.284732819 -0.000189557 0.999818206 -0.019068034 -2.516339779 -0.263509423 0.018344171 0.964482486 84.095298767
0.948614717 0.006196278 0.316372663 -5.129287720 0.000506652 0.999777198 -0.021100175 -2.534196854 -0.316432863 0.020176228 0.948400199 84.469383240
0.928265154 0.006668149 0.371859133 -4.946584702 0.002021600 0.999734104 -0.022973651 -2.541615963 -0.371913373 0.022077400 0.928004742 84.835128784
0.903486907 0.007073014 0.428557277 -4.753021240 0.003143171 0.999727607 -0.023126194 -2.560527563 -0.428604066 0.022241250 0.903218508 85.160766602
0.873960972 0.006957644 0.485946059 -4.528518677 0.005328455 0.999700189 -0.023896508 -2.576438427 -0.485966682 0.023473963 0.873661995 85.481636047
0.839843154 0.004924552 0.542806804 -4.290794373 0.009822043 0.999657273 -0.024266163 -2.583755016 -0.542740226 0.025711242 0.839506984 85.795089722
0.801769137 0.005022560 0.597612739 -4.029575348 0.012052480 0.999625385 -0.024571069 -2.592978954 -0.597512305 0.026903035 0.801408291 86.101524353
0.761499107 0.002784409 0.648159981 -3.746978760 0.014759298 0.999656916 -0.021634538 -2.613544226 -0.647997856 0.026041064 0.761196852 86.361846924
0.719973028 0.002053844 0.693999052 -3.485317230 0.014041790 0.999747813 -0.017526016 -2.603264570 -0.693859994 0.022363251 0.719762564 86.569091797
0.674984276 0.001223912 0.737831175 -3.175212860 0.016053034 0.999737561 -0.016344031 -2.605676651 -0.737657428 0.022876391 0.674787402 86.785751343
0.627953351 -0.000490844 0.778250813 -2.842418671 0.019972820 0.999680638 -0.015485134 -2.621103287 -0.777994692 0.025267802 0.627762496 86.999481201
0.580047846 -0.002946948 0.814577103 -2.517387390 0.026277641 0.999540806 -0.015095799 -2.632913828 -0.814158440 0.030161457 0.579858780 87.180145264
0.533447683 -0.000810585 0.845832765 -2.176212311 0.024088262 0.999608576 -0.014233970 -2.649587631 -0.845490038 0.027967723 0.533258200 87.344490051
0.487043202 0.001997983 0.873375595 -1.826709747 0.020990310 0.999681830 -0.013992297 -2.659085274 -0.873125672 0.025147282 0.486846030 87.488723755
0.439280540 0.004234228 0.898339987 -1.497592926 0.020222489 0.999688864 -0.014600528 -2.668140411 -0.898122311 0.024580408 0.439058334 87.643356323
0.396218598 0.001154078 0.918155551 -1.133981705 0.027754873 0.999527097 -0.013233619 -2.678711891 -0.917736650 0.030726697 0.395999283 87.758453369
0.357178509 0.000936559 0.934035778 -0.775314331 0.038953625 0.999114633 -0.015897814 -2.617439747 -0.933223546 0.042062432 0.356825799 87.855865479
0.321551979 -0.002051208 0.946889699 -0.395235062 0.043029018 0.998996258 -0.012448042 -2.618879795 -0.945913792 0.044746429 0.321317494 87.948982239
0.288264275 0.001599187 0.957549572 -0.025510788 0.040690765 0.999074757 -0.013918242 -2.631680965 -0.956686020 0.042975564 0.287932485 88.042053223
0.256844819 0.009178466 0.966409087 0.356294632 0.030177960 0.999391079 -0.017512180 -2.645711660 -0.965981424 0.033662170 0.256411403 88.144165039
0.223344162 0.021362348 0.974505544 0.783599854 0.015547851 0.999554515 -0.025474815 -1.860858083 -0.974615633 0.020841120 0.222912565 88.406570435
0.197377637 0.022725325 0.980064154 1.188106537 0.017463058 0.999491096 -0.026692720 -1.881075025 -0.980171978 0.022383463 0.196880355 88.470245361
0.174270868 0.024453063 0.984394193 1.628752708 0.025606958 0.999240875 -0.029355159 -1.889576435 -0.984364688 0.030323090 0.173512474 88.519844055
0.153968573 0.030546514 0.987603426 2.050417900 0.032698531 0.998816967 -0.035991084 -1.895145178 -0.987534523 0.037834678 0.152787581 88.557632446
0.134311140 0.037661463 0.990223229 2.505610466 0.035103176 0.998469472 -0.042736389 -1.897901177 -0.990317285 0.040499967 0.132783517 88.606254578
0.117398664 0.038258586 0.992347658 2.966569901 0.033019021 0.998554647 -0.042404175 -1.915701270 -0.992535830 0.037744552 0.115965739 88.647941589
0.100940473 0.034106437 0.994307697 3.451708794 0.031948838 0.998785615 -0.037503429 -1.940581322 -0.994379342 0.035552591 0.099728242 88.707397461
0.085925214 0.031022372 0.995818496 3.944097042 0.032733038 0.998887479 -0.033942387 -1.963578463 -0.995763719 0.035512678 0.084814198 88.749786377
0.073156007 0.028255651 0.996920228 4.432731628 0.034708351 0.998920858 -0.030859321 -1.987961531 -0.996716321 0.036858998 0.072096348 88.764328003
0.061826881 0.027681643 0.997702956 4.950774670 0.038745519 0.998795211 -0.030112976 -2.004880667 -0.997334540 0.040518310 0.060679853 88.778663635
0.051596649 0.028285088 0.998267353 5.478595734 0.042153355 0.998646319 -0.030474562 -2.024735689 -0.997777939 0.043652713 0.050334487 88.800842285
0.044468291 0.029415661 0.998577714 6.030479908 0.044163074 0.998531342 -0.031380940 -2.038012743 -0.998034179 0.045495715 0.043103885 88.808876038
0.038813282 0.029792555 0.998802245 6.604745865 0.045284830 0.998475969 -0.031542577 -2.060448170 -0.998219907 0.046454865 0.037404966 88.824623108
0.032543559 0.030304762 0.999010801 7.158554554 0.047672614 0.998355508 -0.031837858 -2.081042528 -0.998332739 0.048661575 0.031045333 88.850242615
0.026783668 0.031077411 0.999158084 7.748042107 0.048509058 0.998298705 -0.032351024 -2.099692822 -0.998463511 0.049334705 0.025230560 88.858581543
0.022774637 0.031122455 0.999256074 8.377361298 0.050882638 0.998183906 -0.032248754 -2.121470928 -0.998444855 0.051579248 0.021149689 88.860641479
0.019646639 0.031168906 0.999320984 8.979586601 0.052944012 0.998079062 -0.032171052 -2.145019054 -0.998404205 0.053540111 0.017958686 88.869918823
0.016979540 0.030257363 0.999397933 9.635248184 0.054565832 0.998024344 -0.031142846 -2.174457073 -0.998365819 0.055061761 0.015294978 88.872192383
0.014130045 0.029879890 0.999453664 10.275806427 0.056228109 0.997947991 -0.030629817 -2.194134951 -0.998317957 0.056630187 0.012420955 88.885871887
0.013637719 0.029509481 0.999471486 10.989499092 0.060534798 0.997706532 -0.030283364 -2.222056150 -0.998072863 0.060915794 0.011820089 88.888694763
0.014516486 0.029475119 0.999460161 11.654801369 0.064112313 0.997481048 -0.030347951 -2.241902828 -0.997837126 0.064518251 0.012590207 88.895477295
0.016925249 0.029385779 0.999424934 12.407429695 0.066044696 0.997352064 -0.030443305 -2.270491838 -0.997673094 0.066521972 0.014939665 88.904640198
0.020678621 0.029312041 0.999356389 13.078694344 0.068196535 0.997200608 -0.030659931 -2.294536352 -0.997457564 0.068786651 0.018621754 88.920608521
0.025061930 0.028680461 0.999274492 13.852464676 0.068589494 0.997183323 -0.030340685 -2.325554132 -0.997330070 0.069300115 0.023024166 88.937232971
0.029017495 0.027212204 0.999208331 14.577280998 0.070216484 0.997104466 -0.029194025 -2.346012592 -0.997109592 0.071008042 0.027022742 88.962112427
0.032698534 0.025650525 0.999136031 15.387295723 0.070095465 0.997150242 -0.027893541 -2.371214390 -0.997004271 0.070946991 0.030807367 88.999176025
0.036932942 0.023549749 0.999040246 16.135005951 0.067096196 0.997407913 -0.025991710 -2.396324158 -0.997062683 0.067991756 0.035257112 89.029510498
0.040919006 0.022802267 0.998902202 16.962232590 0.065999053 0.997494459 -0.025473716 -2.421193123 -0.996980309 0.066968963 0.039311554 89.070930481
0.044848818 0.023440525 0.998718798 17.729532242 0.063433863 0.997640312 -0.026263798 -2.452189922 -0.996977746 0.064530492 0.043256070 89.112228394
0.048262700 0.027182888 0.998464704 18.556888580 0.061068479 0.997679174 -0.030113358 -2.492266417 -0.996965945 0.062428080 0.046490666 89.146194458
0.049465526 0.032532763 0.998245835 19.343923569 0.055626262 0.997828305 -0.035275567 -2.517778397 -0.997225583 0.057273626 0.047548428 89.202697754
0.049000923 0.035731535 0.998159409 20.181470871 0.052608866 0.997880220 -0.038304180 -2.552160740 -0.997412205 0.054388966 0.047017265 89.253356934
0.049567051 0.035190530 0.998150706 20.981307983 0.050461460 0.998014510 -0.037691589 -2.587789774 -0.997495234 0.052236401 0.047692858 89.290786743
0.049189325 0.033005748 0.998244047 21.827404022 0.047692779 0.998236120 -0.035355587 -2.638670444 -0.997650146 0.049348142 0.047528416 89.347991943
0.049374398 0.031849518 0.998272359 22.620590210 0.048882455 0.998216569 -0.034265451 -2.672274828 -0.997583449 0.050489839 0.047729459 89.379631042
0.049763791 0.030891301 0.998283207 23.468112946 0.046251833 0.998377919 -0.033199858 -2.718240976 -0.997689545 0.047824576 0.048254296 89.432525635
0.049487624 0.031543158 0.998276472 24.257852554 0.045146011 0.998408794 -0.033785366 -2.749792576 -0.997753918 0.046740159 0.047984850 89.480796814
0.049234461 0.032086525 0.998271704 25.097961426 0.041803189 0.998541832 -0.034156926 -2.791646004 -0.997912109 0.043412641 0.047821343 89.528022766
0.048180070 0.033318210 0.998282790 25.880386353 0.039191995 0.998610795 -0.035220679 -2.828379631 -0.998069465 0.040821631 0.046807326 89.570503235
0.044964757 0.032796379 0.998450041 26.724636078 0.035740867 0.998768330 -0.034416404 -2.870009899 -0.998348951 0.037232995 0.043737184 89.622756958
0.041862350 0.031754401 0.998618662 27.513929367 0.034275483 0.998860776 -0.033198930 -2.902448177 -0.998535335 0.035617929 0.040726267 89.649887085
0.037369780 0.029480720 0.998866558 28.355140686 0.032375939 0.999004245 -0.030696033 -2.937969923 -0.998776913 0.033486355 0.036378104 89.679107666
0.030712726 0.027232654 0.999157250 29.138189316 0.030317806 0.999143302 -0.028164206 -2.972399235 -0.999068379 0.031157253 0.029860793 89.709434509
0.023270896 0.027419953 0.999353111 29.973426819 0.029660512 0.999164641 -0.028105460 -3.013675690 -0.999289155 0.030295357 0.022438169 89.734413147
0.014699255 0.028319627 0.999490798 30.744802475 0.030581426 0.999118447 -0.028758828 -3.042657852 -0.999424160 0.030988587 0.013820242 89.741882324
0.004661689 0.028768664 0.999575198 31.575355530 0.030831007 0.999106765 -0.028898967 -3.072222710 -0.999513686 0.030952627 0.003770559 89.742065430
-0.005547505 0.027953710 0.999593914 32.341194153 0.032699663 0.999079823 -0.027757857 -3.103709221 -0.999449849 0.032532401 -0.006456478 89.737533569
-0.015783168 0.026976526 0.999511421 33.165672302 0.033109229 0.999101996 -0.026442645 -3.136515379 -0.999327123 0.032675706 -0.016662167 89.721160889
-0.027547993 0.026095437 0.999279797 33.919795990 0.034251109 0.999096811 -0.025146428 -3.174136639 -0.999033570 0.033533711 -0.028416909 89.701766968
-0.039075438 0.026556186 0.998883367 34.720321655 0.034105618 0.999099672 -0.025227757 -3.200141907 -0.998654127 0.033081748 -0.039945975 89.681747437
-0.049620178 0.027248740 0.998396456 35.480514526 0.034467872 0.999078989 -0.025554325 -3.230795383 -0.998173237 0.033144582 -0.050513681 89.630615234
-0.059790730 0.027935972 0.997819960 36.267284393 0.034822624 0.999058247 -0.025884017 -3.267302513 -0.997603357 0.033199087 -0.060707219 89.577453613
-0.070717223 0.029384024 0.997063518 37.018688202 0.034954015 0.999025106 -0.026962701 -3.289714575 -0.996883929 0.032944642 -0.071675360 89.532913208
-0.080185324 0.030577395 0.996310830 37.794078827 0.035797179 0.998972893 -0.027778056 -3.312982082 -0.996137023 0.033437733 -0.081197552 89.462402344
-0.089991316 0.030774603 0.995466888 38.553062439 0.036883216 0.998939753 -0.027547682 -3.350030899 -0.995259345 0.034236956 -0.091030963 89.406730652
-0.099726096 0.031422149 0.994518697 39.308620453 0.037775818 0.998900294 -0.027772591 -3.372807503 -0.994297624 0.034799095 -0.100803435 89.343841553
-0.107838072 0.030650312 0.993695855 40.028343201 0.039349802 0.998872936 -0.026539678 -3.411500216 -0.993389606 0.036239751 -0.108922616 89.242340088
-0.115069121 0.029830476 0.992909372 40.749664307 0.041297842 0.998828471 -0.025222257 -3.439326048 -0.992498696 0.038102727 -0.116166249 89.148422241
-0.120386526 0.027794015 0.992337942 41.478309631 0.044096928 0.998770893 -0.022624528 -3.474915504 -0.991747260 0.041035373 -0.121464215 89.063255310
-0.123827666 0.026701739 0.991944373 42.182296753 0.047030620 0.998672366 -0.021011857 -3.494650126 -0.991188645 0.044049922 -0.124919072 88.964874268
-0.126785100 0.025509208 0.991602123 42.892181396 0.048687980 0.998624265 -0.019464668 -3.520073175 -0.990734637 0.045811269 -0.127852693 88.873184204
-0.128498197 0.024298621 0.991411984 43.565048218 0.048659377 0.998650134 -0.018169213 -3.549903393 -0.990515292 0.045906786 -0.129507095 88.789840698
-0.129159972 0.024682531 0.991316557 44.232528687 0.049483359 0.998605072 -0.018416755 -3.571871519 -0.990388393 0.046674948 -0.130201176 88.711891174
-0.128120184 0.025851062 0.991421580 44.864070892 0.051101752 0.998504341 -0.019431923 -3.595045090 -0.990441263 0.048173767 -0.129249573 88.617759705
-0.125114635 0.027983885 0.991747558 45.496822357 0.052809812 0.998372793 -0.021508571 -3.609443426 -0.990735829 0.049682967 -0.126388878 88.535949707
-0.120047465 0.028002458 0.992373168 46.098369598 0.051627945 0.998425484 -0.021927804 -3.642197609 -0.991424859 0.048601814 -0.121304177 88.465980530
-0.112365417 0.028714236 0.993251979 46.679107666 0.051773850 0.998393774 -0.023005765 -3.666561127 -0.992317259 0.048839428 -0.113671586 88.410049438
-0.101582848 0.028648831 0.994414508 47.247032166 0.050191563 0.998459756 -0.023638133 -3.691110373 -0.993560195 0.047509987 -0.102864325 88.365173340
-0.087245278 0.028870091 0.995768487 47.810180664 0.049400222 0.998475552 -0.024620326 -3.715023518 -0.994961143 0.047043175 -0.088538468 88.313812256
-0.070180282 0.030232774 0.997076035 48.336807251 0.048629660 0.998455882 -0.026851758 -3.741078854 -0.996348202 0.046603013 -0.071542121 88.290657043
-0.048792530 0.032580834 0.998277545 48.860847473 0.046455625 0.998460293 -0.030316202 -3.767309904 -0.997727990 0.044896398 -0.050230969 88.278594971
-0.024024496 0.035910647 0.999066234 49.375938416 0.045008894 0.998380125 -0.034803662 -3.789147377 -0.998697639 0.044130724 -0.025601879 88.279884338
0.004485669 0.037648275 0.999280930 49.890731812 0.042726491 0.998371243 -0.037805799 -3.813378334 -0.999076664 0.042865366 0.002869784 88.295944214
0.037121017 0.036577743 0.998641133 50.403919220 0.039127003 0.998510361 -0.038027365 -3.848923683 -0.998544395 0.040485453 0.035634540 88.341926575
0.076332793 0.034753647 0.996476531 50.883312225 0.039479990 0.998503268 -0.037848610 -3.864112377 -0.996300399 0.042229973 0.074846484 88.380760193
0.118227214 0.030737344 0.992510736 51.377830505 0.036258150 0.998720586 -0.035248715 -3.895442963 -0.992324352 0.040153954 0.116961479 88.463714600
0.163958669 0.026658304 0.986106932 51.849998474 0.033407532 0.998911381 -0.032559086 -3.915788889 -0.985901356 0.038281739 0.162889570 88.557548523
0.213059515 0.023098286 0.976766229 52.341224670 0.028352723 0.999153316 -0.029812202 -3.945736647 -0.976627767 0.034045760 0.212224245 88.690658569
0.264852613 0.020963902 0.964061022 52.795501709 0.022788072 0.999348462 -0.027991712 -3.978158712 -0.964019597 0.029382773 0.264202356 88.845329285
0.320450664 0.020761864 0.947037697 53.246299744 0.021897981 0.999330163 -0.029317927 -4.000323296 -0.947012067 0.030133165 0.319781423 89.021926880
0.377707094 0.022412242 0.925653815 53.679336548 0.023607638 0.999148846 -0.033824667 -4.005608082 -0.925624132 0.034628313 0.376856506 89.238113403
0.437375665 0.026759667 0.898880661 54.076675415 0.022502925 0.998918533 -0.040687218 -4.023836136 -0.898997307 0.038023043 0.436300427 89.472320557
0.497295946 0.031252246 0.867017925 54.451354980 0.022491008 0.998550653 -0.048893612 -4.035101891 -0.867289424 0.043814704 0.495872319 89.726562500
0.557181060 0.036010686 0.829609811 54.826797485 0.017574199 0.998324037 -0.055137184 -4.049254417 -0.830205023 0.045301128 0.555614471 89.999786377
0.612756491 0.038561761 0.789330363 55.151237488 0.011343860 0.998276651 -0.057575803 -4.080669403 -0.790190220 0.044234004 0.611263156 90.319931030
0.665752649 0.038420890 0.745182693 55.468666077 0.008351562 0.998227179 -0.058928978 -4.121924400 -0.746125698 0.045455556 0.664251626 90.662689209
0.714861393 0.037839025 0.698241711 55.739540100 0.005530551 0.998197615 -0.059756421 -4.138931274 -0.699244380 0.046579216 0.713363647 90.995018005
0.761036754 0.034117993 0.647810996 56.022743225 0.001824927 0.998499393 -0.054731458 -4.171789169 -0.648706377 0.042834859 0.759832501 91.380683899
0.802951932 0.029793341 0.595298827 56.247779846 -0.000872117 0.998807549 -0.048811704 -4.190212250 -0.596043289 0.038674284 0.802020431 91.759246826
0.840186894 0.027725056 0.541587710 56.484695435 -0.005172293 0.999056458 -0.043119896 -4.211014748 -0.542272270 0.033427522 0.839537680 92.199623108
0.871945322 0.023586020 0.489034802 56.646617889 -0.006961588 0.999335170 -0.035785206 -4.236156940 -0.489553720 0.027798297 0.871529818 92.584152222
0.898115098 0.023496017 0.439132184 56.821884155 -0.011506251 0.999485254 -0.029945377 -4.267491817 -0.439609766 0.021841636 0.897923172 93.035827637
0.918899894 0.025914904 0.393638581 56.952796936 -0.016742254 0.999502778 -0.026718820 -4.285399437 -0.394135356 0.017961524 0.918876946 93.443588257
0.934587896 0.032076389 0.354283035 57.089168549 -0.025028639 0.999387443 -0.024458626 -4.299994469 -0.354850620 0.013991514 0.934818387 93.931320190
0.946796417 0.035704076 0.319846272 57.213230133 -0.029148374 0.999255717 -0.025261892 -4.314459324 -0.320510298 0.014594868 0.947132647 94.414443970
0.956291497 0.038756192 0.289835125 57.334625244 -0.032789763 0.999139130 -0.025415288 -4.327596188 -0.290570617 0.014800800 0.956739128 94.905883789
0.963120162 0.033061996 0.267032504 57.428462982 -0.027543368 0.999323070 -0.024386683 -4.350922585 -0.267657965 0.016132331 0.963378906 95.265045166
0.967169106 0.029684605 0.252394199 57.542785645 -0.024501234 0.999419808 -0.023655642 -4.371620178 -0.252949983 0.016695037 0.967335224 95.778381348
0.970064402 0.033859592 0.240475282 57.652091980 -0.028857682 0.999288321 -0.024292206 -4.385392189 -0.241126627 0.016625455 0.970351219 96.302490234
0.972270787 0.039234754 0.230543181 57.766998291 -0.034771077 0.999121428 -0.023394249 -4.403461456 -0.231258512 0.014729312 0.972780764 96.856399536
0.973640800 0.046899818 0.223212928 57.853168488 -0.042473957 0.998794854 -0.024590489 -4.414070606 -0.224097252 0.014461559 0.974459469 97.250099182
0.973983705 0.052288629 0.220503613 57.966365814 -0.047226306 0.998486757 -0.028171252 -4.432155609 -0.221643031 0.017024761 0.974979162 97.805992126
0.974067092 0.053902548 0.219745070 58.091636658 -0.048138540 0.998343587 -0.031505134 -4.446420193 -0.221079305 0.020109909 0.975048542 98.388450623
0.973711431 0.052789934 0.221583545 58.204788208 -0.046359610 0.998341739 -0.034124844 -4.479487419 -0.223017529 0.022955231 0.974544168 98.836334229
0.972702801 0.051613308 0.226241931 58.334671021 -0.043494955 0.998223186 -0.040726047 -4.499491692 -0.227941945 0.029773962 0.973219395 99.437568665
0.971898675 0.052054659 0.229571998 58.468807220 -0.042738236 0.998055458 -0.045372255 -4.523284435 -0.231487468 0.034285724 0.972233534 99.949417114
0.970450878 0.056988005 0.234472752 58.605735779 -0.047733784 0.997847617 -0.044960644 -4.556288242 -0.236530364 0.032439828 0.971082389 100.578323364
0.968987584 0.060143024 0.239678845 58.734474182 -0.051792320 0.997816086 -0.040994670 -4.579337120 -0.241620928 0.027309805 0.969986320 101.122001648
0.967918754 0.056848712 0.244747892 58.897232056 -0.049343344 0.998107553 -0.036694005 -4.604251862 -0.246370733 0.023440130 0.968892157 101.756851196
0.967170417 0.052875407 0.248566806 59.050575256 -0.046645656 0.998433650 -0.030890236 -4.636144638 -0.249810830 0.018281555 0.968122065 102.343437195
0.966268301 0.050446898 0.252548307 59.227958679 -0.045271184 0.998629212 -0.026266780 -4.664670944 -0.253527224 0.013947597 0.967227697 103.011741638
0.965840936 0.045435578 0.255121469 59.389369965 -0.040224526 0.998862445 -0.025608964 -4.687519073 -0.255994767 0.014472047 0.966569781 103.601593018
0.965753853 0.042047523 0.256030589 59.565132141 -0.035857931 0.998941898 -0.028797727 -4.712931156 -0.256970525 0.018630788 0.966239631 104.279960632
0.966098487 0.041692130 0.254785389 59.739212036 -0.033609208 0.998786509 -0.035997901 -4.736211777 -0.255976975 0.026214387 0.966327369 104.890838623
0.966163635 0.044311769 0.254095316 59.905345917 -0.034664311 0.998502493 -0.042322762 -4.767745972 -0.255590141 0.032082677 0.966252744 105.548530579
0.966710329 0.047823153 0.251364976 60.081848145 -0.037357315 0.998231292 -0.046246938 -4.792925835 -0.253132015 0.035317067 0.966786981 106.265487671
0.967462063 0.045629017 0.248867810 60.251876831 -0.036249481 0.998453736 -0.042144734 -4.818809509 -0.250405997 0.031752106 0.967620134 106.910095215
0.968151569 0.041017745 0.246981859 60.455013275 -0.033388585 0.998829484 -0.035000630 -4.849853039 -0.248128369 0.025639545 0.968387842 107.651626587
0.968561590 0.041775528 0.245241091 60.610092163 -0.035869051 0.998949826 -0.028503699 -4.888742447 -0.246174350 0.018811027 0.969042957 108.336189270
0.968782723 0.045434330 0.243712112 60.787414551 -0.039581243 0.998799384 -0.028862571 -4.927369118 -0.244730905 0.018315138 0.969417989 109.098983765
0.969108820 0.050687864 0.241368756 60.949748993 -0.043779567 0.998465896 -0.033902168 -4.947665691 -0.242716894 0.022287874 0.969841063 109.792907715
0.970015883 0.051733039 0.237472191 61.138996124 -0.043644022 0.998277843 -0.039198495 -4.980277538 -0.239091054 0.027658923 0.970603108 110.589416504
0.971016049 0.050607305 0.233595148 61.303600311 -0.041900985 0.998234868 -0.042087525 -5.010621548 -0.235312745 0.031079799 0.971422672 111.285652161
0.972007275 0.048512347 0.229887679 61.490875244 -0.040291559 0.998373926 -0.040323026 -5.048347473 -0.231470048 0.029931746 0.972381413 112.103935242
0.973001182 0.044612657 0.226447657 61.663673401 -0.036876302 0.998586237 -0.038282175 -5.083814621 -0.227835417 0.028898055 0.973270655 112.826217651
0.973406255 0.043568406 0.224905029 61.850120544 -0.036560383 0.998710155 -0.035233095 -5.124761581 -0.226149991 0.026073506 0.973743379 113.657592773
0.973841190 0.040138043 0.223655954 62.027961731 -0.033563156 0.998887539 -0.033123191 -5.156240940 -0.224736631 0.024750127 0.974105179 114.418838501
0.974020064 0.035523113 0.223658085 62.214862823 -0.029069269 0.999062359 -0.032083564 -5.185564041 -0.224588126 0.024748452 0.974139392 115.257629395
0.974265814 0.035626940 0.222568527 62.401473999 -0.029575776 0.999098241 -0.030463153 -5.223328114 -0.223453134 0.023096565 0.974440992 116.030029297
0.973880112 0.041424613 0.223252326 62.583221436 -0.035057809 0.998859704 -0.032408495 -5.261156082 -0.224340275 0.023735242 0.974221766 116.878585815
0.973664582 0.046585087 0.223174676 62.755176544 -0.039582253 0.998576462 -0.035751909 -5.290802956 -0.224522531 0.025976600 0.974122524 117.650756836
0.972983837 0.055394907 0.224129304 62.940196991 -0.048189525 0.998134136 -0.037495852 -5.323088169 -0.225788206 0.025682176 0.973837733 118.507240295
0.971978664 0.061484627 0.226885274 63.131584167 -0.054424644 0.997822821 -0.037248604 -5.360749245 -0.228681564 0.023856699 0.973208904 119.381080627
0.971015334 0.064229585 0.230225503 63.293014526 -0.057734005 0.997723520 -0.034847453 -5.406407356 -0.231939673 0.020545568 0.972513199 120.146423340
0.970484495 0.064780779 0.232299894 63.511192322 -0.058039181 0.997674108 -0.035746772 -5.446581364 -0.234075278 0.021209190 0.971987128 121.019027710
0.970043898 0.063195020 0.234566361 63.684806824 -0.055689007 0.997705877 -0.038493406 -5.484962463 -0.236460820 0.024277529 0.971337676 121.805824280
0.970028877 0.057078388 0.236191645 63.901878357 -0.049674928 0.998073161 -0.037182920 -5.529545784 -0.237858877 0.024335705 0.970994830 122.688064575
0.970408261 0.050851502 0.236054882 64.106422424 -0.042951614 0.998335361 -0.038492091 -5.572540283 -0.237619311 0.027214099 0.970977068 123.467460632
0.970162630 0.049954899 0.237253338 64.326477051 -0.041917067 0.998367190 -0.038806461 -5.613954544 -0.238804519 0.027703609 0.970672369 124.337684631
0.969624817 0.052274026 0.238945961 64.510322571 -0.044994764 0.998344719 -0.035821751 -5.654589653 -0.240423009 0.023982346 0.970371902 125.137123108
0.969181955 0.054216966 0.240306050 64.721199036 -0.048368935 0.998373806 -0.030171940 -5.693293571 -0.241551086 0.017618749 0.970228136 126.016189575
0.968830824 0.057326302 0.240999237 64.939483643 -0.052558072 0.998274744 -0.026172381 -5.733654976 -0.242083848 0.012690150 0.970172405 126.880615234
0.968486905 0.057117138 0.242426753 65.106582642 -0.050763272 0.998185575 -0.032380652 -5.776339531 -0.243836358 0.019053860 0.969629109 127.624450684
0.968857408 0.053149708 0.241848096 65.323638916 -0.043005329 0.997966886 -0.047036257 -5.816659451 -0.243856370 0.035170667 0.969173372 128.464614868
0.969286203 0.050693583 0.240654379 65.579574585 -0.038218122 0.997685969 -0.056229945 -5.860445976 -0.242948055 0.045305546 0.968980730 129.411163330
