0.999122024 0.002275108 -0.041832805 -0.057096805 -0.002425046 0.999990821 -0.003533846 -0.003684000 0.041824371 0.003632190 0.999118388 0.494476348
0.998485625 0.001998015 -0.054976124 -0.078652464 -0.002236822 0.999988317 -0.004282637 -0.005217745 0.054966927 0.004399124 0.998478472 0.606698334
0.997409105 0.001641254 -0.071918793 -0.025817011 -0.001967403 0.999988198 -0.004464368 -0.001099645 0.071910620 0.004594295 0.997400522 0.204384148
0.995915234 0.000499518 -0.090291925 -0.132425502 -0.000876716 0.999991000 -0.004137921 -0.009012393 0.090289056 0.004200178 0.995906711 0.900556326
0.993913949 -0.000530397 -0.110156760 -0.168481559 0.000034241 0.999989867 -0.004505932 -0.009733114 0.110158026 0.004474738 0.993903995 1.057361722
0.991201222 -0.001401690 -0.132356241 -0.089120902 0.000784561 0.999988496 -0.004714669 -0.007027069 0.132361367 0.004569344 0.991190970 0.540445328
0.987632990 0.002602933 -0.156760558 -0.134684190 -0.003617980 0.999974251 -0.006190149 -0.009691441 0.156740442 0.006680753 0.987617195 0.839121282
0.983346879 0.007002308 -0.181603089 -0.321233690 -0.008581076 0.999932051 -0.007909249 -0.022447310 0.181535318 0.009335887 0.983340025 1.537258267
0.977992535 0.009628681 -0.208416820 -0.389366746 -0.011672176 0.999895096 -0.008577205 -0.030801516 0.208312303 0.010821120 0.978002489 1.704871416
0.971272230 0.010291572 -0.237748384 -0.463656515 -0.012729294 0.999880910 -0.008720403 -0.033822015 0.237630337 0.011496253 0.971287668 1.887557983
0.963151336 0.012246503 -0.268680930 -0.510588646 -0.015090049 0.999849796 -0.008520651 -0.034394927 0.268536240 0.012261082 0.963191569 1.994856119
0.953472078 0.013778722 -0.301166385 -0.576867163 -0.016753333 0.999832928 -0.007296335 -0.037379891 0.301015556 0.012002389 0.953543663 2.146236181
0.942403138 0.016552681 -0.334069431 -0.749180138 -0.019748811 0.999785900 -0.006172994 -0.040524445 0.333895653 0.012414925 0.942528248 2.468380690
0.929765999 0.018583754 -0.367681652 -0.810159385 -0.022383340 0.999731064 -0.006071870 -0.039039988 0.367469937 0.013875363 0.929931819 2.578747034
0.916046619 0.021398833 -0.400500596 -0.931517839 -0.025640497 0.999657512 -0.005234419 -0.040968686 0.400251478 0.015064007 0.916281462 2.760452747
0.899911702 0.022570705 -0.435487598 -1.010949373 -0.027109213 0.999623537 -0.004210656 -0.043226711 0.435228616 0.015594942 0.900184870 2.880900145
0.881799579 0.018013723 -0.471280128 -1.175875425 -0.023059562 0.999721885 -0.004933794 -0.043442495 0.471060187 0.015218129 0.881969690 3.111567497
0.860812604 0.012511427 -0.508768201 -1.273473978 -0.017652394 0.999830186 -0.005279626 -0.044925261 0.508615792 0.013525747 0.860887229 3.234198570
0.835470140 0.014661759 -0.549340010 -1.519642711 -0.018624986 0.999825120 -0.001640923 -0.055725206 0.549219847 0.011602390 0.835597277 3.542234898
0.806181669 0.020613264 -0.591308653 -1.654221535 -0.023796000 0.999713898 0.002407315 -0.060767811 0.591189027 0.012130048 0.806441665 3.672173023
0.774076939 0.023412345 -0.632658482 -1.906188250 -0.026969297 0.999628305 0.003994781 -0.061360262 0.632516861 0.013970084 0.774420619 3.883247614
0.738339543 0.023494093 -0.674019754 -2.076267242 -0.026803851 0.999625623 0.005481968 -0.066798657 0.673896313 0.014018771 0.738692880 4.017043591
0.698479474 0.018720495 -0.715385199 -2.337126970 -0.020309092 0.999773681 0.006333335 -0.066098645 0.715341866 0.010105118 0.698701560 4.215264797
0.655616462 0.014929732 -0.754946411 -2.538852692 -0.014754166 0.999866903 0.006960327 -0.065751597 0.754949987 0.006575298 0.655749559 4.354498863
0.611135364 0.014361544 -0.791395843 -2.840222359 -0.012308971 0.999886930 0.008639763 -0.061552446 0.791430414 0.004461203 0.611243010 4.530733585
0.562929809 0.014541408 -0.826376855 -3.088299751 -0.008950721 0.999893844 0.011497462 -0.062771037 0.826456308 0.000924405 0.563000143 4.657405376
0.512777686 0.016159419 -0.858369231 -3.424643040 -0.008778894 0.999869287 0.013578867 -0.054701731 0.858476520 0.000572592 0.512852490 4.788915634
0.461128861 0.017660758 -0.887157440 -3.718934536 -0.007917930 0.999843955 0.015788421 -0.051870964 0.887297869 -0.000256046 0.461196750 4.884191513
0.411487490 0.023014503 -0.911124766 -4.024413109 -0.015907712 0.999710143 0.018067786 -0.048785716 0.911276460 0.007059242 0.411734432 5.071359634
0.356454253 0.025032874 -0.933977365 -4.376439571 -0.015600314 0.999661028 0.020839473 -0.042775318 0.934182525 0.007142020 0.356723964 5.159941196
0.300531805 0.028165750 -0.953355849 -4.774213791 -0.012801321 0.999592900 0.025496336 -0.040318385 0.953685880 0.004541752 0.300770044 5.245127678
0.247130513 0.030121922 -0.968513906 -5.176125526 -0.008368381 0.999545813 0.028951736 -0.036873251 0.968946040 0.000950035 0.247270346 5.310612679
0.193685398 0.030006489 -0.980604649 -5.575637817 -0.009331929 0.999543250 0.028742794 -0.029350013 0.981019318 0.003583872 0.193876967 5.381659985
0.146928057 0.031583887 -0.988642752 -6.023330212 -0.010951453 0.999480665 0.030302560 -0.028096825 0.989086628 0.006374776 0.147197634 5.398152828
0.103826277 0.031389084 -0.994100034 -6.419591427 -0.013038546 0.999458909 0.030196518 -0.010152981 0.994509995 0.009826425 0.104179382 5.410475254
0.065990932 0.029716844 -0.997377694 -6.904800892 -0.014368525 0.999481082 0.028828831 0.003950894 0.997716725 0.012428403 0.066383682 5.407050133
0.030855514 0.027298648 -0.999150991 -7.354126930 -0.012469694 0.999559700 0.026924729 0.011734426 0.999446094 0.011628331 0.031182341 5.409383774
-0.000418382 0.024242898 -0.999706030 -7.880991936 -0.011686729 0.999637783 0.024246132 0.022813588 0.999931693 0.011693439 -0.000134911 5.385867596
-0.026806854 0.022450991 -0.999388456 -8.313364983 -0.012960099 0.999655962 0.022804637 0.030346423 0.999556601 0.013563494 -0.026506664 5.347518444
-0.047069281 0.019661866 -0.998698056 -8.886805534 -0.014318321 0.999690294 0.020356234 0.049007654 0.998789012 0.015257832 -0.046773180 5.292301655
-0.063915715 0.019114390 -0.997772217 -9.358488083 -0.012783423 0.999718845 0.019970572 0.056035265 0.997873425 0.014031378 -0.063653395 5.257072449
-0.077293321 0.019761637 -0.996812522 -9.924102783 -0.011497921 0.999719381 0.020710815 0.063446969 0.996942103 0.013062079 -0.077044420 5.211539268
-0.086896263 0.020729687 -0.996001601 -10.534352303 -0.011968479 0.999689639 0.021850633 0.071838260 0.996145487 0.013819362 -0.086621180 5.152075768
-0.093286030 0.021905629 -0.995398343 -11.053845406 -0.014486020 0.999622226 0.023356171 0.076297343 0.995533884 0.016598167 -0.092933461 5.080215454
-0.097396120 0.022942793 -0.994981229 -11.702254295 -0.014215794 0.999600172 0.024440844 0.088294595 0.995144188 0.016524890 -0.097031027 5.009408951
-0.098940976 0.023831332 -0.994808018 -12.261461258 -0.012342375 0.999606907 0.025173839 0.095913395 0.995016754 0.014769016 -0.098607965 4.949983120
-0.097755015 0.025982546 -0.994871259 -12.930700302 -0.010304097 0.999579191 0.027117964 0.109316289 0.995157123 0.012902168 -0.097446144 4.881599903
-0.097042039 0.028491590 -0.994872391 -13.549097061 -0.010606773 0.999503791 0.029658830 0.118761778 0.995223761 0.013430540 -0.096691683 4.835136890
-0.095201679 0.028329872 -0.995054722 -14.260025024 -0.013319843 0.999469280 0.029729921 0.131537855 0.995368838 0.016084313 -0.094773784 4.760017395
-0.094332524 0.025786195 -0.995206654 -14.883743286 -0.014607388 0.999521017 0.027282571 0.143476665 0.995433509 0.017111005 -0.093910672 4.709301949
-0.093668751 0.025082860 -0.995287299 -15.628688812 -0.015179655 0.999530375 0.026618382 0.165270269 0.995487630 0.017601430 -0.093244009 4.646021366
-0.091457218 0.028026767 -0.995414495 -16.284755707 -0.014162319 0.999466181 0.029442061 0.183335930 0.995708227 0.016790068 -0.091011479 4.576888084
-0.089212075 0.031548768 -0.995512843 -17.046592712 -0.015625551 0.999330938 0.033070035 0.194653690 0.995890021 0.018505685 -0.088659413 4.501959801
-0.087720141 0.033769470 -0.995572627 -17.737094879 -0.016367430 0.999241412 0.035336059 0.204688489 0.996010661 0.019394645 -0.087100886 4.439128876
-0.086221702 0.032900538 -0.995732605 -18.512418747 -0.018605191 0.999227047 0.034627050 0.222892731 0.996102154 0.021511396 -0.085542955 4.374122143
-0.083948418 0.030102296 -0.996015310 -19.235807419 -0.022442276 0.999232948 0.032091074 0.235306472 0.996217370 0.025046846 -0.083208464 4.294662476
-0.082087144 0.029291762 -0.996194601 -20.049510956 -0.023378888 0.999236345 0.031307634 0.257801890 0.996350884 0.025859879 -0.081339642 4.216347694
-0.081017077 0.031815339 -0.996204793 -20.791067123 -0.020591266 0.999223650 0.033586353 0.272979230 0.996499956 0.023234189 -0.080299057 4.165639400
-0.080002166 0.033989318 -0.996215045 -21.582578659 -0.018424436 0.999197304 0.035570674 0.289946705 0.996624410 0.021200430 -0.079311706 4.103947639
-0.078343071 0.035666741 -0.996288240 -22.408813477 -0.017806467 0.999150395 0.037169423 0.307259083 0.996767402 0.020652343 -0.077641398 4.024649620
-0.078015596 0.031096954 -0.996467173 -23.190248489 -0.017424267 0.999318182 0.032550123 0.320235670 0.996799886 0.019902125 -0.077420570 3.973515987
-0.077760287 0.024101321 -0.996680796 -24.013042450 -0.016156696 0.999545932 0.025431147 0.335117131 0.996841192 0.018080600 -0.077335589 3.907195568
-0.077905945 0.019541293 -0.996769190 -24.808948517 -0.012641065 0.999708116 0.020586913 0.349186003 0.996880531 0.014204067 -0.077636182 3.848459721
-0.078781858 0.019940846 -0.996692479 -25.647829056 -0.011247705 0.999718547 0.020890441 0.366778076 0.996828437 0.012856291 -0.078535400 3.788352489
-0.078287080 0.027478898 -0.996552050 -26.481197357 -0.014025874 0.999490738 0.028661776 0.372426808 0.996832132 0.016221361 -0.077861786 3.708944082
-0.078571610 0.034245454 -0.996320069 -27.343627930 -0.015116679 0.999253988 0.035538424 0.392723203 0.996793866 0.017853364 -0.077995300 3.631372213
-0.079303242 0.040116537 -0.996043026 -28.171623230 -0.018207557 0.998964906 0.041683875 0.396985352 0.996684253 0.021441177 -0.078490734 3.567218542
-0.079780944 0.040290345 -0.995997846 -29.027923584 -0.019620450 0.998925745 0.041980408 0.416602075 0.996619284 0.022891164 -0.078904733 3.492446661
-0.079834096 0.036303971 -0.996146858 -29.870456696 -0.019163238 0.999095917 0.037947249 0.442455828 0.996623874 0.022118883 -0.079066232 3.413522959
-0.080234095 0.034690861 -0.996172190 -30.688785553 -0.021239126 0.999107778 0.036503740 0.446957350 0.996549726 0.024086671 -0.079425700 3.340674877
-0.080300748 0.035872649 -0.996124983 -31.532934189 -0.022189993 0.999040186 0.037766434 0.467446089 0.996523619 0.025136681 -0.079427667 3.266157150
-0.080287121 0.038556151 -0.996025860 -32.371097565 -0.023533294 0.998899758 0.040564355 0.477386594 0.996493876 0.026696565 -0.079291426 3.191173553
-0.080072232 0.036527276 -0.996119559 -33.189678192 -0.023534162 0.998980522 0.038523965 0.492481291 0.996511340 0.026527535 -0.079130948 3.126669645
-0.079189390 0.031259082 -0.996369362 -34.043979645 -0.024155501 0.999154627 0.033266291 0.513518572 0.996566951 0.026702140 -0.078367352 3.033253431
-0.079611495 0.026571706 -0.996471703 -34.858421326 -0.024602991 0.999287844 0.028612411 0.537547708 0.996522307 0.026794061 -0.078901038 2.979216576
-0.079899840 0.027906777 -0.996412098 -35.681632996 -0.027848061 0.999155283 0.030216675 0.549368203 0.996413946 0.030162450 -0.079055190 2.919765711
-0.079432704 0.030410308 -0.996376216 -36.511737823 -0.026969327 0.999103189 0.032643571 0.562359333 0.996475399 0.029464567 -0.078541309 2.850109100
-0.078988649 0.035411641 -0.996246338 -37.363693237 -0.026373547 0.998944819 0.037598625 0.571966529 0.996526539 0.029244415 -0.077971376 2.784809828
-0.077394962 0.041165419 -0.996150315 -38.205444336 -0.024858696 0.998756945 0.043204509 0.588990808 0.996690571 0.028106811 -0.076275453 2.706026554
-0.077341698 0.044463329 -0.996012747 -39.044040680 -0.024926433 0.998606563 0.046514701 0.603886843 0.996693015 0.028424572 -0.076125622 2.627264261
-0.078283116 0.044287823 -0.995946884 -39.869846344 -0.026149208 0.998577774 0.046460185 0.630287766 0.996588171 0.029680271 -0.077013679 2.575532675
-0.078107022 0.039617807 -0.996157467 -40.702060699 -0.025255358 0.998810768 0.041703563 0.659198403 0.996625066 0.028415658 -0.077013567 2.502703428
-0.078104481 0.035494104 -0.996313095 -41.521202087 -0.026753260 0.998931468 0.037684672 0.670320630 0.996586204 0.029597964 -0.077071428 2.444657803
-0.077515572 0.032313712 -0.996467352 -42.352943420 -0.030705670 0.998923123 0.034781959 0.699826956 0.996518135 0.033293344 -0.076439880 2.354524851
-0.079125077 0.031159110 -0.996377528 -43.189617157 -0.034499757 0.998827040 0.033975434 0.706582308 0.996267557 0.037063096 -0.077957273 2.288383484
-0.079846501 0.028581176 -0.996397257 -44.004894257 -0.032114159 0.998996258 0.031229198 0.727532208 0.996289730 0.034492008 -0.078848481 2.219446182
-0.080343291 0.025225760 -0.996447980 -44.811073303 -0.028608434 0.999209523 0.027602358 0.733809590 0.996356666 0.030724479 -0.079558104 2.140724659
-0.081708372 0.023902586 -0.996369600 -45.661590576 -0.024358571 0.999365807 0.025972014 0.742685616 0.996358573 0.026392268 -0.081074335 2.087974072
-0.083714090 0.028027667 -0.996095538 -46.473392487 -0.024141630 0.999253929 0.030145448 0.742546499 0.996197343 0.026570968 -0.082974993 2.020376205
-0.085199744 0.033680182 -0.995794415 -47.306167603 -0.021674795 0.999129415 0.035647459 0.761158586 0.996128142 0.024620797 -0.084395565 1.942831516
-0.087132379 0.037556157 -0.995488703 -48.122123718 -0.019855099 0.999025166 0.039427444 0.774654150 0.995998859 0.023200929 -0.086301744 1.876783848
-0.088468820 0.036272172 -0.995418310 -48.931198120 -0.019815747 0.999074936 0.038166553 0.794313908 0.995881796 0.023101507 -0.087668210 1.801760197
-0.089656323 0.032801338 -0.995432496 -49.739006042 -0.023635862 0.999105990 0.035051204 0.799298465 0.995692253 0.026670469 -0.088800885 1.718077660
-0.090308234 0.027141573 -0.995543957 -50.527992249 -0.023678550 0.999287486 0.029391572 0.791454315 0.995632470 0.026227335 -0.089601219 1.642170906
-0.091664702 0.025764113 -0.995456576 -51.337200165 -0.027828718 0.999208570 0.028423773 0.803122044 0.995401025 0.030307740 -0.090875156 1.552145481
-0.092183061 0.026904127 -0.995378494 -52.129703522 -0.029724402 0.999115109 0.029757930 0.809193373 0.995298326 0.032330215 -0.091301776 1.458399773
-0.093635276 0.028437478 -0.995200276 -52.925346375 -0.029243633 0.999082148 0.031299844 0.816808224 0.995176971 0.032034043 -0.092717707 1.396973133
-0.094342239 0.027936431 -0.995147705 -53.714469910 -0.031430781 0.999024332 0.031024966 0.827999294 0.995043516 0.034205232 -0.093372121 1.312826633
-0.097587079 0.027111221 -0.994857669 -54.501068115 -0.028066844 0.999156296 0.029981485 0.829907477 0.994831145 0.030848321 -0.096743807 1.246617794
-0.098305106 0.028949888 -0.994735181 -55.276123047 -0.025794460 0.999166727 0.031628009 0.836927176 0.994821966 0.028767850 -0.097476438 1.173794746
-0.098861746 0.031611510 -0.994598925 -56.040103912 -0.025274808 0.999093056 0.034266636 0.856832504 0.994780123 0.028525958 -0.097973116 1.104758263
-0.098566376 0.035149481 -0.994509518 -56.799156189 -0.024320418 0.998992562 0.037718330 0.892129302 0.994833231 0.027904646 -0.097612210 1.035443783
-0.098227344 0.038039736 -0.994436681 -57.540996552 -0.025187200 0.998854041 0.040696625 0.885444164 0.994845212 0.029044596 -0.097156681 0.936378956
-0.099645071 0.037484400 -0.994316638 -58.322101593 -0.024280226 0.998901129 0.040090453 0.909299374 0.994726717 0.028137054 -0.098625436 0.871126175
-0.099534184 0.035396736 -0.994404376 -59.062602997 -0.023236243 0.999011874 0.037886560 0.923977256 0.994762778 0.026877224 -0.098613344 0.787531853
-0.099975727 0.032058582 -0.994473338 -59.796958923 -0.022805821 0.999144435 0.034501866 0.938435674 0.994728386 0.026129128 -0.099159077 0.709663391
-0.099738061 0.029523842 -0.994575679 -60.510868073 -0.024061587 0.999195874 0.032073937 0.942437172 0.994722724 0.027130058 -0.098947473 0.639937878
-0.098947041 0.026639886 -0.994736075 -61.214572906 -0.024241328 0.999280393 0.029172890 0.959543347 0.994797409 0.027000291 -0.098230049 0.573410034
-0.096407935 0.025761046 -0.995008469 -61.898765564 -0.026338439 0.999249041 0.028422808 0.965532362 0.994993329 0.028947160 -0.095657028 0.497576237
-0.092357248 0.026803002 -0.995365143 -62.574188232 -0.026393618 0.999220550 0.029355809 0.971199214 0.995376050 0.028982515 -0.091577828 0.436882019
-0.086258404 0.027825676 -0.995884120 -63.247318268 -0.025602670 0.999217868 0.030136392 0.984813988 0.995943785 0.028096810 -0.085478522 0.371661186
-0.078680873 0.029489946 -0.996463597 -63.892238617 -0.025248960 0.999182701 0.031564079 0.986780167 0.996580064 0.027643159 -0.077871978 0.310477734
-0.070521496 0.030992644 -0.997028649 -64.514732361 -0.025891539 0.999123514 0.032889117 0.984586954 0.997174203 0.028133994 -0.069657244 0.280572891
-0.059234597 0.032778159 -0.997705758 -65.119628906 -0.027942430 0.999014676 0.034480125 0.989573359 0.997852921 0.029920742 -0.058260329 0.252602577
-0.043567739 0.034026489 -0.998470902 -65.732444763 -0.031165108 0.998887122 0.035400547 1.000747919 0.998564303 0.032659773 -0.042458814 0.214579344
-0.026280869 0.035639841 -0.999019086 -66.306427002 -0.032689374 0.998799145 0.036491938 0.997169614 0.999119997 0.033616338 -0.025084283 0.227201343
-0.003394194 0.036781296 -0.999317527 -66.856605530 -0.033778321 0.998748899 0.036875084 1.003370643 0.999423563 0.033880431 -0.002147540 0.213914797
0.021463236 0.037279289 -0.999074340 -67.420715332 -0.034308672 0.998743474 0.036529876 1.042565942 0.999180794 0.033492867 0.022715269 0.281837106
0.051128715 0.035880666 -0.998047292 -67.939125061 -0.032622829 0.998881161 0.034239404 1.061108470 0.998159111 0.030808510 0.052242041 0.324038506
0.085241795 0.036268625 -0.995700002 -68.421264648 -0.031623114 0.998932302 0.033679105 1.062012672 0.995858371 0.028616274 0.086297706 0.379262924
0.123223469 0.037065677 -0.991686463 -68.886116028 -0.031410787 0.998947144 0.033434063 1.061046362 0.991881788 0.027029790 0.124257997 0.455001831
0.164618313 0.037459467 -0.985645711 -69.312561035 -0.031031825 0.998980641 0.032783452 1.053636551 0.985869110 0.025189638 0.165612951 0.530783653
0.209804907 0.038952414 -0.976967037 -69.751922607 -0.032076355 0.998942494 0.032940153 1.085746884 0.977216959 0.024426533 0.210832477 0.672719955
0.258013397 0.038074691 -0.965390801 -70.156860352 -0.029335568 0.999071181 0.031562716 1.084775686 0.965695858 0.020176683 0.258890659 0.812738419
0.308402628 0.032538686 -0.950699210 -70.578575134 -0.021419998 0.999399006 0.027256928 1.090570211 0.951014757 0.011957861 0.308914214 0.989362717
0.361240685 0.027000435 -0.932081640 -70.964118958 -0.017112421 0.999604344 0.022324279 1.091084242 0.932315588 0.007885735 0.361559838 1.229154587
0.413023591 0.022778761 -0.910435379 -71.336219788 -0.012120984 0.999736130 0.019514287 1.089258432 0.910639584 0.002975512 0.413190693 1.447978973
0.464077532 0.021900922 -0.885523796 -71.710685730 -0.011850826 0.999758244 0.018515512 1.099433541 0.885715306 0.001901555 0.464224935 1.683322906
0.514949203 0.016677042 -0.857058465 -72.091285706 -0.008531792 0.999860942 0.014329580 1.114460707 0.857178271 -0.000066759 0.515019834 1.952909470
0.560021460 0.012203567 -0.828388333 -72.440185547 -0.000101319 0.999892592 0.014661623 1.116982579 0.828478217 -0.008126890 0.559962392 2.238044739
0.603669286 0.005482335 -0.797215998 -72.758811951 0.010943252 0.999825180 0.015162119 1.114431024 0.797159791 -0.017877040 0.603503704 2.543006897
0.642058849 -0.024362614 -0.766268134 -72.993492126 0.038186818 0.999270618 0.000226214 1.169526458 0.765703738 -0.029406587 0.642520845 2.750225067
0.683477223 -0.028895179 -0.729399681 -73.289474487 0.036480993 0.999319792 -0.005403880 1.160173297 0.729059637 -0.022915799 0.684066355 3.067184448
0.724853396 -0.032155968 -0.688152313 -73.580307007 0.032393958 0.999396026 -0.012578142 1.125489712 0.688141108 -0.013174669 0.725457251 3.402652740
0.764317572 -0.034226157 -0.643931210 -73.854598999 0.028231408 0.999409080 -0.019611057 1.118801355 0.644221842 -0.003190006 0.764832139 3.762649536
0.803133607 -0.024686292 -0.595287323 -74.138267517 0.021119405 0.999692917 -0.012963499 1.073839903 0.595424533 -0.002160692 0.803408325 4.234268188
0.836924076 -0.026066640 -0.546697915 -74.396804810 0.022133084 0.999660015 -0.013781045 1.066509247 0.546871245 -0.000566419 0.837216556 4.679634094
0.867700875 -0.023241911 -0.496542990 -74.600685120 0.017953098 0.999719918 -0.015421588 1.065809727 0.496762484 0.004466837 0.867875040 5.122623444
0.893519521 -0.021703247 -0.448499560 -74.823577881 0.017429471 0.999754846 -0.013655202 1.053354383 0.448686004 0.004384078 0.893678784 5.618721008
0.914753437 -0.013533403 -0.403785825 -75.002403259 0.009776987 0.999887586 -0.011363334 1.043045282 0.403894186 0.006446836 0.914783001 6.099897385
0.932218194 -0.008975501 -0.361785203 -75.205642700 0.004662969 0.999907255 -0.012791470 1.037720084 0.361866474 0.010237447 0.932173789 6.634199142
0.945602596 -0.003531453 -0.325304866 -75.361717224 0.000100997 0.999944210 -0.010561640 1.023465395 0.325324029 0.009954260 0.945550203 7.119350433
0.955448627 -0.002900433 -0.295143008 -75.539291382 0.000515484 0.999966562 -0.008158142 1.005299687 0.295156777 0.007642543 0.955418348 7.712556839
0.962536752 -0.004836882 -0.271108598 -75.665657043 0.003159536 0.999973178 -0.006623118 0.997283638 0.271133333 0.005518417 0.962525904 8.235490799
0.968302310 -0.003903319 -0.249750614 -75.813751221 0.002815451 0.999984920 -0.004712910 0.997414231 0.249765262 0.003860362 0.968298674 8.839628220
0.972768307 -0.001413335 -0.231775165 -75.964065552 0.000935618 0.999997199 -0.002171035 0.988667786 0.231777608 0.001895061 0.972766995 9.505155563
0.976363957 0.003902029 -0.216097742 -76.094642639 -0.004033177 0.999991775 -0.000165903 0.981979549 0.216095313 0.001033542 0.976371706 10.075156212
0.979098499 0.007714394 -0.203240141 -76.239418030 -0.007590732 0.999970257 0.001387975 0.971971452 0.203244776 0.000183776 0.979128003 10.767048836
0.981747746 0.006094531 -0.190089643 -76.345977783 -0.005980426 0.999981403 0.001173900 0.964769185 0.190093249 -0.000015657 0.981766045 11.373329163
0.984291673 0.005731427 -0.176456675 -76.469261169 -0.005701803 0.999983490 0.000674922 0.960156262 0.176457629 0.000341800 0.984308183 12.098439217
0.986786962 0.006563420 -0.161890015 -76.572311401 -0.006374364 0.999978185 0.001687168 0.953062296 0.161897570 -0.000632929 0.986807346 12.742585182
0.988963246 0.007902895 -0.147950217 -76.681976318 -0.007694167 0.999968469 0.001983079 0.952271283 0.147961229 -0.000822838 0.988992870 13.501862526
0.990851104 0.008701161 -0.134678602 -76.783195496 -0.008872692 0.999960363 -0.000673444 0.941029787 0.134667441 0.001862246 0.990889132 14.176691055
0.992233515 0.009129724 -0.124053299 -76.870979309 -0.009899980 0.999935269 -0.005594022 0.926971972 0.123994216 0.006778704 0.992259860 14.948214531
0.993445516 0.007522675 -0.114058904 -76.958648682 -0.008927139 0.999890387 -0.011807705 0.917863965 0.113957584 0.012748527 0.993403792 15.652521133
0.994288743 0.007167625 -0.106482558 -77.038436890 -0.008481610 0.999893308 -0.011892142 0.905972898 0.106385961 0.012727366 0.994243443 16.469520569
0.995014787 0.009168738 -0.099305406 -77.122756958 -0.009814580 0.999933660 -0.006017012 0.896100461 0.099243656 0.006961660 0.995038807 17.188005447
0.995445848 0.013763621 -0.094330244 -77.215141296 -0.013619149 0.999904931 0.002175185 0.876849413 0.094351210 -0.000880582 0.995538592 18.032287598
0.995830595 0.014796356 -0.090013981 -77.283996582 -0.014307984 0.999879181 0.006068385 0.863052189 0.090092897 -0.004755165 0.995921969 18.749029160
0.996200085 0.013368838 -0.086062774 -77.368156433 -0.012986674 0.999903202 0.004998855 0.852387667 0.086121276 -0.003862190 0.996277213 19.573675156
0.996418059 0.013393878 -0.083496645 -77.417434692 -0.013089503 0.999905527 0.004191733 0.841784656 0.083544910 -0.003083790 0.996499181 20.282657623
0.996670067 0.011806594 -0.080681078 -77.487174988 -0.011308013 0.999914050 0.006633788 0.831252098 0.080752477 -0.005699356 0.996717870 21.097583771
0.996884346 0.010390345 -0.078189462 -77.543190002 -0.009724995 0.999913156 0.008885451 0.820890069 0.078275003 -0.008097374 0.996898949 21.832523346
0.997091651 0.007978430 -0.075791761 -77.599655151 -0.007171314 0.999914706 0.010915317 0.812013507 0.075872384 -0.010340044 0.997063935 22.648714066
0.997339845 0.006951994 -0.072559275 -77.663581848 -0.006472675 0.999955595 0.006838939 0.808087111 0.072603628 -0.006351095 0.997340620 23.373649597
0.997445941 0.009930534 -0.070730872 -77.725296021 -0.009982300 0.999950051 -0.000378419 0.799641550 0.070723608 0.001083509 0.997495353 24.166269302
0.997542560 0.010436186 -0.069281340 -77.781196594 -0.011011633 0.999907911 -0.007929241 0.783772051 0.069192208 0.008672658 0.997565627 24.885202408
0.997636378 0.011269941 -0.067783348 -77.837524414 -0.012110728 0.999854565 -0.012005916 0.765737772 0.067638189 0.012798444 0.997627795 25.668420792
0.997752905 0.012712933 -0.065783821 -77.890357971 -0.013405018 0.999859333 -0.010089934 0.744457364 0.065646306 0.010949096 0.997782886 26.395570755
0.997857690 0.016251713 -0.063370764 -77.949234009 -0.016671687 0.999842346 -0.006104093 0.725050092 0.063261576 0.007147514 0.997971356 27.184772491
0.997954965 0.019042719 -0.061017472 -78.002601624 -0.019147877 0.999815941 -0.001139097 0.710720658 0.060984556 0.002305123 0.998135984 27.920804977
0.998146534 0.017386062 -0.058320582 -78.056732178 -0.017365551 0.999848723 0.000858487 0.693235159 0.058326695 0.000155874 0.998297453 28.702175140
0.998252511 0.015467757 -0.057032052 -78.092781067 -0.015448928 0.999880314 0.000771080 0.677832484 0.057037164 0.000111352 0.998372078 29.421405792
0.998349547 0.013416456 -0.055840831 -78.138893127 -0.013407155 0.999909937 0.000541232 0.664214432 0.055843074 0.000208328 0.998439610 30.198789597
0.998364031 0.016312471 -0.054801527 -78.168533325 -0.016436117 0.999863267 -0.001806286 0.650708318 0.054764569 0.002704055 0.998495638 30.912311554
0.998454452 0.013916279 -0.053805403 -78.213043213 -0.014098807 0.999896049 -0.003014288 0.638754845 0.053757858 0.003768221 0.998546898 31.692165375
0.998471558 0.013234361 -0.053659830 -78.242317200 -0.013412684 0.999905586 -0.002964420 0.623092115 0.053615529 0.003679611 0.998554885 32.474334717
0.998478353 0.016184902 -0.052716408 -78.298881531 -0.016274936 0.999866724 -0.001279032 0.615955770 0.052688673 0.002135042 0.998608708 33.215415955
0.998500347 0.015438993 -0.052523818 -78.342063904 -0.015586316 0.999875605 -0.002396337 0.604483545 0.052480292 0.003211395 0.998616815 34.023189545
0.998376608 0.015362927 -0.054848939 -78.370338440 -0.015588007 0.999871731 -0.003678126 0.594740689 0.054785404 0.004527140 0.998487890 34.764831543
0.998293638 0.012938509 -0.056942932 -78.419105530 -0.013145261 0.999908328 -0.003257754 0.581802487 0.056895562 0.004000725 0.998372078 35.565166473
0.998103619 0.015147209 -0.059662368 -78.478149414 -0.015365070 0.999876857 -0.003194469 0.565153539 0.059606630 0.004105127 0.998213530 36.342716217
0.997841537 0.019315438 -0.062761970 -78.535423279 -0.019577181 0.999802053 -0.003558061 0.551497817 0.062680818 0.004779084 0.998022199 37.144855499
0.997738600 0.019153450 -0.064426675 -78.614830017 -0.019702489 0.999774754 -0.007897324 0.528494120 0.064260900 0.009148831 0.997891247 37.935768127
0.997501493 0.020418311 -0.067630567 -78.663322449 -0.021259936 0.999704897 -0.011748129 0.521242976 0.067370735 0.013156596 0.997641265 38.758029938
0.997411609 0.019270837 -0.069273375 -78.728675842 -0.020278720 0.999698043 -0.013875607 0.510531604 0.068985075 0.015244466 0.997501254 39.559036255
0.997260988 0.020054268 -0.071192801 -78.795890808 -0.020955671 0.999709070 -0.011937098 0.481594861 0.070932716 0.013396290 0.997391164 40.386989594
0.997136533 0.018975247 -0.073203057 -78.869735718 -0.019836051 0.999742150 -0.011050055 0.459542215 0.072974510 0.012470474 0.997255802 41.230552673
0.996987462 0.017813675 -0.075489484 -78.927398682 -0.018590568 0.999781072 -0.009601175 0.444192767 0.075301923 0.010975643 0.997100353 42.067974091
0.996835470 0.016374281 -0.077788010 -78.999862671 -0.016870294 0.999841332 -0.005723570 0.426886469 0.077681944 0.007017763 0.996953487 42.958160400
0.996778548 0.016513299 -0.078484155 -79.074119568 -0.016663538 0.999860346 -0.001259656 0.415957570 0.078452393 0.002563422 0.996914566 43.822807312
0.996837795 0.015021936 -0.078030601 -79.134315491 -0.015012891 0.999887109 0.000702560 0.400654286 0.078032345 0.000471125 0.996950746 44.684082031
0.997008801 0.020144576 -0.074616797 -79.213279724 -0.020072782 0.999797046 0.001712059 0.377862066 0.074636146 -0.000209171 0.997210801 45.523677826
0.997137606 0.020166026 -0.072869994 -79.274925232 -0.020199971 0.999795854 0.000271176 0.369457841 0.072860606 0.001201571 0.997341394 46.400074005
0.997318447 0.018005073 -0.070933647 -79.350334167 -0.018221293 0.999831080 -0.002402264 0.361010581 0.070878424 0.003688325 0.997478187 47.265083313
0.997341990 0.013010978 -0.071691893 -79.421165466 -0.013342728 0.999902368 -0.004150492 0.344489306 0.071630895 0.005096025 0.997418165 48.149581909
0.997498274 0.011845712 -0.069692604 -79.486549377 -0.012186414 0.999915779 -0.004465487 0.334794939 0.069633842 0.005303618 0.997558534 49.020660400
0.997587502 0.009599372 -0.068753757 -79.553306580 -0.009738351 0.999951243 -0.001686519 0.313235462 0.068734199 0.002351999 0.997632146 49.900424957
0.997562230 0.009050547 -0.069192111 -79.591491699 -0.009052410 0.999958992 0.000286621 0.279133767 0.069191858 0.000340434 0.997603297 50.821025848
0.997654259 0.007333052 -0.068059415 -79.671554565 -0.007368720 0.999972880 -0.000273063 0.277951986 0.068055570 0.000773933 0.997681260 51.681602478
0.997744381 0.010165204 -0.066352300 -79.748672485 -0.010374300 0.999942243 -0.002807494 0.239151835 0.066319935 0.003489520 0.997792304 52.571846008
0.997712791 0.012768948 -0.066378862 -79.779441833 -0.013403452 0.999868512 -0.009122258 0.245775938 0.066253662 0.009991099 0.997752726 53.417118073
0.997707009 0.013617111 -0.066296875 -79.832504272 -0.014607024 0.999788642 -0.014469733 0.220090330 0.066085823 0.015404955 0.997694969 54.278461456
0.997731805 0.018058095 -0.064847402 -79.912704468 -0.019411571 0.999605417 -0.020302627 0.196724415 0.064455196 0.021515366 0.997688591 55.134029388
0.997783601 0.018729104 -0.063852310 -79.968223572 -0.020086072 0.999584436 -0.020676300 0.157899857 0.063438520 0.021913012 0.997745275 55.995258331
0.997841299 0.015633054 -0.063783266 -80.017898560 -0.016615396 0.999750912 -0.014899988 0.138598263 0.063534446 0.015927607 0.997852564 56.856071472
0.997791290 0.015277513 -0.064646468 -80.071678162 -0.015707627 0.999857664 -0.006150234 0.115617633 0.064543307 0.007152091 0.997889280 57.716697693
0.997700810 0.009697847 -0.067074820 -80.218368530 -0.009555349 0.999951363 0.002444966 0.094832793 0.067095265 -0.001798422 0.997744977 58.481601715
0.997570395 0.007483417 -0.069261797 -80.285255432 -0.007501638 0.999971867 -0.000002972 0.079501227 0.069259822 0.000522541 0.997598588 59.334129333
0.997448385 0.002954998 -0.071329474 -80.329536438 -0.003202407 0.999989271 -0.003354414 0.065181494 0.071318798 0.003574281 0.997447193 60.157382965
0.997082651 -0.000827406 -0.076323897 -80.377944946 0.000476779 0.999989271 -0.004612044 0.047257155 0.076326869 0.004562200 0.997072399 60.917789459
0.996863067 0.001096783 -0.079137065 -80.441947937 -0.001599642 0.999978960 -0.006291166 0.020049065 0.079128489 0.006398023 0.996843874 61.736087799
0.996604621 0.002857453 -0.082286678 -80.522018433 -0.003709422 0.999941051 -0.010202655 0.001260936 0.082252659 0.010473249 0.996556520 62.570762634
0.996310234 0.003889625 -0.085738167 -80.610115051 -0.005100912 0.999890149 -0.013913197 -0.015447378 0.085674644 0.014299201 0.996220529 63.382312775
0.996040523 0.006040236 -0.088694900 -80.682937622 -0.007625079 0.999817073 -0.017540544 -0.048262477 0.088572733 0.018147400 0.995904386 64.186744690
0.995719552 0.010912889 -0.091779619 -80.780532837 -0.012595861 0.999762654 -0.017777890 -0.073304415 0.091563813 0.018857835 0.995620608 65.006607056
0.995326579 0.013422897 -0.095628805 -80.863769531 -0.015002230 0.999762297 -0.015815450 -0.097627640 0.095393799 0.017176183 0.995291352 65.809036255
0.994919181 0.016495299 -0.099316537 -80.953262329 -0.017537404 0.999799728 -0.009628819 -0.127541244 0.099137835 0.011321653 0.995009303 66.609786987
0.994464338 0.021690130 -0.102812946 -81.077819824 -0.022575272 0.999717474 -0.007453357 -0.095402539 0.102622241 0.009733127 0.994672775 67.522491455
0.993918002 0.021287804 -0.108046189 -81.163848877 -0.021843888 0.999753535 -0.003965689 -0.113795191 0.107935131 0.006301718 0.994138002 68.321693420
0.993091524 0.024991713 -0.114649847 -81.246994019 -0.025746938 0.999655545 -0.005110926 -0.095522404 0.114482611 0.008027500 0.993392825 69.096916199
0.992476225 0.021779573 -0.120484807 -81.343917847 -0.022046227 0.999756575 -0.000880496 -0.119532727 0.120436311 0.003530107 0.992714763 69.877006531
0.991763771 0.020231145 -0.126472846 -81.468383789 -0.020368895 0.999792516 0.000204117 -0.159487128 0.126450732 0.002373677 0.991970062 70.639472961
0.990872741 0.024209600 -0.132609367 -81.585556030 -0.024452765 0.999700963 -0.000205236 -0.178003386 0.132564738 0.003446029 0.991168380 71.421699524
0.990076423 0.026669055 -0.137976333 -81.710319519 -0.027508091 0.999612868 -0.004177428 -0.189805210 0.137811512 0.007931439 0.990426719 72.167030334
0.989207208 0.024930259 -0.144387320 -81.822219849 -0.026243683 0.999629617 -0.007198800 -0.206120849 0.144154370 0.010910361 0.989495099 72.944770813
0.988593400 0.026358584 -0.148284301 -81.978385925 -0.027734051 0.999589264 -0.007215470 -0.254325807 0.148033187 0.011245689 0.988918424 73.681198120
0.987897158 0.028442403 -0.152480423 -82.115432739 -0.029101657 0.999574244 -0.002093030 -0.267951161 0.152355939 0.006505130 0.988304317 74.447982788
0.986447394 0.031159908 -0.161092505 -82.193679810 -0.030371860 0.999511600 0.007352632 -0.281786501 0.161242947 -0.002360305 0.986911952 75.216873169
0.985377073 0.030817939 -0.167577401 -82.328598022 -0.029585350 0.999513686 0.009847572 -0.301787734 0.167799383 -0.004745737 0.985809803 75.978065491
0.984329820 0.028964510 -0.173942119 -82.475402832 -0.028030958 0.999576449 0.007821763 -0.338837326 0.174095035 -0.002823431 0.984724820 76.705596924
0.982885122 0.026636397 -0.182284221 -82.621032715 -0.026957348 0.999636292 0.000717233 -0.345112473 0.182237044 0.004208940 0.983245611 77.443084717
0.981210589 0.024278898 -0.191406369 -82.766853333 -0.024913868 0.999689102 -0.000911130 -0.357850283 0.191324756 0.005662682 0.981510401 78.174827576
0.979073644 0.023384757 -0.202158287 -82.921569824 -0.023323873 0.999724388 0.002683654 -0.380760044 0.202165261 0.002087617 0.979349315 78.897964478
0.976650596 0.023509648 -0.213543996 -83.081382751 -0.022080999 0.999715090 0.009073217 -0.387429595 0.213696450 -0.004146099 0.976891339 79.626319885
0.973689735 0.023981096 -0.226612940 -83.257682800 -0.020106317 0.999609768 0.019391779 -0.413436055 0.226989567 -0.014325222 0.973791838 80.372940063
0.971039832 0.024527814 -0.237655208 -83.445800781 -0.019631064 0.999543846 0.022949558 -0.419136286 0.238109708 -0.017619509 0.971078396 81.104019165
0.968135118 0.027992005 -0.248859555 -83.638931274 -0.024096176 0.999534905 0.018687809 -0.424971461 0.249266952 -0.012095760 0.968359232 81.778579712
0.965092778 0.027676309 -0.260441899 -83.847686768 -0.026186476 0.999614835 0.009189271 -0.422080517 0.260595888 -0.002048445 0.965445757 82.476997375
0.961655855 0.025239624 -0.273095250 -84.051193237 -0.024938529 0.999678552 0.004574305 -0.422653019 0.273122907 0.002411686 0.961976171 83.185394287
0.958214700 0.023857722 -0.285053223 -84.262969971 -0.022083113 0.999711573 0.009438508 -0.424802840 0.285196185 -0.002749255 0.958465219 83.869354248
0.954528272 0.025242765 -0.297049999 -84.483383179 -0.021320224 0.999637544 0.016437849 -0.422542691 0.297357291 -0.009357220 0.954720438 84.600845337
0.950789869 0.025559667 -0.308780372 -84.718322754 -0.019622719 0.999558449 0.022317784 -0.432955742 0.309214354 -0.015160413 0.950871527 85.296760559
0.946615994 0.023327146 -0.321518183 -84.963836670 -0.017696207 0.999634802 0.020425318 -0.434239149 0.321877152 -0.013645282 0.946683228 86.008132935
0.942564547 0.021077655 -0.333358228 -85.210311890 -0.016650598 0.999731302 0.016131973 -0.431384921 0.333608627 -0.009654813 0.942662239 86.709388733
0.939627647 0.017473986 -0.341752172 -85.472045898 -0.015136990 0.999840260 0.009504143 -0.440439463 0.341863602 -0.003757258 0.939742148 87.397415161
0.936826408 0.013708927 -0.349525928 -85.734359741 -0.013345687 0.999904990 0.003447621 -0.441309184 0.349539995 0.001434841 0.936920285 88.087387085
0.933888078 0.013816180 -0.357298613 -86.000541687 -0.014244767 0.999897420 0.001432265 -0.449797392 0.357281774 0.003752060 0.933989048 88.800918579
0.930930436 0.018235706 -0.364740908 -86.289123535 -0.019004792 0.999818325 0.001481195 -0.456989944 0.364701688 0.005552937 0.931107879 89.478004456
0.927776873 0.018551176 -0.372674018 -86.573547363 -0.018507281 0.999821901 0.003695578 -0.467281073 0.372676164 0.003468510 0.927954972 90.176490784
0.924652576 0.019220257 -0.380326480 -86.874832153 -0.016588673 0.999810338 0.010196120 -0.468845367 0.380450308 -0.003118756 0.924796104 90.887969971
0.921742857 0.020934179 -0.387236059 -87.170959473 -0.014898775 0.999716341 0.018581429 -0.472945690 0.387515098 -0.011357961 0.921793401 91.593666077
0.919027269 0.030800192 -0.392988652 -87.491546631 -0.022674097 0.999422610 0.025304275 -0.468015671 0.393541098 -0.014344652 0.919195056 92.298294067
0.916199386 0.036888134 -0.399021178 -87.814392090 -0.030546946 0.999285817 0.022241168 -0.467682123 0.399556667 -0.008188467 0.916671813 93.001312256
0.913722873 0.033178963 -0.404980928 -88.128601074 -0.029609073 0.999447823 0.015077611 -0.470415115 0.405257523 -0.001785646 0.914200783 93.670318604
0.911561370 0.025489487 -0.410373300 -88.433990479 -0.024488874 0.999670386 0.007695368 -0.471697927 0.410434246 0.003034780 0.911885142 94.362182617
0.909696698 0.025440738 -0.414493263 -88.752349854 -0.024930499 0.999667048 0.006642031 -0.462586522 0.414524287 0.004291290 0.910028100 95.056221008
0.907627404 0.031351186 -0.418604255 -89.095626831 -0.028920064 0.999507785 0.012152555 -0.471868396 0.418779194 0.001076068 0.908087492 95.752410889
0.904978037 0.034567244 -0.424051702 -89.432868958 -0.030430853 0.999400198 0.016524542 -0.477842331 0.424368560 -0.002050094 0.905487299 96.453056335
0.902691483 0.030640019 -0.429196119 -89.757705688 -0.027151840 0.999529719 0.014249614 -0.479757309 0.429430872 -0.001209541 0.903098822 97.142890930
0.900441051 0.029257271 -0.433993161 -90.101112366 -0.028554749 0.999559045 0.008139536 -0.485393167 0.434039921 0.005063395 0.900879323 97.836982727
0.898185253 0.026130129 -0.438839883 -90.445587158 -0.028413270 0.999595344 0.001365348 -0.488439381 0.438698053 0.011242541 0.898564160 98.521354675
0.895906091 0.027131977 -0.443414181 -90.797981262 -0.030226840 0.999543130 0.000088332 -0.496494442 0.443213999 0.013323873 0.896316767 99.206550598
0.894102335 0.029916704 -0.446862370 -91.156867981 -0.031253401 0.999501884 0.004381799 -0.506092727 0.446770996 0.010048193 0.894591928 99.878341675
0.891730785 0.031882681 -0.451441705 -91.508712769 -0.032340776 0.999454379 0.006703003 -0.518519759 0.451409101 0.008622702 0.892275333 100.571891785
0.889500380 0.032557793 -0.455772936 -91.867446899 -0.032812804 0.999434412 0.007355363 -0.525797486 0.455754638 0.008412588 0.890065670 101.252273560
0.887360096 0.030695328 -0.460054219 -92.226837158 -0.031260334 0.999490857 0.006391694 -0.529965162 0.460016191 0.008709715 0.887867808 101.927703857
