0.999998569 0.000854956 0.001462727 -0.004419827 -0.000848282 0.999989271 -0.004557606 -0.002590122 -0.001466608 0.004556358 0.999988556 0.965171456
0.999996781 -0.001251006 0.002178955 -0.003501324 0.001262893 0.999984264 -0.005462451 -0.000686866 -0.002172088 0.005465185 0.999982715 1.923985958
0.999992669 -0.002862728 0.002539322 -0.006027623 0.002866084 0.999994934 -0.001319289 -0.002771587 -0.002535532 0.001326557 0.999995828 2.884161472
0.999984503 -0.005275995 0.001778189 -0.003996945 0.005267520 0.999974906 0.004738025 -0.004854344 -0.001803142 -0.004728585 0.999987185 3.841833591
0.999961317 -0.008776199 0.000487417 -0.004043381 0.008773746 0.999949872 0.004827507 -0.003405234 -0.000529760 -0.004823043 0.999988258 4.786987782
0.999937534 -0.011173520 -0.000327015 -0.005458817 0.011174125 0.999935687 0.001910158 0.000672147 0.000305651 -0.001913693 0.999998033 5.725210190
0.999944746 -0.008889054 -0.005616130 -0.069629073 0.008816485 0.999879003 -0.012816767 -0.139261633 0.005729379 0.012766545 0.999902010 6.667284489
0.999941587 -0.008684689 -0.006425620 -0.078734621 0.008598630 0.999874532 -0.013302041 -0.150068402 0.006540338 0.013246014 0.999890864 7.602599621
0.999938130 -0.008383024 -0.007300665 -0.092175610 0.008297866 0.999898076 -0.011617623 -0.157795399 0.007397311 0.011556325 0.999905884 8.532094002
0.999939620 -0.006336380 -0.008976550 -0.099693790 0.006233345 0.999914885 -0.011460266 -0.169000000 0.009048403 0.011403620 0.999894023 9.460502625
0.999956608 -0.003933075 -0.008438051 -0.105431445 0.003861746 0.999956787 -0.008452944 -0.177803233 0.008470932 0.008419995 0.999928594 10.379759789
0.999947190 -0.004846815 -0.009060576 -0.115539975 0.004774929 0.999957085 -0.007938826 -0.181942657 0.009098665 0.007895144 0.999927461 11.298488617
0.999942064 -0.004795058 -0.009639825 -0.129184172 0.004718331 0.999957144 -0.007966337 -0.192697853 0.009677610 0.007920392 0.999921799 12.203324318
0.999852538 0.015367083 -0.007658526 -0.131417051 -0.015409937 0.999865711 -0.005568336 -0.181747943 0.007571929 0.005685532 0.999955118 13.122654915
0.999706209 0.022494199 -0.009027313 -0.137853324 -0.022554280 0.999723792 -0.006609814 -0.189614356 0.008876135 0.006811476 0.999937415 14.028479576
0.999713123 0.021322116 -0.010905678 -0.144357428 -0.021410517 0.999738336 -0.008054464 -0.190984026 0.010731086 0.008285649 0.999908090 14.922594070
0.999232054 0.037311777 -0.011975390 -0.156383127 -0.037397526 0.999275744 -0.007017734 -0.203003228 0.011704872 0.007460194 0.999903679 15.832066536
0.999151528 0.038843021 -0.013698221 -0.174339503 -0.038956285 0.999208033 -0.008101031 -0.204597741 0.013372703 0.008627788 0.999873400 16.723896027
0.999580860 0.024162566 -0.015945895 -0.193566039 -0.024308844 0.999663591 -0.009044130 -0.218474105 0.015722001 0.009427967 0.999831975 17.628101349
0.999557018 0.023665866 -0.018042654 -0.203094542 -0.023810120 0.999685884 -0.007822664 -0.229514733 0.017851857 0.008248798 0.999806583 18.527353287
0.999037564 0.039816216 -0.018400026 -0.228256240 -0.039925128 0.999187052 -0.005589919 -0.224784836 0.018162498 0.006319162 0.999815106 19.411745071
0.998996615 0.040206403 -0.019723842 -0.252153039 -0.040312257 0.999174595 -0.004998276 -0.229825288 0.019506598 0.005788374 0.999792993 20.302476883
0.999275744 0.031583354 -0.021225115 -0.275508195 -0.031710323 0.999481022 -0.005672344 -0.238788903 0.021034947 0.006341291 0.999758601 21.162017822
0.999216676 0.031652395 -0.023751553 -0.290252626 -0.031802785 0.999476314 -0.005980829 -0.243757904 0.023549803 0.006731509 0.999700010 22.031316757
0.998753488 0.044264194 -0.023068326 -0.327857494 -0.044377364 0.999005020 -0.004416814 -0.243306458 0.022849869 0.005435019 0.999724269 22.895694733
0.998703003 0.044763971 -0.024259616 -0.352969050 -0.044841882 0.998990536 -0.002676808 -0.243690729 0.024115300 0.003761183 0.999702156 23.753841400
0.998527706 0.048450392 -0.024392975 -0.377737761 -0.048440542 0.998825550 0.000994827 -0.246932223 0.024412530 0.000188247 0.999701917 24.593446732
0.998515427 0.048131194 -0.025504807 -0.398679137 -0.048080835 0.998840034 0.002584453 -0.248926163 0.025599619 -0.001354325 0.999671340 25.439693451
0.998349369 0.051445693 -0.025536940 -0.427761137 -0.051394887 0.998675048 0.002642366 -0.258354753 0.025639037 -0.001325537 0.999670386 26.255569458
0.998240530 0.052956477 -0.026672941 -0.457516164 -0.052964319 0.998596370 0.000412879 -0.258624256 0.026657367 0.001000561 0.999644101 27.067560196
0.998147249 0.054226100 -0.027597215 -0.477581441 -0.054261528 0.998526633 -0.000535903 -0.268092602 0.027527492 0.002032379 0.999619007 27.851579666
0.998058856 0.055431519 -0.028387092 -0.507966995 -0.055474553 0.998459935 -0.000730418 -0.267319113 0.028302886 0.002303762 0.999596775 28.653017044
0.998088062 0.054054566 -0.029976049 -0.531783938 -0.054103352 0.998534977 -0.000818066 -0.266611010 0.029887922 0.002438304 0.999550402 29.431869507
0.998010933 0.054167427 -0.032251474 -0.560387492 -0.054252651 0.998525620 -0.001772597 -0.266943812 0.032107905 0.003518797 0.999478161 30.222095490
0.998188436 0.049642537 -0.033992011 -0.582838058 -0.049697012 0.998764038 -0.000758974 -0.275367051 0.033912316 0.002446900 0.999421835 30.980113983
0.998127997 0.049850367 -0.035431650 -0.621398687 -0.049869645 0.998755693 0.000340053 -0.272888035 0.035404518 0.001427549 0.999372005 31.722654343
0.998067796 0.049191054 -0.037963286 -0.639657736 -0.049126826 0.998789072 0.002623681 -0.268383861 0.038046379 -0.000753595 0.999275625 32.492740631
0.997956276 0.050059099 -0.039717723 -0.678629220 -0.049919516 0.998743117 0.004499007 -0.272204638 0.039893024 -0.002507123 0.999200761 33.226795197
0.997970998 0.048929241 -0.040739466 -0.717078090 -0.048721772 0.998793960 0.006070446 -0.275096297 0.040987350 -0.004073231 0.999151349 33.963386536
0.997761190 0.051164575 -0.043068551 -0.756095946 -0.050968222 0.998684347 0.005645595 -0.276339173 0.043300748 -0.003437827 0.999056160 34.657649994
0.998239934 0.039334245 -0.044383280 -0.784903109 -0.039149795 0.999220729 0.005017805 -0.263981283 0.044546071 -0.003271377 0.999001980 35.385890961
0.998149335 0.039687153 -0.046074875 -0.820501268 -0.039448794 0.999203086 0.006071582 -0.256611824 0.046279110 -0.004242748 0.998919547 36.104145050
0.998052001 0.041154280 -0.046890475 -0.860268891 -0.040811602 0.999132872 0.008242552 -0.257701814 0.047189038 -0.006312819 0.998866022 36.774356842
0.997930586 0.043951582 -0.046932362 -0.901932538 -0.043574434 0.999009490 0.009029507 -0.258950561 0.047282733 -0.006965771 0.998857260 37.455905914
0.997834444 0.047147080 -0.045863189 -0.936849058 -0.046880316 0.998876989 0.006875382 -0.258935720 0.046135835 -0.004710413 0.998924077 38.125423431
0.997402430 0.056704469 -0.044418849 -0.972680748 -0.056596521 0.998390257 0.003685149 -0.256340623 0.044556312 -0.001161623 0.999006152 38.773433685
0.997421026 0.057286408 -0.043237694 -0.984068036 -0.057276480 0.998357236 0.001469267 -0.246220067 0.043250833 0.001011027 0.999063730 39.423881531
0.997960925 0.050451763 -0.039096992 -1.026671648 -0.050404828 0.998726487 0.002185856 -0.243158668 0.039157491 -0.000210720 0.999233007 40.056972504
0.997841716 0.055075549 -0.035756707 -1.056337833 -0.054936260 0.998477995 0.004866901 -0.244259670 0.035970338 -0.002892057 0.999348581 40.683921814
0.997212172 0.067583367 -0.031627066 -1.093073487 -0.067360550 0.997696102 0.008059634 -0.245445043 0.032098908 -0.005906749 0.999467194 41.309375763
0.996983051 0.072567962 -0.027545331 -1.109299898 -0.072358392 0.997342229 0.008531936 -0.236965090 0.028091265 -0.006513060 0.999584138 41.908855438
0.997442305 0.068014592 -0.021973697 -1.126471519 -0.067832202 0.997656643 0.008942577 -0.234818518 0.022530437 -0.007429181 0.999718487 42.490013123
0.997277975 0.071940295 -0.016163157 -1.139698267 -0.071774356 0.997364342 0.010622961 -0.228487849 0.016884778 -0.009433946 0.999812841 43.064865112
0.996979833 0.077094041 -0.009364613 -1.155097485 -0.076982714 0.996963680 0.011717545 -0.226775825 0.010239530 -0.010961244 0.999887466 43.604011536
0.996769309 0.080285288 -0.002298851 -1.160598278 -0.080254853 0.996711671 0.011182964 -0.226101875 0.003189120 -0.010962341 0.999934793 44.141883850
0.996472239 0.083773851 0.004998159 -1.160647392 -0.083824128 0.996421158 0.010875000 -0.223432481 -0.004069231 -0.011255601 0.999928296 44.627941132
0.997479856 0.069461264 0.014459247 -1.163814664 -0.069641322 0.997495711 0.012345448 -0.231500924 -0.013565506 -0.013321296 0.999819219 45.112613678
0.997012317 0.073891938 0.022501703 -1.168071985 -0.074118294 0.997205257 0.009396860 -0.228270441 -0.021744460 -0.011036573 0.999702632 45.573917389
0.995761037 0.086934574 0.030036248 -1.161025405 -0.087158471 0.996174991 0.006225507 -0.221123248 -0.029380152 -0.008817033 0.999529362 46.012817383
0.995466232 0.087156102 0.038084988 -1.148051500 -0.087433800 0.996154070 0.005684929 -0.218791336 -0.037443042 -0.008989071 0.999258280 46.436458588
0.996086836 0.075477056 0.045979328 -1.114093304 -0.075868718 0.997094393 0.006830730 -0.222486347 -0.045330167 -0.010292394 0.998918951 46.822593689
0.995522678 0.077376194 0.054290406 -1.096874237 -0.077872485 0.996938169 0.007083084 -0.215761304 -0.053576116 -0.011279100 0.998500109 47.199562073
0.994791687 0.080111228 0.063022994 -1.076869726 -0.080723964 0.996710241 0.007232731 -0.219182760 -0.062236246 -0.012282526 0.997985840 47.553489685
0.993789196 0.084945381 0.071884215 -1.058295965 -0.085613266 0.996308863 0.006255959 -0.217079699 -0.071087465 -0.012371347 0.997393310 47.869785309
0.992821634 0.088374957 0.080591738 -1.028141022 -0.089165829 0.995997131 0.006260678 -0.221330643 -0.079715826 -0.013401765 0.996727467 48.169609070
0.992089987 0.087582499 0.089926071 -0.996808052 -0.088538028 0.996050358 0.006684290 -0.225058377 -0.088985458 -0.014593292 0.995925963 48.446247101
0.991172314 0.086444162 0.100522310 -0.952535629 -0.087348722 0.996167123 0.004624001 -0.229554847 -0.099737272 -0.013363677 0.994924009 48.716560364
0.989949226 0.085726783 0.112478331 -0.931379318 -0.086287200 0.996270299 0.000114801 -0.232577741 -0.112048984 -0.009819089 0.993654072 48.973434448
0.988298774 0.086477436 0.125647143 -0.892277718 -0.086616032 0.996232092 -0.004370106 -0.232187599 -0.125551656 -0.006564088 0.992065310 49.238052368
0.985073626 0.099365227 0.140558511 -0.853790760 -0.099197209 0.995033860 -0.008218913 -0.230674654 -0.140677139 -0.005846777 0.990038276 49.467864990
0.982423902 0.101540320 0.156629279 -0.804068565 -0.101224937 0.994813204 -0.010009929 -0.235085040 -0.156833246 -0.006020796 0.987606764 49.704780579
0.979513586 0.101734258 0.173790649 -0.757184029 -0.101211324 0.994793952 -0.011892213 -0.239161193 -0.174095705 -0.005940996 0.984710813 49.963867188
0.976324499 0.100520700 0.191535980 -0.690617561 -0.099714324 0.994919479 -0.013869304 -0.242267847 -0.191956997 -0.005557939 0.981387556 50.208400726
0.972361803 0.099667698 0.211136878 -0.629927635 -0.098764732 0.995000124 -0.014844898 -0.247204244 -0.211560786 -0.006418264 0.977343738 50.451988220
0.968681097 0.089010984 0.231805831 -0.563199043 -0.088016003 0.996011257 -0.014652334 -0.249900222 -0.232185423 -0.006209184 0.972651720 50.689262390
0.963300645 0.090960734 0.252543122 -0.482902527 -0.089429729 0.995838284 -0.017559281 -0.252044022 -0.253089339 -0.005669996 0.967426300 50.933513641
0.957454026 0.084806226 0.275843322 -0.404006004 -0.082949191 0.996383607 -0.018414387 -0.265641332 -0.276407391 -0.005250056 0.961026192 51.167663574
0.949931204 0.085916452 0.300414860 -0.312679291 -0.083796017 0.996282935 -0.019961266 -0.271231949 -0.301013231 -0.006211745 0.953599691 51.421073914
0.941295683 0.088703834 0.325720638 -0.216542244 -0.086488232 0.996024907 -0.021307254 -0.281738639 -0.326316029 -0.008114582 0.945225775 51.636638641
0.931257010 0.090758443 0.352878541 -0.108247757 -0.088386528 0.995823741 -0.022865806 -0.290587723 -0.353480130 -0.009895769 0.935389578 51.872192383
0.920172513 0.085787006 0.381998807 0.005958557 -0.083174773 0.996260703 -0.023379900 -0.304563999 -0.382576168 -0.010259119 0.923866928 52.103885651
0.907439888 0.084127560 0.411673874 0.145704269 -0.080632143 0.996407747 -0.025885884 -0.313645184 -0.412372768 -0.009704262 0.910963535 52.333328247
0.892413437 0.081252687 0.443842649 0.287082672 -0.076353379 0.996660948 -0.028935008 -0.324822664 -0.444711626 -0.008066904 0.895637393 52.552894592
0.874960124 0.080871776 0.477393657 0.445568085 -0.073768698 0.996707797 -0.033642802 -0.333853006 -0.478542745 -0.005780600 0.878045261 52.774925232
0.854311824 0.070650175 0.514936626 0.605218887 -0.062036350 0.997496784 -0.033936076 -0.349622607 -0.516045153 -0.002952797 0.856556237 52.961326599
0.832219779 0.072437532 0.549693465 0.793876648 -0.061417609 0.997371435 -0.038447168 -0.357385635 -0.551033437 -0.001764357 0.834481180 53.188007355
0.807433426 0.075618826 0.585092247 0.981409073 -0.062747166 0.997133493 -0.042280272 -0.368316054 -0.586612165 -0.002574359 0.809863865 53.392124176
0.779875100 0.079570055 0.620857000 1.206354141 -0.065639786 0.996814549 -0.045301486 -0.379552126 -0.622483790 -0.005423409 0.782613873 53.623443604
0.749907076 0.083515957 0.656250179 1.442644119 -0.068996020 0.996463001 -0.047969401 -0.398712754 -0.657935143 -0.009306056 0.753017068 53.849090576
0.716267228 0.084466577 0.692695260 1.678611755 -0.068437085 0.996364772 -0.050729770 -0.415784597 -0.694462121 -0.011069970 0.719444036 54.075508118
0.679158628 0.081595175 0.729442120 1.955720901 -0.064517975 0.996591508 -0.051407941 -0.435816407 -0.731150508 -0.012147967 0.682108045 54.304168701
0.640433192 0.078297570 0.764012277 2.242233276 -0.059530485 0.996857762 -0.052258652 -0.456083179 -0.765703201 -0.012013847 0.643081844 54.504135132
0.597534120 0.078445770 0.797996879 2.590688705 -0.058340315 0.996818542 -0.054305822 -0.473406434 -0.799718201 -0.014105803 0.600209832 54.731678009
0.545591652 0.076186597 0.834580839 2.940479279 -0.053163528 0.996999800 -0.056258723 -0.489982605 -0.836363256 -0.013674964 0.548005223 54.910713196
0.496718198 0.074700214 0.864691257 3.332221985 -0.050186913 0.997094333 -0.057308789 -0.520815849 -0.866459668 -0.014929870 0.499023855 55.111892700
0.447229594 0.071957804 0.891519904 3.734346390 -0.049132772 0.997229934 -0.055842657 -0.534269691 -0.893068671 -0.018828351 0.449526310 55.275043488
0.396779895 0.069645271 0.915267885 4.168033600 -0.048704181 0.997310221 -0.054774240 -0.552562833 -0.916620731 -0.022844048 0.399104685 55.440547943
0.346710861 0.069568083 0.935388625 4.621000290 -0.050946943 0.997170269 -0.055279009 -0.577440381 -0.936587453 -0.028489351 0.349274009 55.590389252
0.296875805 0.070300236 0.952324867 5.099408150 -0.049602084 0.997075379 -0.058140840 -0.599380612 -0.953626990 -0.029976696 0.299494624 55.721885681
0.250082731 0.066546835 0.965934873 5.567603111 -0.038255662 0.997535348 -0.058819432 -0.628663182 -0.967468381 -0.022242749 0.252012223 55.789451599
0.206031516 0.061039004 0.976639807 6.083738327 -0.024481535 0.998061717 -0.057213251 -0.646530986 -0.978239119 -0.012121904 0.207126543 55.851013184
0.162680462 0.059649829 0.984874070 6.621320724 -0.015994027 0.998199165 -0.057814982 -0.674161792 -0.986549139 -0.006346732 0.163341552 55.936481476
0.123505205 0.061068427 0.990463078 7.154367447 -0.016176501 0.998095930 -0.059521928 -0.687171519 -0.992212057 -0.008670959 0.124257915 55.992404938
0.091003649 0.061752010 0.993934155 7.724518299 -0.007596308 0.998089612 -0.061314676 -0.724632621 -0.995821655 -0.001970371 0.091298878 56.018100739
0.061710816 0.060427811 0.996263146 8.296547890 -0.000922726 0.998168528 -0.060486227 -0.749186814 -0.998093665 0.002813376 0.061653558 56.031925201
0.036516957 0.058820542 0.997600377 8.870654106 0.006232416 0.998233378 -0.059086014 -0.782186270 -0.999313533 0.008375103 0.036085855 56.035221100
0.016504355 0.057722472 0.998196125 9.465405464 0.010517366 0.998266935 -0.057900444 -0.809273541 -0.999808431 0.011454006 0.015868662 56.030525208
0.000556971 0.059909366 0.998203635 10.087308884 0.013113982 0.998117566 -0.059911504 -0.829102993 -0.999913871 0.013123794 -0.000229726 56.021949768
-0.013138989 0.059527520 0.998140216 10.714900970 0.013315662 0.998148263 -0.059352733 -0.867762685 -0.999825001 0.012511062 -0.013907308 56.018795013
-0.024697445 0.060412485 0.997867882 11.344231606 0.014642999 0.998087108 -0.060063336 -0.897929728 -0.999587655 0.013128367 -0.025534822 55.989780426
-0.033263303 0.063320629 0.997438788 11.979321480 0.018924661 0.997851968 -0.062715739 -0.931007922 -0.999267459 0.016790058 -0.034390174 55.954471588
-0.039789587 0.065441549 0.997062802 12.636481285 0.022678945 0.997655034 -0.064575382 -0.960417449 -0.998950660 0.020042904 -0.041180428 55.902057648
-0.043967839 0.064731292 0.996933639 13.298633575 0.023013964 0.997699499 -0.063766032 -0.993056357 -0.998767853 0.020139739 -0.045356411 55.864799500
-0.048453577 0.062103454 0.996892869 14.044655800 0.021525560 0.997898281 -0.061119847 -1.028877258 -0.998593450 0.018497203 -0.049688544 55.862827301
-0.051150590 0.054807734 0.997185946 14.753434181 0.019293316 0.998360813 -0.053882658 -1.070917130 -0.998504579 0.016482890 -0.052124161 55.840827942
-0.052035529 0.049517047 0.997416794 15.468671799 0.020667139 0.998609364 -0.048498042 -1.100464821 -0.998431385 0.018090129 -0.052986540 55.787624359
-0.052418731 0.047362380 0.997501373 16.195541382 0.023336146 0.998660028 -0.046191078 -1.128235579 -0.998352528 0.020856559 -0.053453736 55.748352051
-0.053258043 0.049109139 0.997372448 16.879804611 0.021460673 0.998615503 -0.048024390 -1.162307739 -0.998350084 0.018846599 -0.054238237 55.700954437
-0.052234039 0.056619234 0.997028470 17.622455597 0.022789681 0.998198986 -0.055491757 -1.188696742 -0.998374879 0.019823404 -0.053430300 55.663639069
-0.049476311 0.064856119 0.996667325 18.428840637 0.028412649 0.997577012 -0.063504845 -1.229382634 -0.998371005 0.025175972 -0.051199157 55.635555267
-0.046833623 0.065787211 0.996734023 19.188203812 0.028993120 0.997498035 -0.064475343 -1.261155486 -0.998481870 0.025878815 -0.048623819 55.594776154
-0.045372993 0.061140575 0.997097373 19.977401733 0.028339079 0.997802377 -0.059894226 -1.304754853 -0.998568058 0.025539240 -0.047005940 55.570327759
-0.042604454 0.054601498 0.997598946 20.774291992 0.027633315 0.998187959 -0.053453598 -1.349327087 -0.998709798 0.025289608 -0.044036079 55.536991119
-0.040799659 0.052783322 0.997772157 21.503807068 0.022358404 0.998401821 -0.051902384 -1.386925459 -0.998917162 0.020190993 -0.041914605 55.513671875
-0.037682522 0.058539715 0.997573674 22.275215149 0.030004662 0.997898757 -0.057425406 -1.425798893 -0.998839259 0.027767923 -0.039359804 55.486545563
-0.033868182 0.063978292 0.997376442 23.067699432 0.033601660 0.997457564 -0.062842473 -1.469801307 -0.998861432 0.031385142 -0.035931848 55.455177307
-0.031350423 0.064618506 0.997417510 23.864206314 0.027445847 0.997587383 -0.063766845 -1.509544253 -0.999131620 0.025375843 -0.033048287 55.442016602
-0.028644921 0.060838647 0.997736514 24.622858047 0.019770363 0.997985303 -0.060286224 -1.549645662 -0.999394119 0.017998720 -0.029790014 55.416545868
-0.024050718 0.057337105 0.998065174 25.411739349 0.023494303 0.998110592 -0.056773581 -1.597875834 -0.999434650 0.022083402 -0.025352374 55.401550293
-0.019594999 0.059103306 0.998059452 26.159399033 0.027863694 0.997895837 -0.058546543 -1.605989933 -0.999419630 0.026662417 -0.021200599 55.327949524
-0.017121585 0.063856713 0.997812092 26.944849014 0.027825685 0.997602344 -0.063365825 -1.647672534 -0.999466121 0.026679883 -0.018857390 55.328659058
-0.013643953 0.063779540 0.997870743 27.770586014 0.025512461 0.997660935 -0.063417293 -1.725032210 -0.999581337 0.024592876 -0.015239215 55.361240387
-0.009451541 0.062988333 0.997969508 28.555749893 0.024801761 0.997721791 -0.062737808 -1.771645546 -0.999647677 0.024158427 -0.010992233 55.346237183
-0.006065138 0.060967904 0.998121321 29.317934036 0.027354844 0.997776210 -0.060780600 -1.781095386 -0.999607384 0.026934816 -0.007719418 55.309459686
-0.002394123 0.061234258 0.998120606 30.104560852 0.031940192 0.997618914 -0.061126865 -1.832984328 -0.999486923 0.031733818 -0.004344256 55.301651001
0.000697869 0.062192637 0.998064041 30.863166809 0.034005076 0.997485459 -0.062180378 -1.894529104 -0.999421358 0.033982642 -0.001418752 55.299850464
0.002995824 0.061745252 0.998087406 31.651050568 0.034515385 0.997490764 -0.061811946 -1.945452690 -0.999399662 0.034634557 0.000857145 55.318470001
0.006872382 0.060461238 0.998146892 32.464679718 0.036016263 0.997507870 -0.060670514 -1.986600995 -0.999327540 0.036366474 0.004677666 55.314205170
0.011083780 0.059864540 0.998145103 33.296001434 0.038648475 0.997434735 -0.060251120 -2.014846325 -0.999191344 0.039244585 0.008741677 55.313659668
0.013637329 0.060066171 0.998101294 34.093360901 0.037049536 0.997478247 -0.060534898 -2.058602095 -0.999220312 0.037804719 0.011377518 55.336627960
0.016471261 0.061653566 0.997961640 34.893726349 0.034003742 0.997485340 -0.062185343 -2.109424591 -0.999285996 0.034958705 0.014333388 55.359027863
0.019853629 0.061821740 0.997889698 35.695613861 0.035904538 0.997398555 -0.062505648 -2.152063608 -0.999158025 0.037069738 0.017582299 55.364959717
0.022372857 0.061690859 0.997844517 36.498588562 0.033912376 0.997473121 -0.062428255 -2.193717003 -0.999174356 0.035235975 0.020224243 55.389533997
0.024748312 0.062360823 0.997746766 37.306152344 0.031899124 0.997494936 -0.063136317 -2.231321335 -0.999184668 0.033389762 0.022697063 55.415802002
0.027415147 0.062132418 0.997691274 38.100784302 0.029247353 0.997589290 -0.062929727 -2.275523901 -0.999196112 0.030905060 0.025531853 55.445835114
0.030560244 0.064249486 0.997465849 38.908737183 0.027893640 0.997488499 -0.065105535 -2.317753077 -0.999143600 0.029812597 0.028691338 55.475868225
0.033376850 0.066917799 0.997200072 39.700057983 0.026338968 0.997350693 -0.067809470 -2.399566412 -0.999095738 0.028528491 0.031525876 55.514362335
0.036775231 0.069157436 0.996927679 40.520412445 0.026355699 0.997188389 -0.070147753 -2.450790405 -0.998975992 0.028854428 0.034849137 55.542938232
0.039470796 0.071214840 0.996679664 41.340789795 0.020507161 0.997189224 -0.072063364 -2.500221729 -0.999010324 0.023283474 0.037899438 55.594951630
0.043031842 0.070911147 0.996554017 42.198207855 0.017125100 0.997279048 -0.071702227 -2.526604652 -0.998926938 0.020151567 0.041700404 55.633914948
0.046147145 0.071508706 0.996371865 43.031723022 0.019663401 0.997176230 -0.072477154 -2.582236290 -0.998741150 0.022936672 0.044610735 55.688385010
0.050249461 0.072622918 0.996092677 43.863471985 0.018411605 0.997115910 -0.073626325 -2.640060425 -0.998566985 0.022039346 0.048767425 55.725467682
0.054116651 0.073699683 0.995811105 44.713031769 0.014480122 0.997109592 -0.074582718 -2.690701008 -0.998429656 0.018455634 0.052893057 55.782646179
0.057689823 0.071033671 0.995804191 45.526359558 0.013213641 0.997323751 -0.071907572 -2.768417835 -0.998247027 0.017306533 0.056596819 55.836532593
0.062195290 0.070709191 0.995556056 46.368770599 0.012979614 0.997345567 -0.071647160 -2.834054470 -0.997979462 0.017378049 0.061112422 55.897712708
0.067293838 0.074656606 0.994936168 47.240173340 0.010207344 0.997092843 -0.075508818 -2.880793810 -0.997680962 0.015236933 0.066336162 55.967723846
0.073161647 0.083079010 0.993853748 48.081237793 0.008199695 0.996440530 -0.083898857 -2.942196846 -0.997286439 0.014287473 0.072220020 56.042999268
0.080495745 0.085882254 0.993048191 48.696014404 0.008069138 0.996192336 -0.086808234 -3.057495594 -0.996722281 0.015000737 0.079496250 56.081932068
0.087524958 0.088740736 0.992201924 49.549789429 0.003841002 0.995986760 -0.089418076 -3.123175621 -0.996154845 0.011637361 0.086832844 56.172607422
0.090815291 0.088555962 0.991922736 47.119087219 -0.007939401 0.996071339 -0.088199444 -3.439042807 -0.995836079 0.000134586 0.091161586 56.594570160
0.098429158 0.086687565 0.991361201 47.988098145 -0.008716240 0.996235490 -0.086248398 -3.514523983 -0.995105863 -0.000151585 0.098814219 56.684818268
0.109913096 0.081651554 0.990581691 52.191036224 -0.000020099 0.996620238 -0.082147054 -3.332977295 -0.993941188 0.009009129 0.109543256 56.462829590
0.117252290 0.076517351 0.990149975 53.066974640 -0.002655755 0.997047901 -0.076735921 -3.396338224 -0.993098557 0.006367865 0.117109366 56.575241089
0.123998836 0.069760516 0.989827156 53.980533600 -0.006098033 0.997560441 -0.069541618 -3.433366776 -0.992263615 0.002587081 0.124121733 56.706134796
0.130986735 0.067133322 0.989108562 54.846500397 -0.005914354 0.997739732 -0.066935927 -3.492324352 -0.991366446 0.002917780 0.131087705 56.836826324
0.138510570 0.069270574 0.987935483 55.708293915 -0.005710570 0.997590184 -0.069146901 -3.548762321 -0.990344524 0.003935903 0.138572365 56.961051941
0.142067909 0.082528412 0.986410558 51.734874725 -0.026197946 0.996482849 -0.079597935 -3.965400219 -0.989510179 -0.014533619 0.143730283 57.572486877
0.147777840 0.086776659 0.985206306 52.567508698 -0.027365675 0.996120811 -0.083633229 -4.012248039 -0.988641918 -0.014601699 0.149579257 57.686470032
0.152212426 0.089298442 0.984305441 53.392917633 -0.028987642 0.995884776 -0.085866340 -4.091750145 -0.987922668 -0.015462773 0.154174596 57.838485718
0.156082213 0.081961706 0.984337628 55.803466797 -0.018083490 0.996621370 -0.080117114 -4.085895061 -0.987578511 -0.005295404 0.157037035 57.813255310
0.161951184 0.078807868 0.983646870 56.630756378 -0.014066062 0.996889055 -0.077552915 -4.151883125 -0.986698508 -0.001276250 0.162555873 57.938564301
0.171220914 0.085048594 0.981554985 56.138481140 -0.034076080 0.996182323 -0.080371812 -4.236301422 -0.984643221 -0.019686207 0.173465356 58.280239105
0.173595935 0.078857109 0.981654763 56.948295593 -0.036235712 0.996625543 -0.073651791 -4.297669888 -0.984150112 -0.022785304 0.175867558 58.446689606
0.184479669 0.086033180 0.979063630 58.332946777 -0.055039287 0.995502472 -0.077106960 -4.269124031 -0.981294036 -0.039662294 0.188385174 58.540802002
0.187780857 0.085992984 0.978439331 59.110275269 -0.056926254 0.995438457 -0.076561786 -4.333230019 -0.980560005 -0.041322045 0.191819504 58.696887970
0.189587504 0.088233851 0.977891266 59.803398132 -0.058735110 0.995189607 -0.078407474 -4.386319637 -0.980105460 -0.042571474 0.193857938 58.846633911
0.191279158 0.093045242 0.977115452 60.553234100 -0.062934637 0.994610906 -0.082391210 -4.442059040 -0.979515910 -0.045734689 0.196104094 59.000946045
0.192905411 0.096590586 0.976451755 61.227897644 -0.064042762 0.994260550 -0.085700117 -4.505197048 -0.979125142 -0.046002641 0.197984174 59.155891418
0.194925204 0.102458313 0.975452006 61.957515717 -0.064802900 0.993701160 -0.091425546 -4.561030388 -0.978674948 -0.045390967 0.200337023 59.313003540
0.196680203 0.103922054 0.974944651 62.678630829 -0.064355314 0.993591011 -0.092926905 -4.632847786 -0.978353381 -0.044465981 0.202107623 59.462425232
0.197074056 0.103078902 0.974954605 63.266269684 -0.064977102 0.993643999 -0.091920622 -4.689332962 -0.978232980 -0.045234550 0.202519208 59.615989685
0.198048607 0.100093670 0.975068212 63.974468231 -0.064793676 0.993933499 -0.088869840 -4.754861832 -0.978048325 -0.045577694 0.203332618 59.761730194
0.198399067 0.096941650 0.975315511 64.604812622 -0.063947044 0.994256556 -0.085816182 -4.817462921 -0.978033006 -0.045342680 0.203458771 59.904777527
0.198194355 0.095525473 0.975496709 65.287681580 -0.063291319 0.994409740 -0.084518477 -4.881009579 -0.978117228 -0.044989388 0.203132361 60.049732208
0.196821809 0.095462523 0.975780725 65.925636292 -0.064059407 0.994374037 -0.084360309 -4.927529335 -0.978344321 -0.045903984 0.201829806 60.181938171
0.194962576 0.096186556 0.976082802 66.589233398 -0.065871306 0.994216800 -0.084816419 -4.992563725 -0.978596270 -0.047759824 0.200171024 60.325424194
0.192681700 0.098911233 0.976263463 67.244613647 -0.066737346 0.993923903 -0.087528825 -5.052166939 -0.978989303 -0.048288025 0.198112041 60.463218689
0.190968171 0.103483535 0.976126194 67.822120667 -0.065085739 0.993573904 -0.092599951 -5.098160744 -0.979436219 -0.045848243 0.196476266 60.573566437
0.189864025 0.103856847 0.976301908 68.466415405 -0.062291257 0.993660331 -0.093589425 -5.155047417 -0.979832470 -0.043045800 0.195129693 60.694080353
0.188183710 0.103161506 0.976700842 69.048355103 -0.064291082 0.993629158 -0.092562363 -5.207922935 -0.980027318 -0.045374427 0.193617165 60.800716400
0.185365394 0.100680642 0.977498353 69.664413452 -0.064508446 0.993838549 -0.090130776 -5.259783745 -0.980549991 -0.046349775 0.190718010 60.927871704
0.183046803 0.096238159 0.978382409 70.235595703 -0.064162791 0.994244695 -0.085794128 -5.318984032 -0.981008172 -0.047071401 0.188168213 61.040512085
0.181250483 0.095172115 0.978820980 70.839248657 -0.060781587 0.994487703 -0.085440323 -5.378654957 -0.981556773 -0.044008199 0.186036080 61.156288147
0.179122239 0.096644260 0.979068518 71.377952576 -0.056635905 0.994526029 -0.087808445 -5.419993401 -0.982195318 -0.039721988 0.183615237 61.251754761
0.176501244 0.098797031 0.979329586 71.958328247 -0.052644316 0.994473279 -0.090836868 -5.469172478 -0.982891619 -0.035523318 0.180726871 61.353424072
0.174975067 0.100731000 0.979406536 72.538665771 -0.052954290 0.994275749 -0.092799760 -5.517315865 -0.983147860 -0.035626128 0.179307565 61.460926056
0.174599215 0.103140190 0.979222715 73.045555115 -0.053504791 0.994023085 -0.095158964 -5.570946217 -0.983184814 -0.035778426 0.179074138 61.545444489
0.174271852 0.101718590 0.979429722 73.626243591 -0.051678821 0.994224310 -0.094059765 -5.618499279 -0.983340561 -0.034223802 0.178522006 61.636978149
0.174394742 0.099916846 0.979593456 74.167648315 -0.045452349 0.994594812 -0.093355216 -5.673298836 -0.983626187 -0.028244164 0.177993566 61.740959167
0.176222160 0.098573655 0.979402363 74.764556885 -0.041160908 0.994840920 -0.092721485 -5.718826294 -0.983489454 -0.023973510 0.179370403 61.856132507
0.182739347 0.097133137 0.978351414 75.222129822 -0.031019583 0.995181799 -0.093010180 -5.811681271 -0.982671916 -0.013351432 0.184871942 61.962268829
0.185943410 0.097098418 0.977750957 75.816497803 -0.033593096 0.995151699 -0.092437886 -5.860505104 -0.981986105 -0.015657466 0.188303739 62.085906982
0.187642738 0.097759381 0.977360368 76.447753906 -0.041444518 0.994936824 -0.091560498 -5.870764732 -0.981362581 -0.023325570 0.190744236 62.175903320
0.194056600 0.096399151 0.976242423 77.046134949 -0.040088691 0.995108008 -0.090293244 -5.922565460 -0.980170846 -0.021614283 0.196971819 62.308837891
0.201602429 0.096990913 0.974653363 77.602432251 -0.042334571 0.995017946 -0.090260774 -5.963031769 -0.978552103 -0.023064740 0.204704151 62.426216125
0.210790321 0.094570741 0.972945869 78.218284607 -0.041828517 0.995270252 -0.087678455 -6.017179489 -0.976636052 -0.022215111 0.213749081 62.553565979
0.218839169 0.094571486 0.971167088 78.783676147 -0.045361634 0.995202005 -0.086690359 -6.062651157 -0.974705994 -0.025082476 0.222079113 62.714099884
0.228300318 0.094373465 0.969005942 79.405456543 -0.046769548 0.995204926 -0.085905984 -6.110828876 -0.972466707 -0.025707612 0.231619388 62.873493195
0.244457364 0.098590612 0.964634895 79.838836670 -0.042750943 0.994946063 -0.090854667 -6.194820404 -0.968717158 -0.019028960 0.247436732 63.041763306
0.254026830 0.100967668 0.961912632 80.484222412 -0.046255056 0.994666457 -0.092190422 -6.244525909 -0.966090381 -0.021074483 0.257342249 63.223518372
0.267018348 0.104018249 0.958061159 81.054580688 -0.046996258 0.994380295 -0.094863273 -6.279134750 -0.962544858 -0.019695060 0.270406246 63.397224426
0.277180880 0.105815880 0.954973161 81.725639343 -0.048199467 0.994197011 -0.096172169 -6.335381985 -0.959608078 -0.019372106 0.280672669 63.610244751
0.284244299 0.106047280 0.952868879 82.276290894 -0.054941066 0.994032383 -0.094239339 -6.400707245 -0.957176328 -0.025564633 0.288374364 63.788398743
0.294348896 0.106388047 0.949758053 82.956626892 -0.056219395 0.993991137 -0.093919367 -6.462644100 -0.954042971 -0.025749762 0.298561275 64.015731812
0.304804057 0.107600242 0.946317434 83.562103271 -0.060275462 0.993785143 -0.093583122 -6.504811764 -0.950505853 -0.028515203 0.309395432 64.223045349
0.315386504 0.102767438 0.943382263 84.265457153 -0.059683200 0.994298875 -0.088361077 -6.560784340 -0.947084665 -0.028436180 0.319721967 64.467697144
0.328887552 0.096205868 0.939455926 84.881790161 -0.052831024 0.995113850 -0.083410308 -6.600416660 -0.942890167 -0.022199806 0.332363218 64.687454224
0.339692116 0.092122428 0.936014354 85.593109131 -0.051375221 0.995523214 -0.079334535 -6.652894020 -0.939132571 -0.021138631 0.342904180 64.955215454
0.348909706 0.088584937 0.932960212 86.233322144 -0.053931676 0.995770574 -0.074379377 -6.709198952 -0.935603201 -0.024364417 0.352211595 65.205062866
0.358635843 0.085852377 0.929521203 86.959350586 -0.047323793 0.996153474 -0.073747791 -6.756032944 -0.932277203 -0.017539864 0.361319244 65.485664368
0.367367595 0.080909081 0.926549911 87.641777039 -0.041193105 0.996646881 -0.070697509 -6.795547485 -0.929163158 -0.012195499 0.369468659 65.753517151
0.374606609 0.071408972 0.924429834 88.398864746 -0.031524166 0.997434258 -0.064273775 -6.842507362 -0.926647723 -0.005064498 0.375896603 66.053421021
0.383664340 0.068134934 0.920955658 89.044288635 -0.024957201 0.997675180 -0.063413851 -6.876460075 -0.923135340 0.001345159 0.384472787 66.325386047
0.390999854 0.067558430 0.917907894 89.798080444 -0.022626135 0.997706592 -0.063793615 -6.939362526 -0.920112550 0.004174585 0.391631722 66.648582458
0.398363233 0.074506469 0.914196670 90.469108582 -0.020741031 0.997172177 -0.072230987 -6.969097614 -0.916993201 0.009812784 0.398782074 66.946678162
0.405726045 0.078383133 0.910627484 91.214042664 -0.016528320 0.996782184 -0.078434855 -7.020043373 -0.913845241 0.016771916 0.405716002 67.279571533
0.410274416 0.079288922 0.908508778 91.917686462 -0.018373480 0.996729672 -0.078690998 -7.080305576 -0.911777020 0.015592431 0.410389513 67.580513000
0.414150298 0.081327535 0.906567931 92.655937195 -0.025883269 0.996649683 -0.077584371 -7.137156487 -0.909840405 0.008666649 0.414867818 67.952995300
0.418076217 0.085013799 0.904425204 93.371261597 -0.032709494 0.996374428 -0.078536630 -7.194841385 -0.907822907 0.003250999 0.419341266 68.292510986
0.423122555 0.088849500 0.901705563 93.957473755 -0.033245713 0.996032715 -0.082543552 -7.250687122 -0.905462325 0.004948195 0.424397767 68.588562012
0.426262170 0.093387842 0.899766207 94.642333984 -0.036715623 0.995623291 -0.085943021 -7.312458992 -0.903854191 0.003598777 0.427825332 68.945945740
0.430539817 0.095874734 0.897465050 95.294692993 -0.039330289 0.995390594 -0.087468095 -7.368659019 -0.901714265 0.002360945 0.432326049 69.245658875
0.434213370 0.094072923 0.895884514 95.985603333 -0.040538345 0.995565116 -0.084892005 -7.438353539 -0.899897456 0.000543569 0.436101258 69.604980469
0.438697696 0.091092385 0.894005895 96.613182068 -0.039163854 0.995841801 -0.082250595 -7.488952637 -0.897780895 0.001070435 0.440441012 69.904754639
0.441750526 0.088819131 0.892730474 97.275268555 -0.040282667 0.996047199 -0.079165176 -7.551081657 -0.896233082 -0.000990299 0.443582296 70.246780396
0.445395648 0.087727293 0.891025603 97.935218811 -0.041378725 0.996141613 -0.077392727 -7.616199493 -0.894377232 -0.002399113 0.447307199 70.588546753
0.448672682 0.089535765 0.889199734 98.496704102 -0.043182500 0.995978534 -0.078498550 -7.657500267 -0.892652273 -0.003177711 0.450734735 70.875793457
0.451130182 0.089645751 0.887944341 99.129364014 -0.041981019 0.995972514 -0.079223201 -7.714740753 -0.891470134 -0.001536836 0.453076690 71.213821411
0.453284740 0.087564304 0.887054443 99.749244690 -0.039903756 0.996158838 -0.077943593 -7.773122787 -0.890472174 -0.000066166 0.455037713 71.532333374
0.455902100 0.086979799 0.885769546 100.297195435 -0.037704702 0.996207297 -0.078417987 -7.807517052 -0.889230907 0.002353246 0.457452565 71.789230347
0.457451195 0.086171746 0.885049582 100.891006470 -0.038292710 0.996279359 -0.077209316 -7.862249851 -0.888409913 0.001428545 0.459048897 72.110366821
0.459455520 0.085686117 0.884057999 101.496910095 -0.036590483 0.996316791 -0.077550143 -7.909777164 -0.887446821 0.003282729 0.460898489 72.433380127
0.462177545 0.087886132 0.882421613 102.021759033 -0.038168762 0.996126235 -0.079219423 -7.960699081 -0.885965526 0.002932493 0.463741720 72.704605103
0.465043068 0.087882429 0.880915225 102.589332581 -0.035112694 0.996108592 -0.080838107 -8.010102272 -0.884591520 0.006661899 0.466319233 72.999916077
0.468147278 0.087254733 0.879331946 103.161270142 -0.033101231 0.996146142 -0.081223264 -8.061211586 -0.883030295 0.008917484 0.469231367 73.322608948
0.471602499 0.085262075 0.877679586 103.662055969 -0.030164300 0.996291876 -0.080576502 -8.104431152 -0.881295145 0.011525488 0.472425699 73.574401855
0.474500597 0.084478550 0.876192093 104.201248169 -0.029344695 0.996349037 -0.080171965 -8.158676147 -0.879765868 0.012330054 0.475247234 73.878410339
0.477743030 0.083998807 0.874474585 104.723609924 -0.028373366 0.996374309 -0.080207095 -8.207561493 -0.878041327 0.013506594 0.478394210 74.164871216
0.481652766 0.083234474 0.872400403 105.218627930 -0.027475948 0.996424317 -0.079897933 -8.246395111 -0.875931323 0.014513035 0.482217491 74.431587219
0.484960765 0.082721591 0.870614767 105.739936829 -0.025971802 0.996439576 -0.080209717 -8.293243408 -0.874150217 0.016287131 0.485382527 74.735641479
0.489143729 0.083554320 0.868191779 106.257148743 -0.025775732 0.996350884 -0.081366107 -8.338332176 -0.871822178 0.017421436 0.489512563 75.023742676
0.493269533 0.083852179 0.865825653 106.759872437 -0.024145424 0.996279418 -0.082730278 -8.388303757 -0.869541347 0.019902594 0.493458956 75.314949036
0.498412818 0.084887967 0.862773776 107.196937561 -0.025426425 0.996197820 -0.083327003 -8.475560188 -0.866566896 0.019593986 0.498676121 75.583229065
0.503505886 0.091009423 0.859185100 107.694679260 -0.028744312 0.995650709 -0.088619627 -8.517137527 -0.863513589 0.019923821 0.503932059 75.890991211
0.509718060 0.097533226 0.854795218 108.182876587 -0.033742435 0.995055199 -0.093416311 -8.572460175 -0.859679580 0.018773103 0.510488629 76.185333252
0.514779389 0.103838839 0.851010859 108.644294739 -0.039240737 0.994451523 -0.097604319 -8.620289803 -0.856424034 0.016850397 0.515997946 76.505516052
0.521274984 0.108750232 0.846431196 109.144088745 -0.043110292 0.993936539 -0.101152338 -8.661556244 -0.852299213 0.016238283 0.522802472 76.824165344
0.526826918 0.108902365 0.842967093 109.635284424 -0.046926148 0.993972123 -0.099083275 -8.711101532 -0.848676085 0.012642547 0.528761744 77.151687622
0.532846570 0.107546851 0.839349806 110.116004944 -0.053341601 0.994187057 -0.093523346 -8.757780075 -0.844528854 0.005061339 0.535485983 77.456390381
0.537798584 0.104952022 0.836515188 110.618453979 -0.059338309 0.994472623 -0.086621068 -8.809696198 -0.840982497 -0.003052701 0.541053593 77.830718994
0.544043720 0.103468083 0.832652807 111.130599976 -0.065793753 0.994572699 -0.080600031 -8.860136032 -0.836473346 -0.010933418 0.547898531 78.166114807
0.550439298 0.101736270 0.828653336 111.617202759 -0.068453729 0.994705260 -0.076652065 -8.896298409 -0.832064092 -0.014532107 0.554489076 78.493988037
0.556208134 0.105361022 0.824337065 112.141983032 -0.072945841 0.994291782 -0.077864423 -8.929403305 -0.827835381 -0.016823141 0.560718834 78.879844666
0.561961770 0.109384343 0.819898784 112.674537659 -0.076727435 0.993837476 -0.080000564 -8.970701218 -0.823596895 -0.017951470 0.566891313 79.276237488
0.568672538 0.112411350 0.814846694 113.162620544 -0.079681173 0.993487418 -0.081446923 -9.020693779 -0.818695486 -0.018611316 0.573926151 79.612136841
0.575378954 0.114523642 0.809829235 113.702430725 -0.081772484 0.993241966 -0.082362428 -9.067832947 -0.813788891 -0.018832136 0.580855489 79.995368958
