0.999999642 0.000381947 -0.000757988 0.021047270 -0.000384535 0.999994040 -0.003417344 0.018619638 0.000756678 0.003417634 0.999993801 1.196834326
0.999999762 0.000574498 0.000412566 0.014936375 -0.000573246 0.999995232 -0.003027210 -0.003706830 -0.000414303 0.003026973 0.999995351 2.408528566
0.999999821 -0.000254251 0.000516367 0.015576961 0.000255595 0.999996483 -0.002605340 -0.026721863 -0.000515703 0.002605471 0.999996424 3.621709108
0.999999464 -0.000952783 0.000430159 0.022309911 0.000953906 0.999996126 -0.002616210 -0.052570201 -0.000427664 0.002616619 0.999996424 4.827696323
0.999999404 -0.001072799 -0.000245191 0.025830282 0.001072280 0.999997199 -0.002105783 -0.078819238 0.000247449 0.002105519 0.999997735 6.030209541
0.999998212 -0.000337710 0.001847640 -0.009975703 0.000343248 0.999995470 -0.002997818 -0.100325733 -0.001846620 0.002998447 0.999993742 7.208298683
0.999991775 -0.000622239 0.003995705 -0.059720021 0.000635199 0.999994457 -0.003243010 -0.125262499 -0.003993665 0.003245522 0.999986768 8.385190010
0.999990642 -0.001824283 0.003924000 -0.056798961 0.001832575 0.999996066 -0.002110620 -0.143768519 -0.003920136 0.002117792 0.999990046 9.612871170
0.999992669 -0.002678403 0.002709534 -0.066677928 0.002681935 0.999995530 -0.001301043 -0.166043505 -0.002706038 0.001308300 0.999995470 10.815153122
0.999992669 -0.003666598 0.001198715 -0.095787287 0.003669059 0.999991179 -0.002056896 -0.182349637 -0.001191163 0.002061279 0.999997139 11.992787361
0.999994755 -0.003190795 -0.000552883 -0.102437459 0.003189323 0.999991417 -0.002642983 -0.206466720 0.000561312 0.002641205 0.999996364 13.150569916
0.999993205 -0.003056908 -0.002056088 -0.124216154 0.003050751 0.999990821 -0.002991472 -0.218084052 0.002065214 0.002985179 0.999993384 14.363051414
0.999995172 -0.001369528 -0.002790313 -0.142611802 0.001360205 0.999993443 -0.003340506 -0.234654874 0.002794870 0.003336694 0.999990523 15.549540520
0.999995053 -0.001730881 -0.002623175 -0.167412072 0.001721402 0.999991953 -0.003611729 -0.252234399 0.002629406 0.003607196 0.999989986 16.732019424
0.999991417 -0.002362506 -0.003381003 -0.179991394 0.002352258 0.999992609 -0.003031527 -0.275748402 0.003388140 0.003023548 0.999989688 17.920171738
0.999988735 -0.002800087 -0.003826559 -0.197640389 0.002788728 0.999991715 -0.002970586 -0.297599494 0.003834845 0.002959882 0.999988258 19.108982086
0.999987304 -0.002017304 -0.004611349 -0.215185642 0.001998978 0.999990106 -0.003975098 -0.321151823 0.004619323 0.003965830 0.999981463 20.292749405
0.999984384 -0.002940709 -0.004778201 -0.246560782 0.002919758 0.999986112 -0.004385891 -0.354581237 0.004791033 0.004371871 0.999978960 21.470624924
0.999985933 -0.001270285 -0.005152566 -0.266360402 0.001246575 0.999988675 -0.004602075 -0.366576403 0.005158354 0.004595587 0.999976099 22.662363052
0.999986231 -0.001698345 -0.004967922 -0.321140885 0.001671079 0.999983549 -0.005487403 -0.377182692 0.004977160 0.005479026 0.999972582 23.865045547
0.999985874 -0.001539940 -0.005091243 -0.360995144 0.001506160 0.999976873 -0.006632081 -0.394355386 0.005101339 0.006624320 0.999965012 25.067716599
0.999984682 -0.001097672 -0.005415265 -0.383085281 0.001066990 0.999983370 -0.005665627 -0.424674511 0.005421395 0.005659762 0.999969244 26.253648758
0.999980688 -0.002402860 -0.005752826 -0.426259637 0.002377067 0.999987066 -0.004486361 -0.444580585 0.005763532 0.004472598 0.999973357 27.471397400
0.999980748 -0.002425148 -0.005726963 -0.472400188 0.002399920 0.999987423 -0.004407940 -0.473671347 0.005737582 0.004394110 0.999973893 28.681467056
0.999974966 -0.003209796 -0.006300077 -0.489336848 0.003178143 0.999982357 -0.005027788 -0.501214862 0.006316104 0.005007640 0.999967575 29.881946564
0.999990821 -0.002296163 -0.003613933 -0.611471295 0.002266147 0.999963045 -0.008287605 -0.499669880 0.003632829 0.008279338 0.999959111 31.117919922
0.999988794 -0.001892458 -0.004340374 -0.618573010 0.001855885 0.999962747 -0.008414820 -0.525330067 0.004356138 0.008406671 0.999955118 32.356082916
0.999986529 -0.003255867 -0.004020087 -0.674182117 0.003213979 0.999940872 -0.010382399 -0.475561798 0.004053653 0.010369338 0.999938011 33.530746460
0.999982417 -0.003785442 -0.004549750 -0.692241609 0.003740570 0.999944568 -0.009830800 -0.514563084 0.004586712 0.009813607 0.999941289 34.737400055
0.999939442 -0.004110263 -0.010206347 -0.569476962 0.004039479 0.999967694 -0.006946311 -0.608431816 0.010234570 0.006904663 0.999923706 35.918010712
0.999928713 -0.004541651 -0.011041354 -0.570875108 0.004460940 0.999963164 -0.007323647 -0.633210719 0.011074210 0.007273869 0.999912262 37.114482880
0.999909639 -0.005345083 -0.012332102 -0.564341903 0.005275437 0.999969959 -0.005673179 -0.688458681 0.012362055 0.005607609 0.999907851 38.296848297
0.999915838 -0.005240432 -0.011871023 -0.590345681 0.005188513 0.999976814 -0.004400295 -0.715317786 0.011893805 0.004338331 0.999919951 39.486335754
0.999923468 -0.004317464 -0.011599161 -0.619243383 0.004276605 0.999984562 -0.003545062 -0.740259528 0.011614285 0.003495186 0.999926507 40.688648224
0.999916136 -0.004048456 -0.012295942 -0.626756966 0.004004532 0.999985456 -0.003594731 -0.780063391 0.012310320 0.003545190 0.999917924 41.882381439
0.999921143 -0.002610731 -0.012284993 -0.647868991 0.002564482 0.999989569 -0.003778952 -0.805202603 0.012294728 0.003747149 0.999917388 43.072006226
0.999925017 -0.000251233 -0.012243446 -0.660953939 0.000229010 0.999998331 -0.001816516 -0.830383718 0.012243886 0.001813576 0.999923408 44.274841309
0.999942124 -0.000438082 -0.010757293 -0.676662087 0.000454109 0.999998808 0.001487538 -0.856629014 0.010756629 -0.001492337 0.999941051 45.470287323
0.999958456 0.000373622 -0.009101742 -0.690851808 -0.000338711 0.999992609 0.003836797 -0.866282046 0.009103107 -0.003833555 0.999951243 46.673366547
0.999970615 0.001260231 -0.007562838 -0.703428268 -0.001207966 0.999975383 0.006911371 -0.876227617 0.007571362 -0.006902033 0.999947488 47.869815826
0.999941111 -0.001063507 -0.010801212 -0.817258000 0.001163180 0.999956787 0.009225850 -1.052668214 0.010790936 -0.009237872 0.999899089 49.024265289
0.999951541 -0.002820431 -0.009428227 -0.822884202 0.002890931 0.999967873 0.007472266 -1.061419964 0.009406851 -0.007499160 0.999927521 50.233409882
0.999963105 -0.001955842 -0.008377378 -0.848776162 0.002004914 0.999980986 0.005853274 -1.072515130 0.008365770 -0.005869854 0.999947786 51.413818359
0.999967217 -0.001861139 -0.007881778 -0.854373217 0.001903221 0.999983966 0.005335009 -1.085826635 0.007871723 -0.005349834 0.999954760 52.607631683
0.999969184 -0.002236768 -0.007525241 -0.879373670 0.002271847 0.999986529 0.004656209 -1.095657110 0.007514723 -0.004673161 0.999960840 53.803825378
0.999965012 -0.003609544 -0.007548313 -0.904772520 0.003635254 0.999987721 0.003395040 -1.115835428 0.007535964 -0.003422360 0.999965787 55.004280090
0.999947906 -0.002831649 -0.009805904 -0.905688703 0.002871322 0.999987841 0.004034211 -1.129029870 0.009794363 -0.004062158 0.999943793 56.202182770
0.999930382 -0.003264922 -0.011331562 -0.922677815 0.003325565 0.999980152 0.005336897 -1.147510409 0.011313914 -0.005374209 0.999921560 57.405864716
0.999904513 -0.004193758 -0.013163785 -0.929620266 0.004269829 0.999974310 0.005756116 -1.164361238 0.013139307 -0.005811773 0.999896765 58.597930908
0.999904156 -0.002389902 -0.013637910 -0.963486314 0.002467690 0.999980748 0.005689855 -1.177486658 0.013624046 -0.005722964 0.999890804 59.804229736
0.999895334 -0.002238485 -0.014301958 -0.985331893 0.002321669 0.999980450 0.005802363 -1.195196390 0.014288688 -0.005834961 0.999880910 60.997745514
0.999890804 -0.003330466 -0.014398376 -1.012619972 0.003405653 0.999980688 0.005200636 -1.209152579 0.014380780 -0.005249104 0.999882817 62.193775177
0.999882698 -0.004004817 -0.014777244 -1.027204514 0.004065307 0.999983490 0.004065723 -1.225437641 0.014760721 -0.004125320 0.999882460 63.413459778
0.999875426 -0.004682049 -0.015073013 -1.056787252 0.004769291 0.999972045 0.005757232 -1.248645186 0.015045636 -0.005828403 0.999869823 64.598785400
0.999864519 -0.004797165 -0.015738925 -1.073364139 0.004910313 0.999962270 0.007158190 -1.263906002 0.015703989 -0.007234503 0.999850571 65.808631897
0.999872029 -0.003878443 -0.015521849 -1.109689832 0.003963155 0.999977410 0.005430457 -1.275869608 0.015500441 -0.005491277 0.999864697 67.005523682
0.999867141 -0.002188578 -0.016155105 -1.119961381 0.002258261 0.999988258 0.004296404 -1.296141744 0.016145512 -0.004332314 0.999860287 68.223289490
0.999870062 -0.000081425 -0.016114980 -1.154951930 0.000157230 0.999988914 0.004702838 -1.310076714 0.016114421 -0.004704761 0.999859095 69.421875000
0.999861836 0.002247680 -0.016465208 -1.169049382 -0.002175570 0.999987960 0.004396121 -1.315664053 0.016474897 -0.004359692 0.999854863 70.637451172
0.999867618 0.003179826 -0.015958877 -1.207687855 -0.003097187 0.999981701 0.005200260 -1.341505051 0.015975121 -0.005150144 0.999859154 71.823715210
0.999861538 0.004067988 -0.016142417 -1.216408253 -0.003966811 0.999972403 0.006294827 -1.355884314 0.016167575 -0.006229920 0.999849916 73.024559021
0.999892056 0.005229890 -0.013732038 -1.242227435 -0.005135355 0.999962986 0.006910517 -1.366643906 0.013767667 -0.006839253 0.999881864 74.226257324
0.999937177 0.004105915 -0.010425587 -1.274558425 -0.004055372 0.999979973 0.004864395 -1.390535593 0.010445352 -0.004821809 0.999933839 75.387535095
0.999961972 0.000955975 -0.008661265 -1.274067998 -0.000955013 0.999999523 0.000114977 -1.411342859 0.008661372 -0.000106702 0.999962509 76.584602356
0.999981284 0.003045993 -0.005308936 -1.295576811 -0.003052252 0.999994636 -0.001171272 -1.423732996 0.005305339 0.001187455 0.999985158 77.751708984
0.999991953 0.002633505 -0.003029149 -1.289658666 -0.002627194 0.999994397 0.002085376 -1.437562823 0.003034623 -0.002077400 0.999993205 78.953048706
0.999994099 0.002723474 0.002077689 -1.328049302 -0.002730854 0.999989927 0.003558115 -1.449443817 -0.002067978 -0.003563768 0.999991536 80.043632507
0.999974549 0.003159556 0.006401267 -1.328689456 -0.003169702 0.999993742 0.001575516 -1.465222359 -0.006396250 -0.001595767 0.999978304 81.206695557
0.999952316 0.002430706 0.009456933 -1.312268734 -0.002423953 0.999996722 -0.000725515 -1.508415699 -0.009458666 0.000702557 0.999954998 82.383880615
0.999918878 0.001426942 0.012651877 -1.304481387 -0.001368567 0.999988377 -0.004621422 -1.526333570 -0.012658324 0.004603732 0.999909282 83.556564331
0.999869049 0.000368932 0.016177712 -1.280704260 -0.000285266 0.999986529 -0.005173558 -1.554277420 -0.016179401 0.005168265 0.999855757 84.706687927
0.999808192 0.000181662 0.019586738 -1.258018136 -0.000107361 0.999992847 -0.003794380 -1.576697350 -0.019587284 0.003791549 0.999800920 85.856300354
0.999725580 0.001018649 0.023403496 -1.236107826 -0.000951730 0.999995351 -0.002870334 -1.607537031 -0.023406308 0.002847272 0.999721944 87.030448914
0.999637544 0.000510496 0.026918182 -1.214240551 -0.000376628 0.999987543 -0.004978029 -1.634483814 -0.026920386 0.004966086 0.999625266 88.195671082
0.999528587 0.000114789 0.030700827 -1.187457323 0.000109089 0.999973536 -0.007290438 -1.662175179 -0.030700848 0.007290352 0.999502003 89.357421875
0.999431193 0.000131231 0.033723112 -1.151482344 0.000110586 0.999974310 -0.007168693 -1.697407246 -0.033723183 0.007168346 0.999405384 90.525138855
0.999324203 -0.001303253 0.036735218 -1.112510204 0.001539179 0.999978304 -0.006394794 -1.722749710 -0.036726095 0.006447015 0.999304533 91.671478271
0.999236822 -0.001732780 0.039021343 -1.065786362 0.001918611 0.999987006 -0.004725361 -1.750012159 -0.039012652 0.004796622 0.999227226 92.834938049
0.999096096 -0.002207552 0.042451020 -1.035573483 0.002356140 0.999991238 -0.003450551 -1.765572548 -0.042443022 0.003547454 0.999092579 93.981483459
0.998977602 -0.004145043 0.045017648 -0.997041702 0.004255905 0.999988139 -0.002367096 -1.791055918 -0.045007300 0.002556267 0.998983383 95.131454468
0.998869658 -0.005100221 0.047259189 -0.942480087 0.005353470 0.999971926 -0.005233720 -1.806125641 -0.047231164 0.005480805 0.998868942 96.288581848
0.998753190 -0.006631647 0.049478050 -0.892659664 0.007020963 0.999945700 -0.007698747 -1.861318111 -0.049424306 0.008036532 0.998745680 97.440498352
0.998652756 -0.005734676 0.051572975 -0.844212055 0.006299630 0.999921799 -0.010798594 -1.873252630 -0.051507019 0.011108936 0.998610854 98.591224670
0.998553634 -0.005948354 0.053433128 -0.781650066 0.006579250 0.999910593 -0.011639057 -1.907093525 -0.053359106 0.011973772 0.998503506 99.779525757
0.998546004 -0.006202172 0.053548399 -0.728021622 0.006800272 0.999916494 -0.010994392 -1.940197945 -0.053475738 0.011342552 0.998504758 100.941223145
0.998587012 -0.005850452 0.052817181 -0.673344612 0.006354316 0.999935925 -0.009376898 -1.959100366 -0.052758925 0.009699267 0.998560131 102.119338989
0.998653889 -0.006414931 0.051470257 -0.603151321 0.006816035 0.999947667 -0.007621177 -1.995567560 -0.051418673 0.007961742 0.998645365 103.295532227
0.998773575 -0.005892124 0.049159650 -0.546727657 0.006238936 0.999956727 -0.006904354 -2.018937349 -0.049116839 0.007202590 0.998767078 104.486587524
0.998893857 -0.005322243 0.046720877 -0.500437260 0.005619070 0.999964893 -0.006224170 -2.050258875 -0.046686102 0.006479813 0.998888612 105.683891296
0.999024928 -0.004920575 0.043874823 -0.450568676 0.005204515 0.999966204 -0.006359691 -2.081697702 -0.043842055 0.006581838 0.999016821 106.895179749
0.999179125 -0.003464731 0.040362079 -0.428330421 0.003751432 0.999968290 -0.007029652 -2.101521730 -0.040336445 0.007175297 0.999160469 108.075645447
0.999332547 -0.003632075 0.036349025 -0.384325981 0.003872697 0.999970973 -0.006551551 -2.126689672 -0.036324169 0.006687947 0.999317706 109.273414612
0.999470115 -0.002697477 0.032435209 -0.357734680 0.002876449 0.999980807 -0.005472433 -2.157327890 -0.032419831 0.005562832 0.999458849 110.480644226
0.999612153 -0.002717814 0.027712960 -0.308172941 0.002853371 0.999984145 -0.004853073 -2.175971985 -0.027699325 0.004930266 0.999604166 111.697906494
0.999727666 -0.002730438 0.023174010 -0.290774822 0.002835321 0.999985874 -0.004494090 -2.196868658 -0.023161413 0.004558573 0.999721289 112.909446716
0.999829054 -0.002090662 0.018366683 -0.262314081 0.002165793 0.999989510 -0.004071577 -2.229428768 -0.018357977 0.004110660 0.999823034 114.125221252
0.999911547 -0.001342301 0.013225777 -0.251944065 0.001398316 0.999990106 -0.004226883 -2.251972198 -0.013219967 0.004245003 0.999903619 115.342880249
0.999965906 -0.000883372 0.008205755 -0.240304887 0.000922354 0.999988317 -0.004747867 -2.273365974 -0.008201463 0.004755274 0.999955058 116.555198669
0.999994695 0.000169495 0.003274124 -0.243935883 -0.000152766 0.999986887 -0.005108950 -2.299489498 -0.003274947 0.005108422 0.999981523 117.768287659
0.999997914 0.002001322 -0.000131572 -0.246994033 -0.002001982 0.999984264 -0.005237011 -2.328284502 0.000121089 0.005237264 0.999986291 118.997245789
0.999990225 0.003866016 -0.002159368 -0.258147150 -0.003877370 0.999978542 -0.005278453 -2.347542286 0.002138915 0.005286774 0.999983728 120.224639893
0.999980390 0.005407743 -0.003159250 -0.268013716 -0.005425883 0.999968708 -0.005762183 -2.370806456 0.003127991 0.005779211 0.999978423 121.456611633
0.999965668 0.007196292 -0.004139291 -0.285771549 -0.007217099 0.999961317 -0.005033704 -2.408690453 0.004102906 0.005063405 0.999978721 122.708221436
0.999948382 0.008695533 -0.005252190 -0.292099446 -0.008718655 0.999952257 -0.004395535 -2.433482170 0.005213719 0.004441100 0.999976516 123.944618225
0.999945760 0.008397398 -0.006161690 -0.304261535 -0.008422704 0.999956131 -0.004092641 -2.455629826 0.006127052 0.004144317 0.999972582 125.193038940
0.999899864 0.012353113 -0.006903315 -0.323218584 -0.012366604 0.999921739 -0.001915072 -2.480177402 0.006879117 0.002000251 0.999974310 126.439315796
0.999886692 0.012929115 -0.007708637 -0.340955913 -0.012920976 0.999916017 0.001104400 -2.497397661 0.007722268 -0.001004672 0.999969661 127.686767578
0.999894619 0.012003221 -0.008156843 -0.355790496 -0.011994773 0.999927461 0.001083679 -2.528844833 0.008169260 -0.000985726 0.999966085 128.922073364
0.999893606 0.011797092 -0.008582346 -0.377527058 -0.011806346 0.999929786 -0.001028266 -2.531606674 0.008569613 0.001129481 0.999962628 130.203399658
0.999916613 0.009151933 -0.009113419 -0.393910646 -0.009150948 0.999958098 0.000149790 -2.554679394 0.009114409 -0.000066381 0.999958456 131.459686279
0.999927938 0.006322186 -0.010207332 -0.407975256 -0.006303193 0.999978364 0.001891824 -2.573680401 0.010219068 -0.001827349 0.999946058 132.716735840
0.999934971 0.003963703 -0.010694773 -0.409151435 -0.003926583 0.999986172 0.003489732 -2.583949804 0.010708457 -0.003447511 0.999936700 133.960021973
0.999944508 0.001578026 -0.010415059 -0.442180693 -0.001524630 0.999985635 0.005132831 -2.611437798 0.010423008 -0.005116666 0.999932587 135.231033325
0.999943376 -0.002658497 -0.010309384 -0.447781086 0.002688080 0.999992311 0.002856764 -2.620102644 0.010301707 -0.002884314 0.999942720 136.500350952
0.999933541 -0.005062048 -0.010360349 -0.467644989 0.005088598 0.999983847 0.002537695 -2.652298450 0.010347335 -0.002590245 0.999943137 137.754318237
0.999930024 -0.006622434 -0.009812475 -0.486361444 0.006644806 0.999975383 0.002249204 -2.671936750 0.009797340 -0.002314248 0.999949396 139.037353516
0.999932230 -0.006306550 -0.009785336 -0.499219358 0.006329127 0.999977291 0.002278077 -2.681018353 0.009770747 -0.002339856 0.999949455 140.304382324
0.999941111 -0.006180411 -0.008928159 -0.521641910 0.006219816 0.999970913 0.004392418 -2.701626062 0.008900754 -0.004447691 0.999950469 141.585540771
0.999957860 -0.003429793 -0.008511776 -0.532464385 0.003478739 0.999977469 0.005742240 -2.712403774 0.008491891 -0.005771609 0.999947250 142.842361450
0.999960840 -0.003458778 -0.008131314 -0.544642150 0.003488279 0.999987423 0.003616535 -2.719281197 0.008118703 -0.003644760 0.999960363 144.118103027
0.999968231 -0.002814242 -0.007451070 -0.569805086 0.002832473 0.999993026 0.002437112 -2.751046419 0.007444159 -0.002458139 0.999969244 145.382263184
0.999971628 -0.003175130 -0.006831386 -0.580893874 0.003175356 0.999994993 0.000022464 -2.773870468 0.006831280 -0.000044155 0.999976635 146.670166016
0.999968708 -0.004638205 -0.006411135 -0.598419547 0.004610865 0.999980152 -0.004272288 -2.797939301 0.006430824 0.004242592 0.999970317 147.914047241
0.999974251 -0.004482764 -0.005608359 -0.625291407 0.004438224 0.999958694 -0.007928900 -2.828180313 0.005643670 0.007903804 0.999952793 149.194900513
0.999968767 -0.005023666 -0.006101184 -0.618601918 0.004971287 0.999950886 -0.008570229 -2.859694481 0.006143938 0.008539630 0.999944687 150.449142456
0.999971330 -0.004879863 -0.005802690 -0.633589327 0.004832648 0.999955356 -0.008122623 -2.898063660 0.005842067 0.008094348 0.999950230 151.708862305
0.999969304 -0.004848489 -0.006140293 -0.646030128 0.004799548 0.999956787 -0.007960182 -2.922501087 0.006178622 0.007930467 0.999949455 152.969436646
0.999973178 -0.003834654 -0.006235225 -0.666729510 0.003792210 0.999969602 -0.006804383 -2.955399036 0.006261128 0.006780555 0.999957442 154.228698730
0.999973118 -0.003649351 -0.006363445 -0.684828877 0.003608322 0.999972701 -0.006447013 -2.977654934 0.006386799 0.006423878 0.999958992 155.497421265
0.999970376 -0.003391585 -0.006912574 -0.700226247 0.003344511 0.999971211 -0.006809804 -3.012157917 0.006935471 0.006786483 0.999952912 156.744277954
0.999962986 -0.003013856 -0.008061402 -0.702241063 0.002962333 0.999975145 -0.006395456 -3.041516781 0.008080478 0.006371337 0.999947011 158.024658203
0.999958932 -0.002990389 -0.008561398 -0.717693806 0.002945104 0.999981582 -0.005297015 -3.068904400 0.008577081 0.005271583 0.999949276 159.255340576
0.999954581 -0.002574246 -0.009171226 -0.744265258 0.002531077 0.999985695 -0.004715585 -3.104047537 0.009183233 0.004692159 0.999946833 160.557846069
0.999945879 -0.002878159 -0.009992679 -0.762520432 0.002817451 0.999977529 -0.006084039 -3.124959707 0.010009964 0.006055556 0.999931574 161.809707642
0.999941885 -0.001906454 -0.010607193 -0.784748733 0.001833138 0.999974310 -0.006917470 -3.165453434 0.010620112 0.006897622 0.999919772 163.074264526
0.999938548 -0.000875645 -0.011049662 -0.804507375 0.000798783 0.999975383 -0.006958472 -3.199504375 0.011055484 0.006949218 0.999914765 164.342834473
0.999909580 -0.002192621 -0.013269451 -0.779919982 0.002101579 0.999974132 -0.006871012 -3.243825436 0.013284171 0.006842504 0.999888301 165.632522583
0.999908864 -0.001584984 -0.013405476 -0.813763738 0.001476023 0.999965787 -0.008134025 -3.270531178 0.013417909 0.008113497 0.999877036 166.882476807
0.999911070 -0.001183632 -0.013285351 -0.876119614 0.001075070 0.999965966 -0.008175707 -3.301825285 0.013294574 0.008160696 0.999878347 168.157791138
0.999899089 -0.001433842 -0.014132587 -0.904520392 0.001329856 0.999971986 -0.007364657 -3.326917171 0.014142752 0.007345119 0.999872983 169.418624878
0.999876797 -0.001699665 -0.015602685 -0.891801476 0.001608374 0.999981463 -0.005861682 -3.364255667 0.015612359 0.005835866 0.999861062 170.695587158
0.999859273 -0.000866900 -0.016753731 -0.917007327 0.000782157 0.999986887 -0.005064077 -3.400879622 0.016757904 0.005050260 0.999846756 171.951889038
0.999848485 -0.000588918 -0.017393660 -0.942423820 0.000497582 0.999986053 -0.005254999 -3.417714596 0.017396512 0.005245550 0.999834895 173.217590332
0.999831855 -0.000711740 -0.018322472 -0.972666025 0.000600813 0.999981403 -0.006059043 -3.459541321 0.018326446 0.006047017 0.999813735 174.478591919
0.999832451 0.000544909 -0.018299952 -1.010225773 -0.000662872 0.999979019 -0.006440615 -3.486968040 0.018296065 0.006451666 0.999811769 175.753692627
0.999819338 0.000973264 -0.018980466 -1.036630154 -0.001092404 0.999979675 -0.006267654 -3.507404327 0.018973978 0.006287255 0.999800324 177.010589600
0.999822199 0.000479199 -0.018851770 -1.089496613 -0.000621519 0.999971330 -0.007544272 -3.545260429 0.018847616 0.007554646 0.999793887 178.236801147
0.999816775 -0.000544225 -0.019133002 -1.103441715 0.000369569 0.999958217 -0.009130927 -3.570086479 0.019137174 0.009122183 0.999775171 179.537780762
0.999805689 -0.003968785 -0.019308297 -1.135716677 0.003805272 0.999956548 -0.008497883 -3.607213020 0.019341186 0.008422758 0.999777496 180.814559937
0.999794543 -0.003739589 -0.019922199 -1.156954527 0.003638304 0.999980211 -0.005117898 -3.635204792 0.019940948 0.005044363 0.999788404 182.058151245
0.999793410 -0.004966639 -0.019709248 -1.200631618 0.004950168 0.999987304 -0.000884331 -3.666026831 0.019713391 0.000786583 0.999805391 183.338485718
0.999793768 -0.003701927 -0.019965369 -1.226271152 0.003675807 0.999992311 -0.001344960 -3.686907768 0.019970199 0.001271294 0.999799788 184.567794800
0.999813914 -0.002002430 -0.019185808 -1.274072170 0.001909684 0.999986410 -0.004851217 -3.707849264 0.019195262 0.004813676 0.999804199 185.826828003
0.999796867 -0.001995714 -0.020061899 -1.288885355 0.001863699 0.999976397 -0.006596809 -3.734325409 0.020074591 0.006558078 0.999776959 187.064498901
0.999793828 -0.002225305 -0.020182548 -1.331434011 0.002094799 0.999976695 -0.006485203 -3.759018183 0.020196509 0.006441588 0.999775290 188.327468872
0.999796212 -0.002484717 -0.020035213 -1.360589504 0.002384708 0.999984562 -0.005014105 -3.797833443 0.020047365 0.004965305 0.999786675 189.584121704
0.999800205 -0.002100467 -0.019878402 -1.384998083 0.002045670 0.999993920 -0.002776331 -3.827834368 0.019884115 0.002735111 0.999798477 190.803771973
0.999809682 -0.003474358 -0.019200647 -1.430398226 0.003437248 0.999992073 -0.001965343 -3.863333464 0.019207327 0.001898972 0.999813676 192.123962402
0.999838889 -0.002423107 -0.017789099 -1.443310499 0.002377541 0.999993801 -0.002582069 -3.890754223 0.017795248 0.002539359 0.999838412 193.301376343
0.999852777 -0.003906627 -0.016705707 -1.450587988 0.003840259 0.999984741 -0.004003001 -3.914826393 0.016721085 0.003938258 0.999852359 194.509185791
0.999877274 -0.004170222 -0.015096189 -1.492345214 0.004087273 0.999976575 -0.005521494 -3.938959599 0.015118858 0.005459115 0.999870777 195.757522583
0.999889851 -0.004568930 -0.014120691 -1.508816481 0.004477871 0.999969006 -0.006473374 -3.967653990 0.014149827 0.006409430 0.999879360 196.994857788
0.999903142 -0.004301768 -0.013231739 -1.503240228 0.004232104 0.999977052 -0.005288508 -3.996132374 0.013254185 0.005231997 0.999898493 198.176040649
0.999919355 -0.004660310 -0.011814828 -1.529201508 0.004617741 0.999982834 -0.003627797 -4.027246475 0.011831531 0.003572947 0.999923646 199.409454346
0.999935091 -0.003968093 -0.010678783 -1.544780970 0.003934860 0.999987364 -0.003130954 -4.050038815 0.010691072 0.003088731 0.999938071 200.627670288
0.999950051 -0.004179594 -0.009073488 -1.570396066 0.004149668 0.999985874 -0.003314508 -4.072144985 0.009087216 0.003276690 0.999953330 201.845077515
0.999945998 -0.004770632 -0.009236884 -1.568914175 0.004746520 0.999985278 -0.002630353 -4.119306564 0.009249298 0.002586368 0.999953866 203.037216187
0.999957919 -0.004665038 -0.007905469 -1.584678411 0.004640699 0.999984384 -0.003094115 -4.133037567 0.007919779 0.003057298 0.999963939 204.254852295
0.999973536 -0.003454446 -0.006405952 -1.603216171 0.003435215 0.999989688 -0.003010971 -4.158944607 0.006416285 0.002988886 0.999974966 205.410461426
0.999975204 -0.003776430 -0.005937187 -1.602033257 0.003758040 0.999988019 -0.003105539 -4.181084633 0.005948845 0.003083150 0.999977589 206.588607788
0.999970317 -0.004993514 -0.005876881 -1.600938559 0.004974613 0.999982297 -0.003226076 -4.207202911 0.005892888 0.003196745 0.999977529 207.762130737
0.999980569 -0.003909913 -0.004852212 -1.630614281 0.003902558 0.999991238 -0.001524735 -4.248704910 0.004858131 0.001505769 0.999987066 208.839248657
0.999972284 -0.004663844 -0.005803884 -1.619632006 0.004658726 0.999988735 -0.000895339 -4.263586044 0.005807995 0.000868276 0.999982774 209.988540649
0.999972522 -0.004331735 -0.006019824 -1.646263361 0.004328379 0.999990463 -0.000569647 -4.301169872 0.006022234 0.000543575 0.999981701 211.073684692
0.999968171 -0.003989114 -0.006905499 -1.647439957 0.003978591 0.999990821 -0.001536859 -4.327943325 0.006911567 0.001509336 0.999974966 212.179306030
0.999971271 -0.003460178 -0.006743389 -1.677788377 0.003444302 0.999991238 -0.002364603 -4.349523544 0.006751512 0.002341309 0.999974430 213.250518799
0.999964833 -0.003580425 -0.007589418 -1.684990764 0.003562395 0.999990761 -0.002388078 -4.380539894 0.007597899 0.002360957 0.999968350 214.320861816
0.999957502 -0.003859033 -0.008372057 -1.726575017 0.003843079 0.999990702 -0.001920961 -4.425456524 0.008379394 0.001888705 0.999963105 215.333694458
0.999937952 -0.003963813 -0.010405974 -1.732041955 0.003959876 0.999992013 -0.000398894 -4.457614422 0.010407475 0.000357663 0.999945760 216.371810913
0.999911249 -0.005546365 -0.012111646 -1.740625620 0.005550238 0.999984562 0.000286214 -4.450270653 0.012109871 -0.000353411 0.999926627 217.430496216
0.999884188 -0.005382628 -0.014232002 -1.759849429 0.005407271 0.999983907 0.001693554 -4.465786934 0.014222657 -0.001770314 0.999897301 218.452255249
0.999851048 -0.004871340 -0.016555794 -1.781504750 0.004910206 0.999985278 0.002307714 -4.497389317 0.016544307 -0.002388663 0.999860287 219.467041016
0.999798119 -0.005154064 -0.019419463 -1.801363230 0.005189651 0.999984920 0.001782375 -4.517572880 0.019409990 -0.001882795 0.999809861 220.439102173
0.999743760 -0.004667812 -0.022154015 -1.828179598 0.004702946 0.999987781 0.001534200 -4.527919769 0.022146588 -0.001637995 0.999753356 221.421890259
0.999669850 -0.004314559 -0.025329769 -1.857403517 0.004361014 0.999988854 0.001779092 -4.543591499 0.025321811 -0.001888968 0.999677598 222.352096558
0.999602973 -0.003712808 -0.027929625 -1.906154156 0.003774393 0.999990582 0.002152571 -4.588616371 0.027921366 -0.002257134 0.999607563 223.233459473
0.999510050 -0.003539136 -0.031098640 -1.937232494 0.003592218 0.999992192 0.001651194 -4.605587482 0.031092552 -0.001762098 0.999514997 224.145950317
0.999407351 -0.003947510 -0.034195814 -1.976089954 0.003962453 0.999992132 0.000369163 -4.617843151 0.034194086 -0.000504443 0.999415100 225.012054443
0.999276042 -0.002521012 -0.037961427 -1.979009628 0.002549489 0.999996483 0.000701741 -4.641004562 0.037959527 -0.000798016 0.999278963 225.871032715
0.999152243 -0.001918335 -0.041121576 -2.017231464 0.001928629 0.999998093 0.000210650 -4.663550377 0.041121099 -0.000289780 0.999154150 226.700546265
0.999047995 -0.000232605 -0.043623310 -2.053287983 0.000221162 1.000000000 -0.000267174 -4.673247814 0.043623369 0.000257272 0.999047995 227.516586304
0.999001980 0.000323202 -0.044663481 -2.089387894 -0.000300735 0.999999821 0.000509751 -4.690016747 0.044663634 -0.000495811 0.999001920 228.310867310
0.999001682 0.000629926 -0.044667840 -2.126504898 -0.000578124 0.999999106 0.001172623 -4.707962990 0.044668544 -0.001145629 0.999001205 229.096466064
0.999050975 0.000758084 -0.043549262 -2.172260761 -0.000671227 0.999997735 0.002009032 -4.726024628 0.043550696 -0.001977894 0.999049246 229.839752197
0.999045908 0.000109377 -0.043671019 -2.202859402 -0.000049167 0.999998987 0.001379795 -4.740867138 0.043671127 -0.001376331 0.999045014 230.586395264
0.999079049 0.001138352 -0.042892098 -2.249719620 -0.001175817 0.999998927 -0.000848294 -4.738327980 0.042891096 0.000897947 0.999079347 231.273391724
0.999111354 0.000729795 -0.042143241 -2.275773525 -0.000853593 0.999995351 -0.002919655 -4.757695675 0.042140916 0.002953034 0.999107361 232.005706787
0.999176025 0.001611973 -0.040552504 -2.320413589 -0.001781296 0.999989808 -0.004139559 -4.772737980 0.040545408 0.004208385 0.999168813 232.736923218
0.999216199 0.001570559 -0.039553653 -2.340495110 -0.001780005 0.999984503 -0.005260550 -4.783667088 0.039544780 0.005326833 0.999203622 233.467239380
0.999290168 0.001314681 -0.037647955 -2.368862629 -0.001506512 0.999986053 -0.005067460 -4.804243088 0.037640776 0.005120580 0.999278188 234.197906494
0.999356806 0.001222216 -0.035837550 -2.405026436 -0.001406397 0.999985933 -0.005114560 -4.819981575 0.035830792 0.005161676 0.999344528 234.891662598
0.999418020 0.001428134 -0.034083650 -2.431353092 -0.001596883 0.999986589 -0.004924358 -4.845048904 0.034076165 0.004975919 0.999406874 235.605453491
0.999493957 0.000764249 -0.031803340 -2.454923630 -0.000941689 0.999984086 -0.005564702 -4.855565071 0.031798583 0.005591834 0.999478638 236.315887451
0.999576867 0.000641796 -0.029081207 -2.476490498 -0.000783013 0.999987900 -0.004844822 -4.876841545 0.029077744 0.004865542 0.999565303 237.020751953
0.999665856 -0.000110904 -0.025849765 -2.496521950 0.000002450 0.999991298 -0.004195526 -4.892055511 0.025850002 0.004194061 0.999656975 237.721572876
0.999729276 -0.001156786 -0.023238575 -2.508175850 0.001064165 0.999991417 -0.003997528 -4.907860279 0.023243001 0.003971716 0.999722004 238.427581787
0.999803960 -0.001070107 -0.019771367 -2.529878616 0.000991993 0.999991655 -0.003960273 -4.924797058 0.019775441 0.003939884 0.999796689 239.114608765
0.999856412 -0.001370262 -0.016887760 -2.540827751 0.001294623 0.999989092 -0.004488896 -4.938597679 0.016893728 0.004466388 0.999847353 239.802032471
0.999904156 -0.001755377 -0.013739550 -2.554645538 0.001694350 0.999988675 -0.004451824 -4.958061218 0.013747208 0.004428118 0.999895632 240.489089966
0.999938488 -0.001001399 -0.011042816 -2.560446262 0.000947042 0.999987483 -0.004926535 -4.978056908 0.011047610 0.004915775 0.999926865 241.172775269
0.999968708 -0.000774030 -0.007857349 -2.576933384 0.000726736 0.999981582 -0.006020481 -4.984801769 0.007861863 0.006014583 0.999951005 241.870223999
0.999987364 -0.000463148 -0.005007109 -2.582858324 0.000437377 0.999986589 -0.005146550 -4.999598980 0.005009427 0.005144293 0.999974191 242.570404053
0.999997914 -0.000419466 -0.002013567 -2.594699144 0.000411132 0.999991357 -0.004138513 -5.018476486 0.002015286 0.004137677 0.999989450 243.264175415
0.999999344 -0.001132367 -0.000172382 -2.589404583 0.001131566 0.999988854 -0.004571273 -5.033615112 0.000177556 0.004571074 0.999989450 243.978210449
0.999997497 -0.001096503 0.001961210 -2.590674877 0.001108217 0.999981403 -0.005980175 -5.050643444 -0.001954617 0.005982333 0.999980211 244.683013916
0.999992967 -0.000783771 0.003666249 -2.588615417 0.000814948 0.999963343 -0.008509816 -5.064805031 -0.003659446 0.008512746 0.999957025 245.396759033
0.999987602 -0.001813411 0.004633878 -2.587960243 0.001861158 0.999944985 -0.010321142 -5.078905106 -0.004614907 0.010329639 0.999935985 246.113525391
0.999986172 -0.001186297 0.005120625 -2.592044353 0.001240925 0.999942183 -0.010678935 -5.097061157 -0.005107661 0.010685141 0.999929845 246.854141235
0.999982417 -0.002524962 0.005364711 -2.590370655 0.002584177 0.999935448 -0.011059727 -5.116907120 -0.005336441 0.011073394 0.999924362 247.588516235
0.999984324 0.000682130 0.005564681 -2.594898939 -0.000616005 0.999929309 -0.011876306 -5.132045746 -0.005572389 0.011872693 0.999913931 248.319717407
0.999988556 -0.000947501 0.004691543 -2.558846474 0.000998929 0.999939322 -0.010972607 -5.185044289 -0.004680862 0.010977164 0.999928772 249.064300537
0.999984741 -0.001335434 0.005370867 -2.567968369 0.001406846 0.999910355 -0.013314330 -5.202033997 -0.005352606 0.013321682 0.999896824 249.766738892
0.999966681 -0.005374786 0.006128701 -2.577763557 0.005472048 0.999857545 -0.015964568 -5.194945812 -0.006042022 0.015997572 0.999853730 250.609100342
0.999945581 -0.008564601 0.005951313 -2.557851791 0.008663163 0.999822319 -0.016737487 -5.215788841 -0.005806906 0.016788136 0.999842227 251.370651245
0.999961853 -0.006141094 0.006210668 -2.542300224 0.006217964 0.999903321 -0.012434465 -5.250734329 -0.006133707 0.012472609 0.999903321 252.132019043
0.999972999 -0.002500884 0.006923831 -2.546476841 0.002539845 0.999980927 -0.005623871 -5.272017479 -0.006909635 0.005641303 0.999960184 252.885208130
0.999968231 -0.003335404 0.007230076 -2.538396358 0.003355220 0.999990582 -0.002730657 -5.287582397 -0.007220901 0.002754830 0.999970078 253.671081543
0.999943376 -0.003655934 0.009985923 -2.537842989 0.003706305 0.999980390 -0.005030369 -5.302511215 -0.009967335 0.005067096 0.999937475 254.511947632
0.999902248 -0.002261982 0.013797678 -2.525601864 0.002415507 0.999935210 -0.011120417 -5.318415642 -0.013771629 0.011152659 0.999843001 255.281005859
0.999838948 -0.001486750 0.017881988 -2.521489143 0.001745803 0.999893606 -0.014479957 -5.339181423 -0.017858557 0.014508845 0.999735117 256.081024170
0.999764740 0.000814513 0.021673366 -2.523598194 -0.000492459 0.999889433 -0.014860651 -5.350522995 -0.021683071 0.014846483 0.999654651 256.891998291
0.999686599 -0.000660181 0.025023291 -2.510391235 0.000993612 0.999910831 -0.013314704 -5.351431847 -0.025012270 0.013335395 0.999598205 257.794372559
0.999612749 -0.002544943 0.027708719 -2.481396675 0.002831195 0.999943018 -0.010296401 -5.365387917 -0.027680937 0.010370865 0.999563038 258.615570068
0.999512613 -0.006116759 0.030611921 -2.456824780 0.006374734 0.999944866 -0.008336755 -5.399238586 -0.030559245 0.008527836 0.999496579 259.440460205
0.999473989 -0.005992566 0.031869918 -2.382651329 0.006232410 0.999952972 -0.007431701 -5.429746628 -0.031823877 0.007626418 0.999464393 260.311248779
0.999415338 -0.003193398 0.034040686 -2.347615242 0.003504806 0.999952555 -0.009092396 -5.449704170 -0.034010030 0.009206384 0.999379098 261.156585693
0.999317288 -0.002808367 0.036839254 -2.341928482 0.003229108 0.999930143 -0.011366462 -5.474316597 -0.036804762 0.011477660 0.999256551 261.962463379
0.999263406 -0.002420957 0.038297843 -2.289958954 0.002852374 0.999933064 -0.011214157 -5.502459049 -0.038268123 0.011315135 0.999203563 262.847778320
0.999169886 -0.002009985 0.040688116 -2.259524345 0.002366613 0.999959171 -0.008718628 -5.529716015 -0.040668916 0.008807684 0.999133885 263.678161621
0.999062836 -0.000429283 0.043280263 -2.218467712 0.000725711 0.999976456 -0.006833526 -5.556611061 -0.043276310 0.006858531 0.999039531 264.509704590
0.998881757 0.000934345 0.047267709 -2.199475288 -0.000556510 0.999967754 -0.008006051 -5.560590744 -0.047273658 0.007970796 0.998850107 265.370422363
0.998731852 0.001307028 0.050329071 -2.170746803 -0.000878682 0.999963224 -0.008532115 -5.578213692 -0.050338369 0.008477073 0.998696268 266.208709717
0.998624265 -0.000237856 0.052434709 -2.111600876 0.000712108 0.999958992 -0.009026117 -5.596128941 -0.052430414 0.009051040 0.998583496 267.076049805
0.998516262 -0.003236259 0.054358393 -2.073193550 0.003679006 0.999960840 -0.008046867 -5.619248390 -0.054330230 0.008234913 0.998489022 267.910461426
0.998470247 -0.004395058 0.055117149 -2.018735886 0.004853455 0.999954700 -0.008185706 -5.641822815 -0.055078674 0.008440692 0.998446345 268.782073975
0.998467267 -0.005013234 0.055118136 -1.967809677 0.005511257 0.999945283 -0.008887255 -5.652493954 -0.055070564 0.009177403 0.998440325 269.622680664
0.998402238 -0.005398892 0.056246839 -1.934255600 0.005850822 0.999951899 -0.007873194 -5.688381195 -0.056201626 0.008189705 0.998385847 270.492492676
0.998418272 -0.005249628 0.055978194 -1.892040253 0.005662578 0.999957800 -0.007220912 -5.707915306 -0.055937923 0.007526468 0.998405874 271.346221924
0.998447299 -0.004576399 0.055516116 -1.846237183 0.004980539 0.999962091 -0.007143503 -5.725491524 -0.055481311 0.007408909 0.998432219 272.223144531
0.998541594 -0.004189583 0.053824600 -1.798314095 0.004637128 0.999955654 -0.008192718 -5.743267059 -0.053787891 0.008430362 0.998516738 273.065612793
0.998613179 -0.004964190 0.052412424 -1.760669708 0.005424918 0.999947846 -0.008651877 -5.773843288 -0.052366741 0.008924210 0.998588026 273.945465088
0.998729467 -0.003561073 0.050267976 -1.715503693 0.004076859 0.999940038 -0.010161934 -5.783622265 -0.050228775 0.010353959 0.998684049 274.803527832
0.998772442 -0.002706545 0.049458563 -1.684528351 0.003192955 0.999947309 -0.009758335 -5.815150738 -0.049429547 0.009904276 0.998728514 275.667358398
0.998842776 -0.001320779 0.048075937 -1.653862000 0.001812771 0.999946356 -0.010191469 -5.837367058 -0.048059903 0.010266826 0.998791754 276.503662109
0.998952687 -0.000648405 0.045750260 -1.623239517 0.001075487 0.999956071 -0.009311064 -5.864910126 -0.045742221 0.009350519 0.998909533 277.364685059
0.999080777 -0.000836158 0.042858116 -1.587548256 0.001187708 0.999965906 -0.008177860 -5.884920120 -0.042849828 0.008221244 0.999047697 278.211212158
0.999243736 -0.001855514 0.038839065 -1.562333107 0.002086654 0.999980330 -0.005911525 -5.904103756 -0.038827326 0.005988101 0.999228001 279.079498291
0.999405146 -0.003056749 0.034350388 -1.542840004 0.003202687 0.999986053 -0.004194300 -5.926923752 -0.034337092 0.004301819 0.999401033 279.913513184
0.999571741 -0.003550067 0.029046921 -1.511783600 0.003637080 0.999989033 -0.002943367 -5.944847107 -0.029036155 0.003047753 0.999573648 280.762969971
0.999694288 -0.004211856 0.024365475 -1.500782013 0.004261160 0.999988914 -0.001972058 -5.966214180 -0.024356902 0.002075280 0.999701142 281.587219238
0.999795079 -0.004824959 0.019665875 -1.488467693 0.004854347 0.999987185 -0.001446851 -5.984577179 -0.019658644 0.001542020 0.999805689 282.400421143
0.999878407 -0.005011211 0.014766248 -1.481816769 0.005041032 0.999985397 -0.001982994 -5.990896225 -0.014756095 0.002057191 0.999889016 283.210968018
0.999921501 -0.005797663 0.011101275 -1.482161283 0.005816724 0.999981642 -0.001685277 -6.018241882 -0.011091303 0.001749718 0.999936879 283.986450195
0.999959588 -0.005408978 0.007171358 -1.482239962 0.005421016 0.999983907 -0.001659666 -6.041251659 -0.007162265 0.001698475 0.999972880 284.750579834
0.999981225 -0.005106917 0.003393786 -1.488394976 0.005114327 0.999984562 -0.002178909 -6.052116394 -0.003382606 0.002196227 0.999991894 285.512725830
