0.999998569 -0.000776028 -0.001526137 -0.015416007 0.000770386 0.999992907 -0.003694069 0.003931121 0.001528993 0.003692888 0.999992013 0.878012776
0.999993682 -0.001139640 -0.003367183 -0.017793898 0.001122982 0.999987125 -0.004944953 -0.007803869 0.003372776 0.004941140 0.999982059 1.336805820
0.999981940 -0.003115406 -0.005137587 -0.022193640 0.003079820 0.999971330 -0.006920156 -0.013601205 0.005158999 0.006904207 0.999962866 1.790578604
0.999964058 -0.005260790 -0.006653938 -0.022885088 0.005200099 0.999944985 -0.009105615 -0.021523401 0.006701475 0.009070687 0.999936402 2.251465797
0.999948263 -0.006360508 -0.007937826 -0.027189674 0.006284104 0.999934018 -0.009613262 -0.033172484 0.007998448 0.009562881 0.999922216 2.722018719
0.999938250 -0.006203264 -0.009218890 -0.036665954 0.006118031 0.999938488 -0.009244754 -0.042019419 0.009275670 0.009187782 0.999914706 3.201020479
0.999925077 -0.006593881 -0.010326288 -0.041713748 0.006494635 0.999932647 -0.009615186 -0.056261990 0.010388994 0.009547397 0.999900579 3.688943624
0.999917746 -0.005863734 -0.011410337 -0.049215861 0.005724082 0.999908805 -0.012233635 -0.070693411 0.011481031 0.012167316 0.999860048 4.178892612
0.999909401 -0.004356926 -0.012735294 -0.057172850 0.004153696 0.999864280 -0.015941029 -0.085156873 0.012803022 0.015886687 0.999791920 4.680670261
0.999892473 -0.003257331 -0.014285751 -0.066304676 0.002977426 0.999803960 -0.019571003 -0.099549562 0.014346697 0.019526368 0.999706328 5.248607159
0.999880612 -0.001194882 -0.015396958 -0.072560757 0.000894480 0.999809384 -0.019502629 -0.110254459 0.015417332 0.019486530 0.999691248 5.723118782
0.999862790 0.001454277 -0.016508108 -0.083580174 -0.001664201 0.999917865 -0.012709790 -0.120828345 0.016488267 0.012735519 0.999782920 6.263189793
0.999843895 0.002002770 -0.017550327 -0.089837037 -0.002041458 0.999995410 -0.002186634 -0.131639704 0.017545873 0.002222121 0.999843478 6.826172829
0.999821365 0.002823377 -0.018689115 -0.097218275 -0.002744067 0.999987066 0.004267952 -0.139687479 0.018700929 -0.004215907 0.999816179 7.400777340
0.999789715 0.005511106 -0.019750576 -0.113064110 -0.005442977 0.999979019 0.003501514 -0.156840369 0.019769458 -0.003393276 0.999798775 7.981598854
0.999758422 0.007536198 -0.020648003 -0.124325141 -0.007615890 0.999963820 -0.003783627 -0.160719275 0.020618742 0.003939966 0.999779582 8.568429947
0.999724686 0.007670566 -0.022176130 -0.138265401 -0.007891257 0.999920070 -0.009881348 -0.164399624 0.022098560 0.010053626 0.999705195 9.201831818
0.999708593 0.005154685 -0.023583941 -0.136857718 -0.005343272 0.999954164 -0.007940384 -0.168853313 0.023541933 0.008064086 0.999690235 9.809549332
0.999704421 0.004322581 -0.023923734 -0.159120589 -0.004288417 0.999989748 0.001479170 -0.178693607 0.023929881 -0.001376137 0.999712586 10.492719650
0.999698877 0.003846915 -0.024234943 -0.169014931 -0.003634577 0.999954641 0.008799634 -0.182354301 0.024267698 -0.008708902 0.999667585 11.157812119
0.999690771 0.002786580 -0.024710348 -0.192233890 -0.002503108 0.999930799 0.011495324 -0.186607614 0.024740670 -0.011429915 0.999628544 11.886123657
0.999681890 0.000885062 -0.025204668 -0.195366800 -0.000631091 0.999948919 0.010082546 -0.181813449 0.025212307 -0.010063433 0.999631345 12.587463379
0.999678254 0.000079716 -0.025362266 -0.211131617 0.000114087 0.999970734 0.007639862 -0.180648878 0.025362134 -0.007640301 0.999649048 13.365882874
0.999696136 0.002802762 -0.024491349 -0.227733418 -0.002702854 0.999987900 0.004111492 -0.180190593 0.024502577 -0.004044046 0.999691486 14.086216927
0.999714077 -0.000053713 -0.023914527 -0.247753292 0.000014725 0.999998689 -0.001630410 -0.185321882 0.023914583 0.001629591 0.999712586 14.913051605
0.999717355 -0.002895524 -0.023600742 -0.239033267 0.002708581 0.999964774 -0.007949051 -0.193084389 0.023622926 0.007882879 0.999689877 15.661930084
0.999734282 -0.001823284 -0.022974512 -0.259420753 0.001516680 0.999909699 -0.013355637 -0.204148203 0.022996783 0.013317244 0.999646842 16.535118103
0.999746144 0.000091256 -0.022522928 -0.282246888 -0.000407328 0.999901474 -0.014029176 -0.221202165 0.022519430 0.014034790 0.999647856 17.326120377
0.999733448 0.000263698 -0.023080911 -0.300243676 -0.000586372 0.999902189 -0.013974516 -0.236199364 0.023074972 0.013984325 0.999635875 18.238172531
0.999740422 0.001490042 -0.022731707 -0.330596507 -0.001828832 0.999887586 -0.014890379 -0.262056410 0.022706961 0.014928090 0.999630630 19.078493118
0.999728560 0.005235057 -0.022699337 -0.360504806 -0.005620185 0.999840856 -0.016936025 -0.290671349 0.022607062 0.017059000 0.999598920 20.024299622
0.999718785 0.008657796 -0.022074576 -0.399245441 -0.009047665 0.999803722 -0.017623082 -0.310341060 0.021917671 0.017817851 0.999601007 20.889514923
0.999692380 0.010159235 -0.022624973 -0.421589077 -0.010559343 0.999788702 -0.017635508 -0.338265747 0.022441031 0.017868986 0.999588490 21.856088638
0.999695659 0.011531199 -0.021807494 -0.461419016 -0.011917829 0.999772549 -0.017683016 -0.367373884 0.021598628 0.017937537 0.999605715 22.774524689
0.999692857 0.011662485 -0.021865705 -0.487549514 -0.012047598 0.999773085 -0.017564368 -0.396160245 0.021655900 0.017822405 0.999606550 23.759435654
0.999675333 0.012629827 -0.022128096 -0.517191648 -0.012992930 0.999781966 -0.016342849 -0.426417738 0.021916866 0.016625052 0.999621511 24.685665131
0.999678195 0.012917019 -0.021833889 -0.555941880 -0.013234382 0.999807894 -0.014453812 -0.452859461 0.021642996 0.014738118 0.999657035 25.710844040
0.999655724 0.014415954 -0.021918787 -0.583875716 -0.014715759 0.999799430 -0.013578767 -0.472930521 0.021718640 0.013896641 0.999667406 26.671991348
0.999647439 0.014741248 -0.022081146 -0.616290867 -0.015058551 0.999784708 -0.014273201 -0.506209612 0.021865990 0.014600680 0.999654174 27.688915253
0.999609888 0.016286232 -0.022685317 -0.622706890 -0.016658599 0.999727964 -0.016323425 -0.515748262 0.022413298 0.016694963 0.999609470 28.708707809
0.999600828 0.015851667 -0.023380760 -0.643602192 -0.016209273 0.999753356 -0.015185512 -0.548403978 0.023134276 0.015558439 0.999611259 29.753177643
0.999598801 0.015348819 -0.023804015 -0.668287337 -0.015655356 0.999796152 -0.012744933 -0.574164510 0.023603544 0.013112480 0.999635339 30.780282974
0.999580503 0.015432322 -0.024510430 -0.693785369 -0.015657302 0.999836683 -0.009013655 -0.596494079 0.024367325 0.009393640 0.999658942 31.832845688
0.999562979 0.015817175 -0.024975421 -0.722492516 -0.015992323 0.999848723 -0.006828613 -0.623901904 0.024863640 0.007225044 0.999664724 32.892742157
0.999556482 0.015148882 -0.025640279 -0.748318791 -0.015311734 0.999863744 -0.006167002 -0.649819732 0.025543366 0.006556864 0.999652207 33.963039398
0.999547660 0.015180706 -0.025963748 -0.783324122 -0.015387056 0.999851346 -0.007766291 -0.669149280 0.025841990 0.008162283 0.999632716 35.035251617
0.999491692 0.016134858 -0.027496029 -0.801715791 -0.016363747 0.999833107 -0.008119831 -0.697715580 0.027360426 0.008565642 0.999588907 36.119075775
0.999497354 0.015516087 -0.027649574 -0.847530723 -0.015720591 0.999850512 -0.007194179 -0.714034855 0.027533818 0.007625230 0.999591768 37.201747894
0.999451518 0.015947785 -0.029023459 -0.878313422 -0.016122360 0.999853253 -0.005790947 -0.732272625 0.028926849 0.006255697 0.999561906 38.284576416
0.999455214 0.015917156 -0.028913958 -0.918463230 -0.016010839 0.999867082 -0.003011335 -0.756434202 0.028862188 0.003472630 0.999577343 39.370784760
0.999425352 0.017197091 -0.029211901 -0.960739493 -0.017294524 0.999845564 -0.003085905 -0.779745519 0.029154325 0.003589337 0.999568462 40.447093964
0.999384642 0.018474914 -0.029815529 -0.988977015 -0.018685887 0.999802232 -0.006812872 -0.809837103 0.029683765 0.007365811 0.999532163 41.523998260
0.999343276 0.019749206 -0.030380748 -1.024300575 -0.020084968 0.999740183 -0.010786590 -0.834292054 0.030159827 0.011389703 0.999480188 42.605171204
0.999350786 0.020375991 -0.029711157 -1.064487696 -0.020717911 0.999722183 -0.011246029 -0.859580636 0.029473752 0.011854285 0.999495149 43.681888580
0.999341905 0.020807475 -0.029714154 -1.101219893 -0.021069895 0.999741435 -0.008545833 -0.889063954 0.029528657 0.009166284 0.999521852 44.771633148
0.999319434 0.021932613 -0.029657636 -1.130538225 -0.022135332 0.999733627 -0.006524327 -0.912073672 0.029506646 0.007176368 0.999538779 45.867355347
0.999348640 0.020330200 -0.029814431 -1.164627671 -0.020492421 0.999776661 -0.005145473 -0.938886762 0.029703168 0.005753092 0.999542177 46.950634003
0.999370635 0.020158892 -0.029187832 -1.198264480 -0.020349689 0.999773383 -0.006254700 -0.962443471 0.029055128 0.006844725 0.999554336 48.034343719
0.999397337 0.018911188 -0.029109526 -1.230917454 -0.019162014 0.999781430 -0.008361952 -0.980307221 0.028945029 0.008914709 0.999541223 49.114604950
0.999399006 0.019281978 -0.028808840 -1.262293220 -0.019593755 0.999751985 -0.010579396 -1.008366823 0.028597705 0.011137509 0.999528944 50.221042633
0.999417305 0.018349640 -0.028784493 -1.290884256 -0.018718733 0.999745309 -0.012606032 -1.044224739 0.028545849 0.013137495 0.999506176 51.274890900
0.999439359 0.017044788 -0.028815927 -1.318628788 -0.017516972 0.999715030 -0.016213926 -1.077742696 0.028531356 0.016709603 0.999453247 52.390037537
0.999467969 0.015102042 -0.028907528 -1.343615294 -0.015618218 0.999721050 -0.017714327 -1.114054203 0.028631946 0.018156389 0.999425113 53.472549438
0.999501765 0.013529954 -0.028514940 -1.377848983 -0.013991321 0.999773443 -0.016042871 -1.138393164 0.028291421 0.016433842 0.999464512 54.575756073
0.999523282 0.012033908 -0.028429963 -1.405888915 -0.012326602 0.999872565 -0.010142521 -1.165662169 0.028304283 0.010488132 0.999544263 55.658256531
0.999544382 0.010853434 -0.028164124 -1.433981538 -0.010987774 0.999928951 -0.004619435 -1.187855482 0.028111989 0.004926792 0.999592602 56.756603241
0.999563992 0.009569421 -0.027932772 -1.469148517 -0.009687843 0.999944627 -0.004107283 -1.215920091 0.027891928 0.004376102 0.999601305 57.837570190
0.999594450 0.006247856 -0.027783064 -1.493555665 -0.006442107 0.999955356 -0.006907714 -1.238401294 0.027738666 0.007083895 0.999590099 58.930229187
0.999590933 0.005097784 -0.028141486 -1.519394755 -0.005371372 0.999938905 -0.009654840 -1.271636248 0.028090551 0.009802049 0.999557316 60.010791779
0.999575675 0.007118632 -0.028244607 -1.551173449 -0.007519658 0.999872029 -0.014117595 -1.295341730 0.028140500 0.014323994 0.999501288 61.104690552
0.999585450 0.006744205 -0.027989054 -1.595110893 -0.007263564 0.999802530 -0.018495806 -1.326985598 0.027858790 0.018691437 0.999437034 62.189571381
0.999573410 0.009899049 -0.027481435 -1.619413018 -0.010432442 0.999758661 -0.019333990 -1.354583859 0.027283417 0.019612439 0.999435306 63.282318115
0.999548554 0.013827221 -0.026674928 -1.662229776 -0.014252354 0.999773383 -0.015813744 -1.388618946 0.026450220 0.016186783 0.999519050 64.377418518
0.999533057 0.015063159 -0.026584381 -1.692301989 -0.015432757 0.999786317 -0.013752909 -1.420334339 0.026371544 0.014156758 0.999551833 65.466049194
0.999539077 0.014524311 -0.026657678 -1.718208551 -0.014879785 0.999802351 -0.013185242 -1.449584484 0.026460905 0.013575827 0.999557555 66.550994873
0.999560714 0.012730321 -0.026764669 -1.749635100 -0.013058873 0.999840975 -0.012136812 -1.484261155 0.026605912 0.012480998 0.999568045 67.650978088
0.999554634 0.011791904 -0.027413188 -1.769511938 -0.012078136 0.999873936 -0.010299367 -1.524193525 0.027288288 0.010625880 0.999571085 68.704757690
0.999573708 0.010047728 -0.027411535 -1.812162876 -0.010297483 0.999906540 -0.008985312 -1.539073110 0.027318692 0.009263750 0.999583840 69.836448669
0.999547005 0.009314798 -0.028616473 -1.831868649 -0.009532611 0.999926567 -0.007484524 -1.565624237 0.028544653 0.007753924 0.999562442 70.929374695
0.999545813 0.007549036 -0.029175127 -1.862559915 -0.007798296 0.999933958 -0.008439287 -1.603510618 0.029109489 0.008662969 0.999538720 71.995147705
0.999530792 0.008635069 -0.029387049 -1.907887816 -0.009000875 0.999883354 -0.012338428 -1.633311033 0.029277075 0.012597147 0.999491990 73.075431824
0.999497533 0.009269121 -0.030313829 -1.937069416 -0.009698704 0.999854207 -0.014054889 -1.672631264 0.030179132 0.014341831 0.999441564 74.150596619
0.999459386 0.011055280 -0.030962344 -1.971172094 -0.011452869 0.999853790 -0.012693049 -1.695334435 0.030817490 0.013040791 0.999440074 75.224838257
0.999424636 0.012656638 -0.031466745 -2.009942055 -0.012917783 0.999883652 -0.008109609 -1.729454756 0.031360436 0.008511422 0.999471903 76.303741455
0.999384165 0.013983193 -0.032182712 -2.046989202 -0.014142533 0.999888897 -0.004728781 -1.747640133 0.032113012 0.005181014 0.999470770 77.358100891
0.999361575 0.015578507 -0.032155082 -2.098654032 -0.015712623 0.999868751 -0.003922316 -1.776263356 0.032089766 0.004425052 0.999475121 78.432998657
0.999349475 0.014535377 -0.033006873 -2.128107071 -0.014745161 0.999872506 -0.006121168 -1.802926779 0.032913696 0.006603877 0.999436319 79.472419739
0.999310732 0.014916292 -0.033990845 -2.164218426 -0.015174770 0.999857783 -0.007359013 -1.817336321 0.033876237 0.007869744 0.999395013 80.550621033
0.999308109 0.014659918 -0.034178536 -2.203649282 -0.014916467 0.999862373 -0.007263211 -1.846000791 0.034067355 0.007768009 0.999389291 81.560920715
0.999286234 0.013510152 -0.035279866 -2.238456726 -0.013788888 0.999875486 -0.007669310 -1.863170385 0.035171863 0.008150306 0.999348044 82.620292664
0.999264538 0.013092752 -0.036038164 -2.272148132 -0.013332610 0.999890387 -0.006423389 -1.888649583 0.035950106 0.006899148 0.999329746 83.643272400
0.999239981 0.013134729 -0.036701281 -2.309804440 -0.013282002 0.999904633 -0.003771797 -1.914023995 0.036648240 0.004256396 0.999319255 84.638641357
0.999222517 0.012943074 -0.037241191 -2.355402708 -0.013060384 0.999910474 -0.002908462 -1.942311049 0.037200224 0.003392585 0.999302089 85.606979370
0.999145150 0.011789365 -0.039622325 -2.391685009 -0.011908544 0.999925196 -0.002773117 -1.962921143 0.039586682 0.003242590 0.999210894 86.558273315
0.999012232 0.012044676 -0.042772528 -2.437888622 -0.012227640 0.999917150 -0.004018490 -1.985465765 0.042720586 0.004537528 0.999076784 87.489273071
0.998851061 0.011297400 -0.046571746 -2.474289179 -0.011522898 0.999923110 -0.004576300 -2.012161732 0.046516463 0.005107684 0.998904407 88.402061462
0.998686314 0.011068095 -0.050031330 -2.521205425 -0.011288826 0.999927759 -0.004131383 -2.034212112 0.049981989 0.004690751 0.998739004 89.292243958
0.998517394 0.012829898 -0.052899916 -2.572035074 -0.013008350 0.999910712 -0.003030422 -2.058292389 0.052856319 0.003714069 0.998595119 90.153915405
0.998357356 0.013844207 -0.055596165 -2.624866486 -0.013983172 0.999899924 -0.002111277 -2.079996824 0.055561367 0.002885220 0.998450994 91.000854492
0.998173118 0.014578740 -0.058632895 -2.683566809 -0.014649513 0.999892294 -0.000777361 -2.096382856 0.058615252 0.001634884 0.998279214 91.799613953
0.998020709 0.016100490 -0.060789738 -2.754067898 -0.016125036 0.999869883 0.000086835 -2.115119934 0.060783237 0.000893572 0.998150468 92.584640503
0.997791946 0.018694773 -0.063730538 -2.792973280 -0.018703960 0.999825060 0.000452550 -2.133952856 0.063727833 0.000740461 0.997967064 93.333770752
0.997579277 0.020800548 -0.066353358 -2.854779005 -0.020882130 0.999781787 -0.000536042 -2.157692671 0.066327728 0.001920344 0.997796059 94.053649902
0.997393131 0.021676278 -0.068826713 -2.911507368 -0.022023112 0.999748230 -0.004284312 -2.177602768 0.068716519 0.005788921 0.997619450 94.747856140
0.997136354 0.024271363 -0.071624018 -2.959686995 -0.024911355 0.999657154 -0.008055530 -2.191514969 0.071403928 0.009816712 0.997399151 95.416702271
0.996918857 0.026492354 -0.073829509 -3.013235569 -0.027362682 0.999567211 -0.010801766 -2.212482929 0.073511399 0.012788658 0.997212291 96.033630371
0.996814549 0.028219439 -0.074594475 -3.065558434 -0.029167837 0.999506593 -0.011655216 -2.230996132 0.074228749 0.013793849 0.997145832 96.640701294
0.996785581 0.030673178 -0.074010029 -3.106362343 -0.031589229 0.999437690 -0.011238383 -2.249419689 0.073623702 0.013540180 0.997194111 97.242980957
0.996901631 0.034243800 -0.070813023 -3.155671120 -0.035026144 0.999337971 -0.009835523 -2.267232895 0.070429347 0.012285356 0.997441053 97.796615601
0.997167826 0.036713600 -0.065638252 -3.189653397 -0.037339471 0.999267876 -0.008333464 -2.291164160 0.065284252 0.010760761 0.997808695 98.333518982
0.997629344 0.037865017 -0.057463676 -3.234530449 -0.038322501 0.999241650 -0.006879797 -2.296742916 0.057159603 0.009065639 0.998323858 98.838737488
0.998102605 0.037820697 -0.048586760 -3.234706402 -0.038078960 0.999265015 -0.004400783 -2.314498425 0.048384599 0.006242565 0.998809397 99.356994629
0.998617053 0.037468161 -0.036878057 -3.243143320 -0.037581880 0.999290764 -0.002395221 -2.341701746 0.036762156 0.003777854 0.999316871 99.823120117
0.999058783 0.036482476 -0.023467163 -3.246594191 -0.036563702 0.999326646 -0.003041339 -2.348151922 0.023340408 0.003896523 0.999719918 100.286674500
0.999294937 0.036503822 -0.008786114 -3.229020119 -0.036541827 0.999323189 -0.004204623 -2.360888243 0.008626685 0.004522718 0.999952495 100.708206177
0.999339879 0.035090636 0.009411248 -3.216130257 -0.035021331 0.999358952 -0.007429899 -2.376288176 -0.009665930 0.007095399 0.999928057 101.132331848
0.998937905 0.034698863 0.030315619 -3.182528734 -0.034343895 0.999336064 -0.012152400 -2.391463757 -0.030717164 0.011098336 0.999466479 101.546066284
0.997996867 0.032442022 0.054313414 -3.132845879 -0.031496871 0.999338686 -0.018168462 -2.392429352 -0.054866906 0.016421363 0.998358607 101.953834534
0.996175230 0.030440919 0.081905030 -3.082657814 -0.028798616 0.999361157 -0.021158691 -2.410211563 -0.082496807 0.018719012 0.996415436 102.357475281
0.993340552 0.028158791 0.111721218 -3.017015457 -0.025834301 0.999419630 -0.022199821 -2.429424763 -0.112281486 0.019165741 0.993491590 102.711006165
0.989247978 0.025548931 0.143999040 -2.928688049 -0.022305908 0.999460816 -0.024090998 -2.450649738 -0.144536883 0.020619940 0.989284575 103.087928772
0.983398676 0.023690345 0.179905266 -2.835475922 -0.019250283 0.999466360 -0.026386129 -2.462154150 -0.180434376 0.022484854 0.983330011 103.462463379
0.975681067 0.019871652 0.218292654 -2.720676422 -0.014264187 0.999527276 -0.027233910 -2.482537746 -0.218730658 0.023457844 0.975503206 103.826057434
0.965676904 0.018713670 0.259071440 -2.613573074 -0.011733896 0.999526083 -0.028461831 -2.498124123 -0.259481281 0.024445016 0.965438664 104.149986267
0.953544915 0.019427218 0.300623596 -2.486213684 -0.011052706 0.999502718 -0.029532963 -2.520853043 -0.301047832 0.024838302 0.953285515 104.469505310
0.938155293 0.021787034 0.345528066 -2.336799622 -0.011798784 0.999450266 -0.030984350 -2.533373117 -0.346013188 0.024991324 0.937896669 104.818229675
0.920340836 0.021933869 0.390501618 -2.175498962 -0.011156165 0.999492288 -0.029846879 -2.552101612 -0.390957952 0.023112806 0.920118213 105.137115479
0.900756061 0.021301264 0.433802694 -1.993907928 -0.009725617 0.999535263 -0.028886318 -2.569634676 -0.434216440 0.021800524 0.900544703 105.404922485
0.877581894 0.020275272 0.478997737 -1.804626465 -0.007067218 0.999543726 -0.029361231 -2.590888500 -0.479374588 0.022381708 0.877324879 105.691223145
0.852523446 0.021194914 0.522259235 -1.593273163 -0.005315928 0.999477267 -0.031884339 -2.609141350 -0.522662044 0.024405852 0.852190495 105.972320557
0.825404048 0.023062825 0.564071000 -1.374027252 -0.003573954 0.999358654 -0.035630405 -2.630535603 -0.564531147 0.027393511 0.824957192 106.222579956
0.794575453 0.027781803 0.606529474 -1.137954712 -0.004076178 0.999174178 -0.040426780 -2.648437977 -0.607151806 0.029649798 0.794032514 106.490905762
0.760859370 0.033790421 0.648036420 -0.881088257 -0.006792951 0.999003351 -0.044115216 -2.671159744 -0.648881376 0.029163390 0.760330677 106.753440857
0.724207580 0.038990896 0.688478827 -0.626937866 -0.007696189 0.998794973 -0.048469573 -2.671799183 -0.689538956 0.029803369 0.723635018 106.960968018
0.685388505 0.039334536 0.727114379 -0.326435089 -0.005551206 0.998793185 -0.048798837 -2.700944662 -0.728156269 0.029409798 0.684779763 107.187850952
0.644954622 0.036336426 0.763356686 -0.001956940 0.000113251 0.998864412 -0.047642492 -2.717869759 -0.764220774 0.030813692 0.644218147 107.396743774
0.600576639 0.034964908 0.798802197 0.282649994 0.001847509 0.998979926 -0.045116074 -2.730505705 -0.799564958 0.028571462 0.599899530 107.574523926
0.554211497 0.033580862 0.831698179 0.614101410 0.003209528 0.999092221 -0.042478301 -2.748164892 -0.832369685 0.026211321 0.553600609 107.754554749
0.505997419 0.031132095 0.861972928 0.965705872 0.005412155 0.999214113 -0.039265934 -2.766710043 -0.862517953 0.024533592 0.505431294 107.924011230
0.455393404 0.027419487 0.889867902 1.326557159 0.009123839 0.999329388 -0.035461474 -2.785156012 -0.890243530 0.024267936 0.454837888 108.066741943
0.403570473 0.027860424 0.914524257 1.699665070 0.007297713 0.999406397 -0.033666715 -2.803920269 -0.914919376 0.020260828 0.403127581 108.199829102
0.352020264 0.032510046 0.935427606 2.096702576 0.004354448 0.999328911 -0.036369555 -2.826491356 -0.935982227 0.016876087 0.351642430 108.323089600
0.302108347 0.038033113 0.952514529 2.472763062 0.004739149 0.999131501 -0.041397598 -2.838106871 -0.953261733 0.017020669 0.301665753 108.402465820
0.255426794 0.040180739 0.965993047 2.878665924 0.007107024 0.999031007 -0.043434191 -2.855085373 -0.966802239 0.017959591 0.254893750 108.479553223
0.214063793 0.040044367 0.975998461 3.326877594 0.014428793 0.998920679 -0.044149488 -2.882213116 -0.976713121 0.023533285 0.213254988 108.543594360
0.179702237 0.039691322 0.982919931 3.730907440 0.023442442 0.998729110 -0.044615574 -2.896051407 -0.983441830 0.031059563 0.178543419 108.574317932
0.148556128 0.041255370 0.988043129 4.216759682 0.027615620 0.998566687 -0.045846906 -2.916909695 -0.988518298 0.034096260 0.147203922 108.630485535
0.121161558 0.039346561 0.991852641 4.646537781 0.026077561 0.998743057 -0.042805452 -2.942175388 -0.992290139 0.031051476 0.119983204 108.659782410
0.095726766 0.036521107 0.994737446 5.173907280 0.020062689 0.999053001 -0.038610242 -2.959559917 -0.995205402 0.023653146 0.094903387 108.707710266
0.071784019 0.032088123 0.996903896 5.649539948 0.015572200 0.999324501 -0.033287343 -2.984986305 -0.997298598 0.017913485 0.071235828 108.732734680
0.049186461 0.029533973 0.998352826 6.173845291 0.020192984 0.999328911 -0.030557713 -3.010780811 -0.998585403 0.021662751 0.048557084 108.743896484
0.029242309 0.030118495 0.999118388 6.714269638 0.028643731 0.999110162 -0.030956591 -3.037074566 -0.999161780 0.029523723 0.028353576 108.736198425
0.011314854 0.032591254 0.999404609 7.306060791 0.032967959 0.998913229 -0.032948468 -3.066198826 -0.999392271 0.033321138 0.010228086 108.734611511
-0.002658770 0.038049582 0.999272287 7.858712196 0.034148637 0.998696387 -0.037936799 -3.081102848 -0.999413133 0.034022924 -0.003954647 108.722808838
-0.013547273 0.042628821 0.998999000 8.467644691 0.031568605 0.998610973 -0.042184159 -3.103526115 -0.999409735 0.030965522 -0.014874186 108.717857361
-0.020034410 0.042666942 0.998888433 9.090744019 0.033713635 0.998549640 -0.041976284 -3.124985456 -0.999230623 0.032835193 -0.021443812 108.703605652
-0.022267288 0.039390180 0.998975754 9.720030785 0.039887268 0.998462856 -0.038480867 -3.157597065 -0.998956025 0.038989548 -0.023804227 108.671745300
-0.021638503 0.037509169 0.999062061 10.405629158 0.041414302 0.998471797 -0.036590032 -3.192599773 -0.998907626 0.040583700 -0.023158856 108.650596619
-0.019782182 0.037420943 0.999103725 11.059989929 0.040504012 0.998508871 -0.036596693 -3.215222836 -0.998983502 0.039743740 -0.021268386 108.645935059
-0.018792052 0.037539788 0.999118447 11.786812782 0.036351673 0.998659790 -0.036838837 -3.258140087 -0.999162376 0.035627339 -0.020131506 108.651184082
-0.017098466 0.038943671 0.999095023 12.452318192 0.035467923 0.998635888 -0.038318768 -3.281066895 -0.999224603 0.034780636 -0.018456390 108.630119324
-0.016611591 0.039883539 0.999066174 13.198417664 0.035093434 0.998611629 -0.039281897 -3.313694477 -0.999245942 0.034408130 -0.017988183 108.632225037
-0.015353159 0.039319232 0.999108672 13.903812408 0.034569476 0.998649955 -0.038769957 -3.348578453 -0.999284327 0.033943415 -0.016691677 108.610641479
-0.014667975 0.038050137 0.999168158 14.669363976 0.033399664 0.998736620 -0.037543390 -3.383076191 -0.999334395 0.032821190 -0.015920306 108.597198486
-0.014037266 0.036781188 0.999224722 15.419419289 0.034244999 0.998754561 -0.036282808 -3.420919418 -0.999314785 0.033709146 -0.015279355 108.587821960
-0.014386756 0.034178950 0.999312103 16.225786209 0.034923427 0.998822927 -0.033659440 -3.466849327 -0.999286413 0.034415156 -0.015563468 108.570831299
-0.015657453 0.032668319 0.999343574 16.972923279 0.032556906 0.998952866 -0.032145452 -3.496531487 -0.999347210 0.032032222 -0.016704636 108.568153381
-0.016639765 0.031838521 0.999354482 17.792867661 0.031894572 0.999001086 -0.031296205 -3.526000500 -0.999352694 0.031353220 -0.017638620 108.550918579
-0.018166035 0.029277742 0.999406219 18.559129715 0.033853311 0.999015987 -0.028650967 -3.560090303 -0.999261677 0.033312745 -0.019139310 108.543060303
-0.018803682 0.028135797 0.999427199 19.387077332 0.035359949 0.998997271 -0.027458416 -3.585572243 -0.999197662 0.034823380 -0.019779708 108.521949768
-0.020930810 0.026749965 0.999423027 20.187177658 0.032411579 0.999134660 -0.026063461 -3.633375645 -0.999255359 0.031847354 -0.021779703 108.513679504
-0.022006929 0.031809390 0.999251723 21.032325745 0.029813617 0.999070048 -0.031147018 -3.664597988 -0.999313056 0.029105859 -0.022934819 108.505050659
-0.022573199 0.036618032 0.999074519 21.833799362 0.031193990 0.998868227 -0.035905678 -3.695577621 -0.999258339 0.030354604 -0.023689914 108.490623474
-0.023760630 0.038537592 0.998974681 22.681327820 0.031307459 0.998795211 -0.037786029 -3.730095387 -0.999227345 0.030377537 -0.024938522 108.473976135
-0.025176529 0.036047891 0.999032974 23.506162643 0.027800826 0.998988211 -0.035345688 -3.774214029 -0.999296308 0.026884053 -0.026153225 108.455886841
-0.025866510 0.031672820 0.999163568 24.349254608 0.025224907 0.999200284 -0.031020967 -3.816360950 -0.999347031 0.024401400 -0.026644772 108.429527283
-0.026797816 0.026922461 0.999278307 25.187454224 0.023364171 0.999381065 -0.026298668 -3.849570274 -0.999367774 0.022642560 -0.027410254 108.426284790
-0.027136954 0.021129107 0.999408424 26.027492523 0.019523947 0.999597073 -0.020602962 -3.887598753 -0.999441087 0.018953297 -0.027538542 108.412475586
-0.027190408 0.019471446 0.999440610 26.863903046 0.017475573 0.999666691 -0.019000418 -3.925799370 -0.999477446 0.016949173 -0.027521625 108.399101257
-0.026337024 0.026334418 0.999306142 27.703527451 0.020311685 0.999460697 -0.025803167 -3.965626717 -0.999446750 0.019618016 -0.026857719 108.375526428
-0.024920205 0.037841439 0.998972893 28.520898819 0.022634041 0.999048412 -0.037279677 -3.997098923 -0.999433100 0.021681782 -0.025752995 108.354293823
-0.024946647 0.043804459 0.998728573 29.350358963 0.024320798 0.998770237 -0.043198802 -4.023777485 -0.999392807 0.023212209 -0.025981329 108.343261719
-0.023109253 0.037519656 0.999028563 30.186695099 0.025749503 0.998986483 -0.036922429 -4.076286316 -0.999401271 0.024871238 -0.024051936 108.318283081
-0.021935400 0.030155104 0.999304414 31.022203445 0.029046735 0.999142349 -0.029512610 -4.117090225 -0.999337316 0.028379155 -0.022792490 108.293487549
-0.021930933 0.027182011 0.999389827 31.847633362 0.029704738 0.999206662 -0.026525175 -4.154278755 -0.999318063 0.029104892 -0.022720965 108.285392761
-0.021273520 0.027789503 0.999387383 32.667892456 0.029255867 0.999202788 -0.027161613 -4.195331097 -0.999345541 0.028660124 -0.022069566 108.261383057
-0.023295611 0.028816693 0.999313176 33.472644806 0.025352141 0.999280035 -0.028224738 -4.226919651 -0.999407053 0.024677206 -0.024009401 108.267745972
-0.025683999 0.029240321 0.999242306 34.287223816 0.023602998 0.999311268 -0.028635656 -4.265421867 -0.999391377 0.022849636 -0.026356461 108.258514404
-0.026915716 0.028633146 0.999227703 35.079116821 0.023171362 0.999338984 -0.028012188 -4.305146694 -0.999369085 0.022399493 -0.027561396 108.224601746
-0.029174780 0.028784446 0.999159932 35.876892090 0.021595418 0.999370098 -0.028159939 -4.347408295 -0.999340951 0.020755708 -0.029778022 108.206481934
-0.031674210 0.029461877 0.999063909 36.677734375 0.020343231 0.999377429 -0.028826162 -4.381648064 -0.999291122 0.019411143 -0.032253828 108.195503235
-0.034266718 0.028787242 0.998998046 37.487270355 0.018639700 0.999429584 -0.028160317 -4.411794186 -0.999238789 0.017656064 -0.034783758 108.187080383
-0.035224661 0.027708298 0.998995125 38.246574402 0.019326564 0.999447405 -0.027039386 -4.451539993 -0.999192476 0.018354692 -0.035740703 108.136985779
-0.037987836 0.027342433 0.998903990 39.069869995 0.019012658 0.999464333 -0.026634729 -4.496905327 -0.999097288 0.017980028 -0.038487349 108.122184753
-0.039321493 0.029099148 0.998802781 39.805568695 0.019102169 0.999415040 -0.028364958 -4.518465042 -0.999043941 0.017963948 -0.039854355 108.088508606
-0.039770119 0.029566729 0.998771310 40.585254669 0.019819330 0.999388695 -0.028795822 -4.552722931 -0.999012351 0.018649764 -0.040331803 108.055541992
-0.041115463 0.027835403 0.998766482 41.341102600 0.021421382 0.999406636 -0.026971405 -4.590754509 -0.998924613 0.020286020 -0.041687343 108.025794983
-0.042024653 0.027667793 0.998733342 42.110073090 0.021972422 0.999400377 -0.026761713 -4.621706009 -0.998874843 0.020819942 -0.042607386 107.987808228
-0.044014510 0.026839774 0.998670340 42.862236023 0.020267883 0.999457121 -0.025967659 -4.662187576 -0.998825252 0.019097976 -0.044534605 107.966590881
-0.044928003 0.026300851 0.998644054 43.603515625 0.019007411 0.999494791 -0.025468139 -4.690073490 -0.998809338 0.017837400 -0.045405217 107.935592651
-0.045948531 0.024897359 0.998633385 44.334796906 0.017694836 0.999552727 -0.024106113 -4.725939274 -0.998787045 0.016563015 -0.046368539 107.908950806
-0.046854652 0.024745962 0.998595178 45.048477173 0.017983176 0.999551952 -0.023925895 -4.759999275 -0.998739839 0.016836874 -0.047278676 107.882049561
-0.046862766 0.027079482 0.998534203 45.740959167 0.017901413 0.999494672 -0.026265390 -4.794648647 -0.998740792 0.016644306 -0.047323842 107.848869324
-0.047064919 0.030254822 0.998433530 46.442604065 0.018515788 0.999395788 -0.029411174 -4.823324203 -0.998720169 0.017102549 -0.047596667 107.820854187
-0.047208499 0.032005947 0.998372078 47.128467560 0.016178342 0.999379873 -0.031273250 -4.855844498 -0.998753965 0.014675643 -0.047697026 107.794891357
-0.047506630 0.032308906 0.998348296 47.816570282 0.016741566 0.999362111 -0.031545069 -4.892470837 -0.998730540 0.015215315 -0.048017219 107.768547058
-0.047123898 0.032423723 0.998362601 48.507762909 0.017833311 0.999341071 -0.031613741 -4.925306797 -0.998729825 0.016314348 -0.047671072 107.731803894
-0.047759745 0.031465296 0.998363137 49.200286865 0.018291159 0.999363661 -0.030621817 -4.962779045 -0.998691320 0.016798727 -0.048304897 107.703712463
-0.047557354 0.032019041 0.998355091 49.880798340 0.014537948 0.999402404 -0.031360097 -4.993454933 -0.998762667 0.013022631 -0.047994427 107.672714233
-0.046980370 0.032903239 0.998353660 50.548164368 0.012437985 0.999399066 -0.032352384 -5.023973465 -0.998818338 0.010897581 -0.047361385 107.643127441
-0.047251150 0.031032281 0.998400867 51.242588043 0.014112959 0.999438226 -0.030396607 -5.062782764 -0.998783290 0.012654115 -0.047662567 107.618606567
-0.048717037 0.030255090 0.998354256 51.924350739 0.014098276 0.999462366 -0.029600717 -5.095042229 -0.998713017 0.012633014 -0.049117394 107.589523315
-0.051824134 0.030110728 0.998202085 52.592502594 0.011291363 0.999499083 -0.029563630 -5.123419285 -0.998592317 0.009738955 -0.052138180 107.557327271
-0.057441760 0.029566841 0.997910857 53.269626617 0.007484921 0.999545991 -0.029184440 -5.163310528 -0.998320818 0.005792877 -0.057636980 107.529273987
-0.062834926 0.033319578 0.997467577 53.922866821 0.011417875 0.999400973 -0.032664910 -5.193747044 -0.997958601 0.009336461 -0.063177742 107.480606079
-0.069096453 0.037075423 0.996920884 54.591129303 0.014678763 0.999238610 -0.036144249 -5.211370468 -0.997501969 0.012136125 -0.069588080 107.430717468
-0.076520510 0.037620407 0.996357918 55.243499756 0.013025302 0.999240518 -0.036728885 -5.258649826 -0.996982872 0.010167352 -0.076952390 107.380073547
-0.083437853 0.036938060 0.995828092 55.919593811 0.009151865 0.999299109 -0.036299992 -5.289899349 -0.996470928 0.006084893 -0.083717406 107.336883545
-0.088376097 0.035640910 0.995449245 56.601776123 0.009216819 0.999346137 -0.034962155 -5.326935768 -0.996044457 0.006085053 -0.088646807 107.273132324
-0.093257323 0.036905233 0.994957805 57.285583496 0.007441808 0.999310732 -0.036369171 -5.348074436 -0.995614231 0.004012596 -0.093467683 107.219017029
-0.096783891 0.035591628 0.994668782 57.971183777 0.004654072 0.999365628 -0.035306845 -5.390692234 -0.995294511 0.001212126 -0.096888140 107.148254395
-0.099054925 0.032512181 0.994550586 58.672817230 0.005356269 0.999469042 -0.032139491 -5.420215130 -0.995067477 0.002143505 -0.099176459 107.077545166
-0.100983284 0.029708469 0.994444430 59.381790161 0.007769753 0.999547124 -0.029071910 -5.452773571 -0.994857728 0.004790811 -0.101168379 107.007507324
-0.103245124 0.025575953 0.994327009 60.111869812 0.006946731 0.999663472 -0.024991907 -5.496818542 -0.994631588 0.004327028 -0.103388064 106.945762634
-0.103976853 0.026741080 0.994220138 60.826229095 0.006724735 0.999634624 -0.026183423 -5.514225483 -0.994556963 0.003963397 -0.104118682 106.869300842
-0.104708038 0.030619193 0.994031489 61.552619934 0.008491100 0.999517024 -0.029893735 -5.544825554 -0.994466782 0.005310304 -0.104917444 106.801910400
-0.104470700 0.034363128 0.993934155 62.284133911 0.014329905 0.999351144 -0.033044219 -5.579453468 -0.994424760 0.010790829 -0.104895331 106.712852478
-0.104762949 0.039219186 0.993723691 63.017944336 0.021464793 0.999078572 -0.037167609 -5.617449760 -0.994265497 0.017436286 -0.105508238 106.625015259
-0.105098091 0.040095925 0.993653178 63.756927490 0.022090429 0.999034345 -0.037976582 -5.652678013 -0.994216442 0.017958961 -0.105882347 106.543952942
-0.105886512 0.038257860 0.993641973 64.511032104 0.020448266 0.999132037 -0.036290191 -5.688467026 -0.994167924 0.016475614 -0.106576905 106.473937988
-0.106186733 0.033809818 0.993771255 65.262809753 0.021484852 0.999266446 -0.031701062 -5.723769188 -0.994114041 0.017984794 -0.106835231 106.403167725
-0.105873376 0.031148693 0.993891537 66.005401611 0.023381729 0.999310851 -0.028827814 -5.769541740 -0.994104683 0.020186806 -0.106528722 106.315879822
-0.106299713 0.030947693 0.993852258 66.742996216 0.023990411 0.999304354 -0.028551511 -5.803788662 -0.994044662 0.020807911 -0.106968217 106.236099243
-0.108383931 0.031619079 0.993606150 67.490417480 0.022249939 0.999320865 -0.029373884 -5.846986771 -0.993860006 0.018924020 -0.109013818 106.163398743
-0.110832326 0.032520939 0.993306935 68.237037659 0.020829340 0.999320924 -0.030393723 -5.875304222 -0.993620753 0.017321315 -0.111434445 106.089782715
-0.112708576 0.032394730 0.993099809 68.979545593 0.022515973 0.999294996 -0.030041434 -5.919287682 -0.993372917 0.018974684 -0.113358542 105.997581482
-0.114337549 0.032666545 0.992904782 69.717681885 0.023155369 0.999275327 -0.030209692 -5.950619698 -0.993172050 0.019536976 -0.115011089 105.911529541
-0.116472021 0.032114055 0.992674649 70.472000122 0.022772167 0.999300778 -0.029656524 -5.991386414 -0.992932796 0.019151192 -0.117121875 105.826141357
-0.118455514 0.032370191 0.992431581 71.228210449 0.020486593 0.999335408 -0.030150112 -6.025678158 -0.992747962 0.016760094 -0.119039983 105.745422363
-0.119630963 0.034433763 0.992221057 71.974281311 0.021216542 0.999258757 -0.032119941 -6.054747581 -0.992591679 0.017208956 -0.120272875 105.660728455
-0.120456666 0.034131888 0.992131650 72.720596313 0.019262912 0.999300897 -0.032039788 -6.100197315 -0.992531598 0.015251938 -0.121029943 105.573883057
-0.121475808 0.035061553 0.991974890 73.467453003 0.019182567 0.999272227 -0.032970414 -6.123979092 -0.992409050 0.015023516 -0.122059949 105.483497620
-0.122706287 0.032879364 0.991898179 74.242118835 0.019997682 0.999330103 -0.030651828 -6.169962883 -0.992241502 0.016074494 -0.123281546 105.398139954
-0.123757005 0.030555520 0.991841972 75.012077332 0.017844943 0.999432743 -0.028562767 -6.204223156 -0.992152035 0.014164513 -0.124232031 105.309883118
-0.125694305 0.028299414 0.991665244 75.791107178 0.014372288 0.999540091 -0.026702439 -6.241776466 -0.991964817 0.010896155 -0.126043230 105.216972351
-0.127992302 0.027591078 0.991391301 76.558715820 0.015115374 0.999551117 -0.025866721 -6.270153046 -0.991659880 0.011674514 -0.128351852 105.117919922
-0.129431516 0.028349610 0.991182983 77.367408752 0.017153786 0.999505579 -0.026347660 -6.310738087 -0.991439998 0.013592338 -0.129853845 105.014244080
-0.131974608 0.029810322 0.990804672 78.148490906 0.016281843 0.999477923 -0.027902542 -6.342546463 -0.991119385 0.012449711 -0.132391095 104.927291870
-0.133199424 0.033074018 0.990537226 78.949127197 0.018095344 0.999357402 -0.030935219 -6.380830288 -0.990924060 0.013803525 -0.133712351 104.808441162
-0.133540273 0.037126705 0.990347743 79.741073608 0.019910993 0.999196768 -0.034773618 -6.411399841 -0.990843356 0.015075102 -0.134172246 104.701843262
-0.134472802 0.040963620 0.990070224 80.556419373 0.021077219 0.999037325 -0.038471896 -6.456975937 -0.990693092 0.015694533 -0.135206759 104.587310791
-0.134170234 0.041670490 0.990081787 81.365158081 0.022740684 0.998981833 -0.038963396 -6.499026775 -0.990697324 0.017287411 -0.134981245 104.480400085
-0.133605242 0.041273106 0.990174830 82.194999695 0.026577659 0.998922229 -0.038051587 -6.540993690 -0.990678132 0.021232577 -0.134558201 104.363883972
-0.133085564 0.039353911 0.990322888 83.010932922 0.027872885 0.998964667 -0.035951603 -6.585225105 -0.990712523 0.022818517 -0.134044677 104.246154785
-0.132624343 0.037682153 0.990449786 83.862541199 0.026537202 0.999053776 -0.034456089 -6.626737595 -0.990811050 0.021714019 -0.133498862 104.143280029
-0.130720899 0.035168875 0.990795195 84.696548462 0.025586661 0.999157369 -0.032089915 -6.667791367 -0.991088986 0.021156304 -0.131510615 104.038490295
-0.129421145 0.031975992 0.991073906 85.558349609 0.025721839 0.999251783 -0.028880907 -6.708151817 -0.991256058 0.021754444 -0.130146772 103.932151794
-0.127272263 0.028541794 0.991456985 86.401634216 0.026418857 0.999328732 -0.025377035 -6.744131565 -0.991515875 0.022963364 -0.127940908 103.824035645
-0.126116946 0.028623715 0.991602302 87.266113281 0.024594838 0.999366641 -0.025719741 -6.782534122 -0.991710424 0.021144602 -0.126741052 103.724708557
-0.124512218 0.032587264 0.991682708 88.110336304 0.025503142 0.999235570 -0.029633362 -6.825990677 -0.991890192 0.021601321 -0.125248104 103.617919922
-0.122710451 0.038942024 0.991678357 88.965011597 0.026438484 0.999003530 -0.035958186 -6.865793228 -0.992090225 0.021805996 -0.123617761 103.517799377
-0.121761583 0.042532738 0.991647720 89.826927185 0.023078933 0.998932660 -0.040011413 -6.902215958 -0.992291033 0.018014293 -0.122613229 103.424705505
-0.119750902 0.040019758 0.991997063 90.670936584 0.022380741 0.999042094 -0.037602235 -6.946614265 -0.992551625 0.017698757 -0.120531850 103.319969177
-0.118685931 0.037754003 0.992213845 91.539718628 0.022983199 0.999113560 -0.035267349 -6.990571499 -0.992665708 0.018618507 -0.119448438 103.217994690
-0.118117988 0.035798546 0.992354035 92.381683350 0.023278039 0.999175131 -0.033273872 -7.037071228 -0.992726624 0.019169813 -0.118853867 103.121688843
