0.999987423 0.005007188 0.000059653 -0.009366688 -0.005007318 0.999984503 0.002421971 -0.044564467 -0.000047524 -0.002422239 0.999997079 1.455763578
0.999980211 0.006245102 0.000690278 -0.018432507 -0.006246644 0.999977946 0.002252802 -0.062154401 -0.000676194 -0.002257070 0.999997139 2.154304981
0.999965370 0.008304831 0.000544841 -0.019980792 -0.008305986 0.999963164 0.002150199 -0.080224626 -0.000526964 -0.002154650 0.999997556 2.873208761
0.999965370 0.008286243 0.000800972 -0.016677544 -0.008287817 0.999963701 0.001984413 -0.094542101 -0.000784500 -0.001990983 0.999997735 3.536168098
0.999965787 0.008198757 0.001059188 -0.016026374 -0.008201845 0.999962032 0.002944489 -0.109044425 -0.001035007 -0.002953076 0.999995112 4.197875977
0.999956191 0.009122662 0.002087739 -0.028672609 -0.009134921 0.999940753 0.005940174 -0.121558890 -0.002033425 -0.005958986 0.999980092 4.837033749
0.999956369 0.008770333 0.003210393 -0.021453315 -0.008801998 0.999911368 0.009985678 -0.132044137 -0.003122530 -0.010013501 0.999944985 5.442996502
0.998803198 0.048688810 0.004640715 0.009331765 -0.048668228 0.998805106 -0.004449700 -1.494206548 -0.004851821 0.004218521 0.999979258 6.182378292
0.998844624 0.047738783 0.005507354 0.014350832 -0.047727682 0.998858094 -0.002130732 -1.513784885 -0.005602784 0.001865415 0.999982536 6.752777100
0.998816431 0.048199899 0.006511396 0.019930698 -0.048184209 0.998835206 -0.002545365 -1.528013349 -0.006626497 0.002228608 0.999975562 7.276008129
0.998753786 0.049310759 0.007698255 0.016446896 -0.049271770 0.998772144 -0.005173454 -1.542293787 -0.007943908 0.004787701 0.999956965 7.780051231
0.998753965 0.049274083 0.007906815 0.026498262 -0.049209677 0.998755217 -0.008143477 -1.552476287 -0.008298235 0.007744238 0.999935567 8.210331917
0.998824835 0.047418244 0.010023651 0.029082518 -0.047324210 0.998835146 -0.009419223 -1.572992086 -0.010458618 0.008933794 0.999905348 8.720637321
0.998983145 0.043548223 0.011670869 0.034858167 -0.043407273 0.998984516 -0.012070120 -1.582587838 -0.012184649 0.011551247 0.999859035 9.129708290
0.999041200 0.041619699 0.013579914 0.044562086 -0.041438825 0.999051929 -0.013339425 -1.598061204 -0.014122223 0.012763899 0.999818742 9.559149742
0.998809636 0.046148382 0.015802307 0.034301706 -0.045900032 0.998822153 -0.015733793 -1.608470917 -0.016509783 0.014989738 0.999751329 9.912567139
0.998571813 0.050066255 0.018645972 0.043028623 -0.049776226 0.998636842 -0.015707083 -1.635048151 -0.019406950 0.014756524 0.999702752 10.279817581
0.998490691 0.050380830 0.021866102 0.052174881 -0.050070599 0.998640239 -0.014511105 -1.649581671 -0.022567453 0.013394355 0.999655604 10.598548889
0.998609900 0.046398651 0.025010198 0.065114871 -0.046044361 0.998833299 -0.014560445 -1.658947825 -0.025656607 0.013388625 0.999581158 10.937357903
0.998771846 0.041459523 0.027126972 0.084558189 -0.041067261 0.999045849 -0.014861087 -1.667319059 -0.027717225 0.013728804 0.999521554 11.202865601
0.998834074 0.037953734 0.029828075 0.098579437 -0.037561096 0.999201596 -0.013615162 -1.678494453 -0.030321008 0.012478915 0.999462247 11.468188286
0.998762190 0.037539452 0.032631267 0.106276393 -0.037144247 0.999230087 -0.012634335 -1.689809561 -0.033080433 0.011406633 0.999387562 11.689558983
0.998662174 0.038411863 0.034617506 0.112060547 -0.037960798 0.999186873 -0.013594539 -1.693792820 -0.035111550 0.012262246 0.999308169 11.799502373
0.998537481 0.039847963 0.036538411 0.119459331 -0.039320104 0.999113381 -0.015053503 -1.700675249 -0.037105858 0.013594795 0.999218881 11.976493835
0.992552161 0.115085512 0.039943706 0.120531052 -0.111860789 0.990868390 -0.075279243 -2.206082344 -0.048242498 0.070250444 0.996362150 12.043906212
0.992143571 0.118091241 0.041297585 0.128316343 -0.114734888 0.990491569 -0.075909719 -2.224979877 -0.049869176 0.070575058 0.996259093 12.206428528
0.991953075 0.119120456 0.042888474 0.126223832 -0.115570351 0.990275264 -0.077449128 -2.241840839 -0.051697172 0.071869262 0.996073425 12.336418152
0.991989255 0.118201919 0.044558603 0.135047346 -0.114430912 0.990256608 -0.079355903 -2.258318901 -0.053504474 0.073621325 0.995850027 12.481020927
0.992072761 0.117021002 0.045800764 0.146393418 -0.113065630 0.990273833 -0.081079438 -2.270741224 -0.054843292 0.075258210 0.995654821 12.628076553
0.992108703 0.116303496 0.046838589 0.155802578 -0.112200782 0.990268767 -0.082332939 -2.282844305 -0.055958405 0.076427907 0.995503604 12.762537003
0.991908729 0.117399871 0.048314922 0.158419490 -0.113080665 0.990021288 -0.084087089 -2.294634819 -0.057704613 0.077943228 0.995286524 12.895351410
0.991760433 0.118250199 0.049277466 0.163204730 -0.113742866 0.989783645 -0.085971057 -2.309067488 -0.058940127 0.079657733 0.995078266 13.018121719
0.997732878 0.044502985 0.050483476 0.169677943 -0.043101374 0.998663425 -0.028521286 -1.754972458 -0.051685285 0.026280716 0.998317480 13.160818100
0.997750998 0.043632150 0.050883967 0.181073844 -0.042108018 0.998642743 -0.030650508 -1.763486743 -0.052152254 0.028438952 0.998234093 13.284321785
0.997810423 0.042846173 0.050384060 0.184189200 -0.041232541 0.998616159 -0.032641724 -1.767338991 -0.051712908 0.030492786 0.998196363 13.408752441
0.997942984 0.042178653 0.048277739 0.192354828 -0.040581439 0.998611033 -0.033599555 -1.774902344 -0.049627870 0.031571258 0.998268545 13.532944679
0.998077393 0.042487450 0.045126196 0.192082942 -0.040977836 0.998585761 -0.033867609 -1.785357714 -0.046501338 0.031953320 0.998406827 13.656266212
0.998241842 0.043068163 0.040722117 0.196388960 -0.041624062 0.998496473 -0.035669141 -1.780853748 -0.042197090 0.033911414 0.998533547 13.789161682
0.998437703 0.043091740 0.035568282 0.189470828 -0.041803028 0.998469293 -0.036213912 -1.786510706 -0.037074376 0.034670465 0.998710930 13.825381279
0.998653769 0.043177728 0.028740777 0.187437475 -0.042104214 0.998429120 -0.036963925 -1.789191246 -0.030291656 0.035704046 0.998903275 13.947505951
0.998828530 0.043284159 0.021628350 0.181464627 -0.042457931 0.998401642 -0.037302088 -1.796812177 -0.023208382 0.036340091 0.999069989 14.074921608
0.998990059 0.042893682 0.013370315 0.180217922 -0.042361438 0.998385847 -0.037828892 -1.801535726 -0.014971357 0.037224300 0.999194741 14.200900078
0.999120295 0.041817829 0.003127702 0.168496102 -0.041665606 0.998380423 -0.038734455 -1.803699017 -0.004742427 0.038570054 0.999244690 14.334486008
0.999131560 0.040474970 -0.009892811 0.155366719 -0.040841084 0.998359025 -0.040135968 -1.804419041 0.008252077 0.040505141 0.999145269 14.475122452
0.993272364 0.112614222 -0.026981374 0.138109088 -0.114700243 0.988804877 -0.095439881 -2.450793982 0.015931427 0.097892568 0.995069444 14.493566513
0.992522895 0.113013037 -0.046110827 0.107957780 -0.116952874 0.988650918 -0.094294295 -2.463823318 0.034931026 0.098982044 0.994475961 14.664401054
0.991135120 0.114309177 -0.067709684 0.071804166 -0.120243549 0.988542318 -0.091244802 -2.480285645 0.056503765 0.098577589 0.993523836 14.846363068
0.989191830 0.114651315 -0.091403201 0.051124454 -0.122603536 0.988658786 -0.086729720 -2.496709347 0.080422923 0.096998684 0.992029965 14.988480568
0.986225605 0.115592845 -0.118310384 0.004790306 -0.125741884 0.988648832 -0.082233898 -2.508769512 0.107461773 0.095977738 0.989565730 15.208836555
0.982155263 0.116533019 -0.147617832 -0.067534685 -0.128778547 0.988735318 -0.076279655 -2.527015448 0.137065873 0.093928479 0.986098588 15.430546761
0.952017605 0.245778680 -0.182360336 -0.140381336 -0.271116614 0.953731716 -0.129967079 -3.587633371 0.141979724 0.173171878 0.974604070 15.404008865
0.944600403 0.246496305 -0.216725022 -0.239740610 -0.275704503 0.954165637 -0.116425306 -3.604813099 0.178093210 0.169727460 0.969265401 15.661682129
0.934867799 0.247922301 -0.254080117 -0.339690208 -0.280421048 0.954622328 -0.100300848 -3.627672195 0.217683747 0.165017456 0.961968243 15.924397469
0.908188522 0.289744586 -0.302062184 -0.582814693 -0.355914354 0.914367437 -0.193020999 -5.567168236 0.220269069 0.282807738 0.933542371 15.620983124
0.893191755 0.292930245 -0.341174871 -0.708650112 -0.366203010 0.914154768 -0.173828408 -5.601983070 0.260967016 0.280201375 0.923787534 15.883380890
0.876126111 0.295140356 -0.381175965 -0.850415707 -0.374162078 0.914884806 -0.151619613 -5.647727013 0.303983063 0.275459498 0.911984980 16.155441284
0.822303355 0.378883392 -0.424575806 -1.249865532 -0.523280442 0.796637118 -0.302567154 -8.367504120 0.223595113 0.470974207 0.853339612 15.572428703
0.799884915 0.383315563 -0.461793751 -1.418669701 -0.539063454 0.797109783 -0.272078276 -8.439454079 0.263808489 0.466567397 0.844227433 15.819890022
0.774427235 0.388343096 -0.499451935 -1.623147488 -0.554982960 0.796001911 -0.241608948 -8.505522728 0.303737521 0.464295805 0.831969321 16.071603775
0.729198754 0.430054098 -0.532280564 -1.883990288 -0.643853784 0.694644570 -0.320813268 -10.573383331 0.231778681 0.576647520 0.783425987 15.573070526
0.698917329 0.432637006 -0.569508433 -2.139796734 -0.662100077 0.692497015 -0.286480933 -10.653940201 0.270440608 0.577298045 0.770447135 15.857635498
0.666077673 0.434949189 -0.605937004 -2.379940510 -0.678193986 0.691315114 -0.249271452 -10.721327782 0.310473055 0.576976895 0.755449593 16.119949341
0.639310956 0.414377689 -0.647744179 -2.597990990 -0.718341112 0.622391105 -0.310829967 -11.770183563 0.274349242 0.664018273 0.695565999 16.093341827
0.602482915 0.415788263 -0.681274116 -2.911458015 -0.734497607 0.622832835 -0.269429862 -11.864748001 0.312294185 0.662721097 0.680641592 16.366733551
0.564522326 0.415741533 -0.713073254 -3.228496552 -0.748159111 0.622647226 -0.229278147 -11.932205200 0.348672658 0.662924707 0.662539124 16.622388840
0.536805451 0.362147987 -0.762029350 -3.706583023 -0.778611183 0.560519099 -0.282104433 -13.611096382 0.324968487 0.744759798 0.582862198 15.953340530
0.495139599 0.362150282 -0.789736569 -4.090879440 -0.791192114 0.563507140 -0.237643987 -13.703083038 0.358959436 0.742500246 0.565545201 16.200939178
0.490919679 0.227652907 -0.840935230 -4.452465057 -0.812531173 0.467883348 -0.347675502 -14.993653297 0.314310223 0.853966951 0.414668202 15.522418022
0.441842854 0.227389455 -0.867795467 -4.892611504 -0.831860363 0.465982407 -0.301444352 -15.118329048 0.335832149 0.855075657 0.395047307 15.700000763
0.402330905 0.168361664 -0.899880111 -5.256217957 -0.862502038 0.399274707 -0.310917765 -14.607763290 0.306952715 0.901240230 0.305852890 16.585931778
0.348510325 0.167164966 -0.922277808 -5.722267151 -0.878457129 0.401411831 -0.259194553 -14.725502014 0.326884985 0.900513470 0.286743462 16.728919983
0.300569922 0.150945127 -0.941739500 -6.297321796 -0.897477329 0.378934264 -0.225706160 -14.731777191 0.322788149 0.913030267 0.249366134 16.946514130
0.249160588 0.156695485 -0.955701470 -6.841641426 -0.908930600 0.378485709 -0.174910918 -14.785222054 0.334311664 0.912247300 0.236729056 17.062799454
0.201217338 0.148217663 -0.968268096 -7.469694138 -0.923418999 0.358500868 -0.137019679 -14.790861130 0.326816291 0.921687841 0.209003687 17.239631653
0.161654666 0.126068607 -0.978761673 -8.092159271 -0.939522147 0.323115140 -0.113555171 -14.730124474 0.301937044 0.937924981 0.170677304 17.427038193
0.109444432 0.150754184 -0.982494295 -8.731386185 -0.930975735 0.361888319 -0.048177294 -14.850872040 0.348290324 0.919951022 0.179955155 17.444839478
0.069039330 0.149162993 -0.986399472 -9.400882721 -0.932913005 0.359937817 -0.010866087 -14.840444565 0.353421718 0.920975089 0.164005965 17.540279388
0.041115247 0.121620186 -0.991724789 -10.094168663 -0.948315740 0.317328036 -0.000400044 -14.745709419 0.314653426 0.940484703 0.128381297 17.679723740
0.004578218 0.144769013 -0.989454865 -10.795906067 -0.934586644 0.352581859 0.047262546 -14.749543190 0.355706036 0.924514949 0.136913359 17.731620789
-0.008733148 0.125826478 -0.992013812 -11.542409897 -0.948933601 0.311817229 0.047904622 -14.657605171 0.315354735 0.941773653 0.116677813 17.836194992
-0.021361286 0.131648123 -0.991066337 -12.318830490 -0.948015869 0.312145263 0.061897155 -14.606316566 0.317505181 0.940868855 0.118136674 17.919145584
-0.028505228 0.134041920 -0.990565658 -13.108081818 -0.947743833 0.311389983 0.069409803 -14.542211533 0.317755997 0.940781116 0.118161157 17.999370575
-0.025072407 0.112052664 -0.993385911 -13.892553329 -0.959882140 0.274909586 0.055236235 -14.541283607 0.279280603 0.954918265 0.100664705 18.027301788
-0.022753146 0.108095884 -0.993880093 -14.730553627 -0.958108068 0.281543881 0.052555345 -14.485109329 0.285501808 0.953440309 0.097161531 18.103055954
-0.026901238 0.126041129 -0.991660178 -15.635936737 -0.941046536 0.331442654 0.067654930 -14.400265694 0.337205797 0.935018420 0.109694295 18.271526337
-0.020544710 0.126072466 -0.991808295 -16.538188934 -0.941505313 0.331316859 0.061617654 -14.346707344 0.336371094 0.935058653 0.111891083 18.374931335
-0.015825106 0.124758892 -0.992061019 -17.433483124 -0.942216933 0.330195189 0.056554470 -14.291803360 0.334629357 0.935631514 0.112324610 18.457847595
-0.011986325 0.118324995 -0.992902577 -18.344310760 -0.941192389 0.333975315 0.051162176 -14.239481926 0.337658733 0.935125411 0.107363462 18.555397034
-0.002682966 0.088035375 -0.996113718 -19.271032333 -0.955094099 0.294915676 0.028636791 -14.349664688 0.296290576 0.951459289 0.083290838 18.522041321
-0.001442321 0.079822421 -0.996807992 -20.239088058 -0.957501411 0.287394911 0.024399465 -14.293343544 0.288425177 0.954480290 0.076015562 18.589391708
-0.003995634 0.076999769 -0.997023046 -21.223251343 -0.958946645 0.282423794 0.025654549 -14.265457153 0.283558458 0.956194401 0.072710238 18.666656494
-0.007215384 0.083201841 -0.996506572 -22.276042938 -0.961564302 0.272962898 0.029753022 -14.203037262 0.274484843 0.958419919 0.078034393 18.730602264
-0.013020449 0.091812097 -0.995691240 -23.312889099 -0.962598681 0.268346906 0.037331786 -14.170808792 0.270618290 0.958937168 0.084884189 18.797004700
-0.017258404 0.100834072 -0.994753599 -24.393112183 -0.963025331 0.265850335 0.043656096 -14.107120514 0.268857569 0.958726287 0.092517614 18.889123917
-0.016496930 0.104261093 -0.994413137 -25.412368774 -0.968176484 0.246730879 0.041930653 -14.263613701 0.249724224 0.963459134 0.096872896 18.842498779
-0.017227141 0.111816846 -0.993579507 -26.511516571 -0.967887878 0.247389957 0.044622812 -14.219898224 0.250791192 0.962442338 0.103964381 18.937744141
-0.018639971 0.112536564 -0.993472695 -27.616016388 -0.967532337 0.248470411 0.046298988 -14.158566475 0.252059042 0.962080002 0.104251243 19.037475586
-0.020519083 0.109724812 -0.993750215 -28.710769653 -0.967787206 0.247288883 0.047287360 -14.110890388 0.250932008 0.962709010 0.101116091 19.138416290
-0.026394151 0.111922882 -0.993366301 -29.884496689 -0.962629199 0.265086591 0.055444818 -13.824493408 0.269533545 0.957706869 0.100743510 19.389341354
-0.030748386 0.106561631 -0.993830621 -31.008449554 -0.962552667 0.264779776 0.058171190 -13.756735802 0.269345045 0.958402991 0.094429627 19.491231918
-0.036567830 0.102274410 -0.994083881 -32.113025665 -0.962092221 0.265419483 0.062698163 -13.681056976 0.270261645 0.958693087 0.088691540 19.573451996
-0.042565566 0.100018710 -0.994074702 -33.258094788 -0.962209582 0.263750553 0.067738347 -13.585608482 0.268962890 0.959391356 0.085012272 19.665441513
-0.048868589 0.102136604 -0.993569314 -34.409915924 -0.961915851 0.263039470 0.074351564 -13.494371414 0.268941998 0.959363461 0.085392416 19.753526688
-0.058943704 0.111274593 -0.992040098 -35.677829742 -0.966172576 0.243580937 0.084728599 -14.792242050 0.251070142 0.963476181 0.093152925 18.917436600
-0.065038361 0.114422806 -0.991300762 -36.831558228 -0.966404200 0.240323454 0.091144726 -14.685338974 0.248661876 0.963925242 0.094948456 19.008722305
-0.070278428 0.116442800 -0.990707815 -38.019481659 -0.966783702 0.236718372 0.096403994 -14.565711975 0.245744303 0.964575291 0.095938772 19.110780716
-0.072540767 0.117787972 -0.990385711 -39.190788269 -0.967694879 0.232095018 0.098482162 -14.436091423 0.241463631 0.965535045 0.097146429 19.202159882
-0.075294845 0.118654147 -0.990076721 -40.367355347 -0.968524337 0.227540493 0.100925028 -14.320451736 0.237257779 0.966512561 0.097786769 19.313583374
-0.076619290 0.118137173 -0.990036964 -41.554695129 -0.968663514 0.226471111 0.101989090 -14.193951607 0.236263469 0.966827035 0.097083122 19.412944794
-0.077525295 0.117697977 -0.990018666 -42.721401215 -0.968670189 0.226105615 0.102734029 -14.076946259 0.235940352 0.966966093 0.096481614 19.500749588
-0.079480395 0.116763078 -0.989974380 -43.903625488 -0.968789697 0.224872187 0.104302227 -13.944585800 0.234796330 0.967366993 0.095245920 19.603242874
-0.079845525 0.115276664 -0.990119100 -45.080425262 -0.969514728 0.221860692 0.104014523 -13.795049667 0.231658995 0.968240201 0.094047844 19.711288452
-0.081698917 0.113553546 -0.990167081 -46.284442902 -0.970056832 0.218937740 0.105147667 -13.681032181 0.228724837 0.969108820 0.092266418 19.789480209
-0.081741899 0.108755901 -0.990701973 -47.462066650 -0.971244276 0.214331940 0.103665069 -13.540576935 0.223613217 0.970687449 0.088108614 19.867343903
-0.080819279 0.107752532 -0.990887284 -48.669654846 -0.971712172 0.212815166 0.102397561 -13.413476944 0.221909463 0.971132874 0.087504879 19.975444794
-0.079981536 0.112172462 -0.990464807 -49.928726196 -0.971938610 0.211745068 0.102466173 -13.286478043 0.221219897 0.970866323 0.092089079 20.063095093
-0.078364477 0.115307800 -0.990233898 -51.110401154 -0.972179770 0.211094856 0.101516642 -13.172351837 0.220738903 0.970640540 0.095557563 20.161460876
-0.075725362 0.114808053 -0.990497291 -52.352672577 -0.972065926 0.212814331 0.098983467 -13.023224831 0.222156107 0.970324278 0.095485590 20.266477585
-0.074126609 0.113020092 -0.990823686 -53.531150818 -0.971776485 0.214939117 0.097219050 -13.053956032 0.223954529 0.970065773 0.093897559 20.385162354
-0.069820851 0.113317482 -0.991102576 -54.755413055 -0.973153770 0.210686117 0.092645153 -12.927895546 0.219309881 0.970963717 0.095565058 20.489418030
-0.063705944 0.114787385 -0.991345227 -55.932991028 -0.974527299 0.206882805 0.086580053 -12.791952133 0.215030566 0.971608639 0.098683774 20.568456650
-0.059172604 0.113754727 -0.991745114 -57.226940155 -0.975832343 0.202761412 0.081480213 -12.691666603 0.210356414 0.972598433 0.099007614 20.693931580
-0.052812431 0.113071196 -0.992182374 -58.451667786 -0.976574540 0.201697588 0.074967548 -12.571024895 0.208597451 0.972899199 0.099770322 20.798219681
-0.047730394 0.112137765 -0.992545784 -59.707828522 -0.976772010 0.202574044 0.069858663 -12.496030807 0.208897784 0.972825229 0.099864103 20.909244537
-0.041572984 0.112498291 -0.992781878 -60.925949097 -0.976787269 0.204406977 0.064065836 -12.405796051 0.210138842 0.972400188 0.101389080 20.996856689
-0.034744240 0.112921670 -0.992996216 -62.095478058 -0.976821482 0.206154093 0.057621758 -12.304270744 0.211217061 0.971982002 0.103141658 21.079780579
-0.028485276 0.114298478 -0.993037939 -63.343605042 -0.976994634 0.206868410 0.051835570 -12.229825974 0.211352885 0.971669316 0.105776303 21.194934845
-0.022429410 0.115948036 -0.993001997 -64.576560974 -0.977087796 0.207733735 0.046326015 -12.165225029 0.211651444 0.971289158 0.108632058 21.290969849
-0.016854485 0.114718735 -0.993255019 -65.834007263 -0.977295816 0.207952887 0.040601775 -12.105978012 0.211208075 0.971388280 0.108609200 21.417158127
-0.012120150 0.110813573 -0.993767262 -67.104461670 -0.977300584 0.208910212 0.035214595 -12.058904648 0.211510390 0.971636176 0.105766140 21.521862030
-0.007272552 0.105944596 -0.994345486 -68.361251831 -0.977432907 0.209184945 0.029436901 -12.011310577 0.211120769 0.972120047 0.102032438 21.624595642
-0.004044726 0.105220713 -0.994440675 -69.642333984 -0.977349997 0.210002363 0.026195332 -11.980749130 0.211591199 0.972022355 0.101988040 21.746212006
0.000052672 0.107902713 -0.994161546 -70.937843323 -0.977245390 0.210878477 0.022836216 -11.936885834 0.212111309 0.971538544 0.105458543 21.851081848
0.001540824 0.107265577 -0.994229198 -72.211776733 -0.977343380 0.210594937 0.021206049 -11.912216187 0.211654350 0.971670628 0.105159789 21.973432541
0.002335143 0.105836019 -0.994380832 -73.489181519 -0.977881551 0.208214074 0.019864677 -11.869835854 0.209146485 0.972340286 0.103981294 22.115978241
0.004384112 0.104579434 -0.994506896 -74.883430481 -0.978022933 0.207758665 0.017535845 -11.761139870 0.208451301 0.972573638 0.103191920 22.301815033
0.005996792 0.103700034 -0.994590580 -76.174484253 -0.978370309 0.206271589 0.015607717 -11.714815140 0.206774250 0.972984254 0.102694012 22.415761948
0.007408564 0.101835191 -0.994773626 -77.515823364 -0.978225410 0.207078427 0.013913346 -11.657927513 0.207413033 0.973009825 0.101151928 22.530979156
0.008811753 0.100231089 -0.994925141 -78.799285889 -0.977844715 0.208964542 0.012391098 -11.628972054 0.209146038 0.972773075 0.099851765 22.648305893
0.010292191 0.099847890 -0.994949460 -80.151626587 -0.977260768 0.211748108 0.011140713 -11.562765121 0.211791053 0.972210467 0.099756792 22.751724243
0.010934343 0.099269025 -0.995000482 -81.466880798 -0.976895928 0.213454634 0.010560517 -11.538720131 0.213435814 0.971896529 0.099309482 22.881427765
0.018474517 0.337220162 -0.941244543 -77.551437378 -0.999639988 -0.012089465 -0.023951977 -10.198637009 -0.019456204 0.941348195 0.336875439 8.874317169
0.017956974 0.340627044 -0.940027058 -78.803153992 -0.999608278 -0.014068852 -0.024193095 -10.219786644 -0.021465899 0.940093279 0.340240985 9.306631088
0.014229764 0.377068460 -0.926076055 -78.682235718 -0.998327851 -0.046537865 -0.034288686 -9.796115875 -0.056026783 0.925015450 0.375775725 6.619596481
0.014795611 0.375636786 -0.926648855 -79.893692017 -0.998271763 -0.047164012 -0.035058118 -9.826091766 -0.056873567 0.925566196 0.374289721 7.084442139
0.014017799 0.371817678 -0.928199947 -81.512008667 -0.998275638 -0.047715575 -0.034189954 -9.888328552 -0.057001997 0.927078605 0.370507687 7.711475372
0.015248376 0.371057481 -0.928484738 -82.733085632 -0.998398304 -0.044948202 -0.034359545 -9.921392441 -0.054483090 0.927521408 0.369777769 8.183988571
0.016281735 0.372047365 -0.928070962 -84.259002686 -0.998507917 -0.042335480 -0.034488998 -9.958934784 -0.052121840 0.927247822 0.370802969 8.756568909
0.017204212 0.375155151 -0.926802337 -85.464897156 -0.998525679 -0.041282095 -0.035245951 -9.992215157 -0.051483039 0.926042378 0.373891830 9.199090958
0.017696187 0.376553148 -0.926225960 -87.000473022 -0.998514414 -0.041091669 -0.035782948 -10.036897659 -0.051534351 0.925483227 0.375266612 9.804876328
0.017039206 0.376857102 -0.926114619 -88.214340210 -0.998451650 -0.042640451 -0.035721477 -10.073019028 -0.052951850 0.925289392 0.375547081 10.270221710
0.018473966 0.374072254 -0.927215457 -89.725219727 -0.998485029 -0.041171465 -0.036504004 -10.110923767 -0.051829960 0.926485240 0.372744918 10.861307144
0.019334033 0.372580558 -0.927798390 -90.909469604 -0.998513162 -0.040110119 -0.036914844 -10.148458481 -0.050967842 0.927132607 0.371251136 11.317358017
0.020029454 0.373999119 -0.927212656 -92.420425415 -0.998582184 -0.038263917 -0.037005249 -10.197975159 -0.049318749 0.926639378 0.372702450 11.876880646
0.020991944 0.376083016 -0.926348090 -93.625465393 -0.998650014 -0.036146022 -0.037305109 -10.243849754 -0.047513645 0.925880671 0.374816537 12.348245621
0.021573046 0.378939033 -0.925170124 -95.108947754 -0.998685420 -0.034869868 -0.037569579 -10.290389061 -0.046497170 0.924764454 0.377688646 12.911270142
0.022571290 0.378156364 -0.925466478 -96.420738220 -0.998710811 -0.033571646 -0.038075414 -10.351481438 -0.045467891 0.925132811 0.376911134 13.473890305
0.022788201 0.380363673 -0.924556196 -97.749519348 -0.998582244 -0.035839237 -0.039357085 -10.363186836 -0.048105400 0.924142301 0.379007697 13.980787277
0.022016967 0.381175190 -0.924240649 -99.094001770 -0.998475254 -0.038424101 -0.039632224 -10.405874252 -0.050619937 0.923703969 0.379748017 14.457195282
0.021702012 0.376818061 -0.926033080 -100.460235596 -0.998412132 -0.039990366 -0.039670993 -10.446496010 -0.051981147 0.925423563 0.375351906 14.992668152
0.022033285 0.376031071 -0.926345050 -101.853004456 -0.998263359 -0.042357557 -0.040938068 -10.475187302 -0.054631691 0.925638378 0.374444753 15.523830414
0.022034720 0.374239892 -0.927070081 -103.048065186 -0.998251081 -0.042644568 -0.040941335 -10.529870987 -0.054856393 0.926350892 0.372645736 15.991746902
0.022282826 0.374263138 -0.927054644 -104.409408569 -0.998353243 -0.040697411 -0.040426604 -10.586099625 -0.052858915 0.926429093 0.372739971 16.518648148
0.022164635 0.376582891 -0.926117778 -105.667137146 -0.998343766 -0.040853366 -0.040505216 -10.643789291 -0.053088591 0.925481796 0.375053644 17.010328293
0.022956317 0.378155351 -0.925457478 -107.021194458 -0.998424649 -0.038734753 -0.040593874 -10.691150665 -0.051198155 0.924931467 0.376670420 17.532329559
0.021003561 0.377286971 -0.925858200 -108.285247803 -0.998243570 -0.043395642 -0.040329382 -10.742227554 -0.055393960 0.925079048 0.375712872 18.037454605
0.019973207 0.379009545 -0.925177217 -109.645896912 -0.998075604 -0.046775386 -0.040709056 -10.773350716 -0.058704641 0.924209774 0.377345920 18.555812836
0.019047964 0.378442675 -0.925428748 -111.036285400 -0.997914195 -0.049904734 -0.040947847 -10.806745529 -0.061679676 0.924278617 0.376702666 19.065282822
0.019348968 0.374550998 -0.927004397 -112.410980225 -0.997800052 -0.051568829 -0.041662745 -10.840923309 -0.063409366 0.925771177 0.372729182 19.613414764
0.017154936 0.371542424 -0.928257465 -113.652496338 -0.997876167 -0.051985987 -0.039249353 -10.911148071 -0.062839173 0.926959336 0.369861543 20.088687897
0.017799279 0.370558947 -0.928638458 -115.018035889 -0.998065889 -0.048744004 -0.038580559 -10.967611313 -0.059561919 0.927528977 0.368974715 20.615791321
0.019506536 0.368960619 -0.929240286 -116.390213013 -0.998327136 -0.043407504 -0.038192019 -11.007093430 -0.054427344 0.928430855 0.367496669 21.158121109
0.017148206 0.370655566 -0.928612113 -117.724578857 -0.998421252 -0.043337703 -0.035735577 -11.204887390 -0.053489506 0.927758753 0.369327158 21.678371429
0.016879270 0.374133736 -0.927221179 -119.125869751 -0.998479605 -0.042362776 -0.035269849 -11.252700806 -0.052475303 0.926406622 0.372849852 22.216739655
0.016741851 0.373856544 -0.927335501 -120.526496887 -0.998577237 -0.040710166 -0.034440391 -11.310461998 -0.050627746 0.926592648 0.372643113 22.773012161
0.017097836 0.370302945 -0.928753674 -121.907508850 -0.998566449 -0.040799484 -0.034650188 -11.309007645 -0.050723739 0.928014636 0.369074494 23.289733887
0.016030788 0.366989106 -0.930087090 -123.311943054 -0.998584569 -0.041303918 -0.033508886 -11.352966309 -0.050713636 0.929307818 0.365807474 23.823270798
0.015659900 0.365402877 -0.930717707 -124.736602783 -0.998634875 -0.040673736 -0.032771293 -11.394997597 -0.049830493 0.929960370 0.364267141 24.373033524
0.050152756 0.419864148 -0.906200349 -115.449203491 -0.997935116 0.057522126 -0.028578365 -7.582662106 0.040127542 0.905762315 0.421882063 0.340274811
0.048278503 0.424362540 -0.904204369 -116.862487793 -0.998207211 0.052561492 -0.028629383 -7.594793320 0.035377096 0.903965533 0.426139355 0.985420227
0.071223274 0.475406051 -0.876878798 -118.994033813 -0.996713281 0.067940019 -0.044122517 -5.997798920 0.038599044 0.877139390 0.478682309 -2.709499359
0.068072401 0.475895047 -0.876863718 -120.362541199 -0.997172177 0.060505677 -0.044574246 -6.042269707 0.031842578 0.877418339 0.478668034 -1.992206573
0.067837536 0.474257737 -0.877768576 -121.745903015 -0.997286379 0.057453148 -0.046032470 -6.074435711 0.028599305 0.878509462 0.476868242 -1.267951965
0.065884963 0.475301236 -0.877352774 -123.936500549 -0.997438073 0.055924535 -0.044605963 -6.171104908 0.027864292 0.878043890 0.477768123 -0.329883575
0.064884134 0.474535555 -0.877841711 -125.550231934 -0.997500002 0.055522081 -0.043714862 -6.282402992 0.027995344 0.878483534 0.476951718 0.587768555
0.065832272 0.473789692 -0.878173888 -126.920349121 -0.997377157 0.057776462 -0.043596961 -6.333888054 0.030081989 0.878740668 0.476350576 1.293842316
0.065443955 0.474537849 -0.877798975 -128.788391113 -0.997389615 0.058007158 -0.043001357 -6.384420395 0.030512838 0.878321886 0.477095217 2.187381744
0.065231062 0.478937030 -0.875422299 -130.444396973 -0.997392714 0.058429360 -0.042353276 -6.440312862 0.030865813 0.875902593 0.481499702 3.061737061
0.065667421 0.482473016 -0.873445809 -131.809616089 -0.997337341 0.059560183 -0.042082034 -6.480821609 0.031719152 0.873883486 0.485099524 3.782409668
0.064709708 0.481375784 -0.874122441 -133.681457520 -0.997401953 0.058989100 -0.041350782 -6.580622673 0.031658448 0.874527097 0.483942211 4.772586823
0.065553665 0.480109721 -0.874755561 -135.285873413 -0.997351587 0.059201945 -0.042247936 -6.648824692 0.031503584 0.875208437 0.482719064 5.621635437
0.067195043 0.479674846 -0.874869645 -136.630691528 -0.997232556 0.060243532 -0.043562822 -6.710931778 0.031809233 0.875375867 0.482395470 6.327732086
0.067552328 0.479046643 -0.875186384 -138.493865967 -0.997222602 0.059994735 -0.044132821 -6.801863670 0.031364892 0.875736833 0.481768966 7.315849304
0.068831988 0.481106400 -0.873955727 -139.858169556 -0.997165799 0.059850756 -0.045588486 -6.857335091 0.030374007 0.874616742 0.483862430 8.034599304
0.068805642 0.483938456 -0.872392833 -141.711639404 -0.997185051 0.059479095 -0.045653433 -6.946721554 0.029795684 0.873078346 0.486668795 9.025154114
0.069829367 0.484969944 -0.871738493 -143.053466797 -0.997174501 0.058194131 -0.047502387 -6.999130726 0.027692836 0.872592509 0.487663358 9.739929199
0.069939308 0.482735485 -0.872969031 -144.411743164 -0.997253597 0.055212114 -0.049365297 -7.058841228 0.024368089 0.874024153 0.485271126 10.472267151
0.071093120 0.480558336 -0.874076366 -146.429443359 -0.997115254 0.057596728 -0.049434416 -7.091950417 0.026587820 0.875069380 0.483266652 11.495250702
0.069056526 0.476291239 -0.876571655 -148.097366333 -0.997224450 0.057469741 -0.047334995 -7.325314522 0.027831096 0.877407491 0.478937924 12.507728577
0.077847891 0.469973981 -0.879240632 -147.933502197 -0.995441377 0.085384145 -0.042496540 -6.430194855 0.055100944 0.878540814 0.474478602 7.394466400
0.078735188 0.470182806 -0.879049957 -149.513122559 -0.995200396 0.088473156 -0.041816443 -6.498018742 0.058110956 0.878123343 0.474892050 8.201988220
0.045613922 0.343881041 -0.937904656 -150.074264526 -0.998650432 0.039037518 -0.034255181 -5.618788719 0.024833767 0.938201427 0.345197678 8.681724548
0.046044543 0.344216526 -0.937760532 -151.807357788 -0.998603642 0.040200636 -0.034275826 -5.685249329 0.025900269 0.938029289 0.345586866 9.281250000
0.090408929 0.392244101 -0.915407479 -152.298370361 -0.993356228 0.101231635 -0.054730576 -3.962851524 0.071200438 0.914273858 0.398790330 4.338916779
0.090752780 0.392683655 -0.915185034 -153.957199097 -0.993153036 0.103565723 -0.054046825 -4.079963207 0.073558480 0.913823664 0.399393857 5.053760529
0.092912443 0.412846357 -0.906049192 -152.924316406 -0.991132915 0.125162750 -0.044606410 -4.569536209 0.094988011 0.902159631 0.420814842 2.419357300
0.092330761 0.413058817 -0.906011701 -154.572525024 -0.991249442 0.124335490 -0.044331584 -4.651346207 0.094337873 0.902176797 0.420924336 3.153255463
0.091066808 0.416276634 -0.904666007 -155.858901978 -0.991329432 0.124305315 -0.042592309 -4.731698990 0.094724610 0.900700808 0.423987359 3.725975037
0.089633614 0.422844410 -0.901758432 -157.523071289 -0.991870165 0.120013684 -0.042314850 -4.803419590 0.090330772 0.898220062 0.430163950 4.467838287
0.089051761 0.423226684 -0.901636839 -158.857666016 -0.992375255 0.115145348 -0.043964684 -4.838485241 0.085212253 0.898677230 0.430253595 5.071262360
0.088758171 0.420335680 -0.903017104 -160.468643188 -0.992792010 0.110635765 -0.046083562 -4.893564701 0.080535419 0.900598526 0.427125722 5.799823761
0.089428313 0.415437669 -0.905214965 -161.845809937 -0.992827356 0.109590523 -0.047788478 -4.968709469 0.079349853 0.902995765 0.422258377 6.384738922
0.089388937 0.414097607 -0.905832648 -163.331237793 -0.993021190 0.107302628 -0.048939884 -5.037090778 0.076932333 0.903885663 0.420799404 7.050525665
0.092126213 0.410779655 -0.907068193 -164.929214478 -0.992420614 0.112280034 -0.049947262 -5.131490707 0.081328340 0.904794574 0.418010086 7.753368378
0.093986005 0.405989915 -0.909031808 -166.259948730 -0.992020428 0.115262724 -0.051087920 -5.171099186 0.084036313 0.906579673 0.413583338 8.342212677
0.096010022 0.402467489 -0.910385787 -167.729141235 -0.991331995 0.121067852 -0.051024470 -5.252329350 0.089682750 0.907393277 0.410602629 8.978122711
0.095819503 0.404734701 -0.909400046 -169.343322754 -0.991108418 0.123525888 -0.049452700 -5.346004963 0.092319220 0.906052589 0.412972122 9.687839508
0.096339352 0.411210388 -0.906435192 -170.710937500 -0.991124570 0.123440549 -0.049340818 -5.414358616 0.091601409 0.903143585 0.419452935 10.269927979
0.097291045 0.414087653 -0.905022562 -172.170135498 -0.991221905 0.122105785 -0.050688799 -5.473900318 0.089518882 0.902009726 0.422332585 10.917247772
0.098539621 0.411164284 -0.906219542 -173.654006958 -0.991258979 0.120832831 -0.052963041 -5.549731731 0.087724559 0.903517187 0.419477105 11.576652527
0.098414369 0.411425054 -0.906114817 -175.129516602 -0.991474628 0.118673958 -0.053801034 -5.623419762 0.085397139 0.903684616 0.419596732 12.232791901
0.099982485 0.412162781 -0.905607820 -176.588562012 -0.991236329 0.120235898 -0.054714117 -5.689525604 0.086335436 0.903141916 0.420572311 12.879898071
0.100510716 0.410326958 -0.906382501 -178.073059082 -0.991156101 0.120628797 -0.055301774 -5.785617828 0.086644024 0.903925061 0.418822527 13.524314880
0.101962239 0.409028739 -0.906807125 -179.443832397 -0.991120577 0.119973831 -0.057326559 -5.841489315 0.085344926 0.904600322 0.417629540 14.133132935
0.103490978 0.410851985 -0.905809164 -180.912536621 -0.991079748 0.119478367 -0.059040997 -5.938612461 0.083967485 0.903839350 0.419551969 14.762329102
0.104511760 0.412739247 -0.904833496 -182.290832520 -0.991031408 0.119398624 -0.060004365 -6.016641617 0.083269708 0.902989566 0.421516210 15.360683441
0.104824997 0.414102554 -0.904174089 -183.613983154 -0.991103113 0.118478961 -0.060640916 -6.101587296 0.082014047 0.902486444 0.422837913 15.936965942
0.104674123 0.415470958 -0.903563678 -184.919006348 -0.991094887 0.118770622 -0.060201921 -6.194145203 0.082304649 0.901818931 0.424203485 16.497577667
0.105090320 0.415243000 -0.903620064 -186.180419922 -0.991080940 0.118603967 -0.060759548 -6.252969265 0.081942961 0.901945889 0.424003452 17.101047516
0.105378665 0.414035976 -0.904140234 -187.429275513 -0.991086125 0.118250325 -0.061361548 -6.320846558 0.081508994 0.902547061 0.422806352 17.656757355
0.106564835 0.414567024 -0.903757870 -188.609130859 -0.991076469 0.117482208 -0.062970050 -6.397418976 0.080070160 0.902403474 0.423387140 18.159835815
0.107096121 0.415619195 -0.903211594 -189.753662109 -0.991118193 0.116659097 -0.063837923 -6.486618996 0.078835577 0.902026296 0.424421489 18.660709381
0.108049236 0.413204163 -0.904205501 -190.868850708 -0.990923285 0.117933996 -0.064518183 -6.518862247 0.079977393 0.902969480 0.422196299 19.175090790
0.105858371 0.410317510 -0.905777872 -191.987396240 -0.990851462 0.120207503 -0.061346926 -6.596806526 0.083709583 0.903985500 0.419288725 19.659873962
0.101585642 0.407170504 -0.907685280 -193.132003784 -0.991143882 0.119859688 -0.057159327 -6.661718369 0.085521266 0.905453384 0.415740639 20.153667450
0.096402757 0.404404551 -0.909485281 -194.258758545 -0.991590679 0.118280314 -0.052512091 -6.723824978 0.086338073 0.906899393 0.412406415 20.638118744
0.091889687 0.403882682 -0.910184085 -195.394363403 -0.992099881 0.115529627 -0.048894875 -6.772686958 0.085405439 0.907486498 0.411307871 21.138603210
0.088835597 0.405020833 -0.909981549 -196.528778076 -0.992466390 0.113381706 -0.046423361 -6.806475163 0.084372841 0.907250106 0.412041813 21.618259430
0.086927287 0.406460762 -0.909523666 -197.643524170 -0.992429852 0.114839442 -0.043529939 -6.877973557 0.086755976 0.906422377 0.413366497 22.095710754
0.086906761 0.407294899 -0.909152329 -198.776397705 -0.992161334 0.117644556 -0.042137600 -6.921473980 0.089794397 0.905687928 0.414326370 22.594760895
0.087459862 0.408937365 -0.908361673 -199.822128296 -0.991879344 0.120270565 -0.041356333 -6.932691574 0.092337035 0.904602230 0.416135460 22.984069824
0.086542629 0.407863140 -0.908932328 -200.929702759 -0.992004275 0.119402282 -0.040873080 -6.968795300 0.091857970 0.905201972 0.414935440 23.465507507
0.085255422 0.407318741 -0.909298062 -202.025024414 -0.992236197 0.117646180 -0.040332247 -7.012837887 0.090547338 0.905677140 0.414186388 23.933483124
0.083993740 0.406377554 -0.909836411 -203.128631592 -0.992665350 0.113797449 -0.040812772 -7.045321941 0.086951666 0.906591177 0.412955165 24.427955627
0.084305584 0.406384408 -0.909804523 -204.231369019 -0.992853105 0.111660317 -0.042125583 -7.080234528 0.084469870 0.906853616 0.412893713 24.870204926
0.085187726 0.402895123 -0.911273003 -205.325607300 -0.992833555 0.111259796 -0.043621596 -7.116209030 0.083813123 0.908458471 0.409485817 25.364383698
0.190497592 0.558822989 -0.807110488 -202.292129517 -0.980275691 0.152364239 -0.125875548 -2.376556396 0.052632641 0.815169811 0.576825619 9.467247009
0.191267759 0.558591306 -0.807088792 -203.310363770 -0.980150402 0.152401701 -0.126802504 -2.520036697 0.052170925 0.815321624 0.576653123 10.169204712
0.193206593 0.560594559 -0.805235982 -204.564224243 -0.979672730 0.155364215 -0.126898110 -2.716648102 0.053966470 0.813385308 0.579216659 11.021636963
0.193314746 0.561817944 -0.804356933 -205.589141846 -0.979594707 0.156467378 -0.126142904 -2.882905960 0.054986261 0.812329054 0.580601394 11.725692749
0.218876079 0.655573905 -0.722714424 -199.549041748 -0.975530386 0.162829891 -0.147739187 -0.137041092 0.020825554 0.737366438 0.675171852 -2.742561340
0.219963893 0.652900815 -0.724800885 -200.941558838 -0.975262046 0.163868129 -0.148361832 -0.409749985 0.021906216 0.739505053 0.672794402 -1.478370667
0.217739373 0.654122889 -0.724370599 -201.863708496 -0.975845397 0.159414530 -0.149375513 -0.571678162 0.017765228 0.739398479 0.673033595 -0.639328003
0.218038023 0.657424212 -0.721285522 -203.769958496 -0.975811660 0.158853605 -0.150189981 -0.950624466 0.015840288 0.736586034 0.676158369 1.090484619
0.222074017 0.656157553 -0.721207559 -205.191558838 -0.974878669 0.162444830 -0.152391404 -1.226146698 0.017163660 0.736932099 0.675748825 2.358726501
0.225568548 0.655676425 -0.720560372 -206.606353760 -0.974080920 0.164609790 -0.155144885 -1.504182816 0.016886454 0.736879945 0.675812662 3.694442749
0.226506412 0.658662796 -0.717536151 -208.098587036 -0.973881721 0.165090710 -0.155882537 -1.822103500 0.015784517 0.734103799 0.678853810 5.071540833
0.229492784 0.661216497 -0.714230895 -209.527359009 -0.973173857 0.168173343 -0.157004386 -2.117950439 0.016300699 0.731102228 0.682073176 6.370498657
0.230764195 0.660901427 -0.714112818 -210.466033936 -0.972873271 0.169008598 -0.157967046 -2.337278366 0.016290551 0.731194437 0.681974530 7.267211914
0.230644807 0.663068175 -0.712140143 -212.398437500 -0.972965777 0.166075364 -0.160488382 -2.721504211 0.011854200 0.729903817 0.683447063 9.026191711
0.231664553 0.664931715 -0.710068583 -213.854583740 -0.972766638 0.163985819 -0.163809821 -3.014389038 0.007518827 0.728679955 0.684813082 10.380928040
0.232912421 0.662122607 -0.712281883 -214.528549194 -0.972488165 0.161805302 -0.167587668 -3.189397812 0.004287411 0.731719017 0.681592941 11.151741028
0.233423427 0.664272666 -0.710109234 -216.730133057 -0.972375154 0.159286007 -0.170629784 -3.675977707 -0.000234233 0.730321705 0.683103442 13.080413818
0.236263797 0.662391007 -0.710927308 -218.175506592 -0.971686244 0.159332871 -0.174467430 -4.015480042 -0.002291570 0.732018590 0.681280673 14.417121887
