0.999993205 0.000094199 -0.003684956 -0.000585260 -0.000128611 0.999956310 -0.009339424 0.083526887 0.003683916 0.009339835 0.999949574 0.730856419
0.999967754 0.001324667 -0.007916918 -0.007839045 -0.001410958 0.999939561 -0.010903896 0.073340327 0.007901995 0.010914714 0.999909282 1.462073803
0.999927223 0.001446797 -0.011974017 -0.021099754 -0.001600052 0.999916911 -0.012799252 0.070574924 0.011954503 0.012817482 0.999846339 2.210012674
0.999853432 0.003119046 -0.016833156 -0.044375997 -0.003350536 0.999899983 -0.013741374 0.064885959 0.016788613 0.013795760 0.999763906 2.978707075
0.999775708 0.002348948 -0.021044660 -0.069003671 -0.002655016 0.999891043 -0.014527569 0.061408442 0.021008242 0.014580186 0.999672949 3.760256767
0.998437881 0.053914413 -0.014663747 -0.779873788 -0.054376882 0.997967899 -0.033217106 -0.168864712 0.012843066 0.033962585 0.999340594 4.550480366
0.998198569 0.056652628 -0.019747972 -0.802959442 -0.057299133 0.997782290 -0.033873063 -0.190863431 0.017785178 0.034943581 0.999231040 5.355083466
0.998465776 0.049840610 -0.024123183 -0.830880165 -0.050606024 0.998198390 -0.032233134 -0.215573043 0.022473209 0.033404462 0.999189258 6.165526390
0.998006761 0.056379061 -0.028351817 -0.854221702 -0.057204407 0.997935593 -0.029194420 -0.247703031 0.026647339 0.030758081 0.999171615 7.011793613
0.998310506 0.048694920 -0.031700898 -0.887976170 -0.049541797 0.998420358 -0.026500685 -0.275999278 0.030360380 0.028026436 0.999145985 7.837715149
0.998149037 0.050132141 -0.034428172 -0.926348090 -0.051078998 0.998324335 -0.027196271 -0.303645432 0.033007074 0.028904488 0.999037087 8.682858467
0.998106718 0.049505867 -0.036497757 -0.966323853 -0.050506122 0.998358428 -0.027012654 -0.337649047 0.035100557 0.028804872 0.998968601 9.532837868
0.998079360 0.047026224 -0.040324200 -0.982228994 -0.048159976 0.998457670 -0.027620653 -0.365513980 0.038963113 0.029509617 0.998804808 10.404881477
0.998093843 0.046265710 -0.040841434 -1.027162790 -0.047377992 0.998520076 -0.026699137 -0.392518282 0.039545741 0.028583230 0.998808801 11.273938179
0.998038411 0.044785142 -0.043743052 -1.058073759 -0.046018083 0.998559296 -0.027597200 -0.411751390 0.042444084 0.029556036 0.998661518 12.190502167
0.997898340 0.047340389 -0.044245388 -1.115753651 -0.048660114 0.998387277 -0.029241620 -0.454158723 0.042789694 0.031333152 0.998592675 13.046306610
0.997714281 0.048516218 -0.047034357 -1.159165859 -0.050090030 0.998203397 -0.032880172 -0.471248746 0.045354627 0.035160977 0.998351991 13.994616508
0.997556746 0.051409129 -0.047301617 -1.219142914 -0.053007096 0.998043060 -0.033171583 -0.523839772 0.045503728 0.035597868 0.998329699 14.836735725
0.997389376 0.052011363 -0.050091062 -1.253576756 -0.053694118 0.998016834 -0.032854818 -0.555288076 0.048282903 0.035458650 0.998204112 15.816308022
0.997439921 0.051310644 -0.049809691 -1.318134069 -0.052900292 0.998114228 -0.031137791 -0.597387612 0.048118066 0.033693023 0.998273253 16.670454025
0.997271478 0.052171223 -0.052229598 -1.371831179 -0.053800303 0.998092353 -0.030285476 -0.625189245 0.050549928 0.033012811 0.998175800 17.656412125
0.997329056 0.051496506 -0.051795553 -1.428176999 -0.053078823 0.998149991 -0.029651375 -0.666619062 0.050172795 0.032321427 0.998217463 18.513507843
0.997161984 0.051168092 -0.055224735 -1.466421008 -0.052920692 0.998125017 -0.030753253 -0.694867849 0.053547598 0.033588506 0.998000264 19.500274658
0.997246504 0.050147668 -0.054631699 -1.530723810 -0.051907331 0.998161852 -0.031280648 -0.736174941 0.052962646 0.034030303 0.998016477 20.368099213
0.997170508 0.049774975 -0.056333285 -1.579341769 -0.051512036 0.998227179 -0.029814420 -0.767971635 0.054749422 0.032631904 0.997966707 21.359518051
0.997152448 0.051629405 -0.054966811 -1.640247345 -0.053131890 0.998242855 -0.026232310 -0.807475209 0.053515870 0.029078105 0.998143554 22.255893707
0.997133613 0.051877532 -0.055075299 -1.685773492 -0.053169519 0.998337328 -0.022257250 -0.840680599 0.053829070 0.025121780 0.998234093 23.238203049
0.998553514 0.013204597 -0.052119423 -1.781050205 -0.014174836 0.999732256 -0.018290130 -0.877478361 0.051863965 0.019002462 0.998473346 24.173515320
0.998628080 0.013774430 -0.050518651 -1.847017527 -0.014723504 0.999721169 -0.018462813 -0.894157112 0.050250266 0.019181298 0.998552501 25.178472519
0.998703659 0.013814976 -0.048991140 -1.883706331 -0.014828330 0.999682307 -0.020381656 -0.934295416 0.048694003 0.021081692 0.998591304 26.084667206
0.998705328 0.014425473 -0.048781142 -1.935196042 -0.015710063 0.999537051 -0.026053675 -0.952152371 0.048382722 0.026786296 0.998469710 27.068309784
0.998795986 0.014449535 -0.046880227 -1.985507727 -0.015789025 0.999473929 -0.028329214 -0.993871331 0.046446241 0.029035298 0.998498738 28.016593933
0.998826206 0.011869959 -0.046960220 -2.024156094 -0.013152072 0.999546587 -0.027087981 -1.032980800 0.046617407 0.027673809 0.998529434 29.001602173
0.998870313 0.010985578 -0.046233565 -2.078754187 -0.012037163 0.999673724 -0.022528337 -1.061838388 0.045971010 0.023059404 0.998676717 29.977067947
0.998835325 0.006946836 -0.047745999 -2.112421989 -0.007866007 0.999786913 -0.019090399 -1.095651627 0.047603212 0.019443737 0.998677075 30.961359024
0.998847008 0.000138503 -0.048006047 -2.159610271 -0.001089687 0.999803543 -0.019788329 -1.131128788 0.047993887 0.019817822 0.998651028 31.947256088
0.998735309 -0.001533689 -0.050251573 -2.203629017 0.000316829 0.999706686 -0.024214419 -1.154413342 0.050273973 0.024167869 0.998443067 32.945068359
0.998697519 -0.001990627 -0.050982710 -2.258143902 0.000589046 0.999621868 -0.027491633 -1.195425749 0.051018141 0.027425794 0.998321116 33.934753418
0.998552680 -0.000932778 -0.053774942 -2.303709030 -0.000608615 0.999589682 -0.028640306 -1.222982883 0.053779580 0.028631581 0.998142362 34.925033569
0.998477221 -0.014019030 -0.053354170 -2.378953934 0.012588752 0.999554753 -0.027049625 -1.268185496 0.053709634 0.026336776 0.998209178 35.931095123
0.998442829 -0.010455153 -0.054794006 -2.442854166 0.009111252 0.999652863 -0.024719093 -1.299879313 0.055033438 0.024181366 0.998191595 36.926788330
0.998370647 -0.010813679 -0.056025948 -2.497412920 0.009541895 0.999691904 -0.022917956 -1.348149300 0.056256510 0.022346025 0.998166263 37.967445374
0.998294711 -0.010112751 -0.057490047 -2.556212425 0.008949866 0.999750912 -0.020449122 -1.373185158 0.057682525 0.019899724 0.998136699 38.957782745
0.998337328 -0.010189948 -0.056732222 -2.617679358 0.009220055 0.999807358 -0.017331364 -1.420943975 0.056897886 0.016779475 0.998239100 39.989425659
0.998363972 -0.003803952 -0.057051405 -2.695239782 0.002926413 0.999876261 -0.015457175 -1.444242597 0.057103150 0.015264930 0.998251557 40.980041504
0.998344719 -0.004165928 -0.057362445 -2.746193647 0.003276703 0.999873161 -0.015587143 -1.479921579 0.057420112 0.015373380 0.998231828 42.009460449
0.998339593 -0.004147076 -0.057452377 -2.807685375 0.003157017 0.999845147 -0.017312771 -1.503782511 0.057515286 0.017102646 0.998198152 42.991706848
0.998375833 -0.001877976 -0.056939501 -2.871376038 0.000763398 0.999807835 -0.019590136 -1.536749125 0.056965366 0.019514849 0.998185456 44.013183594
0.998242378 -0.002478366 -0.059211299 -2.917107582 0.001314675 0.999805331 -0.019684128 -1.567344069 0.059248563 0.019571688 0.998051405 45.010955811
0.998177469 -0.005026655 -0.060137089 -2.978758812 0.003917225 0.999820232 -0.018551914 -1.593928814 0.060219534 0.018282533 0.998017669 45.977279663
0.998161614 -0.003412892 -0.060514081 -3.050953865 0.002374482 0.999848843 -0.017223366 -1.634414315 0.060563710 0.017048012 0.998018742 47.027114868
0.998111904 -0.000441019 -0.061420124 -3.113542795 -0.000846960 0.999780416 -0.020942321 -1.670221090 0.061415870 0.020954801 0.997892201 48.002498627
0.998060107 -0.000071740 -0.062257629 -3.183028936 -0.001501026 0.999680877 -0.025215134 -1.701033473 0.062239576 0.025259674 0.997741520 48.977066040
0.998061001 0.000639986 -0.062239483 -3.248150826 -0.002277230 0.999653101 -0.026238082 -1.734788060 0.062201109 0.026328932 0.997716308 49.973663330
0.998041809 -0.001011358 -0.062540598 -3.310320377 -0.000381636 0.999752283 -0.022257449 -1.777141094 0.062547624 0.022237733 0.997794271 50.932857513
0.998031020 -0.002554917 -0.062668897 -3.372739792 0.001322333 0.999805033 -0.019701816 -1.805064201 0.062707007 0.019580152 0.997839928 51.933761597
0.997985244 -0.004552230 -0.063283160 -3.436979055 0.003360268 0.999815166 -0.018929064 -1.840018511 0.063357636 0.018678272 0.997816145 52.902599335
0.998000205 -0.007358592 -0.062780142 -3.496217728 0.006101588 0.999777555 -0.020190684 -1.872678518 0.062914751 0.019767245 0.997823179 53.855796814
0.997929394 -0.010831280 -0.063399024 -3.558730364 0.009469306 0.999718845 -0.021743836 -1.896614790 0.063616700 0.021098470 0.997751355 54.813636780
0.997805297 -0.011773973 -0.065160275 -3.609121084 0.010428752 0.999726295 -0.020946516 -1.931707025 0.065389074 0.020221004 0.997654974 55.763328552
0.997743428 -0.017186916 -0.064904347 -3.683818817 0.016133355 0.999730051 -0.016721904 -1.976392627 0.065174244 0.015637046 0.997751415 56.760494232
0.997687876 -0.017478185 -0.065674879 -3.743474483 0.016755143 0.999792993 -0.011544070 -2.003340721 0.065863058 0.010416986 0.997774363 57.676029205
0.997682214 -0.016240224 -0.066079065 -3.813027620 0.015649786 0.999832988 -0.009443215 -2.034083128 0.066221401 0.008387204 0.997769713 58.672203064
0.997577965 -0.015053766 -0.067908064 -3.874290466 0.014154711 0.999806046 -0.013701074 -2.058576584 0.068101138 0.012706671 0.997597575 59.604190826
0.997562587 -0.013298817 -0.068496853 -3.954593897 0.011868345 0.999703884 -0.021248519 -2.088073254 0.068759136 0.020383783 0.997425079 60.540180206
0.997527957 -0.011734813 -0.069282480 -4.026467800 0.009946417 0.999609768 -0.026101820 -2.115309477 0.069561735 0.025348185 0.997255683 61.456451416
0.997419953 -0.015102710 -0.070181228 -4.093603611 0.013386752 0.999601305 -0.024856707 -2.160167456 0.070528649 0.023853075 0.997224450 62.361259460
0.997368634 -0.012605077 -0.071392775 -4.163588047 0.011020192 0.999684989 -0.022550084 -2.194897652 0.071654528 0.021703983 0.997193277 63.255126953
0.997332215 -0.009916984 -0.072318956 -4.237947941 0.008409951 0.999741733 -0.021113519 -2.231852055 0.072509654 0.020448998 0.997157991 64.147300720
0.997226596 -0.009324728 -0.073837727 -4.291904449 0.007776561 0.999744534 -0.021227038 -2.266001701 0.074016780 0.020593962 0.997044384 65.004241943
0.997177124 -0.007328596 -0.074725956 -4.383081913 0.005803378 0.999770761 -0.020607561 -2.292868853 0.074859872 0.020115729 0.996991158 65.871261597
0.997063637 -0.006488723 -0.076301858 -4.441267490 0.004996436 0.999792814 -0.019732283 -2.331362247 0.076414093 0.019293103 0.996889532 66.700126648
0.996953130 -0.006836274 -0.077702217 -4.512383938 0.005355381 0.999800265 -0.019251073 -2.362885475 0.077818312 0.018776290 0.996790767 67.533935547
0.996849716 -0.007627349 -0.078945607 -4.573031902 0.006234125 0.999820709 -0.017879441 -2.393381596 0.079067826 0.017330956 0.996718585 68.336730957
0.996759176 -0.004723663 -0.080303818 -4.647413731 0.003474147 0.999870718 -0.015692458 -2.411174536 0.080367565 0.015362609 0.996647000 69.152862549
0.996652186 -0.002911181 -0.081704967 -4.718124390 0.001996316 0.999934375 -0.011276572 -2.444167614 0.081732422 0.011075712 0.996592820 69.959983826
0.996488690 0.000262748 -0.083725542 -4.779575825 -0.001061500 0.999954402 -0.009495816 -2.469360113 0.083719239 0.009551347 0.996443629 70.735847473
0.996440828 0.003226149 -0.084232323 -4.870969772 -0.004398994 0.999895930 -0.013742106 -2.494379997 0.084179223 0.014063735 0.996351361 71.494888306
0.996332884 0.003412028 -0.085492425 -4.932103634 -0.005215670 0.999768376 -0.020882592 -2.524951935 0.085401371 0.021251917 0.996119976 72.203636169
0.996187568 0.002485923 -0.087200813 -4.995195389 -0.004842941 0.999628365 -0.026828686 -2.547162056 0.087101720 0.027148714 0.995829463 72.944923401
0.996143639 0.003148895 -0.087680221 -5.055701733 -0.005617742 0.999594271 -0.027924836 -2.572171926 0.087556720 0.028309714 0.995757222 73.637954712
0.996088445 0.005807799 -0.088170424 -5.131536484 -0.008013161 0.999663293 -0.024679054 -2.592165947 0.087997414 0.025289042 0.995799720 74.311141968
0.995924354 0.006170872 -0.089980967 -5.187178612 -0.008188083 0.999723017 -0.022066299 -2.633994102 0.089819863 0.022713136 0.995698988 74.986213684
0.995904148 0.002959552 -0.090366416 -5.260145187 -0.005288244 0.999659836 -0.025540939 -2.656275749 0.090260088 0.025914207 0.995580971 75.612365723
0.995858729 -0.005218702 -0.090763807 -5.297198772 0.002416166 0.999517858 -0.030959772 -2.681883574 0.090881601 0.030612262 0.995391130 76.239654541
0.995935798 -0.009123113 -0.089602761 -5.346381187 0.005928799 0.999339581 -0.035851359 -2.707215548 0.089870669 0.035174415 0.995332181 76.829765320
0.996235073 -0.006855101 -0.086421944 -5.399911880 0.003705831 0.999325037 -0.036548510 -2.725722551 0.086614154 0.036090642 0.995588064 77.408355713
0.996452034 -0.016506599 -0.082527533 -5.456634998 0.013693071 0.999309421 -0.034542460 -2.785887957 0.083040752 0.033289846 0.995989978 77.992561340
0.996784687 -0.018336911 -0.078000270 -5.496616840 0.015914116 0.999374926 -0.031570330 -2.806338787 0.078530438 0.030227512 0.996453404 78.551574707
0.997142494 -0.021938544 -0.072286785 -5.523387432 0.020063387 0.999445796 -0.026565298 -2.841087341 0.072829537 0.025039069 0.997030079 79.093437195
0.997563839 -0.026683323 -0.064454041 -5.547684193 0.025233947 0.999412358 -0.023197483 -2.866292477 0.065035157 0.021514539 0.997651041 79.632308960
0.998284042 -0.023165816 -0.053780463 -5.569628716 0.021919612 0.999479949 -0.023647645 -2.877848864 0.054300327 0.022428216 0.998272777 80.144752502
0.999102533 -0.017895389 -0.038390778 -5.594719410 0.016987884 0.999571443 -0.023836117 -2.897393942 0.038800884 0.023162542 0.998978436 80.646209717
0.999711692 -0.012729159 -0.020356042 -5.605090141 0.012272730 0.999674022 -0.022392716 -2.921997547 0.020634446 0.022136437 0.999542058 81.143394470
0.999896705 -0.014217304 0.002083289 -5.594661713 0.014258307 0.999673605 -0.021200571 -2.941274643 -0.001781194 0.021228084 0.999773145 81.629127502
0.999449193 -0.017787926 0.028014420 -5.554577827 0.018347504 0.999634624 -0.019845665 -2.951879025 -0.027651174 0.020348722 0.999410570 82.089332581
0.998174250 -0.019040033 0.057318926 -5.503087997 0.020066392 0.999647498 -0.017384047 -2.970854759 -0.056967735 0.018502491 0.998204589 82.544555664
0.995713472 -0.019347582 0.090444781 -5.442969799 0.020736283 0.999680698 -0.014439637 -2.993643999 -0.090136558 0.016253233 0.995796800 82.993850708
0.991589487 -0.018822858 0.128046736 -5.362362862 0.020680798 0.999699056 -0.013195733 -2.999443531 -0.127759844 0.015732858 0.991680384 83.432456970
0.985412419 -0.019423135 0.169071496 -5.260973930 0.021724407 0.999694645 -0.011771898 -3.016305447 -0.168791234 0.015273155 0.985533535 83.848739624
0.976543605 -0.019624747 0.214423686 -5.148143768 0.022320166 0.999699295 -0.010156399 -3.030337572 -0.214159876 0.014704142 0.976687968 84.259765625
0.964625359 -0.017609464 0.263035864 -5.012300491 0.021012988 0.999727786 -0.010131646 -3.049553156 -0.262785912 0.015300414 0.964732945 84.651229858
0.948683202 -0.016491476 0.315797508 -4.851680756 0.021135878 0.999713004 -0.011287384 -3.059853077 -0.315520853 0.017382804 0.948759437 85.029548645
0.928167701 -0.016186630 0.371810138 -4.678056717 0.022042502 0.999690950 -0.011504578 -3.068033695 -0.371509075 0.018873798 0.928237557 85.393081665
0.903667510 -0.016128877 0.427930921 -4.473487854 0.022827793 0.999684036 -0.010527298 -3.081302166 -0.427625984 0.019281894 0.903750122 85.720146179
0.873921275 -0.015416494 0.485822976 -4.246997833 0.023597412 0.999663949 -0.010726044 -3.083650589 -0.485494465 0.020837886 0.873991430 86.060310364
0.839704037 -0.016459489 0.542794883 -4.010631561 0.026386814 0.999596596 -0.010509060 -3.089815855 -0.542402983 0.023147127 0.839799643 86.358871460
0.802125096 -0.016254164 0.596934795 -3.746856689 0.027758859 0.999563813 -0.010083171 -3.090615273 -0.596510530 0.024658194 0.802226424 86.646820068
0.762077451 0.005309128 0.647464037 -3.456485748 0.011116873 0.999711752 -0.021282297 -3.131253958 -0.647390366 0.023416527 0.761798799 86.898246765
0.718713284 0.004781412 0.695290089 -3.161594391 0.010692250 0.999782205 -0.017927820 -3.144838810 -0.695224285 0.020319181 0.718505621 87.153457642
0.673135340 0.004206388 0.739507258 -2.852737427 0.012469343 0.999777079 -0.017037019 -3.147984982 -0.739414155 0.020689389 0.672932923 87.375457764
0.626131713 0.002659830 0.779712677 -2.524520874 0.016269512 0.999731898 -0.016475264 -3.164069414 -0.779547513 0.023001233 0.625920713 87.583770752
0.578668594 0.000296329 0.815562665 -2.191711426 0.022822794 0.999602556 -0.016556729 -3.170397758 -0.815243363 0.028194278 0.578431785 87.760719299
0.531422019 0.002352655 0.847103834 -1.851348877 0.020606836 0.999664307 -0.015703848 -3.189925432 -0.846856415 0.025801500 0.531195164 87.933029175
0.484331310 0.005208361 0.874869108 -1.506454468 0.017873418 0.999714613 -0.015846398 -3.198966503 -0.874702096 0.023311809 0.484099954 88.084770203
0.438150913 0.009651480 0.898849607 -1.192718506 0.016279846 0.999693155 -0.018670030 -3.194179058 -0.898754001 0.022813424 0.437859386 88.207550049
0.394905895 0.006778020 0.918696582 -0.827836990 0.023651378 0.999566317 -0.017541315 -3.207613945 -0.918417096 0.028655604 0.394574404 88.324966431
0.355590463 -0.000152508 0.934641719 -0.453025818 0.039058406 0.999128878 -0.014697009 -3.206512451 -0.933825374 0.041731738 0.355286717 88.408271790
0.319886744 -0.003587565 0.947448850 -0.068887711 0.043698598 0.998984516 -0.010971233 -3.208232641 -0.946447611 0.044911742 0.319718659 88.501777649
0.287132323 0.000207244 0.957890868 0.300657272 0.041391496 0.999063313 -0.012623447 -3.221796274 -0.956996322 0.043273143 0.286854774 88.585441589
0.254208952 0.021466240 0.966911077 0.537485123 0.025764214 0.999248564 -0.028957786 -2.189325333 -0.966806054 0.032273024 0.253464878 88.795242310
0.225112185 0.025573067 0.973997235 0.936222076 0.021948976 0.999268711 -0.031309489 -2.211984396 -0.974085629 0.028426383 0.224386260 88.882331848
0.199852049 0.027377836 0.979443669 1.345817566 0.023685807 0.999182463 -0.032762595 -2.233731508 -0.979539931 0.029746586 0.199040219 88.945075989
0.176581830 0.029433750 0.983845770 1.769688606 0.031000661 0.998890638 -0.035447873 -2.247237682 -0.983797789 0.036759324 0.175473481 88.987358093
0.156452119 0.035083458 0.987062216 2.199674606 0.039203823 0.998360753 -0.041698977 -2.255985498 -0.986907184 0.045220505 0.154820248 89.035728455
0.136645287 0.042353533 0.989714205 2.638081551 0.042142894 0.997932613 -0.048523709 -2.257484436 -0.989723206 0.048339963 0.134577900 89.083534241
0.118903801 0.042854976 0.991980493 3.099156380 0.040619470 0.998021841 -0.047984812 -2.276013851 -0.992074609 0.045999300 0.116927847 89.135513306
0.102825783 0.038305506 0.993961453 3.574379921 0.038670603 0.998348892 -0.042475071 -2.308948278 -0.993947446 0.042804617 0.101174705 89.181709290
0.088839956 0.035084113 0.995427847 4.057882786 0.039502773 0.998469114 -0.038716845 -2.335129499 -0.995262206 0.042761758 0.087318048 89.213424683
0.075772613 0.032998614 0.996578932 4.560240269 0.041623522 0.998476505 -0.036226191 -2.355407953 -0.996255994 0.044226073 0.074283645 89.236419678
0.064297594 0.031994924 0.997417688 5.060166359 0.046600066 0.998299360 -0.035027232 -2.375873089 -0.996842146 0.048731904 0.062697284 89.255599976
0.054162659 0.032621913 0.997999072 5.591380119 0.049903199 0.998128831 -0.035334457 -2.397918940 -0.997284412 0.051717147 0.052433375 89.273872375
0.046686776 0.033512868 0.998347163 6.146207333 0.051828537 0.998009562 -0.035925243 -2.416821480 -0.997564137 0.053420119 0.044856932 89.284774780
0.040836673 0.033652470 0.998598933 6.697750092 0.054113887 0.997891366 -0.035841554 -2.438672066 -0.997699440 0.055501722 0.038929507 89.308563232
0.035658810 0.034897562 0.998754442 7.290701389 0.055598222 0.997773051 -0.036848303 -2.459796667 -0.997816384 0.056842946 0.033639170 89.319564819
0.029421907 0.035305243 0.998943329 7.859568596 0.056397084 0.997725487 -0.036923259 -2.487155199 -0.997974813 0.057423841 0.027363868 89.332939148
0.025448689 0.035319071 0.999051988 8.491553307 0.058939103 0.997584224 -0.036768530 -2.512365818 -0.997937143 0.059818927 0.023305535 89.338554382
0.022430873 0.035492074 0.999118149 9.106763840 0.060905807 0.997464836 -0.036800727 -2.537618637 -0.997891486 0.061677568 0.020212339 89.346244812
0.019691670 0.034647547 0.999205589 9.777868271 0.061960645 0.997436047 -0.035807271 -2.570572376 -0.997884333 0.062616505 0.017494399 89.354560852
0.016776025 0.034200449 0.999274135 10.412266731 0.063855067 0.997338116 -0.035206191 -2.594270468 -0.997818112 0.064399354 0.014547498 89.368682861
0.016725279 0.033997986 0.999281943 11.144180298 0.069306530 0.996978462 -0.035079625 -2.623245716 -0.997455239 0.069843456 0.014318462 89.359657288
0.017287372 0.033636097 0.999284625 11.785038948 0.072057657 0.996793211 -0.034798816 -2.647682428 -0.997250617 0.072607696 0.014808198 89.376815796
0.019573420 0.033438515 0.999249101 12.537313461 0.073766008 0.996668279 -0.034797098 -2.681595802 -0.997083485 0.074391723 0.017041590 89.393081665
0.023565739 0.033429015 0.999163210 13.274649620 0.076136388 0.996478200 -0.035134893 -2.706962109 -0.996818841 0.076900668 0.020937581 89.404426575
0.027729264 0.032836191 0.999076009 13.971759796 0.076633237 0.996449172 -0.034876805 -2.740553379 -0.996673703 0.077529527 0.025114466 89.428581238
0.031886756 0.031362906 0.998999238 14.759654999 0.077495933 0.996421158 -0.033755530 -2.771033764 -0.996482730 0.078494743 0.029342134 89.451972961
0.035601132 0.029514726 0.998930216 15.563151360 0.077689841 0.996457100 -0.032210466 -2.808870792 -0.996341765 0.078753464 0.033182006 89.485092163
0.039678276 0.027406242 0.998836577 16.298023224 0.074784145 0.996738732 -0.030319443 -2.834634066 -0.996410012 0.075900182 0.037499316 89.522506714
0.043646228 0.026544446 0.998694360 17.126270294 0.073854640 0.996825993 -0.029722478 -2.863702059 -0.996313512 0.075055487 0.041547265 89.566902161
0.048083529 0.027420461 0.998466909 17.959991455 0.071065098 0.996995986 -0.030802375 -2.895334482 -0.996312201 0.072437249 0.045990448 89.598358154
0.050558254 0.030955726 0.998241246 18.718818665 0.068688624 0.997044981 -0.034397528 -2.942221403 -0.996356368 0.070306882 0.048282560 89.655639648
0.052041955 0.036470015 0.997978687 19.554233551 0.062720641 0.997240722 -0.039713759 -2.975125313 -0.996673405 0.064660624 0.049610928 89.702247620
0.051703028 0.039338581 0.997887433 20.355659485 0.060133003 0.997288227 -0.042430602 -3.014919758 -0.996850491 0.062199771 0.049197275 89.754692078
0.052095767 0.039168939 0.997873664 21.210029602 0.057991181 0.997425675 -0.042178892 -3.052446842 -0.996956944 0.060065228 0.049690209 89.800842285
0.051922761 0.037179653 0.997958720 21.997817993 0.055273786 0.997668087 -0.040044654 -3.094843864 -0.997120321 0.057240199 0.049746618 89.849983215
0.051812805 0.035869032 0.998012424 22.843917847 0.055955671 0.997680604 -0.038762107 -3.140013218 -0.997088015 0.057852831 0.049685560 89.893836975
0.052115671 0.034974881 0.998028278 23.638744354 0.053586427 0.997848809 -0.037766792 -3.185987949 -0.997202277 0.055449013 0.050129384 89.942947388
0.052427143 0.035417102 0.997996390 24.495510101 0.052047353 0.997915804 -0.038148407 -3.228498936 -0.997267544 0.053943086 0.050474502 89.992324829
0.052041788 0.035742659 0.998005033 25.279651642 0.049018811 0.998063266 -0.038300872 -3.273171663 -0.997441173 0.050914276 0.050188933 90.042358398
0.050583307 0.036742646 0.998043716 26.117563248 0.045942347 0.998179495 -0.039076123 -3.323982716 -0.997662663 0.047829073 0.048803180 90.094421387
0.047857400 0.036602739 0.998183250 26.913516998 0.043014370 0.998325706 -0.038670268 -3.357618809 -0.997927606 0.044786874 0.046202827 90.136703491
0.043937508 0.035488144 0.998403668 27.758129120 0.040693201 0.998475850 -0.037281517 -3.396760702 -0.998205066 0.042266302 0.042426415 90.181182861
0.038900670 0.032924071 0.998700500 28.547618866 0.039046388 0.998643756 -0.034443092 -3.439911842 -0.998479903 0.040335521 0.037562344 90.215866089
0.032731380 0.030997720 0.998983383 29.381635666 0.037101384 0.998792410 -0.032207403 -3.477162838 -0.998775423 0.038117856 0.031541795 90.246551514
0.025352327 0.030993098 0.999198020 30.178066254 0.036876336 0.998810053 -0.031916711 -3.518704891 -0.998998225 0.037655927 0.024179248 90.264595032
0.016995966 0.031966548 0.999344409 30.990594864 0.036369685 0.998807669 -0.032567915 -3.558819294 -0.999193907 0.036899369 0.015813086 90.269729614
0.006530033 0.032505300 0.999450147 31.788290024 0.037315995 0.998767495 -0.032726903 -3.586582184 -0.999282241 0.037509184 0.005309017 90.283882141
-0.003474840 0.031511609 0.999497235 32.613193512 0.038689680 0.998759329 -0.031353835 -3.624520302 -0.999245346 0.038561273 -0.004689704 90.272743225
-0.014587622 0.030552553 0.999426782 33.388862610 0.037893653 0.998831928 -0.029981274 -3.661186934 -0.999175251 0.037434582 -0.015728332 90.269104004
-0.026193313 0.030194180 0.999200761 34.187538147 0.038729921 0.998823941 -0.029167512 -3.690882921 -0.998906434 0.037934966 -0.027331928 90.252151489
-0.036883116 0.030162375 0.998864233 34.962406158 0.039938357 0.998790443 -0.028685411 -3.729263544 -0.998521209 0.038834997 -0.038043130 90.221023560
-0.047895238 0.031122357 0.998367369 35.756790161 0.040024687 0.998771548 -0.029214827 -3.759200573 -0.998050094 0.038560096 -0.049082067 90.186111450
-0.058152966 0.031755507 0.997802377 36.521858215 0.040211003 0.998757422 -0.029442361 -3.800645828 -0.997497559 0.038410485 -0.059357628 90.126167297
-0.069078892 0.033050738 0.997063458 37.285350800 0.040537730 0.998718679 -0.030297060 -3.824514389 -0.996787369 0.038325801 -0.070330173 90.079971313
-0.078189440 0.033250228 0.996383846 38.047950745 0.041688889 0.998678505 -0.030055342 -3.871961355 -0.996066451 0.039188121 -0.079472288 90.012397766
-0.088432625 0.033354539 0.995523512 38.804813385 0.041987777 0.998675704 -0.029730368 -3.911803007 -0.995196760 0.039170686 -0.089716002 89.954071045
-0.097152837 0.034275655 0.994679093 39.554092407 0.043468218 0.998599291 -0.030165095 -3.934039831 -0.994319737 0.040306304 -0.098506659 89.869804382
-0.106219634 0.034053314 0.993759394 40.288055420 0.045116816 0.998549104 -0.029395062 -3.962292194 -0.993318617 0.041712917 -0.107601911 89.801307678
-0.113074765 0.032661788 0.993049443 41.010372162 0.046566181 0.998535514 -0.027539914 -3.999780178 -0.992494643 0.043128453 -0.114430115 89.703971863
-0.119007818 0.030756177 0.992416739 41.735515594 0.049541119 0.998459160 -0.025002604 -4.037881851 -0.991656601 0.046189934 -0.120348111 89.626884460
-0.122127891 0.029775260 0.992067635 42.446578979 0.052410964 0.998348832 -0.023511760 -4.053134441 -0.991129518 0.049123775 -0.123486787 89.525680542
-0.124671459 0.028464748 0.991789699 43.138862610 0.054132488 0.998294711 -0.021846803 -4.085465908 -0.990720212 0.050964367 -0.125999734 89.431770325
-0.126225799 0.027206410 0.991628408 43.806304932 0.053842291 0.998338223 -0.020536844 -4.121319294 -0.990539193 0.050799262 -0.127480894 89.333312988
-0.127460763 0.027975224 0.991448998 44.482444763 0.055328496 0.998246193 -0.021053983 -4.140897274 -0.990299165 0.052171826 -0.128785089 89.266769409
-0.126439586 0.029444408 0.991537154 45.145198822 0.056411572 0.998155236 -0.022447404 -4.156129360 -0.990368962 0.053095937 -0.127867341 89.184265137
-0.123408586 0.031473644 0.991856694 45.766380310 0.057648208 0.998036385 -0.024497045 -4.177250862 -0.990680039 0.054155618 -0.124980673 89.103744507
-0.117997959 0.031295113 0.992520571 46.364398956 0.057212353 0.998057306 -0.024667870 -4.212591648 -0.991364360 0.053873681 -0.119559191 89.026290894
-0.109860472 0.032263003 0.993423223 46.958358765 0.056827571 0.998042107 -0.026128575 -4.231386185 -0.992321193 0.053583331 -0.111478806 88.954368591
-0.098903932 0.032286003 0.994573057 47.536464691 0.055750798 0.998083591 -0.026855899 -4.260130882 -0.993534029 0.052792087 -0.100514367 88.912376404
-0.085130259 0.032227032 0.995848536 48.093284607 0.054787327 0.998116195 -0.027616907 -4.293696880 -0.994862437 0.052208841 -0.086735517 88.871528625
-0.068084575 0.033315700 0.997123122 48.620437622 0.053620029 0.998120010 -0.029687775 -4.324709892 -0.996237636 0.051444486 -0.069742978 88.847938538
-0.046945974 0.035618514 0.998262227 49.143817902 0.051060788 0.998143137 -0.033212997 -4.354499340 -0.997591615 0.049412832 -0.048677515 88.837722778
-0.022230232 0.038678136 0.999004304 49.668560028 0.049756803 0.998055756 -0.037534203 -4.382507801 -0.998513877 0.048872881 -0.024111511 88.845199585
0.006168380 0.040577967 0.999157250 50.183906555 0.047352873 0.998043597 -0.040825080 -4.406558037 -0.998859107 0.047564801 0.004234828 88.866516113
0.039108492 0.039720759 0.998445213 50.684391022 0.044617474 0.998143494 -0.041456416 -4.440411568 -0.998238325 0.046169404 0.037263654 88.906394958
0.077728219 0.037446465 0.996271074 51.181629181 0.043582838 0.998211443 -0.040919691 -4.466269970 -0.996021509 0.046600934 0.075957172 88.951721191
0.120068200 0.034006506 0.992182970 51.676551819 0.041506205 0.998367310 -0.039241306 -4.484931946 -0.991897702 0.045893379 0.118460692 89.033737183
0.165188074 0.029243946 0.985828400 52.153060913 0.037019406 0.998672068 -0.035828017 -4.526998520 -0.985567093 0.042413142 0.163886160 89.137451172
0.214163586 0.025995743 0.976451933 52.629638672 0.032141894 0.998916924 -0.033643458 -4.548956871 -0.976268828 0.038590215 0.213096112 89.263206482
0.265446424 0.024221443 0.963821292 53.097099304 0.027735086 0.999078810 -0.032746017 -4.581547737 -0.963726699 0.035423979 0.264530122 89.426826477
0.320681334 0.023856394 0.946886659 53.549423218 0.025309879 0.999109924 -0.033743821 -4.603831291 -0.946848989 0.034786597 0.319792122 89.606910706
0.379033655 0.024826540 0.925049841 53.976818085 0.026437121 0.998941481 -0.037642110 -4.626298904 -0.925005257 0.038723283 0.377976149 89.810440063
0.439120919 0.026908237 0.898024976 54.369991302 0.025105121 0.998793542 -0.042203683 -4.670587540 -0.898077190 0.041077547 0.437915534 90.036300659
0.497973263 0.030411461 0.866659045 54.750629425 0.025555810 0.998436093 -0.049719688 -4.695414543 -0.866815746 0.046907246 0.496417284 90.306152344
0.556839705 0.035347153 0.829867542 55.106628418 0.018361801 0.998326242 -0.054843169 -4.717953205 -0.830417097 0.045776717 0.555258572 90.588249207
0.612564206 0.038795661 0.789468229 55.442337036 0.012988530 0.998165846 -0.059129424 -4.733754635 -0.790314198 0.046474595 0.610936701 90.907966614
0.665441573 0.040766750 0.745335877 55.739715576 0.008107439 0.998053908 -0.061827768 -4.765492439 -0.746405900 0.047185544 0.663816214 91.233444214
0.714614809 0.037943449 0.698488235 56.038143158 0.006723799 0.998109102 -0.061098564 -4.803089142 -0.699485779 0.048358440 0.713008463 91.602058411
0.760883689 0.035681669 0.647906423 56.304450989 0.001900235 0.998360097 -0.057213526 -4.822160244 -0.648885489 0.044764020 0.759568214 91.964607239
0.802621603 0.030008446 0.595733225 56.553752899 0.000325527 0.998711586 -0.050745960 -4.851183891 -0.596488535 0.040923730 0.801577747 92.376213074
0.839867234 0.028024280 0.542067945 56.763954163 -0.004890250 0.999016404 -0.044071138 -4.879704475 -0.542769790 0.034363061 0.839178264 92.782341003
0.871649206 0.023178458 0.489581853 56.964138031 -0.005903337 0.999305129 -0.036800206 -4.910254002 -0.490094662 0.029186701 0.871180475 93.224060059
0.898149371 0.025370749 0.438957870 57.122463226 -0.012713549 0.999415159 -0.031750735 -4.929585934 -0.439506590 0.022936195 0.897946417 93.633018494
0.918670416 0.026097376 0.394161910 57.271873474 -0.016801205 0.999493778 -0.027017826 -4.966053963 -0.394667476 0.018198084 0.918643892 94.104713440
0.934648633 0.032938763 0.354043633 57.391998291 -0.025732908 0.999355137 -0.025042944 -4.977787018 -0.354640156 0.014295785 0.934893608 94.518814087
0.947071075 0.037137799 0.318868518 57.526977539 -0.030417653 0.999198198 -0.026030628 -4.991471767 -0.319579661 0.014953624 0.947441459 95.024337769
0.956517041 0.039612476 0.288973927 57.647567749 -0.033585306 0.999103010 -0.025787903 -5.008244038 -0.289736331 0.014961293 0.956989646 95.513404846
0.963181794 0.032983731 0.266820133 57.794952393 -0.027085036 0.999301195 -0.025758430 -5.019793987 -0.267483383 0.017583219 0.963402092 96.023277283
0.967476726 0.030692004 0.251091063 57.867752075 -0.025303096 0.999375522 -0.024663107 -5.044448853 -0.251691222 0.017507602 0.967649281 96.392814636
0.970445752 0.034866598 0.238787264 57.979736328 -0.029807949 0.999248803 -0.024764350 -5.066078186 -0.239471331 0.016914701 0.970756173 96.930442810
0.972637296 0.040010784 0.228857428 58.073955536 -0.035399627 0.999079704 -0.024220143 -5.073687553 -0.229615912 0.015455944 0.973158658 97.393371582
0.973588407 0.047329120 0.223350868 58.180629730 -0.042592805 0.998754680 -0.025978522 -5.083148956 -0.224302277 0.015779248 0.974391878 97.952033997
0.974010766 0.053556487 0.220078558 58.276477814 -0.048326317 0.998408139 -0.029084424 -5.107667923 -0.221285865 0.017692961 0.975048482 98.435844421
0.974030733 0.055027112 0.219626814 58.405693054 -0.049200330 0.998278737 -0.031916719 -5.131450176 -0.221005097 0.020282160 0.975061774 99.014678955
0.973692834 0.053887773 0.221400782 58.525123596 -0.047291175 0.998268008 -0.034992497 -5.161949158 -0.222902998 0.023601646 0.974554896 99.510002136
0.972783804 0.052679986 0.225646645 58.648944855 -0.044411451 0.998148143 -0.041568022 -5.182702065 -0.227418587 0.030415395 0.973322034 100.075088501
0.971809149 0.053190541 0.229689971 58.784236908 -0.043671951 0.997970998 -0.046331201 -5.206282616 -0.231688336 0.034994073 0.972160399 100.640480042
0.970536470 0.057967015 0.233877376 58.933784485 -0.048452061 0.997755051 -0.046230979 -5.232661247 -0.236032233 0.033537019 0.971166313 101.251976013
0.968942940 0.061152861 0.239603370 59.056976318 -0.052558500 0.997730076 -0.042102285 -5.260868549 -0.241634116 0.028201519 0.969957590 101.816444397
0.967742145 0.058204051 0.245127290 59.213439941 -0.050505135 0.998016536 -0.037583161 -5.293719769 -0.246828541 0.023990620 0.968762159 102.466453552
0.967119277 0.053484831 0.248635530 59.370971680 -0.047043797 0.998387277 -0.031779855 -5.324141502 -0.249934256 0.019038152 0.968075633 103.039833069
0.966263711 0.050902456 0.252474368 59.551128387 -0.045468673 0.998592257 -0.027313951 -5.351078510 -0.253509283 0.014912806 0.967217982 103.705001831
0.965820372 0.046079025 0.255083621 59.711509705 -0.040612914 0.998819411 -0.026657294 -5.374890327 -0.256010771 0.015386475 0.966551423 104.297363281
0.965713024 0.042847108 0.256051302 59.885017395 -0.036370825 0.998888612 -0.029977191 -5.399303436 -0.257051259 0.019636568 0.966198206 104.973800659
0.966070533 0.042330388 0.254785895 60.058521271 -0.034024537 0.998738825 -0.036920797 -5.427030563 -0.256027430 0.026999129 0.966292441 105.589698792
0.966112018 0.044953216 0.254178792 60.232856750 -0.034960870 0.998432934 -0.043696269 -5.453282833 -0.255744755 0.033329181 0.966169715 106.282119751
0.966732919 0.047904976 0.251261890 60.390396118 -0.037182562 0.998190701 -0.047252271 -5.484309673 -0.253070921 0.036337771 0.966765046 106.917915344
0.967222273 0.046400372 0.249655589 60.558788300 -0.036870290 0.998406589 -0.042717520 -5.515710354 -0.251239955 0.032112475 0.967392027 107.634246826
0.967901111 0.042097211 0.247780710 60.743801117 -0.034430262 0.998787284 -0.035196707 -5.552766323 -0.248961881 0.025535781 0.968176603 108.305343628
0.968485773 0.042681463 0.245384648 60.930557251 -0.036597706 0.998900414 -0.029301664 -5.585171223 -0.246365502 0.019397728 0.968982875 109.053817749
0.968732059 0.046071146 0.243794218 61.092220306 -0.039965264 0.998752594 -0.029935244 -5.618016243 -0.244869247 0.019255931 0.969364882 109.748283386
0.969018936 0.051514249 0.241554499 61.268821716 -0.044423249 0.998409450 -0.034714088 -5.645935059 -0.242958561 0.022907972 0.969766140 110.499900818
0.969912529 0.052905813 0.237635761 61.433032990 -0.044673093 0.998204470 -0.039900750 -5.677158833 -0.239320114 0.028084312 0.970534503 111.214859009
0.970924556 0.051407274 0.233800963 61.617477417 -0.042600196 0.998184919 -0.042567823 -5.718104362 -0.235564947 0.031370174 0.971352220 111.993568420
0.972000599 0.049164165 0.229777381 61.792293549 -0.040761996 0.998320162 -0.041174117 -5.747234344 -0.231415734 0.030655090 0.972371936 112.722686768
0.972912133 0.045760859 0.226600811 61.979057312 -0.037890960 0.998522103 -0.038961221 -5.787597656 -0.228048831 0.029319726 0.973208189 113.530128479
0.973389387 0.044139754 0.224865854 62.150001526 -0.036921505 0.998662055 -0.036206901 -5.822376251 -0.226163208 0.026941029 0.973716795 114.278831482
0.973834753 0.040953919 0.223536134 62.342903137 -0.034118086 0.998826981 -0.034359131 -5.850972652 -0.224681094 0.025833489 0.974089921 115.101539612
0.974119544 0.035838995 0.223173618 62.523193359 -0.029257048 0.999035954 -0.032730486 -5.889822483 -0.224131495 0.025354005 0.974229097 115.865966797
0.974283874 0.036347471 0.222372755 62.714611053 -0.030143863 0.999057710 -0.031229293 -5.925815582 -0.223298281 0.023723021 0.974461496 116.688842773
0.973911345 0.042057782 0.222997159 62.875297546 -0.035602696 0.998824716 -0.032890420 -5.964820385 -0.224118367 0.024093056 0.974264026 117.474800110
0.973567426 0.047385912 0.223429635 63.056175232 -0.040257741 0.998527825 -0.036353827 -5.997932911 -0.224823356 0.026398128 0.974041879 118.308715820
0.972939789 0.056265477 0.224103168 63.229766846 -0.048967600 0.998077273 -0.037994951 -6.030991554 -0.225810111 0.025993008 0.973824561 119.102546692
0.971830964 0.062394310 0.227269605 63.411373138 -0.055341251 0.997771204 -0.037281338 -6.076354504 -0.229089230 0.023653775 0.973118067 119.940826416
0.970862031 0.065079108 0.230632901 63.587661743 -0.058454376 0.997660458 -0.035449088 -6.113253593 -0.232400358 0.020934667 0.972394943 120.779716492
0.970377445 0.065304965 0.232600331 63.782531738 -0.058454271 0.997632325 -0.036232322 -6.152913094 -0.234415799 0.021562541 0.971897304 121.577232361
0.969935775 0.063934743 0.234812737 63.974670410 -0.056291815 0.997647822 -0.039115913 -6.192015171 -0.236761302 0.024721885 0.971253276 122.410827637
0.970031500 0.057948165 0.235968441 64.185043335 -0.050377458 0.998007357 -0.037992328 -6.231254578 -0.237699866 0.024966257 0.971017778 123.260009766
0.970390260 0.051466621 0.235995129 64.394119263 -0.043452807 0.998292446 -0.039037064 -6.280878067 -0.237601280 0.027626548 0.970969856 124.048278809
0.970122755 0.050359618 0.237330467 64.599952698 -0.042266563 0.998342156 -0.039069474 -6.325717449 -0.238904536 0.027871044 0.970642984 124.889289856
0.969633698 0.052490674 0.238862500 64.806716919 -0.045018587 0.998314023 -0.036634665 -6.358363628 -0.240382805 0.024768956 0.970362127 125.724678040
0.969140470 0.055082835 0.240276277 64.989051819 -0.049115080 0.998319387 -0.030759836 -6.398673058 -0.241566762 0.018009415 0.970217109 126.534454346
0.968711793 0.058506738 0.241194054 65.190261841 -0.053712580 0.998207211 -0.026409619 -6.441168785 -0.242306769 0.012628151 0.970117569 127.371856689
0.968501031 0.057504851 0.242278591 65.394660950 -0.050948832 0.998147845 -0.033244178 -6.480381966 -0.243741512 0.019853212 0.969637096 128.204833984
0.968861163 0.053589359 0.241735652 65.592094421 -0.043360833 0.997932553 -0.047439978 -6.523500443 -0.243778124 0.035480890 0.969181836 128.974670410
0.969165683 0.051790964 0.240905687 65.803581238 -0.039303686 0.997636795 -0.056357242 -6.568937302 -0.243255138 0.045151025 0.968910933 129.790252686
