0.999998629 0.001607897 -0.000312963 0.025823284 -0.001607736 0.999998569 0.000512543 -0.019700935 0.000313787 -0.000512039 0.999999821 1.542137623
0.999997675 -0.001796167 -0.001179019 0.001760835 0.001798179 0.999996901 0.001707905 -0.036678437 0.001175948 -0.001710021 0.999997795 2.383881569
0.999993742 -0.003322281 -0.001182491 -0.003999646 0.003323111 0.999994159 0.000701361 -0.056688383 0.001180154 -0.000705286 0.999999046 3.743477821
0.999991238 -0.003937358 -0.001384383 -0.005445334 0.003938615 0.999991953 0.000907898 -0.076916099 0.001380797 -0.000913343 0.999998629 4.982866764
0.999989510 -0.004223257 -0.001776578 -0.002808913 0.004226287 0.999989569 0.001705209 -0.096450455 0.001769358 -0.001712700 0.999996960 6.245035172
0.999989212 -0.004277484 -0.001810421 0.018563252 0.004280870 0.999989033 0.001870723 -0.115322158 0.001802399 -0.001878452 0.999996603 7.868641376
0.999994576 -0.002923894 -0.001503792 0.009022429 0.002926451 0.999994397 0.001700997 -0.130513042 0.001498810 -0.001705388 0.999997377 9.157818794
0.999995649 -0.002261808 -0.001910636 0.007444009 0.002261898 0.999997497 0.000045480 -0.139286503 0.001910528 -0.000049802 0.999998152 9.627432823
0.999997258 0.000941382 -0.002201265 0.004025109 -0.000946398 0.999996960 -0.002278979 -0.179548144 0.002199112 0.002281056 0.999994934 11.811714172
0.999987900 0.004561490 -0.001860857 -0.004616933 -0.004567627 0.999984086 -0.003306850 -0.190398306 0.001845743 0.003315310 0.999992788 12.424112320
0.999973774 0.006790902 -0.002506274 -0.009088289 -0.006799645 0.999970794 -0.003496850 -0.224460974 0.002482455 0.003513800 0.999990761 14.433051109
0.999962747 0.008180109 -0.002744501 -0.020064931 -0.008187862 0.999962509 -0.002825564 -0.239834949 0.002721285 0.002847930 0.999992192 15.334343910
0.999975979 0.006587946 -0.002162020 -0.011903092 -0.006589815 0.999977887 -0.000858736 -0.259929180 0.002156315 0.000872962 0.999997318 17.172292709
0.999994993 0.002515059 -0.001947260 -0.030292252 -0.002513984 0.999996662 0.000554659 -0.266391456 0.001948648 -0.000549761 0.999997973 18.089794159
0.999996662 -0.001614734 -0.002016539 -0.003014281 0.001612854 0.999998271 -0.000933488 -0.303754240 0.002018045 0.000930232 0.999997556 19.947025299
0.999995112 -0.002000018 -0.002403979 -0.014375206 0.001990675 0.999990523 -0.003882388 -0.310094774 0.002411720 0.003877583 0.999989629 20.943363190
0.999997258 -0.002241507 -0.000657409 -0.005934728 0.002238589 0.999987781 -0.004406983 -0.349508554 0.000667277 0.004405499 0.999989986 22.670276642
0.999998748 -0.000015243 -0.001596727 -0.003377188 0.000011077 0.999996662 -0.002608707 -0.363438904 0.001596762 0.002608686 0.999995291 23.734928131
0.999999821 0.000513136 -0.000184425 -0.004216994 -0.000512876 0.999998808 0.001413134 -0.400076061 0.000185152 -0.001413039 0.999998987 25.382411957
0.999998331 -0.001719165 -0.000617663 -0.010155948 0.001720685 0.999995470 0.002469921 -0.404705048 0.000613414 -0.002470979 0.999996781 26.497844696
0.999942660 -0.010582539 0.001626319 0.051932596 0.010577831 0.999939919 0.002876548 -0.386803776 -0.001656662 -0.002859181 0.999994516 28.429319382
0.999941528 -0.010767683 0.000983296 0.040394690 0.010767240 0.999941945 0.000455438 -0.398719370 -0.000988142 -0.000444824 0.999999344 29.575315475
0.999934673 -0.011246379 0.002028993 0.053493313 0.011250701 0.999934375 -0.002131162 -0.426817536 -0.002004894 0.002153851 0.999995589 31.190252304
0.999975324 -0.006842957 0.001554353 0.050681360 0.006848062 0.999971092 -0.003303140 -0.443543375 -0.001531705 0.003313703 0.999993265 32.378368378
0.999958456 -0.008704744 0.002700801 0.053641219 0.008717070 0.999951601 -0.004586381 -0.476346314 -0.002660744 0.004609734 0.999985814 33.934310913
0.999972641 -0.007252377 0.001409993 0.079691127 0.007257947 0.999965787 -0.003986196 -0.504239440 -0.001381035 0.003996320 0.999991059 35.104415894
0.999953806 -0.009039425 0.003245705 0.061433204 0.009048303 0.999955356 -0.002731301 -0.536121905 -0.003220870 0.002760542 0.999991000 36.659400940
0.999965549 -0.007922305 0.002471081 0.052657757 0.007925535 0.999967813 -0.001300277 -0.549043238 -0.002460700 0.001319816 0.999996066 37.864322662
0.999992192 -0.003379780 0.002028369 0.055369638 0.003381798 0.999993801 -0.000992282 -0.581396639 -0.002025001 0.000999133 0.999997437 39.503093719
0.999997258 -0.001575392 0.001741754 0.039147407 0.001579138 0.999996424 -0.002151617 -0.575905085 -0.001738357 0.002154361 0.999996185 40.708778381
0.999997556 0.001135029 0.001906396 0.048145603 -0.001132953 0.999998748 -0.001089393 -0.622382343 -0.001907630 0.001087230 0.999997616 42.338619232
0.999998868 0.001387303 0.000619219 0.054193016 -0.001386694 0.999998569 -0.000982997 -0.642468870 -0.000620582 0.000982137 0.999999344 43.544380188
0.999998689 -0.000236348 0.001560452 0.034466710 0.000238385 0.999999106 -0.001304871 -0.674715519 -0.001560142 0.001305241 0.999997914 45.155719757
0.999998748 -0.001271783 -0.000983290 0.063234523 0.001269289 0.999996006 -0.002532335 -0.682437181 0.000986507 0.002531084 0.999996364 46.418666840
0.999998927 -0.001340080 -0.000612749 0.035938025 0.001339175 0.999998033 -0.001474600 -0.725472271 0.000614720 0.001473776 0.999998689 47.983757019
0.999996006 -0.000892583 -0.002699506 0.036979407 0.000890850 0.999999464 -0.000642870 -0.744278312 0.002700075 0.000640461 0.999996126 49.291976929
0.999996483 -0.001492768 -0.002184773 0.021991737 0.001491128 0.999998629 -0.000752111 -0.770857394 0.002185896 0.000748851 0.999997318 50.883979797
0.999990940 -0.001732490 -0.003894558 0.002760306 0.001732500 0.999998569 -0.000000895 -0.788643599 0.003894555 -0.000005853 0.999992430 52.172424316
0.999991536 -0.000934854 -0.004000921 -0.005804703 0.000936412 0.999999404 0.000387170 -0.813852012 0.004000554 -0.000390913 0.999991834 53.768363953
0.999974012 -0.003590570 -0.006243328 -0.009739548 0.003596230 0.999993086 0.000895749 -0.824756920 0.006240065 -0.000918178 0.999980032 55.109123230
0.999973416 -0.004505713 -0.005722729 -0.031172663 0.004514666 0.999988616 0.001552443 -0.861330688 0.005715668 -0.001578238 0.999982417 56.654270172
0.999948919 -0.007093729 -0.007202283 -0.032698005 0.007098298 0.999974668 0.000608822 -0.873099089 0.007197780 -0.000659915 0.999973834 58.001037598
0.999934077 -0.009480475 -0.006478140 -0.041385353 0.009486258 0.999954641 0.000862601 -0.883303285 0.006469668 -0.000923998 0.999978662 59.451702118
0.999931872 -0.009239002 -0.007129813 -0.044948399 0.009246781 0.999956667 0.001058718 -0.903789818 0.007119722 -0.001124573 0.999974012 60.784523010
0.999928832 -0.010429879 -0.005795101 -0.056987554 0.010441253 0.999943614 0.001936389 -0.923962057 0.005774578 -0.001996759 0.999981344 62.333797455
0.999894440 -0.012999654 -0.006495676 -0.055992603 0.013008196 0.999914527 0.001274668 -0.941524804 0.006478553 -0.001359030 0.999978125 63.632671356
0.999873042 -0.014985950 -0.005412542 -0.073780358 0.014990596 0.999887288 0.000818893 -0.971012175 0.005399656 -0.000899928 0.999984980 65.186447144
0.999899089 -0.013245823 -0.005133298 -0.076714545 0.013243142 0.999912202 -0.000555724 -0.987070858 0.005140206 0.000487687 0.999986649 66.523399353
0.999890685 -0.014304191 -0.003746776 -0.098120198 0.014303881 0.999897659 -0.000109687 -0.979930162 0.003747961 0.000056081 0.999992967 68.061264038
0.999942243 -0.010380058 -0.002790964 -0.131632328 0.010380694 0.999946117 0.000213425 -0.992799819 0.002788599 -0.000242384 0.999996126 69.351379395
0.999954879 -0.009283897 -0.002017652 -0.138102040 0.009288521 0.999954224 0.002294429 -1.021688104 0.001996255 -0.002313066 0.999995351 70.928810120
0.999983966 -0.005505554 -0.001384277 -0.156546831 0.005509462 0.999980867 0.002834667 -1.047872543 0.001368644 -0.002842248 0.999995053 72.193412781
0.999999940 0.000066602 -0.000306464 -0.194252461 -0.000065893 0.999997258 0.002309190 -1.077706337 0.000306617 -0.002309169 0.999997258 73.739433289
0.999994457 0.003323856 0.000221771 -0.182826012 -0.003324091 0.999993801 0.001062023 -1.082745075 -0.000218239 -0.001062753 0.999999404 74.955421448
0.999992549 0.003810911 0.000511033 -0.156248540 -0.003811835 0.999991059 0.001815572 -1.128880739 -0.000504109 -0.001817506 0.999998212 76.501014709
0.999997079 0.002227110 0.000905443 -0.195765495 -0.002229162 0.999994814 0.002271582 -1.149579287 -0.000900379 -0.002273594 0.999997020 77.805320740
0.999992728 0.003614407 0.001212657 -0.191912442 -0.003616622 0.999991775 0.001829640 -1.192278028 -0.001206034 -0.001834012 0.999997616 79.323616028
0.999995887 0.002549979 0.001288325 -0.209295094 -0.002550943 0.999996424 0.000746574 -1.206471443 -0.001286418 -0.000749857 0.999998927 80.566787720
0.999998152 0.001859384 0.000385160 -0.195618674 -0.001859642 0.999998093 0.000668517 -1.223874569 -0.000383915 -0.000669232 0.999999702 81.829238892
0.999999166 0.001261174 -0.000099532 -0.188638076 -0.001261099 0.999998927 0.000764068 -1.246469975 0.000100496 -0.000763943 0.999999702 83.474952698
0.999998450 0.001529594 -0.000797527 -0.180814832 -0.001529420 0.999998868 0.000220377 -1.280894756 0.000797863 -0.000219157 0.999999702 84.655586243
0.999998331 0.001086453 -0.001512261 -0.204413518 -0.001086351 0.999999404 0.000068207 -1.283078909 0.001512333 -0.000066564 0.999998868 85.947715759
0.999997139 0.000305408 -0.002384653 -0.216469526 -0.000301334 0.999998510 0.001708547 -1.328562140 0.002385169 -0.001707824 0.999995708 87.591239929
0.999984324 -0.001762856 -0.005322812 -0.129753083 0.001774877 0.999995887 0.002254367 -1.343592644 0.005318816 -0.002263780 0.999983311 88.795875549
0.999981701 -0.003565300 -0.004870553 -0.228246599 0.003578869 0.999989688 0.002780568 -1.369058013 0.004860590 -0.002797948 0.999984264 90.338340759
0.999962807 -0.006272120 -0.005910120 -0.224800706 0.006291628 0.999974787 0.003288159 -1.396351576 0.005889347 -0.003325221 0.999977112 91.549400330
0.999951839 -0.007376700 -0.006469104 -0.245910019 0.007392391 0.999969780 0.002404864 -1.414492130 0.006451171 -0.002452570 0.999976158 93.053436279
0.999943852 -0.007945207 -0.006997768 -0.241575807 0.007955579 0.999967277 0.001455621 -1.423043132 0.006985973 -0.001511211 0.999974430 94.235000610
0.999945283 -0.007362855 -0.007421292 -0.246237755 0.007368603 0.999972582 0.000747595 -1.442382097 0.007415585 -0.000802239 0.999972165 95.444564819
0.999941707 -0.007919206 -0.007342743 -0.270950824 0.007923469 0.999968469 0.000551430 -1.476362467 0.007338144 -0.000609578 0.999972820 97.061302185
0.999946058 -0.007166268 -0.007524587 -0.277544439 0.007162338 0.999974191 -0.000549161 -1.491990805 0.007528327 0.000495238 0.999971509 98.281257629
0.999949872 -0.006540147 -0.007586047 -0.273120254 0.006539688 0.999978602 -0.000085048 -1.514880419 0.007586441 0.000035433 0.999971151 99.394607544
0.999958456 -0.005654077 -0.007151454 -0.281948715 0.005663329 0.999983132 0.001274167 -1.531308770 0.007144129 -0.001314615 0.999973595 101.101829529
0.999982953 -0.003054345 -0.004976545 -0.364032805 0.003067366 0.999991834 0.002611142 -1.536690831 0.004968529 -0.002626362 0.999984145 102.160995483
0.999971807 -0.003991008 -0.006358550 -0.322768241 0.003998016 0.999991417 0.001089849 -1.565443158 0.006354145 -0.001115239 0.999979198 103.368156433
0.999967575 -0.003888012 -0.007040938 -0.328525305 0.003878534 0.999991477 -0.001359251 -1.608496666 0.007046163 0.001331899 0.999974310 105.122581482
0.999961495 -0.004668682 -0.007433052 -0.299299926 0.004645769 0.999984324 -0.003097026 -1.607182264 0.007447391 0.003062375 0.999967635 106.242591858
0.999956429 -0.005897987 -0.007218448 -0.332740098 0.005881412 0.999980032 -0.002315070 -1.636368990 0.007231954 0.002272515 0.999971271 107.591285706
0.999943972 -0.008021683 -0.006904172 -0.358935118 0.008019321 0.999967754 -0.000369853 -1.665893674 0.006906913 0.000314465 0.999976039 109.052742004
0.999940217 -0.009224128 -0.005878885 -0.377336264 0.009226761 0.999957323 0.000420991 -1.707590818 0.005874749 -0.000475209 0.999982595 110.323173523
0.999937057 -0.010059919 -0.004951615 -0.385133803 0.010053000 0.999948502 -0.001419947 -1.712921143 0.004965647 0.001370079 0.999986708 111.575111389
0.999951541 -0.008785232 -0.004437688 -0.411326647 0.008772519 0.999957323 -0.002876201 -1.758086562 0.004462764 0.002837132 0.999985933 113.026710510
0.999975264 -0.006176713 -0.003367340 -0.419535220 0.006159733 0.999968350 -0.005029910 -1.788846970 0.003398300 0.005009043 0.999981642 114.289382935
0.999994397 -0.001715624 -0.002874149 -0.421094865 0.001699368 0.999982536 -0.005649168 -1.802345157 0.002883791 0.005644252 0.999979854 115.613265991
0.999997854 -0.001901745 -0.000774338 -0.437527299 0.001898528 0.999989629 -0.004133241 -1.818007469 0.000782190 0.004131762 0.999991119 116.965698242
0.999996603 -0.002588548 -0.000319520 -0.441527992 0.002587933 0.999994755 -0.001909746 -1.848296523 0.000324463 0.001908912 0.999998093 118.271476746
0.999996543 -0.002627913 0.000234706 -0.453482062 0.002628267 0.999995410 -0.001520902 -1.874000907 -0.000230707 0.001521514 0.999998808 119.584449768
0.999997258 -0.001652730 0.001660730 -0.445272833 0.001656065 0.999996603 -0.002008345 -1.895681143 -0.001657404 0.002011091 0.999996603 120.896202087
0.999995112 0.000471533 0.003094298 -0.467441916 -0.000460908 0.999993980 -0.003433333 -1.890480518 -0.003095898 0.003431889 0.999989331 122.189819336
0.999987364 0.002535347 0.004332622 -0.482150435 -0.002521103 0.999991357 -0.003289794 -1.932842493 -0.004340925 0.003278830 0.999985218 123.458099365
0.999973834 0.004250635 0.005848690 -0.520051837 -0.004226821 0.999982715 -0.004078134 -1.996011734 -0.005865924 0.004053305 0.999974608 124.919609070
0.999969482 0.004006150 0.006705257 -0.532647848 -0.003974948 0.999981225 -0.004660117 -2.015325546 -0.006723800 0.004633322 0.999966681 126.207038879
0.999966741 0.003020384 0.007575997 -0.520187914 -0.002977208 0.999979317 -0.005703813 -2.017592430 -0.007593068 0.005681067 0.999955058 127.472137451
0.999948204 0.005173218 0.008776681 -0.508137703 -0.005136425 0.999977946 -0.004209598 -2.074138165 -0.008798267 0.004164299 0.999952614 128.833160400
0.999951601 0.003705581 0.009112150 -0.475849748 -0.003679764 0.999989152 -0.002848344 -2.119395733 -0.009122609 0.002814677 0.999954402 130.100189209
0.999947250 0.003417913 0.009685217 -0.484637141 -0.003388929 0.999989748 -0.003007357 -2.134237766 -0.009695398 0.002974375 0.999948502 131.429870605
0.999952853 0.001152853 0.009642743 -0.475646377 -0.001125576 0.999995410 -0.002833790 -2.162391901 -0.009645965 0.002822802 0.999949455 132.735504150
0.999966621 -0.000388813 0.008156652 -0.434734225 0.000409642 0.999996662 -0.002552196 -2.175919533 -0.008155634 0.002555452 0.999963403 134.051467896
0.999957323 -0.001303922 0.009138330 -0.468914628 0.001329614 0.999995112 -0.002805963 -2.208761930 -0.009134626 0.002817995 0.999954283 135.323135376
0.999964178 -0.002720232 0.008017084 -0.468990326 0.002741539 0.999992669 -0.002647919 -2.231298208 -0.008009822 0.002669804 0.999964297 136.604324341
0.999973238 -0.004127176 0.006026413 -0.450739503 0.004138182 0.999989688 -0.001815054 -2.266123295 -0.006018860 0.001839944 0.999980152 137.911697388
0.999972641 -0.005135307 0.005323382 -0.435097337 0.005145553 0.999984860 -0.001912498 -2.287659645 -0.005313481 0.001939838 0.999984026 139.219055176
0.999978662 -0.005222234 0.003911983 -0.432782471 0.005229970 0.999984324 -0.001969703 -2.309084654 -0.003901635 0.001990121 0.999990463 140.522384644
0.999977946 -0.006189865 0.002403918 -0.443715662 0.006195717 0.999977827 -0.002434418 -2.327037811 -0.002388797 0.002449259 0.999994159 141.808334351
0.999978542 -0.006513541 0.000608668 -0.357794821 0.006515188 0.999975026 -0.002744839 -2.342648029 -0.000590775 0.002748745 0.999996006 143.096054077
0.999954879 -0.009469066 -0.000748812 -0.353129864 0.009465300 0.999943316 -0.004883858 -2.380237818 0.000795016 0.004876551 0.999987781 144.386764526
0.999888420 -0.014735964 -0.002436361 -0.334300905 0.014720193 0.999871373 -0.006369745 -2.379671097 0.002529912 0.006333170 0.999976754 145.731521606
0.999576211 -0.029086877 0.001155837 -0.221040517 0.029087320 0.999576926 -0.000367471 -2.352523327 -0.001144659 0.000400935 0.999999285 148.277252197
0.999367654 -0.035551608 -0.000406781 -0.213631541 0.035551947 0.999367476 0.000850134 -2.363742828 0.000376302 -0.000864059 0.999999583 149.624252319
0.999227166 -0.039258447 -0.001931084 -0.219597876 0.039252333 0.999224484 -0.003107896 -2.370211601 0.002051595 0.003029694 0.999993265 150.894393921
0.999291003 -0.037611652 -0.001703487 -0.199954033 0.037600420 0.999273598 -0.006204990 -2.405687809 0.001935629 0.006136540 0.999979317 152.325500488
0.999408364 -0.034381554 -0.000901353 -0.215385363 0.034372944 0.999374986 -0.008263822 -2.441060543 0.001184912 0.008227951 0.999965489 153.646682739
0.999466777 -0.032653585 -0.000025730 -0.226703897 0.032651938 0.999423563 -0.009294151 -2.453149319 0.000329201 0.009288356 0.999956846 154.980346680
0.999246597 -0.038792532 0.001153216 -0.217347652 0.038797300 0.999237180 -0.004449115 -2.520091295 -0.000979744 0.004490503 0.999989450 156.408416748
0.999065042 -0.043205556 0.001471170 -0.216747731 0.043209013 0.999063134 -0.002405771 -2.534339428 -0.001365849 0.002467088 0.999996066 157.730422974
0.998894989 -0.046989981 0.000798314 -0.205228746 0.046990614 0.998894989 -0.000796171 -2.558819294 -0.000760021 0.000832804 0.999999404 159.045745850
0.998867869 -0.047565233 0.000636310 -0.194258958 0.047565751 0.998867869 -0.000831820 -2.591335058 -0.000596024 0.000861143 0.999999464 160.446350098
0.998964012 -0.045489062 0.001294160 -0.195075542 0.045489673 0.998964727 -0.000444676 -2.616075754 -0.001272593 0.000503085 0.999999046 161.771469116
0.999175489 -0.040507384 0.002735335 -0.211035341 0.040513419 0.999176621 -0.002188782 -2.625108719 -0.002644420 0.002297794 0.999993861 163.087509155
0.999263644 -0.038096506 0.004560937 -0.210559309 0.038113989 0.999266148 -0.003810017 -2.645470142 -0.004412442 0.003981047 0.999982357 164.741760254
0.999349535 -0.035665099 0.005325018 -0.221242368 0.035688587 0.999353468 -0.004384191 -2.675176144 -0.005165212 0.004571382 0.999976277 166.070388794
0.999460578 -0.032420997 0.005240388 -0.219292581 0.032442763 0.999465108 -0.004123718 -2.695336819 -0.005103889 0.004291504 0.999977767 167.417877197
0.999454081 -0.032382689 0.006541638 -0.280593514 0.032404128 0.999469757 -0.003198587 -2.755395889 -0.006434590 0.003408819 0.999973476 169.044342041
0.999573410 -0.028526310 0.006262304 -0.278955340 0.028566411 0.999571383 -0.006410423 -2.781278849 -0.006076754 0.006586581 0.999959826 170.369003296
0.999658704 -0.025556503 0.005420698 -0.269561052 0.025604356 0.999632061 -0.008949653 -2.803924561 -0.005189983 0.009085391 0.999945223 171.656402588
0.999802113 -0.019240623 0.005049125 -0.282819271 0.019294821 0.999754310 -0.010914546 -2.837487459 -0.004837881 0.011009809 0.999927640 173.016143799
0.999824286 -0.017238578 0.007360153 -0.371310711 0.017298175 0.999817371 -0.008111631 -2.920309067 -0.007218977 0.008237526 0.999939978 174.645217896
0.999852955 -0.015564008 0.007192917 -0.363666654 0.015612897 0.999855042 -0.006791015 -2.931378841 -0.007086179 0.006902319 0.999951005 175.971405029
0.999877036 -0.013747093 0.007547798 -0.384045243 0.013781941 0.999894559 -0.004584622 -2.953306913 -0.007483976 0.004688082 0.999961019 177.273254395
0.999840081 -0.016952794 0.005694872 -0.321021199 0.016974330 0.999848902 -0.003754872 -2.981239319 -0.005630356 0.003850938 0.999976754 178.799194336
0.999827623 -0.018170452 0.003830903 -0.322504163 0.018186161 0.999826252 -0.004106161 -2.993454456 -0.003755627 0.004175122 0.999984264 180.149780273
0.999805093 -0.019673873 0.001641233 -0.351280153 0.019686449 0.999773920 -0.008036464 -3.036045790 -0.001482754 0.008067206 0.999966443 181.555709839
0.999868274 -0.016232928 0.000058432 -0.361434549 0.016232425 0.999793053 -0.012263929 -3.077371120 0.000140660 0.012263261 0.999924779 182.900207520
0.999934554 -0.011436665 -0.000363835 -0.285797298 0.011430801 0.999845803 -0.013328779 -3.085193634 0.000516217 0.013323747 0.999911129 184.392440796
0.999967158 -0.008103440 -0.000417668 -0.315271378 0.008097399 0.999884486 -0.012860543 -3.111181498 0.000521836 0.012856737 0.999917269 185.706970215
0.999978721 -0.006522711 -0.000383743 -0.340621859 0.006518617 0.999930322 -0.009846560 -3.124512434 0.000447943 0.009843851 0.999951541 187.045013428
0.999982059 -0.005984574 -0.000276269 -0.307800472 0.005982334 0.999953985 -0.007498704 -3.173676491 0.000321133 0.007496915 0.999971867 188.504531860
0.999974668 -0.007078031 -0.000771602 -0.314283192 0.007072788 0.999953270 -0.006596480 -3.187682629 0.000818255 0.006590857 0.999977946 189.869003296
0.999967515 -0.008054452 -0.000217392 -0.345895529 0.008052905 0.999947369 -0.006364385 -3.208748817 0.000268643 0.006362428 0.999979734 191.201522827
0.999943197 -0.010656357 -0.000122411 -0.361747593 0.010655509 0.999927700 -0.005568518 -3.261140347 0.000181742 0.005566898 0.999984562 192.536178589
0.999954522 -0.009534121 -0.000313584 -0.304534554 0.009531608 0.999928415 -0.007221363 -3.259418488 0.000382411 0.007218047 0.999973893 193.875762939
0.999917030 -0.012875721 -0.000272934 -0.297707498 0.012873765 0.999897599 -0.006245275 -3.293984890 0.000353318 0.006241244 0.999980450 195.203475952
0.999849021 -0.017379545 -0.000216814 -0.291261435 0.017378280 0.999837041 -0.004872561 -3.304490566 0.000301462 0.004868058 0.999988139 196.535934448
0.999839485 -0.017873017 0.001225626 -0.331988931 0.017879242 0.999826133 -0.005274562 -3.347976208 -0.001131139 0.005295630 0.999985337 197.807479858
0.999845505 -0.017555868 0.000810248 -0.305119693 0.017562635 0.999802709 -0.009276011 -3.370804787 -0.000647239 0.009288808 0.999956667 199.377960205
0.999938905 -0.010958165 0.001453886 -0.359170079 0.010978823 0.999826431 -0.015054625 -3.378725767 -0.001288662 0.015069668 0.999885619 200.718841553
0.999993086 -0.001127034 0.003514010 -0.408850312 0.001178143 0.999893010 -0.014575952 -3.430518866 -0.003497206 0.014579992 0.999887645 201.998535156
0.999984562 -0.002179980 0.005111903 -0.242046356 0.002215867 0.999972820 -0.007024825 -3.488229513 -0.005096451 0.007036048 0.999962211 203.508666992
0.999980092 -0.000436412 0.006286404 -0.268486500 0.000471023 0.999984622 -0.005505216 -3.509882450 -0.006283905 0.005508069 0.999965072 204.845397949
0.999979377 0.005123061 0.003875037 -0.405162334 -0.005087627 0.999945641 -0.009099199 -3.522436619 -0.003921443 0.009079297 0.999951124 206.043685913
0.999971509 -0.006369855 0.004054887 -0.229510903 0.006388112 0.999969423 -0.004505554 -3.573962688 -0.004026063 0.004531330 0.999981642 207.743896484
0.999964654 -0.007681551 0.003434947 -0.245079279 0.007699934 0.999955952 -0.005371278 -3.597776890 -0.003393536 0.005397535 0.999979675 209.089721680
0.999968469 -0.007612105 0.002268804 -0.238315314 0.007624599 0.999955475 -0.005549980 -3.634624958 -0.002226456 0.005567104 0.999982059 210.509353638
0.999980032 -0.005857016 0.002423143 -0.231606185 0.005870574 0.999966860 -0.005625560 -3.663998604 -0.002390115 0.005639672 0.999981165 212.034851074
0.999986231 -0.004587701 0.002555746 -0.239032090 0.004600108 0.999977469 -0.004870004 -3.697546959 -0.002533347 0.004881693 0.999984860 213.359893799
0.999984682 -0.005121272 0.002106104 -0.245036006 0.005131951 0.999973774 -0.005096388 -3.734997272 -0.002079950 0.005107117 0.999984741 214.705627441
0.999982297 -0.005733258 0.001604723 -0.239430219 0.005742959 0.999964774 -0.006108196 -3.761218548 -0.001569647 0.006117305 0.999980032 216.348052979
0.999981344 -0.005839308 0.001803895 -0.254081905 0.005851130 0.999960959 -0.006619285 -3.792472601 -0.001765173 0.006629716 0.999976397 217.670623779
0.999982059 -0.005917164 0.000947880 -0.254582226 0.005923511 0.999959052 -0.006839759 -3.821299076 -0.000907369 0.006845251 0.999976158 219.232818604
0.999982953 -0.005753801 0.000946591 -0.269456089 0.005760424 0.999957740 -0.007149745 -3.843724251 -0.000905414 0.007155075 0.999973953 220.639495850
0.999977708 -0.006652321 0.000565829 -0.284070790 0.006656564 0.999946892 -0.007859550 -3.861860752 -0.000513515 0.007863142 0.999968946 222.040664673
0.999989331 -0.004613194 -0.000180306 -0.274463415 0.004611623 0.999957979 -0.007912014 -3.913478851 0.000216797 0.007911100 0.999968708 223.636032104
0.999987900 -0.004874134 -0.000655934 -0.270218790 0.004868750 0.999956310 -0.007972882 -3.942412376 0.000694767 0.007969591 0.999967992 225.064849854
0.999990880 -0.004233746 -0.000501553 -0.303741992 0.004229773 0.999961555 -0.007674009 -3.982928514 0.000534024 0.007671817 0.999970496 226.458175659
0.999985754 -0.005237656 -0.001005274 -0.289884359 0.005229317 0.999953449 -0.008126043 -4.008040428 0.001047789 0.008120672 0.999966502 228.040191650
0.999979615 -0.006205105 -0.001467029 -0.289748371 0.006193024 0.999948025 -0.008101157 -4.065497398 0.001517221 0.008091909 0.999966204 229.485824585
0.999963343 -0.008295520 -0.002118779 -0.279136360 0.008278183 0.999933183 -0.008064697 -4.077652931 0.002185539 0.008046859 0.999965250 230.743988037
0.999929070 -0.011723521 0.002091750 -0.364015043 0.011737806 0.999906898 -0.006952547 -4.109950066 -0.002010048 0.006976607 0.999973655 232.742263794
0.999938011 -0.010980627 0.001834380 -0.357692212 0.010992487 0.999917865 -0.006584881 -4.141034603 -0.001761924 0.006604637 0.999976635 234.173187256
0.999941289 -0.010817530 0.000632363 -0.321222186 0.010821354 0.999921024 -0.006392144 -4.187602043 -0.000563166 0.006398611 0.999979377 235.585220337
0.999938071 -0.011123273 0.000133392 -0.324696004 0.011123927 0.999914408 -0.006886316 -4.233022690 -0.000056783 0.006887374 0.999976277 237.129028320
0.999954104 -0.009446733 0.001590439 -0.359353483 0.009458013 0.999929070 -0.007241304 -4.247927666 -0.001521919 0.007256014 0.999972522 238.592559814
0.999963880 -0.008484293 0.000497633 -0.320262879 0.008486941 0.999948442 -0.005585941 -4.279166698 -0.000450214 0.005589962 0.999984264 240.084152222
0.999942660 -0.010091585 0.003580970 -0.338718593 0.010107741 0.999938667 -0.004522405 -4.313383102 -0.003535112 0.004558342 0.999983370 241.787292480
0.999954343 -0.008203392 0.004903302 -0.352207065 0.008232068 0.999948978 -0.005857212 -4.361122608 -0.004855003 0.005897309 0.999970794 243.203399658
0.999957979 -0.008468093 0.003498274 -0.311779201 0.008492673 0.999938965 -0.007071849 -4.389652252 -0.003438175 0.007101262 0.999968886 244.665771484
0.999946594 -0.009038649 0.005011312 -0.342843890 0.009071743 0.999936879 -0.006620825 -4.426179409 -0.004951152 0.006665933 0.999965549 246.331344604
0.999948800 -0.009366438 0.003830351 -0.332485557 0.009390297 0.999936283 -0.006259552 -4.437528133 -0.003771477 0.006295200 0.999973059 247.804901123
0.999942839 -0.009422580 0.005039028 -0.369231939 0.009452056 0.999938190 -0.005858162 -4.478092194 -0.004983518 0.005905456 0.999970138 249.251144409
0.999947369 -0.009126894 0.004683758 -0.354311109 0.009151968 0.999943852 -0.005360415 -4.532957077 -0.004634570 0.005402999 0.999974668 250.982574463
0.999958038 -0.007732673 0.004916925 -0.366753221 0.007762952 0.999950826 -0.006168903 -4.545709133 -0.004868981 0.006206814 0.999968886 252.472671509
0.999964535 -0.006448696 0.005423794 -0.368920922 0.006482394 0.999959648 -0.006218454 -4.571519852 -0.005383475 0.006253392 0.999965966 253.887222290
0.999963045 -0.006706597 0.005377782 -0.371663570 0.006732830 0.999965429 -0.004874812 -4.630379200 -0.005344903 0.004910841 0.999973595 255.548782349
0.999957740 -0.007728625 0.004996229 -0.373721004 0.007757068 0.999953687 -0.005698948 -4.653406620 -0.004951954 0.005737462 0.999971271 257.039215088
0.999942183 -0.009562919 0.004919253 -0.373825312 0.009584430 0.999944568 -0.004367889 -4.689328671 -0.004877211 0.004414785 0.999978304 258.535827637
0.999898851 -0.012565989 0.006664867 -0.444135070 0.012591604 0.999913454 -0.003815335 -4.704796791 -0.006616346 0.003898870 0.999970496 260.376922607
0.999866903 -0.014471022 0.007532923 -0.465381622 0.014506278 0.999884009 -0.004646892 -4.733759403 -0.007464803 0.004755548 0.999960840 261.859588623
0.999850392 -0.016027337 0.006507355 -0.442107797 0.016061157 0.999857605 -0.005178779 -4.770411968 -0.006423427 0.005282523 0.999965370 263.377441406
0.999855280 -0.016200699 0.005198244 -0.392696142 0.016227026 0.999855578 -0.005063079 -4.784250736 -0.005115468 0.005146699 0.999973655 264.849945068
0.999797344 -0.018829234 0.007110205 -0.425958753 0.018843923 0.999820352 -0.002004674 -4.828624725 -0.007071181 0.002138251 0.999972701 266.407379150
0.999758720 -0.020590844 0.007631155 -0.437718391 0.020609705 0.999784648 -0.002401368 -4.862866879 -0.007580066 0.002558064 0.999967992 267.878326416
0.999771953 -0.019967124 0.007569554 -0.412371159 0.019997848 0.999791920 -0.004005152 -4.891029358 -0.007488008 0.004155613 0.999963343 269.362548828
0.999765754 -0.019698905 0.008964675 -0.412575960 0.019734239 0.999797761 -0.003870125 -4.917351723 -0.008886625 0.004046129 0.999952316 270.863067627
0.999812841 -0.016853182 0.009500057 -0.397910357 0.016894443 0.999848068 -0.004279584 -4.947457314 -0.009426489 0.004439280 0.999945700 272.341217041
0.999802232 -0.016895497 0.010489721 -0.390531778 0.016940471 0.999847651 -0.004213499 -4.975963593 -0.010416933 0.004390365 0.999936104 273.787048340
0.999862969 -0.011059271 0.012319813 -0.335873842 0.011126120 0.999923706 -0.005370888 -5.013216019 -0.012259476 0.005507224 0.999909699 275.387084961
0.999869585 -0.008871275 0.013501690 -0.306212664 0.008946912 0.999944627 -0.005552006 -5.046290398 -0.013451690 0.005672080 0.999893427 276.817626953
0.999878347 -0.008641629 0.012989221 -0.273584843 0.008728066 0.999940038 -0.006612630 -5.064390182 -0.012931299 0.006725194 0.999893844 278.329650879
0.999840379 -0.009209972 0.015310888 -0.321998119 0.009311493 0.999935150 -0.006572657 -5.128275394 -0.015249358 0.006714176 0.999861121 279.919250488
0.999799788 -0.013642509 0.014639994 -0.236586571 0.013738496 0.999884665 -0.006476101 -5.114080429 -0.014549956 0.006675936 0.999871790 281.389160156
0.999795973 -0.012951638 0.015500377 -0.251470089 0.013027102 0.999903798 -0.004777553 -5.182476044 -0.015437006 0.004978503 0.999868393 282.840179443
0.999774277 -0.013575096 0.016341876 -0.244155407 0.013660840 0.999893367 -0.005146822 -5.197328568 -0.016270269 0.005368903 0.999853134 284.383209229
0.999746501 -0.015892288 0.015945986 -0.220262527 0.015995227 0.999851882 -0.006348898 -5.255386353 -0.015842726 0.006602347 0.999852657 285.845733643
0.999731660 -0.016396875 0.016361317 -0.226749897 0.016573926 0.999804854 -0.010745112 -5.247964859 -0.016181940 0.011013399 0.999808311 287.428894043
0.999714613 -0.018682288 0.014886635 -0.170942307 0.018816000 0.999783397 -0.008893132 -5.308977127 -0.014717268 0.009170702 0.999849558 288.932678223
0.999674499 -0.021513544 0.013713070 -0.149943829 0.021644961 0.999720514 -0.009508347 -5.317925453 -0.013504677 0.009802072 0.999860704 290.438323975
0.999713421 -0.020230984 0.012809090 -0.122281790 0.020359952 0.999742448 -0.010019676 -5.369562149 -0.012603086 0.010277598 0.999867737 291.929534912
0.999702871 -0.021192772 0.012053396 -0.106705666 0.021307625 0.999728024 -0.009481467 -5.411777496 -0.011849181 0.009735478 0.999882400 293.342010498
0.999782503 -0.017660758 0.011092379 -0.094344854 0.017773310 0.999790728 -0.010131677 -5.452946663 -0.010911124 0.010326623 0.999887168 294.883483887
0.999776661 -0.018350678 0.010489423 -0.091704369 0.018453350 0.999781907 -0.009776874 -5.492604256 -0.010307724 0.009968257 0.999897242 296.392883301
0.999771535 -0.019204877 0.009383788 -0.096600771 0.019279988 0.999782264 -0.007980943 -5.532821655 -0.009228473 0.008160037 0.999924123 297.927490234
0.999807775 -0.017273458 0.009287091 -0.121347427 0.017340580 0.999823749 -0.007196711 -5.545047283 -0.009161144 0.007356371 0.999930918 299.371887207
0.999796927 -0.017711043 0.009626511 -0.085009336 0.017771391 0.999822736 -0.006219680 -5.612194538 -0.009514648 0.006389494 0.999934316 300.934997559
0.999795377 -0.017236756 0.010596798 -0.083840609 0.017307613 0.999828219 -0.006631743 -5.639096737 -0.010480667 0.006813792 0.999921799 302.460723877
0.999762654 -0.018767998 0.011072773 -0.064564943 0.018841913 0.999800622 -0.006609545 -5.677773476 -0.010946518 0.006816608 0.999916852 303.916381836
0.999720693 -0.023299266 0.003955729 0.049013257 0.023325356 0.999705672 -0.006684397 -5.768949032 -0.003798824 0.006774800 0.999969840 307.299316406
0.999678671 -0.024915904 0.004656383 0.044868350 0.024956757 0.999648631 -0.008932497 -5.804209709 -0.004432186 0.009045836 0.999949276 308.832214355
0.999665260 -0.025561484 0.003974910 0.082580924 0.025597937 0.999627948 -0.009408934 -5.855773926 -0.003732926 0.009507535 0.999947786 310.370300293
0.999677300 -0.025318310 0.002035030 0.024475336 0.025337882 0.999626398 -0.010249543 -5.902095795 -0.001774768 0.010297800 0.999945343 312.053833008
0.999703348 -0.024354378 -0.000109263 0.004016288 0.024352090 0.999654233 -0.009921151 -5.933213234 0.000350848 0.009915546 0.999950767 313.577667236
0.999745309 -0.022567537 -0.000130584 -0.012548786 0.022566266 0.999725580 -0.006289535 -5.968945026 0.000272488 0.006284987 0.999980211 315.099426270
0.999672294 -0.025595203 0.000354404 -0.016214803 0.025596131 0.999668062 -0.002927348 -6.026373386 -0.000279360 0.002935460 0.999995649 316.854156494
0.999666095 -0.025826400 0.000884550 -0.046831697 0.025828661 0.999662876 -0.002644936 -6.043228626 -0.000815943 0.002666899 0.999996126 318.372802734
0.999623537 -0.027400116 0.001410320 -0.064613193 0.027404733 0.999618769 -0.003366409 -6.069772720 -0.001317542 0.003403792 0.999993324 319.893402100
0.999552190 -0.029868307 0.001784454 -0.054055274 0.029871996 0.999551594 -0.002077579 -6.169143677 -0.001721602 0.002129954 0.999996245 321.652648926
0.999585330 -0.028657012 0.002808688 -0.082919061 0.028664587 0.999585509 -0.002695414 -6.175094128 -0.002730282 0.002774807 0.999992430 323.193603516
0.999601305 -0.027965650 0.003881613 -0.102950811 0.027974073 0.999606431 -0.002132943 -6.243505001 -0.003820437 0.002240677 0.999990165 324.639892578
0.999616623 -0.027577715 0.002475175 -0.009909630 0.027584190 0.999616027 -0.002619314 -6.272951126 -0.002401990 0.002686584 0.999993503 326.425720215
0.999689579 -0.024684671 0.003384639 -0.010024548 0.024696598 0.999688804 -0.003528025 -6.322489738 -0.003296498 0.003610518 0.999988019 327.944458008
0.999602973 -0.027940687 0.003626900 -0.006781101 0.027944332 0.999608994 -0.000958355 -6.348809719 -0.003598705 0.001059326 0.999992907 329.626159668
0.999581397 -0.027965158 0.007402978 -0.182407856 0.027972300 0.999608338 -0.000862826 -6.347887993 -0.007375949 0.001069543 0.999972165 331.014801025
0.999565601 -0.029172665 0.004195802 -0.009215355 0.029183440 0.999570787 -0.002529788 -6.362655640 -0.004120200 0.002651137 0.999987960 332.827087402
0.999605775 -0.027715918 0.004516506 -0.013316870 0.027726972 0.999612629 -0.002403426 -6.395366192 -0.004448142 0.002527708 0.999986887 334.372253418
0.999675512 -0.025081171 0.004442971 -0.029815316 0.025103748 0.999671876 -0.005100377 -6.415603161 -0.004313590 0.005210258 0.999977112 335.879669189
0.999698222 -0.024325641 0.003425801 -0.007513642 0.024350028 0.999677181 -0.007268080 -6.468383789 -0.003247896 0.007349306 0.999967694 337.572357178
0.999751449 -0.022064727 0.003184926 -0.022904634 0.022087527 0.999729335 -0.007311140 -6.505934715 -0.003022746 0.007379668 0.999968231 339.099243164
0.999739349 -0.022769218 0.001679269 -0.008681118 0.022774229 0.999736011 -0.003026071 -6.545626640 -0.001609924 0.003063526 0.999994040 340.705810547
0.999755919 -0.022078428 0.000843874 -0.010205835 0.022078250 0.999756217 0.000220866 -6.582357883 -0.000848545 -0.000202181 0.999999642 342.212768555
0.999773681 -0.021251932 -0.000949190 -0.017857313 0.021250553 0.999773145 -0.001435679 -6.609437466 0.000979486 0.001415185 0.999998510 343.880249023
0.999775112 -0.021080434 -0.002284177 -0.035697877 0.021072442 0.999771953 -0.003468200 -6.635730743 0.002356766 0.003419288 0.999991357 345.368988037
0.999723017 -0.023085559 -0.004564347 -0.036442399 0.023077374 0.999732018 -0.001837231 -6.676558495 0.004605537 0.001731389 0.999987841 347.015441895
0.999686241 -0.024448736 -0.005450357 -0.046294928 0.024442453 0.999700606 -0.001215781 -6.711336613 0.005478449 0.001082180 0.999984384 348.537841797
0.999680758 -0.024661535 -0.005492091 -0.074071288 0.024651038 0.999694169 -0.001971484 -6.740730286 0.005539031 0.001835468 0.999982953 350.145935059
0.999652565 -0.025716195 -0.005784904 -0.084407449 0.025699206 0.999665320 -0.002991645 -6.767258167 0.005859901 0.002841938 0.999978721 351.680938721
0.999594450 -0.027756933 -0.006380026 -0.089540958 0.027741091 0.999611855 -0.002558787 -6.799723148 0.006448574 0.002380760 0.999976397 353.282501221
0.999565065 -0.028815262 -0.006287225 -0.111546516 0.028797809 0.999581158 -0.002849256 -6.830851555 0.006366693 0.002666959 0.999976218 354.819793701
0.999726474 -0.022756681 -0.005390191 -0.120087743 0.022726631 0.999726176 -0.005572563 -6.849619865 0.005515528 0.005448537 0.999969900 356.383026123
0.999747813 -0.021902496 -0.004956626 -0.147531629 0.021869505 0.999738991 -0.006615280 -6.879890442 0.005100223 0.006505214 0.999965847 357.939147949
0.999817371 -0.018465953 -0.004911498 -0.145509005 0.018426942 0.999799192 -0.007873238 -6.956794262 0.005055898 0.007781297 0.999956965 359.431335449
0.999819219 -0.018295307 -0.005182005 -0.151383877 0.018250570 0.999796867 -0.008552059 -7.001475811 0.005337412 0.008455938 0.999950051 360.997558594
0.999799490 -0.019400794 -0.004955842 -0.165983438 0.019349406 0.999760568 -0.010214747 -7.036585808 0.005152830 0.010116807 0.999935567 362.538024902
0.999776125 -0.020565718 -0.004980208 -0.172492266 0.020523326 0.999753952 -0.008418366 -7.073791504 0.005152112 0.008314272 0.999952197 364.076904297
0.999725282 -0.022816112 -0.005365563 -0.178365707 0.022776773 0.999714017 -0.007283160 -7.119789124 0.005530202 0.007158950 0.999959111 365.649475098
0.999714136 -0.023327561 -0.005245997 -0.200297475 0.023286249 0.999698400 -0.007803220 -7.163633823 0.005426444 0.007678830 0.999955833 367.193359375
0.999739110 -0.022329902 -0.004801185 -0.209635139 0.022286698 0.999712288 -0.008870359 -7.193583965 0.004997878 0.008761044 0.999949098 368.753753662
0.999774754 -0.020702604 -0.004669845 -0.223069549 0.020667017 0.999757946 -0.007543246 -7.251353264 0.004824880 0.007445036 0.999960661 370.311920166
0.999799311 -0.019634211 -0.003960072 -0.246347308 0.019606248 0.999783397 -0.006981467 -7.273562431 0.004096289 0.006902425 0.999967813 371.861663818
0.999793887 -0.020029549 -0.003305231 -0.278647900 0.020006076 0.999775410 -0.006988344 -7.316039085 0.003444462 0.006920779 0.999970138 373.424926758
0.999778628 -0.020673407 -0.003911945 -0.268018723 0.020642344 0.999756277 -0.007820487 -7.352697372 0.004072668 0.007738004 0.999961734 375.021759033
0.999790728 -0.020126456 -0.003668352 -0.289001226 0.020093095 0.999758422 -0.008915192 -7.376731873 0.003846896 0.008839618 0.999953508 376.626617432
0.999807119 -0.019321958 -0.003506349 -0.291248202 0.019292306 0.999779403 -0.008301890 -7.432934284 0.003665985 0.008232644 0.999959409 378.176971436
0.999832869 -0.017964059 -0.003406445 -0.316651702 0.017935900 0.999806166 -0.008123914 -7.471517563 0.003551723 0.008061458 0.999961257 379.792358398
0.999850929 -0.016944446 -0.003301562 -0.315260649 0.016918322 0.999826491 -0.007785883 -7.502160072 0.003432917 0.007728866 0.999964178 381.351440430
0.999887943 -0.014678107 -0.002963348 -0.328616560 0.014650208 0.999850094 -0.009225275 -7.542692184 0.003098313 0.009180828 0.999953032 382.944793701
0.999905646 -0.013584209 -0.002050061 -0.347737610 0.013563917 0.999861896 -0.009604642 -7.586404800 0.002180249 0.009575929 0.999951780 384.521057129
