0.951509953 -0.099955618 0.290925682 -114.443336487 -0.061875712 0.864217818 0.499298573 -24.926692963 -0.301330835 -0.493088812 0.816126943 -35.231140137
0.307250142 -0.168846220 0.936529875 -85.785140991 0.069885537 0.985479772 0.154743791 -10.534300804 -0.949059248 0.017904868 0.314588726 2.979066849
-0.430809915 -0.310742944 0.847255290 -79.248458862 -0.193980619 0.948787570 0.249346584 -11.607956886 -0.881347954 -0.056930117 -0.469025284 41.939243317
0.055652674 0.028817466 0.998034179 -67.909881592 -0.102635771 0.994453251 -0.022990890 1.189040422 -0.993160903 -0.101154514 0.058301687 8.994590759
0.050211340 0.045363333 0.997707844 -65.182228088 -0.070627958 0.996628225 -0.041759774 1.537936926 -0.996238232 -0.068369292 0.053245932 10.336645126
0.159141421 0.017574281 0.987099349 -60.750286102 -0.041204192 0.999088585 -0.011144750 0.312045157 -0.986395597 -0.038899042 0.159720510 7.278088570
0.284322023 -0.013338994 0.958635986 -54.926959991 -0.059756182 0.997712553 0.031605761 -0.657467067 -0.956864893 -0.066270649 0.282874495 4.524440765
0.494818926 0.009243280 0.868946970 -51.160140991 -0.030219428 0.999521673 0.006576078 0.019461453 -0.868470490 -0.029513061 0.494861633 -1.807167053
0.606936574 0.032480732 0.794086158 -49.274597168 -0.023175189 0.999462903 -0.023168057 0.566015542 -0.794412136 -0.004341551 0.607363462 -5.700277328
0.753492177 0.036865801 0.656422317 -43.663627625 -0.018696303 0.999224365 -0.034657076 0.768764257 -0.657190859 0.013841122 0.753597081 -10.622076035
0.756153047 0.038479369 0.653262377 -43.222297668 -0.020107748 0.999164522 -0.035579383 0.743016958 -0.654085696 0.013767783 0.756295085 -10.117527008
0.832825303 0.089929529 0.546181738 -32.611511230 -0.074558049 0.995947361 -0.050296914 0.723472595 -0.548491657 0.001166254 0.836155236 -3.461999893
0.835227728 0.087800808 0.542849481 -32.175678253 -0.072045878 0.996133924 -0.050265577 0.676110327 -0.545164287 0.002873090 0.838324487 -2.826302528
0.589987934 0.008452572 0.807367742 -52.929466248 -0.001870069 0.999956846 -0.009102329 0.018541932 -0.807409823 0.003860452 0.589978337 -0.042034149
0.592829585 0.008274402 0.805285394 -52.232818604 -0.000100630 0.999948025 -0.010200551 0.017328858 -0.805327892 0.005966173 0.592799604 0.449968338
0.772716939 0.061831214 0.631732285 -42.475723267 -0.017589197 0.996947885 -0.076062366 1.020482302 -0.634507298 0.047663003 0.771445930 0.900974274
0.774525702 0.065148205 0.629178524 -41.905250549 -0.018937595 0.996624291 -0.079882964 0.960574746 -0.632258952 0.049956281 0.773144841 1.592571259
0.742900729 0.045837414 0.667830229 -65.051986694 -0.012343398 0.998421371 -0.054797113 1.082534790 -0.669287682 0.032465506 0.742293715 -1.845136642
0.745040178 0.045760896 0.665447891 -64.409500122 -0.012628792 0.998432875 -0.054520074 1.032057166 -0.666900039 0.032215826 0.744450510 -1.153232574
0.269429207 -0.015466332 0.962895930 -229.313171387 -0.003361985 0.999849856 0.017000608 -2.642271757 -0.963014364 -0.007817715 0.269336700 29.917297363
0.272172689 -0.016668681 0.962103963 -228.383163452 -0.003854824 0.999823093 0.018412665 -2.628188133 -0.962240756 -0.008720179 0.272060215 30.177108765
0.138232738 0.229253456 0.963501215 -194.467041016 -0.418199539 0.895369649 -0.153043628 9.137353897 -0.897775531 -0.381780148 0.219643116 16.251838684
0.141708955 0.230118826 0.962789595 -193.529312134 -0.418583572 0.895303488 -0.152379230 8.976291656 -0.897054315 -0.381414443 0.223196492 16.453643799
0.001466431 0.092132941 0.995745599 -240.392333984 -0.619095981 0.782058239 -0.071449518 -1.671457291 -0.785313964 -0.616357327 0.058185957 36.536338806
0.003786211 0.090876818 0.995854855 -239.415466309 -0.618582487 0.782678008 -0.069071576 -1.748826981 -0.785710752 -0.615756869 0.059178192 36.581932068
0.995649338 0.026224136 -0.089411795 -0.322577715 -0.031113287 0.998070598 -0.053732432 -0.092530608 0.087830238 0.056280568 0.994544268 4.411334038
0.995584071 0.027128791 -0.089868061 -0.403634667 -0.031645723 0.998286366 -0.049223259 -0.160023749 0.088378742 0.051849846 0.994736493 5.386415958
0.319122672 -0.293325245 0.901177526 -319.821350098 -0.213085681 0.904341340 0.369812399 -3.851921082 -0.923447490 -0.310043573 0.226092398 46.717250824
0.318548501 -0.293459684 0.901336908 -318.924438477 -0.213843584 0.904110670 0.369938910 -3.486793518 -0.923470616 -0.310588598 0.225248605 46.945903778
0.319147438 -0.291016042 0.901917160 -318.038635254 -0.213523835 0.905135214 0.367610812 -3.142028809 -0.923337758 -0.309902847 0.226732746 47.136245728
-0.437959909 -0.031429522 0.898444891 -318.215148926 -0.247370243 0.965022981 -0.086825609 -3.602027893 -0.864291072 -0.260274708 -0.430416077 49.057762146
-0.438326001 -0.028086595 0.898377061 -317.334533691 -0.247200891 0.964733422 -0.090450317 -3.689842224 -0.864153922 -0.261726409 -0.429810733 48.631355286
-0.051857322 -0.075483784 0.995797575 -317.119018555 -0.065314665 0.995260715 0.072041720 -3.435920715 -0.996516347 -0.061304297 -0.056541767 50.637496948
-0.051156051 -0.079331443 0.995534718 -316.138366699 -0.063810684 0.995062768 0.076014861 -3.357904434 -0.996650040 -0.059637133 -0.055965681 50.578323364
-0.181937754 -0.094248608 0.978782773 -316.007385254 -0.044687100 0.995160043 0.087519079 -3.264120102 -0.982294142 -0.027815944 -0.185268909 52.239967346
-0.180424646 -0.091324054 0.979339957 -315.046783447 -0.039551850 0.995548546 0.085548855 -3.171936035 -0.982793272 -0.023299593 -0.183233589 52.044460297
-0.160686776 -0.026845137 0.986640275 -314.890563965 -0.140265778 0.990105391 0.004095383 -3.080970287 -0.976987779 -0.137733832 -0.162862331 53.841625214
-0.158639267 -0.022780716 0.987073720 -313.911010742 -0.141032696 0.990005016 0.000182061 -3.084806681 -0.977211952 -0.139180839 -0.160266519 53.683509827
-0.040174417 -0.079144053 0.996053278 -313.762786865 -0.067729786 0.994780958 0.076311171 -2.923730850 -0.996894479 -0.064396724 -0.045325167 55.484771729
-0.038957305 -0.080006279 0.996032774 -312.767181396 -0.067790523 0.994704604 0.077248141 -2.848981857 -0.996938646 -0.064512223 -0.044174667 55.444694519
-0.036846619 -0.082849398 0.995880604 -311.792907715 -0.070215248 0.994309008 0.080120750 -2.779203415 -0.996851027 -0.066973835 -0.042454217 55.397560120
-0.418490410 -0.098496228 0.902864456 -311.974304199 0.017624067 0.993034124 0.116502136 -2.742103577 -0.908050179 0.064667158 -0.413839400 58.073371887
-0.416904747 -0.101017289 0.903319359 -311.087066650 0.016617881 0.992792010 0.118692517 -2.628196716 -0.908798277 0.064494714 -0.412221044 57.663444519
-0.168439984 0.007434174 0.985683799 -310.807342529 -0.058380648 0.998140931 -0.017504614 -2.597473145 -0.983981490 -0.060493357 -0.167692870 59.780559540
-0.168216929 0.004748942 0.985738516 -309.828765869 -0.064215191 0.997811615 -0.015765497 -2.614697456 -0.983656049 -0.065951429 -0.167543903 59.637123108
-0.167067423 0.005518039 0.985929906 -308.848419189 -0.064424515 0.997786164 -0.016501259 -2.643231392 -0.983838320 -0.066274904 -0.166342080 59.459709167
0.087956429 -0.033142637 0.995572805 -309.109039307 -0.032822609 0.998807251 0.036150120 -2.360404015 -0.995583415 -0.035856925 0.086763650 62.318710327
0.088306762 -0.030811574 0.995616734 -308.142456055 -0.035070907 0.998805642 0.034020916 -2.331638336 -0.995475709 -0.037921451 0.087120682 62.401062012
0.125732750 -0.038794886 0.991305232 -307.989227295 -0.008638331 0.999154508 0.040197678 -2.210148811 -0.992026567 -0.013617390 0.125291288 63.982978821
0.127001181 -0.040104013 0.991091430 -307.022613525 -0.006875105 0.999122798 0.041309960 -2.180869102 -0.991878748 -0.012060271 0.126614004 64.103607178
-0.698672414 -0.162145138 0.696825445 -306.872467041 -0.293020815 0.953394890 -0.071950942 -2.058738708 -0.652683258 -0.254454553 -0.713622749 65.634445190
-0.697679162 -0.161464214 0.697977841 -306.189483643 -0.295742989 0.952293396 -0.075321063 -2.144659042 -0.652517974 -0.258971989 -0.712147415 64.948593140
-0.696854949 -0.158876240 0.699393749 -305.512573242 -0.296530455 0.951729000 -0.079256602 -2.222442627 -0.653041244 -0.262621909 -0.710328817 64.262641907
-0.341683894 -0.086677313 0.935809374 -305.237854004 -0.166206375 0.985615969 0.030605068 -1.838738918 -0.925001323 -0.145080268 -0.351175457 68.085105896
-0.341324687 -0.089827374 0.935643435 -304.332031250 -0.165007561 0.985690951 0.034437153 -1.827753067 -0.925348520 -0.142634019 -0.351262897 67.747047424
-0.568761647 -0.201234162 0.797505379 -304.141967773 -0.181693017 0.976394951 0.116794132 -1.691856384 -0.802183151 -0.078473188 -0.591898739 69.706756592
-0.568455815 -0.200646281 0.797871530 -303.368255615 -0.179562315 0.976682484 0.117681198 -1.591331482 -0.802879572 -0.076371141 -0.591229260 69.132621765
-0.395967484 -0.114918701 0.911045253 -303.063201904 -0.112780735 0.990712881 0.075950027 -1.537729263 -0.911312461 -0.072674602 -0.405250758 71.309371948
-0.395823687 -0.112369150 0.911425650 -302.189453125 -0.110309683 0.991117060 0.074287765 -1.468706131 -0.911677241 -0.071134225 -0.404703110 70.924942017
-0.394411892 -0.112601213 0.912008882 -301.312652588 -0.108211771 0.991250098 0.075586900 -1.411678314 -0.912540019 -0.068877712 -0.403145730 70.530578613
-0.181786180 0.034362406 0.982737422 -301.451446533 -0.291952908 0.952439368 -0.087308303 -1.296731949 -0.938998044 -0.302784473 -0.163108125 73.697509766
-0.181310311 0.029948523 0.982969820 -300.545318604 -0.291548699 0.952964664 -0.082810983 -1.384128571 -0.939215600 -0.301598012 -0.164050877 73.544799805
-0.180846065 0.027706267 0.983120978 -299.603576660 -0.293933183 0.952395499 -0.080909662 -1.473621368 -0.938561797 -0.303604066 -0.164093152 73.407958984
-0.187564194 -0.157882765 0.969480634 -299.885223389 -0.229696095 0.966681719 0.112987891 -1.052581787 -0.955017984 -0.201493442 -0.217580020 76.080429077
-0.185787946 -0.150574654 0.970984042 -298.997344971 -0.231841803 0.967005074 0.105596967 -0.959527969 -0.954846680 -0.205496073 -0.214567468 75.887016296
-0.184185892 -0.146224543 0.971953690 -298.103210449 -0.234120965 0.966936171 0.101103544 -0.878986359 -0.954600930 -0.208932891 -0.212330312 75.688270569
-0.036104023 0.056490622 0.997750044 -298.364593506 -0.347361684 0.935438633 -0.065532103 -0.836261749 -0.937035978 -0.348946154 -0.014150381 78.371940613
-0.034903426 0.053677469 0.997947991 -297.477355957 -0.348514587 0.935217738 -0.062492706 -0.903364182 -0.936653316 -0.349980712 -0.013934876 78.366912842
-0.033506479 0.052026872 0.998083413 -296.603332520 -0.351481378 0.934238195 -0.060498342 -0.979234695 -0.935595095 -0.352834880 -0.013016512 78.357376099
-0.041037165 -0.022172999 0.998911500 -296.901092529 -0.247525007 0.968815207 0.011336116 -0.649732590 -0.968012094 -0.246790394 -0.045245804 80.584548950
-0.039569713 -0.022912592 0.998954058 -296.041809082 -0.248636708 0.968517840 0.012365674 -0.641793966 -0.967788219 -0.247887328 -0.044020880 80.557266235
-0.038528893 -0.023505239 0.998980999 -295.175506592 -0.251029551 0.967890978 0.013091925 -0.649034739 -0.967212439 -0.250269324 -0.043192264 80.544219971
-0.124411441 0.010727481 0.992172718 -295.514739990 -0.429502487 0.900823534 -0.063596413 -0.469280243 -0.894454837 -0.434052736 -0.107465290 82.700378418
-0.123402648 0.009882946 0.992307484 -294.718078613 -0.429437727 0.900939643 -0.062377572 -0.525363922 -0.894625604 -0.433831811 -0.106934249 82.622810364
-0.122136541 0.006974814 0.992488742 -293.907104492 -0.431814820 0.899999976 -0.059464395 -0.582599640 -0.893654644 -0.435834169 -0.106911078 82.553421021
-0.120405145 0.002997176 0.992720246 -293.119201660 -0.433601737 0.899405777 -0.055306222 -0.644834518 -0.893024027 -0.437104493 -0.106993526 82.462219238
0.123219214 -0.025115328 0.992061615 -293.775054932 -0.105857328 0.993643343 0.038303368 -0.236739159 -0.986717403 -0.109736718 0.119777299 85.380371094
0.124414973 -0.020651547 0.992015302 -293.036071777 -0.109407663 0.993401527 0.034401882 -0.227142334 -0.986179948 -0.112814210 0.121334560 85.482086182
0.126156926 -0.013212703 0.991922319 -292.327606201 -0.110063568 0.993551433 0.027232729 -0.217501163 -0.985885561 -0.112610124 0.123889148 85.558227539
0.126483858 -0.006358190 0.991948247 -291.623107910 -0.110152364 0.993705034 0.020415001 -0.180745602 -0.985833824 -0.111847632 0.124987252 85.679550171
-0.105677038 -0.019339155 0.994212389 -292.209106445 -0.168801993 0.985649228 0.001230240 -0.050044209 -0.979968488 -0.167695045 -0.107425004 87.819953918
-0.105197065 -0.022400245 0.994199038 -291.535980225 -0.171194106 0.985228896 0.004083937 -0.038504481 -0.979605138 -0.169771418 -0.107477993 87.757057190
-0.103792645 -0.025027579 0.994284034 -290.879455566 -0.171911776 0.985088527 0.006850352 -0.058734894 -0.979629219 -0.170218140 -0.106547512 87.692428589
-0.102816299 -0.021579938 0.994466245 -290.253356934 -0.168753177 0.985650539 0.003941499 -0.069850922 -0.980281115 -0.167414129 -0.104982659 87.628875732
-0.138430715 -0.029060658 0.989945650 -290.796600342 -0.065751068 0.997633696 0.020091929 0.088744164 -0.988187134 -0.062308650 -0.140013993 89.983901978
-0.140272290 -0.024358278 0.989813328 -290.203582764 -0.062010895 0.997950852 0.015770599 0.082734585 -0.988169253 -0.059167035 -0.141495407 89.913208008
-0.142784983 -0.023609499 0.989472032 -289.627532959 -0.064697862 0.997799933 0.014472020 0.102180958 -0.987636983 -0.061950337 -0.143998384 89.819366455
-0.147143945 -0.027320240 0.988737702 -289.065521240 -0.069332048 0.997444451 0.017242823 0.103484154 -0.986682177 -0.066014037 -0.148662165 89.752944946
-0.151798010 -0.030076904 0.987953782 -288.518463135 -0.067857191 0.997495651 0.019941201 0.108326912 -0.986079514 -0.064012744 -0.153458878 89.668601990
0.138425291 0.021670094 0.990135729 -289.214508057 -0.125682727 0.992061853 -0.004141234 0.249388933 -0.982365668 -0.123869702 0.140050024 92.354400635
0.129933581 0.017565154 0.991367042 -288.687469482 -0.120666288 0.992691517 -0.001773464 0.237985581 -0.984152913 -0.119394153 0.131103501 92.426940918
0.119347066 0.018503124 0.992680073 -288.175231934 -0.124624491 0.992197871 -0.003510867 0.227984548 -0.985000014 -0.123293243 0.120721854 92.485351562
0.103388987 0.018811803 0.994463086 -287.677734375 -0.129449025 0.991571903 -0.005298969 0.209419608 -0.986181319 -0.128184408 0.104952797 92.559982300
0.998129368 0.047462527 -0.038534462 -10.378284454 -0.048942596 0.998062432 -0.038419150 -5.907323837 0.036636319 0.040233247 0.998518467 83.184280396
0.998808920 0.045996971 -0.016273722 -10.370892525 -0.046591833 0.998180032 -0.038286846 -5.939470291 0.014483012 0.038999453 0.999134302 83.667762756
0.999049842 0.042300344 0.010493536 -10.356242180 -0.041867010 0.998379171 -0.038553897 -5.958957672 -0.012107376 0.038077917 0.999201417 84.124748230
0.998354554 0.041381471 0.039695065 -10.308891296 -0.039888505 0.998492897 -0.037693605 -5.991201401 -0.041195072 0.036048193 0.998500645 84.581268311
0.996634007 0.038235772 0.072516151 -10.188712120 -0.035740621 0.998733878 -0.035400096 -6.177469730 -0.073777877 0.032689173 0.996738791 86.435615540
0.993130863 0.038785748 0.110393062 -10.126760483 -0.034974694 0.998730421 -0.036253143 -6.193510056 -0.111659020 0.032143161 0.993226588 86.865722656
0.987599969 0.038583301 0.152175635 -10.033678055 -0.033233270 0.998742104 -0.037546188 -6.219655514 -0.153432861 0.032023333 0.987639964 87.299865723
0.980015278 0.029802987 0.196676850 -9.693744659 -0.023552563 0.999142766 -0.034043632 -6.456907272 -0.197522908 0.028731018 0.979877234 88.696624756
0.968787909 0.031785116 0.245844677 -9.572673798 -0.023689084 0.999077439 -0.035819858 -6.492424965 -0.246756434 0.028877996 0.968647242 89.089530945
0.953775108 0.032863975 0.298718989 -9.410556793 -0.021895116 0.998960078 -0.039993472 -6.509616375 -0.299722761 0.031604271 0.953502834 89.481582642
0.934200644 0.027262691 0.355704695 -8.922389984 -0.014322635 0.999137938 -0.038962033 -6.706425667 -0.356460303 0.031303719 0.933785915 90.688148499
0.910455048 0.027590232 0.412686825 -8.730274200 -0.012170637 0.999127626 -0.039946388 -6.734609127 -0.413429052 0.031346712 0.909996629 91.022026062
0.881600559 0.027584696 0.471189380 -8.518806458 -0.008809452 0.999078453 -0.042006176 -6.753940105 -0.471913993 0.032881740 0.881031275 91.351470947
0.848096728 0.027155664 0.529144824 -8.285160065 -0.004363364 0.999009728 -0.044275649 -6.771514893 -0.529823303 0.035241175 0.847375631 91.667663574
0.809005618 0.022512777 0.587369621 -7.440853119 0.000928690 0.999216080 -0.039577201 -6.969863892 -0.587800145 0.032563653 0.808350563 92.883544922
0.768575847 0.020646034 0.639425516 -7.169055939 0.003619165 0.999322951 -0.036616705 -7.002011776 -0.639748454 0.030456895 0.767980695 93.164428711
0.723316908 0.017217249 0.690301418 -6.540782928 0.004585582 0.999547303 -0.029735282 -7.124213696 -0.690500855 0.024673462 0.722910643 93.789802551
0.678733110 0.016177531 0.734206796 -6.228061676 0.007793590 0.999542356 -0.029228710 -7.131253242 -0.734343648 0.025560593 0.678296447 94.008728027
0.630916238 0.015879326 0.775688350 -5.904327393 0.011607355 0.999485433 -0.029901758 -7.144657135 -0.775763988 0.027869187 0.630407453 94.234939575
0.580867350 0.009494573 0.813942909 -4.991207123 0.019697221 0.999475241 -0.025715617 -7.246674538 -0.813759863 0.030969784 0.580375373 94.830245972
0.534775138 0.011806056 0.844911873 -4.642761230 0.018834868 0.999487400 -0.025887210 -7.260248184 -0.844784379 0.029757647 0.534278691 94.991508484
0.486046374 0.013362347 0.873830795 -3.934360504 0.017871046 0.999522030 -0.025224753 -7.299165726 -0.873750269 0.027876692 0.485575348 95.311569214
0.439843774 0.014838115 0.897951603 -3.584762573 0.017367590 0.999535918 -0.025023950 -7.324975967 -0.897906363 0.026601903 0.439382017 95.454841614
0.396460652 0.012195316 0.917970598 -2.933162689 0.026274383 0.999351442 -0.024624076 -7.351642609 -0.917675614 0.033881575 0.395883143 95.665840149
0.356610775 0.004288452 0.934243143 -2.552717209 0.042470887 0.998881221 -0.020796778 -7.362387657 -0.933287144 0.047094479 0.356029689 95.758949280
0.320620775 0.000759739 0.947207272 -1.876707077 0.046604149 0.998775899 -0.016576203 -7.380638599 -0.946060419 0.049458459 0.320192903 95.919143677
0.286898404 0.004699472 0.957949460 -1.495965958 0.044126790 0.998861670 -0.018115839 -7.395136833 -0.956944108 0.047468629 0.286364466 96.019706726
0.256524771 0.012015565 0.966462851 -0.844076157 0.033879146 0.999196589 -0.021414982 -7.428712845 -0.965943694 0.038236398 0.255911559 96.171936035
0.227975726 0.016205078 0.973531783 -0.448163986 0.029834172 0.999275744 -0.023620022 -7.448131084 -0.973209620 0.034429289 0.227327138 96.256950378
0.201824710 0.017830594 0.979259193 0.254072189 0.031737685 0.999190152 -0.024734624 -7.477372646 -0.978907347 0.036071464 0.201095358 96.373390198
0.178751349 0.019582657 0.983699322 0.828369141 0.039525192 0.998851836 -0.027066551 -7.489670277 -0.983100057 0.043719113 0.177772164 96.432601929
0.157899812 0.025466656 0.987126648 1.261075974 0.046218753 0.998381138 -0.033150103 -7.498412609 -0.986372888 0.050858181 0.156467170 96.483551025
0.138549432 0.032713905 0.989814997 2.029727936 0.048870128 0.998010933 -0.039825395 -7.498483181 -0.989148974 0.053890187 0.136675104 96.560661316
0.120888554 0.033406671 0.992103815 2.495145798 0.046799123 0.998130500 -0.039312124 -7.514449120 -0.991562366 0.051181976 0.119099125 96.616104126
0.105288923 0.029043574 0.994017363 3.280176163 0.045154631 0.998402953 -0.033954650 -7.555892467 -0.993416071 0.048459522 0.103809297 96.692184448
0.090770043 0.026177060 0.995527685 3.767521858 0.045517713 0.998500764 -0.030405486 -7.575104713 -0.994831264 0.048074026 0.089442432 96.727066040
0.076669812 0.023574973 0.996777773 4.560968399 0.048480432 0.998449743 -0.027343554 -7.610547066 -0.995877206 0.050420627 0.075407945 96.782508850
0.065147728 0.023007795 0.997610390 5.083751202 0.052167833 0.998288512 -0.026430232 -7.623256207 -0.996511102 0.053765025 0.063835889 96.803596497
0.054956675 0.023144184 0.998220384 5.895661354 0.056006603 0.998085916 -0.026224494 -7.658308029 -0.996916771 0.057348177 0.053555336 96.836219788
0.047564007 0.023981327 0.998580217 6.452317238 0.057581004 0.997983456 -0.026709676 -7.671663761 -0.997207224 0.058769695 0.046087310 96.849670410
0.041901715 0.024148967 0.998829842 7.017863750 0.058548946 0.997930527 -0.026583405 -7.694186687 -0.997404814 0.059594352 0.040401187 96.866661072
0.035058290 0.025412716 0.999062002 8.009920120 0.060910888 0.997763872 -0.027517145 -7.721218586 -0.997527361 0.061818451 0.033432003 96.921058655
0.028704891 0.025916278 0.999251783 8.603631973 0.060523871 0.997784734 -0.027616870 -7.748385429 -0.997753978 0.061271321 0.027072765 96.940010071
0.024520481 0.026171220 0.999356568 9.474616051 0.065007247 0.997499824 -0.027717680 -7.770234108 -0.997583449 0.065645084 0.022757800 96.946815491
0.021284716 0.026370414 0.999425530 10.134388924 0.065372102 0.997476161 -0.027711254 -7.790199280 -0.997633874 0.065924376 0.019507047 96.960769653
0.018440664 0.025534108 0.999503851 10.989104271 0.068564996 0.997288227 -0.026742533 -7.832733631 -0.997476220 0.069024123 0.016639888 96.955955505
0.015855622 0.024868017 0.999565065 11.663619041 0.070727281 0.997158706 -0.025930081 -7.852820873 -0.997369707 0.071107633 0.014051698 96.970619202
0.014836937 0.024450844 0.999590874 12.552808762 0.075409926 0.996826589 -0.025502553 -7.888065815 -0.997042239 0.075757429 0.012946010 96.983749390
0.015463422 0.024323817 0.999584496 13.258014679 0.078932784 0.996554494 -0.025471190 -7.899414539 -0.996760011 0.079293832 0.013490183 97.004013062
0.018443929 0.023638412 0.999550402 14.018594742 0.080795884 0.996415794 -0.025055170 -7.941762924 -0.996560037 0.081221662 0.016467923 97.007141113
0.021052780 0.023243487 0.999508142 15.064443588 0.083477005 0.996198118 -0.024924854 -7.993564606 -0.996287286 0.083960705 0.019032445 97.065605164
0.025696009 0.022523228 0.999415994 15.843417168 0.084324211 0.996134281 -0.024617383 -8.019582748 -0.996107101 0.084907532 0.023697430 97.081130981
0.029368339 0.021311413 0.999341428 16.636447906 0.085417219 0.996062100 -0.023751752 -8.038038254 -0.995912373 0.086058520 0.027432343 97.113075256
0.032261726 0.019389182 0.999291301 17.779493332 0.085378066 0.996103883 -0.022083767 -8.083629608 -0.995826125 0.086030006 0.030480597 97.173400879
0.036267441 0.016889876 0.999199331 18.600471497 0.082305625 0.996410012 -0.019830162 -8.108161926 -0.995946944 0.082958914 0.034747075 97.213325500
0.040410496 0.016302995 0.999050021 19.442766190 0.081171922 0.996508539 -0.019544868 -8.131242752 -0.995880485 0.081884630 0.038946025 97.256225586
0.043326613 0.017082503 0.998914897 20.617107391 0.078502648 0.996704221 -0.020449668 -8.173516273 -0.995971859 0.079303481 0.041842815 97.351211548
0.046819601 0.020859383 0.998685479 21.455162048 0.076732084 0.996752799 -0.024416329 -8.203902245 -0.995951891 0.077774398 0.045066994 97.384628296
0.047803499 0.026078727 0.998516321 22.298955917 0.070932440 0.997046888 -0.029436223 -8.233999252 -0.996334970 0.072234355 0.045812514 97.443763733
0.047096618 0.029099524 0.998466313 23.470474243 0.067633756 0.997188807 -0.032252528 -8.285753250 -0.996598065 0.069049001 0.044996046 97.519638062
0.047264222 0.029019175 0.998460770 24.335678101 0.065213323 0.997355759 -0.032074090 -8.310330391 -0.996751487 0.066628888 0.045246746 97.562469482
0.047346763 0.026913434 0.998515844 25.390726089 0.062925532 0.997571111 -0.029871734 -8.361962318 -0.996894598 0.064246461 0.045538224 97.620231628
0.047076795 0.025737548 0.998559594 26.256547928 0.063547753 0.997565866 -0.028707888 -8.397798538 -0.996867895 0.064807698 0.045326628 97.662658691
0.047625590 0.024986401 0.998552620 27.112951279 0.060805790 0.997760534 -0.027866699 -8.438181877 -0.997012854 0.062044941 0.045999609 97.705810547
0.047198713 0.025202366 0.998567522 28.262580872 0.059791509 0.997817934 -0.028009580 -8.487074852 -0.997094393 0.061027888 0.045588821 97.782508850
0.047591392 0.025491532 0.998541534 29.108438492 0.056690931 0.997993946 -0.028179500 -8.524221420 -0.997256815 0.057949357 0.046050772 97.813446045
0.045874272 0.026915682 0.998584509 29.957809448 0.053659316 0.998127282 -0.029368440 -8.561418533 -0.997504950 0.054930631 0.044344075 97.866905212
0.042574219 0.026297113 0.998747051 31.105682373 0.050901417 0.998298228 -0.028455123 -8.613459587 -0.997795820 0.052049089 0.041163210 97.946937561
0.038747910 0.025386328 0.998926401 31.950582504 0.049301080 0.998411179 -0.027285624 -8.641336441 -0.998031974 0.050305404 0.037434768 97.980636597
0.034327727 0.022861183 0.999149024 32.806301117 0.047068845 0.998591900 -0.024465600 -8.675966263 -0.998301625 0.047868624 0.033203352 98.003189087
0.027411882 0.020471245 0.999414563 33.867286682 0.044610903 0.998769045 -0.021681612 -8.727038383 -0.998628259 0.045179110 0.026464906 98.043045044
0.019475970 0.020344732 0.999603271 34.725124359 0.043951344 0.998808980 -0.021184901 -8.766559601 -0.998843789 0.044346504 0.018558607 98.072807312
0.011475291 0.021507798 0.999702752 35.551876068 0.043727603 0.998801410 -0.021990348 -8.794322014 -0.998977482 0.043966956 0.010521062 98.054634094
-0.000050513 0.021854095 0.999761164 36.552181244 0.046216749 0.998692870 -0.021828426 -8.838033676 -0.998931408 0.046204593 -0.001060488 98.058090210
-0.009565720 0.020974150 0.999734223 37.391456604 0.047957383 0.998639107 -0.020492325 -8.861502647 -0.998803556 0.047748607 -0.010558582 98.030700684
-0.021155180 0.020501098 0.999565959 38.207256317 0.046601631 0.998723269 -0.019497538 -8.886397362 -0.998689532 0.046168920 -0.022083567 98.025535583
-0.034900039 0.019085355 0.999208510 39.178089142 0.049118094 0.998642147 -0.017358966 -8.948347092 -0.998183072 0.048473373 -0.035790086 97.985816956
-0.046557728 0.019511901 0.998724997 39.981231689 0.049175616 0.998641729 -0.017217856 -8.970007896 -0.997704506 0.048311267 -0.047454000 97.953605652
-0.058414754 0.020344183 0.998085022 40.889186859 0.050816514 0.998556733 -0.017379701 -9.007896423 -0.996998131 0.049703959 -0.059364259 97.888351440
-0.068816945 0.021113895 0.997405767 41.692092896 0.050222952 0.998581588 -0.017673636 -9.036998749 -0.996364236 0.048876397 -0.069779724 97.826240540
-0.078497753 0.021953311 0.996672511 42.475246429 0.051312800 0.998521268 -0.017952677 -9.062712669 -0.995592833 0.049732793 -0.079508156 97.746170044
-0.089472204 0.022678463 0.995730996 43.414760590 0.051706932 0.998498380 -0.018095367 -9.106941223 -0.994646192 0.049867153 -0.090510480 97.676956177
-0.099784747 0.023652045 0.994727850 44.207015991 0.052686106 0.998440683 -0.018455233 -9.115726471 -0.993613183 0.050566781 -0.100875273 97.614685059
-0.108363725 0.023138305 0.993842006 45.060726166 0.053119104 0.998435497 -0.017453425 -9.168065071 -0.992691159 0.050900664 -0.109423362 97.492027283
-0.117347129 0.022612527 0.992833495 45.814353943 0.054073028 0.998403132 -0.016348284 -9.192773819 -0.991617858 0.051767085 -0.118382558 97.408439636
-0.124056436 0.022057720 0.992029965 46.573532104 0.055621639 0.998335540 -0.015242286 -9.207042694 -0.990715027 0.053287420 -0.125076920 97.292205811
-0.129667610 0.020177843 0.991352141 47.443443298 0.059235439 0.998165011 -0.012568549 -9.241319656 -0.989786625 0.057093434 -0.130624950 97.181526184
-0.133099213 0.018869521 0.990922987 48.178256989 0.061591279 0.998043716 -0.010732235 -9.255805969 -0.989187181 0.059603747 -0.134001076 97.073387146
-0.136053801 0.017373523 0.990548968 48.985717773 0.063477315 0.997944534 -0.008784502 -9.289296150 -0.988665760 0.061682206 -0.136877030 96.957374573
-0.138289049 0.016284898 0.990257919 49.693656921 0.063516296 0.997952223 -0.007541407 -9.309915543 -0.988353014 0.061854608 -0.139040291 96.871482849
-0.139002591 0.016953576 0.990146756 50.398609161 0.064182669 0.997905493 -0.008076080 -9.327783585 -0.988209903 0.062427647 -0.139799625 96.772521973
-0.137725040 0.017608471 0.990313947 51.211776733 0.064923912 0.997852147 -0.008713409 -9.362297058 -0.988340318 0.063094988 -0.138572425 96.646217346
-0.134597495 0.019477110 0.990708888 51.870738983 0.066289157 0.997744083 -0.010609400 -9.372213364 -0.988680542 0.064245231 -0.135584965 96.547325134
-0.129797935 0.019513763 0.991348386 52.499305725 0.065208390 0.997809887 -0.011103179 -9.400627136 -0.989393950 0.063203052 -0.130786121 96.481452942
-0.121928863 0.019895745 0.992339253 53.237060547 0.066177204 0.997737110 -0.011872767 -9.434191704 -0.990330160 0.064222611 -0.122969680 96.393035889
-0.110127628 0.020113936 0.993713796 53.809879303 0.066245668 0.997720540 -0.012853406 -9.447539330 -0.991707325 0.064413719 -0.111209117 96.326644897
-0.096575439 0.020418616 0.995116115 54.387683868 0.066097640 0.997714043 -0.014057183 -9.469218254 -0.993128598 0.064417250 -0.097704373 96.275650024
-0.079847276 0.021293219 0.996579647 55.085784912 0.063586071 0.997844577 -0.016225716 -9.501823425 -0.994776964 0.062072996 -0.081029147 96.242324829
-0.058636881 0.023785817 0.997995913 55.630142212 0.061740667 0.997888744 -0.020155786 -9.518109322 -0.996368349 0.060435053 -0.059981663 96.220794678
-0.034129925 0.026963012 0.999053597 56.173210144 0.060610190 0.997851908 -0.024860077 -9.539749146 -0.997577846 0.059704352 -0.035690881 96.219886780
-0.005833206 0.027964465 0.999591768 56.842910767 0.057422988 0.997968793 -0.027584007 -9.579691887 -0.998332918 0.057238635 -0.007427157 96.244636536
0.027312664 0.027505403 0.999248385 57.365997314 0.055577450 0.998033345 -0.028991116 -9.604562759 -0.998080850 0.056327488 0.025730286 96.274375916
0.065882616 0.025538659 0.997500420 57.875625610 0.055199899 0.998048246 -0.029198563 -9.621696472 -0.996299386 0.056985583 0.064344309 96.318199158
0.108475387 0.019660063 0.993904710 58.515453339 0.050467227 0.998406291 -0.025257140 -9.690566063 -0.992817283 0.052899394 0.107310355 96.405731201
0.154619187 0.015556169 0.987851739 59.019660950 0.048349984 0.998558819 -0.023292560 -9.703332901 -0.986790419 0.051364079 0.153644249 96.495819092
0.202761859 0.012294215 0.979150891 59.528015137 0.044343226 0.998780072 -0.021723252 -9.728270531 -0.978223503 0.047823347 0.201969385 96.641479492
0.256098777 0.009445778 0.966604412 60.112106323 0.038216501 0.999071538 -0.019888416 -9.777442932 -0.965894938 0.042033643 0.255499989 96.796401978
0.311391890 0.008815586 0.950240672 60.590011597 0.036453158 0.999110162 -0.021214604 -9.800273895 -0.949582219 0.041245330 0.310793400 96.980239868
0.372682214 0.010789768 0.927896261 61.109771729 0.038099281 0.998911321 -0.026917798 -9.813780785 -0.927176535 0.045383956 0.371865362 97.140304565
0.432151377 0.013619646 0.901698172 61.527503967 0.039126147 0.998661220 -0.033835948 -9.837877274 -0.900951803 0.049902219 0.431039929 97.388832092
0.497809142 0.015960524 0.867139697 62.065124512 0.037116967 0.998522580 -0.039686915 -9.902815819 -0.866492033 0.051942080 0.496481180 97.583114624
0.555778742 0.022074793 0.831037045 62.441711426 0.032295205 0.998319447 -0.048116598 -9.902376175 -0.830702662 0.053580672 0.554131866 97.889739990
0.608816504 0.022863317 0.792981505 62.901226044 0.028317796 0.998321176 -0.050524872 -9.984146118 -0.792805433 0.053215858 0.607147098 98.255950928
0.662280738 0.024146741 0.748866618 63.235363007 0.025231734 0.998194873 -0.054500576 -10.011053085 -0.748830736 0.054989871 0.660476029 98.603706360
0.706891239 0.022199249 0.706973732 63.611190796 0.025657551 0.998044789 -0.056993574 -10.058927536 -0.706856728 0.058427487 0.704939604 99.007583618
0.752877951 0.018474448 0.657900691 63.899776459 0.021842767 0.998354077 -0.053030774 -10.096617699 -0.657797575 0.054296076 0.751235187 99.419219971
0.794621348 0.011901316 0.606988728 64.205528259 0.021602593 0.998620331 -0.047860518 -10.140704155 -0.606720805 0.051143494 0.793267906 99.869361877
0.833368063 0.008904161 0.552646637 64.475143433 0.018015537 0.998901367 -0.043260843 -10.168465614 -0.552424610 0.046008412 0.832292140 100.326118469
0.865160942 0.004973628 0.501469493 64.678398132 0.016213054 0.999150753 -0.037881292 -10.193745613 -0.501231968 0.040903747 0.864345610 100.791618347
0.890237212 0.005454606 0.455464423 64.917823792 0.011473492 0.999342501 -0.034393802 -10.245838165 -0.455352545 0.035844412 0.889589369 101.325630188
0.911893070 0.006681175 0.410373360 65.089447021 0.006918152 0.999475300 -0.031645048 -10.280559540 -0.410369486 0.031695936 0.911368430 101.814170837
0.928604543 0.012054403 0.370875120 65.254180908 -0.000803606 0.999535263 -0.030475412 -10.299181938 -0.371070057 0.028001573 0.928182602 102.338134766
0.941158354 0.016421489 0.337566525 65.459518433 -0.005915085 0.999466240 -0.032128975 -10.333035469 -0.337914020 0.028241724 0.940753222 102.979759216
0.951372325 0.019476997 0.307426602 65.601943970 -0.009749678 0.999403000 -0.033145376 -10.349016190 -0.307888687 0.028536284 0.950994372 103.498855591
0.958411098 0.013386601 0.285076976 65.768447876 -0.004091554 0.999441266 -0.033175979 -10.371607780 -0.285361767 0.030629821 0.957930326 104.041831970
0.962841809 0.009456569 0.269900262 65.912887573 -0.000621927 0.999461830 -0.032799672 -10.397192001 -0.270065129 0.031413037 0.962329507 104.590522766
0.966108084 0.013546567 0.257781833 66.042358398 -0.005011533 0.999418199 -0.033737756 -10.419099808 -0.258088857 0.031302441 0.965613961 105.165344238
0.968687296 0.019393483 0.247525185 66.269981384 -0.011616264 0.999392986 -0.032841899 -10.464930534 -0.248011887 0.028938204 0.968324721 105.960060120
0.969953001 0.026962824 0.241793260 66.395584106 -0.019104112 0.999212146 -0.034787998 -10.481555939 -0.242540762 0.029123468 0.969704032 106.548599243
0.970534742 0.033865992 0.238569275 66.564994812 -0.025616394 0.998964608 -0.037596282 -10.533081055 -0.239595637 0.030377211 0.970397472 107.249221802
0.970561147 0.035239566 0.238262862 66.707015991 -0.026425015 0.998846710 -0.040089451 -10.567626953 -0.239400893 0.032613158 0.970372975 107.852958679
0.969999015 0.034818597 0.240602270 66.867813110 -0.025057239 0.998738706 -0.043512397 -10.605224609 -0.241813958 0.036178146 0.969648004 108.470329285
0.969277620 0.032908972 0.243757933 67.097625732 -0.021340329 0.998523831 -0.049949802 -10.642961502 -0.245041937 0.043213326 0.968548954 109.297447205
0.967992604 0.033829316 0.248688415 67.261077881 -0.020845486 0.998287499 -0.054659102 -10.678942680 -0.250111639 0.047725555 0.967040002 109.997444153
0.966774464 0.038276438 0.252748758 67.462844849 -0.025310695 0.998200774 -0.054353945 -10.718370438 -0.254374534 0.046150770 0.966004014 110.771446228
0.965004683 0.041370660 0.258948952 67.636779785 -0.029234543 0.998293817 -0.050545312 -10.754147530 -0.260598242 0.041206218 0.964567661 111.496253967
0.963982821 0.038296424 0.263192922 67.869071960 -0.027196588 0.998585403 -0.045689784 -10.808772087 -0.264570415 0.036886230 0.963660717 112.309448242
0.963137925 0.033395045 0.266926974 68.093116760 -0.023392323 0.998902917 -0.040566869 -10.843250275 -0.267988920 0.032827463 0.962862551 113.069374084
0.962237835 0.031005984 0.270438373 68.328552246 -0.022344148 0.999135673 -0.035049871 -10.900394440 -0.271291465 0.027683552 0.962099075 113.902397156
0.961531520 0.026265394 0.273435742 68.547897339 -0.017294139 0.999231696 -0.035168711 -10.924795151 -0.274149418 0.029086949 0.961247206 114.662368774
0.961489141 0.023253651 0.273857087 68.802482605 -0.013429900 0.999199212 -0.037692495 -10.976226807 -0.274514377 0.032563049 0.961031497 115.538764954
0.961485982 0.023106383 0.273880750 69.020561218 -0.011285213 0.998938501 -0.044659309 -11.014739990 -0.274621934 0.039848499 0.960726321 116.314819336
0.961733580 0.025424846 0.272803813 69.273025513 -0.011885473 0.998619318 -0.051168963 -11.065275192 -0.273728043 0.045968488 0.960708141 117.217834473
0.962454259 0.028619386 0.269930571 69.495849609 -0.014125702 0.998359621 -0.055485006 -11.101482391 -0.271075726 0.049588807 0.961279869 118.031280518
0.963151157 0.026644483 0.267637581 69.755355835 -0.013507541 0.998617172 -0.050806932 -11.155778885 -0.268621206 0.045319617 0.962179184 118.968849182
0.963616848 0.022317249 0.266353935 70.004089355 -0.011237503 0.999009609 -0.043049872 -11.210083008 -0.267050982 0.038490377 0.962913394 119.868583679
0.964269102 0.022550283 0.263963431 70.254241943 -0.013166895 0.999218702 -0.037263673 -11.262952805 -0.264597535 0.032456625 0.963812590 120.796653748
0.964671075 0.026403589 0.262130558 70.473510742 -0.017054796 0.999136865 -0.037876364 -11.308237076 -0.262904376 0.032067653 0.964288831 121.636665344
0.965059519 0.031517416 0.260128498 70.729568481 -0.021052508 0.998856723 -0.042919021 -11.351196289 -0.261183888 0.035943031 0.964619577 122.661552429
0.966074646 0.032770205 0.256175399 70.980728149 -0.021029389 0.998604715 -0.048437677 -11.396564484 -0.257405281 0.041407179 0.965415955 123.614402771
0.967029631 0.032004882 0.252644986 71.198554993 -0.019633792 0.998488247 -0.051337115 -11.442794800 -0.253906131 0.044684112 0.966196179 124.486228943
0.968183875 0.029129893 0.248538271 71.474258423 -0.017287374 0.998614609 -0.049699433 -11.509331703 -0.249641746 0.043821622 0.967346132 125.552352905
0.969109416 0.025524614 0.245306551 71.703125000 -0.014215331 0.998757482 -0.047763590 -11.562044144 -0.246220946 0.042801026 0.968268156 126.458312988
0.969683528 0.023952328 0.243187428 71.983482361 -0.013429603 0.998904109 -0.044836428 -11.627529144 -0.243994921 0.040211212 0.968942523 127.545219421
0.970048606 0.020411652 0.242051378 72.214088440 -0.010326343 0.999027729 -0.042861916 -11.671200752 -0.242690966 0.039078623 0.969316244 128.472488403
0.970183372 0.015546349 0.241872504 72.502014160 -0.005648912 0.999119937 -0.041560128 -11.732283592 -0.242305785 0.038954642 0.969417632 129.631454468
0.970263243 0.016660186 0.241477907 72.721809387 -0.007194956 0.999172568 -0.040026307 -11.780515671 -0.241944984 0.037098631 0.969580591 130.549911499
0.970177591 0.021471417 0.241442114 72.953041077 -0.011690025 0.999054492 -0.041872483 -11.835878372 -0.242112890 0.037801288 0.969511509 131.475204468
0.969823539 0.027484780 0.242253587 73.249717712 -0.017032826 0.998835742 -0.045134280 -11.902442932 -0.243212074 0.039646015 0.969162524 132.782287598
0.969170928 0.036542024 0.243664324 73.451187134 -0.025752692 0.998547792 -0.047319978 -11.930652618 -0.245039657 0.039586123 0.968704581 133.710067749
0.968339384 0.042497404 0.245993376 73.684608459 -0.031909656 0.998391211 -0.046869747 -11.988121033 -0.247589484 0.037536249 0.968137681 134.616455078
0.967420101 0.044840347 0.249173865 74.009094238 -0.034877680 0.998411298 -0.044257239 -12.080109596 -0.250762552 0.034124736 0.967447042 136.002044678
0.966762424 0.045107529 0.251666009 74.242973328 -0.034821924 0.998371959 -0.045177251 -12.130554199 -0.253294170 0.034912169 0.966759205 136.922073364
0.966395915 0.043420020 0.253364891 74.478927612 -0.032292705 0.998329222 -0.047914948 -12.180139542 -0.255022138 0.038122963 0.966183484 137.806442261
0.966288388 0.037324239 0.254742652 74.847625732 -0.026281182 0.998566926 -0.046617933 -12.262917519 -0.256117553 0.038351413 0.965884566 139.211196899
0.966488242 0.030690785 0.254869550 75.101142883 -0.018995104 0.998655796 -0.048224699 -12.314960480 -0.256006956 0.041767314 0.965772212 140.115310669
0.966247678 0.029689947 0.255898327 75.358169556 -0.017933087 0.998678744 -0.048155572 -12.378131866 -0.256989986 0.041941155 0.965503514 141.034133911
0.965611517 0.032452732 0.257955611 75.710632324 -0.021484828 0.998745799 -0.045224965 -12.462030411 -0.259099722 0.038127631 0.965097725 142.417572021
0.965144515 0.034792658 0.259394199 75.946502686 -0.025378939 0.998895168 -0.039553188 -12.513000488 -0.260483772 0.031591415 0.964961290 143.336242676
0.964771986 0.037873670 0.260347247 76.179740906 -0.029628443 0.998929620 -0.035523485 -12.564689636 -0.261413962 0.026558395 0.964861393 144.227294922
0.964540482 0.037268981 0.261290371 76.542922974 -0.027228005 0.998748899 -0.041945118 -12.642486572 -0.262526691 0.033343371 0.964348495 145.616714478
