0.999987960 0.004932604 0.000126702 -0.009649751 -0.004932872 0.999985337 0.002196559 -0.032269765 -0.000115865 -0.002197158 0.999997556 1.373510957
0.999981165 0.006088286 0.000739436 -0.016929664 -0.006089752 0.999979436 0.001995799 -0.047349684 -0.000727270 -0.002000265 0.999997675 2.036765814
0.999966204 0.008169419 0.000849682 -0.023857607 -0.008170788 0.999965310 0.001618733 -0.058784209 -0.000836428 -0.001625621 0.999998331 2.704354048
0.999965310 0.008224356 0.001271678 -0.025052344 -0.008226234 0.999965072 0.001479434 -0.072772883 -0.001259466 -0.001489844 0.999998033 3.348987341
0.999964654 0.008299535 0.001330854 -0.021001939 -0.008302765 0.999962568 0.002439553 -0.085968032 -0.001310557 -0.002450516 0.999996126 3.983193159
0.999954998 0.009154632 0.002493830 -0.035568006 -0.009167308 0.999944866 0.005119067 -0.094084024 -0.002446829 -0.005141698 0.999983788 4.593442917
0.999955416 0.008790598 0.003454341 -0.024756586 -0.008822826 0.999916613 0.009427211 -0.107496053 -0.003371182 -0.009457268 0.999949574 5.173160553
0.999952018 0.008257114 0.005258050 0.106398366 -0.008323905 0.999883294 0.012810243 -0.081331670 -0.005151660 -0.012853399 0.999904096 4.175408363
0.999951959 0.007420463 0.006392167 0.107430115 -0.007519682 0.999849379 0.015640473 -0.084565148 -0.006275144 -0.015687788 0.999857247 4.289210320
0.999941707 0.008084606 0.007150350 0.118116952 -0.008190784 0.999854743 0.014946537 -0.096854001 -0.007028475 -0.015004233 0.999862731 5.320943832
0.999927163 0.009004152 0.008024301 0.119002678 -0.009100414 0.999886036 0.012041576 -0.097671628 -0.007914963 -0.012113726 0.999895275 5.441132069
0.999915242 0.008944049 0.009458642 0.118882135 -0.009032832 0.999915123 0.009385698 -0.107929528 -0.009373894 -0.009470340 0.999911189 6.365109921
0.999918878 0.006701102 0.010829705 0.121734664 -0.006788305 0.999944687 0.008035532 -0.110950343 -0.010775259 -0.008108396 0.999909043 6.506019115
0.999909997 0.003160078 0.013047237 0.130724937 -0.003232715 0.999979317 0.005549924 -0.120712310 -0.013029430 -0.005591601 0.999899447 7.290982723
0.999888599 0.001103129 0.014885080 0.132409111 -0.001172441 0.999988496 0.004648550 -0.123754352 -0.014879781 -0.004665483 0.999878407 7.418942928
0.999835670 0.005699905 0.017208399 0.138536766 -0.005746925 0.999979913 0.002684186 -0.140438586 -0.017192751 -0.002782641 0.999848306 8.107834816
0.999746978 0.010087045 0.020105455 0.139369577 -0.010126261 0.999947011 0.001849638 -0.142819092 -0.020085735 -0.002052763 0.999796152 8.241720200
0.999671578 0.010334795 0.023450047 0.149612144 -0.010409039 0.999941111 0.003046231 -0.157509312 -0.023417186 -0.003289323 0.999720395 8.807639122
0.999634743 0.006391960 0.026259115 0.158021092 -0.006478936 0.999973774 0.003228422 -0.158312336 -0.026237791 -0.003397374 0.999649942 8.928937912
0.999571383 0.001692561 0.029226381 0.178433463 -0.001780930 0.999993920 0.002997844 -0.160155565 -0.029221129 -0.003048609 0.999568284 9.395226479
0.999491990 -0.001434409 0.031839345 0.181884065 0.001298214 0.999989927 0.004297847 -0.161468282 -0.031845193 -0.004254329 0.999483705 9.487599373
0.999414444 -0.002076722 0.034151219 0.204585806 0.001890641 0.999983191 0.005480105 -0.173003837 -0.034162022 -0.005412330 0.999401629 9.858994484
0.999353468 -0.001617275 0.035918225 0.209518537 0.001447176 0.999987602 0.004761207 -0.176048771 -0.035925485 -0.004706148 0.999343395 9.945385933
0.999270499 -0.000385980 0.038186021 0.213579327 0.000266259 0.999995053 0.003140246 -0.178518087 -0.038187038 -0.003127790 0.999265730 10.074404716
0.999142408 0.002202123 0.041346051 0.211186558 -0.002300623 0.999994636 0.002334899 -0.180146366 -0.041340675 -0.002428020 0.999142170 10.145370483
0.999062181 0.004750909 0.043037564 0.508779466 -0.004820184 0.999987185 0.001506011 -0.168505058 -0.043029856 -0.001712047 0.999072433 9.534932137
0.998990536 0.005993057 0.044520691 0.511127353 -0.005996922 0.999981999 -0.000046721 -0.171408057 -0.044520169 -0.000220314 0.999008477 9.609323502
0.998918772 0.005200606 0.046200387 0.237507939 -0.005137729 0.999985695 -0.001479610 -0.202514321 -0.046207428 0.001240645 0.998931110 10.854421616
0.998867512 0.003792024 0.047426719 0.246066391 -0.003645827 0.999988258 -0.003168737 -0.202944428 -0.047438182 0.002992239 0.998869598 10.940191269
0.998807490 0.002965595 0.048733849 0.248279244 -0.002751619 0.999986231 -0.004457226 -0.202783316 -0.048746407 0.004317814 0.998801768 11.011604309
0.998721659 0.003962008 0.050392650 0.254457086 -0.003687697 0.999977827 -0.005535304 -0.207196251 -0.050413456 0.005342396 0.998714268 11.124275208
0.998635530 0.005125850 0.051971089 0.254124820 -0.004723719 0.999957919 -0.007857484 -0.206573844 -0.052009180 0.007601267 0.998617709 11.190467834
0.998588622 0.005040059 0.052872684 0.260274023 -0.004524608 0.999941111 -0.009864090 -0.210602641 -0.052919295 0.009610941 0.998552501 11.280372620
0.998573661 0.003761113 0.053258840 0.266370952 -0.003134392 0.999924839 -0.011846082 -0.216198444 -0.053299401 0.011662251 0.998510420 11.352076530
0.998599648 0.003414854 0.052792668 0.274815589 -0.002678555 0.999898195 -0.014011471 -0.216073051 -0.052835140 0.013850442 0.998507202 11.469558716
0.998690307 0.002487694 0.051102258 0.274773538 -0.001736256 0.999889672 -0.014743745 -0.221756622 -0.051133301 0.014635709 0.998584569 11.538626671
0.998851120 0.002723846 0.047843337 0.279806226 -0.001971435 0.999873698 -0.015766710 -0.223903984 -0.047880240 0.015654275 0.998730361 11.660556793
0.999026954 0.003242456 0.043985188 0.279091388 -0.002489499 0.999849558 -0.017162427 -0.224637389 -0.044034220 0.017036226 0.998884737 11.735005379
0.999288738 0.003193197 0.037574083 0.152194679 -0.002506074 0.999829054 -0.018320045 -0.256871402 -0.037626166 0.018212849 0.999125898 13.244505882
0.999514878 0.003140445 0.030985726 0.150234878 -0.002548146 0.999813616 -0.019136215 -0.258739054 -0.031040045 0.019047972 0.999336600 13.355015755
0.999720871 0.003229701 0.023403697 0.153219715 -0.002761460 0.999795914 -0.020011913 -0.260123521 -0.023463555 0.019941697 0.999525726 13.441123962
0.999878585 0.002902450 0.015310725 0.146973431 -0.002586922 0.999784768 -0.020587966 -0.265527487 -0.015367188 0.020545859 0.999670744 13.527472496
0.999982655 0.002066092 0.005515819 0.136958942 -0.001945491 0.999760866 -0.021781091 -0.267236620 -0.005559500 0.021769986 0.999747515 13.618263245
0.999975920 0.000217299 -0.006931104 0.556056082 -0.000380779 0.999721467 -0.023593804 -0.231246576 0.006924047 0.023595873 0.999697626 11.937304497
0.999735534 -0.000079915 -0.022995617 0.542689919 -0.000509654 0.999671280 -0.025631344 -0.233875006 0.022990108 0.025636284 0.999406934 12.040232658
0.999104381 0.000054863 -0.042312153 0.520197213 -0.001185439 0.999642849 -0.026695257 -0.234983206 0.042295575 0.026721507 0.998747647 12.203994751
0.997940600 0.000904862 -0.064137794 0.494769037 -0.002604238 0.999647558 -0.026417084 -0.237800807 0.064091280 0.026529713 0.997591317 12.329661369
0.996124744 0.001145893 -0.087943532 0.463434815 -0.003322733 0.999691665 -0.024610300 -0.247876167 0.087888204 0.024807153 0.995821416 12.505564690
0.993390858 0.002626743 -0.114750393 0.430335641 -0.005358251 0.999709487 -0.023501948 -0.247286975 0.114655308 0.023961484 0.993116260 12.654785156
0.989492655 0.003319896 -0.144544899 0.330343843 -0.006403086 0.999761701 -0.020870352 -0.267704010 0.144441128 0.021576593 0.989278138 13.072157860
0.984015465 0.003176641 -0.178054899 0.282013893 -0.006399934 0.999825895 -0.017531369 -0.269404382 0.177968174 0.018390678 0.983864427 13.251166344
0.976717770 0.004090149 -0.214489207 0.198892832 -0.007207773 0.999879420 -0.013755029 -0.273565590 0.214407071 0.014980768 0.976629496 13.485542297
0.967069924 0.005948343 -0.254441082 0.122169971 -0.008408416 0.999927878 -0.008582002 -0.275230408 0.254371673 0.010438843 0.967050254 13.683679581
0.954631627 0.007855046 -0.297685593 0.251168251 -0.009750647 0.999940515 -0.004883329 -0.240727469 0.297629595 0.007564407 0.954651475 13.722560883
0.940441072 0.011191191 -0.339772701 0.147799015 -0.012105089 0.999926567 -0.000570237 -0.242339820 0.339741468 0.004649253 0.940507412 13.930844307
0.923667669 0.013676289 -0.382950425 -0.022189140 -0.012724891 0.999906421 0.005017463 -0.246662557 0.382983178 0.000238536 0.923755288 14.248957634
0.902576685 0.016822465 -0.430200368 -0.137964249 -0.012676454 0.999841511 0.012501918 -0.252506912 0.430342495 -0.005830523 0.902646840 14.728902817
0.880227923 0.020779632 -0.474095941 -0.280162334 -0.013428221 0.999731481 0.018886803 -0.252530217 0.474361122 -0.010258424 0.880270541 14.956596375
0.853683829 0.026315574 -0.520126224 -0.504542828 -0.016275018 0.999582767 0.023861272 -0.264813602 0.520537138 -0.011904923 0.853755891 15.434848785
0.825267255 0.029189292 -0.563987434 -0.694348812 -0.017051667 0.999495924 0.026777901 -0.261392385 0.564484835 -0.012482001 0.825349092 15.666662216
0.794193387 0.032873053 -0.606775284 -1.003297806 -0.019498657 0.999400079 0.028622830 -0.261155367 0.607352197 -0.010900760 0.794357896 15.990225792
0.759711742 0.035490867 -0.649290681 -1.229079723 -0.019875353 0.999310255 0.031367842 -0.251023114 0.649956286 -0.010925638 0.759893060 16.217506409
0.720901430 0.039333019 -0.691920519 -1.617670059 -0.020734165 0.999165297 0.035196099 -0.246509761 0.692727387 -0.011026525 0.721115232 16.651216507
0.681233287 0.040219937 -0.730960667 -1.915618420 -0.018093241 0.999109626 0.038112052 -0.236624867 0.731842697 -0.012737747 0.681354463 16.888759613
0.640171647 0.040272910 -0.767175496 -2.241901398 -0.016073281 0.999108493 0.039035849 -0.222643912 0.768063784 -0.012658614 0.640248239 17.120849609
0.594454408 0.040837638 -0.803091705 -2.438370705 -0.009640791 0.998999774 0.043663483 -0.270952404 0.804071546 -0.018213511 0.594253540 17.580856323
0.548888803 0.041324046 -0.834873259 -2.812308311 -0.004943348 0.998920321 0.046193928 -0.260299027 0.835880816 -0.021228261 0.548500419 17.802980423
0.505762756 0.040767692 -0.861708879 -4.171836853 -0.003872483 0.998979986 0.044989157 -0.166698456 0.862663925 -0.019416884 0.505404592 17.717386246
0.454764724 0.040597655 -0.889685929 -4.636060715 -0.003464058 0.999033570 0.043816697 -0.149483621 0.890604913 -0.016844364 0.454465777 17.932291031
0.403090984 0.039245784 -0.914318025 -5.162829399 0.002740642 0.999023795 0.044089913 -0.130315423 0.915155828 -0.020278065 0.402589917 18.117477417
0.349251956 0.038501162 -0.936237574 -5.712340832 0.008232743 0.998990834 0.044152912 -0.111870885 0.936992705 -0.023128295 0.348582536 18.290441513
0.296851397 0.037191629 -0.954199135 -6.627275944 0.010181380 0.999061167 0.042107642 -0.091724008 0.954869390 -0.022214774 0.296194047 18.255069733
0.244314060 0.042853262 -0.968748808 -7.711611748 0.011096594 0.998834074 0.046982624 -0.061399817 0.969632626 -0.022228325 0.243553698 18.285299301
0.192813084 0.048031595 -0.980059147 -8.321908951 0.013785371 0.998570025 0.051650867 -0.038031518 0.981138647 -0.023469443 0.191875249 18.374364853
0.144491971 0.049236052 -0.988280416 -8.952096939 0.019236553 0.998432696 0.052554347 -0.013840914 0.989318967 -0.026604788 0.143318370 18.443153381
0.099900186 0.050855119 -0.993696928 -9.610956192 0.021962248 0.998336971 0.053300530 0.004968345 0.994755030 -0.027148556 0.098617144 18.487361908
0.059271108 0.049198013 -0.997028828 -10.414075851 0.021937177 0.998479307 0.050573699 0.028252065 0.998000860 -0.024869557 0.058101699 18.486026764
0.023527121 0.044724405 -0.998722255 -11.118977547 0.019342786 0.998791456 0.045183163 0.065555394 0.999536037 -0.020381100 0.022633592 18.478961945
-0.005053819 0.044559188 -0.998993874 -11.731209755 0.016990596 0.998866320 0.044467539 0.103510827 0.999842882 -0.016748777 -0.005805177 18.472694397
-0.026144547 0.048883148 -0.998462379 -12.602354050 0.015893338 0.998697758 0.048478521 0.130298465 0.999531806 -0.014601449 -0.026887421 18.415098190
-0.039062385 0.054920319 -0.997726381 -13.394576073 0.017503476 0.998372793 0.054270614 0.163260162 0.999083400 -0.015343740 -0.039960127 18.378093719
-0.047443435 0.057390552 -0.997223854 -13.840917587 0.016945044 0.998250544 0.056643482 0.201037407 0.998730183 -0.014210638 -0.048332926 18.400459290
-0.051015440 0.054593835 -0.997204542 -15.039610863 0.018236132 0.998389184 0.053725757 0.233289361 0.998531342 -0.015444310 -0.051928844 18.294170380
-0.049225371 0.050802104 -0.997494757 -15.892638206 0.025446393 0.998445213 0.049594756 0.271475434 0.998463511 -0.022941323 -0.050441567 18.248762131
-0.046359476 0.049413957 -0.997701883 -16.417001724 0.037843943 0.998145640 0.047677469 0.313654423 0.998207629 -0.035546660 -0.048143521 18.290702820
-0.039837889 0.049412467 -0.997983575 -17.339002609 0.037564717 0.998144507 0.047920913 0.354575098 0.998499811 -0.035579909 -0.041620135 18.258607864
-0.035000764 0.048182096 -0.998225152 -18.485956192 0.035979629 0.998250365 0.046921771 0.381348670 0.998739541 -0.034273472 -0.036673095 18.175319672
-0.031189002 0.041689359 -0.998643696 -19.417049408 0.039381500 0.998405218 0.040449463 0.420334280 0.998737395 -0.038066510 -0.032781050 18.131267548
-0.029555140 0.031102849 -0.999079108 -20.512128830 0.037414309 0.998849750 0.029988907 0.448496044 0.998862684 -0.036493529 -0.030684836 18.093883514
-0.027778285 0.022631496 -0.999357879 -21.505630493 0.028959095 0.999342322 0.021826189 0.473820239 0.999194622 -0.028334208 -0.028415401 18.029876709
-0.030020719 0.019595100 -0.999357164 -22.501321793 0.023884552 0.999536395 0.018881122 0.499330908 0.999263883 -0.023302374 -0.030474816 18.000078201
-0.032572456 0.025194053 -0.999151707 -23.576946259 0.013726468 0.999599218 0.024757851 0.530257821 0.999375165 -0.012908402 -0.032905217 17.929487228
-0.036049921 0.033554073 -0.998786509 -24.969938278 0.009506206 0.999402463 0.033231646 0.554381371 0.999304891 -0.008296673 -0.036347356 17.682302475
-0.039993308 0.042472761 -0.998296857 -26.088289261 0.007487053 0.999080837 0.042206176 0.600056291 0.999171913 -0.005786336 -0.040274546 17.623128891
-0.041562784 0.052549466 -0.997753143 -27.361516953 0.006554314 0.998608768 0.052321509 0.651136398 0.999114394 -0.004364958 -0.041849390 17.489843369
-0.041967224 0.060049251 -0.997312903 -28.515785217 0.007286436 0.998184025 0.059795097 0.703052223 0.999092340 -0.004757421 -0.042328566 17.431808472
-0.043864507 0.061106354 -0.997166932 -29.592193604 0.009062880 0.998110950 0.060765523 0.748188019 0.998996377 -0.006371755 -0.044335444 17.380954742
-0.045400474 0.058220819 -0.997270882 -30.746013641 0.007401462 0.998292387 0.057943512 0.805695474 0.998941422 -0.004750600 -0.045753870 17.323230743
-0.048629720 0.053330828 -0.997392058 -31.829511642 0.007405021 0.998565435 0.053032506 0.848845243 0.998789430 -0.004806754 -0.048954867 17.265888214
-0.052506384 0.047932774 -0.997469544 -33.007595062 0.006791200 0.998841405 0.047641207 0.901321054 0.998597503 -0.004272547 -0.052771077 17.189603806
-0.059243850 0.043851215 -0.997280061 -34.024429321 0.007806085 0.999024630 0.043464202 0.924348295 0.998212993 -0.005209865 -0.059528377 17.163713455
-0.065268859 0.041886505 -0.996988237 -35.208927155 0.006937229 0.999113679 0.041521642 0.967307627 0.997843623 -0.004206266 -0.065501578 17.066793442
-0.071875945 0.044039290 -0.996440768 -36.813007355 0.006696693 0.999023676 0.043670386 1.014231801 0.997391105 -0.003534009 -0.072100669 16.867229462
-0.077597588 0.048755951 -0.995791912 -38.021736145 0.005382697 0.998809457 0.048484247 1.057565093 0.996970236 -0.001597786 -0.077767633 16.750848770
-0.084138379 0.051869325 -0.995103180 -38.952796936 0.002731703 0.998652518 0.051823355 1.092028975 0.996450365 0.001642008 -0.084166683 16.687191010
-0.088384472 0.053882364 -0.994628012 -40.165809631 -0.001133306 0.998529673 0.054194447 1.148465633 0.996085882 0.005917165 -0.088193461 16.558174133
-0.091898158 0.055033311 -0.994246483 -41.489467621 -0.005047881 0.998432994 0.055731617 1.196138859 0.995755613 0.010140472 -0.091476358 16.432201385
-0.093321487 0.056129444 -0.994052589 -42.683368683 -0.009332818 0.998316467 0.057246368 1.253199816 0.995592356 0.014619630 -0.092640527 16.305534363
-0.094989195 0.055932760 -0.993905723 -43.834014893 -0.010556822 0.998307526 0.057189405 1.290037513 0.995422244 0.015924862 -0.094237961 16.185619354
-0.095372081 0.055070408 -0.993917227 -45.031059265 -0.010937142 0.998350322 0.056365512 1.342500687 0.995381653 0.016246306 -0.094612435 16.037250519
-0.097483478 0.054371767 -0.993750751 -46.207126617 -0.011956496 0.998370528 0.055797420 1.390456080 0.995165467 0.017321102 -0.096674524 15.942099571
-0.097915225 0.053059209 -0.993779302 -47.441493988 -0.014747662 0.998390734 0.054758471 1.454577208 0.995085478 0.020017609 -0.096975155 15.811273575
-0.099135458 0.050621029 -0.993785501 -48.586334229 -0.019112654 0.998424113 0.052763902 1.493318439 0.994890332 0.024224654 -0.098011740 15.681453705
-0.098878801 0.046382237 -0.994017899 -49.792549133 -0.023691980 0.998520315 0.048949048 1.517104745 0.994817317 0.028390283 -0.097633615 15.538510323
-0.098453946 0.045060810 -0.994120896 -50.994823456 -0.025605941 0.998528838 0.047796525 1.582944274 0.994812131 0.030161152 -0.097155295 15.421455383
-0.096241705 0.049672499 -0.994117737 -52.246818542 -0.026465127 0.998273253 0.052442245 1.623701334 0.995006084 0.031356584 -0.094760925 15.287748337
-0.095210314 0.052721519 -0.994060099 -53.437889099 -0.026422417 0.998110771 0.055467080 1.663556814 0.995106578 0.031546500 -0.093637407 15.182437897
-0.093268305 0.052310970 -0.994265854 -54.686084747 -0.024653092 0.998191237 0.054830112 1.715506911 0.995335758 0.029625639 -0.091809966 15.055092812
-0.090916634 0.051931541 -0.994503498 -55.761848450 -0.023850955 0.998239398 0.054307051 1.749585629 0.995572805 0.028657276 -0.089517966 14.953771591
-0.086165443 0.052413713 -0.994901180 -57.024753571 -0.028308731 0.998083115 0.055033084 1.800323367 0.995878518 0.032906342 -0.084516510 14.819993973
-0.081054129 0.053244647 -0.995286465 -58.231079102 -0.033275597 0.997870862 0.056092810 1.853657484 0.996154070 0.037665308 -0.079109788 14.715057373
-0.074658439 0.052197233 -0.995842159 -59.501529694 -0.037703477 0.997767329 0.055124786 1.920654416 0.996496081 0.041662235 -0.072523735 14.600763321
-0.069142103 0.052891556 -0.996203661 -60.562118530 -0.037996747 0.997729301 0.055609744 1.919680357 0.996882975 0.041697469 -0.066975392 14.518507004
-0.063087933 0.051812176 -0.996662080 -61.829856873 -0.037793495 0.997811079 0.054264199 1.978803277 0.997292161 0.041090760 -0.060991690 14.428939819
-0.057882812 0.050952047 -0.997022331 -63.083580017 -0.036491785 0.997921288 0.053116541 2.049733639 0.997656226 0.039457664 -0.055903163 14.349744797
-0.052034963 0.051604606 -0.997311056 -64.355445862 -0.034964066 0.997957587 0.053462312 2.101227283 0.998033047 0.037651964 -0.050124381 14.273931503
-0.046585523 0.053073242 -0.997503400 -65.624748230 -0.034664806 0.997900188 0.054713275 2.157427073 0.998312652 0.037127104 -0.044647936 14.217821121
-0.041018717 0.053113442 -0.997745693 -66.923217773 -0.035871178 0.997864068 0.054594446 2.244494438 0.998514235 0.038029708 -0.039025865 14.160445213
-0.036251161 0.054474432 -0.997856855 -68.179939270 -0.034748878 0.997840703 0.055735935 2.224353313 0.998738348 0.036694903 -0.034279957 14.109005928
-0.030773712 0.049557216 -0.998297155 -69.466209412 -0.034938101 0.998106420 0.050624762 2.283599377 0.998915553 0.036436513 -0.028984003 14.047750473
-0.026722079 0.044300802 -0.998660803 -70.722290039 -0.034884833 0.998367727 0.045221247 2.327548742 0.999033988 0.036046524 -0.025133036 14.018153191
-0.022255285 0.043448515 -0.998807728 -72.012771606 -0.035030324 0.998407841 0.044211660 2.379983425 0.999138415 0.035972506 -0.020697834 13.965577126
-0.017775262 0.051498216 -0.998514891 -73.147125244 -0.032363657 0.998119712 0.052053962 2.254102707 0.999318063 0.033240858 -0.016075170 13.903706551
-0.015505849 0.051013198 -0.998577595 -74.432373047 -0.033101797 0.998124063 0.051504031 2.304319143 0.999331772 0.033853326 -0.013788134 13.876388550
-0.014990326 0.050628293 -0.998605013 -75.742538452 -0.034932390 0.998081088 0.051126096 2.358826637 0.999277174 0.035650063 -0.013192993 13.853817940
-0.013962097 0.051686563 -0.998565793 -77.030227661 -0.035933316 0.997992098 0.052159298 2.403309584 0.999256730 0.036610033 -0.012076792 13.825565338
-0.013547225 0.045293946 -0.998881757 -78.290786743 -0.035835985 0.998309672 0.045754027 2.637475491 0.999265790 0.036415756 -0.011901174 13.836441994
-0.012123564 0.043914627 -0.998961687 -79.599822998 -0.035818402 0.998374939 0.044323530 2.665503502 0.999284804 0.036318574 -0.010530911 13.809072495
-0.009971318 0.037477855 -0.999247730 -80.882225037 -0.034446020 0.998691440 0.037800722 2.839847565 0.999356806 0.034797024 -0.008667304 13.743192673
-0.008958455 0.037130635 -0.999270260 -82.173240662 -0.031390954 0.998807430 0.037394855 2.868413210 0.999467075 0.031703047 -0.007782206 13.719718933
-0.009138179 0.038011335 -0.999235451 -83.517318726 -0.028674718 0.998856246 0.038259145 2.901035070 0.999546945 0.029002413 -0.008037766 13.709790230
-0.008942889 0.040395062 -0.999143779 -84.832862854 -0.028488854 0.998767853 0.040634856 2.937620401 0.999554098 0.028827855 -0.007781063 13.692400932
-0.008772909 0.049692199 -0.998726070 -86.211540222 -0.034468226 0.998155892 0.049966607 2.793152809 0.999367297 0.034862671 -0.007043928 13.628705025
-0.007424000 0.049232211 -0.998759747 -87.516212463 -0.036828682 0.998096168 0.049473252 2.844984770 0.999294043 0.037150290 -0.005596709 13.602322578
-0.008512689 0.047656577 -0.998827517 -88.707649231 -0.037147213 0.998159111 0.047941279 2.870428801 0.999273479 0.037511773 -0.006726710 13.622998238
-0.008499413 0.045089211 -0.998946726 -90.004707336 -0.036610164 0.998299122 0.045371465 2.919962406 0.999293506 0.036957238 -0.006834234 13.608552933
-0.008497202 0.044700962 -0.998964190 -91.243980408 -0.034790669 0.998382270 0.044970851 2.949726582 0.999358416 0.035136763 -0.006928280 13.599716187
-0.009080977 0.045630161 -0.998917103 -92.580337524 -0.033328202 0.998389542 0.045909043 2.996035099 0.999403238 0.033709008 -0.007545580 13.594961166
-0.008547126 0.049085855 -0.998758018 -93.877624512 -0.032440484 0.998255253 0.049338751 3.029724121 0.999437094 0.032821901 -0.006939843 13.578655243
-0.007874892 0.051414687 -0.998646319 -95.170486450 -0.032484028 0.998137057 0.051644623 3.073689699 0.999441206 0.032846753 -0.006190066 13.557316780
-0.007227608 0.051706500 -0.998636186 -96.470321655 -0.034163900 0.998066545 0.051924262 3.114820004 0.999390006 0.034492597 -0.005447138 13.526897430
-0.007194093 0.049683776 -0.998739064 -97.743217468 -0.033676047 0.998186350 0.049898852 3.153707504 0.999406934 0.033992562 -0.005507893 13.516375542
-0.007028853 0.048193559 -0.998813212 -99.019676208 -0.032248817 0.998307467 0.048396099 3.197929859 0.999455154 0.032550719 -0.005462772 13.504951477
-0.007003167 0.049593017 -0.998744965 -100.305915833 -0.031033510 0.998277724 0.049787410 3.236421585 0.999493837 0.031343237 -0.005452059 13.491804123
-0.006896223 0.052063297 -0.998619974 -101.685379028 -0.028353559 0.998231947 0.052238870 3.299883127 0.999574184 0.028674679 -0.005407852 13.495208740
-0.007190752 0.054593954 -0.998482764 -102.959899902 -0.027113162 0.998130739 0.054769967 3.342983484 0.999606431 0.027465861 -0.005697097 13.491554260
-0.006940498 0.055894155 -0.998412549 -104.234191895 -0.027980888 0.998034835 0.056067519 3.404124737 0.999584317 0.028325608 -0.005362890 13.484859467
-0.005939674 0.058130279 -0.998291254 -105.537635803 -0.030486459 0.997834325 0.058285054 3.447694302 0.999517560 0.030780563 -0.004154624 13.447992325
-0.005649051 0.057333402 -0.998339117 -106.819839478 -0.031946890 0.997835100 0.057485219 3.495528460 0.999473631 0.032218568 -0.003805197 13.432411194
-0.005464996 0.053216659 -0.998568058 -108.094856262 -0.034544297 0.997976899 0.053374209 3.544706583 0.999388218 0.034786519 -0.003615608 13.415164948
-0.005241768 0.051573429 -0.998655438 -109.366729736 -0.035597719 0.998026490 0.051727794 3.588725090 0.999352455 0.035820998 -0.003395527 13.399375916
-0.004780282 0.049795710 -0.998747945 -110.649635315 -0.035803456 0.998110533 0.049935292 3.635766506 0.999347389 0.035997335 -0.002988391 13.381865501
-0.004969303 0.050370585 -0.998718381 -111.928138733 -0.034237687 0.998136461 0.050511595 3.676273823 0.999401391 0.034444809 -0.003235471 13.377746582
-0.004740304 0.051897626 -0.998641133 -113.282760620 -0.033744831 0.998075247 0.052028410 3.749895096 0.999419212 0.033945609 -0.002979904 13.342991829
-0.004774263 0.054510523 -0.998501718 -114.477508545 -0.033023339 0.997959971 0.054638844 3.766004562 0.999443173 0.033234723 -0.002964405 13.356044769
-0.005446418 0.053439129 -0.998556197 -115.751625061 -0.036889289 0.997880638 0.053604182 3.817247629 0.999304473 0.037127987 -0.003463543 13.343186378
-0.005765017 0.054262076 -0.998510003 -117.103340149 -0.039708231 0.997726858 0.054448761 3.889473915 0.999194682 0.039962973 -0.003597260 13.302917480
-0.005665364 0.053398550 -0.998557091 -118.417213440 -0.043475445 0.997615933 0.053594872 3.941433191 0.999038398 0.043716356 -0.003330331 13.278260231
-0.006119627 0.049298126 -0.998765349 -119.692489624 -0.043681666 0.997817457 0.049518991 3.993268728 0.999026716 0.043930780 -0.003952845 13.267184258
-0.007667275 0.045551833 -0.998932540 -120.953933716 -0.043629933 0.997995377 0.045843977 4.031197071 0.999018312 0.043934856 -0.005664481 13.258223534
-0.007289343 0.044694137 -0.998974144 -122.310501099 -0.040274695 0.998176932 0.044952348 4.082964897 0.999162018 0.040561054 -0.005476012 13.226039886
-0.007891845 0.044388685 -0.998983204 -123.642814636 -0.035949674 0.998355865 0.044644810 4.120801449 0.999322414 0.036265451 -0.006283111 13.221866608
-0.008266591 0.045717940 -0.998920202 -124.956596375 -0.034818362 0.998335540 0.045979314 4.176278591 0.999359488 0.035160854 -0.006661007 13.199737549
-0.009890418 0.050564606 -0.998671830 -126.272354126 -0.033907630 0.998129368 0.050872944 4.198367119 0.999376059 0.034365747 -0.008157390 13.199532509
-0.009403222 0.049606338 -0.998724699 -127.641578674 -0.032366175 0.998230338 0.049886532 4.273943424 0.999431849 0.032793991 -0.007781013 13.168001175
-0.010443017 0.045612775 -0.998904586 -128.988311768 -0.032569360 0.998413503 0.045930848 4.314265251 0.999414921 0.033013336 -0.008940870 13.153377533
-0.010477306 0.041978881 -0.999063551 -130.320739746 -0.032852579 0.998564601 0.042302445 4.358841896 0.999405384 0.033265021 -0.009083150 13.118451118
-0.011283206 0.040227044 -0.999126852 -131.685546875 -0.031952485 0.998665750 0.040569317 4.402877808 0.999425650 0.032382339 -0.009982798 13.098987579
-0.010453105 0.041396823 -0.999088109 -132.987594604 -0.034069333 0.998547852 0.041730899 4.451637745 0.999364793 0.034474488 -0.009027565 12.947607040
-0.011013121 0.046035927 -0.998879075 -134.384735107 -0.039017245 0.998159170 0.046432931 4.497004986 0.999177754 0.039484892 -0.009196653 12.920909882
-0.010571237 0.049313765 -0.998727322 -135.737121582 -0.043954007 0.997794926 0.049732953 4.542686462 0.998977542 0.044423807 -0.008380387 12.876958847
-0.010632545 0.049205158 -0.998732030 -137.129653931 -0.051531032 0.997434497 0.049689822 4.591771603 0.998614669 0.051994026 -0.008069673 12.844389915
-0.010304594 0.048264131 -0.998781562 -138.469161987 -0.054429330 0.997326612 0.048755385 4.581806183 0.998464465 0.054865409 -0.007650062 12.810982704
-0.010958560 0.046730351 -0.998847365 -139.851531982 -0.056984469 0.997254789 0.047281031 4.634498119 0.998314917 0.057436921 -0.008265574 12.786849022
-0.011242674 0.045624498 -0.998895407 -141.232162476 -0.057123713 0.997297823 0.046194464 4.714740753 0.998303831 0.057579964 -0.008606055 12.755857468
-0.011408292 0.045431849 -0.998902321 -142.592895508 -0.054547548 0.997451544 0.045988843 4.715351105 0.998445988 0.055012323 -0.008901022 12.728700638
-0.011933432 0.045925710 -0.998873651 -143.960937500 -0.054608431 0.997424066 0.046511460 4.757023811 0.998436451 0.055101965 -0.009394760 12.713798523
-0.012210049 0.051962432 -0.998574376 -145.396209717 -0.054011311 0.997156620 0.052549079 4.758708954 0.998465657 0.054575946 -0.009368774 12.658751488
-0.012150450 0.056260571 -0.998342097 -146.773651123 -0.052858006 0.996983707 0.056827337 4.803154945 0.998528183 0.053460851 -0.009139979 12.626315117
-0.013158221 0.053855412 -0.998462021 -148.045867920 -0.054108612 0.997047067 0.054492161 4.905674458 0.998448372 0.054742415 -0.010205326 12.637351990
-0.012275947 0.052354530 -0.998553097 -149.403549194 -0.053462699 0.997165680 0.052939031 4.956008911 0.998494327 0.054035235 -0.009442137 12.616530418
-0.011205853 0.052253477 -0.998570979 -150.760177612 -0.052430566 0.997229278 0.052771632 4.999225616 0.998561740 0.052947000 -0.008435125 12.602507591
-0.010450632 0.051242821 -0.998631477 -152.101181030 -0.053038687 0.997251749 0.051727079 5.049698830 0.998537779 0.053506680 -0.007704059 12.575532913
-0.009186349 0.053384144 -0.998531818 -153.467788696 -0.052932195 0.997147918 0.053797130 5.096482277 0.998555899 0.053348672 -0.006334409 12.549633980
-0.007611205 0.057810478 -0.998298526 -154.869720459 -0.053819545 0.996856809 0.058137316 5.114633560 0.998521686 0.054170471 -0.004475948 12.504761696
-0.005910348 0.059045836 -0.998237789 -156.226730347 -0.055164918 0.996715844 0.059282433 5.166388035 0.998459756 0.055418082 -0.002633678 12.485734940
-0.004955793 0.056683123 -0.998379946 -157.608169556 -0.057780132 0.996707916 0.056875009 5.198079586 0.998316944 0.057968378 -0.001664319 12.452792168
-0.004319997 0.053292561 -0.998569608 -158.969757080 -0.056472853 0.996972263 0.053451627 5.258585930 0.998394847 0.056622986 -0.001297334 12.431567192
-0.004129727 0.052051991 -0.998635769 -160.298919678 -0.053310711 0.997212768 0.052198272 5.292429924 0.998569429 0.053453542 -0.001343288 12.418669701
-0.004552510 0.051851001 -0.998644471 -161.629547119 -0.052135915 0.997284412 0.052018043 5.335202217 0.998629630 0.052302063 -0.001836847 12.417170525
-0.004436825 0.052639432 -0.998603761 -162.975250244 -0.049771227 0.997364283 0.052795228 5.372288704 0.998750746 0.049935978 -0.001805202 12.407273293
-0.003879253 0.048643142 -0.998808682 -164.199142456 -0.048950605 0.997609556 0.048774868 5.527215004 0.998793662 0.049081497 -0.001488868 12.337575912
-0.003311286 0.048506487 -0.998817325 -165.538162231 -0.047603767 0.997682810 0.048609205 5.575181007 0.998860836 0.047708418 -0.000994522 12.318729401
-0.004532920 0.051557973 -0.998659730 -166.889434814 -0.046134472 0.997595847 0.051712442 5.605579853 0.998924971 0.046307046 -0.002143422 12.360719681
-0.004179535 0.052543979 -0.998609900 -168.243728638 -0.043518737 0.997662961 0.052676294 5.657557487 0.999043941 0.043678395 -0.001883120 12.351923943
-0.004313188 0.050894093 -0.998694718 -169.507995605 -0.041438758 0.997837067 0.051029354 5.713983536 0.999131739 0.041604768 -0.002194871 12.322730064
-0.004961851 0.051320717 -0.998669863 -170.836822510 -0.042828299 0.997754931 0.051486488 5.761368752 0.999070168 0.043026809 -0.002752732 12.314423561
-0.003522611 0.054373730 -0.998514414 -171.988815308 -0.043591607 0.997563124 0.054475710 5.886228085 0.999043226 0.043718744 -0.001143788 12.224549294
-0.003177600 0.061157547 -0.998123050 -173.335952759 -0.048450708 0.996946454 0.061239693 5.937694073 0.998820543 0.048554361 -0.000204770 12.212121010
-0.001896880 0.061977126 -0.998075783 -174.709945679 -0.052754264 0.996681571 0.061990805 5.959115982 0.998605728 0.052770350 0.001378973 12.189381599
-0.000266631 0.058284637 -0.998299956 -176.019058228 -0.056916073 0.996680796 0.058205307 6.015303612 0.998378873 0.056834839 0.003051587 12.162984848
0.001162938 0.052333329 -0.998628974 -177.273437500 -0.058879830 0.996900678 0.052174196 6.089503765 0.998264372 0.058738429 0.004240713 12.168132782
0.002308874 0.050608315 -0.998715818 -178.587020874 -0.061852545 0.996813476 0.050368927 6.144567490 0.998082519 0.061656825 0.005431771 12.152447701
0.003035201 0.047066797 -0.998887122 -179.832534790 -0.057160649 0.997266710 0.046816755 6.210712910 0.998360395 0.056954939 0.005717274 12.177180290
0.003315567 0.042259261 -0.999101162 -181.147933960 -0.054104030 0.997650921 0.042018369 6.261535645 0.998529851 0.053916086 0.005594174 12.180227280
0.003191434 0.038819578 -0.999241114 -182.441299438 -0.047857661 0.998107195 0.038622662 6.290397644 0.998849034 0.047698088 0.005043207 12.175207138
0.001988878 0.041450493 -0.999138594 -183.765121460 -0.045310475 0.998118162 0.041317966 6.335786819 0.998970985 0.045189269 0.003863276 12.191803932
0.003331010 0.047889639 -0.998847127 -185.114547729 -0.046190813 0.997793853 0.047685102 6.370167732 0.998927116 0.045978721 0.005535722 12.170757294
0.005226723 0.051403217 -0.998664260 -186.319091797 -0.047451846 0.997565687 0.051098317 6.405246735 0.998859763 0.047121398 0.007653178 12.110410690
0.006989017 0.047842450 -0.998830497 -187.644989014 -0.048721801 0.997684896 0.047446653 6.452991009 0.998787880 0.048333209 0.009303807 12.112769127
0.008098847 0.048246942 -0.998802543 -188.962036133 -0.050326861 0.997589171 0.047780253 6.491068840 0.998699903 0.049879633 0.010507440 12.110930443
0.009651255 0.049464155 -0.998729348 -190.289489746 -0.048692334 0.997614145 0.048938390 6.528030396 0.998767257 0.048158143 0.012036755 12.112211227
0.009531147 0.047356367 -0.998832703 -191.577667236 -0.048981406 0.997701108 0.046835311 6.570657253 0.998754203 0.048477836 0.011828819 12.122855186
0.012025195 0.045562066 -0.998889089 -192.885223389 -0.050104093 0.997733951 0.044906195 6.625799656 0.998671651 0.049508423 0.014280792 12.110717773
0.013396820 0.047781028 -0.998767972 -194.104324341 -0.050166171 0.997631848 0.047053780 6.635329247 0.998651028 0.049473993 0.015762089 12.128391266
0.015213225 0.049853668 -0.998640656 -195.312301636 -0.050687533 0.997510552 0.049025081 6.660738945 0.998598695 0.049872804 0.017702315 12.127536774
0.015700232 0.052751541 -0.998484254 -196.439834595 -0.050692733 0.997365117 0.051895317 6.637532234 0.998590887 0.049801126 0.018332984 12.121177673
0.015625866 0.053610723 -0.998439670 -197.587799072 -0.050396770 0.997334540 0.052762669 6.673460007 0.998607039 0.049493663 0.018286029 12.142038345
0.016161157 0.054722931 -0.998370767 -198.738754272 -0.050365433 0.997278154 0.053847756 6.709124088 0.998600066 0.049413133 0.018873312 12.133958817
0.016553381 0.053817615 -0.998413563 -199.822631836 -0.050703369 0.997310817 0.052917521 6.739810944 0.998576462 0.049746964 0.019237602 12.143763542
0.018263364 0.053913865 -0.998378515 -200.899490356 -0.051703848 0.997259974 0.052907638 6.768519878 0.998495460 0.050653752 0.021000875 12.150463104
0.019587830 0.054860711 -0.998301864 -201.916854858 -0.052697834 0.997162163 0.053764086 6.798082352 0.998418450 0.051555224 0.022423282 12.171522141
0.019947769 0.054946724 -0.998290122 -202.911636353 -0.049348671 0.997325778 0.053907584 6.766497612 0.998582423 0.048188943 0.022605967 12.139472961
0.017315904 0.051932741 -0.998500466 -203.891403198 -0.046744123 0.997600317 0.051075295 6.792482853 0.998756826 0.045789614 0.019701898 12.140990257
0.012069709 0.048207663 -0.998764396 -204.925613403 -0.046717845 0.997773707 0.047595263 6.827240944 0.998835206 0.046085663 0.014294994 12.160884857
0.006851923 0.045219280 -0.998953521 -205.919509888 -0.047978524 0.997841418 0.044839844 6.854300499 0.998824894 0.047621075 0.009006683 12.166676521
0.003030812 0.044322386 -0.999012709 -206.940811157 -0.050678067 0.997740328 0.044112194 6.888875008 0.998710454 0.050494332 0.005270137 12.161045074
0.000584048 0.045391794 -0.998969138 -207.933746338 -0.052374274 0.997599602 0.045298938 6.912484646 0.998627365 0.052293822 0.002960008 12.142840385
-0.001881847 0.047073737 -0.998889625 -208.936431885 -0.051160760 0.997578740 0.047108352 6.936767101 0.998688638 0.051192604 0.000531038 12.146640778
-0.003016345 0.048604414 -0.998813510 -209.933120728 -0.048427142 0.997639120 0.048693515 6.967528343 0.998822153 0.048516560 -0.000655450 12.136790276
-0.003356093 0.049372308 -0.998774827 -210.936096191 -0.046023265 0.997714460 0.049474537 6.990495682 0.998934746 0.046132918 -0.001076147 12.084684372
-0.003022173 0.048324443 -0.998827040 -212.009490967 -0.046531457 0.997742891 0.048412774 7.027051449 0.998912275 0.046623189 -0.000766746 12.038917542
-0.003776478 0.047432300 -0.998867273 -212.985687256 -0.048181441 0.997705698 0.047559299 7.052657127 0.998831451 0.048306473 -0.001482457 12.028527260
-0.003146427 0.046208203 -0.998926878 -213.962600708 -0.051968057 0.997574389 0.046309330 7.092846870 0.998643756 0.052057996 -0.000737446 12.007298470
-0.002921768 0.045181714 -0.998974502 -214.950881958 -0.054542646 0.997484505 0.045273852 7.111093521 0.998507142 0.054618984 -0.000450088 12.002893448
-0.001836188 0.042123388 -0.999110758 -215.934371948 -0.054416813 0.997627795 0.042160876 7.145794868 0.998516619 0.054445837 0.000460388 11.992395401
-0.001410839 0.039831094 -0.999205410 -216.919097900 -0.054417118 0.997722805 0.039848834 7.168175697 0.998517334 0.054430109 0.000759867 11.991521835
-0.003231022 0.038956128 -0.999235690 -217.957153320 -0.054692276 0.997738361 0.039074607 7.205557823 0.998498023 0.054776728 -0.001093116 12.050787926
-0.002923924 0.042705104 -0.999083459 -218.978561401 -0.051604066 0.997750103 0.042799126 7.217810154 0.998663306 0.051681913 -0.000713589 12.045859337
-0.002949016 0.042126551 -0.999107957 -219.957550049 -0.051750790 0.997766972 0.042222768 7.273973465 0.998655677 0.051829144 -0.000762348 12.056380272
-0.002189724 0.038782757 -0.999245226 -220.980331421 -0.046814479 0.998148024 0.038842760 7.291989326 0.998901188 0.046864204 -0.000370075 12.058596611
-0.002343038 0.035337545 -0.999372661 -221.971786499 -0.045264892 0.998347342 0.035407413 7.323388100 0.998972297 0.045319457 -0.000739615 12.056089401
-0.001632927 0.035675008 -0.999362051 -223.000091553 -0.050144531 0.998103261 0.035712000 7.356302738 0.998740613 0.050170854 0.000159077 12.045079231
-0.000041076 0.039444137 -0.999221802 -224.029800415 -0.051312465 0.997905374 0.039394289 7.383935928 0.998682559 0.051274154 0.001982987 12.032350540
0.000487727 0.039745290 -0.999209762 -225.076751709 -0.049033429 0.998008907 0.039673589 7.399283886 0.998796940 0.048975330 0.002435603 12.046463966
0.017671771 0.041361958 -0.998987854 -226.100570679 -0.048117537 0.998021424 0.040470764 7.431918621 0.998685360 0.047353640 0.019627042 11.769716263
0.019013114 0.046825305 -0.998722136 -227.154998779 -0.050032653 0.997695804 0.045824692 7.454898834 0.998566508 0.049097445 0.021312101 11.787193298
0.020644706 0.050556067 -0.998507679 -228.344116211 -0.046447933 0.997690797 0.049554355 7.500699043 0.998707354 0.045355592 0.022945255 11.817508698
0.022120608 0.050601620 -0.998473942 -229.421859741 -0.045870941 0.997717857 0.049547065 7.548904419 0.998702407 0.044704933 0.024391269 11.833312035
0.023847340 0.053587820 -0.998278260 -230.401947021 -0.049881473 0.997382343 0.052348126 7.539847374 0.998470426 0.048547231 0.026457956 11.855955124
0.022479812 0.056689993 -0.998138726 -231.258972168 -0.051981669 0.997106850 0.055460669 7.538891792 0.998394966 0.050638173 0.025361614 12.010468483
0.027572827 0.056761816 -0.998006940 -232.349563599 -0.053411737 0.997043967 0.055231392 7.589857101 0.998191714 0.051782403 0.030523065 12.011586189
0.028697034 0.054185230 -0.998118460 -233.382583618 -0.056150846 0.997040331 0.052512296 7.628497601 0.998009741 0.054538250 0.031654652 12.060401917
0.032101739 0.050766576 -0.998194516 -234.447143555 -0.055941917 0.997234881 0.048918691 7.682326794 0.997917771 0.054270543 0.034852952 12.072687149
0.033236165 0.050093468 -0.998191357 -235.532012939 -0.054756042 0.997334361 0.048227288 7.709517479 0.997946441 0.053054109 0.035890497 12.123005867
