0.999701083 -0.008712479 0.022846049 -0.009096559 0.008924798 0.999917805 -0.009208048 0.116627552 -0.022763936 0.009409191 0.999696553 0.915826082
0.999732435 -0.010181373 0.020768384 -0.003857341 0.010412580 0.999884605 -0.011055049 0.117879733 -0.020653436 0.011268344 0.999723136 1.217996001
0.999811053 -0.012736493 0.014685545 -0.009282010 0.012922895 0.999836266 -0.012668742 0.116161793 -0.014521787 0.012856128 0.999811947 1.534396410
0.999912024 -0.012874788 0.003190142 -0.000890057 0.012891653 0.999902666 -0.005323993 -0.003902489 -0.003121287 0.005364649 0.999980688 0.486193776
0.999818504 -0.013485092 -0.013455178 -0.040907849 0.013273906 0.999789178 -0.015663136 0.113571152 0.013663557 0.015481690 0.999786794 2.172651529
0.999431908 -0.008693472 -0.032562703 -0.074939035 0.008183208 0.999842167 -0.015770841 0.107830688 0.032694660 0.015495419 0.999345243 2.511883020
0.998624027 -0.005077119 -0.052192137 -0.100103214 0.004188613 0.999844670 -0.017119059 0.102382928 0.052270938 0.016876893 0.998490393 2.732371330
0.997398257 -0.004473182 -0.071948513 -0.158888489 0.003112483 0.999814272 -0.019013122 0.112000182 0.072020218 0.018739715 0.997227073 3.209158659
0.995601594 -0.006205379 -0.093481764 -0.188944429 0.004478639 0.999815643 -0.018669890 0.106985621 0.093580402 0.018169103 0.995445967 3.501743793
0.993627191 -0.006905010 -0.112504788 -0.258458763 0.004908672 0.999825716 -0.018011823 0.099162780 0.112609550 0.017344788 0.993487895 3.955771923
0.991451323 -0.005588260 -0.130356938 -0.326171041 0.003331122 0.999840796 -0.017526697 0.090559527 0.130434126 0.016942630 0.991312206 4.346228600
0.989176452 -0.004373802 -0.146666631 -0.387271762 0.001913500 0.999855161 -0.016911693 0.081599191 0.146719366 0.016447997 0.989041567 4.747846603
0.987078846 -0.003530138 -0.160197169 -0.465345740 0.000813474 0.999854803 -0.017020665 0.068680450 0.160234049 0.016670419 0.986938298 5.157013416
0.985128582 -0.005019722 -0.171745345 -0.555417895 0.001956774 0.999836028 -0.017998882 0.057571255 0.171807542 0.017395144 0.984976947 5.580503464
0.983235121 -0.008963573 -0.182121724 -0.630225897 0.005409462 0.999785244 -0.020002432 0.042119168 0.182261914 0.018681914 0.983072460 6.024195671
0.981741548 -0.007925259 -0.190054327 -0.722528517 0.003759748 0.999744892 -0.022268035 0.033866227 0.190182298 0.021146899 0.981521070 6.484680653
0.980314195 -0.007587537 -0.197297782 -0.826894522 0.002966400 0.999714553 -0.023707137 0.018111110 0.197421357 0.022655180 0.980056942 6.943954945
0.978619695 -0.008462068 -0.205504104 -0.932325125 0.003098848 0.999646425 -0.026405705 0.001639500 0.205654979 0.025204316 0.978299916 7.428988457
0.976881862 -0.011889007 -0.213449091 -1.036345482 0.006088462 0.999594629 -0.027812157 -0.015638202 0.213693216 0.025869614 0.976558208 7.923012733
0.974991202 -0.018142505 -0.221501857 -1.144336462 0.011969467 0.999502540 -0.029179707 -0.035276890 0.221921057 0.025798701 0.974723279 8.432126999
0.973020852 -0.018319782 -0.229988769 -1.271158934 0.011330808 0.999434054 -0.031672440 -0.057824373 0.230438843 0.028211990 0.972677767 8.945139885
0.971012652 -0.014735684 -0.238573387 -1.417328119 0.006282925 0.999326527 -0.036152229 -0.072104424 0.238945484 0.033605333 0.970451295 9.470950127
0.968789876 -0.011901130 -0.247597650 -1.563976049 0.002380857 0.999247313 -0.038714524 -0.100706697 0.247872099 0.036916740 0.968089163 10.013384819
0.966367602 -0.014930774 -0.256731063 -1.709289312 0.004713261 0.999173641 -0.040367905 -0.126933128 0.257121652 0.037800185 0.965639532 10.578483582
0.964244962 -0.016713457 -0.264484823 -1.864984035 0.005567402 0.999066532 -0.042836182 -0.156520456 0.264953941 0.039832074 0.963438034 11.123298645
0.962053120 -0.015874753 -0.272400022 -2.029610872 0.003745901 0.998980522 -0.044988289 -0.188840926 0.272836536 0.042260733 0.961131752 11.669055939
0.959775507 -0.014743469 -0.280381054 -2.212593794 0.001045384 0.998801112 -0.048942156 -0.217547894 0.280766428 0.046680387 0.958640277 12.276820183
0.957568407 -0.015769875 -0.287774712 -2.399392843 0.000249762 0.998546898 -0.053888664 -0.256223440 0.288206339 0.051530201 0.956180871 12.867454529
0.955840826 -0.016576279 -0.293417007 -2.587114811 -0.001530182 0.998113692 -0.061372124 -0.300836921 0.293880880 0.059110958 0.954012573 13.474776268
0.954546630 -0.017914720 -0.297522783 -2.783073902 -0.002890926 0.997588694 -0.069342755 -0.342261195 0.298047602 0.067051008 0.952193141 14.073671341
0.953233063 -0.017067762 -0.301753968 -2.988040447 -0.006867645 0.996923149 -0.078082554 -0.395144105 0.302158237 0.076503202 0.950182974 14.725078583
0.951839805 -0.016383899 -0.306157678 -3.195385933 -0.010879564 0.996137261 -0.087132297 -0.451349735 0.306402624 0.086266845 0.947984934 15.352656364
0.950445652 -0.015780041 -0.310489923 -3.417642117 -0.014068126 0.995504856 -0.093658768 -0.514394522 0.310572177 0.093385570 0.945951402 16.028511047
0.948795080 -0.013766787 -0.315591991 -3.653413057 -0.018940657 0.994773030 -0.100337267 -0.586141586 0.315323740 0.101177029 0.943575203 16.700687408
0.947287738 -0.011448684 -0.320179403 -3.882737637 -0.023835139 0.994073570 -0.106064186 -0.660657287 0.319496185 0.108104840 0.941400826 17.350065231
0.945506811 -0.010657435 -0.325427920 -4.125885963 -0.026965534 0.993467867 -0.110881418 -0.743765354 0.324483871 0.113614485 0.939043164 18.041639328
0.944000840 -0.006859349 -0.329871356 -4.381139278 -0.032772817 0.992890298 -0.114432953 -0.822711468 0.328310966 0.118835628 0.937064588 18.705068588
0.942306876 -0.005310168 -0.334708065 -4.640749931 -0.035597831 0.992614985 -0.115966834 -0.903815389 0.332852006 0.121191218 0.935158968 19.392637253
0.940085411 -0.005230866 -0.340898991 -4.904432297 -0.036084164 0.992739856 -0.114740990 -1.006391406 0.339024156 0.120167390 0.933071494 20.119674683
0.937751770 -0.004949644 -0.347270995 -5.173694611 -0.036570739 0.992932439 -0.112905882 -1.104544401 0.345375448 0.118577652 0.930943131 20.820976257
0.935123980 -0.005724352 -0.354274303 -5.453524113 -0.035911005 0.993189633 -0.110836737 -1.195746183 0.352496058 0.116368428 0.928549886 21.566013336
0.932150006 -0.004313670 -0.362046659 -5.753710270 -0.037198097 0.993497074 -0.107609950 -1.288101792 0.360156476 0.113776058 0.925927818 22.280189514
0.928628862 -0.002913859 -0.370998472 -6.047060966 -0.037498031 0.994111419 -0.101667397 -1.380889535 0.369110107 0.108322993 0.923051357 23.037731171
0.925137401 0.000320230 -0.379632384 -6.364435196 -0.039763812 0.994580686 -0.096062645 -1.471275568 0.377544314 0.103966773 0.920136511 23.779092789
0.921482801 0.004291085 -0.388395250 -6.684937954 -0.043516610 0.994784176 -0.092254199 -1.561560154 0.385973603 0.101912312 0.916863263 24.545734406
0.917698860 0.005310935 -0.397241086 -7.026515007 -0.044917185 0.994886160 -0.090465620 -1.638412237 0.394729257 0.100863151 0.913244426 25.292469025
0.913507998 0.005813383 -0.406779259 -7.350987911 -0.046284482 0.994890690 -0.089723282 -1.728405595 0.404179245 0.100790501 0.909109652 26.047733307
0.909755886 0.005120753 -0.415112019 -7.699399948 -0.045733135 0.995074272 -0.087953277 -1.808457851 0.412616849 0.099000387 0.905508816 26.780851364
0.905760348 0.007922528 -0.423716277 -8.064350128 -0.049032558 0.995069683 -0.086209267 -1.899880886 0.420944214 0.098860838 0.901683152 27.582067490
0.902141094 0.007181227 -0.431381464 -8.437322617 -0.048187613 0.995282471 -0.084205441 -1.972994328 0.428741783 0.096752413 0.898231328 28.330194473
0.898095667 0.006826983 -0.439747214 -8.838591576 -0.046475530 0.995754123 -0.079458073 -2.057308912 0.437337697 0.091798447 0.894599795 29.168424606
0.894411147 0.009761677 -0.447139114 -9.230833054 -0.047539998 0.996172845 -0.073346265 -2.138854742 0.444711864 0.086858734 0.891452193 29.935777664
0.890408695 0.010263868 -0.455046147 -9.654458046 -0.046933848 0.996486962 -0.069361098 -2.209121943 0.452735633 0.083116770 0.887762368 30.761598587
0.886755466 0.008570024 -0.462159395 -10.069036484 -0.044825673 0.996710002 -0.067525603 -2.275596619 0.460060209 0.080595307 0.884222209 31.569389343
0.883554459 0.008788733 -0.468245983 -10.509609222 -0.045024674 0.996786654 -0.066249929 -2.345711470 0.466159165 0.079618029 0.881111026 32.380409241
0.880149364 0.009410446 -0.474603474 -10.961229324 -0.045245126 0.996914744 -0.064139962 -2.414366961 0.472535670 0.077926241 0.877859652 33.224559784
0.877229273 0.008619010 -0.479994178 -11.402028084 -0.043970585 0.997078717 -0.062455878 -2.484486580 0.478053659 0.075893745 0.875045657 34.034404755
0.874491692 0.007325142 -0.484985143 -11.874588013 -0.043048616 0.997112215 -0.062562041 -2.558827877 0.483126402 0.075587928 0.872281730 34.884742737
0.872196913 0.005070688 -0.489128560 -12.343997955 -0.041355111 0.997130632 -0.063405946 -2.610029936 0.487403542 0.075530455 0.869903922 35.750045776
0.870913863 0.007152963 -0.491383672 -12.847267151 -0.043768503 0.997049510 -0.063060187 -2.696130037 0.489482790 0.076427102 0.868657231 36.607364655
0.870293677 0.006746572 -0.492486954 -13.329954147 -0.042928204 0.997140110 -0.062200379 -2.761734486 0.490658849 0.075274177 0.868094265 37.441268921
0.870124936 0.006655119 -0.492786199 -13.847686768 -0.041917775 0.997284830 -0.060546856 -2.832268715 0.491045326 0.073339835 0.868041277 38.378898621
0.869638085 0.005240249 -0.493662030 -14.344285965 -0.040192503 0.997375846 -0.060216151 -2.889397383 0.492051125 0.072207771 0.867566526 39.248588562
0.868981242 0.005412508 -0.494815409 -14.874013901 -0.040775441 0.997322917 -0.060699578 -2.976494789 0.493162155 0.072923109 0.866875589 40.185630798
0.867724061 0.002549606 -0.497039706 -15.395294189 -0.037923183 0.997411668 -0.061089415 -3.042442799 0.495597392 0.071858071 0.865574777 41.095180511
0.866261184 0.002136029 -0.499586850 -15.929327965 -0.036640089 0.997569442 -0.059267081 -3.110251188 0.498245984 0.069645666 0.864234030 42.023082733
0.864110827 0.003617095 -0.503288627 -16.453405380 -0.036223911 0.997827828 -0.055022582 -3.190807343 0.501996338 0.065776691 0.862364888 42.930568695
0.861099839 0.003230074 -0.508425415 -16.999164581 -0.033787228 0.998132885 -0.050882868 -3.260424852 0.507311702 0.060993519 0.859601378 43.861850739
0.857054591 0.002381362 -0.515220046 -17.549304962 -0.032035682 0.998300612 -0.048676312 -3.334762335 0.514228582 0.058223683 0.855674505 44.769256592
0.851693332 -0.000100310 -0.524040580 -18.099050522 -0.031042658 0.998234272 -0.050642941 -3.401203871 0.523120284 0.059399877 0.850186348 45.688980103
0.845824778 -0.003564943 -0.533449113 -18.680755615 -0.029857276 0.998093843 -0.054011114 -3.466744900 0.532624662 0.061611276 0.844106078 46.572895050
0.839462578 -0.003052102 -0.543408930 -19.242557526 -0.030552464 0.998137414 -0.052803814 -3.536059618 0.542557955 0.060929302 0.837805748 47.479145050
0.833712637 0.001290664 -0.552197039 -19.868106842 -0.033041324 0.998322070 -0.047552716 -3.604645491 0.551209152 0.057890616 0.832356393 48.392097473
0.828286350 0.005144469 -0.560281396 -20.444274902 -0.035032995 0.998476863 -0.042622715 -3.671554565 0.559208751 0.054932151 0.827204943 49.263988495
0.823978543 0.004032080 -0.566606700 -21.055461884 -0.035098203 0.998417675 -0.043936048 -3.730492830 0.565533042 0.056089241 0.822816074 50.154693604
0.820348501 0.001959740 -0.571860492 -21.651016235 -0.035865266 0.998201966 -0.048028853 -3.792088509 0.570738077 0.059910331 0.818943620 51.017024994
0.817483008 0.000419024 -0.575952590 -22.279449463 -0.039289318 0.997710884 -0.055039749 -3.855999231 0.574611068 0.067622848 0.815628111 51.876602173
0.813848615 -0.001499947 -0.581074953 -22.887241364 -0.038433157 0.997667909 -0.056404464 -3.924941540 0.579804599 0.068237238 0.811893165 52.747772217
0.810622931 -0.000759679 -0.585568011 -23.521709442 -0.036806904 0.997955501 -0.052247819 -3.989908218 0.584410608 0.063906223 0.808937788 53.607742310
0.807335138 0.002635526 -0.590087295 -24.158327103 -0.037522454 0.998195589 -0.046878528 -4.061542034 0.588899016 0.059988204 0.805977285 54.496578217
0.804277599 0.005357914 -0.594229698 -24.802717209 -0.039073724 0.998272240 -0.043884475 -4.120073795 0.592967868 0.058514066 0.803097308 55.350349426
0.800803006 0.005211787 -0.598905146 -25.444736481 -0.039713133 0.998223543 -0.044414166 -4.177514076 0.597609699 0.059351388 0.799587429 56.229736328
0.797188640 0.003589506 -0.603719532 -26.094617844 -0.039457135 0.998154163 -0.046166968 -4.231510639 0.602439463 0.060624819 0.795858860 57.064010620
0.792913020 0.000532141 -0.609334588 -26.728355408 -0.037606996 0.998135924 -0.048065424 -4.303564072 0.608173192 0.061026946 0.791455030 57.908798218
0.788911104 -0.000388861 -0.614507139 -27.393417358 -0.036905449 0.998164773 -0.048011269 -4.374155045 0.613398015 0.060555294 0.787448883 58.732162476
0.784026742 -0.000894786 -0.620726347 -28.063926697 -0.036121503 0.998238623 -0.047063317 -4.432625771 0.619674921 0.059320476 0.782613397 59.601127625
0.779220760 0.000067633 -0.626749456 -28.742893219 -0.037155926 0.998246193 -0.046087246 -4.497878075 0.625647128 0.059199594 0.777856648 60.422248840
0.773585379 -0.002075636 -0.633688629 -29.437473297 -0.035779793 0.998256326 -0.046948511 -4.556473732 0.632681131 0.058991939 0.772162199 61.276653290
0.768285692 -0.004167668 -0.640093565 -30.134187698 -0.034707982 0.998236537 -0.048158512 -4.610379219 0.639165580 0.059215851 0.766786039 62.111621857
0.762229681 -0.005170903 -0.647285998 -30.843772888 -0.033955526 0.998271942 -0.047960065 -4.688806534 0.646415412 0.058535524 0.760736942 62.945209503
0.756880045 -0.006325779 -0.653523147 -31.573795319 -0.033995006 0.998218417 -0.049033679 -4.754351616 0.652669132 0.059329145 0.755316496 63.769332886
0.750739336 -0.008087066 -0.660548985 -32.315258026 -0.033213660 0.998198330 -0.049969494 -4.819991589 0.659762979 0.059453323 0.749118209 64.606216431
0.744302511 -0.009857496 -0.667769849 -33.030105591 -0.031326093 0.998275161 -0.049652714 -4.887433052 0.667107522 0.057875261 0.742709935 65.416183472
0.737725496 -0.010214220 -0.675023496 -33.765106201 -0.029784506 0.998419523 -0.047658883 -4.954650402 0.674443483 0.055264413 0.736255288 66.229156494
0.731256366 -0.010498308 -0.682021856 -34.526424408 -0.029586395 0.998452306 -0.047091305 -5.017414093 0.681460798 0.054614384 0.729813993 67.032348633
0.724755347 -0.012022333 -0.688901305 -35.307662964 -0.028652081 0.998457015 -0.047567811 -5.084669590 0.688410342 0.054213483 0.723292649 67.850723267
0.718194783 -0.013665535 -0.695707917 -36.099140167 -0.028586017 0.998383701 -0.049120866 -5.149189949 0.695254683 0.055165876 0.716643333 68.660346985
0.712536931 -0.012661273 -0.701520383 -36.887336731 -0.030278016 0.998350918 -0.048772078 -5.213029385 0.700980902 0.055992555 0.710978627 69.428733826
0.706439197 -0.013374896 -0.707647324 -37.706954956 -0.028977279 0.998436630 -0.047798757 -5.277630329 0.707180381 0.054272614 0.704947054 70.266868591
0.701683700 -0.012380539 -0.712381065 -38.516143799 -0.029727628 0.998469591 -0.046633720 -5.364674568 0.711868286 0.053899515 0.700241685 71.028625488
0.696845710 -0.013246226 -0.717098713 -39.364475250 -0.030858492 0.998349905 -0.048428454 -5.414018631 0.716556847 0.055875748 0.695287108 71.836685181
0.691309094 -0.015452886 -0.722393930 -40.199119568 -0.031360779 0.998187602 -0.051363759 -5.478077888 0.721878290 0.058163073 0.689571440 72.619705200
0.686440170 -0.018114651 -0.726960659 -41.039985657 -0.029991638 0.998133838 -0.053191751 -5.555896759 0.726567566 0.058315694 0.684615850 73.414138794
0.681759894 -0.017931642 -0.731356263 -41.904426575 -0.031829268 0.998025954 -0.054140728 -5.613624573 0.730883300 0.060189512 0.679843307 74.184951782
0.676589847 -0.017847277 -0.736143768 -42.756179810 -0.030631181 0.998158693 -0.052352760 -5.697928429 0.735722721 0.057970308 0.674797297 74.976028442
0.671317458 -0.018110823 -0.740948617 -43.617942810 -0.029482283 0.998257637 -0.051111836 -5.771362305 0.740583241 0.056157131 0.669613838 75.755012512
0.666375399 -0.019787697 -0.745353758 -44.516990662 -0.028318599 0.998254895 -0.051819667 -5.833791733 0.745078325 0.055638719 0.664652228 76.539512634
0.661852539 -0.020462541 -0.749354720 -45.413341522 -0.027920004 0.998260915 -0.051919185 -5.912296295 0.749113917 0.055284832 0.660130322 77.300949097
0.656854808 -0.021115333 -0.753721356 -46.271911621 -0.026544243 0.998340607 -0.051101126 -5.985289574 0.753549695 0.053572979 0.655204415 78.076980591
0.653061032 -0.021426570 -0.757002175 -47.191337585 -0.026256001 0.998358130 -0.050908919 -6.055875778 0.756850064 0.053122476 0.651426136 78.840545654
0.649026871 -0.025091266 -0.760351598 -48.091857910 -0.022762913 0.998367965 -0.052375861 -6.121610165 0.760424852 0.051301152 0.647396505 79.623443604
0.644290864 -0.029358068 -0.764216900 -48.990085602 -0.019257154 0.998323321 -0.054586675 -6.209401131 0.764538050 0.049886335 0.642645240 80.381835938
0.639967918 -0.034096930 -0.767644763 -49.925380707 -0.014917945 0.998275340 -0.056777745 -6.275882721 0.768256783 0.047787625 0.638355553 81.147529602
0.633179545 -0.037637647 -0.773089290 -50.836151123 -0.010141891 0.998327672 -0.056909788 -6.358403206 0.773938596 0.043874700 0.631739080 81.902763367
0.624892116 -0.040885281 -0.779639781 -51.791465759 -0.005394443 0.998377740 -0.056679904 -6.447267532 0.780692458 0.039624549 0.623657882 82.659492493
0.615852952 -0.042093448 -0.786735833 -52.763256073 -0.001966170 0.998486459 -0.054962058 -6.530797005 0.787858665 0.035395406 0.614838064 83.424049377
0.607161582 -0.039846968 -0.793578684 -53.720932007 -0.001784684 0.998670757 -0.051510453 -6.620771885 0.794576466 0.032691453 0.606283426 84.148834229
0.597797871 -0.040433276 -0.800626457 -54.718471527 -0.001981090 0.998649597 -0.051913075 -6.685698032 0.801644564 0.032619640 0.596910596 84.893859863
0.588183463 -0.041984886 -0.807636917 -55.703189850 -0.002352194 0.998558521 -0.053622980 -6.756085396 0.808723986 0.033439875 0.587236941 85.604995728
0.578333318 -0.044291884 -0.814597309 -56.722705841 -0.002043135 0.998443305 -0.055738643 -6.833306789 0.815797985 0.033899851 0.577342570 86.315391541
0.568032324 -0.046321701 -0.821701586 -57.724128723 -0.001272238 0.998364210 -0.057160169 -6.903828621 0.823005140 0.033514228 0.567044258 87.010269165
0.558314443 -0.046640951 -0.828317344 -58.766151428 0.001930404 0.998488784 -0.054921828 -7.000837326 0.829627216 0.029064655 0.557560742 87.703102112
0.548572421 -0.047015414 -0.834780037 -59.821910858 0.002999629 0.998521984 -0.054266281 -7.075869560 0.836097598 0.027264953 0.547902703 88.371467590
0.537642539 -0.047310490 -0.841844499 -60.867706299 0.003043200 0.998526990 -0.054172277 -7.159599304 0.843167424 0.026563417 0.536994398 89.055000305
0.527919888 -0.048279975 -0.847920835 -61.934562683 0.002038614 0.998452127 -0.055581868 -7.238540649 0.849291742 0.027614187 0.527201056 89.695236206
0.517027974 -0.049002495 -0.854564786 -63.007152557 0.002116324 0.998430133 -0.055971604 -7.322174072 0.855966032 0.027130349 0.516319990 90.365539551
0.507115304 -0.049599420 -0.860449970 -64.066169739 0.000795399 0.998369217 -0.057080813 -7.405060768 0.861877859 0.028262151 0.506327808 90.989349365
0.497101635 -0.049790561 -0.866262674 -65.179222107 0.000767723 0.998377144 -0.056943603 -7.500072479 0.867692053 0.027641714 0.496333003 91.629745483
0.488150775 -0.048360232 -0.871418417 -66.279365540 0.000866053 0.998489976 -0.054927040 -7.577654362 0.872758925 0.026057990 0.487455487 92.234039307
0.479802817 -0.046294715 -0.876154125 -67.377021790 0.001008403 0.998635471 -0.052214224 -7.663736820 0.877375782 0.024169013 0.479194731 92.846206665
0.472623587 -0.046593331 -0.880031824 -68.470932007 0.001386953 0.998639464 -0.052128155 -7.747109890 0.881263375 0.023416426 0.472045124 93.418548584
0.464281917 -0.049846351 -0.884283662 -69.614730835 0.003613436 0.998513281 -0.054388203 -7.825887680 0.885680079 0.022056153 0.463771760 94.029312134
0.457491547 -0.052897699 -0.887639105 -70.718597412 0.007284268 0.998418450 -0.055745125 -7.918502331 0.889184058 0.019037118 0.457153320 94.593208313
0.450760216 -0.056236338 -0.890871823 -71.873931885 0.007720443 0.998221815 -0.059106462 -7.992426395 0.892611623 0.019764908 0.450392932 95.191513062
0.445183873 -0.059662428 -0.893449366 -72.978889465 0.010336055 0.998053670 -0.061497469 -8.093722343 0.895379543 0.018142933 0.444934130 95.743721008
0.441009462 -0.060481738 -0.895462155 -74.148178101 0.012989072 0.998052359 -0.061013900 -8.194219589 0.897408366 0.015276489 0.440936089 96.300491333
0.436224639 -0.057016097 -0.898029566 -75.285385132 0.014874294 0.998311102 -0.056157686 -8.299133301 0.899714828 0.011139810 0.436336011 96.868286133
0.433098912 -0.056101292 -0.899598777 -76.407142639 0.017783359 0.998398602 -0.053701155 -8.369367599 0.901170909 0.007260028 0.433403045 97.396713257
0.429275244 -0.055791948 -0.901448846 -77.547859192 0.019298740 0.998428881 -0.052604005 -8.450535774 0.902967572 0.005184773 0.429677457 97.944503784
0.426163405 -0.055696748 -0.902930021 -78.689888000 0.021078980 0.998443246 -0.051639620 -8.534855843 0.904400766 0.002974069 0.426673919 98.488868713
0.423092395 -0.054490887 -0.904446602 -79.827354431 0.022946898 0.998514235 -0.049423888 -8.625481606 0.905795932 0.000156629 0.423714161 99.029861450
0.420306772 -0.054233901 -0.905759692 -80.959197998 0.025272733 0.998524606 -0.048060834 -8.695795059 0.907029927 -0.002690731 0.421057254 99.564521790
0.418862283 -0.054197758 -0.906430840 -82.063301086 0.026701439 0.998520672 -0.047365274 -8.785571098 0.907657087 -0.004363483 0.419689775 100.069305420
0.415846199 -0.056723289 -0.907664239 -83.212844849 0.031452302 0.998352945 -0.047980897 -8.833353043 0.908890903 -0.008595456 0.416945338 100.587211609
0.413634628 -0.055831559 -0.908729434 -84.325218201 0.035073627 0.998354137 -0.045373254 -8.911911011 0.909767151 -0.013104489 0.414912134 101.090148926
0.411300153 -0.055301912 -0.909820795 -85.430870056 0.037070688 0.998346865 -0.043924376 -8.984585762 0.910745859 -0.015661580 0.412670285 101.590499878
0.409349203 -0.056851700 -0.910604775 -86.524642944 0.040220983 0.998211086 -0.044240434 -9.059149742 0.911490738 -0.018515635 0.410903513 102.088417053
0.407945484 -0.058064282 -0.911158085 -87.607055664 0.041178573 0.998130202 -0.045170095 -9.127919197 0.912077248 -0.019093251 0.409573704 102.575790405
0.407911092 -0.058299955 -0.911158442 -88.624961853 0.039596748 0.998149872 -0.046139214 -9.203830719 0.912162721 -0.017258214 0.409464836 103.017135620
0.408179134 -0.059379581 -0.910968602 -89.704063416 0.040597294 0.998075724 -0.046866983 -9.289116859 0.911998868 -0.017852729 0.409804374 103.500526428
0.410169691 -0.059382331 -0.910073876 -90.749450684 0.038896784 0.998109162 -0.047595855 -9.361028671 0.911179304 -0.015876574 0.411703944 103.968933105
0.415019333 -0.059574343 -0.907859921 -91.780181885 0.035816833 0.998150170 -0.049125921 -9.430164337 0.909107327 -0.012128463 0.416385353 104.419174194
0.419817269 -0.060896236 -0.905563354 -92.820945740 0.036397193 0.998073518 -0.050243579 -9.503456116 0.906878531 -0.011866841 0.421224982 104.902816772
0.425487876 -0.060688756 -0.902926922 -93.852478027 0.036075749 0.998093128 -0.050085165 -9.582520485 0.904244781 -0.011263132 0.426865876 105.386154175
0.432168484 -0.059607271 -0.899820745 -94.853363037 0.035166193 0.998167992 -0.049232420 -9.655363083 0.901107013 -0.010366570 0.433472902 105.866561890
0.439870924 -0.058178555 -0.896174550 -95.821960449 0.033289995 0.998269856 -0.048466664 -9.723391533 0.897443831 -0.008514573 0.441046596 106.343002319
0.448878318 -0.058263913 -0.891691327 -96.847564697 0.034058414 0.998262465 -0.048082318 -9.792867661 0.892943501 -0.008786478 0.450082839 106.851806641
0.458385527 -0.058003414 -0.886858642 -97.844024658 0.033428643 0.998287141 -0.048013132 -9.862516403 0.888124526 -0.007637953 0.459539354 107.361450195
0.467972994 -0.058379691 -0.881812274 -98.833389282 0.032641828 0.998276711 -0.048767276 -9.938123703 0.883139729 -0.005962200 0.469072104 107.887901306
0.478776842 -0.060524169 -0.875847876 -99.795845032 0.030576717 0.998165190 -0.052262150 -9.997770309 0.877404034 -0.001758650 0.479748964 108.401237488
0.489518136 -0.060739957 -0.869875073 -100.738746643 0.028616976 0.998152852 -0.053593010 -10.077928543 0.871523440 0.001341554 0.490352035 108.928337097
0.502487361 -0.059210390 -0.862554669 -101.696632385 0.026151923 0.998236656 -0.053289324 -10.142837524 0.864188850 0.004219751 0.503149807 109.466033936
0.515456021 -0.056706436 -0.855037749 -102.628959656 0.024863629 0.998377562 -0.051223867 -10.217352867 0.856555223 0.005144308 0.516029656 110.010566711
0.528171539 -0.054311808 -0.847398937 -103.551239014 0.024110751 0.998509169 -0.048968941 -10.288938522 0.848795295 0.005432575 0.528693676 110.570594788
0.539817274 -0.054107144 -0.840041518 -104.454833984 0.024418328 0.998518646 -0.048623264 -10.353103638 0.841428041 0.005735269 0.540338814 111.146987915
0.551500678 -0.053760745 -0.832440257 -105.332794189 0.023476215 0.998526096 -0.048933677 -10.423631668 0.833843946 0.007444408 0.551949978 111.718444824
0.562587023 -0.055145103 -0.824896932 -106.232391357 0.024749983 0.998449028 -0.049867515 -10.499989510 0.826367497 0.007638635 0.563079357 112.326751709
0.574432850 -0.056516439 -0.816598296 -107.105957031 0.026624920 0.998375773 -0.050367989 -10.571769714 0.818118572 0.007191164 0.575004637 112.917037964
0.585291803 -0.056666631 -0.808840096 -107.960502625 0.027198743 0.998365521 -0.050263099 -10.641238213 0.810366452 0.007419142 0.585876405 113.532646179
0.596174955 -0.054276325 -0.801017642 -108.802055359 0.026323501 0.998497188 -0.048065528 -10.709607124 0.802422881 0.007569879 0.596707761 114.141151428
0.606469512 -0.051562957 -0.793433070 -109.625572205 0.026618268 0.998652339 -0.044553604 -10.776020050 0.794661045 0.005900592 0.607024729 114.761169434
0.616644859 -0.049925976 -0.785656750 -110.430839539 0.025683185 0.998731494 -0.043308035 -10.840702057 0.786822379 0.006527508 0.617145002 115.379409790
0.626957178 -0.049746245 -0.777463853 -111.224472046 0.023743989 0.998715878 -0.044755641 -10.897594452 0.778691828 0.009599784 0.627333164 116.001441956
0.636448145 -0.049448662 -0.769732893 -111.998489380 0.022054823 0.998701572 -0.045922033 -10.956729889 0.771004140 0.012250676 0.636712313 116.634933472
0.646021843 -0.048511833 -0.761775851 -112.764595032 0.021567993 0.998740017 -0.045311641 -11.019908905 0.763014197 0.012842327 0.646254122 117.269485474
0.655373693 -0.046509672 -0.753871441 -113.505455017 0.021118319 0.998840392 -0.043263804 -11.079543114 0.755009472 0.012433454 0.655595958 117.906578064
0.664106488 -0.044937152 -0.746286273 -114.237190247 0.021430744 0.998926103 -0.041078866 -11.137323380 0.747330785 0.011287267 0.664356291 118.553710938
0.672299266 -0.044323679 -0.738951325 -114.951217651 0.021699965 0.998956919 -0.040176626 -11.193657875 0.739961326 0.010975492 0.672559917 119.198532104
0.680387199 -0.043530013 -0.731558859 -115.655044556 0.020537412 0.998974860 -0.040341243 -11.246978760 0.732565045 0.012423345 0.680583715 119.836380005
0.687924325 -0.042715240 -0.724524260 -116.351554871 0.019977821 0.999002814 -0.039928824 -11.298875809 0.725507379 0.012993586 0.688091755 120.489303589
0.695411623 -0.039985821 -0.717498362 -117.033256531 0.019285139 0.999129713 -0.036989491 -11.351963043 0.718352795 0.011885873 0.695577383 121.138206482
0.702804625 -0.036973715 -0.710421383 -117.700134277 0.017903764 0.999251366 -0.034294002 -11.400845528 0.711157560 0.011382763 0.702940464 121.791473389
0.710317492 -0.035452403 -0.702988207 -118.346206665 0.016996736 0.999303579 -0.033221934 -11.449700356 0.703676224 0.011649618 0.710425198 122.431999207
0.717953801 -0.034756269 -0.695222378 -118.981880188 0.016426062 0.999320626 -0.032995906 -11.493652344 0.695896864 0.012269780 0.718037069 123.076995850
0.725990236 -0.031595781 -0.686978757 -119.598724365 0.013458830 0.999405503 -0.031741910 -11.536396980 0.687573195 0.013798385 0.725983858 123.719047546
0.735465646 -0.028763602 -0.676951170 -120.203376770 0.012600334 0.999506354 -0.028779466 -11.578643799 0.677444875 0.012636494 0.735464871 124.355323792
0.744654715 -0.025345363 -0.666968286 -120.791061401 0.011238152 0.999613166 -0.025439011 -11.617448807 0.667355239 0.011447785 0.744651616 125.009475708
0.755093575 -0.022874624 -0.655217767 -121.363723755 0.009076367 0.999660075 -0.024439706 -11.656286240 0.655554175 0.012507265 0.755044580 125.650421143
0.765096366 -0.022271302 -0.643530607 -121.922088623 0.007553460 0.999643326 -0.025615308 -11.687912941 0.643871546 0.014737295 0.764991641 126.293624878
0.775162220 -0.023666421 -0.631318867 -122.468246460 0.008025618 0.999586403 -0.027617544 -11.721721649 0.631711245 0.016341355 0.775031447 126.953598022
0.785123765 -0.023054332 -0.618909657 -122.986450195 0.007803164 0.999595821 -0.027336080 -11.755530357 0.619289756 0.016632745 0.784986377 127.599815369
0.795543313 -0.020953551 -0.605534375 -123.496513367 0.007086250 0.999655187 -0.025281662 -11.797239304 0.605855227 0.015821684 0.795417547 128.256622314
0.805615187 -0.019254670 -0.592126250 -123.998687744 0.007284520 0.999718249 -0.022597743 -11.827505112 0.592394412 0.013891730 0.805528283 128.935195923
0.815516591 -0.018312223 -0.578444123 -124.491729736 0.007674804 0.999753535 -0.020829633 -11.848148346 0.578682959 0.012547466 0.815455973 129.610534668
0.824589074 -0.016332611 -0.565496266 -124.964279175 0.007891571 0.999817967 -0.017369417 -11.887105942 0.565677047 0.009859976 0.824567854 130.294418335
0.832858086 -0.015845697 -0.553259730 -125.429481506 0.008842839 0.999843419 -0.015324435 -11.911859512 0.553415954 0.007870694 0.832867861 130.988754272
0.840010405 -0.016461046 -0.542320549 -125.882942200 0.010705297 0.999847889 -0.013766746 -11.939404488 0.542464733 0.005758508 0.840058863 131.693206787
0.846597314 -0.015612615 -0.532004952 -126.302970886 0.009983842 0.999859631 -0.013455005 -11.954013824 0.532140434 0.006079516 0.846634328 132.379714966
0.853658497 -0.015039915 -0.520615935 -126.774902344 0.009475561 0.999866009 -0.013347654 -11.986967087 0.520746946 0.006461208 0.853686571 133.102798462
0.860572875 -0.013435398 -0.509150028 -127.207229614 0.008291618 0.999889135 -0.012370349 -12.007371902 0.509259760 0.006423913 0.860588789 133.802795410
0.866798282 -0.012077001 -0.498512596 -127.624687195 0.007028390 0.999903381 -0.012002966 -12.032033920 0.498609334 0.006900410 0.866799355 134.529510498
0.872645736 -0.012286507 -0.488199234 -128.060531616 0.007378286 0.999900997 -0.011975972 -12.054473877 0.488298059 0.006848705 0.872650027 135.315795898
0.877723277 -0.013624506 -0.478974015 -128.455917358 0.008452312 0.999880373 -0.012952867 -12.078109741 0.479093164 0.007320594 0.877733529 136.048095703
0.882166803 -0.014260349 -0.470721066 -128.875915527 0.008940916 0.999868453 -0.013534749 -12.095750809 0.470852166 0.007731229 0.882178307 136.818466187
0.885646403 -0.013501191 -0.464164048 -129.265625000 0.008445995 0.999880254 -0.012968283 -12.107080460 0.464283586 0.007564986 0.885654449 137.569595337
0.888975561 -0.011521831 -0.457809746 -129.692703247 0.008097975 0.999922633 -0.009440693 -12.133447647 0.457883179 0.004685214 0.889000058 138.362136841
0.892221510 -0.007060788 -0.451542735 -130.095474243 0.005343740 0.999972820 -0.005077701 -12.151041031 0.451566339 0.002117508 0.892234981 139.131637573
0.895470142 -0.004915278 -0.445094079 -130.500122070 0.004250373 0.999987841 -0.002491916 -12.160758972 0.445100904 0.000339624 0.895480335 139.950912476
0.898687780 -0.001997778 -0.438584268 -130.886688232 0.001985653 0.999997854 -0.000486321 -12.173844337 0.438584298 -0.000433825 0.898689985 140.744537354
0.902060986 -0.001094272 -0.431607246 -131.288665771 0.001949193 0.999996841 0.001538487 -12.172306061 0.431604236 -0.002229095 0.902060330 141.562606812
0.905358911 0.000794681 -0.424646527 -131.705307007 0.001229891 0.999989152 0.004493533 -12.179458618 0.424645454 -0.004590528 0.905348063 142.440414429
0.908762515 0.000641314 -0.417313367 -132.090972900 0.002370510 0.999974787 0.006698871 -12.192053795 0.417307168 -0.007076926 0.908737957 143.284561157
0.912392437 0.000181871 -0.409316629 -132.502395630 0.003081454 0.999968469 0.007313067 -12.185830116 0.409305096 -0.007933676 0.912363052 144.173355103
0.916187763 -0.000794321 -0.400748670 -132.889312744 0.003964403 0.999966979 0.007081351 -12.184986115 0.400729865 -0.008076576 0.916160643 145.045959473
0.920004547 -0.002988588 -0.391896248 -133.261703491 0.006015808 0.999960661 0.006496872 -12.180923462 0.391861469 -0.008334726 0.919986486 145.937026978
0.924131870 -0.004108096 -0.382051468 -133.649017334 0.006674836 0.999963164 0.005393209 -12.192498207 0.382015258 -0.007534168 0.924125314 146.855361938
0.928570628 -0.006016765 -0.371107072 -134.030853271 0.007692367 0.999965847 0.003035099 -12.185720444 0.371076047 -0.005672995 0.928585172 147.796371460
0.933754921 -0.003876596 -0.357892066 -134.391693115 0.005039958 0.999984682 0.002317877 -12.192831993 0.357877553 -0.003968089 0.933760107 148.739715576
0.939890802 -0.000261959 -0.341475099 -134.770126343 0.001553536 0.999992669 0.003508887 -12.200029373 0.341471612 -0.003828463 0.939884245 149.716110229
0.946635604 0.003883694 -0.322282404 -135.126159668 -0.001779447 0.999975145 0.006823551 -12.214576721 0.322300851 -0.005885932 0.946618915 150.691116333
0.952976406 0.006563879 -0.302973390 -135.412750244 -0.004332670 0.999958336 0.008035924 -12.204399109 0.303013533 -0.006345362 0.952965081 151.625106812
0.959666073 0.009475188 -0.280982703 -135.748321533 -0.007076483 0.999929368 0.009550259 -12.229230881 0.281053364 -0.007176691 0.959665239 152.652893066
0.965480506 0.009614747 -0.260297775 -136.015930176 -0.007164040 0.999920666 0.010362139 -12.210921288 0.260376751 -0.008139660 0.965472817 153.676620483
0.970876038 0.010176993 -0.239366069 -136.203369141 -0.007195170 0.999885261 0.013327744 -12.222664833 0.239474237 -0.011217308 0.970838070 154.628173828
0.976237178 0.012828792 -0.216325060 -136.537994385 -0.009472306 0.999818206 0.016545678 -12.199921608 0.216497988 -0.014103406 0.976181149 155.792709351
0.980891883 0.015248773 -0.193955556 -136.755798340 -0.011467299 0.999721885 0.020604488 -12.196823120 0.194215804 -0.017986627 0.980793834 156.878326416
0.985082924 0.017481705 -0.171189770 -136.970138550 -0.013566609 0.999619603 0.024013214 -12.182622910 0.171544418 -0.021332545 0.984945297 157.968780518
0.988664627 0.019278694 -0.148897350 -137.150909424 -0.015877025 0.999585867 0.024000792 -12.172303200 0.149298370 -0.021364689 0.988561273 159.083068848
0.991765201 0.018837703 -0.126676530 -137.310897827 -0.016195759 0.999629974 0.021853594 -12.163627625 0.127041325 -0.019622013 0.991703272 160.220184326
0.994167328 0.018820526 -0.106194183 -137.424041748 -0.016698604 0.999643445 0.020835456 -12.141686440 0.106548451 -0.018940631 0.994127154 161.334091187
0.996197045 0.017660271 -0.085320212 -137.552810669 -0.015779745 0.999618530 0.022665169 -12.125567436 0.085687950 -0.021232640 0.996095717 162.522994995
0.997727454 0.018076424 -0.064908884 -137.648147583 -0.016541826 0.999572635 0.024102449 -12.101290703 0.065316841 -0.022973962 0.997600079 163.724685669
0.998835683 0.018585410 -0.044518474 -137.715698242 -0.017491849 0.999538600 0.024829002 -12.086568832 0.044959392 -0.024021376 0.998699963 164.901000977
0.999503136 0.020500522 -0.023944017 -137.771194458 -0.019898720 0.999486685 0.025107102 -12.063507080 0.024446439 -0.024618171 0.999397993 166.145004272
0.999776721 0.020878160 -0.003249825 -137.776397705 -0.020787003 0.999447465 0.025930813 -12.050514221 0.003789418 -0.025857471 0.999658346 167.342010498
0.999590158 0.022848919 0.017245745 -137.768295288 -0.023280647 0.999409616 0.025262542 -12.037825584 -0.016658343 -0.025653683 0.999532044 168.575195312
0.999002159 0.024123343 0.037589353 -137.740432739 -0.025041020 0.999394953 0.024136670 -12.016083717 -0.036984358 -0.025053861 0.999001741 169.820587158
0.998077035 0.024184197 0.057073228 -137.682235718 -0.025441313 0.999447107 0.021403342 -11.997398376 -0.056524053 -0.022814207 0.998140514 171.062896729
0.996763349 0.026166603 0.076013401 -137.597763062 -0.027661964 0.999442637 0.018686401 -11.979038239 -0.075482078 -0.020728599 0.996931732 172.329360962
0.995101213 0.027017945 0.095097192 -137.483047485 -0.028780827 0.999437392 0.017214874 -11.977234840 -0.094578579 -0.019867517 0.995319128 173.624237061
0.993073881 0.026712144 0.114415042 -137.361907959 -0.028464604 0.999500751 0.013710121 -11.961521149 -0.113991715 -0.016871942 0.993338406 174.897140503
0.990760446 0.027273316 0.132853135 -137.198806763 -0.028643727 0.999554276 0.008414649 -11.963246346 -0.132564425 -0.012142310 0.991100013 176.185424805
0.988148987 0.029325418 0.150670603 -137.013397217 -0.029951155 0.999549627 0.001884924 -11.974366188 -0.150547430 -0.006375345 0.988582194 177.481216431
0.985271931 0.031431653 0.168081239 -136.798324585 -0.031329263 0.999503851 -0.003261582 -11.993973732 -0.168100342 -0.002052318 0.985767663 178.840087891
0.982019842 0.033772092 0.185731724 -136.563827515 -0.032938790 0.999428630 -0.007571426 -12.005911827 -0.185881361 0.001317512 0.982571244 180.115509033
0.978434265 0.036258060 0.203351006 -136.297836304 -0.034858070 0.999337435 -0.010463234 -12.032306671 -0.203595683 0.003149161 0.979049921 181.477081299
0.974608123 0.035107918 0.221147925 -136.020599365 -0.033633340 0.999379814 -0.010431097 -12.054708481 -0.221376970 0.002728290 0.975184500 182.785644531
0.970622241 0.034408595 0.238135338 -135.706924438 -0.032692984 0.999403238 -0.011151300 -12.088832855 -0.238376915 0.003038345 0.971168041 184.123367310
0.966365159 0.034822572 0.254805356 -135.354598999 -0.031720940 0.999364257 -0.016272873 -12.123506546 -0.255210042 0.007642873 0.966855466 185.446640015
0.961837649 0.035999462 0.271241993 -134.985733032 -0.031550813 0.999286771 -0.020745384 -12.161638260 -0.271795362 0.011395791 0.962287605 186.825973511
0.956918895 0.038106013 0.287843764 -134.597198486 -0.033554398 0.999221861 -0.020731810 -12.209779739 -0.288409829 0.010180239 0.957452893 188.151336670
0.951418400 0.040378992 0.305241406 -134.167709351 -0.035426654 0.999135554 -0.021748401 -12.256763458 -0.305855751 0.009878148 0.952026665 189.527816772
0.945436478 0.044349894 0.322773874 -133.738693237 -0.038518682 0.998959124 -0.024434304 -12.310503960 -0.323521554 0.010668263 0.946160674 190.850830078
0.939290643 0.045221247 0.340129703 -133.269027710 -0.037764069 0.998879790 -0.028516030 -12.361441612 -0.341038167 0.013940155 0.939946115 192.235870361
0.932835460 0.046168074 0.357332498 -132.769958496 -0.037560090 0.998813450 -0.030996094 -12.416619301 -0.358339638 0.015492815 0.933462739 193.584228516
0.925974965 0.046293821 0.374736190 -132.225494385 -0.035137970 0.998713791 -0.036552101 -12.474904060 -0.375946373 0.020678863 0.926410735 194.951187134
0.917986631 0.049644247 0.393492043 -131.683181763 -0.035739213 0.998453140 -0.042591292 -12.551799774 -0.394997746 0.025035139 0.918340862 196.298767090
0.908725619 0.053689189 0.413926691 -131.066482544 -0.037864037 0.998207450 -0.046348616 -12.612524033 -0.415673137 0.026445240 0.909129441 197.623504639
0.897147357 0.056324434 0.438125789 -130.434997559 -0.039532851 0.998095214 -0.047361638 -12.727885246 -0.439958811 0.025170011 0.897664964 199.045425415
0.884327888 0.061151814 0.462844223 -129.807983398 -0.042594120 0.997817814 -0.050451551 -12.804729462 -0.464919478 0.024901265 0.885002792 200.302459717
0.870588362 0.065051705 0.487692624 -129.105102539 -0.044308186 0.997559249 -0.053965844 -12.908016205 -0.490012854 0.025373260 0.871345878 201.654754639
0.856073081 0.069205016 0.512200654 -128.382522583 -0.046380982 0.997283220 -0.057226580 -12.999451637 -0.514769554 0.025233755 0.856957138 202.941894531
