0.999987185 0.005057090 0.000178793 -0.008247376 -0.005057527 0.999984026 0.002533539 -0.045311615 -0.000165978 -0.002534411 0.999996781 1.479572058
0.999980867 0.006152796 0.000669576 -0.019105146 -0.006154112 0.999979079 0.001980040 -0.050669327 -0.000657380 -0.001984123 0.999997795 2.181703091
0.999965549 0.008260448 0.000794124 -0.026206793 -0.008261683 0.999964654 0.001567769 -0.062887773 -0.000781146 -0.001574276 0.999998450 2.888118029
0.999964535 0.008339196 0.001158943 -0.023720855 -0.008341238 0.999963641 0.001766173 -0.086601973 -0.001144173 -0.001775777 0.999997735 3.618585110
0.999964178 0.008376290 0.001203834 -0.016690619 -0.008379480 0.999961317 0.002669236 -0.100358710 -0.001181429 -0.002679228 0.999995708 4.304000854
0.999954104 0.009300762 0.002358787 -0.032640159 -0.009313577 0.999941587 0.005481775 -0.111324593 -0.002307665 -0.005503491 0.999982119 4.961976528
0.999955118 0.008919388 0.003239183 -0.028977159 -0.008950198 0.999913573 0.009624725 -0.115268700 -0.003153057 -0.009653283 0.999948382 5.172957420
0.999950886 0.008456334 0.005163251 0.079955354 -0.008522726 0.999879479 0.012974904 -0.110700719 -0.005052909 -0.013018274 0.999902487 5.290426731
0.999953687 0.007440206 0.006094209 0.082103670 -0.007533065 0.999853671 0.015358713 -0.121302605 -0.005979045 -0.015403911 0.999863446 5.903023243
0.999939382 0.008084523 0.007470838 0.147391647 -0.008194811 0.999856114 0.014851589 -0.117619753 -0.007349696 -0.014911912 0.999861717 6.088768482
0.999925852 0.008824355 0.008407794 0.087497987 -0.008930148 0.999880373 0.012629357 -0.136531547 -0.008295343 -0.012703502 0.999884903 7.043033123
0.999913871 0.009026318 0.009537835 0.087855980 -0.009116923 0.999913275 0.009498939 -0.137025177 -0.009451269 -0.009585076 0.999909341 7.270720959
0.999912500 0.007206928 0.011091315 0.096643120 -0.007298421 0.999939501 0.008230755 -0.145276368 -0.011031326 -0.008310982 0.999904573 7.981403828
0.999910057 0.003398035 0.012973189 0.104052618 -0.003469328 0.999978900 0.005476848 -0.146749780 -0.012954306 -0.005521364 0.999900758 8.542579651
0.999890566 0.001469908 0.014719198 0.121122085 -0.001534099 0.999989331 0.004350732 -0.156120867 -0.014712647 -0.004372837 0.999882221 8.990052223
0.999842048 0.005834197 0.016787102 0.120663255 -0.005880108 0.999979079 0.002686844 -0.171250165 -0.016771078 -0.002785129 0.999855399 9.397726059
0.999749243 0.010210592 0.019933645 0.119483374 -0.010250494 0.999945581 0.001900548 -0.175236881 -0.019913159 -0.002104400 0.999799430 9.590285301
0.999677837 0.010551842 0.023085119 0.131939322 -0.010620209 0.999939561 0.002841021 -0.183529392 -0.023053743 -0.003085275 0.999729455 10.132437706
0.999631464 0.006176193 0.026436208 0.138390973 -0.006269130 0.999974489 0.003434104 -0.187738419 -0.026414331 -0.003598571 0.999644518 10.301805496
0.999588609 0.001413897 0.028644070 0.149945155 -0.001506477 0.999993742 0.003210762 -0.188857913 -0.028639352 -0.003252592 0.999584496 10.455789566
0.999514103 -0.001645891 0.031127259 0.178754598 0.001517255 0.999990165 0.004155742 -0.194871455 -0.031133790 -0.004106493 0.999506772 11.004006386
0.999426067 -0.002279864 0.033797361 0.183377966 0.002088798 0.999981582 0.005687490 -0.201269060 -0.033809710 -0.005613630 0.999412477 11.133439064
0.999353170 -0.001353011 0.035935339 0.187824026 0.001189573 0.999988854 0.004569092 -0.203322425 -0.035941120 -0.004523388 0.999343634 11.265485764
0.999282897 -0.000470451 0.037862074 0.194530055 0.000341617 0.999994099 0.003409106 -0.208430514 -0.037863452 -0.003393727 0.999277055 11.398513794
0.999179482 0.001615181 0.040468879 0.196446508 -0.001717934 0.999995291 0.002504416 -0.210672542 -0.040464640 -0.002571884 0.999177635 11.491960526
0.999083877 0.004462320 0.042561155 0.280013621 -0.004535372 0.999988377 0.001620010 -0.218546450 -0.042553440 -0.001811557 0.999092579 11.662721634
0.999015927 0.005864293 0.043960772 0.281471133 -0.005885671 0.999982595 0.000356908 -0.223374411 -0.043957911 -0.000615295 0.999033213 11.749707222
0.998945355 0.005053930 0.045636278 0.226665258 -0.004993410 0.999986470 -0.001440021 -0.235916466 -0.045642946 0.001210622 0.998957098 12.274743080
0.998888910 0.003510434 0.046994668 0.235817611 -0.003384784 0.999990344 -0.002753041 -0.238555193 -0.047003873 0.002590915 0.998891532 12.367640495
0.998820424 0.003133589 0.048455991 0.239257842 -0.002932307 0.999986768 -0.004224441 -0.236246437 -0.048468582 0.004077370 0.998816311 12.454895973
0.998733640 0.003805608 0.050165255 0.320488960 -0.003539186 0.999979138 -0.005398643 -0.239909202 -0.050184749 0.005214262 0.998726368 12.400270462
0.998658180 0.004937375 0.051549416 0.320974737 -0.004562685 0.999962330 -0.007383734 -0.242524773 -0.051583927 0.007138623 0.998643160 12.480402946
0.998607755 0.005026554 0.052508511 0.327305943 -0.004524457 0.999942839 -0.009676680 -0.243574500 -0.052554142 0.009425635 0.998573542 12.566414833
0.998584569 0.004131950 0.053026002 0.334861845 -0.003507524 0.999923408 -0.011863526 -0.247319043 -0.053070974 0.011660743 0.998522758 12.666073799
0.998623788 0.002779385 0.052370992 0.341406435 -0.002090125 0.999910474 -0.013211271 -0.254340649 -0.052403037 0.013083627 0.998540342 12.752403259
0.998730481 0.002122386 0.050325498 0.345973790 -0.001401081 0.999895871 -0.014363736 -0.259039968 -0.050350741 0.014274991 0.998629570 12.863771439
0.998867929 0.002475984 0.047504697 0.347752094 -0.001740692 0.999878109 -0.015513427 -0.258786768 -0.047537312 0.015413171 0.998750567 12.987692833
0.999068379 0.003219111 0.043035276 0.352658749 -0.002470590 0.999844909 -0.017435092 -0.254505873 -0.043084726 0.017312527 0.998921394 13.080286026
0.999293089 0.003001469 0.037473597 0.350973725 -0.002328176 0.999835134 -0.017997840 -0.262435913 -0.037521448 0.017897878 0.999135554 13.196374893
0.999528289 0.002690045 0.030596599 0.350642353 -0.002114084 0.999820054 -0.018841170 -0.263817012 -0.030641783 0.018767601 0.999354303 13.289294243
0.999724030 0.003276297 0.023261590 0.165519208 -0.002826080 0.999808550 -0.019361062 -0.291447639 -0.023320571 0.019289985 0.999541879 14.538446426
0.999884069 0.002878176 0.014949417 0.162622124 -0.002580442 0.999798656 -0.019897392 -0.297038794 -0.015003677 0.019856509 0.999690235 14.635646820
0.999985576 0.001982582 0.005005643 0.151667684 -0.001875618 0.999771714 -0.021283727 -0.297666371 -0.005046695 0.021274030 0.999760985 14.734218597
0.999970317 -0.000099823 -0.007707784 0.274704158 -0.000083452 0.999717295 -0.023773979 -0.269968331 0.007707979 0.023773910 0.999687672 14.218320847
0.999714434 -0.000672929 -0.023889057 0.260394424 0.000048385 0.999658406 -0.026134498 -0.268171161 0.023898488 0.026125876 0.999372959 14.337074280
0.999058425 -0.000708028 -0.043377716 0.234778821 -0.000462377 0.999636233 -0.026965749 -0.276182294 0.043381024 0.026960418 0.998694777 14.543812752
0.997884095 0.000143735 -0.065018184 0.203335166 -0.001879069 0.999643564 -0.026629623 -0.277894676 0.064991176 0.026695453 0.997528613 14.685483932
0.996046603 0.000473986 -0.088830963 0.175565481 -0.002703440 0.999684274 -0.024979081 -0.287423670 0.088791087 0.025120482 0.995733440 14.855625153
0.993286431 0.001702827 -0.115666881 0.133562565 -0.004462352 0.999711454 -0.023602771 -0.291036606 0.115593329 0.023960460 0.993007600 15.039907455
0.989348173 0.002767067 -0.145542189 0.048088074 -0.005957772 0.999751270 -0.021491582 -0.302278548 0.145446509 0.022129767 0.989118516 15.368043900
0.983849764 0.002670330 -0.178976119 -0.010518551 -0.006015673 0.999817133 -0.018151449 -0.307595223 0.178894937 0.018934963 0.983685970 15.576192856
0.976229191 0.003626230 -0.216711044 0.211355925 -0.006801811 0.999880135 -0.013909436 -0.322503865 0.216634646 0.015052824 0.976136625 15.449645996
0.966455460 0.005151351 -0.256782740 0.124939919 -0.007672609 0.999931753 -0.008817704 -0.324305117 0.256719768 0.010492112 0.966428995 15.677523613
0.954409957 0.008953113 -0.298364580 0.018358707 -0.010615894 0.999935806 -0.003952798 -0.328333467 0.298310012 0.006939997 0.954443812 15.917666435
0.940042615 0.012534609 -0.340826541 -0.082802773 -0.013162241 0.999913216 0.000470779 -0.333207548 0.340802819 0.004043488 0.940126240 16.224811554
0.923158109 0.014965794 -0.384129137 -0.225272179 -0.013621543 0.999888062 0.006219987 -0.337107182 0.384179264 -0.000509600 0.923258483 16.488792419
0.903682709 0.018159732 -0.427817583 -0.367704868 -0.013745611 0.999815762 0.013404588 -0.336985588 0.427982271 -0.006232882 0.903765798 16.734882355
0.880943477 0.022603285 -0.472681344 -0.928361893 -0.014727688 0.999684334 0.020355972 -0.327262282 0.472992241 -0.010970958 0.880998313 17.536699295
0.856147289 0.027308602 -0.516009748 -1.144299507 -0.017065888 0.999552071 0.024583766 -0.324182034 0.516449988 -0.012241160 0.856229842 17.805751801
0.827928066 0.030509366 -0.560003817 -1.379881382 -0.017954903 0.999449313 0.027905518 -0.324106008 0.560546756 -0.013048948 0.828019977 18.091344833
0.795704544 0.034114603 -0.604723454 -1.690443039 -0.020184835 0.999351501 0.029817466 -0.323687494 0.605348527 -0.011519653 0.795877159 18.487030029
0.761886001 0.036975555 -0.646654725 -1.971331596 -0.020699317 0.999249339 0.032748971 -0.319558740 0.647380292 -0.011565669 0.762079298 18.754207611
0.724671185 0.039946102 -0.687936008 -2.249307632 -0.021117477 0.999136984 0.035771329 -0.294505715 0.688771307 -0.011394977 0.724889159 19.024646759
0.687332213 0.041246142 -0.725171149 -2.345299721 -0.019080948 0.999067128 0.038739424 -0.301270068 0.726092398 -0.012789905 0.687478185 19.113115311
0.646376014 0.041106794 -0.761910915 -2.705781937 -0.016381551 0.999065161 0.040004324 -0.289309919 0.762843132 -0.013376552 0.646445215 19.376420975
0.606123567 0.039738812 -0.794377148 -2.876487732 -0.011480661 0.999084115 0.041219369 -0.287594378 0.795287609 -0.015864054 0.606024683 19.401725769
0.562329292 0.039654505 -0.825962007 -3.436966419 -0.007063076 0.999043524 0.043155484 -0.268607795 0.826883256 -0.018433766 0.562071443 19.573730469
0.516253054 0.040990170 -0.855454624 -3.936619759 -0.005162550 0.998984754 0.044752087 -0.246301353 0.856420517 -0.018687071 0.515940547 19.765274048
0.466654718 0.040622812 -0.883506179 -4.420299530 -0.004290132 0.999036849 0.043668825 -0.224652290 0.884429097 -0.016587906 0.466379493 19.977027893
0.414777905 0.039344177 -0.909071684 -5.266185284 0.001124696 0.999041736 0.043751199 -0.197323620 0.909922004 -0.019169455 0.414336145 20.122922897
0.361940682 0.038203698 -0.931417882 -6.075684547 0.005982612 0.999044120 0.043302286 -0.169886887 0.932181954 -0.021245172 0.361366093 20.221822739
0.308329880 0.036931228 -0.950562358 -6.652395725 0.008344292 0.999102771 0.041523717 -0.144056201 0.951242924 -0.020734774 0.307745010 20.371480942
0.255604655 0.042684838 -0.965838611 -7.464252949 0.008887575 0.998878896 0.046497092 -0.107335865 0.966740549 -0.020468837 0.254938722 20.466970444
0.204417124 0.047917232 -0.977710307 -8.201353073 0.011435306 0.998616159 0.051332679 -0.083846033 0.978817046 -0.021673692 0.203586310 20.555660248
0.155827627 0.049021136 -0.986567259 -8.839057922 0.016837720 0.998490870 0.052273117 -0.057807505 0.987640738 -0.024757136 0.154767066 20.637691498
0.111627758 0.050507177 -0.992465734 -9.888195038 0.019452097 0.998405159 0.052997313 -0.033683360 0.993559659 -0.025221510 0.110467255 20.636699677
0.070902087 0.048907388 -0.996283531 -10.575128555 0.019472791 0.998539031 0.050403927 -0.007806957 0.997293115 -0.022974169 0.069846138 20.664800644
0.035559181 0.044507939 -0.998375833 -11.458255768 0.016894031 0.998838246 0.045130264 0.028838515 0.999224782 -0.018471392 0.034765948 20.616170883
0.006510895 0.044441301 -0.998990774 -12.006999969 0.014630668 0.998900712 0.044532649 0.064146996 0.999871790 -0.014905849 0.005853532 20.649927139
-0.014506212 0.048591983 -0.998713374 -12.765645027 0.013269582 0.998739839 0.048400532 0.095054448 0.999806821 -0.012550399 -0.015132722 20.619722366
-0.027456818 0.054595027 -0.998130918 -13.563442230 0.014961483 0.998418033 0.054199159 0.129357159 0.999511003 -0.013445386 -0.028230211 20.592151642
-0.035586149 0.057270546 -0.997724295 -14.383366585 0.014704832 0.998278558 0.056777880 0.163407147 0.999258399 -0.012650861 -0.036367048 20.560756683
-0.039263360 0.054372013 -0.997748494 -15.393228531 0.015650863 0.998429418 0.053793229 0.198201418 0.999106348 -0.013503522 -0.040052664 20.481166840
-0.039130215 0.050640248 -0.997950077 -15.748225212 0.023383096 0.998487890 0.049750675 0.232148647 0.998960495 -0.021388408 -0.040255167 20.551937103
-0.034902640 0.048873231 -0.998194933 -16.636060715 0.035450026 0.998235464 0.047635671 0.277183473 0.998761714 -0.033723421 -0.036573607 20.537725449
-0.028335152 0.049077757 -0.998392940 -18.204870224 0.035396967 0.998216867 0.048064515 0.316076815 0.998971581 -0.033978168 -0.030021822 20.375825882
-0.023605626 0.047736574 -0.998580992 -18.783708572 0.033523526 0.998335361 0.046932373 0.347335219 0.999159098 -0.032368090 -0.025166627 20.432237625
-0.020093685 0.041329879 -0.998943508 -19.878368378 0.037080083 0.998488605 0.040565196 0.381706774 0.999110281 -0.036225803 -0.021595830 20.367067337
-0.017719073 0.030366555 -0.999381721 -21.025318146 0.034663446 0.998956501 0.029739043 0.419302940 0.999241948 -0.034115076 -0.018753190 20.308942795
-0.016883826 0.022001216 -0.999615371 -22.010929108 0.027018595 0.999402821 0.021540182 0.444359601 0.999492288 -0.026644520 -0.017468186 20.273464203
-0.018308684 0.019164307 -0.999648690 -23.002820969 0.021320958 0.999596417 0.018772811 0.466679364 0.999605000 -0.020969763 -0.018709896 20.238344193
-0.020749109 0.025496233 -0.999459565 -24.365848541 0.011995565 0.999609292 0.025251010 0.484044373 0.999712765 -0.011465149 -0.021046845 20.084669113
-0.025473993 0.033463787 -0.999115348 -25.426345825 0.007126313 0.999420226 0.033292312 0.509614348 0.999650061 -0.006271920 -0.025697701 20.037927628
-0.030108955 0.042945761 -0.998623610 -26.504230499 0.005620072 0.999067962 0.042795423 0.546030521 0.999530852 -0.004323811 -0.030322252 19.999530792
-0.031519592 0.052530654 -0.998121738 -28.164798737 0.004050639 0.998616457 0.052428775 0.602195203 0.999494910 -0.002390498 -0.031688765 19.869733810
-0.032147296 0.060230017 -0.997666717 -29.317596436 0.005744830 0.998177350 0.060075719 0.648737311 0.999466598 -0.003800154 -0.032434706 19.822422028
-0.034135692 0.061152529 -0.997544467 -30.397695541 0.006804592 0.998117328 0.060954794 0.698292136 0.999394000 -0.004707150 -0.034487545 19.779804230
-0.035720885 0.058601156 -0.997642159 -31.277112961 0.005695058 0.998274982 0.058434416 0.739803910 0.999345601 -0.003594302 -0.035992995 19.762630463
-0.038145322 0.053805135 -0.997822583 -32.427604675 0.005341726 0.998546004 0.053639937 0.786277533 0.999257982 -0.003283982 -0.038377274 19.701187134
-0.043560028 0.048206095 -0.997887135 -33.672176361 0.005332691 0.998832166 0.048018966 0.839276433 0.999036551 -0.003229717 -0.043766227 19.645942688
-0.049306449 0.043860462 -0.997820199 -34.762649536 0.005471605 0.999032199 0.043643370 0.872033656 0.998768687 -0.003307779 -0.049498718 19.586122513
-0.055724256 0.041853324 -0.997568548 -35.943767548 0.004636780 0.999121130 0.041659448 0.911958158 0.998435438 -0.002304064 -0.055869345 19.504011154
-0.064164653 0.044017829 -0.996968091 -37.447441101 0.004624762 0.999029100 0.043811180 0.969195604 0.997928619 -0.001799611 -0.064305931 19.481676102
-0.070292659 0.049015790 -0.996321440 -38.645431519 0.003578032 0.998797953 0.048885182 1.007594824 0.997520089 -0.000128599 -0.070383541 19.384050369
-0.075971864 0.051828559 -0.995761991 -39.440155029 0.000603612 0.998650372 0.051932838 1.044278026 0.997109711 0.003344381 -0.075900637 19.299650192
-0.080578856 0.053866535 -0.995291591 -40.637393951 -0.002738198 0.998522878 0.054263104 1.099712253 0.996744454 0.007097763 -0.080312327 19.192115784
-0.084055826 0.055247780 -0.994928300 -42.039211273 -0.006909748 0.998405457 0.056024633 1.144441009 0.996437073 0.011583897 -0.083540067 19.090850830
-0.085387237 0.055766843 -0.994785964 -43.239128113 -0.011678484 0.998307765 0.056966696 1.218671322 0.996279359 0.016481822 -0.084591478 18.973888397
-0.087026879 0.055504672 -0.994658530 -44.234268188 -0.013041760 0.998297572 0.056848828 1.261526704 0.996120572 0.017919471 -0.086154848 18.881999969
-0.087788001 0.055008020 -0.994619191 -45.426170349 -0.013291316 0.998320639 0.056385856 1.304909706 0.996050537 0.018169798 -0.086909443 18.742263794
-0.089656323 0.054397080 -0.994486153 -46.595130920 -0.014192857 0.998336196 0.055887207 1.340037823 0.995871603 0.019125240 -0.088735104 18.658969879
-0.090181075 0.053216405 -0.994502544 -47.820846558 -0.016720084 0.998349726 0.054938439 1.396021724 0.995784998 0.021582574 -0.089142472 18.533620834
-0.091279030 0.050930988 -0.994522095 -48.887336731 -0.021077722 0.998368680 0.053062528 1.436575055 0.995602250 0.025805753 -0.090056606 18.426128387
-0.091267332 0.046127431 -0.994757473 -50.099266052 -0.026204702 0.998469472 0.048703797 1.477147102 0.995481610 0.030512381 -0.089918874 18.294826508
-0.090126805 0.045247756 -0.994902015 -51.005451202 -0.027810602 0.998463631 0.047929063 1.528574228 0.995541930 0.031988524 -0.088729963 18.195459366
-0.088355720 0.049334437 -0.994866550 -52.261341095 -0.028673040 0.998232961 0.052047867 1.580490828 0.995676219 0.033124574 -0.086785004 18.080417633
-0.087789416 0.052997749 -0.994728148 -53.408561707 -0.028312232 0.998047531 0.055673290 1.601237535 0.995736659 0.033050500 -0.086117506 18.019424438
-0.086022489 0.052593172 -0.994903982 -54.659965515 -0.026399001 0.998134673 0.055046495 1.657145739 0.995943367 0.030999707 -0.084473602 17.904088974
-0.083139732 0.051745780 -0.995193481 -55.882808685 -0.026446415 0.998184621 0.054110672 1.699453831 0.996186912 0.030818040 -0.081620306 17.773149490
-0.078588612 0.051910307 -0.995554745 -57.134006500 -0.030886227 0.998037159 0.054477893 1.757997513 0.996428490 0.035030264 -0.076831035 17.657745361
-0.073309474 0.053058937 -0.995896816 -58.269386292 -0.035725284 0.997803092 0.055790294 1.800332069 0.996669173 0.039668649 -0.071252875 17.564239502
-0.067283675 0.052312341 -0.996361494 -59.522899628 -0.039993759 0.997680485 0.055082340 1.860899210 0.996932030 0.043554388 -0.065035440 17.467327118
-0.060712520 0.051644377 -0.996818423 -60.771121979 -0.041558202 0.997663856 0.054219354 1.908663630 0.997289836 0.044717766 -0.058424436 17.364965439
-0.055234265 0.050939076 -0.997173131 -61.878868103 -0.040696621 0.997753024 0.053222913 1.953800201 0.997643709 0.043521307 -0.053037103 17.290153503
-0.050019607 0.050557870 -0.997467756 -63.082412720 -0.039068203 0.997854471 0.052536607 2.003241062 0.997983754 0.041597139 -0.047937080 17.227863312
-0.043759611 0.050463349 -0.997766733 -64.341796875 -0.038247637 0.997906685 0.052147865 2.072423697 0.998309731 0.040444184 -0.041737899 17.150501251
-0.038765155 0.052674841 -0.997859001 -65.531280518 -0.037076913 0.997846127 0.054114535 2.099890947 0.998560250 0.039095290 -0.036728632 17.119237900
-0.033007454 0.052773755 -0.998060763 -67.106224060 -0.038512930 0.997796118 0.054033440 2.187492609 0.998712778 0.040221747 -0.030902239 17.018102646
-0.027221432 0.051639255 -0.998294771 -68.366043091 -0.038459189 0.997871161 0.052666061 2.241564751 0.998889208 0.039827250 -0.025177481 16.971971512
-0.023033263 0.047398392 -0.998610556 -69.527877808 -0.038289230 0.998100758 0.048257362 2.277015686 0.999001205 0.039347552 -0.021174677 16.950067520
-0.018950405 0.042097647 -0.998933792 -70.981399536 -0.037981063 0.998361826 0.042794060 2.317986012 0.999098778 0.038751535 -0.017320445 16.901428223
-0.015294797 0.041565076 -0.999018729 -72.186126709 -0.037835442 0.998395979 0.042118419 2.355585575 0.999166906 0.038442507 -0.013697631 16.878837585
-0.011982096 0.043981414 -0.998960495 -73.399543762 -0.037187397 0.998321414 0.044399332 2.388686657 0.999236465 0.037680734 -0.010326429 16.858713150
-0.009511616 0.042797174 -0.999038517 -74.781356812 -0.037676178 0.998358905 0.043126766 2.446380377 0.999244869 0.038050156 -0.007883572 16.805337906
-0.006420294 0.041443706 -0.999120176 -75.990013123 -0.040230829 0.998321116 0.041669082 2.516401052 0.999169767 0.040462960 -0.004742201 16.725410461
-0.005338641 0.042094126 -0.999099374 -77.180244446 -0.041273817 0.998253047 0.042278998 2.551469326 0.999133527 0.041462358 -0.003591930 16.706880569
-0.002342188 0.040428698 -0.999179602 -78.332641602 -0.042742036 0.998265266 0.040491894 2.615930557 0.999083400 0.042801812 -0.000610120 16.648332596
0.001299575 0.036735170 -0.999324203 -79.516983032 -0.043561339 0.998378515 0.036643758 2.688128233 0.999049902 0.043484278 0.002897701 16.569677353
0.002087315 0.035087183 -0.999382198 -80.724113464 -0.041865997 0.998511076 0.034969166 2.720509529 0.999121010 0.041767139 0.003553168 16.565608978
0.002181642 0.034884356 -0.999388933 -81.929847717 -0.038458772 0.998654902 0.034774777 2.744406462 0.999257803 0.038359400 0.003520317 16.570920944
0.003082760 0.034737006 -0.999391675 -83.139297485 -0.036505554 0.998734236 0.034601551 2.783384085 0.999328673 0.036376681 0.004346951 16.552177429
0.002828639 0.037190296 -0.999304175 -83.954315186 -0.034904577 0.998702943 0.037069120 2.809469223 0.999386609 0.034775436 0.004123082 16.583877563
0.002279007 0.041384183 -0.999140799 -85.102226257 -0.037703253 0.998436451 0.041269023 2.810741425 0.999286354 0.037576802 0.003835763 16.613782883
0.001949870 0.041911595 -0.999119401 -86.414855957 -0.040093023 0.998321235 0.041799873 2.822479010 0.999194026 0.039976213 0.003626960 16.634536743
0.002905458 0.039341178 -0.999221623 -87.524574280 -0.040737007 0.998401046 0.039190419 2.869709015 0.999165654 0.040591434 0.004503454 16.610549927
0.002326419 0.037373453 -0.999298632 -88.814933777 -0.040830418 0.998471558 0.037247460 2.881498575 0.999163389 0.040715113 0.003848836 16.628395081
0.001742141 0.036637969 -0.999327064 -90.020217896 -0.038635429 0.998584926 0.036543407 2.909121037 0.999251842 0.038545776 0.003155199 16.632926941
0.000681366 0.038906857 -0.999242544 -91.395820618 -0.036867250 0.998564482 0.038855311 2.911772013 0.999319851 0.036812857 0.002114776 16.674974442
0.000463922 0.041720416 -0.999129236 -92.550300598 -0.036111783 0.998478353 0.041676473 2.933682442 0.999347627 0.036060996 0.001969815 16.688398361
0.001525034 0.044147763 -0.999023855 -93.776206970 -0.036574807 0.998358965 0.044062559 2.966303825 0.999329686 0.036471907 0.003137228 16.666038513
0.001703147 0.044720601 -0.998998165 -94.977828979 -0.037734184 0.998290896 0.044624623 2.993758678 0.999286413 0.037620377 0.003387731 16.658449173
0.000324449 0.042302836 -0.999104917 -96.074333191 -0.036528461 0.998438537 0.042262778 3.028383255 0.999332547 0.036482047 0.001869200 16.733901978
0.000443329 0.040797666 -0.999167264 -97.257347107 -0.035232186 0.998547673 0.040756736 3.058405876 0.999379039 0.035184778 0.001880077 16.730131149
0.001060239 0.041952282 -0.999119103 -98.455650330 -0.033981714 0.998544097 0.041892089 3.090261936 0.999421835 0.033907373 0.002484305 16.720870972
0.000292901 0.044698726 -0.999000490 -99.565834045 -0.030912152 0.998523593 0.044668321 3.120603800 0.999522090 0.030868182 0.001674204 16.744951248
0.000353992 0.047182199 -0.998886228 -100.781898499 -0.029923592 0.998439610 0.047150474 3.151772738 0.999552071 0.029873580 0.001765301 16.737880707
0.000088752 0.048377149 -0.998829186 -101.959136963 -0.030151315 0.998375118 0.048352480 3.196133375 0.999545395 0.030111723 0.001547243 16.744245529
0.000641119 0.051208936 -0.998687744 -103.061332703 -0.031915709 0.998180211 0.051162433 3.198441982 0.999490321 0.031841017 0.002274321 16.767957687
0.000948061 0.050633229 -0.998716891 -104.222534180 -0.033726864 0.998150766 0.050572511 3.235127926 0.999430597 0.033635639 0.002654006 16.754039764
0.000991899 0.046032175 -0.998939514 -105.412200928 -0.036288287 0.998283625 0.045965932 3.278843880 0.999340832 0.036204211 0.002660626 16.749071121
0.001489536 0.045167975 -0.998978317 -106.596145630 -0.037516713 0.998278618 0.045080408 3.298414707 0.999294817 0.037411228 0.003181526 16.740825653
0.001726607 0.043405551 -0.999056041 -107.779594421 -0.037726022 0.998349249 0.043309636 3.331937551 0.999286652 0.037615627 0.003361275 16.736780167
0.001471943 0.043682627 -0.999044359 -108.921760559 -0.036069393 0.998397827 0.043601211 3.368945599 0.999348223 0.035970755 0.003045192 16.740154266
0.001456838 0.046048582 -0.998938143 -110.103866577 -0.036153127 0.998288572 0.045965914 3.393260241 0.999345183 0.036047772 0.003119144 16.736223221
0.001425815 0.048267439 -0.998833418 -111.276878357 -0.034741655 0.998233855 0.048188873 3.427337646 0.999395311 0.034632426 0.003100188 16.736768723
0.000537838 0.047056455 -0.998892069 -112.515586853 -0.038507063 0.998152316 0.047000878 3.466302872 0.999258280 0.038439114 0.002348850 16.743221283
0.000089310 0.048318405 -0.998831987 -113.692131042 -0.041866701 0.997956395 0.048272312 3.502075672 0.999123216 0.041813489 0.002112060 16.734016418
0.000049247 0.047529690 -0.998869777 -114.855850220 -0.044989139 0.997858524 0.047479358 3.543374538 0.998987496 0.044935953 0.002187461 16.715232849
-0.000432487 0.043975711 -0.999032617 -116.037628174 -0.045836408 0.997981608 0.043949299 3.571827412 0.998948872 0.045811065 0.001584075 16.723546982
-0.001508000 0.040180407 -0.999191284 -117.338638306 -0.045861553 0.998138309 0.040207285 3.601438046 0.998946667 0.045885097 0.000337544 16.747749329
-0.001870129 0.038991097 -0.999237955 -118.455688477 -0.042532966 0.998332202 0.039035361 3.643028498 0.999093294 0.042573541 -0.000208604 16.712221146
-0.002811826 0.038378771 -0.999259233 -119.759735107 -0.037958935 0.998539090 0.038457911 3.670230627 0.999275327 0.038038950 -0.001350901 16.743246078
-0.003073512 0.040223133 -0.999185979 -120.935287476 -0.037216362 0.998493910 0.040309742 3.705216885 0.999302506 0.037309960 -0.001571924 16.716817856
-0.003936124 0.044180792 -0.999015808 -122.166275024 -0.036372028 0.998356164 0.044294927 3.738718510 0.999330580 0.036510572 -0.002322708 16.710533142
-0.004531646 0.044069007 -0.999018133 -123.412376404 -0.035142083 0.998404384 0.044201341 3.781539202 0.999372005 0.035307880 -0.002975738 16.704166412
-0.005467073 0.040011007 -0.999184310 -124.696601868 -0.034631994 0.998592257 0.040176790 3.808342457 0.999385178 0.034823395 -0.004073716 16.707471848
-0.006534114 0.036709033 -0.999304771 -125.936347961 -0.035081271 0.998702347 0.036916297 3.837026834 0.999363065 0.035298102 -0.005237836 16.701356888
-0.007636726 0.035188194 -0.999351501 -127.297935486 -0.034231275 0.998785734 0.035429858 3.862279654 0.999384761 0.034479648 -0.006422915 16.711681366
-0.008348587 0.036476526 -0.999299645 -128.567489624 -0.036107805 0.998671770 0.036755268 3.891016245 0.999313056 0.036389370 -0.007020411 16.702381134
-0.008821367 0.041147612 -0.999114096 -129.878616333 -0.040483564 0.998319149 0.041472305 3.921926498 0.999141276 0.040813550 -0.007140737 16.693746567
-0.009069503 0.044557542 -0.998965561 -131.150222778 -0.046069279 0.997927308 0.044929482 3.953494787 0.998897016 0.046429113 -0.006997972 16.666610718
-0.009078725 0.044607654 -0.998963296 -132.418136597 -0.053364713 0.997559249 0.045029934 3.989806414 0.998533785 0.053718194 -0.006676092 16.636548996
-0.008669837 0.042489674 -0.999059200 -133.685165405 -0.056559600 0.997476578 0.042913198 4.030338764 0.998361528 0.056878440 -0.006244762 16.612262726
-0.009121257 0.041167684 -0.999110639 -134.912460327 -0.058929753 0.997393429 0.041634928 4.068273544 0.998220444 0.059257094 -0.006671481 16.577529907
-0.009620098 0.040829945 -0.999119818 -136.180969238 -0.058954824 0.997404814 0.041327521 4.093731880 0.998214304 0.059300505 -0.007188009 16.553913116
-0.010366989 0.040557150 -0.999123454 -137.506729126 -0.056310385 0.997567832 0.041078296 4.091824055 0.998359501 0.056686878 -0.008057987 16.564346313
-0.010880817 0.041255742 -0.999089479 -138.765594482 -0.056181431 0.997544944 0.041803829 4.118236542 0.998361290 0.056585129 -0.008536299 16.544443130
-0.011322034 0.046891965 -0.998835802 -139.978439331 -0.055765249 0.997315586 0.047452714 4.132386684 0.998379648 0.056237582 -0.008676702 16.497297287
-0.011721814 0.051063985 -0.998626471 -141.255996704 -0.054784141 0.997162342 0.051632166 4.171765327 0.998429418 0.055314120 -0.008891056 16.472719193
-0.012147852 0.049557917 -0.998697400 -142.532608032 -0.055443931 0.997201145 0.050158072 4.220491409 0.998387873 0.055981021 -0.009366167 16.481851578
-0.011092586 0.047731116 -0.998798609 -143.782211304 -0.055214465 0.997306883 0.048273031 4.279094219 0.998412907 0.055683605 -0.008427265 16.438886642
-0.009996807 0.047447063 -0.998823702 -145.044662476 -0.054199081 0.997379541 0.047920920 4.312569141 0.998480022 0.054614387 -0.007399024 16.424821854
-0.009403964 0.046373911 -0.998880029 -146.267059326 -0.054259866 0.997428834 0.046817362 4.356635571 0.998482585 0.054639366 -0.006863541 16.411802292
-0.007800735 0.048611686 -0.998787284 -147.543014526 -0.054531619 0.997310698 0.048965719 4.396165371 0.998481631 0.054847453 -0.005128883 16.383113861
-0.007702061 0.052432876 -0.998594701 -148.700210571 -0.055756215 0.997048438 0.052781723 4.435412407 0.998414636 0.056084402 -0.004755869 16.381559372
-0.006472167 0.053021770 -0.998572409 -149.955596924 -0.057193380 0.996939003 0.053305741 4.484489441 0.998342097 0.057456732 -0.003419861 16.363819122
-0.005049357 0.050363876 -0.998718143 -151.057830811 -0.059698679 0.996934354 0.050575744 4.533512115 0.998203695 0.059877545 -0.002027221 16.322597504
-0.004774742 0.047007833 -0.998883128 -152.325897217 -0.058351964 0.997179270 0.047206569 4.582176685 0.998284698 0.058512192 -0.002018275 16.304347992
-0.004427828 0.045355722 -0.998961091 -153.473236084 -0.056017149 0.997391045 0.045532729 4.614027023 0.998420000 0.056160565 -0.001875577 16.278749466
-0.005023154 0.044959135 -0.998976231 -154.712036133 -0.054219782 0.997506976 0.045165651 4.644893646 0.998516440 0.054391146 -0.002572957 16.284378052
-0.004403294 0.045224804 -0.998967111 -155.765960693 -0.052052259 0.997612119 0.045392904 4.702473640 0.998634636 0.052198369 -0.002038725 16.208612442
-0.003986577 0.043695018 -0.999036968 -156.992156982 -0.050175786 0.997777760 0.043840159 4.742301941 0.998732388 0.050302234 -0.001785285 16.186433792
-0.004468239 0.043695234 -0.999035060 -158.127288818 -0.049204182 0.997825086 0.043862388 4.774117470 0.998778760 0.049352679 -0.002308534 16.191196442
-0.005003184 0.046594623 -0.998901427 -159.364227295 -0.047000274 0.997798920 0.046778608 4.805602074 0.998882413 0.047182679 -0.002802212 16.187688828
-0.004957695 0.047512408 -0.998858273 -160.560791016 -0.044443943 0.997873127 0.047686134 4.851371765 0.998999536 0.044629611 -0.002835513 16.181077957
-0.004932765 0.045647278 -0.998945415 -161.787963867 -0.042158730 0.998059988 0.045814991 4.898770332 0.999098837 0.042340275 -0.002998764 16.172388077
-0.005775854 0.046097070 -0.998920262 -163.043807983 -0.043715939 0.997970283 0.046306003 4.939280510 0.999027252 0.043936197 -0.003748954 16.171768188
-0.005566323 0.050083067 -0.998729527 -164.278152466 -0.044368297 0.997749031 0.050281193 4.988712788 0.998999715 0.044591807 -0.003331694 16.164138794
-0.004997279 0.057598263 -0.998327315 -165.513763428 -0.049108896 0.997121096 0.057774488 5.014846802 0.998780906 0.049315475 -0.002154304 16.128543854
-0.003085348 0.057583865 -0.998335838 -166.741592407 -0.054229684 0.996861994 0.057666443 5.069071293 0.998523712 0.054317359 0.000047089 16.099954605
-0.002023312 0.053770024 -0.998551309 -167.973876953 -0.057860840 0.996874094 0.053796951 5.111982346 0.998322606 0.057885855 0.001094192 16.087364197
-0.000572386 0.048230164 -0.998836100 -169.192337036 -0.059367120 0.997072816 0.048179049 5.159452438 0.998236001 0.059325606 0.002292576 16.086450577
0.000265096 0.046623614 -0.998912513 -170.407577515 -0.062091447 0.996985853 0.046517219 5.195535660 0.998070419 0.062011588 0.003159226 16.071165085
0.001041133 0.043792237 -0.999040127 -171.651504517 -0.057112273 0.997412562 0.043661375 5.219408512 0.998367190 0.057011999 0.003539514 16.081647873
0.001009821 0.039272368 -0.999228060 -172.916717529 -0.053244218 0.997813284 0.039162956 5.247046947 0.998580933 0.053163566 0.003098640 16.091121674
0.000528110 0.035688378 -0.999362767 -174.165954590 -0.047034610 0.998257816 0.035624053 5.279820442 0.998893142 0.046985827 0.002205778 16.099763870
-0.000485241 0.038739070 -0.999249160 -175.385925293 -0.044944610 0.998238683 0.038721714 5.307230949 0.998989344 0.044929661 0.001256726 16.098623276
0.000417271 0.045779128 -0.998951495 -176.593734741 -0.045252975 0.997929096 0.045713380 5.322898865 0.998975396 0.045186464 0.002488049 16.084491730
0.001732024 0.048588980 -0.998817325 -177.830368042 -0.047148310 0.997712016 0.048453446 5.370449066 0.998886347 0.047008634 0.004018949 16.084657669
0.003774167 0.045305133 -0.998965979 -179.049026489 -0.048016865 0.997829020 0.045072157 5.405352592 0.998839319 0.047797106 0.005941382 16.076757431
0.004539529 0.045452151 -0.998956203 -180.260299683 -0.050092507 0.997722626 0.045168396 5.440959454 0.998734295 0.049835172 0.006806003 16.073411942
0.005436460 0.046959933 -0.998881996 -181.568267822 -0.048208892 0.997747540 0.046644226 5.457798004 0.998822510 0.047901411 0.007688101 16.070381165
0.006147055 0.044500507 -0.998990417 -182.674240112 -0.048468217 0.997848451 0.044151396 5.509747505 0.998805940 0.048147880 0.008290688 16.069187164
0.008085153 0.043238707 -0.999032080 -183.944015503 -0.049069915 0.997878253 0.042791653 5.531859875 0.998762608 0.048676439 0.010189719 16.065395355
0.009905873 0.045113578 -0.998932779 -185.101287842 -0.050163969 0.997746468 0.044562545 5.561452866 0.998691857 0.049669009 0.012146625 16.066898346
0.010807534 0.048387952 -0.998770058 -186.269271851 -0.049423020 0.997633576 0.047798086 5.539532661 0.998719573 0.048845656 0.013173439 16.084909439
0.011564202 0.049931511 -0.998685718 -187.362396240 -0.050271604 0.997518480 0.049291037 5.564120293 0.998668611 0.049635518 0.014045645 16.082523346
0.011722106 0.051095463 -0.998625100 -188.429916382 -0.050769314 0.997435927 0.050438687 5.590536118 0.998641610 0.050108258 0.014286133 16.089202881
0.011750181 0.051963914 -0.998579860 -189.482604980 -0.050120734 0.997424066 0.051314004 5.620873451 0.998674035 0.049446605 0.014324383 16.097431183
0.012224364 0.051030818 -0.998622358 -190.495635986 -0.050555840 0.997451127 0.050352123 5.650462627 0.998646438 0.049870662 0.014773114 16.101837158
0.013305365 0.051114526 -0.998604178 -191.471176147 -0.051196594 0.997417450 0.050371636 5.672864914 0.998599946 0.050454929 0.015887890 16.117130280
0.015048029 0.051735170 -0.998547494 -192.440795898 -0.052279633 0.997335136 0.050884519 5.705537796 0.998519123 0.051437989 0.017712625 16.123691559
0.014262384 0.050293829 -0.998632610 -193.356384277 -0.050637286 0.997489154 0.049513027 5.722261429 0.998615205 0.049861874 0.016773311 16.130001068
0.011665029 0.046982098 -0.998827636 -194.195755005 -0.048542153 0.997744381 0.046364237 5.754394531 0.998753011 0.047944408 0.013919330 16.115077972
0.005918912 0.043334503 -0.999043107 -195.174652100 -0.047774613 0.997932017 0.043003265 5.777379990 0.998840630 0.047474358 0.007976959 16.142450333
0.000995396 0.040826138 -0.999165773 -196.115859985 -0.049338102 0.997951567 0.040727366 5.786830425 0.998781621 0.049256403 0.003007642 16.140682220
-0.002974577 0.039883170 -0.999199927 -197.036514282 -0.051721130 0.997860849 0.039983690 5.815364361 0.998657048 0.051798694 -0.000905412 16.134050369
-0.004878901 0.039957754 -0.999189377 -197.885620117 -0.053938732 0.997736216 0.040163010 5.853136539 0.998532355 0.054090954 -0.002712586 16.086591721
-0.007170648 0.041719649 -0.999103546 -198.804275513 -0.052753683 0.997722208 0.042040579 5.874036789 0.998581827 0.053007860 -0.004953450 16.083675385
-0.008575438 0.043093216 -0.999034226 -199.724304199 -0.049947072 0.997805417 0.043468948 5.899641037 0.998715043 0.050271597 -0.006404238 16.071783066
-0.010164153 0.043538783 -0.999000013 -200.625167847 -0.048131578 0.997872412 0.043979339 5.919170856 0.998789310 0.048530463 -0.008046936 16.061977386
-0.010006482 0.042494077 -0.999046624 -201.582366943 -0.048872523 0.997881830 0.042934045 5.941245079 0.998754859 0.049255554 -0.007908494 16.011035919
-0.009997640 0.041245282 -0.999099016 -202.477264404 -0.050516412 0.997852325 0.041699316 5.964922905 0.998673141 0.050887793 -0.007892604 15.984624863
-0.010636792 0.040802520 -0.999110758 -203.382446289 -0.054032665 0.997683883 0.041319512 5.983527184 0.998482525 0.054424111 -0.008407488 15.975522995
-0.009034911 0.038892165 -0.999202609 -204.292022705 -0.056986798 0.997599304 0.039345048 6.008142948 0.998334050 0.057296827 -0.006796882 15.946889877
-0.008324525 0.036659129 -0.999293149 -205.181106567 -0.056383837 0.997720718 0.037071135 6.019821644 0.998374462 0.056652591 -0.006238569 15.937192917
-0.007406069 0.034429446 -0.999379754 -206.093200684 -0.056336120 0.997805417 0.034792699 6.033116817 0.998384416 0.056558855 -0.005450196 15.919155121
-0.006155993 0.034183517 -0.999396622 -206.934997559 -0.056312408 0.997817874 0.034476385 6.051286221 0.998394191 0.056490663 -0.004217603 15.906931877
-0.005578397 0.037194960 -0.999292433 -207.878616333 -0.053422671 0.997869790 0.037440237 6.066843987 0.998556376 0.053593725 -0.003579459 15.900128365
-0.005737267 0.038596764 -0.999238372 -208.799697876 -0.053028002 0.997837067 0.038847104 6.084301949 0.998576462 0.053210486 -0.003678149 15.889893532
-0.004863053 0.035270534 -0.999365985 -209.736282349 -0.048082344 0.998213708 0.035463836 6.098493099 0.998831511 0.048224330 -0.003158474 15.886446953
-0.004357073 0.031911347 -0.999481142 -210.675811768 -0.046864133 0.998385966 0.032080673 6.122831821 0.998891771 0.046979599 -0.002854543 15.873982430
-0.004105296 0.032612041 -0.999459684 -211.632537842 -0.051303744 0.998144925 0.032779880 6.145149231 0.998674631 0.051410589 -0.002424562 15.863224983
-0.000919667 0.038370553 -0.999263167 -212.527389526 -0.052849796 0.997865319 0.038365509 6.126373291 0.998602033 0.052846145 0.001110171 15.819984436
0.000812501 0.037959747 -0.999279022 -213.498229980 -0.050560866 0.998002708 0.037870154 6.150795937 0.998720646 0.050493635 0.002730155 15.818243027
0.004166914 0.040618680 -0.999166012 -214.401565552 -0.048033301 0.998029530 0.040372159 6.146401405 0.998837054 0.047825016 0.006109752 15.816850662
0.005666648 0.045939110 -0.998928189 -215.375946045 -0.049370535 0.997738779 0.045604348 6.170788765 0.998764396 0.049059197 0.007921875 15.814707756
0.011130547 0.045602981 -0.998897552 -216.274353027 -0.046445653 0.997904897 0.045040123 6.290827751 0.998858750 0.045893136 0.013225288 15.712512970
0.012477910 0.045123804 -0.998903394 -217.269744873 -0.045624446 0.997966468 0.044511564 6.336696625 0.998880684 0.045019008 0.014511286 15.724147797
0.012553123 0.047877930 -0.998774290 -218.123626709 -0.049211130 0.997672141 0.047206592 6.319718361 0.998709500 0.048558213 0.014880029 15.755863190
0.013429179 0.049929969 -0.998662412 -219.167526245 -0.051541578 0.997459352 0.049176723 6.354630470 0.998580575 0.050812226 0.015968528 15.827638626
0.018408831 0.050031859 -0.998578012 -220.181701660 -0.053159274 0.997383535 0.048992023 6.393974304 0.998416305 0.052181792 0.021020323 15.818298340
0.019800927 0.047693111 -0.998665750 -221.210632324 -0.055522088 0.997372568 0.046530500 6.424258232 0.998261094 0.054526657 0.022396924 15.855403900
0.023134535 0.044617880 -0.998736203 -222.245300293 -0.055455331 0.997522771 0.043279119 6.459158897 0.998193145 0.054383997 0.025551520 15.866964340
0.024634512 0.043776698 -0.998737574 -223.281738281 -0.054603171 0.997608364 0.042380381 6.489925385 0.998204231 0.053490218 0.026965939 15.892303467
0.026409376 0.043727532 -0.998694360 -224.326934814 -0.055573475 0.997562051 0.042208374 6.588577747 0.998105228 0.054386213 0.028775085 15.907665253
