0.999995649 -0.000016526 0.002942490 0.008729945 0.000013078 0.999999285 0.001171843 -0.006252827 -0.002942508 -0.001171799 0.999994993 1.328605413
0.999998033 -0.001747200 -0.000908884 -0.002209417 0.001748788 0.999996960 0.001748784 -0.040908292 0.000905826 -0.001750371 0.999998033 2.631490231
0.999993920 -0.003334422 -0.001025835 -0.005340752 0.003335244 0.999994099 0.000800263 -0.061834484 0.001023161 -0.000803679 0.999999166 3.946692467
0.999995470 -0.002778364 0.001092290 0.024637248 0.002778116 0.999996126 0.000228234 -0.070131689 -0.001092919 -0.000225198 0.999999404 5.265198708
0.999991000 -0.004118906 -0.001021955 -0.006898793 0.004120677 0.999989986 0.001737490 -0.103661522 0.001014788 -0.001741686 0.999997914 6.588819027
0.999988437 -0.004689360 0.001065405 0.027390881 0.004686912 0.999986410 0.002288651 -0.110717528 -0.001076123 -0.002283631 0.999996841 7.929294109
0.999990106 -0.004145762 0.001618070 0.018838597 0.004141093 0.999987245 0.002879575 -0.132223740 -0.001629987 -0.002872846 0.999994516 9.252724648
0.999989271 -0.004419721 -0.001322332 -0.026456056 0.004421869 0.999988854 0.001626089 -0.159920409 0.001315131 -0.001631919 0.999997795 10.584264755
0.999997556 -0.001643782 -0.001440180 -0.036488440 0.001642978 0.999998450 -0.000559362 -0.178723365 0.001441097 0.000556995 0.999998808 11.910929680
0.999997497 0.001809407 -0.001324511 -0.046692744 -0.001811511 0.999997020 -0.001588509 -0.199808106 0.001321633 0.001590904 0.999997854 13.239174843
0.999990106 0.004195665 -0.001482370 -0.053769037 -0.004198081 0.999989867 -0.001630620 -0.222919837 0.001475513 0.001636827 0.999997556 14.589327812
0.999983728 0.005535169 -0.001360676 -0.064609431 -0.005536564 0.999984086 -0.001023010 -0.240984693 0.001354991 0.001030527 0.999998569 15.940180779
0.999990344 0.003494916 0.002664684 -0.007132970 -0.003498166 0.999993145 0.001216100 -0.256436706 -0.002660416 -0.001225410 0.999995649 17.299274445
0.999991357 -0.002076921 0.003590731 -0.005157620 0.002064524 0.999991894 0.003452568 -0.277184010 -0.003597872 -0.003445124 0.999987602 18.641286850
0.999985337 -0.004386099 0.003182636 0.000000127 0.004382998 0.999989927 0.000980647 -0.295162529 -0.003186903 -0.000966683 0.999994457 19.988389969
0.999989867 -0.003983698 0.002109945 0.006695539 0.003986743 0.999991119 -0.001440310 -0.314522415 -0.002104188 0.001448707 0.999996722 21.354051590
0.999989331 -0.002743820 0.003719742 -0.002567582 0.002754231 0.999992311 -0.002796494 -0.335448653 -0.003712041 0.002806709 0.999989152 22.701782227
0.999992490 -0.000083676 0.003898469 -0.011029303 0.000089046 0.999999046 -0.001377204 -0.346088320 -0.003898350 0.001377540 0.999991417 24.051235199
0.999988675 -0.000018218 0.004756644 -0.000158161 0.000002783 0.999994695 0.003244982 -0.383908242 -0.004756677 -0.003244931 0.999983370 25.441452026
0.999984384 -0.002098766 0.005179670 0.001348242 0.002072904 0.999985337 0.004993352 -0.396864086 -0.005190076 -0.004982537 0.999974072 26.813909531
0.999970019 -0.006154352 0.004696740 0.002829954 0.006139934 0.999976456 0.003078444 -0.409239084 -0.004715576 -0.003049514 0.999984205 28.174354553
0.999966383 -0.006757029 0.004649011 0.022823557 0.006753555 0.999976873 0.000762300 -0.423955977 -0.004654055 -0.000730877 0.999988854 29.579206467
0.999964893 -0.006792958 0.004911900 0.019959837 0.006804214 0.999974251 -0.002278605 -0.441257089 -0.004896295 0.002311947 0.999985337 30.952020645
0.999973655 -0.004798285 0.005437303 0.023214966 0.004810045 0.999986112 -0.002151943 -0.471748173 -0.005426903 0.002178040 0.999982834 32.347583771
0.999977648 -0.004117632 0.005257035 0.018956169 0.004139903 0.999982476 -0.004232508 -0.501828730 -0.005239516 0.004254177 0.999977112 33.722358704
0.999984503 -0.002969654 0.004719770 0.029345229 0.002989874 0.999986410 -0.004282828 -0.507498384 -0.004706986 0.004296873 0.999979734 35.112987518
0.999980927 -0.003263351 0.005244088 0.031382293 0.003276218 0.999991596 -0.002446840 -0.550754368 -0.005236059 0.002463974 0.999983191 36.513336182
0.999984026 -0.002694902 0.004970864 0.010228932 0.002700589 0.999995768 -0.001137698 -0.561056852 -0.004967778 0.001151104 0.999986947 37.899024963
0.999987900 0.000677790 0.004894784 0.029055148 -0.000676019 0.999999702 -0.000363711 -0.606571257 -0.004895031 0.000360397 0.999987900 39.312046051
0.999987364 0.002687633 0.004230115 0.032643601 -0.002681876 0.999995470 -0.001365931 -0.608323991 -0.004233767 0.001354569 0.999990046 40.714683533
0.999970078 0.005650672 0.005276747 0.028417796 -0.005646598 0.999983668 -0.000786848 -0.640341103 -0.005281107 0.000757028 0.999985695 42.131790161
0.999968648 0.006360291 0.004720193 0.015937760 -0.006356508 0.999979436 -0.000816122 -0.665172338 -0.004725287 0.000786093 0.999988496 43.523162842
0.999982238 0.004482695 0.003907407 0.028756991 -0.004481282 0.999989867 -0.000370132 -0.696257889 -0.003909027 0.000352616 0.999992251 44.952716827
0.999992013 0.003500133 0.001908256 0.052202020 -0.003498177 0.999993324 -0.001027407 -0.715974569 -0.001911839 0.001020724 0.999997675 46.354217529
0.999994099 0.002780349 0.002003955 0.037718415 -0.002779132 0.999995887 -0.000610272 -0.744813383 -0.002005644 0.000604699 0.999997795 47.767623901
0.999993980 0.003422321 0.000580090 0.038419455 -0.003422469 0.999994099 0.000253653 -0.764997780 -0.000579218 -0.000255637 0.999999821 49.180850983
0.999994278 0.003385023 -0.000211990 0.035722889 -0.003384992 0.999994278 0.000145284 -0.792730868 0.000212479 -0.000144566 0.999999940 50.614032745
0.999993920 0.003209086 -0.001404564 0.019058891 -0.003208958 0.999994874 0.000093353 -0.805472136 0.001404854 -0.000088845 0.999998987 52.004890442
0.999990284 0.003598272 -0.002544690 0.007740676 -0.003595257 0.999992847 0.001188802 -0.830666840 0.002548950 -0.001179642 0.999996066 53.464252472
0.999994576 0.001497110 -0.002927450 -0.017465979 -0.001491542 0.999997139 0.001903447 -0.846215606 0.002930292 -0.001899070 0.999993920 54.869865417
0.999988616 0.001241338 -0.004608838 0.005349845 -0.001232156 0.999997258 0.001994531 -0.862871051 0.004611304 -0.001988830 0.999987304 56.313617706
0.999984205 -0.002252049 -0.005154478 0.000976950 0.002259599 0.999996364 0.001459376 -0.883270442 0.005151174 -0.001471000 0.999985635 57.726783752
0.999979556 -0.002818015 -0.005736643 -0.000334352 0.002827548 0.999994576 0.001654411 -0.902933538 0.005731948 -0.001670598 0.999982178 59.144508362
0.999985874 -0.002243479 -0.004810646 -0.027874917 0.002252471 0.999995649 0.001864539 -0.919813395 0.004806441 -0.001875349 0.999986708 60.515899658
0.999972701 -0.005569172 -0.004861693 -0.018062174 0.005583235 0.999980271 0.002883831 -0.946783543 0.004845536 -0.002910896 0.999984026 62.002708435
0.999976575 -0.005392732 -0.004232237 -0.034006402 0.005402512 0.999982834 0.002303042 -0.971413732 0.004219743 -0.002325852 0.999988317 63.393085480
0.999946654 -0.009839550 -0.003138603 -0.055808142 0.009846041 0.999949396 0.002059405 -0.999210358 0.003118179 -0.002090199 0.999992907 64.860946655
0.999948859 -0.009644777 -0.003037334 -0.050626338 0.009649356 0.999952197 0.001496269 -1.021297216 0.003022758 -0.001525501 0.999994278 66.274276733
0.999970675 -0.007259205 -0.002444497 -0.060149901 0.007261906 0.999973059 0.001098235 -1.033624768 0.002436457 -0.001115954 0.999996424 67.694534302
0.999990880 -0.004006817 -0.001495896 -0.084509104 0.004010526 0.999988914 0.002484480 -1.059148431 0.001485925 -0.002490457 0.999995828 69.061531067
0.999993861 0.001998037 -0.002885487 -0.060261592 -0.001989913 0.999993980 0.002815669 -1.076979637 0.002891095 -0.002809909 0.999991894 70.509262085
0.999976158 0.006640594 -0.001892777 -0.079244658 -0.006634010 0.999971926 0.003463683 -1.108686447 0.001915725 -0.003451043 0.999992251 71.866470337
0.999925137 0.012193151 -0.001023808 -0.103824645 -0.012190565 0.999922574 0.002494090 -1.119068742 0.001054139 -0.002481423 0.999996364 73.333618164
0.999892235 0.014669468 -0.000464793 -0.117189825 -0.014668744 0.999891222 0.001522833 -1.127808809 0.000487082 -0.001515851 0.999998748 74.699615479
0.999850988 0.017262768 0.000168563 -0.132331848 -0.017263005 0.999849856 0.001518908 -1.161181211 -0.000142317 -0.001521592 0.999998808 76.139457703
0.999858081 0.016846642 0.000233119 -0.137900725 -0.016847054 0.999856353 0.001882628 -1.182872057 -0.000201369 -0.001886288 0.999998212 77.522651672
0.999874592 0.015822738 0.000689356 -0.151740745 -0.015823891 0.999873281 0.001699226 -1.215776920 -0.000662382 -0.001709921 0.999998331 78.932373047
0.999889433 0.014838144 0.001035569 -0.169908762 -0.014838861 0.999889672 0.000689951 -1.235882878 -0.001025217 -0.000705241 0.999999285 80.270378113
0.999901414 0.014041330 -0.000186043 -0.150820985 -0.014041129 0.999900818 0.001039440 -1.263953805 0.000200619 -0.001036725 0.999999464 81.669441223
0.999915004 0.013003291 -0.000927400 -0.135055915 -0.013002433 0.999915004 0.000926342 -1.278321266 0.000939366 -0.000914205 0.999999166 83.124114990
0.999916077 0.012885521 -0.001333791 -0.145547956 -0.012884738 0.999916852 0.000594132 -1.309323668 0.001341336 -0.000576897 0.999998987 84.417602539
0.999908268 0.013449734 -0.001579377 -0.167568579 -0.013448304 0.999909163 0.000910913 -1.332332730 0.001591485 -0.000889589 0.999998271 85.888832092
0.999912500 0.013003063 -0.002432398 -0.176813960 -0.012998519 0.999913752 0.001874553 -1.359387279 0.002456564 -0.001842771 0.999995291 87.231559753
0.999933183 0.010898108 -0.003860099 -0.179309383 -0.010887529 0.999936879 0.002751322 -1.386054039 0.003889840 -0.002709111 0.999988794 88.639610291
0.999944448 0.009038921 -0.005414929 -0.169272482 -0.009021892 0.999954343 0.003160834 -1.402026892 0.005443252 -0.003111806 0.999980330 89.985046387
0.999962687 0.006191629 -0.006024875 -0.196967661 -0.006172209 0.999975741 0.003236597 -1.427881479 0.006044768 -0.003199289 0.999976635 91.389389038
0.999963582 0.004781359 -0.007073765 -0.197107762 -0.004760074 0.999984205 0.003022871 -1.459854364 0.007088107 -0.002989090 0.999970436 92.749649048
0.999969482 0.003582746 -0.006960607 -0.219530374 -0.003566374 0.999990821 0.002363123 -1.471385837 0.006969013 -0.002338227 0.999972939 94.125587463
0.999968290 0.003889240 -0.006945351 -0.242762148 -0.003876386 0.999990761 0.001863146 -1.490393877 0.006952533 -0.001836164 0.999974191 95.467483521
0.999966800 0.003675548 -0.007267045 -0.251277149 -0.003666200 0.999992430 0.001299283 -1.517461896 0.007271765 -0.001272598 0.999972761 96.869453430
0.999966621 0.004586002 -0.006755531 -0.272975415 -0.004584117 0.999989510 0.000294446 -1.541732073 0.006756809 -0.000263468 0.999977171 98.216827393
0.999958873 0.005715736 -0.007041069 -0.270394772 -0.005710521 0.999983430 0.000760511 -1.565972686 0.007045299 -0.000720272 0.999974906 99.548408508
0.999951184 0.006630975 -0.007331263 -0.269370019 -0.006616020 0.999975979 0.002062277 -1.586994648 0.007344762 -0.002013673 0.999970973 100.919830322
0.999954402 0.007354996 -0.006089736 -0.305977225 -0.007332743 0.999966323 0.003668591 -1.611140966 0.006116513 -0.003623769 0.999974728 102.239555359
0.999957919 0.006738485 -0.006227011 -0.316859633 -0.006724270 0.999974668 0.002301099 -1.631344676 0.006242359 -0.002259129 0.999977946 103.538543701
0.999954760 0.007324305 -0.006064424 -0.337299109 -0.007326434 0.999973118 -0.000328844 -1.652939916 0.006061852 0.000373259 0.999981582 104.921051025
0.999953866 0.007308898 -0.006227699 -0.356632143 -0.007322444 0.999970913 -0.002154893 -1.673399329 0.006211768 0.002200396 0.999978244 106.270927429
0.999974132 0.003724296 -0.006149572 -0.357707202 -0.003723936 0.999993086 0.000069984 -1.707760811 0.006149790 -0.000047082 0.999981105 107.597396851
0.999985695 0.001920674 -0.004981494 -0.381469995 -0.001911711 0.999996543 0.001803432 -1.724699497 0.004984940 -0.001793883 0.999985933 108.889060974
0.999988854 -0.000021174 -0.004725567 -0.389319569 0.000031923 0.999997377 0.002274512 -1.748495698 0.004725507 -0.002274637 0.999986231 110.281181335
0.999991715 -0.000478289 -0.004058699 -0.393453091 0.000482536 0.999999344 0.001045700 -1.773671269 0.004058197 -0.001047650 0.999991238 111.606811523
0.999992847 0.001067824 -0.003612874 -0.418370068 -0.001072403 0.999998629 -0.001265686 -1.798990607 0.003611518 0.001269552 0.999992669 112.950309753
0.999991179 0.003613390 -0.002108408 -0.430980265 -0.003621453 0.999986112 -0.003833033 -1.812081099 0.002094528 0.003840634 0.999990463 114.233779907
0.999982893 0.005774171 -0.000953596 -0.425882965 -0.005777278 0.999977827 -0.003288906 -1.840509057 0.000934584 0.003294358 0.999994099 115.621887207
0.999982178 0.005974740 0.000149951 -0.431140274 -0.005974540 0.999981225 -0.001299199 -1.857517838 -0.000157710 0.001298280 0.999999106 116.945297241
0.999973774 0.006939715 0.002038517 -0.458516419 -0.006940775 0.999975801 0.000513525 -1.875128031 -0.002034903 -0.000527661 0.999997795 118.288177490
0.999976456 0.006422049 0.002366753 -0.449482858 -0.006424182 0.999978960 0.000894697 -1.898702979 -0.002360957 -0.000909880 0.999996841 119.628433228
0.999969661 0.006748582 0.003885723 -0.456536174 -0.006749982 0.999977112 0.000347177 -1.921898246 -0.003883291 -0.000373395 0.999992371 120.970138550
0.999948740 0.008534319 0.005453631 -0.471787035 -0.008533779 0.999963582 -0.000122400 -1.937082887 -0.005454477 0.000075854 0.999985158 122.273628235
0.999919653 0.011023865 0.006257840 -0.461275041 -0.011021766 0.999939203 -0.000369644 -1.973711252 -0.006261535 0.000300642 0.999980330 123.650253296
0.999902844 0.012039792 0.007024778 -0.446397007 -0.012027526 0.999926090 -0.001785592 -1.995836020 -0.007045757 0.001700927 0.999973774 124.951042175
0.999876499 0.013141210 0.008618589 -0.472160578 -0.013119229 0.999910533 -0.002601957 -2.013079405 -0.008652010 0.002488567 0.999959469 126.334449768
0.999880850 0.012453490 0.009120373 -0.455460787 -0.012424479 0.999917567 -0.003230764 -2.028260469 -0.009159856 0.003117064 0.999953151 127.669044495
0.999877155 0.011744364 0.010374602 -0.460751414 -0.011726381 0.999929607 -0.001792436 -2.059342623 -0.010394923 0.001670560 0.999944508 129.035247803
0.999882221 0.010718745 0.010980488 -0.454756141 -0.010707816 0.999942064 -0.001053733 -2.078801394 -0.010991147 0.000936032 0.999939144 130.360427856
0.999884307 0.010072231 0.011397933 -0.438877583 -0.010066269 0.999949098 -0.000580317 -2.113310814 -0.011403198 0.000465515 0.999934852 131.732421875
0.999901593 0.007987916 0.011532059 -0.436867476 -0.007985907 0.999968052 -0.000220335 -2.147350788 -0.011533453 0.000128219 0.999933481 133.044784546
0.999910355 0.005744008 0.012095135 -0.432079792 -0.005745996 0.999983490 0.000129660 -2.153525352 -0.012094190 -0.000199146 0.999926865 134.444595337
0.999922454 0.003709996 0.011884298 -0.435949922 -0.003706193 0.999993086 -0.000342009 -2.175259352 -0.011885484 0.000297937 0.999929428 135.777755737
0.999939382 0.002964647 0.010604983 -0.419100881 -0.002959963 0.999995530 -0.000457355 -2.198982239 -0.010606292 0.000425936 0.999943674 137.150741577
0.999954343 0.001576095 0.009418917 -0.420955420 -0.001577737 0.999998808 0.000166930 -2.222676516 -0.009418641 -0.000181783 0.999955654 138.500152588
0.999963760 0.000098565 0.008515657 -0.400633216 -0.000105231 0.999999642 0.000782419 -2.255313635 -0.008515579 -0.000783287 0.999963403 139.856643677
0.999971449 -0.000423689 0.007547428 -0.415515065 0.000417640 0.999999583 0.000803053 -2.269223690 -0.007547766 -0.000799878 0.999971211 141.173263550
0.999980450 -0.000287647 0.006250595 -0.396937072 0.000287648 0.999999940 0.000000677 -2.293493509 -0.006250595 0.000001121 0.999980390 142.526885986
0.999988735 -0.000524920 0.004718783 -0.383803666 0.000526493 0.999999762 -0.000332068 -2.319164991 -0.004718608 0.000334549 0.999988794 143.863281250
0.999987662 -0.002713713 0.004163099 -0.388645351 0.002725248 0.999992430 -0.002767510 -2.341289043 -0.004155558 0.002778821 0.999987483 145.226684570
0.999962866 -0.008159842 0.002769336 -0.384402364 0.008170048 0.999959826 -0.003693856 -2.359928846 -0.002739083 0.003716344 0.999989331 146.569488525
0.999864042 -0.016296435 0.002483648 -0.376554757 0.016298002 0.999866962 -0.000612785 -2.397468328 -0.002473331 0.000653180 0.999996722 147.930725098
0.999740779 -0.022760367 0.000651003 -0.365334123 0.022760225 0.999740958 0.000228604 -2.407313108 -0.000656038 -0.000213728 0.999999762 149.281677246
0.999639571 -0.026844326 -0.000228805 -0.364158273 0.026843652 0.999636471 -0.002567810 -2.442825079 0.000297653 0.002560742 0.999996603 150.630752563
0.999656618 -0.026200652 -0.000048941 -0.361116588 0.026199944 0.999640286 -0.005734112 -2.468830109 0.000199161 0.005730860 0.999983549 151.981750488
0.999763906 -0.021717714 0.000658120 -0.380778462 0.021722334 0.999731243 -0.008091005 -2.502096176 -0.000482226 0.008103391 0.999966979 153.307006836
0.999758840 -0.021918792 0.001374997 -0.382673323 0.021929098 0.999727607 -0.007993107 -2.541205168 -0.001199424 0.008021330 0.999967039 154.665740967
0.999671340 -0.025495976 0.002684645 -0.381182879 0.025507513 0.999665141 -0.004354734 -2.570308208 -0.002572718 0.004421781 0.999986887 156.013824463
0.999535799 -0.030276917 0.003404878 -0.391005456 0.030284585 0.999538839 -0.002222903 -2.583979368 -0.003336005 0.002324986 0.999991715 157.350952148
0.999384761 -0.034961723 0.002795545 -0.354456633 0.034962744 0.999388576 -0.000316443 -2.620771408 -0.002782771 0.000413988 0.999996066 158.730819702
0.999329388 -0.036531467 0.002510503 -0.342813700 0.036533207 0.999332249 -0.000649722 -2.645964622 -0.002485091 0.000741003 0.999996722 160.089416504
0.999461293 -0.032563772 0.004084948 -0.368439734 0.032568701 0.999468803 -0.001146356 -2.645738125 -0.004045448 0.001278780 0.999991059 161.420455933
0.999498904 -0.031190360 0.005393602 -0.348751485 0.031193411 0.999513268 -0.000482503 -2.691257238 -0.005375927 0.000650507 0.999985337 162.782592773
0.999602258 -0.027518131 0.006169518 -0.351237774 0.027532786 0.999618173 -0.002303300 -2.719961405 -0.006103780 0.002472247 0.999978304 164.147094727
0.999669492 -0.024747126 0.006956493 -0.361383080 0.024769368 0.999688327 -0.003129437 -2.743768930 -0.006876881 0.003300711 0.999970853 165.542663574
0.999705195 -0.022774011 0.008418469 -0.369294405 0.022791499 0.999738276 -0.001987192 -2.763745308 -0.008371009 0.002178475 0.999962568 166.847991943
0.999741673 -0.021189071 0.008232696 -0.371307969 0.021207731 0.999772727 -0.002186361 -2.799758911 -0.008184499 0.002360393 0.999963701 168.194519043
0.999716580 -0.021868797 0.009410093 -0.375888467 0.021901555 0.999754310 -0.003392553 -2.841148138 -0.009333591 0.003597687 0.999949932 169.515777588
0.999816597 -0.016761281 0.009270751 -0.373995423 0.016822083 0.999837160 -0.006519763 -2.871750116 -0.009159962 0.006674519 0.999935806 170.827346802
0.999934554 -0.009211002 0.006780596 -0.340958118 0.009273809 0.999913812 -0.009290045 -2.872020245 -0.006694441 0.009352319 0.999933839 172.234420776
0.999921262 -0.008382254 0.009339134 -0.382867813 0.008437062 0.999947309 -0.005844728 -2.947549105 -0.009289650 0.005923061 0.999939322 173.627792358
0.999940455 -0.005968848 0.009143001 -0.357641220 0.006002149 0.999975383 -0.003619028 -2.982852936 -0.009121177 0.003673690 0.999951661 174.976852417
0.999947309 -0.002536973 0.009954994 -0.361817241 0.002557413 0.999994636 -0.002041036 -3.007117271 -0.009949763 0.002066386 0.999948323 176.325286865
0.999930799 -0.007998107 0.008624789 -0.343183041 0.008007931 0.999967277 -0.001104969 -3.018312454 -0.008615671 0.001173958 0.999962151 177.715866089
0.999921262 -0.011167107 0.005730849 -0.305755019 0.011174222 0.999936879 -0.001210937 -3.030616283 -0.005716965 0.001274880 0.999982834 179.148040771
0.999936163 -0.010189407 0.004886258 -0.328091562 0.010218934 0.999929428 -0.006056589 -3.056309223 -0.004824201 0.006106133 0.999969721 180.488235474
0.999965966 -0.007683462 0.003045537 -0.319723010 0.007712546 0.999923646 -0.009655537 -3.106731176 -0.002971118 0.009678696 0.999948740 181.919342041
0.999987364 -0.004767908 0.001633618 -0.305695444 0.004783770 0.999940097 -0.009846576 -3.150491238 -0.001586573 0.009854266 0.999950171 183.293975830
0.999995887 -0.001539474 0.002443189 -0.349503160 0.001561675 0.999957263 -0.009111193 -3.165335655 -0.002429059 0.009114971 0.999955535 184.656524658
0.999990702 0.002050342 0.003782878 -0.399602532 -0.002028256 0.999980867 -0.005832636 -3.209255457 -0.003794764 0.005824909 0.999975801 186.116882324
0.999987304 0.002967248 0.004073134 -0.409063637 -0.002951025 0.999987662 -0.003982799 -3.234404564 -0.004084901 0.003970730 0.999983847 187.496154785
0.999983311 0.003182096 0.004853592 -0.450542748 -0.003167670 0.999990523 -0.002977065 -3.270605087 -0.004863020 0.002961640 0.999983788 188.907836914
0.999993205 0.000495702 0.003639239 -0.376578093 -0.000486053 0.999996364 -0.002651893 -3.273875713 -0.003640539 0.002650107 0.999989867 190.312561035
0.999990046 -0.001424180 0.004235247 -0.390545428 0.001433555 0.999996603 -0.002211325 -3.295383215 -0.004232083 0.002217375 0.999988616 191.717620850
0.999982893 -0.004003104 0.004263008 -0.412626922 0.004016010 0.999987364 -0.003023061 -3.302502155 -0.004250852 0.003040130 0.999986351 193.138900757
0.999945283 -0.009428854 0.004528913 -0.363319159 0.009432454 0.999955177 -0.000773856 -3.356450558 -0.004521414 0.000816532 0.999989450 194.538391113
0.999902844 -0.012986503 0.005059859 -0.357181847 0.012983621 0.999915540 0.000602165 -3.379908562 -0.005067251 -0.000536411 0.999987066 195.918090820
0.999862909 -0.015562261 0.005668464 -0.355097771 0.015560869 0.999878943 0.000289817 -3.390857458 -0.005672288 -0.000201571 0.999983907 197.290954590
0.999892056 -0.013695181 0.005320802 -0.339419007 0.013715415 0.999898791 -0.003785040 -3.427541733 -0.005268427 0.003857609 0.999978662 198.781509399
0.999962986 -0.006811453 0.005242935 -0.352149725 0.006859862 0.999933541 -0.009271358 -3.437092781 -0.005179435 0.009306982 0.999943256 200.254867554
0.999973655 0.003275639 0.006473568 -0.337774396 -0.003213849 0.999949336 -0.009532757 -3.481691837 -0.006504467 0.009511702 0.999933600 201.621597290
0.999912381 0.010223635 0.008409822 -0.370591998 -0.010181407 0.999935448 -0.005048947 -3.526376009 -0.008460898 0.004962882 0.999951899 203.086746216
0.999904215 0.010543976 0.008972536 -0.369714737 -0.010517560 0.999940276 -0.002986373 -3.551518917 -0.009003486 0.002891719 0.999955297 204.537261963
0.999904811 0.010245607 0.009242116 -0.395558596 -0.010218076 0.999943256 -0.003021146 -3.566741705 -0.009272546 0.002926423 0.999952734 205.980239868
0.999952257 0.006546695 0.007250464 -0.351310372 -0.006526907 0.999975026 -0.002749404 -3.601008892 -0.007268282 0.002701950 0.999969959 207.425033569
0.999967396 0.004883994 0.006422898 -0.352911592 -0.004862279 0.999982417 -0.003392423 -3.626968384 -0.006439352 0.003361083 0.999973714 208.878265381
0.999966741 0.005695596 0.005835895 -0.332158566 -0.005670414 0.999974608 -0.004322412 -3.661026716 -0.005860365 0.004289176 0.999973655 210.336898804
0.999958038 0.007295541 0.005553361 -0.326811671 -0.007271757 0.999964356 -0.004290688 -3.688761234 -0.005584465 0.004250125 0.999975443 211.792282104
0.999953210 0.008274785 0.005013114 -0.331043601 -0.008258243 0.999960423 -0.003311284 -3.719399929 -0.005040316 0.003269729 0.999981999 213.277618408
0.999952197 0.007923119 0.005727279 -0.345026493 -0.007899133 0.999959946 -0.004198212 -3.744123459 -0.005760313 0.004152770 0.999974787 214.726547241
0.999957800 0.007524033 0.005273752 -0.340678811 -0.007497609 0.999959350 -0.005012400 -3.779695034 -0.005311251 0.004972649 0.999973536 216.190551758
0.999965668 0.006530788 0.005094795 -0.342093706 -0.006502626 0.999963582 -0.005525109 -3.800163746 -0.005130693 0.005491790 0.999971688 217.647048950
0.999968827 0.006210801 0.004873770 -0.341526151 -0.006185324 0.999967217 -0.005225127 -3.840493202 -0.004906063 0.005194820 0.999974430 219.098526001
0.999965847 0.006797947 0.004684391 -0.356741428 -0.006770156 0.999959528 -0.005923070 -3.861063480 -0.004724465 0.005891153 0.999971509 220.587356567
0.999967515 0.006983121 0.004019772 -0.339341938 -0.006960130 0.999959528 -0.005705531 -3.905035019 -0.004059451 0.005677369 0.999975622 222.080108643
0.999967337 0.007390295 0.003265641 -0.333183467 -0.007370898 0.999955416 -0.005912467 -3.932948112 -0.003309190 0.005888205 0.999977231 223.562759399
0.999967337 0.007500056 0.003016875 -0.331882656 -0.007481278 0.999952853 -0.006188537 -3.972023487 -0.003063148 0.006165763 0.999976277 225.058593750
0.999965608 0.007823467 0.002738287 -0.337367177 -0.007807192 0.999952078 -0.005904743 -4.011093140 -0.002784351 0.005883161 0.999978840 226.547195435
0.999973476 0.006860228 0.002455270 -0.332747161 -0.006845340 0.999958396 -0.006021719 -4.036822796 -0.002496478 0.006004752 0.999978840 228.034072876
0.999981880 0.005317062 0.002843728 -0.345730126 -0.005299711 0.999967456 -0.006074338 -4.073892117 -0.002875933 0.006059157 0.999977529 229.533920288
0.999984622 0.004876765 0.002613327 -0.343272865 -0.004859356 0.999966264 -0.006626483 -4.110648632 -0.002645554 0.006613684 0.999974608 231.023086548
0.999988675 0.003972375 0.002585331 -0.335180640 -0.003956485 0.999973416 -0.006122539 -4.139506817 -0.002609583 0.006112243 0.999977887 232.502502441
0.999993384 0.002663453 0.002474042 -0.331460059 -0.002650218 0.999982238 -0.005336857 -4.170769215 -0.002488213 0.005330265 0.999982715 234.017486572
0.999991238 0.003177522 0.002702402 -0.345583797 -0.003161962 0.999978483 -0.005743128 -4.206101418 -0.002720593 0.005734533 0.999979854 235.538833618
0.999989033 0.004128694 0.002234095 -0.317215204 -0.004114869 0.999972522 -0.006157899 -4.238688469 -0.002259458 0.006148639 0.999978542 237.030029297
0.999966621 0.007225378 0.003794592 -0.366012037 -0.007200513 0.999952793 -0.006526273 -4.263059616 -0.003841568 0.006498733 0.999971449 238.561492920
0.999960780 0.007417276 0.004832643 -0.389418602 -0.007394262 0.999961376 -0.004762939 -4.291861057 -0.004867784 0.004727018 0.999976993 240.063323975
0.999971271 0.005670582 0.005030885 -0.368492365 -0.005649691 0.999975324 -0.004157314 -4.315555096 -0.005054336 0.004128770 0.999978662 241.583160400
0.999963224 0.006334809 0.005781133 -0.379331470 -0.006299886 0.999961913 -0.006039077 -4.345634460 -0.005819169 0.006002434 0.999965012 243.115921021
0.999962866 0.006372341 0.005805850 -0.366829753 -0.006333217 0.999957323 -0.006732265 -4.394713879 -0.005848501 0.006695245 0.999960482 244.620513916
0.999958158 0.006703690 0.006220772 -0.365395069 -0.006666955 0.999960244 -0.005907157 -4.441610336 -0.006260125 0.005865436 0.999963164 246.128845215
0.999962270 0.005780353 0.006473905 -0.380153179 -0.005751200 0.999973178 -0.004512625 -4.479784966 -0.006499817 0.004475222 0.999968827 247.643020630
0.999963760 0.006041689 0.005997802 -0.373452306 -0.006016685 0.999973178 -0.004178271 -4.516201496 -0.006022885 0.004142032 0.999973297 249.180236816
0.999953687 0.007492960 0.006032120 -0.384288788 -0.007467312 0.999963105 -0.004263447 -4.548552513 -0.006063843 0.004218206 0.999972761 250.708038330
0.999940217 0.009239106 0.005840513 -0.381090403 -0.009212737 0.999947309 -0.004525660 -4.576585770 -0.005882019 0.004471583 0.999972641 252.227569580
0.999920905 0.010947718 0.006190255 -0.382695317 -0.010917712 0.999928534 -0.004860664 -4.606147766 -0.006243026 0.004792696 0.999969006 253.747726440
0.999916196 0.011363181 0.006204636 -0.382671595 -0.011334393 0.999924898 -0.004655676 -4.635786533 -0.006257073 0.004584960 0.999969840 255.285354614
0.999939978 0.009626240 0.005240468 -0.364159584 -0.009603878 0.999944746 -0.004275747 -4.671238899 -0.005281338 0.004225162 0.999977112 256.826110840
0.999951839 0.007419164 0.006444949 -0.389495134 -0.007397725 0.999967039 -0.003344032 -4.704260349 -0.006469547 0.003296193 0.999973655 258.361602783
0.999964833 0.006177415 0.005685609 -0.365707040 -0.006155011 0.999973297 -0.003949545 -4.718502522 -0.005709855 0.003914411 0.999976099 259.917419434
0.999973416 0.003584592 0.006359180 -0.374941349 -0.003554953 0.999982774 -0.004666144 -4.744672775 -0.006375797 0.004643414 0.999968886 261.433441162
0.999981463 0.001923042 0.005799561 -0.375922680 -0.001897405 0.999988437 -0.004422860 -4.792012215 -0.005808001 0.004411772 0.999973416 262.990203857
0.999982834 0.000146578 0.005859497 -0.363988996 -0.000131034 0.999996424 -0.002652971 -4.821409225 -0.005859866 0.002652157 0.999979317 264.539611816
0.999976337 -0.001537307 0.006701871 -0.364454031 0.001544540 0.999998212 -0.001074303 -4.847744942 -0.006700208 0.001084629 0.999976993 266.085235596
0.999970496 -0.001407543 0.007555531 -0.372646093 0.001426622 0.999995768 -0.002520462 -4.872408390 -0.007551952 0.002531167 0.999968350 267.630554199
0.999972880 -0.000167603 0.007363738 -0.359231114 0.000200032 0.999990284 -0.004403430 -4.878076077 -0.007362928 0.004404783 0.999963164 269.159088135
0.999976337 -0.000631476 0.006857802 -0.338222504 0.000662814 0.999989331 -0.004568421 -4.907909870 -0.006854844 0.004572859 0.999965966 270.695861816
0.999958932 0.002351321 0.008750714 -0.347923040 -0.002312898 0.999987662 -0.004398356 -4.952285767 -0.008760949 0.004377936 0.999951959 272.246185303
0.999936521 0.004982813 0.010105113 -0.344463825 -0.004928180 0.999973238 -0.005424242 -4.979432583 -0.010131868 0.005374098 0.999934137 273.739471436
0.999929488 0.005363047 0.010591628 -0.340523005 -0.005308855 0.999972701 -0.005138005 -5.016625881 -0.010618893 0.005081413 0.999930680 275.319763184
0.999921262 0.006129894 0.010951619 -0.301078320 -0.006070053 0.999966502 -0.005489104 -5.053495407 -0.010984899 0.005422195 0.999925017 276.820739746
0.999903917 0.005873439 0.012557069 -0.340326309 -0.005794255 0.999963164 -0.006333053 -5.070211411 -0.012593801 0.006259685 0.999901116 278.412384033
0.999889970 0.005641444 0.013720141 -0.322197914 -0.005550129 0.999962270 -0.006684507 -5.110901833 -0.013757333 0.006607623 0.999883533 279.919250488
0.999886572 0.005180203 0.014143494 -0.302936077 -0.005087536 0.999965429 -0.006580071 -5.138564110 -0.014177089 0.006507369 0.999878347 281.486602783
0.999875128 0.005142064 0.014946479 -0.284707546 -0.005060981 0.999972284 -0.005457707 -5.183970928 -0.014974128 0.005381381 0.999873400 283.008331299
0.999881506 0.003535981 0.014981013 -0.257055283 -0.003458910 0.999980688 -0.005167317 -5.215268612 -0.014998995 0.005114887 0.999874413 284.607391357
0.999874234 0.002828011 0.015600261 -0.244016171 -0.002723682 0.999973893 -0.006704806 -5.275740147 -0.015618814 0.006661473 0.999855816 286.089782715
0.999895215 0.003673935 0.013999345 -0.235238552 -0.003530746 0.999941349 -0.010239287 -5.285213470 -0.014036141 0.010188786 0.999849558 287.693542480
0.999914944 0.003790921 0.012483599 -0.204169512 -0.003662487 0.999940217 -0.010295129 -5.320527554 -0.012521883 0.010248532 0.999869049 289.289459229
0.999923587 0.002596613 0.012086868 -0.204202652 -0.002474042 0.999945462 -0.010144791 -5.365558624 -0.012112552 0.010114113 0.999875426 290.822875977
0.999935627 0.003072766 0.010931757 -0.191403389 -0.002949278 0.999931872 -0.011294525 -5.399055481 -0.010965718 0.011261556 0.999876499 292.395324707
0.999942005 0.002408756 0.010496585 -0.190623045 -0.002292541 0.999936104 -0.011069696 -5.438353062 -0.010522579 0.011044989 0.999883652 293.988006592
0.999954700 0.001851776 0.009336474 -0.179653168 -0.001756732 0.999946594 -0.010177812 -5.499410629 -0.009354824 0.010160950 0.999904633 295.537994385
0.999963343 0.000725794 0.008532082 -0.161622047 -0.000639799 0.999948978 -0.010077457 -5.517360687 -0.008538959 0.010071630 0.999912798 297.120208740
0.999974251 -0.000132145 0.007183492 -0.141853571 0.000191537 0.999965787 -0.008267800 -5.558064461 -0.007182151 0.008268962 0.999940038 298.652862549
0.999974072 0.001055082 0.007119912 -0.164919615 -0.001001767 0.999971449 -0.007487671 -5.584693432 -0.007127607 0.007480344 0.999946594 300.267761230
0.999965191 0.003025967 0.007773403 -0.158498287 -0.002970029 0.999969661 -0.007197542 -5.634325027 -0.007794946 0.007174204 0.999943852 301.831573486
0.999959350 0.002036598 0.008774762 -0.152791500 -0.001981629 0.999978364 -0.006268560 -5.677527428 -0.008787340 0.006250919 0.999941826 303.412994385
0.999954581 0.000669486 0.009499743 -0.137736797 -0.000605953 0.999977469 -0.006689079 -5.695704460 -0.009504006 0.006683020 0.999932468 304.955200195
0.999955177 -0.000386158 0.009458254 -0.134431839 0.000457422 0.999971449 -0.007533662 -5.750292778 -0.009455074 0.007537650 0.999926865 306.594390869
0.999949217 -0.002787777 0.009677452 -0.131742954 0.002877908 0.999952435 -0.009312019 -5.789722443 -0.009651031 0.009339398 0.999909759 308.170898438
0.999949932 -0.002467456 0.009692871 -0.116018295 0.002567107 0.999943793 -0.010281892 -5.829580307 -0.009666958 0.010306261 0.999900162 309.810913086
0.999968886 -0.001821526 0.007672219 -0.126875401 0.001909812 0.999931872 -0.011515693 -5.868154526 -0.007650720 0.011529987 0.999904215 311.395233154
0.999984682 -0.001208039 0.005401498 -0.119408488 0.001264576 0.999944329 -0.010475785 -5.916372776 -0.005388543 0.010482455 0.999930501 313.004760742
0.999989033 -0.000546063 0.004641823 -0.096189499 0.000577344 0.999977052 -0.006740361 -5.964941978 -0.004638036 0.006742968 0.999966502 314.668975830
0.999986112 -0.002450109 0.004661542 -0.070194006 0.002466843 0.999990582 -0.003587454 -6.005851269 -0.004652708 0.003598904 0.999982715 316.312011719
0.999982715 -0.002777668 0.005169574 -0.082478762 0.002790899 0.999992967 -0.002554007 -6.035387516 -0.005162443 0.002568391 0.999983370 317.941497803
0.999979794 -0.003745163 0.005127344 -0.068823457 0.003763763 0.999986291 -0.003622689 -6.063772202 -0.005113707 0.003641914 0.999980271 319.547668457
0.999973357 -0.004405712 0.005806640 -0.081967473 0.004428528 0.999982476 -0.003922469 -6.096306801 -0.005789258 0.003948080 0.999975443 321.189117432
0.999972165 -0.004807846 0.005706299 -0.081429124 0.004829620 0.999981046 -0.003808196 -6.123447895 -0.005687883 0.003835649 0.999976456 322.813995361
0.999970555 -0.004120733 0.006476504 -0.079520464 0.004146502 0.999983549 -0.003970557 -6.167185783 -0.006460036 0.003997295 0.999971092 324.454345703
0.999975443 -0.002341032 0.006613062 -0.067983627 0.002374779 0.999984264 -0.005099891 -6.198415756 -0.006601019 0.005115470 0.999965131 326.058654785
0.999968827 -0.001889737 0.007669130 -0.079623222 0.001929678 0.999984562 -0.005203980 -6.241958618 -0.007659177 0.005218616 0.999957025 327.713165283
0.999957263 -0.002536302 0.008899234 -0.093087673 0.002570606 0.999989331 -0.003845474 -6.270629883 -0.008889385 0.003868187 0.999952972 329.325225830
0.999953270 -0.005305686 0.008082445 -0.061198950 0.005317606 0.999984741 -0.001453998 -6.326820850 -0.008074608 0.001496910 0.999966264 330.927368164
0.999946833 -0.006553793 0.007955248 -0.062518120 0.006583191 0.999971628 -0.003674862 -6.335795879 -0.007930938 0.003727039 0.999961555 332.529968262
0.999960840 -0.004281706 0.007741464 -0.046415806 0.004307242 0.999985337 -0.003284968 -6.396153450 -0.007727285 0.003318183 0.999964654 334.175476074
0.999966085 -0.002248697 0.007918318 -0.059990406 0.002292586 0.999982119 -0.005538014 -6.426530838 -0.007905720 0.005555981 0.999953330 335.774047852
0.999976754 -0.000392610 0.006798198 -0.043355465 0.000452016 0.999961734 -0.008739352 -6.468728065 -0.006794508 0.008742223 0.999938726 337.394348145
0.999982774 0.000370610 0.005860854 -0.029743552 -0.000325437 0.999970198 -0.007706684 -6.509434700 -0.005863537 0.007704643 0.999953091 339.009643555
0.999989927 0.000981781 0.004383090 -0.025239587 -0.000962063 0.999989510 -0.004498417 -6.539643764 -0.004387461 0.004494154 0.999980330 340.663787842
0.999990821 0.001898602 0.003841966 -0.031625628 -0.001893263 0.999997258 -0.001392699 -6.580306530 -0.003844600 0.001385413 0.999991655 342.229217529
0.999994636 0.002601340 0.002004697 -0.027918994 -0.002595769 0.999992847 -0.002776471 -6.605142593 -0.002011905 0.002771252 0.999994159 343.866088867
0.999997795 0.001990365 0.000661802 -0.044242308 -0.001987544 0.999989033 -0.004235865 -6.649290085 -0.000670226 0.004234542 0.999990821 345.450836182
0.999998748 0.000819506 -0.001339343 -0.046227008 -0.000823045 0.999996066 -0.002643849 -6.694237709 0.001337171 0.002644949 0.999995589 347.061614990
0.999997854 -0.000562934 -0.001965957 -0.062392056 0.000557988 0.999996662 -0.002515299 -6.714475632 0.001967366 0.002514197 0.999994934 348.658691406
0.999996603 -0.000770245 -0.002466884 -0.079569936 0.000760966 0.999992669 -0.003759759 -6.737646103 0.002469762 0.003757869 0.999989867 350.268615723
0.999995530 -0.001339655 -0.002669667 -0.077037275 0.001329721 0.999992132 -0.003719640 -6.795503139 0.002674629 0.003716075 0.999989510 351.839080811
0.999995708 -0.001200699 -0.002679825 -0.093893647 0.001190901 0.999992609 -0.003654745 -6.831278324 0.002684194 0.003651538 0.999989748 353.438201904
0.999992967 -0.002450435 -0.002838331 -0.095142543 0.002438510 0.999988139 -0.004197415 -6.860092163 0.002848583 0.004190465 0.999987125 355.043182373
0.999992132 -0.002379581 -0.003170583 -0.107106805 0.002364382 0.999985695 -0.004788863 -6.897100449 0.003181933 0.004781330 0.999983549 356.631622314
0.999991715 -0.002688514 -0.003035315 -0.118534267 0.002671799 0.999981284 -0.005497482 -6.938333035 0.003050038 0.005489328 0.999980211 358.240692139
0.999990344 -0.003130548 -0.003079685 -0.123812199 0.003114730 0.999982059 -0.005127515 -6.978025913 0.003095681 0.005117873 0.999982119 359.834960938
0.999995708 -0.001581777 -0.002515314 -0.144628525 0.001565134 0.999976933 -0.006604868 -7.008839607 0.002525704 0.006600901 0.999975026 361.432708740
0.999988496 -0.003917360 -0.002764995 -0.132536411 0.003895773 0.999962211 -0.007770234 -7.042375088 0.002795329 0.007759373 0.999965966 362.968414307
0.999989629 -0.003974266 -0.002211973 -0.166406453 0.003960039 0.999971688 -0.006398937 -7.078202248 0.002237342 0.006390111 0.999977052 364.593597412
0.999983788 -0.005424453 -0.001690656 -0.184351087 0.005413513 0.999964893 -0.006409947 -7.103120804 0.001725367 0.006400691 0.999978006 366.169158936
0.999975324 -0.006567910 -0.002500000 -0.175912380 0.006550940 0.999955833 -0.006737021 -7.148173332 0.002544138 0.006720478 0.999974191 367.809539795
0.999982059 -0.005420272 -0.002564069 -0.177401304 0.005401766 0.999959648 -0.007170224 -7.188925743 0.002602831 0.007156245 0.999971032 369.406219482
0.999986589 -0.004763253 -0.001996168 -0.198648274 0.004750803 0.999969542 -0.006195861 -7.228481293 0.002025619 0.006186295 0.999978840 370.998474121
0.999994516 -0.002963697 -0.001470504 -0.215950459 0.002955782 0.999981284 -0.005355901 -7.266489029 0.001486350 0.005351526 0.999984562 372.574645996
0.999993801 -0.003268252 -0.001281325 -0.221437007 0.003261192 0.999979675 -0.005473455 -7.304787636 0.001299188 0.005469244 0.999984145 374.186157227
0.999994099 -0.003337205 -0.000768087 -0.245904297 0.003332416 0.999975502 -0.006153700 -7.342772961 0.000788604 0.006151104 0.999980807 375.770599365
0.999996126 -0.002755048 -0.000435189 -0.249928534 0.002752116 0.999974430 -0.006599711 -7.374760151 0.000453361 0.006598487 0.999978125 377.388519287
0.999996662 -0.002318627 -0.001159724 -0.247534186 0.002310304 0.999971926 -0.007128315 -7.410587311 0.001176220 0.007125610 0.999973953 379.047149658
0.999999940 -0.000367134 -0.000150265 -0.267945051 0.000366095 0.999976456 -0.006852007 -7.447963238 0.000152777 0.006851952 0.999976456 380.615570068
0.999999702 0.000758585 -0.000250739 -0.275492817 -0.000760152 0.999979794 -0.006308485 -7.484099388 0.000245948 0.006308674 0.999980092 382.237548828
0.999996781 0.002451174 0.000646927 -0.291003466 -0.002446344 0.999969900 -0.007363527 -7.518674850 -0.000664957 0.007361921 0.999972701 383.853240967
0.999992490 0.003730912 0.001049770 -0.300868988 -0.003722476 0.999961674 -0.007926034 -7.557042599 -0.001079302 0.007922066 0.999967992 385.452697754
