0.999993742 -0.000830758 0.003430950 -0.091254845 0.000827604 0.999999166 0.000918500 0.011323262 -0.003431709 -0.000915658 0.999993682 1.513109326
0.999996901 -0.000672436 0.002395636 -0.110169925 0.000668129 0.999998152 0.001797605 -0.009012915 -0.002396841 -0.001796000 0.999995470 3.013408184
0.999998987 0.000555420 0.001284327 -0.131530151 -0.000557113 0.999998927 0.001317914 -0.018496461 -0.001283594 -0.001318634 0.999998271 4.516202450
0.999998987 0.001323720 -0.000541836 -0.131980553 -0.001323273 0.999998689 0.000830211 -0.035886683 0.000542935 -0.000829492 0.999999523 6.027837753
0.999996543 0.001769239 -0.001908337 -0.149504215 -0.001766924 0.999997675 0.001209900 -0.055880934 0.001910473 -0.001206528 0.999997497 7.533897400
0.999990702 0.001282539 -0.004116388 -0.155223489 -0.001277237 0.999998331 0.001291111 -0.070076622 0.004118037 -0.001285847 0.999990642 9.020744324
0.999980509 -0.000592651 -0.006238083 -0.159781754 0.000595591 0.999999642 0.000470020 -0.089849651 0.006237803 -0.000473730 0.999980450 10.518897057
0.999967158 -0.001916979 -0.007874688 -0.173654586 0.001924013 0.999997735 0.000885263 -0.111212842 0.007872969 -0.000900388 0.999968588 12.005024910
0.999953687 -0.001389756 -0.009516092 -0.186980575 0.001397944 0.999998629 0.000853602 -0.133614644 0.009514887 -0.000866868 0.999954343 13.500447273
0.999941826 -0.000615275 -0.010765060 -0.211655408 0.000624134 0.999999464 0.000819072 -0.155308679 0.010764547 -0.000825740 0.999941647 14.972160339
0.999927282 0.000716084 -0.012035836 -0.224696890 -0.000698716 0.999998689 0.001447331 -0.178074300 0.012036853 -0.001438819 0.999926448 16.447896957
0.999915421 0.001408377 -0.012934077 -0.241630599 -0.001379358 0.999996483 0.002252564 -0.197782427 0.012937200 -0.002234533 0.999913812 17.948179245
0.999894559 0.002819552 -0.014244682 -0.258907557 -0.002779225 0.999992073 0.002850451 -0.208140016 0.014252607 -0.002810564 0.999894500 19.406837463
0.999884188 0.002602380 -0.014991746 -0.280402035 -0.002561327 0.999992967 0.002756600 -0.221561402 0.014998807 -0.002717878 0.999883771 20.859823227
0.999861300 0.003375635 -0.016307466 -0.295193613 -0.003334164 0.999991119 0.002569575 -0.235280573 0.016315993 -0.002514850 0.999863744 22.325218201
0.999852061 0.003734357 -0.016789675 -0.313418806 -0.003683695 0.999988616 0.003047172 -0.250547171 0.016800869 -0.002984870 0.999854386 23.771617889
0.999844253 0.004874015 -0.016958300 -0.337327838 -0.004800772 0.999979138 0.004357252 -0.268549204 0.016979178 -0.004275159 0.999846697 25.212583542
0.999832273 0.004881586 -0.017649550 -0.355072737 -0.004825057 0.999983072 0.003243864 -0.286909610 0.017665094 -0.003158160 0.999838948 26.652315140
0.999816597 0.005703826 -0.018281994 -0.376620620 -0.005681392 0.999983072 0.001279406 -0.303374797 0.018288983 -0.001175303 0.999832034 28.057035446
0.999817729 0.003877287 -0.018695569 -0.394160718 -0.003861383 0.999992132 0.000886738 -0.316852689 0.018698864 -0.000814386 0.999824762 29.467943192
0.999820054 0.002787456 -0.018762618 -0.418680370 -0.002722680 0.999990284 0.003476460 -0.333829284 0.018772125 -0.003424749 0.999817967 30.885807037
0.999810517 0.001262573 -0.019432615 -0.431997478 -0.001170929 0.999988198 0.004726779 -0.351562530 0.019438356 -0.004703131 0.999799967 32.280967712
0.999785721 0.000421859 -0.020697335 -0.453170270 -0.000340436 0.999992132 0.003937494 -0.362170935 0.020698840 -0.003929607 0.999777973 33.667114258
0.999795139 0.000670634 -0.020231519 -0.462075233 -0.000625444 0.999997199 0.002239845 -0.378883302 0.020232964 -0.002226737 0.999792814 35.050815582
0.999776185 0.001546108 -0.021098459 -0.490074784 -0.001513633 0.999997616 0.001555020 -0.399890453 0.021100817 -0.001522740 0.999776185 36.403217316
0.999793887 0.001980114 -0.020205483 -0.502581120 -0.001969111 0.999997973 0.000564512 -0.419748724 0.020206556 -0.000524611 0.999795675 37.744525909
0.999802589 0.002537758 -0.019701824 -0.521826267 -0.002505428 0.999995470 0.001665235 -0.441036403 0.019705951 -0.001615550 0.999804556 39.062873840
0.999809265 0.002895572 -0.019309714 -0.552688360 -0.002813709 0.999986887 0.004265077 -0.466560543 0.019321814 -0.004209938 0.999804497 40.371067047
0.999837697 0.002773609 -0.017805738 -0.560114205 -0.002694441 0.999986351 0.004468799 -0.465924770 0.017817888 -0.004420101 0.999831498 41.664752960
0.999853849 0.003232964 -0.016793054 -0.567026377 -0.003147320 0.999981880 0.005124093 -0.484402776 0.016809316 -0.005070495 0.999845862 42.912864685
0.999909043 0.003079069 -0.013127525 -0.586994469 -0.003017087 0.999984264 0.004739046 -0.504619479 0.013141910 -0.004699011 0.999902606 44.182151794
0.999935925 0.002866749 -0.010947952 -0.600946426 -0.002832275 0.999991000 0.003163552 -0.530565679 0.010956917 -0.003132344 0.999935031 45.421504974
0.999965727 0.002407841 -0.007921526 -0.582054257 -0.002400247 0.999996722 0.000967387 -0.535564184 0.007923825 -0.000948340 0.999968171 46.613243103
0.999982536 0.003367434 -0.004859274 -0.579995513 -0.003360346 0.999993324 0.001465237 -0.548676431 0.004864176 -0.001448882 0.999987185 47.864631653
0.999995470 0.002982857 0.000413110 -0.574322104 -0.002983577 0.999994040 0.001752753 -0.577474356 -0.000407876 -0.001753978 0.999998331 48.987892151
0.999976039 0.004547144 0.005224397 -0.560825229 -0.004550520 0.999989510 0.000634428 -0.591390789 -0.005221456 -0.000658188 0.999986172 50.180931091
0.999901354 0.005605239 0.012880989 -0.538227797 -0.005613134 0.999984086 0.000576347 -0.605660975 -0.012877556 -0.000648588 0.999916852 51.306076050
0.999772787 0.006540395 0.020291790 -0.515545130 -0.006579127 0.999976635 0.001842248 -0.626874208 -0.020279270 -0.001975327 0.999792397 52.464698792
0.999482334 0.009378032 0.030774975 -0.480779529 -0.009450064 0.999953032 0.002196025 -0.637738109 -0.030752931 -0.002485719 0.999523878 53.555744171
0.999051392 0.010694432 0.042213682 -0.418134212 -0.010805118 0.999938726 0.002394782 -0.655446231 -0.042185485 -0.002848638 0.999105752 54.723598480
0.998278737 0.013053230 0.057177853 -0.354856014 -0.013205144 0.999910235 0.002279971 -0.666001201 -0.057142965 -0.003031089 0.998361349 55.793170929
0.997293770 0.015680725 0.071828917 -0.268582344 -0.015993493 0.999864995 0.003781359 -0.683476388 -0.071759924 -0.004919922 0.997409761 56.854423523
0.995822251 0.015670121 0.089957781 -0.179537296 -0.016117793 0.999861121 0.004252099 -0.691367567 -0.089878649 -0.005684257 0.995936513 57.923057556
0.994045794 0.014407639 0.108006805 -0.052750587 -0.014843084 0.999884725 0.003228731 -0.712330461 -0.107947834 -0.004812662 0.994144917 59.013679504
0.991543412 0.014625663 0.128948599 0.066251278 -0.015065677 0.999883592 0.002437584 -0.719274282 -0.128897935 -0.004359674 0.991648197 60.037544250
0.988860965 0.011296759 0.148412764 0.235569000 -0.011766186 0.999928236 0.002285406 -0.737373292 -0.148376286 -0.004006206 0.988922834 61.059974670
0.985167027 0.006481964 0.171475664 0.398687363 -0.007259344 0.999966025 0.003906842 -0.741338849 -0.171444535 -0.005093697 0.985180557 62.095157623
0.981139183 0.001054377 0.193300366 0.602798462 -0.002010705 0.999986708 0.004751273 -0.745607495 -0.193292797 -0.005050334 0.981128097 63.078052521
0.975807667 -0.004444455 0.218585432 0.824597359 0.003558272 0.999983728 0.004447702 -0.762870908 -0.218601674 -0.003562320 0.975807667 64.106811523
0.970142066 -0.010573504 0.242306799 1.094568253 0.010293084 0.999944091 0.002423251 -0.774045885 -0.242318869 0.000143183 0.970196605 65.084457397
0.962706149 -0.013767187 0.270198494 1.349594116 0.013356646 0.999905169 0.003358118 -0.785386682 -0.270219117 0.000376065 0.962798715 66.061500549
0.954925120 -0.016622460 0.296381116 1.661300659 0.015594300 0.999861419 0.005832931 -0.800086260 -0.296436995 -0.000948156 0.955051959 67.002807617
0.945296943 -0.020973761 0.325536072 1.958883286 0.019280687 0.999778748 0.008426532 -0.805886865 -0.325640768 -0.001689021 0.945492089 67.946205139
0.935292304 -0.024732796 0.353010774 2.320060730 0.023368815 0.999693930 0.008125965 -0.820516944 -0.353103727 0.000649286 0.935583949 68.846427917
0.922537029 -0.023065533 0.385218710 2.641525269 0.023340177 0.999719679 0.003963709 -0.816458285 -0.385202199 0.005334400 0.922816813 69.803253174
0.910237908 -0.024231544 0.413376182 3.050350189 0.027170625 0.999629974 -0.001231680 -0.829878569 -0.413193405 0.012352805 0.910559535 70.668457031
0.895264447 -0.026403608 0.444752276 3.400941849 0.031118011 0.999510229 -0.003301069 -0.856415510 -0.444447368 0.016795138 0.895647526 71.554473877
0.880509257 -0.027318340 0.473241150 3.867712021 0.031025026 0.999518514 -0.000026684 -0.870581388 -0.473012626 0.014705816 0.880932927 72.352859497
0.863041759 -0.026138064 0.504455984 4.338500977 0.026782177 0.999623418 0.005974931 -0.891573250 -0.504422188 0.008353817 0.863416791 73.228050232
0.842256844 -0.025987403 0.538449645 4.774080276 0.024761938 0.999648094 0.009513134 -0.899328709 -0.538507402 0.005320558 0.842603922 74.053192139
0.821422040 -0.020036153 0.569968700 5.284475327 0.021041306 0.999766946 0.004820769 -0.912381172 -0.569932461 0.008033005 0.821652234 74.816955566
0.799080610 -0.013056749 0.601082087 5.821929932 0.018264700 0.999829888 -0.002562770 -0.914296031 -0.600946367 0.013026440 0.799183130 75.588645935
0.776841521 -0.010945999 0.629601002 6.409351349 0.017694509 0.999833524 -0.004449878 -0.929518759 -0.629447460 0.014597325 0.776905894 76.324066162
0.752913177 -0.013075713 0.657989979 6.987613678 0.018634634 0.999825180 -0.001454176 -0.935481310 -0.657855988 0.013356267 0.753025293 77.036865234
0.728525758 -0.013404398 0.684887290 7.632900238 0.018872429 0.999821663 -0.000506712 -0.958194196 -0.684758484 0.013294633 0.728648841 77.730545044
0.702621937 -0.011341935 0.711472929 8.239311218 0.019730894 0.999799073 -0.003547157 -0.967923582 -0.711289763 0.016530314 0.702704489 78.371894836
0.676658869 -0.008819874 0.736243725 8.938037872 0.019513091 0.999791920 -0.005956821 -0.978780508 -0.736037910 0.018397134 0.676690161 79.007278442
0.648978233 -0.006499329 0.760779083 9.583339691 0.017920649 0.999816656 -0.006745682 -0.998955667 -0.760595858 0.018011456 0.648975730 79.600189209
0.620947719 -0.004704496 0.783837795 10.325202942 0.017616251 0.999813199 -0.007954647 -1.014324307 -0.783653975 0.018747704 0.620914638 80.192703247
0.591346264 0.001519618 0.806416392 11.020923615 0.016638337 0.999762356 -0.014084878 -1.037495613 -0.806246161 0.021746462 0.591180384 80.750595093
0.561204910 0.010955671 0.827604413 11.767345428 0.015694404 0.999591708 -0.023874909 -1.054819226 -0.827528119 0.026387470 0.560803831 81.268798828
0.530266702 0.019279236 0.847611725 12.565769196 0.014682051 0.999382675 -0.031916432 -1.084015846 -0.847703755 0.029368896 0.529656231 81.774696350
0.498210341 0.024405723 0.866712689 13.358306885 0.012214202 0.999306977 -0.035160519 -1.112857342 -0.866970181 0.028103532 0.497566968 82.257812500
0.465726346 0.023522822 0.884616077 14.216585159 0.010300403 0.999434769 -0.031998862 -1.163506269 -0.884868920 0.024014611 0.465220779 82.723823547
0.431458801 0.022571621 0.901850224 15.018909454 0.006393771 0.999585330 -0.028076621 -1.187196732 -0.902109981 0.017880127 0.431135505 83.144294739
0.397160798 0.023744099 0.917441785 15.919143677 0.002206563 0.999637723 -0.026826609 -1.225501895 -0.917746365 0.012678873 0.396964490 83.546546936
0.360637367 0.026529757 0.932328820 16.735876083 -0.004736010 0.999634624 -0.026613027 -1.265024304 -0.932694077 0.005182133 0.360631198 83.919487000
0.324494869 0.028434489 0.945460021 17.674869537 -0.009991806 0.999595463 -0.026633278 -1.305722356 -0.945834696 -0.000804490 0.324647635 84.264923096
0.288047403 0.027881272 0.957210183 18.543285370 -0.012130160 0.999601960 -0.025465796 -1.330330014 -0.957539320 -0.004275761 0.288270980 84.546295166
0.251680404 0.027081674 0.967431426 19.490861893 -0.012459296 0.999616206 -0.024741307 -1.367583752 -0.967730224 -0.005826616 0.251921266 84.804634094
0.215997949 0.026880367 0.976023734 20.417385101 -0.012235973 0.999616921 -0.024822276 -1.398580551 -0.976317167 -0.006581045 0.216244131 85.005363464
0.180251852 0.025722202 0.983283997 21.369567871 -0.010422081 0.999651730 -0.024239842 -1.428027630 -0.983565211 -0.005878594 0.180457160 85.189872742
0.146277517 0.024748852 0.988933921 22.366407394 -0.001732032 0.999691844 -0.024761889 -1.459315896 -0.989242077 0.001909239 0.146275297 85.316581726
0.111843593 0.028150328 0.993326962 23.282318115 0.000330519 0.999597490 -0.028365247 -1.501724482 -0.993725836 0.003500781 0.111789271 85.433578491
0.079696916 0.033090480 0.996269763 24.280097961 0.001114804 0.999445319 -0.033285130 -1.537136674 -0.996818602 0.003763365 0.079615809 85.508201599
0.050164767 0.036437415 0.998076141 25.221782684 0.008623027 0.999281228 -0.036914829 -1.586848974 -0.998703599 0.010458261 0.049814507 85.560882568
0.024760587 0.035252430 0.999071658 26.233623505 0.010301003 0.999316037 -0.035516348 -1.613909364 -0.999640226 0.011170846 0.024380524 85.581283569
0.002511751 0.031846449 0.999489605 27.200805664 0.012455683 0.999414384 -0.031875342 -1.663787007 -0.999919236 0.012529390 0.002113611 85.584411621
-0.016664337 0.029217390 0.999434173 28.205823898 0.012462937 0.999501407 -0.029011546 -1.701538205 -0.999783456 0.011972426 -0.017020160 85.575057983
-0.033494901 0.032339171 0.998915553 29.178974152 0.014203882 0.999390781 -0.031878281 -1.747412086 -0.999337971 0.013120713 -0.033933837 85.551307678
-0.047999814 0.036885463 0.998165965 30.179340363 0.017191239 0.999200463 -0.036096990 -1.777778506 -0.998699427 0.015427059 -0.048595544 85.499420166
-0.059797622 0.042162050 0.997319698 31.181777954 0.021436395 0.998931468 -0.040944893 -1.822514892 -0.997980356 0.018930530 -0.060637522 85.428146362
-0.068945989 0.045620840 0.996576667 32.165218353 0.026257163 0.998690724 -0.043901060 -1.871864676 -0.997274816 0.023140470 -0.070053577 85.365112305
-0.074709050 0.050633233 0.995919228 33.166683197 0.030569732 0.998357058 -0.048463985 -1.933408260 -0.996736646 0.026824284 -0.076134175 85.283355713
-0.077962302 0.055558242 0.995407045 34.175697327 0.032433219 0.998058856 -0.053166013 -1.987745166 -0.996428490 0.028139312 -0.079612896 85.196807861
-0.081429914 0.059534412 0.994899571 35.180438995 0.034331016 0.997789621 -0.056897469 -2.051071644 -0.996087611 0.029522751 -0.083293803 85.124275208
-0.083899394 0.062450834 0.994515359 36.183197021 0.034807071 0.997608781 -0.059708688 -2.116446495 -0.995866060 0.029606640 -0.085872494 85.034355164
-0.086477540 0.065857314 0.994074643 37.194789886 0.035732765 0.997375727 -0.062967509 -2.184529305 -0.995612800 0.030075762 -0.088603862 84.947441101
-0.088458769 0.069519199 0.993650854 38.197837830 0.036878392 0.997106194 -0.066477865 -2.260298252 -0.995396852 0.030763701 -0.090766549 84.854042053
-0.090939082 0.071163751 0.993310452 39.205623627 0.039866850 0.996904016 -0.067771338 -2.332017660 -0.995058239 0.033437099 -0.093494624 84.763984680
-0.093061112 0.069616519 0.993223667 40.238311768 0.039851118 0.997013628 -0.066148274 -2.412737370 -0.994862497 0.033425245 -0.095557489 84.670463562
-0.095197223 0.069237567 0.993047595 41.258556366 0.039170936 0.997066081 -0.065762676 -2.488684177 -0.994687438 0.032638185 -0.097630017 84.569412231
-0.097075105 0.070323497 0.992789507 42.283420563 0.039274197 0.996994376 -0.066781126 -2.569399357 -0.994501889 0.032508224 -0.099545211 84.452339172
-0.099756993 0.072532326 0.992364645 43.303913116 0.038048483 0.996888220 -0.069038130 -2.642964125 -0.994284093 0.030870931 -0.102206297 84.362548828
-0.102724470 0.074398652 0.991923690 44.328830719 0.036844354 0.996799171 -0.070948705 -2.728115082 -0.994027317 0.029258611 -0.105136834 84.261177063
-0.104961738 0.078192897 0.991397440 45.359668732 0.034707621 0.996584773 -0.074927449 -2.810262442 -0.993870497 0.026544526 -0.107317165 84.148078918
-0.107663438 0.082064003 0.990794659 46.378055573 0.031361453 0.996371806 -0.079118088 -2.895802498 -0.993692517 0.022554638 -0.109846465 84.049133301
-0.110004634 0.084831402 0.990304291 47.416168213 0.028841574 0.996203959 -0.082133003 -2.972526550 -0.993512452 0.019526927 -0.112033725 83.927085876
-0.113338359 0.082754202 0.990104079 48.487247467 0.027123375 0.996411502 -0.080176562 -3.076289654 -0.993186116 0.017767888 -0.115176246 83.822929382
-0.116230644 0.078557774 0.990110695 49.530300140 0.024223046 0.996794879 -0.076244533 -3.164107561 -0.992926776 0.015121547 -0.117761023 83.696632385
-0.119016938 0.076826461 0.989915431 50.589988708 0.024676479 0.996922851 -0.074403465 -3.252090454 -0.992585540 0.015572358 -0.120546505 83.588180542
-0.120851606 0.077121124 0.989670157 51.640438080 0.024916990 0.996899128 -0.074641757 -3.340997219 -0.992357790 0.015639031 -0.122398503 83.460220337
-0.122382931 0.080095291 0.989245713 52.703826904 0.025114773 0.996668935 -0.077589281 -3.424158335 -0.992165148 0.015349077 -0.123986825 83.333351135
-0.122756027 0.082801975 0.988976657 53.763977051 0.025980804 0.996439934 -0.080201998 -3.515045881 -0.992096782 0.015849127 -0.124470256 83.197174072
-0.123607248 0.083487257 0.988812923 54.832618713 0.024822127 0.996402919 -0.081025191 -3.608959913 -0.992020667 0.014529153 -0.125234932 83.080383301
-0.123698950 0.082051411 0.988921642 55.932785034 0.021573095 0.996562421 -0.079986900 -3.706309080 -0.992085278 0.011439814 -0.125043809 82.949752808
-0.123751260 0.080893263 0.989010513 56.985008240 0.018142266 0.996689677 -0.079251245 -3.806173325 -0.992147386 0.008135451 -0.124809168 82.823204041
-0.123864740 0.081953950 0.988909006 58.075580597 0.014826013 0.996625185 -0.080736399 -3.900794506 -0.992188334 0.004661187 -0.124661766 82.700508118
-0.124419652 0.082440734 0.988798976 59.141517639 0.010501958 0.996595860 -0.081769362 -3.990645409 -0.992174029 0.000210613 -0.124861889 82.574501038
-0.124815650 0.081484675 0.988828182 60.227497101 0.006864824 0.996668816 -0.081264265 -4.088184834 -0.992156208 -0.003354915 -0.124959238 82.446548462
-0.125282735 0.076327145 0.989180624 61.328865051 0.007427321 0.997080445 -0.075996011 -4.181297302 -0.992093265 -0.002174032 -0.125483856 82.315528870
-0.125821605 0.067361638 0.989763260 62.415962219 0.011468006 0.997724116 -0.066445597 -4.271533966 -0.991986573 0.002990316 -0.126307771 82.180305481
-0.125103414 0.061940439 0.990208328 63.547801971 0.016865918 0.998037815 -0.060299348 -4.355749607 -0.992000341 0.009157117 -0.125902593 82.024131775
-0.124059305 0.064571984 0.990171611 64.659500122 0.024963640 0.997767687 -0.061939638 -4.425774097 -0.991960645 0.017034099 -0.125394300 81.865539551
-0.123529360 0.069948755 0.989872575 65.777206421 0.030812120 0.997301996 -0.066628605 -4.507437706 -0.991862416 0.022269491 -0.125351340 81.731231689
-0.122227393 0.075379558 0.989635587 66.885505676 0.034326538 0.996836245 -0.071688443 -4.589211464 -0.991908312 0.025208462 -0.124428220 81.582649231
-0.122120097 0.080295593 0.989261985 67.990135193 0.035410792 0.996439993 -0.076506898 -4.670538902 -0.991883397 0.025687529 -0.124528691 81.452995300
-0.123140857 0.077281967 0.989375532 69.099479675 0.031904776 0.996756077 -0.073887512 -4.759243965 -0.991876185 0.022467228 -0.125207052 81.338302612
-0.122268304 0.072174475 0.989869237 70.252098083 0.031871118 0.997123480 -0.068766683 -4.859420776 -0.991985261 0.023140240 -0.124216914 81.179702759
-0.122630566 0.070185579 0.989967525 71.390098572 0.029880166 0.997304976 -0.067004435 -4.946062565 -0.992002487 0.021363601 -0.124397255 81.047454834
-0.123533294 0.070206583 0.989853799 72.508132935 0.028327407 0.997337162 -0.067202106 -5.039247513 -0.991935968 0.019738283 -0.125193149 80.945785522
-0.122820914 0.075761087 0.989532828 73.651817322 0.029214172 0.996925831 -0.072701037 -5.123702526 -0.991998732 0.019979175 -0.124656640 80.787040710
-0.122274831 0.078642130 0.989375710 74.815422058 0.028374035 0.996725380 -0.075719647 -5.203959465 -0.992090583 0.018813973 -0.124105841 80.643081665
-0.122615106 0.077042148 0.989459455 75.934631348 0.029221995 0.996830344 -0.073994823 -5.303268909 -0.992024004 0.019841105 -0.124477759 80.529869080
-0.121544145 0.070271216 0.990095377 77.091362000 0.030670878 0.997280300 -0.067015998 -5.390875340 -0.992112041 0.022221703 -0.123368859 80.374626160
-0.122839421 0.068479396 0.990061164 78.241195679 0.030750582 0.997400165 -0.065171711 -5.480839729 -0.991950035 0.022439290 -0.124625809 80.248512268
-0.122612372 0.071567379 0.989870965 79.407493591 0.028228393 0.997244596 -0.068603933 -5.568021297 -0.992053092 0.019530779 -0.124294743 80.108963013
-0.122340955 0.074071772 0.989720225 80.547447205 0.027274584 0.997085512 -0.071251519 -5.659420013 -0.992113292 0.018277230 -0.124004669 79.969055176
-0.122405596 0.074003108 0.989717364 81.720359802 0.026443569 0.997105420 -0.071285047 -5.732417107 -0.992127836 0.017445950 -0.124008201 79.834518433
-0.122309200 0.070019253 0.990019083 82.881645203 0.025939079 0.997393072 -0.067336194 -5.833096981 -0.992152929 0.017444331 -0.123806588 79.692543030
-0.121122450 0.069075845 0.990231216 84.051574707 0.026702017 0.997441590 -0.066312678 -5.916833401 -0.992278337 0.018409213 -0.122657023 79.544082642
-0.120385826 0.069117390 0.990318179 85.227630615 0.028786689 0.997396827 -0.066112056 -6.006991386 -0.992309749 0.020549040 -0.122062109 79.404708862
-0.119273245 0.069160663 0.990449786 86.391723633 0.030524943 0.997354686 -0.065966904 -6.091535568 -0.992392123 0.022365328 -0.121068887 79.258445740
-0.118912749 0.068383336 0.990547061 87.584754944 0.030141545 0.997414291 -0.065238997 -6.179014683 -0.992447019 0.022098893 -0.120666474 79.128944397
-0.117147230 0.068266228 0.990765512 88.760528564 0.032221064 0.997370660 -0.064911544 -6.275155067 -0.992591619 0.024319312 -0.119038835 78.975273132
-0.116424754 0.066700608 0.990957320 89.954689026 0.032302633 0.997468770 -0.063343763 -6.352337360 -0.992674112 0.024635773 -0.118284680 78.842002869
-0.115142092 0.065195650 0.991207361 91.155899048 0.030926995 0.997595310 -0.062023252 -6.445086479 -0.992867529 0.023513567 -0.116881534 78.700386047
-0.113188587 0.064904630 0.991451323 92.365585327 0.032021631 0.997583926 -0.061650373 -6.521682739 -0.993057370 0.024769770 -0.114993468 78.545051575
-0.111408032 0.065640949 0.991604507 93.577445984 0.030346457 0.997575521 -0.062626757 -6.606491566 -0.993311226 0.023114560 -0.113129877 78.410850525
-0.110101856 0.068644889 0.991547048 94.795127869 0.030508639 0.997375488 -0.065660708 -6.682472229 -0.993451953 0.023021385 -0.111907154 78.270523071
-0.108985528 0.067597605 0.991742313 96.020881653 0.028471721 0.997488141 -0.064860418 -6.760604858 -0.993635476 0.021167737 -0.110636368 78.137557983
-0.108449325 0.065821342 0.991920531 97.242393494 0.025300896 0.997665167 -0.063436359 -6.850286961 -0.993779957 0.018216819 -0.109861448 78.006431580
-0.108132586 0.067549244 0.991838813 98.470726013 0.022344517 0.997601986 -0.065505698 -6.920754433 -0.993885279 0.015078829 -0.109382652 77.870635986
-0.108196065 0.066565916 0.991898417 99.701751709 0.020339891 0.997695148 -0.064736247 -7.007835388 -0.993921518 0.013170904 -0.109300636 77.736381531
-0.109458171 0.063897073 0.991935670 100.935195923 0.017787822 0.997897804 -0.062318292 -7.102848053 -0.993832231 0.010823126 -0.110364668 77.605590820
-0.110991977 0.062115666 0.991878211 102.189453125 0.015749296 0.998029411 -0.060738523 -7.193664551 -0.993696511 0.008879901 -0.111751527 77.474395752
-0.111932226 0.061507288 0.991810501 103.429687500 0.013356712 0.998085558 -0.060389027 -7.272277355 -0.993626118 0.006487876 -0.112539493 77.329353333
-0.114012033 0.061674964 0.991563201 104.670448303 0.013963534 0.998072088 -0.060474254 -7.357318401 -0.993381262 0.006950952 -0.114653453 77.196609497
-0.116321683 0.059776131 0.991411150 105.921348572 0.012299869 0.998197377 -0.058742158 -7.441161633 -0.993135393 0.005361238 -0.116847247 77.052001953
-0.120361529 0.054532692 0.991231203 107.174919128 0.010311163 0.998504817 -0.053680807 -7.521682739 -0.992676556 0.003759652 -0.120743871 76.922660828
-0.123687781 0.055072177 0.990791738 108.409820557 0.010625396 0.998475075 -0.054172799 -7.591473579 -0.992264330 0.003827043 -0.124084331 76.764396667
-0.129492477 0.061790165 0.989653289 109.648376465 0.005951312 0.998087049 -0.061538022 -7.657850266 -0.991562665 -0.002078982 -0.129612476 76.622718811
-0.136442780 0.064460807 0.988548577 110.878852844 0.007884829 0.997919858 -0.063983589 -7.748636723 -0.990616500 -0.000935562 -0.136667252 76.455734253
-0.145382881 0.060494348 0.987524390 112.119964600 0.010368511 0.998167336 -0.059619859 -7.830695629 -0.989321172 0.001571449 -0.145743713 76.271598816
-0.156233400 0.058056917 0.986012399 113.331367493 0.011514674 0.998310149 -0.056956518 -7.919978619 -0.987652957 0.002455096 -0.156637907 76.081008911
-0.169187292 0.059490211 0.983786821 114.556106567 0.012001952 0.998227000 -0.058299374 -7.994884014 -0.985510945 0.001943852 -0.169601291 75.877975464
-0.183300883 0.059272889 0.981268287 115.774253845 0.014547541 0.998234868 -0.057580277 -8.083660126 -0.982949138 0.003720553 -0.183839634 75.657775879
-0.198096246 0.057006717 0.978523433 116.966606140 0.014479367 0.998368561 -0.055231575 -8.165514946 -0.980075598 0.003227233 -0.198598489 75.427856445
-0.213215739 0.059860613 0.975169599 118.160621643 0.018437279 0.998189986 -0.057242498 -8.239937782 -0.976831317 0.005774465 -0.213933483 75.169616699
-0.229574606 0.063025832 0.971248209 119.318176270 0.018816501 0.998002052 -0.060314257 -8.320102692 -0.973109186 0.004428864 -0.230301842 74.929054260
-0.244056344 0.066966593 0.967446089 120.507934570 0.018618874 0.997752488 -0.064367458 -8.405473709 -0.969582379 0.002303504 -0.244754642 74.621116638
-0.259859800 0.064943828 0.963460028 121.719184875 0.014931673 0.997886777 -0.063237138 -8.493465424 -0.965530992 -0.002046722 -0.260280401 74.317504883
-0.275315315 0.059187926 0.959530234 122.873939514 0.009710217 0.998223186 -0.058788549 -8.584129333 -0.961304903 -0.006868143 -0.275400907 73.973724365
-0.291048557 0.055834040 0.955077648 124.031738281 0.006276792 0.998385429 -0.056453068 -8.648490906 -0.956687689 -0.010435761 -0.290929109 73.639839172
-0.306209922 0.057030879 0.950254142 125.188842773 0.003600966 0.998266101 -0.058752004 -8.728336334 -0.951957166 -0.014568611 -0.305884331 73.277030945
-0.320789993 0.059221759 0.945297122 126.338562012 0.004019087 0.998119473 -0.061167125 -8.807188034 -0.947141767 -0.015822567 -0.320424765 72.903999329
-0.334363282 0.061429422 0.940440238 127.447235107 0.005216893 0.997978747 -0.063333035 -8.890821457 -0.942429900 -0.016270032 -0.334008008 72.508270264
-0.348881781 0.061272226 0.935161591 128.570770264 0.007415742 0.998009682 -0.062623464 -8.977752686 -0.937137425 -0.014913270 -0.348641723 72.105712891
-0.362077475 0.059174433 0.930267751 129.691986084 0.007274951 0.998131990 -0.060659710 -9.064382553 -0.932119548 -0.015195866 -0.361831665 71.659034729
-0.376236290 0.058104418 0.924699903 130.803405762 0.007129399 0.998183608 -0.059821054 -9.142276764 -0.926496387 -0.015914274 -0.375967115 71.208892822
-0.391792685 0.058242138 0.918208241 131.900344849 0.004462946 0.998102963 -0.061405547 -9.245748520 -0.920042694 -0.019960318 -0.391309351 70.766464233
-0.406608999 0.060767412 0.911579132 132.985260010 0.005388699 0.997927725 -0.064119920 -9.327524185 -0.913586318 -0.021159522 -0.406093776 70.286254883
-0.421143532 0.061877012 0.904880822 134.063949585 0.005784396 0.997833073 -0.065541089 -9.414104462 -0.906975508 -0.022368029 -0.420588881 69.795783997
-0.435524613 0.064930767 0.897831976 135.130386353 0.009685807 0.997675478 -0.067452960 -9.502065659 -0.900124729 -0.020681195 -0.435141087 69.288429260
-0.450791419 0.067301199 0.890088499 136.210205078 0.007472781 0.997403204 -0.071630813 -9.594284058 -0.892597973 -0.025639117 -0.450123757 68.760490417
-0.464799821 0.070247672 0.882624745 137.258209229 0.009718578 0.997192383 -0.074248157 -9.678103447 -0.885362506 -0.025932670 -0.464177579 68.191566467
-0.481118053 0.066654555 0.874118209 138.353988647 0.006801723 0.997359216 -0.072308391 -9.779592514 -0.876629472 -0.028843364 -0.480300844 67.629379272
-0.496972948 0.063107885 0.865468323 139.410705566 0.005142066 0.997548640 -0.069786184 -9.861150742 -0.867750883 -0.030231543 -0.496079266 67.026977539
-0.512786329 0.063089766 0.856194913 140.465896606 0.003876751 0.997456133 -0.071176924 -9.952516556 -0.858507395 -0.033179302 -0.511726618 66.424354553
-0.528796613 0.062581621 0.846438348 141.523696899 0.002776913 0.997400045 -0.072008215 -10.036006927 -0.848744094 -0.035727207 -0.527595580 65.789733887
-0.544844985 0.061042450 0.836312056 142.552398682 0.001676407 0.997424066 -0.071709864 -10.131008148 -0.838535190 -0.037668757 -0.543543696 65.131744385
-0.559899032 0.060753044 0.826330543 143.571777344 0.000699442 0.997342646 -0.072852165 -10.227775574 -0.828560591 -0.040211886 -0.558453560 64.445526123
-0.575241029 0.060371373 0.815753162 144.602859497 0.000532084 0.997300029 -0.073431894 -10.315833092 -0.817983866 -0.041806985 -0.573719978 63.732452393
-0.590292752 0.057915855 0.805108845 145.597503662 -0.000152003 0.997414649 -0.071860902 -10.405971527 -0.807189226 -0.042541355 -0.588757873 63.012763977
-0.605269790 0.054298788 0.794166386 146.601486206 -0.000298379 0.997655213 -0.068439156 -10.501853943 -0.796020448 -0.041661110 -0.603834271 62.261230469
-0.620145380 0.052743029 0.782711864 147.598785400 0.000443680 0.997760773 -0.066882566 -10.591885567 -0.784486771 -0.041129645 -0.618780136 61.486419678
-0.634668827 0.051384453 0.771073997 148.566162109 -0.000115078 0.997780740 -0.066586941 -10.684877396 -0.772784233 -0.042349394 -0.633254349 60.701931000
-0.649511635 0.051915959 0.758577168 149.526351929 -0.002078738 0.997541249 -0.070050195 -10.779207230 -0.760348856 -0.047075313 -0.647806764 59.899387360
-0.664547563 0.051485490 0.745470107 150.472122192 -0.004049964 0.997360706 -0.072492488 -10.872348785 -0.747235000 -0.051193833 -0.662585139 59.075492859
-0.680453181 0.048163835 0.731207013 151.418365479 -0.006353360 0.997412443 -0.071610868 -10.963844299 -0.732764006 -0.053373460 -0.678386450 58.228485107
-0.696754634 0.040520057 0.716164112 152.335998535 -0.010345070 0.997731745 -0.066515639 -11.057146072 -0.717234969 -0.053753845 -0.694755018 57.372314453
-0.713482738 0.038051449 0.699638903 153.240097046 -0.011445783 0.997758090 -0.065937601 -11.149178505 -0.700579286 -0.055053253 -0.711447597 56.477642059
-0.730781138 0.035453711 0.681690454 154.127639771 -0.013410503 0.997711837 -0.066265740 -11.235729218 -0.682480037 -0.057567570 -0.728633642 55.559288025
-0.748007059 0.031650901 0.662935555 154.989059448 -0.016843015 0.997635245 -0.066635028 -11.325428963 -0.663476944 -0.061009306 -0.745705068 54.624591827
-0.764568865 0.029540332 0.643864870 155.829620361 -0.016920034 0.997685015 -0.065865509 -11.417451859 -0.644319952 -0.061252937 -0.762299001 53.660099030
-0.780440092 0.031490207 0.624437273 156.640930176 -0.015041463 0.997496128 -0.069102734 -11.514227867 -0.625049591 -0.063322991 -0.778012156 52.671028137
-0.795471549 0.031033823 0.605195761 157.426940918 -0.011978231 0.997687459 -0.066904612 -11.606072426 -0.605872452 -0.060469911 -0.793260336 51.667720795
-0.809949934 0.032024324 0.585624039 158.193420410 -0.008458875 0.997766435 -0.066261038 -11.703152657 -0.586438060 -0.058621850 -0.807869971 50.633243561
-0.824157834 0.033305511 0.565380037 158.929458618 -0.006817154 0.997613728 -0.068705022 -11.801112175 -0.566319048 -0.060478061 -0.821964085 49.586425781
-0.837904394 0.034671620 0.544714928 159.644409180 -0.006309702 0.997298419 -0.073184855 -11.898271561 -0.545780778 -0.064758897 -0.835421860 48.524852753
-0.850663841 0.035260025 0.524526298 160.331405640 -0.003770379 0.997313261 -0.073156737 -11.993977547 -0.525696516 -0.064209439 -0.848245442 47.442546844
-0.862193346 0.033178084 0.505491495 160.990951538 -0.003207600 0.997475386 -0.070940651 -12.089110374 -0.506568968 -0.062785968 -0.859910369 46.342815399
-0.872657001 0.035454202 0.487044901 161.638732910 0.000175783 0.997383654 -0.072289109 -12.192926407 -0.488333583 -0.062997982 -0.870380104 45.224720001
-0.882344246 0.037816133 0.469082803 162.249603271 0.002439076 0.997120142 -0.075797126 -12.292500496 -0.470598340 -0.065735012 -0.879895508 44.130714417
-0.891138315 0.035948105 0.452305466 162.859832764 0.000890059 0.996993124 -0.077484891 -12.399737358 -0.453730941 -0.068647176 -0.888490736 42.970325470
-0.899085224 0.032867841 0.436538070 163.424621582 -0.000840840 0.997046053 -0.076801389 -12.506234169 -0.437772930 -0.069418073 -0.896401763 41.816444397
-0.906445384 0.030418320 0.421226323 164.009841919 -0.002069755 0.997070789 -0.076456137 -12.632118225 -0.422318161 -0.070175156 -0.903727293 40.658645630
-0.912583351 0.028801862 0.407875091 164.511474609 -0.002706267 0.997068822 -0.076462440 -12.721813202 -0.408881813 -0.070882156 -0.909830451 39.501609802
-0.918687344 0.025963530 0.394131362 165.028228760 -0.004262872 0.997127414 -0.075622484 -12.830336571 -0.394962609 -0.071153529 -0.915937722 38.312690735
-0.924486160 0.021553155 0.380605847 165.555740356 -0.006356392 0.997390091 -0.071920335 -12.935213089 -0.381162584 -0.068908632 -0.921936333 37.140472412
-0.929364204 0.018393744 0.368705601 166.050033569 -0.007650711 0.997583747 -0.069051273 -13.032503128 -0.369084895 -0.066994637 -0.926977873 35.912796021
-0.933688521 0.018465960 0.357609838 166.527297974 -0.005349540 0.997838616 -0.065492749 -13.131022453 -0.358046323 -0.063062869 -0.931571722 34.720260620
-0.936997831 0.022729866 0.348594874 166.995712280 -0.001096248 0.997684717 -0.067999884 -13.211353302 -0.349333435 -0.064097904 -0.934803486 33.504592896
-0.938973904 0.027968157 0.342849284 167.429061890 0.004455523 0.997594476 -0.069176912 -13.315789223 -0.343959302 -0.063427739 -0.936839819 32.288059235
-0.941156447 0.030586490 0.336584300 167.889404297 0.006697548 0.997388780 -0.071908243 -13.410105705 -0.337904781 -0.065422617 -0.938903689 31.054119110
-0.942709327 0.028699024 0.332378298 168.319671631 0.005520092 0.997498453 -0.070472091 -13.513387680 -0.333569229 -0.064599946 -0.940509677 29.857217789
-0.944657445 0.021224983 0.327370733 168.775634766 -0.000738437 0.997764647 -0.066820607 -13.610523224 -0.328057230 -0.063364334 -0.942530334 28.611576080
-0.946504831 0.014251295 0.322374731 169.205398560 -0.007035975 0.997875392 -0.064771228 -13.708902359 -0.322612762 -0.063574500 -0.944393575 27.421625137
-0.947900832 0.007908935 0.318467408 169.640869141 -0.014092988 0.997672081 -0.066723540 -13.798880577 -0.318253696 -0.067735463 -0.945582628 26.151964188
-0.949198067 0.005306718 0.314634234 170.046920776 -0.017352823 0.997453690 -0.069173887 -13.889156342 -0.314200073 -0.071119532 -0.946689129 24.985170364
-0.949605465 0.005617975 0.313397080 170.454025269 -0.017609937 0.997304022 -0.071236551 -13.985336304 -0.312952369 -0.073165528 -0.946946502 23.742078781
-0.950297952 0.006109738 0.311281770 170.867156982 -0.017727736 0.997123480 -0.073691390 -14.087610245 -0.310836613 -0.075547121 -0.947456181 22.566648483
-0.950394511 0.008800143 0.310922652 171.280548096 -0.015473235 0.997024536 -0.075515993 -14.187771797 -0.310662091 -0.076580964 -0.947430491 21.347835541
-0.949767947 0.009754239 0.312802613 171.661621094 -0.015124250 0.996915817 -0.077009231 -14.295074463 -0.312588960 -0.077871822 -0.946691096 20.160156250
-0.949242413 0.010195483 0.314379990 172.064056396 -0.015336634 0.996785700 -0.078633837 -14.409276962 -0.314171135 -0.079464093 -0.946034849 18.917549133
-0.948777556 0.011690281 0.315728337 172.474716187 -0.013672452 0.996859729 -0.077996455 -14.514422417 -0.315648705 -0.078318082 -0.945638418 17.758049011
-0.947808981 0.011505992 0.318630934 172.882598877 -0.014222579 0.996828139 -0.078303091 -14.623206139 -0.318521261 -0.078748137 -0.944639027 16.536529541
-0.946939647 0.009927332 0.321257919 173.310836792 -0.016187519 0.996781349 -0.078516282 -14.730082512 -0.321003377 -0.079550549 -0.943731189 15.368278503
-0.945441127 0.008025113 0.325693876 173.730819702 -0.017748494 0.996943235 -0.076085955 -14.842314720 -0.325308949 -0.077715367 -0.942408860 14.175300598
-0.943479061 0.005294356 0.331389874 174.160110474 -0.020171329 0.997101724 -0.073358417 -14.942330360 -0.330817729 -0.075896718 -0.940637708 12.994701385
-0.941048145 0.003914769 0.338249922 174.593261719 -0.021019511 0.997324049 -0.070021190 -15.046613693 -0.337618887 -0.073003173 -0.938447595 11.808502197
-0.938377202 0.004861197 0.345578581 175.022903442 -0.020445010 0.997369230 -0.069545798 -15.154788017 -0.345007479 -0.072325543 -0.935809195 10.641315460
-0.935351729 0.005519316 0.353675872 175.475921631 -0.020594336 0.997332394 -0.070028931 -15.242897034 -0.353118867 -0.072785392 -0.932742953 9.467796326
-0.931603730 0.007907420 0.363389611 175.926162720 -0.019653132 0.997205019 -0.072083078 -15.347679138 -0.362943828 -0.074294612 -0.928844452 8.299892426
-0.927410245 0.008739914 0.373943627 176.402420044 -0.019264707 0.997284055 -0.071086846 -15.448801041 -0.373549342 -0.073130578 -0.924723089 7.116500854
-0.922792733 0.011177213 0.385134667 176.905334473 -0.017966161 0.997243583 -0.071988985 -15.555030823 -0.384877741 -0.073350295 -0.920048296 5.944221497
-0.916815579 0.013261667 0.399090767 177.394714355 -0.017291082 0.997192383 -0.072858527 -15.655836105 -0.398936421 -0.073698536 -0.914012194 4.780490875
-0.910864115 0.015140270 0.412428439 177.923263550 -0.016561503 0.997181118 -0.073183276 -15.751923561 -0.412373841 -0.073490463 -0.908045650 3.611854553
-0.904897213 0.014491028 0.425383449 178.473449707 -0.017116155 0.997372925 -0.070386678 -15.853374481 -0.425285965 -0.070973620 -0.902271867 2.458137512
-0.898236692 0.017607810 0.439159244 179.028869629 -0.014947538 0.997395337 -0.070562974 -15.954470634 -0.439257771 -0.069946617 -0.895633876 1.303863525
-0.891449988 0.019834872 0.452684760 179.600906372 -0.013190219 0.997482061 -0.069680601 -16.050273895 -0.452927142 -0.068087779 -0.888943851 0.170600891
-0.884112060 0.021533625 0.466778457 180.189315796 -0.011277959 0.997663200 -0.067385882 -16.145366669 -0.467138767 -0.064840972 -0.881803274 -0.953544617
-0.876691461 0.023360392 0.480485320 180.788360596 -0.008763541 0.997878909 -0.064505130 -16.240564346 -0.480973005 -0.060761858 -0.874627292 -2.045738220
-0.868774712 0.026327970 0.494507462 181.401473999 -0.005444646 0.998017490 -0.062700659 -16.331604004 -0.495177865 -0.057165153 -0.866908967 -3.119132996
-0.859889328 0.029647797 0.509618878 182.024246216 -0.001810688 0.998128593 -0.061122742 -16.422332764 -0.510477245 -0.053481564 -0.858226478 -4.175300598
-0.849287093 0.032611836 0.526923001 182.656234741 0.001195949 0.998206496 -0.059852488 -16.510190964 -0.527929902 -0.050201770 -0.847802937 -5.232513428
-0.838832617 0.035720542 0.543216228 183.315658569 0.004509571 0.998266697 -0.058679853 -16.595626831 -0.544370651 -0.046772905 -0.837539732 -6.249908447
-0.827420950 0.037815552 0.560307622 184.008163452 0.006499219 0.998308182 -0.057778981 -16.682281494 -0.561544538 -0.044165973 -0.826266825 -7.288307190
-0.816004932 0.040032282 0.576657057 184.716796875 0.008075340 0.998291075 -0.057875566 -16.761159897 -0.577988505 -0.042570047 -0.814933777 -8.276123047
-0.803446472 0.042499226 0.593858302 185.436599731 0.010179643 0.998283863 -0.057669483 -16.844461441 -0.595289946 -0.040289067 -0.802500367 -9.260467529
-0.789789379 0.043898951 0.611805141 186.181427002 0.012541734 0.998382866 -0.055446785 -16.922603607 -0.613249898 -0.036118198 -0.789062679 -10.231079102
-0.774612129 0.045598093 0.630790710 186.939422607 0.014816746 0.998432159 -0.053978853 -17.005180359 -0.632263064 -0.032466404 -0.774073243 -11.184524536
-0.758180082 0.048387334 0.650247335 187.712158203 0.016654568 0.998354495 -0.054872274 -17.084968567 -0.651832521 -0.030773472 -0.757738352 -12.098243713
