0.999943912 0.000456333 0.010574467 -0.158218056 -0.000481179 0.999997139 0.002347122 0.005156365 -0.010573367 -0.002352079 0.999941289 -0.285735488
0.999746740 0.001351067 0.022463251 0.020682732 -0.001444371 0.999990404 0.004137948 -0.003819225 -0.022457445 -0.004169345 0.999739110 1.068795919
0.999495149 0.001551287 0.031734582 -0.122965053 -0.001747865 0.999979436 0.006167656 0.004072647 -0.031724371 -0.006220011 0.999477267 0.863247991
0.999104381 0.002047375 0.042262439 -0.096712425 -0.002392582 0.999964178 0.008119227 0.004043702 -0.042244297 -0.008213070 0.999073565 1.464207888
0.998589635 0.001380170 0.053073686 -0.064014688 -0.001881192 0.999954045 0.009391319 0.006279192 -0.053058300 -0.009477917 0.998546422 2.079850912
0.998005569 0.000739054 0.063120842 -0.549813747 -0.001437992 0.999938250 0.011028295 0.047041740 -0.063108779 -0.011097069 0.997944951 0.988244176
0.997206509 0.001745089 0.074673362 -1.072914600 -0.002778879 0.999901652 0.013742511 0.119569257 -0.074642040 -0.013911631 0.997113347 0.314955086
0.996232748 0.002498853 0.086685352 -1.014869690 -0.004026941 0.999839485 0.017457599 0.122660927 -0.086627811 -0.017740902 0.996082783 1.051060438
0.995117605 0.002089849 0.098673880 -1.463431597 -0.004204069 0.999765933 0.021223282 0.192209557 -0.098606430 -0.021534495 0.994893491 0.559107304
0.993703127 0.001808740 0.112030700 -1.216603756 -0.004472604 0.999713063 0.023531213 0.172540694 -0.111956008 -0.023884110 0.993426085 1.704065204
0.991985619 0.001442675 0.126342729 -1.119067669 -0.004482149 0.999707282 0.023776393 0.177612558 -0.126271442 -0.024152126 0.991701663 2.480756760
0.990014672 0.002001067 0.140949517 -0.509548724 -0.005269330 0.999725699 0.022818075 0.116498999 -0.140865192 -0.023332940 0.989753783 4.319872856
0.987516999 0.001738078 0.157503068 -0.884650767 -0.005140762 0.999762058 0.021199115 0.189641267 -0.157428712 -0.021744175 0.987290919 4.028594017
0.984023929 0.003502922 0.178002387 -0.900485873 -0.007105629 0.999782443 0.019606184 0.214063004 -0.177894995 -0.020557772 0.983834743 4.493788719
0.979117572 0.006388007 0.203194529 -0.735230803 -0.010332661 0.999778092 0.018358272 0.214150548 -0.203032166 -0.020074442 0.978966296 5.276618481
0.972341001 0.008596642 0.233406916 -0.689913273 -0.013099508 0.999756813 0.017748581 0.238156497 -0.233197570 -0.020315195 0.972217143 5.862279892
0.963950872 0.009892725 0.265896022 -0.469748974 -0.014939044 0.999744475 0.016962668 0.240272045 -0.265660256 -0.020323414 0.963852465 6.658761024
0.953782201 0.010464580 0.300316423 -0.569567919 -0.015957411 0.999747097 0.015843157 0.304984719 -0.300074756 -0.019903192 0.953708053 7.030957699
0.943420887 0.009364500 0.331465244 -0.059250355 -0.014871487 0.999790251 0.014081527 0.255475074 -0.331263810 -0.018214194 0.943362355 8.058183670
0.931247175 0.011746560 0.364198744 -0.060640812 -0.017055705 0.999789953 0.011364626 0.319860041 -0.363988757 -0.016794946 0.931251884 8.586199760
0.919306040 0.012766795 0.393336326 0.389518499 -0.017285021 0.999819040 0.007946728 0.278605938 -0.393163681 -0.014104299 0.919360340 9.395320892
0.905781388 0.011077843 0.423600465 0.694006205 -0.013815748 0.999898732 0.003393114 0.284305304 -0.423520029 -0.008925776 0.905842721 10.142689705
0.891895354 0.007533903 0.452179074 1.027477264 -0.007352816 0.999970615 -0.002157863 0.284291238 -0.452182055 -0.001400201 0.891924560 10.851350784
0.877640545 0.003116939 0.479309469 1.442850113 0.000432513 0.999973297 -0.007294759 0.264318436 -0.479319423 0.006609482 0.877615631 11.580318451
0.862575233 0.000460831 0.505928397 1.812925339 0.006390972 0.999909878 -0.011806970 0.263052762 -0.505888343 0.013417774 0.862494707 12.329726219
0.848033845 -0.005141743 0.529917121 2.144253254 0.015757265 0.999755442 -0.015516025 0.244603798 -0.529707849 0.021508161 0.847907424 12.831351280
0.833226442 -0.005887600 0.552900493 2.748987675 0.023002792 0.999446690 -0.024022747 0.201859027 -0.552453220 0.032734644 0.832900822 13.720249176
0.818073153 -0.000756282 0.575113654 3.223497391 0.027784593 0.998883426 -0.038208779 0.159216344 -0.574442625 0.047236864 0.817180753 14.387590408
0.802774847 0.009108838 0.596212745 3.589557648 0.029516617 0.998050451 -0.054990903 0.121191978 -0.595551312 0.061743487 0.800940871 14.878137589
0.786748946 0.019375011 0.616968930 4.242352486 0.030555813 0.997059524 -0.070275486 0.049759507 -0.616516352 0.074141152 0.783843517 15.698669434
0.770394146 0.023066420 0.637150526 4.655428886 0.035809994 0.996202350 -0.079363726 -0.001246929 -0.636561453 0.083957702 0.766642392 16.183576584
0.753754079 0.024663970 0.656693459 5.073165417 0.039264284 0.995819867 -0.082468435 -0.059628487 -0.655982494 0.087945536 0.749634922 16.659116745
0.737165987 0.021867258 0.675357819 5.895285606 0.043611404 0.995852649 -0.079847164 -0.175786734 -0.674302876 0.088313915 0.733155012 17.556438446
0.721572757 0.016797120 0.692134857 6.353951454 0.046774536 0.996238768 -0.072941244 -0.231707215 -0.690756798 0.085006699 0.718073130 18.022960663
0.707440734 0.007908848 0.706728399 7.133008003 0.055697303 0.996203780 -0.066901758 -0.343669057 -0.704574585 0.086691894 0.704314649 18.805988312
0.696223557 0.006256167 0.717797816 7.597093105 0.058640130 0.996124148 -0.065559648 -0.400017381 -0.715425730 0.087735929 0.693158269 19.250526428
0.687079668 0.006787462 0.726550519 8.449895859 0.061937395 0.995769441 -0.067875065 -0.506031036 -0.723937333 0.091636233 0.683752418 20.058607101
0.678924084 0.008289019 0.734161675 8.872136116 0.063480191 0.995528996 -0.069943964 -0.534448385 -0.731459081 0.094091371 0.675362468 20.389970779
0.669809103 0.014570797 0.742390335 9.373554230 0.058187842 0.995702922 -0.072041519 -0.599194109 -0.740249932 0.091452152 0.666082978 20.847101212
0.660340190 0.014620175 0.750824332 10.124522209 0.057607833 0.995878160 -0.070057221 -0.697018266 -0.748753846 0.089514948 0.656776071 21.528989792
0.652667999 0.013715275 0.757519960 10.643690109 0.060295731 0.995724618 -0.069978006 -0.757011712 -0.755240977 0.091347620 0.649050653 21.968593597
0.646227777 0.012877036 0.763035893 11.172019958 0.064017884 0.995418668 -0.071016558 -0.823533595 -0.760454774 0.094740815 0.642442763 22.410778046
0.642640352 0.015538733 0.766010582 11.979988098 0.064355068 0.995166361 -0.074177548 -0.896991849 -0.763460577 0.096966155 0.638533890 23.091661453
0.643142104 0.018159986 0.765531480 12.552303314 0.063909978 0.994957745 -0.077294819 -0.950521827 -0.763075233 0.098636642 0.638738692 23.567497253
0.646015942 0.015995130 0.763156295 13.235847473 0.065510750 0.994929850 -0.076308116 -1.024769306 -0.760507524 0.099291205 0.641692698 24.120740891
0.651368856 0.016207853 0.758588076 13.844121933 0.063906230 0.995047510 -0.076133683 -1.100037575 -0.756065249 0.098069616 0.647107124 24.647861481
0.657534063 0.016199283 0.753250599 14.432464600 0.062507920 0.995149195 -0.075966455 -1.170915604 -0.750827312 0.097034656 0.653331816 25.177238464
0.664052606 0.017601738 0.747478604 15.376691818 0.060000647 0.995244145 -0.076740138 -1.289771914 -0.745274484 0.095808715 0.659838378 26.053401947
0.669624925 0.018533984 0.742468178 16.012140274 0.057348657 0.995413482 -0.076570377 -1.369410634 -0.740481973 0.093852967 0.665490925 26.639362335
0.672692955 0.022908965 0.739567101 16.730447769 0.051106498 0.995694995 -0.077328101 -1.453184247 -0.738154650 0.089814760 0.668626070 27.378929138
0.674131989 0.025388421 0.738174379 17.391033173 0.046478797 0.995970249 -0.076701328 -1.529192209 -0.737146914 0.086016297 0.670235455 27.989198685
0.674268723 0.025479523 0.738046408 18.128244400 0.044429090 0.996194601 -0.074981347 -1.619925976 -0.737148345 0.083348297 0.670570910 28.594440460
0.673848093 0.025249800 0.738438308 18.845783234 0.043943357 0.996277153 -0.074165933 -1.703053117 -0.737561882 0.082426012 0.670230091 29.241764069
0.671459973 0.025752004 0.740593255 19.508119583 0.043228198 0.996332943 -0.073837534 -1.783542752 -0.739778876 0.081593461 0.667884469 30.015321732
0.671026766 0.026439579 0.740961611 20.218797684 0.042208113 0.996381104 -0.073777989 -1.859730721 -0.740230739 0.080781601 0.667482316 30.668495178
0.669702470 0.025041923 0.742207170 20.918472290 0.042896628 0.996458113 -0.072326459 -1.947593331 -0.741389573 0.080275409 0.666256249 31.426496506
0.669539034 0.025616163 0.742335081 21.662755966 0.041934293 0.996507645 -0.072209105 -2.034555912 -0.741592288 0.079476111 0.666126490 32.098194122
0.669550836 0.025685003 0.742321968 22.371444702 0.040975433 0.996602774 -0.071441904 -2.106897354 -0.741635025 0.078250960 0.666223884 32.725460052
0.669209599 0.026726510 0.742592931 23.117393494 0.039371591 0.996673822 -0.071351960 -2.190735102 -0.742029905 0.076986492 0.665931523 33.407234192
0.670122623 0.026509458 0.741776824 23.904048920 0.039089747 0.996714771 -0.070934132 -2.286291599 -0.741220295 0.076530442 0.666884899 34.113708496
0.670940220 0.025609335 0.741069078 24.660737991 0.038654629 0.996836603 -0.069444634 -2.376760483 -0.740503252 0.075238943 0.667827845 34.813049316
0.672503293 0.024672654 0.739682674 25.403657913 0.037392609 0.997034907 -0.067253381 -2.467642069 -0.739148855 0.072886780 0.669586837 35.496219635
0.674887598 0.020942351 0.737623453 26.224487305 0.038767248 0.997210562 -0.063782498 -2.602630377 -0.736901522 0.071641646 0.672193050 36.224864960
0.677277744 0.021069353 0.735425711 26.998559952 0.038663663 0.997189343 -0.064175315 -2.671945572 -0.734710813 0.071898758 0.674559534 36.932628632
0.678910613 0.020080945 0.733946264 27.730810165 0.039302129 0.997198820 -0.063638613 -2.771721125 -0.733168304 0.072050579 0.676219642 37.615364075
0.679590464 0.021008471 0.733290792 28.483016968 0.038799036 0.997161508 -0.064525962 -2.854320288 -0.732564867 0.072302207 0.676846385 38.324928284
0.680622935 0.021636626 0.732314408 29.231309891 0.038955100 0.997081041 -0.065664709 -2.955939531 -0.731597543 0.073220283 0.677793443 38.899394989
0.678300321 0.024302578 0.734382808 29.970859528 0.038095038 0.996945620 -0.068177305 -3.046204805 -0.733796597 0.074221022 0.675302744 39.578716278
0.674350083 0.026286643 0.737943828 30.702732086 0.037075114 0.996900320 -0.069391154 -3.134348392 -0.737480521 0.074153274 0.671285152 40.253173828
0.669066310 0.024510687 0.742798448 31.442893982 0.038287409 0.996992230 -0.067385398 -3.211313248 -0.742215872 0.073525131 0.666115344 40.957633972
0.664873838 0.022013158 0.746631205 32.223590851 0.039198600 0.997160017 -0.064305864 -3.279918194 -0.745926440 0.072022200 0.662122786 41.620841980
0.659999907 0.022386448 0.750931919 32.968521118 0.037144784 0.997361183 -0.062379710 -3.368289948 -0.750346780 0.069063820 0.657426715 42.281177521
0.656619370 0.022264497 0.753893435 33.797096252 0.039250545 0.997201025 -0.063636094 -3.511263132 -0.753200114 0.071375437 0.653907597 42.957458496
0.651957393 0.025564320 0.757824481 34.524360657 0.038487501 0.997027516 -0.066744380 -3.543511152 -0.757278204 0.072681271 0.649035513 43.585723877
0.647719264 0.027712148 0.761374891 35.263427734 0.037800506 0.996938586 -0.068443850 -3.629720449 -0.760940731 0.073112771 0.644688904 44.215244293
0.644101024 0.029579477 0.764368236 36.002326965 0.036398124 0.996935010 -0.069250509 -3.710841417 -0.764073849 0.072425894 0.641050339 44.854751587
0.641463041 0.027647574 0.766655564 36.755901337 0.038027968 0.996975899 -0.067771621 -3.798335075 -0.766210914 0.072627343 0.638471782 45.467391968
0.638139904 0.023547394 0.769560218 37.510433197 0.036787573 0.997458160 -0.061025959 -3.828591585 -0.769041061 0.067253359 0.635651529 46.132141113
0.636206329 0.016229777 0.771348178 38.262393951 0.036351949 0.998037755 -0.050982524 -3.905682325 -0.770662010 0.060475416 0.634368062 46.752208710
0.633396924 0.010997598 0.773748934 38.985744476 0.039142430 0.998163640 -0.046229593 -4.035400391 -0.772836447 0.059568096 0.631803334 47.395736694
0.632171810 0.015321535 0.774676681 39.721218109 0.039036345 0.997904956 -0.051591989 -4.096690655 -0.773844302 0.062855557 0.630249262 48.007095337
0.630053699 0.019620199 0.776303768 40.426704407 0.040617105 0.997479737 -0.058175310 -4.160068035 -0.775488734 0.068184778 0.627668917 48.601081848
0.630673409 0.012278396 0.775951147 41.145107269 0.049979676 0.997156441 -0.056400880 -4.290143490 -0.774437129 0.074352317 0.628266454 49.135536194
0.630691528 0.009156301 0.775979578 41.881381989 0.053775284 0.997011125 -0.055471227 -4.364060402 -0.774168134 0.076713763 0.628314018 49.728424072
0.631209493 0.008064914 0.775570512 42.618988037 0.052114442 0.997245193 -0.052784134 -4.429250717 -0.773859620 0.073736280 0.629050255 50.340011597
0.631759405 0.005252808 0.775146723 43.383956909 0.050403379 0.997582495 -0.047839887 -4.487159252 -0.773524046 0.069293320 0.629967391 50.950088501
0.632204533 0.003128645 0.774795175 44.117816925 0.046861064 0.998006821 -0.042266894 -4.545160770 -0.773383081 0.063029066 0.630797803 51.562152863
0.633054376 0.007444048 0.774071634 44.813499451 0.038138986 0.998439431 -0.040792741 -4.599905014 -0.773167133 0.055346332 0.631782711 52.132484436
0.634822011 0.011062735 0.772579253 45.538646698 0.030936729 0.998731792 -0.039721530 -4.650251865 -0.772038758 0.049117181 0.633674622 52.740722656
0.635618985 0.010526265 0.771931112 46.244621277 0.032025799 0.998686671 -0.039988872 -4.677138329 -0.771338284 0.050139386 0.634447217 53.347995758
0.638725936 0.008601067 0.769386113 46.974452972 0.036306702 0.998486757 -0.041303169 -4.736515999 -0.768577218 0.054315291 0.637447119 53.945827484
0.643682539 0.007946420 0.765251338 47.721298218 0.039249927 0.998287320 -0.043380920 -4.799013138 -0.764285445 0.057959609 0.642268240 54.570060730
0.650989473 0.003166212 0.759080172 48.431228638 0.045082964 0.998064816 -0.042826325 -4.861298084 -0.757746816 0.062101077 0.649586916 55.159942627
0.657025516 -0.000613677 0.753868103 49.096660614 0.050679609 0.997773528 -0.043357052 -4.906610489 -0.752162933 0.066692442 0.655593693 55.755390167
0.664847851 0.009644422 0.746916533 49.751625061 0.040286239 0.997998357 -0.048746191 -4.878077030 -0.745891690 0.062499255 0.663128555 56.335689545
0.672608435 0.012298137 0.739896238 50.427268982 0.035425544 0.998180330 -0.048795052 -4.920544147 -0.739150107 0.059031192 0.670948982 57.042633057
0.681935668 0.009411638 0.731351614 51.095840454 0.035016328 0.998350501 -0.045497932 -4.983740807 -0.730573475 0.056635905 0.680481255 57.690322876
0.690937221 0.008176116 0.722868502 51.756675720 0.034506444 0.998423278 -0.044275019 -5.059068203 -0.722090721 0.055534884 0.689565718 58.347202301
0.700261891 0.007024049 0.713851631 52.405986786 0.034603331 0.998442233 -0.043768909 -5.111700058 -0.713046908 0.055351350 0.698927879 58.996963501
0.710128665 0.006679897 0.704040170 53.059654236 0.035403017 0.998351276 -0.045181476 -5.154740334 -0.703181267 0.057009812 0.708721280 59.625396729
0.718617797 0.010054313 0.695332587 53.632751465 0.034149781 0.998178959 -0.049726758 -5.226687908 -0.694566250 0.059480000 0.716965735 60.288974762
0.727364957 0.014319908 0.686101437 54.250301361 0.035951588 0.997614324 -0.058935408 -5.287968636 -0.685308516 0.067533992 0.725114763 60.945701599
0.736925006 0.017592622 0.675745547 54.857643127 0.035181932 0.997308314 -0.064331487 -5.357054710 -0.675058365 0.071181513 0.734322429 61.615615845
0.745246649 0.016173964 0.666592717 55.458618164 0.033078965 0.997578025 -0.061186954 -5.430249691 -0.665967882 0.067649573 0.742906690 62.299045563
0.753711760 0.014824080 0.657037735 56.063018799 0.031217890 0.997809410 -0.058323745 -5.498229504 -0.656463087 0.064470626 0.751598001 62.989547729
0.760706961 0.018849993 0.648821712 56.638305664 0.026847294 0.997809172 -0.060465947 -5.573120594 -0.648540020 0.063415974 0.758534312 63.679172516
0.765605628 0.026057897 0.642782211 57.202259064 0.022339994 0.997499704 -0.067046613 -5.651516914 -0.642922163 0.065691017 0.763109267 64.372261047
0.768874228 0.035511900 0.638413131 57.770915985 0.016108008 0.997063816 -0.074861646 -5.723757744 -0.639197111 0.067842752 0.766044676 65.070777893
0.771044552 0.040163156 0.635513246 58.332603455 0.012546919 0.996856987 -0.078222066 -5.802531242 -0.636657417 0.068286441 0.768117309 65.768051147
0.773292780 0.042428136 0.632627964 58.869792938 0.009715472 0.996848583 -0.078730837 -5.877622604 -0.633974671 0.067028254 0.770443559 66.442871094
0.776506782 0.044118527 0.628562450 59.459659576 0.007493149 0.996828675 -0.079223767 -5.965325832 -0.630064309 0.066227704 0.773713648 67.179466248
0.780244529 0.043462753 0.623962760 59.993865967 0.004866398 0.997130752 -0.075541429 -6.045523167 -0.625455678 0.061977241 0.777794302 67.859176636
0.783924401 0.041227214 0.619485974 60.547454834 0.004153343 0.997422218 -0.071634948 -6.127118111 -0.620842397 0.058729321 0.781732380 68.562301636
0.787130058 0.042386144 0.615328908 61.095703125 0.000845472 0.997560859 -0.069797225 -6.193185329 -0.616786480 0.055459742 0.785174310 69.300193787
0.790517569 0.049879264 0.610404849 61.623931885 -0.008097409 0.997442067 -0.071019322 -6.268974304 -0.612385869 0.051199317 0.788899362 70.013984680
0.794166684 0.056567945 0.605061591 62.148597717 -0.015159865 0.997192442 -0.073330827 -6.349040031 -0.607511103 0.049064245 0.792794466 70.734634399
0.798367679 0.057678189 0.599401593 62.650165558 -0.014058416 0.996916175 -0.077204540 -6.420382500 -0.602006137 0.053210966 0.796716511 71.417892456
0.803343654 0.057338923 0.592748642 63.217002869 -0.012247022 0.996734083 -0.079819821 -6.511610031 -0.595389545 0.056863345 0.801422238 72.166893005
0.807188451 0.057113890 0.587524176 63.736175537 -0.013685283 0.996851325 -0.078103080 -6.592559338 -0.590135157 0.055003472 0.805428624 72.896202087
0.811308086 0.053998720 0.582119644 64.252960205 -0.014059323 0.997239232 -0.072911486 -6.676759720 -0.584449708 0.050969470 0.809827507 73.628150940
0.815903842 0.053121362 0.575742185 64.772384644 -0.015507359 0.997422814 -0.070052110 -6.761142254 -0.577979624 0.048227541 0.814624846 74.363426208
0.818914235 0.056843709 0.571093917 65.215103149 -0.017815715 0.997121215 -0.073701575 -6.839540482 -0.573639274 0.050180830 0.817569494 75.061988831
0.822731137 0.057832707 0.565481126 65.714035034 -0.017560054 0.996922076 -0.076408371 -6.918327332 -0.568159401 0.052933663 0.821214259 75.796783447
0.826671720 0.059253063 0.559555948 66.214569092 -0.019350816 0.996845484 -0.076970644 -7.003232479 -0.562351704 0.052801587 0.825210571 76.543769836
0.830760181 0.059201472 0.553473294 66.714004517 -0.020025214 0.996863067 -0.076570310 -7.083018303 -0.556270123 0.052528135 0.829339683 77.300155640
0.835495949 0.053812347 0.546855271 67.202980042 -0.015180049 0.997073770 -0.074922964 -7.171785355 -0.549286783 0.054296546 0.833868027 78.053207397
0.840182781 0.050681788 0.539929807 67.660926819 -0.012165274 0.997134209 -0.074668027 -7.266515255 -0.542166829 0.056166396 0.838391602 78.744300842
0.843891621 0.049914714 0.534186721 68.135902405 -0.012031131 0.997172952 -0.074170016 -7.356845856 -0.536378741 0.056164578 0.842106581 79.502464294
0.847071290 0.056176655 0.528502047 68.612121582 -0.019275138 0.996991098 -0.075080521 -7.421831608 -0.531129658 0.053411610 0.845605373 80.302909851
0.850242019 0.058864027 0.523090422 69.078422546 -0.023182468 0.996951044 -0.074506886 -7.498363495 -0.525881290 0.051222362 0.849014103 81.064422607
0.852464974 0.056338672 0.519739687 69.511985779 -0.020585239 0.997022510 -0.074311689 -7.568745136 -0.522378743 0.052649155 0.851086617 81.801048279
0.855591953 0.052774150 0.514953554 69.970535278 -0.017947506 0.997215688 -0.072378300 -7.680086136 -0.517339468 0.052684169 0.854157031 82.539138794
0.858352184 0.052580375 0.510359406 70.430679321 -0.017239120 0.997128725 -0.073736578 -7.753679276 -0.512771189 0.054493807 0.856794178 83.302909851
0.861338913 0.045767553 0.505965054 70.875358582 -0.011403121 0.997424543 -0.070810661 -7.833124161 -0.507902861 0.055222403 0.859642446 84.060501099
0.864510000 0.035548702 0.501356840 71.327064514 -0.002141365 0.997747123 -0.067052796 -7.940627575 -0.502610922 0.056894220 0.862638533 84.826675415
0.867328405 0.033627242 0.496598989 71.768737793 -0.001070814 0.997838855 -0.065698542 -8.012666702 -0.497735023 0.056450441 0.865490139 85.586708069
0.869220674 0.034991931 0.493184477 72.162460327 -0.002120026 0.997747004 -0.067054689 -8.098054886 -0.494419724 0.057239756 0.867336571 86.282226562
0.871432424 0.036529325 0.489153475 72.588211060 -0.002796394 0.997576892 -0.069515899 -8.163051605 -0.490507632 0.059210543 0.869423032 87.031448364
0.872146606 0.038954105 0.487691402 73.006134033 -0.005819771 0.997580707 -0.069273688 -8.244885445 -0.489210010 0.057578553 0.870263338 87.790458679
0.872302413 0.040409014 0.487294167 73.442062378 -0.008000128 0.997625411 -0.068407387 -8.296113014 -0.488901317 0.055773508 0.870554328 88.569030762
0.872979522 0.037204023 0.486335903 73.873878479 -0.007066811 0.997946858 -0.063656539 -8.365912437 -0.487705648 0.052134007 0.871450126 89.319152832
0.873628736 0.036647569 0.485211074 74.355201721 -0.008974625 0.998203695 -0.059234541 -8.430320740 -0.486510247 0.047394410 0.872388422 90.175865173
0.874219954 0.033723030 0.484357417 74.776107788 -0.006922388 0.998349309 -0.057015073 -8.505283356 -0.485480547 0.046490803 0.873010457 90.934448242
0.874706089 0.038360633 0.483133495 75.204681396 -0.009285123 0.998006105 -0.062430773 -8.555601120 -0.484565049 0.050122619 0.873318076 91.713188171
0.874703884 0.040655654 0.482949525 75.639472961 -0.009601129 0.997733474 -0.066601902 -8.626585960 -0.484562546 0.053620093 0.873111665 92.481559753
0.874141693 0.043248150 0.483741730 76.013290405 -0.012742897 0.997726798 -0.066173211 -8.688927650 -0.485504001 0.051680487 0.872705579 93.228157043
0.874338806 0.043754317 0.483339787 76.411499023 -0.014075024 0.997794867 -0.064864285 -8.771873474 -0.485112041 0.049910344 0.873026550 93.984519958
0.874069810 0.042971320 0.483895957 76.838104248 -0.012423634 0.997731686 -0.066160344 -8.823781013 -0.485641330 0.051817019 0.872621000 94.779235840
0.874682605 0.045348905 0.482570201 77.253189087 -0.013844326 0.997544825 -0.068649434 -8.896025658 -0.484498620 0.053365596 0.873162806 95.531738281
0.873108685 0.057309695 0.484145492 77.599716187 -0.025330238 0.997057974 -0.072344042 -8.942372322 -0.486867189 0.050900683 0.871991694 96.244201660
0.874278903 0.059715610 0.481736928 78.067108154 -0.027604626 0.996914685 -0.073478341 -9.055510521 -0.484638393 0.050942399 0.873229921 97.067451477
0.873443902 0.062445495 0.482904315 78.405929565 -0.028106494 0.996554673 -0.078029789 -9.097571373 -0.486113250 0.054581888 0.872189641 97.734687805
0.874164522 0.059443958 0.481978059 78.846626282 -0.024780387 0.996647179 -0.077975601 -9.196616173 -0.484997272 0.056219894 0.872706711 98.514274597
0.874285400 0.064905040 0.481053382 79.224784851 -0.029687209 0.996314764 -0.080470823 -9.252201080 -0.484503448 0.056073338 0.872990310 99.246986389
0.875495613 0.056093603 0.479959309 79.633529663 -0.020980548 0.996715665 -0.078217022 -9.333129883 -0.482770443 0.058408856 0.873796940 99.979270935
0.877569675 0.049185645 0.476919442 80.041191101 -0.015800579 0.997150481 -0.073763788 -9.414002419 -0.479188740 0.057197250 0.875846267 100.704315186
0.878461957 0.043671653 0.475812376 80.434997559 -0.012708986 0.997597575 -0.068099074 -9.490266800 -0.477643251 0.053775348 0.876906514 101.431625366
0.880225241 0.041988339 0.472694844 80.822692871 -0.011415174 0.997663200 -0.067363322 -9.564085007 -0.474418700 0.053899005 0.878647685 102.157135010
0.883210897 0.042605970 0.467036575 81.228355408 -0.009797961 0.997323692 -0.072453149 -9.634856224 -0.468873650 0.059415419 0.881264627 102.874382019
0.886378109 0.042018596 0.461051226 81.594924927 -0.008231066 0.997145534 -0.075052023 -9.708446503 -0.462888807 0.062729523 0.884193957 103.584831238
0.890137732 0.042101212 0.453742594 81.955886841 -0.008517163 0.997086108 -0.075807489 -9.776526451 -0.455612004 0.063614503 0.887902498 104.304809570
0.896020353 0.035679866 0.442577094 82.351699829 -0.005067349 0.997522891 -0.070159599 -9.855871201 -0.443984121 0.060621735 0.893981636 104.938301086
0.901346803 0.031547572 0.431947589 82.700897217 -0.002102865 0.997650564 -0.068476014 -9.926643372 -0.433092922 0.060812309 0.899295449 105.664962769
0.907578290 0.027494468 0.418981761 83.057731628 0.002092664 0.997545183 -0.069994040 -10.007888794 -0.419877738 0.064401865 0.905292809 106.411499023
0.913639843 0.029063497 0.405484289 83.386306763 -0.000075807 0.997453213 -0.071322650 -10.071165085 -0.406524599 0.065132484 0.911315262 107.118324280
0.919269919 0.025393683 0.392807811 83.696907043 0.002863264 0.997459173 -0.071183078 -10.142816544 -0.393617362 0.066561185 0.916861475 107.848556519
0.924981833 0.024734091 0.379205555 84.017501831 0.002965753 0.997379422 -0.072289348 -10.220037460 -0.379999846 0.067990981 0.922484338 108.545936584
0.930001855 0.029664245 0.366355628 84.292694092 -0.000687714 0.996876538 -0.078972481 -10.294795036 -0.367554009 0.073192596 0.927117527 109.265579224
0.934848011 0.038451008 0.352959812 84.567337036 -0.007632092 0.996065080 -0.088295802 -10.368969917 -0.354965985 0.079849325 0.931462884 109.957839966
0.939539433 0.044478692 0.339539856 84.815277100 -0.012252859 0.995260358 -0.096471265 -10.443786621 -0.342221498 0.086478204 0.935631275 110.679153442
0.943935633 0.044089895 0.327172101 85.061279297 -0.012970619 0.995229483 -0.096695706 -10.526423454 -0.329874635 0.087030880 0.940004468 111.403404236
0.947377741 0.046617992 0.316705108 85.280502319 -0.018001895 0.995532334 -0.092689149 -10.610062599 -0.319611192 0.082110338 0.943984330 112.156463623
0.950671852 0.049240302 0.306265295 85.494247437 -0.022472002 0.995658875 -0.090323798 -10.690087318 -0.309383333 0.078985900 0.947651386 112.840820312
0.953198910 0.054377574 0.297413766 85.703674316 -0.026574820 0.994954765 -0.096741118 -10.774885178 -0.301173776 0.084309809 0.949834824 113.558227539
0.954650342 0.060369372 0.291544527 85.873939514 -0.030750083 0.993982792 -0.105131574 -10.837026596 -0.296136975 0.091398880 0.950762391 114.269104004
0.955402911 0.063405655 0.288418144 86.080589294 -0.033540949 0.993656576 -0.107338339 -10.922915459 -0.293394476 0.092877552 0.951469004 114.981918335
0.955433786 0.063771471 0.288234949 86.298950195 -0.035288483 0.994059265 -0.102960460 -11.011090279 -0.293088585 0.088200539 0.952008188 115.703422546
0.954902947 0.063338690 0.290083617 86.513130188 -0.036009058 0.994474947 -0.098604612 -11.105449677 -0.294726312 0.083712205 0.951907814 116.419487000
0.954121768 0.061351456 0.293065965 86.722808838 -0.034358881 0.994750917 -0.096384011 -11.182804108 -0.297440946 0.081892669 0.951221526 117.115798950
0.953129888 0.061209977 0.296305090 86.934829712 -0.033623260 0.994684756 -0.097322986 -11.247028351 -0.300687283 0.082798705 0.950121880 117.797706604
0.952157557 0.059523996 0.299754351 87.161613464 -0.031639110 0.994777679 -0.097038530 -11.335440636 -0.303965062 0.082912020 0.949068427 118.500473022
0.950514674 0.060996853 0.304632872 87.374206543 -0.033045556 0.994824290 -0.096085712 -11.411884308 -0.308917135 0.081264108 0.947610855 119.158126831
0.948872924 0.061171036 0.309674352 87.586753845 -0.032727335 0.994820833 -0.096230581 -11.491741180 -0.313957095 0.081175774 0.945960581 119.845527649
0.946902990 0.063072473 0.315272570 87.826919556 -0.034743086 0.994900465 -0.094687968 -11.577637672 -0.319637090 0.078706771 0.944265544 120.584655762
0.945152342 0.060789149 0.320923239 88.055686951 -0.032828074 0.995232999 -0.091834538 -11.661580086 -0.324975967 0.076262325 0.942642450 121.270278931
0.943337977 0.061384365 0.326106250 88.307556152 -0.032770131 0.995170474 -0.092529930 -11.727823257 -0.330211252 0.076600455 0.940793753 121.914955139
0.941316128 0.063876025 0.331426799 88.546707153 -0.034451392 0.994983912 -0.093915038 -11.809713364 -0.335763276 0.076985635 0.938795149 122.612525940
0.940114677 0.066220224 0.334363908 88.778999329 -0.035579454 0.994652808 -0.096952356 -11.870909691 -0.338996291 0.079249829 0.937443852 123.174438477
0.939392030 0.067136832 0.336207062 89.021804810 -0.035529755 0.994422853 -0.099301949 -11.952568054 -0.340998799 0.081338108 0.936538219 123.842193604
0.938990414 0.064558104 0.337830305 89.296066284 -0.032313801 0.994440556 -0.100218512 -12.047817230 -0.342422068 0.083187640 0.935856283 124.480461121
0.939301550 0.061639380 0.337510228 89.534065247 -0.029809294 0.994670987 -0.098696232 -12.127227783 -0.341795206 0.082644589 0.936133504 125.149864197
0.941071689 0.056608770 0.333435893 89.779953003 -0.026442779 0.995190024 -0.094326772 -12.217717171 -0.337171823 0.079951286 0.938042104 125.778450012
0.943530142 0.055703260 0.326570243 90.003341675 -0.026224282 0.995227754 -0.093989074 -12.298551559 -0.330247283 0.080117464 0.940488219 126.434295654
0.947229147 0.052713178 0.316193342 90.226684570 -0.023897653 0.995254159 -0.094329759 -12.374478340 -0.319665164 0.081795633 0.943993449 127.128677368
0.951674223 0.049927056 0.303023487 90.420043945 -0.022094427 0.995270789 -0.094594114 -12.443902969 -0.306313187 0.083327673 0.948276639 127.777267456
0.956610560 0.048683777 0.287273377 90.622230530 -0.023063822 0.995500565 -0.091904230 -12.520116806 -0.290455014 0.081290953 0.953429401 128.475723267
0.960855126 0.050921854 0.272331387 90.789825439 -0.028332310 0.995870590 -0.086249053 -12.596431732 -0.275598854 0.075157076 0.958330154 129.134658813
0.965332210 0.049224835 0.256340772 90.967140198 -0.029901924 0.996446550 -0.078741349 -12.671209335 -0.259305924 0.068346493 0.963373840 129.722946167
0.969646454 0.046433598 0.240061566 91.122955322 -0.030249916 0.997041166 -0.070667192 -12.734937668 -0.242632642 0.061260350 0.968182087 130.382202148
0.973666608 0.044958688 0.223499477 91.252883911 -0.031617269 0.997517705 -0.062919185 -12.798313141 -0.225773454 0.054195866 0.972671092 131.010345459
0.977265120 0.044836532 0.207226068 91.378158569 -0.033800509 0.997830570 -0.056494832 -12.854627609 -0.209309474 0.048206083 0.976660609 131.666915894
0.980805337 0.044842608 0.189763218 91.493522644 -0.035322536 0.997955859 -0.053258061 -12.908373833 -0.191763535 0.045532878 0.980384350 132.319793701
0.984244287 0.042286694 0.171682894 91.600936890 -0.033870265 0.998090088 -0.051661078 -12.952169418 -0.173539579 0.045032170 0.983796775 132.948181152
0.987070143 0.043065757 0.154395536 91.689018250 -0.035678804 0.998096645 -0.050301328 -12.994594574 -0.156267926 0.044142291 0.986727834 133.592178345
0.989162862 0.047429133 0.138950542 91.754432678 -0.041092359 0.997995555 -0.048125286 -13.036413193 -0.140954569 0.041893948 0.989129186 134.227020264
0.990903795 0.049713023 0.125052094 91.813247681 -0.044584781 0.998058915 -0.043480180 -13.080409050 -0.126970902 0.037509263 0.991196990 134.863449097
0.992763042 0.044048078 0.111719720 91.933410645 -0.039838977 0.998419702 -0.039633200 -13.129182816 -0.113288932 0.034895573 0.992949128 135.525543213
0.994097292 0.041831490 0.100103870 92.001449585 -0.038124133 0.998524666 -0.038666546 -13.166105270 -0.101573676 0.034621939 0.994225383 136.136383057
0.994848609 0.046431728 0.090112776 92.040397644 -0.042882405 0.998241246 -0.040932778 -13.208263397 -0.091854878 0.036857665 0.995090008 136.755065918
0.995419204 0.051833041 0.080335550 92.076972961 -0.048192244 0.997749686 -0.046615787 -13.249473572 -0.082571007 0.042530712 0.995677233 137.360549927
0.996161103 0.052094709 0.070349567 92.122917175 -0.048167974 0.997245312 -0.056405958 -13.287433624 -0.073094212 0.052800838 0.995926380 137.942855835
0.997109711 0.045568872 0.060792502 92.219833374 -0.041760340 0.997170150 -0.062512301 -13.346090317 -0.063469090 0.059792906 0.996190906 138.497024536
0.997506917 0.045105666 0.054273020 92.249877930 -0.041789263 0.997276962 -0.060762566 -13.382396698 -0.056865983 0.058343049 0.996675611 139.111358643
0.997725666 0.047048151 0.048269458 92.273551941 -0.044526912 0.997651696 -0.052041788 -13.421249390 -0.050604586 0.049774140 0.997477710 139.728515625
0.997678459 0.050532982 0.045654800 92.274230957 -0.048751209 0.998036206 -0.039332878 -13.467869759 -0.047552753 0.037015840 0.998182654 140.270263672
0.997812867 0.050051522 0.043177016 92.301681519 -0.048759524 0.998345494 -0.030475326 -13.511282921 -0.044630919 0.028303381 0.998602509 140.882614136
0.997837663 0.048528552 0.044326250 92.291748047 -0.047167774 0.998398125 -0.031246241 -13.538454056 -0.045771573 0.029087910 0.998528302 141.445571899
0.998057067 0.045174483 0.042908501 92.318389893 -0.043714173 0.998452246 -0.034383010 -13.569295883 -0.044395320 0.032440502 0.998487175 142.051940918
0.998289526 0.041476864 0.041203052 92.334983826 -0.040089559 0.998619318 -0.033944570 -13.605333328 -0.042554077 0.032234691 0.998574018 142.663879395
0.998124957 0.044729739 0.041786332 92.304283142 -0.043430500 0.998559773 -0.031499658 -13.627339363 -0.043135125 0.029625788 0.998629928 143.282867432
0.998191595 0.046075344 0.038609494 92.332290649 -0.044993035 0.998582184 -0.028447766 -13.641212463 -0.039865494 0.026659161 0.998849332 143.913696289
0.998387635 0.044344984 0.035435587 92.371307373 -0.043554317 0.998791218 -0.022781869 -13.675224304 -0.036403008 0.021201758 0.999112248 144.601043701
0.998591900 0.042948689 0.031140659 92.384010315 -0.042336643 0.998902082 -0.020054515 -13.699581146 -0.031967781 0.018707881 0.999313831 145.233535767
0.998784125 0.041887444 0.025993597 92.362632751 -0.041427296 0.998979449 -0.017995451 -13.722430229 -0.026720850 0.016896725 0.999500036 145.838516235
0.999014020 0.040500212 0.018188670 92.364326477 -0.040228024 0.999076545 -0.015089373 -13.742262840 -0.018782996 0.014342798 0.999720693 146.477752686
0.999267578 0.037605263 0.007087354 92.376533508 -0.037505284 0.999201834 -0.013747245 -13.761848450 -0.007598668 0.013471365 0.999880314 147.149673462
0.999196649 0.039882693 -0.003914124 92.356483459 -0.039935231 0.999098182 -0.014417277 -13.792219162 0.003335594 0.014562006 0.999888420 147.784194946
0.999018550 0.041502718 -0.015474530 92.324081421 -0.041771006 0.998975039 -0.017436936 -13.809467316 0.014734989 0.018066209 0.999728203 148.421875000
0.998718739 0.041859284 -0.028441442 92.306388855 -0.042417064 0.998913586 -0.019299295 -13.836262703 0.027602686 0.020480968 0.999409199 149.064941406
0.998367965 0.041070204 -0.039681483 92.236076355 -0.041863639 0.998935461 -0.019375306 -13.859885216 0.038843486 0.021004897 0.999024510 149.718597412
0.997820020 0.040653512 -0.051984996 92.207679749 -0.041509874 0.999017894 -0.015500680 -13.884388924 0.051303782 0.017624779 0.998527586 150.370986938
0.997081161 0.042577822 -0.063373990 92.144912720 -0.043506838 0.998963892 -0.013351660 -13.903759956 0.062739849 0.016069893 0.997900546 151.033859253
0.996435702 0.045458689 -0.071059041 91.924209595 -0.046467442 0.998840213 -0.012607113 -13.883643150 0.070403516 0.015864108 0.997392416 151.578872681
0.995507538 0.049807727 -0.080522209 91.844932556 -0.050742909 0.998665571 -0.009608472 -13.892534256 0.079936177 0.013651240 0.996706486 152.254730225
0.994651675 0.053513177 -0.088342346 91.774330139 -0.054511297 0.998473287 -0.008922941 -13.908123016 0.087729983 0.013690875 0.996050119 152.940170288
0.994245231 0.054207548 -0.092401430 91.694618225 -0.054892652 0.998480260 -0.004887138 -13.931937218 0.091996089 0.009931173 0.995709777 153.630310059
0.994135916 0.051656328 -0.095001608 91.632278442 -0.052100521 0.998639345 -0.002199508 -13.939306259 0.094758749 0.007136243 0.995474637 154.333694458
0.994344056 0.047880143 -0.094802313 91.560791016 -0.048542023 0.998810112 -0.004686524 -13.955049515 0.094465129 0.009261914 0.995485067 155.025680542
0.994412422 0.046720065 -0.094663292 91.527694702 -0.047546107 0.998847961 -0.006488325 -13.953104973 0.094251104 0.010952942 0.995488226 155.583618164
0.994600952 0.042914052 -0.094484501 91.472969055 -0.044016585 0.998984516 -0.009615009 -13.960665703 0.093975931 0.013721982 0.995479882 156.313613892
0.994810939 0.039943311 -0.093570933 91.401473999 -0.040970743 0.999119043 -0.009084329 -13.970145226 0.093125634 0.012870864 0.995571136 157.022323608
0.995047271 0.036677573 -0.092388287 91.302070618 -0.037188698 0.999300957 -0.003816396 -13.998055458 0.092183724 0.007233295 0.995715737 157.867431641
0.995167494 0.036914021 -0.090988904 91.233894348 -0.037140619 0.999309719 -0.000797876 -14.013405800 0.090896651 0.004173405 0.995851517 158.613540649
0.995379269 0.036016397 -0.089010723 91.164672852 -0.036016051 0.999349892 0.001610455 -14.028703690 0.089010887 0.001602803 0.996029317 159.356826782
0.995343387 0.037622705 -0.088747181 91.128944397 -0.037649639 0.999290049 0.001371035 -14.026309967 0.088735752 0.001976649 0.996053159 160.112274170
0.995504022 0.039601725 -0.086041704 91.053749084 -0.039537080 0.999215066 0.002455902 -14.039708138 0.086071409 0.000956978 0.996288538 160.760421753
0.995554686 0.040446989 -0.085057981 91.018424988 -0.040478949 0.999179482 0.001349575 -14.057972908 0.085042775 0.002099483 0.996375084 161.477462769
0.995625854 0.039211348 -0.084803157 90.989692688 -0.039535362 0.999215841 -0.002144085 -14.089402199 0.084652588 0.005487430 0.996395409 162.140731812
0.995679438 0.039176434 -0.084188104 90.925354004 -0.040055107 0.999158978 -0.008772772 -14.101757050 0.083773620 0.012107031 0.996411204 162.876617432
0.995667696 0.040769480 -0.083569802 90.864097595 -0.041827042 0.999064922 -0.010942670 -14.112536430 0.083045527 0.014390739 0.996441841 163.625808716
0.995849431 0.042293981 -0.080591343 90.763481140 -0.043098107 0.999036670 -0.008263838 -14.114362717 0.080164202 0.011702876 0.996712983 164.451934814
0.995917380 0.044277627 -0.078663737 90.698974609 -0.044753682 0.998988807 -0.004298357 -14.135057449 0.078393877 0.007801302 0.996891916 165.186370850
0.995854259 0.048255082 -0.077108152 90.661010742 -0.048620831 0.998813152 -0.002871992 -14.171432495 0.076878048 0.006609148 0.997018516 165.886962891
0.996095717 0.051259544 -0.071873188 90.598625183 -0.051520389 0.998670340 -0.001778827 -14.190199852 0.071686454 0.005474817 0.997412205 166.637603760
0.996594846 0.051386222 -0.064483531 90.537574768 -0.051568393 0.998668730 -0.001162681 -14.196043015 0.064337954 0.004484034 0.997918010 167.411010742
0.997246087 0.050285321 -0.054511987 90.499114990 -0.050436735 0.998726249 -0.001404653 -14.216300964 0.054371912 0.004150192 0.998512089 168.137710571
0.997826934 0.047404487 -0.045763250 90.525001526 -0.047614090 0.998859644 -0.003500381 -14.262341499 0.045545131 0.005671749 0.998946190 168.851501465
0.998210907 0.048572462 -0.034866218 90.503021240 -0.048844051 0.998782039 -0.006979895 -14.280645370 0.034484718 0.008670416 0.999367535 169.584320068
0.998437226 0.051207993 -0.022378294 90.480712891 -0.051371235 0.998656631 -0.006781369 -14.291333199 0.022000970 0.007920371 0.999726593 170.335845947
0.998889625 0.045847654 -0.010842862 90.484245300 -0.045858204 0.998947740 -0.000726049 -14.306683540 0.010798160 0.001222476 0.999940932 171.076721191
0.999146461 0.041271929 -0.001691261 90.487457275 -0.041260272 0.999127746 0.006429735 -14.323726654 0.001955153 -0.006354466 0.999977887 171.831741333
0.999145269 0.040713187 0.007154926 90.483123779 -0.040791404 0.999105573 0.011148268 -14.328615189 -0.006694644 -0.011430599 0.999912262 172.561141968
0.998859107 0.046412170 0.011244669 90.488479614 -0.046562515 0.998824179 0.013498505 -14.324300766 -0.010604953 -0.014006685 0.999845684 173.291625977
0.998845756 0.045846187 0.014324860 90.485908508 -0.046061248 0.998825073 0.015062063 -14.333898544 -0.013617494 -0.015704503 0.999783874 174.093231201
0.998853445 0.044858508 0.016718818 90.485176086 -0.045121223 0.998858392 0.015682219 -14.335989952 -0.015996251 -0.016418610 0.999737263 174.829544067
0.998831689 0.045154423 0.017214347 90.494827271 -0.045398742 0.998869777 0.014076341 -14.344883919 -0.016559280 -0.014841407 0.999752760 175.577682495
