0.985243440 0.171096757 -0.004606636 0.080227979 -0.137223527 0.773529232 -0.618726254 1.131125212 -0.102298699 0.610228181 0.785593033 2.481974125
0.985031962 0.172324613 -0.004038485 0.064720415 -0.137802720 0.773193002 -0.619017780 0.646464467 -0.103549473 0.610308766 0.785366595 3.070086002
0.984695137 0.174236879 -0.004123654 0.051850043 -0.139305547 0.772622406 -0.619393647 0.168223023 -0.104735196 0.610488296 0.785069764 3.658444405
0.984697580 0.174231008 -0.003756930 0.044258833 -0.139039263 0.772443175 -0.619677007 -0.294453859 -0.105064929 0.610716760 0.784847975 4.224258423
0.984687448 0.174292222 -0.003576701 0.043845631 -0.139076948 0.773032606 -0.618933022 -0.753273964 -0.105110325 0.609952986 0.785435557 4.776899338
0.984500587 0.175369725 -0.001988008 0.023431197 -0.139209151 0.774505377 -0.617059350 -1.188397646 -0.106673792 0.607772052 0.786914110 5.319050789
0.984561145 0.175040066 -0.000626840 0.029968113 -0.138546675 0.777095318 -0.613944292 -1.594945550 -0.106977724 0.604552448 0.789349139 5.809720039
0.993353963 0.115097798 0.000597553 0.014427162 -0.089888163 0.779003203 -0.620543361 -2.011269569 -0.071888670 0.616365433 0.784171939 6.372117996
0.993442118 0.114321202 0.001813082 0.013362397 -0.088684879 0.780479491 -0.618859231 -2.405600786 -0.072163798 0.614640117 0.785499811 6.846729755
0.993376136 0.114878923 0.002579668 0.019231103 -0.088621333 0.780226946 -0.619186759 -2.782011032 -0.073144242 0.614856839 0.785239398 7.298356056
0.998003542 0.063090265 0.002921575 0.010911224 -0.047311649 0.777449429 -0.627163351 -3.110303640 -0.041839283 0.625773013 0.778882205 7.728708744
0.993267119 0.115759164 0.004480741 0.008054845 -0.087706432 0.776704788 -0.623728514 -3.475557804 -0.075682499 0.619136095 0.781628191 8.136867523
0.993466079 0.113970876 0.005987508 0.011203080 -0.085269876 0.776108384 -0.624807775 -3.795382500 -0.075856857 0.620214701 0.780755699 8.512305260
0.998325646 0.057403937 0.007118422 0.015504174 -0.039968684 0.773537517 -0.632489026 -4.082803726 -0.041813724 0.631145597 0.774536610 8.875711441
0.998418510 0.055517748 0.008835621 0.026870467 -0.037363805 0.772776127 -0.633577824 -4.374258041 -0.042002775 0.632245779 0.773628473 9.219825745
0.998149872 0.059820112 0.010870567 0.022984996 -0.039322097 0.771514952 -0.634994566 -4.645727158 -0.046372272 0.633392394 0.772439897 9.526475906
0.997851968 0.064025931 0.013855572 0.022103488 -0.040638745 0.770915806 -0.635639250 -4.907813072 -0.051378876 0.633710921 0.771861792 9.828063965
0.997753382 0.064751729 0.017186409 0.030393809 -0.039127547 0.771470666 -0.635060668 -5.136044502 -0.054380085 0.632961452 0.772271037 10.098172188
0.997974873 0.060351755 0.020098016 0.050059170 -0.033905376 0.772020280 -0.634692967 -5.350526810 -0.053820908 0.632726073 0.772503018 10.343415260
0.998195827 0.055596437 0.022672020 0.060247585 -0.028571110 0.771944702 -0.635047317 -5.530653000 -0.052807912 0.633253753 0.772140503 10.560015678
0.999523997 -0.017616821 0.025330180 0.073356867 0.029690975 0.772470117 -0.634356558 -5.695551872 -0.008391461 0.634806573 0.772625446 10.775267601
0.998261571 0.051921871 0.027889274 0.082393736 -0.022546204 0.773620665 -0.633247793 -5.862406254 -0.054455124 0.631518185 0.773446500 10.940194130
0.998169243 0.052579135 0.029894859 0.087065846 -0.021726226 0.772967756 -0.634073257 -5.991621017 -0.056446787 0.632262826 0.772694945 11.091279984
0.998048782 0.053532448 0.032141481 0.091779798 -0.020961976 0.772137702 -0.635109425 -6.118419170 -0.058816608 0.633196354 0.771753252 11.234211922
0.997842789 0.055775329 0.034625091 0.098941743 -0.021055428 0.771466851 -0.635920942 -6.240154266 -0.062180810 0.633820057 0.770977080 11.376585007
0.997617722 0.058666397 0.036292505 0.101184160 -0.022190949 0.771044791 -0.636394143 -6.352874756 -0.065318093 0.634072721 0.770509779 11.503032684
0.997472107 0.060202219 0.037751295 0.100888878 -0.022349289 0.770087659 -0.637546420 -6.455236435 -0.067453511 0.635091066 0.769486427 11.616823196
0.997471273 0.059100978 0.039472315 0.111446679 -0.020284958 0.769046247 -0.638871253 -6.550307274 -0.068113938 0.636455119 0.768300295 11.723782539
0.997474015 0.057942927 0.041087758 0.125870049 -0.018240711 0.767985523 -0.640207529 -6.659928799 -0.068650290 0.637840927 0.767102361 11.851460457
0.997483850 0.056948811 0.042221826 0.126736045 -0.016710958 0.767665327 -0.640632987 -6.734439850 -0.068895504 0.638315737 0.766685247 11.933246613
0.997376621 0.057637602 0.043791961 0.128436446 -0.016129108 0.766716957 -0.641782641 -6.818120003 -0.070566833 0.639392853 0.765635014 12.027038574
0.997278571 0.058640741 0.044684269 0.141117454 -0.016165171 0.765268147 -0.643508554 -6.917939663 -0.071931273 0.641035020 0.764133453 12.146507263
0.997262716 0.058404684 0.045343839 0.150175929 -0.015396337 0.763832748 -0.645230591 -6.997861862 -0.072319604 0.642766178 0.762641132 12.235101700
0.997286797 0.057449441 0.046028089 0.153498769 -0.014071034 0.762502134 -0.646832645 -7.081254482 -0.072256684 0.644430101 0.761241674 12.328304291
0.997366786 0.056569133 0.045380432 0.160775125 -0.013708576 0.761523008 -0.647992969 -7.167895794 -0.071214631 0.645664692 0.760293126 12.417562485
0.997515321 0.055594072 0.043271225 0.166619658 -0.014251449 0.760760188 -0.648876667 -7.248735905 -0.068992704 0.646647811 0.759662151 12.510364532
0.997623980 0.056013666 0.040111434 0.170943767 -0.016550181 0.760013640 -0.649696529 -7.329930305 -0.066877104 0.647488892 0.759134829 12.615666389
0.985098183 0.168540463 0.034288302 0.162802607 -0.108061619 0.761600971 -0.638973057 -7.364069939 -0.133806840 0.625745833 0.768464565 12.772572517
0.985310853 0.168465674 0.027962074 0.170457751 -0.111953013 0.760873258 -0.639170110 -7.450158119 -0.128953829 0.626650691 0.768556952 12.874780655
0.985418797 0.168756783 0.021702744 0.159036487 -0.116137199 0.760342717 -0.639054835 -7.525762558 -0.124346375 0.627216160 0.768854916 12.969408989
0.985573649 0.168648958 0.014220964 0.157602653 -0.120789833 0.759760380 -0.638884902 -7.606831551 -0.118551813 0.627950311 0.769170940 13.069739342
0.985689938 0.168464035 0.005936902 0.154141411 -0.125910312 0.759209931 -0.638550758 -7.692524910 -0.112080142 0.628665566 0.769556880 13.172237396
0.985828161 0.167712316 -0.003949210 0.139248565 -0.131612346 0.758603036 -0.638122082 -7.774724960 -0.104025021 0.629598379 0.769925177 13.275588989
0.999779284 -0.016295552 -0.013261906 0.144384921 0.003598927 0.754714668 -0.656043351 -7.933230877 0.020699561 0.655850768 0.754606843 13.334074974
0.999426246 -0.017251199 -0.029149815 0.119528919 -0.006170263 0.753463626 -0.657460749 -8.030741692 0.033305313 0.657263398 0.752924740 13.443250656
0.997279525 0.053470943 -0.050739005 0.089753151 -0.073641635 0.752971649 -0.653919399 -8.150195122 0.003239368 0.655876935 0.754860878 13.571113586
0.995890856 0.054230228 -0.072529674 0.052603126 -0.088482693 0.753298521 -0.651699483 -8.271516800 0.019294690 0.655439138 0.755001426 13.706876755
0.993879318 0.054738168 -0.095956109 0.011854768 -0.104131632 0.754217386 -0.648315310 -8.401589394 0.036884189 0.654339194 0.755301058 13.856334686
0.990891159 0.056224149 -0.122366123 -0.042455196 -0.122418225 0.754700541 -0.644547105 -8.534526825 0.056110658 0.653655767 0.754709005 14.019238472
0.988400877 -0.013228660 -0.151290298 -0.087211370 -0.089139447 0.756007254 -0.648465216 -8.697328568 0.122954890 0.654429436 0.746059060 14.192264557
0.982794762 -0.013139935 -0.184233159 -0.165508270 -0.110406995 0.757849753 -0.643019438 -8.850022316 0.148070306 0.652296662 0.743359983 14.376895905
0.975136697 -0.012180682 -0.221269220 -0.244951248 -0.134652242 0.760455489 -0.635276556 -9.024382591 0.176003456 0.649275899 0.739907861 14.563097000
0.965323210 -0.010646980 -0.260840356 -0.355427742 -0.160676643 0.763262689 -0.625790000 -9.189882278 0.205752447 0.646000683 0.735084474 14.765713692
0.931104481 -0.206289545 -0.300814033 -0.448707104 -0.044089437 0.755007744 -0.654231846 -9.332512856 0.362078160 0.622420847 0.693895996 15.091528893
0.917347729 -0.202521056 -0.342721969 -0.588651657 -0.075233027 0.757210791 -0.648823321 -9.529076576 0.390913188 0.620980561 0.679389358 15.285316467
0.894501626 -0.230837747 -0.382858664 -0.719527721 -0.083377928 0.755219102 -0.650147855 -9.716704369 0.439220905 0.613480270 0.656297982 15.546204567
0.875716090 -0.227176636 -0.426042378 -0.892973423 -0.114504926 0.759502470 -0.640347362 -9.923970222 0.469052136 0.609546363 0.639095724 15.724776268
0.865494251 -0.180697188 -0.467191756 -1.049272060 -0.186797410 0.748967588 -0.635731399 -10.221066475 0.464786291 0.637492001 0.614473283 15.907602310
0.842095196 -0.175663412 -0.509919524 -1.272399426 -0.220649093 0.750512898 -0.622932076 -10.437303543 0.492127448 0.637081444 0.593243420 16.082672119
0.814140081 -0.172852904 -0.554344416 -1.498971462 -0.254824549 0.751470804 -0.608568847 -10.662177086 0.521766603 0.636720896 0.567755222 16.273712158
0.784644544 -0.169539183 -0.596313179 -1.751713753 -0.288973808 0.750970006 -0.593749344 -10.868624687 0.548477113 0.638200998 0.540251970 16.433502197
0.759238005 -0.138689011 -0.635863960 -2.030509949 -0.348915488 0.738008738 -0.577582002 -11.161292076 0.549377441 0.660385072 0.511933565 16.586986542
0.723014474 -0.135540187 -0.677406013 -2.345735550 -0.382216632 0.738328815 -0.555680573 -11.381460190 0.575465441 0.660681069 0.482016772 16.772899628
0.723477244 -0.055116758 -0.688144565 -2.542592049 -0.480393052 0.675679922 -0.559177279 -11.886881828 0.495785475 0.735131800 0.462361395 16.812685013
0.684707999 -0.055385392 -0.726709962 -2.892040253 -0.509824157 0.676145792 -0.531889319 -12.110363960 0.520820796 0.734683156 0.434725612 16.980445862
0.659710109 -0.082496084 -0.746978581 -3.278133392 -0.513793707 0.675868571 -0.528410614 -12.336311340 0.548451126 0.732390702 0.403491378 17.201133728
0.617277443 -0.082946323 -0.782360852 -3.713330269 -0.544048011 0.673330545 -0.500637174 -12.566080093 0.568313599 0.734673977 0.370505005 17.376279831
0.572547674 -0.082382321 -0.815721989 -4.142594337 -0.571093023 0.673789322 -0.468892962 -12.788072586 0.588253379 0.734316707 0.338728577 17.530551910
0.525043488 -0.079452656 -0.847358584 -4.650531769 -0.603544712 0.667213380 -0.436531961 -12.992414474 0.600052595 0.740617037 0.302362859 17.658782959
0.460040540 -0.064679429 -0.885538936 -5.257898331 -0.606618643 0.705388427 -0.366661727 -13.248201370 0.648364484 0.705863714 0.285271525 17.696964264
0.394404352 -0.059137467 -0.917032123 -5.819766045 -0.616556942 0.722939670 -0.311794460 -13.460702896 0.681397676 0.688375592 0.248668939 17.847234726
0.341142923 -0.060444202 -0.938066125 -6.392215729 -0.633502007 0.722482860 -0.276936352 -13.605570793 0.694475830 0.688741565 0.208178371 17.952644348
0.284003705 -0.051229790 -0.957453609 -6.959192753 -0.648876488 0.724898994 -0.231258988 -13.733389854 0.705904543 0.686947525 0.172632188 18.026548386
0.233038053 -0.046167452 -0.971371114 -7.563012600 -0.659978569 0.726112723 -0.192843795 -13.838505745 0.714227974 0.686024129 0.138742357 18.085142136
0.172162175 -0.039625559 -0.984271288 -8.200454712 -0.673401177 0.724523962 -0.146955296 -13.991161346 0.718951344 0.688109636 0.098051734 18.173542023
0.133311793 -0.041202299 -0.990217328 -8.851165771 -0.675814629 0.727032661 -0.121235505 -14.040039062 0.724915504 0.685365498 0.069076903 18.193910599
0.092859812 -0.042885292 -0.994755208 -9.520959854 -0.681751013 0.725401103 -0.094914123 -14.095305443 0.725666881 0.686989188 0.038123552 18.200071335
0.051783927 -0.044163842 -0.997681320 -10.216840744 -0.690664411 0.719997585 -0.067720205 -14.143956184 0.721319020 0.692569733 0.006781918 18.190248489
0.023421405 -0.044149037 -0.998750329 -10.929513931 -0.694748402 0.717648387 -0.048015483 -14.163864136 0.718871415 0.695004821 -0.013864155 18.169252396
0.002481900 -0.039915372 -0.999199986 -11.669513702 -0.697130740 0.716301501 -0.030345932 -14.180021286 0.716939747 0.696648359 -0.026048450 18.134637833
-0.004691366 -0.036844075 -0.999310136 -12.435300827 -0.694378436 0.719234049 -0.023257976 -14.195844650 0.719594717 0.693790257 -0.028957924 18.110067368
-0.005981527 -0.036553897 -0.999313772 -13.222193718 -0.692976356 0.720618069 -0.022211583 -14.218676567 0.720935524 0.692367971 -0.029641382 18.052906036
-0.016801666 -0.037093669 -0.999170542 -14.035249710 -0.694504678 0.719331264 -0.015026263 -14.238006592 0.719291985 0.693676114 -0.037847694 18.039649963
-0.016003944 -0.041189857 -0.999023199 -14.901777267 -0.689204037 0.724322677 -0.018823154 -14.257123947 0.724390507 0.688229442 -0.039980244 18.001932144
-0.006946015 -0.045420706 -0.998943806 -15.699044228 -0.677767575 0.734716117 -0.028693847 -14.311840057 0.735243380 0.676852405 -0.035888031 17.971626282
-0.000341598 -0.045099661 -0.998982430 -16.607973099 -0.677537084 0.734750688 -0.032939076 -14.338072777 0.735488594 0.676836312 -0.030807683 17.925739288
-0.002662589 -0.044174202 -0.999020219 -17.459768295 -0.680794656 0.731837094 -0.030545572 -14.358406067 0.732469499 0.680046320 -0.032022141 17.919466019
-0.005692037 -0.047639694 -0.998848379 -18.373626709 -0.680305004 0.732271254 -0.031048601 -14.362166405 0.732906997 0.679344893 -0.036577635 17.870952606
-0.002990453 -0.058116607 -0.998305321 -19.368305206 -0.681474328 0.730720758 -0.040497720 -14.401365280 0.731835961 0.680198371 -0.041790158 17.823863983
-0.001998033 -0.066184215 -0.997805417 -20.248500824 -0.687117577 0.725042760 -0.046716027 -14.439393997 0.726543486 0.685516298 -0.046925001 17.777343750
-0.002650566 -0.069246344 -0.997596085 -21.258848190 -0.691223741 0.721030653 -0.048212506 -14.469713211 0.722635865 0.689434350 -0.049775869 17.721969604
-0.005559312 -0.062709004 -0.998016477 -22.207635880 -0.698288083 0.714640915 -0.041013785 -14.507853508 0.715795279 0.696674943 -0.047761861 17.657268524
-0.009783925 -0.054631375 -0.998458683 -23.291383743 -0.702085972 0.711370826 -0.032043397 -14.539237976 0.712024987 0.700690389 -0.045315914 17.588714600
-0.033787172 -0.040346403 -0.998614252 -24.247568130 -0.730621099 0.682777107 -0.002865948 -14.580563545 0.681946635 0.729511917 -0.052547038 17.561510086
-0.034379736 -0.030337993 -0.998948216 -25.360094070 -0.731439769 0.681891441 0.004464188 -14.575760841 0.681038797 0.730824053 -0.045633666 17.485042572
-0.058711365 -0.013172683 -0.998188078 -26.366333008 -0.754213452 0.655657649 0.035708841 -14.756031990 0.653999269 0.754943430 -0.048429575 17.467288971
-0.059476353 -0.012478255 -0.998151720 -27.483757019 -0.753866434 0.656000853 0.036719345 -14.713533401 0.654330194 0.754656971 -0.048423484 17.396127701
-0.039893873 -0.024466397 -0.998904347 -28.465265274 -0.730484188 0.682816267 0.012449422 -14.580075264 0.681763530 0.730180323 -0.045112494 17.322496414
-0.042191327 -0.029376371 -0.998677552 -29.585094452 -0.730975330 0.682318270 0.010811074 -14.563423157 0.681098342 0.730464816 -0.050261311 17.245874405
-0.069577776 -0.025099076 -0.997260749 -30.590465546 -0.754443526 0.655369103 0.036142349 -14.633707047 0.652666748 0.754891634 -0.064534955 17.189250946
-0.074894629 -0.029664785 -0.996750116 -31.690961838 -0.754438758 0.655316234 0.037184451 -14.589391708 0.652083457 0.754771888 -0.071459927 17.094108582
-0.090796992 -0.027126379 -0.995499909 -32.759742737 -0.757721484 0.650551975 0.051382940 -14.663461685 0.646230638 0.758977115 -0.079622410 17.032644272
-0.096940324 -0.025030576 -0.994975448 -33.892364502 -0.757788956 0.649963021 0.057480182 -14.593766212 0.645258486 0.759553611 -0.081975527 16.922401428
-0.103277072 -0.019964028 -0.994452238 -34.927158356 -0.758364797 0.648506761 0.065739579 -14.530097961 0.643596649 0.760946929 -0.082115903 16.821773529
-0.108650431 -0.017311500 -0.993929207 -36.079803467 -0.760221183 0.645678282 0.071856916 -14.443052292 0.640514612 0.763413370 -0.083313785 16.703073502
-0.112989090 -0.015382618 -0.993477166 -37.233043671 -0.762231588 0.642739713 0.076737374 -14.349591255 0.637366891 0.765930176 -0.084347688 16.583229065
-0.124712400 -0.009186816 -0.992150426 -38.237289429 -0.766728222 0.635562122 0.090492025 -14.347335815 0.629741967 0.771995068 -0.086306259 16.500350952
-0.126131460 -0.008151157 -0.991980135 -39.369907379 -0.769107342 0.632376254 0.092596665 -14.245335579 0.626549900 0.774618506 -0.086031660 16.387905121
-0.127437964 -0.008599468 -0.991809249 -40.431968689 -0.769757628 0.631461620 0.093431383 -14.146474838 0.625486016 0.775359452 -0.087091692 16.272506714
-0.128401831 -0.009468818 -0.991676986 -41.568420410 -0.770232797 0.630841196 0.093705907 -14.032882690 0.624703348 0.775854230 -0.088294365 16.143249512
-0.129750639 -0.010166619 -0.991494477 -42.616527557 -0.770593524 0.630299926 0.094379738 -13.945676804 0.623979390 0.776285112 -0.089616157 16.043188095
-0.130221084 -0.011114601 -0.991422713 -43.782573700 -0.772100151 0.628455162 0.094368137 -13.844835281 0.622015893 0.777766347 -0.090419725 15.919518471
-0.130692884 -0.014115823 -0.991322398 -44.821834564 -0.775067687 0.624954581 0.093283549 -13.727046967 0.618214726 0.780533373 -0.092617832 15.802816391
-0.129964650 -0.019142332 -0.991333783 -45.950992584 -0.778398156 0.621278584 0.090051897 -13.613662720 0.614170671 0.783355772 -0.095644608 15.659883499
-0.128924564 -0.020115174 -0.991450369 -47.095607758 -0.779736817 0.619775474 0.088819697 -13.503684998 0.612689972 0.784521282 -0.095588818 15.547485352
-0.118668959 -0.020632844 -0.992719471 -48.197479248 -0.778385341 0.622654974 0.080106251 -13.451828003 0.616468906 0.782224417 -0.089950122 15.426779747
-0.116377138 -0.017586403 -0.993049383 -49.335861206 -0.778810441 0.622104287 0.080252968 -13.360245705 0.616368830 0.782736897 -0.086095184 15.306522369
-0.137674421 -0.006139916 -0.990458488 -50.452865601 -0.771440983 0.627853394 0.103338726 -13.227722168 0.621228278 0.778307319 -0.091175936 15.228671074
-0.134711549 -0.007165918 -0.990858912 -51.583347321 -0.771516144 0.628246248 0.100347452 -13.105214119 0.621784270 0.777981579 -0.090160638 15.101974487
-0.129799545 -0.007080229 -0.991514921 -52.765632629 -0.774827957 0.624690354 0.096972197 -12.984715462 0.618703067 0.780840635 -0.086570479 14.982021332
-0.131752878 0.001091009 -0.991281986 -53.804916382 -0.764393508 0.636582911 0.102297395 -12.879072189 0.631144762 0.771207511 -0.083037674 14.893472672
-0.124853633 -0.000485962 -0.992175162 -54.972915649 -0.767790914 0.633420944 0.096307263 -12.742877960 0.628417671 0.773807347 -0.079458028 14.783349037
-0.118684620 -0.000562494 -0.992931962 -56.134059906 -0.769032538 0.632617652 0.091563694 -12.628174782 0.628094673 0.774464071 -0.075514570 14.655802727
-0.114052773 -0.002166243 -0.993472338 -57.227172852 -0.768908143 0.633427382 0.086891145 -12.543586731 0.629104316 0.773799121 -0.073909782 14.589597702
-0.107842207 -0.002125842 -0.994165659 -58.392562866 -0.768675745 0.634357512 0.082025684 -12.441066742 0.630482197 0.773036838 -0.070044592 14.480774879
-0.100950107 -0.003224966 -0.994886339 -59.566173553 -0.768319011 0.635551035 0.075900406 -12.291081429 0.632056117 0.772052228 -0.066636756 14.394149780
-0.097207263 0.000468575 -0.995264053 -60.678619385 -0.767352641 0.636794925 0.075247012 -12.288154602 0.633814335 0.771033049 -0.061541524 14.294324875
-0.091355301 0.000759334 -0.995818079 -61.865089417 -0.768290699 0.636154890 0.070967264 -12.191663742 0.633548379 0.771560967 -0.057532728 14.215814590
-0.093034565 0.014555444 -0.995556474 -62.995944977 -0.734434843 0.674125373 0.078488782 -12.108108521 0.672272325 0.738473535 -0.052026939 14.150451660
-0.087266028 0.009890910 -0.996135950 -64.173789978 -0.734996736 0.674334228 0.071084701 -12.013740540 0.672431767 0.738359928 -0.051576696 14.062479019
-0.084893532 0.011830938 -0.996319771 -65.325798035 -0.717065692 0.693548501 0.069334731 -11.964103699 0.691816390 0.720312774 -0.050394222 14.002042770
-0.080491312 0.010804743 -0.996696711 -66.511497498 -0.717535496 0.693438649 0.065464035 -11.875631332 0.691855490 0.720434666 -0.048063003 13.924828529
-0.077870451 0.013776751 -0.996868312 -67.681602478 -0.716486156 0.694513202 0.065566577 -11.820220947 0.693241537 0.719348192 -0.044211201 13.860021591
-0.075613052 0.013001683 -0.997052491 -68.855621338 -0.716914654 0.694270134 0.063421726 -11.748458862 0.693048239 0.719597101 -0.043174788 13.794758797
-0.074166209 0.012208639 -0.997171164 -70.040367126 -0.718655407 0.692603230 0.061930865 -11.668813705 0.691399872 0.721215546 -0.042593949 13.726514816
-0.068470642 0.022763116 -0.997393370 -71.203308105 -0.704299986 0.706967652 0.064484738 -11.604213715 0.706592739 0.706879497 -0.032374460 13.640495300
-0.066682309 0.021718485 -0.997537911 -72.401885986 -0.705236912 0.706209779 0.062518567 -11.521854401 0.705828786 0.707669437 -0.031775013 13.579438210
-0.061318822 0.028628968 -0.997707546 -73.597557068 -0.689234793 0.721787572 0.063071698 -11.474409103 0.721938550 0.691522300 -0.024527080 13.525953293
-0.060315982 0.027300246 -0.997805953 -74.800399780 -0.688139379 0.722977698 0.061377961 -11.402443886 0.723067164 0.690331638 -0.024820734 13.475161552
-0.059040971 0.028921653 -0.997836530 -75.996986389 -0.680283129 0.730371356 0.061421018 -11.339736938 0.730567575 0.682437718 -0.023446919 13.435266495
-0.058597397 0.029271856 -0.997852504 -77.207695007 -0.679041386 0.731533229 0.061335117 -11.270088196 0.731757641 0.681177139 -0.022989143 13.393627167
-0.056343347 0.037462927 -0.997708380 -78.432876587 -0.664518774 0.744397342 0.065478571 -11.211131096 0.745144427 0.666685164 -0.017047016 13.348170280
-0.055811539 0.039691307 -0.997652054 -79.656875610 -0.666779160 0.742252648 0.066831864 -11.120971680 0.743162513 0.668943524 -0.014960928 13.309492111
-0.054712567 0.042372197 -0.997602701 -80.833099365 -0.669206321 0.739946723 0.068130493 -11.071872711 0.741059661 0.671329618 -0.012128647 13.262189865
-0.053234544 0.040774040 -0.997749209 -82.005569458 -0.669903040 0.739512563 0.065963365 -10.999881744 0.740537524 0.671906829 -0.012052953 13.216752052
-0.053984150 0.037457913 -0.997838974 -83.218383789 -0.669686735 0.739880323 0.064005166 -10.922220230 0.740678906 0.671694875 -0.014856740 13.194909096
-0.054157242 0.036830567 -0.997852921 -84.414276123 -0.668976307 0.740554094 0.063641585 -10.841386795 0.741307974 0.670986712 -0.015467593 13.167203903
-0.054346509 0.038139720 -0.997793496 -85.613967896 -0.667861521 0.741466582 0.064718045 -10.776593208 0.742298901 0.669905007 -0.014824065 13.138199806
-0.053705703 0.042032823 -0.997671723 -86.800544739 -0.668912172 0.740297914 0.067197651 -10.708515167 0.741398811 0.670963645 -0.011641955 13.091169357
-0.053457443 0.044864886 -0.997561753 -87.989173889 -0.669124782 0.739927292 0.069135018 -10.649116516 0.741224885 0.671189070 -0.009534416 13.057017326
-0.052876614 0.046411272 -0.997521937 -89.179916382 -0.670145869 0.738930404 0.069902964 -10.583834648 0.740343571 0.672181487 -0.007969812 13.005801201
-0.052687827 0.042643711 -0.997700095 -90.357330322 -0.669920087 0.739405513 0.066981681 -10.501108170 0.740561306 0.671908438 -0.010389793 12.993321419
-0.052274406 0.041088432 -0.997787118 -91.535240173 -0.668714762 0.740625441 0.065532818 -10.429668427 0.741679132 0.670660675 -0.011239312 12.963094711
-0.052227378 0.042551499 -0.997728229 -92.716384888 -0.667745709 0.741406500 0.066573806 -10.366300583 0.742555022 0.669705749 -0.010308136 12.931898117
-0.053351130 0.045481138 -0.997539520 -93.905578613 -0.665442586 0.743208826 0.069475025 -10.308586121 0.744539976 0.667511880 -0.009385945 12.918498993
-0.053751674 0.047351878 -0.997430980 -95.086791992 -0.664451599 0.743939042 0.071125023 -10.236978531 0.745395660 0.666567743 -0.008524934 12.906442642
-0.052895539 0.049876649 -0.997353613 -96.249305725 -0.665718079 0.742678106 0.072447538 -10.165548325 0.744326234 0.667788506 -0.006080572 12.878623009
-0.052654579 0.051426824 -0.997287631 -97.440979004 -0.667750180 0.740752459 0.073453881 -10.088871002 0.742520928 0.669806659 -0.004663740 12.860611916
-0.051359423 0.051644422 -0.997343957 -98.584205627 -0.669740498 0.739022374 0.072757117 -10.020868301 0.740817070 0.671698451 -0.003367403 12.816982269
-0.051527817 0.047388852 -0.997546554 -99.748779297 -0.671198666 0.737990558 0.069729008 -9.951556206 0.739484370 0.673144996 -0.006219704 12.789184570
-0.048859619 0.046013210 -0.997745216 -100.916160583 -0.672645986 0.736931741 0.066924728 -9.884807587 0.738349497 0.674399316 -0.005055602 12.758182526
-0.048261251 0.044292655 -0.997852147 -102.095718384 -0.672909737 0.736840904 0.065252259 -9.808258057 0.738148570 0.674613595 -0.005755907 12.722797394
-0.050318103 0.044278987 -0.997751296 -103.248336792 -0.671669841 0.737849355 0.066618189 -9.734289169 0.739139855 0.673511505 -0.007386319 12.706101418
-0.047738474 0.046878859 -0.997759223 -104.425552368 -0.671668530 0.737833798 0.066802934 -9.689194679 0.739312112 0.673352540 -0.003736005 12.685937881
-0.049439915 0.049831178 -0.997533143 -105.584045410 -0.671677232 0.737516940 0.070131995 -9.617139816 0.739192426 0.673487663 -0.002992304 12.656727791
-0.050473083 0.048005804 -0.997570992 -106.740753174 -0.674095571 0.735367715 0.069494396 -9.543542862 0.736917615 0.675965905 -0.004755776 12.643148422
-0.048993997 0.049240083 -0.997584581 -107.908340454 -0.676241934 0.733402252 0.069412239 -9.484676361 0.735048711 0.678009272 -0.002634101 12.618489265
-0.049018010 0.048453543 -0.997622013 -109.094909668 -0.678795397 0.731091619 0.068860926 -9.404571533 0.732689559 0.680556595 -0.002946607 12.590197563
-0.049290884 0.044428233 -0.997795820 -110.287437439 -0.679618955 0.730580866 0.066103138 -9.332313538 0.731907308 0.681379259 -0.005816701 12.570425034
-0.049618330 0.039911680 -0.997970581 -111.473739624 -0.678698361 0.731709242 0.063007504 -9.264080048 0.732739091 0.680447340 -0.009218200 12.529197693
-0.050560594 0.039920412 -0.997922838 -112.663024902 -0.676969171 0.733255506 0.063632004 -9.204281807 0.734272659 0.678780198 -0.010048949 12.498166084
-0.050665416 0.038036793 -0.997991025 -113.882019043 -0.672856092 0.737149179 0.062254403 -9.118934631 0.738036275 0.674658477 -0.011754681 12.482278824
-0.051067658 0.039931320 -0.997896492 -115.097549438 -0.672006607 0.737782061 0.063912854 -9.049020767 0.738782227 0.673856914 -0.010842695 12.450737000
-0.051317658 0.044323992 -0.997698247 -116.331336975 -0.671851456 0.737619579 0.067327037 -8.978746414 0.738906026 0.673760116 -0.008073773 12.422723770
-0.052355990 0.044576470 -0.997633100 -117.569778442 -0.670885026 0.738418341 0.068202369 -8.910627365 0.739710927 0.672867954 -0.008754937 12.401730537
-0.052463580 0.040569350 -0.997798443 -118.777442932 -0.669989109 0.739493847 0.065294564 -8.842473984 0.740514755 0.671939671 -0.011615475 12.357733727
-0.054350577 0.036944032 -0.997838259 -119.996276855 -0.670238376 0.739391208 0.063882038 -8.782218933 0.740152955 0.672261536 -0.015425039 12.337712288
-0.054840423 0.034650940 -0.997893691 -121.255912781 -0.668920934 0.740702868 0.062481560 -8.694383621 0.741307855 0.670938432 -0.017441716 12.284919739
-0.055520769 0.035638560 -0.997821271 -122.498611450 -0.669705391 0.739890695 0.063689947 -8.614953995 0.740548551 0.671782434 -0.017211961 12.247294426
-0.055523779 0.040063042 -0.997653246 -123.773696899 -0.673357010 0.736271381 0.067041926 -8.529165268 0.737229586 0.675499320 -0.013903845 12.205128670
-0.055794675 0.043282840 -0.997503579 -125.034187317 -0.677362740 0.732343078 0.069665030 -8.451443672 0.733530283 0.679558694 -0.011542665 12.156871796
-0.055952024 0.042676780 -0.997520983 -126.289978027 -0.682517529 0.727565825 0.069410488 -8.361033440 0.728724360 0.684709191 -0.011581128 12.114996910
-0.055661336 0.040578574 -0.997624815 -127.556503296 -0.684720218 0.725653112 0.067719258 -8.276345253 0.726677418 0.686863184 -0.012605841 12.071245193
-0.055840664 0.039113045 -0.997673273 -128.819137573 -0.686723888 0.723841369 0.066814207 -8.194984436 0.724770367 0.688856900 -0.013559915 12.037901878
-0.056296509 0.038599886 -0.997667670 -130.078811646 -0.686760366 0.723811924 0.066756956 -8.115781784 0.724700511 0.688916802 -0.014239212 11.991638184
-0.058177512 0.037565324 -0.997599185 -131.338455200 -0.684566259 0.725841522 0.067254297 -8.044323921 0.726625383 0.686835408 -0.016511694 11.963401794
-0.058658078 0.038095299 -0.997550964 -132.596008301 -0.684590578 0.725751817 0.067970961 -7.971417427 0.726563811 0.686901033 -0.016491523 11.922413826
-0.059402384 0.043265179 -0.997296095 -133.860443115 -0.684497118 0.725427389 0.072241835 -7.894145012 0.726591408 0.686937690 -0.013477227 11.884337425
-0.059846152 0.047429781 -0.997080147 -135.127700806 -0.683748186 0.725795031 0.075564630 -7.810148239 0.727259815 0.686273992 -0.011006013 11.843337059
-0.059538577 0.046074506 -0.997162104 -136.397552490 -0.684140980 0.725547850 0.074373096 -7.720387459 0.726915598 0.686627448 -0.011676630 11.802493095
-0.058897145 0.044638138 -0.997265518 -137.654678345 -0.683841884 0.725981116 0.072882079 -7.639352798 0.727249205 0.686264396 -0.012232787 11.769427299
-0.057424214 0.044353519 -0.997364163 -138.913665771 -0.683439970 0.726481199 0.071656890 -7.557678223 0.727744639 0.685753465 -0.011404647 11.729553223
-0.057463221 0.043011002 -0.997420609 -140.159530640 -0.683033049 0.726957679 0.070698813 -7.481558800 0.728123486 0.685333848 -0.012395396 11.695509911
-0.056463182 0.045305874 -0.997376204 -141.421325684 -0.683058560 0.726837099 0.071685739 -7.404422760 0.728177786 0.685313940 -0.010092970 11.658252716
-0.055667669 0.048697393 -0.997261107 -142.681533813 -0.683703125 0.726037502 0.073617928 -7.322384834 0.727633953 0.685928643 -0.007122251 11.631104469
-0.054017387 0.049544003 -0.997310102 -143.917236328 -0.684662879 0.725183964 0.073108867 -7.241489410 0.726855457 0.686770439 -0.005251606 11.597795486
-0.053898554 0.047178786 -0.997431397 -145.181289673 -0.686626613 0.723502994 0.071325399 -7.154468536 0.725009501 0.688707232 -0.006601558 11.562535286
-0.054780595 0.045732789 -0.997450650 -146.419235229 -0.683896184 0.726130784 0.070852868 -7.075778961 0.727519810 0.686033964 -0.008501393 11.540803909
-0.054706752 0.043639969 -0.997548342 -147.662582397 -0.682678521 0.727428854 0.069261909 -7.002595901 0.728668153 0.684793830 -0.010003202 11.507435799
-0.055202793 0.043243825 -0.997538269 -148.900588989 -0.680959761 0.729035676 0.069287740 -6.942587852 0.730237305 0.683108270 -0.010797505 11.483911514
-0.054756843 0.044854261 -0.997491837 -150.140930176 -0.679033220 0.730749607 0.070134871 -6.859483719 0.732062578 0.681170344 -0.009556007 11.438444138
-0.054772373 0.042582300 -0.997590423 -151.370147705 -0.677860379 0.731996000 0.068463057 -6.775074959 0.733147502 0.679976881 -0.011228303 11.423235893
-0.054644924 0.045004737 -0.997491062 -152.605712891 -0.676275671 0.733302534 0.070133068 -6.709292412 0.734619081 0.678411365 -0.009635651 11.378443718
-0.054937553 0.047541700 -0.997357368 -153.856018066 -0.674866199 0.734401405 0.072180942 -6.629006386 0.735892236 0.677048266 -0.008261928 11.355751038
-0.055053432 0.049113590 -0.997274756 -155.075973511 -0.672650456 0.736311436 0.073394641 -6.550487518 0.737909496 0.674857974 -0.007500192 11.330409050
-0.054813407 0.048029162 -0.997340858 -156.284103394 -0.670756340 0.738134563 0.072410978 -6.473025322 0.739649534 0.672941744 -0.008243803 11.298816681
-0.055723120 0.047905594 -0.997296333 -157.544219971 -0.671860576 0.737076879 0.072945490 -6.389125824 0.738578618 0.674108803 -0.008886351 11.278990746
-0.055314992 0.052070688 -0.997110248 -158.781387329 -0.672270715 0.736419559 0.075751416 -6.304794312 0.738236010 0.674518228 -0.005729449 11.263612747
-0.055344667 0.059036698 -0.996720433 -160.006057739 -0.676278532 0.732187986 0.080919757 -6.221387863 0.734563887 0.678539157 -0.000597457 11.222457886
-0.053261373 0.058369856 -0.996873200 -161.232437134 -0.679951608 0.728987515 0.079013117 -6.114959717 0.731320024 0.682033837 0.000861795 11.194867134
-0.052207299 0.055012144 -0.997119844 -162.457901001 -0.682465196 0.726972818 0.075840421 -6.037733078 0.729051232 0.684459031 -0.000409412 11.154562950
-0.050496798 0.050129738 -0.997465372 -163.674438477 -0.683811128 0.726185322 0.071114004 -5.969894409 0.727909505 0.685668945 -0.002390754 11.129760742
-0.049313992 0.049131826 -0.997574151 -164.887313843 -0.685291886 0.724936962 0.069580749 -5.882246971 0.726597011 0.687060773 -0.002079901 11.094948769
-0.048076376 0.046358578 -0.997767270 -166.084747314 -0.682012141 0.728292942 0.066700220 -5.816468239 0.729758978 0.683696032 -0.003396580 11.073037148
-0.047720514 0.042690292 -0.997948050 -167.321166992 -0.677690864 0.732578814 0.063744560 -5.734584808 0.733796895 0.679342210 -0.006028215 11.063844681
-0.047663212 0.039936990 -0.998064756 -168.529495239 -0.672712326 0.737332880 0.061629768 -5.672180176 0.738367319 0.674347878 -0.008277555 11.037123680
-0.048300352 0.042969983 -0.997908115 -169.744216919 -0.671470284 0.738237560 0.064288795 -5.597808838 0.739455760 0.673170686 -0.006804065 11.011819839
-0.047933195 0.049816176 -0.997607529 -170.965774536 -0.671528816 0.737748861 0.069105700 -5.540061951 0.739426434 0.673234701 -0.001909663 10.984243393
-0.046315767 0.052727152 -0.997534335 -172.178283691 -0.672948897 0.736353397 0.070166975 -5.459774971 0.738237500 0.674539447 0.001377898 10.965265274
-0.044247199 0.048995834 -0.997818410 -173.374893188 -0.674029350 0.735748649 0.066016555 -5.377484322 0.737378120 0.675479949 0.000469810 10.943350792
-0.043300886 0.049380794 -0.997840941 -174.586563110 -0.675332844 0.734584570 0.065658636 -5.308722496 0.736240804 0.676717877 0.001540312 10.921726227
-0.042186327 0.052113358 -0.997749746 -175.790466309 -0.673314214 0.736321032 0.066927433 -5.245983124 0.738151968 0.674622416 0.004025985 10.894945145
-0.041643482 0.050090838 -0.997876108 -176.980361938 -0.673545897 0.736275852 0.065067664 -5.175215721 0.737971365 0.674825013 0.003077383 10.879771233
-0.039423037 0.048977148 -0.998021543 -178.151199341 -0.673528373 0.736493170 0.062748000 -5.102152824 0.738109291 0.674669564 0.003952708 10.863912582
-0.037688281 0.050589703 -0.998008132 -179.303268433 -0.674295187 0.735790074 0.062761441 -5.038232803 0.737499535 0.675317466 0.006381729 10.846699715
-0.036283575 0.052751414 -0.997948289 -180.418441772 -0.674299300 0.735730886 0.063406929 -4.984251022 0.737566233 0.675216496 0.008875295 10.827229500
-0.035452556 0.054117039 -0.997905016 -181.510437012 -0.675046861 0.735007346 0.063842312 -4.923191071 0.736922443 0.675896108 0.010473655 10.809328079
-0.035027299 0.055095986 -0.997866511 -182.553588867 -0.675402105 0.734643579 0.064270549 -4.868519783 0.736617327 0.676212430 0.011479374 10.795442581
-0.035279546 0.056237437 -0.997793913 -183.618194580 -0.674766183 0.735137761 0.065291747 -4.817608833 0.737187862 0.675581098 0.012011795 10.787051201
-0.034637809 0.055472571 -0.997859180 -184.609298706 -0.675369620 0.734672129 0.064285100 -4.763397217 0.736665428 0.676150560 0.012017065 10.772830009
-0.032181025 0.056090072 -0.997906864 -185.586486816 -0.675664544 0.734506011 0.063074082 -4.708150864 0.736506522 0.676280141 0.014260921 10.756311417
-0.031131290 0.056818496 -0.997899055 -186.527755737 -0.676316679 0.733921587 0.062887058 -4.671532631 0.735952914 0.676853538 0.015579375 10.764379501
-0.031021295 0.055248067 -0.997990668 -187.481475830 -0.675023198 0.735213518 0.061683156 -4.618184090 0.737144053 0.675580323 0.014486453 10.749816895
-0.033826321 0.052480813 -0.998048842 -188.396636963 -0.672866344 0.737197578 0.061569449 -4.572525024 0.738990247 0.673636079 0.010375885 10.737578392
-0.039047878 0.048705049 -0.998049557 -189.320358276 -0.672873437 0.737129807 0.062297720 -4.527142525 0.738726318 0.673993707 0.003988980 10.732263565
-0.043945130 0.045807373 -0.997983217 -190.235076904 -0.673687756 0.736286402 0.063460618 -4.481172562 0.737708271 0.675117910 -0.001496331 10.712910652
-0.047880035 0.044881310 -0.997844279 -191.159378052 -0.675341547 0.734595537 0.065446064 -4.421605110 0.735949278 0.677019238 -0.004862254 10.693539619
-0.050304383 0.045706950 -0.997687519 -192.071777344 -0.676687241 0.733150840 0.067706980 -4.360947609 0.734550178 0.678528428 -0.005951397 10.660248756
-0.052868608 0.047250964 -0.997483075 -192.991394043 -0.675673246 0.733815372 0.070573039 -4.310896873 0.735303044 0.677703619 -0.006869586 10.645967484
-0.053688958 0.048720401 -0.997368455 -193.909851074 -0.673858166 0.735325396 0.072194062 -4.246334076 0.736907542 0.675960839 -0.006648209 10.621988297
-0.054906610 0.051267959 -0.997174561 -194.814651489 -0.670673490 0.737964451 0.074869901 -4.206911087 0.739717722 0.672889352 -0.006135060 10.604570389
-0.056068115 0.050081767 -0.997170091 -195.720092773 -0.670890570 0.737776577 0.074776322 -4.139183044 0.739433706 0.673184514 -0.007766351 10.592845917
-0.056525797 0.048656464 -0.997214854 -196.604217529 -0.672268748 0.736594677 0.074046858 -4.072076797 0.738146067 0.674581945 -0.008926383 10.568951607
-0.056280151 0.047961585 -0.997262478 -197.515762329 -0.674681723 0.734450400 0.073397532 -4.011783600 0.735960066 0.676965475 -0.008976169 10.538982391
-0.055407062 0.046864383 -0.997363448 -198.429260254 -0.676602423 0.732817948 0.072021499 -3.955121994 0.734261036 0.678808928 -0.008894742 10.504842758
-0.053576685 0.044867549 -0.997555256 -199.334503174 -0.675197184 0.734375179 0.069293857 -3.888802528 0.735688984 0.677259088 -0.009050951 10.489078522
-0.052715138 0.042650130 -0.997698486 -200.237548828 -0.675147414 0.734626889 0.067076810 -3.828817368 0.735796928 0.677129507 -0.009930833 10.459835052
-0.051373214 0.044068076 -0.997706711 -201.162200928 -0.673804820 0.735847592 0.067197002 -3.781196594 0.737121344 0.675711751 -0.008109579 10.451173782
-0.051230788 0.046728194 -0.997593045 -202.088470459 -0.672450662 0.736913860 0.069051035 -3.729316711 0.738366783 0.674369633 -0.006330269 10.426980972
-0.051598780 0.048436750 -0.997492611 -203.017761230 -0.671744168 0.737415433 0.070556112 -3.682632446 0.738984048 0.673700392 -0.005512638 10.408961296
-0.049868062 0.045311745 -0.997727394 -203.960235596 -0.667813659 0.741302907 0.067044668 -3.623110771 0.742656052 0.669639468 -0.006707534 10.395907402
-0.048950754 0.042690083 -0.997888446 -204.908721924 -0.666351259 0.742845893 0.064466670 -3.569528580 0.744029403 0.668099940 -0.007916274 10.386399269
-0.046266489 0.043857954 -0.997965872 -205.866394043 -0.669328868 0.740242302 0.063562304 -3.504405975 0.741524279 0.670908153 -0.004893021 10.367355347
-0.044707466 0.047846425 -0.997853637 -206.827697754 -0.670436323 0.739072323 0.065476015 -3.448354721 0.740618765 0.671924710 -0.000964063 10.349164009
-0.042444989 0.048036236 -0.997943342 -207.794097900 -0.667231858 0.742086828 0.064099543 -3.391112328 0.743639648 0.668580353 0.000553442 10.343852043
-0.039006487 0.051166486 -0.997928083 -208.777938843 -0.666580796 0.742668808 0.064133607 -3.323358536 0.744411528 0.667701304 0.005137692 10.334299088
-0.040088441 0.054460831 -0.997710824 -209.758834839 -0.666707516 0.742274165 0.067306206 -3.267037392 0.744240463 0.667879581 0.006552829 10.297956467
-0.038007434 0.058421958 -0.997568190 -210.763885498 -0.664836764 0.743805170 0.068890817 -3.204220772 0.746021092 0.665838420 0.010570933 10.293244362
-0.036831737 0.058961127 -0.997580528 -211.772674561 -0.664467335 0.744169891 0.068516344 -3.143447876 0.746409118 0.665383160 0.011768667 10.296671867
-0.038867395 0.053571466 -0.997807324 -212.784332275 -0.672861099 0.736839235 0.065770134 -3.087504387 0.738747120 0.673942149 0.007407138 10.273928642
-0.036171202 0.051787663 -0.998002946 -213.811538696 -0.685604632 0.725287497 0.062484875 -3.028322220 0.727074921 0.686495543 0.009271344 10.256313324
-0.032906462 0.050140012 -0.998199940 -214.831542969 -0.688122690 0.723190725 0.059010696 -2.964779854 0.724847674 0.688825965 0.010704841 10.257884979
