0.999996722 -0.001069368 -0.002317777 -0.010109215 0.001051341 0.999969304 -0.007765243 0.034972697 0.002326009 0.007762782 0.999967158 1.013039708
0.999989033 -0.001468124 -0.004446071 -0.010215908 0.001428257 0.999958873 -0.008956654 0.018595256 0.004459037 0.008950207 0.999949992 1.527632475
0.999974906 -0.003419888 -0.006213468 -0.016295938 0.003351443 0.999933898 -0.010992718 0.009907212 0.006250653 0.010971616 0.999920189 2.035801411
0.999953866 -0.005659282 -0.007756489 -0.019179147 0.005556137 0.999896765 -0.013255497 -0.000794988 0.007830705 0.013211790 0.999882102 2.552011728
0.999934435 -0.006818801 -0.009192283 -0.024314404 0.006690942 0.999881387 -0.013869066 -0.015208453 0.009285763 0.013806657 0.999861598 3.073511839
0.999918044 -0.006885231 -0.010779511 -0.033121556 0.006741867 0.999889076 -0.013279949 -0.031134415 0.010869751 0.013206191 0.999853611 3.636601925
0.999904633 -0.007217083 -0.011776438 -0.041636936 0.007053426 0.999878824 -0.013879720 -0.046130531 0.011875180 0.013795329 0.999834418 4.144904137
0.999895155 -0.006533184 -0.012921768 -0.052908212 0.006318430 0.999842405 -0.016591074 -0.064846829 0.013028124 0.016507691 0.999778867 4.689728260
0.999892533 -0.004893652 -0.013814108 -0.072083287 0.004610285 0.999779820 -0.020470738 -0.082605660 0.013911244 0.020404853 0.999695063 5.243370056
0.999873579 -0.003941356 -0.015404008 -0.078052640 0.003573845 0.999710083 -0.023813272 -0.102581546 0.015493395 0.023755202 0.999597728 5.804666519
0.999842048 -0.002199760 -0.017636791 -0.079536371 0.001782236 0.999718666 -0.023654362 -0.110699266 0.017683862 0.023619192 0.999564588 6.089109898
0.999842882 0.000841730 -0.017703898 -0.107810460 -0.001151865 0.999845922 -0.017514985 -0.128710240 0.017686427 0.017532626 0.999689996 6.978163719
0.999825656 0.001195501 -0.018631741 -0.117823459 -0.001329234 0.999973416 -0.007166927 -0.138758689 0.018622683 0.007190442 0.999800801 7.585702419
0.999790967 0.001870567 -0.020357454 -0.121162370 -0.001886711 0.999997973 -0.000773850 -0.146683991 0.020355968 0.000812097 0.999792397 8.004344940
0.999771893 0.004519641 -0.020871490 -0.150099516 -0.004549196 0.999988735 -0.001368826 -0.178680256 0.020865072 0.001463464 0.999781251 8.853445053
0.999742031 0.006472026 -0.021772157 -0.168734372 -0.006655690 0.999942839 -0.008373803 -0.185630292 0.021716718 0.008516553 0.999727905 9.325408936
0.999725580 0.006715166 -0.022445645 -0.193393588 -0.007046114 0.999867201 -0.014698007 -0.195897475 0.022343973 0.014852131 0.999639928 10.150413513
0.999697387 0.003827052 -0.024303084 -0.200031057 -0.004146026 0.999905825 -0.013088042 -0.201145560 0.024250709 0.013184844 0.999618948 10.709945679
0.999701619 0.003905543 -0.024111431 -0.228565395 -0.004001986 0.999984324 -0.003952954 -0.219956890 0.024095614 0.004048270 0.999701440 11.557029724
0.999678075 0.003511336 -0.025125278 -0.236694813 -0.003434430 0.999989331 0.003103370 -0.225956976 0.025135908 -0.003016078 0.999679446 12.185237885
0.999685824 0.002298987 -0.024958620 -0.269562483 -0.002150550 0.999979854 0.005972541 -0.242210090 0.024971839 -0.005916991 0.999670684 13.039078712
0.999679029 0.000199987 -0.025333138 -0.282099724 -0.000085664 0.999989808 0.004513777 -0.240152195 0.025333781 -0.004510159 0.999668896 13.731313705
0.999695837 0.000282968 -0.024657577 -0.308376610 -0.000220850 0.999996781 0.002521941 -0.256138653 0.024658212 -0.002515728 0.999692738 14.584240913
0.999683678 0.002830300 -0.024989918 -0.320604414 -0.002856842 0.999995351 -0.001026485 -0.259674728 0.024986899 0.001097555 0.999687195 15.347026825
0.999726951 -0.000535318 -0.023361176 -0.348305047 0.000384355 0.999979019 -0.006466182 -0.277909487 0.023364149 0.006455438 0.999706209 16.204175949
0.999729514 -0.003559312 -0.022984598 -0.358476788 0.003270573 0.999915361 -0.012587681 -0.295050979 0.023027459 0.012509106 0.999656618 17.020517349
0.999770999 -0.002360966 -0.021268973 -0.392562777 0.001968562 0.999827802 -0.018451646 -0.309661776 0.021308873 0.018405547 0.999603689 17.899557114
0.999751031 -0.001411088 -0.022270503 -0.401431024 0.000966287 0.999800086 -0.019970790 -0.318532974 0.022294231 0.019944297 0.999552608 18.774942398
0.999765217 -0.000696956 -0.021657502 -0.433290958 0.000287786 0.999821544 -0.018890195 -0.356384307 0.021666801 0.018879531 0.999586999 19.664503098
0.999747574 0.000283275 -0.022466389 -0.449017763 -0.000742580 0.999790907 -0.020438442 -0.381551623 0.022455901 0.020449970 0.999538660 20.582674026
0.999761879 0.003453194 -0.021546260 -0.479021251 -0.003933351 0.999743938 -0.022282457 -0.417190105 0.021463796 0.022361897 0.999519527 21.480800629
0.999728680 0.006849865 -0.022259941 -0.506440222 -0.007362705 0.999707460 -0.023039013 -0.445172727 0.022095613 0.023196653 0.999486744 22.436950684
0.999732077 0.008242376 -0.021626910 -0.536979795 -0.008741885 0.999694884 -0.023104623 -0.483065456 0.021429874 0.023287497 0.999499083 23.358249664
0.999711215 0.008751426 -0.022380574 -0.558682442 -0.009272547 0.999685824 -0.023287611 -0.514840424 0.022169743 0.023488417 0.999478221 24.323650360
0.999699295 0.008602983 -0.022961516 -0.580478966 -0.009132815 0.999692082 -0.023070369 -0.554373205 0.022755971 0.023273136 0.999470115 25.311279297
0.999698639 0.010113449 -0.022369768 -0.614561558 -0.010610955 0.999696434 -0.022234242 -0.588369370 0.022138115 0.022464909 0.999502540 26.245935440
0.999672472 0.010617193 -0.023287391 -0.632725358 -0.011088108 0.999734700 -0.020186812 -0.625039220 0.023066891 0.020438412 0.999525070 27.253389359
0.999680400 0.011086117 -0.022716882 -0.672346413 -0.011524734 0.999747932 -0.019268818 -0.659868479 0.022497538 0.019524463 0.999556243 28.232309341
0.999661505 0.011182593 -0.023487266 -0.692353249 -0.011641961 0.999741793 -0.019513370 -0.707085133 0.023262989 0.019780200 0.999533653 29.258281708
0.999653280 0.012263325 -0.023300497 -0.722841203 -0.012757443 0.999694169 -0.021177251 -0.734868884 0.023033667 0.021467168 0.999504149 30.248983383
0.999636352 0.012077108 -0.024111062 -0.747881472 -0.012566652 0.999715745 -0.020256406 -0.769805193 0.023859570 0.020552039 0.999504030 31.287847519
0.999624729 0.011378976 -0.024919599 -0.785745382 -0.011828872 0.999768198 -0.017981417 -0.803027689 0.024709215 0.018269440 0.999527812 32.347866058
0.999628007 0.011537095 -0.024709292 -0.805203795 -0.011889446 0.999829054 -0.014160769 -0.836889982 0.024541691 0.014449285 0.999594390 33.346706390
0.999600887 0.011542059 -0.025783125 -0.827345073 -0.011854797 0.999857664 -0.012009804 -0.869421721 0.025640836 0.012310669 0.999595463 34.396717072
0.999586701 0.011397158 -0.026389960 -0.860167265 -0.011702622 0.999865890 -0.011449640 -0.898959041 0.026255926 0.011753742 0.999586165 35.474876404
0.999589086 0.011549562 -0.026232598 -0.902711570 -0.011891043 0.999846101 -0.012898896 -0.937677562 0.026079584 0.013205526 0.999572694 36.532768250
0.999551415 0.012588113 -0.027174529 -0.939825296 -0.012960565 0.999823809 -0.013573542 -0.961982310 0.026998881 0.013919648 0.999538600 37.616012573
0.999531448 0.012506138 -0.027936485 -0.966845691 -0.012849844 0.999843597 -0.012157651 -1.002839565 0.027780067 0.012510935 0.999535799 38.680198669
0.999498904 0.012229349 -0.029194444 -1.000614882 -0.012537174 0.999867558 -0.010384268 -1.030884624 0.029063584 0.010745082 0.999519825 39.755134583
0.999475718 0.011943594 -0.030090440 -1.043154120 -0.012189682 0.999893606 -0.008008130 -1.050186515 0.029991588 0.008370724 0.999515116 40.851318359
0.999468863 0.013826876 -0.029508874 -1.077310801 -0.014063763 0.999870360 -0.007835269 -1.100100636 0.029396713 0.008246113 0.999533832 41.899028778
0.999431551 0.015032990 -0.030179026 -1.118232846 -0.015392367 0.999812841 -0.011711245 -1.128615379 0.029997332 0.012169113 0.999475837 42.966415405
0.999405503 0.016471582 -0.030288801 -1.148662567 -0.016955717 0.999731421 -0.015797159 -1.160532475 0.030020459 0.016301336 0.999416351 44.044414520
0.999391556 0.017206263 -0.030342028 -1.189863086 -0.017704258 0.999711573 -0.016221045 -1.192370176 0.030054187 0.016748356 0.999407947 45.121635437
0.999391258 0.017217366 -0.030344306 -1.229427338 -0.017638551 0.999750972 -0.013667498 -1.225955725 0.030101439 0.014194410 0.999445975 46.212253571
0.999397933 0.018319674 -0.029461591 -1.272081375 -0.018670464 0.999757469 -0.011675960 -1.262031555 0.029240549 0.012218992 0.999497652 47.279563904
0.999403477 0.017332174 -0.029866150 -1.301298022 -0.017640661 0.999793410 -0.010096634 -1.297611952 0.029684987 0.010617470 0.999502838 48.366275787
0.999421358 0.016048532 -0.029987315 -1.330601454 -0.016378747 0.999807537 -0.010798783 -1.324017048 0.029808236 0.011283687 0.999491930 49.422149658
0.999433994 0.017277393 -0.028863974 -1.378218174 -0.017652994 0.999762118 -0.012808984 -1.377427459 0.028635804 0.013311272 0.999501288 50.520782471
0.999454677 0.016860668 -0.028387886 -1.405981541 -0.017304225 0.999730885 -0.015452223 -1.403473496 0.028119706 0.015935032 0.999477565 51.572170258
0.999468982 0.016262803 -0.028237388 -1.459455013 -0.016748743 0.999714255 -0.017058687 -1.464343429 0.027951894 0.017522568 0.999455810 52.690151215
0.999489188 0.014299127 -0.028579844 -1.480142474 -0.014885356 0.999680996 -0.020405490 -1.502535343 0.028278947 0.020820485 0.999383211 53.741798401
0.999533236 0.012923484 -0.027684618 -1.529688239 -0.013539949 0.999661982 -0.022196971 -1.547021627 0.027388396 0.022561457 0.999370217 54.827846527
0.999561489 0.010810899 -0.027564412 -1.557832599 -0.011351453 0.999744952 -0.019530147 -1.598420262 0.027346235 0.019834483 0.999429166 55.943122864
0.999584079 0.009053177 -0.027380222 -1.592980862 -0.009416928 0.999868751 -0.013185475 -1.638111830 0.027257252 0.013437830 0.999538124 57.039112091
0.999591529 0.007823505 -0.027488910 -1.617666483 -0.008040551 0.999937356 -0.007794030 -1.667187810 0.027426213 0.008011870 0.999591708 58.109523773
0.999603271 0.006372607 -0.027439758 -1.644626379 -0.006569072 0.999953449 -0.007075684 -1.697550058 0.027393391 0.007253128 0.999598444 59.182323456
0.999628246 0.003100468 -0.027087066 -1.679953098 -0.003374907 0.999943376 -0.010091868 -1.729794502 0.027054247 0.010179535 0.999582052 60.278198242
0.999633968 0.002149205 -0.026965609 -1.716586947 -0.002502585 0.999911249 -0.013077941 -1.763277173 0.026935110 0.013140637 0.999550819 61.353092194
0.999624014 0.003945973 -0.027131803 -1.752011180 -0.004401600 0.999849916 -0.016753923 -1.809519529 0.027061626 0.016867049 0.999491513 62.430900574
0.999631643 0.003476987 -0.026918791 -1.794426560 -0.004039804 0.999773800 -0.020881891 -1.849917889 0.026840100 0.020982949 0.999419510 63.502647400
0.999630570 0.006662467 -0.026348742 -1.830720901 -0.007235607 0.999737918 -0.021716865 -1.883142352 0.026197152 0.021899497 0.999416947 64.574577332
0.999613523 0.010991105 -0.025539782 -1.860490084 -0.011450029 0.999774337 -0.017892648 -1.932148933 0.025337363 0.018178161 0.999513745 65.670593262
0.999600172 0.012266072 -0.025478784 -1.892439604 -0.012675188 0.999792337 -0.015958222 -1.964922667 0.025277749 0.016274789 0.999548078 66.756927490
0.999603450 0.012017700 -0.025470048 -1.921792030 -0.012400226 0.999811888 -0.014914248 -2.007076025 0.025286024 0.015224171 0.999564350 67.837821960
0.999605775 0.009557764 -0.026401291 -1.935577631 -0.009929904 0.999852717 -0.014000569 -2.038482904 0.026263583 0.014257215 0.999553442 68.911499023
0.999623716 0.008952697 -0.025927765 -1.978997469 -0.009281076 0.999877870 -0.012572598 -2.080774784 0.025812043 0.012808505 0.999584734 70.005867004
0.999647141 0.007153440 -0.025584884 -2.020432949 -0.007429141 0.999915183 -0.010697109 -2.108665466 0.025506197 0.010883408 0.999615371 71.083084106
0.999621689 0.006475780 -0.026735624 -2.047856331 -0.006716814 0.999937475 -0.008935491 -2.145721436 0.026676090 0.009111688 0.999602616 72.185951233
0.999617636 0.005386522 -0.027126266 -2.079702854 -0.005663247 0.999932528 -0.010134879 -2.179248333 0.027069846 0.010284625 0.999580681 73.253044128
0.999598503 0.005559452 -0.027781490 -2.113860607 -0.005949045 0.999884844 -0.013960570 -2.213232756 0.027700674 0.014120237 0.999516487 74.341072083
0.999571383 0.006102448 -0.028631961 -2.150341272 -0.006558164 0.999852955 -0.015849531 -2.246670246 0.028531030 0.016030509 0.999464333 75.412994385
0.999541283 0.008344278 -0.029109279 -2.191257000 -0.008760796 0.999860644 -0.014210777 -2.283536434 0.028986644 0.014459283 0.999475241 76.487541199
0.999508917 0.009284873 -0.029923379 -2.216360569 -0.009592192 0.999902606 -0.010143146 -2.313253164 0.029826282 0.010425201 0.999500751 77.551528931
0.999489427 0.009823027 -0.030405585 -2.264420986 -0.010001075 0.999933720 -0.005709205 -2.353889704 0.030347487 0.006010378 0.999521375 78.629241943
0.999466240 0.011178741 -0.030698646 -2.308733702 -0.011347249 0.999921441 -0.005320350 -2.378248692 0.030636759 0.005665855 0.999514580 79.698806763
0.999447525 0.010833523 -0.031419925 -2.345010757 -0.011071454 0.999911249 -0.007408503 -2.408635139 0.031336874 0.007752275 0.999478817 80.763793945
0.999415159 0.010467465 -0.032551643 -2.369424820 -0.010734095 0.999910176 -0.008027037 -2.437919617 0.032464691 0.008371755 0.999437809 81.817375183
0.999420583 0.010372707 -0.032416180 -2.416919947 -0.010646983 0.999908805 -0.008299899 -2.469433546 0.032327138 0.008640229 0.999439895 82.869819641
0.999411404 0.008573309 -0.033215865 -2.461290836 -0.008837658 0.999930382 -0.007819877 -2.502130985 0.033146515 0.008108829 0.999417543 83.892601013
0.999396265 0.007837513 -0.033846051 -2.491521835 -0.008064462 0.999945939 -0.006574061 -2.527966976 0.033792689 0.006843043 0.999405444 84.928863525
0.999360442 0.007936345 -0.034866940 -2.523307085 -0.008082787 0.999959171 -0.004061045 -2.554331541 0.034833286 0.004340271 0.999383688 85.926567078
0.999351799 0.007164665 -0.035278685 -2.576869488 -0.007272531 0.999969244 -0.002930198 -2.583839417 0.035256606 0.003184862 0.999373198 86.909996033
0.999266446 0.006321590 -0.037769239 -2.608733177 -0.006449092 0.999973953 -0.003254919 -2.602162600 0.037747670 0.003496107 0.999281168 87.873306274
0.999159098 0.005494982 -0.040628765 -2.658751011 -0.005652462 0.999976933 -0.003762224 -2.632863283 0.040607158 0.003988715 0.999167204 88.810142517
0.999018312 0.004732288 -0.044045817 -2.708135128 -0.004926661 0.999978602 -0.004305475 -2.662786722 0.044024505 0.004518248 0.999020219 89.719795227
0.998864114 0.005202729 -0.047367193 -2.751204014 -0.005413554 0.999975920 -0.004323648 -2.683791161 0.047343574 0.004575163 0.998868227 90.633514404
0.998736143 0.006001872 -0.049902506 -2.813852787 -0.006151938 0.999976933 -0.002854098 -2.716775179 0.049884241 0.003157489 0.998750031 91.488327026
0.998554766 0.007159869 -0.053265698 -2.856323481 -0.007283972 0.999971092 -0.002136117 -2.729751110 0.053248864 0.002521015 0.998578131 92.332519531
0.998389661 0.008215636 -0.056132089 -2.913311481 -0.008264357 0.999965549 -0.000635880 -2.751882076 0.056124941 0.001098752 0.998423159 93.144805908
0.998210013 0.009753942 -0.059005033 -2.958190918 -0.009775355 0.999952376 -0.000074371 -2.764902115 0.059001490 0.000651037 0.998257697 93.941093445
0.998021185 0.011395795 -0.061836064 -3.005750656 -0.011375893 0.999935150 0.000673911 -2.789034367 0.061839730 0.000030865 0.998086095 94.692893982
0.997849822 0.013580001 -0.064119808 -3.073103666 -0.013666742 0.999906301 -0.000914350 -2.802157402 0.064101368 0.001788695 0.997941792 95.419845581
0.997658312 0.014254445 -0.066892199 -3.118360996 -0.014606977 0.999881923 -0.004783957 -2.817787886 0.066816099 0.005749849 0.997748792 96.110717773
0.997460067 0.017523628 -0.069038466 -3.186320305 -0.018126570 0.999802768 -0.008116618 -2.845230818 0.068882629 0.009347431 0.997581065 96.784652710
0.997219563 0.018948905 -0.072068669 -3.219346285 -0.019768240 0.999747634 -0.010672561 -2.865928650 0.071848229 0.012067556 0.997342706 97.415702820
0.997150719 0.021327116 -0.072357103 -3.285908937 -0.022240775 0.999682426 -0.011844939 -2.879860163 0.072081506 0.013420466 0.997308552 98.021675110
0.997154772 0.023630273 -0.071581185 -3.329041481 -0.024497611 0.999636471 -0.011263224 -2.906251431 0.071289003 0.012984749 0.997371137 98.618125916
0.997277677 0.027302951 -0.068496339 -3.375211239 -0.028015746 0.999562800 -0.009467264 -2.930129528 0.068207905 0.011360470 0.997606397 99.171394348
0.997574151 0.030015985 -0.062808387 -3.417129993 -0.030598773 0.999497056 -0.008337328 -2.945393801 0.062526554 0.010238963 0.997990787 99.705841064
0.997980297 0.030917818 -0.055490583 -3.447376013 -0.031314045 0.999489963 -0.006285037 -2.962023258 0.055267945 0.008009980 0.998439431 100.211074829
0.998471260 0.030390743 -0.046168078 -3.448791981 -0.030607497 0.999523520 -0.003994999 -2.977244616 0.046024654 0.005401984 0.998925626 100.743896484
0.998932600 0.030415066 -0.034766886 -3.451264143 -0.030534668 0.999529541 -0.002914197 -2.989251614 0.034661889 0.003972684 0.999391198 101.220481873
0.999345660 0.029325550 -0.021177143 -3.456248760 -0.029383691 0.999565244 -0.002439369 -3.009776115 0.021096405 0.003060037 0.999772787 101.675651550
0.999561489 0.028936526 -0.006287232 -3.441772461 -0.028957875 0.999575138 -0.003331640 -3.024671555 0.006188158 0.003512247 0.999974668 102.108734131
0.999556422 0.027501494 0.011436378 -3.420689821 -0.027425351 0.999601007 -0.006762225 -3.035327911 -0.011617783 0.006445579 0.999911785 102.521301270
0.999114096 0.026860410 0.032394953 -3.387130022 -0.026502833 0.999583602 -0.011417593 -3.048752308 -0.032688148 0.010548921 0.999409974 102.937942505
0.998067737 0.025139218 0.056821283 -3.349586010 -0.024238557 0.999570251 -0.016484788 -3.061084509 -0.057211265 0.015075667 0.998248279 103.328536987
0.996211410 0.022882374 0.083899230 -3.290454865 -0.021339267 0.999586999 -0.019243309 -3.076157093 -0.084304914 0.017380053 0.996288419 103.727638245
0.993315279 0.019870568 0.113709450 -3.216406822 -0.017673146 0.999637663 -0.020300569 -3.097067833 -0.114071637 0.018155258 0.993306637 104.119781494
0.989071846 0.017871102 0.146347448 -3.135097504 -0.014771861 0.999643505 -0.022236841 -3.111158371 -0.146692678 0.019832006 0.988983393 104.494194031
0.983132184 0.015141059 0.182268441 -3.050735474 -0.010950077 0.999652565 -0.023977954 -3.125425577 -0.182568163 0.021577651 0.982956409 104.838546753
0.975311279 0.011800254 0.220518798 -2.934238434 -0.006681823 0.999691069 -0.023942403 -3.148318768 -0.220733166 0.021877835 0.975088835 105.198226929
0.965161562 0.009524629 0.261481166 -2.818168640 -0.002911165 0.999666274 -0.025668023 -3.157388449 -0.261638403 0.024012581 0.964867175 105.554962158
0.953060567 0.010041486 0.302613050 -2.682554245 -0.002280609 0.999659717 -0.025988668 -3.184269667 -0.302771121 0.024078634 0.952759087 105.877838135
0.937694013 0.011871355 0.347259104 -2.545413971 -0.002909335 0.999649525 -0.026317889 -3.200932741 -0.347449809 0.023667837 0.937399864 106.192588806
0.919875085 0.012520304 0.392011404 -2.372680664 -0.002986048 0.999685109 -0.024921639 -3.216930628 -0.392199993 0.021754231 0.919622779 106.528388977
0.899811208 0.011469792 0.436128557 -2.191909790 -0.001186894 0.999715030 -0.023842845 -3.232401133 -0.436277658 0.020936426 0.899568498 106.818778992
0.876587749 0.010503154 0.481127381 -1.995700836 0.001278190 0.999707520 -0.024152702 -3.249482155 -0.481240332 0.021786936 0.876317978 107.111587524
0.851465523 0.011084466 0.524293423 -1.777484894 0.003001375 0.999657154 -0.026008775 -3.270102501 -0.524402022 0.023719177 0.851140380 107.394912720
0.824697137 0.012964775 0.565425992 -1.563388824 0.004104844 0.999573708 -0.028906526 -3.289891481 -0.565559745 0.026160119 0.824292302 107.624023438
0.793987334 0.017469656 0.607683361 -1.322227478 0.003475946 0.999440253 -0.033273470 -3.306420803 -0.607924521 0.028530983 0.793482006 107.894515991
0.759897530 0.023369271 0.649622679 -1.068607330 0.000552190 0.999329984 -0.036595434 -3.324327946 -0.650042713 0.028167497 0.759375513 108.158935547
0.723665237 0.028241755 0.689573109 -0.812191010 -0.001343049 0.999218285 -0.039513953 -3.334143400 -0.690149844 0.027668750 0.723137319 108.362258911
0.684679747 0.028818220 0.728274167 -0.508583069 0.000539030 0.999197841 -0.040045582 -3.354043722 -0.728843927 0.027810961 0.684114873 108.589653015
0.644178092 0.025865430 0.764437973 -0.205245972 0.005696055 0.999238133 -0.038610060 -3.365976572 -0.764854372 0.029226031 0.643539846 108.781524658
0.599659443 0.024203897 0.799889207 0.121414185 0.007246152 0.999337316 -0.035671290 -3.377856970 -0.800222576 0.027186742 0.599086583 108.991424561
0.553749800 0.022216102 0.832386672 0.457752228 0.008978753 0.999426603 -0.032647502 -3.392913818 -0.832634747 0.025552353 0.553232729 109.162429810
0.506184042 0.019802706 0.862198055 0.824386597 0.011503842 0.999492347 -0.029709782 -3.400391817 -0.862348855 0.024957214 0.505699277 109.326988220
0.455253720 0.016093342 0.890216291 1.168357849 0.013862960 0.999587357 -0.025160026 -3.421904802 -0.890253842 0.023795230 0.454842776 109.465858459
0.403653204 0.016505696 0.914763212 1.549839020 0.010884080 0.999679863 -0.022840673 -3.441211700 -0.914847314 0.019176068 0.403344423 109.597564697
0.352258295 0.021267561 0.935661197 1.926696777 0.008169642 0.999633729 -0.025797378 -3.454111576 -0.935867250 0.016731355 0.351955533 109.714553833
0.301728159 0.026886459 0.953014851 2.355903625 0.007906430 0.999497354 -0.030701034 -3.464405060 -0.953361332 0.016798314 0.301363885 109.819664001
0.255485445 0.028396549 0.966395795 2.732658386 0.009958994 0.999438405 -0.032000326 -3.480049372 -0.966761649 0.017799946 0.255059123 109.877777100
0.214393646 0.028572090 0.976329446 3.180036545 0.015974415 0.999335825 -0.032753218 -3.500003815 -0.976616681 0.022618372 0.213794857 109.932266235
0.179470822 0.028011998 0.983364582 3.594575882 0.025422273 0.999128640 -0.033100802 -3.512046814 -0.983434796 0.030939991 0.178602293 109.975105286
0.148205191 0.029537231 0.988515556 4.081903458 0.028924173 0.998996854 -0.034186937 -3.526772261 -0.988533556 0.033658680 0.147202179 110.032936096
0.120857447 0.027624240 0.992285490 4.521813393 0.027529599 0.999134898 -0.031167954 -3.548110485 -0.992288053 0.031084102 0.119992420 110.061637878
0.095612474 0.024736874 0.995111287 5.070607185 0.021096917 0.999416232 -0.026870931 -3.559729099 -0.995195031 0.023562981 0.095034786 110.112678528
0.071510755 0.020219410 0.997234821 5.532514572 0.016196392 0.999639273 -0.021429583 -3.581601143 -0.997308254 0.017684059 0.071157478 110.136138916
0.048519384 0.017773613 0.998664081 6.121268749 0.020783503 0.999607205 -0.018800151 -3.601106405 -0.998605907 0.021667909 0.048130929 110.153572083
0.028981902 0.018379383 0.999410927 6.607436180 0.028852174 0.999399006 -0.019215850 -3.621000528 -0.999163508 0.029392095 0.028434198 110.135253906
0.010430971 0.020883553 0.999727547 7.223003387 0.032815855 0.999236226 -0.021215688 -3.647064924 -0.999407053 0.033028211 0.009737693 110.142707825
-0.003010626 0.026273618 0.999650240 7.746799946 0.033584457 0.999093533 -0.026157843 -3.654532433 -0.999431312 0.033493966 -0.003890282 110.118034363
-0.014098562 0.030773880 0.999426961 8.414695740 0.030527126 0.999073505 -0.030332368 -3.676701069 -0.999434590 0.030081993 -0.015024940 110.118217468
-0.020316403 0.030499242 0.999328315 8.965160370 0.032576948 0.999024093 -0.029827666 -3.692400932 -0.999262750 0.031949077 -0.021290150 110.091850281
-0.022925729 0.027431339 0.999360740 9.673784256 0.038217787 0.998916864 -0.026542425 -3.721142769 -0.999006450 0.037584856 -0.023949264 110.066650391
-0.021881945 0.025684122 0.999430537 10.257867813 0.040879536 0.998856902 -0.024774345 -3.736549854 -0.998924434 0.040314134 -0.022906886 110.041267395
-0.020228107 0.025474703 0.999470770 11.008110046 0.039959528 0.998897135 -0.024651350 -3.755748034 -0.998996556 0.039439719 -0.021223756 110.038391113
-0.018639239 0.025568301 0.999499261 11.624193192 0.035924304 0.999044597 -0.024886727 -3.785652637 -0.999180615 0.035442457 -0.019539956 110.030937195
-0.017174201 0.026802488 0.999493182 12.397392273 0.035079464 0.999041319 -0.026187604 -3.807452440 -0.999236882 0.034611940 -0.018097956 110.015007019
-0.016415920 0.027647302 0.999482870 13.047944069 0.034757949 0.999029279 -0.027063869 -3.834160566 -0.999261081 0.034295704 -0.017360946 110.009307861
-0.015941281 0.027042206 0.999507189 13.863945961 0.034218952 0.999063432 -0.026484439 -3.862628937 -0.999287307 0.033779893 -0.016851706 110.003143311
-0.014997178 0.026186422 0.999544561 14.546495438 0.032602172 0.999138296 -0.025686614 -3.882280827 -0.999355853 0.032202087 -0.015837990 109.990928650
-0.014430977 0.024720619 0.999590278 15.394697189 0.034504030 0.999111295 -0.024210645 -3.916497946 -0.999300361 0.034140505 -0.015271115 109.977340698
-0.014732027 0.022473104 0.999638915 16.086572647 0.034140326 0.999175787 -0.021959556 -3.940064907 -0.999308527 0.033804484 -0.015487125 109.963043213
-0.015832968 0.020796280 0.999658287 16.950351715 0.031749994 0.999289989 -0.020285750 -3.970929384 -0.999370515 0.031417970 -0.016482007 109.951751709
-0.016956789 0.019711465 0.999661922 17.637573242 0.031378474 0.999323666 -0.019172540 -3.992515087 -0.999363720 0.031042757 -0.017563837 109.940673828
-0.018320449 0.017290527 0.999682665 18.518968582 0.033280175 0.999306858 -0.016674131 -4.018209457 -0.999278069 0.032964133 -0.018883185 109.921997070
-0.019131640 0.015555268 0.999695957 19.234540939 0.035207484 0.999269307 -0.014874847 -4.041478634 -0.999196887 0.034912206 -0.019665323 109.904899597
-0.020636346 0.014544258 0.999681234 20.137847900 0.032098316 0.999388278 -0.013877394 -4.071942329 -0.999271631 0.031801704 -0.021090569 109.885330200
-0.021817725 0.019172821 0.999578059 20.853210449 0.029404141 0.999395967 -0.018527526 -4.096205711 -0.999329448 0.028987501 -0.022368304 109.882171631
-0.022289904 0.023892572 0.999466002 21.757387161 0.030905729 0.999253154 -0.023198232 -4.123947620 -0.999273777 0.030372135 -0.023011670 109.858619690
-0.023775745 0.025459914 0.999393046 22.499912262 0.030726517 0.999221921 -0.024724573 -4.150380135 -0.999245048 0.030120034 -0.024539545 109.848953247
-0.025507895 0.023575542 0.999396563 23.417602539 0.027547214 0.999358833 -0.022871559 -4.176119804 -0.999294996 0.026947200 -0.026140984 109.835090637
-0.026313951 0.019106122 0.999471068 24.175327301 0.024281658 0.999534547 -0.018468054 -4.210732460 -0.999358833 0.023782844 -0.026765635 109.822570801
-0.027097760 0.013841227 0.999536872 25.094133377 0.022412611 0.999661207 -0.013235336 -4.241491795 -0.999381602 0.022043578 -0.027398799 109.809967041
-0.026886478 0.008116625 0.999605477 25.845708847 0.018996805 0.999790609 -0.007607169 -4.265702248 -0.999458015 0.018784782 -0.027035039 109.789077759
-0.026162092 0.006453697 0.999636829 26.759275436 0.017313652 0.999832094 -0.006001831 -4.298942566 -0.999507844 0.017150344 -0.026269440 109.762588501
-0.025777720 0.013668676 0.999574125 27.502450943 0.019666759 0.999719918 -0.013163487 -4.321006298 -0.999474227 0.019319063 -0.026039323 109.750823975
-0.023914214 0.025148107 0.999397576 28.374917984 0.022536738 0.999443054 -0.024609979 -4.340083599 -0.999460042 0.021934634 -0.024467656 109.717018127
-0.024071956 0.030524326 0.999244094 29.135974884 0.024056463 0.999261975 -0.029945355 -4.364732742 -0.999420762 0.023317430 -0.024788499 109.713760376
-0.022440132 0.025030101 0.999434769 30.013401031 0.025485452 0.999375939 -0.024456415 -4.399222374 -0.999423385 0.024922239 -0.023064028 109.690795898
-0.021975836 0.016977813 0.999614298 30.779628754 0.028103106 0.999471128 -0.016357556 -4.431887150 -0.999363422 0.027732801 -0.022441346 109.680130005
-0.021795483 0.013924920 0.999665439 31.637950897 0.029383253 0.999479949 -0.013281701 -4.468758106 -0.999330640 0.029083941 -0.022193309 109.667259216
-0.022014147 0.014801777 0.999648094 32.397495270 0.028469941 0.999494135 -0.014172537 -4.487948895 -0.999352217 0.028147930 -0.022424417 109.656570435
-0.023520838 0.015365604 0.999605298 33.236381531 0.025324898 0.999570191 -0.014769167 -4.517504692 -0.999402583 0.024967520 -0.023899863 109.651771545
-0.024658309 0.015822437 0.999570668 33.985202789 0.023645289 0.999604225 -0.015239666 -4.542597771 -0.999416232 0.023259357 -0.025022680 109.625679016
-0.026426947 0.015547654 0.999529839 34.808223724 0.022214619 0.999641299 -0.014962047 -4.574477673 -0.999403894 0.021808777 -0.026762860 109.601692200
-0.028696811 0.016392386 0.999453664 35.568367004 0.021990076 0.999633908 -0.015763951 -4.595272541 -0.999346197 0.021525690 -0.029046778 109.585105896
-0.030410415 0.016896721 0.999394655 36.382843018 0.021023497 0.999646783 -0.016261263 -4.623198986 -0.999316335 0.020516260 -0.030754905 109.559730530
-0.032996934 0.016027119 0.999326944 37.130977631 0.018425418 0.999711275 -0.015424891 -4.646298885 -0.999285758 0.017904039 -0.033282705 109.550201416
-0.034703575 0.014825527 0.999287665 37.936386108 0.019718735 0.999705493 -0.014146929 -4.672102451 -0.999203146 0.019213740 -0.034985691 109.522613525
-0.037073974 0.014614481 0.999205649 38.680656433 0.018179949 0.999737442 -0.013947720 -4.704509258 -0.999147296 0.017648408 -0.037329923 109.501403809
-0.039356116 0.015518392 0.999104738 39.477069855 0.017869152 0.999730408 -0.014824219 -4.732625484 -0.999065518 0.017269729 -0.039622813 109.482429504
-0.040179554 0.015915802 0.999065697 40.205986023 0.018694971 0.999710023 -0.015174210 -4.754194736 -0.999017537 0.018067816 -0.040465452 109.450706482
-0.041050222 0.014627215 0.999049962 40.982246399 0.020648688 0.999691665 -0.013788172 -4.779609203 -0.998943686 0.020063071 -0.041339595 109.414527893
-0.042357322 0.013770329 0.999007583 41.707149506 0.020759705 0.999701142 -0.012899693 -4.808343410 -0.998886883 0.020192705 -0.042630542 109.380287170
-0.044213448 0.013774510 0.998927057 42.493518829 0.019672260 0.999722958 -0.012914773 -4.828971386 -0.998828530 0.019080143 -0.044472184 109.364799500
-0.045222394 0.012657345 0.998896718 43.193637848 0.017569799 0.999775171 -0.011873048 -4.853068352 -0.998822451 0.017013488 -0.045434624 109.330207825
-0.045900866 0.011074787 0.998884618 43.923217773 0.016482545 0.999810874 -0.010327647 -4.878803253 -0.998810053 0.015990116 -0.046074722 109.299156189
-0.046569038 0.011208790 0.998852253 44.606990814 0.016732464 0.999805570 -0.010439379 -4.899742126 -0.998775005 0.016227107 -0.046747539 109.268638611
-0.046818752 0.013822477 0.998807728 45.314281464 0.017040020 0.999769926 -0.013037046 -4.922786713 -0.998758018 0.016409330 -0.047043514 109.242660522
-0.046586793 0.016906941 0.998771191 45.977191925 0.017426725 0.999718249 -0.016110126 -4.942448616 -0.998762190 0.016654789 -0.046868291 109.209999084
-0.046917275 0.018376518 0.998729825 46.679862976 0.015075239 0.999729872 -0.017686734 -4.969053268 -0.998785019 0.014226275 -0.047181625 109.185226440
-0.047060478 0.019115122 0.998709083 47.328453064 0.015527309 0.999710083 -0.018402612 -4.992816925 -0.998771310 0.014641231 -0.047343642 109.158988953
-0.046832036 0.018605366 0.998729527 48.015022278 0.016636055 0.999702394 -0.017843399 -5.021797657 -0.998764217 0.015779279 -0.047127612 109.127212524
-0.047257539 0.018011717 0.998720348 48.666580200 0.017204069 0.999703825 -0.017215390 -5.047743320 -0.998734534 0.016368499 -0.047553424 109.096824646
-0.048103001 0.017750388 0.998684645 49.357261658 0.012804984 0.999770880 -0.017152926 -5.073189259 -0.998760223 0.011963038 -0.048319284 109.081039429
-0.047739558 0.018202174 0.998694003 50.000804901 0.010563780 0.999787211 -0.017717132 -5.099027634 -0.998803973 0.009704174 -0.047921680 109.051612854
-0.047625024 0.017056348 0.998719692 50.665847778 0.012123927 0.999790490 -0.016496493 -5.120402813 -0.998791754 0.011322759 -0.047821835 109.021797180
-0.048637148 0.016196644 0.998685122 51.315090179 0.011955114 0.999806404 -0.015632600 -5.145921707 -0.998744965 0.011179069 -0.048821371 108.989448547
-0.051658891 0.015991529 0.998536646 51.967929840 0.009098947 0.999837935 -0.015541635 -5.161431313 -0.998623431 0.008282769 -0.051796019 108.954093933
-0.057013221 0.015323424 0.998255789 52.616676331 0.005066949 0.999873757 -0.015058875 -5.188531399 -0.998360515 0.004199555 -0.057083681 108.925643921
-0.062911928 0.019529752 0.997828007 53.264911652 0.009072383 0.999778450 -0.018995926 -5.206964970 -0.997977853 0.007857607 -0.063075170 108.882957458
-0.069275543 0.021812806 0.997359037 53.905643463 0.011028275 0.999716520 -0.021098357 -5.232370853 -0.997536659 0.009537551 -0.069496490 108.828765869
-0.076786578 0.022863930 0.996785283 54.558639526 0.009697427 0.999706864 -0.022183910 -5.263992786 -0.997000515 0.007962828 -0.076985799 108.781486511
-0.082801260 0.022153061 0.996319830 55.219825745 0.006265411 0.999744713 -0.021708515 -5.287791252 -0.996546328 0.004444858 -0.082918935 108.730224609
-0.087839551 0.021820618 0.995895624 55.888950348 0.006894845 0.999749422 -0.021296922 -5.300046921 -0.996110797 0.004995832 -0.087967992 108.668586731
-0.092376187 0.021745648 0.995486736 56.553298950 0.003673974 0.999762177 -0.021498116 -5.333203316 -0.995717466 0.001671478 -0.092434108 108.608711243
-0.096020371 0.020961383 0.995158672 57.224334717 0.001459039 0.999780118 -0.020917946 -5.356923103 -0.995378315 -0.000556574 -0.096029833 108.544570923
-0.099022292 0.018332040 0.994916260 57.916404724 0.002163980 0.999831915 -0.018207233 -5.371987343 -0.995082796 0.000350056 -0.099045329 108.482795715
-0.100619532 0.015430954 0.994805276 58.617443085 0.004108346 0.999877572 -0.015094097 -5.392359257 -0.994916439 0.002568242 -0.100670628 108.407806396
-0.102008827 0.012177873 0.994708836 59.319156647 0.003519664 0.999923229 -0.011880765 -5.418638229 -0.994777203 0.002289101 -0.102043867 108.340843201
-0.103724889 0.011688294 0.994537354 60.040954590 0.002501549 0.999930859 -0.011490785 -5.441105366 -0.994602919 0.001296004 -0.103746988 108.277297974
-0.104056954 0.015665671 0.994447887 60.742202759 0.004535915 0.999872983 -0.015276506 -5.456087589 -0.994560957 0.002921106 -0.104114793 108.201751709
-0.104286447 0.020298095 0.994340062 61.471057892 0.011186847 0.999752343 -0.019235302 -5.473842144 -0.994484365 0.009117550 -0.104487702 108.120994568
-0.104705438 0.024390293 0.994204223 62.187206268 0.017454635 0.999590456 -0.022684174 -5.506666183 -0.994350135 0.014978318 -0.105088271 108.034889221
-0.105133146 0.026000280 0.994118273 62.934150696 0.018818690 0.999531269 -0.024151675 -5.526322365 -0.994280159 0.016168861 -0.105573162 107.953186035
-0.105648160 0.023354461 0.994129241 63.662696838 0.016388400 0.999629319 -0.021742040 -5.555315971 -0.994268596 0.013995182 -0.105991714 107.883186340
-0.106108256 0.018326761 0.994185686 64.417663574 0.017276356 0.999713242 -0.016584769 -5.584075451 -0.994204521 0.015416126 -0.106394440 107.809646606
-0.105917983 0.016163986 0.994243503 65.125083923 0.019031212 0.999717653 -0.014225568 -5.612327099 -0.994192719 0.017414914 -0.106195681 107.730316162
-0.106053390 0.015956935 0.994232416 65.861030579 0.019768246 0.999707401 -0.013936158 -5.637014389 -0.994163930 0.018176250 -0.106337786 107.644401550
-0.108514138 0.016528118 0.993957520 66.593093872 0.017153211 0.999744058 -0.014751662 -5.661812782 -0.993946910 0.015448799 -0.108769856 107.582534790
-0.110825375 0.017652931 0.993683159 67.333595276 0.016117791 0.999742746 -0.015962966 -5.680801868 -0.993709147 0.014246875 -0.111081377 107.508689880
-0.112817928 0.017702147 0.993457913 68.074333191 0.017883345 0.999715567 -0.015782805 -5.708069801 -0.993454695 0.015985770 -0.113102406 107.418884277
-0.114358753 0.017795049 0.993279994 68.800102234 0.018317780 0.999707401 -0.015801225 -5.728020668 -0.993270636 0.016387679 -0.114651240 107.333740234
-0.116327882 0.017321227 0.993059754 69.539955139 0.017840696 0.999723017 -0.015347578 -5.755012512 -0.993050575 0.015931530 -0.116604678 107.244842529
-0.117440842 0.017962158 0.992917359 70.278579712 0.016136676 0.999738932 -0.016176937 -5.773709297 -0.992948711 0.014122559 -0.117700033 107.155441284
-0.119345754 0.018966697 0.992671609 71.036079407 0.015885374 0.999725997 -0.017191637 -5.812881947 -0.992725730 0.013717208 -0.119614355 107.081626892
-0.119767815 0.019167002 0.992616892 71.769409180 0.015175753 0.999732137 -0.017473307 -5.840744495 -0.992685974 0.012970967 -0.120026581 106.980232239
-0.121197231 0.020025225 0.992426515 72.520065308 0.014610942 0.999724150 -0.018388163 -5.843281269 -0.992520988 0.012271689 -0.121456392 106.907417297
-0.122375570 0.018023169 0.992320180 73.305511475 0.015220062 0.999751627 -0.016281163 -5.880009651 -0.992367089 0.013110759 -0.122619510 106.807624817
-0.123719297 0.015548554 0.992195368 74.068481445 0.012169656 0.999825895 -0.014150664 -5.897332191 -0.992242634 0.010323969 -0.123886980 106.724952698
-0.125300243 0.013914648 0.992021322 74.837677002 0.009346770 0.999873757 -0.012844220 -5.912368774 -0.992074788 0.007662814 -0.125414535 106.635879517
-0.127996713 0.012722529 0.991693020 75.590995789 0.010307721 0.999880672 -0.011497165 -5.940999508 -0.991720974 0.008750498 -0.128112629 106.555931091
-0.129619092 0.013678823 0.991469562 76.366523743 0.011969761 0.999853492 -0.012229635 -5.960268021 -0.991491556 0.010282462 -0.129763857 106.457481384
-0.131726012 0.014785907 0.991175890 77.164733887 0.011241437 0.999846697 -0.013421281 -5.991817951 -0.991222262 0.009374313 -0.131872058 106.346534729
-0.132760689 0.018508065 0.990975320 77.981895447 0.012158818 0.999780834 -0.017043611 -6.010799885 -0.991073489 0.009786371 -0.132956609 106.224075317
-0.133450553 0.022468070 0.990800738 78.780014038 0.014366333 0.999681830 -0.020734468 -6.037262917 -0.990951359 0.011467151 -0.133730844 106.126075745
-0.134782568 0.026022324 0.990533412 79.586753845 0.015424720 0.999589026 -0.024161372 -6.071354389 -0.990755200 0.012022169 -0.135128602 106.022766113
-0.133946002 0.027267573 0.990613401 80.402671814 0.017378420 0.999532282 -0.025163254 -6.097811699 -0.990836263 0.013844779 -0.134357184 105.897766113
-0.133438841 0.026822980 0.990693986 81.222900391 0.020564500 0.999493420 -0.024291350 -6.127816200 -0.990843654 0.017131714 -0.133922845 105.785697937
-0.133436695 0.024221111 0.990761340 82.042411804 0.021424180 0.999538124 -0.021550259 -6.160879612 -0.990825713 0.018350653 -0.133893982 105.673011780
-0.131912336 0.023024738 0.990993977 82.872817993 0.020804571 0.999574363 -0.020454772 -6.191301346 -0.991042972 0.017918972 -0.132335216 105.556045532
-0.130632743 0.020362295 0.991221786 83.723289490 0.019459419 0.999649227 -0.017970866 -6.224262238 -0.991239727 0.016941024 -0.130983144 105.461944580
-0.128907949 0.017523006 0.991501689 84.570495605 0.020227905 0.999682248 -0.015037698 -6.246006966 -0.991450191 0.018117527 -0.129221439 105.347396851
-0.126702592 0.014132496 0.991840065 85.411659241 0.020641085 0.999719501 -0.011607975 -6.269192696 -0.991725862 0.019001899 -0.126958773 105.239860535
-0.125382051 0.013923174 0.992010891 86.275894165 0.019022638 0.999751389 -0.011627511 -6.298147202 -0.991926193 0.017412772 -0.125615746 105.138580322
-0.123873614 0.017918605 0.992136300 87.126640320 0.020149458 0.999676228 -0.015539011 -6.329771996 -0.992093384 0.018066129 -0.124194600 105.039634705
-0.122003265 0.024300799 0.992232084 87.976440430 0.020618759 0.999546587 -0.021944685 -6.356406689 -0.992315650 0.017781271 -0.122448973 104.934761047
-0.119907789 0.028102783 0.992387176 88.813323975 0.019466585 0.999473751 -0.025951359 -6.377574444 -0.992594123 0.016206622 -0.120391749 104.832191467
-0.119199991 0.025408061 0.992545187 89.681350708 0.016668277 0.999582767 -0.023586445 -6.413009644 -0.992730319 0.013732512 -0.119573809 104.744880676
-0.117940798 0.023074223 0.992752433 90.530845642 0.017467357 0.999623537 -0.021158773 -6.446165562 -0.992866933 0.014845279 -0.118299440 104.641433716
-0.117649496 0.020890076 0.992835462 91.406044006 0.017517714 0.999666810 -0.018957991 -6.487920761 -0.992900670 0.015161805 -0.117976256 104.547233582
