0.993203044 0.021820385 -0.114330202 10.441575050 -0.023974882 0.999559224 -0.017503284 -0.456606090 0.113897890 0.020125367 0.993288577 27.218732834
0.994090199 0.022660026 -0.106166147 9.862710953 -0.025023967 0.999466538 -0.020987347 -0.497010320 0.105633959 0.023520013 0.994126797 31.183614731
0.995236218 0.024334963 -0.094407022 9.256717682 -0.026581049 0.999391019 -0.022607209 -0.666963696 0.093799390 0.025008952 0.995276928 34.827865601
0.996389747 0.029861668 -0.079470351 8.502325058 -0.031657990 0.999268770 -0.021440292 -1.058089375 0.078771994 0.023878764 0.996606648 38.760173798
0.997524261 0.028558547 -0.064262122 7.971166611 -0.029975407 0.999325871 -0.021192910 -1.201118350 0.063613556 0.023066724 0.997707963 41.451354980
0.998193324 0.028179146 -0.053065866 7.583426476 -0.029405000 0.999315143 -0.022463081 -1.281979322 0.052396543 0.023982901 0.998338223 43.964878082
0.998759031 0.024564162 -0.043326829 7.289145470 -0.025567161 0.999414206 -0.022749290 -1.437988997 0.042742636 0.023828799 0.998801887 46.534248352
0.999167323 0.023045942 -0.033665065 7.055630684 -0.023914697 0.999385178 -0.025635213 -1.479108930 0.033053573 0.026418958 0.999104321 49.049072266
0.999360263 0.025618425 -0.024954431 6.906462193 -0.026342841 0.999228120 -0.029146967 -1.516600370 0.024188448 0.029785691 0.999263644 51.716964722
0.999565363 0.025758279 -0.014335345 6.733476639 -0.026210180 0.999135077 -0.032283008 -1.559846997 0.013491387 0.032644711 0.999375939 54.432056427
0.999630928 0.027145188 -0.001131872 6.577503204 -0.027167464 0.999124706 -0.031807810 -1.621619463 0.000267439 0.031826820 0.999493361 55.664413452
0.997905731 0.008040408 0.064181790 5.708660603 -0.005546743 0.999226272 -0.038937196 -1.933455467 -0.064445212 0.038499665 0.997178257 66.497032166
0.997756600 0.014790403 0.065290764 6.006199837 -0.012362918 0.999222875 -0.037428338 -2.061460972 -0.065793611 0.036537189 0.997164011 69.016799927
0.997388899 0.012575019 0.071113542 6.005471230 -0.009889388 0.999229133 -0.037992205 -2.096581936 -0.071536474 0.037189733 0.996744394 69.850929260
0.997651875 -0.002628540 0.068438046 7.265874863 0.004707562 0.999531686 -0.030234614 -3.026464224 -0.068326518 0.030485798 0.997197032 77.743148804
0.997121572 -0.001870167 0.075795658 7.269101620 0.004363337 0.999454260 -0.032741070 -3.029478312 -0.075693063 0.032977551 0.996585608 78.807983398
0.997371912 -0.003260948 0.072377510 7.877281666 0.005041973 0.999688566 -0.024438407 -3.454105854 -0.072275311 0.024739105 0.997077942 82.027000427
0.996823072 -0.002748747 0.079599760 7.885306835 0.005096435 0.999557436 -0.029305549 -3.453577518 -0.079483993 0.029618125 0.996396005 82.976959229
0.997240841 -0.006573946 0.073941126 8.524246216 0.008364527 0.999678612 -0.023932746 -3.901353121 -0.073760055 0.024485197 0.996975362 85.921958923
0.997515738 -0.009597962 0.069785312 8.604574203 0.011228474 0.999672234 -0.023010060 -3.931055069 -0.069541618 0.023736486 0.997296631 86.430313110
0.997175753 -0.009874997 0.074449889 8.748311996 0.011440779 0.999721587 -0.020634282 -4.054761887 -0.074225388 0.021427769 0.997011244 88.138603210
0.997141182 -0.009276798 0.074989036 8.764863014 0.010857850 0.999726653 -0.020703603 -4.037775993 -0.074776478 0.021458631 0.996969342 88.764198303
0.997041404 -0.010884067 0.076091379 8.926929474 0.012515166 0.999701202 -0.020992119 -4.137407780 -0.075840175 0.021882307 0.996879816 90.389114380
0.997166216 -0.011544277 0.074338950 8.989068985 0.013266551 0.999653935 -0.022715857 -4.166694164 -0.074050978 0.023637708 0.996974289 91.142044067
0.996996284 -0.010383815 0.076751955 9.123431206 0.012147941 0.999671817 -0.022553699 -4.254364014 -0.076492585 0.023418332 0.996794999 92.535942078
0.996959388 -0.009920249 0.077289097 9.194932938 0.011807974 0.999642193 -0.024005605 -4.284790039 -0.077023298 0.024845244 0.996719599 93.434242249
0.996835768 -0.007495392 0.079134360 9.317129135 0.009445611 0.999660075 -0.024298962 -4.300720215 -0.078925341 0.024969546 0.996567845 94.658241272
0.996905804 -0.007040646 0.078289591 9.479139328 0.008967121 0.999664903 -0.024282761 -4.302710533 -0.078092404 0.024909658 0.996634781 95.699592590
0.996809304 -0.008150108 0.079401925 9.556749344 0.010081563 0.999662220 -0.023954583 -4.333953857 -0.079179876 0.024678649 0.996554792 96.695495605
0.996507287 -0.007364631 0.083181471 9.672348976 0.009126584 0.999741614 -0.020821705 -4.446585178 -0.083006628 0.021508144 0.996316850 97.813331604
0.996248960 -0.007408661 0.086215220 9.762155533 0.009290968 0.999726653 -0.021451933 -4.487927437 -0.086032704 0.022172488 0.996045589 98.894660950
0.995815694 -0.008001868 0.091033578 9.864811897 0.010224547 0.999660194 -0.023975918 -4.504717350 -0.090810798 0.024806371 0.995559096 99.817466736
0.995509923 -0.007678483 0.094345346 9.966131210 0.010184656 0.999607205 -0.026111089 -4.540441036 -0.094107792 0.026954724 0.995196998 100.933982849
0.994920969 -0.006189331 0.100468419 10.032685280 0.008784350 0.999638498 -0.025407366 -4.596790791 -0.100274846 0.026160870 0.994615793 101.724899292
0.994297266 -0.006099481 0.106468566 10.126563072 0.008846104 0.999639571 -0.025344323 -4.640974045 -0.106275611 0.026141627 0.993992984 102.801506042
0.993735731 -0.003927669 0.111685976 10.254491806 0.006998967 0.999607563 -0.027120627 -4.663543701 -0.111535639 0.027732423 0.993373394 103.603881836
0.992972732 -0.003314339 0.118296288 10.398853302 0.006527159 0.999619901 -0.026781995 -4.715903282 -0.118162572 0.027365932 0.992617011 104.723358154
0.991721809 -0.000125534 0.128404677 10.471240044 0.003532291 0.999647737 -0.026304025 -4.746633053 -0.128356129 0.026539842 0.991372943 105.445861816
0.990363479 0.001587809 0.138483077 10.622003555 0.002017178 0.999662757 -0.025887728 -4.791145325 -0.138477474 0.025917606 0.990026355 106.544700623
0.988384008 0.004551436 0.151908889 10.718986511 -0.000576351 0.999656498 -0.026201360 -4.824462891 -0.151975989 0.025809456 0.988047063 107.242340088
0.986080587 0.005827162 0.166165978 10.891620636 -0.001652227 0.999679685 -0.025252271 -4.882376671 -0.166259915 0.024626231 0.985774398 108.282363892
0.982848585 0.008787314 0.184204623 11.000555038 -0.004514418 0.999711156 -0.023603015 -4.921010971 -0.184358865 0.022366611 0.982604444 109.115692139
0.979460955 0.008728416 0.201444954 11.205971718 -0.004215197 0.999730647 -0.022822326 -4.957941055 -0.201589897 0.021504447 0.979233861 110.150482178
0.975043952 0.008032595 0.221866548 11.352804184 -0.002449786 0.999673665 -0.025426667 -4.969616890 -0.221998394 0.024248593 0.974745452 110.971122742
0.970390141 0.007110174 0.241438180 11.610177994 -0.000880663 0.999664187 -0.025899796 -5.021843910 -0.241541237 0.024920279 0.970070541 111.997657776
0.964677334 0.003385397 0.263412029 11.769275665 0.003324580 0.999681354 -0.025023408 -5.084465027 -0.263412774 0.025015254 0.964358807 112.751144409
0.958665192 -0.001991096 0.284529150 12.084491730 0.008890548 0.999696851 -0.022959217 -5.124196053 -0.284397185 0.024539825 0.958392382 113.780921936
0.950876296 -0.007729640 0.309474558 12.250526428 0.014943286 0.999668896 -0.020945610 -5.172983170 -0.309210241 0.024541253 0.950676858 114.527061462
0.942889571 -0.013030407 0.332850665 12.594285965 0.021381121 0.999541521 -0.021437842 -5.208035946 -0.332418770 0.027330238 0.942735732 115.503303528
0.932523549 -0.019797862 0.360565692 12.784027100 0.029434510 0.999340832 -0.021254281 -5.284301281 -0.359907240 0.030433202 0.932491541 116.261871338
0.922305942 -0.023224780 0.385761738 13.190244675 0.033543590 0.999236405 -0.020039342 -5.317553520 -0.385001749 0.031422243 0.922380686 117.202239990
0.909793735 -0.026893247 0.414188445 13.430698395 0.037801661 0.999120176 -0.018161124 -5.347215652 -0.413335621 0.032179888 0.910009921 117.935302734
0.897199154 -0.031104565 0.440529466 13.867626190 0.041744094 0.999023378 -0.014479328 -5.382080555 -0.439648867 0.031380344 0.897621393 118.819122314
0.881437540 -0.033270411 0.471127212 14.116279602 0.046069458 0.998815477 -0.015656807 -5.368592739 -0.470048279 0.035505068 0.881926298 119.532737732
0.866239905 -0.032156270 0.498592466 14.591613770 0.047945809 0.998671293 -0.018891245 -5.397955894 -0.497322530 0.040269770 0.866630673 120.350967407
0.845134199 -0.033317700 0.533514738 14.741306305 0.054780029 0.998199224 -0.024439381 -5.397844315 -0.531739771 0.049880520 0.845437527 121.087760925
0.827734828 -0.034645382 0.560048878 15.290348053 0.059428647 0.997891188 -0.026102789 -5.427840710 -0.557963490 0.054889135 0.828048289 121.866027832
0.808492899 -0.035765175 0.587418199 15.861518860 0.059766635 0.997980773 -0.021497352 -5.472654343 -0.585463226 0.052488465 0.808997989 122.659767151
0.773083031 -0.036578834 0.633249402 15.750041962 0.063065022 0.997821808 -0.019353082 -5.413722038 -0.631162167 0.054897424 0.773705721 123.671623230
0.749256134 -0.036972996 0.661247432 16.381099701 0.061925881 0.997977436 -0.014366992 -5.445532799 -0.659378886 0.051712885 0.750030220 124.389221191
0.723965406 -0.030445660 0.689164042 17.033863068 0.059062757 0.998092890 -0.017951906 -5.466322899 -0.687303126 0.053700488 0.724382937 125.070739746
0.667716920 -0.024904601 0.743998528 16.754405975 0.059902679 0.997996628 -0.020353960 -5.611649513 -0.742001295 0.058158189 0.667870998 126.508316040
0.640342832 -0.022295367 0.767765403 17.486717224 0.059747186 0.997995734 -0.020850128 -5.641042709 -0.765761912 0.059223060 0.640391529 127.126449585
0.612226963 -0.025054749 0.790284991 18.227630615 0.061350048 0.997989833 -0.015887637 -5.667869568 -0.788298368 0.058210857 0.612533331 127.707412720
0.522987068 -0.023111170 0.852027178 18.545047760 0.065931961 0.997734070 -0.013406565 -5.771830559 -0.849786699 0.063187286 0.523325741 130.413375854
0.491355270 -0.020433959 0.870719433 19.351520538 0.067020088 0.997647583 -0.014407378 -5.799788475 -0.868376791 0.065434836 0.491568863 130.888275146
0.460177630 -0.017636705 0.887651742 20.141136169 0.067425869 0.997609496 -0.015133567 -5.815868855 -0.885262728 0.066814817 0.460266799 131.275970459
0.374800593 -0.016675647 0.926955462 20.915821075 0.067817993 0.997652829 -0.009473724 -6.009150505 -0.924621701 0.066415034 0.375051737 133.348022461
0.341282666 -0.015071335 0.939839959 21.780418396 0.068156332 0.997636318 -0.008751344 -6.031976223 -0.937486410 0.067042731 0.341503143 133.657913208
0.306487203 -0.007934828 0.951841712 22.669284821 0.066484474 0.997701645 -0.013090463 -6.053676605 -0.949550092 0.067294769 0.306310296 133.971710205
0.263296127 0.000435580 0.964714944 23.424228668 0.065459266 0.997687042 -0.018316016 -6.159944057 -0.962491691 0.067972064 0.262658536 134.480407715
0.227756724 0.009445597 0.973672271 24.317247391 0.064041935 0.997642457 -0.024658510 -6.181811333 -0.971609712 0.067971997 0.226614848 134.687332153
0.191818774 0.013296247 0.981340349 25.260766983 0.060724523 0.997831643 -0.025389273 -6.218378067 -0.979550004 0.064461567 0.190595418 134.878921509
0.128414109 0.001717400 0.991719127 26.446125031 0.049892750 0.998721004 -0.008189957 -6.584934235 -0.990464807 0.050531302 0.128164202 135.845977783
0.091283411 -0.001389374 0.995823979 27.415393829 0.044479977 0.999006629 -0.002683495 -6.589880466 -0.994831026 0.044539187 0.091254510 135.960311890
0.022053376 -0.006573382 0.999735117 28.822031021 0.032878410 0.999442220 0.005846184 -6.784484386 -0.999216020 0.032740775 0.022257136 136.928207397
-0.015938723 -0.006985039 0.999848604 29.774799347 0.023746883 0.999690771 0.007362493 -6.797191143 -0.999590933 0.023860633 -0.015767928 136.924423218
-0.065601051 -0.009887956 0.997796953 31.088626862 0.012636091 0.999862432 0.010739200 -6.879735947 -0.997765839 0.013312756 -0.065467089 137.264251709
-0.102876991 -0.012066236 0.994620919 32.072360992 0.008398596 0.999880135 0.012998734 -6.879393578 -0.994658709 0.009690689 -0.102763347 137.167495728
-0.147513613 -0.015572729 0.988937378 33.163749695 0.002303668 0.999867857 0.016088475 -6.945890903 -0.989057302 0.004651448 -0.147458211 137.291213989
-0.183647275 -0.016402639 0.982855380 34.141521454 0.001840012 0.999853253 0.017030124 -6.939287663 -0.982990444 0.004935998 -0.183590129 137.106796265
-0.218727142 -0.017246149 0.975633562 35.117908478 0.002289968 0.999831975 0.018187288 -6.928990364 -0.975783348 0.006212222 -0.218650848 136.876678467
-0.259943128 -0.018504502 0.965446651 36.244026184 0.002987043 0.999796093 0.019967126 -6.979249477 -0.965619326 0.008074147 -0.259834856 136.867446899
-0.293277025 -0.015380156 0.955903769 37.192859650 0.003001420 0.999850869 0.017008102 -6.982287884 -0.956022799 0.007857155 -0.293187112 136.585952759
-0.328748524 -0.009638205 0.944368243 38.173404694 0.001869360 0.999939263 0.010856111 -6.936079979 -0.944415629 0.005334296 -0.328710586 136.477218628
-0.356479108 -0.003522012 0.934296608 39.112689972 0.007697126 0.999947906 0.006706310 -6.930473328 -0.934271574 0.009582063 -0.356433392 136.117492676
-0.381817669 -0.005294002 0.924222469 40.069328308 0.007242961 0.999935687 0.008719934 -6.938944340 -0.924209237 0.010023529 -0.381754816 135.903152466
-0.402401000 -0.007951924 0.915428877 41.010375977 0.008105632 0.999892116 0.012248662 -6.936289787 -0.915427625 0.012349004 -0.402293146 135.502975464
-0.421269238 -0.010332722 0.906876802 41.828956604 0.006512433 0.999874830 0.014417521 -6.931215763 -0.906912148 0.011979634 -0.421149313 135.286895752
-0.436647028 -0.007041369 0.899605274 42.747943878 0.007895561 0.999900818 0.011658715 -6.931116581 -0.899598241 0.012193633 -0.436548173 134.857437134
-0.452321261 -0.002967220 0.891850054 43.472129822 0.007367157 0.999947846 0.007063282 -6.939379215 -0.891824603 0.009765272 -0.452275842 134.654861450
-0.462822586 0.003623926 0.886443496 44.365409851 0.011919958 0.999926686 0.002135687 -6.935527325 -0.886370778 0.011554813 -0.462831825 134.173431396
-0.472915739 0.007029391 0.881079674 45.048049927 0.012734848 0.999918342 -0.001142123 -6.955616951 -0.881015658 0.010680285 -0.472966671 133.962356567
-0.478258878 0.013202844 0.878119588 45.947463989 0.016465295 0.999846041 -0.006065387 -6.969731331 -0.878064513 0.011557671 -0.478402674 133.470016479
-0.487097502 0.014077549 0.873234212 46.572296143 0.014433705 0.999863207 -0.008067702 -7.047437191 -0.873228252 0.008674242 -0.487234116 133.406967163
-0.490244865 0.017543674 0.871408165 47.467254639 0.015499609 0.999814749 -0.011408904 -7.074961185 -0.871446848 0.007913325 -0.490425974 132.910064697
-0.494792223 0.017877894 0.868827522 48.191406250 0.014064896 0.999822140 -0.012563501 -7.145973206 -0.868897438 0.006003645 -0.494955748 132.679290771
-0.497268945 0.021222034 0.867336869 49.089733124 0.015316066 0.999759674 -0.015681010 -7.170387745 -0.867461324 0.005486504 -0.497474462 132.178131104
-0.498659283 0.024794053 0.866443396 49.967483521 0.015799074 0.999684691 -0.019514110 -7.196707726 -0.866654038 0.003958105 -0.498893768 131.654251099
-0.508115172 0.024546364 0.860939205 50.902976990 0.015554769 0.999692321 -0.019322144 -7.237833023 -0.861148655 0.003573841 -0.508340538 131.542831421
-0.510270953 0.022576012 0.859717369 51.753211975 0.014678417 0.999738395 -0.017540807 -7.277791023 -0.859888434 0.003668722 -0.510468781 131.046142578
-0.512121439 0.023589162 0.858588994 52.712593079 0.015161676 0.999715328 -0.018423043 -7.265315056 -0.858779132 0.003582806 -0.512333393 130.559539795
-0.514439166 0.024725519 0.857170284 53.603477478 0.015492554 0.999689043 -0.019538542 -7.292739391 -0.857386947 0.003228370 -0.514662325 130.050247192
-0.516418993 0.025989909 0.855941534 54.506690979 0.013918525 0.999661982 -0.021956321 -7.317177773 -0.856222928 0.000574778 -0.516606271 129.500747681
-0.502033055 0.029647609 0.864340067 56.196655273 0.012624170 0.999557018 -0.026953204 -7.344979763 -0.864756227 -0.002619820 -0.502184927 127.621063232
-0.503907084 0.032200694 0.863157392 57.085357666 0.011443689 0.999466121 -0.030605016 -7.383201599 -0.863682091 -0.005544377 -0.504006445 127.114753723
-0.500820577 0.034732062 0.864853978 58.408668518 0.006132125 0.999311805 -0.036580812 -7.407126904 -0.865529358 -0.013017037 -0.500688970 126.051345825
-0.502823949 0.035770118 0.863648415 59.318176270 0.003229910 0.999214053 -0.039504409 -7.445335865 -0.864382744 -0.017074266 -0.502544463 125.518135071
-0.501737475 0.034626529 0.864326596 60.524684906 0.001285544 0.999227226 -0.039284654 -7.476407051 -0.865018964 -0.018599451 -0.501394272 124.641059875
-0.504451632 0.029458670 0.862937272 61.446140289 -0.001651893 0.999383032 -0.035082273 -7.526932240 -0.863438368 -0.019122791 -0.504091799 124.114257812
-0.506732225 0.028171016 0.861643136 62.360061646 -0.001156375 0.999442875 -0.033356383 -7.566317081 -0.862102687 -0.017899139 -0.506417394 123.578529358
-0.505953908 0.028618911 0.862085521 63.541847229 -0.002459388 0.999397516 -0.034620695 -7.610224724 -0.862556875 -0.019636685 -0.505578756 122.704284668
-0.507146418 0.031270072 0.861292362 64.473815918 -0.002064486 0.999294639 -0.037495989 -7.652920723 -0.861857295 -0.020794086 -0.506724179 122.158569336
-0.508339107 0.034163468 0.860478997 65.373550415 -0.000780220 0.999194086 -0.040131770 -7.695204258 -0.861156523 -0.021071915 -0.507902861 121.645835876
-0.503627121 0.035048250 0.863209903 66.621307373 -0.002147642 0.999122798 -0.041819621 -7.741401196 -0.863918424 -0.022915358 -0.503110051 120.669876099
-0.503814340 0.032336857 0.863206506 67.549903870 -0.005385016 0.999162078 -0.040572915 -7.796227932 -0.863795161 -0.025089597 -0.503217995 120.136711121
-0.502157271 0.031203449 0.864213228 68.711318970 -0.010037940 0.999071121 -0.041905265 -7.820200920 -0.864718080 -0.029717958 -0.501377702 119.374320984
-0.501650155 0.030948609 0.864516735 69.655616760 -0.013533955 0.998956621 -0.043614697 -7.869578838 -0.864964724 -0.033579651 -0.500707984 118.828125000
-0.499050677 0.029695097 0.866063833 70.847755432 -0.018009163 0.998841405 -0.044625100 -7.926058769 -0.866385639 -0.037867270 -0.497937739 118.024551392
-0.499234855 0.027539914 0.866028905 71.822860718 -0.021414571 0.998797297 -0.044106714 -7.987017155 -0.866201997 -0.040565249 -0.498044670 117.473266602
-0.497016907 0.023458734 0.867423654 73.035781860 -0.020798635 0.999025226 -0.038935009 -8.050561905 -0.867491484 -0.037392586 -0.496044576 116.685737610
-0.497368872 0.017106785 0.867370367 73.987289429 -0.016682917 0.999432027 -0.029277720 -8.100010872 -0.867378771 -0.029032096 -0.496801019 116.135749817
-0.494290173 0.015879741 0.869151831 75.292572021 -0.010937500 0.999640405 -0.024484001 -8.135761261 -0.869228125 -0.021608552 -0.493938684 115.265617371
-0.493841708 0.021030327 0.869297385 76.257942200 -0.003015401 0.999660075 -0.025897121 -8.169456482 -0.869546533 -0.015410361 -0.493610382 114.703460693
-0.488496929 0.029638264 0.872062027 77.577728271 0.003627155 0.999483228 -0.031937059 -8.195403099 -0.872557998 -0.012438050 -0.488352001 113.790802002
-0.487586558 0.035961345 0.872333705 78.549148560 0.007260268 0.999283850 -0.037136670 -8.237035751 -0.873044372 -0.011773972 -0.487498403 113.240478516
-0.481711388 0.041836258 0.875330806 79.842185974 0.009172620 0.999045730 -0.042701311 -8.267156601 -0.876281917 -0.012540638 -0.481635511 112.322036743
-0.482082725 0.037679348 0.875315070 80.830612183 0.005766377 0.999189556 -0.039835881 -8.318745613 -0.876106679 -0.014156799 -0.481909305 111.795715332
-0.474137336 0.037429154 0.879654944 82.245285034 0.005713221 0.999205709 -0.039436575 -8.324184418 -0.880432308 -0.013672686 -0.473974586 110.741561890
-0.473763674 0.034494087 0.879976213 83.232864380 0.004350832 0.999312103 -0.036829513 -8.390562057 -0.880641282 -0.013619854 -0.473587811 110.220382690
-0.460906655 0.038007759 0.886634231 84.809974670 0.000240241 0.999087691 -0.042703468 -8.353498459 -0.887448490 -0.019469310 -0.460495412 108.789741516
-0.460236430 0.043859977 0.886712253 85.817260742 0.001741899 0.998821497 -0.048501182 -8.405575752 -0.887794733 -0.020777445 -0.459770501 108.248985291
-0.433218539 0.047269128 0.900048494 87.484756470 -0.002320268 0.998561978 -0.053559706 -8.478002548 -0.901285887 -0.025291415 -0.432485878 106.383171082
-0.433104396 0.046636347 0.900136530 88.526031494 -0.001835932 0.998612821 -0.052621823 -8.534125328 -0.901341856 -0.024443327 -0.432418019 105.902984619
-0.405103922 0.047726352 0.913024008 90.115165710 -0.002591594 0.998572588 -0.053348094 -8.460037231 -0.914266825 -0.023977710 -0.404402018 104.103965759
-0.405271202 0.046411335 0.913017631 91.171676636 -0.002853678 0.998641372 -0.052030534 -8.521070480 -0.914191961 -0.023691937 -0.404588193 103.629981995
-0.405978292 0.047733676 0.912635207 92.232810974 -0.005986275 0.998474538 -0.054886315 -8.600793839 -0.913863003 -0.027745934 -0.405073345 103.197959900
-0.338220388 0.069328599 0.938509703 94.125968933 -0.011188895 0.996915877 -0.077675380 -8.279527664 -0.941000342 -0.036772285 -0.336401582 100.090942383
-0.338120013 0.069050446 0.938566387 95.239746094 -0.011866800 0.996912599 -0.077618033 -8.365884781 -0.941028118 -0.037381984 -0.336256683 99.694854736
-0.324725896 0.062373452 0.943749249 96.686889648 -0.012265749 0.997461438 -0.070143744 -8.615353584 -0.945728600 -0.034353290 -0.323136508 98.672279358
-0.323002875 0.061895013 0.944371819 97.800537109 -0.011639550 0.997523785 -0.069359705 -8.695703506 -0.946326435 -0.033395451 -0.321482569 98.273376465
-0.322848201 0.062189803 0.944405317 98.934806824 -0.010299554 0.997548878 -0.069210283 -8.796294212 -0.946394742 -0.032071367 -0.321416318 97.903968811
-0.302170783 0.067080721 0.950890601 100.155685425 -0.007004705 0.997337699 -0.072583266 -8.835713387 -0.953228056 -0.028593261 -0.300896436 96.918640137
-0.301066101 0.066737637 0.951265097 101.306709290 -0.008325860 0.997326016 -0.072604194 -8.919442177 -0.953566849 -0.029778758 -0.299705416 96.556152344
-0.295388550 0.068500645 0.952918231 102.468505859 -0.006059641 0.997271776 -0.073567383 -9.011192322 -0.955357969 -0.027505310 -0.294167578 95.999588013
-0.293804318 0.066733778 0.953533232 103.602340698 -0.005872378 0.997415006 -0.071614303 -9.101300240 -0.955847442 -0.026640102 -0.292652994 95.643013000
-0.292513639 0.066625349 0.953937471 104.756896973 -0.007860641 0.997368574 -0.072069056 -9.178730011 -0.956229031 -0.028579747 -0.291220218 95.289840698
-0.264888167 0.069631383 0.961761713 105.967956543 -0.005099219 0.997274220 -0.073606893 -9.242938042 -0.964265585 -0.024401829 -0.263811082 94.192344666
-0.263535142 0.069843523 0.962117910 107.116950989 -0.006163321 0.997233212 -0.074080855 -9.344680786 -0.964630067 -0.025452757 -0.262375504 93.883544922
-0.242287919 0.076311596 0.967198551 108.329055786 -0.002770483 0.996843517 -0.079344571 -9.422204971 -0.970200360 -0.021903835 -0.241311699 93.022697449
-0.226893112 0.076544717 0.970906973 109.560699463 0.000759291 0.996920228 -0.078418106 -9.520710945 -0.973919392 -0.017055321 -0.226252452 92.410766602
-0.226820752 0.074803963 0.971059501 110.755912781 -0.003054427 0.996986508 -0.077514648 -9.622719765 -0.973931789 -0.020547964 -0.225908726 92.140655518
-0.220645323 0.077348016 0.972282290 111.823852539 -0.002363958 0.996805251 -0.079835370 -9.692522049 -0.975351214 -0.019913735 -0.219757557 91.713752747
-0.220448062 0.075580999 0.972465992 113.008041382 -0.004970230 0.996893287 -0.078606226 -9.809509277 -0.975386024 -0.022161959 -0.219387546 91.437568665
-0.221121758 0.071397223 0.972629189 114.180694580 -0.009756352 0.997104764 -0.075411968 -9.937278748 -0.975197375 -0.026164535 -0.219784975 91.122947693
-0.222002432 0.069070615 0.972596586 115.406425476 -0.011838355 0.997223437 -0.073521741 -10.045877457 -0.974974275 -0.027835945 -0.220568344 90.843284607
-0.215565816 0.070373483 0.973950148 116.577781677 -0.012176503 0.997128546 -0.074743286 -10.108107567 -0.976413310 -0.027971407 -0.214089885 90.397026062
-0.216910154 0.070494860 0.973642826 117.786231995 -0.011333483 0.997140110 -0.074721016 -10.211330414 -0.976125777 -0.027242512 -0.215490833 90.126976013
-0.213313356 0.069839098 0.974484384 118.874877930 -0.010946352 0.997208178 -0.073863812 -10.303648949 -0.976922512 -0.026423184 -0.211953357 89.666770935
-0.216940597 0.064332142 0.974062741 120.056938171 -0.012318564 0.997566223 -0.068627998 -10.404664993 -0.976107121 -0.026887251 -0.215620145 89.418624878
-0.205776140 0.064589880 0.976465225 121.174301147 -0.012648958 0.997560561 -0.068650812 -10.516918182 -0.978517294 -0.026477974 -0.204457149 88.780761719
-0.211804435 0.070487984 0.974766791 122.410095215 -0.017939068 0.996947169 -0.075989828 -10.603517532 -0.977147400 -0.033581391 -0.209893331 88.547500610
-0.211332485 0.072667807 0.974709034 123.461158752 -0.015843792 0.996846676 -0.077753417 -10.741881371 -0.977285683 -0.031874917 -0.209514752 88.070976257
-0.220021054 0.069268577 0.973032594 124.678344727 -0.012808315 0.997184515 -0.073884130 -10.836086273 -0.975410998 -0.028718973 -0.218514383 87.795654297
-0.227116510 0.064555347 0.971725523 125.828231812 -0.014134116 0.997476876 -0.069569603 -11.007182121 -0.973765016 -0.029534889 -0.225631058 87.396545410
-0.239785150 0.065961204 0.968582451 127.021499634 -0.013568981 0.997363985 -0.071280390 -11.095151901 -0.970731139 -0.030234659 -0.238258034 87.105499268
-0.249476656 0.065472856 0.966164887 128.257873535 -0.011096181 0.997453094 -0.070458286 -11.216149330 -0.968317151 -0.028298443 -0.248114765 86.655242920
-0.260373771 0.064196922 0.963371277 129.461822510 -0.009374926 0.997571886 -0.069009773 -11.308361053 -0.965462327 -0.026999865 -0.259139717 86.224845886
-0.275314957 0.066661350 0.959040165 130.626403809 -0.005400883 0.997469962 -0.070882991 -11.412290573 -0.961338878 -0.024694810 -0.274258375 85.899513245
-0.286120951 0.073098645 0.955401182 131.826004028 -0.003668087 0.996994972 -0.077379532 -11.422051430 -0.958186567 -0.025644399 -0.284992993 85.354904175
-0.301389486 0.076414309 0.950434208 132.959564209 -0.003694910 0.996682465 -0.081304319 -11.531034470 -0.953493953 -0.028016038 -0.300107270 85.025665283
-0.305592448 0.075058140 0.949199319 134.124114990 -0.005565905 0.996730208 -0.080608584 -11.658204079 -0.952146113 -0.029916529 -0.304175436 84.241683960
-0.318311810 0.069509409 0.945434213 135.357772827 -0.009267107 0.997032404 -0.076423042 -11.784947395 -0.947940767 -0.033087797 -0.316723108 83.727081299
-0.334540755 0.066072181 0.940062165 136.490844727 -0.011984052 0.997160196 -0.074350074 -11.869986534 -0.942305148 -0.036138885 -0.332798958 83.357986450
-0.346197784 0.065873191 0.935846090 137.766998291 -0.015234235 0.997005582 -0.075813763 -12.027388573 -0.938037813 -0.040503446 -0.344157577 82.766754150
-0.360253036 0.067724258 0.930393100 138.852401733 -0.014808010 0.996820390 -0.078293316 -12.130325317 -0.932737052 -0.041982669 -0.358104676 82.362686157
-0.368853331 0.071096905 0.926764369 140.150512695 -0.011851430 0.996629477 -0.081173487 -12.247070312 -0.929412007 -0.040924601 -0.366767496 81.675765991
-0.382744014 0.070984080 0.921123326 141.206817627 -0.009728323 0.996678889 -0.080848873 -12.349948883 -0.923803151 -0.039905418 -0.380782306 81.248779297
-0.390943319 0.070666097 0.917697966 142.459075928 -0.006574300 0.996808648 -0.079558581 -12.465471268 -0.920391262 -0.037136111 -0.389231026 80.511840820
-0.405207366 0.069653213 0.911567569 143.517913818 -0.007078087 0.996824563 -0.079314053 -12.560918808 -0.914197385 -0.038590789 -0.403427631 80.050888062
-0.416845977 0.069786847 0.906294048 144.718826294 -0.009073238 0.996679246 -0.080919899 -12.705411911 -0.908931851 -0.041954163 -0.414828598 79.336776733
-0.431967676 0.072110265 0.899001539 145.749023438 -0.008313069 0.996437788 -0.083920151 -12.803119659 -0.901850700 -0.043724254 -0.429829448 78.863113403
-0.443960071 0.073825747 0.893000126 147.018783569 -0.006325764 0.996316969 -0.085512005 -12.936307907 -0.896024168 -0.043612827 -0.441858023 78.137329102
-0.458246350 0.077413701 0.885447681 148.032165527 -0.001328322 0.996139109 -0.087778799 -13.039648056 -0.888824224 -0.041400462 -0.456374288 77.628341675
-0.471725583 0.080387816 0.878073275 149.287933350 -0.003223374 0.995671690 -0.092885643 -13.157690048 -0.881739438 -0.046646893 -0.469424546 76.898765564
-0.485598505 0.083031006 0.870229781 150.405853271 -0.001183099 0.995415628 -0.095635518 -13.277840614 -0.874181151 -0.047470041 -0.483274102 76.248146057
-0.500544548 0.080776051 0.861934006 151.415374756 -0.002433127 0.995502234 -0.094706342 -13.384841919 -0.865707338 -0.049501944 -0.498096734 75.667694092
-0.514880002 0.077019252 0.853795350 152.635528564 -0.003921336 0.995733857 -0.092188030 -13.516170502 -0.857253194 -0.050813790 -0.512381494 74.891265869
-0.530659139 0.076364741 0.844138205 153.644531250 -0.004505508 0.995664775 -0.092904896 -13.639318466 -0.847573340 -0.053104114 -0.528014600 74.277954102
-0.545666218 0.076242469 0.834527016 154.853164673 -0.005234776 0.995522976 -0.094373934 -13.765199661 -0.837986112 -0.055865247 -0.542824328 73.468574524
-0.560374796 0.075559519 0.824785173 155.900878906 -0.004976095 0.995504797 -0.094580166 -13.887641907 -0.828224123 -0.057104558 -0.557479799 72.735275269
-0.575315893 0.075141013 0.814472497 156.823028564 -0.005528833 0.995391190 -0.095737480 -14.002246857 -0.817912638 -0.059582360 -0.572248936 72.080642700
-0.589979053 0.073811680 0.804037690 157.967346191 -0.006791711 0.995323718 -0.096355565 -14.149947166 -0.807389915 -0.062308554 -0.586718857 71.230194092
-0.604616344 0.071854770 0.793269098 158.989517212 -0.006146861 0.995472074 -0.094855443 -14.269431114 -0.796493053 -0.062227268 -0.601436913 70.448150635
-0.619317174 0.068316907 0.782163024 159.913574219 -0.005705566 0.995789349 -0.091493458 -14.389176369 -0.785120070 -0.061126146 -0.616319597 69.727844238
-0.633476377 0.066948026 0.770860255 161.029510498 -0.004240756 0.995934665 -0.089980334 -14.529307365 -0.773750424 -0.060269456 -0.630617142 68.793998718
-0.647455394 0.065567195 0.759277523 161.998931885 -0.004513376 0.995944738 -0.089853182 -14.656141281 -0.762089968 -0.061602842 -0.644533932 67.950241089
-0.661533654 0.066540614 0.746957362 162.872161865 -0.005243261 0.995620906 -0.093335733 -14.772472382 -0.749897063 -0.065661214 -0.658288002 67.181594849
-0.676445246 0.065495797 0.733574927 163.897644043 -0.007808114 0.995344102 -0.096067406 -14.902807236 -0.736451507 -0.070712164 -0.672784507 66.239570618
-0.692253590 0.062055152 0.718981266 164.750549316 -0.009591824 0.995416760 -0.095149517 -15.002780914 -0.721590519 -0.072763950 -0.688485742 65.459854126
-0.706702828 0.054923560 0.705375493 165.748947144 -0.012646177 0.995842457 -0.090210535 -15.150844574 -0.707397521 -0.072672352 -0.703069985 64.388183594
-0.723328114 0.052190479 0.688529372 166.579238892 -0.013784803 0.995849431 -0.089966796 -15.264902115 -0.690366924 -0.074566767 -0.719606221 63.557571411
-0.739355087 0.050298963 0.671434283 167.533142090 -0.014200835 0.995819032 -0.090236880 -15.393456459 -0.673165917 -0.076252021 -0.735549569 62.448875427
-0.756636143 0.045585021 0.652245164 168.320312500 -0.018240590 0.995706677 -0.090749308 -15.508291245 -0.653581738 -0.080561548 -0.752556026 61.594310760
-0.772001266 0.044676986 0.634048879 169.238800049 -0.016228780 0.995816052 -0.089927912 -15.646811485 -0.635413766 -0.079714291 -0.768046200 60.432125092
-0.787800550 0.046380155 0.614181697 169.981658936 -0.014156586 0.995533884 -0.093336515 -15.762390137 -0.615767658 -0.082225263 -0.783625662 59.512920380
-0.801709056 0.046746053 0.595883608 170.818862915 -0.009292047 0.995841861 -0.090623714 -15.908979416 -0.597642064 -0.078190848 -0.797941089 58.339958191
-0.815799654 0.047232021 0.576402724 171.515335083 -0.005947504 0.995921671 -0.090026222 -16.031543732 -0.578304112 -0.076871522 -0.812191546 57.376693726
-0.829191864 0.049789499 0.556742311 172.285995483 -0.002485102 0.995686769 -0.092745565 -16.169513702 -0.558958590 -0.078287415 -0.825491488 56.155212402
-0.842601001 0.051049236 0.536113381 172.922393799 -0.001662505 0.995245755 -0.097381234 -16.280853271 -0.538535714 -0.082944810 -0.838510215 55.164737701
-0.854540586 0.051489577 0.516826034 173.641555786 0.001182962 0.995264232 -0.097198740 -16.407709122 -0.519383252 -0.082448885 -0.850554585 53.916065216
-0.865562975 0.050018258 0.498295993 174.233871460 0.003260429 0.995541453 -0.094267577 -16.542676926 -0.500789464 -0.079969853 -0.861867011 52.854660034
-0.875620782 0.052159902 0.480174422 174.811157227 0.006652796 0.995359898 -0.095991239 -16.665473938 -0.482953280 -0.080857448 -0.871904790 51.814022064
-0.884443641 0.055096861 0.463382989 175.482894897 0.009820385 0.994982958 -0.099560976 -16.815935135 -0.466543674 -0.083505474 -0.880547464 50.470085144
-0.893253088 0.054415021 0.446248561 176.022308350 0.008706184 0.994555116 -0.103847787 -16.847272873 -0.449469596 -0.088877231 -0.888863266 49.409545898
-0.901190758 0.050704598 0.430446595 176.654449463 0.008224667 0.994955182 -0.099981785 -17.092643738 -0.433344573 -0.086562388 -0.897061408 48.147926331
-0.907736957 0.048912045 0.416678816 177.130477905 0.007712096 0.994958222 -0.099992849 -17.223558426 -0.419468820 -0.087553732 -0.903537571 47.045722961
-0.915287852 0.046579577 0.400097996 177.680999756 0.007317188 0.995050073 -0.099104948 -17.345502853 -0.402733713 -0.087781973 -0.911098063 46.003997803
-0.920380652 0.045276295 0.388393402 178.236389160 0.007368438 0.995105565 -0.098541655 -17.509046555 -0.390954018 -0.087833993 -0.916209638 44.555877686
-0.925854266 0.040859696 0.375665218 178.696990967 0.005288405 0.995440543 -0.095236704 -17.628349304 -0.377843678 -0.086188644 -0.921848953 43.411743164
-0.930661857 0.037255108 0.363978684 179.203262329 0.004208557 0.995826662 -0.091167152 -17.779949188 -0.365856051 -0.083313964 -0.926934779 42.140853882
-0.935325742 0.036638405 0.351885289 179.673187256 0.006104462 0.996146381 -0.087493204 -17.903320312 -0.353734791 -0.079686575 -0.931945145 41.018531799
-0.937697887 0.042179938 0.344881624 180.111618042 0.011851021 0.995909035 -0.089580625 -18.027099609 -0.347249269 -0.079912357 -0.934361756 39.732509613
-0.939805508 0.047352947 0.338412613 180.527069092 0.017516060 0.995725632 -0.090684719 -18.146501541 -0.341260314 -0.079298355 -0.936617911 38.608135223
-0.941670179 0.050929178 0.332661182 180.983795166 0.020770878 0.995393693 -0.093594521 -18.271102905 -0.335895598 -0.081225500 -0.938390374 37.315567017
-0.943282008 0.048231892 0.328470498 181.385971069 0.018785371 0.995559633 -0.092239104 -18.402650833 -0.331460863 -0.080837034 -0.939999461 36.173011780
-0.944999695 0.041498654 0.324427783 181.835525513 0.013439760 0.996007323 -0.088255055 -18.532217026 -0.326794922 -0.079040766 -0.941784263 34.870918274
-0.947316825 0.035158202 0.318362385 182.255187988 0.007799314 0.996194780 -0.086806692 -18.637643814 -0.320202917 -0.079750434 -0.943986177 33.755203247
-0.948604286 0.028880911 0.315144062 182.686752319 0.001288153 0.996171057 -0.087415233 -18.779060364 -0.316462040 -0.082516506 -0.945009410 32.446231842
-0.950073898 0.025390942 0.310990065 183.079132080 -0.002690041 0.995980024 -0.089535370 -18.895294189 -0.312013239 -0.085901797 -0.946186364 31.316051483
-0.950517237 0.026872221 0.309507430 183.489410400 -0.001713103 0.995783627 -0.091717504 -19.032966614 -0.310667038 -0.087709293 -0.946463346 30.018461227
-0.950666606 0.028893527 0.308866143 183.859680176 -0.000114864 0.995620131 -0.093490876 -19.153690338 -0.310214669 -0.088914126 -0.946499407 28.879621506
-0.950482428 0.030604832 0.309267700 184.285995483 0.000879727 0.995400071 -0.095800132 -19.286968231 -0.310777068 -0.090784274 -0.946137249 27.561643600
-0.949668467 0.032207679 0.311596900 184.646575928 0.002024570 0.995310605 -0.096708208 -19.414390564 -0.313250452 -0.091209874 -0.945280313 26.424694061
-0.949412584 0.032575030 0.312337339 185.082870483 0.001813681 0.995157540 -0.098276213 -19.567178726 -0.314026326 -0.092738204 -0.944874108 25.122158051
-0.949081063 0.033096991 0.313288778 185.463027954 0.002449654 0.995211303 -0.097716808 -19.687625885 -0.315022647 -0.091973715 -0.944617212 24.017055511
-0.947733939 0.032535363 0.317398340 185.892883301 0.001203646 0.995144725 -0.098414689 -19.835138321 -0.319059283 -0.092888914 -0.943171680 22.691730499
-0.946556807 0.032511093 0.320894361 186.286804199 0.000474938 0.995046377 -0.099411182 -19.951030731 -0.322536767 -0.093945920 -0.941883385 21.565284729
-0.944903195 0.029880414 0.325983226 186.731033325 -0.001926197 0.995300531 -0.096814997 -20.091117859 -0.327344120 -0.092108697 -0.940405071 20.278717041
-0.942650676 0.027857818 0.332616270 187.127990723 -0.003694374 0.995579183 -0.093853384 -20.223232269 -0.333760381 -0.089699768 -0.938380361 19.128673553
-0.940300286 0.025074828 0.339420915 187.592498779 -0.006400886 0.995803118 -0.091297686 -20.352512360 -0.340285659 -0.088019833 -0.936193407 17.867557526
-0.937641621 0.027860058 0.346485227 188.015579224 -0.004463837 0.995735705 -0.092144586 -20.461729050 -0.347574800 -0.087945238 -0.933518767 16.750003815
-0.934127092 0.028425381 0.355806738 188.473602295 -0.004275813 0.995861351 -0.090784937 -20.611080170 -0.356914759 -0.086326033 -0.930139542 15.505119324
-0.930115461 0.031760179 0.365891248 188.900512695 -0.002637837 0.995650411 -0.093130223 -20.733615875 -0.367257625 -0.087587014 -0.925986111 14.400505066
-0.926108658 0.032808214 0.375827521 189.407089233 -0.002254636 0.995712221 -0.092477500 -20.862157822 -0.377249986 -0.086491562 -0.922063708 13.156162262
-0.921230793 0.035965692 0.387350202 189.863006592 -0.000805376 0.995538592 -0.094351776 -20.977060318 -0.389015436 -0.087231725 -0.917091846 12.056484222
-0.915515006 0.037428815 0.400538683 190.404983521 -0.000762616 0.995498896 -0.094768733 -21.128013611 -0.402282894 -0.087067664 -0.911365807 10.840755463
-0.909660518 0.038872663 0.413529158 190.889480591 -0.000530620 0.995501220 -0.094746567 -21.250257492 -0.415351927 -0.086406633 -0.905547738 9.779624939
-0.903342485 0.038509615 0.427187860 191.476028442 -0.001068859 0.995756209 -0.092024483 -21.392091751 -0.428918689 -0.083586223 -0.899467587 8.531150818
-0.897216022 0.040698245 0.439712554 191.997787476 -0.000045807 0.995735407 -0.092255250 -21.519809723 -0.441591859 -0.082793027 -0.893387854 7.484016418
-0.889792264 0.044444300 0.454196513 192.615615845 0.002751304 0.995750904 -0.092046872 -21.639167786 -0.456357539 -0.080652937 -0.886133671 6.245399475
-0.882828414 0.046144430 0.467423558 193.165008545 0.004508870 0.995949209 -0.089804932 -21.755239487 -0.469674140 -0.077174790 -0.879460216 5.229377747
-0.874626279 0.048043847 0.482411265 193.819152832 0.006894675 0.996209443 -0.086713307 -21.904302597 -0.484748662 -0.072515674 -0.871642292 3.985420227
-0.866434872 0.050635114 0.496715933 194.394577026 0.009140459 0.996286154 -0.085617244 -22.015563965 -0.499206454 -0.069641560 -0.863680005 2.969802856
-0.857400239 0.054405093 0.511766374 195.070327759 0.013443135 0.996424913 -0.083406128 -22.152828217 -0.514474452 -0.064632691 -0.855066419 1.823463440
-0.846927762 0.057595443 0.528579354 195.654510498 0.016405823 0.996473193 -0.082291842 -22.258243561 -0.531454802 -0.061023470 -0.844885707 0.851272583
-0.835687935 0.060181279 0.545897245 196.401840210 0.018347867 0.996482611 -0.081767209 -22.387752533 -0.548897922 -0.058315821 -0.833852649 -0.326171875
-0.824383676 0.062002286 0.562625229 197.011505127 0.019871971 0.996540129 -0.080703177 -22.497491837 -0.565682232 -0.055349909 -0.822763562 -1.243064880
-0.811479747 0.065341957 0.580715835 197.814636230 0.021880815 0.996429622 -0.081542142 -22.601516724 -0.583970547 -0.053463280 -0.810012341 -2.427665710
-0.798515618 0.068103693 0.598109245 198.564743042 0.023444332 0.996344209 -0.082148992 -22.705635071 -0.601517379 -0.051574972 -0.797193170 -3.444610596
-0.784727514 0.070147075 0.615858912 199.273712158 0.025809249 0.996411800 -0.080606364 -22.799514771 -0.619303346 -0.047359172 -0.783722281 -4.342704773
