0.910843551 -0.047104593 -0.410055012 4.043626785 0.046002157 0.998862445 -0.012559867 -0.454010963 0.410180181 -0.007423344 0.911974251 29.264438629
0.911611795 -0.046871446 -0.408371270 4.034842491 0.044818681 0.998888373 -0.014599711 -0.454042226 0.408601671 -0.004993396 0.912699163 29.279659271
0.912419856 -0.046619795 -0.406591356 4.024964333 0.044201750 0.998904765 -0.015342614 -0.454620302 0.406861305 -0.003973145 0.913481295 29.295839310
0.913680434 -0.044478476 -0.403991997 4.014139175 0.041272268 0.999009311 -0.016645722 -0.454632550 0.404332131 -0.001464795 0.914610982 29.312545776
0.915341735 -0.044808019 -0.400177151 4.002620697 0.041602489 0.998994708 -0.016698794 -0.455218732 0.400523096 -0.001363256 0.916285574 29.330299377
0.916679740 -0.043519560 -0.397245616 3.991390228 0.040378429 0.999051929 -0.016272558 -0.456277400 0.397577196 -0.001123426 0.917568028 29.348575592
0.918227732 -0.041392837 -0.393883646 3.979764938 0.038155455 0.999142945 -0.016050318 -0.457069844 0.394210458 -0.000290965 0.919020116 29.367609024
0.759144962 0.023230163 -0.650506914 6.603425026 -0.007907293 0.999618351 0.026469395 -1.406801701 0.650873542 -0.014950356 0.759038985 35.935153961
0.763253570 0.029533952 -0.645423770 6.353133202 -0.020128485 0.999556780 0.021935565 -1.386383653 0.645785451 -0.003750995 0.763509870 36.085121155
0.760397553 0.031170567 -0.648709595 5.994612694 -0.019795008 0.999495924 0.024822801 -1.380102158 0.649156272 -0.006033983 0.760631204 36.506072998
0.779091239 0.047617961 -0.625099659 6.614581108 -0.051924106 0.998586476 0.011353479 -1.411147833 0.624756753 0.023612337 0.780462384 35.924301147
0.776628017 0.047404259 -0.628173411 6.212045670 -0.051337585 0.998610616 0.011888756 -1.413943052 0.627864242 0.023015758 0.777982473 36.445552826
0.800486386 0.052955247 -0.597006917 6.532534599 -0.060093246 0.998161077 0.007963119 -1.408220053 0.596330762 0.029501718 0.802196562 35.904121399
0.798391640 0.052663513 -0.599831104 6.098112106 -0.059727576 0.998181641 0.008138542 -1.394575238 0.599169016 0.029328715 0.800085247 36.499481201
0.818098068 0.053482480 -0.572586358 6.443407059 -0.060602754 0.998139858 0.006643548 -1.403603077 0.571876645 0.029265240 0.819817483 35.965827942
0.815942168 0.054334827 -0.575574577 5.982639313 -0.063442767 0.997976303 0.004272689 -1.404462337 0.574642003 0.033029780 0.817738175 36.620880127
0.953539193 -0.032546174 -0.299505651 3.580786705 0.030569639 0.999468923 -0.011283730 -0.470409840 0.299713820 0.001603699 0.954027832 29.998573303
0.952766478 -0.029061753 -0.302309930 3.322949409 0.026043698 0.999562681 -0.014010383 -0.478217274 0.302584857 0.005475356 0.953106701 30.795499802
0.958190620 -0.026276628 -0.284921765 3.223676682 0.023128871 0.999628663 -0.014407468 -0.480356246 0.285194576 0.007215184 0.958442509 30.616285324
0.957102835 -0.026652751 -0.288520187 2.983768463 0.023875270 0.999628484 -0.013142100 -0.496551812 0.288763314 0.005689844 0.957383633 31.474094391
0.961180508 -0.027102325 -0.274585724 2.912996292 0.024759889 0.999621511 -0.011993853 -0.485894233 0.274806798 0.004729548 0.961487830 31.306035995
0.960553169 -0.027752012 -0.276707977 2.670617104 0.025522646 0.999606311 -0.011655693 -0.510790884 0.276922435 0.004133595 0.960883379 32.164001465
0.942748725 0.011070297 -0.333319783 2.986433029 -0.011705779 0.999931455 0.000101793 -1.566199303 0.333298028 0.003805802 0.942813814 50.083213806
0.942030609 0.009985899 -0.335378319 2.689542770 -0.010945961 0.999939680 -0.000972436 -1.573870420 0.335348368 0.004587101 0.942083001 50.938610077
0.893041790 -0.007404991 -0.449912757 3.467386246 0.017357724 0.999687314 0.018000139 -1.886746645 0.449638784 -0.023884332 0.892891109 54.731216431
0.892485201 -0.005045944 -0.451048374 3.048490524 0.015881784 0.999668956 0.020241683 -1.865432382 0.450796932 -0.025228852 0.892269909 55.560089111
0.894914806 -0.002432000 -0.446230292 3.309940338 0.015367905 0.999559939 0.025372632 -1.883953691 0.445972234 -0.029563971 0.894558430 55.022941589
0.894429803 -0.002934494 -0.447198570 2.919769287 0.017168803 0.999466598 0.027780417 -1.858957648 0.446878523 -0.032525502 0.894003212 55.884113312
0.636070967 0.013933372 -0.771504700 7.972328186 0.091868557 0.991357982 0.093645439 -2.801230192 0.766142249 -0.130442172 0.629294038 62.182380676
0.635590971 0.011969354 -0.771933198 7.255424500 0.091695122 0.991631866 0.090875477 -2.724107981 0.766561329 -0.128542140 0.629174769 62.784481049
0.641475439 0.009298405 -0.767087162 7.648208618 0.090439446 0.992036939 0.087655000 -2.771397591 0.761793971 -0.125603467 0.635526359 62.430084229
0.641768038 0.006528298 -0.766871035 6.923452377 0.091131859 0.992229283 0.084711857 -2.691646576 0.761465013 -0.124251738 0.636186063 63.031600952
0.579114616 0.018657731 -0.815032482 8.056758881 0.114554122 0.987956941 0.104011811 -2.905999184 0.807157576 -0.153600112 0.570002973 63.810943604
0.578199267 0.020939711 -0.815626800 7.268075943 0.116152734 0.987376094 0.107689954 -2.795350552 0.807585239 -0.157003537 0.568467915 64.361465454
0.585438073 0.023831928 -0.810366631 7.656412125 0.115815327 0.986857295 0.112691484 -2.863009691 0.802401960 -0.159826770 0.574983835 64.047943115
0.583649516 0.018709073 -0.811790049 6.879854202 0.122619770 0.986239314 0.110889018 -2.744913578 0.802693903 -0.164261833 0.573324084 64.619316101
0.591929555 0.014549369 -0.805858314 7.244476318 0.122024000 0.986694276 0.107444927 -2.814279318 0.796699166 -0.161933884 0.582278192 64.296173096
0.589535654 0.011838601 -0.807655454 6.453216553 0.121686921 0.987179160 0.103293553 -2.720172167 0.798523605 -0.159176365 0.580536842 64.880767822
0.598480344 0.012426963 -0.801041007 6.833408356 0.116975330 0.987808466 0.102719970 -2.770211220 0.792551458 -0.155177966 0.589730382 64.541442871
0.596972823 0.012968166 -0.802156627 6.049865723 0.116701216 0.987830400 0.102820083 -2.666402340 0.793728054 -0.154993474 0.588194549 65.125358582
0.595468700 0.016782884 -0.803203166 5.265777588 0.114743344 0.987755060 0.105706066 -2.574793100 0.795142174 -0.155106887 0.586251557 65.702423096
0.603762805 0.020693362 -0.796895266 5.746969223 0.108664684 0.988195300 0.107990094 -2.670219421 0.789722919 -0.151794806 0.594387054 65.230667114
0.602338195 0.022834053 -0.797914326 4.971851349 0.107261434 0.988210142 0.109250478 -2.554986715 0.791001678 -0.151391208 0.592787504 65.809486389
0.611149669 0.027360443 -0.791042030 5.067827225 0.104106277 0.987941444 0.114602052 -2.612902641 0.784638703 -0.152391419 0.600931764 65.652236938
0.610313773 0.032243680 -0.791503310 4.283452988 0.098715574 0.988287091 0.116377912 -2.502818108 0.785984874 -0.149160713 0.599982381 66.224868774
0.609440923 0.031298503 -0.792213500 3.515966415 0.098640978 0.988463342 0.114935279 -2.393909931 0.786671281 -0.148190930 0.599322796 66.817932129
0.692090333 0.021000825 -0.721505344 3.548572540 0.074144527 0.992220759 0.100002266 -2.423898220 0.717992723 -0.122706272 0.685149431 65.523796082
0.691752493 0.020895803 -0.721832216 2.859275818 0.071623296 0.992667198 0.097374670 -2.332222462 0.718573868 -0.119059183 0.685183585 66.173942566
0.775955915 0.009906207 -0.630709469 2.225910187 0.055514269 0.994924486 0.083925389 -2.240717411 0.628339767 -0.100135773 0.771467507 64.874076843
0.774858713 0.008350747 -0.632079303 1.624366760 0.058242682 0.994716406 0.084540762 -2.157090187 0.629445672 -0.102321163 0.770278275 65.618621826
0.948126674 0.031843301 -0.316294074 0.608165741 -0.027876636 0.999465942 0.017059153 -1.806090951 0.316668361 -0.007357029 0.948507845 61.037376404
0.947757244 0.033493668 -0.317229331 0.304891586 -0.030721953 0.999433577 0.013736894 -1.811231613 0.317509741 -0.003273339 0.948249400 61.937446594
0.947126508 0.031931836 -0.319267064 0.005819321 -0.030796200 0.999488652 0.008606005 -1.793704867 0.319378614 0.001681231 0.947625697 62.843494415
0.986316264 -0.003219715 -0.164832667 -1.591837883 0.004916175 0.999939024 0.009885049 -1.731034398 0.164790779 -0.010560121 0.986272156 60.294288635
0.986225188 -0.004543347 -0.165345520 -1.742702484 0.006928565 0.999880075 0.013851689 -1.738660574 0.165262744 -0.014806488 0.986138523 61.212314606
0.986047924 -0.005659231 -0.166365445 -1.852335930 0.008584069 0.999820948 0.016867084 -1.733759046 0.166240200 -0.018059846 0.985919952 62.258731842
0.985870540 -0.007979309 -0.167319164 -2.005869865 0.011100257 0.999781311 0.017725831 -1.730893373 0.167141125 -0.019332660 0.985743463 63.182189941
0.985914707 -0.010816904 -0.166898757 -2.159354210 0.013703733 0.999775469 0.016154829 -1.729263067 0.166686565 -0.018214418 0.985841691 64.126907349
0.985851467 -0.013111518 -0.167107388 -2.326046944 0.015749594 0.999771118 0.014471122 -1.721115470 0.166879401 -0.016898250 0.985832572 65.041137695
0.985462844 -0.014918744 -0.169234574 -2.430830956 0.017897813 0.999710321 0.016091339 -1.728088737 0.168945491 -0.018886348 0.985444486 66.047828674
0.985240102 -0.017276770 -0.170303926 -2.585577965 0.020940911 0.999585748 0.019742427 -1.718911648 0.169892326 -0.023017352 0.985193849 66.947265625
0.985040188 -0.017818335 -0.171400845 -2.744202614 0.022380915 0.999443769 0.024723800 -1.708012819 0.170864969 -0.028190050 0.984891117 67.911895752
0.984903574 -0.015644090 -0.172395557 -2.896863937 0.020479375 0.999444246 0.026304722 -1.695944071 0.171888217 -0.029438173 0.984676540 68.800071716
0.984737277 -0.012089548 -0.173626989 -3.226243973 0.016382383 0.999593973 0.023312634 -1.767199874 0.173274666 -0.025801249 0.984535515 70.341316223
0.984520257 -0.011943251 -0.174864069 -3.385710716 0.014897536 0.999767423 0.015591810 -1.760565162 0.174637213 -0.017955495 0.984469056 71.201652527
0.984302640 -0.010346229 -0.176185772 -3.531682968 0.012390404 0.999868035 0.010506164 -1.755718708 0.176053852 -0.012524259 0.984300792 72.063819885
0.984205961 -0.004884758 -0.176960111 -3.746358871 0.007055134 0.999907374 0.011637606 -1.780692458 0.176886886 -0.012702277 0.984149277 73.136116028
0.983960748 -0.002039392 -0.178373680 -3.899034500 0.004560023 0.999895453 0.013722343 -1.782591701 0.178327054 -0.014315633 0.983867168 73.972831726
0.983620107 -0.000397593 -0.180253357 -4.036377907 0.003306784 0.999869049 0.015839249 -1.792536497 0.180223465 -0.016175868 0.983492792 74.796546936
0.983482897 0.003730008 -0.180962339 -4.103619576 -0.000779288 0.999865651 0.016374078 -1.843189478 0.180999085 -0.015962608 0.983353734 75.446289062
0.983181536 0.005584609 -0.182545364 -4.257418633 -0.002573913 0.999856830 0.016725628 -1.831928372 0.182612643 -0.015974473 0.983055234 76.246582031
0.982905865 0.007144059 -0.183970675 -4.402679443 -0.003941979 0.999834418 0.017765177 -1.847968459 0.184067130 -0.016736289 0.982771158 77.026275635
0.826006651 -0.111148588 -0.552593112 -1.524822235 0.063564472 0.992479622 -0.104612306 0.778986931 0.560064971 0.051285166 0.826859832 95.257377625
0.825166583 -0.110913590 -0.553893685 -1.943229675 0.063989475 0.992576480 -0.103428178 0.688591003 0.561253428 0.049902111 0.826138258 95.886573792
0.824736416 -0.106830291 -0.555335045 -2.384532928 0.060620345 0.993037462 -0.101003289 0.587217331 0.562258720 0.049636487 0.825470388 96.534477234
0.979364693 0.029003607 -0.200009763 -3.750032425 -0.021758236 0.999028265 0.038329061 -2.263095140 0.200927109 -0.033186264 0.979043961 78.429801941
0.978867471 0.031802956 -0.202007964 -3.895255089 -0.024222219 0.998910427 0.039889365 -2.245192528 0.203056484 -0.034153316 0.978571236 79.164031982
0.978446722 0.034306716 -0.203629881 -4.055065155 -0.027555570 0.998975456 0.035898030 -2.236229897 0.204652771 -0.029513171 0.978389621 79.873786926
0.979266524 0.031412125 -0.200125560 -3.845430374 -0.024446856 0.999009430 0.037181798 -2.426951170 0.201095283 -0.031518452 0.979064465 79.614494324
0.979010463 0.029652704 -0.201640725 -3.985906601 -0.023859505 0.999231458 0.031100944 -2.405546188 0.202407956 -0.025637111 0.978965640 80.286651611
0.978927851 0.029952446 -0.201997206 -4.128222466 -0.024375623 0.999251306 0.030040286 -2.391336441 0.202745765 -0.024483461 0.978925288 80.940734863
0.978582263 0.033700798 -0.203078985 -4.257370949 -0.027372772 0.999050617 0.033889774 -2.382656574 0.204028323 -0.027605094 0.978575587 81.591079712
0.978416979 0.033482708 -0.203909397 -4.385927200 -0.026949441 0.999033093 0.034733869 -2.346005678 0.204875231 -0.028488966 0.978373408 82.261398315
0.978390038 0.029758064 -0.204615206 -4.520038605 -0.023812847 0.999221385 0.031457346 -2.337619543 0.205392003 -0.025905084 0.978336871 82.858352661
0.978638947 0.021007687 -0.204510137 -4.637172699 -0.016088339 0.999540627 0.025687575 -2.321524858 0.204955816 -0.021848638 0.978527308 83.449035645
0.978905380 0.017011387 -0.203604147 -4.749637604 -0.012736211 0.999670386 0.022289518 -2.336068630 0.203916207 -0.019226190 0.978799582 84.049041748
0.979559183 0.019444514 -0.200213775 -4.869407654 -0.015391140 0.999644220 0.021782028 -2.326427460 0.200566113 -0.018255267 0.979510069 84.598030090
0.980365634 0.024444543 -0.195667014 -4.991994858 -0.019909276 0.999486327 0.025112148 -2.327438116 0.196180373 -0.020723507 0.980348825 85.139785767
0.981289685 0.023202812 -0.191133574 -5.093135834 -0.018303681 0.999458075 0.027357941 -2.303155184 0.191664785 -0.023347626 0.981182694 85.676170349
0.982354879 0.020423355 -0.185908034 -5.185501099 -0.014798542 0.999391258 0.031593610 -2.297934055 0.186440095 -0.028284967 0.982059121 86.242691040
0.983867228 0.016125504 -0.178172693 -5.257624626 -0.010022619 0.999333560 0.035099838 -2.295724154 0.178619981 -0.032747816 0.983373046 86.751976013
0.985708237 0.019666363 -0.167309940 -5.345063210 -0.014075477 0.999304354 0.034536954 -2.283818722 0.167872742 -0.031688388 0.985299230 87.253051758
0.988054752 0.025105076 -0.152043790 -5.434746742 -0.020120705 0.999211311 0.034232955 -2.278579235 0.152783290 -0.030764805 0.987780809 87.755271912
0.990565896 0.030166067 -0.133674890 -5.502251625 -0.025807370 0.999080956 0.034220591 -2.261699200 0.134584352 -0.030447943 0.990434289 88.230979919
0.993293762 0.028758850 -0.111982897 -5.533047676 -0.025049407 0.999094486 0.034392599 -2.250763178 0.112870589 -0.031356853 0.993114829 88.704414368
0.995981574 0.025255146 -0.085922986 -5.554655075 -0.022278322 0.999123812 0.035429787 -2.251275539 0.086742491 -0.033373199 0.995671630 89.169921875
0.998123884 0.024411879 -0.056149818 -5.558746338 -0.022356404 0.999067008 0.036948547 -2.249575853 0.056999430 -0.035623919 0.997738421 89.614822388
0.999462605 0.024293369 -0.022004873 -5.561124802 -0.023451805 0.999012768 0.037727933 -2.238265753 0.022899687 -0.037191611 0.999045789 90.067848206
0.999852717 0.008136709 0.015105314 -5.088710785 -0.008893993 0.998671114 0.050763290 -2.284214020 -0.014672175 -0.050890170 0.998596430 89.878402710
0.998310149 0.007905371 0.057568386 -5.055881023 -0.010854056 0.998635173 0.051089305 -2.278316498 -0.057085946 -0.051627837 0.997033417 90.284179688
0.994753420 0.007430289 0.102031484 -4.969972610 -0.012739423 0.998592615 0.051481690 -2.270766258 -0.101505376 -0.052511405 0.993448198 90.654075623
0.988319278 0.010351911 0.152045608 -4.886616707 -0.017976543 0.998643935 0.048858341 -2.252363682 -0.151333630 -0.051020887 0.987165213 91.047203064
0.978544176 0.010518731 0.205768511 -4.765464783 -0.020295171 0.998760045 0.045459013 -2.243890285 -0.205035180 -0.048659764 0.977544308 91.432807922
0.964398086 0.012816849 0.264143884 -4.675045013 -0.024783151 0.998809278 0.042019628 -2.225696325 -0.263290852 -0.047069971 0.963567555 91.708122253
0.946329296 0.012922384 0.322945386 -4.517261505 -0.027333971 0.998820484 0.040129989 -2.224066496 -0.322045922 -0.046803568 0.945566535 92.051017761
0.923439443 0.013081718 0.383521080 -4.343902588 -0.029728422 0.998853862 0.037509441 -2.220521450 -0.382590950 -0.046039179 0.922770202 92.377410889
0.843205452 0.019429754 0.537240088 -4.612239838 -0.004733192 0.999576271 -0.028721733 -1.149384499 -0.537570536 0.021675466 0.842940211 90.476997375
0.806420624 0.019035291 0.591035843 -4.347496033 -0.001894349 0.999559939 -0.029607814 -1.166708231 -0.591339350 0.022756720 0.806101859 90.759124756
0.765865445 0.017754426 0.642755568 -4.087379456 0.000064015 0.999616683 -0.027688039 -1.188348293 -0.643000722 0.021246465 0.765570879 91.022811890
0.724238992 0.017875638 0.689317346 -3.713817596 0.004112382 0.999534309 -0.030241011 -1.149432659 -0.689536929 0.024736457 0.723828077 91.321846008
0.679475546 0.016750185 0.733506858 -3.415382385 0.006743524 0.999554634 -0.029072372 -1.164554358 -0.733667135 0.024700392 0.679060042 91.533317566
0.632420778 0.015058227 0.774478555 -3.096046448 0.011896508 0.999504328 -0.029147832 -1.182118893 -0.774533629 0.027647296 0.631928265 91.746498108
0.585257411 0.013021475 0.810742915 -2.694694519 0.021321166 0.999278188 -0.031440850 -1.175411105 -0.810567200 0.035686977 0.584557295 91.975379944
0.538967967 0.014886006 0.842194736 -2.357734680 0.020083031 0.999332488 -0.030515723 -1.199849606 -0.842086732 0.033360820 0.538309216 92.138000488
0.490186185 0.017723935 0.871437490 -1.970607758 0.018754946 0.999347389 -0.030875163 -1.214119434 -0.871416032 0.031478349 0.489533752 92.343093872
0.444659561 0.019797066 0.895480812 -1.631118774 0.019196544 0.999315500 -0.031624842 -1.229867697 -0.895493925 0.031252433 0.443975180 92.475219727
0.403031349 0.017846387 0.915012181 -1.220748901 0.027919231 0.999104679 -0.031783994 -1.234204531 -0.914760232 0.038356386 0.402172238 92.591094971
0.363701433 0.010575158 0.931455553 -0.849603653 0.044009052 0.998623908 -0.028521769 -1.241758108 -0.930475473 0.051365890 0.362735540 92.681327820
0.328194112 0.006142376 0.944590330 -0.428056717 0.049802635 0.998475492 -0.023796501 -1.255862832 -0.943296492 0.054852959 0.327387899 92.782150269
0.294606060 0.010343764 0.955562770 -0.056999207 0.047537472 0.998544872 -0.025465140 -1.270835638 -0.954435766 0.052927226 0.293685645 92.881378174
0.264003217 0.017881183 0.964355946 0.375986099 0.038574275 0.998832405 -0.029080572 -1.290565252 -0.963750184 0.044876702 0.263005286 92.992759705
0.235398769 0.021874944 0.971652567 0.766626358 0.034792915 0.998916209 -0.030917887 -1.312695742 -0.971275926 0.041084662 0.234382570 93.079277039
0.209942415 0.023736646 0.977425516 1.220506668 0.036823969 0.998803914 -0.032165267 -1.335613608 -0.977020025 0.042745549 0.208817258 93.153549194
0.186244488 0.025753468 0.982165754 1.638629913 0.043960206 0.998436809 -0.034516118 -1.349363327 -0.981519461 0.049604647 0.184821218 93.208618164
0.166962028 0.031374011 0.985463917 2.117507935 0.052779902 0.997776091 -0.040708199 -1.354737759 -0.984549701 0.058809422 0.164934814 93.251502991
0.147050142 0.038271893 0.988388300 2.552648544 0.055614892 0.997350514 -0.046893172 -1.356543064 -0.987564385 0.061864749 0.144532070 93.303855896
0.129495710 0.039076868 0.990809739 3.059645653 0.054775547 0.997415543 -0.046496365 -1.373598218 -0.990065992 0.060293231 0.127020568 93.364143372
0.113517985 0.034702368 0.992929757 3.533461571 0.052536916 0.997782052 -0.040878285 -1.404685855 -0.992146015 0.056805894 0.111443043 93.414428711
0.099645689 0.031417038 0.994526863 4.063543320 0.054295864 0.997840464 -0.036961842 -1.430466175 -0.993540406 0.057681780 0.097724721 93.452041626
0.085684292 0.028767310 0.995906889 4.556257725 0.056672402 0.997823894 -0.033698570 -1.455595970 -0.994709253 0.059327867 0.083867557 93.490051270
0.075349174 0.028149253 0.996759772 5.120399952 0.061931003 0.997539580 -0.032852899 -1.474620342 -0.995232105 0.064205766 0.073420480 93.500892639
0.065130867 0.028976696 0.997455955 5.660705566 0.065167867 0.997320950 -0.033228036 -1.492421865 -0.995746493 0.067166246 0.063068032 93.526016235
0.057516985 0.029294506 0.997914553 6.261895657 0.067520194 0.997166574 -0.033164222 -1.517053843 -0.996058643 0.069286905 0.055376042 93.545875549
0.052105218 0.029339656 0.998210490 6.839850426 0.069116734 0.997065544 -0.032913789 -1.541187644 -0.996246874 0.070708051 0.049924448 93.566352844
0.046490364 0.030789517 0.998444021 7.486677170 0.070915990 0.996901155 -0.034043998 -1.560164332 -0.996398330 0.072388381 0.044162817 93.592544556
0.040431987 0.031041024 0.998699903 8.098397255 0.071538210 0.996862292 -0.033880118 -1.586649895 -0.996618152 0.072815053 0.038084500 93.614883423
0.036422316 0.031294402 0.998846412 8.774489403 0.073766544 0.996698618 -0.033916965 -1.612105012 -0.996610165 0.074916795 0.033993594 93.626342773
0.033532701 0.031514786 0.998940706 9.413743019 0.075817421 0.996542394 -0.033984188 -1.633812547 -0.996557772 0.076876685 0.031027382 93.644180298
0.030905781 0.030772405 0.999048531 10.145480156 0.076146491 0.996548712 -0.033051018 -1.667526722 -0.996617496 0.077095509 0.028455909 93.648620605
0.028194565 0.030039659 0.999150932 10.807657242 0.078313373 0.996409714 -0.032167133 -1.692639828 -0.996529937 0.079153836 0.025740836 93.671730042
0.028003238 0.029560827 0.999170661 11.577506065 0.082654677 0.996071398 -0.031785630 -1.728230715 -0.996184886 0.083476231 0.025449883 93.671684265
0.029033870 0.029410899 0.999145687 12.273088455 0.086178236 0.995771706 -0.031815793 -1.743511081 -0.995856702 0.087028347 0.026376527 93.693153381
0.031632822 0.028769044 0.999085426 13.028577805 0.088059604 0.995618463 -0.031457320 -1.788524628 -0.995612860 0.088974155 0.028960835 93.712417603
0.035459585 0.028616583 0.998961270 13.864521027 0.089996651 0.995437145 -0.031710189 -1.824588537 -0.995310664 0.091027603 0.032722391 93.728332520
0.040235758 0.027852537 0.998801947 14.629533768 0.090936288 0.995360911 -0.031419862 -1.854625344 -0.995043635 0.092091538 0.037516296 93.749938965
0.044097401 0.026806124 0.998667538 15.416851997 0.091746680 0.995306969 -0.030767104 -1.875601172 -0.994805455 0.092981182 0.041431077 93.790634155
0.048143495 0.024961242 0.998528540 16.304630280 0.091327205 0.995390177 -0.029286087 -1.914481640 -0.994656444 0.092602752 0.045641907 93.818374634
0.051948335 0.022631554 0.998393357 17.105958939 0.088315196 0.995722055 -0.027166216 -1.944493771 -0.994737029 0.089584552 0.049727373 93.871612549
0.056381542 0.021619316 0.998175323 17.935317993 0.087600000 0.995802820 -0.026515989 -1.974766135 -0.994558930 0.088935152 0.054251038 93.922164917
0.060216811 0.022270219 0.997936904 18.851301193 0.083521344 0.996132791 -0.027269762 -2.027065754 -0.994684875 0.084991127 0.058123894 93.971054077
0.063407041 0.026189622 0.997643948 19.677877426 0.081557401 0.996176004 -0.031334624 -2.061441422 -0.994649649 0.083352089 0.061028603 94.023803711
0.064455934 0.031211723 0.997432232 20.503009796 0.076062515 0.996449471 -0.036096253 -2.099606276 -0.995017529 0.078193814 0.061853029 94.091491699
0.064875565 0.034214843 0.997306585 21.449325562 0.071713507 0.996668041 -0.038857974 -2.157540321 -0.995313108 0.074041300 0.062205754 94.132232666
0.065222815 0.034366291 0.997278690 22.303104401 0.069049165 0.996855736 -0.038867593 -2.185241222 -0.995478809 0.071396299 0.062644780 94.185874939
0.065639496 0.031855825 0.997334778 23.206398010 0.066540524 0.997125804 -0.036228504 -2.241687059 -0.995622337 0.068741202 0.063331135 94.240158081
0.065423176 0.030624352 0.997387588 24.054431915 0.067280911 0.997118950 -0.035029367 -2.283047676 -0.995586812 0.069396876 0.063174270 94.295234680
0.064904220 0.029473169 0.997456133 24.970439911 0.064213827 0.997368753 -0.033648979 -2.341486454 -0.995823324 0.066234432 0.062840886 94.379493713
0.064819671 0.030180531 0.997440517 25.817468643 0.063180067 0.997413218 -0.034285530 -2.375513554 -0.995894969 0.065240733 0.062745191 94.448028564
0.065385580 0.030346138 0.997398555 26.657711029 0.059979878 0.997610629 -0.034284659 -2.421804428 -0.996055841 0.062065560 0.063409194 94.491073608
0.064812489 0.031779144 0.997391284 27.608955383 0.056844231 0.997752190 -0.035484504 -2.468339920 -0.996277094 0.058995791 0.062860362 94.542808533
0.061709892 0.031565987 0.997594833 28.426378250 0.053500239 0.997958243 -0.034886938 -2.503366470 -0.996659219 0.055524435 0.059895113 94.599617004
0.058129836 0.030314149 0.997848630 29.262657166 0.051731214 0.998104453 -0.033335526 -2.538442135 -0.996967793 0.053557705 0.056451458 94.639816284
0.053490918 0.027953990 0.998177052 30.252523422 0.049519300 0.998304009 -0.030611228 -2.590764999 -0.997339725 0.051066443 0.052015942 94.701545715
0.047426663 0.025526769 0.998548627 31.068157196 0.047528986 0.998483419 -0.027782535 -2.629642725 -0.997743309 0.048777625 0.046141483 94.738716125
0.040033001 0.025256921 0.998879075 31.994283676 0.045568317 0.998594165 -0.027076017 -2.687747955 -0.998158813 0.046601169 0.038825806 94.775047302
0.031061400 0.026694730 0.999160886 32.810874939 0.045382477 0.998574615 -0.028089903 -2.716701508 -0.998486698 0.046216905 0.029805645 94.800544739
0.021593789 0.026678564 0.999410748 33.727012634 0.046013303 0.998558044 -0.027649993 -2.756505728 -0.998707414 0.046583258 0.020335084 94.811584473
0.011694725 0.025805874 0.999598503 34.534919739 0.047318392 0.998532772 -0.026331963 -2.785684824 -0.998811424 0.047607344 0.010456477 94.812072754
0.000949413 0.024707336 0.999694169 35.444351196 0.045934089 0.998638391 -0.024724849 -2.831838369 -0.998944044 0.045943510 -0.000186793 94.807769775
-0.010439893 0.024021668 0.999656856 36.238143921 0.047543813 0.998592675 -0.023499565 -2.860199928 -0.998814583 0.047282159 -0.011567288 94.801200867
-0.020879492 0.024016147 0.999493480 37.144271851 0.047696404 0.998597026 -0.022998231 -2.902609348 -0.998643696 0.047192052 -0.021995686 94.769256592
-0.032018825 0.025099006 0.999172151 37.934585571 0.047910001 0.998574018 -0.023548702 -2.930253744 -0.998338401 0.047116335 -0.033175662 94.744705200
-0.042112805 0.025302585 0.998792410 38.831657410 0.046443865 0.998648167 -0.023340695 -2.982432127 -0.998032868 0.045404837 -0.043231040 94.684738159
-0.053148560 0.026449904 0.998236179 39.601791382 0.046971343 0.998608768 -0.023958914 -2.999839306 -0.997481287 0.045615114 -0.054317027 94.660583496
-0.061956704 0.026320288 0.997731805 40.463836670 0.046736725 0.998632193 -0.023441806 -3.064296246 -0.996984124 0.045178339 -0.063102096 94.581504822
-0.071632951 0.026447963 0.997080326 41.223766327 0.046982061 0.998628259 -0.023113700 -3.095765829 -0.996324003 0.045189187 -0.072777279 94.522781372
-0.080802269 0.026696531 0.996372521 42.069202423 0.047822744 0.998593748 -0.022877790 -3.130301476 -0.995582223 0.045800682 -0.081965342 94.452590942
-0.090018854 0.026373200 0.995590746 42.811408997 0.049185518 0.998547316 -0.022004275 -3.156015396 -0.994724751 0.046987843 -0.091185264 94.398162842
-0.096500777 0.024778118 0.995024383 43.631622314 0.050536260 0.998522699 -0.019964064 -3.196731567 -0.994049191 0.048358269 -0.097610407 94.295829773
-0.102219746 0.023382375 0.994487047 44.360668182 0.053565443 0.998402655 -0.017968647 -3.217612982 -0.993318617 0.051433392 -0.103308961 94.229202271
-0.105531260 0.022087093 0.994170606 45.072856903 0.056337181 0.998280406 -0.016198207 -3.233979225 -0.992819011 0.054299355 -0.106594108 94.142471313
-0.108531237 0.020427121 0.993883133 45.903503418 0.057290446 0.998255670 -0.014260921 -3.273145914 -0.992440820 0.055392254 -0.109512188 94.047622681
-0.110223703 0.019308232 0.993719339 46.585369110 0.057188116 0.998278081 -0.013053495 -3.303894043 -0.992260277 0.055390120 -0.111138105 93.964256287
-0.111098751 0.020210333 0.993603766 47.277889252 0.058172032 0.998211145 -0.013799611 -3.314997911 -0.992105424 0.056266837 -0.112075679 93.896606445
-0.110300526 0.020234065 0.993692279 48.039157867 0.057230469 0.998263121 -0.013974518 -3.362481594 -0.992249191 0.055328082 -0.111266971 93.812957764
-0.107675999 0.022029065 0.993941903 48.653976440 0.058008511 0.998190403 -0.015839031 -3.381291389 -0.992492259 0.055951614 -0.108759038 93.750228882
-0.102344044 0.022293579 0.994499147 49.297683716 0.057381529 0.998216450 -0.016471764 -3.406402826 -0.993092656 0.055380110 -0.103440762 93.687973022
-0.094334505 0.022448773 0.995287418 49.974018097 0.057285525 0.998211622 -0.017085135 -3.441683292 -0.993891060 0.055403844 -0.095451787 93.626953125
-0.082738422 0.022733372 0.996311903 50.543628693 0.057047714 0.998208463 -0.018039133 -3.456141472 -0.994937241 0.055344790 -0.083887063 93.579322815
-0.069217429 0.023011800 0.997336149 51.102817535 0.056380711 0.998226225 -0.019119386 -3.479946613 -0.996007144 0.054907128 -0.070392080 93.550720215
-0.052155152 0.024000334 0.998350561 51.735473633 0.054175004 0.998306990 -0.021169120 -3.512074947 -0.997168422 0.052981567 -0.053367056 93.533721924
-0.030520217 0.026463393 0.999183774 52.272346497 0.052308165 0.998321950 -0.024842812 -3.531188011 -0.998164415 0.051507268 -0.031853259 93.524818420
-0.005792622 0.029503141 0.999547958 52.789600372 0.050632771 0.998291194 -0.029172622 -3.554437637 -0.998700500 0.050440896 -0.007276542 93.536346436
0.021734281 0.030851360 0.999287605 53.384742737 0.047966342 0.998340547 -0.031865381 -3.591896534 -0.998612404 0.048624747 0.020218395 93.582107544
0.054749027 0.030568454 0.998032093 53.891658783 0.045899276 0.998397648 -0.033097550 -3.615287781 -0.997444630 0.047621012 0.053258233 93.631385803
0.093667187 0.029158996 0.995176435 54.396694183 0.046849705 0.998334706 -0.033661086 -3.618950844 -0.994500637 0.049776666 0.092145115 93.684402466
0.135879993 0.022044363 0.990480065 54.954582214 0.039280340 0.998846471 -0.027619289 -3.710977554 -0.989946365 0.042659305 0.134857327 93.781005859
0.181342095 0.017519854 0.983264029 55.453014374 0.036750507 0.999022186 -0.024578489 -3.728749990 -0.982733190 0.040592574 0.180520877 93.891014099
0.229758412 0.014136888 0.973145127 55.936950684 0.031875797 0.999248803 -0.022041941 -3.755056381 -0.972725630 0.036084097 0.229135171 94.038253784
0.280990899 0.010938249 0.959648073 56.458328247 0.025248444 0.999504685 -0.018785441 -3.814499855 -0.959378242 0.029508160 0.280575544 94.231437683
0.335217923 0.010488871 0.942082286 56.911361694 0.023864049 0.999522686 -0.019619860 -3.831706524 -0.941838384 0.029058825 0.334807545 94.434783936
0.393481821 0.010791157 0.919268966 57.350429535 0.025749367 0.999409378 -0.022753611 -3.855591297 -0.918971717 0.032623731 0.392971575 94.642539978
0.449735880 0.008130677 0.893124521 57.761856079 0.024741801 0.999461412 -0.021557545 -3.967065811 -0.892818809 0.031792711 0.449292481 94.983512878
0.508832276 0.010988404 0.860795498 58.159496307 0.026496716 0.999244809 -0.028418470 -3.983641386 -0.860457659 0.037268493 0.508156955 95.262458801
0.569563687 0.012926650 0.821845591 58.538055420 0.019694492 0.999374628 -0.029367849 -4.055998802 -0.821711242 0.032912694 0.568952918 95.568435669
0.624185383 0.015795242 0.781116664 58.868972778 0.016090769 0.999323606 -0.033065721 -4.070749760 -0.781110644 0.033207908 0.623508990 95.905715942
0.676765084 0.018579450 0.735964596 59.179702759 0.013493377 0.999200523 -0.037632857 -4.073535442 -0.736075342 0.035399251 0.675973296 96.249061584
0.728110135 0.018832127 0.685201287 59.502555847 0.008439011 0.999300480 -0.036432337 -4.112792492 -0.685408175 0.032309186 0.727441967 96.631347656
0.772854865 0.017480422 0.634341896 59.775733948 0.005007526 0.999421418 -0.033641785 -4.113724709 -0.634563208 0.029176703 0.772320151 97.037109375
0.814138293 0.012751265 0.580531001 60.029582977 0.003953110 0.999613941 -0.027500212 -4.128711224 -0.580657661 0.024683878 0.813773572 97.461128235
0.850891292 0.010660757 0.525233388 60.220195770 -0.000515233 0.999810457 -0.019458633 -4.173919678 -0.525341392 0.016286571 0.850735664 97.915237427
0.881451428 0.007308217 0.472218007 60.416687012 -0.000324939 0.999889433 -0.014868099 -4.168183804 -0.472274601 0.012952076 0.881356359 98.377929688
0.906262636 0.007266932 0.422652513 60.570621490 -0.004250782 0.999958336 -0.008078264 -4.203264236 -0.422693670 0.005524433 0.906255722 98.847587585
0.926597297 0.012788859 0.375837535 60.675830841 -0.012023364 0.999917984 -0.004382230 -4.233854771 -0.375862867 -0.000458266 0.926675260 99.241737366
0.941442907 0.018793635 0.336648405 60.802261353 -0.019137003 0.999814212 -0.002298416 -4.238247395 -0.336629063 -0.004278614 0.941627681 99.747627258
0.953311205 0.022475874 0.301152289 60.936531067 -0.022544768 0.999740601 -0.003247105 -4.242194176 -0.301147163 -0.003693906 0.953570664 100.265007019
0.962108552 0.025803864 0.271443039 61.043914795 -0.025651643 0.999662459 -0.004109512 -4.241112709 -0.271457493 -0.003009161 0.962445736 100.782127380
0.968153834 0.018310986 0.249685660 61.170494080 -0.018276185 0.999829888 -0.002458018 -4.263082981 -0.249688238 -0.002183560 0.968323886 101.298454285
0.972412169 0.014943379 0.232790098 61.321151733 -0.014603963 0.999888241 -0.003181602 -4.256764412 -0.232811570 -0.000305829 0.972521901 101.850440979
0.975501418 0.021484857 0.218941227 61.335605621 -0.021638546 0.999764383 -0.001696194 -4.292832851 -0.218926117 -0.003082932 0.975736558 102.173805237
0.977289855 0.026999641 0.210179672 61.429939270 -0.027402924 0.999623954 -0.000993872 -4.295777321 -0.210127532 -0.004788239 0.977662146 102.750610352
0.978313744 0.034348115 0.204260603 61.533889771 -0.034532476 0.999400020 -0.002662834 -4.291903496 -0.204229563 -0.004448541 0.978912950 103.341323853
0.978545487 0.041081749 0.201893374 61.636695862 -0.040451899 0.999155223 -0.007246536 -4.291257858 -0.202020526 -0.001075905 0.979380667 103.949684143
0.978777468 0.044126716 0.200118616 61.709884644 -0.043517381 0.999024928 -0.007444936 -4.345670700 -0.200251967 -0.001421700 0.979743421 104.321113586
0.978018284 0.039445546 0.204754099 61.864486694 -0.037309941 0.999201715 -0.014281763 -4.296311378 -0.205154002 0.006328462 0.978709161 105.193450928
0.977199912 0.041519135 0.208221912 61.953407288 -0.038391791 0.999081373 -0.019039959 -4.347050667 -0.208821148 0.010611834 0.977896273 105.572052002
0.976076007 0.042681910 0.213199258 62.082298279 -0.038779046 0.998995304 -0.022456612 -4.377517700 -0.213943571 0.013651691 0.976750731 106.231491089
0.975457370 0.047552444 0.214992240 62.201839447 -0.043994404 0.998804450 -0.021307498 -4.398586750 -0.215748444 0.011326103 0.976383388 106.659004211
0.973974288 0.050408613 0.220982268 62.337181091 -0.047574498 0.998703063 -0.018132219 -4.400996685 -0.221609712 0.007147193 0.975109279 107.320175171
0.972800314 0.047648195 0.226691946 62.489456177 -0.045733940 0.998859823 -0.013692036 -4.417704582 -0.227085844 0.002952100 0.973870397 108.017974854
0.972370446 0.043622397 0.229331225 62.637374878 -0.043190286 0.999043167 -0.006905772 -4.445210457 -0.229412988 -0.003189912 0.973323941 108.575706482
0.971407056 0.041045211 0.233845547 62.795227051 -0.041682180 0.999128461 -0.002219785 -4.458600998 -0.233732790 -0.007590877 0.972271204 109.279190063
0.970750988 0.036627933 0.237278521 62.963989258 -0.037227809 0.999305010 -0.001953641 -4.462452412 -0.237185135 -0.006936861 0.971439719 109.991363525
0.970699966 0.033113487 0.238002375 63.142471313 -0.032889318 0.999446988 -0.004913896 -4.478092194 -0.238033459 -0.003057819 0.971252143 110.709922791
0.971253932 0.032657038 0.235795125 63.297046661 -0.030745512 0.999457836 -0.011779832 -4.488800049 -0.236052006 0.004191567 0.971731365 111.270729065
0.971173763 0.035094503 0.235774919 63.459075928 -0.031587321 0.999327242 -0.018636912 -4.498842239 -0.236270383 0.010652184 0.971629024 112.002677917
0.971916616 0.037842177 0.232262447 63.621337891 -0.033683930 0.999193728 -0.021844620 -4.518847466 -0.232901841 0.013407637 0.972407877 112.677154541
0.972418070 0.036752757 0.230330318 63.794025421 -0.033520643 0.999277115 -0.017931264 -4.524759293 -0.230822921 0.009715870 0.972947240 113.434806824
0.972944021 0.032582551 0.228731915 63.964309692 -0.031146539 0.999466121 -0.009886323 -4.547827244 -0.228931859 0.002494632 0.973439217 114.158279419
0.973515689 0.032971449 0.226230040 64.145301819 -0.032871455 0.999450803 -0.004210155 -4.562665462 -0.226244539 -0.003337859 0.974064887 114.944702148
0.973703682 0.036659833 0.224849269 64.307106018 -0.036541943 0.999321163 -0.004687255 -4.580649853 -0.224868521 -0.003652434 0.974382341 115.725494385
0.973897636 0.042101607 0.223049164 64.465667725 -0.040971026 0.999113321 -0.009696065 -4.588671684 -0.223259613 0.000304421 0.974759042 116.506523132
0.974899113 0.043183271 0.218419224 64.639831543 -0.040940337 0.999052167 -0.014786492 -4.601194382 -0.218850747 0.005473178 0.975742996 117.270126343
0.975776970 0.041785505 0.214740187 64.806457520 -0.038873028 0.999086201 -0.017769957 -4.616448879 -0.215286493 0.008991913 0.976509571 118.071449280
0.976729870 0.039508544 0.210802808 64.985427856 -0.036991842 0.999189556 -0.015870193 -4.638697147 -0.211259022 0.007702908 0.977399766 118.897720337
0.977553785 0.035959363 0.207594723 65.161026001 -0.033795208 0.999331295 -0.013963168 -4.655085087 -0.207958072 0.006634042 0.978115261 119.723167419
0.977978468 0.034710813 0.205799147 65.337707520 -0.033143904 0.999389410 -0.011057314 -4.674268723 -0.206057295 0.003992823 0.978531778 120.577476501
0.978350699 0.031500641 0.204542771 65.512916565 -0.030314768 0.999500513 -0.008929377 -4.684267998 -0.204721868 0.002535393 0.978816807 121.403198242
0.978590071 0.026651097 0.204086125 65.703330994 -0.025675917 0.999642789 -0.007425204 -4.704390526 -0.204211161 0.002026130 0.978924692 122.294128418
0.978643656 0.027326625 0.203739092 65.871070862 -0.026657162 0.999626517 -0.006030019 -4.715785027 -0.203827783 0.000470134 0.979006588 123.128257751
0.978404284 0.033019792 0.204045922 66.047027588 -0.032141827 0.999454260 -0.007616273 -4.739264965 -0.204186037 0.000893386 0.978931665 124.031005859
0.978136361 0.038431197 0.204382464 66.211090088 -0.036941800 0.999255657 -0.011099195 -4.748727798 -0.204656884 0.003306271 0.978828132 124.861267090
0.977617800 0.047138110 0.205039859 66.396385193 -0.045495965 0.998883665 -0.012718555 -4.766206264 -0.205410466 0.003105402 0.978671014 125.791564941
0.976571679 0.053688951 0.208387122 66.559768677 -0.052305270 0.998557270 -0.012148784 -4.787177563 -0.208738714 0.000964417 0.977971017 126.638023376
0.975826621 0.055903412 0.211274996 66.745086670 -0.055020314 0.998434424 -0.010060903 -4.808704376 -0.211506739 -0.001806724 0.977374852 127.569396973
0.975288749 0.056239553 0.213655859 66.932441711 -0.055148304 0.998416722 -0.011069151 -4.823994637 -0.213940129 -0.000987143 0.976846278 128.427352905
0.974931657 0.054657701 0.215686515 67.127151489 -0.052964628 0.998503447 -0.013626272 -4.848745346 -0.216108501 0.001860926 0.976367593 129.350921631
0.974936903 0.048856650 0.217050582 67.320213318 -0.047335003 0.998804510 -0.012207279 -4.870476723 -0.217387468 0.001627239 0.976084054 130.192565918
0.975235045 0.042241026 0.217099786 67.542221069 -0.040233042 0.999096930 -0.013662903 -4.896151543 -0.217480853 0.004589954 0.976053715 131.129745483
0.975003541 0.041141309 0.218347564 67.728317261 -0.039039977 0.999140561 -0.013931205 -4.914885521 -0.218733042 0.005058689 0.975771546 131.964447021
0.974491775 0.043450061 0.220177263 67.915710449 -0.041944928 0.999053717 -0.011508743 -4.928507805 -0.220468953 0.001979855 0.975391984 132.815597534
0.974009931 0.046100438 0.221764013 68.121719360 -0.046119247 0.998923004 -0.005096330 -4.959887981 -0.221760184 -0.005263714 0.975087106 133.840332031
0.973591805 0.049715351 0.222816527 68.307189941 -0.050737556 0.998711467 -0.001138229 -4.976085663 -0.222586066 -0.010196999 0.974859834 134.676635742
0.973358512 0.049087115 0.223972484 68.497177124 -0.048582587 0.998789072 -0.007766152 -4.992216110 -0.224082515 -0.003321912 0.974564672 135.507522583
0.973800838 0.044538204 0.222998336 68.724853516 -0.040695187 0.998933613 -0.021801565 -5.021469116 -0.223731562 0.012155420 0.974574983 136.455398560
0.973992527 0.042619318 0.222535551 68.911865234 -0.036657814 0.998851418 -0.030853208 -5.042423248 -0.223594904 0.021893125 0.974436343 137.268264771
0.974293172 0.039739747 0.221751317 69.107101440 -0.035838593 0.999124229 -0.021590231 -5.065710545 -0.222415119 0.013087955 0.974864244 138.102416992
