0.999700308 -0.008792869 0.022846755 0.021189565 0.008891528 0.999951541 -0.004220286 0.033506963 -0.022808533 0.004422165 0.999730110 0.950659454
0.999726892 -0.010224584 0.021016302 0.028689960 0.010347184 0.999930084 -0.005733020 0.031465322 -0.020956213 0.005948915 0.999762654 1.264801979
0.999821424 -0.012706786 0.013985650 0.033216041 0.012805600 0.999893546 -0.006998628 0.024426343 -0.013895231 0.007176473 0.999877691 1.576897860
0.999914467 -0.012933060 0.001932992 0.002032172 0.012942886 0.999902904 -0.005160508 -0.003539433 -0.001866064 0.005185085 0.999984801 0.370991081
0.999800861 -0.013675402 -0.014534658 0.013382688 0.013535274 0.999861419 -0.009696101 0.018862274 0.014665244 0.009497439 0.999847353 2.230449677
0.999390960 -0.009074540 -0.033693999 -0.025987189 0.008759912 0.999916792 -0.009473701 0.009526664 0.033777166 0.009172776 0.999387205 2.566351652
0.998554707 -0.005408715 -0.053470775 -0.044265836 0.004836712 0.999929726 -0.010821131 0.006256714 0.053525545 0.010546870 0.998510718 2.736836672
0.997267127 -0.005186358 -0.073698387 -0.100353435 0.004347231 0.999923944 -0.011541815 0.001559205 0.073752642 0.011189889 0.997213781 3.272243738
0.995535553 -0.006581573 -0.094157897 -0.156875998 0.005557824 0.999922514 -0.011130803 -0.003174894 0.094223864 0.010557797 0.995495021 3.632477283
0.993453920 -0.007934630 -0.113958456 -0.211257711 0.006800329 0.999923408 -0.010338955 -0.009248842 0.114031784 0.009496320 0.993431687 4.018207550
0.991243184 -0.006911783 -0.131868511 -0.269423872 0.005660827 0.999935329 -0.009858909 -0.014543617 0.131928131 0.009026092 0.991218150 4.354372025
0.989001632 -0.005877525 -0.147787496 -0.348962903 0.004610773 0.999949694 -0.008912574 -0.026336936 0.147832423 0.008133137 0.988978982 4.808599949
0.986958206 -0.005163564 -0.160893574 -0.437647760 0.003696861 0.999948859 -0.009414000 -0.032877252 0.160933971 0.008696424 0.986926854 5.223066807
0.984840095 -0.006566781 -0.173341155 -0.521714926 0.004882000 0.999936581 -0.010144023 -0.042633213 0.173396796 0.009143987 0.984809637 5.650815010
0.983065426 -0.010448539 -0.182956681 -0.610620439 0.008308236 0.999887824 -0.012461014 -0.052698135 0.183066353 0.010729943 0.983042002 6.089345932
0.981610060 -0.009457854 -0.190662533 -0.707712889 0.006789506 0.999869704 -0.014643537 -0.059413057 0.190776169 0.013079738 0.981546342 6.549551010
0.980194330 -0.008761998 -0.197844222 -0.820518553 0.005635775 0.999850333 -0.016358990 -0.067108661 0.197957948 0.014919982 0.980096936 7.010438919
0.978459299 -0.009717817 -0.206211001 -0.927066863 0.005912919 0.999800861 -0.019059760 -0.079832308 0.206355169 0.017429890 0.978321850 7.489585400
0.976915538 -0.013403636 -0.213204861 -1.055563211 0.009195184 0.999743104 -0.020718452 -0.093290702 0.213427782 0.018279722 0.976787806 7.981004238
0.974942148 -0.019578900 -0.221595362 -1.169665575 0.015082997 0.999644995 -0.021962997 -0.110168263 0.221946731 0.018070331 0.974891365 8.493505478
0.972934425 -0.019689038 -0.230241120 -1.312074423 0.014409046 0.999593735 -0.024591537 -0.126675457 0.230631828 0.020608397 0.972822726 9.015326500
0.970986307 -0.015273698 -0.238646880 -1.478868723 0.008597031 0.999542654 -0.028993104 -0.139908046 0.238980532 0.026100248 0.970673501 9.542222023
0.968794942 -0.012320979 -0.247557104 -1.628521442 0.004591228 0.999484360 -0.031777207 -0.162612170 0.247820988 0.029648995 0.968352079 10.085200310
0.967013717 -0.013489418 -0.254366964 -1.845410824 0.004979265 0.999406993 -0.034070488 -0.184325814 0.254675716 0.031680066 0.966507435 10.640830040
0.964936256 -0.015224003 -0.262042373 -2.028622150 0.005825218 0.999312699 -0.036606949 -0.209835485 0.262419701 0.033796921 0.964361727 11.201643944
0.962820292 -0.014433937 -0.269756824 -2.219288349 0.004115175 0.999239385 -0.038778566 -0.240179673 0.270111382 0.036226686 0.962147295 11.767938614
0.960967243 -0.012899052 -0.276361436 -2.445544720 0.001148830 0.999089956 -0.042637389 -0.266724676 0.276659846 0.040655643 0.960107505 12.355421066
0.958957732 -0.012842106 -0.283258110 -2.660058498 -0.000690922 0.998865068 -0.047624763 -0.302497417 0.283548176 0.045865837 0.957860529 12.948797226
0.957542181 -0.013641895 -0.287970394 -2.896667480 -0.002446213 0.998459518 -0.055433571 -0.335407525 0.288282961 0.053784434 0.956033587 13.554467201
0.956831753 -0.013181626 -0.290343195 -3.158441067 -0.005809389 0.997904003 -0.064449966 -0.362729371 0.290584147 0.063354492 0.954749763 14.168973923
0.956828713 -0.010311280 -0.290469378 -3.456352711 -0.011751682 0.997180939 -0.074109577 -0.395587862 0.290414661 0.074323684 0.954010129 14.773857117
0.955475271 -0.009741139 -0.294910222 -3.661129951 -0.015369407 0.996455193 -0.082708888 -0.451238513 0.294670552 0.083558887 0.951938629 15.407812119
0.954637587 -0.010099309 -0.297598988 -4.009518623 -0.018066453 0.995618939 -0.091740862 -0.467902064 0.297221690 0.092955805 0.950272858 16.141880035
0.954045892 -0.005854019 -0.299603373 -4.280237675 -0.025520891 0.994589329 -0.100701250 -0.490826964 0.298571825 0.103719786 0.948734462 16.752552032
0.951870739 -0.005108241 -0.306457251 -4.480786800 -0.028890662 0.993914008 -0.106302992 -0.567333817 0.305135190 0.110040464 0.945930064 17.437604904
0.950314343 -0.004015477 -0.311266005 -4.722539902 -0.032189239 0.993288934 -0.111089610 -0.652386785 0.309623182 0.115589477 0.943807542 18.105047226
0.947618604 -0.002479921 -0.319394559 -4.911369324 -0.035545502 0.992939532 -0.113170356 -0.742586851 0.317420125 0.118595354 0.940839827 18.853519440
0.945440888 -0.002513201 -0.325783938 -5.141914845 -0.036538001 0.992843807 -0.113694221 -0.834443212 0.323738247 0.119394667 0.938583195 19.573331833
0.943059087 -0.003043058 -0.332611710 -5.371744633 -0.036357082 0.993023813 -0.112168930 -0.926119804 0.330632746 0.117874689 0.936369359 20.271226883
0.940842986 -0.003144959 -0.338828295 -5.620111942 -0.036553383 0.993179381 -0.110718325 -1.006954670 0.336865485 0.116553880 0.934310853 20.974409103
0.938439608 -0.003761921 -0.345422804 -5.897410870 -0.036186483 0.993368745 -0.109129481 -1.095289588 0.343542725 0.114911065 0.932080388 21.691896439
0.934653938 -0.002997566 -0.355546176 -6.125041008 -0.036611415 0.993837833 -0.104622416 -1.196815848 0.353668869 0.110802792 0.928784728 22.408782959
0.931167603 -0.002394368 -0.364583582 -6.403884888 -0.035998959 0.994488239 -0.098474622 -1.284458756 0.362809837 0.104821026 0.925948977 23.150524139
0.927742004 0.001436133 -0.373219281 -6.716106415 -0.038963895 0.994900823 -0.093027443 -1.371038675 0.371182531 0.100847557 0.923067331 23.895383835
0.924038351 0.004507552 -0.382273257 -7.002616882 -0.041693643 0.995154262 -0.089048386 -1.449177742 0.380019486 0.098222472 0.919748604 24.622983932
0.920173407 0.005190191 -0.391476601 -7.332820415 -0.042950012 0.995215237 -0.087760277 -1.519963384 0.389147997 0.097568616 0.915993571 25.381900787
0.915960193 0.004965411 -0.401238412 -7.650506496 -0.043170728 0.995339096 -0.086233996 -1.607210398 0.398940146 0.096308663 0.911905348 26.132663727
0.912379980 0.004647427 -0.409317940 -8.007194519 -0.043424651 0.995392025 -0.085492872 -1.672385573 0.407034546 0.095776476 0.908377588 26.886915207
0.908126354 0.005387709 -0.418661594 -8.338444710 -0.044100020 0.995586038 -0.082846053 -1.761945486 0.416367292 0.093697667 0.904355586 27.650360107
0.904197931 0.004283729 -0.427092135 -8.708460808 -0.042719301 0.995842516 -0.080452859 -1.835517168 0.424971819 0.090990387 0.900621951 28.433071136
0.900063276 0.001960033 -0.435754776 -9.060600281 -0.038783148 0.996381760 -0.075625904 -1.915096521 0.434029788 0.084968038 0.896882653 29.217260361
0.896367788 0.004087062 -0.443292230 -9.447759628 -0.039105415 0.996788323 -0.069883712 -1.985455513 0.441582888 0.079976641 0.893648744 30.001247406
0.892532170 0.004251772 -0.450963497 -9.840217590 -0.037814025 0.997139931 -0.065439053 -2.047836304 0.449395418 0.075459212 0.890140176 30.779598236
0.888781309 0.002728315 -0.458323419 -10.254266739 -0.035934526 0.997318804 -0.063747421 -2.119412661 0.456920773 0.073127143 0.886496365 31.603530884
0.885278761 0.001753716 -0.465057403 -10.682891846 -0.034987148 0.997410119 -0.062840000 -2.177000761 0.463742763 0.071901947 0.883047402 32.429847717
0.882146657 0.002921577 -0.470965683 -11.134002686 -0.035510387 0.997546971 -0.060324904 -2.245350599 0.469634116 0.069939576 0.880086422 33.250305176
0.878758907 0.000831299 -0.477265328 -11.541915894 -0.033097029 0.997697175 -0.059201721 -2.312662125 0.476117045 0.067820102 0.876762807 34.070693970
0.875875294 -0.001372905 -0.482535720 -11.997099876 -0.031002831 0.997769713 -0.059113678 -2.376693964 0.481540680 0.066736192 0.873879135 34.913169861
0.873561144 -0.005483151 -0.486683428 -12.479087830 -0.026735548 0.997886240 -0.059230912 -2.436212301 0.485979378 0.064753577 0.871568084 35.820125580
0.872099102 -0.005428925 -0.489299119 -12.945248604 -0.027123569 0.997864842 -0.059415132 -2.501948595 0.488576978 0.065087423 0.870089769 36.667274475
0.871559978 -0.004615077 -0.490267217 -13.444185257 -0.027842334 0.997876167 -0.058889393 -2.562690020 0.489497721 0.064975820 0.869580448 37.538825989
0.871028662 -0.005583929 -0.491200626 -13.927839279 -0.025490541 0.998074472 -0.056547496 -2.641305208 0.490570545 0.061775446 0.869209051 38.436290741
0.870697021 -0.006978335 -0.491770297 -14.438809395 -0.023597853 0.998154998 -0.055944897 -2.711020470 0.491253376 0.060315780 0.868925810 39.309532166
0.869746387 -0.008527433 -0.493425190 -14.943723679 -0.022408396 0.998137116 -0.056748562 -2.772106647 0.492989779 0.060413737 0.867934942 40.230628967
0.868443608 -0.011850554 -0.495646209 -15.467437744 -0.018846156 0.998202682 -0.056887504 -2.844044447 0.495429546 0.058744628 0.866659462 41.158065796
0.867068946 -0.012173973 -0.498039365 -16.007087708 -0.017673392 0.998320460 -0.055171497 -2.906024694 0.497874498 0.056639541 0.865397513 42.056819916
0.864411175 -0.011347344 -0.502657592 -16.504310608 -0.016511725 0.998565257 -0.050937228 -2.982219934 0.502514482 0.052330449 0.862983644 42.984882355
0.861580193 -0.011573670 -0.507489443 -17.042001724 -0.014047327 0.998813450 -0.046627250 -3.053406715 0.507426977 0.047301989 0.860395491 43.880302429
0.857395947 -0.011674130 -0.514524937 -17.590377808 -0.013025910 0.998930216 -0.044371039 -3.125854015 0.514492452 0.044745706 0.856326699 44.814208984
0.851945996 -0.014838137 -0.523419440 -18.135028839 -0.011255883 0.998848498 -0.046636514 -3.192608356 0.523508668 0.045623340 0.850797951 45.710891724
0.845876932 -0.018380728 -0.533061385 -18.693956375 -0.009924750 0.998690605 -0.050185174 -3.255613327 0.533285856 0.047740981 0.844586849 46.598194122
0.839466155 -0.018922821 -0.543082178 -19.267414093 -0.009084314 0.998765290 -0.048842389 -3.325471163 0.543335736 0.045935065 0.838257790 47.496349335
0.833637238 -0.015667982 -0.552089989 -19.890430450 -0.010140660 0.998994827 -0.043662913 -3.385784626 0.552219212 0.041997593 0.832640409 48.411651611
0.828116536 -0.010826570 -0.560451388 -20.447639465 -0.013385665 0.999146521 -0.039079607 -3.455842972 0.560396135 0.039864484 0.827264726 49.276515961
0.824108601 -0.011947703 -0.566305697 -21.058971405 -0.013642868 0.999068856 -0.040931579 -3.512058735 0.566267431 0.041458104 0.823178291 50.160026550
0.820248008 -0.014712595 -0.571818888 -21.680103302 -0.013311638 0.998907447 -0.044796299 -3.571808100 0.571853161 0.044355918 0.819155991 51.040924072
0.816805840 -0.017254122 -0.576654553 -22.247793198 -0.015314498 0.998551905 -0.051570065 -3.640785217 0.576709330 0.050953902 0.815358877 51.886737823
0.813762903 -0.017452421 -0.580934882 -22.884048462 -0.016435189 0.998458385 -0.053017758 -3.710652590 0.580964565 0.052691665 0.812221527 52.749141693
0.809810460 -0.016664198 -0.586454868 -23.496925354 -0.014555534 0.998718321 -0.048477836 -3.789265633 0.586511016 0.047794022 0.808529913 53.625797272
0.806458712 -0.014422912 -0.591114521 -24.137516022 -0.014150664 0.998945355 -0.043679569 -3.845627308 0.591121137 0.043590434 0.805404127 54.496505737
0.803536654 -0.011532864 -0.595143557 -24.769596100 -0.015605463 0.999060452 -0.040429886 -3.908251762 0.595050693 0.041774381 0.802601695 55.329257965
0.800744832 -0.011214758 -0.598900557 -25.428070068 -0.016441919 0.999036491 -0.040690780 -3.973200560 0.598779917 0.042430002 0.799788892 56.174743652
0.797397912 -0.011421619 -0.603345692 -26.080854416 -0.017896209 0.998933494 -0.042562388 -4.020534039 0.603188396 0.044736762 0.796343029 57.010917664
0.792252243 -0.015688960 -0.609991968 -26.719650269 -0.014511116 0.998902202 -0.044538610 -4.097245216 0.610021174 0.044137474 0.791154861 57.891418457
0.788218379 -0.016714351 -0.615168512 -27.386741638 -0.013625710 0.998911977 -0.044599481 -4.162114143 0.615244746 0.043536235 0.787133038 58.716354370
0.783446848 -0.016740294 -0.621233344 -28.058605194 -0.013580601 0.998937249 -0.044044942 -4.217739105 0.621310413 0.042943597 0.782387018 59.574348450
0.778657615 -0.016792336 -0.627224267 -28.752412796 -0.013432686 0.998966575 -0.043420594 -4.277852058 0.627305329 0.042235080 0.777627349 60.418739319
0.773085475 -0.018381719 -0.634035349 -29.436065674 -0.012747989 0.998927832 -0.044504285 -4.337272644 0.634173751 0.042488292 0.772022367 61.246665955
0.767700911 -0.019861469 -0.640500546 -30.134105682 -0.011949973 0.998902023 -0.045298435 -4.396825314 0.640696883 0.042429615 0.766620636 62.082969666
0.761467934 -0.021605795 -0.647842467 -30.832736969 -0.010835056 0.998880446 -0.046048470 -4.466007233 0.648111999 0.042083837 0.760381460 62.912216187
0.756135285 -0.022765068 -0.654019296 -31.557296753 -0.010545660 0.998841107 -0.046959825 -4.536921501 0.654330373 0.042405035 0.755018890 63.724250793
0.749791324 -0.024525957 -0.661219656 -32.297557831 -0.009800522 0.998791516 -0.048160497 -4.599466324 0.661601782 0.042590618 0.748644888 64.566879272
0.743716717 -0.025448596 -0.668010294 -33.036621094 -0.009229810 0.998788893 -0.048325822 -4.669017315 0.668431163 0.042106334 0.742581189 65.387809753
0.737191737 -0.025028341 -0.675219834 -33.779769897 -0.008490415 0.998891711 -0.046295524 -4.741755009 0.675630212 0.039861571 0.736162186 66.206069946
0.730884135 -0.025618693 -0.682020664 -34.559764862 -0.007818431 0.998915434 -0.045900777 -4.800913334 0.682456791 0.038880486 0.729891062 67.022583008
0.724328399 -0.027481571 -0.688907266 -35.331771851 -0.006573403 0.998884499 -0.046758439 -4.868645191 0.689423800 0.038396932 0.723339856 67.833908081
0.717432499 -0.029124580 -0.696018994 -36.114704132 -0.006421250 0.998806655 -0.048413392 -4.936039925 0.696598589 0.039202657 0.716389298 68.646011353
0.711448669 -0.028572157 -0.702156961 -36.916698456 -0.007667985 0.998797953 -0.048412520 -4.999270439 0.702696204 0.039827153 0.710374296 69.440429688
0.705951273 -0.027901582 -0.707710683 -37.724494934 -0.008184851 0.998835623 -0.047543727 -5.067599773 0.708213091 0.039356060 0.704900861 70.244644165
0.701010227 -0.027393281 -0.712624967 -38.548156738 -0.008559019 0.998866856 -0.046815928 -5.147982597 0.713099897 0.038917813 0.699981391 71.036956787
0.696399629 -0.027814904 -0.717114985 -39.394641876 -0.009694203 0.998792946 -0.048154566 -5.210177422 0.717588782 0.040486690 0.695289314 71.834945679
0.690939963 -0.029785518 -0.722298145 -40.209743500 -0.010321142 0.998642564 -0.051054221 -5.278958321 0.722838461 0.042730346 0.689694762 72.613754272
0.685735047 -0.032555420 -0.727122664 -41.053173065 -0.009133712 0.998535633 -0.053321205 -5.353443146 0.727793872 0.043205548 0.684433520 73.402053833
0.680504560 -0.033007063 -0.732000113 -41.895298004 -0.009749734 0.998488605 -0.054087304 -5.425386429 0.732679009 0.043943454 0.679154217 74.185943604
0.675664544 -0.032447208 -0.736494839 -42.757293701 -0.009231270 0.998580158 -0.052462533 -5.501638412 0.737151444 0.042245854 0.674405694 74.962791443
0.670454204 -0.032693811 -0.741230249 -43.628456116 -0.008495766 0.998624802 -0.051731396 -5.571787834 0.741902292 0.040980842 0.669254482 75.742362976
0.664966285 -0.034085877 -0.746095240 -44.498077393 -0.007923282 0.998579860 -0.052682519 -5.639766216 0.746831477 0.040943619 0.663751781 76.524024963
0.660233378 -0.035075717 -0.750240922 -45.387493134 -0.006632165 0.998597622 -0.052523535 -5.720930099 0.751031220 0.039653514 0.659074903 77.299453735
0.655777395 -0.035858896 -0.754102111 -46.283664703 -0.005386699 0.998623610 -0.052170672 -5.799116135 0.754935026 0.038274471 0.654681861 78.073776245
0.651923299 -0.036389343 -0.757411361 -47.214126587 -0.004921905 0.998623669 -0.052214652 -5.871538639 0.758268952 0.037767861 0.650847137 78.854751587
0.647504032 -0.040408067 -0.760989904 -48.086067200 0.000279366 0.998605669 -0.052787613 -5.956961155 0.762061894 0.033967599 0.646612585 79.609771729
0.643354654 -0.043753836 -0.764316916 -48.974067688 0.001120890 0.998418212 -0.056211621 -6.033869267 0.765567482 0.035307292 0.642386079 80.360519409
0.638536155 -0.048725154 -0.768047750 -49.907348633 0.007165350 0.998326838 -0.057377018 -6.122988701 0.769558430 0.031133961 0.637816966 81.123382568
0.631195605 -0.052657172 -0.773834050 -50.827758789 0.012595670 0.998257160 -0.057654556 -6.201250553 0.775521398 0.026644338 0.630758762 81.901473999
0.623331368 -0.055847872 -0.779960871 -51.786468506 0.017470574 0.998191953 -0.057511780 -6.301161289 0.781762600 0.022222538 0.623180032 82.639236450
0.614203334 -0.056491178 -0.787123203 -52.743240356 0.020076074 0.998230219 -0.055976506 -6.386775970 0.788892329 0.018578619 0.614250422 83.387870789
0.605281591 -0.055478372 -0.794075727 -53.699188232 0.021297056 0.998339891 -0.053515747 -6.467008591 0.795726418 0.015480630 0.605458260 84.112998962
0.596377730 -0.054773573 -0.800832927 -54.690822601 0.020685850 0.998386621 -0.052880719 -6.562835217 0.802437365 0.014970976 0.596548617 84.838043213
0.586948991 -0.056127954 -0.807676077 -55.678092957 0.019572007 0.998286247 -0.055150811 -6.634838581 0.809387386 0.016562866 0.587041616 85.555335999
0.576966643 -0.058563359 -0.814665437 -56.672966003 0.020125022 0.998142660 -0.057499815 -6.712386608 0.816519797 0.016780319 0.577073634 86.247642517
0.567217767 -0.060660049 -0.821330845 -57.689231873 0.021844292 0.998041034 -0.058625266 -6.801902771 0.823278129 0.015311906 0.567431688 86.930191040
0.556738734 -0.061014578 -0.828443706 -58.718345642 0.025154008 0.998079836 -0.056603964 -6.897906780 0.830306709 0.010674944 0.557204485 87.623657227
0.546231866 -0.061341617 -0.835385084 -59.751880646 0.026821608 0.998084307 -0.055750720 -6.985594749 0.837204516 0.008046442 0.546830773 88.309265137
0.535997450 -0.061809096 -0.841953933 -60.807529449 0.027212033 0.998062789 -0.055945814 -7.077446938 0.843780816 0.007075540 0.536641121 88.966819763
0.525593579 -0.063121058 -0.848390877 -61.865112305 0.026984993 0.997978866 -0.057532825 -7.155818462 0.850307643 0.007345068 0.526234627 89.622375488
0.515635669 -0.063592449 -0.854444742 -62.941093445 0.025716217 0.997941315 -0.058753148 -7.238422394 0.856421947 0.008322127 0.516209483 90.261291504
0.505590975 -0.064314738 -0.860372841 -64.026779175 0.024987713 0.997890949 -0.059910685 -7.339134693 0.862411439 0.008791556 0.506131709 90.902076721
0.495858669 -0.064188980 -0.866027713 -65.115142822 0.024007021 0.997896492 -0.060217332 -7.427083969 0.868071377 0.009068538 0.496356606 91.524246216
0.486968368 -0.062026143 -0.871214390 -66.220588684 0.023709092 0.998046339 -0.057803679 -7.524731636 0.873097777 0.007492859 0.487487614 92.142074585
0.478592336 -0.060847100 -0.875926375 -67.335784912 0.024870699 0.998135030 -0.055747502 -7.609456062 0.877684951 0.004895422 0.479213089 92.751327515
0.471570820 -0.060828760 -0.879727781 -68.447998047 0.024626825 0.998137295 -0.055815194 -7.696136475 0.881484270 0.004655912 0.472190410 93.337020874
0.462893307 -0.064071603 -0.884095311 -69.571258545 0.027287807 0.997941554 -0.058034863 -7.789887428 0.885993838 0.002738929 0.463688821 93.941574097
0.456259459 -0.067674033 -0.887269676 -70.700126648 0.029985603 0.997706890 -0.060677864 -7.880852699 0.889341354 0.001079538 0.457242489 94.509445190
0.450720936 -0.070094563 -0.889908612 -71.824478149 0.029739890 0.997538030 -0.063509434 -7.965883732 0.892169297 0.002159252 0.451695889 95.060852051
0.444400012 -0.073721312 -0.892789900 -72.953399658 0.034013100 0.997277975 -0.065418787 -8.090995789 0.895182490 -0.001294440 0.445697874 95.644256592
0.439272463 -0.074410506 -0.895266891 -74.089668274 0.038107555 0.997210026 -0.064185672 -8.205966949 0.897545278 -0.005921442 0.440882534 96.205688477
0.435272336 -0.070984565 -0.897496045 -75.232955933 0.039678536 0.997430682 -0.059645057 -8.314099312 0.899424016 -0.009649483 0.436970532 96.753143311
0.430537134 -0.069810696 -0.899868906 -76.352294922 0.043392945 0.997452378 -0.056619979 -8.401029587 0.901529074 -0.014670967 0.432469577 97.320617676
0.427544534 -0.069813609 -0.901294470 -77.480339050 0.045269251 0.997416019 -0.055784889 -8.485177994 0.902860105 -0.016950404 0.429600209 97.844696045
0.424534351 -0.069871247 -0.902711749 -78.614913940 0.047459565 0.997364521 -0.054877855 -8.572988510 0.904167116 -0.019544769 0.426731616 98.380355835
0.421745747 -0.068724990 -0.904105842 -79.734336853 0.049193133 0.997389078 -0.052868333 -8.662012100 0.905378699 -0.022178812 0.424025327 98.911529541
0.418848485 -0.067640655 -0.905533433 -80.853530884 0.051194146 0.997394621 -0.050822914 -8.747821808 0.906611919 -0.025070908 0.421220064 99.439414978
0.416531831 -0.068442442 -0.906541169 -81.971397400 0.053642478 0.997275054 -0.050645392 -8.836108208 0.907537162 -0.027533697 0.419068247 99.956428528
0.414259225 -0.068933748 -0.907544732 -83.083793640 0.056267656 0.997160137 -0.050056588 -8.915245056 0.908418000 -0.030329017 0.416961461 100.463180542
0.411776215 -0.067694776 -0.908767343 -84.192970276 0.059010595 0.997124851 -0.047538005 -8.995903969 0.909372389 -0.034051884 0.414587021 100.971435547
0.409570038 -0.067044094 -0.909811795 -85.284866333 0.061055157 0.997074306 -0.045989286 -9.070488930 0.910233319 -0.036712870 0.412465155 101.465232849
0.408211112 -0.068274021 -0.910330892 -86.378890991 0.063079782 0.996925414 -0.046482280 -9.145664215 0.910705566 -0.038448885 0.411262751 101.952133179
0.406486362 -0.069351494 -0.911020994 -87.456146240 0.064476848 0.996806562 -0.047113121 -9.221207619 0.911378920 -0.039588917 0.409659833 102.443679810
0.406093746 -0.070230111 -0.911128700 -88.519447327 0.063522413 0.996800125 -0.048521500 -9.297969818 0.911620975 -0.038172822 0.409255505 102.912223816
0.407083571 -0.070679702 -0.910652161 -89.565994263 0.063439913 0.996781707 -0.049005423 -9.382286072 0.911185145 -0.037822392 0.410257429 103.362854004
0.409070432 -0.069705196 -0.909836531 -90.606269836 0.059817284 0.996981919 -0.049487274 -9.455412865 0.910540104 -0.034180168 0.412005395 103.842979431
0.413708806 -0.070154175 -0.907702267 -91.639709473 0.057515811 0.997048974 -0.050845254 -9.526331902 0.908590615 -0.031172100 0.416522890 104.301963806
0.419094324 -0.070467137 -0.905204117 -92.687454224 0.055915114 0.997094333 -0.051732752 -9.605767250 0.906219363 -0.028933682 0.421816707 104.773605347
0.425436646 -0.070912927 -0.902205706 -93.709594727 0.055853698 0.997082293 -0.052032288 -9.679854393 0.903263032 -0.028255083 0.428156018 105.245658875
0.431085259 -0.068201289 -0.899730027 -94.699234009 0.052652393 0.997341573 -0.050373234 -9.756443977 0.900773704 -0.025657777 0.433530211 105.736381531
0.439294070 -0.066538967 -0.895875752 -95.695411682 0.050826795 0.997496665 -0.049163617 -9.828225136 0.896904349 -0.023937210 0.441576213 106.223136902
0.448581964 -0.066287383 -0.891280115 -96.664237976 0.050579496 0.997530341 -0.048732862 -9.893198967 0.892309368 -0.023219816 0.450826913 106.702026367
0.458076328 -0.064909600 -0.886539698 -97.676338196 0.047500044 0.997692823 -0.048504531 -9.962684631 0.887642801 -0.019891901 0.460102677 107.216850281
0.468345702 -0.064603217 -0.881180286 -98.659225464 0.045385562 0.997765660 -0.049028277 -10.034836769 0.882378876 -0.017030679 0.470231265 107.725296021
0.478603125 -0.065824717 -0.875560462 -99.623435974 0.043028705 0.997746050 -0.051490091 -10.104485512 0.876976371 -0.013030911 0.480356812 108.245040894
0.489791125 -0.066675007 -0.869286537 -100.570419312 0.040760253 0.997732341 -0.053560928 -10.171803474 0.870886445 -0.009198667 0.491398245 108.777328491
0.502853096 -0.065114841 -0.861915767 -101.527236938 0.038339894 0.997857273 -0.053016767 -10.236892700 0.863521218 -0.006386118 0.504272103 109.315727234
0.515824795 -0.061912078 -0.854454100 -102.459526062 0.035942107 0.998071015 -0.050620429 -10.310359955 0.855939746 -0.004599601 0.517055154 109.863739014
0.529143035 -0.058829289 -0.846490860 -103.372085571 0.034312896 0.998261273 -0.047927953 -10.383114815 0.847838640 -0.003684803 0.530241549 110.409866333
0.541144788 -0.058106504 -0.838919520 -104.280990601 0.033964418 0.998306096 -0.047237433 -10.447768211 0.840243220 -0.002931121 0.542201638 110.981040955
0.552839875 -0.057640042 -0.831291556 -105.176910400 0.032588229 0.998337090 -0.047550239 -10.512979507 0.832650006 -0.000802655 0.553798974 111.568283081
0.564662278 -0.057738714 -0.823299885 -106.061462402 0.031308319 0.998330355 -0.048540864 -10.577346802 0.824728012 0.001633066 0.565527201 112.153228760
0.576152205 -0.058725834 -0.815229952 -106.926239014 0.031611420 0.998270214 -0.049570393 -10.631420135 0.816730857 0.002789533 0.577012062 112.749404907
0.586881757 -0.057897694 -0.807599962 -107.773796082 0.031131459 0.998316050 -0.048947129 -10.699623108 0.809073985 0.003584410 0.587695897 113.367073059
0.598108411 -0.054867309 -0.799534798 -108.609863281 0.028803639 0.998480856 -0.046972636 -10.759963036 0.800897419 0.005065221 0.598780155 113.967147827
0.608392417 -0.051897932 -0.791937649 -109.428924561 0.028219545 0.998643219 -0.043764766 -10.817389488 0.793134451 0.004278025 0.609031498 114.587799072
0.618698895 -0.049768571 -0.784050286 -110.229232788 0.026364259 0.998744667 -0.042592369 -10.874696732 0.785185695 0.005680956 0.619234264 115.199096680
0.629076838 -0.048960261 -0.775799692 -111.017349243 0.023653537 0.998758137 -0.043850955 -10.928741455 0.776983142 0.009235212 0.629453719 115.816223145
0.638510466 -0.048522450 -0.768082023 -111.781349182 0.021731278 0.998749256 -0.045029182 -10.987400055 0.769306302 0.012060197 0.638766289 116.443756104
0.648201585 -0.047303367 -0.759998202 -112.542434692 0.021030743 0.998799980 -0.044229645 -11.051194191 0.761178374 0.012686395 0.648418605 117.073272705
0.657453239 -0.044995632 -0.752150655 -113.279205322 0.020167677 0.998908579 -0.042128816 -11.110735893 0.753225386 0.012528590 0.657643199 117.705902100
0.666172385 -0.043083921 -0.744552255 -114.003532410 0.020034885 0.999003530 -0.039882090 -11.166558266 0.745528638 0.011651311 0.666371763 118.349052429
0.674414217 -0.042421352 -0.737133622 -114.711090088 0.020196481 0.999034464 -0.039015431 -11.219774246 0.738076985 0.011425054 0.674619853 118.989364624
0.682480574 -0.041677587 -0.729714453 -115.412582397 0.019047355 0.999047995 -0.039246127 -11.269672394 0.730655432 0.012885585 0.682624698 119.630088806
0.690014958 -0.040806457 -0.722643912 -116.100418091 0.018450473 0.999076664 -0.038798746 -11.320099831 0.723559916 0.013438610 0.690130711 120.275939941
0.697374880 -0.037874147 -0.715705156 -116.777854919 0.017482646 0.999204516 -0.035841651 -11.370174408 0.716493309 0.012482641 0.697482228 120.921966553
0.704837620 -0.034838475 -0.708512723 -117.441360474 0.016070958 0.999321103 -0.033150312 -11.418741226 0.709186614 0.011979101 0.704919040 121.573783875
0.712466955 -0.032899093 -0.700933874 -118.085357666 0.014579436 0.999378681 -0.032087609 -11.466449738 0.701554179 0.012642141 0.712503970 122.212005615
0.720100999 -0.032136090 -0.693124712 -118.719360352 0.014029347 0.999396980 -0.031760756 -11.511270523 0.693727493 0.013146851 0.720117569 122.855789185
0.728218436 -0.029108701 -0.684726655 -119.331840515 0.011201336 0.999469638 -0.030576069 -11.551595688 0.685253441 0.014596211 0.728158355 123.494293213
0.737355411 -0.026722845 -0.674976110 -119.935279846 0.010816711 0.999556184 -0.027756862 -11.591438293 0.675418317 0.013165661 0.737317264 124.137847900
0.746815443 -0.022608744 -0.664646864 -120.517623901 0.008728296 0.999669075 -0.024197541 -11.630113602 0.664974093 0.012269855 0.746765554 124.780555725
0.757077873 -0.020697175 -0.652996659 -121.090324402 0.006943966 0.999696434 -0.023635268 -11.663124084 0.653287709 0.013359338 0.756991804 125.427017212
0.767009258 -0.019697083 -0.641333640 -121.642807007 0.005193259 0.999686480 -0.024492139 -11.700828552 0.641615093 0.015455091 0.766871035 126.079574585
0.776993811 -0.021111470 -0.629154086 -122.179855347 0.005532756 0.999627888 -0.026709991 -11.726832390 0.629483879 0.017272539 0.776821434 126.739074707
0.786950290 -0.020375730 -0.616679907 -122.699508667 0.005272152 0.999640167 -0.026301295 -11.760797501 0.616993904 0.017446583 0.786774516 127.391593933
0.797247350 -0.018320719 -0.603374660 -123.207183838 0.004534046 0.999692917 -0.024363535 -11.801008224 0.603635669 0.016688030 0.797085583 128.054428101
0.807441592 -0.016346075 -0.589721084 -123.705795288 0.004447952 0.999756217 -0.021621462 -11.833241463 0.589930773 0.014835017 0.807317555 128.726638794
0.817158937 -0.014304694 -0.576234937 -124.181404114 0.003954382 0.999807537 -0.019211926 -11.862945557 0.576398909 0.013420545 0.817058325 129.397369385
0.826314986 -0.013527247 -0.563045800 -124.667350769 0.005223969 0.999852598 -0.016354995 -11.892883301 0.563184023 0.010573039 0.826263845 130.087524414
0.834501088 -0.012978209 -0.550853312 -125.130844116 0.005938149 0.999876261 -0.014561437 -11.916305542 0.550974131 0.008880484 0.834475040 130.785598755
0.841754735 -0.013550198 -0.539690018 -125.583267212 0.007940037 0.999887586 -0.012720465 -11.946957588 0.539801717 0.006422356 0.841767669 131.489074707
0.848351955 -0.012988701 -0.529273272 -126.001144409 0.007370434 0.999891877 -0.012724194 -11.959014893 0.529381335 0.006893619 0.848356009 132.180114746
0.855349362 -0.012480527 -0.517901182 -126.470115662 0.006921456 0.999895811 -0.012664506 -11.989143372 0.518005311 0.007247947 0.855346680 132.901062012
0.862012506 -0.010714363 -0.506773591 -126.903350830 0.005547956 0.999916136 -0.011703564 -12.010210991 0.506856561 0.007277060 0.861999750 133.623229980
0.868396163 -0.009301009 -0.495783657 -127.333190918 0.004196772 0.999926150 -0.011407917 -12.030453682 0.495853126 0.007825905 0.868371129 134.363555908
0.874198794 -0.009553718 -0.485474199 -127.739501953 0.004626647 0.999924958 -0.011346426 -12.055930138 0.485546201 0.007672917 0.874177396 135.094528198
0.879372954 -0.011249524 -0.476000786 -128.151855469 0.005944708 0.999902248 -0.012648734 -12.072916031 0.476096511 0.008293265 0.879353940 135.852630615
0.883625627 -0.012354228 -0.468031079 -128.552688599 0.006969775 0.999888062 -0.013234543 -12.088881493 0.468142211 0.008432307 0.883612931 136.604644775
0.887270629 -0.011729982 -0.461099893 -128.970214844 0.006643825 0.999897778 -0.012652159 -12.105051041 0.461201340 0.008162421 0.887257934 137.383834839
0.890726209 -0.009617325 -0.454438508 -129.367446899 0.005891874 0.999936342 -0.009613330 -12.119145393 0.454502106 0.005885351 0.890726209 138.143875122
0.893652976 -0.006194807 -0.448715687 -129.780761719 0.004215773 0.999976516 -0.005409264 -12.133642197 0.448738694 0.002942322 0.893658102 138.959045410
0.897013187 -0.003573420 -0.441989243 -130.161727905 0.002725012 0.999993026 -0.002554415 -12.150086403 0.441995323 0.001086919 0.897016764 139.729187012
0.900250494 -0.001061881 -0.435371011 -130.579681396 0.000996882 0.999999464 -0.000377683 -12.159938812 0.435371250 -0.000094002 0.900250971 140.567382812
0.903588176 0.000283635 -0.428402036 -130.968460083 0.000457788 0.999998689 0.001627648 -12.163635254 0.428401917 -0.001666840 0.903586626 141.381927490
0.906845510 0.001445830 -0.421460688 -131.389373779 0.000335295 0.999991298 0.004151935 -12.163217545 0.421463072 -0.003906477 0.906837165 142.253326416
0.910150349 0.000689786 -0.414277643 -131.751556396 0.001889665 0.999981284 0.005816516 -12.155685425 0.414273918 -0.006076749 0.910131931 143.084457397
0.913869739 0.000685588 -0.406006813 -132.180938721 0.002314127 0.999973536 0.006897373 -12.169186592 0.406000853 -0.007242852 0.913843989 143.990890503
0.917571187 -0.000087757 -0.397571415 -132.559066772 0.003137623 0.999970436 0.007020720 -12.170894623 0.397559077 -0.007689442 0.917544305 144.875000000
0.921347260 -0.002122334 -0.388734698 -132.941299438 0.005084911 0.999965310 0.006592435 -12.179008484 0.388707280 -0.008050604 0.921326101 145.770874023
0.925430596 -0.003062396 -0.378904700 -133.330291748 0.005670525 0.999967337 0.005767627 -12.197710037 0.378874630 -0.007486127 0.925417662 146.702011108
0.929808378 -0.005446606 -0.368003547 -133.693786621 0.007022985 0.999970913 0.002944486 -12.182948112 0.367976844 -0.005322291 0.929819643 147.623626709
0.934983253 -0.004152246 -0.354667336 -134.061706543 0.005125002 0.999985158 0.001803402 -12.180177689 0.354654640 -0.003503821 0.934990764 148.571884155
0.941227734 0.000570098 -0.337771982 -134.424621582 0.000621037 0.999993920 0.003418376 -12.199034691 0.337771922 -0.003427241 0.941221774 149.528045654
0.947576761 0.003838249 -0.319504827 -134.757232666 -0.001908407 0.999978006 0.006352964 -12.206438065 0.319522202 -0.005410177 0.947563410 150.509857178
0.954112291 0.006488533 -0.299378753 -135.064788818 -0.004373811 0.999960542 0.007733249 -12.201327324 0.299417168 -0.006068959 0.954102993 151.463500977
0.960471034 0.008158082 -0.278260380 -135.353759766 -0.006064337 0.999946475 0.008384326 -12.209310532 0.278313845 -0.006365437 0.960469007 152.465286255
0.966517806 0.009184995 -0.256435156 -135.662185669 -0.006838715 0.999926209 0.010039874 -12.208146095 0.256508470 -0.007950031 0.966509223 153.515747070
0.972007096 0.010095183 -0.234734580 -135.915542603 -0.007230587 0.999888599 0.013061037 -12.209319115 0.234840259 -0.010998150 0.971971750 154.550033569
0.977016568 0.012206262 -0.212813467 -136.143966675 -0.008972084 0.999829173 0.016156413 -12.197607994 0.212974280 -0.013875704 0.976959348 155.616424561
0.981624603 0.014931815 -0.190237015 -136.387710571 -0.011273857 0.999730408 0.020296244 -12.198740959 0.190488830 -0.017778585 0.981528342 156.730697632
0.985815585 0.016544890 -0.167014554 -136.602798462 -0.012789509 0.999641180 0.023535999 -12.179964066 0.167344019 -0.021066120 0.985673487 157.841735840
0.989227235 0.018163713 -0.145256877 -136.766357422 -0.014933878 0.999617100 0.023295015 -12.172963142 0.145624369 -0.020874819 0.989119709 158.926483154
0.992253542 0.017544337 -0.122983843 -136.901718140 -0.015059776 0.999663830 0.021102976 -12.165452003 0.123312756 -0.019087395 0.992184341 160.002502441
0.994636595 0.017072592 -0.102012664 -137.058792114 -0.015107336 0.999685705 0.020006485 -12.148213387 0.102322154 -0.018358042 0.994581819 161.238296509
0.996533871 0.016039392 -0.081627950 -137.163009644 -0.014285975 0.999655485 0.022019517 -12.127327919 0.081953004 -0.020777058 0.996419489 162.382247925
0.997973144 0.016562970 -0.061442323 -137.244964600 -0.015125760 0.999602735 0.023783142 -12.132519722 0.061811849 -0.022805573 0.997827172 163.578903198
0.999004841 0.017460659 -0.041042294 -137.298492432 -0.016459055 0.999561548 0.024616804 -12.117704391 0.041454129 -0.023916785 0.998854101 164.736404419
0.999613345 0.018748136 -0.020534245 -137.343872070 -0.018225377 0.999512434 0.025355307 -12.105830193 0.020999599 -0.024971263 0.999467492 165.985198975
0.999825060 0.018703349 -0.000198744 -137.352767944 -0.018691869 0.999487758 0.025978904 -12.090925217 0.000684537 -0.025970647 0.999662399 167.168960571
0.999574006 0.020761333 0.020511499 -137.332427979 -0.021272130 0.999460936 0.025006801 -12.065616608 -0.019981267 -0.025432473 0.999476850 168.411437988
0.998935819 0.022007918 0.040531963 -137.289199829 -0.022979882 0.999455631 0.023672335 -12.046894073 -0.039988920 -0.024578562 0.998897791 169.625732422
0.997937202 0.021843350 0.060367744 -137.232788086 -0.023155237 0.999508798 0.021118095 -12.042190552 -0.059876803 -0.022472361 0.997952759 170.902404785
0.996529281 0.024463754 0.079568543 -137.141418457 -0.026001768 0.999493420 0.018350942 -12.022262573 -0.079079308 -0.020356175 0.996660411 172.170684814
0.994904220 0.023325989 0.098089136 -137.011428833 -0.025090219 0.999544203 0.016790867 -12.022192955 -0.097652763 -0.019166382 0.995035946 173.394271851
0.992930174 0.022586189 0.116530724 -136.859680176 -0.024353264 0.999608755 0.013762355 -12.014576912 -0.116174273 -0.016502960 0.993091762 174.646011353
0.990494370 0.024222938 0.135403588 -136.706100464 -0.025559356 0.999640167 0.008139928 -12.016138077 -0.135157719 -0.011523382 0.990757048 175.966171265
0.987812340 0.026064059 0.153450996 -136.534225464 -0.026651405 0.999643147 0.001771452 -12.023147583 -0.153350100 -0.005839548 0.988154650 177.220687866
0.984930158 0.027767750 0.170708627 -136.303985596 -0.027600341 0.999613464 -0.003354296 -12.046566010 -0.170735762 -0.001407869 0.985315800 178.576263428
0.981686711 0.029559441 0.188195243 -136.048706055 -0.028616194 0.999560595 -0.007727705 -12.056200981 -0.188340962 0.002200754 0.982101262 179.884429932
0.978201151 0.030939452 0.205341727 -135.787979126 -0.029491263 0.999513865 -0.010110090 -12.105630875 -0.205554739 0.003833916 0.978638113 181.237548828
0.974470854 0.029706860 0.222539902 -135.481781006 -0.028180392 0.999552488 -0.010032310 -12.136340141 -0.222738370 0.003504933 0.974871933 182.576995850
0.970371544 0.028715529 0.239905179 -135.177963257 -0.026855716 0.999578536 -0.011018524 -12.155485153 -0.240120426 0.004249236 0.970733762 183.889022827
0.966025710 0.028993204 0.256814390 -134.831481934 -0.025679385 0.999538183 -0.016248567 -12.187027931 -0.257166892 0.009101696 0.966324151 185.238220215
0.961520791 0.030220047 0.273064941 -134.467239380 -0.025623480 0.999463797 -0.020384647 -12.233176231 -0.273534536 0.012603388 0.961779594 186.572631836
0.956648171 0.032593418 0.289416313 -134.038940430 -0.027829569 0.999401152 -0.020561358 -12.260267258 -0.289913148 0.011615654 0.956982434 187.943588257
0.950968444 0.034499455 0.307357818 -133.662902832 -0.029379072 0.999342084 -0.021272212 -12.318689346 -0.307889432 0.011199316 0.951356173 189.267807007
0.945019007 0.038314719 0.324762791 -133.206481934 -0.032066107 0.999183655 -0.024572868 -12.360525131 -0.325439185 0.012807954 0.945476174 190.636810303
0.938853264 0.038638923 0.342142522 -132.751968384 -0.030853605 0.999126852 -0.028170085 -12.427852631 -0.342932343 0.015891246 0.939225733 191.944656372
0.932260692 0.040611945 0.359500468 -132.251571655 -0.031836193 0.999033630 -0.030300573 -12.491291046 -0.360383749 0.016802905 0.932652831 193.283447266
0.925467134 0.039895795 0.376721293 -131.732818604 -0.028599193 0.998959124 -0.035534628 -12.556405067 -0.377746850 0.022112206 0.925644815 194.628723145
0.917351365 0.042932712 0.395756572 -131.174514771 -0.028677877 0.998711467 -0.041868411 -12.611140251 -0.397044212 0.027058583 0.917400479 196.041046143
0.907844365 0.046837449 0.416683108 -130.582229614 -0.030893872 0.998512328 -0.044928476 -12.716788292 -0.418167531 0.027915113 0.907940805 197.326828003
0.896269560 0.049862310 0.440697759 -129.960998535 -0.032966305 0.998401105 -0.045917820 -12.813468933 -0.442282736 0.026626576 0.896480322 198.658554077
0.883466363 0.054653220 0.465295851 -129.307952881 -0.036123019 0.998162329 -0.048655689 -12.892634392 -0.467099905 0.026177771 0.883816898 199.980865479
0.869765460 0.058421202 0.489994913 -128.592468262 -0.037879813 0.997941792 -0.051744200 -12.977714539 -0.492009342 0.026444405 0.870188177 201.302001953
0.855318546 0.062061053 0.514371932 -127.873176575 -0.039386354 0.997715592 -0.054885186 -13.081624031 -0.516603172 0.026685083 0.855809033 202.586105347
