0.999999523 -0.000670814 -0.000671672 0.010985979 0.000672061 0.999998033 0.001858272 -0.020765087 0.000670425 -0.001858722 0.999998033 0.938805699
0.999997616 -0.001743269 -0.001306033 0.012625278 0.001745740 0.999996662 0.001893623 -0.034226462 0.001302727 -0.001895899 0.999997377 1.815513372
0.999993324 -0.003415962 -0.001256429 -0.000548922 0.003416866 0.999993861 0.000717477 -0.041441899 0.001253970 -0.000721765 0.999998927 2.674315214
0.999991894 -0.003739156 -0.001509920 0.007312782 0.003740649 0.999992430 0.000987435 -0.065099224 0.001506217 -0.000993075 0.999998391 3.896973133
0.999990106 -0.004082676 -0.001778475 0.009266380 0.004085692 0.999990344 0.001695731 -0.078749977 0.001771534 -0.001702981 0.999996901 4.891003132
0.999983728 -0.005532403 -0.001366181 0.003813602 0.005536600 0.999979913 0.003088279 -0.089749187 0.001349067 -0.003095793 0.999994278 5.550404072
0.999985695 -0.004938169 -0.002053414 0.003346672 0.004944831 0.999982476 0.003252031 -0.104818493 0.002037319 -0.003262139 0.999992549 6.862954140
0.999987662 -0.004329978 -0.002431903 0.000143358 0.004333791 0.999989390 0.001564615 -0.120044798 0.002425102 -0.001575135 0.999995768 7.854590416
0.999995470 -0.001612320 -0.002524274 -0.006342483 0.001610716 0.999998510 -0.000637519 -0.127200693 0.002525298 0.000633451 0.999996543 8.361713409
0.999994516 0.001915734 -0.002684307 -0.013904086 -0.001920516 0.999996543 -0.001780120 -0.147196367 0.002680887 0.001785265 0.999994814 9.808904648
0.999984920 0.004818643 -0.002626856 1.243627191 -0.004826582 0.999983788 -0.003024376 0.221656621 0.002612240 0.003037009 0.999991953 2.192882776
0.999978006 0.006337497 -0.001933153 0.610488594 -0.006341376 0.999977887 -0.002007135 0.015594609 0.001920390 0.002019350 0.999996126 7.494791985
0.999991477 0.003518826 -0.002164311 1.229270697 -0.003517689 0.999993682 0.000528630 0.178480014 0.002166158 -0.000521013 0.999997437 4.686578751
0.999997914 -0.000582687 -0.001919856 1.225103259 0.000586759 0.999997556 0.002121116 0.162138805 0.001918616 -0.002122237 0.999995887 5.926250935
0.999994040 -0.002976411 -0.001743000 1.776565909 0.002974568 0.999994993 -0.001059509 0.355292022 0.001746145 0.001054318 0.999997914 3.249818325
0.999988973 -0.004027228 -0.002399970 1.689795136 0.004019770 0.999987125 -0.003104480 0.292459369 0.002412441 0.003094799 0.999992311 5.349204540
0.999997854 -0.001597364 -0.001257194 1.766861081 0.001591036 0.999986172 -0.005018092 0.312590808 0.001265192 0.005016081 0.999986649 5.921176434
0.999998927 0.001336457 -0.000586317 1.701902390 -0.001338223 0.999994636 -0.003021996 0.269517094 0.000582275 0.003022778 0.999995232 7.622730732
0.999998569 0.001684763 -0.000220751 1.754136443 -0.001684602 0.999998271 0.000725055 0.261197776 0.000221972 -0.000724682 0.999999642 8.608452797
0.999999762 -0.000775639 0.000286570 1.752895594 0.000774926 0.999996603 0.002480400 0.247053191 -0.000288493 -0.002480177 0.999996901 9.953947067
0.999993384 -0.003254938 -0.001700648 2.024996519 0.003253278 0.999994218 -0.000978270 0.372590691 0.001703822 0.000972731 0.999998093 10.519254684
0.999992788 -0.003346598 -0.001810812 2.022727489 0.003340503 0.999988794 -0.003358407 0.349875122 0.001822031 0.003352334 0.999992728 11.874337196
0.999994338 -0.003241944 -0.000887623 2.021611214 0.003236451 0.999976039 -0.006121002 0.324214518 0.000907446 0.006118094 0.999980867 13.095318794
0.999999344 0.000520458 -0.001008641 2.179400444 -0.000528033 0.999971569 -0.007524919 0.393350542 0.001004695 0.007525447 0.999971092 13.802225113
0.999999702 0.000762063 -0.000073593 1.988868237 -0.000762696 0.999958992 -0.009023274 0.264496565 0.000066714 0.009023328 0.999959290 15.944402695
0.999998212 0.001878520 0.000037212 1.984387279 -0.001878138 0.999962568 -0.008449398 0.249101207 -0.000053083 0.008449314 0.999964297 16.610021591
0.999994397 0.002897407 -0.001668678 2.289023638 -0.002911468 0.999959767 -0.008486290 0.341246098 0.001644022 0.008491102 0.999962628 17.641300201
0.999989331 0.004166330 -0.001939088 2.282585859 -0.004179613 0.999967456 -0.006896874 0.323359549 0.001910290 0.006904906 0.999974430 18.343908310
0.999975145 0.006716639 -0.002119419 2.348691225 -0.006730289 0.999956191 -0.006500369 0.294359207 0.002075665 0.006514471 0.999976635 19.914272308
0.999951720 0.009677999 -0.001735575 2.341213226 -0.009690524 0.999925911 -0.007358870 0.281723797 0.001664228 0.007375333 0.999971449 20.654441833
0.999941587 0.010771865 -0.000863394 2.047317266 -0.010776821 0.999924183 -0.005956863 0.145225808 0.000799162 0.005965820 0.999981880 23.745088577
0.999929011 0.011839238 -0.001329653 2.046190262 -0.011847666 0.999908507 -0.006519852 0.133346125 0.001252341 0.006535143 0.999977887 24.548732758
0.999934971 0.011028033 -0.002909573 2.305914402 -0.011047512 0.999916077 -0.006766858 0.174782991 0.002834703 0.006798561 0.999972880 25.529329300
0.999935329 0.010651389 -0.003983384 2.305358171 -0.010681340 0.999914229 -0.007575855 0.158172801 0.003902350 0.007617914 0.999963343 26.375968933
0.999943614 0.009243839 -0.005218626 2.353405952 -0.009281233 0.999931037 -0.007187569 0.130831674 0.005151825 0.007235598 0.999960542 28.110527039
0.999932826 0.009886713 -0.006053628 2.344644308 -0.009925052 0.999930739 -0.006336366 0.111759812 0.005990564 0.006396024 0.999961555 28.996486664
0.999924421 0.009881541 -0.007306911 2.324793577 -0.009927860 0.999930680 -0.006330211 0.062298939 0.007243852 0.006402275 0.999953270 30.938335419
0.999917209 0.010331847 -0.007663738 2.299315929 -0.010381429 0.999925256 -0.006458426 0.049523547 0.007596438 0.006537452 0.999949753 31.874938965
0.999901056 0.010738981 -0.009088629 2.282157898 -0.010787535 0.999927819 -0.005310267 0.007780477 0.009030947 0.005407786 0.999944568 33.774036407
0.999913275 0.009168616 -0.009456563 2.266278982 -0.009211417 0.999947488 -0.004492270 -0.009327397 0.009414878 0.004578988 0.999945164 34.715354919
0.999912739 0.007620417 -0.010788868 2.247602463 -0.007667205 0.999961376 -0.004302117 -0.054790303 0.010755667 0.004384462 0.999932528 36.595714569
0.999926031 0.004910718 -0.011127243 2.240691662 -0.004967374 0.999974847 -0.005069804 -0.073240288 0.011102067 0.005124702 0.999925196 37.544090271
0.999909997 0.003479625 -0.012959430 2.529678822 -0.003546288 0.999980569 -0.005124543 -0.005278513 0.012941347 0.005170040 0.999902904 38.316616058
0.999919176 0.004789850 -0.011773629 2.501413345 -0.004851300 0.999974668 -0.005196319 -0.026368320 0.011748443 0.005253016 0.999917209 39.382205963
0.999912322 0.002007700 -0.013086771 2.695242405 -0.002081197 0.999982059 -0.005604920 0.084310159 0.013075284 0.005631665 0.999898672 39.896095276
0.999920845 0.000812608 -0.012554259 2.676601887 -0.000888676 0.999981284 -0.006054720 0.056263641 0.012549104 0.006065398 0.999902844 41.029914856
0.999920845 -0.002467538 -0.012335223 2.558970451 0.002392752 0.999978662 -0.006073839 -0.058692530 0.012349948 0.006043843 0.999905467 43.678726196
0.999930084 -0.001677346 -0.011700775 2.543144941 0.001600040 0.999976873 -0.006613225 -0.085928038 0.011711598 0.006594041 0.999909639 44.872585297
0.999939203 -0.000171330 -0.011023623 2.515427113 0.000097408 0.999977529 -0.006705992 -0.124743596 0.011024523 0.006704511 0.999916732 46.488048553
0.999942601 0.002743484 -0.010359342 2.487504959 -0.002806367 0.999977767 -0.006060603 -0.150324985 0.010342484 0.006089326 0.999927938 47.740314484
0.999927402 0.006653503 -0.010059841 2.555828571 -0.006698537 0.999967635 -0.004449465 -0.143753678 0.010029913 0.004516528 0.999939442 48.521270752
0.999901891 0.010907494 -0.008792700 2.512770176 -0.010944542 0.999931395 -0.004176613 -0.173086122 0.008746540 0.004272436 0.999952614 49.764328003
0.999853492 0.014729336 -0.008721391 2.508743048 -0.014767991 0.999881327 -0.004384773 -0.202791721 0.008655772 0.004512928 0.999952376 51.201675415
0.999808788 0.017849436 -0.007984993 2.488282204 -0.017894514 0.999824166 -0.005609636 -0.221154124 0.007883461 0.005751451 0.999952435 52.471134186
0.999782860 0.019606957 -0.007056013 2.481926441 -0.019646384 0.999791503 -0.005562427 -0.243805021 0.006945480 0.005699844 0.999959648 53.587909698
0.999794722 0.019024335 -0.006965691 2.469070196 -0.019057877 0.999806941 -0.004781236 -0.278172821 0.006873387 0.004913007 0.999964356 54.876003265
0.999801397 0.018758135 -0.006725785 2.421027660 -0.018794037 0.999809206 -0.005315628 -0.336801767 0.006624791 0.005440976 0.999963224 56.802410126
0.999823272 0.017468007 -0.006947972 2.400936842 -0.017512489 0.999826312 -0.006393831 -0.359276891 0.006835076 0.006514377 0.999955416 58.084518433
0.999830484 0.016923357 -0.007253553 2.392858028 -0.016967285 0.999837756 -0.006037807 -0.398581713 0.007150197 0.006159856 0.999955475 59.380771637
0.999832809 0.016382523 -0.008120763 2.389875174 -0.016431466 0.999846995 -0.005997345 -0.435794860 0.008021271 0.006129778 0.999949038 60.993286133
0.999830186 0.016385607 -0.008425846 2.376903057 -0.016440280 0.999843955 -0.006460948 -0.471161038 0.008318665 0.006598374 0.999943614 62.214340210
0.999823570 0.016271697 -0.009387200 2.351343632 -0.016334116 0.999844730 -0.006611535 -0.487347811 0.009278161 0.006763700 0.999934077 63.552742004
0.999823987 0.015785987 -0.010132220 2.318517685 -0.015840411 0.999860346 -0.005313880 -0.542773485 0.010046920 0.005473443 0.999934554 65.118156433
0.999822676 0.014744909 -0.011710912 2.330552101 -0.014801425 0.999879181 -0.004753728 -0.571354508 0.011639403 0.004926224 0.999920189 66.376708984
0.999852657 0.011625988 -0.012623049 2.344833374 -0.011680361 0.999922812 -0.004242057 -0.578243494 0.012572757 0.004388875 0.999911249 67.028610229
0.999863803 0.009348636 -0.013597289 2.337441444 -0.009408824 0.999946177 -0.004369249 -0.608158946 0.013555711 0.004496588 0.999898016 68.299041748
0.999870539 0.007595426 -0.014186201 2.303675652 -0.007658301 0.999961078 -0.004383085 -0.649068117 0.014152356 0.004491160 0.999889791 69.755844116
0.999867380 0.007200785 -0.014604720 2.289055347 -0.007279646 0.999959171 -0.005353711 -0.669409096 0.014565572 0.005459319 0.999879062 71.025207520
0.999864459 0.006541241 -0.015104329 2.225522518 -0.006621133 0.999964297 -0.005245306 -0.726200104 0.015069481 0.005344603 0.999872148 73.052642822
0.999866307 0.006319941 -0.015078567 2.205088377 -0.006406103 0.999963343 -0.005672770 -0.760345638 0.015042164 0.005768606 0.999870181 74.323623657
0.999870121 0.006944567 -0.014539454 2.202323437 -0.007039919 0.999953926 -0.006517245 -0.781463146 0.014493526 0.006618754 0.999873042 75.193412781
0.999863446 0.008480890 -0.014179299 2.178586483 -0.008571895 0.999942958 -0.006369796 -0.815151513 0.014124469 0.006490469 0.999879181 76.521537781
0.999854505 0.009502505 -0.014167487 2.152156353 -0.009576499 0.999940932 -0.005164184 -0.839870572 0.014117575 0.005299108 0.999886274 77.800590515
0.999860764 0.009694961 -0.013583367 2.118809462 -0.009744274 0.999946177 -0.003568945 -0.878036976 0.013548036 0.003700809 0.999901354 78.983482361
0.999864101 0.009096872 -0.013745577 2.097375870 -0.009164551 0.999946117 -0.004868741 -0.914878070 0.013700544 0.004994052 0.999893606 80.334564209
0.999862969 0.009339261 -0.013664402 2.074431658 -0.009436530 0.999930501 -0.007071375 -0.948269606 0.013597411 0.007199351 0.999881625 81.580650330
0.999865830 0.008404578 -0.014059696 2.055017710 -0.008523148 0.999928415 -0.008394730 -0.981857598 0.013988134 0.008513437 0.999865890 83.050132751
0.999876797 0.006693102 -0.014196832 1.989891052 -0.006800937 0.999948204 -0.007560972 -1.017907619 0.014145492 0.007656594 0.999870658 85.019187927
0.999892831 0.004841579 -0.013813196 1.977900743 -0.004927294 0.999968827 -0.006178130 -1.040753722 0.013782852 0.006245529 0.999885559 86.282669067
0.999918461 0.002121939 -0.012586223 1.986759782 -0.002185549 0.999984860 -0.005042334 -1.074611664 0.012575333 0.005069431 0.999908030 87.041381836
0.999923348 0.001419803 -0.012299495 1.975146532 -0.001499434 0.999977946 -0.006467544 -1.103560209 0.012290040 0.006485489 0.999903440 88.318290710
0.999932826 0.002999434 -0.011188676 1.946143031 -0.003091879 0.999961138 -0.008254268 -1.145780802 0.011163480 0.008288306 0.999903321 89.686820984
0.999930799 0.006298669 -0.009928012 1.925374508 -0.006409731 0.999916732 -0.011194877 -1.163335800 0.009856674 0.011257738 0.999887943 90.950088501
0.999923289 0.008582553 -0.008933081 1.906455517 -0.008678939 0.999903858 -0.010807412 -1.202810049 0.008839468 0.010884111 0.999901652 92.346572876
0.999923646 0.009737953 -0.007611572 1.888512850 -0.009807616 0.999909818 -0.009169047 -1.229590535 0.007521600 0.009242998 0.999928951 93.611358643
0.999945581 0.008221555 -0.006408059 1.830756187 -0.008260872 0.999947071 -0.006133677 -1.301298261 0.006357290 0.006186280 0.999960601 95.196083069
0.999952257 0.007832431 -0.005838705 1.815745592 -0.007867876 0.999950647 -0.006072294 -1.323893666 0.005790854 0.006117942 0.999964535 96.466926575
0.999958992 0.007792656 -0.004611165 1.830122352 -0.007820616 0.999950945 -0.006076881 -1.378383279 0.004563583 0.006112692 0.999970853 97.502563477
0.999945760 0.009757864 -0.003642535 1.814352512 -0.009782832 0.999928355 -0.006901091 -1.403617859 0.003574934 0.006936350 0.999969602 98.775772095
0.999926865 0.011923319 -0.002037138 1.801228762 -0.011937222 0.999904573 -0.006954706 -1.443631768 0.001954020 0.006978515 0.999973714 100.148056030
0.999917150 0.012841348 -0.000845924 1.782064915 -0.012847875 0.999883652 -0.008223663 -1.473058462 0.000740223 0.008233850 0.999965847 101.408012390
0.999896526 0.014378951 0.000226975 1.774769425 -0.014376255 0.999854207 -0.009213015 -1.502133369 -0.000359416 0.009208799 0.999957561 102.807243347
0.999905407 0.013695003 0.001253405 1.771160960 -0.013681797 0.999856353 -0.010001177 -1.525876999 -0.001390191 0.009983082 0.999949217 104.069038391
0.999918222 0.012647419 0.001900994 1.767423153 -0.012631247 0.999885857 -0.008292078 -1.563865662 -0.002005651 0.008267391 0.999963820 105.473701477
0.999935269 0.011046008 0.002733596 1.763903975 -0.011025297 0.999911189 -0.007479087 -1.591305494 -0.002815967 0.007448466 0.999968350 106.742576599
0.999937654 0.010791702 0.002874824 1.770756245 -0.010771167 0.999916971 -0.007064992 -1.636254907 -0.002950829 0.007033589 0.999970913 108.134132385
0.999957621 0.008625064 0.003230267 1.762387395 -0.008602336 0.999938607 -0.006985337 -1.669252634 -0.003290318 0.006957252 0.999970376 109.393104553
0.999976158 0.006382723 0.002602537 1.794231176 -0.006367790 0.999963462 -0.005705873 -1.726243258 -0.002638861 0.005689165 0.999980330 110.568099976
0.999986768 0.004689698 0.002087307 1.787283659 -0.004676754 0.999970019 -0.006163809 -1.755334377 -0.002116151 0.006153965 0.999978840 111.842712402
0.999993324 0.003552226 0.000871662 1.787913442 -0.003546730 0.999974251 -0.006227935 -1.786279678 -0.000893763 0.006224801 0.999980211 113.251640320
0.999998450 0.001731702 -0.000293259 1.791306019 -0.001733217 0.999984741 -0.005248654 -1.831406713 0.000284166 0.005249154 0.999986172 114.539520264
0.999999166 0.000469795 -0.001181627 1.779405117 -0.000475647 0.999987721 -0.004956997 -1.860691309 0.001179284 0.004957553 0.999986947 115.802452087
0.999995291 0.001138735 -0.002821654 1.752589583 -0.001155696 0.999981344 -0.006017074 -1.854733944 0.002814750 0.006020308 0.999977827 117.474235535
0.999989927 0.000946949 -0.004395812 1.745107412 -0.000976353 0.999977171 -0.006691786 -1.882740021 0.004389375 0.006696011 0.999967873 118.773391724
0.999986947 -0.000055394 -0.005113157 1.764617205 0.000024611 0.999981880 -0.006020176 -1.948268890 0.005113398 0.006019972 0.999968767 119.947830200
0.999976337 -0.002630017 -0.006363020 1.757244110 0.002575993 0.999960661 -0.008483538 -1.981487513 0.006385081 0.008466946 0.999943733 121.233116150
0.999935329 -0.008493742 -0.007564846 1.759080172 0.008424236 0.999922395 -0.009173185 -2.013305902 0.007642175 0.009108866 0.999929249 122.592185974
0.999843001 -0.015498582 -0.008591199 1.745453596 0.015440085 0.999857366 -0.006833876 -2.048315048 0.008695890 0.006700155 0.999939740 123.872123718
0.999714434 -0.021563159 -0.010292689 1.740932584 0.021502525 0.999751091 -0.005965486 -2.053847075 0.010418762 0.005742465 0.999929249 125.386878967
0.999596894 -0.025733558 -0.012001565 1.743471026 0.025620930 0.999627113 -0.009445835 -2.082252026 0.012240168 0.009134535 0.999883354 126.678726196
0.999623775 -0.025152337 -0.010936306 1.719929099 0.025023574 0.999617696 -0.011755406 -2.149286032 0.011227801 0.011477320 0.999871075 127.952301025
0.999721348 -0.021410584 -0.009942227 1.693523169 0.021270638 0.999676108 -0.013974472 -2.187217712 0.010238208 0.013759102 0.999852955 129.226730347
0.999713182 -0.022077054 -0.009279724 1.677114964 0.021947868 0.999663889 -0.013799914 -2.236071348 0.009581267 0.013592286 0.999861717 130.631271362
0.999630570 -0.025682962 -0.008890648 1.664632201 0.025592463 0.999620974 -0.010147704 -2.277493954 0.009147903 0.009916424 0.999908984 131.939971924
0.999486268 -0.030929027 -0.008403067 1.727959037 0.030865515 0.999494731 -0.007585698 -2.309647083 0.008633441 0.007322438 0.999935865 133.068984985
0.999382734 -0.033941559 -0.009061778 1.738937616 0.033880446 0.999402583 -0.006814942 -2.330722809 0.009287674 0.006503719 0.999935627 134.379974365
0.999327362 -0.035674326 -0.008494425 1.685890555 0.035620108 0.999344707 -0.006450425 -2.364968538 0.008718972 0.006143515 0.999943137 135.854797363
0.999411285 -0.033413637 -0.007781254 1.670172334 0.033364378 0.999422908 -0.006376563 -2.389825821 0.007989827 0.006113191 0.999949455 137.161865234
0.999533653 -0.029803328 -0.006646970 1.724817991 0.029756341 0.999532282 -0.007059152 -2.394399166 0.006854247 0.006858069 0.999952972 138.290740967
0.999642849 -0.026201697 -0.005242850 1.688885331 0.026153196 0.999616444 -0.009114793 -2.429548740 0.005479661 0.008974419 0.999944687 139.573883057
0.999713421 -0.023458812 -0.004767327 1.654110551 0.023412123 0.999679565 -0.009624159 -2.486474991 0.004991570 0.009509789 0.999942243 141.139892578
0.999750733 -0.021700220 -0.005250804 1.648796082 0.021656802 0.999731898 -0.008188564 -2.523814201 0.005427090 0.008072808 0.999952614 142.457733154
0.999792099 -0.019855497 -0.004632403 1.620396137 0.019814562 0.999765754 -0.008720950 -2.531866312 0.004804476 0.008627348 0.999951243 143.714019775
0.999828398 -0.017345469 -0.006506944 1.645004511 0.017270869 0.999786496 -0.011350624 -2.563098669 0.006702435 0.011236296 0.999914408 145.054016113
0.999882996 -0.014185700 -0.005708553 1.574350119 0.014104739 0.999802709 -0.013981542 -2.610713482 0.005905765 0.013899389 0.999885976 146.389526367
0.999949455 -0.008206987 -0.005804091 1.560984612 0.008116554 0.999847949 -0.015436626 -2.650356531 0.005929897 0.015388736 0.999864042 147.697113037
0.999977827 -0.003814671 -0.005458427 1.529921412 0.003737085 0.999892771 -0.014154213 -2.693565845 0.005511836 0.014133499 0.999884903 149.104385376
0.999987900 -0.000609127 -0.004875204 1.497712374 0.000547362 0.999919713 -0.012660520 -2.731749058 0.004882525 0.012657695 0.999907970 150.437759399
0.999990344 -0.000373761 -0.004375550 1.477193832 0.000330486 0.999951065 -0.009886547 -2.777513027 0.004379032 0.009885005 0.999941468 151.801635742
0.999979913 -0.003420626 -0.005341596 1.471662998 0.003371707 0.999952555 -0.009140544 -2.801335573 0.005372609 0.009122348 0.999943912 153.119705200
0.999955416 -0.005764277 -0.007471106 1.470441818 0.005697391 0.999943793 -0.008943110 -2.845105171 0.007522237 0.008900144 0.999932110 154.530761719
0.999945819 -0.004607653 -0.009333875 1.440582752 0.004477399 0.999892950 -0.013928019 -2.869983196 0.009397053 0.013885472 0.999859452 155.883056641
0.999930561 -0.004441880 -0.010910210 1.435395837 0.004252731 0.999841332 -0.017299270 -2.928214788 0.010985322 0.017251670 0.999790967 157.253875732
0.999924421 -0.000372440 -0.012286924 1.462161779 0.000150081 0.999836326 -0.018093055 -2.960905790 0.012291650 0.018089846 0.999760926 158.545013428
0.999923885 0.003694420 -0.011771357 1.411350727 -0.003896085 0.999845266 -0.017155308 -3.009065151 0.011706154 0.017199861 0.999783516 159.801406860
0.999919593 0.005768827 -0.011289062 1.371811152 -0.005924090 0.999887705 -0.013768665 -3.045008898 0.011208365 0.013834432 0.999841392 161.173187256
0.999915898 0.006483279 -0.011232049 1.409548283 -0.006610912 0.999913573 -0.011363490 -3.098550797 0.011157406 0.011436786 0.999872327 162.369522095
0.999922574 0.005208988 -0.011293693 1.397946119 -0.005324445 0.999933600 -0.010217180 -3.142167091 0.011239721 0.010276519 0.999884009 163.680175781
0.999927223 0.003842615 -0.011434481 1.376933575 -0.003958800 0.999940574 -0.010155706 -3.164304256 0.011394776 0.010200231 0.999883056 165.178817749
0.999934673 0.001012346 -0.011382638 1.358036995 -0.001120530 0.999954164 -0.009501945 -3.198555470 0.011372495 0.009514081 0.999890029 166.552780151
0.999934256 -0.002830836 -0.011106417 1.322263598 0.002730828 0.999955714 -0.009009347 -3.264380932 0.011131427 0.008978424 0.999897718 168.085494995
0.999931633 -0.004828206 -0.010650350 1.307725668 0.004734547 0.999950051 -0.008801774 -3.285737991 0.010692312 0.008750746 0.999904513 169.477905273
0.999897301 -0.009648152 -0.010596549 1.317216277 0.009577521 0.999931633 -0.006695985 -3.321053028 0.010660430 0.006593809 0.999921381 170.857543945
0.999875784 -0.012100554 -0.010095625 1.296406746 0.012030148 0.999903023 -0.007005862 -3.350987673 0.010179422 0.006883539 0.999924421 172.243713379
0.999898434 -0.010039955 -0.010109686 1.286224484 0.009927618 0.999889016 -0.011101341 -3.396641254 0.010220021 0.010999846 0.999887288 173.675094604
0.999949694 -0.002625520 -0.009678031 1.254555464 0.002462977 0.999856353 -0.016768793 -3.419319153 0.009720666 0.016744111 0.999812543 175.070388794
0.999948084 0.006151619 -0.008124522 1.201037407 -0.006283293 0.999847710 -0.016282091 -3.479145765 0.008023125 0.016332293 0.999834418 176.585815430
0.999883294 0.013629989 -0.006904648 1.168238163 -0.013717303 0.999824524 -0.012760387 -3.521743298 0.006729514 0.012853608 0.999894679 177.976089478
0.999868572 0.015033899 -0.006069022 1.148507953 -0.015097236 0.999830604 -0.010529181 -3.561012745 0.005909700 0.010619423 0.999926090 179.469589233
0.999896884 0.012649023 -0.006802093 1.140064120 -0.012717654 0.999867737 -0.010142996 -3.590936184 0.006672895 0.010228458 0.999925375 180.883361816
0.999919415 0.009935752 -0.007901923 1.118189454 -0.010018754 0.999894261 -0.010534789 -3.614402771 0.007796417 0.010613107 0.999913275 182.422302246
0.999929726 0.007935929 -0.008801587 1.100962639 -0.008033758 0.999905646 -0.011135794 -3.653111458 0.008712386 0.011205722 0.999899149 183.831008911
0.999920964 0.008250881 -0.009484830 1.089873552 -0.008359816 0.999898911 -0.011503465 -3.700555801 0.009388958 0.011581847 0.999888778 185.307815552
0.999903500 0.009850643 -0.009795676 1.068666577 -0.009962167 0.999885380 -0.011402073 -3.737739563 0.009682237 0.011498559 0.999886990 186.717147827
0.999896586 0.010446792 -0.009885764 1.048301816 -0.010549827 0.999889970 -0.010428416 -3.779321432 0.009775734 0.010531629 0.999896705 188.199050903
0.999897659 0.009738951 -0.010483712 1.036671877 -0.009852797 0.999892533 -0.010862909 -3.818980217 0.010376792 0.010965090 0.999886036 189.650146484
0.999892056 0.010103025 -0.010662664 1.036662102 -0.010233049 0.999873102 -0.012211079 -3.831542492 0.010537943 0.012318875 0.999868572 190.937011719
0.999891520 0.010620567 -0.010202842 0.988074899 -0.010756412 0.999852955 -0.013352940 -3.858019590 0.010059527 0.013461238 0.999858737 192.342987061
0.999894083 0.009040221 -0.011400141 0.970432281 -0.009181458 0.999880970 -0.012398114 -3.940610886 0.011286701 0.012501474 0.999858081 194.011215210
0.999891639 0.008974253 -0.011668384 0.950250864 -0.009119709 0.999880552 -0.012472916 -3.979102612 0.011555056 0.012577978 0.999854088 195.439193726
0.999871433 0.010410557 -0.012196503 0.978588104 -0.010582904 0.999843836 -0.014152681 -3.921671391 0.012047260 0.014279936 0.999825478 196.688217163
0.999849319 0.011447080 -0.013053156 0.960736275 -0.011641720 0.999820709 -0.014934178 -3.961239815 0.012879862 0.015083891 0.999803305 198.146148682
0.999863625 0.010363038 -0.012852835 0.891996145 -0.010538347 0.999851346 -0.013647950 -4.077096939 0.012709487 0.013781539 0.999824226 199.776443481
0.999855936 0.010836101 -0.013062037 0.862416506 -0.011016125 0.999844253 -0.013790078 -4.117253304 0.012910570 0.013931984 0.999819577 201.232727051
0.999858975 0.010205833 -0.013333436 0.877921820 -0.010405959 0.999832928 -0.015027249 -4.081828594 0.013177843 0.015163876 0.999798179 202.539199829
0.999882281 0.009219239 -0.012264125 0.814676285 -0.009407699 0.999837220 -0.015399138 -4.125557423 0.012120161 0.015512704 0.999806166 203.987350464
0.999886572 0.007423313 -0.013104771 0.837045193 -0.007621981 0.999855757 -0.015175698 -4.155891418 0.012990225 0.015273859 0.999799073 205.349197388
0.999890327 0.006160934 -0.013467970 0.823224068 -0.006353151 0.999877870 -0.014276236 -4.204837799 0.013378371 0.014360233 0.999807417 206.813690186
0.999898672 0.006471572 -0.012672789 0.772922277 -0.006654994 0.999872863 -0.014485500 -4.245816708 0.012577436 0.014568370 0.999814749 208.342742920
0.999898970 0.007310125 -0.012190880 0.733310223 -0.007487807 0.999865472 -0.014593652 -4.306607246 0.012082559 0.014683461 0.999819160 209.819198608
0.999889433 0.007679185 -0.012735542 0.707085371 -0.007864652 0.999862731 -0.014577311 -4.374346733 0.012621854 0.014675858 0.999812603 211.490905762
0.999893725 0.009086805 -0.011399839 0.658023119 -0.009246239 0.999859035 -0.014011706 -4.419806480 0.011270911 0.014115622 0.999836862 212.954513550
0.999889433 0.009508846 -0.011425388 0.666371822 -0.009650908 0.999876022 -0.012443878 -4.439830303 0.011305645 0.012552769 0.999857306 214.364364624
0.999895632 0.009524329 -0.010857385 0.640127182 -0.009655156 0.999880552 -0.012061656 -4.485904217 0.010741211 0.012165227 0.999868333 215.844192505
0.999899745 0.009539366 -0.010462398 0.622521400 -0.009682899 0.999858499 -0.013755226 -4.524805069 0.010329702 0.013855152 0.999850571 217.363311768
0.999902189 0.009687980 -0.010086349 0.604111433 -0.009840127 0.999836802 -0.015145754 -4.571116924 0.009937974 0.015243525 0.999834359 218.841522217
0.999903142 0.009791405 -0.009883875 0.582151651 -0.009935930 0.999842882 -0.014680576 -4.611619473 0.009738581 0.014777360 0.999843359 220.377929688
0.999902248 0.009803923 -0.009964512 0.564212322 -0.009937255 0.999860585 -0.013420386 -4.662430286 0.009831550 0.013518098 0.999860287 221.855453491
0.999898612 0.009790963 -0.010334427 0.533106565 -0.009925844 0.999865174 -0.013082005 -4.711155891 0.010204948 0.013183258 0.999861002 223.407043457
0.999891877 0.009957581 -0.010813761 0.509236336 -0.010100829 0.999860942 -0.013274032 -4.749313354 0.010680078 0.013381828 0.999853432 224.907516479
0.999880314 0.011218074 -0.010651111 0.495423079 -0.011353846 0.999853969 -0.012773359 -4.818634033 0.010506262 0.012892763 0.999861658 226.406295776
0.999865115 0.012729180 -0.010381634 0.468193531 -0.012866887 0.999828637 -0.013307230 -4.854020119 0.010210467 0.013439014 0.999857545 227.899246216
0.999882400 0.011719879 -0.009886889 0.468245983 -0.011834987 0.999862015 -0.011665534 -4.954711437 0.009748806 0.011781174 0.999883056 229.080718994
0.999890983 0.010334590 -0.010540342 0.456215620 -0.010461177 0.999872923 -0.012026142 -4.990536690 0.010414717 0.012135096 0.999872088 230.604675293
0.999910235 0.008653699 -0.010231260 0.424891472 -0.008764779 0.999902606 -0.010862378 -5.026201725 0.010136262 0.010951078 0.999888659 232.154403687
0.999924481 0.007093036 -0.010042689 0.396230221 -0.007203599 0.999913394 -0.011016316 -5.056337833 0.009963681 0.011087827 0.999888837 233.684066772
0.999935269 0.004602283 -0.010403415 0.380580902 -0.004716460 0.999928653 -0.010977091 -5.116866589 0.010352151 0.011025446 0.999885619 235.211196899
0.999934256 0.002947025 -0.011078576 0.377848148 -0.003079524 0.999923706 -0.011961955 -5.153569221 0.011042477 0.011995285 0.999867022 236.697982788
0.999947369 0.001664942 -0.010119865 0.334320307 -0.001770315 0.999944210 -0.010412282 -5.197875977 0.010101966 0.010429650 0.999894559 238.261047363
0.999955356 0.000843660 -0.009416351 0.276147604 -0.000915467 0.999970555 -0.007624004 -5.273227215 0.009409644 0.007632283 0.999926627 239.817993164
0.999949634 -0.002092144 -0.009817342 0.378706455 0.002003923 0.999957621 -0.008987551 -5.298212051 0.009835728 0.008967425 0.999911427 240.895980835
0.999958694 0.000923896 -0.009051844 0.225151300 -0.001023579 0.999938786 -0.011013925 -5.327294350 0.009041114 0.011022734 0.999898314 242.832748413
0.999961734 0.000483606 -0.008744960 0.230021477 -0.000585196 0.999932230 -0.011618150 -5.348849773 0.008738751 0.011622822 0.999894202 244.316406250
0.999966621 -0.000610351 -0.008146673 0.317476988 0.000528552 0.999949455 -0.010039116 -5.420466423 0.008152389 0.010034475 0.999916434 245.521133423
0.999974906 0.002944752 -0.006432752 0.272207379 -0.003012816 0.999939382 -0.010596898 -5.465870857 0.006401157 0.010616014 0.999923110 247.015640259
0.999976993 0.003498262 -0.005816066 0.263672948 -0.003560584 0.999935925 -0.010739805 -5.509755611 0.005778124 0.010760264 0.999925435 248.585006714
0.999970436 0.005163763 -0.005708779 0.256395936 -0.005226451 0.999925554 -0.011021227 -5.563426971 0.005651444 0.011050737 0.999923050 250.113052368
0.999982119 0.004563229 -0.003859743 0.177304447 -0.004610454 0.999913514 -0.012316208 -5.565194130 0.003803209 0.012333781 0.999916732 251.761276245
0.999987543 0.004174977 -0.002754941 0.168442070 -0.004209931 0.999909163 -0.012806569 -5.605340481 0.002701224 0.012818007 0.999914229 253.261322021
0.999990404 0.003466605 -0.002715766 0.208219707 -0.003498264 0.999924898 -0.011740566 -5.686041832 0.002674862 0.011749953 0.999927342 254.706649780
0.999994397 0.003078285 -0.001328836 0.191278189 -0.003093971 0.999923587 -0.011968641 -5.711286068 0.001291891 0.011972683 0.999927461 256.195037842
0.999995351 0.002755292 -0.001289715 0.184199363 -0.002769329 0.999935508 -0.011011501 -5.763406754 0.001259293 0.011015022 0.999938548 257.782958984
0.999997139 0.001912983 -0.001381761 0.179721028 -0.001931272 0.999908864 -0.013358245 -5.815926552 0.001356081 0.013360876 0.999909759 259.294067383
0.999997556 -0.000326858 -0.002182653 0.220923543 0.000294338 0.999889195 -0.014882857 -5.872361183 0.002187276 0.014882178 0.999886870 260.694519043
0.999992907 -0.000259521 -0.003761979 0.229143441 0.000204160 0.999891818 -0.014708791 -5.920958519 0.003765390 0.014707918 0.999884784 262.225006104
0.999984920 -0.003480794 -0.004227570 0.257037759 0.003421415 0.999896526 -0.013972693 -5.994363308 0.004275769 0.013958015 0.999893427 263.579010010
0.999982655 -0.002517198 -0.005324458 0.245740056 0.002437164 0.999884844 -0.014984796 -6.033758163 0.005361564 0.014971562 0.999873579 265.103027344
0.999979377 -0.002703313 -0.005815894 0.220712185 0.002614778 0.999881387 -0.015177089 -6.081015587 0.005856233 0.015161569 0.999867916 266.672912598
0.999970317 -0.003955812 -0.006622992 0.198105216 0.003862323 0.999893606 -0.014069648 -6.138618946 0.006677944 0.014043648 0.999879122 268.176574707
0.999959886 -0.004728411 -0.007608494 0.232681751 0.004616169 0.999881387 -0.014702627 -6.131650448 0.007677109 0.014666917 0.999862969 269.313446045
0.999960005 -0.003855327 -0.008072042 0.201782227 0.003749779 0.999907911 -0.013050291 -6.182898998 0.008121611 0.013019498 0.999882281 270.789794922
0.999953866 -0.003354918 -0.009002544 0.182001829 0.003246195 0.999921918 -0.012064491 -6.212704659 0.009042317 0.012034713 0.999886692 272.358917236
0.999962687 -0.001850713 -0.008438657 0.171640158 0.001750411 0.999927938 -0.011877925 -6.262069702 0.008460032 0.011862711 0.999893844 273.818023682
0.999966741 -0.002573573 -0.007741245 0.154271126 0.002482484 0.999927819 -0.011753348 -6.319480896 0.007770934 0.011733743 0.999900937 275.568939209
0.999964178 -0.004339439 -0.007265015 0.136662483 0.004250296 0.999916017 -0.012241030 -6.344634056 0.007317524 0.012209716 0.999898672 277.036163330
0.999961257 -0.005226119 -0.007086338 0.117209435 0.005133937 0.999902725 -0.012964870 -6.405495644 0.007153405 0.012927986 0.999890864 278.635498047
0.999947906 -0.007672471 -0.006738904 0.094425321 0.007568934 0.999855042 -0.015257616 -6.438352585 0.006854989 0.015205815 0.999861002 280.125457764
0.999947071 -0.007657591 -0.006871304 0.091748834 0.007546237 0.999842107 -0.016087748 -6.493641376 0.006993412 0.016035043 0.999846995 281.751007080
0.999934018 -0.006890700 -0.009196410 0.066434860 0.006733761 0.999832988 -0.016988572 -6.542487144 0.009311937 0.016925519 0.999813437 283.266571045
0.999911487 -0.004583102 -0.012492129 0.160188198 0.004355653 0.999825358 -0.018174181 -6.476729870 0.012573241 0.018118156 0.999756813 284.860595703
0.999908745 -0.003411049 -0.013068806 0.151100159 0.003215609 0.999883175 -0.014946574 -6.524846077 0.013118264 0.014903186 0.999802887 286.344573975
0.999914646 -0.004526997 -0.012248795 0.105057478 0.004379131 0.999917567 -0.012071846 -6.566493034 0.012302434 0.012017177 0.999852061 288.003479004
0.999909461 -0.005294185 -0.012361090 0.074549437 0.005148238 0.999917030 -0.011809081 -6.598683834 0.012422583 0.011744375 0.999853849 289.546905518
0.999908090 -0.006148749 -0.012084491 0.060663462 0.005994438 0.999900579 -0.012764366 -6.648586273 0.012161774 0.012690754 0.999845445 291.157806396
0.999906421 -0.006506504 -0.012033557 0.043508291 0.006350785 0.999896228 -0.012933631 -6.699713707 0.012116461 0.012855999 0.999843836 292.709167480
0.999904454 -0.007206239 -0.011798173 0.022151947 0.007059749 0.999898016 -0.012411242 -6.742744446 0.011886411 0.012326764 0.999853313 294.307769775
0.999909103 -0.007287178 -0.011344983 -0.005753756 0.007147218 0.999898434 -0.012328752 -6.793671608 0.011433673 0.012246544 0.999859631 295.861694336
0.999931812 -0.005077376 -0.010514908 -0.034703255 0.004932928 0.999893665 -0.013718080 -6.836133957 0.010583444 0.013665277 0.999850631 297.449035645
0.999944031 -0.004048153 -0.009766773 -0.069425106 0.003905055 0.999885321 -0.014626401 -6.880326271 0.009824864 0.014587445 0.999845326 299.002136230
0.999928772 -0.005991140 -0.010325466 0.053610086 0.005880845 0.999925673 -0.010679347 -6.998170853 0.010388682 0.010617865 0.999889612 300.303649902
0.999910474 -0.008257049 -0.010539753 0.027030468 0.008166037 0.999929249 -0.008649098 -7.072630882 0.010610425 0.008562254 0.999907017 301.812011719
0.999918461 -0.007620424 -0.010242974 0.008097172 0.007503828 0.999907136 -0.011373747 -7.087625504 0.010328695 0.011295958 0.999882817 303.445465088
0.999921978 -0.006597320 -0.010606504 -0.007316589 0.006481862 0.999919772 -0.010883330 -7.135542870 0.010677454 0.010813732 0.999884486 305.012268066
0.999930024 -0.004955677 -0.010742624 -0.039505005 0.004813614 0.999901116 -0.013210053 -7.174435139 0.010807026 0.013157419 0.999855101 306.502380371
0.999930918 -0.002951871 -0.011378475 -0.057372332 0.002765906 0.999862909 -0.016324859 -7.222912788 0.011425103 0.016292257 0.999802113 308.125366211
0.999923468 -0.001488688 -0.012288888 -0.075547934 0.001296410 0.999876857 -0.015639648 -7.278805733 0.012310656 0.015622519 0.999802232 309.643066406
0.999892652 -0.001531940 -0.014567642 -0.027762413 0.001374602 0.999940634 -0.010804417 -7.404779911 0.014583328 0.010783234 0.999835491 311.373352051
0.999875665 -0.000559223 -0.015754890 -0.057937145 0.000443437 0.999972820 -0.007351751 -7.456483841 0.015758572 0.007343850 0.999848843 312.908386230
0.999837041 0.000145055 -0.018052476 -0.026699066 -0.000305473 0.999960482 -0.008883810 -7.503016472 0.018050475 0.008887876 0.999797583 314.481048584
0.999818563 -0.000059374 -0.019047044 -0.087492943 -0.000145007 0.999942422 -0.010728788 -7.539122105 0.019046586 0.010729603 0.999761105 315.985687256
0.999755979 -0.002107366 -0.021990513 -0.076272488 0.001897736 0.999952555 -0.009549289 -7.565998554 0.022009596 0.009505227 0.999712586 317.533355713
0.999732494 -0.003408304 -0.022877282 -0.110738754 0.003211490 0.999957502 -0.008634271 -7.619133472 0.022905743 0.008558490 0.999700963 319.049713135
0.999724329 -0.003510260 -0.023221537 -0.158585072 0.003278334 0.999944389 -0.010018075 -7.644886971 0.023255415 0.009939186 0.999680161 320.655364990
0.999703050 -0.004690734 -0.023914561 -0.194203377 0.004424540 0.999927878 -0.011171820 -7.680440903 0.023965238 0.011062692 0.999651611 322.211273193
0.999696255 -0.004710665 -0.024189545 -0.237265587 0.004435669 0.999925077 -0.011409415 -7.723539352 0.024241475 0.011298656 0.999642193 323.791168213
0.999681890 -0.005838263 -0.024538375 -0.276278019 0.005547632 0.999913812 -0.011895429 -7.761504173 0.024605712 0.011755514 0.999628067 325.328125000
0.999689519 -0.005850619 -0.024220537 -0.325469971 0.005553084 0.999908507 -0.012333483 -7.810750484 0.024290485 0.012195155 0.999630570 326.938262939
0.999709487 -0.005085632 -0.023560448 -0.384021282 0.004778340 0.999902964 -0.013080674 -7.861667633 0.023624685 0.012964292 0.999636889 328.470153809
0.999650896 -0.009497130 -0.024656169 -0.272345543 0.009222342 0.999894381 -0.011234738 -7.908654690 0.024760261 0.011003428 0.999632835 329.312347412
0.999653339 -0.009165070 -0.024681861 -0.317562103 0.008870662 0.999888480 -0.012011305 -7.952248096 0.024789190 0.011788198 0.999623179 330.850219727
0.999627829 -0.010743242 -0.025074465 -0.354299068 0.010406409 0.999854386 -0.013525226 -7.997979164 0.025216123 0.013259258 0.999594092 332.470733643
0.999600947 -0.012602054 -0.025281182 -0.389602661 0.012309151 0.999855697 -0.011708153 -8.035629272 0.025425080 0.011392290 0.999611795 333.989074707
0.999576926 -0.013773005 -0.025615020 -0.427642822 0.013498349 0.999849856 -0.010864540 -8.086225510 0.025760811 0.010514182 0.999612808 335.604980469
0.999598324 -0.013543197 -0.024894867 -0.490676880 0.013251419 0.999841928 -0.011848291 -8.125190735 0.025051398 0.011513640 0.999619842 337.116485596
0.999610364 -0.013050646 -0.024672272 -0.536342144 0.012744866 0.999840498 -0.012510503 -8.171605110 0.024831608 0.012191181 0.999617279 338.747436523
0.999642909 -0.012053302 -0.023848929 -0.600049019 0.011780117 0.999863684 -0.011562264 -8.222824097 0.023985041 0.011277190 0.999648690 340.290802002
0.999654651 -0.010544444 -0.024070820 -0.631793976 0.010287867 0.999889195 -0.010758303 -8.258469582 0.024181597 0.010506952 0.999652386 341.900482178
0.999639392 -0.011494919 -0.024264565 -0.675974369 0.011227245 0.999874890 -0.011139021 -8.292296410 0.024389574 0.010862581 0.999643505 343.464843750
0.999673367 -0.010391751 -0.023349805 -0.732295513 0.010110418 0.999875247 -0.012134562 -8.344448090 0.023472991 0.011894519 0.999653697 345.067138672
0.999671996 -0.010470383 -0.023372410 -0.782825470 0.010171668 0.999865592 -0.012863204 -8.381009102 0.023503948 0.012621249 0.999644041 346.646911621
0.999684989 -0.009840579 -0.023084177 -0.821175098 0.009562749 0.999880850 -0.012115175 -8.443641663 0.023200646 0.011890613 0.999660134 348.241210938
0.999732435 -0.008027189 -0.021693680 -0.897754669 0.007754446 0.999890208 -0.012627524 -8.475194931 0.021792661 0.012455923 0.999684989 349.814300537
0.999716520 -0.006723942 -0.022841239 -0.914374352 0.006449305 0.999906301 -0.012076197 -8.518650055 0.022920297 0.011925464 0.999666154 351.424987793
0.999737978 -0.003971839 -0.022542387 -0.962564468 0.003666134 0.999900997 -0.013586503 -8.564367294 0.022594117 0.013500299 0.999653578 352.988525391
0.999749184 -0.004257379 -0.021986851 -0.997690201 0.003951795 0.999895215 -0.013923310 -8.608302116 0.022043830 0.013832930 0.999661326 354.579772949
0.999752522 -0.003658480 -0.021942945 -1.036045551 0.003351535 0.999896169 -0.014008869 -8.649559021 0.021991920 0.013931856 0.999661088 356.164642334
0.999757409 -0.002955965 -0.021824988 -1.073163033 0.002683694 0.999918342 -0.012494027 -8.703789711 0.021860139 0.012432424 0.999683738 357.737182617
