0.999996722 -0.002532587 -0.000377387 -0.015782988 0.002533753 0.999991834 0.003134092 -0.022075457 0.000369450 -0.003135038 0.999995053 1.388150692
0.999996841 -0.002407118 -0.000793980 -0.053056635 0.002410238 0.999989152 0.003953761 -0.037876599 0.000784457 -0.003955663 0.999991775 2.771783113
0.999996483 -0.001430663 -0.002233579 -0.062452942 0.001438860 0.999992192 0.003671903 -0.049711030 0.002228311 -0.003675105 0.999990702 4.178350925
0.999994338 -0.000501934 -0.003299128 -0.087970085 0.000514109 0.999992967 0.003691479 -0.069586843 0.003297256 -0.003693154 0.999987721 5.573762894
0.999988973 -0.000424792 -0.004670848 -0.099322006 0.000442484 0.999992669 0.003787073 -0.080309555 0.004669209 -0.003789098 0.999981880 6.979000568
0.999978960 -0.000988974 -0.006408407 -0.117429011 0.001017108 0.999989808 0.004388378 -0.098625481 0.006404008 -0.004394804 0.999969840 8.365473747
0.999964178 -0.002742481 -0.008008524 -0.130942613 0.002771517 0.999989569 0.003617086 -0.114263162 0.007998523 -0.003639152 0.999961436 9.773027420
0.999950290 -0.004111605 -0.009083245 -0.154714376 0.004148067 0.999983370 0.003999118 -0.127785757 0.009066653 -0.004036597 0.999950826 11.164954185
0.999940395 -0.003623546 -0.010306600 -0.177834734 0.003663680 0.999985754 0.003877896 -0.145739406 0.010292404 -0.003915424 0.999939322 12.561562538
0.999931872 -0.002638850 -0.011360873 -0.201267317 0.002684067 0.999988496 0.003966627 -0.162051499 0.011350277 -0.003996850 0.999927521 13.941186905
0.999924779 -0.001790639 -0.012134210 -0.222342938 0.001847054 0.999987483 0.004639790 -0.178639248 0.012125752 -0.004661855 0.999915659 15.328504562
0.999917090 -0.000665829 -0.012856878 -0.242088169 0.000736734 0.999984443 0.005511072 -0.193784237 0.012853013 -0.005520087 0.999902189 16.724643707
0.999906838 0.000213109 -0.013647847 -0.268666953 -0.000127910 0.999980509 0.006243275 -0.202080816 0.013648912 -0.006240947 0.999887347 18.117824554
0.999903619 0.000674955 -0.013869612 -0.294363141 -0.000589928 0.999980986 0.006133734 -0.211881384 0.013873490 -0.006124961 0.999885023 19.493566513
0.999893427 0.000757765 -0.014578285 -0.318693042 -0.000666403 0.999980152 0.006270827 -0.224005535 0.014582747 -0.006260446 0.999874055 20.883705139
0.999891460 0.001605243 -0.014641437 -0.347733557 -0.001507267 0.999976397 0.006700361 -0.235732347 0.014651849 -0.006677566 0.999870300 22.245952606
0.999890625 0.002411009 -0.014591618 -0.367139995 -0.002294940 0.999965549 0.007965964 -0.244544357 0.014610327 -0.007931606 0.999861777 23.631088257
0.999886394 0.002874287 -0.014792952 -0.389521122 -0.002774957 0.999973536 0.006731059 -0.254523993 0.014811906 -0.006689245 0.999867857 24.992063522
0.999886036 0.003405593 -0.014705385 -0.416345745 -0.003340770 0.999984562 0.004430550 -0.259900689 0.014720252 -0.004380919 0.999881983 26.353073120
0.999897122 0.001596846 -0.014255741 -0.446686804 -0.001536546 0.999989808 0.004239844 -0.271643758 0.014262371 -0.004217502 0.999889374 27.693470001
0.999903142 0.000795983 -0.013891933 -0.472414017 -0.000699917 0.999975979 0.006918755 -0.284497947 0.013897106 -0.006908362 0.999879479 29.039649963
0.999905944 -0.001010518 -0.013673668 -0.497375101 0.001122589 0.999965847 0.008191036 -0.300013185 0.013664922 -0.008205615 0.999872923 30.377758026
0.999907136 -0.001481094 -0.013541630 -0.516304493 0.001584079 0.999969780 0.007597579 -0.309051037 0.013529972 -0.007618324 0.999879420 31.715986252
0.999913633 -0.001491686 -0.013052276 -0.540349603 0.001567626 0.999981821 0.005809922 -0.321294129 0.013043380 -0.005829883 0.999897838 33.023685455
0.999920964 -0.000411508 -0.012560561 -0.562584341 0.000472695 0.999988019 0.004868944 -0.331250906 0.012558406 -0.004874498 0.999909222 34.323188782
0.999932170 0.000560647 -0.011632196 -0.590446949 -0.000514853 0.999992132 0.003939530 -0.345586777 0.011634312 -0.003933274 0.999924541 35.598949432
0.999946058 0.000701772 -0.010364694 -0.609339118 -0.000648263 0.999986410 0.005164864 -0.364720702 0.010368181 -0.005157867 0.999932945 36.870861053
0.999959528 0.001023993 -0.008939276 -0.628180623 -0.000957396 0.999971807 0.007451228 -0.381782591 0.008946656 -0.007442368 0.999932289 38.126239777
0.999973595 0.000379147 -0.007273373 -0.642618299 -0.000317818 0.999964416 0.008431436 -0.394112378 0.007276313 -0.008428901 0.999938011 39.368759155
0.999986827 0.001027510 -0.005030025 -0.657233655 -0.000981746 0.999958217 0.009092033 -0.405154884 0.005039161 -0.009086975 0.999946058 40.578392029
0.999998569 0.000535229 -0.001608657 -0.665610015 -0.000521599 0.999964118 0.008461646 -0.417575270 0.001613131 -0.008460794 0.999962926 41.780273438
0.999998271 -0.000252647 0.001834348 -0.664975166 0.000240131 0.999976695 0.006819556 -0.430681020 -0.001836025 -0.006819103 0.999975085 42.961547852
0.999986112 0.000020399 0.005253625 -0.665777206 -0.000046469 0.999987721 0.004961871 -0.443058610 -0.005253459 -0.004962047 0.999973893 44.141307831
0.999956548 0.000094132 0.009322870 -0.659286857 -0.000148158 0.999983191 0.005794370 -0.458461374 -0.009322168 -0.005795498 0.999939799 45.313388824
0.999895513 -0.000294861 0.014454382 -0.649213314 0.000211982 0.999983549 0.005734913 -0.468937993 -0.014455836 -0.005731249 0.999879181 46.396129608
0.999777853 0.001668644 0.021011749 -0.631644964 -0.001765624 0.999987900 0.004597688 -0.482943654 -0.021003820 -0.004633764 0.999768615 47.627540588
0.999587536 0.002831652 0.028578568 -0.604153991 -0.002971702 0.999983847 0.004859187 -0.499206960 -0.028564343 -0.004942109 0.999579728 48.697463989
0.999308884 0.003887475 0.036967363 -0.576396942 -0.004102718 0.999975026 0.005748422 -0.513472795 -0.036944099 -0.005896117 0.999299943 49.940387726
0.998849988 0.006292778 0.047530357 -0.535632372 -0.006600963 0.999958158 0.006329762 -0.525365770 -0.047488544 -0.006636229 0.998849750 51.062652588
0.998151124 0.008271752 0.060215861 -0.474095583 -0.008676503 0.999941468 0.006463265 -0.538046598 -0.060158875 -0.006973779 0.998164415 52.118610382
0.997087836 0.010326615 0.075559020 -0.411517620 -0.010856922 0.999919116 0.006611048 -0.549760818 -0.075484648 -0.007412133 0.997119427 53.310474396
0.995734274 0.012958961 0.091352955 -0.310170174 -0.013726818 0.999875486 0.007782068 -0.554904699 -0.091240741 -0.009002857 0.995788157 54.341056824
0.993896365 0.013276286 0.109516241 -0.217057705 -0.014333552 0.999857962 0.008872364 -0.567244053 -0.109382883 -0.010387966 0.993945420 55.479022980
0.991617918 0.012457623 0.128603205 -0.093396187 -0.013601121 0.999875426 0.008017276 -0.575546384 -0.128487304 -0.009699223 0.991663754 56.495754242
0.988777220 0.011952175 0.148918658 0.062160492 -0.013131468 0.999889672 0.006938280 -0.583054781 -0.148819298 -0.008815933 0.988825023 57.616477966
0.985450268 0.008985383 0.169726521 0.227898598 -0.010292216 0.999923766 0.006821364 -0.593069196 -0.169652253 -0.008468977 0.985467553 58.598281860
0.981478512 0.003758949 0.191534773 0.433224678 -0.005506146 0.999947965 0.008590663 -0.596265614 -0.191492513 -0.009486169 0.981448233 59.654403687
0.976690412 -0.001399320 0.214647979 0.635715485 -0.000839568 0.999946237 0.010338988 -0.610294163 -0.214650899 -0.010278202 0.976636767 60.607215881
0.971076429 -0.007053015 0.238664702 0.887934685 0.004886582 0.999941289 0.009667774 -0.617058635 -0.238718867 -0.008221894 0.971053958 61.628040314
0.964601576 -0.012566171 0.263412029 1.156310081 0.010820469 0.999908805 0.008077011 -0.625905037 -0.263489515 -0.004940855 0.964649618 62.569881439
0.956856608 -0.016430365 0.290096104 1.442201614 0.014578192 0.999857187 0.008544701 -0.629202425 -0.290195227 -0.003946976 0.956959307 63.543022156
0.948180676 -0.019323105 0.317143679 1.759017944 0.016717782 0.999800324 0.010934390 -0.637949407 -0.317291647 -0.005065838 0.948314488 64.476440430
0.938295186 -0.023166955 0.345058560 2.081584930 0.019608971 0.999712408 0.013798501 -0.641954362 -0.345278949 -0.006180826 0.938479722 65.384719849
0.927370489 -0.026158731 0.373228878 2.446510315 0.022731613 0.999649405 0.013581297 -0.648752093 -0.373453259 -0.004110803 0.927639902 66.272369385
0.915101409 -0.025383065 0.402424157 2.818202972 0.023538837 0.999677479 0.009528387 -0.646440864 -0.402536184 0.000753156 0.915403843 67.138832092
0.901673555 -0.026632629 0.431596458 3.208845139 0.027284496 0.999616563 0.004681961 -0.665114999 -0.431555748 0.007554290 0.902054667 67.981498718
0.887154818 -0.028183803 0.460610390 3.637151718 0.030730952 0.999525726 0.001969823 -0.656588912 -0.460447520 0.012407461 0.887600243 68.824859619
0.871322870 -0.029543027 0.489819795 4.087366104 0.030600110 0.999514520 0.005851348 -0.686827481 -0.489754915 0.009890128 0.871804059 69.629913330
0.853416502 -0.028641118 0.520441890 4.581365585 0.026616085 0.999581039 0.011364412 -0.687881291 -0.520549476 0.004153550 0.853821456 70.447875977
0.833788812 -0.028790496 0.551332235 5.114738464 0.024431257 0.999585092 0.015250414 -0.695596635 -0.551542640 0.000754114 0.834146321 71.235504150
0.811649263 -0.022387693 0.583715916 5.589778900 0.020434612 0.999741852 0.009929787 -0.692038715 -0.583787560 0.003868504 0.811897278 71.992553711
0.789332688 -0.015253193 0.613776207 6.144685745 0.017105702 0.999849558 0.002849264 -0.701740444 -0.613727331 0.008250060 0.789474964 72.728012085
0.766889751 -0.013232984 0.641642392 6.738334656 0.016628424 0.999861479 0.000746489 -0.706395626 -0.641563475 0.010097031 0.767003536 73.429931641
0.742954075 -0.015827620 0.669155180 7.308063507 0.017686225 0.999835491 0.004012460 -0.714071333 -0.669108570 0.008853755 0.743111908 74.091239929
0.718188465 -0.016262254 0.695658684 7.944274902 0.017985927 0.999826670 0.004804294 -0.724675596 -0.695616186 0.009061676 0.718356490 74.752227783
0.692548156 -0.014298304 0.721229911 8.565971375 0.018608872 0.999824882 0.001952587 -0.736340165 -0.721131623 0.012069018 0.692692935 75.357994080
0.666132748 -0.011638609 0.745742381 9.246635437 0.018301865 0.999832213 -0.000743978 -0.741797447 -0.745608628 0.014144068 0.666234016 75.958145142
0.638831496 -0.009317810 0.769290328 9.905826569 0.016392272 0.999864459 -0.001501841 -0.752623618 -0.769172072 0.013569838 0.638897657 76.523353577
0.610679269 -0.007758061 0.791840017 10.635715485 0.016152129 0.999866009 -0.002660577 -0.766759872 -0.791713297 0.014414662 0.610722780 77.086090088
0.581352115 -0.001316548 0.813651085 11.334716797 0.014790998 0.999850452 -0.008950306 -0.780806661 -0.813517690 0.017237991 0.581284642 77.610412598
0.550982416 0.008007847 0.834478438 12.072219849 0.013735918 0.999731481 -0.018663093 -0.794736087 -0.834403813 0.021745360 0.550724328 78.106079102
0.519895077 0.016555645 0.854069650 12.848934174 0.012355866 0.999561846 -0.026897267 -0.817813337 -0.854140759 0.024536526 0.519462705 78.583671570
0.488066226 0.021515056 0.872541368 13.642936707 0.009987829 0.999492943 -0.030232228 -0.838843286 -0.872749507 0.023470128 0.487603903 79.036590576
0.455544591 0.020619605 0.889974117 14.478549957 0.007880634 0.999599040 -0.027193282 -0.882082045 -0.890178084 0.019401314 0.455199480 79.464691162
0.421931505 0.019633826 0.906415105 15.298431396 0.003689907 0.999719977 -0.023372531 -0.900479555 -0.906620264 0.013206197 0.421740890 79.868537903
0.387476206 0.020727608 0.921646655 16.173862457 -0.000592147 0.999752581 -0.022235243 -0.931488574 -0.921879649 0.008069878 0.387392581 80.245208740
0.351832181 0.023696467 0.935763121 17.009439468 -0.007623461 0.999718904 -0.022449734 -0.959847033 -0.936032236 0.000764783 0.351913959 80.589141846
0.315960169 0.025543107 0.948428512 17.926240921 -0.012873205 0.999660909 -0.022634309 -0.994617283 -0.948685110 -0.005057776 0.316181928 80.904884338
0.279679298 0.024940426 0.959769607 18.807834625 -0.015362233 0.999650717 -0.021500180 -1.017655373 -0.959970534 -0.008731048 0.279964894 81.177062988
0.243424833 0.024151439 0.969619036 19.745153427 -0.015786257 0.999656141 -0.020936431 -1.048050046 -0.969791293 -0.010210208 0.243722439 81.417297363
0.207500234 0.023654118 0.977948904 20.676553726 -0.015492986 0.999661684 -0.020892011 -1.080452204 -0.978112221 -0.010816252 0.207796499 81.613761902
0.172293037 0.023037409 0.984776318 21.657674789 -0.014172347 0.999680996 -0.020906534 -1.101516962 -0.984943748 -0.010354542 0.172564581 81.782051086
0.137362346 0.021996582 0.990276635 22.595848083 -0.005613303 0.999754548 -0.021428486 -1.132394552 -0.990504980 -0.002615255 0.137452140 81.912864685
0.103643462 0.025126040 0.994297087 23.575313568 -0.003594133 0.999683678 -0.024887517 -1.171878338 -0.994608104 -0.000994208 0.103700981 82.010261536
0.071088389 0.030003138 0.997018695 24.528961182 -0.002651727 0.999549627 -0.029890237 -1.202264905 -0.997466505 -0.000518972 0.071135923 82.078720093
0.041977569 0.033940990 0.998541892 25.525959015 0.004134294 0.999408305 -0.034144241 -1.241769671 -0.999110043 0.005561558 0.041812401 82.116027832
0.016320378 0.032404833 0.999341488 26.504365921 0.006056400 0.999453127 -0.032507367 -1.273310184 -0.999848425 0.006582946 0.016115203 82.128677368
-0.005497893 0.029101670 0.999561310 27.521476746 0.007771099 0.999547422 -0.029058529 -1.312474608 -0.999954760 0.007607930 -0.005721552 82.118736267
-0.024896946 0.026529804 0.999338090 28.501022339 0.008066657 0.999620557 -0.026336340 -1.352237821 -0.999657452 0.007405623 -0.025101511 82.099784851
-0.041366365 0.029339500 0.998713195 29.494701385 0.009788060 0.999532640 -0.028958160 -1.395468235 -0.999096096 0.008577567 -0.041634209 82.062294006
-0.055604201 0.034092151 0.997870684 30.521419525 0.012695228 0.999360144 -0.033435632 -1.425879478 -0.998372257 0.010809036 -0.056001425 81.992324829
-0.067860447 0.039172318 0.996925473 31.505168915 0.016785040 0.999132216 -0.038116474 -1.466776133 -0.997553647 0.014146836 -0.068459079 81.925041199
-0.076827794 0.042705942 0.996129394 32.514003754 0.021954101 0.998912513 -0.041132025 -1.512831807 -0.996802628 0.018709045 -0.077681817 81.842224121
-0.082697719 0.048322380 0.995402515 33.536506653 0.026089853 0.998586416 -0.046309415 -1.560681581 -0.996233046 0.022140222 -0.083841532 81.750587463
-0.085911237 0.052933790 0.994895637 34.545963287 0.028337102 0.998313427 -0.050668664 -1.616745830 -0.995899737 0.023839451 -0.087266348 81.658386230
-0.088856988 0.056956492 0.994414628 35.566169739 0.030049076 0.998062551 -0.054480359 -1.678878427 -0.995591044 0.025040276 -0.090396330 81.566642761
-0.091578372 0.059761126 0.994002998 36.593227386 0.030638121 0.997894049 -0.057172343 -1.744078398 -0.995326579 0.025218638 -0.093216471 81.473770142
-0.093954869 0.063426778 0.993553996 37.627532959 0.031770602 0.997651279 -0.060683977 -1.804961681 -0.995069563 0.025864253 -0.095749289 81.373634338
-0.095876463 0.067167610 0.993124425 38.653411865 0.033132493 0.997383237 -0.064257018 -1.878644824 -0.994841695 0.026743947 -0.097851008 81.269500732
-0.098065652 0.068690643 0.992806494 39.688720703 0.035828397 0.997211993 -0.065456450 -1.949387312 -0.994534850 0.029151635 -0.100253321 81.162582397
-0.100183226 0.067205958 0.992696702 40.731864929 0.035706583 0.997316301 -0.063915193 -2.025588512 -0.994328022 0.029042581 -0.102314077 81.059394836
-0.102534726 0.066992439 0.992471099 41.778434753 0.034878183 0.997358322 -0.063718975 -2.098315001 -0.994117737 0.028082183 -0.104600437 80.951194763
-0.104392990 0.068167731 0.992197275 42.816799164 0.034937035 0.997283757 -0.064841360 -2.174727440 -0.993922234 0.027895447 -0.106491037 80.830963135
-0.106936574 0.070426531 0.991768420 43.857452393 0.033732381 0.997170925 -0.067173019 -2.248227119 -0.993693650 0.026271459 -0.109009676 80.724723816
-0.109787002 0.072515644 0.991306365 44.902500153 0.032075226 0.997074068 -0.069385253 -2.325930834 -0.993437469 0.024178777 -0.111791745 80.615577698
-0.111882158 0.076076478 0.990805089 45.963146210 0.030011967 0.996869028 -0.073153123 -2.407208443 -0.993268251 0.021551484 -0.113815077 80.490661621
-0.114410073 0.079934135 0.990212500 47.021915436 0.026924463 0.996640980 -0.077342197 -2.495808125 -0.993068635 0.017812220 -0.116177946 80.379409790
-0.117086723 0.082565188 0.989683628 48.080970764 0.024505047 0.996475041 -0.080232628 -2.576559782 -0.992819309 0.014858069 -0.118697233 80.257888794
-0.119547419 0.081030786 0.989516258 49.158493042 0.022871317 0.996624112 -0.078849673 -2.667182684 -0.992565036 0.013205263 -0.120997094 80.120628357
-0.122663446 0.076770738 0.989474654 50.236240387 0.019787088 0.996994555 -0.074901231 -2.757260799 -0.992251098 0.010391174 -0.123813868 79.994926453
-0.124655634 0.074969307 0.989363849 51.319217682 0.020499649 0.997123003 -0.072974414 -2.845848799 -0.991988242 0.011184942 -0.125833854 79.852943420
-0.126662284 0.075467259 0.989070952 52.397758484 0.019479232 0.997098684 -0.073585249 -2.931966782 -0.991754591 0.009945869 -0.127764806 79.718025208
-0.127967760 0.078490712 0.988667488 53.479309082 0.020710055 0.996857524 -0.076460347 -3.014257669 -0.991562128 0.010690904 -0.129191175 79.577896118
-0.128517732 0.081278309 0.988371015 54.570384979 0.021264132 0.996632397 -0.079192713 -3.104108810 -0.991479218 0.010839180 -0.129813269 79.435935974
-0.129159182 0.082017772 0.988226116 55.661743164 0.019819275 0.996588051 -0.080121428 -3.195255756 -0.991425693 0.009237514 -0.130344033 79.302711487
-0.128832519 0.080414459 0.988400578 56.757537842 0.017164176 0.996738136 -0.078855544 -3.293092251 -0.991517782 0.006805928 -0.129792571 79.156410217
-0.128881648 0.079662204 0.988454998 57.855720520 0.013322294 0.996817231 -0.078599103 -3.387094975 -0.991570473 0.003038505 -0.129532740 79.021026611
-0.129077971 0.081046820 0.988316834 58.960639954 0.009287508 0.996709526 -0.080522068 -3.474567890 -0.991590977 -0.001214625 -0.129405960 78.886589050
-0.129354194 0.081269279 0.988262534 60.059806824 0.005211894 0.996677697 -0.081279092 -3.568866253 -0.991584778 -0.005363073 -0.129348025 78.752876282
-0.129517317 0.080330938 0.988317847 61.178558350 0.001902016 0.996731222 -0.080765553 -3.671345711 -0.991575480 -0.008580738 -0.129246771 78.611488342
-0.129960045 0.075342290 0.988652587 62.299701691 0.002261560 0.997128725 -0.075690940 -3.761453390 -0.991516650 -0.007600903 -0.129757270 78.472244263
-0.129964903 0.066778995 0.989267230 63.427955627 0.005478527 0.997762561 -0.066632695 -3.847451210 -0.991503477 -0.003240186 -0.130039930 78.319252014
-0.130035520 0.061448511 0.989603341 64.548965454 0.011232722 0.998104930 -0.060500395 -3.929855347 -0.991445720 0.003248740 -0.130479366 78.170089722
-0.129297078 0.063869894 0.989546835 65.673065186 0.019804139 0.997890651 -0.061820801 -4.005166054 -0.991408110 0.011603874 -0.130289242 78.011146545
-0.128155559 0.069554858 0.989312053 66.769561768 0.025223244 0.997443497 -0.066859148 -4.080023289 -0.991433263 0.016385293 -0.129582316 77.859001160
-0.126999110 0.075318120 0.989039123 67.904655457 0.029048720 0.996967494 -0.072191857 -4.161203384 -0.991477370 0.019562019 -0.128801897 77.702369690
-0.126323238 0.079931930 0.988763571 69.018936157 0.030292338 0.996594310 -0.076694861 -4.242146969 -0.991526425 0.020263616 -0.128314346 77.554962158
-0.126236916 0.076616317 0.989037037 70.182037354 0.026418870 0.996919096 -0.073854908 -4.340830326 -0.991648257 0.016806033 -0.127872169 77.405921936
-0.126313686 0.072250776 0.989355683 71.325996399 0.025838858 0.997245193 -0.069528028 -4.424603462 -0.991653740 0.016781479 -0.127832636 77.266387939
-0.126300395 0.070426166 0.989488900 72.446197510 0.023787245 0.997404814 -0.067953311 -4.509020805 -0.991706729 0.014954684 -0.127647862 77.130187988
-0.126447648 0.070567966 0.989460051 73.572959900 0.021647211 0.997425139 -0.068369642 -4.591543198 -0.991737068 0.012773873 -0.127649650 76.999237061
-0.126238972 0.076022662 0.989082456 74.703643799 0.022753466 0.997018754 -0.073728591 -4.676229954 -0.991738915 0.013197636 -0.127592400 76.859558105
-0.125292152 0.078336328 0.989022374 75.814125061 0.022858562 0.996841192 -0.076059841 -4.772594929 -0.991856515 0.013077930 -0.126687050 76.722640991
-0.125347465 0.077893540 0.989050269 76.992187500 0.022963960 0.996873736 -0.075599335 -4.850490570 -0.991847098 0.013236335 -0.126744330 76.578689575
-0.124240637 0.070780471 0.989724398 78.136154175 0.024287373 0.997370541 -0.068278484 -4.942742348 -0.991954863 0.015554846 -0.125633031 76.421730042
-0.124928370 0.069890693 0.989701211 79.315895081 0.024088770 0.997435451 -0.067396186 -5.020341396 -0.991873324 0.015420982 -0.126291588 76.283897400
-0.125352636 0.072613031 0.989451408 80.470779419 0.021948399 0.997276783 -0.070406690 -5.112760067 -0.991869390 0.012891212 -0.126605064 76.160041809
-0.124610499 0.075788893 0.989306986 81.657844543 0.020672813 0.997060239 -0.073778972 -5.196645737 -0.991990328 0.011258123 -0.125810966 76.005523682
-0.125130743 0.075176157 0.989288092 82.824264526 0.019864148 0.997115135 -0.073258407 -5.284050465 -0.991941452 0.010484482 -0.126263067 75.874023438
-0.124743782 0.072441682 0.989540756 84.019218445 0.018624663 0.997326255 -0.070663758 -5.363111496 -0.992014110 0.009615004 -0.125759423 75.727111816
-0.123915941 0.071648292 0.989702582 85.186340332 0.018782889 0.997380376 -0.069852412 -5.448371410 -0.992115021 0.009933648 -0.124937102 75.581375122
-0.122763850 0.071145259 0.989882529 86.387718201 0.021032173 0.997389615 -0.069076434 -5.556792259 -0.992212951 0.012339292 -0.123939730 75.434173584
-0.121274635 0.071855076 0.990014791 87.562614441 0.022898387 0.997313440 -0.069579810 -5.635046959 -0.992354810 0.014231474 -0.122594200 75.280532837
-0.121102415 0.070938833 0.990101933 88.765701294 0.022265300 0.997386396 -0.068737380 -5.726243973 -0.992390275 0.013720657 -0.122365341 75.154724121
-0.119652443 0.071168117 0.990261853 89.948036194 0.023694420 0.997348070 -0.068814412 -5.820876122 -0.992533088 0.015229866 -0.121021412 75.004699707
-0.118381858 0.070056960 0.990493715 91.171813965 0.023956563 0.997419178 -0.067683548 -5.898406506 -0.992679060 0.015716324 -0.119754680 74.860443115
-0.116644919 0.068683743 0.990795910 92.374565125 0.022719432 0.997529328 -0.066475786 -5.997549057 -0.992913783 0.014756259 -0.117917195 74.707687378
-0.116260871 0.068276607 0.990869224 93.605445862 0.023336316 0.997546792 -0.065998629 -6.079542160 -0.992944539 0.015450182 -0.117568970 74.586021423
-0.114387296 0.069270179 0.991018295 94.820678711 0.021551846 0.997504294 -0.067235947 -6.167760372 -0.993202388 0.013667334 -0.115594715 74.446540833
-0.113770060 0.072076984 0.990889072 96.057281494 0.021470321 0.997310281 -0.070078939 -6.251610756 -0.993275106 0.013301828 -0.115011588 74.322212219
-0.112904087 0.070907116 0.991072536 97.292266846 0.019475423 0.997416675 -0.069142357 -6.339714527 -0.993414938 0.011495105 -0.113993369 74.193313599
-0.113005131 0.069208503 0.991181076 98.518844604 0.015175971 0.997575104 -0.067924738 -6.433365822 -0.993478537 0.007366293 -0.113781400 74.070793152
-0.112342767 0.071274474 0.991109967 99.776374817 0.012874620 0.997444928 -0.070270702 -6.504049778 -0.993586123 0.004865758 -0.112973347 73.920524597
-0.111933835 0.070689917 0.991198063 100.991485596 0.011168024 0.997493088 -0.069877677 -6.593228817 -0.993652940 0.003248046 -0.112442672 73.770584106
-0.112878814 0.067724958 0.991297901 102.238021851 0.008879212 0.997703254 -0.067151487 -6.695669174 -0.993569136 0.001221965 -0.113220900 73.630607605
-0.114271566 0.066472650 0.991223216 103.486267090 0.006894727 0.997787893 -0.066118062 -6.786748409 -0.993425786 -0.000721200 -0.114477105 73.490127563
-0.115409799 0.065120168 0.991181076 104.743164062 0.004352242 0.997872412 -0.065053031 -6.877827168 -0.993308425 -0.003193895 -0.115447648 73.349113464
-0.116839014 0.065528497 0.990986705 105.974128723 0.005268039 0.997847795 -0.065361068 -6.964461803 -0.993136883 -0.002416165 -0.116932750 73.201019287
-0.120044783 0.064176366 0.990692019 107.251686096 0.003183059 0.997928143 -0.064259425 -7.045170784 -0.992763340 -0.004560578 -0.120000347 73.072929382
-0.123368777 0.058967352 0.990607440 108.467628479 0.002048529 0.998245955 -0.059166938 -7.133839130 -0.992358744 -0.005270065 -0.123273171 72.926269531
-0.128257468 0.059075113 0.989979923 109.757537842 0.000117918 0.998225152 -0.059551861 -7.217712879 -0.991740942 -0.007521234 -0.128036812 72.793167114
-0.134234473 0.065606385 0.988775492 111.017974854 -0.005288908 0.997744262 -0.066919498 -7.292573929 -0.990935564 -0.014212447 -0.133584693 72.650894165
-0.141017839 0.067922547 0.987674236 112.259796143 -0.003493378 0.997603297 -0.069104157 -7.397387981 -0.990000904 -0.013195237 -0.140442625 72.475868225
-0.150086835 0.063851200 0.986608863 113.510658264 -0.001362604 0.997897983 -0.064789101 -7.486324310 -0.988671839 -0.011068348 -0.149684340 72.286903381
-0.161006466 0.061706107 0.985022426 114.731407166 0.000266962 0.998046398 -0.062478330 -7.581703186 -0.986953318 -0.009796452 -0.160708383 72.094329834
-0.174184039 0.062900051 0.982702136 115.968414307 0.000465226 0.997962952 -0.063794389 -7.666426659 -0.984713018 -0.010654786 -0.173858494 71.889419556
-0.188435048 0.062281333 0.980108857 117.193420410 0.002917434 0.998018205 -0.062858485 -7.765902042 -0.982081354 -0.008985337 -0.188243315 71.665267944
-0.203233600 0.060492195 0.977259755 118.419372559 0.003213909 0.998125494 -0.061115403 -7.853383064 -0.979125023 -0.009279881 -0.203047082 71.431709290
-0.218603566 0.063654914 0.973735273 119.625450134 0.006807489 0.997945189 -0.063709266 -7.931192875 -0.975789964 -0.007298385 -0.218587771 71.175704956
-0.234423444 0.067357227 0.969798267 120.793373108 0.007874082 0.997695565 -0.067391492 -8.004508018 -0.972102761 -0.008161874 -0.234413624 70.913055420
-0.249688476 0.070378423 0.965765238 121.986259460 0.007219398 0.997462869 -0.070821829 -8.122083664 -0.968299270 -0.010711151 -0.249563009 70.622177124
-0.264540762 0.068364024 0.961948276 123.160667419 0.003634854 0.997547746 -0.069894388 -8.211380005 -0.964367628 -0.014993380 -0.264140517 70.285293579
-0.280358166 0.062878050 0.957833827 124.307357788 -0.001718900 0.997817755 -0.066005945 -8.300698280 -0.959893882 -0.020151729 -0.279638261 69.961654663
-0.296726346 0.058700453 0.953156769 125.506614685 -0.005838225 0.997978806 -0.063278310 -8.387089729 -0.954944789 -0.024341086 -0.295783848 69.625953674
-0.311937392 0.060308136 0.948186696 126.639434814 -0.007851302 0.997785628 -0.066045769 -8.467967987 -0.950070262 -0.028046647 -0.310773164 69.270790100
-0.326002717 0.062559403 0.943296611 127.810668945 -0.006946811 0.997622609 -0.068563111 -8.556000710 -0.945343256 -0.028904665 -0.324793160 68.876213074
-0.339835793 0.064435691 0.938274860 128.919403076 -0.006299554 0.997471869 -0.070782691 -8.649817467 -0.940463662 -0.029965205 -0.338570744 68.483154297
-0.354819804 0.064146079 0.932731628 130.019256592 -0.004819238 0.997504830 -0.070433989 -8.738492966 -0.934922338 -0.029486427 -0.353625327 68.102310181
-0.367822677 0.062542818 0.927790344 131.170288086 -0.003376676 0.997639120 -0.068590045 -8.838898659 -0.929889917 -0.028361820 -0.366743088 67.630622864
-0.381875694 0.061528474 0.922163367 132.267990112 -0.002896211 0.997696877 -0.067767575 -8.930851936 -0.924209237 -0.028549569 -0.380818009 67.172851562
-0.397542089 0.061536226 0.915518165 133.360046387 -0.005606608 0.997567296 -0.069485664 -9.042436600 -0.917566776 -0.032756429 -0.396229863 66.738693237
-0.412582695 0.063788719 0.908683956 134.454589844 -0.005124663 0.997366726 -0.072341003 -9.130756378 -0.910905838 -0.034503337 -0.411169350 66.258743286
-0.427027404 0.065512165 0.901862323 135.539855957 -0.004230480 0.997216284 -0.074441880 -9.221677780 -0.904228866 -0.035604037 -0.425561517 65.752494812
-0.441134453 0.068630286 0.894812942 136.600158691 0.000195464 0.997078896 -0.076377511 -9.321989059 -0.897441089 -0.033517849 -0.439859271 65.232482910
-0.456419468 0.070790939 0.886944115 137.699111938 -0.002517606 0.996723235 -0.080848433 -9.420953751 -0.889761209 -0.039133780 -0.454745650 64.687652588
-0.470553637 0.073699474 0.879288256 138.750549316 -0.000089595 0.996501803 -0.083571918 -9.520842552 -0.882371485 -0.039403867 -0.468900919 64.116111755
-0.486860186 0.070339739 0.870643079 139.850250244 -0.002404653 0.996640563 -0.081863813 -9.635030746 -0.873476624 -0.041949831 -0.485055506 63.547050476
-0.503203392 0.067191474 0.861551881 140.917938232 -0.003633281 0.996799290 -0.079861373 -9.726431847 -0.864160299 -0.043316774 -0.501348734 62.942283630
-0.518601239 0.066976063 0.852389038 141.975830078 -0.004442967 0.996702671 -0.081018582 -9.831562996 -0.855004668 -0.045803469 -0.516593635 62.326412201
-0.534579456 0.066244155 0.842517853 143.034271240 -0.005623211 0.996622324 -0.081928760 -9.930494308 -0.845099509 -0.048535097 -0.532401443 61.683914185
-0.550669670 0.065130860 0.832178354 144.069473267 -0.006371879 0.996594250 -0.082215369 -10.034306526 -0.834698856 -0.050576057 -0.548379302 61.017372131
-0.565588534 0.064546451 0.822157860 145.062377930 -0.007254301 0.996504366 -0.083224639 -10.145748138 -0.824655771 -0.053035077 -0.563143253 60.333572388
-0.580716908 0.064195409 0.811570585 146.106109619 -0.007119452 0.996447504 -0.083913535 -10.249463081 -0.814074397 -0.054507941 -0.578196883 59.598163605
-0.595867932 0.061504368 0.800723851 147.088668823 -0.007828143 0.996570945 -0.082372963 -10.352127075 -0.803044319 -0.055351600 -0.593343139 58.887676239
-0.610707045 0.058066253 0.789724767 148.088073730 -0.007622869 0.996830523 -0.079189062 -10.459011078 -0.791819930 -0.054381285 -0.608328760 58.130401611
-0.625468075 0.056472171 0.778203428 149.074172974 -0.006764409 0.996947348 -0.077782646 -10.563413620 -0.780220509 -0.053914640 -0.623176813 57.352848053
-0.640032947 0.055037212 0.766373754 150.036727905 -0.007206633 0.996957362 -0.077615179 -10.669479370 -0.768313646 -0.055199247 -0.637688935 56.566028595
-0.654752016 0.055479478 0.753804862 150.985839844 -0.009183157 0.996644974 -0.081328757 -10.776810646 -0.755787969 -0.060172483 -0.652045906 55.761692047
-0.669818103 0.054908209 0.740492165 151.916030884 -0.011000962 0.996418834 -0.083836421 -10.884614944 -0.742443621 -0.064301290 -0.666815400 54.943824768
-0.685571909 0.051607296 0.726173341 152.851440430 -0.012925071 0.996464193 -0.083018586 -10.991639137 -0.727890193 -0.066301048 -0.682480812 54.096523285
-0.701697409 0.043859571 0.711123884 153.761062622 -0.016765237 0.996810555 -0.078022696 -11.100728035 -0.712277830 -0.066670492 -0.698724031 53.234317780
-0.718254566 0.041586552 0.694536448 154.665588379 -0.017498085 0.996816814 -0.077781729 -11.205810547 -0.695560336 -0.068020150 -0.715240598 52.326511383
-0.735356510 0.038961064 0.676559508 155.546813965 -0.019123910 0.996755481 -0.078186072 -11.309337616 -0.677410603 -0.070433125 -0.732225478 51.400642395
-0.752497315 0.035051558 0.657661915 156.406997681 -0.022235481 0.996661246 -0.078561135 -11.416873932 -0.658219814 -0.073740460 -0.749205530 50.457157135
-0.768916428 0.033024289 0.638495743 157.239166260 -0.022012612 0.996705592 -0.078060560 -11.522475243 -0.638970256 -0.074077018 -0.765656352 49.487213135
-0.784541130 0.034891002 0.619094431 158.043731689 -0.019816997 0.996494770 -0.081273451 -11.638820648 -0.619760096 -0.076030955 -0.781099737 48.489406586
-0.799468279 0.034476690 0.599718153 158.824462891 -0.016288033 0.996740520 -0.079013884 -11.749263763 -0.600487471 -0.072937354 -0.796300769 47.479499817
-0.813806355 0.035585120 0.580045640 159.588043213 -0.012422040 0.996830106 -0.078582548 -11.862459183 -0.581003428 -0.071156323 -0.810784698 46.434432983
-0.827924907 0.036729679 0.559634864 160.319625854 -0.010661857 0.996642113 -0.081184290 -11.975959778 -0.560737550 -0.073181257 -0.824753284 45.383384705
-0.841463447 0.038083747 0.538970292 161.028884888 -0.009797665 0.996273398 -0.085693412 -12.091777802 -0.540225267 -0.077388518 -0.837954462 44.312164307
-0.853976011 0.038775690 0.518865526 161.708404541 -0.006707704 0.996315897 -0.085496232 -12.209093094 -0.520269215 -0.076492131 -0.850569785 43.213378906
-0.865442932 0.036652230 0.499664992 162.362365723 -0.005722953 0.996532083 -0.083011642 -12.328183174 -0.500974655 -0.074701399 -0.862231910 42.108287811
-0.875632644 0.038542315 0.481437325 162.992004395 -0.002748864 0.996396899 -0.084767923 -12.442964554 -0.482969850 -0.075548977 -0.872371793 40.978683472
-0.884745121 0.041439626 0.464229167 163.590728760 0.000150527 0.996064842 -0.088627294 -12.555346489 -0.466075003 -0.078342691 -0.881269872 39.848369598
-0.893528521 0.039275639 0.447285265 164.182983398 -0.001293082 0.995937705 -0.090035364 -12.677752495 -0.449004501 -0.081027530 -0.889848053 38.705867767
-0.901527643 0.036388796 0.431188643 164.751983643 -0.002531626 0.995997369 -0.089347146 -12.803250313 -0.432713956 -0.081640527 -0.897827029 37.553348541
-0.908561647 0.034385890 0.416333318 165.301940918 -0.003345283 0.995975733 -0.089560270 -12.928068161 -0.417737424 -0.082763776 -0.904790401 36.389842987
-0.915015936 0.032373499 0.402116567 165.835403442 -0.003830550 0.996032715 -0.088904776 -13.055820465 -0.403399467 -0.082889639 -0.911261857 35.219394684
-0.920995355 0.030038310 0.388413548 166.349456787 -0.004639419 0.996106446 -0.088035673 -13.182629585 -0.389545739 -0.082882464 -0.917270243 34.037773132
-0.926550865 0.025032310 0.375335664 166.854888916 -0.007226645 0.996414781 -0.084293664 -13.305195808 -0.376100093 -0.080814786 -0.923048079 32.844367981
-0.931577802 0.021735249 0.362891793 167.345046997 -0.008386078 0.996660709 -0.081222430 -13.418871880 -0.363445371 -0.078708246 -0.928284705 31.643512726
-0.935697496 0.022122895 0.352109164 167.809356689 -0.005734237 0.996946514 -0.077876009 -13.534090042 -0.352756798 -0.074887484 -0.932713509 30.425071716
-0.938756347 0.026265746 0.343579113 168.257293701 -0.001277126 0.996818483 -0.079693720 -13.647408485 -0.344579309 -0.075251766 -0.935736299 29.218078613
-0.940870941 0.031652424 0.337283045 168.696472168 0.004444673 0.996693075 -0.081136286 -13.758196831 -0.338735878 -0.074839666 -0.937900364 28.002227783
-0.942753017 0.034437224 0.331708908 169.132019043 0.006952818 0.996467531 -0.083690144 -13.872259140 -0.333419234 -0.076592840 -0.939662278 26.780326843
-0.944510400 0.032010373 0.326918155 169.571868896 0.005301308 0.996596277 -0.082266070 -13.992609978 -0.328438818 -0.075968079 -0.941465259 25.554595947
-0.946275592 0.024542298 0.322428465 170.001052856 -0.000824373 0.996929228 -0.078302704 -14.110223770 -0.323360115 -0.074361742 -0.943349719 24.328540802
-0.948210597 0.017814923 0.317142248 170.437698364 -0.006793060 0.997060359 -0.076318443 -14.220737457 -0.317569524 -0.074520327 -0.945302308 23.104455948
-0.949734747 0.011621731 0.312839776 170.859542847 -0.013451091 0.996872783 -0.077868469 -14.328586578 -0.312766463 -0.078162439 -0.946608543 21.878795624
-0.950937867 0.009071157 0.309248894 171.276321411 -0.016679887 0.996613085 -0.080524027 -14.437822342 -0.308931977 -0.081731580 -0.947565734 20.660739899
-0.951614439 0.009423561 0.307150096 171.680282593 -0.016766947 0.996448338 -0.082519159 -14.556591034 -0.306836843 -0.083676405 -0.948076725 19.431377411
-0.952023089 0.009871214 0.305866927 172.094390869 -0.016860781 0.996269464 -0.084632374 -14.673099518 -0.305561274 -0.085729130 -0.948305190 18.214694977
-0.951624811 0.012563809 0.307005435 172.486206055 -0.014719440 0.996152401 -0.086392112 -14.792625427 -0.306909621 -0.086731836 -0.947778463 16.963386536
-0.951539814 0.012660705 0.307264715 172.891937256 -0.015076383 0.996030152 -0.087729640 -14.917895317 -0.307155728 -0.088110693 -0.947571576 15.768722534
-0.950996637 0.014095924 0.308880091 173.288040161 -0.014220929 0.995909214 -0.089233018 -15.042451859 -0.308874458 -0.089252852 -0.946905732 14.543773651
-0.950537026 0.014745993 0.310261041 173.695327759 -0.013663382 0.995920599 -0.089193873 -15.161046982 -0.310310572 -0.089021310 -0.946457922 13.337554932
-0.949670136 0.013958925 0.312940776 174.108001709 -0.014576386 0.995955288 -0.088659637 -15.299754143 -0.312912732 -0.088758945 -0.945625424 12.114746094
-0.948571920 0.012966037 0.316296041 174.518676758 -0.015928471 0.995940268 -0.088596448 -15.422709465 -0.316160679 -0.089078203 -0.944514573 10.922161102
-0.947095692 0.010906489 0.320766062 174.951141357 -0.017808996 0.996096849 -0.086451620 -15.542768478 -0.320456952 -0.087590463 -0.943204820 9.719074249
-0.945194483 0.008352690 0.326400787 175.365188599 -0.019987512 0.996317685 -0.083376080 -15.662080765 -0.325895429 -0.085330546 -0.941547036 8.529701233
-0.942969203 0.005658398 0.332831919 175.792175293 -0.022379864 0.996515632 -0.080347463 -15.777445793 -0.332126856 -0.083213925 -0.939556956 7.354644775
-0.940488219 0.007648349 0.339740336 176.224594116 -0.020921331 0.996547103 -0.080350213 -15.887681961 -0.339181751 -0.082676247 -0.937080801 6.179859161
-0.937482238 0.007930092 0.347942621 176.664291382 -0.021366263 0.996543229 -0.080280989 -15.997426033 -0.347376466 -0.082696237 -0.934072196 5.020774841
-0.934043646 0.010606609 0.357001662 177.124633789 -0.020285433 0.996369839 -0.082676306 -16.111228943 -0.356582701 -0.084465191 -0.930437803 3.844688416
-0.929861963 0.012128608 0.367708385 177.589614868 -0.019303456 0.996471405 -0.081682540 -16.220821381 -0.367401600 -0.083051555 -0.926346779 2.656253815
-0.925212026 0.014111182 0.379188001 178.076217651 -0.018659675 0.996407211 -0.082609788 -16.340175629 -0.378991365 -0.083507098 -0.921624660 1.487686157
-0.919689894 0.016479794 0.392299503 178.580703735 -0.017711541 0.996360600 -0.083377481 -16.456844330 -0.392245859 -0.083629668 -0.916050911 0.319389343
-0.913895369 0.018224981 0.405540556 179.103500366 -0.017110551 0.996374607 -0.083336078 -16.573898315 -0.405589104 -0.083099477 -0.910270214 -0.850814819
-0.908133686 0.017589305 0.418310732 179.647308350 -0.017761357 0.996599138 -0.080464512 -16.689941406 -0.418303430 -0.080502316 -0.904732883 -2.003013611
-0.901721120 0.020797627 0.431817740 180.200561523 -0.015623961 0.996622026 -0.080626205 -16.802484512 -0.432035893 -0.079449080 -0.898350120 -3.159393311
-0.895123780 0.023046223 0.445221603 180.764404297 -0.013911782 0.996732593 -0.079564162 -16.912080765 -0.445600629 -0.077413611 -0.891878486 -4.291427612
-0.888133645 0.024710214 0.458920419 181.345077515 -0.012054740 0.996957541 -0.077009544 -17.023513794 -0.459427059 -0.073926933 -0.885133684 -5.408775330
-0.880779028 0.026769217 0.472770244 181.937835693 -0.009365829 0.997220635 -0.073913366 -17.133064270 -0.473434925 -0.069529235 -0.878080308 -6.512878418
-0.873065650 0.029669613 0.486699343 182.551513672 -0.006306856 0.997376442 -0.072114520 -17.236633301 -0.487561882 -0.066030256 -0.870588124 -7.596572876
-0.864632905 0.032910340 0.501325190 183.169723511 -0.002696072 0.997533858 -0.070134722 -17.344034195 -0.502397001 -0.061992381 -0.862411916 -8.648712158
-0.854711115 0.035584044 0.517882764 183.805816650 -0.000128482 0.997633100 -0.068760060 -17.445850372 -0.519103706 -0.058836523 -0.852683663 -9.703407288
-0.844360530 0.038996626 0.534354329 184.470443726 0.003289909 0.997706115 -0.067613013 -17.542797089 -0.535765350 -0.055331782 -0.842552006 -10.745300293
-0.833529294 0.040022273 0.551023722 185.138626099 0.004273009 0.997809887 -0.066009738 -17.650428772 -0.552458942 -0.052666526 -0.831874788 -11.769012451
-0.822501600 0.042574245 0.567166984 185.845565796 0.006031774 0.997791350 -0.066151723 -17.738990784 -0.568730772 -0.050988890 -0.820941806 -12.766502380
-0.810368001 0.045136828 0.584179878 186.564453125 0.008145793 0.997799814 -0.065795518 -17.829925537 -0.585864484 -0.048559994 -0.808952808 -13.759727478
-0.797306955 0.046997081 0.601741552 187.305328369 0.011033215 0.997932196 -0.063321277 -17.916830063 -0.603473186 -0.043847349 -0.796176851 -14.731391907
-0.782489836 0.048435628 0.620776534 188.054794312 0.013017019 0.998024523 -0.061462160 -18.010902405 -0.622527122 -0.040012870 -0.781574607 -15.686203003
-0.766760528 0.050880525 0.639913678 188.832748413 0.013820909 0.997931242 -0.062786490 -18.093957901 -0.641784489 -0.039298017 -0.765877545 -16.612007141
