0.999120891 0.001960346 -0.041875970 -0.020369895 -0.002110023 0.999991655 -0.003530408 -0.001408322 0.041868702 0.003615664 0.999116600 0.202669531
0.998507559 0.001977908 -0.054577760 -0.032902218 -0.002240740 0.999986172 -0.004754964 0.000425651 0.054567602 0.004870161 0.998498201 0.252596200
0.997464418 0.001826263 -0.071143143 -0.041160055 -0.002158222 0.999987125 -0.004589477 -0.000883211 0.071133867 0.004731382 0.997455478 0.307644933
0.996000171 0.000259906 -0.089350067 -0.021673966 -0.000678906 0.999988854 -0.004659066 -0.000703813 0.089347847 0.004701091 0.995989382 0.149484456
0.993950903 -0.000885250 -0.109821178 -0.064881064 0.000364956 0.999988735 -0.004757653 -0.002736654 0.109824143 0.004688794 0.993939996 0.433919162
0.991251051 -0.001263429 -0.131983459 -0.082707331 0.000603463 0.999987066 -0.005040248 -0.004991094 0.131988108 0.004916504 0.991239130 0.500359595
0.987769842 0.002356562 -0.155900523 -0.096850455 -0.003372250 0.999974847 -0.006250812 -0.006522549 0.155881852 0.006700100 0.987752974 0.542047322
0.983384430 0.006487284 -0.181419432 -0.129782498 -0.008021888 0.999937832 -0.007726388 -0.010484351 0.181358069 0.009053334 0.983375549 0.637277961
0.977976084 0.009206211 -0.208513394 -0.149682090 -0.011272910 0.999898374 -0.008725400 -0.011871918 0.208411843 0.010883784 0.977980614 0.689122081
0.970904648 0.009841933 -0.239264056 0.089887410 -0.012234506 0.999888897 -0.008516526 -0.013477204 0.239153624 0.011196012 0.970917165 0.323323131
0.962810874 0.011822063 -0.269917339 0.066169977 -0.014604243 0.999858856 -0.008301543 -0.014063125 0.269781083 0.011934755 0.962847710 0.376037329
0.953154564 0.013554009 -0.302179724 0.400233150 -0.016508885 0.999837518 -0.007226537 -0.014818465 0.302032679 0.011876655 0.953223586 -0.053241082
0.941579521 0.015500570 -0.336433828 0.373157412 -0.018644860 0.999807417 -0.006117207 -0.015401823 0.336274177 0.012032598 0.941687286 0.002997950
0.928930044 0.017025806 -0.369863570 0.698829651 -0.020797422 0.999764383 -0.006211901 -0.014302814 0.369670630 0.013462631 0.929065228 -0.321854174
0.914967299 0.020045681 -0.403029740 0.658475280 -0.024153011 0.999695182 -0.005110402 -0.015967283 0.402804404 0.014410229 0.915172637 -0.261716962
0.898931563 0.020545606 -0.437607050 0.600984693 -0.025195919 0.999670804 -0.004822962 -0.015179042 0.437363982 0.015361424 0.899153352 -0.177088246
0.880542278 0.016077183 -0.473694563 0.554427087 -0.021118330 0.999762774 -0.005324562 -0.015711440 0.473496616 0.014692142 0.880673051 -0.112711012
0.858271837 0.010693764 -0.513083875 1.116984129 -0.016091840 0.999852002 -0.006078908 -0.021645933 0.512942970 0.013473816 0.858316839 -0.479456246
0.833305955 0.012712545 -0.552665830 1.060192823 -0.016642984 0.999859273 -0.002095191 -0.026011478 0.552561343 0.010943942 0.833400249 -0.418769926
0.803598225 0.017967205 -0.594900906 1.262011290 -0.021647979 0.999765158 0.000952614 -0.028847398 0.594778299 0.012112879 0.803798497 -0.477333188
0.770790815 0.021166658 -0.636736631 1.188508987 -0.025148837 0.999679804 0.002788263 -0.030091656 0.636591673 0.013864016 0.771076322 -0.412849486
0.733114362 0.019910630 -0.679813862 1.662740946 -0.024117496 0.999703705 0.003271262 -0.022877920 0.679677606 0.013997196 0.733377397 -0.506221831
0.692906797 0.015239637 -0.720866024 1.578308821 -0.017953128 0.999831259 0.003880360 -0.022274356 0.720803618 0.010253070 0.693063498 -0.440994203
0.645939231 0.011820191 -0.763297319 2.291345358 -0.012808098 0.999907196 0.004645423 -0.010251941 0.763281345 0.006775725 0.646030664 -0.386309683
0.600123107 0.010381801 -0.799840212 2.188719749 -0.009550012 0.999937415 0.005813622 -0.008546048 0.799850523 0.004149595 0.600184798 -0.325164676
0.544751346 0.011994974 -0.838511825 3.465549231 -0.005383130 0.999927044 0.010806805 0.001032632 0.838580310 -0.001373203 0.544776201 0.012127638
0.492433667 0.012097607 -0.870265901 3.337625742 -0.003284466 0.999922097 0.012041473 0.003459588 0.870343745 -0.003071267 0.492435068 0.068366408
0.436644137 0.013787257 -0.899528623 3.406018257 -0.001627984 0.999892950 0.014535314 0.028028168 0.899632871 -0.004882341 0.436619788 0.383561850
0.381671190 0.016115803 -0.924157739 3.256560087 0.000110719 0.999847233 0.017481433 0.026588921 0.924298167 -0.006774481 0.381611139 0.423247576
0.324631989 0.017546726 -0.945677638 3.409585238 0.000704070 0.999823153 0.018793071 0.054933500 0.945840061 -0.006766657 0.324562311 0.645219207
0.268305451 0.019921824 -0.963127911 3.225544930 0.002994593 0.999764025 0.021513849 0.059971608 0.963329256 -0.008656459 0.268182516 0.680239081
0.214869514 0.022896437 -0.976374328 2.711221457 0.007987841 0.999650478 0.025200145 0.054426670 0.976610124 -0.013213866 0.214611530 0.753378689
0.163938403 0.023362570 -0.986193836 2.486076832 0.010500218 0.999621511 0.025426151 0.056141697 0.986414671 -0.014523574 0.163631052 0.768239379
0.115733430 0.024408136 -0.992980301 2.053040504 0.008378213 0.999638438 0.025548287 0.061082300 0.993244946 -0.011276191 0.115487091 0.809122503
0.074333295 0.024128860 -0.996941626 1.804822087 0.006565257 0.999673784 0.024684504 0.068823755 0.997211814 -0.008380056 0.074150629 0.799992800
0.035021197 0.022869017 -0.999124885 1.417533755 0.005508763 0.999718547 0.023075698 0.086341232 0.999371409 -0.006312081 0.034885362 0.812069952
0.000376806 0.019851124 -0.999803007 1.113864779 0.005481603 0.999787807 0.019852897 0.092179805 0.999984860 -0.005488003 0.000267919 0.797748744
-0.030873572 0.017309800 -0.999373376 0.498670578 0.006594217 0.999831796 0.017114021 0.097184278 0.999501526 -0.006061714 -0.030982524 0.751106322
-0.057820976 0.015361312 -0.998208761 0.173957989 0.006213875 0.999867797 0.015026904 0.100171715 0.998307586 -0.005333874 -0.057908785 0.723603845
-0.078163400 0.012847997 -0.996857762 -0.125820786 0.005249034 0.999908388 0.012475741 0.120022237 0.996926725 -0.004257394 -0.078223683 0.686494946
-0.094805963 0.011884647 -0.995424747 -0.493248940 0.005487282 0.999919772 0.011415698 0.126831442 0.995480597 -0.004379901 -0.094863579 0.645412505
-0.107672192 0.012651198 -0.994105935 -1.532346845 0.006959563 0.999904096 0.011971192 0.121925674 0.994162023 -0.005629579 -0.107749909 0.522356451
-0.117055766 0.013477690 -0.993033826 -1.748887777 0.005946403 0.999899507 0.012869927 0.133639321 0.993107557 -0.004398481 -0.117124133 0.482178509
-0.124225229 0.014724679 -0.992144763 -2.177132368 0.004554164 0.999887824 0.014269378 0.133613676 0.992243588 -0.002745774 -0.124278352 0.426797569
-0.128493845 0.015970401 -0.991581678 -3.234321833 0.004352951 0.999869764 0.015539810 0.125278085 0.991700768 -0.002319536 -0.128546640 0.287794322
-0.129485503 0.016751066 -0.991439819 -3.497221470 0.006592336 0.999849737 0.016032176 0.142026484 0.991559327 -0.004459970 -0.129576489 0.234542847
-0.128870904 0.018970469 -0.991479874 -4.450154781 0.008516126 0.999801457 0.018022766 0.138218343 0.991624832 -0.006120958 -0.129006833 0.127216816
-0.127070114 0.021386897 -0.991663218 -4.980566978 0.008042027 0.999756932 0.020530961 0.139744505 0.991861105 -0.005366110 -0.127211213 0.052539349
-0.125266284 0.021188147 -0.991896868 -5.407092571 0.005423468 0.999771595 0.020671429 0.155411154 0.992108345 -0.002790087 -0.125352591 -0.016471386
-0.123463072 0.018246178 -0.992181420 -5.985812664 0.003860153 0.999832213 0.017906535 0.163339570 0.992341638 -0.001619176 -0.123512775 -0.091110826
-0.122408450 0.018515741 -0.992307067 -6.762362480 0.003362707 0.999827981 0.018241266 0.170354247 0.992474139 -0.001103953 -0.122449644 -0.191192985
-0.120498449 0.021398827 -0.992482901 -7.374549389 0.003533794 0.999770582 0.021126915 0.178577185 0.992707253 -0.000961470 -0.120546415 -0.266161978
-0.118712060 0.024698509 -0.992621481 -8.081816673 0.002538835 0.999694824 0.024570880 0.189104706 0.992925465 0.000396758 -0.118738554 -0.368002892
-0.116776481 0.026722556 -0.992798686 -8.739005089 0.002568768 0.999642730 0.026604626 0.197706386 0.993154883 0.000556525 -0.116803408 -0.450972319
-0.115335278 0.026025087 -0.992985547 -9.659008980 0.000335461 0.999657691 0.026160985 0.205447808 0.993326545 0.002684177 -0.115304522 -0.544241071
-0.113566890 0.022894645 -0.993266463 -10.355358124 -0.002293324 0.999725878 0.023305736 0.216579735 0.993527770 0.004924643 -0.113483235 -0.627132118
-0.111733638 0.022471886 -0.993484080 -11.109132767 -0.002757726 0.999733448 0.022923393 0.225709662 0.993734300 0.005301071 -0.111641876 -0.743025661
-0.110988148 0.024463061 -0.993520617 -11.828969002 -0.000194603 0.999696434 0.024636865 0.238378465 0.993821621 0.002927742 -0.110949710 -0.812498212
-0.109189905 0.027203735 -0.993648589 -12.673878670 0.002125831 0.999629557 0.027133880 0.244401693 0.994018555 0.000850416 -0.109207295 -0.913083553
-0.108245686 0.028868144 -0.993704975 -13.422405243 0.003157564 0.999583244 0.028694959 0.257437944 0.994119167 -0.000031582 -0.108291723 -0.990443349
-0.107233413 0.024258358 -0.993937850 -14.270640373 0.003034257 0.999705553 0.024071777 0.263128757 0.994229257 -0.000434564 -0.107275464 -1.089372277
-0.106983848 0.017280951 -0.994110525 -15.030074120 0.004209973 0.999847829 0.016927622 0.268184304 0.994251847 -0.002374196 -0.107040338 -1.175562143
-0.107171334 0.012849845 -0.994157493 -15.884831429 0.007805448 0.999896526 0.012082586 0.278416097 0.994209945 -0.006464937 -0.107260525 -1.263649702
-0.107979409 0.013477986 -0.994061768 -16.664611816 0.008856623 0.999881506 0.012594846 0.287383080 0.994113684 -0.007444046 -0.108085983 -1.340944052
-0.107718430 0.021147715 -0.993956447 -17.551935196 0.008194997 0.999758661 0.020383041 0.285505652 0.994147658 -0.005949841 -0.107865736 -1.450696945
-0.108253099 0.028148847 -0.993724823 -18.352205276 0.006931941 0.999596179 0.027560022 0.293104470 0.994099140 -0.003904984 -0.108404510 -1.545102596
-0.108541131 0.033388689 -0.993531048 -19.229801178 0.005005258 0.999441445 0.033040497 0.301269233 0.994079292 -0.001386626 -0.108647637 -1.644137144
-0.108578637 0.033901308 -0.993509650 -20.021030426 0.003503215 0.999425173 0.033720307 0.309165686 0.994081616 0.000180826 -0.108634979 -1.744502664
-0.109068900 0.030160259 -0.993576527 -20.911102295 0.003259053 0.999545038 0.029983675 0.321387768 0.994028866 0.000032168 -0.109117590 -1.839561582
-0.109154858 0.027237672 -0.993651450 -21.711664200 0.002966257 0.999628961 0.027075674 0.333933294 0.994020343 0.000008016 -0.109195165 -1.941991806
-0.109556407 0.028642120 -0.993567765 -22.584745407 0.001694782 0.999588668 0.028628808 0.345111251 0.993979156 0.001452589 -0.109559871 -2.038016558
-0.109011434 0.031336505 -0.993546367 -23.390865326 0.000034212 0.999503076 0.031520624 0.345433503 0.994040489 0.003402118 -0.108958319 -2.140142441
-0.109391257 0.029735252 -0.993553936 -24.242620468 0.000076245 0.999552727 0.029906390 0.354594231 0.993998706 0.003195744 -0.109344587 -2.229486942
-0.108546443 0.024530768 -0.993788600 -25.040666580 -0.001339417 0.999691010 0.024822759 0.363149375 0.994090438 0.004025519 -0.108480036 -2.331423521
-0.108671516 0.020018661 -0.993876100 -25.897630692 -0.002141448 0.999790192 0.020371934 0.377051115 0.994075418 0.004342183 -0.108605862 -2.424149036
-0.108393908 0.020883273 -0.993888676 -26.696012497 -0.001863353 0.999773264 0.021210138 0.378876686 0.994106352 0.004151015 -0.108330414 -2.514055729
-0.108136661 0.023186028 -0.993865550 -27.508100510 -0.000694396 0.999725997 0.023398297 0.389244318 0.994135797 0.003220350 -0.108090922 -2.591155052
-0.108008951 0.027816648 -0.993760586 -28.309133530 0.000375016 0.999609530 0.027939606 0.402250081 0.994149923 0.002645052 -0.107977204 -2.676614523
-0.106736057 0.033625539 -0.993718684 -29.089685440 0.000127826 0.999428391 0.033805020 0.410642028 0.994287372 0.003481192 -0.106679350 -2.773818016
-0.107016124 0.036939271 -0.993570805 -29.980888367 0.000148986 0.999310195 0.037136596 0.419166207 0.994257212 0.003826187 -0.106947787 -2.871332407
-0.107452527 0.036975589 -0.993522465 -30.770490646 0.000873448 0.999311388 0.037096564 0.430859566 0.994209826 0.003118329 -0.107410818 -2.947037220
-0.106865369 0.032454688 -0.993743598 -31.624412537 0.000425307 0.999468446 0.032595921 0.447163343 0.994273424 0.003060729 -0.106822364 -3.050450087
-0.106320702 0.027952798 -0.993938863 -32.427707672 -0.000585574 0.999602854 0.028174724 0.460072637 0.994331717 0.003577581 -0.106262103 -3.143270731
-0.105643049 0.025426067 -0.994078994 -33.234764099 -0.004537704 0.999650240 0.026050804 0.466127366 0.994393706 0.007262923 -0.105490737 -3.251167536
-0.106242970 0.023179963 -0.994069993 -34.034423828 -0.007550542 0.999680638 0.024117772 0.480591983 0.994311512 0.010068109 -0.106034018 -3.345106125
-0.107466280 0.021610549 -0.993973851 -34.765457153 -0.005300211 0.999737024 0.022308903 0.480707228 0.994194567 0.007665726 -0.107323490 -3.429743528
-0.108470738 0.018184274 -0.993933320 -35.556228638 -0.001565334 0.999828279 0.018462952 0.481283307 0.994098425 0.003558528 -0.108423635 -3.518841267
-0.109408006 0.016755095 -0.993855715 -36.475318909 0.002447299 0.999859452 0.016586896 0.485671461 0.993993938 -0.000617523 -0.109433629 -3.610248089
-0.111268707 0.020650169 -0.993575871 -37.266544342 0.002679835 0.999786675 0.020479143 0.483454555 0.993786812 -0.000383932 -0.111300312 -3.700363636
-0.113380045 0.026275825 -0.993204236 -38.086349487 0.005279372 0.999652147 0.025843734 0.495251089 0.993537605 -0.002313331 -0.113479309 -3.791092396
-0.115170360 0.030373447 -0.992881298 -38.872039795 0.007166625 0.999531746 0.029745592 0.496214032 0.993319869 -0.003689797 -0.115334123 -3.888690472
-0.116523869 0.029333686 -0.992754638 -39.663261414 0.006908075 0.999563456 0.028724045 0.502267063 0.993163943 -0.003510986 -0.116675653 -3.986534834
-0.117437832 0.025358977 -0.992756426 -40.459133148 0.003512222 0.999678254 0.025120312 0.507736266 0.993074000 -0.000536706 -0.117489114 -4.096518517
-0.119006269 0.021654762 -0.992657244 -41.273395538 -0.001067558 0.999758780 0.021937666 0.510862231 0.992892921 0.003670439 -0.118954450 -4.198023796
-0.120186985 0.020389332 -0.992541790 -42.062618256 -0.005000379 0.999763966 0.021143189 0.513267994 0.992738664 0.007504221 -0.120056666 -4.310091019
-0.121571027 0.021159703 -0.992357194 -42.866210938 -0.006616581 0.999733210 0.022127563 0.518523335 0.992560625 0.009256080 -0.121398568 -4.408127308
-0.122236900 0.023106897 -0.992231965 -43.648479462 -0.006613322 0.999687731 0.024095252 0.518879950 0.992478967 0.009507277 -0.122045927 -4.513382435
-0.123449557 0.022569345 -0.992094100 -44.426601410 -0.008193582 0.999684215 0.023761563 0.517044902 0.992317021 0.011062161 -0.123225622 -4.623677731
-0.124068759 0.022253565 -0.992023945 -45.202342987 -0.007902139 0.999694705 0.023413925 0.524231315 0.992242217 0.010744049 -0.123855002 -4.727571487
-0.124815606 0.024459124 -0.991878450 -46.074089050 -0.006600527 0.999653518 0.025481444 0.515426695 0.992157996 0.009727403 -0.124610908 -4.822209358
-0.125573307 0.027088169 -0.991714537 -46.840766907 -0.005320657 0.999594331 0.027977124 0.524795592 0.992070079 0.008789753 -0.125378266 -4.915708542
-0.125390530 0.031399064 -0.991610467 -47.609561920 -0.005645306 0.999460280 0.032361481 0.533021927 0.992091417 0.009655769 -0.125145584 -5.024592876
-0.126673102 0.033473492 -0.991379559 -48.466438293 -0.005963833 0.999386668 0.034505881 0.540990233 0.991926610 0.010283390 -0.126395792 -5.098465919
-0.127529383 0.033193287 -0.991279185 -49.213695526 -0.005166744 0.999404013 0.034130067 0.554717779 0.991821349 0.009474272 -0.127281889 -5.191765785
-0.127493486 0.031148991 -0.991350114 -49.950778961 -0.005674065 0.999467492 0.032133758 0.557046533 0.991823137 0.009721830 -0.127248868 -5.299348354
-0.127196535 0.028332833 -0.991472781 -50.602680206 -0.004972696 0.999561131 0.029201925 0.555428624 0.991865098 0.008644677 -0.126999795 -5.435860634
-0.126962930 0.025550816 -0.991578281 -51.311988831 -0.004960098 0.999639392 0.026393622 0.559430122 0.991895139 0.008269338 -0.126790360 -5.532159805
-0.126082420 0.022769962 -0.991758347 -52.009555817 -0.005678955 0.999703646 0.023674343 0.572341621 0.992003560 0.008617070 -0.125915721 -5.619925976
-0.123734728 0.022072023 -0.992069840 -52.691692352 -0.008028688 0.999697685 0.023243096 0.571351469 0.992282808 0.010840996 -0.123520091 -5.709170341
-0.119307861 0.023077631 -0.992589056 -53.365550995 -0.008098016 0.999673963 0.024215724 0.570320904 0.992824316 0.010927130 -0.119082063 -5.801261902
-0.114272736 0.024396341 -0.993149817 -54.108489990 -0.007795497 0.999645650 0.025452865 0.581136167 0.993418813 0.010650665 -0.114042073 -5.833498955
-0.107489936 0.026146518 -0.993862271 -54.740867615 -0.006787146 0.999611557 0.027031824 0.578240931 0.994182944 0.009651138 -0.107270733 -5.891575336
-0.098998584 0.026851382 -0.994725287 -55.354690552 -0.007549393 0.999586821 0.027733959 0.590748787 0.995058954 0.010255193 -0.098754957 -5.953673363
-0.086602524 0.028563682 -0.995833337 -55.971817017 -0.009324552 0.999521792 0.029480390 0.594649315 0.996199310 0.011838776 -0.086294763 -6.025316238
-0.072084427 0.030612329 -0.996928573 -56.568691254 -0.012944624 0.999415994 0.031624682 0.586112738 0.997314513 0.015184514 -0.071646057 -6.053631783
-0.053665072 0.031461626 -0.998063266 -57.136062622 -0.014537753 0.999373019 0.032284599 0.602896094 0.998453140 0.016242154 -0.053174049 -6.082049370
-0.031816524 0.032693319 -0.998958826 -57.694118500 -0.015391305 0.999330342 0.033195686 0.599907875 0.999375284 0.016431453 -0.031292025 -6.086605549
-0.007005893 0.032794423 -0.999437451 -58.227184296 -0.014234652 0.999357581 0.032891575 0.608674645 0.999874175 0.014457081 -0.006534562 -6.061632156
0.022746637 0.031976234 -0.999229729 -58.746273041 -0.013338335 0.999409080 0.031678334 0.620351553 0.999652267 0.012607485 0.023159727 -6.039961815
0.057057299 0.031845711 -0.997862875 -59.247020721 -0.011951018 0.999441266 0.031212734 0.629639626 0.998299479 0.010144562 0.057406005 -5.990886688
0.094549850 0.032380547 -0.994993389 -59.708259583 -0.011203844 0.999442160 0.031460673 0.629265308 0.995457053 0.008173150 0.094859898 -5.921620369
0.135795251 0.032451909 -0.990205288 -60.162052155 -0.011009108 0.999451160 0.031245150 0.630269885 0.990675747 0.006658333 0.136077970 -5.836556435
0.181956530 0.033469059 -0.982736826 -60.592857361 -0.009654814 0.999433100 0.032250069 0.630250812 0.983259141 0.003620029 0.182176515 -5.750644684
0.231042728 0.032738697 -0.972392619 -61.025665283 -0.007051238 0.999463856 0.031974740 0.630771637 0.972918034 -0.000530960 0.231149703 -5.620389938
0.279364198 0.025707787 -0.959841013 -61.453327179 0.001087927 0.999632359 0.027090175 0.676056087 0.960184634 -0.008612259 0.279233485 -5.350124359
0.330770254 0.020583481 -0.943486750 -61.848861694 0.006142844 0.999693990 0.023963291 0.681159079 0.943691373 -0.013722036 0.330542564 -5.168188095
0.383801609 0.016187411 -0.923273742 -62.237960815 0.011490531 0.999685287 0.022303682 0.681419253 0.923344076 -0.019169092 0.383494794 -4.963422775
0.437944382 0.018590022 -0.898809850 -62.617858887 0.010647792 0.999608755 0.025862977 0.640340209 0.898939013 -0.020896876 0.437575102 -4.869375229
0.486992627 0.016757032 -0.873245358 -62.991493225 0.011796968 0.999598563 0.025760619 0.657532573 0.873326480 -0.022846876 0.486599475 -4.629871368
0.533097446 0.013128018 -0.845951974 -63.353347778 0.019342184 0.999429107 0.027698729 0.659731090 0.845832705 -0.031128682 0.532539248 -4.351671219
0.576707244 0.000761209 -0.816950560 -63.669670105 0.033234812 0.999149859 0.024392318 0.740631163 0.816274583 -0.041218426 0.576191664 -4.078090668
0.620012343 -0.004063790 -0.784581602 -63.991172791 0.034838490 0.999142885 0.022355855 0.740440845 0.783818185 -0.041194547 0.619622469 -3.773962021
0.662451327 -0.008892104 -0.749052227 -64.300231934 0.031839967 0.999360085 0.016295284 0.741330922 0.748427987 -0.034644626 0.662310600 -3.461641312
0.703828096 -0.019601176 -0.710099876 -64.587005615 0.030739797 0.999523282 0.002878048 0.783555269 0.709704936 -0.023853978 0.704095066 -3.170919418
0.744562626 -0.022583356 -0.667170405 -64.875343323 0.026403362 0.999641836 -0.004371157 0.786164641 0.667030156 -0.014360942 0.744892240 -2.816268921
0.783026576 -0.025321065 -0.621472597 -65.178764343 0.026296543 0.999625266 -0.007595969 0.803482473 0.621432066 -0.010394735 0.783399045 -2.386795044
0.818391323 -0.026480317 -0.574050844 -65.435729980 0.026503721 0.999614060 -0.008326230 0.800035834 0.574049830 -0.008400369 0.818777204 -1.965547562
0.850512743 -0.025189171 -0.525350749 -65.693679810 0.023712106 0.999673307 -0.009543127 0.796417832 0.525419533 -0.004340623 0.850832164 -1.502546310
0.877803266 -0.022961980 -0.478470653 -66.000572205 0.022438498 0.999725044 -0.006811440 0.766171694 0.478495419 -0.004757060 0.878077149 -0.710163116
0.900325894 -0.016817037 -0.434891284 -66.228401184 0.016362447 0.999854684 -0.004789829 0.757541180 0.434908688 -0.002803477 0.900470197 -0.196001053
0.919277966 -0.012154991 -0.393421084 -66.438140869 0.010733683 0.999925494 -0.005812720 0.754448116 0.393462390 0.001120648 0.919340014 0.312671661
0.933788657 -0.007131115 -0.357754111 -66.639991760 0.006224594 0.999973834 -0.003685417 0.748021066 0.357771069 0.001214526 0.933808565 0.870866776
0.944872320 -0.006740141 -0.327369899 -66.838104248 0.006623825 0.999976993 -0.001470259 0.743030608 0.327372313 -0.000779233 0.944895148 1.473850250
0.952896655 -0.007224992 -0.303209126 -67.022529602 0.007643848 0.999970794 0.000194643 0.738811016 0.303198874 -0.002503159 0.952924013 2.077699661
0.959349692 -0.006329779 -0.282148987 -67.202102661 0.007432914 0.999968290 0.002839582 0.727495909 0.282122046 -0.004821341 0.959366322 2.718334198
0.964501500 -0.003590382 -0.264052719 -67.381149292 0.005364235 0.999967635 0.005997088 0.721100032 0.264022648 -0.007200641 0.964489639 3.375240326
0.968616009 0.001305070 -0.248558208 -67.552337646 0.000517924 0.999973476 0.007268746 0.725044787 0.248561099 -0.007169358 0.968589604 4.024497986
0.971810699 0.005160860 -0.235706076 -67.717239380 -0.003100627 0.999953628 0.009110494 0.716233730 0.235742196 -0.008122839 0.971781671 4.709787369
0.974906325 0.003395740 -0.222589567 -67.868217468 -0.001476852 0.999960244 0.008786635 0.717388391 0.222610548 -0.008237412 0.974872589 5.393106461
0.977891982 0.003300893 -0.209084749 -68.013938904 -0.001518407 0.999961138 0.008685121 0.711428106 0.209105298 -0.008175634 0.977858961 6.114998817
0.980863869 0.003854037 -0.194656402 -68.156738281 -0.002082852 0.999954581 0.009302889 0.715580285 0.194683433 -0.008719428 0.980827391 6.848511696
0.983537316 0.005607588 -0.180617675 -68.291847229 -0.003853106 0.999941945 0.010063179 0.711825073 0.180663615 -0.009201575 0.983501852 7.595174789
0.985794425 0.006118694 -0.167844683 -68.423683167 -0.004950870 0.999960542 0.007375345 0.707147241 0.167883173 -0.006439598 0.985785842 8.351365089
0.987561822 0.006724795 -0.157087713 -68.546150208 -0.006370367 0.999975979 0.002759622 0.694423378 0.157102495 -0.001724591 0.987580776 9.141085625
0.989132643 0.004663957 -0.146951675 -68.665168762 -0.005259974 0.999979436 -0.003667537 0.692456186 0.146931544 0.004400642 0.989136994 9.900770187
0.990267336 0.004251079 -0.139113113 -68.777091980 -0.004859635 0.999980032 -0.004035151 0.694471061 0.139093190 0.004671918 0.990268290 10.706699371
0.991198182 0.006039714 -0.132248014 -68.894454956 -0.005809390 0.999980807 0.002127371 0.687375367 0.132258311 -0.001340367 0.991214335 11.537611008
0.991806805 0.011114271 -0.127261981 -69.007247925 -0.009877330 0.999897778 0.010346590 0.675853312 0.127363950 -0.009004810 0.991815090 12.338920593
0.992229462 0.011909747 -0.123849966 -69.100585938 -0.010236220 0.999847591 0.014140115 0.666946590 0.123999514 -0.012762484 0.992200196 13.180086136
0.992734075 0.011259645 -0.119800963 -69.212532043 -0.009713176 0.999861836 0.013484796 0.656298637 0.119936258 -0.012223167 0.992706358 13.966332436
0.993123829 0.011067004 -0.116544314 -69.315887451 -0.009634166 0.999871016 0.012850557 0.650058866 0.116671525 -0.011639387 0.993102431 14.791088104
0.993465722 0.009560077 -0.113730028 -69.409530640 -0.007913583 0.999857366 0.014919911 0.648592114 0.113856450 -0.013922408 0.993399620 15.588953972
0.993719876 0.007702380 -0.111630730 -69.498901367 -0.005795057 0.999831796 0.017400436 0.646370173 0.111745976 -0.016644252 0.993597448 16.414157867
0.994049013 0.005350351 -0.108801678 -69.580329895 -0.003275599 0.999809563 0.019238921 0.642983794 0.108883880 -0.018768044 0.993877292 17.213867188
0.994366288 0.004111648 -0.105917543 -69.674125671 -0.002503808 0.999879658 0.015308620 0.645532966 0.105967738 -0.014957179 0.994257092 18.032196045
0.994490206 0.006142675 -0.104649670 -69.752517700 -0.005309933 0.999952018 0.008234171 0.640886784 0.104695223 -0.007633119 0.994475067 18.816518784
0.994687319 0.006548742 -0.102734759 -69.842994690 -0.006524357 0.999978542 0.000573371 0.632782400 0.102736309 0.000099953 0.994708598 19.621082306
0.994818151 0.007076573 -0.101423405 -69.929321289 -0.007466230 0.999966145 -0.003462777 0.624059916 0.101395458 0.004202084 0.994837344 20.415044785
0.995057225 0.008769329 -0.098914690 -70.021331787 -0.008978594 0.999958277 -0.001670649 0.610220253 0.098895915 0.002550506 0.995094538 21.227487564
0.995248616 0.012772049 -0.096524164 -70.110000610 -0.012596036 0.999917626 0.002432649 0.591665685 0.096547298 -0.001205269 0.995327652 22.006542206
0.995404720 0.016668465 -0.094294921 -70.190361023 -0.015979830 0.999839842 0.008053401 0.573048353 0.094414063 -0.006509576 0.995511711 22.801994324
0.995676160 0.013766067 -0.091866650 -70.269607544 -0.012966842 0.999872744 0.009291100 0.573122561 0.091982864 -0.008059707 0.995727956 23.602802277
0.995789766 0.010851045 -0.091021568 -70.337547302 -0.010030475 0.999904871 0.009467755 0.560371876 0.091115646 -0.008514903 0.995803833 24.388313293
0.995934486 0.008418858 -0.089686334 -70.409729004 -0.007618714 0.999928057 0.009260206 0.556919396 0.089757852 -0.008539262 0.995927036 25.188545227
0.996035337 0.008172247 -0.088582546 -70.484375000 -0.007500771 0.999940515 0.007910452 0.548993945 0.088641949 -0.007214651 0.996037424 25.999420166
0.996088982 0.005934075 -0.088156074 -70.548751831 -0.005414076 0.999966502 0.006136560 0.544654369 0.088189535 -0.005635276 0.996087790 26.774343491
0.996172607 0.005048609 -0.087261386 -70.622627258 -0.004524434 0.999970555 0.006203678 0.539298415 0.087290123 -0.005785126 0.996166110 27.592006683
0.996226609 0.008429693 -0.086378880 -70.700721741 -0.007819199 0.999941945 0.007403539 0.531185567 0.086436272 -0.006700189 0.996234834 28.394916534
0.996239483 0.007585744 -0.086309560 -70.773239136 -0.007074746 0.999955595 0.006224875 0.527005553 0.086352944 -0.005590848 0.996248901 29.213264465
0.996084929 0.007756969 -0.088060528 -70.853668213 -0.007224213 0.999953628 0.006366983 0.518793344 0.088105820 -0.005705887 0.996094763 30.053590775
0.995907187 0.005327896 -0.090225548 -70.935340881 -0.004739088 0.999966085 0.006738933 0.513893843 0.090258397 -0.006283764 0.995898604 30.907279968
0.995627403 0.008002792 -0.093071513 -71.018753052 -0.007401194 0.999949455 0.006807217 0.503709078 0.093121313 -0.006088609 0.995636165 31.723968506
0.995317042 0.011620467 -0.095964059 -71.108329773 -0.011036498 0.999917209 0.006613866 0.495619625 0.096032992 -0.005523786 0.995362759 32.568389893
0.995073020 0.011644740 -0.098458059 -71.205642700 -0.011579326 0.999932170 0.001235813 0.495803386 0.098465770 -0.000089647 0.995140433 33.477684021
0.994767606 0.012193878 -0.101433359 -71.293823242 -0.012455299 0.999920547 -0.001944303 0.483290732 0.101401612 0.003197512 0.994840443 34.329799652
0.994617701 0.011281687 -0.102996953 -71.390045166 -0.011733694 0.999923944 -0.003783705 0.477135479 0.102946438 0.004971874 0.994674504 35.177265167
0.994390905 0.011759281 -0.105111703 -71.488922119 -0.012022910 0.999925971 -0.001874793 0.457938671 0.105081856 0.003128025 0.994458675 36.043636322
0.994208992 0.010168624 -0.106982343 -71.593879700 -0.010387157 0.999944925 -0.001485656 0.446828663 0.106961340 0.002588294 0.994259834 36.917682648
0.994004667 0.009736203 -0.108903453 -71.687759399 -0.009783501 0.999952078 0.000100021 0.439143389 0.108899198 0.000966035 0.994052351 37.781467438
0.993850470 0.010141079 -0.110264905 -71.787521362 -0.009794927 0.999945283 0.003680501 0.428103209 0.110296182 -0.002577831 0.993895471 38.681674957
0.993786335 0.008777120 -0.110957943 -71.890892029 -0.007896297 0.999933720 0.008375301 0.428781182 0.111024119 -0.007447101 0.993789792 39.551788330
0.993888319 0.009260715 -0.110000603 -71.994346619 -0.008133137 0.999909699 0.010694921 0.420423150 0.110089719 -0.009734907 0.993873954 40.457363129
0.994069993 0.012322363 -0.108041160 -72.104713440 -0.011222534 0.999878824 0.010781876 0.419438899 0.108160935 -0.009505441 0.994087934 41.347610474
0.994243562 0.011291989 -0.106546611 -72.200386047 -0.010344719 0.999901891 0.009439176 0.414790958 0.106642745 -0.008282646 0.994262934 42.257080078
0.994459629 0.009835674 -0.104658246 -72.304450989 -0.009148463 0.999933481 0.007044272 0.411169648 0.104720555 -0.006047783 0.994483292 43.161167145
0.994690359 0.005834144 -0.102748111 -72.399780273 -0.005295637 0.999970913 0.005513055 0.402247339 0.102777272 -0.004939666 0.994692087 44.090351105
0.994946301 0.005545233 -0.100255184 -72.505416870 -0.005113754 0.999976516 0.004560272 0.424818337 0.100278117 -0.004024546 0.994951308 44.961097717
0.995064676 0.003540555 -0.099165097 -72.604843140 -0.002893132 0.999973536 0.006671778 0.423665553 0.099186093 -0.006351953 0.995048583 45.893402100
0.995167553 0.001225413 -0.098183855 -72.682601929 -0.000274077 0.999952853 0.009702237 0.412781477 0.098191120 -0.009628443 0.995121002 46.734241486
0.995288074 0.000384833 -0.096961282 -72.792701721 0.000594551 0.999949038 0.010071669 0.397305042 0.096960217 -0.010081860 0.995237172 47.654758453
0.995345891 0.002216019 -0.096340761 -72.868125916 -0.001589002 0.999977052 0.006584557 0.395524174 0.096353136 -0.006400827 0.995326638 48.566890717
0.995449603 0.004469796 -0.095183618 -72.973999023 -0.004464258 0.999989927 0.000271120 0.390982717 0.095183864 0.000155038 0.995459735 49.474678040
0.995473742 0.005484366 -0.094878793 -73.064239502 -0.005931435 0.999972701 -0.004430629 0.360955924 0.094851896 0.004973343 0.995478988 50.410030365
0.995569408 0.010155954 -0.093479022 -73.170005798 -0.011178058 0.999883235 -0.010416932 0.344373524 0.093362309 0.011415694 0.995566726 51.291763306
0.995607495 0.010339205 -0.093051963 -73.238548279 -0.011411449 0.999874413 -0.010998365 0.324334562 0.092926554 0.012011913 0.995600522 52.155132294
0.995691895 0.007714207 -0.092401408 -73.331809998 -0.008220524 0.999953151 -0.005100183 0.309543431 0.092357740 0.005837796 0.995708764 53.061729431
0.995564222 0.006116285 -0.093884617 -73.401313782 -0.005773056 0.999975622 0.003927035 0.284899831 0.093906343 -0.003367614 0.995575368 53.997444153
0.995504558 0.005741492 -0.094539680 -73.496307373 -0.004615058 0.999915719 0.012129271 0.261788845 0.094601370 -0.011638440 0.995447278 54.902534485
0.995213747 0.002489158 -0.097689435 -73.565254211 -0.001517614 0.999948680 0.010018276 0.245058984 0.097709350 -0.009822072 0.995166540 55.790218353
0.994936228 -0.002386504 -0.100479759 -73.631919861 0.003098910 0.999971211 0.006934555 0.229917124 0.100460313 -0.007210818 0.994915009 56.656021118
0.994735062 -0.003488917 -0.102419876 -73.738616943 0.004048816 0.999978006 0.005259326 0.219998136 0.102399275 -0.005646316 0.994727373 57.550495148
0.994488299 -0.001559109 -0.104835920 -73.838531494 0.001870947 0.999994040 0.002876258 0.207979411 0.104830831 -0.003056547 0.994485378 58.383098602
0.994093120 0.000264631 -0.108530901 -73.933250427 -0.000359761 0.999999523 -0.000856943 0.200224414 0.108530641 0.000890926 0.994092703 59.247238159
0.993685365 0.000617481 -0.112200841 -74.042045593 -0.001080420 0.999991179 -0.004065226 0.181304157 0.112197325 0.004160780 0.993677258 60.093345642
0.993319392 0.002287898 -0.115375526 -74.147506714 -0.003253182 0.999961257 -0.008178852 0.163346946 0.115352347 0.008499550 0.993288279 60.948467255
0.992962420 0.007205558 -0.118210591 -74.264739990 -0.008204041 0.999934673 -0.007962208 0.140648127 0.118145488 0.008875977 0.992956579 61.780136108
0.992470324 0.010780171 -0.122010589 -74.379058838 -0.011647202 0.999911666 -0.006395206 0.122634172 0.121930867 0.007768132 0.992508173 62.638267517
0.991959631 0.014506571 -0.125720248 -74.499984741 -0.014683086 0.999892056 -0.000477446 0.105363816 0.125699714 0.002319568 0.992065609 63.469482422
0.991448462 0.014791169 -0.129658237 -74.616943359 -0.014294057 0.999886453 0.004763823 0.094408691 0.129713982 -0.002869741 0.991547287 64.318458557
0.990644634 0.011891940 -0.135947660 -74.720535278 -0.010674486 0.999896169 0.009680806 0.057229161 0.136048689 -0.008139067 0.990668714 65.250091553
0.989659309 0.012146378 -0.142922699 -74.832221985 -0.010782588 0.999888718 0.010312827 0.057072699 0.143032044 -0.008665108 0.989680111 66.103202820
0.988954842 0.009471371 -0.147913888 -74.976493835 -0.007450720 0.999871314 0.014209126 0.042785645 0.148029387 -0.012950120 0.988898158 66.891777039
0.987964869 0.011044687 -0.154283255 -75.112243652 -0.009106852 0.999870598 0.013261374 0.041984737 0.154409751 -0.011696738 0.987937629 67.706901550
0.987001598 0.016533032 -0.159858659 -75.273025513 -0.014785803 0.999817312 0.012113232 0.048013866 0.160029754 -0.009592139 0.987065732 68.524658203
0.986056983 0.018538995 -0.165372401 -75.423339844 -0.017362392 0.999812663 0.008557734 0.040676534 0.165500060 -0.005567153 0.986194193 69.304489136
0.985000789 0.017135710 -0.171696901 -75.562904358 -0.016447190 0.999849975 0.005431919 0.034320205 0.171764210 -0.002526512 0.985134780 70.111419678
0.984029412 0.017923081 -0.177100897 -75.711257935 -0.017406186 0.999838471 0.004471940 0.020744950 0.177152440 -0.001317869 0.984182537 70.900688171
0.983203232 0.020890122 -0.181314513 -75.885070801 -0.019538876 0.999766469 0.009235636 0.017961621 0.181465104 -0.005537825 0.983381927 71.710952759
0.981978476 0.021726372 -0.187739357 -76.041305542 -0.019563287 0.999719262 0.013367184 0.008250594 0.187977046 -0.009453490 0.982127964 72.510543823
0.980921447 0.020392630 -0.193332121 -76.204277039 -0.017563857 0.999712229 0.016334616 -0.019277215 0.193609610 -0.012627317 0.980997384 73.287078857
0.979490280 0.017666431 -0.200715661 -76.359573364 -0.015519191 0.999804378 0.012266497 -0.018262148 0.200893119 -0.008899970 0.979572713 74.071685791
0.977703094 0.015800813 -0.209396645 -76.540634155 -0.015168953 0.999874234 0.004623255 -0.008600771 0.209443390 -0.001343842 0.977819800 74.933532715
0.975759983 0.013969493 -0.218396872 -76.716049194 -0.013607708 0.999902368 0.003160629 -0.025138855 0.218419746 -0.000112134 0.975854814 75.691383362
0.973538935 0.013256523 -0.228136450 -76.908905029 -0.012215060 0.999907672 0.005976513 -0.044357955 0.228194594 -0.003031668 0.973610818 76.374557495
0.970904350 0.012866432 -0.239121825 -77.108703613 -0.010302074 0.999875307 0.011970891 -0.047893882 0.239246026 -0.009159137 0.970915854 77.145599365
0.968394697 0.015777461 -0.248923317 -77.366668701 -0.011179355 0.999739945 0.019874906 -0.061421156 0.249172136 -0.016463952 0.968319237 77.790679932
0.965394378 0.015909739 -0.260308862 -77.581665039 -0.010217567 0.999678433 0.023205679 -0.063680649 0.260594368 -0.019742908 0.965246439 78.558677673
0.962377131 0.019551443 -0.271012902 -77.804092407 -0.015051177 0.999712348 0.018674064 -0.068285942 0.271300107 -0.013892425 0.962394536 79.276496887
0.959026694 0.019378424 -0.282652438 -78.040054321 -0.017494820 0.999804735 0.009186706 -0.067999542 0.282775313 -0.003865344 0.959178388 80.015869141
0.955348730 0.016766295 -0.295004487 -78.272972107 -0.016168060 0.999859393 0.004467058 -0.068996787 0.295037895 0.000502054 0.955485404 80.748031616
0.951309443 0.015668685 -0.307839036 -78.496734619 -0.013665698 0.999869049 0.008661428 -0.054800808 0.307934403 -0.004032861 0.951399028 81.548225403
0.947355211 0.016715899 -0.319747895 -78.747779846 -0.012297107 0.999798954 0.015833754 -0.058807015 0.319948345 -0.011068214 0.947370350 82.313385010
0.943429708 0.017122820 -0.331130087 -79.021736145 -0.010722961 0.999718904 0.021144684 -0.062785864 0.331399083 -0.016397832 0.943348169 83.040405273
0.938937068 0.014714543 -0.343774170 -79.299263000 -0.008529701 0.999773562 0.019496396 -0.067400932 0.343983233 -0.015373598 0.938849926 83.783439636
0.934624970 0.012347272 -0.355420321 -79.581817627 -0.007677804 0.999864638 0.014545405 -0.059556365 0.355551809 -0.010865649 0.934593379 84.524795532
0.931456506 0.008610456 -0.363750756 -79.871208191 -0.006191747 0.999950171 0.007814926 -0.069731057 0.363799989 -0.005027006 0.931463599 85.242294312
0.928202689 0.003937243 -0.372054070 -80.101104736 -0.003232162 0.999991596 0.002518744 -0.098521143 0.372060865 -0.001135366 0.928207636 85.926734924
0.925202847 0.003826181 -0.379453659 -80.401847839 -0.003953460 0.999992073 0.000443791 -0.107108921 0.379452378 0.001089558 0.925210595 86.668159485
0.921980739 0.008798114 -0.387135565 -80.730491638 -0.009453327 0.999955297 0.000211640 -0.110719651 0.387120098 0.003464591 0.922022760 87.407066345
0.918589234 0.008942862 -0.395112514 -81.047897339 -0.008809485 0.999958873 0.002151784 -0.117969632 0.395115584 0.001504133 0.918630183 88.136146545
0.915304661 0.009955321 -0.402639270 -81.379409790 -0.007080047 0.999937713 0.008628822 -0.123531163 0.402700096 -0.005047295 0.915318012 88.875503540
0.912102163 0.011892075 -0.409790307 -81.705581665 -0.005349545 0.999839306 0.017108336 -0.129905701 0.409927934 -0.013412359 0.912019193 89.611923218
0.909178972 0.021590041 -0.415845513 -82.023551941 -0.012651292 0.999626160 0.024238996 -0.150819778 0.416213363 -0.016776606 0.909112215 90.336578369
0.906454384 0.027591215 -0.421401381 -82.380676270 -0.020564713 0.999563575 0.021210650 -0.155019045 0.421802610 -0.010560491 0.906626165 91.048545837
0.903917432 0.024378188 -0.427011698 -82.720870972 -0.020517318 0.999696374 0.013640909 -0.150975347 0.427214652 -0.003569123 0.904143155 91.765495300
0.901621640 0.016741311 -0.432201445 -83.062431335 -0.015615452 0.999859154 0.006153885 -0.150739193 0.432243675 0.001200544 0.901755989 92.487205505
0.899852395 0.017158125 -0.435856879 -83.421806335 -0.016498042 0.999849916 0.005299322 -0.151233852 0.435882390 0.002422179 0.900000393 93.202476501
0.897225976 0.023275627 -0.440957725 -83.750061035 -0.020703243 0.999728918 0.010644631 -0.156697750 0.441086054 -0.000421384 0.897464752 93.944587708
0.894475102 0.025528777 -0.446388245 -84.113265991 -0.021296982 0.999668062 0.014495645 -0.155879378 0.446610183 -0.003459272 0.894721985 94.660171509
0.891820610 0.022320589 -0.451838076 -84.473388672 -0.018609753 0.999746680 0.012655796 -0.166102529 0.452006072 -0.002878106 0.892010272 95.372367859
0.889714479 0.020411637 -0.456060916 -84.853820801 -0.019602049 0.999786615 0.006505838 -0.172366500 0.456096381 0.003151388 0.889924765 96.094024658
0.887503982 0.017194590 -0.460479170 -85.241462708 -0.019551318 0.999808729 -0.000348703 -0.172433123 0.460385114 0.009312451 0.887670398 96.802947998
0.885179400 0.018328320 -0.464888841 -85.628730774 -0.021561166 0.999766171 -0.001637947 -0.185793251 0.464750171 0.011473423 0.885367513 97.514785767
0.882470071 0.020888979 -0.469904482 -85.990669250 -0.022187799 0.999749899 0.002774371 -0.207837343 0.469844878 0.007977845 0.882712960 98.267852783
0.880235910 0.023490632 -0.473954558 -86.385437012 -0.023913715 0.999700904 0.005135294 -0.224161029 0.473933399 0.006813741 0.880534291 98.978408813
0.877781630 0.023475913 -0.478485525 -86.773849487 -0.023811199 0.999702036 0.005366704 -0.226292431 0.478468925 0.006682517 0.878079057 99.683212280
