0.999821723 -0.010650747 0.015590258 0.521318197 0.010697797 0.999938428 -0.002937541 0.104792997 -0.015558012 0.003103799 0.999874115 -1.097639322
0.999912262 -0.013227897 -0.000723529 0.015217791 0.013223823 0.999898136 -0.005371567 -0.006691359 0.000794511 0.005361527 0.999985337 0.764201939
0.999776125 -0.012476783 -0.017087307 0.001974477 0.012389490 0.999909699 -0.005204874 -0.003381503 0.017150708 0.004992005 0.999840438 0.275293350
0.999299645 -0.007997323 -0.036558267 -0.005749978 0.007800277 0.999954283 -0.005529373 -0.012130491 0.036600821 0.005240336 0.999316216 1.127746701
0.998381734 -0.004476296 -0.056691125 -0.010395013 0.004102938 0.999969006 -0.006700519 -0.012960174 0.056719370 0.006457075 0.998369336 1.174486279
0.997024238 -0.004319204 -0.076966532 -0.038600408 0.003746623 0.999964178 -0.007582207 -0.014607146 0.076996528 0.007271280 0.997004807 1.446350336
0.995157599 -0.006009195 -0.098107412 -0.045661397 0.005365841 0.999962330 -0.006820187 -0.015656520 0.098144695 0.006260732 0.995152533 1.502941251
0.993455529 -0.006266859 -0.114047758 1.814204931 0.005831453 0.999974370 -0.004150976 0.310057789 0.114070855 0.003458746 0.993466556 -2.827924967
0.991264701 -0.005253992 -0.131783053 1.799649000 0.004829622 0.999982119 -0.003539641 0.309044629 0.131799325 0.002872259 0.991272271 -2.744507313
0.989015937 -0.003966931 -0.147754967 3.328598738 0.003726630 0.999991179 -0.001903152 0.555232525 0.147761181 0.001331620 0.989022136 -5.608259201
0.986746132 -0.004281564 -0.162215069 5.634501457 0.003741031 0.999986351 -0.003637503 1.035371542 0.162228435 0.002982439 0.986748695 -9.748855591
0.984526575 -0.007112604 -0.175091043 6.406854630 0.006305703 0.999966741 -0.005164369 1.225620389 0.175121933 0.003980387 0.984538615 -10.880463600
0.982794225 -0.009674178 -0.184450418 5.478843689 0.008581359 0.999940574 -0.006722099 1.022920012 0.184504524 0.005023604 0.982818842 -8.935826302
0.981261790 -0.008883260 -0.192474008 5.390238285 0.007322601 0.999934256 -0.008818270 1.018288136 0.192539677 0.007243622 0.981262386 -8.503205299
0.979652822 -0.009319912 -0.200483218 5.724183559 0.007243057 0.999912262 -0.011090265 1.115722299 0.200568989 0.009412495 0.979634345 -8.818640709
0.977915823 -0.010699082 -0.208725616 6.028941154 0.007923383 0.999868751 -0.014129925 1.198940754 0.208849430 0.012164065 0.977872133 -9.081159592
0.976111889 -0.014612242 -0.216776386 6.007854939 0.011465523 0.999809921 -0.015766624 1.197137833 0.216965556 0.012904536 0.976093888 -8.986483574
0.974265516 -0.020952413 -0.224427655 5.961411953 0.017578205 0.999700606 -0.017022418 1.191677213 0.224717140 0.012639320 0.974342048 -8.777658463
0.972158790 -0.021200810 -0.233362094 6.260773659 0.016845629 0.999645054 -0.020640276 1.308439255 0.233716816 0.016134493 0.972170949 -8.515018463
0.970115006 -0.017238496 -0.242032528 6.453820705 0.011473464 0.999616385 -0.025208611 1.362701416 0.242374226 0.021678297 0.969940603 -8.552079201
0.967969894 -0.014320077 -0.250657588 6.300867081 0.007545540 0.999580383 -0.027967282 1.342054844 0.250952899 0.025180144 0.967671752 -8.012221336
0.965753317 -0.016834233 -0.258915484 6.265227318 0.009539506 0.999522090 -0.029404877 1.335754156 0.259286791 0.025927929 0.965452313 -7.882154942
0.963187277 -0.019885490 -0.268094540 5.504311085 0.011812851 0.999427915 -0.031690799 1.192701101 0.268571258 0.027357211 0.962871253 -6.123473167
0.960905671 -0.019475406 -0.276190132 6.109875679 0.010251304 0.999341547 -0.034802292 1.339867234 0.276686043 0.030610414 0.960472703 -6.728277683
0.958722889 -0.018812416 -0.283718854 6.061748505 0.008329005 0.999238789 -0.038111288 1.332414389 0.284219831 0.034175064 0.958149850 -6.582583427
0.956286788 -0.019752704 -0.291762590 5.832750797 0.007332596 0.999022067 -0.043601628 1.301979780 0.292338490 0.039556287 0.955496430 -5.681930542
0.954494834 -0.021315238 -0.297464788 5.549083710 0.006373481 0.998672783 -0.051110219 1.250491619 0.298159391 0.046888564 0.953363776 -4.953033924
0.953154981 -0.022086762 -0.301674932 5.349485397 0.004362364 0.998230577 -0.059301149 1.214193821 0.302450925 0.055207174 0.951564848 -4.338347912
0.951856256 -0.021718401 -0.305774510 5.288979053 0.000779959 0.997655272 -0.068433024 1.203318954 0.306543827 0.064899907 0.949641407 -4.159305573
0.950655341 -0.021382390 -0.309511155 5.082487583 -0.002470576 0.997068763 -0.076470204 1.142728806 0.310239047 0.073461473 0.947816014 -3.284552097
0.949371159 -0.021221025 -0.313439041 5.018943310 -0.005264210 0.996501327 -0.083411664 1.127472997 0.314112484 0.080838643 0.945937872 -3.097346544
0.947592378 -0.018661523 -0.318936437 4.467673779 -0.010796208 0.995851934 -0.090345658 1.003839970 0.319299459 0.089054160 0.943460226 -1.767645121
0.945976079 -0.018001275 -0.323736399 4.228518963 -0.013995594 0.995260060 -0.096237093 0.938024879 0.323934317 0.095568851 0.941240251 -1.105424166
0.944419384 -0.015881948 -0.328359306 4.065873623 -0.018480849 0.994687796 -0.101264849 0.876514912 0.328223228 0.101704851 0.939108968 -0.554252386
0.942739367 -0.014207087 -0.333227605 3.979266167 -0.021945978 0.994284928 -0.104478844 0.852916479 0.332807481 0.105809309 0.937039852 -0.325363874
0.940941274 -0.012645225 -0.338333547 3.668859243 -0.024610559 0.994104147 -0.105599217 0.733899236 0.337674141 0.107689247 0.935082436 0.676488459
0.938708127 -0.013324027 -0.344455421 3.576511621 -0.024307406 0.994206786 -0.104699723 0.708820879 0.343855023 0.106655300 0.932946026 0.919895053
0.936407804 -0.012081889 -0.350705534 3.074645758 -0.025812158 0.994328260 -0.103175074 0.566260576 0.349962950 0.105666421 0.930784881 2.174566984
0.933902740 -0.012393357 -0.357312411 2.970127583 -0.025546666 0.994531333 -0.101266228 0.535249591 0.356613398 0.103700958 0.928478897 2.436719894
0.930487871 -0.011229207 -0.366150558 2.543021917 -0.026699735 0.994792700 -0.098359860 0.399523437 0.365348369 0.101298779 0.925342858 3.611439466
0.927180171 -0.009321900 -0.374499649 2.422787189 -0.027595326 0.995274901 -0.093094066 0.371936321 0.373597860 0.096649416 0.922541976 3.887913704
0.923907936 -0.005812780 -0.382570714 1.872647047 -0.030016180 0.995701790 -0.087617740 0.247016847 0.381435722 0.092434041 0.919762313 5.075690269
0.920271635 -0.001617987 -0.391276717 1.742441058 -0.033983666 0.995882154 -0.084046736 0.217847705 0.389801502 0.090642840 0.916427076 5.365410328
0.916231871 -0.001536089 -0.400645465 1.205388546 -0.033980720 0.996091485 -0.081529185 0.076859772 0.399204791 0.088313863 0.912598550 6.637798786
0.912162960 -0.002301719 -0.409821481 1.070921659 -0.033735026 0.996168971 -0.080680840 0.048429757 0.408437103 0.087419391 0.908590674 6.925962448
0.908319652 -0.002213527 -0.418270797 0.679662466 -0.033918064 0.996303022 -0.078929223 -0.066965938 0.416899174 0.085879900 0.904886544 7.932553291
0.904282749 -0.000045994 -0.426934093 0.532672405 -0.036503471 0.996329725 -0.077424772 -0.093238592 0.425370723 0.085598476 0.900962114 8.241085052
0.900453389 -0.002001340 -0.434947908 -0.078131437 -0.034064833 0.996593356 -0.075108603 -0.203909606 0.433616459 0.082448214 0.897317708 9.495288849
0.896748483 -0.002436453 -0.442533851 -0.253115892 -0.032073889 0.996997178 -0.070483521 -0.233783722 0.441376805 0.077399768 0.893977582 9.831520081
0.892930329 0.000928936 -0.450193822 -1.046572208 -0.034173023 0.997252643 -0.065722227 -0.345155150 0.448895991 0.074069850 0.890508890 11.232564926
0.888679087 0.000443692 -0.458529502 -1.292159081 -0.032211121 0.997589409 -0.061463296 -0.386877030 0.457396924 0.069390893 0.886551201 11.719253540
0.885364652 0.000106075 -0.464897186 -1.894482851 -0.031548955 0.997708321 -0.059855171 -0.469762027 0.463825464 0.067660660 0.883339107 12.835252762
0.881612420 -0.001968560 -0.471969903 -2.142479181 -0.029222842 0.997844934 -0.058748532 -0.503251255 0.471068442 0.065585732 0.879655063 13.326778412
0.878544688 -0.001623386 -0.477657288 -2.622921705 -0.028637307 0.998016417 -0.056063890 -0.596277297 0.476800799 0.062933452 0.876755595 14.345355034
0.875757039 -0.004211148 -0.482733697 -2.970456600 -0.025715388 0.998135328 -0.055359162 -0.632526994 0.482066631 0.060894862 0.874015749 14.954757690
0.873199224 -0.003526817 -0.487350374 -3.567037106 -0.026464550 0.998155296 -0.054640632 -0.721514702 0.486644089 0.060609680 0.871495247 15.979101181
0.870859921 -0.003200457 -0.491520882 -3.941670418 -0.027565673 0.998086989 -0.055338804 -0.773504078 0.490757734 0.061741441 0.869105816 16.664396286
0.869629383 -0.003074343 -0.493695557 -4.399872780 -0.027917024 0.998074353 -0.055390183 -0.830258965 0.492915213 0.061951436 0.867869020 17.506155014
0.869007707 -0.002533659 -0.494792044 -4.827873707 -0.028135624 0.998115838 -0.054525848 -0.881034672 0.493997961 0.061304659 0.867299139 18.234313965
0.869145274 -0.003859888 -0.494541824 -5.362528324 -0.025520442 0.998287261 -0.052643161 -0.940710902 0.493898004 0.058375478 0.867558062 19.185834885
0.868903935 -0.004708708 -0.494958431 -5.820639133 -0.024538938 0.998315454 -0.052575637 -0.985512912 0.494372159 0.057828933 0.867324591 19.955482483
0.868193448 -0.006715510 -0.496180415 -6.336899281 -0.022444645 0.998353660 -0.052784726 -1.066067100 0.495717973 0.056963954 0.866613328 20.931121826
0.866946757 -0.009687217 -0.498306632 -6.857286930 -0.019382961 0.998399377 -0.053131361 -1.123466849 0.498023748 0.055720717 0.865371346 21.839822769
0.865326762 -0.010485115 -0.501098394 -7.347144604 -0.017686164 0.998519659 -0.051434826 -1.172313929 0.500895858 0.053370435 0.863860488 22.677593231
0.863231480 -0.008994476 -0.504727840 -8.054554939 -0.017571693 0.998699963 -0.047849979 -1.248547435 0.504502058 0.050174534 0.861951232 23.763534546
0.860491574 -0.009095225 -0.509383202 -8.553529739 -0.015116944 0.998944461 -0.043373294 -1.313589334 0.509240091 0.045022666 0.859446049 24.589036942
0.856555283 -0.009591147 -0.515966117 -9.109959602 -0.013370743 0.999079168 -0.040768366 -1.397839785 0.515882015 0.041819211 0.855638325 25.580997467
0.851474583 -0.012079062 -0.524256766 -9.671618462 -0.012504092 0.998982728 -0.043325510 -1.456144333 0.524246812 0.043445922 0.850457370 26.471191406
0.845684230 -0.015869152 -0.533447742 -10.216706276 -0.010800534 0.998844147 -0.046836175 -1.510859966 0.533574402 0.045370124 0.844535291 27.312812805
0.839372218 -0.015840966 -0.543326199 -10.821770668 -0.010832805 0.998889327 -0.045858491 -1.576191187 0.543449163 0.044378094 0.838268220 28.244106293
0.833519876 -0.012489430 -0.552348375 -11.413236618 -0.011802377 0.999113858 -0.040401813 -1.641677856 0.552363455 0.040194739 0.832633734 29.109876633
0.828591645 -0.006844957 -0.559811592 -12.002731323 -0.016243672 0.999210477 -0.036260277 -1.692145348 0.559617758 0.039138366 0.827826142 30.017515182
0.824515104 -0.007583924 -0.565789282 -12.609637260 -0.016834294 0.999138892 -0.037924938 -1.743382812 0.565589547 0.040794346 0.823677242 30.892986298
0.820911348 -0.009980934 -0.570968449 -13.202208519 -0.016852550 0.998988330 -0.041692816 -1.804838419 0.570806921 0.043848380 0.819912672 31.745630264
0.818071783 -0.011742571 -0.574996293 -13.812374115 -0.020121101 0.998595059 -0.049020451 -1.860763669 0.574764132 0.051671803 0.816686094 32.590061188
0.814459860 -0.013624805 -0.580060065 -14.437255859 -0.019186780 0.998545051 -0.050394513 -1.928606391 0.579902828 0.052173778 0.813013315 33.489433289
0.811120987 -0.012301858 -0.584749043 -14.935841560 -0.017494833 0.998821080 -0.045280587 -2.005604029 0.584616721 0.046958122 0.809949517 34.241260529
0.808191717 -0.009683141 -0.588840008 -15.560762405 -0.017258478 0.999045908 -0.040116265 -2.059310436 0.588666677 0.042584118 0.807253480 35.071533203
0.804473519 -0.008333372 -0.593929946 -15.859329224 -0.016558871 0.999198258 -0.036448523 -2.105418682 0.593757510 0.039156683 0.803690672 35.815002441
0.801506042 -0.007331856 -0.597941577 -16.487077713 -0.018316267 0.999154627 -0.036803350 -2.162655592 0.597705960 0.040450171 0.800694287 36.629753113
0.798668742 -0.008039005 -0.601717234 -17.477478027 -0.019700330 0.999025524 -0.039495658 -2.217911482 0.601448238 0.043397978 0.797732055 37.619674683
0.793999076 -0.011247043 -0.607814908 -18.100599289 -0.017827393 0.998968065 -0.041773204 -2.279146194 0.607657492 0.044003639 0.792979300 38.451133728
0.789477587 -0.013291510 -0.613635421 -18.473110199 -0.015348804 0.999025345 -0.041386295 -2.324931622 0.613587439 0.042092115 0.788504124 39.206363678
0.784837127 -0.013397445 -0.619557321 -19.152343750 -0.015090384 0.999056578 -0.040719885 -2.377359867 0.619518340 0.041307837 0.783894658 40.065731049
0.780022681 -0.012872837 -0.625618815 -19.832614899 -0.015771100 0.999066412 -0.040220398 -2.431292295 0.625552416 0.041239522 0.779091418 40.898441315
0.774588406 -0.014656208 -0.632295787 -20.522741318 -0.014780990 0.999038935 -0.041264400 -2.488780975 0.632292926 0.041308880 0.773627281 41.733592987
0.769210577 -0.016345378 -0.638786376 -21.210073471 -0.013559289 0.999030232 -0.041891120 -2.546799421 0.638851643 0.040884569 0.768242896 42.561050415
0.763215601 -0.017187428 -0.645915270 -21.911201477 -0.013793574 0.998984993 -0.042880934 -2.600817680 0.645996690 0.041636884 0.762203813 43.399890900
0.758035421 -0.018442579 -0.651952446 -22.622158051 -0.013602757 0.998935640 -0.044074256 -2.666872025 0.652071416 0.042278200 0.756977797 44.197525024
0.751254261 -0.020788966 -0.659685433 -23.172828674 -0.012044343 0.998905540 -0.045195151 -2.701117516 0.659902990 0.041898523 0.750181675 44.951828003
0.745314896 -0.021209070 -0.666375220 -23.888835907 -0.011694164 0.998924196 -0.044872757 -2.772327662 0.666610062 0.041237034 0.744265079 45.747062683
0.738664687 -0.022268236 -0.673705161 -24.654651642 -0.009596828 0.999005437 -0.043542683 -2.827219248 0.674004734 0.038628872 0.737716317 46.593803406
0.732285142 -0.023496661 -0.680592656 -25.409261703 -0.007876268 0.999045610 -0.042965360 -2.881747961 0.680952549 0.036823433 0.731401086 47.389766693
0.725753725 -0.026043331 -0.687461495 -25.446701050 -0.002300631 0.999185741 -0.040281266 -2.972184658 0.687950790 0.030815871 0.725102842 47.768024445
0.718885899 -0.027967727 -0.694565296 -26.213699341 -0.001999655 0.999103010 -0.042300083 -3.020541430 0.695125222 0.031797815 0.718185127 48.563419342
0.713205457 -0.025105726 -0.700505316 -27.917327881 -0.009872239 0.998899519 -0.045851227 -3.083591223 0.700885534 0.039616909 0.712172687 49.892658234
0.707549691 -0.024290394 -0.706246018 -28.712612152 -0.010136836 0.998957396 -0.044513360 -3.153385639 0.706590831 0.038654517 0.706565678 50.679882050
0.702819824 -0.026333885 -0.710880280 -28.709911346 -0.004593812 0.999125659 -0.041553393 -3.184199333 0.711353064 0.032470193 0.702084422 51.014396667
0.697893143 -0.027304122 -0.715681136 -29.492530823 -0.004402669 0.999090552 -0.042409770 -3.248278379 0.716188371 0.032748397 0.697138250 51.762565613
0.693134189 -0.029219674 -0.720216095 -30.362777710 -0.005665500 0.998926342 -0.045979619 -3.297654867 0.720786273 0.035950437 0.692224443 52.582870483
0.688293815 -0.032056425 -0.724723518 -31.180503845 -0.004551761 0.998812735 -0.048503075 -3.358702660 0.725417852 0.036683135 0.687330604 53.338607788
0.682729006 -0.031980097 -0.729971468 -32.088619232 -0.005519000 0.998787522 -0.048918765 -3.448447466 0.730650842 0.037426971 0.681724727 54.155319214
0.677137554 -0.031852152 -0.735166609 -32.843093872 -0.004243874 0.998877048 -0.047186680 -3.508468151 0.735844195 0.035071827 0.676242054 54.889347076
0.672722816 -0.032168619 -0.739194930 -33.779392242 -0.003782116 0.998891771 -0.046912234 -3.560522795 0.739884973 0.034354649 0.671855569 55.735477448
0.667597234 -0.033678554 -0.743760467 -34.671382904 -0.002787644 0.998856306 -0.047731835 -3.626505852 0.744517386 0.033938978 0.666739821 56.524162292
0.662947237 -0.034177557 -0.747885585 -35.530712128 -0.002215289 0.998863578 -0.047610667 -3.698033094 0.748662889 0.033220150 0.662118077 57.268722534
0.658331811 -0.034867194 -0.751919866 -36.420085907 -0.001282540 0.998873055 -0.047441553 -3.764675617 0.752726734 0.032196648 0.657545328 58.060638428
0.654197991 -0.035530433 -0.755488276 -37.293292999 -0.000589980 0.998871565 -0.047487579 -3.825489998 0.756323040 0.031512003 0.653438985 58.801689148
0.650424957 -0.039105959 -0.758563161 -38.202999115 0.003286264 0.998809338 -0.048673511 -3.899590969 0.759563446 0.029165631 0.649779022 59.580745697
0.646208704 -0.042306054 -0.761987150 -39.033309937 0.005025779 0.998676598 -0.051185057 -3.976735830 0.763144255 0.029246654 0.645566106 60.273727417
0.641121507 -0.047269054 -0.765982270 -39.742477417 0.006279577 0.998390973 -0.056355141 -3.912580490 0.767413735 0.031320438 0.640386760 61.036048889
0.633900881 -0.051092807 -0.771724880 -40.595832825 0.011614462 0.998331845 -0.056555353 -3.987081528 0.773327112 0.026887314 0.633436859 61.760662079
0.626104355 -0.054169662 -0.777855277 -41.496913910 0.016081274 0.998268902 -0.056575205 -4.073846817 0.779573441 0.022913080 0.625891507 62.462425232
0.617503524 -0.054631907 -0.784668565 -42.362583160 0.015890490 0.998247862 -0.056997005 -4.088263512 0.786407590 0.022727091 0.617289722 63.186203003
0.608862400 -0.053174183 -0.791491687 -43.277595520 0.017015582 0.998396814 -0.053985123 -4.171840191 0.793093324 0.019401822 0.608791053 63.883560181
0.599734604 -0.052799582 -0.798455000 -44.299087524 0.015918808 0.998410523 -0.054065149 -4.255595207 0.800040603 0.019714287 0.599621773 64.643753052
0.590345204 -0.054186672 -0.805329919 -45.227439880 0.015049142 0.998309553 -0.056139566 -4.326683521 0.807010591 0.021022201 0.590162635 65.314224243
0.580762506 -0.056735635 -0.812093616 -46.187675476 0.015608520 0.998161137 -0.058572631 -4.396172047 0.813923359 0.021341208 0.580580115 65.979232788
0.570805252 -0.058083151 -0.819028556 -47.133651733 0.016440485 0.998103321 -0.059324764 -4.487369061 0.820920944 0.020397652 0.570677519 66.630310059
0.562349975 -0.058087260 -0.824856579 -48.045661926 0.019798627 0.998189449 -0.056795739 -4.616927147 0.826662302 0.015608056 0.562481880 67.194686890
0.552912116 -0.057858717 -0.831228316 -49.011348724 0.020755064 0.998233020 -0.055677552 -4.702383518 0.832980990 0.013532601 0.553136051 67.812461853
0.540868044 -0.058743302 -0.839053631 -50.268188477 0.020612242 0.998184323 -0.056597240 -4.788387775 0.840854883 0.013316864 0.541096807 68.663276672
0.531048179 -0.059948210 -0.845218301 -51.275184631 0.020322649 0.998108387 -0.058023460 -4.868428707 0.847097874 0.013636179 0.531261921 69.270355225
0.520719647 -0.059985805 -0.851617754 -52.389892578 0.019010816 0.998095870 -0.058679234 -4.961159706 0.853516042 0.014365481 0.520868480 69.965858459
0.511400342 -0.060821824 -0.857187510 -53.385635376 0.016857632 0.998010337 -0.060756613 -5.033434391 0.859177232 0.016620802 0.511408150 70.545181274
0.501342475 -0.060472947 -0.863133073 -54.399242401 0.016861986 0.998048186 -0.060131241 -5.129238605 0.865084767 0.015592203 0.501383483 71.151870728
0.491924167 -0.058906551 -0.868642926 -55.452922821 0.017051544 0.998169065 -0.058033761 -5.212458611 0.870471001 0.013736505 0.492027968 71.758697510
0.484814614 -0.056818716 -0.872769415 -56.604862213 0.016571039 0.998305202 -0.055786263 -5.306091309 0.874459922 0.012583297 0.484934509 72.360473633
0.477593809 -0.057176482 -0.876718342 -57.652503967 0.017353542 0.998299360 -0.055652205 -5.392722130 0.878409326 0.011364982 0.477773845 72.919166565
0.469084829 -0.060446173 -0.881082118 -58.796222687 0.018701950 0.998111129 -0.058518045 -5.467100143 0.882955074 0.010971974 0.469329327 73.554618835
0.461709887 -0.063877769 -0.884728074 -59.878372192 0.022410797 0.997925282 -0.060355224 -5.562024117 0.886747777 0.008039145 0.462183565 74.122406006
0.455886990 -0.066581964 -0.887543678 -61.039054871 0.022533288 0.997741759 -0.063274585 -5.648995399 0.889752388 0.008846782 0.456357777 74.716102600
0.450656742 -0.070062861 -0.889943600 -62.190383911 0.024731388 0.997512579 -0.066007778 -5.755101681 0.892354548 0.007737312 0.451268554 75.286865234
0.446064204 -0.070767507 -0.892198801 -63.263847351 0.028212208 0.997485518 -0.065013655 -5.859816551 0.894556165 0.003829367 0.446939051 75.821624756
0.440424770 -0.067002833 -0.895285785 -64.337631226 0.029032284 0.997752726 -0.060389325 -5.986484051 0.897319973 0.000604769 0.441380203 76.417739868
0.436517417 -0.065402687 -0.897315443 -65.417160034 0.033247072 0.997845709 -0.056556318 -6.080591202 0.899081171 -0.005145288 0.437751502 76.941192627
0.433176637 -0.065161102 -0.898950458 -66.603134155 0.033718821 0.997856617 -0.056082319 -6.161706448 0.900678039 -0.006017999 0.434445262 77.513778687
0.430209279 -0.064779937 -0.900401890 -67.726890564 0.035045657 0.997868478 -0.055047520 -6.253213882 0.902048826 -0.007873221 0.431562483 78.056198120
0.427299619 -0.063812286 -0.901855350 -68.818466187 0.036756281 0.997907519 -0.053193476 -6.337211609 0.903362632 -0.010419294 0.428751022 78.578964233
0.424589008 -0.063053295 -0.903187931 -69.985610962 0.038303625 0.997929871 -0.051660854 -6.425479412 0.904575586 -0.012660738 0.426125258 79.134819031
0.423490316 -0.064350858 -0.903612077 -71.065521240 0.041152593 0.997810662 -0.051772475 -6.496292591 0.904965401 -0.015260837 0.425211310 79.616676331
0.422533274 -0.063812584 -0.904098213 -72.256317139 0.042379975 0.997818351 -0.050621066 -6.598754883 0.905356050 -0.016926579 0.424315810 80.091682434
0.420606524 -0.061914030 -0.905128062 -73.293212891 0.044547904 0.997874677 -0.047557134 -6.689038277 0.906148791 -0.020318726 0.422470748 80.573547363
0.418538481 -0.060898997 -0.906154990 -74.487609863 0.046791684 0.997870147 -0.045450468 -6.800751686 0.906992793 -0.023377752 0.420496643 81.122924805
0.416907012 -0.062230069 -0.906816363 -75.564163208 0.049412660 0.997730017 -0.045751642 -6.875754356 0.907605052 -0.025734032 0.419035584 81.614807129
0.415337861 -0.063548774 -0.907444835 -76.591049194 0.050721593 0.997622788 -0.046648700 -6.945720673 0.908252120 -0.026652075 0.417573839 82.090545654
0.414760202 -0.064449690 -0.907645404 -77.699729919 0.050589014 0.997578919 -0.047718346 -7.026212215 0.908523321 -0.026125217 0.417016506 82.590660095
0.413636804 -0.065219313 -0.908102930 -78.657806396 0.050988358 0.997524977 -0.048416574 -7.101791859 0.909013152 -0.026275804 0.415938467 83.063766479
0.416171163 -0.067988023 -0.906740963 -79.814392090 0.050172031 0.997398555 -0.051757891 -7.116612434 0.907901049 -0.023952898 0.418499559 83.596191406
0.420621991 -0.067963891 -0.904686749 -80.821517944 0.047057498 0.997482121 -0.053056329 -7.191843510 0.906014800 -0.020255636 0.422761172 84.055892944
0.428067535 -0.073477127 -0.900754809 -81.749717712 0.047602672 0.997139037 -0.058717139 -7.133530617 0.902492106 -0.017743433 0.430340588 84.380477905
0.433782399 -0.073650032 -0.898002386 -82.746734619 0.047251761 0.997141600 -0.058955874 -7.217071533 0.899777770 -0.016858174 0.436022550 84.863105774
0.440171629 -0.066636376 -0.895437598 -83.866760254 0.042984057 0.997662902 -0.053114001 -7.427270889 0.896884203 -0.015110265 0.442007214 85.463134766
0.448395461 -0.064887695 -0.891476929 -84.856445312 0.041574586 0.997796178 -0.051715106 -7.509379387 0.892867863 -0.013873963 0.450104922 85.952636719
0.456832170 -0.063332662 -0.887295544 -85.834701538 0.040233970 0.997912765 -0.050513364 -7.597422123 0.888642550 -0.012623287 0.458426714 86.480285645
0.466806352 -0.063348226 -0.882087827 -86.789764404 0.039415468 0.997930348 -0.050808690 -7.668815613 0.883480787 -0.011050080 0.468337089 86.976577759
0.475316077 -0.061919697 -0.877633512 -87.632781982 0.037280533 0.998041928 -0.050224170 -7.753806591 0.879024923 -0.008846289 0.476693749 87.437568665
0.485612243 -0.064432830 -0.871796489 -88.588081360 0.036292247 0.997906029 -0.053537671 -7.819817066 0.873420715 -0.005640910 0.486933798 87.957763672
0.498677552 -0.066069618 -0.864265800 -89.444030762 0.035040393 0.997812271 -0.056060549 -7.859396935 0.866079032 -0.002328069 0.499901712 88.359481812
0.510845959 -0.065221086 -0.857194722 -90.367126465 0.033594832 0.997870803 -0.055903811 -7.919330597 0.859015644 -0.000239079 0.511949301 88.907897949
0.524727762 -0.061557624 -0.849041462 -91.177993774 0.030398635 0.998100877 -0.053577725 -7.981081009 0.850727141 0.002304023 0.525602520 89.309257507
0.536656916 -0.059467096 -0.841702461 -92.056159973 0.030520350 0.998228729 -0.051066510 -8.059865952 0.843248367 0.001716145 0.537521362 89.875305176
0.552243173 -0.054839112 -0.831877530 -93.136672974 0.027037499 0.998487413 -0.047873497 -8.191662788 0.833244562 0.003945925 0.552890539 90.281715393
0.564352453 -0.054790799 -0.823713779 -93.906288147 0.026446672 0.998482883 -0.048296425 -8.244169235 0.825110197 0.005471712 0.564945161 90.653976440
0.576324999 -0.055191830 -0.815354764 -94.741676331 0.025916036 0.998449326 -0.049267117 -8.298875809 0.816809535 0.007263106 0.576861680 91.034019470
0.587117314 -0.056898803 -0.807499707 -95.639328003 0.028773522 0.998363316 -0.049426921 -8.386918068 0.808990300 0.005784796 0.587793529 91.775253296
0.598221779 -0.056971215 -0.799302816 -96.324234009 0.028918104 0.998354614 -0.049515694 -8.422503471 0.800808609 0.006507039 0.598884940 92.096260071
0.609661639 -0.054197602 -0.790806770 -97.281921387 0.027947219 0.998509109 -0.046886861 -8.497533798 0.792168975 0.006484276 0.610267401 92.794197083
0.620573759 -0.051762950 -0.782437623 -97.947830200 0.027978897 0.998645127 -0.043875489 -8.489350319 0.783648789 0.005336240 0.621181130 92.577697754
0.630388260 -0.050367236 -0.774644256 -98.552734375 0.027263768 0.998713732 -0.042749535 -8.519761086 0.775801063 0.005829079 0.630950630 92.751564026
0.640547931 -0.049650885 -0.766311407 -99.319061279 0.024897514 0.998725712 -0.043898035 -8.578536034 0.767514467 0.009039543 0.640967846 93.376777649
0.649897695 -0.049491227 -0.758408606 -100.067268372 0.023287293 0.998705745 -0.045216806 -8.633563995 0.759664834 0.011725017 0.650209069 94.011627197
0.659361064 -0.048567157 -0.750256062 -100.803489685 0.022826057 0.998744428 -0.044592194 -8.695332527 0.751479805 0.012276975 0.659641862 94.645050049
0.668509603 -0.046540577 -0.742245674 -101.521232605 0.022472460 0.998848498 -0.042390168 -8.755203247 0.743363917 0.011658155 0.668785632 95.286758423
0.676931858 -0.045144483 -0.734660029 -102.244461060 0.022787912 0.998924255 -0.040386114 -8.808998108 0.735692859 0.010597274 0.677232444 95.918342590
0.685128629 -0.044227093 -0.727078199 -102.931083679 0.022660067 0.998966038 -0.039412968 -8.863328934 0.728069544 0.010527319 0.685422421 96.557548523
0.693326771 -0.044032227 -0.719276845 -103.604064941 0.021610288 0.998953044 -0.040322635 -8.907304764 0.720299184 0.012412987 0.693552375 97.191207886
0.700348794 -0.042796642 -0.712516606 -104.256256104 0.021358758 0.999010444 -0.039010625 -8.967016220 0.713481128 0.012102570 0.700569808 97.858772278
0.707646191 -0.040068369 -0.705429912 -104.924652100 0.020546624 0.999135435 -0.036139656 -9.016819000 0.706268132 0.011079887 0.707857728 98.480003357
0.714750469 -0.037457693 -0.698375702 -105.459709167 0.019693576 0.999246716 -0.033439711 -9.054367065 0.699102104 0.010147532 0.714949787 98.924583435
0.722172141 -0.035762809 -0.690788209 -106.081321716 0.018639849 0.999306142 -0.032248393 -9.101333618 0.691462040 0.010412707 0.722337723 99.569343567
0.729579210 -0.034772150 -0.683011711 -106.703880310 0.017616164 0.999330699 -0.032058731 -9.143995285 0.683669388 0.011357336 0.729703426 100.221702576
0.737618387 -0.031709149 -0.674472809 -107.376586914 0.014975358 0.999419272 -0.030608546 -9.198652267 0.675051630 0.012476956 0.737664938 101.045791626
0.747030795 -0.029019542 -0.664155662 -107.952545166 0.014316373 0.999517381 -0.027569985 -9.236989021 0.664635122 0.011087330 0.747085750 101.666976929
0.755819082 -0.025327591 -0.654290378 -108.513084412 0.012449375 0.999626815 -0.024314376 -9.275255203 0.654662132 0.010231764 0.755852282 102.328956604
0.765900552 -0.023210006 -0.642539978 -109.007095337 0.010634198 0.999668837 -0.023434464 -9.305544853 0.642871082 0.011115571 0.765893698 102.804176331
0.775750577 -0.022102069 -0.630652368 -109.532455444 0.008736025 0.999666810 -0.024288706 -9.345836639 0.630979002 0.013332585 0.775685191 103.441520691
0.786192238 -0.022171715 -0.617584169 -110.078308105 0.008375825 0.999646723 -0.025225503 -9.420678139 0.617925286 0.014659319 0.786100149 103.291648865
0.796115637 -0.021647947 -0.604757190 -110.571334839 0.008237198 0.999655008 -0.024940120 -9.445167542 0.605088532 0.014873717 0.796019375 103.930160522
0.806093574 -0.019563185 -0.591464639 -111.072662354 0.007585886 0.999712884 -0.022727707 -9.495750427 0.591739416 0.013833877 0.806010604 104.600387573
0.816288710 -0.016784498 -0.577400208 -111.545562744 0.006819991 0.999788105 -0.019421300 -9.530991554 0.577603757 0.011915524 0.816230357 105.252136230
0.825536788 -0.015931455 -0.564123452 -112.023521423 0.007417367 0.999821424 -0.017381480 -9.554677963 0.564299583 0.010164740 0.825507522 105.961830139
0.834585786 -0.014903186 -0.550676465 -112.474617004 0.008223847 0.999859571 -0.014595846 -9.573698997 0.550816655 0.007652807 0.834591210 106.621040344
0.842692196 -0.013827473 -0.538218081 -112.980926514 0.008511379 0.999887347 -0.012361987 -9.605683327 0.538328350 0.005836369 0.842714965 107.274421692
0.849910319 -0.013626715 -0.526751161 -113.418914795 0.009464399 0.999899089 -0.010595994 -9.631495476 0.526842356 0.004020262 0.849953413 107.957977295
0.856173694 -0.014167937 -0.516493797 -113.789352417 0.010063647 0.999891639 -0.010745865 -9.644342422 0.516590059 0.004002516 0.856223464 108.723693848
0.862375319 -0.013391154 -0.506092429 -114.190704346 0.009251813 0.999900043 -0.010692274 -9.675000191 0.506184936 0.004538481 0.862413049 109.433906555
0.869707465 -0.011503484 -0.493433475 -114.741775513 0.007614010 0.999922097 -0.009891155 -9.659274101 0.493508816 0.004845405 0.869727314 110.041107178
0.875657797 -0.010731274 -0.482812792 -115.133567810 0.007071972 0.999930859 -0.009398888 -9.678349495 0.482880265 0.004815772 0.875673175 110.753616333
0.881497443 -0.011205987 -0.472055852 -115.579605103 0.007599305 0.999925494 -0.009546299 -9.688765526 0.472127616 0.004827742 0.881516993 111.419570923
0.886392534 -0.012326401 -0.462770164 -115.963325500 0.008378063 0.999908745 -0.010586302 -9.709769249 0.462858498 0.005506501 0.886415064 112.160079956
0.890667200 -0.013093878 -0.454467267 -116.340789795 0.009084995 0.999898136 -0.011003736 -9.727222443 0.454564989 0.005671836 0.890695453 112.889739990
0.894042969 -0.012107541 -0.447817594 -116.731040955 0.008420589 0.999912262 -0.010223160 -9.745028496 0.447902083 0.005369059 0.894066513 113.666763306
0.897449613 -0.009941661 -0.441004992 -117.113937378 0.007537823 0.999945641 -0.007202420 -9.757067680 0.441052645 0.003139591 0.897475839 114.407119751
0.900147259 -0.006107016 -0.435542822 -117.489639282 0.005526843 0.999981284 -0.002598897 -9.779862404 0.435550630 -0.000067787 0.900164247 115.217552185
0.903183401 -0.004056404 -0.429235697 -117.839714050 0.004716738 0.999988735 0.000474612 -9.791190147 0.429228991 -0.002453254 0.903192461 115.973785400
0.906653821 -0.000711472 -0.421874702 -118.306770325 0.001895006 0.999995351 0.002386126 -9.790380478 0.421871006 -0.002962846 0.906651020 116.718536377
0.909875035 0.000485045 -0.414882034 -118.679412842 0.001483811 0.999989152 0.004423241 -9.790369034 0.414879590 -0.004640203 0.909864485 117.520248413
0.912883282 0.001957517 -0.408215880 -119.050094604 0.001097103 0.999973059 0.007248595 -9.782782555 0.408219159 -0.007064977 0.912856638 118.237335205
0.916075587 0.001432857 -0.401002884 -119.405197144 0.002296689 0.999958396 0.008819733 -9.776697159 0.400998861 -0.009000520 0.916034400 119.069602966
0.919650793 0.001662840 -0.392733634 -119.800857544 0.002597246 0.999943435 0.010315657 -9.787837029 0.392728567 -0.010506827 0.919594407 119.964797974
0.923190653 0.001084286 -0.384340674 -120.149444580 0.003123778 0.999941766 0.010324342 -9.782784462 0.384329528 -0.010731930 0.923133612 120.819702148
0.926869988 -0.001170822 -0.375380605 -120.519172668 0.005200435 0.999939203 0.009721802 -9.785529137 0.375346422 -0.010962989 0.926819742 121.729835510
0.930804074 -0.002507513 -0.365509927 -120.883483887 0.006016205 0.999946117 0.008460864 -9.791924477 0.365469009 -0.010074390 0.930768907 122.631538391
0.934985042 -0.003705675 -0.354667842 -121.230407715 0.006394807 0.999958992 0.006410296 -9.789937973 0.354629487 -0.008261562 0.934970379 123.569084167
0.939944863 -0.002148137 -0.341319829 -121.562194824 0.004280527 0.999975681 0.005494476 -9.790277481 0.341299713 -0.006625532 0.939931095 124.479698181
0.945802093 0.001743115 -0.324738652 -121.924224854 0.000469548 0.999977231 0.006735185 -9.797623634 0.324743003 -0.006522633 0.945779800 125.465881348
0.951968610 0.005466591 -0.306146771 -122.237113953 -0.002580948 0.999948442 0.009829691 -9.801058769 0.306184649 -0.008567408 0.951933622 126.417846680
0.958186150 0.008716192 -0.286012858 -122.534790039 -0.005725187 0.999919832 0.011292147 -9.794422150 0.286088377 -0.009182502 0.958159208 127.387969971
0.964221597 0.010948045 -0.264871418 -122.802612305 -0.008010139 0.999893785 0.012169437 -9.805538177 0.264976591 -0.009612377 0.964206874 128.361907959
0.969876587 0.011498915 -0.243325368 -123.080581665 -0.008436802 0.999871612 0.013622840 -9.798343658 0.243450776 -0.011159588 0.969849050 129.409179688
0.975105703 0.012090364 -0.221410498 -123.313186646 -0.008696774 0.999829352 0.016295638 -9.789557457 0.221569717 -0.013964414 0.975044608 130.423400879
0.979830265 0.014752785 -0.199286178 -123.631607056 -0.011067544 0.999746740 0.019593604 -9.752289772 0.199524805 -0.016992798 0.979745448 131.285919189
0.984073997 0.016844416 -0.176959783 -123.826538086 -0.012875298 0.999639630 0.023553945 -9.744867325 0.177292794 -0.020900417 0.983936250 132.342590332
0.987891912 0.018640114 -0.154019266 -124.030395508 -0.014690128 0.999534369 0.026744526 -9.723804474 0.154446080 -0.024158141 0.987705827 133.468780518
0.991068780 0.020714555 -0.131732553 -124.184959412 -0.017340485 0.999492884 0.026708929 -9.709856033 0.132219002 -0.024186084 0.990925431 134.545455933
0.993803859 0.020205002 -0.109294891 -124.312438965 -0.017624862 0.999543965 0.024521966 -9.699203491 0.109740496 -0.022443721 0.993706882 135.640823364
0.995947301 0.019562876 -0.087785169 -124.522544861 -0.017612716 0.999581814 0.022935048 -9.651731491 0.088197134 -0.021295963 0.995875359 136.968399048
0.997545242 0.018250296 -0.067604154 -124.619087219 -0.016627926 0.999561906 0.024483614 -9.618350029 0.068021372 -0.023299392 0.997411788 138.110977173
0.998700917 0.018904479 -0.047317307 -124.648216248 -0.017661251 0.999491215 0.026555905 -9.626569748 0.047795266 -0.025685724 0.998526871 139.239532471
0.999451458 0.019453917 -0.026799526 -124.691215515 -0.018714271 0.999444425 0.027578782 -9.611203194 0.027321154 -0.027062126 0.999260306 140.350234985
0.999759555 0.021081446 -0.006032052 -124.752212524 -0.020905193 0.999391377 0.027925644 -9.587838173 0.006617094 -0.027792830 0.999591827 141.704162598
0.999665141 0.021379530 0.014579369 -124.742401123 -0.021792915 0.999347329 0.028810613 -9.572425842 -0.013953894 -0.029118694 0.999478579 142.835250854
0.999102175 0.023628054 0.035165183 -124.720527649 -0.024616184 0.999306560 0.027937153 -9.542793274 -0.034480702 -0.028777707 0.998991013 144.040725708
0.998146594 0.025507241 0.055251673 -124.649749756 -0.027019581 0.999275506 0.026799925 -9.543525696 -0.054528061 -0.028243134 0.998112738 145.329833984
0.996912181 0.025721535 0.074193850 -124.565940857 -0.027572634 0.999330819 0.024033930 -9.522550583 -0.073526010 -0.026005439 0.996954203 146.458129883
0.995174587 0.027498277 0.094188124 -124.530036926 -0.029605972 0.999339879 0.021053415 -9.481492996 -0.093547016 -0.023740349 0.995331764 147.896347046
0.993142307 0.027893707 0.113535762 -124.411331177 -0.030286597 0.999352932 0.019405719 -9.478927612 -0.112920985 -0.022711249 0.993344367 149.097763062
0.990820587 0.028169077 0.132215604 -124.242202759 -0.030555787 0.999404073 0.016057201 -9.463881493 -0.131684497 -0.019949760 0.991090834 150.475540161
0.988179266 0.028859727 0.150561675 -124.058357239 -0.030824717 0.999467194 0.010733137 -9.463063240 -0.150171682 -0.015247285 0.988542318 151.720230103
0.985222518 0.031346615 0.168386430 -123.849891663 -0.032523640 0.999462128 0.004235933 -9.470107079 -0.168163061 -0.009649879 0.985711932 153.058364868
0.982008517 0.033242825 0.185887635 -123.619659424 -0.033727266 0.999430954 -0.000556502 -9.488377571 -0.185800359 -0.005722994 0.982570887 154.367721558
0.978273451 0.035880733 0.204190105 -123.467231750 -0.035339039 0.999355495 -0.006299810 -9.422839165 -0.204284549 -0.001052947 0.978910983 155.789428711
0.974379301 0.038026724 0.221673131 -123.179901123 -0.036942877 0.999276578 -0.009035120 -9.448543549 -0.221856326 0.000614391 0.975079179 157.091796875
0.970227540 0.036369104 0.239448935 -122.777511597 -0.035059653 0.999337852 -0.009727291 -9.474354744 -0.239644170 0.001042688 0.970860243 158.740325928
0.965916097 0.035994880 0.256340295 -122.435096741 -0.034493640 0.999351263 -0.010351761 -9.510416985 -0.256546676 0.001156824 0.966531157 160.039062500
0.961099923 0.035624068 0.273893833 -122.125793457 -0.032746390 0.999350011 -0.015072842 -9.606091499 -0.274252713 0.005517472 0.961641848 161.649810791
0.956256807 0.036642291 0.290224493 -121.750015259 -0.032344393 0.999284685 -0.019593574 -9.641205788 -0.290734798 0.009349354 0.956758022 162.928100586
0.950970054 0.038946886 0.306820959 -121.320159912 -0.034627873 0.999209821 -0.019509906 -9.693245888 -0.307338387 0.007928780 0.951567233 164.322921753
0.945212483 0.041231927 0.323841751 -120.872909546 -0.036586095 0.999121845 -0.020423820 -9.739398003 -0.324399471 0.007456745 0.945890725 165.643676758
0.938868046 0.045250732 0.341290474 -120.400802612 -0.039657384 0.998940408 -0.023351761 -9.787704468 -0.341985583 0.008389534 0.939667761 167.041687012
0.932355583 0.045898326 0.358617187 -119.923004150 -0.038533852 0.998874366 -0.027660137 -9.831469536 -0.359483033 0.011970181 0.933074772 168.373397827
0.925542116 0.047150895 0.375697434 -119.376136780 -0.038713217 0.998800635 -0.029980581 -9.888719559 -0.376660377 0.013203836 0.926257253 169.762512207
0.918301105 0.047823723 0.392983466 -118.822135925 -0.036866806 0.998693466 -0.035386771 -9.945100784 -0.394162327 0.018007671 0.918864429 171.097991943
0.909988523 0.051216926 0.411457986 -118.230255127 -0.037497453 0.998440742 -0.041352488 -10.033590317 -0.412934363 0.022201661 0.910490155 172.439208984
0.900230408 0.054956328 0.431931645 -117.588195801 -0.039509755 0.998220623 -0.044661347 -10.111757278 -0.433617473 0.023139991 0.900799811 173.737564087
0.888140321 0.057856739 0.455916017 -116.951873779 -0.041252874 0.998075545 -0.046295926 -10.196529388 -0.457717180 0.022309428 0.888817906 175.130340576
0.874494672 0.063104145 0.480912745 -116.286903381 -0.044873178 0.997774065 -0.049327713 -10.278015137 -0.482955068 0.021556729 0.875379801 176.480194092
0.860365808 0.067038700 0.505248964 -115.537338257 -0.046731737 0.997512281 -0.052777037 -10.377069473 -0.507530153 0.021796396 0.861358285 177.788787842
0.845399320 0.070947066 0.529402077 -114.769058228 -0.048314255 0.997233510 -0.056490071 -10.463449478 -0.531945288 0.022178994 0.846488297 179.107879639
0.830069184 0.071443073 0.553065121 -113.636131287 -0.047237683 0.997203112 -0.057918523 -10.704626083 -0.555656135 0.021950863 0.831122398 180.763366699
0.814123750 0.073529288 0.576017380 -112.786300659 -0.047293924 0.997051299 -0.060431138 -10.827984810 -0.578762233 0.021956310 0.815200686 182.036575317
0.798151612 0.076091580 0.597632051 -112.209930420 -0.045597196 0.996776223 -0.066015206 -10.812400818 -0.600728631 0.025439799 0.799048126 182.892944336
0.781702101 0.078397825 0.618704736 -111.284362793 -0.043569613 0.996508360 -0.071222410 -10.955074310 -0.622128189 0.028717984 0.782388568 184.104766846
