0.999998450 0.000812091 0.001545754 -0.004431424 -0.000805093 0.999989450 -0.004523055 -0.002778359 -0.001549411 0.004521803 0.999988556 0.960552096
0.999996662 -0.001316892 0.002225410 -0.002993393 0.001329062 0.999984145 -0.005476228 -0.000103646 -0.002218163 0.005479168 0.999982476 1.914256096
0.999993026 -0.002696061 0.002571281 -0.005551559 0.002699643 0.999995351 -0.001390716 -0.002098565 -0.002567519 0.001397648 0.999995708 2.873881102
0.999984980 -0.005197546 0.001713870 -0.002385951 0.005189335 0.999975204 0.004761019 -0.004349194 -0.001738572 -0.004752054 0.999987185 3.822225571
0.999961317 -0.008779719 0.000405234 -0.001990096 0.008777643 0.999949574 0.004865627 -0.003433565 -0.000447933 -0.004861882 0.999988019 4.762707233
0.999951243 -0.009865495 -0.000437509 -0.042868238 0.009866199 0.999949932 0.001634805 -0.091199070 0.000421359 -0.001639042 0.999998569 5.724730015
0.999957263 -0.008936681 -0.002336330 -0.047900595 0.008926269 0.999950290 -0.004429129 -0.095171236 0.002375795 0.004408085 0.999987483 6.651500702
0.999957979 -0.008590058 -0.003202812 -0.053368568 0.008574172 0.999951005 -0.004941515 -0.098521709 0.003245103 0.004913846 0.999982655 7.581111908
0.999965072 -0.006533316 -0.005214981 -0.067160800 0.006503864 0.999962926 -0.005644835 -0.113342881 0.005251667 0.005610721 0.999970436 8.500070572
0.999962330 -0.006432020 -0.005824704 -0.078205287 0.006416203 0.999975622 -0.002730101 -0.118043453 0.005842122 0.002692626 0.999979317 9.310929298
0.999954283 -0.005276061 -0.007967553 -0.081935868 0.005225448 0.999966085 -0.006359889 -0.154259801 0.008000838 0.006317964 0.999948025 10.365490913
0.999941945 -0.006362382 -0.008698427 -0.089482002 0.006314081 0.999964595 -0.005568984 -0.160351515 0.008733552 0.005513738 0.999946713 11.221353531
0.999938369 -0.006224040 -0.009205098 -0.102958329 0.006171421 0.999964535 -0.005733809 -0.166364029 0.009240461 0.005676647 0.999941111 12.194035530
0.999933422 -0.005671281 -0.010051424 -0.113333605 0.005598339 0.999957860 -0.007270092 -0.187927991 0.010092232 0.007213335 0.999923050 13.106026649
0.999919891 -0.006082792 -0.011099480 -0.131330326 0.005980599 0.999939680 -0.009217074 -0.194240332 0.011154876 0.009149955 0.999895930 14.001476288
0.999908686 -0.006393586 -0.011899025 -0.126720786 0.006293884 0.999944925 -0.008397670 -0.185743347 0.011952063 0.008322014 0.999893904 14.900959015
0.999886990 -0.006520964 -0.013535605 -0.140501112 0.006398648 0.999938428 -0.009060334 -0.191791505 0.013593853 0.008972703 0.999867320 15.790830612
0.999878705 -0.003067771 -0.015264880 -0.152912065 0.002917348 0.999947011 -0.009866630 -0.196675092 0.015294340 0.009820900 0.999834776 16.696535110
0.999848664 -0.001727544 -0.017306915 -0.167077050 0.001556028 0.999949574 -0.009918854 -0.202314064 0.017323177 0.009890423 0.999800980 17.580291748
0.999835074 -0.002114970 -0.018038349 -0.197978213 0.001953128 0.999957740 -0.008984954 -0.211712226 0.018056590 0.008948242 0.999796867 18.485834122
0.999823868 -0.001988626 -0.018664673 -0.232417881 0.001847118 0.999969482 -0.007595829 -0.218976408 0.018679205 0.007560018 0.999796927 19.374853134
0.999803841 0.000270209 -0.019801987 -0.250336617 -0.000403573 0.999977291 -0.006731152 -0.227109581 0.019799713 0.006737824 0.999781251 20.255243301
0.999759793 -0.000682595 -0.021904979 -0.264330924 0.000530836 0.999975801 -0.006933172 -0.232537866 0.021909179 0.006919879 0.999736011 21.123622894
0.999727011 -0.002074816 -0.023270985 -0.296700299 0.001891382 0.999966979 -0.007901816 -0.234602541 0.023286615 0.007855645 0.999697924 21.997793198
0.999720991 -0.002228631 -0.023515424 -0.331301212 0.002060988 0.999972343 -0.007150867 -0.245434761 0.023530710 0.007100407 0.999697924 22.862743378
0.999699354 -0.000220584 -0.024522243 -0.348114967 0.000098038 0.999987423 -0.004998316 -0.250020117 0.024523044 0.004994408 0.999686778 23.723302841
0.999695063 -0.001054824 -0.024673369 -0.377473176 0.001001026 0.999997079 -0.002192650 -0.255877137 0.024675610 0.002167283 0.999693155 24.571523666
0.999675393 -0.000664379 -0.025467845 -0.398541272 0.000653308 0.999999642 -0.000443003 -0.259266913 0.025468130 0.000426221 0.999675572 25.442853928
0.999659717 -0.000317577 -0.026079893 -0.432066381 0.000276359 0.999998689 -0.001584068 -0.263512313 0.026080364 0.001576321 0.999658704 26.277467728
0.999628663 0.001950678 -0.027180536 -0.450206131 -0.002070397 0.999988258 -0.004377187 -0.264669240 0.027171675 0.004431836 0.999620974 27.072626114
0.999604285 0.002140661 -0.028049586 -0.476420939 -0.002321060 0.999976814 -0.006400465 -0.266410202 0.028035237 0.006463038 0.999586046 27.877202988
0.999590576 0.004336206 -0.028281659 -0.513218343 -0.004484702 0.999976456 -0.005189335 -0.280710071 0.028258484 0.005314046 0.999586523 28.642402649
0.999554336 0.005396403 -0.029360907 -0.540066719 -0.005553547 0.999970675 -0.005273242 -0.286536992 0.029331589 0.005433948 0.999554992 29.428134918
0.999485791 0.005330202 -0.031620577 -0.566978514 -0.005521299 0.999966979 -0.005959204 -0.292435378 0.031587776 0.006130727 0.999482214 30.202583313
0.999410987 0.007152894 -0.033562850 -0.592629313 -0.007301973 0.999963999 -0.004321309 -0.269496322 0.033530734 0.004563839 0.999427259 30.962648392
0.999352932 0.006794839 -0.035320852 -0.628152847 -0.006903571 0.999971807 -0.002957359 -0.270305604 0.035299763 0.003199286 0.999371648 31.718774796
0.999275863 0.006834433 -0.037429303 -0.654336929 -0.006873756 0.999975979 -0.000922023 -0.269723922 0.037422098 0.001178635 0.999298871 32.475166321
0.999197841 0.007522516 -0.039331641 -0.691153049 -0.007518721 0.999971807 0.000244394 -0.265531510 0.039332364 0.000051526 0.999226213 33.217060089
0.999091268 0.009433107 -0.041565742 -0.714445591 -0.009382836 0.999954998 0.001404372 -0.275032878 0.041577123 -0.001013091 0.999134898 33.948909760
0.998962939 0.011816513 -0.043969978 -0.744976163 -0.011799179 0.999930143 0.000653728 -0.276075870 0.043974631 -0.000134240 0.999032736 34.668975830
0.998878002 0.013337902 -0.045438711 -0.786370456 -0.013360586 0.999910712 -0.000195569 -0.271796405 0.045432042 0.000802439 0.998967111 35.375720978
0.998790383 0.013341777 -0.047326118 -0.816216946 -0.013300237 0.999910831 0.001192512 -0.275854200 0.047337804 -0.000561620 0.998878777 36.096630096
0.998727739 0.015483174 -0.047991868 -0.865148604 -0.015354143 0.999877453 0.003056118 -0.274139822 0.048033308 -0.002315356 0.998843014 36.774909973
0.998660386 0.018112626 -0.048471015 -0.899184048 -0.017965654 0.999832630 0.003466148 -0.277425319 0.048525684 -0.002590691 0.998818576 37.466678619
0.998653531 0.021195784 -0.047348663 -0.935910881 -0.021144139 0.999775171 0.001591413 -0.281105876 0.047371756 -0.000588123 0.998877168 38.136013031
0.998738885 0.023090973 -0.044580128 -0.990849197 -0.023156757 0.999731362 -0.000959680 -0.282796085 0.044546001 0.001990802 0.999005377 38.756111145
0.998812020 0.023438450 -0.042721368 -1.018935204 -0.023593577 0.999716759 -0.003130515 -0.276467383 0.042635888 0.004134746 0.999082148 39.403457642
0.998918891 0.025276115 -0.039014321 -1.043126345 -0.025360882 0.999676943 -0.001679164 -0.279666811 0.038959268 0.002666786 0.999237239 40.046195984
0.998903334 0.030006427 -0.035940416 -1.072515965 -0.029991856 0.999549687 0.000944673 -0.280142665 0.035952576 0.000134283 0.999353468 40.678672791
0.998907030 0.033921603 -0.032156300 -1.092104077 -0.033788182 0.999418020 0.004683726 -0.286902487 0.032296471 -0.003592103 0.999471903 41.305156708
0.998850107 0.038823787 -0.028128367 -1.127044916 -0.038702551 0.999238968 0.004842088 -0.285119534 0.028294951 -0.003747880 0.999592602 41.898685455
0.998851836 0.042144772 -0.022777088 -1.143227100 -0.042047728 0.999104381 0.004723100 -0.271786809 0.022955744 -0.003759952 0.999729395 42.487930298
0.998772979 0.046584949 -0.016805360 -1.163839340 -0.046472020 0.998894691 0.007049048 -0.282562226 0.017115161 -0.006259419 0.999833941 43.059444427
0.998614907 0.051606867 -0.010251943 -1.174704075 -0.051523320 0.998637617 0.008252779 -0.284587443 0.010663879 -0.007713134 0.999913394 43.600948334
0.998514593 0.054396894 -0.003103942 -1.183477283 -0.054371443 0.998490572 0.007767273 -0.284220219 0.003521773 -0.007586969 0.999965012 44.135822296
0.998298049 0.058158010 0.004320850 -1.188982487 -0.058190748 0.998274326 0.007883457 -0.284154028 -0.003854907 -0.008121472 0.999959528 44.647548676
0.997948110 0.062873431 0.012097223 -1.176582217 -0.062969670 0.997985363 0.007747351 -0.283418655 -0.011585749 -0.008493213 0.999896765 45.135063171
0.997555137 0.067041084 0.019727448 -1.171436787 -0.067146532 0.997731864 0.004731458 -0.279895127 -0.019365501 -0.006044519 0.999794185 45.598911285
0.997208774 0.069414243 0.027501283 -1.161715984 -0.069493696 0.997580528 0.001942689 -0.288541436 -0.027299892 -0.003848433 0.999619842 46.040431976
0.996927798 0.069645271 0.035839401 -1.154800773 -0.069741763 0.997563958 0.001447589 -0.284683645 -0.035651281 -0.003942645 0.999356508 46.462570190
0.996683002 0.068871573 0.043355618 -1.122324705 -0.069051087 0.997609496 0.002654558 -0.283374608 -0.043069161 -0.005639505 0.999056160 46.849758148
0.996135116 0.070722692 0.052086074 -1.117595196 -0.070985220 0.997472167 0.003205441 -0.284526110 -0.051727708 -0.006890394 0.998637438 47.241485596
0.995415509 0.073653944 0.061016157 -1.103610516 -0.073980689 0.997254908 0.003110165 -0.286136866 -0.060619578 -0.007609923 0.998131990 47.575641632
0.994497299 0.078624621 0.069233268 -1.071295500 -0.078979842 0.996873200 0.002404283 -0.284455657 -0.068827786 -0.007859085 0.997597575 47.909324646
0.993489385 0.082473144 0.078593411 -1.053486109 -0.082911320 0.996554196 0.002322908 -0.288029075 -0.078131020 -0.008824069 0.996904075 48.215213776
0.992788851 0.081443712 0.087961063 -1.026359558 -0.081999488 0.996628582 0.002717601 -0.292221099 -0.087443188 -0.009910765 0.996120214 48.489246368
0.991845131 0.080609165 0.098717779 -0.993723869 -0.081088312 0.996706486 0.000844609 -0.297434360 -0.098324575 -0.008842580 0.995115101 48.761024475
0.990743637 0.079153538 0.110280558 -0.955229282 -0.079226419 0.996849775 -0.003727880 -0.300356865 -0.110228218 -0.005043760 0.993893504 49.021961212
0.989129543 0.080148131 0.123284429 -0.909429550 -0.079746410 0.996781528 -0.008197589 -0.301229417 -0.123544663 -0.001723014 0.992337525 49.284000397
0.986965179 0.081663974 0.138675109 -0.869736671 -0.080976799 0.996659636 -0.010599654 -0.304717869 -0.139077485 -0.000767981 0.990281165 49.528186798
0.984345138 0.083711609 0.155103609 -0.825281143 -0.082805611 0.996489823 -0.012304401 -0.305799335 -0.155589163 -0.000731672 0.987821639 49.778739929
0.981459200 0.084614515 0.171983570 -0.769348145 -0.083513103 0.996413291 -0.013642741 -0.313613892 -0.172521099 -0.000973089 0.985005319 50.023250580
0.978276193 0.083098963 0.189921513 -0.713327408 -0.081646174 0.996541202 -0.015474967 -0.310681075 -0.190550566 -0.000367572 0.981677234 50.274990082
0.974434376 0.082194202 0.209097832 -0.640248299 -0.080577098 0.996615708 -0.016255362 -0.313265026 -0.209726304 -0.001008712 0.977759600 50.517482758
0.969842374 0.082210034 0.229450122 -0.578730583 -0.080319114 0.996614039 -0.017584670 -0.323935330 -0.230118901 -0.001374872 0.973161459 50.758518219
0.964512050 0.084455073 0.250167429 -0.494352341 -0.081998654 0.996426821 -0.020244855 -0.327946007 -0.250983357 -0.000986988 0.967990875 51.000675201
0.958256543 0.085355639 0.272871405 -0.405611038 -0.082290232 0.996350288 -0.022680854 -0.335567951 -0.273811400 -0.000720575 0.961783171 51.231849670
0.950416684 0.088734604 0.298050791 -0.320969582 -0.085672885 0.996049702 -0.023348805 -0.335289955 -0.298945338 -0.003343781 0.954264343 51.489570618
0.941702783 0.091617741 0.323731333 -0.224249840 -0.088354006 0.995780468 -0.024798129 -0.343904316 -0.324637264 -0.005250497 0.945823967 51.727230072
0.931674600 0.093860559 0.350959510 -0.117076874 -0.090337887 0.995560169 -0.026437014 -0.354744017 -0.351882696 -0.007074250 0.936017334 51.966987610
0.920334399 0.095162764 0.379379243 -0.000352859 -0.091382004 0.995422006 -0.028006548 -0.354834497 -0.380307585 -0.008893046 0.924817204 52.189922333
0.907823861 0.093318760 0.408836842 0.138700485 -0.088491991 0.995601952 -0.030753635 -0.368739486 -0.409908682 -0.008259898 0.912089109 52.406604767
0.892800510 0.090393394 0.441289186 0.288469315 -0.083915822 0.995885015 -0.034220941 -0.377304673 -0.442566633 -0.006478671 0.896712124 52.649833679
0.875523448 0.089512646 0.474811733 0.434560776 -0.080675460 0.995976925 -0.039003443 -0.392603159 -0.476392895 -0.004157221 0.879222691 52.862857819
0.854524672 0.091944143 0.511208177 0.579816818 -0.079981863 0.995762110 -0.045398321 -0.389792204 -0.513215780 -0.002093401 0.858257055 53.036315918
0.832557440 0.093966745 0.545910537 0.765010834 -0.079198003 0.995574832 -0.050583430 -0.405398488 -0.548247874 -0.001121413 0.836315095 53.262508392
0.807227612 0.096657090 0.582272351 0.932226181 -0.079682074 0.995315254 -0.054755669 -0.421669602 -0.584837079 -0.002196372 0.811147928 53.489624023
0.779679418 0.100683220 0.618031502 1.154973984 -0.082053393 0.994905710 -0.058564916 -0.436743975 -0.620779634 -0.005049719 0.783968985 53.723602295
0.749469936 0.104579940 0.653726101 1.391248703 -0.084621675 0.994477630 -0.062076453 -0.459307432 -0.656607926 -0.008794957 0.754180789 53.963500977
0.717411995 0.102291450 0.689098239 1.421062469 -0.082388937 0.994677424 -0.061878193 -0.418835878 -0.691760123 -0.012381923 0.722021163 54.072700500
0.680675626 0.099617295 0.725780249 1.708095551 -0.077917412 0.994936407 -0.063485332 -0.444380641 -0.728429556 -0.013338012 0.684990942 54.302131653
0.641505718 0.097823396 0.760855317 2.012111664 -0.074042253 0.995100915 -0.065512605 -0.473498940 -0.763536572 -0.014308740 0.645606041 54.520164490
0.598881483 0.098291233 0.794782877 2.370603561 -0.072204798 0.995024621 -0.068647765 -0.490862489 -0.797576070 -0.016275261 0.602998912 54.751869202
0.551674068 0.092755824 0.828886032 2.729345322 -0.064336225 0.995568335 -0.068588622 -0.532904506 -0.831574738 -0.015488845 0.555196822 54.880569458
0.503166556 0.090689540 0.859417677 3.121479034 -0.060046446 0.995743692 -0.069919653 -0.575891018 -0.862100899 -0.016423749 0.506470501 55.090103149
0.454874426 0.089578763 0.886038899 3.563434601 -0.057311270 0.995810330 -0.071254253 -0.587385178 -0.888709545 -0.018368281 0.458102494 55.254970551
0.404796839 0.086965621 0.910261810 3.997592926 -0.056059003 0.995954871 -0.070223033 -0.619981766 -0.912686646 -0.022602305 0.408034563 55.421241760
0.355341434 0.086460523 0.930729330 4.468965530 -0.058225702 0.995826662 -0.070277900 -0.648308396 -0.932921350 -0.029219722 0.358892620 55.561454773
0.304187477 0.086575352 0.948669910 4.876156807 -0.056835607 0.995737016 -0.072646543 -0.676453590 -0.950915217 -0.031820063 0.307811260 55.708164215
0.256681770 0.083291888 0.962900281 5.395094872 -0.045525949 0.996215761 -0.074037790 -0.720275164 -0.965423167 -0.024832798 0.259502351 55.813522339
0.213376731 0.077558227 0.973886549 5.911424637 -0.031718001 0.996868432 -0.072439082 -0.755565166 -0.976455033 -0.015432926 0.215168506 55.866184235
0.170758471 0.076391287 0.982347131 6.347850800 -0.022120439 0.997035921 -0.073688410 -0.774821818 -0.985064507 -0.009147027 0.171942160 55.905239105
0.132358149 0.078500800 0.988088548 6.919169903 -0.018746035 0.996878922 -0.076688059 -0.800651908 -0.991024673 -0.008372452 0.133416638 55.957138062
0.099490538 0.078804322 0.991913080 7.420962334 -0.009099552 0.996889353 -0.078286953 -0.835444152 -0.994996905 -0.001237152 0.099898145 55.990749359
0.071037389 0.077731378 0.994440317 8.004557610 -0.001938917 0.996967912 -0.077790432 -0.873356342 -0.997471809 0.003597893 0.070972711 56.001419067
0.045775190 0.075535707 0.996091843 8.539625168 0.005668971 0.997101307 -0.075872786 -0.924926639 -0.998935699 0.009119908 0.045214295 56.014827728
0.025525831 0.074323453 0.996907413 9.150576591 0.010129331 0.997161925 -0.074601799 -0.965051055 -0.999622881 0.012002277 0.024700543 56.020809174
0.010504278 0.073507182 0.997239351 9.652184486 0.013131741 0.997198164 -0.073642500 -0.964919448 -0.999858558 0.013869051 0.009509569 56.007820129
-0.002977343 0.073046908 0.997324049 10.285869598 0.013439124 0.997241318 -0.073000751 -1.011761785 -0.999905288 0.013185811 -0.003950816 56.008193970
-0.015568858 0.077075027 0.996903718 10.950120926 0.015269496 0.996926606 -0.076838344 -1.076216221 -0.999762177 0.014025936 -0.016697906 55.992916107
-0.023762058 0.080134772 0.996500790 11.604974747 0.020417230 0.996613204 -0.079656951 -1.115219593 -0.999509096 0.018452972 -0.025317712 55.955219269
-0.027849823 0.076089345 0.996711969 12.199382782 0.025128094 0.996836901 -0.075396761 -1.139146566 -0.999296248 0.022945685 -0.029673712 55.883274078
-0.032203142 0.075666822 0.996613026 12.882369041 0.025328826 0.996871710 -0.074868023 -1.176261187 -0.999160349 0.022832057 -0.034018949 55.857433319
-0.038174115 0.075473875 0.996416748 13.448132515 0.022244966 0.996960700 -0.074662827 -1.211271763 -0.999023497 0.019315070 -0.039737001 55.881008148
-0.040862456 0.068313122 0.996826768 14.179364204 0.020199208 0.997512698 -0.067532100 -1.262109041 -0.998960555 0.017375583 -0.042140678 55.867809296
-0.041933957 0.063079514 0.997127056 14.815155983 0.021416824 0.997832417 -0.062223461 -1.295991659 -0.998890936 0.018746022 -0.043194018 55.827087402
-0.042281061 0.060566295 0.997268200 15.560662270 0.023674980 0.997941315 -0.059603427 -1.341881752 -0.998825192 0.021090209 -0.043627921 55.796710968
-0.038063016 0.057707794 0.997607648 16.338230133 0.030136740 0.997943223 -0.056577351 -1.413327217 -0.998820782 0.027911132 -0.039723858 55.686088562
-0.036755312 0.065176956 0.997196615 17.092426300 0.031487994 0.997451007 -0.064032957 -1.446353555 -0.998828053 0.029046163 -0.038713910 55.652256012
-0.038980518 0.078111723 0.996182263 17.656303406 0.029044457 0.996607304 -0.077008545 -1.463151217 -0.998817742 0.025931735 -0.041116986 55.704772949
-0.036422737 0.079162113 0.996196151 18.436105728 0.029783944 0.996500790 -0.078097351 -1.501244068 -0.998892546 0.026826128 -0.038653042 55.674854279
-0.034652077 0.074492954 0.996619344 19.237882614 0.029415069 0.996862173 -0.073488362 -1.560479760 -0.998966396 0.026769102 -0.036734559 55.664127350
-0.028437141 0.063362040 0.997585356 19.918251038 0.030912308 0.997567415 -0.062479701 -1.602869153 -0.999117494 0.029060926 -0.030326635 55.576755524
-0.025577458 0.061369147 0.997787297 20.717023849 0.029078927 0.997737288 -0.060620651 -1.662072778 -0.999249816 0.027464069 -0.027304132 55.572360992
-0.022304239 0.067370176 0.997478724 21.378099442 0.036787227 0.997106552 -0.066522457 -1.691995740 -0.999074161 0.035210751 -0.024718061 55.539283752
-0.018996896 0.072504409 0.997187197 22.162425995 0.038177926 0.996692359 -0.071741126 -1.746458054 -0.999090314 0.036707684 -0.021702128 55.524131775
-0.016327625 0.073444068 0.997165680 22.849765778 0.032594711 0.996807635 -0.072883993 -1.783424020 -0.999335289 0.031312305 -0.018669389 55.519161224
-0.013042105 0.070059024 0.997457623 23.641128540 0.028333798 0.997167766 -0.069668189 -1.831067204 -0.999513388 0.027353149 -0.014990204 55.524898529
-0.008568943 0.065912634 0.997788608 24.336400986 0.031894315 0.997335553 -0.065608785 -1.886905313 -0.999454439 0.031261582 -0.010648349 55.512134552
-0.004936600 0.066953160 0.997743905 25.122030258 0.036541075 0.997101784 -0.066729277 -1.938823819 -0.999319911 0.036129221 -0.007368834 55.502349854
-0.002397751 0.071439445 0.997442067 25.909553528 0.036256772 0.996795297 -0.071305968 -1.988944292 -0.999339581 0.035993051 -0.004980231 55.511840820
0.001518303 0.072226375 0.997387052 26.552474976 0.032666728 0.996852517 -0.072237365 -2.031761646 -0.999465168 0.032691054 -0.000845875 55.513244629
0.005055204 0.071799569 0.997406244 27.357002258 0.032129180 0.996892452 -0.071925431 -2.083455086 -0.999470949 0.032409437 0.002732633 55.529453278
0.009306120 0.068702608 0.997593880 28.140136719 0.036393959 0.996952832 -0.068997994 -2.135335445 -0.999294162 0.036948487 0.006777402 55.522560120
0.012074846 0.069290541 0.997523367 28.782817841 0.039889716 0.996768594 -0.069720961 -2.179450035 -0.999131083 0.040632796 0.009271849 55.528999329
0.015586181 0.070159763 0.997413933 29.561756134 0.043238051 0.996554673 -0.070774995 -2.230289936 -0.998943210 0.044229340 0.012498911 55.543628693
0.018674716 0.070143305 0.997362077 30.267580032 0.043705918 0.996525168 -0.070902795 -2.274946928 -0.998869836 0.044914715 0.015544152 55.545803070
0.022385979 0.068924569 0.997370601 31.060335159 0.044697039 0.996554017 -0.069871373 -2.323413610 -0.998749793 0.046143647 0.019228116 55.562194824
0.026331436 0.067567959 0.997367144 31.845193863 0.047178574 0.996517301 -0.068755940 -2.381945372 -0.998539329 0.048864800 0.023051975 55.580635071
0.028979862 0.067825548 0.997276187 32.505538940 0.045475297 0.996572793 -0.069099151 -2.425527096 -0.998545051 0.047353923 0.025796153 55.597076416
0.031875186 0.069655977 0.997061670 33.293449402 0.042715482 0.996562243 -0.070986651 -2.470751286 -0.998578608 0.044852689 0.028790215 55.630405426
0.034841198 0.069292262 0.996987820 34.084709167 0.044118885 0.996514320 -0.070801139 -2.530388594 -0.998418570 0.046452787 0.031662654 55.658740997
0.037414774 0.069395378 0.996887386 34.759620667 0.042312894 0.996581078 -0.070962153 -2.570509195 -0.998403609 0.044836216 0.034350540 55.691932678
0.039535403 0.069554418 0.996794462 35.552513123 0.040520784 0.996642113 -0.071150944 -2.625725508 -0.998396218 0.043203875 0.036584258 55.729869843
0.042402815 0.069292068 0.996694922 36.347023010 0.037678227 0.996771574 -0.070900366 -2.686016083 -0.998389900 0.040560063 0.039655123 55.769515991
0.045582969 0.071733184 0.996381819 37.028034210 0.036118571 0.996647894 -0.073404737 -2.721983194 -0.998307407 0.039333884 0.042839266 55.806110382
0.048425596 0.075335458 0.995981693 37.835292816 0.034426130 0.996433139 -0.077043444 -2.775609016 -0.998233318 0.038018666 0.045659360 55.858600616
0.052238792 0.077777863 0.995601118 38.627754211 0.035165809 0.996200919 -0.079669848 -2.828865767 -0.998015285 0.039172985 0.049305201 55.892745972
0.055053499 0.079598874 0.995305538 39.326004028 0.029021185 0.996268630 -0.081281163 -2.882530212 -0.998061538 0.033359759 0.052538026 55.946514130
0.057531118 0.078377306 0.995262325 40.142185211 0.025433019 0.996474981 -0.079942949 -2.944701672 -0.998019695 0.029911734 0.055334944 56.010276794
0.060788486 0.079033487 0.995016813 40.961021423 0.027736219 0.996341646 -0.080833197 -3.008530378 -0.997765243 0.032511733 0.058374014 56.069984436
0.066310108 0.077480294 0.994786322 41.680435181 0.032676835 0.996277213 -0.079774573 -3.084553242 -0.997263849 0.037796330 0.063531443 56.097854614
0.069606416 0.079271875 0.994419873 42.506107330 0.028440986 0.996274889 -0.081410512 -3.130036831 -0.997169077 0.033948973 0.067092538 56.170978546
0.074065492 0.076756813 0.994295120 43.324031830 0.027758421 0.996488571 -0.078993872 -3.190919161 -0.996867001 0.033450782 0.071674764 56.232250214
0.077653088 0.079501227 0.993805587 44.004951477 0.021665268 0.996445596 -0.081405267 -3.232428551 -0.996744990 0.027852438 0.075654641 56.296478271
0.082265437 0.083353795 0.993118644 44.829067230 0.018124137 0.996206343 -0.085114278 -3.293512106 -0.996445656 0.025001379 0.080442630 56.379230499
0.088769890 0.090466231 0.991935492 45.584213257 0.019189494 0.995526731 -0.092511065 -3.348042011 -0.995867312 0.027246933 0.086636789 56.452758789
0.096242040 0.095407620 0.990774870 46.409774780 0.017820621 0.995070815 -0.097552367 -3.412357569 -0.995198429 0.027044864 0.094067432 56.534233093
0.103402190 0.098205253 0.989779651 47.238033295 0.013252428 0.994889379 -0.100096732 -3.490168571 -0.994551361 0.023467202 0.101572290 56.634208679
0.110327274 0.096207976 0.989227891 48.072700500 0.009560272 0.995155156 -0.097850680 -3.567285776 -0.993849277 0.020252887 0.108872965 56.738452911
0.117810413 0.094349399 0.988543808 48.755836487 0.009720962 0.995318949 -0.096154541 -3.634294510 -0.992988467 0.020937605 0.116341762 56.825122833
0.125851795 0.091051638 0.987861812 49.582847595 0.010270072 0.995606244 -0.093073845 -3.694230080 -0.991995931 0.021858923 0.124363713 56.918415070
0.132320449 0.085354626 0.987525105 50.429748535 0.006849246 0.996182859 -0.087020688 -3.777477264 -0.991183400 0.018278416 0.131230757 57.059253693
0.141566426 0.076995119 0.986929953 51.176086426 0.006701242 0.996873200 -0.078732088 -3.851226330 -0.989906073 0.017759474 0.140607819 57.150856018
0.149084106 0.073449835 0.986092865 52.010765076 0.006477998 0.997143388 -0.075252347 -3.937551260 -0.988803267 0.017606838 0.148182437 57.278396606
0.156597510 0.075752631 0.984753191 52.801765442 0.007016028 0.996943772 -0.077806115 -3.980439663 -0.987637639 0.019093297 0.155587420 57.410644531
0.162726402 0.082300253 0.983232796 53.580615997 0.006932599 0.996395171 -0.084549330 -4.017064095 -0.986646891 0.020574769 0.161569253 57.554180145
0.167756110 0.085782237 0.982089162 54.352916718 0.004248829 0.996134758 -0.087734841 -4.085709572 -0.985819459 0.018890781 0.166743189 57.685585022
0.172879428 0.088523105 0.980956852 55.123947144 0.004562113 0.995870233 -0.090672910 -4.152479172 -0.984932423 0.020150714 0.171761602 57.830329895
0.177818656 0.087799773 0.980138600 55.889133453 0.001360384 0.995988905 -0.089466423 -4.226304054 -0.984062314 0.017242160 0.176985949 57.980102539
0.183228508 0.084705032 0.979414225 56.649761200 0.005636370 0.996174097 -0.087208949 -4.297121048 -0.983054101 0.021499509 0.182050064 58.122177124
0.188073680 0.078396961 0.979021013 57.400894165 0.006638912 0.996684909 -0.081086800 -4.349008560 -0.982132435 0.021749927 0.186929733 58.264495850
0.191086635 0.072069012 0.978923917 58.147109985 0.004563676 0.997224927 -0.074307173 -4.415964127 -0.981562555 0.018666599 0.190227449 58.422538757
0.195654154 0.067074448 0.978376448 58.864700317 -0.000510314 0.997665048 -0.068294764 -4.462751865 -0.980672836 0.012862876 0.195231512 58.601940155
0.199005097 0.067097530 0.977698803 59.590637207 -0.002321907 0.997682810 -0.067996390 -4.514521599 -0.979995668 0.011261501 0.198699802 58.753108978
0.200515822 0.069083914 0.977251649 60.299072266 -0.004675741 0.997566640 -0.069560662 -4.570086479 -0.979679346 0.009378637 0.200350955 58.917556763
0.202384531 0.073815063 0.976520300 61.001747131 -0.008102408 0.997247338 -0.073702596 -4.612851620 -0.979272604 0.007004099 0.202425510 59.066867828
0.204451188 0.077640280 0.975792885 61.687274933 -0.008977034 0.996956348 -0.077443287 -4.667345524 -0.978835642 0.007073646 0.204525873 59.213237762
0.206229344 0.083196610 0.974960446 62.359535217 -0.008904543 0.996497214 -0.083150879 -4.714443684 -0.978463173 0.008466574 0.206247777 59.369487762
0.208598778 0.085501455 0.974256635 63.065200806 -0.009123278 0.996297836 -0.085482404 -4.771410942 -0.977958739 0.008943112 0.208606616 59.516044617
0.209770650 0.085422784 0.974011838 63.736091614 -0.011299380 0.996321440 -0.084945865 -4.826168060 -0.977685392 0.006813415 0.209964231 59.673404694
0.210399643 0.082428679 0.974134207 64.398834229 -0.011338599 0.996577740 -0.081878819 -4.880340576 -0.977549672 0.006181953 0.210614219 59.819000244
0.211247191 0.080299966 0.974128544 65.050125122 -0.011869665 0.996756911 -0.079591252 -4.931576729 -0.977360606 0.005250845 0.211515218 59.962810516
0.210836068 0.078796133 0.974340498 65.694305420 -0.010578826 0.996871412 -0.078329094 -4.986088276 -0.977464199 0.006207219 0.211010009 60.111076355
0.206815705 0.079013079 0.975184202 66.286781311 -0.008964287 0.996844947 -0.078866966 -5.056249619 -0.978338838 0.007569099 0.206871480 60.202842712
0.204912052 0.079449430 0.975550532 66.913360596 -0.010259550 0.996819735 -0.079026610 -5.115854740 -0.978726625 0.006184796 0.205075473 60.348468781
0.202492744 0.082552515 0.975798070 67.532897949 -0.010673616 0.996567309 -0.082094669 -5.161916733 -0.979225636 0.006208283 0.202678770 60.490325928
0.204632401 0.084652126 0.975171566 68.130996704 -0.008535751 0.996369839 -0.084701151 -5.192113876 -0.978801608 0.009008775 0.204612136 60.599010468
0.202986270 0.085660800 0.975427508 68.727439880 -0.006644194 0.996263623 -0.086107969 -5.237460136 -0.979159057 0.010997804 0.202796981 60.724170685
0.201216847 0.084510230 0.975894451 69.307556152 -0.007586661 0.996375978 -0.084719636 -5.283930302 -0.979517341 0.009643235 0.201128796 60.833663940
0.198364034 0.080463767 0.976819992 69.852737427 -0.006152996 0.996707082 -0.080852434 -5.340687752 -0.980109036 0.010027847 0.198205948 60.954189301
0.195681050 0.076224796 0.977700710 70.429397583 -0.006671391 0.997055113 -0.076398484 -5.395473480 -0.980644882 0.008427113 0.195613280 61.081333160
0.194267884 0.075955264 0.978003442 70.996673584 -0.003133993 0.997040749 -0.076811224 -5.436207771 -0.980943501 0.011856900 0.193931043 61.183799744
0.193271875 0.077284500 0.978096604 71.541755676 0.000459182 0.996885598 -0.078859836 -5.482079506 -0.981145144 0.015690515 0.192634448 61.276191711
0.189948112 0.079200111 0.978594422 72.076644897 0.005495642 0.996639729 -0.081727251 -5.519087791 -0.981778741 0.020901944 0.188874558 61.387313843
0.187844783 0.081100091 0.978844762 72.610237122 0.004474351 0.996504247 -0.083421879 -5.559815884 -0.982188523 0.020050064 0.186825275 61.498119354
0.186892688 0.084025733 0.978780210 73.134361267 0.004712696 0.996247292 -0.086425081 -5.594827175 -0.982369125 0.020764910 0.185795322 61.591308594
0.185942218 0.082235485 0.979113281 73.705268860 0.005978838 0.996378243 -0.084821001 -5.648478508 -0.982542634 0.021625767 0.184777096 61.698246002
0.187055379 0.080486201 0.979046643 74.241004944 0.012076494 0.996374130 -0.084218003 -5.688725948 -0.982275188 0.027576879 0.185405165 61.785018921
0.188647881 0.078845076 0.978874564 74.793762207 0.016940536 0.996362209 -0.083518408 -5.728403091 -0.981898665 0.032338232 0.186625913 61.893470764
0.191500023 0.077774212 0.978406310 75.332489014 0.019793482 0.996346712 -0.083074421 -5.779059410 -0.981292963 0.035274819 0.189261019 61.979682922
0.194756240 0.077668697 0.977771699 75.879966736 0.016959282 0.996444225 -0.082529940 -5.822376251 -0.980705082 0.032655526 0.192746535 62.100448608
0.199534863 0.078077167 0.976775169 76.440002441 0.016469205 0.996412456 -0.083011173 -5.865997791 -0.979752302 0.032650333 0.197533205 62.222961426
0.206463665 0.076820575 0.975433886 76.989387512 0.017568339 0.996461391 -0.082195155 -5.904957771 -0.978296518 0.034107067 0.204383463 62.334125519
0.213737026 0.077260196 0.973831296 77.557449341 0.016080398 0.996454358 -0.082584359 -5.944586754 -0.976758838 0.033310935 0.211736798 62.468734741
0.222426042 0.074974298 0.972062588 78.125312805 0.016484823 0.996607065 -0.080639414 -5.990967751 -0.974810183 0.033960585 0.220435441 62.601867676
0.231309474 0.074752204 0.970004141 78.685874939 0.012809903 0.996723294 -0.079865970 -6.036762238 -0.972795904 0.030899420 0.229593962 62.747749329
0.240655109 0.074541725 0.967744112 79.276832581 0.011739538 0.996750116 -0.079695314 -6.079166412 -0.970539689 0.030539950 0.238997936 62.902179718
0.250590503 0.078271843 0.964923799 79.845680237 0.006587996 0.996565223 -0.082549393 -6.123795509 -0.968070745 0.027043018 0.249214128 63.062080383
0.261951417 0.080719292 0.961699486 80.470787048 0.003588614 0.996407688 -0.084609956 -6.155511856 -0.965074360 0.025614869 0.260720730 63.206054688
0.272836149 0.083314054 0.958446264 81.069732666 -0.000627533 0.996258378 -0.086422279 -6.203954697 -0.962060332 0.022977669 0.271867603 63.387016296
0.282249123 0.085257381 0.955545187 81.672225952 -0.002150147 0.996096909 -0.088240445 -6.251770020 -0.959338725 0.022851229 0.281330854 63.576274872
0.291910589 0.086158872 0.952556968 82.283515930 -0.004985764 0.996057808 -0.088565633 -6.300450802 -0.956432581 0.021104027 0.291189373 63.779533386
0.302480340 0.086531326 0.949219644 82.911300659 -0.005919300 0.996021867 -0.088911586 -6.350433350 -0.953137279 0.021275291 0.301789284 63.981922150
0.313185155 0.087534182 0.945649385 83.551078796 -0.010378385 0.995999157 -0.088757642 -6.401182652 -0.949635386 0.017983267 0.312840670 64.211563110
0.323659837 0.082649671 0.942556798 84.184669495 -0.009840386 0.996417642 -0.083993517 -6.445860863 -0.946122348 0.017910214 0.323313743 64.431869507
0.334001064 0.075505793 0.939543545 84.854812622 -0.006207963 0.996940970 -0.077911608 -6.503820896 -0.942552328 0.020189911 0.333448052 64.682601929
0.344409704 0.071208291 0.936115026 85.510971069 -0.004710679 0.997237861 -0.074124657 -6.547186852 -0.938807607 0.021119514 0.343793869 64.926277161
0.354897648 0.068078518 0.932423115 86.187530518 -0.005923503 0.997488916 -0.070574537 -6.598616600 -0.934886396 0.019523524 0.354409724 65.188034058
0.363827258 0.065562971 0.929156244 86.857574463 0.000222729 0.997513592 -0.070473611 -6.640531540 -0.931466341 0.025847172 0.362907946 65.462646484
0.373076290 0.060336515 0.925836742 87.574737549 0.006890971 0.997675478 -0.067795023 -6.677798271 -0.927775085 0.031672630 0.371793181 65.743545532
0.379991978 0.050526313 0.923608899 88.282722473 0.016882090 0.997961819 -0.061539471 -6.727204323 -0.924835682 0.038976949 0.378364474 66.026512146
0.387030005 0.045657292 0.920936108 88.998023987 0.022194685 0.998022676 -0.058806486 -6.780415058 -0.921799958 0.043199763 0.385251373 66.329147339
0.394913048 0.045747239 0.917578697 89.720657349 0.025177343 0.997845590 -0.060585022 -6.808702946 -0.918373466 0.047028020 0.392910391 66.631301880
0.402579874 0.052261386 0.913891852 90.434181213 0.027103404 0.997250736 -0.068967670 -6.846417904 -0.914983630 0.052534573 0.400056571 66.940261841
0.408863068 0.057545062 0.910779715 91.115226746 0.030043779 0.996620178 -0.076455787 -6.878937721 -0.912101090 0.058623198 0.405752331 67.248222351
0.414850116 0.059105411 0.907968044 91.842727661 0.028561087 0.996550322 -0.077921346 -6.935254097 -0.909441411 0.058258243 0.411730856 67.566192627
0.418919623 0.060174655 0.906027317 92.524749756 0.021282697 0.996877015 -0.076049007 -7.010107517 -0.907773912 0.051141117 0.416330636 67.902313232
0.423039287 0.064272821 0.903829038 93.218803406 0.014448837 0.996875763 -0.077652365 -7.058176517 -0.905996144 0.045909282 0.420788974 68.236968994
0.427662462 0.066692084 0.901474893 93.903999329 0.015073101 0.996609807 -0.080881007 -7.113956451 -0.903812826 0.048177786 0.425207317 68.572135925
0.431052029 0.070777647 0.899546921 94.566024780 0.011916441 0.996385455 -0.084107265 -7.178396225 -0.902248323 0.046974007 0.428650528 68.911590576
0.434838861 0.074220620 0.897444427 95.226417542 0.008787310 0.996200442 -0.086645670 -7.224658966 -0.900465369 0.045563031 0.432534456 69.238876343
0.438751191 0.072541527 0.895675778 95.886421204 0.007534705 0.996404409 -0.084390521 -7.289715767 -0.898576975 0.043775104 0.436627001 69.559074402
0.443343192 0.069262922 0.893671811 96.542343140 0.008763330 0.996627569 -0.081589773 -7.350211143 -0.896309137 0.044003822 0.441241026 69.878753662
0.446521670 0.066223525 0.892318785 97.178863525 0.009038199 0.996872663 -0.078505784 -7.403613091 -0.894727170 0.043119483 0.444526732 70.205558777
0.450063854 0.065442264 0.890595138 97.806167603 0.007500353 0.996998847 -0.077051289 -7.465333939 -0.892964900 0.041357774 0.448222339 70.527969360
0.453463376 0.067456380 0.888718426 98.415069580 0.005496673 0.996901155 -0.078472406 -7.511131287 -0.891257942 0.040469360 0.451687366 70.843414307
0.456042200 0.067900658 0.887364089 99.022872925 0.006442643 0.996807158 -0.079586245 -7.565013885 -0.889934838 0.042011656 0.454148650 71.165405273
0.458825022 0.065870143 0.886081636 99.630203247 0.008743579 0.996865213 -0.078633189 -7.616084099 -0.888483703 0.043826398 0.456810713 71.464614868
0.460912496 0.064989954 0.885062635 100.223983765 0.010898104 0.996825159 -0.078872025 -7.656683922 -0.887378633 0.045998607 0.458740920 71.760993958
0.462029964 0.064854458 0.884489715 100.805648804 0.009435296 0.996906698 -0.078026041 -7.714880943 -0.886814117 0.044395786 0.459988862 72.092056274
0.464325964 0.063914418 0.883355141 101.376121521 0.011707595 0.996862650 -0.078281112 -7.759941578 -0.885586917 0.046689916 0.462120891 72.389030457
0.466314852 0.065900028 0.882160723 101.929824829 0.009988319 0.996765614 -0.079741232 -7.818655014 -0.884562433 0.045995817 0.464148313 72.697128296
0.469273776 0.065804183 0.880597472 102.487068176 0.012883792 0.996603191 -0.081338733 -7.872205734 -0.882958651 0.049515575 0.466831982 72.984619141
0.472481757 0.065416917 0.878909349 103.030616760 0.014610233 0.996523142 -0.082024999 -7.917248726 -0.881219327 0.051596396 0.469883293 73.274192810
0.475380570 0.063466758 0.877488077 103.567001343 0.017769162 0.996498466 -0.081701003 -7.969371796 -0.879600704 0.054431293 0.472588271 73.579460144
0.478601456 0.062710941 0.875789881 104.078933716 0.018731868 0.996489882 -0.081590243 -8.013889313 -0.877832532 0.055454385 0.475746751 73.852981567
0.482044578 0.061802123 0.873964250 104.601501465 0.019702334 0.996492147 -0.081333704 -8.070393562 -0.875925243 0.056425601 0.479136020 74.130836487
0.485213161 0.061174728 0.872253299 105.107513428 0.020474054 0.996481299 -0.081276566 -8.110430717 -0.874156177 0.057295028 0.482253313 74.420928955
0.488838106 0.060555719 0.870270252 105.592880249 0.022157965 0.996404171 -0.081778772 -8.155588150 -0.872093081 0.059260003 0.485738516 74.689964294
0.492671549 0.061637215 0.868029714 106.110366821 0.021774281 0.996302962 -0.083104193 -8.206502914 -0.869942844 0.059843805 0.489508092 74.990806580
0.497034818 0.061807342 0.865526497 106.608467102 0.024137478 0.996089220 -0.084991947 -8.246679306 -0.867394805 0.063135594 0.493599176 75.276199341
0.501499534 0.065149434 0.862701476 107.085281372 0.021765830 0.995894969 -0.087860696 -8.297888756 -0.864884079 0.062839516 0.498022884 75.571487427
0.507193267 0.071183577 0.858887672 107.581062317 0.018169891 0.995478332 -0.093233816 -8.349432945 -0.861640751 0.062893458 0.503606439 75.860427856
0.513311565 0.078101322 0.854641080 108.053031921 0.013455424 0.994995534 -0.099009164 -8.398290634 -0.858096778 0.062322117 0.509691834 76.155166626
0.519100547 0.084502473 0.850525677 108.532089233 0.008328310 0.994553387 -0.103895098 -8.448451996 -0.854672551 0.061015449 0.515569448 76.470748901
0.525427103 0.088925585 0.846178770 109.022850037 0.004076103 0.994248927 -0.107017376 -8.504689217 -0.850828886 0.059678953 0.522042751 76.781684875
0.530718386 0.088956334 0.842866898 109.507713318 0.000121594 0.994468749 -0.105032966 -8.558504105 -0.847548306 0.055845425 0.527772009 77.104980469
0.535644710 0.088567242 0.839786053 109.990928650 -0.006804148 0.994904995 -0.100586802 -8.615610123 -0.844416201 0.048164759 0.533518136 77.448982239
0.543232441 0.079803064 0.835781038 110.467979431 -0.004443231 0.995731652 -0.092187710 -8.681604385 -0.839570582 0.046365783 0.541268349 77.750976562
0.549687684 0.078018509 0.831719041 110.968078613 -0.011220424 0.996228933 -0.086034559 -8.741247177 -0.835294902 0.037959892 0.548490107 78.079826355
0.555533290 0.076234534 0.827992201 111.467239380 -0.013562148 0.996486425 -0.082648672 -8.784256935 -0.831383646 0.034684736 0.554615319 78.448707581
0.560834646 0.079696931 0.824083090 111.987968445 -0.018435409 0.996311426 -0.083806776 -8.834598541 -0.827722490 0.031809438 0.560235262 78.849670410
0.568036437 0.082168549 0.818891287 112.512351990 -0.019383308 0.996063232 -0.086500674 -8.858431816 -0.822775126 0.033262711 0.567392886 79.192192078
0.574017882 0.085499682 0.814366877 113.027641296 -0.022156136 0.995791316 -0.088930234 -8.902822495 -0.818542957 0.033004325 0.573496461 79.578445435
0.580923736 0.087939985 0.809193492 113.549453735 -0.024615020 0.995589912 -0.090525590 -8.950331688 -0.813585758 0.032670151 0.580526471 79.945014954
0.586784422 0.088722274 0.804867923 114.125511169 -0.027623227 0.995593965 -0.089607842 -9.003930092 -0.809271872 0.030347440 0.586649835 80.382644653
