0.999954283 -0.000999049 -0.009508436 0.048496950 0.000887672 0.999930918 -0.011710410 0.067222364 0.009519481 0.011701436 0.999886155 0.437017500
0.999901891 -0.000027785 -0.014000934 0.041667033 -0.000152049 0.999917448 -0.012843186 0.056023285 0.014000136 0.012844056 0.999819458 0.892794728
0.999819815 -0.000083313 -0.018981900 0.038542315 -0.000195682 0.999891937 -0.014695503 0.053086221 0.018981075 0.014696572 0.999711752 1.365334034
0.999690831 0.001357747 -0.024823196 0.029119696 -0.001746698 0.999876022 -0.015653886 0.048585132 0.024798863 0.015692409 0.999569237 1.856123567
0.999568880 0.000730398 -0.029350083 0.010957912 -0.001229767 0.999854624 -0.016999755 0.051200818 0.029333400 0.017028522 0.999424577 2.362338305
0.999403298 0.002047769 -0.034478296 -0.006198734 -0.002693467 0.999821723 -0.018691616 0.044147979 0.034433872 0.018773329 0.999230623 2.875605583
0.999200165 0.005202582 -0.039648212 -0.034249544 -0.006005814 0.999778688 -0.020166855 0.042697892 0.039534505 0.020388847 0.999010146 3.404657841
0.998999178 0.005773274 -0.044352733 -0.062207200 -0.006628600 0.999794424 -0.019161770 0.038474128 0.044232983 0.019436592 0.998832166 3.948277235
0.998790860 0.005178369 -0.048886508 -0.093385756 -0.006017156 0.999837041 -0.017026283 0.031523779 0.048790365 0.017299859 0.998659134 4.496993542
0.998634100 0.005023001 -0.052005555 -0.133601189 -0.005784225 0.999878109 -0.014497180 0.019636706 0.051926397 0.014778191 0.998541474 5.045870781
0.998400152 0.006287397 -0.056190081 -0.163762614 -0.007171460 0.999853432 -0.015545639 0.007311173 0.056084104 0.015923737 0.998299003 5.706052780
0.998390019 0.006476079 -0.056349616 -0.214333728 -0.007393743 0.999843180 -0.016091958 -0.000880994 0.056236554 0.016482687 0.998281419 6.166274071
0.998182416 0.003718175 -0.060150258 -0.240388051 -0.004707595 0.999855876 -0.016315768 -0.020881236 0.060080919 0.016569277 0.998055995 6.935232639
0.998138666 0.004092417 -0.060846820 -0.281931818 -0.005146506 0.999839246 -0.017177017 -0.013142601 0.060766757 0.017458195 0.997999310 7.317155838
0.997953057 0.002185016 -0.063913368 -0.326591134 -0.003325104 0.999837220 -0.017737066 -0.029856615 0.063864201 0.017913276 0.997797847 8.161423683
0.997916043 0.005420684 -0.064297371 -0.367867231 -0.006729417 0.999774337 -0.020155301 -0.043615311 0.064173609 0.020545987 0.997727156 8.504673004
0.997708023 0.006075259 -0.067393526 -0.419170678 -0.007675335 0.999694169 -0.023508802 -0.057802811 0.067230090 0.023972191 0.997449398 9.404822350
0.997675002 0.011104323 -0.067238770 -0.468959719 -0.012864426 0.999584258 -0.025800770 -0.072233260 0.066924304 0.026605781 0.997403204 9.731522560
0.997478187 0.011818779 -0.069981590 -0.518116236 -0.013640762 0.999578714 -0.025614787 -0.097947121 0.069649383 0.026504803 0.997219265 10.663573265
0.997490168 0.012492184 -0.069693074 -0.574630260 -0.014251263 0.999590755 -0.024800500 -0.114544287 0.069354728 0.025731472 0.997260153 11.014004707
0.997284055 0.013219339 -0.072454534 -0.645146012 -0.014994661 0.999599099 -0.024013650 -0.135182291 0.072108045 0.025034865 0.997082591 11.980909348
0.997223854 0.013993243 -0.073135085 -0.681535184 -0.015741674 0.999602556 -0.023385361 -0.162276492 0.072778776 0.024471711 0.997047782 12.356528282
0.996956170 0.013628029 -0.076762646 -0.736133456 -0.015530990 0.999585271 -0.024247961 -0.190710112 0.076400355 0.025366357 0.996754527 13.325826645
0.997142553 0.014385942 -0.074160777 -0.846805334 -0.016337754 0.999534130 -0.025779478 -0.206497073 0.073755383 0.026917437 0.996913016 13.806321144
0.996993780 0.013731425 -0.076254539 -0.907565415 -0.015677270 0.999565125 -0.024978004 -0.225776404 0.075878404 0.026098380 0.996775448 14.787206650
0.997244835 0.016199332 -0.072389714 -1.037402391 -0.017793396 0.999611974 -0.021430209 -0.245817348 0.072014473 0.022659227 0.997146070 15.332762718
0.997191131 0.017203130 -0.072896034 -1.099061608 -0.018503480 0.999680758 -0.017200738 -0.278378427 0.072576866 0.018501256 0.997191072 16.312705994
0.997298956 0.015738409 -0.071741723 -1.146288872 -0.016831927 0.999750733 -0.014663443 -0.309983134 0.071493067 0.015831392 0.997315466 17.008943558
0.997363210 0.016476968 -0.070674367 -1.225818634 -0.017565994 0.999735832 -0.014815309 -0.322283864 0.070411570 0.016017713 0.997389495 18.010681152
0.997388482 0.017540768 -0.070059143 -1.285397530 -0.018848345 0.999659479 -0.018046657 -0.341652155 0.069718726 0.019320033 0.997379541 18.955162048
0.997528255 0.016978474 -0.068184622 -1.359040499 -0.018490395 0.999595582 -0.021604273 -0.389635056 0.067790262 0.022811636 0.997438729 19.568082809
0.997589827 0.016513687 -0.067393549 -1.427852035 -0.018217037 0.999527931 -0.024738828 -0.417832911 0.066953197 0.025906907 0.997419775 20.534091949
0.997765481 0.015357463 -0.065024227 -1.514138937 -0.016952047 0.999567091 -0.024042549 -0.446178764 0.064626858 0.025091123 0.997594059 21.321735382
0.997734427 0.013911654 -0.065821663 -1.574830055 -0.015229068 0.999692678 -0.019555597 -0.470061511 0.065529414 0.020513695 0.997639775 22.308879852
0.997878730 0.012638597 -0.063861683 -1.696029186 -0.013721211 0.999769151 -0.016542325 -0.497298241 0.063637860 0.017383493 0.997821569 23.156528473
0.997823000 0.006607254 -0.065617032 -1.748607635 -0.007821990 0.999802470 -0.018272882 -0.512919784 0.065483332 0.018746357 0.997677505 24.143255234
0.997771382 0.004143849 -0.066595256 -1.854588747 -0.005573816 0.999757528 -0.021301109 -0.565789461 0.066490829 0.021624830 0.997552693 25.145498276
0.997627795 0.004762704 -0.068672433 -1.917082191 -0.006537697 0.999649704 -0.025645718 -0.592712224 0.068526238 0.026033849 0.997309566 26.128196716
0.997421801 0.006760471 -0.071441114 -1.986908674 -0.008692959 0.999603689 -0.026773851 -0.622966826 0.071231797 0.027325865 0.997085452 27.121305466
0.997513115 0.006853999 -0.070146643 -2.156966209 -0.008570970 0.999670267 -0.024205156 -0.692476749 0.069957636 0.024746187 0.997242987 28.115982056
0.997345746 0.008888563 -0.072266139 -2.218981981 -0.010449921 0.999719501 -0.021256356 -0.719996035 0.072056942 0.021955114 0.997158825 29.103549957
0.997166157 0.009412786 -0.074639767 -2.274691820 -0.010943373 0.999737561 -0.020123888 -0.755770922 0.074430794 0.020883668 0.997007430 30.112873077
0.997229517 0.013196945 -0.073205844 -2.429787874 -0.014441448 0.999759495 -0.016496846 -0.831567228 0.072970539 0.017508339 0.997180402 31.073719025
0.997123957 0.013343741 -0.074604556 -2.485224247 -0.014413111 0.999800622 -0.013813836 -0.854052126 0.074405357 0.014849393 0.997117579 32.072902679
0.998463273 0.001890228 -0.055383082 -4.998282433 -0.001731821 0.999994218 0.002908095 -3.518026829 0.055388264 -0.002807712 0.998460948 32.970893860
0.998393238 0.001373916 -0.056646198 -5.048551559 -0.001237831 0.999996185 0.002437446 -3.527643681 0.056649335 -0.002363409 0.998391330 33.975330353
0.998450875 0.001918270 -0.055606835 -5.120965004 -0.001898979 0.999998212 0.000399813 -3.536766291 0.055607513 -0.000293598 0.998452663 34.978553772
0.998458862 0.004557888 -0.055309929 -5.188495636 -0.004672231 0.999987304 -0.001938157 -3.548570156 0.055300396 0.002193590 0.998467386 35.967239380
0.998387277 0.003930287 -0.056633897 -5.248600960 -0.004040699 0.999990106 -0.001835194 -3.562618732 0.056626115 0.002061075 0.998393297 36.987499237
0.998262942 0.001685849 -0.058892734 -5.285652161 -0.001725987 0.999998271 -0.000630638 -3.575021267 0.058891572 0.000731187 0.998264134 37.970729828
0.998284221 0.002555125 -0.058496967 -5.369674206 -0.002512262 0.999996483 0.000806281 -3.596001625 0.058498822 -0.000657938 0.998287201 38.968547821
0.998242736 0.005304591 -0.059019271 -5.433618546 -0.005459602 0.999982059 -0.002465514 -3.620692253 0.059005134 0.002783402 0.998253822 39.947635651
0.998159289 0.005772287 -0.060369845 -5.491076469 -0.006209334 0.999955773 -0.007054372 -3.630143881 0.060326446 0.007416246 0.998151124 40.936740875
0.998148918 0.006521554 -0.060466509 -5.559912205 -0.007034491 0.999940932 -0.008274028 -3.644326210 0.060408987 0.008684061 0.998135865 41.912338257
0.998123050 0.005203168 -0.061018895 -5.610291958 -0.005497510 0.999974072 -0.004656924 -3.668699980 0.060993075 0.004983634 0.998125672 42.889595032
0.997763336 -0.008885944 -0.066251621 -5.705922127 0.008325691 0.999927223 -0.008727776 -3.735816717 0.066324361 0.008156667 0.997764766 43.862762451
0.997684181 -0.011147211 -0.067095488 -5.766897202 0.010649706 0.999913096 -0.007767964 -3.759581566 0.067176238 0.007035431 0.997716308 44.836666107
0.997677445 -0.013835710 -0.066695124 -5.832980156 0.013247365 0.999869347 -0.009255627 -3.783265829 0.066814467 0.008350599 0.997730374 45.800907135
0.997611582 -0.016588392 -0.067052267 -5.901804447 0.015916949 0.999817729 -0.010535684 -3.803682804 0.067214817 0.009443250 0.997693777 46.760128021
0.997542858 -0.018241722 -0.067641638 -5.968601704 0.017665343 0.999802411 -0.009109458 -3.831805944 0.067794450 0.007892163 0.997668087 47.724704742
0.997393727 -0.021019889 -0.069021158 -6.031611919 0.020697739 0.999771237 -0.005379299 -3.848655224 0.069118448 0.003936699 0.997600675 48.676010132
0.996988773 -0.029254951 -0.071815260 -6.091514111 0.029149277 0.999571800 -0.002519310 -3.892430305 0.071858212 0.000418358 0.997414768 49.653453827
0.996969283 -0.027044635 -0.072943889 -6.157668591 0.027043357 0.999633729 -0.001005352 -3.903723240 0.072944373 -0.000970342 0.997335613 50.603645325
0.996922791 -0.025966853 -0.073963895 -6.238775253 0.025706725 0.999659479 -0.004466853 -3.928734064 0.074054718 0.002551737 0.997250915 51.555278778
0.996898413 -0.024730342 -0.074713670 -6.320966721 0.023888178 0.999640822 -0.012144739 -3.947685003 0.074987188 0.010322295 0.997131050 52.474430084
0.996928871 -0.021543801 -0.075290337 -6.387077332 0.020188101 0.999620855 -0.018721275 -3.995732784 0.075665124 0.017143814 0.996985853 53.391448975
0.996945620 -0.016977228 -0.076231100 -6.462595940 0.015638839 0.999713540 -0.018119710 -4.017531395 0.076516904 0.016872201 0.996925473 54.292736053
0.996926606 -0.013981164 -0.077082023 -6.543344021 0.012814017 0.999795914 -0.015615503 -4.052490711 0.077284612 0.014579779 0.996902406 55.204765320
0.996871591 -0.011301654 -0.078225456 -6.620539665 0.010223010 0.999847233 -0.014175642 -4.084523201 0.078373700 0.013331592 0.996834874 56.082965851
0.996780455 -0.010958707 -0.079426743 -6.690648079 0.009850595 0.999848723 -0.014329704 -4.107324123 0.079571776 0.013501171 0.996737659 56.954940796
0.996682763 -0.009484359 -0.080830894 -6.767745018 0.008411838 0.999872148 -0.013598906 -4.131241798 0.080949545 0.012873865 0.996635020 57.791820526
0.996575415 -0.008226653 -0.082278274 -6.835638046 0.007206533 0.999893486 -0.012687748 -4.164488792 0.082373895 0.012051359 0.996528625 58.649917603
0.996473014 -0.008524270 -0.083479941 -6.912520885 0.007527986 0.999896646 -0.012241974 -4.187380314 0.083575673 0.011570361 0.996434331 59.464351654
0.996363044 -0.008719512 -0.084762327 -6.985949993 0.007784440 0.999905109 -0.011355950 -4.205115795 0.084853299 0.010654821 0.996336401 60.293895721
0.996288478 -0.005589141 -0.085894950 -7.062187195 0.004836570 0.999948025 -0.008967169 -4.226310253 0.085940592 0.008518449 0.996263802 61.090366364
0.996167839 -0.004438025 -0.087349094 -7.137154579 0.004085912 0.999982715 -0.004209518 -4.254306793 0.087366275 0.003836487 0.996168852 61.887062073
0.996061206 -0.000936392 -0.088662453 -7.219251633 0.000706591 0.999996245 -0.002623247 -4.271073818 0.088664576 0.002550266 0.996058285 62.662654877
0.995971084 0.001464190 -0.089662634 -7.307834148 -0.002081772 0.999974728 -0.006794767 -4.288504124 0.089650452 0.006954049 0.995949030 63.411136627
0.995848298 0.001679480 -0.091012724 -7.373547554 -0.002972848 0.999896467 -0.014077153 -4.311949730 0.090979695 0.014289274 0.995750308 64.126388550
0.995723546 0.000513779 -0.092381351 -7.447449684 -0.002374870 0.999796391 -0.020036988 -4.328030586 0.092352249 0.020170694 0.995522022 64.858848572
0.995680153 0.001225222 -0.092841193 -7.513273239 -0.003195219 0.999772847 -0.021073367 -4.348304749 0.092794277 0.021278985 0.995457828 65.545906067
0.995639920 0.003930157 -0.093196608 -7.592554092 -0.005583477 0.999831498 -0.017486094 -4.373422623 0.093112193 0.017930215 0.995494127 66.217575073
0.995521963 0.004382018 -0.094428949 -7.667758942 -0.005892098 0.999859035 -0.015718812 -4.390059471 0.094346747 0.016204804 0.995407522 66.893730164
0.995443165 0.000958612 -0.095351845 -7.728684425 -0.002777777 0.999816597 -0.018947508 -4.413725853 0.095316194 0.019126033 0.995263278 67.518287659
0.995435297 -0.007194878 -0.095167056 -7.774712563 0.004908664 0.999694169 -0.024235509 -4.437415123 0.095312320 0.023657739 0.995166242 68.132499695
0.995610893 -0.009971536 -0.093057081 -7.824059486 0.007144053 0.999504030 -0.030668290 -4.461473465 0.093316749 0.029868877 0.995188355 68.727424622
0.995911658 -0.007652387 -0.090007551 -7.876148701 0.004866715 0.999503493 -0.031128183 -4.483193398 0.090201065 0.030562881 0.995454490 69.303993225
0.996321440 -0.002562638 -0.085655592 -7.938011169 0.000161561 0.999607086 -0.028026959 -4.506795883 0.085693777 0.027910018 0.995930612 69.872741699
0.996633768 -0.004209972 -0.081872582 -7.969213486 0.002199531 0.999694228 -0.024630444 -4.533867836 0.081951238 0.024367448 0.996338427 70.443122864
0.997088134 -0.007627697 -0.075873576 -8.007274628 0.006073844 0.999767482 -0.020689189 -4.549968719 0.076013751 0.020168103 0.996902823 70.988800049
0.997614920 -0.012268866 -0.067924932 -8.022365570 0.011205417 0.999808908 -0.016015224 -4.591056824 0.068108447 0.015215901 0.997561872 71.520645142
0.998326302 -0.008707816 -0.057173111 -8.058105469 0.007775399 0.999833405 -0.016510982 -4.601466179 0.057307359 0.016038802 0.998227835 72.039512634
0.999116242 -0.003395199 -0.041894533 -8.081130981 0.002714530 0.999863505 -0.016293289 -4.627643585 0.041944139 0.016165163 0.998989165 72.539939880
0.999709070 0.001511050 -0.024070427 -8.081101418 -0.001889807 0.999874651 -0.015720157 -4.639460087 0.024043664 0.015761072 0.999586582 73.032875061
0.999998152 -0.000128059 -0.001854439 -8.074922562 0.000100596 0.999890506 -0.014799508 -4.653316975 0.001856130 0.014799297 0.999888778 73.514701843
0.999692559 -0.003393783 0.024558492 -8.042280197 0.003738612 0.999894917 -0.014008981 -4.660198689 -0.024508372 0.014096491 0.999600291 73.973571777
0.998513281 -0.004566280 0.054316755 -7.995939255 0.005242340 0.999910533 -0.012310683 -4.673308849 -0.054255687 0.012577130 0.998447835 74.432525635
0.996196151 -0.005046722 0.086991370 -7.938794613 0.005909188 0.999935865 -0.009659810 -4.695495605 -0.086937048 0.010137120 0.996162176 74.870086670
0.992125392 -0.004500316 0.125167042 -7.868968010 0.005640279 0.999945760 -0.008754658 -4.703475952 -0.125120878 0.009391694 0.992097020 75.306861877
0.986097217 -0.004880110 0.166097790 -7.766282082 0.006274577 0.999949217 -0.007871756 -4.717276096 -0.166051000 0.008804511 0.986077785 75.727005005
0.977317274 -0.005213950 0.211716250 -7.659293175 0.006777663 0.999954700 -0.006660867 -4.733253479 -0.211672008 0.007944721 0.977308393 76.131462097
0.965573370 -0.002527035 0.260118753 -7.515247345 0.004931690 0.999950826 -0.008592212 -4.736463547 -0.260084301 0.009579236 0.965538383 76.532012939
0.949497104 -0.002109929 0.313768923 -7.365449905 0.005564965 0.999933302 -0.010116123 -4.754573345 -0.313726723 0.011351344 0.949445486 76.917648315
0.929640472 -0.001777392 0.368463695 -7.179384232 0.006385680 0.999915838 -0.011287801 -4.763879776 -0.368412644 0.012846489 0.929573596 77.275436401
0.905230045 -0.001323968 0.424919963 -6.979427338 0.006967504 0.999906838 -0.011727723 -4.773973465 -0.424864888 0.013576914 0.905154943 77.606605530
0.875545800 -0.001781113 0.483131826 -6.765613556 0.008529538 0.999894261 -0.011771282 -4.790379524 -0.483059794 0.014427189 0.875468493 77.930953979
0.841430366 -0.001817822 0.540362537 -6.518379211 0.010674772 0.999855042 -0.013258725 -4.788595676 -0.540260077 0.016924545 0.841327846 78.249328613
0.806288183 -0.004445392 0.591506183 -6.260517120 0.012257258 0.999882579 -0.009193504 -4.700001717 -0.591395855 0.014662867 0.806248069 78.646873474
0.765898943 -0.005996828 0.642932951 -5.985412598 0.012964585 0.999897242 -0.006117818 -4.717112541 -0.642830193 0.013020995 0.765897989 78.920440674
0.723250031 -0.006611269 0.690554500 -5.684329987 0.011830281 0.999925911 -0.002817264 -4.720443726 -0.690484762 0.010207042 0.723274827 79.173057556
0.677530527 -0.007490843 0.735456407 -5.380321503 0.012920164 0.999915004 -0.001718117 -4.718863010 -0.735381007 0.010666292 0.677569807 79.406188965
0.631030560 -0.008307407 0.775713384 -5.048709869 0.015298801 0.999881446 -0.001737228 -4.725880623 -0.775607109 0.012963724 0.631082773 79.609954834
0.583636999 -0.011943696 0.811926782 -4.713413239 0.020616878 0.999787509 -0.000112842 -4.745287418 -0.811752975 0.016805256 0.583759129 79.798118591
0.534330070 -0.001773135 0.845273972 -4.322181702 0.012658926 0.999902546 -0.005904700 -4.675027370 -0.845180988 0.013855319 0.534300447 80.000122070
0.486331344 0.001118760 0.873773694 -3.982072830 0.009140946 0.999938011 -0.006368041 -4.682026386 -0.873726487 0.011084089 0.486290991 80.162582397
0.440747917 0.003228235 0.897625029 -3.624145508 0.008010035 0.999939501 -0.007529245 -4.690999508 -0.897595227 0.010508511 0.440695435 80.301727295
0.398009181 0.000756308 0.917381048 -3.258655548 0.015105864 0.999858558 -0.007378036 -4.694136143 -0.917257071 0.016794363 0.397941530 80.413612366
0.358795732 -0.007122888 0.933388889 -2.873311996 0.030330293 0.999531686 -0.004031357 -4.700293541 -0.932923198 0.029756393 0.358843774 80.499191284
0.316383153 0.002104314 0.948629141 -2.300811768 0.023049736 0.999685228 -0.009905031 -4.458516121 -0.948351383 0.024999436 0.316235095 80.552429199
0.283578157 0.005564966 0.958932936 -1.911394119 0.020484986 0.999719799 -0.011859538 -4.473551750 -0.958730221 0.023006834 0.283384681 80.641921997
0.259660155 0.028357187 0.965283573 -0.398576736 0.013897054 0.999355435 -0.033096418 -2.821784735 -0.965600014 0.022008428 0.259098738 80.678443909
0.231215343 0.032461468 0.972360849 -0.005203247 0.010463582 0.999302328 -0.035848998 -2.847718477 -0.972846329 0.018463217 0.230714351 80.762023926
0.205215305 0.034390673 0.978112340 0.382900238 0.011556632 0.999227583 -0.037557758 -2.867869854 -0.978648543 0.019011114 0.204659402 80.827476501
0.181388319 0.036291111 0.982741654 0.802909851 0.018916633 0.999005079 -0.040383216 -2.885127306 -0.983229518 0.025915205 0.180521354 80.881835938
0.162061498 0.041907068 0.985890388 1.208274841 0.026441118 0.998554766 -0.046791788 -2.897636414 -0.986426413 0.033651192 0.160719216 80.914886475
0.142869383 0.048986282 0.988528550 1.647371292 0.029453661 0.998121738 -0.053718515 -2.901372910 -0.989303231 0.036790520 0.141158208 80.958595276
0.124676041 0.049678978 0.990953028 2.084218979 0.027103977 0.998202384 -0.053452488 -2.926230431 -0.991827250 0.033523016 0.123105422 81.014305115
0.108923294 0.045219548 0.993021131 2.546334267 0.025314467 0.998514652 -0.048246421 -2.959424973 -0.993727863 0.030392958 0.107616782 81.059631348
0.094804645 0.041726679 0.994621098 3.043885231 0.025965380 0.998677611 -0.044371806 -2.991902351 -0.995157242 0.030032368 0.093595825 81.097366333
0.081331618 0.039822124 0.995891213 3.497826576 0.028169459 0.998710454 -0.042235382 -3.010637760 -0.996288896 0.031488784 0.080104969 81.122970581
0.070058122 0.039150570 0.996774375 4.003313541 0.032427222 0.998612046 -0.041501898 -3.033782959 -0.997015774 0.035230167 0.068691343 81.136756897
0.059818685 0.039474331 0.997428417 4.494971752 0.035871629 0.998487353 -0.041667555 -3.059675217 -0.997564495 0.038271889 0.058312193 81.165489197
0.052392945 0.039917674 0.997828364 5.048263550 0.038115520 0.998392761 -0.041941591 -3.085277796 -0.997898877 0.040230196 0.050787248 81.179519653
0.046379134 0.040372331 0.998107672 5.550779343 0.039867107 0.998312056 -0.042233106 -3.108827591 -0.998128057 0.041750409 0.044691328 81.205970764
0.040926218 0.041547630 0.998297930 6.104305267 0.041183565 0.998215735 -0.043232568 -3.133085966 -0.998312950 0.042882811 0.039142124 81.221885681
0.034953356 0.042204998 0.998497427 6.713102818 0.041682940 0.998176873 -0.043650601 -3.164736986 -0.998519242 0.043146037 0.033130404 81.235000610
0.030562930 0.042211734 0.998641253 7.247033596 0.044548195 0.998057544 -0.043550439 -3.188091755 -0.998539686 0.045818668 0.028623113 81.246482849
0.027890254 0.042449567 0.998709321 7.904561043 0.046199683 0.997975528 -0.043708567 -3.217675924 -0.998542786 0.047359090 0.025872635 81.255165100
0.025083013 0.041595370 0.998819768 8.454756737 0.047448870 0.997958481 -0.042751070 -3.253058434 -0.998558700 0.048465196 0.023058150 81.260826111
0.022589065 0.040994812 0.998903990 9.126041412 0.049324576 0.997896433 -0.042068876 -3.281364441 -0.998527288 0.050220817 0.020519495 81.279060364
0.022045648 0.040429942 0.998939097 9.714267731 0.053985428 0.997676134 -0.041570235 -3.316570282 -0.998298287 0.054844607 0.019811787 81.277816772
0.023164690 0.039796837 0.998939157 10.418581963 0.058222923 0.997457683 -0.041087963 -3.347825766 -0.998034716 0.059112977 0.020788709 81.293182373
0.025473099 0.039941575 0.998877287 11.016554832 0.058967184 0.997401655 -0.041386317 -3.378767729 -0.997934878 0.059955236 0.023051672 81.305664062
0.029119998 0.040441673 0.998757541 11.781720161 0.061159700 0.997237086 -0.042163283 -3.405318499 -0.997703135 0.062311504 0.026566148 81.334663391
0.033800203 0.039342724 0.998653948 12.391627312 0.062216692 0.997204185 -0.041391373 -3.443359375 -0.997490108 0.063531980 0.031257927 81.346549988
0.037847098 0.038051385 0.998558819 13.191318512 0.063097805 0.997189760 -0.040390730 -3.478478193 -0.997289360 0.064535551 0.035339769 81.378982544
0.041691322 0.036091607 0.998478413 13.826328278 0.063324720 0.997242808 -0.038691059 -3.509039879 -0.997121692 0.064841449 0.039290875 81.405242920
0.045734286 0.033845525 0.998380065 14.649183273 0.060458682 0.997500062 -0.036585212 -3.545458317 -0.997122347 0.062033940 0.043573692 81.449333191
0.049593903 0.032912105 0.998227060 15.309903145 0.059254006 0.997599423 -0.035835266 -3.576117277 -0.997010231 0.060926162 0.047524668 81.488441467
0.053854994 0.033864565 0.997974277 16.134387970 0.056343541 0.997729361 -0.036896788 -3.614875555 -0.996957898 0.058216505 0.051824659 81.527015686
0.057019819 0.037341852 0.997674584 16.813766479 0.054068621 0.997718275 -0.040433668 -3.661508799 -0.996907830 0.056248404 0.054870710 81.570854187
0.058388177 0.042666808 0.997381866 17.661026001 0.048387222 0.997791052 -0.045516983 -3.702327728 -0.997120619 0.050918180 0.056194689 81.629325867
0.057985052 0.045620237 0.997274518 18.335582733 0.045415200 0.997800529 -0.048284885 -3.740361452 -0.997283936 0.048091210 0.055785690 81.675910950
0.058045868 0.045325726 0.997284472 19.192054749 0.043080065 0.997924447 -0.047862247 -3.788403749 -0.997384071 0.045741279 0.055972777 81.728477478
0.058267660 0.043310098 0.997360945 19.867687225 0.040307179 0.998141646 -0.045698818 -3.829578400 -0.997487009 0.042863570 0.056413677 81.772369385
0.057948180 0.041993104 0.997435927 20.730331421 0.040917601 0.998175502 -0.044401437 -3.880713940 -0.997480750 0.043385666 0.056124195 81.827003479
0.058492370 0.041315753 0.997432411 21.400556564 0.038457293 0.998308361 -0.043607268 -3.920086384 -0.997546852 0.040909261 0.056804534 81.868499756
0.058730815 0.041618846 0.997405946 22.243564606 0.037289355 0.998341799 -0.043853622 -3.968164921 -0.997577131 0.039768182 0.057081483 81.920570374
0.058805835 0.042033616 0.997384071 22.933410645 0.033956587 0.998450756 -0.044080660 -4.011692524 -0.997691751 0.036459956 0.057287410 81.965461731
0.057368781 0.043245118 0.997415960 23.769027710 0.031146951 0.998497605 -0.045083500 -4.064744473 -0.997867107 0.033652838 0.055935625 82.020118713
0.054447498 0.042988062 0.997590899 24.454475403 0.027865795 0.998618305 -0.044553228 -4.098779678 -0.998127639 0.030224483 0.053174376 82.065567017
0.050477836 0.042084571 0.997838140 25.290512085 0.025710817 0.998725832 -0.043422665 -4.140033722 -0.998394191 0.027847113 0.049331490 82.117233276
0.045839421 0.039441358 0.998169839 25.985847473 0.023988377 0.998888552 -0.040571392 -4.181971550 -0.998660743 0.025804242 0.044842344 82.143867493
0.040004984 0.037419427 0.998498619 26.796432495 0.021863572 0.999026418 -0.038315177 -4.224970818 -0.998960316 0.023363538 0.039147921 82.169128418
0.032146860 0.037489470 0.998779774 27.513460159 0.021659134 0.999035478 -0.038196191 -4.265187263 -0.999248505 0.022860596 0.031303871 82.203964233
0.023484418 0.037969392 0.999002874 28.334926605 0.021258414 0.999033570 -0.038470298 -4.314007282 -0.999498188 0.022140672 0.022654556 82.219146729
0.013354633 0.038753912 0.999159455 29.162515640 0.022812029 0.998976707 -0.039051723 -4.349252701 -0.999650598 0.023314381 0.012456907 82.237472534
0.003356526 0.037842274 0.999277949 29.786748886 0.025077727 0.998966277 -0.037914693 -4.384617805 -0.999679804 0.025186887 0.002404060 82.234527588
-0.007568733 0.036912411 0.999289751 30.616569519 0.023671409 0.999045134 -0.036724079 -4.427109241 -0.999691069 0.023376644 -0.008435275 82.232994080
-0.018952085 0.035930753 0.999174535 31.289091110 0.025267329 0.999051929 -0.035447091 -4.463265419 -0.999501050 0.024574677 -0.019841993 82.220619202
-0.030204337 0.036240827 0.998886526 32.094242096 0.025949871 0.999033928 -0.035461511 -4.501022816 -0.999206901 0.024849890 -0.031115606 82.203971863
-0.041277628 0.037215069 0.998454332 32.902320862 0.026293889 0.999000371 -0.036148388 -4.536677837 -0.998801649 0.024761131 -0.042214897 82.178558350
-0.051178202 0.038367428 0.997952223 33.515567780 0.026681351 0.998957574 -0.037037779 -4.572107315 -0.998333097 0.024731183 -0.052148562 82.122817993
-0.061832808 0.039405048 0.997308314 34.292892456 0.027633213 0.998904824 -0.037754882 -4.607758045 -0.997704029 0.025224341 -0.062853992 82.082969666
-0.071104810 0.039268851 0.996695697 34.958431244 0.027912121 0.998911917 -0.037364911 -4.665554523 -0.997078180 0.025163066 -0.072123528 82.019577026
-0.081530094 0.039562199 0.995885372 35.748714447 0.029230302 0.998876929 -0.037288059 -4.707046509 -0.996242166 0.026069928 -0.082594946 81.971389771
-0.089754149 0.039871324 0.995165527 36.399108887 0.029822618 0.998857856 -0.037329547 -4.745325089 -0.995517313 0.026327962 -0.090840705 81.885604858
-0.098868690 0.039541084 0.994314551 37.149192810 0.030934235 0.998849452 -0.036645506 -4.781657219 -0.994619548 0.027135270 -0.099978119 81.825813293
-0.105564445 0.038368996 0.993671894 37.797210693 0.032836914 0.998844862 -0.035080262 -4.817407608 -0.993870139 0.028925892 -0.106702425 81.730224609
-0.111123033 0.036737502 0.993127286 38.534137726 0.036104195 0.998806000 -0.032907803 -4.854669571 -0.993150651 0.032199249 -0.112316728 81.651878357
-0.114616945 0.035348527 0.992780507 39.266090393 0.038731340 0.998765767 -0.031090090 -4.882906437 -0.992654383 0.034888275 -0.115844585 81.558975220
-0.116874076 0.034090772 0.992561460 39.853374481 0.040526908 0.998741925 -0.029531004 -4.914649963 -0.992319465 0.036774047 -0.118108638 81.478805542
-0.118912779 0.033014238 0.992355704 40.550754547 0.040321779 0.998783171 -0.028396359 -4.954065323 -0.992085636 0.036636863 -0.120099284 81.397018433
-0.119917169 0.033785593 0.992208898 41.235420227 0.041900985 0.998702407 -0.028942605 -4.978907108 -0.991899312 0.038103819 -0.121177234 81.323593140
-0.118222326 0.034872115 0.992374599 41.795009613 0.042257644 0.998654604 -0.030058606 -5.002618313 -0.992087543 0.038381822 -0.119536854 81.242324829
-0.115425877 0.036283601 0.992653251 42.403202057 0.042484172 0.998598576 -0.031560853 -5.034636021 -0.992407084 0.038529117 -0.116805598 81.167015076
-0.110216811 0.036671676 0.993230820 42.974464417 0.043145914 0.998553574 -0.032080386 -5.063156128 -0.992970765 0.039318051 -0.111639619 81.113502502
-0.102394432 0.037340287 0.994042873 43.566768646 0.043193955 0.998519599 -0.033059128 -5.093363285 -0.993805766 0.039551567 -0.103855737 81.057678223
-0.090974428 0.037241720 0.995156527 44.092918396 0.041670889 0.998567581 -0.033559930 -5.123416901 -0.994980991 0.038415968 -0.092395991 81.012947083
-0.077551141 0.037632085 0.996277750 44.662246704 0.040202543 0.998592615 -0.034590118 -5.151191711 -0.996177495 0.037370406 -0.078954898 80.982421875
-0.060125317 0.039009314 0.997428417 45.134563446 0.039489217 0.998546720 -0.036672629 -5.180863857 -0.997409344 0.037182707 -0.061578386 80.961585999
-0.038969405 0.041178565 0.998391628 45.665576935 0.036993381 0.998524964 -0.039740134 -5.214944839 -0.998555303 0.035385229 -0.040435266 80.957748413
-0.014040540 0.044397935 0.998915374 46.137031555 0.035246827 0.998414814 -0.043880276 -5.240271568 -0.999279976 0.034592491 -0.015583172 80.961196899
0.014165800 0.045815393 0.998849452 46.651943207 0.032502044 0.998400748 -0.046255752 -5.275327682 -0.999371231 0.033119898 0.012654051 80.987808228
0.047449827 0.045249507 0.997848213 47.158443451 0.029684424 0.998468280 -0.046689186 -5.306169510 -0.998432398 0.031835943 0.046033941 81.029136658
0.086161800 0.042737193 0.995364189 47.585796356 0.028103564 0.998577654 -0.045307901 -5.334342957 -0.995884597 0.031877089 0.084838204 81.072227478
0.128176481 0.039128456 0.990979135 48.094097137 0.025266012 0.998768210 -0.042703990 -5.363501549 -0.991429508 0.030511737 0.127029985 81.159889221
0.174020797 0.033978265 0.984155655 48.557777405 0.021193301 0.999043822 -0.038239729 -5.405362129 -0.984513879 0.027512014 0.173134297 81.259101868
0.222512096 0.030763416 0.974444449 48.986373901 0.015120059 0.999272883 -0.034999877 -5.428596020 -0.974812627 0.022521557 0.221885189 81.386726379
0.274447560 0.029164931 0.961159706 49.440914154 0.010239873 0.999394536 -0.033248980 -5.454998970 -0.961547494 0.018967258 0.273982793 81.538497925
0.329068452 0.029075470 0.943858325 49.870204926 0.007419572 0.999415338 -0.033373673 -5.475481033 -0.944276869 0.017985247 0.328660399 81.719970703
0.387414545 0.029633895 0.921429157 50.301780701 0.008573933 0.999324203 -0.035743963 -5.499693394 -0.921865642 0.021748003 0.386898696 81.931526184
0.448068708 0.035134025 0.893308461 50.658454895 0.005473405 0.999100924 -0.042040229 -5.510875702 -0.893982470 0.023726352 0.447473526 82.131469727
0.506895602 0.038294401 0.861156404 51.047252655 0.005909133 0.998834908 -0.047895007 -5.536165714 -0.861987293 0.029366456 0.506078720 82.409133911
0.565542579 0.043926205 0.823548555 51.376373291 -0.002541745 0.998668611 -0.051521260 -5.559381962 -0.824715257 0.027044220 0.564901233 82.670425415
0.620853603 0.047992319 0.782456219 51.715164185 -0.007590756 0.998445511 -0.055217117 -5.562008858 -0.783889830 0.028342310 0.620252728 82.997512817
0.672411859 0.051251780 0.738400459 51.966438293 -0.014145429 0.998307407 -0.056410402 -5.591281414 -0.740041852 0.027486041 0.671998858 83.303543091
0.721238494 0.048360996 0.690996289 52.266181946 -0.015510345 0.998437226 -0.053688776 -5.630845070 -0.692512929 0.028004836 0.720861673 83.681381226
0.766780853 0.047565054 0.640144169 52.501655579 -0.021185229 0.998582900 -0.048822138 -5.637878418 -0.641559184 0.023874288 0.766701937 84.017005920
0.807702124 0.041620381 0.588119805 52.745559692 -0.022177976 0.998944044 -0.040235404 -5.667515755 -0.589173377 0.019454923 0.807772338 84.442611694
0.844570041 0.042094514 0.533787787 52.931957245 -0.028683914 0.999030352 -0.033399265 -5.674534798 -0.534676135 0.012896898 0.844958663 84.808555603
0.875684023 0.037763394 0.481405437 53.123432159 -0.029538805 0.999259472 -0.024654409 -5.699230194 -0.481979966 0.007369332 0.876151323 85.258758545
0.901627421 0.040429149 0.430619895 53.260475159 -0.036010552 0.999181747 -0.018410612 -5.712051392 -0.431011856 0.001092655 0.902345598 85.629806519
0.921768606 0.041321807 0.385532230 53.409652710 -0.039427571 0.999140084 -0.012821705 -5.737187386 -0.385730565 -0.003381954 0.922605276 86.108818054
0.937128901 0.048681635 0.345571339 53.509712219 -0.048266347 0.998786271 -0.009812044 -5.744419575 -0.345629573 -0.007484316 0.938341260 86.480133057
0.949234188 0.052674506 0.310128868 53.642883301 -0.052236654 0.998587370 -0.009722671 -5.751315594 -0.310202897 -0.006970999 0.950644910 86.987083435
0.958533823 0.055321902 0.279557645 53.768463135 -0.055001985 0.998445690 -0.008995089 -5.756654263 -0.279620737 -0.006754129 0.960086882 87.492248535
0.964878559 0.048759218 0.258131802 53.900032043 -0.048240338 0.998800755 -0.008347235 -5.763289928 -0.258229256 -0.004398295 0.966073692 88.009124756
0.968936682 0.047344703 0.242734715 53.941780090 -0.047126278 0.998866320 -0.006709584 -5.782143593 -0.242777228 -0.004938021 0.970069528 88.292648315
0.971668959 0.051312532 0.230708137 54.045978546 -0.051128995 0.998669088 -0.006778097 -5.789988041 -0.230748907 -0.005209811 0.972999334 88.846305847
0.973700583 0.056890473 0.220614016 54.128929138 -0.056995254 0.998356998 -0.005895820 -5.791604519 -0.220586985 -0.006833189 0.975343347 89.253768921
0.974572897 0.064193204 0.214678571 54.239013672 -0.064097859 0.997916043 -0.007413021 -5.792725563 -0.214707077 -0.006535906 0.976656675 89.814239502
0.974684358 0.070903555 0.212044910 54.308853149 -0.070279934 0.997472167 -0.010486320 -5.806596756 -0.212252364 -0.004681653 0.977203608 90.258056641
0.974590957 0.072815716 0.211825863 54.427158356 -0.071693026 0.997342229 -0.012986128 -5.826134205 -0.212208450 -0.002530276 0.977221131 90.853073120
0.974392772 0.071377397 0.213222966 54.538475037 -0.069500521 0.997448742 -0.016295137 -5.840776443 -0.213842139 0.001058753 0.976867616 91.284736633
0.973244011 0.070116110 0.218814701 54.645507812 -0.066671513 0.997507513 -0.023095869 -5.848900795 -0.219888762 0.007889204 0.975493014 91.933708191
0.972659886 0.070715010 0.221205994 54.778541565 -0.066197090 0.997419655 -0.027780842 -5.864147663 -0.222599745 0.012378115 0.974831462 92.365524292
0.971421778 0.075285420 0.225104079 54.928588867 -0.070819639 0.997099876 -0.027859764 -5.880190372 -0.226548731 0.011121787 0.973936379 92.986793518
0.969693244 0.078875624 0.231243402 55.028694153 -0.075444184 0.996869206 -0.023658995 -5.896080971 -0.232385591 0.005495998 0.972608149 93.486061096
0.968604624 0.076033235 0.236693472 55.188415527 -0.073564954 0.997104526 -0.019255837 -5.915157318 -0.237472221 0.001238947 0.971393526 94.143447876
0.968004286 0.071626902 0.240493819 55.319274902 -0.070414260 0.997424662 -0.013643287 -5.932888031 -0.240851656 -0.003727438 0.970554769 94.663078308
0.967310548 0.069004640 0.244025812 55.500579834 -0.068827830 0.997585595 -0.009261983 -5.949572086 -0.244075716 -0.007836553 0.969724536 95.335739136
0.966857016 0.064448938 0.247049943 55.637428284 -0.064310916 0.997892559 -0.008636516 -5.960796356 -0.247085959 -0.007537731 0.968964279 95.870201111
0.967009366 0.061042503 0.247318864 55.811904907 -0.059893329 0.998130620 -0.012174507 -5.971737862 -0.247599646 -0.003039885 0.968857646 96.552131653
0.967202485 0.060773768 0.246628970 55.959259033 -0.057926245 0.998143911 -0.018791633 -5.987004280 -0.247313276 0.003889021 0.968927741 97.108245850
0.967224121 0.063455425 0.245867521 56.130760193 -0.059012905 0.997933924 -0.025402384 -6.001736641 -0.246971458 0.010060445 0.968970537 97.813926697
0.967783153 0.066468142 0.242853090 56.266098022 -0.061253298 0.997701645 -0.028970117 -6.018654823 -0.244220600 0.013161239 0.969630420 98.381568909
0.968426287 0.064925104 0.240697205 56.444805145 -0.060829356 0.997849405 -0.024415473 -6.038109779 -0.241764754 0.009003129 0.970293224 99.120994568
0.968932211 0.061019868 0.239680499 56.591625214 -0.058690723 0.998133957 -0.016850194 -6.058228493 -0.240261391 0.002259678 0.970705569 99.714370728
0.969480574 0.061645154 0.237291306 56.778999329 -0.060799841 0.998090565 -0.010886122 -6.077457428 -0.237509280 -0.003873387 0.971377492 100.487960815
0.969651639 0.065135881 0.235654503 56.917526245 -0.064226173 0.997868598 -0.011542591 -6.094309807 -0.235904053 -0.003942890 0.971768379 101.091941833
0.969846725 0.070476934 0.233303204 57.088829041 -0.068535440 0.997513413 -0.016428530 -6.108611584 -0.233880907 -0.000056380 0.972265303 101.867568970
0.970657229 0.072120413 0.229397357 57.230907440 -0.069015093 0.997382939 -0.021542067 -6.121700764 -0.230350688 0.005078081 0.973094404 102.502326965
0.971612334 0.070880562 0.225710720 57.409851074 -0.067129694 0.997449160 -0.024259988 -6.145440578 -0.226854593 0.008419419 0.973892272 103.306045532
0.972718298 0.068501279 0.221645012 57.557857513 -0.065150082 0.997623861 -0.022404373 -6.164882660 -0.222653076 0.007352955 0.974870026 103.943679810
0.973726034 0.064907230 0.218276128 57.742206573 -0.061957337 0.997871459 -0.020339299 -6.187343121 -0.219131693 0.006281102 0.975675046 104.762428284
0.974153221 0.063775092 0.216698289 57.888462067 -0.061464515 0.997957706 -0.017392742 -6.206816673 -0.217364937 0.003623941 0.976083636 105.433166504
0.974625111 0.060482565 0.215517119 58.072586060 -0.058555663 0.998166561 -0.015320554 -6.219434261 -0.216048598 0.002312048 0.976379812 106.270042419
0.974946439 0.055988759 0.215278134 58.226081848 -0.054289814 0.998429716 -0.013801605 -6.240482330 -0.215712875 0.001768414 0.976455271 106.948799133
0.975019693 0.056667939 0.214767680 58.406936646 -0.055350445 0.998392999 -0.012148423 -6.263877869 -0.215111032 -0.000042535 0.976589620 107.783287048
0.974615574 0.062280457 0.215048119 58.554077148 -0.060655974 0.998058379 -0.014151677 -6.280146122 -0.215511933 0.000748491 0.976500869 108.487426758
0.974199176 0.067465320 0.215370610 58.728164673 -0.065223232 0.997717142 -0.017508907 -6.297407150 -0.216060162 0.003009996 0.976375401 109.323997498
0.973352611 0.076697923 0.216106385 58.879543304 -0.074317783 0.997051060 -0.019130899 -6.317151546 -0.216936395 0.002560558 0.976182401 110.045288086
0.972150445 0.082806602 0.219240725 59.058895111 -0.080649905 0.996565461 -0.018784644 -6.339837074 -0.220043227 0.000579760 0.975489974 110.899223328
0.971235096 0.085400708 0.222281337 59.211845398 -0.083790809 0.996343732 -0.016680971 -6.363919258 -0.222893178 -0.002423991 0.974839866 111.621871948
0.970677495 0.085744068 0.224573031 59.411243439 -0.083886474 0.996315956 -0.017818063 -6.385852814 -0.225273505 -0.001543046 0.974294305 112.480979919
0.970405579 0.084121369 0.226355016 59.605361938 -0.081565820 0.996454298 -0.020636393 -6.410006046 -0.227288365 0.001562832 0.973826230 113.332351685
0.970596910 0.078342736 0.227604717 59.765388489 -0.075988881 0.996925592 -0.019100199 -6.434378624 -0.228401303 0.001243169 0.973566294 113.993484497
0.971191108 0.071556874 0.227304563 59.985916138 -0.068635941 0.997426093 -0.020739030 -6.462406635 -0.228203505 0.004540297 0.973602951 114.831184387
0.970925450 0.070729434 0.228694275 60.186042786 -0.067686848 0.997482777 -0.021130888 -6.486660004 -0.229613125 0.005036925 0.973268986 115.702873230
0.970221043 0.073564246 0.230779901 60.334892273 -0.071361259 0.997290194 -0.017890133 -6.512272835 -0.231470555 0.000888637 0.972841442 116.371353149
0.969593763 0.075813338 0.232680783 60.524684906 -0.075031877 0.997106314 -0.012220761 -6.534615517 -0.232933968 -0.005609303 0.972476304 117.235084534
0.969045877 0.079534940 0.233718336 60.721252441 -0.079822816 0.996774971 -0.008242747 -6.558037281 -0.233620152 -0.010668455 0.972269416 118.073257446
0.968974948 0.078718551 0.234287784 60.885345459 -0.077388436 0.996889889 -0.014880352 -6.578320503 -0.234730572 -0.003712480 0.972053409 118.750411987
0.969504178 0.074588157 0.233448938 61.087944031 -0.069683269 0.997141659 -0.029200196 -6.607946396 -0.234959722 0.012042224 0.971930563 119.566207886
0.969821870 0.072385341 0.232821301 61.328948975 -0.065311573 0.997142613 -0.037960075 -6.643243790 -0.234903753 0.021608589 0.971778393 120.564117432
