0.999999762 -0.000660114 -0.000297589 -0.002436375 0.000660616 0.999998331 0.001689988 -0.021447934 0.000296473 -0.001690185 0.999998510 1.318914533
0.999997973 -0.001774577 -0.000973494 -0.001786236 0.001776236 0.999996960 0.001705307 -0.040072598 0.000970465 -0.001707033 0.999998033 2.632902622
0.999993920 -0.003331629 -0.001027426 -0.007207494 0.003332421 0.999994278 0.000770946 -0.059649821 0.001024851 -0.000774365 0.999999166 3.948076248
0.999992251 -0.003803933 -0.001113743 -0.010326650 0.003804974 0.999992311 0.000934274 -0.081058070 0.001110181 -0.000938504 0.999998927 5.254141808
0.999989688 -0.004282641 -0.001473819 -0.006101578 0.004284962 0.999989510 0.001575462 -0.098881550 0.001467058 -0.001581761 0.999997675 6.589405537
0.999983549 -0.005604490 -0.001235680 -0.011552922 0.005608019 0.999980152 0.002872044 -0.117573917 0.001219559 -0.002878927 0.999995112 7.914245129
0.999985576 -0.005117310 -0.001647719 -0.017501375 0.005122736 0.999981403 0.003305446 -0.136697263 0.001630774 -0.003313840 0.999993205 9.241763115
0.999988198 -0.004369724 -0.002111319 -0.020274755 0.004372592 0.999989510 0.001356344 -0.154374853 0.002105370 -0.001365560 0.999996841 10.580101013
0.999999404 0.000919353 0.000543804 0.006354860 -0.000918376 0.999997973 -0.001793201 -0.172982723 -0.000545452 0.001792701 0.999998271 11.921057701
0.999995530 0.001714858 -0.002427114 -0.038312320 -0.001719033 0.999996960 -0.001718935 -0.197189748 0.002424160 0.001723100 0.999995589 13.238788605
0.999976993 0.006762767 0.000493940 -0.007951465 -0.006761359 0.999973178 -0.002799064 -0.221334159 -0.000512859 0.002795660 0.999995887 14.596505165
0.999967277 0.008066544 0.000592598 -0.016891701 -0.008065248 0.999965131 -0.002158939 -0.240833342 -0.000609993 0.002154089 0.999997437 15.939347267
0.999984860 0.005493893 0.000169190 -0.015932342 -0.005493976 0.999984860 0.000492529 -0.259961873 -0.000166482 -0.000493451 0.999999821 17.146558762
0.999995828 -0.000372365 0.002867809 -0.001219142 0.000364365 0.999996066 0.002789468 -0.277334094 -0.002868839 -0.002788411 0.999992013 18.656991959
0.999996305 -0.002196403 0.001625835 0.001695899 0.002196854 0.999997556 -0.000276292 -0.283929557 -0.001625226 0.000279863 0.999998629 19.939237595
0.999994993 -0.002881016 0.001245263 0.007762635 0.002883681 0.999993563 -0.002143652 -0.313705891 -0.001239077 0.002147232 0.999996901 21.351310730
0.999999166 -0.001103140 0.000508381 0.016573645 0.001105020 0.999992549 -0.003713474 -0.335473746 -0.000504282 0.003714033 0.999992967 22.664531708
0.999987960 -0.001162895 0.004765157 0.004801653 0.001166929 0.999998987 -0.000843975 -0.361447901 -0.004764172 0.000849525 0.999988317 24.069507599
0.999990284 0.000287082 0.004401563 0.009230882 -0.000297607 0.999997139 0.002390760 -0.374350488 -0.004400862 -0.002392047 0.999987543 25.431104660
0.999980569 -0.002948285 0.005490308 0.011715189 0.002922916 0.999984980 0.004623087 -0.395868123 -0.005503856 -0.004606949 0.999974251 26.826057434
0.999966979 -0.006639323 0.004677077 0.004170910 0.006628536 0.999975264 0.002318034 -0.400284767 -0.004692353 -0.002286955 0.999986410 28.185997009
0.999953926 -0.008331627 0.004769474 0.037495106 0.008329351 0.999965191 0.000496993 -0.424538046 -0.004773447 -0.000457244 0.999988496 29.586250305
0.999969184 -0.006521634 0.004385054 0.037604414 0.006535789 0.999973476 -0.003221248 -0.427237868 -0.004363928 0.003249808 0.999985218 30.964614868
0.999959648 -0.007319959 0.005206882 0.043692365 0.007332725 0.999970138 -0.002436876 -0.467811525 -0.005188890 0.002474958 0.999983490 32.337471008
0.999965668 -0.006561131 0.005055573 0.035438150 0.006583532 0.999968588 -0.004427271 -0.504516006 -0.005026367 0.004460403 0.999977469 33.703311920
0.999979079 -0.004728229 0.004400542 0.044132419 0.004749677 0.999976814 -0.004876367 -0.512756467 -0.004377384 0.004897166 0.999978423 35.070274353
0.999970198 -0.005662913 0.005249470 0.044841260 0.005678088 0.999979675 -0.002880248 -0.543361783 -0.005233054 0.002909969 0.999982059 36.518920898
0.999975085 -0.004898610 0.005075399 0.014829978 0.004909098 0.999985814 -0.002056002 -0.535475552 -0.005065256 0.002080866 0.999984980 37.896709442
0.999987185 -0.001412391 0.004861203 0.043651268 0.001417644 0.999998391 -0.001077342 -0.593091905 -0.004859676 0.001084219 0.999987602 39.318927765
0.999991834 -0.000045292 0.004042285 0.067342684 0.000052903 0.999998152 -0.001882554 -0.600522041 -0.004042194 0.001882752 0.999989986 40.651000977
0.999989927 0.001723990 0.004143894 0.041813016 -0.001720769 0.999998152 -0.000780737 -0.652862072 -0.004145235 0.000773598 0.999991059 42.127513885
0.999993622 0.002700950 0.002336348 0.061873235 -0.002697886 0.999995470 -0.001313480 -0.667166591 -0.002339886 0.001307169 0.999996424 43.516799927
0.999993205 0.001576340 0.003319292 0.038971595 -0.001573504 0.999998391 -0.000857055 -0.702009499 -0.003320637 0.000851826 0.999994099 44.937942505
0.999998868 0.000757628 0.001284635 0.059942286 -0.000755435 0.999998271 -0.001707607 -0.718287408 -0.001285926 0.001706635 0.999997675 46.314285278
0.999998987 -0.000106230 0.001438500 0.047098204 0.000107938 0.999999225 -0.001186972 -0.749570549 -0.001438371 0.001187128 0.999998271 47.757717133
0.999999523 0.000616302 -0.000672237 0.052045856 -0.000616704 0.999999583 -0.000598426 -0.766197622 0.000671870 0.000598841 0.999999642 49.167007446
0.999999821 0.000575161 -0.000175323 0.030059177 -0.000575222 0.999999762 -0.000348177 -0.793086708 0.000175122 0.000348278 0.999999881 50.600585938
0.999996901 0.000123126 -0.002475807 0.021513134 -0.000121473 0.999999762 0.000667797 -0.822098136 0.002475889 -0.000667494 0.999996722 52.012611389
0.999997139 0.000896203 -0.002223069 0.009996705 -0.000894218 0.999999166 0.000893972 -0.833359838 0.002223869 -0.000891980 0.999997139 53.454624176
0.999992371 -0.000663420 -0.003871395 0.005863428 0.000670498 0.999998033 0.001826930 -0.856012702 0.003870177 -0.001829510 0.999990940 54.864212036
0.999988377 -0.001966605 -0.004398823 -0.002480999 0.001973123 0.999996960 0.001477546 -0.860982120 0.004395904 -0.001486208 0.999989212 56.316547394
0.999976218 -0.004824647 -0.004929593 -0.019258738 0.004828488 0.999988019 0.000767344 -0.879683018 0.004925831 -0.000791128 0.999987483 57.714382172
0.999975145 -0.004700821 -0.005256934 -0.017946064 0.004706617 0.999988317 0.001090876 -0.906144559 0.005251748 -0.001115591 0.999985576 59.160652161
0.999971211 -0.005283234 -0.005447618 -0.029945403 0.005290047 0.999985218 0.001237096 -0.925434887 0.005441004 -0.001265878 0.999984443 60.528816223
0.999953449 -0.008472729 -0.004616368 -0.027719826 0.008484167 0.999960959 0.002463843 -0.948543787 0.004595313 -0.002502895 0.999986291 61.984333038
0.999940753 -0.009923997 -0.004469606 -0.032499135 0.009931886 0.999949157 0.001746080 -0.967996538 0.004452051 -0.001790369 0.999988496 63.344745636
0.999912143 -0.012644567 -0.003968938 -0.045337677 0.012649207 0.999919355 0.001146465 -0.990730286 0.003954120 -0.001196569 0.999991477 64.852088928
0.999908686 -0.012915848 -0.003973555 -0.037321657 0.012919560 0.999916136 0.000909780 -1.015323400 0.003961471 -0.000961034 0.999991715 66.254089355
0.999939740 -0.010546923 -0.003046732 -0.051028565 0.010548475 0.999944270 0.000493771 -1.032695770 0.003041354 -0.000525880 0.999995172 67.700782776
0.999972761 -0.007066743 -0.002126618 -0.071581192 0.007070945 0.999973059 0.001974792 -1.060522556 0.002112605 -0.001989775 0.999995768 69.020973206
0.999989450 -0.004294976 -0.001607839 -0.069156237 0.004300312 0.999985218 0.003330115 -1.083479762 0.001593511 -0.003336995 0.999993086 70.516281128
0.999999464 0.000382222 -0.000951249 -0.088052832 -0.000378671 0.999992967 0.003729960 -1.112465978 0.000952667 -0.003729598 0.999992549 71.879096985
0.999987304 0.005032962 0.000058377 -0.116141975 -0.005033120 0.999982297 0.003162726 -1.124313831 -0.000042457 -0.003162980 0.999994993 73.344146729
0.999973357 0.007291644 0.000403984 -0.126331016 -0.007292519 0.999970973 0.002209965 -1.131241441 -0.000387858 -0.002212853 0.999997437 74.717742920
0.999960899 0.008748873 0.001272511 -0.140372097 -0.008752227 0.999958098 0.002651964 -1.170315027 -0.001249256 -0.002662998 0.999995649 76.159744263
0.999961019 0.008703346 0.001508804 -0.151390940 -0.008707941 0.999957383 0.003065703 -1.194912076 -0.001482058 -0.003078722 0.999994159 77.557647705
0.999965787 0.008099299 0.001679495 -0.157944068 -0.008103334 0.999964178 0.002409317 -1.218135715 -0.001659921 -0.002422844 0.999995649 78.969352722
0.999972701 0.007168076 0.001761909 -0.179471329 -0.007170308 0.999973416 0.001263828 -1.233480096 -0.001752803 -0.001276427 0.999997675 80.342750549
0.999980569 0.006178954 0.000770048 -0.154031470 -0.006180068 0.999979854 0.001453701 -1.256423950 -0.000761050 -0.001458431 0.999998629 81.731323242
0.999984026 0.005619636 0.000611840 -0.150585890 -0.005620672 0.999982774 0.001703683 -1.277622938 -0.000602256 -0.001707095 0.999998391 83.121101379
0.999982536 0.005902741 0.000267665 -0.157860696 -0.005903089 0.999981761 0.001318896 -1.312666416 -0.000259875 -0.001320453 0.999999166 84.414436340
0.999982774 0.005798952 -0.000928570 -0.166880444 -0.005798165 0.999982834 0.000847066 -1.309101462 0.000933467 -0.000841667 0.999999285 85.880462646
0.999989331 0.004226245 -0.001843737 -0.181294858 -0.004221513 0.999987781 0.002562461 -1.348995686 0.001854545 -0.002554650 0.999994993 87.242652893
0.999986172 0.002056875 -0.004844933 -0.084430158 -0.002041133 0.999992609 0.003252011 -1.364838958 0.004851585 -0.003242077 0.999982953 88.573295593
0.999987185 0.000054929 -0.005058770 -0.174109489 -0.000037063 0.999993742 0.003531544 -1.383601785 0.005058933 -0.003531311 0.999980927 89.993782043
0.999977052 -0.003059581 -0.006034947 -0.181489825 0.003083239 0.999987602 0.003914856 -1.413690329 0.006022894 -0.003933373 0.999974132 91.353164673
0.999972880 -0.003893389 -0.006256777 -0.208451241 0.003910691 0.999988556 0.002755372 -1.420430422 0.006245979 -0.002779765 0.999976635 92.696220398
0.999965012 -0.004525539 -0.007038345 -0.202100128 0.004540557 0.999987543 0.002119299 -1.436056256 0.007028665 -0.002151183 0.999972999 94.042625427
0.999958098 -0.006005105 -0.006906413 -0.220590353 0.006026022 0.999977291 0.003011881 -1.486163616 0.006888170 -0.003053373 0.999971628 95.461204529
0.999957681 -0.006260219 -0.006743952 -0.242592275 0.006275072 0.999977946 0.002183477 -1.500534654 0.006730135 -0.002225704 0.999974906 96.808395386
0.999964654 -0.005329773 -0.006506326 -0.255332917 0.005341262 0.999984205 0.001749741 -1.534801006 0.006496895 -0.001784431 0.999977291 98.203987122
0.999969065 -0.004986526 -0.006099088 -0.269558847 0.004999279 0.999985397 0.002077354 -1.555948138 0.006088641 -0.002107780 0.999979198 99.496688843
0.999973416 -0.003650537 -0.006312314 -0.289223790 0.003670311 0.999988317 0.003123822 -1.571331024 0.006300837 -0.003146907 0.999975204 100.876960754
0.999975741 -0.003080793 -0.006241780 -0.312353700 0.003112779 0.999981940 0.005121119 -1.604207516 0.006225892 -0.005140424 0.999967456 102.234169006
0.999980092 -0.002822332 -0.005640347 -0.327525765 0.002840139 0.999991000 0.003151465 -1.618852496 0.005631399 -0.003167421 0.999979138 103.572555542
0.999979615 -0.002917845 -0.005680349 -0.336803734 0.002922284 0.999995410 0.000773207 -1.637636185 0.005678068 -0.000789791 0.999983549 104.874626160
0.999975860 -0.002854477 -0.006333150 -0.352146029 0.002849380 0.999995589 -0.000813710 -1.666777372 0.006335445 0.000795645 0.999979556 106.227462769
0.999969602 -0.005116633 -0.005887793 -0.373152673 0.005119589 0.999986768 0.000487082 -1.684257507 0.005885223 -0.000517210 0.999982536 107.530845642
0.999968290 -0.006025121 -0.005195411 -0.363676399 0.006035298 0.999979913 0.001945480 -1.700576663 0.005183585 -0.001976774 0.999984622 108.902839661
0.999958694 -0.007917092 -0.004468834 -0.372521222 0.007927697 0.999965847 0.002360465 -1.722404838 0.004449993 -0.002395794 0.999987245 110.213836670
0.999962032 -0.007651374 -0.004160814 -0.361414373 0.007654793 0.999970376 0.000806175 -1.749828339 0.004154522 -0.000837995 0.999991059 111.556877136
0.999960840 -0.008181165 -0.003377254 -0.409488857 0.008178621 0.999966383 -0.000766058 -1.772368670 0.003383408 0.000738406 0.999993920 112.940292358
0.999980867 -0.005761058 -0.002277385 -0.414198220 0.005754646 0.999979556 -0.002812047 -1.800393939 0.002293540 0.002798887 0.999993384 114.241905212
0.999996603 -0.002508419 -0.000736965 -0.427424818 0.002506100 0.999991953 -0.003131640 -1.816453934 0.000744815 0.003129781 0.999994755 115.593620300
0.999998868 -0.001459517 0.000483787 -0.433074534 0.001460236 0.999997795 -0.001487838 -1.831140280 -0.000481614 0.001488543 0.999998689 116.906349182
0.999998927 -0.001024988 0.001100038 -0.423908830 0.001024009 0.999999046 0.000890389 -1.856215954 -0.001100949 -0.000889261 0.999999046 118.244552612
0.999996424 -0.001506296 0.002205931 -0.411715597 0.001503752 0.999998212 0.001154513 -1.879670382 -0.002207666 -0.001151192 0.999996901 119.615150452
0.999993503 -0.000272534 0.003579360 -0.433304906 0.000272653 0.999999940 -0.000032612 -1.887307525 -0.003579350 0.000033588 0.999993622 120.921432495
0.999991238 0.001380269 0.003965063 -0.406592846 -0.001378874 0.999999046 -0.000354608 -1.909876227 -0.003965549 0.000349137 0.999992073 122.218162537
0.999977827 0.003319339 0.005774420 -0.433487952 -0.003316852 0.999994397 -0.000440303 -1.941464305 -0.005775849 0.000421140 0.999983251 123.656272888
0.999966443 0.004558480 0.006796181 -0.435793340 -0.004547606 0.999988317 -0.001614698 -1.969948411 -0.006803463 0.001583738 0.999975622 124.973915100
0.999953210 0.005251970 0.008125654 -0.441462636 -0.005232961 0.999983549 -0.002358970 -1.991484880 -0.008137911 0.002316337 0.999964178 126.341278076
0.999952078 0.004305789 0.008794089 -0.428714752 -0.004280656 0.999986708 -0.002874799 -2.007443905 -0.008806352 0.002837017 0.999957144 127.657623291
0.999940753 0.004246123 0.010025035 -0.430374742 -0.004229149 0.999989510 -0.001713745 -2.036375284 -0.010032208 0.001671246 0.999948204 129.047210693
0.999939919 0.003058567 0.010533226 -0.419802308 -0.003049291 0.999994993 -0.000896662 -2.057166576 -0.010535915 0.000864489 0.999944091 130.370086670
0.999947071 0.002188585 0.010058903 -0.397625327 -0.002180015 0.999997139 -0.000862898 -2.077212095 -0.010060765 0.000840924 0.999948978 131.736694336
0.999933362 -0.000271159 0.011543717 -0.416854620 0.000274228 0.999999940 -0.000264315 -2.121525049 -0.011543645 0.000267463 0.999933362 133.102752686
0.999935865 -0.002321049 0.011091177 -0.406745672 0.002319902 0.999997377 0.000116311 -2.128410578 -0.011091417 -0.000090572 0.999938488 134.420272827
0.999938786 -0.002986945 0.010654038 -0.403447509 0.002989792 0.999995470 -0.000251313 -2.153704166 -0.010653240 0.000283151 0.999943137 135.779861450
0.999946117 -0.003836395 0.009648515 -0.408876419 0.003838643 0.999992549 -0.000214554 -2.182016134 -0.009647619 0.000251580 0.999953389 137.091461182
0.999951184 -0.006404833 0.007519429 -0.381574273 0.006398536 0.999979138 0.000861188 -2.207252026 -0.007524787 -0.000813033 0.999971330 138.457290649
0.999953389 -0.006917182 0.006737768 -0.356220603 0.006911458 0.999975741 0.000872256 -2.233259678 -0.006743638 -0.000825647 0.999976873 139.825622559
0.999958515 -0.007339372 0.005406164 -0.356457353 0.007336077 0.999972820 0.000628977 -2.251160860 -0.005410634 -0.000589291 0.999985158 141.152160645
0.999958932 -0.007959335 0.004332653 -0.365801156 0.007957445 0.999968171 0.000453265 -2.275187492 -0.004336123 -0.000418768 0.999990523 142.481246948
0.999958277 -0.008519749 0.003281334 -0.339044929 0.008518436 0.999963641 0.000413864 -2.307699680 -0.003284740 -0.000385895 0.999994516 143.848464966
0.999937773 -0.010913560 0.002292189 -0.341367066 0.010918233 0.999938309 -0.002035718 -2.330389261 -0.002269831 0.002060618 0.999995291 145.170288086
0.999880910 -0.015428072 0.000136773 -0.336818248 0.015428481 0.999873817 -0.003792125 -2.321911812 -0.000078250 0.003793783 0.999992788 146.485717773
0.999727011 -0.023364559 0.000175938 -0.333865017 0.023364658 0.999726832 -0.000584932 -2.378568411 -0.000162223 0.000588883 0.999999762 147.913848877
0.999530017 -0.030623790 -0.001386180 -0.337216079 0.030624880 0.999530613 0.000774610 -2.395673513 0.001361808 -0.000816698 0.999998748 149.252090454
0.999404192 -0.034406643 -0.002734571 -0.333314568 0.034399834 0.999405026 -0.002500193 -2.419295073 0.002818968 0.002404634 0.999993145 150.567520142
0.999451518 -0.033056527 -0.001981042 -0.331846535 0.033044212 0.999436140 -0.005957394 -2.443682432 0.002176856 0.005888665 0.999980271 151.966888428
0.999542475 -0.030221026 -0.001249788 -0.344962835 0.030210570 0.999514103 -0.007675188 -2.484647274 0.001481132 0.007633919 0.999969780 153.315765381
0.999580562 -0.028954646 -0.000579450 -0.355918676 0.028948881 0.999546766 -0.008256192 -2.501772881 0.000818242 0.008235956 0.999965727 154.662414551
0.999495983 -0.031727415 0.001083411 -0.340033025 0.031732436 0.999484003 -0.004982873 -2.568975687 -0.000924758 0.005014740 0.999987006 156.016510010
0.999340236 -0.036303226 0.001107377 -0.323903948 0.036306262 0.999336720 -0.002855562 -2.583436251 -0.001002976 0.002893882 0.999995291 157.391540527
0.999192119 -0.040183425 0.000539406 -0.313187510 0.040184107 0.999191344 -0.001323648 -2.610672712 -0.000485782 0.001344254 0.999998987 158.752593994
0.999152303 -0.041157342 0.000886870 -0.320317149 0.041158635 0.999151468 -0.001501153 -2.629660845 -0.000824333 0.001536383 0.999998391 160.093872070
0.999211311 -0.039679144 0.001494766 -0.319768488 0.039680239 0.999212086 -0.000712253 -2.671334028 -0.001465327 0.000771004 0.999998629 161.451232910
0.999380767 -0.035073999 0.002825494 -0.332256764 0.035080656 0.999381721 -0.002343452 -2.681371927 -0.002741553 0.002441121 0.999993205 162.785873413
0.999501526 -0.031280100 0.004307062 -0.325621784 0.031297136 0.999502480 -0.003945802 -2.712953568 -0.004181494 0.004078635 0.999982953 164.157287598
0.999588251 -0.028258946 0.004990049 -0.336914122 0.028284328 0.999586880 -0.005090717 -2.729825974 -0.004844130 0.005229761 0.999974608 165.523468018
0.999655068 -0.025706764 0.005383692 -0.346620440 0.025730487 0.999659359 -0.004384934 -2.757766008 -0.005269136 0.004521948 0.999975860 166.904479980
0.999619007 -0.026989058 0.005781836 -0.339927316 0.027006054 0.999631107 -0.002882638 -2.817888737 -0.005701903 0.003037685 0.999979138 168.207015991
0.999707341 -0.023580756 0.005405115 -0.327680886 0.023611763 0.999704659 -0.005746434 -2.833416939 -0.005268014 0.005872376 0.999968886 169.562179565
0.999790013 -0.019914920 0.004840724 -0.333897173 0.019956751 0.999762535 -0.008751818 -2.866930962 -0.004665283 0.008846586 0.999949992 170.917160034
0.999860227 -0.015997959 0.004861800 -0.308328331 0.016043654 0.999826074 -0.009509658 -2.907574177 -0.004708820 0.009586329 0.999942899 172.244064331
0.999921262 -0.011473469 0.005091358 -0.325944483 0.011515831 0.999898612 -0.008369857 -2.937673807 -0.004994811 0.008427829 0.999951959 173.626983643
0.999944866 -0.009389418 0.004721259 -0.299336314 0.009419034 0.999935865 -0.006289962 -2.972815514 -0.004661898 0.006334083 0.999969006 175.013977051
0.999951661 -0.008385789 0.005151361 -0.309724152 0.008407542 0.999955714 -0.004215281 -2.997807503 -0.005115786 0.004258388 0.999977767 176.407791138
0.999941468 -0.009295556 0.005536222 -0.326258123 0.009318509 0.999947965 -0.004134729 -3.010088682 -0.005497500 0.004186076 0.999976039 177.698654175
0.999896705 -0.014300353 0.001396442 -0.270232767 0.014304579 0.999893010 -0.003064101 -3.047204256 -0.001352475 0.003083760 0.999994338 179.193298340
0.999904096 -0.013789399 0.001230788 -0.325889796 0.013798322 0.999876201 -0.007561720 -3.065899372 -0.001126364 0.007577978 0.999970675 180.534545898
0.999922872 -0.012414197 -0.000355034 -0.334225774 0.012409381 0.999858797 -0.011328084 -3.114289761 0.000495614 0.011322807 0.999935806 181.932891846
0.999974430 -0.007097331 -0.000834197 -0.371645689 0.007086499 0.999898791 -0.012339944 -3.133287191 0.000921693 0.012333718 0.999923527 183.341217041
0.999991357 -0.003894379 -0.001519151 -0.308556497 0.003876430 0.999924660 -0.011644928 -3.168192148 0.001564386 0.011638938 0.999930978 184.767944336
0.999999702 -0.000741065 -0.000274417 -0.347428411 0.000738825 0.999967098 -0.008077115 -3.215416431 0.000280394 0.008076908 0.999967337 186.078750610
0.999999583 0.000672538 -0.000659038 -0.341814756 -0.000676760 0.999979079 -0.006427237 -3.249310970 0.000654702 0.006427679 0.999979079 187.524063110
0.999996603 -0.002609396 0.000135921 -0.366877407 0.002610086 0.999982297 -0.005347953 -3.240251303 -0.000121963 0.005348290 0.999985695 188.953018188
0.999987960 -0.004836592 -0.000799559 -0.345574737 0.004832784 0.999977291 -0.004698806 -3.263206959 0.000822268 0.004694885 0.999988675 190.387268066
0.999981821 -0.006015682 0.000404847 -0.408490121 0.006017581 0.999970078 -0.004862145 -3.291743994 -0.000375586 0.004864492 0.999988139 191.795150757
0.999966860 -0.008131812 0.000300613 -0.370439082 0.008133143 0.999955714 -0.004729455 -3.323312521 -0.000262140 0.004731744 0.999988735 193.156311035
0.999915302 -0.013003488 0.000560343 -0.385150909 0.013005350 0.999909461 -0.003454981 -3.348250389 -0.000515365 0.003461975 0.999993920 194.573242188
0.999886572 -0.014946703 0.001856165 -0.403044492 0.014950977 0.999885559 -0.002310162 -3.387099504 -0.001821423 0.002337651 0.999995649 195.763137817
0.999825478 -0.018670848 0.000828003 -0.359394848 0.018672746 0.999823034 -0.002341492 -3.407502174 -0.000784139 0.002356543 0.999996901 197.332977295
0.999875605 -0.015711239 0.001394403 -0.377235383 0.015720826 0.999850869 -0.007153494 -3.429094315 -0.001281806 0.007174525 0.999973416 198.716690063
0.999965549 -0.008167364 0.001514598 -0.380422950 0.008186072 0.999884665 -0.012787335 -3.450885773 -0.001409985 0.012799291 0.999917090 200.144683838
0.999992609 -0.000491874 0.003805076 -0.412053287 0.000536591 0.999930680 -0.011760049 -3.494342327 -0.003799027 0.011762005 0.999923587 201.607162476
0.999972641 0.006013248 0.004307492 -0.413765073 -0.005977899 0.999948680 -0.008172395 -3.524524689 -0.004356413 0.008146422 0.999957323 203.062713623
0.999961913 0.007956660 0.003582023 -0.385483384 -0.007932925 0.999946773 -0.006591839 -3.541696072 -0.003634281 0.006563172 0.999971867 204.457366943
0.999969065 0.004844893 0.006212068 -0.288972855 -0.004812547 0.999974847 -0.005211180 -3.532898426 -0.006237160 0.005181121 0.999967098 205.998077393
0.999987006 0.001405740 0.004906765 -0.286944866 -0.001380365 0.999985695 -0.005170892 -3.565635681 -0.004913965 0.005164050 0.999974608 207.427215576
0.999993205 -0.000150051 0.003681094 -0.267185152 0.000171249 0.999983430 -0.005758790 -3.593707085 -0.003680170 0.005759380 0.999976575 208.863830566
0.999988019 -0.001395322 0.004695981 -0.269381762 0.001422343 0.999982417 -0.005755624 -3.640112400 -0.004687868 0.005762234 0.999972403 210.357070923
0.999988854 -0.000538997 0.004701433 -0.284860075 0.000563841 0.999985814 -0.005284611 -3.670201302 -0.004698518 0.005287204 0.999974966 211.795791626
0.999988258 0.001940572 0.004447725 -0.282702029 -0.001916922 0.999983966 -0.005315309 -3.684052467 -0.004457968 0.005306720 0.999975979 213.242111206
0.999992251 0.002332113 0.003162481 -0.286809862 -0.002312745 0.999978662 -0.006114135 -3.718516827 -0.003176672 0.006106774 0.999976277 214.656539917
0.999994218 0.002171647 0.002614014 -0.293189704 -0.002154283 0.999975622 -0.006627335 -3.766103268 -0.002628343 0.006621665 0.999974608 216.101379395
0.999993324 -0.000215555 0.003651850 -0.281494081 0.000239982 0.999977529 -0.006689468 -3.798084259 -0.003650326 0.006690303 0.999970973 217.649948120
0.999993980 0.000216918 0.003482302 -0.284847617 -0.000193192 0.999976814 -0.006812058 -3.833202839 -0.003483699 0.006811346 0.999970794 219.095565796
0.999995768 -0.000490200 0.002908555 -0.285306454 0.000509535 0.999977708 -0.006650125 -3.867204189 -0.002905231 0.006651579 0.999973655 220.572525024
0.999996901 0.002106388 0.001412593 -0.305615067 -0.002095443 0.999968052 -0.007704960 -3.901296854 -0.001428778 0.007701974 0.999969304 222.027481079
0.999996126 0.002720774 0.000468539 -0.292671204 -0.002716737 0.999960840 -0.008411953 -3.921500683 -0.000491408 0.008410648 0.999964476 223.485336304
0.999994814 0.003064117 0.001024456 -0.318003714 -0.003055474 0.999960601 -0.008333985 -3.961677551 -0.001049952 0.008330810 0.999964714 224.954391479
0.999995172 -0.001384417 0.002786306 -0.319229007 0.001404197 0.999973655 -0.007110038 -4.036894321 -0.002776390 0.007113916 0.999970794 226.683883667
0.999995410 -0.002335883 0.001934115 -0.308705002 0.002349857 0.999970913 -0.007254809 -4.070507050 -0.001917112 0.007259320 0.999971807 228.168685913
0.999993682 -0.003076145 0.001783170 -0.301230639 0.003089122 0.999968350 -0.007321313 -4.113295078 -0.001760592 0.007326775 0.999971628 229.655380249
0.999982178 -0.005402194 0.002511535 -0.326203763 0.005419252 0.999962091 -0.006835549 -4.147921562 -0.002474512 0.006849039 0.999973476 231.206649780
0.999975741 -0.006206949 0.003127740 -0.337929547 0.006225991 0.999961972 -0.006115574 -4.181709766 -0.003089661 0.006134901 0.999976456 232.678390503
0.999978244 -0.005494505 0.003646444 -0.360329926 0.005516098 0.999967217 -0.005938250 -4.219676018 -0.003613696 0.005958236 0.999975741 234.177291870
0.999986887 -0.004654862 0.002119088 -0.296445459 0.004669169 0.999965966 -0.006797627 -4.230476856 -0.002087374 0.006807433 0.999974668 235.731643677
0.999992490 -0.003609637 0.001423336 -0.257356316 0.003619729 0.999967873 -0.007153170 -4.277909279 -0.001397470 0.007158267 0.999973476 237.198425293
0.999991834 -0.001736810 0.003667036 -0.307769358 0.001762220 0.999974370 -0.006937313 -4.295604706 -0.003654893 0.006943718 0.999969244 238.693405151
0.999981999 -0.004812523 0.003578163 -0.330980480 0.004827983 0.999979019 -0.004324509 -4.339366436 -0.003557276 0.004341707 0.999984264 240.264251709
0.999981523 -0.004271654 0.004317907 -0.324016452 0.004287723 0.999983966 -0.003719109 -4.386769295 -0.004301951 0.003737554 0.999983788 241.754608154
0.999986291 -0.003205102 0.004163416 -0.296973586 0.003225356 0.999982953 -0.004866892 -4.439796448 -0.004147746 0.004880253 0.999979556 243.246841431
0.999977112 -0.004292665 0.005227090 -0.335781217 0.004326730 0.999969363 -0.006523242 -4.453191757 -0.005198928 0.006545709 0.999965012 244.814773560
0.999974132 -0.004156147 0.005858817 -0.336591840 0.004190792 0.999973714 -0.005913536 -4.485033989 -0.005834085 0.005937935 0.999965370 246.338409424
0.999986887 -0.003265386 0.003932506 -0.273083746 0.003285200 0.999981821 -0.005042726 -4.523340225 -0.003915968 0.005055578 0.999979556 247.879653931
0.999978662 -0.003818953 0.005305551 -0.338740706 0.003844216 0.999981403 -0.004759768 -4.548974037 -0.005287275 0.004780063 0.999974608 249.405456543
0.999986827 -0.002544154 0.004468712 -0.331069112 0.002562763 0.999988079 -0.004163543 -4.599225044 -0.004458067 0.004174940 0.999981344 250.899734497
0.999988019 -0.001258610 0.004747128 -0.317978740 0.001281800 0.999987304 -0.004885154 -4.610156059 -0.004740919 0.004891180 0.999976873 252.432815552
0.999983132 0.000212723 0.005806945 -0.357786059 -0.000180445 0.999984503 -0.005558481 -4.616876125 -0.005808038 0.005557339 0.999967694 254.012435913
0.999983132 0.000843436 0.005756673 -0.356449127 -0.000809682 0.999982476 -0.005863223 -4.642789841 -0.005761518 0.005858463 0.999966204 255.529190063
0.999984980 -0.001051595 0.005370163 -0.354366660 0.001077221 0.999987960 -0.004771304 -4.691219330 -0.005365082 0.004777018 0.999974132 257.010589600
0.999980450 -0.002964974 0.005496561 -0.353040099 0.002985845 0.999988317 -0.003792849 -4.723867416 -0.005485251 0.003809187 0.999977708 258.535400391
0.999969661 -0.005559738 0.005456884 -0.354975820 0.005577579 0.999979079 -0.003259574 -4.746124744 -0.005438648 0.003289911 0.999979794 260.091583252
0.999957085 -0.007303088 0.005715962 -0.362627864 0.007324308 0.999966383 -0.003700339 -4.786231995 -0.005688746 0.003742045 0.999976814 261.607818604
0.999952078 -0.008309387 0.005180258 -0.350191474 0.008337114 0.999950945 -0.005354026 -4.814280510 -0.005135515 0.005396958 0.999972284 263.184478760
0.999928296 -0.010785229 0.005194348 -0.343114734 0.010802316 0.999936223 -0.003272790 -4.839655876 -0.005158719 0.003328666 0.999981165 264.727386475
0.999907017 -0.012158260 0.006172098 -0.377724290 0.012168974 0.999924541 -0.001701254 -4.873805523 -0.006150947 0.001776204 0.999979556 266.296478271
0.999870777 -0.014754156 0.006379416 -0.365786076 0.014768980 0.999888241 -0.002282701 -4.891877651 -0.006345024 0.002376623 0.999977052 267.642852783
0.999862850 -0.015432983 0.006002724 -0.345334411 0.015453459 0.999874830 -0.003379846 -4.919800282 -0.005949812 0.003472147 0.999976277 269.186981201
0.999885559 -0.013159876 0.007455375 -0.367252827 0.013185968 0.999907017 -0.003461525 -4.957897663 -0.007409128 0.003559435 0.999966204 270.701843262
0.999883473 -0.013033672 0.007946109 -0.342230320 0.013057685 0.999910295 -0.002977271 -4.987759590 -0.007906592 0.003080682 0.999963999 272.275970459
0.999899924 -0.010801776 0.009136214 -0.350192070 0.010833553 0.999935389 -0.003435693 -5.022761822 -0.009098511 0.003534327 0.999952316 273.757202148
0.999903560 -0.009361356 0.010249427 -0.336980104 0.009404214 0.999947190 -0.004141316 -5.055638790 -0.010210117 0.004237304 0.999938905 275.300842285
0.999923944 -0.005826941 0.010871746 -0.333432436 0.005876378 0.999972522 -0.004520882 -5.090593338 -0.010845104 0.004584426 0.999930680 277.026306152
0.999926925 -0.006159966 0.010404827 -0.298749685 0.006218834 0.999964833 -0.005634962 -5.113811493 -0.010369751 0.005699256 0.999930084 278.561767578
0.999901831 -0.006426592 0.012445165 -0.307602644 0.006507835 0.999957681 -0.006498632 -5.129481792 -0.012402874 0.006578986 0.999901354 280.130645752
0.999877512 -0.007559176 0.013705295 -0.305222034 0.007639269 0.999953926 -0.005801056 -5.161352158 -0.013660814 0.005905044 0.999889195 281.624145508
0.999854326 -0.009089903 0.014441392 -0.300622463 0.009161602 0.999945939 -0.004906431 -5.197091103 -0.014396013 0.005038024 0.999883652 283.171020508
0.999832153 -0.008506139 0.016225751 -0.312255383 0.008582195 0.999952495 -0.004623546 -5.226493835 -0.016185652 0.004762024 0.999857664 284.579589844
0.999858677 -0.010407983 0.013202442 -0.235096216 0.010497790 0.999922097 -0.006751325 -5.271398067 -0.013131146 0.006888966 0.999890029 286.243133545
0.999851584 -0.011338784 0.012967782 -0.221820116 0.011460045 0.999890924 -0.009315194 -5.307742119 -0.012860742 0.009462422 0.999872506 287.767517090
0.999877751 -0.010621859 0.011476232 -0.207332850 0.010731174 0.999897242 -0.009506045 -5.339009285 -0.011374081 0.009628037 0.999888957 289.308471680
0.999847472 -0.013413860 0.011184108 -0.203873396 0.013508762 0.999872983 -0.008453693 -5.389426231 -0.011069290 0.008603487 0.999901652 290.983947754
0.999853373 -0.013847478 0.010075087 -0.194521904 0.013940800 0.999859989 -0.009252250 -5.435497284 -0.009945556 0.009391349 0.999906421 292.546966553
0.999865294 -0.013247850 0.009688503 -0.188206673 0.013338449 0.999867320 -0.009347131 -5.468645096 -0.009563389 0.009475100 0.999909341 294.096954346
0.999886096 -0.012115583 0.008999725 -0.165684462 0.012195161 0.999886632 -0.008840658 -5.520133495 -0.008891595 0.008949404 0.999920368 295.544036865
0.999871850 -0.014152157 0.007485671 -0.148895741 0.014218846 0.999858975 -0.008932131 -5.525268555 -0.007358205 0.009037427 0.999932051 297.195404053
0.999868810 -0.014766982 0.006666783 -0.152695537 0.014815279 0.999863863 -0.007254153 -5.557555199 -0.006558754 0.007351972 0.999951482 298.641876221
0.999887168 -0.013977990 0.005499306 -0.149978399 0.014012022 0.999882638 -0.006199273 -5.596641541 -0.005412006 0.006275630 0.999965668 300.292846680
0.999901772 -0.012689717 0.005937203 -0.129479170 0.012725963 0.999900401 -0.006107443 -5.629379749 -0.005859110 0.006182401 0.999963701 301.815277100
0.999895334 -0.012637037 0.007038313 -0.134659767 0.012681433 0.999899685 -0.006298992 -5.659958839 -0.006958006 0.006387589 0.999955416 303.425781250
0.999862671 -0.014553563 0.007921521 -0.138205767 0.014606005 0.999871552 -0.006603412 -5.681962967 -0.007824400 0.006718207 0.999946892 304.900787354
0.999850571 -0.015548561 0.007555280 -0.119284391 0.015605710 0.999849617 -0.007564865 -5.733052254 -0.007436523 0.007681640 0.999942839 306.559661865
0.999819636 -0.017136525 0.008182963 -0.120188951 0.017214956 0.999805629 -0.009612098 -5.764723778 -0.008016654 0.009751235 0.999920309 308.077239990
0.999780297 -0.019467933 0.007767845 -0.095037937 0.019540489 0.999765217 -0.009376859 -5.848793507 -0.007583472 0.009526588 0.999925852 309.768157959
0.999814630 -0.018422203 0.005591753 -0.099186778 0.018480858 0.999772787 -0.010625770 -5.886455536 -0.005394732 0.010727142 0.999927878 311.306854248
0.999817312 -0.018688332 0.004005165 -0.119192243 0.018724849 0.999781549 -0.009282903 -5.946323872 -0.003830807 0.009356203 0.999948800 312.834411621
0.999859273 -0.016447186 0.003287372 -0.090336323 0.016469289 0.999841154 -0.006814087 -5.941868305 -0.003174778 0.006867270 0.999971390 314.552917480
0.999841630 -0.017348856 0.003963035 -0.090228796 0.017364793 0.999841094 -0.004023395 -5.961429119 -0.003892604 0.004091575 0.999984086 316.144256592
0.999819100 -0.018640392 0.003806124 -0.083177567 0.018652234 0.999821246 -0.003100160 -6.003815651 -0.003747657 0.003170592 0.999987960 317.728363037
0.999807596 -0.019278759 0.003621510 -0.057225704 0.019294254 0.999804556 -0.004292634 -6.030928135 -0.003538046 0.004361682 0.999984205 319.278503418
0.999748707 -0.022006750 0.004255967 -0.056874633 0.022021122 0.999751866 -0.003359771 -6.090065956 -0.004180974 0.003452648 0.999985278 320.913024902
0.999743581 -0.022308001 0.003899541 -0.047583580 0.022321537 0.999744892 -0.003462494 -6.110801220 -0.003821306 0.003548649 0.999986410 322.507415771
0.999751866 -0.021633692 0.005296784 -0.058982849 0.021650063 0.999760926 -0.003053370 -6.161057472 -0.005229462 0.003167288 0.999981225 324.113433838
0.999782264 -0.020235462 0.005085524 -0.042530537 0.020256739 0.999786079 -0.004167738 -6.182342529 -0.005000100 0.004269847 0.999978364 325.714599609
0.999782801 -0.019793600 0.006523339 -0.064455271 0.019822601 0.999793768 -0.004411138 -6.227161407 -0.006434682 0.004539492 0.999969006 327.282531738
0.999749541 -0.021017311 0.007697693 -0.075146675 0.021036241 0.999775827 -0.002386319 -6.257394314 -0.007645813 0.002547651 0.999967515 328.858337402
0.999735057 -0.021927908 0.006990776 -0.043496370 0.021936595 0.999758661 -0.001168752 -6.326038361 -0.006963459 0.001321797 0.999974906 330.836120605
0.999725759 -0.022435341 0.006701099 -0.030327082 0.022459120 0.999741614 -0.003494602 -6.343545914 -0.006620965 0.003644145 0.999971449 332.413208008
0.999757349 -0.020830156 0.007164086 -0.035797596 0.020851268 0.999778450 -0.002884667 -6.392940521 -0.007102411 0.003033346 0.999970198 334.117614746
0.999799609 -0.018596437 0.007407871 -0.046033382 0.018634660 0.999813259 -0.005124598 -6.421924591 -0.007311188 0.005261614 0.999959469 335.663909912
0.999831140 -0.017350001 0.006057109 -0.024744987 0.017395841 0.999819815 -0.007599203 -6.468255997 -0.005924169 0.007703288 0.999952793 337.330718994
0.999871790 -0.015183787 0.005093450 -0.021551251 0.015225066 0.999850750 -0.008166024 -6.497221947 -0.004968697 0.008242523 0.999953747 338.938629150
0.999880791 -0.014778486 0.004471474 -0.038136721 0.014793565 0.999884844 -0.003357952 -6.570083618 -0.004421333 0.003423701 0.999984384 340.557800293
0.999894202 -0.014209940 0.003113674 -0.034854650 0.014209650 0.999898970 0.000115377 -6.612305641 -0.003114998 -0.000071122 0.999995172 342.148803711
0.999900758 -0.014010434 0.001466067 -0.037314296 0.014011669 0.999901354 -0.000835213 -6.640292168 -0.001454220 0.000855672 0.999998569 343.746154785
0.999903798 -0.013867461 -0.000284457 -0.040865324 0.013866390 0.999897838 -0.003472310 -6.665584087 0.000332580 0.003468032 0.999993920 345.395843506
0.999870181 -0.015890229 -0.002689157 -0.026969731 0.015886586 0.999872863 -0.001370818 -6.712040424 0.002710597 0.001327918 0.999995410 346.980346680
0.999843776 -0.017451325 -0.002802632 -0.056159556 0.017448572 0.999847233 -0.001003992 -6.750094891 0.002819724 0.000954933 0.999995530 348.582977295
0.999838710 -0.017716499 -0.002940843 -0.074680746 0.017710382 0.999840915 -0.002093841 -6.767761707 0.002977471 0.002041420 0.999993443 350.141876221
0.999818504 -0.018681370 -0.003724132 -0.072934866 0.018670708 0.999821544 -0.002876793 -6.807113171 0.003777210 0.002806738 0.999988914 351.770538330
0.999830067 -0.018046267 -0.003760394 -0.084647059 0.018035835 0.999833465 -0.002789310 -6.845747948 0.003810105 0.002721014 0.999989033 353.346466064
0.999832571 -0.017984221 -0.003367878 -0.099856377 0.017969666 0.999829292 -0.004303189 -6.854685783 0.003444693 0.004241948 0.999985099 354.998199463
0.999837160 -0.017775234 -0.003120095 -0.115163684 0.017759800 0.999830246 -0.004906635 -6.890892029 0.003206783 0.004850424 0.999983132 356.550933838
0.999794900 -0.020024117 -0.003036538 -0.135333419 0.020007135 0.999784589 -0.005524762 -6.941777229 0.003146512 0.005462877 0.999980152 358.252136230
0.999769747 -0.021205969 -0.003274828 -0.140957117 0.021189719 0.999763429 -0.004919800 -6.977239609 0.003378382 0.004849276 0.999982536 359.791961670
0.999846995 -0.017186608 -0.003262455 -0.136522651 0.017159572 0.999819636 -0.008141674 -6.982954025 0.003401794 0.008084445 0.999961555 361.438079834
0.999820352 -0.018730404 -0.002905687 -0.160026670 0.018701512 0.999778390 -0.009669546 -7.015652657 0.003086157 0.009613468 0.999949098 363.005798340
0.999795198 -0.019976407 -0.003234973 -0.154558778 0.019951735 0.999772906 -0.007488959 -7.065441608 0.003383841 0.007422880 0.999966681 364.574523926
0.999751270 -0.022135934 -0.002717776 -0.174109459 0.022116413 0.999730825 -0.007014231 -7.094708443 0.002872311 0.006952379 0.999971688 366.127624512
0.999734700 -0.022750970 -0.003590340 -0.163313508 0.022722138 0.999710798 -0.007877799 -7.137295723 0.003768529 0.007794129 0.999962509 367.771270752
0.999756277 -0.021734303 -0.003883401 -0.155602217 0.021700911 0.999728858 -0.008443138 -7.173816681 0.004065854 0.008356806 0.999956846 369.297180176
0.999778330 -0.020801304 -0.003240603 -0.185921669 0.020777350 0.999757767 -0.007257204 -7.223576546 0.003390779 0.007188265 0.999968410 370.927642822
0.999818563 -0.018848430 -0.002741965 -0.201975524 0.018829105 0.999798775 -0.006911648 -7.253364086 0.002871687 0.006858765 0.999972343 372.519165039
0.999801159 -0.019784432 -0.002501390 -0.212665260 0.019768372 0.999784827 -0.006290019 -7.303954124 0.002625296 0.006239319 0.999977052 374.079071045
0.999798059 -0.019875433 -0.002978723 -0.220848680 0.019853268 0.999776363 -0.007294586 -7.340528488 0.003123039 0.007233975 0.999968946 375.663391113
0.999816954 -0.019038467 -0.001853794 -0.237869233 0.019023737 0.999789596 -0.007663182 -7.372915745 0.001999299 0.007626514 0.999968946 377.251647949
0.999820948 -0.018734224 -0.002648274 -0.241184175 0.018711433 0.999789774 -0.008384266 -7.410188675 0.002804789 0.008333212 0.999961436 378.906250000
0.999859571 -0.016693676 -0.001450526 -0.266560853 0.016681721 0.999829829 -0.007891806 -7.451784611 0.001582023 0.007866503 0.999967754 380.455596924
0.999870420 -0.015988430 -0.001822948 -0.272058040 0.015975013 0.999846935 -0.007150083 -7.483247757 0.001936988 0.007120037 0.999972761 382.080566406
0.999909639 -0.013436576 0.000144610 -0.313534856 0.013437322 0.999873042 -0.008553351 -7.516401291 -0.000029664 0.008554520 0.999963403 383.645416260
0.999929011 -0.011770152 0.001805773 -0.349683940 0.011786184 0.999888718 -0.009140043 -7.545272827 -0.001697992 0.009160677 0.999956608 385.180328369
