0.999123156 0.001874047 -0.041825235 -0.023626162 -0.002020275 0.999992013 -0.003454173 -0.002019205 0.041818425 0.003535643 0.999118924 0.229940832
0.998481572 0.001758125 -0.055058055 -0.034835048 -0.001996737 0.999988854 -0.004279115 -0.002375937 0.055049915 0.004382554 0.998474002 0.287325412
0.997476518 0.001722459 -0.070975877 -0.020335147 -0.002076514 0.999985874 -0.004914897 0.000100686 0.070966408 0.005049877 0.997465849 0.148202434
0.995925725 0.000140792 -0.090176962 -0.056723658 -0.000531183 0.999990582 -0.004305182 -0.003639364 0.090175502 0.004335542 0.995916545 0.419154346
0.993924141 -0.001048212 -0.110061668 -0.072527915 0.000553290 0.999989629 -0.004527210 -0.004629781 0.110065259 0.004438808 0.993914425 0.492342353
0.991259396 -0.001293339 -0.131920621 -0.069773830 0.000630901 0.999987006 -0.005063164 -0.004127244 0.131925419 0.004935679 0.991247356 0.416474074
0.987714648 0.002144683 -0.156252727 -0.080806173 -0.003151666 0.999975741 -0.006197111 -0.006181953 0.156235605 0.006613434 0.987697661 0.478626966
0.983323336 0.006421562 -0.181752607 -0.109474361 -0.007920194 0.999940455 -0.007520841 -0.009732533 0.181693509 0.008834937 0.983315468 0.574757159
0.977774501 0.009236918 -0.209455356 -0.012669653 -0.011223159 0.999902606 -0.008296277 -0.015186001 0.209358305 0.010462640 0.977783024 0.525024295
0.971058071 0.009895513 -0.238638267 -0.047498681 -0.012252868 0.999889612 -0.008396915 -0.016882699 0.238528863 0.011077895 0.971072197 0.610484600
0.963013411 0.011841926 -0.269192755 -0.074279018 -0.014641856 0.999857545 -0.008395714 -0.016569169 0.269054949 0.012026667 0.963049650 0.668264866
0.953356445 0.013704899 -0.301535547 0.083918288 -0.016565599 0.999838769 -0.006931942 -0.018948065 0.301391870 0.011603727 0.953429699 0.485844702
0.941812217 0.015661679 -0.335774451 0.054092333 -0.018724281 0.999807358 -0.005885175 -0.019563179 0.335617602 0.011829861 0.941924036 0.547292411
0.928820968 0.017612532 -0.370109826 0.256875038 -0.021193903 0.999759614 -0.005611974 -0.018149231 0.369921982 0.013056589 0.928971052 0.372653842
0.914816856 0.020313874 -0.403357685 0.214196175 -0.024328714 0.999692321 -0.004831188 -0.018732244 0.403135389 0.014232825 0.915029705 0.437153995
0.898792744 0.021224368 -0.437859684 0.158710554 -0.025598936 0.999663889 -0.004090130 -0.019415369 0.437625736 0.014884918 0.899034023 0.518093586
0.880355299 0.016685855 -0.474021137 0.110386789 -0.021596048 0.999754608 -0.004916305 -0.018329224 0.473822862 0.014565076 0.880499780 0.585710406
0.857080877 0.010315725 -0.515078485 1.153130412 -0.015861928 0.999853849 -0.006369392 -0.008777946 0.514937639 0.013629224 0.857119381 -0.171963781
0.832014799 0.011932775 -0.554625094 1.045522094 -0.016439809 0.999859810 -0.003149982 -0.012775837 0.554509819 0.011738766 0.832094371 -0.056159526
0.802594602 0.017111734 -0.596279323 0.962883711 -0.020930553 0.999780715 0.000518604 -0.014285016 0.596157432 0.012064229 0.802776814 0.021291435
0.770021081 0.020421544 -0.637691557 0.856470108 -0.024483679 0.999697149 0.002450102 -0.016849481 0.637548327 0.013726404 0.770287812 0.110821396
0.731668651 0.019687731 -0.681376100 1.211527228 -0.023709966 0.999713004 0.003425777 -0.017968921 0.681248009 0.013648869 0.731925428 0.061198294
0.690718412 0.015262635 -0.722962737 1.343261719 -0.017661443 0.999835074 0.004234011 -0.014341090 0.722908139 0.009844057 0.690874040 0.101949990
0.646252036 0.011483306 -0.763037622 1.469285011 -0.012371916 0.999913037 0.004569802 -0.010818124 0.763023734 0.006486994 0.646337867 0.178305268
0.600886643 0.010909265 -0.799259782 1.348363400 -0.009939436 0.999931514 0.006175770 -0.009482209 0.799272478 0.004233255 0.600953877 0.246664226
0.545445442 0.011141147 -0.838072300 2.882207870 -0.004860152 0.999936879 0.010129790 0.019706938 0.838132262 -0.001452088 0.545465171 0.549816489
0.493680447 0.011415799 -0.869568467 2.735707998 -0.002961812 0.999930143 0.011445693 0.021564737 0.869638324 -0.003075015 0.493679762 0.611321688
0.439023972 0.013473044 -0.898374319 2.305538177 -0.001929620 0.999899387 0.014052647 0.022275312 0.898473263 -0.004435929 0.439005733 0.816913068
0.384294599 0.015738044 -0.923076332 2.137217045 -0.000136005 0.999855578 0.016990477 0.020992246 0.923210561 -0.006403805 0.384241223 0.860637069
0.327884018 0.017370578 -0.944558263 2.021844864 0.000722813 0.999826014 0.018637871 0.040219273 0.944717705 -0.006793801 0.327814430 1.006956220
0.272345811 0.020315578 -0.961984932 1.821113229 0.003075550 0.999753535 0.021983907 0.041537318 0.962194562 -0.008945857 0.272216231 1.041400194
0.218274429 0.022792295 -0.975621223 1.339399576 0.008016507 0.999651611 0.025147215 0.037588961 0.975854456 -0.013310070 0.218015715 1.114893913
0.167334825 0.023164302 -0.985628009 1.104608536 0.010320641 0.999628007 0.025245519 0.039961733 0.985846221 -0.014396765 0.167033523 1.131502509
0.119330220 0.024129240 -0.992561519 1.291507244 0.008692591 0.999640942 0.025346411 0.056638937 0.992816567 -0.011652523 0.119077638 1.223716736
0.076850355 0.024733298 -0.996735811 1.019899130 0.007406299 0.999650478 0.025376668 0.058883749 0.997015119 -0.009332327 0.076640308 1.222387314
0.038678247 0.022733349 -0.998993099 0.445433527 0.005590549 0.999720752 0.022966357 0.074205898 0.999236107 -0.006473219 0.038540356 1.207557321
0.004057556 0.020075640 -0.999790251 -0.001881714 0.006552486 0.999776483 0.020101959 0.079182938 0.999970257 -0.006632677 0.003925100 1.188125730
-0.027140230 0.017373700 -0.999480665 -0.082947969 0.007177068 0.999826550 0.017184824 0.088208467 0.999605894 -0.006706940 -0.027260212 1.186969042
-0.053927891 0.015535727 -0.998423994 -0.941072464 0.006523795 0.999863088 0.015205753 0.085854732 0.998523533 -0.005693500 -0.054021869 1.108391285
-0.074631795 0.012754098 -0.997129619 -1.312090516 0.006357567 0.999903917 0.012313744 0.094283380 0.997190893 -0.005420321 -0.074705720 1.071941257
-0.090922505 0.012158856 -0.995783746 -1.946390390 0.006290574 0.999912500 0.011634895 0.102166116 0.995838106 -0.005206177 -0.090991057 0.994848847
-0.103710376 0.012529436 -0.994528532 -1.798471093 0.007129180 0.999904335 0.011853725 0.124638870 0.994581997 -0.005860819 -0.103789784 0.990333915
-0.113339648 0.013639847 -0.993462622 -2.238151073 0.006493315 0.999894559 0.012987363 0.125378713 0.993535101 -0.004978883 -0.113416262 0.933600307
-0.119970344 0.014970005 -0.992664576 -3.244514465 0.004160411 0.999885082 0.014576081 0.113253281 0.992768705 -0.002381196 -0.120018847 0.806635022
-0.124438502 0.016030900 -0.992097795 -3.716849327 0.004256260 0.999868810 0.015622609 0.115710735 0.992218137 -0.002278572 -0.124490425 0.745347500
-0.125662327 0.016763570 -0.991931438 -4.120876312 0.006342074 0.999850392 0.016093956 0.133128852 0.992052794 -0.004268499 -0.125749841 0.678203642
-0.124302663 0.019136742 -0.992059767 -4.630291462 0.008750080 0.999796271 0.018189611 0.137454033 0.992205799 -0.006419586 -0.124444775 0.612938941
-0.123324588 0.021171143 -0.992140651 -5.676440239 0.007772166 0.999762356 0.020367695 0.135578558 0.992335975 -0.005199244 -0.123459823 0.493518472
-0.121704295 0.021145295 -0.992341161 -6.244933605 0.005375342 0.999772489 0.020644393 0.137541413 0.992551863 -0.002821663 -0.121790253 0.421721518
-0.119887836 0.018404150 -0.992616832 -6.579625607 0.003850840 0.999829352 0.018072775 0.159320056 0.992779970 -0.001655704 -0.119938254 0.362336099
-0.119186647 0.018049566 -0.992707849 -7.192966461 0.003397184 0.999836266 0.017771307 0.169430435 0.992866039 -0.001254309 -0.119228467 0.294959664
-0.116970211 0.020976495 -0.992913902 -7.966833115 0.003949959 0.999778807 0.020656196 0.180071414 0.993127584 -0.001505809 -0.117027186 0.194900036
-0.114975624 0.024002895 -0.993078411 -8.613463402 0.002979462 0.999711871 0.023818273 0.190716550 0.993363857 -0.000220318 -0.115013994 0.112912297
-0.113347933 0.026451265 -0.993203163 -9.410773277 0.002061516 0.999649644 0.026387682 0.191910818 0.993553221 0.000943484 -0.113362737 0.022599936
-0.111921951 0.025812710 -0.993381679 -10.078617096 -0.000451261 0.999661148 0.026026724 0.196398765 0.993716896 0.003361236 -0.111872375 -0.050286055
-0.109636463 0.022745045 -0.993711472 -10.903392792 -0.002228472 0.999729991 0.023128668 0.214225218 0.993969262 0.004750203 -0.109556183 -0.159157395
-0.108170196 0.021735735 -0.993894756 -11.615047455 -0.002960580 0.999749422 0.022185992 0.227707028 0.994127929 0.005342369 -0.108078763 -0.242176175
-0.106627822 0.024331572 -0.994001269 -12.455188751 -0.000496352 0.999699056 0.024524298 0.238196388 0.994298875 0.003108348 -0.106583677 -0.330906630
-0.105312735 0.026145175 -0.994095325 -13.184131622 0.001648075 0.999657512 0.026116865 0.251216590 0.994437754 0.001112095 -0.105319761 -0.411419570
-0.104145773 0.028377108 -0.994157076 -14.048490524 0.002490948 0.999597192 0.028271444 0.256440580 0.994558871 0.000467957 -0.104174502 -0.504698098
-0.103882819 0.023747638 -0.994306028 -14.799854279 0.002947615 0.999717951 0.023568932 0.262641847 0.994585156 -0.000482425 -0.103923500 -0.579495132
-0.103305325 0.016858548 -0.994506776 -15.654089928 0.003827114 0.999855697 0.016551673 0.268676281 0.994642317 -0.002096215 -0.103354923 -0.674098492
-0.103513151 0.012363743 -0.994551241 -16.432945251 0.007306974 0.999905229 0.011669790 0.275887638 0.994601250 -0.006059183 -0.103593670 -0.752972960
-0.104138225 0.012988892 -0.994477928 -17.289403915 0.008569472 0.999889255 0.012162205 0.286218673 0.994525909 -0.007255600 -0.104238011 -0.843196571
-0.104089670 0.020372219 -0.994359195 -18.085445404 0.008511337 0.999771774 0.019592144 0.289857090 0.994531453 -0.006423987 -0.104239322 -0.933178365
-0.104525506 0.027596051 -0.994139254 -18.942653656 0.006688221 0.999611795 0.027044758 0.294856429 0.994499743 -0.003822156 -0.104669474 -1.029276848
-0.104793549 0.033066522 -0.993944228 -19.735145569 0.004510818 0.999452591 0.032774195 0.298825026 0.994483829 -0.001048977 -0.104885332 -1.117393851
-0.105007067 0.033263132 -0.993914962 -20.620223999 0.002802116 0.999446332 0.033152204 0.307961464 0.994467556 0.000696150 -0.105042122 -1.225889683
-0.105025232 0.029547138 -0.994030476 -21.419603348 0.002853221 0.999563336 0.029410135 0.321678430 0.994465530 0.000252618 -0.105063662 -1.322487235
-0.105532818 0.026772117 -0.994055390 -22.291704178 0.002831920 0.999641538 0.026621923 0.335092336 0.994411767 -0.000005599 -0.105570793 -1.419040203
-0.105895422 0.027892098 -0.993986011 -23.087877274 0.001802483 0.999610126 0.027857892 0.347556442 0.994375587 0.001158380 -0.105904430 -1.506950021
-0.105529644 0.030450555 -0.993949831 -23.956287384 0.000065816 0.999531269 0.030614559 0.348466575 0.994416177 0.003165326 -0.105482183 -1.606660843
-0.105122596 0.028935034 -0.994038284 -24.752779007 -0.000346228 0.999575496 0.029132828 0.356708765 0.994459271 0.003406682 -0.105067953 -1.700691342
-0.105025396 0.023592640 -0.994189620 -25.611511230 -0.001323289 0.999714375 0.023863535 0.364939123 0.994468808 0.003821877 -0.104964159 -1.793761730
-0.104983173 0.019003566 -0.994292378 -26.410150528 -0.002830062 0.999807715 0.019407792 0.372087091 0.994469941 0.004851400 -0.104909196 -1.883747458
-0.104192264 0.020123105 -0.994353592 -27.223316193 -0.003032368 0.999784231 0.020550754 0.380480647 0.994552553 0.005156474 -0.104108781 -1.976984620
-0.103476256 0.022704586 -0.994372666 -28.017314911 -0.002416987 0.999730825 0.023078443 0.378756374 0.994628966 0.004791457 -0.103393532 -2.070259571
-0.103290118 0.027627986 -0.994267464 -28.888101578 -0.001788364 0.999607384 0.027962152 0.386884362 0.994649649 0.004666327 -0.103200175 -2.156124115
-0.102655210 0.033263672 -0.994160593 -29.681535721 -0.001329796 0.999435186 0.033577465 0.396651924 0.994716108 0.004768933 -0.102552995 -2.243781805
-0.102844939 0.036535617 -0.994026303 -30.426614761 -0.001672220 0.999317467 0.036903117 0.402883351 0.994696021 0.005457529 -0.102713659 -2.336280823
-0.102829702 0.036240596 -0.994038641 -31.191965103 -0.000920175 0.999332249 0.036528777 0.422404051 0.994698644 0.004670932 -0.102727674 -2.414850235
-0.102687098 0.031737227 -0.994207263 -32.084648132 -0.000828601 0.999487758 0.031991377 0.438728034 0.994713366 0.004108903 -0.102608204 -2.510855436
-0.102019727 0.027518565 -0.994401634 -32.872360229 -0.002038880 0.999609351 0.027871862 0.443223685 0.994780302 0.004870945 -0.101923779 -2.601263046
-0.101786964 0.024874220 -0.994495213 -33.739696503 -0.005965622 0.999654114 0.025613841 0.453569621 0.994788349 0.008539937 -0.101603381 -2.704627275
-0.102256328 0.023271188 -0.994485915 -34.525508881 -0.009746055 0.999654949 0.024394268 0.455340326 0.994710386 0.012186782 -0.101994246 -2.795574665
-0.102846965 0.021313844 -0.994468808 -35.308990479 -0.007111653 0.999729156 0.022162061 0.462343901 0.994671762 0.009351619 -0.102667533 -2.876217604
-0.104321152 0.017307503 -0.994393051 -36.207733154 -0.003905829 0.999833703 0.017811952 0.469760865 0.994535983 0.005742093 -0.104236238 -2.966948271
-0.105013743 0.015858252 -0.994344234 -37.001430511 0.000515177 0.999873579 0.015892023 0.474241376 0.994470656 0.001156618 -0.105008639 -3.054538250
-0.106743604 0.019653242 -0.994092286 -37.847751617 0.000997410 0.999806166 0.019659106 0.474501729 0.994286001 0.001106966 -0.106742509 -3.149575472
-0.108770236 0.026258290 -0.993720055 -38.632022858 0.003405761 0.999655008 0.026042333 0.471068203 0.994061053 -0.000551743 -0.108822145 -3.233735085
-0.110442653 0.029890601 -0.993432939 -39.531578064 0.005259095 0.999551237 0.029490018 0.475000501 0.993868589 -0.001967602 -0.110550277 -3.335295677
-0.112048708 0.029314155 -0.993270278 -40.309383392 0.005613683 0.999567509 0.028866738 0.477113724 0.993686855 -0.002341423 -0.112164810 -3.422915697
-0.113243543 0.025315732 -0.993244708 -41.082675934 0.002117138 0.999679208 0.025238356 0.483066380 0.993565023 0.000755245 -0.113260821 -3.517692089
-0.114315689 0.021050539 -0.993221402 -41.904914856 -0.002862399 0.999764323 0.021518657 0.497082025 0.993440270 0.005302916 -0.114228487 -3.627602577
-0.115505874 0.019527318 -0.993114889 -42.679992676 -0.007272366 0.999763250 0.020503869 0.502158046 0.993280053 0.009590612 -0.115336545 -3.729586124
-0.116386324 0.020511618 -0.992992163 -43.453868866 -0.008669118 0.999727666 0.021666834 0.502620816 0.993166149 0.011130091 -0.116176836 -3.833230495
-0.117724739 0.022531627 -0.992790759 -44.407814026 -0.007809470 0.999690652 0.023614272 0.488015354 0.993015468 0.010533151 -0.117512368 -3.954206944
-0.118100360 0.021950696 -0.992759049 -45.167404175 -0.010032849 0.999678314 0.023297206 0.491950035 0.992950916 0.012711613 -0.117842123 -4.057043552
-0.119094007 0.021837434 -0.992642820 -45.978481293 -0.010731362 0.999671400 0.023279568 0.493052840 0.992824972 0.013424869 -0.118820526 -4.155169964
-0.120109834 0.024045065 -0.992469430 -46.724296570 -0.007859874 0.999652326 0.025170300 0.496242523 0.992729545 0.010823886 -0.119879082 -4.234319687
-0.120235316 0.026386494 -0.992394745 -47.507755280 -0.007627859 0.999592662 0.027502043 0.512968421 0.992716193 0.010876565 -0.119985074 -4.333879471
-0.121469788 0.029977884 -0.992142320 -48.419815063 -0.007655717 0.999485791 0.031137075 0.533171535 0.992565632 0.011377772 -0.121177815 -4.433946133
-0.121241532 0.032545775 -0.992089272 -49.146747589 -0.008654440 0.999389768 0.033842903 0.524544477 0.992585301 0.012689144 -0.120885871 -4.545069218
-0.122433580 0.031768460 -0.991968095 -49.930297852 -0.007286179 0.999431849 0.032906789 0.549316645 0.992449999 0.011256552 -0.122132555 -4.640935421
-0.122736514 0.029672932 -0.991995573 -50.681674957 -0.006959336 0.999502540 0.030758541 0.553901553 0.992414892 0.010678825 -0.122468948 -4.733001232
-0.124299422 0.026719227 -0.991884887 -51.384223938 -0.006327439 0.999595702 0.027719870 0.560706675 0.992224514 0.009721655 -0.124080122 -4.796730518
-0.122980945 0.022831934 -0.992146313 -52.118438721 -0.006976878 0.999690711 0.023870360 0.586639524 0.992384493 0.009857684 -0.122783624 -4.904170990
-0.122533917 0.020521263 -0.992252171 -52.806419373 -0.007556592 0.999737859 0.021609250 0.587770164 0.992435575 0.010145910 -0.122346751 -4.976782322
-0.119095713 0.019978449 -0.992681742 -53.525020599 -0.010502434 0.999716163 0.021380041 0.583193839 0.992827296 0.012971845 -0.118852116 -5.094937801
-0.115693271 0.020146754 -0.993080676 -54.188072205 -0.010020971 0.999719679 0.021448879 0.599048376 0.993234396 0.012433123 -0.115458950 -5.159043789
-0.109522492 0.022621000 -0.993726909 -54.837211609 -0.009399884 0.999672651 0.023792349 0.584229708 0.993939877 0.011946714 -0.109274015 -5.235732555
-0.102462567 0.024172410 -0.994443178 -55.480415344 -0.008374942 0.999648273 0.025161846 0.582427084 0.994701624 0.010906551 -0.102224097 -5.298123360
-0.094377875 0.025660802 -0.995205760 -56.083911896 -0.009139030 0.999603212 0.026640868 0.574631453 0.995494545 0.011609524 -0.094105929 -5.345423698
-0.082580723 0.027332895 -0.996209443 -56.712623596 -0.011311884 0.999533653 0.028361797 0.578809023 0.996520162 0.013611145 -0.082233027 -5.396513462
-0.067062870 0.029475804 -0.997313261 -57.303817749 -0.014660307 0.999426484 0.030524071 0.572686791 0.997641027 0.016667953 -0.066592291 -5.450961113
-0.048492253 0.029818922 -0.998378336 -57.878807068 -0.015901418 0.999404550 0.030621920 0.597245932 0.998696983 0.017360555 -0.047989216 -5.471894264
-0.026689693 0.030466866 -0.999179304 -58.432605743 -0.016773103 0.999381125 0.030921055 0.607952833 0.999503076 0.017584611 -0.026162155 -5.475112438
-0.001218136 0.031142846 -0.999514163 -58.961334229 -0.016109711 0.999384582 0.031158442 0.604839325 0.999869466 0.016139844 -0.000715684 -5.459524632
0.027411321 0.029821161 -0.999179423 -59.476814270 -0.014467509 0.999462068 0.029432701 0.623884559 0.999519467 0.013648848 0.027828015 -5.411881447
0.061799597 0.030282805 -0.997629046 -59.967147827 -0.013518803 0.999473393 0.029501343 0.621799827 0.997996986 0.011663582 0.062176440 -5.366925240
0.099342734 0.030337876 -0.994590700 -60.425285339 -0.012972211 0.999489605 0.029191604 0.630203843 0.994968712 0.010002066 0.099685594 -5.296015263
0.141265348 0.031116368 -0.989482582 -60.876171112 -0.012509624 0.999482214 0.029644866 0.617530227 0.989892781 0.008190261 0.141581461 -5.225226402
0.186601505 0.032441754 -0.981899798 -61.313220978 -0.011261589 0.999459565 0.030881755 0.616428494 0.982371151 0.005295170 0.186866015 -5.121918678
0.233525351 0.028225323 -0.971940994 -61.732723236 -0.007547885 0.999601066 0.027215069 0.665732980 0.972321391 0.000980690 0.233645216 -4.965554237
0.283862323 0.023733363 -0.958571315 -62.128692627 0.000452391 0.999690175 0.024885401 0.661554754 0.958864927 -0.007497676 0.283763647 -4.809980392
0.336474210 0.018880075 -0.941503406 -62.540851593 0.005618439 0.999740958 0.022055836 0.658459067 0.941675901 -0.012710999 0.336280972 -4.662279129
0.389496624 0.014056754 -0.920920610 -62.925979614 0.010856127 0.999743998 0.019851416 0.668266475 0.920963943 -0.017729688 0.389244318 -4.461908340
0.440438718 0.013474195 -0.897681594 -63.279747009 0.011199553 0.999727130 0.020500841 0.671874523 0.897713006 -0.019082999 0.440167516 -4.268835068
0.490034759 0.012485117 -0.871613443 -63.652214050 0.012379766 0.999696910 0.021279903 0.678916097 0.871614933 -0.021218266 0.489731699 -4.035551071
0.535378814 0.010097587 -0.844551742 -64.005142212 0.019572495 0.999511719 0.024357721 0.664700091 0.844385266 -0.029570591 0.534919739 -3.768646240
0.579795778 0.004075501 -0.814751625 -64.321952820 0.029894553 0.999207735 0.026271824 0.664711475 0.814213216 -0.039588928 0.579214633 -3.482063293
0.622960389 -0.000589452 -0.782253087 -64.638290405 0.031249870 0.999220133 0.024133412 0.664879382 0.781628907 -0.039479468 0.622493148 -3.178525925
0.665024161 -0.005926256 -0.746798337 -64.928932190 0.028532874 0.999440074 0.017477425 0.669348955 0.746276557 -0.032931212 0.664820910 -2.900222778
0.706606388 -0.013404107 -0.707479775 -65.229080200 0.025016749 0.999668837 0.006045867 0.680789471 0.707164347 -0.021970894 0.706707656 -2.563503265
0.747000635 -0.014034715 -0.664675176 -65.532028198 0.018815270 0.999822915 0.000034282 0.662446558 0.664557040 -0.012531650 0.747132480 -2.162685394
0.785122991 -0.015731137 -0.619140029 -65.834960938 0.017901540 0.999836087 -0.002703182 0.668107033 0.619081080 -0.008961231 0.785275936 -1.674211502
0.819868684 -0.017085867 -0.572296560 -66.079902649 0.018227709 0.999826908 -0.003736840 0.661753058 0.572261393 -0.007367937 0.820038140 -1.242349625
0.852438331 -0.017744303 -0.522526622 -66.504875183 0.016360866 0.999839723 -0.007262466 0.686890006 0.522571743 -0.002358184 0.852592051 -0.232727051
0.879800379 -0.014201337 -0.475131214 -66.741668701 0.013611623 0.999896407 -0.004681554 0.664032280 0.475148469 -0.002348474 0.879902482 0.255777359
0.902099371 -0.009920106 -0.431414545 -66.947929382 0.009132805 0.999950707 -0.003896302 0.670217276 0.431432039 -0.000425173 0.902145386 0.726572037
0.920760989 -0.005353502 -0.390090287 -67.157806396 0.003703258 0.999980748 -0.004982391 0.664502919 0.390109450 0.003142987 0.920763075 1.238739014
0.935338318 0.000536468 -0.353754044 -67.373260498 -0.001750600 0.999993622 -0.003112161 0.658420920 0.353750169 0.003530205 0.935333312 1.857408524
0.946206152 0.001170668 -0.323562115 -67.568389893 -0.001436367 0.999998808 -0.000582368 0.645540655 0.323561013 0.001015794 0.946206748 2.437171936
0.954072416 0.000747424 -0.299575031 -67.733619690 -0.000520109 0.999999523 0.000838525 0.637969434 0.299575537 -0.000644202 0.954072297 3.030733109
0.960377336 0.000841926 -0.278701812 -67.900169373 -0.000072505 0.999996185 0.002771026 0.639653981 0.278703034 -0.002641023 0.960373700 3.642482758
0.965462625 0.003532077 -0.260517508 -68.073745728 -0.002284735 0.999984443 0.005090623 0.639238715 0.260531396 -0.004319593 0.965455651 4.294212341
0.969401121 0.008770590 -0.245325327 -68.237243652 -0.007261201 0.999948680 0.007056443 0.632609427 0.245374650 -0.005059167 0.969415128 4.976710320
0.972595274 0.012212504 -0.232183114 -68.391273499 -0.010578255 0.999909759 0.008282417 0.633035898 0.232263297 -0.005599349 0.972636819 5.576672554
0.975652754 0.010703282 -0.219059154 -68.541412354 -0.009058466 0.999922693 0.008511563 0.626115620 0.219133332 -0.006319989 0.975674510 6.267806053
0.978530884 0.010611357 -0.205826581 -68.679443359 -0.009165612 0.999926150 0.007976319 0.622584164 0.205896020 -0.005918549 0.978555918 6.997447014
0.981465280 0.011234415 -0.191310257 -68.820640564 -0.009719439 0.999913573 0.008855511 0.622421026 0.191393226 -0.006831947 0.981489718 7.735991478
0.984112442 0.012806367 -0.177083924 -68.952606201 -0.011373982 0.999893844 0.009101506 0.625059307 0.177181691 -0.006942756 0.984153688 8.451398849
0.986231208 0.012839855 -0.164873093 -69.069564819 -0.011928327 0.999907613 0.006517615 0.616976619 0.164941534 -0.004461216 0.986293256 9.214782715
0.988009512 0.013209020 -0.153826997 -69.185035706 -0.013145837 0.999912500 0.001427929 0.604999363 0.153832436 0.000611376 0.988096774 9.939229012
0.989494681 0.011440776 -0.144115880 -69.304084778 -0.012284292 0.999912202 -0.004964546 0.602709055 0.144046456 0.006682754 0.989548385 10.741348267
0.990629375 0.011277370 -0.136110872 -69.414505005 -0.012070526 0.999914646 -0.005003364 0.598075867 0.136042804 0.006599410 0.990680993 11.511030197
0.991609991 0.013486466 -0.128560677 -69.539382935 -0.013456722 0.999908924 0.001100012 0.590789378 0.128563792 0.000639222 0.991701066 12.340702057
0.992116809 0.017953135 -0.124023855 -69.638992310 -0.016939601 0.999813914 0.009221874 0.581054628 0.124166347 -0.007048260 0.992236376 13.110062599
0.992601454 0.018872904 -0.119942509 -69.750526428 -0.017459178 0.999765217 0.012826738 0.573870718 0.120156460 -0.010637740 0.992697954 13.953552246
0.993026912 0.017814565 -0.116534188 -69.828674316 -0.016510027 0.999789894 0.012150261 0.563347220 0.116726168 -0.010141555 0.993112385 14.688240051
0.993450582 0.017436413 -0.112924144 -69.943367004 -0.016316533 0.999808252 0.010833767 0.565723777 0.113091379 -0.008920285 0.993544638 15.518617630
0.993742704 0.016637258 -0.110446990 -70.014923096 -0.015240670 0.999793112 0.013477147 0.554497361 0.110648349 -0.011709532 0.993790627 16.275840759
0.994035602 0.014458616 -0.108093098 -70.108428955 -0.012876242 0.999799728 0.015322688 0.556622565 0.108292982 -0.013839466 0.994022667 17.106626511
0.994369686 0.012344846 -0.105245374 -70.181419373 -0.010548788 0.999789357 0.017605057 0.546545386 0.105440520 -0.016395723 0.994290411 17.863357544
0.994652808 0.011185312 -0.102668568 -70.265808105 -0.009819971 0.999856651 0.013794356 0.545012236 0.102808148 -0.012712393 0.994619906 18.673397064
0.994768620 0.013235107 -0.101292752 -70.348983765 -0.012617307 0.999897718 0.006737417 0.537905872 0.101371542 -0.005424129 0.994833827 19.485517502
0.994910896 0.013971875 -0.099785350 -70.433799744 -0.014144756 0.999899447 -0.001025228 0.529390633 0.099761002 0.002431448 0.995008409 20.295478821
0.995059669 0.014777255 -0.098172575 -70.511047363 -0.015325159 0.999870896 -0.004829294 0.517132819 0.098088525 0.006309945 0.995157838 20.994159698
0.995232344 0.016057052 -0.096201397 -70.591560364 -0.016461195 0.999858737 -0.003408828 0.503376544 0.096133061 0.004976165 0.995356083 21.801166534
0.995430946 0.019315805 -0.093510143 -70.681999207 -0.019318270 0.999813020 0.000878974 0.485456675 0.093509622 0.000931496 0.995617867 22.615921021
0.995565951 0.022699015 -0.091285750 -70.761451721 -0.022232709 0.999734044 0.006121947 0.470712602 0.091400422 -0.004065273 0.995805919 23.422283173
0.995834649 0.021280697 -0.088659346 -70.830940247 -0.020666238 0.999755621 0.007842814 0.462728560 0.088804588 -0.005977890 0.996031106 24.127880096
0.995998085 0.018444609 -0.087450936 -70.901298523 -0.017829152 0.999810517 0.007813636 0.450833380 0.087578475 -0.006223189 0.996138155 24.917480469
0.996145904 0.016228396 -0.086196400 -70.975433350 -0.015618680 0.999848127 0.007743263 0.445342183 0.086308956 -0.006367147 0.996248066 25.784246445
0.996189892 0.014833760 -0.085938908 -71.035911560 -0.014348553 0.999877393 0.006260940 0.438464642 0.086021259 -0.005003987 0.996280730 26.582569122
0.996316910 0.013831705 -0.084624521 -71.108078003 -0.013498235 0.999898732 0.004511516 0.433286071 0.084678374 -0.003352616 0.996402681 27.341236115
0.996384561 0.012853061 -0.083980240 -71.177360535 -0.012518970 0.999911487 0.004503622 0.426961392 0.084030710 -0.003435992 0.996457219 28.153137207
0.996414661 0.016532805 -0.082972527 -71.249610901 -0.016104860 0.999853373 0.005824362 0.417866528 0.083056666 -0.004467219 0.996534824 28.921512604
0.996430576 0.015255561 -0.083025999 -71.320091248 -0.014936321 0.999878526 0.004464872 0.413469702 0.083084024 -0.003208831 0.996537447 29.735715866
0.996283054 0.015790252 -0.084680408 -71.394432068 -0.015452518 0.999869764 0.004642303 0.406766772 0.084742688 -0.003316522 0.996397376 30.538682938
0.996153176 0.013465496 -0.086587846 -71.474037170 -0.013080507 0.999901891 0.005012054 0.399559587 0.086646855 -0.003860161 0.996231616 31.391143799
0.995852351 0.016154358 -0.089537591 -71.551574707 -0.015759584 0.999862611 0.005114285 0.389965355 0.089607917 -0.003681998 0.995970309 32.165988922
0.995529890 0.019752396 -0.092358626 -71.636779785 -0.019381654 0.999800026 0.004909474 0.380708516 0.092437133 -0.003097465 0.995713711 33.005966187
0.995308816 0.019904088 -0.094678871 -71.726875305 -0.020035719 0.999799132 -0.000439780 0.378786355 0.094651088 0.002334676 0.995507717 33.792072296
0.994985044 0.020480562 -0.097904041 -71.807579041 -0.020902677 0.999776065 -0.003287672 0.362960070 0.097814776 0.005317640 0.995190382 34.637752533
0.994877160 0.019676233 -0.099157646 -71.902671814 -0.020320613 0.999778450 -0.005492640 0.359634787 0.099027582 0.007479445 0.995056689 35.457191467
0.994668007 0.020221919 -0.101126790 -72.001571655 -0.020709487 0.999778509 -0.003773714 0.341809928 0.101028070 0.005847877 0.994866312 36.316699982
0.994455755 0.018508617 -0.103513613 -72.093154907 -0.018930065 0.999816120 -0.003090430 0.326266825 0.103437364 0.005032816 0.994623184 37.174945831
0.994285941 0.018227179 -0.105181701 -72.182731628 -0.018475780 0.999828279 -0.001389583 0.316668749 0.105138317 0.003324957 0.994452059 38.008907318
0.994156539 0.017980358 -0.106439792 -72.276550293 -0.017883817 0.999838293 0.001861486 0.304818988 0.106456056 0.000052941 0.994317472 38.895713806
0.994068384 0.017008048 -0.107418798 -72.409378052 -0.016370103 0.999842703 0.006817910 0.301920831 0.107517853 -0.005019011 0.994190454 39.970481873
0.994150221 0.017251508 -0.106619976 -72.506950378 -0.016399214 0.999826193 0.008865436 0.294416815 0.106754400 -0.007065091 0.994260311 40.864173889
0.994333446 0.020521788 -0.104306273 -72.578376770 -0.019658314 0.999763489 0.009299722 0.293528080 0.104472443 -0.007196538 0.994501710 41.476615906
0.994507372 0.019981498 -0.102740884 -72.667831421 -0.019265888 0.999782801 0.007952911 0.286442786 0.102877475 -0.005929833 0.994676352 42.366363525
0.994736969 0.018470407 -0.100782879 -72.767898560 -0.018010184 0.999822795 0.005474516 0.283808738 0.100866124 -0.003630587 0.994893372 43.258728027
0.994976163 0.014589085 -0.099043384 -72.853393555 -0.014260461 0.999890149 0.004025123 0.272418857 0.099091232 -0.002592497 0.995074987 44.173446655
0.995142221 0.012926775 -0.097595140 -72.991111755 -0.012626256 0.999913454 0.003696253 0.251738787 0.097634465 -0.002446035 0.995219469 45.374282837
0.995284140 0.010913987 -0.096385606 -73.085708618 -0.010397155 0.999928772 0.005862743 0.248247385 0.096442722 -0.004832960 0.995326817 46.294105530
0.995377779 0.008856428 -0.095627815 -73.120704651 -0.008064198 0.999929845 0.008667816 0.248079687 0.095697872 -0.007856590 0.995379388 46.919666290
0.995509148 0.008341237 -0.094297186 -73.231445312 -0.007549893 0.999933183 0.008745678 0.233766019 0.094363838 -0.007994467 0.995505631 47.824214935
0.995552123 0.009840930 -0.093697034 -73.314460754 -0.009370277 0.999941111 0.005461762 0.230497807 0.093745269 -0.004559501 0.995585799 48.811920166
0.995638311 0.011874915 -0.092538670 -73.416503906 -0.011951519 0.999928534 -0.000273671 0.217060760 0.092528820 0.001378456 0.995709002 49.701919556
0.995672643 0.013455358 -0.091950506 -73.481140137 -0.014035687 0.999885380 -0.005667550 0.203955293 0.091863707 0.006933612 0.995747447 50.434780121
0.995713592 0.018229455 -0.090675704 -73.577819824 -0.019369472 0.999743819 -0.011708343 0.187718332 0.090439044 0.013414497 0.995811641 51.307159424
0.995748222 0.018208943 -0.090300553 -73.656379700 -0.019373354 0.999739885 -0.012035096 0.158784091 0.090057939 0.013733348 0.995841801 52.185684204
0.995864809 0.015491381 -0.089517042 -73.745948792 -0.016113974 0.999850571 -0.006236484 0.145159423 0.089407079 0.007653170 0.995965719 53.077499390
0.995783091 0.014633810 -0.090563968 -73.832313538 -0.014459592 0.999892116 0.002579519 0.123973280 0.090591952 -0.001259123 0.995887280 54.033634186
0.995693564 0.014047355 -0.091635011 -73.918945312 -0.013120961 0.999856591 0.010704267 0.101462960 0.091772258 -0.009455830 0.995735109 54.928108215
0.995497584 0.012623349 -0.093942411 -73.983467102 -0.011939237 0.999897957 0.007840762 0.109727710 0.094031796 -0.006683858 0.995546699 55.656585693
0.995312095 0.007660168 -0.096410848 -74.057838440 -0.007283143 0.999964356 0.004261897 0.101023227 0.096440062 -0.003539743 0.995332479 56.514144897
0.995062351 0.005624400 -0.099092364 -74.159599304 -0.005306002 0.999979794 0.003476394 0.071374640 0.099109925 -0.002933445 0.995072186 57.441383362
0.994791269 0.007657258 -0.101644933 -74.254974365 -0.007557392 0.999970376 0.001367548 0.054992974 0.101652414 -0.000592254 0.994819820 58.291778564
0.994496942 0.010714631 -0.104216285 -74.329742432 -0.011067905 0.999934733 -0.002812086 0.063264847 0.104179353 0.003950066 0.994550705 58.953136444
0.994066656 0.011747269 -0.108136639 -74.427749634 -0.012526453 0.999900162 -0.006529046 0.050823510 0.108049139 0.007844876 0.994114578 59.795661926
0.993682802 0.012809241 -0.111491203 -74.537895203 -0.014006507 0.999852240 -0.009962007 0.018312931 0.111347117 0.011460677 0.993715465 60.678909302
0.993254900 0.017382406 -0.114640318 -74.645095825 -0.018634014 0.999777794 -0.009855065 -0.001964390 0.114443526 0.011924801 0.993358195 61.510513306
0.992783487 0.021507828 -0.117976263 -74.747512817 -0.022666104 0.999707103 -0.008484804 -0.010779977 0.117759220 0.011097633 0.992980182 62.260028839
0.992227435 0.024914391 -0.121918194 -74.862022400 -0.025416983 0.999673724 -0.002568664 -0.029595986 0.121814400 0.005647490 0.992536843 63.086265564
0.991768658 0.025675423 -0.125441983 -74.974876404 -0.025498297 0.999670267 0.003017678 -0.047098801 0.125478119 0.000205718 0.992096364 63.903137207
0.991100371 0.025753384 -0.130602255 -75.084304810 -0.025123939 0.999663472 0.006465190 -0.057141274 0.130724818 -0.003126408 0.991413772 64.719177246
0.990119874 0.022995777 -0.138324842 -75.173896790 -0.022088451 0.999723256 0.008091045 -0.079623759 0.138472602 -0.004955722 0.990353823 65.588989258
0.989377439 0.019710794 -0.144027606 -75.298591614 -0.018144345 0.999761164 0.012181574 -0.095108390 0.144233316 -0.009438887 0.989498675 66.403770447
0.988363683 0.021756399 -0.150545269 -75.423919678 -0.020231286 0.999727309 0.011654981 -0.099925339 0.150757790 -0.008473636 0.988534391 67.182098389
0.987363040 0.026123933 -0.156306550 -75.567962646 -0.024713626 0.999634504 0.010959638 -0.106553555 0.156535685 -0.006958242 0.987647772 67.983436584
0.986499965 0.030513780 -0.160892993 -75.733314514 -0.029877510 0.999533176 0.006373006 -0.095785201 0.161012337 -0.001479888 0.986951292 68.714660645
0.985499918 0.028886218 -0.167198509 -75.869392395 -0.028724881 0.999581575 0.003383774 -0.104795069 0.167226315 0.001468048 0.985917389 69.514251709
0.984325230 0.023879860 -0.174738288 -75.968467712 -0.023291619 0.999714017 0.005416685 -0.194489002 0.174817652 -0.001261843 0.984600008 70.376922607
0.983460486 0.025595745 -0.179304808 -76.117568970 -0.024078425 0.999653518 0.010633821 -0.200108171 0.179514870 -0.006140565 0.983736038 71.156707764
0.982735932 0.029994072 -0.182566971 -76.297645569 -0.027918776 0.999513149 0.013927446 -0.190897346 0.182895824 -0.008589954 0.983094752 71.709365845
0.981536806 0.029601885 -0.188968912 -76.452636719 -0.027023893 0.999503434 0.016204977 -0.203315616 0.189354792 -0.010799106 0.981849313 72.487976074
0.980222285 0.026972296 -0.196052775 -76.603179932 -0.024998723 0.999608994 0.012534579 -0.206938267 0.196314201 -0.007385606 0.980513215 73.236160278
0.978631318 0.023957897 -0.204222336 -76.773727417 -0.023414178 0.999712944 0.005078628 -0.204506755 0.204285413 -0.000188407 0.978911281 73.990211487
0.976864755 0.026415009 -0.212220386 -76.908401489 -0.026937205 0.999637008 0.000430735 -0.127050593 0.212154761 0.005295855 0.977221727 74.620094299
0.974541187 0.026051382 -0.222689942 -77.090042114 -0.025866892 0.999658346 0.003745686 -0.141954720 0.222711459 0.002109972 0.974882066 75.377021790
0.971865416 0.026386579 -0.234053969 -77.270576477 -0.024819858 0.999645412 0.009637379 -0.146426260 0.234225273 -0.003557050 0.972175837 76.142303467
0.969091535 0.029023664 -0.244987980 -77.477554321 -0.025633564 0.999526560 0.017015748 -0.148378611 0.245365888 -0.010209902 0.969376683 76.880325317
0.966082573 0.029064840 -0.256592572 -77.677246094 -0.024523180 0.999481261 0.020882688 -0.153768063 0.257066399 -0.013881934 0.966294050 77.617340088
0.962929428 0.032569092 -0.267780006 -77.891052246 -0.029149402 0.999434948 0.016737152 -0.161729574 0.268173784 -0.008311072 0.963334739 78.326637268
0.959455490 0.031825129 -0.280057669 -78.111175537 -0.031073743 0.999491692 0.007123825 -0.155324996 0.280142069 0.001867450 0.959956825 79.041694641
0.955931187 0.028954849 -0.292159289 -78.347473145 -0.029153619 0.999568164 0.003674343 -0.206864119 0.292139560 0.005005082 0.956362605 79.779655457
0.952290118 0.027961811 -0.303910464 -78.587028503 -0.026647206 0.999608934 0.008472921 -0.208219290 0.304028571 0.000029685 0.952662945 80.501533508
0.948588312 0.029082838 -0.315173566 -78.833084106 -0.025404926 0.999552786 0.015772332 -0.209600568 0.315491349 -0.006954487 0.948903024 81.223243713
0.944540203 0.029131288 -0.327101171 -79.100669861 -0.023422590 0.999496996 0.021378879 -0.215537548 0.327559382 -0.012531653 0.944747448 81.964622498
0.940303922 0.026771182 -0.339281380 -79.371994019 -0.021421878 0.999580324 0.019502608 -0.211840630 0.339661062 -0.011070336 0.940482795 82.680091858
0.936163723 0.024817793 -0.350687355 -79.654113770 -0.020913057 0.999669969 0.014918014 -0.208697438 0.350941807 -0.006631762 0.936373711 83.396759033
0.932938337 0.020900242 -0.359428853 -79.933700562 -0.019023664 0.999780715 0.008757642 -0.227009296 0.359533072 -0.001332690 0.933131337 84.088317871
0.929905355 0.017443297 -0.367384821 -80.214263916 -0.017689258 0.999839962 0.002697892 -0.229795933 0.367373019 0.003989977 0.930065095 84.820930481
0.926684618 0.015272842 -0.375529438 -80.485076904 -0.014738549 0.999882102 0.004295419 -0.368670613 0.375550836 0.001554260 0.926800489 85.584426880
0.923631847 0.020879878 -0.382711738 -80.801277161 -0.020745469 0.999774694 0.004478559 -0.378652751 0.382719070 0.003802996 0.923856914 86.273925781
0.920290530 0.020354211 -0.390705854 -81.118278503 -0.019437134 0.999791205 0.006301802 -0.377024233 0.390752554 0.001794714 0.920494020 87.020729065
0.916804552 0.021213708 -0.398772359 -81.431518555 -0.017544342 0.999763548 0.012849326 -0.377580166 0.398950636 -0.004784123 0.916959941 87.741821289
0.913969636 0.023777282 -0.405085325 -81.752990723 -0.016617291 0.999637485 0.021183103 -0.377881289 0.405442178 -0.012629293 0.914033473 88.457038879
0.911227286 0.034114145 -0.410488605 -82.107025146 -0.024803091 0.999300480 0.027988639 -0.379300356 0.411156297 -0.015322626 0.911436081 89.162719727
0.908201635 0.039879195 -0.416628689 -82.444641113 -0.032403179 0.999162078 0.025003467 -0.377619743 0.417276710 -0.009208095 0.908732891 89.868446350
0.905962467 0.036304679 -0.421798497 -82.755737305 -0.032268263 0.999339700 0.016706709 -0.341093421 0.422126442 -0.001524948 0.906535625 90.520591736
0.903811574 0.027768617 -0.427028716 -83.073616028 -0.026368119 0.999610066 0.009193711 -0.343044519 0.427117467 0.002950563 0.904191256 91.193023682
0.902040362 0.028873643 -0.430684984 -83.416213989 -0.027801968 0.999574780 0.008783387 -0.342379928 0.430755436 0.004050918 0.902459562 91.933441162
0.899899483 0.035184685 -0.434675783 -83.789382935 -0.032189339 0.999380112 0.014253616 -0.348699331 0.434907854 0.001165108 0.900474191 92.645401001
0.897185504 0.038102340 -0.440007329 -84.151679993 -0.033304885 0.999271691 0.018622262 -0.353005648 0.440396458 -0.002053227 0.897801101 93.337348938
0.894673526 0.033842038 -0.445436895 -84.493560791 -0.029661633 0.999426186 0.016355047 -0.351405978 0.445734799 -0.001420044 0.895163953 94.080825806
0.892266750 0.032192364 -0.450359434 -84.854660034 -0.030838290 0.999470830 0.010345828 -0.355730534 0.450454116 0.004657079 0.892787457 94.780319214
0.889934123 0.029007152 -0.455165744 -85.218460083 -0.030836279 0.999518573 0.003407402 -0.355377138 0.455045491 0.011003255 0.890400231 95.483283997
0.887535810 0.030009331 -0.459760368 -85.588905334 -0.032673620 0.999463677 0.002162501 -0.361550987 0.459578723 0.013102740 0.888040423 96.175971985
0.885440350 0.032865044 -0.463589549 -85.972213745 -0.033634443 0.999412298 0.006610238 -0.373034716 0.463534355 0.009739604 0.886025429 96.890487671
0.882857025 0.034902003 -0.468343139 -86.320404053 -0.034954246 0.999352038 0.008582993 -0.375767827 0.468339264 0.008793025 0.883504987 97.605949402
0.880247653 0.035580639 -0.473178715 -86.694419861 -0.035447303 0.999329150 0.009202378 -0.384313345 0.473188758 0.008672537 0.880918384 98.305519104
