0.999738038 -0.007852930 0.021497857 0.018163733 0.007874109 0.999968588 -0.000900718 -0.002747935 -0.021490110 0.001069758 0.999768436 0.866824508
0.999766529 -0.009321685 0.019494882 0.023661388 0.009372380 0.999952853 -0.002510613 -0.004620031 -0.019470561 0.002692740 0.999806821 1.158366680
0.999844313 -0.011981856 0.012955046 0.024793582 0.012035982 0.999919116 -0.004108110 -0.005034087 -0.012904777 0.004263398 0.999907553 1.465962648
0.999915004 -0.012960793 0.001410996 0.002784043 0.012967349 0.999904692 -0.004740768 -0.004651275 -0.001349417 0.004758663 0.999987781 0.354374945
0.999798894 -0.012840638 -0.015411825 -0.003496898 0.012745363 0.999899089 -0.006264575 -0.014559176 0.015490715 0.006066886 0.999861538 2.095634699
0.999357224 -0.008398125 -0.034850851 -0.033202153 0.008196587 0.999948859 -0.005921725 -0.023903765 0.034898795 0.005632262 0.999374986 2.422760010
0.998522162 -0.004670799 -0.054142825 -0.037819132 0.004311606 0.999967873 -0.006749078 -0.025220329 0.054172613 0.006505662 0.998510361 2.459085941
0.997199655 -0.004664597 -0.074640952 -0.110212885 0.004107481 0.999962568 -0.007615718 -0.033962689 0.074673675 0.007287805 0.997181416 3.110075951
0.995360136 -0.006277317 -0.096014306 -0.148497671 0.005643652 0.999960482 -0.006869835 -0.039679274 0.096053638 0.006296090 0.995356262 3.469508648
0.993236661 -0.007857204 -0.115842380 -0.202033520 0.007204758 0.999955773 -0.006049829 -0.045451660 0.115884788 0.005174295 0.993249178 3.844781160
0.990991354 -0.006860351 -0.133750379 -0.217492431 0.006173316 0.999965608 -0.005550719 -0.046138920 0.133783847 0.004675031 0.990999460 3.939362049
0.988780677 -0.005394812 -0.149277121 -0.339764267 0.004721240 0.999976993 -0.004866237 -0.055448618 0.149299949 0.004106868 0.988783360 4.625774384
0.986653328 -0.004636583 -0.162769109 -0.362304062 0.003979439 0.999982595 -0.004363092 -0.059434682 0.162786514 0.003657130 0.986654520 4.740469456
0.984625816 -0.006603005 -0.174551874 -0.507221937 0.005699514 0.999967635 -0.005676833 -0.072469115 0.174583733 0.004594695 0.984631538 5.450280190
0.982886732 -0.010505694 -0.183910787 -0.534737706 0.009278784 0.999928594 -0.007530554 -0.075971834 0.183976769 0.005695214 0.982914031 5.587587833
0.981260300 -0.009537215 -0.192450732 -0.676176369 0.007772068 0.999920547 -0.009924802 -0.087288722 0.192530096 0.008243075 0.981256425 6.345505714
0.979769528 -0.009151448 -0.199919552 -0.713745654 0.006952995 0.999907434 -0.011696037 -0.089540653 0.200008079 0.010069383 0.979742527 6.503820896
0.977991045 -0.010529197 -0.208380967 -0.873482883 0.007746580 0.999869645 -0.014165103 -0.105203256 0.208502963 0.012239103 0.977945149 7.280609608
0.976191759 -0.014366337 -0.216433346 -0.912776411 0.011174208 0.999810040 -0.015965370 -0.108227096 0.216621637 0.013166792 0.976166785 7.462000847
0.974343300 -0.021029135 -0.224082381 -1.087796926 0.017681019 0.999700069 -0.016937742 -0.129860863 0.224371403 0.012541169 0.974422932 8.271475792
0.972149014 -0.021306455 -0.233393252 -1.131940246 0.017455490 0.999675393 -0.018553279 -0.139727801 0.233712837 0.013962558 0.972205400 8.470322609
0.970258594 -0.017674834 -0.241424680 -1.363422632 0.012245930 0.999637723 -0.023969010 -0.152032778 0.241760835 0.020299675 0.970123470 9.318072319
0.968177855 -0.013868202 -0.249878272 -1.428247452 0.007466211 0.999619663 -0.026550151 -0.162027299 0.250151366 0.023839632 0.967913210 9.529599190
0.965825498 -0.017620649 -0.258593619 -1.664851308 0.010560479 0.999533236 -0.028666005 -0.190542758 0.258978009 0.024955483 0.965560913 10.414093971
0.963461697 -0.020060277 -0.267094314 -1.729192972 0.012244691 0.999447584 -0.030895103 -0.199205145 0.267566472 0.026495758 0.963175058 10.643655777
0.961284518 -0.019853147 -0.274841517 -1.993591666 0.011190740 0.999390960 -0.033050209 -0.238936394 0.275330365 0.028694978 0.960921347 11.540061951
0.958953381 -0.018418720 -0.282964885 -2.074069023 0.008340810 0.999288559 -0.036779009 -0.249279410 0.283441037 0.032909196 0.958424866 11.794589043
0.956521273 -0.020012643 -0.290975273 -2.151171207 0.008133335 0.999085367 -0.041978251 -0.261894435 0.291549295 0.037786491 0.955809236 12.050728798
0.954840958 -0.021526091 -0.296336621 -2.556535721 0.007160878 0.998749554 -0.049476430 -0.325943321 0.297031164 0.045120087 0.953801155 13.338870049
0.953649342 -0.021377981 -0.300159752 -2.644663811 0.004198127 0.998321354 -0.057764418 -0.341427803 0.300890833 0.053826895 0.952138305 13.597106934
0.952322304 -0.021474510 -0.304337233 -2.969760418 0.001393809 0.997815609 -0.066045992 -0.408883810 0.305090666 0.062472872 0.950271964 14.588241577
0.950827479 -0.020645054 -0.309032351 -3.063985109 -0.002736170 0.997177124 -0.075035505 -0.428313494 0.309709132 0.072191380 0.948086798 14.862613678
0.949825168 -0.020341612 -0.312119246 -3.422190666 -0.005731108 0.996583760 -0.082390539 -0.503013611 0.312728822 0.080045387 0.946463645 15.889317513
0.948117077 -0.018487157 -0.317383409 -3.527659416 -0.010459389 0.995953619 -0.089258209 -0.528393745 0.317749202 0.087946862 0.944087207 16.182489395
0.946680605 -0.017038407 -0.321722806 -3.641115665 -0.014295407 0.995395482 -0.094780780 -0.561754107 0.321856350 0.094326288 0.942078054 16.493911743
0.944844723 -0.016189082 -0.327118278 -4.147931576 -0.017409518 0.994882941 -0.099522233 -0.710942507 0.327055544 0.099728025 0.939728141 17.922876358
0.943097532 -0.013248881 -0.332252294 -4.265059471 -0.022353107 0.994419456 -0.103102699 -0.740995288 0.331764162 0.104662769 0.937538445 18.231281281
0.941552699 -0.012387163 -0.336637765 -4.385744095 -0.024093658 0.994287968 -0.103974834 -0.781104803 0.336002886 0.106008634 0.935876191 18.549135208
0.939231098 -0.012942946 -0.343041271 -4.954738617 -0.024100186 0.994337380 -0.103501529 -0.940941811 0.342438281 0.105479248 0.933600605 20.051549911
0.936982930 -0.012266306 -0.349159658 -5.077936172 -0.024760593 0.994539022 -0.101385050 -0.983899236 0.348496586 0.103641458 0.931562424 20.368970871
0.934353232 -0.012703298 -0.356121451 -5.521823883 -0.024571745 0.994688928 -0.099950500 -1.113046169 0.355499804 0.102139600 0.929078817 21.515125275
0.931203902 -0.012715600 -0.364276588 -5.655228615 -0.024261238 0.995012760 -0.096751593 -1.150303960 0.363690138 0.098933280 0.926251411 21.849731445
0.927799702 -0.010895044 -0.372919559 -5.874869347 -0.025425034 0.995403111 -0.092337079 -1.200197697 0.372211307 0.095151812 0.923257768 22.413488388
0.924301028 -0.006486234 -0.381609201 -6.417214394 -0.028410161 0.995912373 -0.085740231 -1.360866308 0.380605459 0.090091363 0.920338511 23.716136932
0.920643270 -0.001357320 -0.390402466 -6.587764740 -0.033310149 0.996074259 -0.082014732 -1.399724722 0.388981164 0.088510685 0.916983902 24.112293243
0.916839421 -0.001611969 -0.399252921 -7.072779179 -0.033112343 0.996239841 -0.080061033 -1.508638382 0.397880703 0.086623326 0.913338542 25.209537506
0.912865460 -0.001386328 -0.408258319 -7.325369358 -0.034148909 0.996230543 -0.079739861 -1.564640880 0.406829923 0.086733334 0.909377098 25.729534149
0.909064114 -0.001262150 -0.416654229 -7.788749695 -0.034568410 0.996319294 -0.078440145 -1.647649527 0.415219635 0.085710198 0.905674458 26.733880997
0.905034482 -0.000902835 -0.425337285 -8.022800446 -0.035065439 0.996435344 -0.076727450 -1.691041708 0.423890322 0.084355623 0.901776671 27.225423813
0.901286304 -0.000364918 -0.433223844 -8.313352585 -0.035571493 0.996560693 -0.074842975 -1.738451242 0.431761205 0.082865365 0.898173511 27.813526154
0.897484660 -0.001179945 -0.441044122 -8.949743271 -0.033151262 0.996987045 -0.070127055 -1.853260398 0.439798087 0.077559121 0.894741416 29.065795898
0.893459976 0.001339126 -0.449140906 -9.216506958 -0.034020208 0.997324586 -0.064701632 -1.895006537 0.447852671 0.073088177 0.891115129 29.603672028
0.889920712 0.001639490 -0.456112385 -9.777291298 -0.032896709 0.997619927 -0.060598839 -1.981145620 0.454927415 0.068932734 0.887856603 30.663675308
0.885739148 -0.000580174 -0.464182913 -10.039571762 -0.030044617 0.997830629 -0.058577362 -2.024312735 0.463209897 0.065830462 0.883800268 31.228471756
0.882881105 -0.000670677 -0.469596088 -10.627460480 -0.029998621 0.997875929 -0.057825129 -2.095081091 0.468637407 0.065139964 0.880985677 32.271926880
0.879762232 0.000419694 -0.475413859 -10.962499619 -0.030504156 0.997988760 -0.055567473 -2.144480228 0.474434406 0.063388258 0.878005743 32.881145477
0.876950324 -0.000219205 -0.480580926 -11.299499512 -0.029549045 0.998083234 -0.054375492 -2.194578648 0.479671717 0.061885327 0.875263035 33.473373413
0.874323308 -0.002706741 -0.485336363 -12.021348953 -0.027016193 0.998162627 -0.054235902 -2.285746813 0.484591424 0.060531653 0.872643709 34.756820679
0.872011840 -0.004581926 -0.489463300 -12.359987259 -0.025798477 0.998136163 -0.055305392 -2.314750433 0.488804370 0.060854375 0.870268285 35.375415802
0.870662034 -0.003853524 -0.491866678 -12.993431091 -0.026960911 0.998092175 -0.055543542 -2.388804197 0.491142273 0.061620824 0.868897080 36.481151581
0.870160341 -0.003186123 -0.492758274 -13.364238739 -0.027098345 0.998156548 -0.054306887 -2.439095020 0.492022872 0.060608637 0.868469954 37.117168427
0.869856656 -0.004397307 -0.493284851 -14.001853943 -0.024884561 0.998295963 -0.052780487 -2.514902592 0.492676437 0.058186635 0.868265092 38.254932404
0.869558156 -0.005668735 -0.493798077 -14.400402069 -0.023231016 0.998357415 -0.052369867 -2.560400963 0.493283898 0.057010069 0.867998242 38.940017700
0.868802905 -0.006521681 -0.495115131 -15.041387558 -0.022803949 0.998325348 -0.053165197 -2.640139341 0.494632751 0.057480656 0.867199183 40.061351776
0.867883027 -0.008658060 -0.496693075 -15.486755371 -0.020840995 0.998333335 -0.053818297 -2.688357592 0.496331185 0.057059564 0.866256058 40.807125092
0.866247237 -0.009799271 -0.499519527 -16.119735718 -0.018565062 0.998485923 -0.051782493 -2.761074066 0.499270588 0.054130051 0.864753604 41.895423889
0.863841116 -0.009540064 -0.503673971 -16.516119003 -0.016732521 0.998725593 -0.047614414 -2.819276094 0.503486395 0.049559023 0.862580597 42.615581512
0.861163259 -0.008847107 -0.508251309 -17.208927155 -0.015550666 0.998922050 -0.043736704 -2.899262190 0.508090317 0.045568094 0.860097528 43.750503540
0.857113779 -0.009817451 -0.515033543 -17.670152664 -0.013551164 0.999042690 -0.041595224 -2.953902483 0.514948845 0.042631149 0.856160223 44.507545471
0.851663232 -0.011939487 -0.523953497 -18.142980576 -0.012793870 0.998968840 -0.043559685 -3.013683081 0.523933291 0.043801565 0.850632370 45.274768829
0.845703483 -0.016890340 -0.533385515 -18.918380737 -0.009802882 0.998838663 -0.047172368 -3.093136311 0.533562958 0.045122549 0.844555914 46.528591156
0.839469135 -0.016731396 -0.543149650 -19.411247253 -0.010307772 0.998855770 -0.046700399 -3.135251760 0.543309629 0.044802207 0.838336170 47.282855988
0.833728373 -0.013013108 -0.552021265 -19.912925720 -0.012092004 0.999052286 -0.041813999 -3.176490784 0.552042186 0.041536570 0.832780898 47.993217468
0.828723013 -0.007660118 -0.559606552 -20.728939056 -0.015754566 0.999190748 -0.037008293 -3.267320871 0.559437156 0.039485991 0.827931702 49.226688385
0.824824750 -0.007767517 -0.565334916 -21.224967957 -0.017185351 0.999099195 -0.038800750 -3.306508064 0.565127134 0.041719303 0.823948324 49.949375153
0.820485592 -0.011532208 -0.571551025 -21.846847534 -0.016282722 0.998919427 -0.043529782 -3.355215788 0.571435392 0.045021955 0.819411159 50.867984772
0.817863762 -0.012924870 -0.575266778 -22.553560257 -0.019403189 0.998559654 -0.050021008 -3.432756424 0.575084686 0.052072383 0.816434979 51.837211609
0.814771652 -0.014351374 -0.579604328 -23.109830856 -0.019180106 0.998479247 -0.051685188 -3.484146118 0.579464614 0.053228505 0.813257337 52.574024200
0.811435461 -0.012056819 -0.584317625 -23.819538116 -0.019553015 0.998667479 -0.047759574 -3.558170319 0.584114850 0.050178982 0.810118496 53.569637299
0.808215499 -0.009399271 -0.588811815 -24.410671234 -0.019291885 0.998913348 -0.042426206 -3.615053892 0.588570833 0.045648810 0.807155907 54.380310059
0.801322937 -0.011737475 -0.598116815 -24.844324112 -0.015866170 0.999038815 -0.040861774 -3.861671448 0.598021567 0.042233299 0.800366521 55.445854187
0.798105001 -0.011625085 -0.602406144 -25.461467743 -0.016533522 0.999014795 -0.041183371 -3.922961712 0.602291524 0.042828552 0.797126472 56.239059448
0.795329928 -0.012202616 -0.606054008 -26.171257019 -0.017275710 0.998934984 -0.042784154 -3.982594490 0.605930626 0.044497531 0.794272065 57.146247864
0.790870130 -0.016023470 -0.611774325 -26.793588638 -0.014738891 0.998868525 -0.045215841 -4.044332981 0.611806631 0.044776727 0.789739072 57.966705322
0.785512328 -0.017316954 -0.618603587 -27.500205994 -0.014148795 0.998844564 -0.045927636 -4.104895592 0.618684113 0.044829223 0.784359753 58.872135162
0.780951381 -0.015835293 -0.624391019 -28.166797638 -0.015846841 0.998854458 -0.045152426 -4.159440041 0.624390602 0.045156479 0.779805958 59.707134247
0.776530981 -0.016352093 -0.629866898 -28.891906738 -0.015006792 0.998899579 -0.044433724 -4.223959923 0.629900336 0.043956432 0.775431097 60.566829681
0.770949125 -0.017870033 -0.636646152 -29.565216064 -0.014711946 0.998839915 -0.045851953 -4.285557747 0.636726856 0.044715818 0.769791782 61.380157471
0.765663803 -0.019354062 -0.642949879 -30.301757812 -0.013728059 0.998827875 -0.046414912 -4.347499371 0.643094480 0.044364668 0.764500558 62.238880157
0.759694576 -0.021105919 -0.649937510 -31.007471085 -0.012677245 0.998802543 -0.047252975 -4.403755665 0.650156498 0.044137251 0.758517265 63.063243866
0.754068017 -0.023362074 -0.656380713 -31.738826752 -0.011107723 0.998770595 -0.048309356 -4.477301598 0.656702399 0.043719426 0.752881467 63.896171570
0.748161376 -0.024436759 -0.663066745 -32.461204529 -0.011203649 0.998713851 -0.049448218 -4.546510696 0.663422167 0.044424012 0.746925414 64.693801880
0.741393507 -0.025648508 -0.670580149 -33.195648193 -0.010341223 0.998714030 -0.049632315 -4.616189003 0.670990765 0.043731704 0.740174890 65.521896362
0.734418213 -0.025541617 -0.678216338 -33.886798859 -0.008973569 0.998838842 -0.047333427 -4.689351082 0.678637862 0.040848549 0.733336270 66.313240051
0.728677928 -0.026520364 -0.684342861 -34.696815491 -0.007488143 0.998881698 -0.046682958 -4.751858711 0.684815586 0.039141297 0.727664471 67.124450684
0.722598433 -0.028065307 -0.690698087 -35.446792603 -0.006581047 0.998851001 -0.047471561 -4.817226410 0.691236675 0.038848389 0.721583426 67.889785767
0.715078950 -0.030234497 -0.698389530 -36.252891541 -0.006392121 0.998739600 -0.049782056 -4.882501125 0.699014485 0.040062286 0.713984370 68.728652954
0.709016442 -0.029411009 -0.704578400 -37.024394989 -0.008079262 0.998725474 -0.049819663 -4.939542770 0.705145657 0.041015431 0.707875192 69.495002747
0.703274488 -0.029693134 -0.710298061 -37.863380432 -0.007168445 0.998780489 -0.048850335 -5.010161400 0.710882306 0.039446928 0.702203870 70.316978455
0.698453486 -0.029186452 -0.715059996 -38.657680511 -0.007863034 0.998794794 -0.048448011 -5.081686020 0.715612233 0.039461218 0.697382152 71.066307068
0.694855750 -0.030250654 -0.718512654 -39.527870178 -0.008607837 0.998693466 -0.050371192 -5.135224342 0.719097614 0.041185554 0.693687618 71.848068237
0.690066636 -0.031739827 -0.723049521 -40.336177826 -0.009920037 0.998529255 -0.053300124 -5.200384140 0.723677874 0.043953314 0.688736916 72.587570190
0.684886575 -0.034677893 -0.727824032 -41.201904297 -0.008615408 0.998411655 -0.055677462 -5.280480385 0.728598773 0.044403244 0.683499932 73.401718140
0.679402828 -0.035274714 -0.732917190 -42.038276672 -0.008780489 0.998381495 -0.056190673 -5.344959736 0.733712971 0.044611473 0.677993357 74.174301147
0.675396860 -0.033746339 -0.736681938 -42.911743164 -0.010619972 0.998403728 -0.055471934 -5.440094948 0.737378001 0.045289122 0.673960388 74.951988220
0.669942617 -0.034173999 -0.741625965 -43.752174377 -0.009484707 0.998464465 -0.054577019 -5.514209747 0.742352307 0.043597579 0.668589771 75.713363647
0.664901495 -0.035240155 -0.746099353 -44.663425446 -0.008462600 0.998466969 -0.054701731 -5.587614059 0.746883094 0.042685207 0.663583815 76.513130188
0.659514070 -0.035567701 -0.750850260 -45.560878754 -0.008472336 0.998464704 -0.054738898 -5.657667160 0.751644492 0.042462524 0.658200204 77.291564941
0.655190527 -0.036259163 -0.754593015 -46.379833221 -0.007390731 0.998492122 -0.054395970 -5.731408119 0.755427599 0.041216716 0.653934538 78.010589600
0.651260316 -0.037416641 -0.757931411 -47.307655334 -0.005862221 0.998505831 -0.054330207 -5.814302921 0.758831799 0.039826266 0.650067866 78.792320251
0.647968650 -0.039924540 -0.760619938 -48.265964508 -0.004550681 0.998404503 -0.056282435 -5.875342369 0.761653423 0.039930593 0.646753132 79.578086853
0.642701924 -0.045564733 -0.764760077 -49.278072357 -0.000537622 0.998202682 -0.059925158 -5.950623512 0.766116083 0.038925175 0.641522288 80.469551086
0.639476120 -0.046639718 -0.767394960 -50.063686371 -0.002049702 0.998051226 -0.062366262 -6.062587261 0.768808246 0.041454673 0.638134301 81.082427979
0.631834805 -0.051149644 -0.773413479 -50.981624603 0.004433457 0.998042464 -0.062383577 -6.147492409 0.775090277 0.035987228 0.630824745 81.866989136
0.624085844 -0.054301832 -0.779466689 -51.915901184 0.008812804 0.998007834 -0.062470563 -6.243853569 0.781306207 0.032117702 0.623321116 82.581443787
0.615326762 -0.055443529 -0.786319911 -52.868911743 0.012311162 0.998077571 -0.060740627 -6.326436996 0.788176000 0.027694827 0.614826500 83.331382751
0.606872857 -0.053942941 -0.792966306 -53.829765320 0.012258715 0.998210788 -0.058523208 -6.394618034 0.794704497 0.025795400 0.606448174 84.034393311
0.597193360 -0.054189637 -0.800264776 -54.824600220 0.012366816 0.998218596 -0.058365345 -6.484277725 0.802002072 0.024958670 0.596799672 84.786880493
0.588570774 -0.055027630 -0.806570709 -55.793861389 0.010454610 0.998115420 -0.060466669 -6.561764240 0.808378100 0.027156526 0.588036835 85.469238281
0.579067051 -0.057693150 -0.813235879 -56.799732208 0.011630947 0.997976124 -0.062517256 -6.648546219 0.815196872 0.026742985 0.578566194 86.145416260
0.569022119 -0.059531342 -0.820164502 -57.796344757 0.011937676 0.997868896 -0.064147711 -6.731703281 0.822235644 0.026710602 0.568520129 86.854484558
0.559340715 -0.056391664 -0.827017605 -58.821670532 0.007047571 0.997970819 -0.063281901 -6.836673260 0.828907847 0.029567674 0.558602989 87.565948486
0.549114406 -0.057278056 -0.833782077 -59.862586975 0.008627812 0.997983992 -0.062876046 -6.924714088 0.835702598 0.027332433 0.548501551 88.246917725
0.538494349 -0.057239372 -0.840682745 -60.913742065 0.007978083 0.997991741 -0.062839717 -7.018262863 0.842591345 0.027131792 0.537869573 88.909088135
0.528403580 -0.058210760 -0.846995413 -61.981323242 0.007038755 0.997912824 -0.064191557 -7.106645584 0.848964155 0.027957253 0.527710378 89.553474426
0.517820537 -0.059225664 -0.853436708 -63.053962708 0.006797341 0.997854054 -0.065123476 -7.203490257 0.855462313 0.027921168 0.517111957 90.225036621
0.508332908 -0.059250098 -0.859119952 -64.039863586 0.004918549 0.997813761 -0.065905005 -7.305617332 0.861146629 0.029276062 0.507512987 90.793548584
0.497962475 -0.059029039 -0.865187228 -65.126747131 0.003891404 0.997822702 -0.065838628 -7.410630226 0.867189825 0.029418377 0.497108042 91.442382812
0.489246398 -0.056481108 -0.870314777 -66.186874390 0.002655221 0.997992575 -0.063274436 -7.503424644 0.872141600 0.028645907 0.488414317 92.028007507
0.481501102 -0.055128265 -0.874710023 -67.248947144 0.005659824 0.998194635 -0.059795283 -7.626242161 0.876427233 0.023840783 0.480943739 92.626739502
0.473944634 -0.055804789 -0.878784537 -68.342369080 0.005959731 0.998170197 -0.060171854 -7.713432789 0.880534530 0.023280801 0.473409951 93.214660645
0.466137886 -0.059040349 -0.882740021 -69.505439758 0.008161493 0.998015285 -0.062440578 -7.796584129 0.884674430 0.021901445 0.465694666 93.814399719
0.459493041 -0.062097650 -0.886008024 -70.614021301 0.011153100 0.997877657 -0.064154141 -7.896688938 0.888111353 0.019596647 0.459210426 94.377517700
0.452495575 -0.065639101 -0.889347672 -71.697937012 0.012148196 0.997648597 -0.067451410 -7.977372169 0.891683877 0.019717498 0.452228963 94.954574585
0.447438419 -0.068557411 -0.891683102 -72.820350647 0.013747144 0.997466862 -0.069792449 -8.092249870 0.894209087 0.018969730 0.447247475 95.508987427
0.442562521 -0.070071369 -0.893995762 -73.916679382 0.017409863 0.997425854 -0.069559664 -8.191536903 0.896568656 0.015220160 0.442643255 96.051498413
0.437993944 -0.067220517 -0.896461248 -75.066009521 0.018755509 0.997666717 -0.065645747 -8.298511505 0.898782313 0.011938857 0.438232780 96.630386353
0.434230417 -0.065656900 -0.898405969 -76.163482666 0.021599079 0.997812271 -0.062482100 -8.384559631 0.900542915 0.007726893 0.434698611 97.168762207
0.430639952 -0.065408260 -0.900150537 -77.257865906 0.022913542 0.997841299 -0.061544798 -8.468035698 0.902232885 0.005878017 0.431209058 97.685928345
0.427702457 -0.065997273 -0.901507020 -78.342620850 0.025860712 0.997816265 -0.060778745 -8.554801941 0.903549552 0.002681610 0.428475201 98.216247559
0.432306498 -0.054149494 -0.900099397 -80.355270386 0.015541315 0.998494506 -0.052604593 -8.590233803 0.901592791 0.008752576 0.432497203 98.893936157
0.430397511 -0.052786224 -0.901094675 -81.460311890 0.016673807 0.998583198 -0.050533056 -8.678487778 0.902485430 0.006724626 0.430667907 99.408325195
0.428101450 -0.053708896 -0.902133286 -82.604995728 0.018957049 0.998546481 -0.050452955 -8.763635635 0.903531849 0.004497201 0.428497374 99.948524475
0.425338745 -0.054092448 -0.903416276 -83.680374146 0.021119649 0.998533607 -0.049844272 -8.841610909 0.904787838 0.002120866 0.425857484 100.464263916
0.423898160 -0.052872743 -0.904165208 -84.835525513 0.023817359 0.998600125 -0.047228742 -8.924501419 0.905396640 -0.001514652 0.424564004 100.975341797
0.420979232 -0.053465471 -0.905493200 -85.893913269 0.027475456 0.998554945 -0.046186559 -8.989036560 0.906654060 -0.005435259 0.421839833 101.494583130
0.420583189 -0.053872906 -0.905653059 -87.027557373 0.028742895 0.998525560 -0.046049315 -9.069711685 0.906798542 -0.006663523 0.421511590 101.976654053
0.419905037 -0.054294433 -0.905942559 -88.084564209 0.028899472 0.998502612 -0.046446785 -9.147902489 0.907107770 -0.006678021 0.420845360 102.457542419
0.418867499 -0.056915738 -0.906261921 -89.115631104 0.030935872 0.998348832 -0.048400711 -9.212053299 0.907520235 -0.007762517 0.419936597 102.921516418
0.419205904 -0.058381371 -0.906012177 -90.182800293 0.030714871 0.998270988 -0.050114762 -9.269689560 0.907371461 -0.006819643 0.420274287 103.409957886
0.422383934 -0.058815662 -0.904506803 -91.197097778 0.028562335 0.998260617 -0.051574059 -9.331344604 0.905966878 -0.004050774 0.423329115 103.859085083
0.425449282 -0.058257088 -0.903105199 -92.167861938 0.026636975 0.998299599 -0.051849265 -9.422254562 0.904590189 -0.001996749 0.426277697 104.339492798
0.429720998 -0.059945401 -0.900969684 -93.178222656 0.026515454 0.998201311 -0.053767994 -9.490464211 0.902572274 -0.000784381 0.430537581 104.821189880
0.434508175 -0.059900559 -0.898673713 -94.162162781 0.026803879 0.998203993 -0.053575031 -9.566884041 0.900268972 -0.000809145 0.435333401 105.310112000
0.441811472 -0.056758385 -0.895310581 -95.067642212 0.023165615 0.998385549 -0.051861238 -9.647733688 0.896808803 0.002172472 0.442413032 105.734375000
0.449130058 -0.057013486 -0.891645491 -96.089996338 0.023679581 0.998370945 -0.051910084 -9.712279320 0.893152535 0.002200594 0.449748486 106.268005371
0.457585365 -0.056880109 -0.887344599 -97.028198242 0.023296842 0.998376131 -0.051983703 -9.780381203 0.888860524 0.003114654 0.458167434 106.749099731
0.465566337 -0.056092985 -0.883233547 -97.996604919 0.022913877 0.998418868 -0.051329985 -9.861416817 0.884716332 0.003659206 0.466115475 107.260101318
0.475482166 -0.055028904 -0.878002584 -98.914215088 0.019944733 0.998459518 -0.051777489 -9.947279930 0.879499197 0.007107744 0.475847214 107.762863159
0.484756857 -0.059060208 -0.872652650 -99.867576599 0.020650310 0.998212337 -0.056086741 -9.998401642 0.874405026 0.009167885 0.485109985 108.282546997
0.496709734 -0.058456235 -0.865945935 -100.797912598 0.016828895 0.998190343 -0.057730362 -10.079530716 0.867753565 0.014102322 0.496794641 108.799758911
0.508999348 -0.057239015 -0.858861685 -101.702850342 0.016337132 0.998249233 -0.056846406 -10.155523300 0.860611975 0.014903452 0.509043276 109.338745117
0.521450996 -0.055441011 -0.851478219 -102.595024109 0.015374044 0.998335421 -0.055587932 -10.224689484 0.853142738 0.015895715 0.521435320 109.866897583
0.534487069 -0.051785689 -0.843588650 -103.466445923 0.013443436 0.998515725 -0.052778669 -10.303032875 0.845069706 0.016868791 0.534389913 110.394653320
0.546412766 -0.050248176 -0.836007357 -104.333305359 0.012917460 0.998585522 -0.051577099 -10.383997917 0.837416410 0.017383296 0.546288848 110.950805664
0.555994630 -0.050381809 -0.829657555 -105.062538147 0.011980314 0.998543322 -0.052608974 -10.434070587 0.831099510 0.019310756 0.555788338 111.433372498
0.567317188 -0.051744964 -0.821872056 -105.898628235 0.012700081 0.998455048 -0.054096058 -10.503231049 0.823401451 0.020251790 0.567097902 112.002014160
0.578173995 -0.052144945 -0.814245522 -106.635459900 0.013489325 0.998430312 -0.054361850 -10.571517944 0.815801978 0.020446993 0.577969730 112.517227173
0.589219034 -0.050733902 -0.806379020 -107.448684692 0.013738779 0.998511434 -0.052783161 -10.659967422 0.807856441 0.020022184 0.589038968 113.103317261
0.601502478 -0.043337684 -0.797694564 -109.182220459 0.009085632 0.998833895 -0.047414307 -10.662599564 0.798819244 0.021272257 0.601194859 114.413665771
0.612453997 -0.040268645 -0.789479911 -109.975013733 0.009458514 0.999003530 -0.043618098 -10.730096817 0.790449739 0.019246772 0.612224519 115.003578186
0.619738758 -0.026301313 -0.784367323 -110.874732971 0.000442925 0.999449790 -0.033163469 -10.771900177 0.784808040 0.020205272 0.619409442 115.755737305
0.630729198 -0.026023090 -0.775566578 -111.636734009 -0.001185239 0.999404073 -0.034497563 -10.819431305 0.776002109 0.022677852 0.630322516 116.338172913
0.642119765 -0.025631046 -0.766175747 -112.805374146 -0.003100674 0.999345899 -0.036029972 -10.851773262 0.766598105 0.025511213 0.641620278 117.146057129
0.648853183 -0.026279146 -0.760459721 -113.131240845 -0.003294243 0.999297023 -0.037343401 -10.956756592 0.760906518 0.026735529 0.648310483 117.435020447
0.658233106 -0.024145726 -0.752426863 -113.830360413 -0.004258689 0.999350011 -0.035795167 -11.003677368 0.752802193 0.026765916 0.657702386 118.027038574
0.666958511 -0.020973636 -0.744799554 -114.644409180 -0.004687735 0.999465764 -0.032342870 -11.023645401 0.745080113 0.025062775 0.666503906 118.916007996
0.675656259 -0.020336406 -0.736936331 -115.325340271 -0.004167384 0.999498129 -0.031402878 -11.074614525 0.737205148 0.024288643 0.675232410 119.522087097
0.683090806 -0.019683925 -0.730068088 -116.051284790 -0.005519116 0.999469042 -0.032111436 -11.118088722 0.730312586 0.025964359 0.682619452 120.202384949
0.693861485 -0.018165572 -0.719879270 -117.217109680 -0.005862894 0.999506116 -0.030872729 -11.199287415 0.720084608 0.025641970 0.693412244 121.146469116
0.701482654 -0.016196605 -0.712502539 -117.856353760 -0.006295030 0.999561965 -0.028919706 -11.236246109 0.712658703 0.024771897 0.701073349 121.759811401
0.707610369 -0.013429184 -0.706475198 -118.334030151 -0.007742411 0.999611914 -0.026756180 -11.225896835 0.706560552 0.024402771 0.707231700 122.211090088
0.715907156 -0.010816246 -0.698111832 -119.128189087 -0.009223656 0.999646246 -0.024946865 -11.320978165 0.698134542 0.024298780 0.715553999 123.036819458
0.723660767 -0.009897657 -0.690084875 -119.724220276 -0.010108846 0.999637842 -0.024938162 -11.358912468 0.690081775 0.025022730 0.723298728 123.649017334
0.731316984 -0.007062285 -0.682001173 -120.332572937 -0.012698213 0.999632061 -0.023967864 -11.394876480 0.681919515 0.026188301 0.730958283 124.291702271
0.740517080 -0.004561329 -0.672022045 -120.907585144 -0.013260796 0.999683022 -0.021397706 -11.424954414 0.671906590 0.024756914 0.740221918 124.903488159
0.749771833 -0.000736734 -0.661696017 -121.475021362 -0.015278418 0.999713480 -0.018425165 -11.460760117 0.661519945 0.023924336 0.749545813 125.545593262
0.759724975 0.001351314 -0.650243223 -121.994789124 -0.017153947 0.999691486 -0.017964641 -11.490930557 0.650018156 0.024802422 0.759513795 126.155929565
0.769774258 0.007566972 -0.638271332 -122.445770264 -0.019992033 0.999724984 -0.012258826 -11.683593750 0.638003051 0.022196876 0.769713879 126.611953735
0.779675782 0.006369651 -0.626151025 -122.935531616 -0.019966397 0.999692738 -0.014692334 -11.706435204 0.625864983 0.023957241 0.779563367 127.214408875
0.789631724 0.007195335 -0.613538861 -123.410598755 -0.020644017 0.999676704 -0.014845284 -11.725012779 0.613233685 0.024388215 0.789524972 127.828147888
0.799728215 0.008834925 -0.600297093 -123.976486206 -0.021247009 0.999681771 -0.013592797 -11.749040604 0.599985957 0.023625068 0.799661577 128.564224243
0.809986651 0.010196527 -0.586359739 -124.436691284 -0.020818323 0.999718547 -0.011373403 -11.765917778 0.586078763 0.021419330 0.809970915 129.162048340
0.819416642 0.012527247 -0.573061466 -124.917587280 -0.021787357 0.999719501 -0.009299513 -11.793683052 0.572784126 0.020105673 0.819459617 129.877700806
0.828517079 0.014037018 -0.559787810 -125.341567993 -0.021428350 0.999748349 -0.006645854 -11.810901642 0.559553742 0.017501531 0.828609228 130.497543335
0.836284339 0.013884008 -0.548120022 -125.802314758 -0.019652467 0.999796033 -0.004659339 -11.803857803 0.547943532 0.014668446 0.836386621 131.209701538
0.843572915 0.013219146 -0.536851823 -126.212905884 -0.018056946 0.999829948 -0.003754213 -11.821947098 0.536710978 0.012860858 0.843668103 131.848602295
0.850458980 0.014864207 -0.525831163 -126.694610596 -0.019981347 0.999792159 -0.004054917 -11.862286568 0.525661528 0.013955358 0.850579262 132.609405518
0.857107759 0.015901573 -0.514891565 -127.089172363 -0.021086743 0.999768734 -0.004225575 -11.884204865 0.514705360 0.014479158 0.857244909 133.254653931
0.863223433 0.015593110 -0.504581094 -127.494194031 -0.019681098 0.999802411 -0.002772904 -11.895604134 0.504438281 0.012324347 0.863359690 133.966857910
0.869499385 0.016691636 -0.493651718 -127.867195129 -0.020553710 0.999785960 -0.002397193 -11.912178040 0.493506044 0.012230732 0.869656384 134.617202759
0.875320613 0.015902041 -0.483281374 -128.313110352 -0.019902945 0.999797046 -0.003150647 -11.922800064 0.483133167 0.012376548 0.875459433 135.416137695
0.880210221 0.014964114 -0.474347949 -128.653533936 -0.019356191 0.999803066 -0.004377274 -11.942863464 0.474189073 0.013034493 0.880326569 136.062042236
0.884669125 0.014169459 -0.466004044 -129.103088379 -0.018791355 0.999809504 -0.005273284 -11.949558258 0.465840608 0.013421959 0.884766877 136.903594971
0.888331771 0.014453581 -0.458974719 -129.460098267 -0.018753165 0.999812543 -0.004811070 -11.957561493 0.458819151 0.012881054 0.888436377 137.582061768
0.891098738 0.015808906 -0.453533918 -129.873291016 -0.018480029 0.999828160 -0.001458199 -11.995015144 0.453432888 0.009680717 0.891237736 138.413391113
0.894288719 0.020636773 -0.447014421 -130.225082397 -0.021676593 0.999761105 0.002788971 -12.006838799 0.446965188 0.007195605 0.894522429 139.100677490
0.897423267 0.022896379 -0.440575868 -130.658889771 -0.022800816 0.999724865 0.005511188 -12.019990921 0.440580755 0.005099620 0.897698462 139.981658936
0.900673389 0.025673410 -0.433737576 -131.016769409 -0.024770744 0.999663234 0.007733741 -12.030810356 0.433790058 0.003778427 0.901006043 140.706893921
0.903920233 0.026640890 -0.426870525 -131.379333496 -0.025026137 0.999642670 0.009393340 -12.018100739 0.426968277 0.002192092 0.904263914 141.466033936
0.907013774 0.028555203 -0.420131713 -131.839538574 -0.025932912 0.999592364 0.011953509 -12.018691063 0.420301735 0.000053241 0.907384396 142.459396362
0.910467505 0.028137250 -0.412622213 -132.196182251 -0.024775663 0.999602020 0.013495658 -12.012442589 0.412837714 -0.002064367 0.910802245 143.248733521
0.914091945 0.028109381 -0.404531479 -132.616165161 -0.024353413 0.999599278 0.014428684 -12.013163567 0.404774994 -0.003337423 0.914410174 144.168334961
0.917760730 0.027430840 -0.396185100 -132.970794678 -0.023745505 0.999617159 0.014204571 -12.006373405 0.396423042 -0.003628782 0.918060780 144.995758057
0.921564281 0.025299106 -0.387400597 -133.357788086 -0.021804035 0.999672174 0.013415037 -12.002806664 0.387612939 -0.003915923 0.921813905 145.928146362
0.925698102 0.024443481 -0.377472669 -133.725433350 -0.021390796 0.999695778 0.012278037 -12.011146545 0.377657861 -0.003291314 0.925939381 146.801879883
0.930351913 0.023821153 -0.365893394 -134.089111328 -0.021780089 0.999715626 0.009705652 -12.012182236 0.366020560 -0.001060482 0.930606186 147.693588257
0.935156167 0.024632266 -0.353378057 -134.465911865 -0.023211388 0.999696493 0.008258897 -12.003034592 0.353474200 0.000479037 0.935444117 148.699676514
0.941003263 0.028309222 -0.337211132 -134.804779053 -0.026824016 0.999599099 0.009063713 -12.001546860 0.337332577 0.000516374 0.941385388 149.630722046
0.947413445 0.030351235 -0.318569511 -135.166503906 -0.028111350 0.999537170 0.011627339 -12.029653549 0.318774968 -0.002060479 0.947828174 150.642395020
0.953764200 0.034322482 -0.298589945 -135.463073730 -0.031820524 0.999405921 0.013238287 -12.034015656 0.298866957 -0.003124915 0.954289675 151.583572388
0.960095644 0.035497364 -0.277409822 -135.744766235 -0.033222500 0.999364734 0.012898007 -12.022381783 0.277691424 -0.003167073 0.960665166 152.564910889
0.965991497 0.036604125 -0.255969912 -136.067642212 -0.034268584 0.999320388 0.013580061 -12.015171051 0.256293029 -0.004346495 0.966589332 153.675872803
0.971506655 0.038306382 -0.233896077 -136.322448730 -0.035543151 0.999239743 0.016019292 -12.020577431 0.234331876 -0.007249446 0.972129583 154.691711426
0.976448357 0.039891914 -0.212031394 -136.522293091 -0.036760323 0.999149263 0.018692631 -12.010112762 0.212596700 -0.010458047 0.977083981 155.665191650
0.980995119 0.042373568 -0.189349085 -136.793365479 -0.038901400 0.999000371 0.022018241 -11.998927116 0.190092787 -0.014233842 0.981662929 156.853897095
0.985184848 0.044276819 -0.165680915 -137.019027710 -0.040759675 0.998866737 0.024570253 -11.983881950 0.166581079 -0.017453143 0.985873222 157.943878174
0.988478899 0.046445653 -0.144056678 -137.171707153 -0.043442857 0.998769403 0.023922231 -11.968233109 0.144990504 -0.017388387 0.989280283 158.974014282
0.991442859 0.046108320 -0.122127414 -137.325820923 -0.043823484 0.998811483 0.021330588 -11.967077255 0.122965783 -0.015796008 0.992285192 160.207916260
0.993824720 0.046025891 -0.100965507 -137.447113037 -0.044248898 0.998824894 0.019770637 -11.958759308 0.101756819 -0.015180932 0.994693518 161.314926147
0.995704174 0.045126274 -0.080850460 -137.561492920 -0.043550950 0.998827398 0.021143993 -11.948659897 0.081709817 -0.017532049 0.996501923 162.410476685
0.997216225 0.043845121 -0.060309585 -137.671966553 -0.042560443 0.998842239 0.022424189 -11.935567856 0.061222941 -0.019794963 0.997927904 163.755905151
0.998237491 0.044203646 -0.039596535 -137.749053955 -0.043322660 0.998800099 0.022837866 -11.921424866 0.040558547 -0.021082187 0.998954713 164.878265381
0.998761475 0.046017550 -0.018916354 -137.780639648 -0.045576811 0.998693645 0.023105450 -11.919464111 0.019954897 -0.022214688 0.999554038 166.032836914
0.998864710 0.047623504 0.001128885 -137.764068604 -0.047636840 0.998614192 0.022369562 -11.888328552 -0.000062004 -0.022397941 0.999749124 167.335998535
0.998501122 0.050211806 0.021775886 -137.760940552 -0.050676774 0.998486757 0.021353647 -11.868645668 -0.020670731 -0.022425169 0.999534786 168.509704590
0.997823358 0.051133689 0.041641925 -137.718246460 -0.051975582 0.998460054 0.019391544 -11.858846664 -0.040586233 -0.021513695 0.998944342 169.656372070
0.996811748 0.050840609 0.061493915 -137.667877197 -0.051944751 0.998513818 0.016490947 -11.855974197 -0.060564116 -0.019632656 0.997971237 170.878570557
0.995347261 0.051614806 0.081360184 -137.631683350 -0.052950129 0.998494327 0.014339877 -11.865878105 -0.080497518 -0.018581195 0.996581614 172.347213745
0.993524611 0.052894633 0.100552820 -137.510009766 -0.054380715 0.998447061 0.012094082 -11.855671883 -0.099756941 -0.017483905 0.994858205 173.596710205
0.991495013 0.052098975 0.119261034 -137.374252319 -0.053497650 0.998531342 0.008554382 -11.861355782 -0.118640207 -0.014861815 0.992826045 174.866897583
0.989030480 0.053367540 0.137733802 -137.205841064 -0.054245025 0.998524189 0.002622454 -11.864433289 -0.137390599 -0.010065060 0.990465879 176.091903687
0.986354411 0.055217031 0.155100241 -137.003753662 -0.055216245 0.998465061 -0.004316507 -11.879986763 -0.155100524 -0.004306448 0.987889290 177.353637695
0.983329296 0.057364289 0.172548756 -136.791992188 -0.056509152 0.998353302 -0.009868140 -11.914842606 -0.172830716 -0.000046951 0.984951556 178.709121704
0.980048835 0.059437543 0.189661711 -136.544708252 -0.057724196 0.998226523 -0.014550155 -11.933349609 -0.190190136 0.003311794 0.981741667 180.004409790
0.976200759 0.062463328 0.207678646 -136.308151245 -0.060108986 0.998036087 -0.017634027 -11.974503517 -0.208372205 0.004730996 0.978038132 181.274063110
0.973526120 0.043404583 0.224416837 -136.041992188 -0.041605171 0.999052882 -0.012743042 -12.015667915 -0.224757403 0.003068785 0.974409878 182.750610352
0.969363391 0.043833081 0.241688505 -135.723052979 -0.041906614 0.999035597 -0.013108097 -12.071621895 -0.242029950 0.002578165 0.970265388 183.979690552
0.965080559 0.043532085 0.258310705 -135.393615723 -0.040127274 0.999024391 -0.018441206 -12.098094940 -0.258861512 0.007431943 0.965885878 185.343521118
0.960950255 0.038224284 0.274068415 -135.016693115 -0.033211853 0.999185801 -0.022907523 -12.165015221 -0.274720907 0.012910672 0.961437345 186.763519287
0.955888927 0.040780097 0.290883541 -134.633590698 -0.035589207 0.999099135 -0.023115903 -12.207674026 -0.291564167 0.011743926 0.956479132 188.042510986
0.950579584 0.040695947 0.307802320 -134.194488525 -0.035175472 0.999105632 -0.023464615 -12.268506050 -0.308481961 0.011477889 0.951160967 189.443145752
0.944560051 0.045034647 0.325235397 -133.774215698 -0.038552504 0.998909056 -0.026351266 -12.322185516 -0.326067328 0.012351718 0.945265949 190.740982056
0.938317716 0.045628883 0.342750490 -133.316009521 -0.037618361 0.998842120 -0.029987058 -12.380225182 -0.343721956 0.015243670 0.938947737 192.027801514
0.931746006 0.046898011 0.360069394 -132.814392090 -0.037551895 0.998752475 -0.032912217 -12.442244530 -0.361163765 0.017144537 0.932344794 193.518951416
0.924552500 0.047647059 0.378064156 -132.329116821 -0.035575084 0.998611391 -0.038855463 -12.463083267 -0.379390538 0.022474246 0.924963653 194.871826172
0.916500151 0.050889190 0.396784276 -131.787796021 -0.036266841 0.998360932 -0.044273943 -12.575057983 -0.398387015 0.026186958 0.916843593 196.191726685
0.907230973 0.054523353 0.417084128 -131.099578857 -0.038044631 0.998135626 -0.047727633 -12.677043915 -0.418908834 0.027432175 0.907613814 197.571197510
0.895879090 0.056916364 0.440637201 -130.514724731 -0.039106738 0.998013139 -0.049401999 -12.756429672 -0.442573488 0.027026331 0.896324873 198.840454102
0.882557094 0.062547766 0.466026604 -129.869537354 -0.042907916 0.997691035 -0.052646451 -12.828656197 -0.468243480 0.026467266 0.883203089 200.241073608
0.868904710 0.066057421 0.490551770 -129.145599365 -0.044461817 0.997464716 -0.055563711 -12.948724747 -0.492978513 0.026468746 0.869638801 201.524932861
0.854477644 0.070404097 0.514695287 -128.371902466 -0.046636689 0.997169375 -0.058976263 -13.053442955 -0.517390549 0.026390210 0.855342448 202.887573242
