0.999989808 -0.000799485 -0.004440876 -0.034360513 0.000779487 0.999989569 -0.004503242 0.091377780 0.004444431 0.004499735 0.999979973 1.921123743
0.999980211 -0.001092937 -0.006185906 -0.043152653 0.001061869 0.999986827 -0.005023316 0.075947165 0.006191315 0.005016649 0.999968231 2.798283339
0.999972820 -0.000307782 -0.007366233 -0.073944218 0.000248201 0.999967158 -0.008087931 0.063704558 0.007368482 0.008085882 0.999940157 3.666038275
0.999957025 0.001374714 -0.009157357 -0.096368551 -0.001482819 0.999929130 -0.011808951 0.042461127 0.009140476 0.011822026 0.999888241 4.540014744
0.999938846 0.002633442 -0.010742969 -0.126010567 -0.002804766 0.999868572 -0.015963815 0.038160175 0.010699517 0.015992971 0.999814808 5.420148849
0.999916613 0.004510054 -0.012097976 -0.153786153 -0.004705492 0.999857962 -0.016175207 0.027878165 0.012023312 0.016230784 0.999795973 6.310174942
0.999889016 0.006780243 -0.013259065 -0.188181281 -0.006907643 0.999930203 -0.009586358 0.020483412 0.013193146 0.009676885 0.999866128 7.201707363
0.999870300 0.007565692 -0.014211362 -0.217660218 -0.007556811 0.999971151 0.000678501 0.011125390 0.014216088 -0.000571020 0.999898732 8.122734070
0.999849200 0.008216141 -0.015301387 -0.238107264 -0.008107764 0.999941707 0.007131451 0.001963437 0.015359086 -0.007006315 0.999857485 9.039834976
0.999810219 0.010364106 -0.016494866 -0.279507428 -0.010260594 0.999927163 0.006347640 -0.016927481 0.016559448 -0.006177187 0.999843836 9.967241287
0.999767423 0.012526334 -0.017551864 -0.314855039 -0.012543428 0.999920964 -0.000864279 -0.024974603 0.017539652 0.001084238 0.999845505 10.903324127
0.999681711 0.012231160 -0.022059977 -0.295291841 -0.012427364 0.999884248 -0.008779129 0.000571847 0.021950049 0.009050481 0.999718070 11.753450394
0.999759138 0.009678536 -0.019693475 -0.400033653 -0.009789358 0.999936759 -0.005538763 -0.022027016 0.019638622 0.005730216 0.999790668 12.847757339
0.999740779 0.008639534 -0.021069864 -0.415886134 -0.008563166 0.999956429 0.003712064 -0.029953457 0.021101022 -0.003530675 0.999771059 13.846193314
0.999672472 0.007945531 -0.024323020 -0.409464955 -0.007693480 0.999915898 0.010438678 -0.026731551 0.024403919 -0.010248131 0.999649704 14.863427162
0.999733746 0.007839094 -0.021707270 -0.494297564 -0.007548496 0.999881387 0.013436884 -0.034922913 0.021810016 -0.013269444 0.999674141 15.842665672
0.999675930 0.006036968 -0.024729472 -0.481798887 -0.005736897 0.999909401 0.012187139 -0.032730833 0.024800800 -0.012041317 0.999619961 16.884548187
0.999763846 0.005603882 -0.020997634 -0.589403987 -0.005402113 0.999938846 0.009653577 -0.028616071 0.021050438 -0.009537864 0.999733090 17.893030167
0.999702692 0.006985900 -0.023361186 -0.587721884 -0.006821154 0.999951422 0.007124401 -0.032780588 0.023409823 -0.006962934 0.999701798 18.978654861
0.999800742 0.004991668 -0.019328473 -0.662328959 -0.004987608 0.999987483 0.000258342 -0.026435697 0.019329526 -0.000161888 0.999813080 19.946983337
0.999762714 0.001473510 -0.021733064 -0.648707330 -0.001580449 0.999986649 -0.004904128 -0.057759333 0.021725550 0.004937312 0.999751747 21.065168381
0.999847293 0.002864752 -0.017238578 -0.728482902 -0.003061042 0.999930620 -0.011370956 -0.051679611 0.017204802 0.011421990 0.999786675 22.054965973
0.999763429 0.004187868 -0.021344952 -0.712506711 -0.004457522 0.999910653 -0.012601151 -0.066749558 0.021290269 0.012693317 0.999692738 23.220432281
0.999823749 0.004571280 -0.018208869 -0.786444366 -0.004782345 0.999921799 -0.011564700 -0.091782033 0.018154580 0.011649744 0.999767303 24.245729446
0.999721348 0.006115150 -0.022797482 -0.767481148 -0.006410957 0.999895930 -0.012925017 -0.119979724 0.022716071 0.013067571 0.999656498 25.411891937
0.999784946 0.008529377 -0.018900478 -0.851341963 -0.008817759 0.999845147 -0.015227456 -0.134287536 0.018767672 0.015390843 0.999705374 26.445112228
0.999685824 0.010966994 -0.022541065 -0.866000593 -0.011319196 0.999814808 -0.015557040 -0.161157280 0.022366276 0.015807299 0.999624848 27.619701385
0.999715388 0.014300058 -0.019094396 -0.934734941 -0.014611560 0.999760747 -0.016275149 -0.183177322 0.018857092 0.016549516 0.999685168 28.631130219
0.999595225 0.014963067 -0.024197437 -0.932808101 -0.015362939 0.999747038 -0.016424788 -0.214988321 0.023945553 0.016789883 0.999572217 29.786085129
0.999681056 0.014650354 -0.020573292 -0.976594388 -0.014992890 0.999749839 -0.016595099 -0.235518694 0.020325026 0.016898260 0.999650598 30.812454224
0.999557197 0.015276918 -0.025534082 -0.971299708 -0.015657414 0.999768317 -0.014768564 -0.266633213 0.025302552 0.015161823 0.999564886 31.949787140
0.999618948 0.016186772 -0.022359634 -1.024140120 -0.016499957 0.999767244 -0.013893823 -0.290522784 0.022129543 0.014257463 0.999653399 32.980052948
0.999415874 0.016532218 -0.029911581 -0.989401281 -0.016926469 0.999772489 -0.012975614 -0.321760923 0.029690256 0.013474333 0.999468267 34.112365723
0.999600828 0.017531730 -0.022156386 -1.120069861 -0.017855274 0.999735534 -0.014490368 -0.333155990 0.021896489 0.014880192 0.999649465 35.095062256
0.999423504 0.019149868 -0.028036974 -1.100423098 -0.019578211 0.999694586 -0.015083963 -0.367678046 0.027739551 0.015624180 0.999493122 36.143936157
0.999572814 0.018830674 -0.022349814 -1.218552470 -0.019172270 0.999701023 -0.015169476 -0.374462545 0.022057487 0.015591494 0.999635100 37.217704773
0.999375284 0.017777815 -0.030544244 -1.190690398 -0.018149722 0.999763966 -0.011942185 -0.410614640 0.030324735 0.012489093 0.999462068 38.287750244
0.999572277 0.018859457 -0.022348935 -1.326539755 -0.019068701 0.999776006 -0.009186600 -0.420645118 0.022170678 0.009608839 0.999707937 39.332847595
0.999443114 0.018726010 -0.027614953 -1.321580052 -0.018882964 0.999806941 -0.005433884 -0.460458279 0.027507862 0.005952313 0.999603808 40.376934052
0.999565840 0.019157020 -0.022384731 -1.422543526 -0.019317400 0.999789119 -0.006970501 -0.458177447 0.022246493 0.007399890 0.999725103 41.456027985
0.999462485 0.018117504 -0.027320897 -1.422559261 -0.018313181 0.999808311 -0.006928899 -0.497045785 0.027190126 0.007425508 0.999602616 42.509727478
0.999543786 0.019313199 -0.023221113 -1.501995444 -0.019529453 0.999767661 -0.009122333 -0.499347568 0.023039537 0.009571668 0.999688745 43.585323334
0.999383986 0.017943639 -0.030161621 -1.473201513 -0.018204710 0.999798894 -0.008403462 -0.518079102 0.030004764 0.008947371 0.999509752 44.654521942
0.999521971 0.019173389 -0.024250194 -1.591544151 -0.019331351 0.999793291 -0.006296121 -0.539000511 0.024124444 0.006761900 0.999686122 45.719871521
0.999391317 0.018703159 -0.029447140 -1.597397685 -0.018841567 0.999812663 -0.004429738 -0.549720466 0.029358761 0.004981872 0.999556541 46.789398193
0.999472439 0.020581206 -0.025131647 -1.678456187 -0.020693529 0.999776840 -0.004217281 -0.580974221 0.025039259 0.004735117 0.999675274 47.857040405
0.999354839 0.021449115 -0.028809540 -1.698456764 -0.021706792 0.999726772 -0.008661164 -0.599152207 0.028615901 0.009280939 0.999547422 48.915775299
0.999410629 0.023120286 -0.025371134 -1.769269705 -0.023437712 0.999649704 -0.012285888 -0.625567496 0.025078198 0.012873293 0.999602675 49.980335236
0.999276996 0.024121387 -0.029388068 -1.778369904 -0.024563646 0.999588966 -0.014782265 -0.630321801 0.029019417 0.015493457 0.999458909 51.053363800
0.999414563 0.023542784 -0.024828030 -1.861852527 -0.023790054 0.999669790 -0.009711240 -0.686159730 0.024591209 0.010296216 0.999644578 52.131633759
0.999290645 0.026229523 -0.027021663 -1.898522377 -0.026510006 0.999597788 -0.010074392 -0.685711861 0.026746562 0.010783589 0.999584198 53.191497803
0.999442458 0.022690218 -0.024489880 -1.947222710 -0.022857722 0.999716938 -0.006581663 -0.736269832 0.024333624 0.007137777 0.999678493 54.275180817
0.999456108 0.022526853 -0.024083719 -1.980617285 -0.022712059 0.999714255 -0.007444348 -0.764636636 0.023909142 0.007987293 0.999682248 55.317253113
0.999408364 0.023368638 -0.025236638 -2.016657352 -0.023636002 0.999667108 -0.010348275 -0.784992099 0.024986416 0.010938648 0.999627948 56.363555908
0.999484003 0.021958398 -0.023444647 -2.053504229 -0.022239499 0.999683082 -0.011797300 -0.813824058 0.023178168 0.012312606 0.999655604 57.429538727
0.999502420 0.021403445 -0.023167156 -2.088092327 -0.021736654 0.999662459 -0.014227755 -0.849437892 0.022854805 0.014724254 0.999630392 58.477195740
0.999531209 0.020012690 -0.023174305 -2.114611149 -0.020417867 0.999640584 -0.017381480 -0.886474133 0.022818120 0.017846502 0.999580383 59.523925781
0.999564111 0.018598242 -0.022923198 -2.145085573 -0.019039685 0.999634385 -0.019192014 -0.920298636 0.022557883 0.019620100 0.999553025 60.579280853
0.999600112 0.017073916 -0.022536209 -2.177538395 -0.017458916 0.999703050 -0.016998827 -0.954437256 0.022239270 0.017385494 0.999601543 61.639030457
0.999598026 0.015176917 -0.023944039 -2.190886974 -0.015449084 0.999817610 -0.011223162 -0.983629346 0.023769330 0.011588564 0.999650359 62.681724548
0.999663889 0.013687012 -0.022018192 -2.228645563 -0.013807321 0.999890506 -0.005321105 -1.009721398 0.021942955 0.005623331 0.999743342 63.762416840
0.999686718 0.012400108 -0.021741122 -2.259798050 -0.012504093 0.999910951 -0.004653445 -1.035818219 0.021681478 0.004923841 0.999752760 64.820251465
0.999698341 0.008745564 -0.022950711 -2.273196936 -0.008928908 0.999928951 -0.007898252 -1.056739330 0.022880005 0.008100794 0.999705434 65.874908447
0.999739468 0.007490945 -0.021561053 -2.314187527 -0.007724575 0.999912083 -0.010772867 -1.085686803 0.021478459 0.010936610 0.999709487 66.936035156
0.999678791 0.009899587 -0.023331420 -2.331634521 -0.010251170 0.999834895 -0.014997786 -1.114717722 0.023179097 0.015232142 0.999615252 68.006843567
0.999720991 0.010163535 -0.021322064 -2.386359692 -0.010570488 0.999762416 -0.019060792 -1.150704980 0.021123284 0.019280858 0.999590993 69.062782288
0.999709547 0.012354063 -0.020689342 -2.430269003 -0.012761286 0.999725103 -0.019667886 -1.182190657 0.020440683 0.019926196 0.999592543 70.119346619
0.999664128 0.016528055 -0.019958302 -2.453509808 -0.016857898 0.999722183 -0.016473304 -1.215653896 0.019680485 0.016804226 0.999665082 71.203262329
0.999623954 0.017995756 -0.020685779 -2.471912861 -0.018293187 0.999730706 -0.014280511 -1.249896407 0.020423217 0.014653551 0.999684036 72.257820129
0.999653459 0.017334903 -0.019805893 -2.504131794 -0.017602969 0.999754727 -0.013441208 -1.281956315 0.019568037 0.013785195 0.999713421 73.316154480
0.999672413 0.014946193 -0.020770963 -2.512826204 -0.015209524 0.999805272 -0.012578095 -1.311333537 0.020578926 0.012889892 0.999705136 74.364891052
0.999690711 0.014735061 -0.020030878 -2.559530258 -0.014962762 0.999824524 -0.011265308 -1.343262672 0.019861368 0.011561540 0.999735892 75.451576233
0.999697387 0.013226244 -0.020741036 -2.583213329 -0.013428130 0.999863446 -0.009624703 -1.362090111 0.020610904 0.009900303 0.999738514 76.522750854
0.999706209 0.012195446 -0.020941647 -2.615252256 -0.012359861 0.999893606 -0.007739421 -1.401476145 0.020845035 0.007995984 0.999750674 77.589965820
0.999708891 0.010971196 -0.021487121 -2.653167725 -0.011165939 0.999897540 -0.008964339 -1.432242870 0.021386569 0.009201655 0.999728918 78.666954041
0.999697030 0.011292279 -0.021867344 -2.675081730 -0.011573321 0.999851525 -0.012768742 -1.463911295 0.021719906 0.013017952 0.999679267 79.701087952
0.999667168 0.011781973 -0.022947939 -2.703356743 -0.012125487 0.999815643 -0.014888287 -1.490893364 0.022768298 0.015161588 0.999625802 80.763023376
0.999633729 0.014046073 -0.023133013 -2.742819309 -0.014351894 0.999811053 -0.013107635 -1.527108431 0.022944540 0.013434838 0.999646485 81.802871704
0.999598324 0.015048549 -0.024014365 -2.759994268 -0.015261122 0.999845743 -0.008693337 -1.559249640 0.023879843 0.009056333 0.999673903 82.872108459
0.999572814 0.016292442 -0.024264693 -2.803869963 -0.016417610 0.999852836 -0.004967847 -1.583358526 0.024180196 0.005364094 0.999693274 83.890907288
0.999538541 0.017175611 -0.025053201 -2.835906744 -0.017285712 0.999841809 -0.004184748 -1.611675739 0.024977364 0.004615879 0.999677420 84.957733154
0.999535680 0.017045802 -0.025251424 -2.874916553 -0.017215749 0.999830484 -0.006528477 -1.633660913 0.025135869 0.006960169 0.999659777 85.973564148
0.999518216 0.016872905 -0.026050095 -2.900356293 -0.017067736 0.999827862 -0.007274934 -1.656061888 0.025922865 0.007716046 0.999634206 87.028396606
0.999516129 0.016645277 -0.026275083 -2.934892893 -0.016855957 0.999827385 -0.007817580 -1.681097984 0.026140418 0.008256692 0.999624133 88.019172668
0.999507666 0.015332734 -0.027370507 -2.969905138 -0.015528349 0.999855340 -0.006948887 -1.716850519 0.027259994 0.007370486 0.999601245 89.026626587
0.999514163 0.014274697 -0.027707890 -2.996085644 -0.014448162 0.999877155 -0.006070220 -1.734048009 0.027617842 0.006467600 0.999597609 90.019821167
0.999482512 0.014463577 -0.028732115 -3.023395300 -0.014576145 0.999886870 -0.003712231 -1.760254383 0.028675172 0.004129115 0.999580264 91.016517639
0.999481320 0.013656553 -0.029162334 -3.067080736 -0.013734934 0.999902487 -0.002489358 -1.786317825 0.029125499 0.002888610 0.999571621 91.937965393
0.999408662 0.013004030 -0.031829733 -3.094927788 -0.013092478 0.999910951 -0.002571982 -1.807010531 0.031793457 0.002987192 0.999490023 92.897804260
0.999339819 0.012186489 -0.034223482 -3.140529633 -0.012311744 0.999918222 -0.003451630 -1.830869794 0.034178618 0.003870702 0.999408305 93.765899658
0.999214709 0.011111744 -0.038032655 -3.181332827 -0.011275670 0.999928057 -0.004098397 -1.856868029 0.037984379 0.004524022 0.999268174 94.675674438
0.999088943 0.012072736 -0.040930390 -3.220570326 -0.012247469 0.999916792 -0.004020866 -1.873421073 0.040878445 0.004518498 0.999153912 95.516586304
0.998960853 0.012593514 -0.043801215 -3.273058653 -0.012709435 0.999916375 -0.002368992 -1.906502366 0.043767720 0.002923219 0.999037445 96.380920410
0.998815060 0.014084812 -0.046583019 -3.318946600 -0.014192166 0.999897361 -0.001974755 -1.914686680 0.046550419 0.002633529 0.998912454 97.151992798
0.998658121 0.014714000 -0.049655095 -3.368878603 -0.014754163 0.999891102 -0.000442322 -1.936044097 0.049643185 0.001174349 0.998766303 97.968193054
0.998497784 0.016700463 -0.052184682 -3.408327341 -0.016700303 0.999860525 0.000438899 -1.953391552 0.052184742 0.000433262 0.998637378 98.689300537
0.998314917 0.018613013 -0.054962873 -3.453628063 -0.018576497 0.999826729 0.001175256 -1.978468180 0.054975234 -0.000152257 0.998487771 99.438659668
0.998138011 0.020799935 -0.057340533 -3.515164614 -0.020868678 0.999782085 -0.000600243 -1.988049984 0.057315562 0.001795746 0.998354435 100.171783447
0.997969151 0.021165358 -0.060080364 -3.556667805 -0.021454681 0.999761105 -0.004174517 -2.006208420 0.059977673 0.005455044 0.998184860 100.847167969
0.997757912 0.024458753 -0.062296543 -3.609963179 -0.024973979 0.999659836 -0.007505218 -2.029658318 0.062091801 0.009044182 0.998029470 101.418937683
0.997522891 0.026252503 -0.065259762 -3.646023273 -0.026959809 0.999586642 -0.009981356 -2.051610947 0.064970769 0.011716023 0.997818351 102.053565979
0.997450888 0.028424937 -0.065449856 -3.706141710 -0.029214334 0.999511123 -0.011135596 -2.065877914 0.065101340 0.013019284 0.997793734 102.654159546
0.997430623 0.030597650 -0.064775802 -3.739034653 -0.031343751 0.999453068 -0.010533251 -2.086328983 0.064418085 0.012536504 0.997844279 103.168869019
0.997517288 0.034397054 -0.061449841 -3.787206173 -0.035029266 0.999343455 -0.009240385 -2.102256775 0.061091669 0.011369987 0.998067439 103.723121643
0.997738063 0.036838364 -0.056227561 -3.816899538 -0.037324507 0.999274075 -0.007620052 -2.126208305 0.055906042 0.009701483 0.998388886 104.263542175
0.998099566 0.038083054 -0.048443377 -3.852507114 -0.038416132 0.999243855 -0.005962887 -2.135142803 0.048179694 0.007812562 0.998808146 104.758216858
0.998530090 0.037736554 -0.038902797 -3.855740547 -0.037917659 0.999273300 -0.003927830 -2.144897699 0.038726296 0.005397161 0.999235272 105.211097717
0.998919606 0.037600525 -0.027304102 -3.857336044 -0.037679844 0.999287069 -0.002396200 -2.164915085 0.027194530 0.003422427 0.999624312 105.682327271
0.999235153 0.036566783 -0.013852032 -3.858250618 -0.036602184 0.999327242 -0.002310632 -2.181540728 0.013758212 0.002815880 0.999901354 106.138175964
0.999340594 0.036295004 0.001061928 -3.842496634 -0.036291033 0.999334931 -0.003553126 -2.193125486 -0.001190186 0.003512245 0.999993086 106.566993713
0.999198616 0.035031389 0.019361513 -3.828372240 -0.034904636 0.999367118 -0.006845568 -2.204095364 -0.019589074 0.006164276 0.999789119 106.918983459
0.998593569 0.034573693 0.040193871 -3.792704582 -0.034120493 0.999346733 -0.011907156 -2.213955879 -0.040579297 0.010518974 0.999120951 107.331977844
0.997408986 0.032281727 0.064290218 -3.743760586 -0.031239325 0.999364734 -0.017153775 -2.226375580 -0.064803138 0.015100947 0.997783780 107.733932495
0.995341241 0.030415695 0.091491446 -3.683950424 -0.028679188 0.999383748 -0.020235410 -2.239620209 -0.092050552 0.017517237 0.995600283 108.126022339
0.992167354 0.027653353 0.121817261 -3.630389214 -0.025218414 0.999451041 -0.021485368 -2.257960081 -0.122344553 0.018245041 0.992320001 108.452377319
0.987709582 0.025678786 0.154176608 -3.541460037 -0.022293026 0.999471724 -0.023649428 -2.273888350 -0.154702470 0.019921705 0.987760305 108.829551697
0.981431901 0.023273265 0.190393895 -3.447961807 -0.018732095 0.999496281 -0.025616676 -2.292121649 -0.190894186 0.021574546 0.981373549 109.206596375
0.973342121 0.020409554 0.228447914 -3.329748154 -0.014708502 0.999537051 -0.026630575 -2.305143595 -0.228885710 0.022560535 0.973191857 109.555610657
0.963133812 0.017770007 0.268435419 -3.200483322 -0.010740967 0.999560416 -0.027631249 -2.328921795 -0.268808424 0.023729337 0.962901294 109.902938843
0.950508416 0.017968720 0.310178757 -3.099941254 -0.009597925 0.999547839 -0.028492259 -2.350609064 -0.310550451 0.024105061 0.950251281 110.147232056
0.934754789 0.019616717 0.354751319 -2.966480255 -0.010063567 0.999535799 -0.028754354 -2.373959064 -0.355150700 0.023308208 0.934518516 110.453720093
0.916599095 0.020663774 0.399273127 -2.790721893 -0.010254217 0.999549925 -0.028189903 -2.386967421 -0.399675936 0.021744613 0.916398585 110.781028748
0.895968199 0.019263489 0.443700254 -2.602809906 -0.007882801 0.999591291 -0.027479991 -2.401706219 -0.444048285 0.021123599 0.895753860 111.086753845
0.872559786 0.018763270 0.488146812 -2.428432465 -0.005779549 0.999588609 -0.028091021 -2.417250395 -0.488473058 0.021689830 0.872309327 111.334846497
0.847086787 0.019682722 0.531090081 -2.213260651 -0.004141847 0.999528110 -0.030437265 -2.436167955 -0.531438589 0.023583310 0.846768498 111.611801147
0.818858743 0.021911714 0.573576689 -1.993423462 -0.003258896 0.999432504 -0.033527691 -2.462152958 -0.573985875 0.025585216 0.818465471 111.878677368
0.788484037 0.026015222 0.614504695 -1.772369385 -0.003042844 0.999257982 -0.038399510 -2.476253271 -0.615047693 0.028407559 0.787978053 112.102180481
0.754127622 0.032176517 0.655939102 -1.517601013 -0.005755825 0.999084413 -0.042391788 -2.492498398 -0.656702638 0.028193347 0.753622353 112.358482361
0.716760278 0.037147753 0.696329474 -1.238918304 -0.006881914 0.998908162 -0.046205875 -2.501321793 -0.697285771 0.028326454 0.716233253 112.601623535
0.677401721 0.037099704 0.734677196 -0.980323792 -0.003694345 0.998886406 -0.047035415 -2.520046473 -0.735603988 0.029147718 0.676784396 112.789993286
0.636177480 0.034545757 0.770769119 -0.657836914 0.000404747 0.998982072 -0.045108292 -2.546507597 -0.771542609 0.029008843 0.635515809 113.000183105
0.592228472 0.032711636 0.805105746 -0.362731934 0.003152375 0.999073863 -0.042911462 -2.553836107 -0.805763960 0.027951390 0.591576934 113.170883179
0.545736253 0.031041728 0.837381840 -0.031745911 0.004867254 0.999179244 -0.040211633 -2.569796562 -0.837942898 0.026020695 0.545137286 113.344879150
0.497293293 0.028616706 0.867110431 0.317806244 0.006823808 0.999295890 -0.036892638 -2.589147091 -0.867555678 0.024263458 0.496747822 113.508430481
0.446560949 0.024855861 0.894407868 0.680961609 0.009693074 0.999421000 -0.032613769 -2.612090588 -0.894700706 0.023233602 0.446061522 113.647224426
0.394490927 0.024846198 0.918563783 1.049556732 0.008026222 0.999503016 -0.030482501 -2.633730412 -0.918864846 0.019397672 0.394095510 113.774497986
0.343232840 0.029767346 0.938778460 1.437755585 0.005193047 0.999422193 -0.033588942 -2.652508020 -0.939236045 0.016403947 0.342879921 113.887367249
0.292722613 0.034953166 0.955558240 1.838195801 0.005469321 0.999254107 -0.038226962 -2.667576313 -0.956181705 0.016416155 0.292313129 113.977745056
0.246465936 0.036668036 0.968457460 2.267602921 0.007735262 0.999177754 -0.039799742 -2.687843084 -0.969120622 0.017300554 0.245979622 114.041244507
0.204794347 0.036577422 0.978121459 2.692766190 0.015402352 0.999057353 -0.040585209 -2.710259438 -0.978683829 0.023376994 0.204037920 114.104644775
0.169360399 0.035959795 0.984897971 3.163539886 0.024084119 0.998884618 -0.040611912 -2.734985828 -0.985259950 0.030598450 0.168305412 114.153678894
0.139308900 0.037749648 0.989529073 3.615534782 0.028011737 0.998722970 -0.042043965 -2.748747587 -0.989852726 0.033575535 0.138073564 114.185066223
0.110257469 0.036096431 0.993247271 4.118440628 0.026335422 0.998883307 -0.039224666 -2.772938490 -0.993554056 0.030482411 0.109183736 114.238037109
0.085631981 0.032697167 0.995790184 4.625730515 0.020501655 0.999191940 -0.034571875 -2.792291880 -0.996115863 0.023375807 0.084892444 114.269348145
0.060913555 0.028837776 0.997726381 5.178122997 0.015085586 0.999441803 -0.029808369 -2.817032099 -0.998029053 0.016867023 0.060444534 114.303596497
0.038963962 0.026161484 0.998898089 5.713668823 0.020031039 0.999435902 -0.026956921 -2.841597319 -0.999039829 0.021059316 0.038417935 114.303085327
0.018454060 0.026983097 0.999465466 6.301908970 0.028101383 0.999226809 -0.027495513 -2.872999668 -0.999434710 0.028593769 0.017681520 114.294723511
0.001404940 0.029167473 0.999573469 6.871078014 0.032833692 0.999034166 -0.029197892 -2.895981312 -0.999459922 0.032860704 0.000445907 114.274200439
-0.013622157 0.034676090 0.999305665 7.520503521 0.032571182 0.998883486 -0.034217443 -2.917799234 -0.999376595 0.032082453 -0.014736391 114.277565002
-0.023821514 0.039153803 0.998949111 8.125204086 0.030792508 0.998787344 -0.038413160 -2.937145233 -0.999241829 0.029845092 -0.024998272 114.247863770
-0.030320181 0.038347058 0.998804331 8.787540436 0.032441407 0.998775065 -0.037361119 -2.973479748 -0.999013543 0.031269822 -0.031527072 114.215187073
-0.032572769 0.036021829 0.998820007 9.469419479 0.039238781 0.998625934 -0.034735199 -2.988066912 -0.998698890 0.038061060 -0.033941466 114.188804626
-0.031708486 0.034134056 0.998914123 10.178065300 0.040670104 0.998632967 -0.032833464 -3.025289059 -0.998669446 0.039584842 -0.033053380 114.157661438
-0.030000975 0.033945631 0.998973191 10.890062332 0.039684203 0.998675585 -0.032743726 -3.048607826 -0.998761952 0.038661115 -0.031308342 114.144027710
-0.028871655 0.034027472 0.999003768 11.638532639 0.036491856 0.998790085 -0.032965563 -3.084278345 -0.998916864 0.035503730 -0.030078448 114.135185242
-0.027403703 0.035357278 0.998998880 12.379165649 0.034987327 0.998795867 -0.034390349 -3.112898827 -0.999011993 0.034009881 -0.028607765 114.110687256
-0.026948113 0.036129165 0.998983622 13.151579857 0.034153838 0.998796463 -0.035201076 -3.147680998 -0.999053299 0.033170536 -0.028149627 114.102340698
-0.025647882 0.035784826 0.999030232 13.947661400 0.034154184 0.998807073 -0.034899991 -3.179276228 -0.999087453 0.033225957 -0.026839485 114.077415466
-0.024913818 0.034695003 0.999087334 14.764538765 0.032950006 0.998883188 -0.033866245 -3.207268476 -0.999146521 0.032076195 -0.026029190 114.054748535
-0.024709240 0.033302292 0.999139786 15.570178986 0.033525854 0.998910427 -0.032465540 -3.249935627 -0.999132276 0.032694824 -0.025798807 114.043945312
-0.025111726 0.030867860 0.999207914 16.413728714 0.034132291 0.998966932 -0.030002609 -3.293919086 -0.999101758 0.033351846 -0.026139377 114.018043518
-0.026469622 0.029165637 0.999224186 17.243747711 0.031818178 0.999092400 -0.028318927 -3.327285767 -0.999143183 0.031043893 -0.027373595 114.008018494
-0.027634947 0.028038718 0.999224782 18.117109299 0.030693103 0.999159038 -0.027188012 -3.359192610 -0.999146700 0.029917965 -0.028472302 113.985382080
-0.028793409 0.025973992 0.999247909 18.952783585 0.033019766 0.999141455 -0.025019761 -3.385417223 -0.999039888 0.032274526 -0.029626347 113.960639954
-0.029825289 0.024689835 0.999250233 19.829750061 0.034640130 0.999119937 -0.023652691 -3.410954475 -0.998954713 0.033908706 -0.030654302 113.939338684
-0.031279061 0.023304794 0.999238849 20.698503494 0.031933486 0.999240994 -0.022305233 -3.458624363 -0.999000490 0.031211495 -0.031999525 113.905693054
-0.032454908 0.028186800 0.999075592 21.600664139 0.029083479 0.999205589 -0.027245693 -3.489072323 -0.999050021 0.028172338 -0.033248898 113.886474609
-0.033212848 0.033026967 0.998902440 22.462865829 0.030341621 0.999026418 -0.032022238 -3.523111820 -0.998987675 0.029244771 -0.034182616 113.867355347
-0.034612600 0.034920610 0.998790503 23.372934341 0.030368203 0.998964608 -0.033874307 -3.558723927 -0.998939335 0.029158998 -0.035637245 113.845359802
-0.035869699 0.032595005 0.998824775 24.298160553 0.027129194 0.999131322 -0.031630762 -3.599081039 -0.998988271 0.025962723 -0.036722824 113.816139221
-0.037119705 0.028271845 0.998910725 25.143085480 0.024211489 0.999331713 -0.027384048 -3.638582468 -0.999017656 0.023168629 -0.037779402 113.793891907
-0.037067566 0.022974167 0.999048591 26.059160233 0.022932267 0.999491990 -0.022133507 -3.676101685 -0.999049723 0.022090016 -0.037575591 113.753326416
-0.037883256 0.017094562 0.999135911 26.931066513 0.019080395 0.999683678 -0.016380487 -3.717678308 -0.999099970 0.018443361 -0.038197450 113.739601135
-0.037880350 0.014807213 0.999172509 27.866783142 0.017125133 0.999752939 -0.014166572 -3.769615173 -0.999135494 0.016574329 -0.038124565 113.718353271
-0.036980782 0.022576161 0.999060929 28.701927185 0.019437470 0.999571860 -0.021868218 -3.792448521 -0.999126911 0.018610513 -0.037403770 113.683586121
-0.035248622 0.033861827 0.998804748 29.587505341 0.022511428 0.999199033 -0.033080749 -3.824355125 -0.999125004 0.021318469 -0.035982668 113.638534546
-0.035314396 0.039650194 0.998589337 30.443288803 0.023845216 0.998961687 -0.038821705 -3.850703001 -0.999091744 0.022440616 -0.036223195 113.625045776
-0.034215126 0.033939071 0.998837948 31.354452133 0.025039289 0.999138594 -0.033091567 -3.895818233 -0.999100804 0.023877965 -0.035035465 113.597846985
-0.032976691 0.026094146 0.999115348 32.197856903 0.028074298 0.999288857 -0.025172057 -3.938863277 -0.999061942 0.027219370 -0.033685815 113.565002441
-0.033083983 0.023084905 0.999185920 33.102996826 0.028952802 0.999335825 -0.022129711 -3.980865955 -0.999033213 0.028197093 -0.033730377 113.546722412
-0.033084385 0.023832139 0.999168336 33.911277771 0.028568255 0.999329865 -0.022890037 -4.015920162 -0.999044240 0.027787197 -0.033743054 113.520439148
-0.034537137 0.024373619 0.999106050 34.792419434 0.025564643 0.999397039 -0.023496989 -4.056264400 -0.999076426 0.024730274 -0.035139412 113.509429932
-0.035943642 0.024925623 0.999042988 35.599601746 0.023283157 0.999438405 -0.024097810 -4.087138176 -0.999082685 0.022394709 -0.036503807 113.474479675
-0.037766133 0.025031112 0.998973012 36.481113434 0.022609305 0.999451697 -0.024188358 -4.121467113 -0.999030888 0.021672584 -0.038311366 113.441032410
-0.040236123 0.025416723 0.998866916 37.257083893 0.021724880 0.999462247 -0.024556758 -4.155730247 -0.998953998 0.020712193 -0.040766671 113.414848328
-0.041750811 0.026315473 0.998781502 38.122207642 0.021021683 0.999454796 -0.025454476 -4.188059330 -0.998906910 0.019933321 -0.042281255 113.379058838
-0.044348657 0.025092620 0.998700917 38.899543762 0.018082149 0.999540865 -0.024310768 -4.222318649 -0.998852491 0.016980510 -0.044782028 113.354690552
-0.045952186 0.024068741 0.998653650 39.747455597 0.019056274 0.999548852 -0.023213463 -4.257267952 -0.998761952 0.017963909 -0.046390131 113.312149048
-0.048201319 0.023554862 0.998559833 40.517097473 0.018260265 0.999575615 -0.022697384 -4.298806190 -0.998670638 0.017139927 -0.048610993 113.281600952
-0.050633673 0.025225937 0.998398662 41.381736755 0.017607339 0.999548197 -0.024362026 -4.323208809 -0.998562038 0.016345607 -0.051054958 113.257240295
-0.051200788 0.025107864 0.998372853 42.112308502 0.018901965 0.999529123 -0.024167584 -4.361457825 -0.998509526 0.017633805 -0.051651280 113.209182739
-0.052576404 0.023771368 0.998333931 42.949810028 0.020333085 0.999534786 -0.022729142 -4.396579742 -0.998409986 0.019104192 -0.053035289 113.168258667
-0.053334657 0.023094317 0.998309612 43.673461914 0.020936998 0.999538600 -0.022004185 -4.429395199 -0.998357177 0.019728022 -0.053793576 113.118255615
-0.055418994 0.022909032 0.998200357 44.501014709 0.019837921 0.999564648 -0.021838961 -4.462224007 -0.998266101 0.018591927 -0.055849332 113.095115662
-0.056178272 0.021704877 0.998184800 45.210762024 0.017776610 0.999626935 -0.020735761 -4.492212296 -0.998262525 0.016579442 -0.056543157 113.048164368
-0.056919463 0.020181183 0.998174787 45.992767334 0.016670620 0.999675512 -0.019260902 -4.527959824 -0.998239696 0.015543870 -0.057237435 113.008178711
-0.057455901 0.020140640 0.998144865 46.766513824 0.017083589 0.999669969 -0.019188037 -4.559691429 -0.998201907 0.015949432 -0.057781018 112.965126038
-0.057844836 0.022849953 0.998064041 47.394111633 0.017495900 0.999607682 -0.021871284 -4.584173203 -0.998172283 0.016196888 -0.058221921 112.933975220
-0.057951987 0.025812499 0.997985542 48.152984619 0.017642017 0.999536097 -0.024828149 -4.616579056 -0.998163521 0.016167641 -0.058380477 112.895118713
-0.058233473 0.027558744 0.997922421 48.814025879 0.015299940 0.999526143 -0.026710205 -4.640638828 -0.998185813 0.013712727 -0.058627520 112.866210938
-0.059179306 0.028133247 0.997850776 49.567565918 0.015872389 0.999502957 -0.027238488 -4.675113678 -0.998121202 0.014226324 -0.059596423 112.838920593
-0.058335528 0.028231675 0.997897685 50.206439972 0.017374195 0.999477327 -0.027260695 -4.702908516 -0.998145759 0.015747404 -0.058795542 112.789939880
-0.059002355 0.027624154 0.997875512 50.903388977 0.017477479 0.999492407 -0.026635503 -4.735922337 -0.998104751 0.015868794 -0.059455212 112.756980896
-0.059739180 0.027508369 0.997834861 51.643413544 0.013447184 0.999551654 -0.026750630 -4.769505978 -0.998123407 0.011820012 -0.060082309 112.726882935
-0.059403319 0.027931893 0.997843146 52.269687653 0.011372710 0.999562562 -0.027302979 -4.800539017 -0.998169243 0.009726297 -0.059694998 112.693534851
-0.059538875 0.026718834 0.997868299 53.004741669 0.013550937 0.999571145 -0.025955902 -4.832935333 -0.998133957 0.011976668 -0.059875421 112.655105591
-0.059998222 0.025644319 0.997868955 53.613052368 0.013359495 0.999601007 -0.024885569 -4.864019394 -0.998109043 0.011837939 -0.060316872 112.611747742
-0.062260292 0.025526885 0.997733355 54.300350189 0.011078923 0.999628901 -0.024884036 -4.886133194 -0.997998416 0.009504525 -0.062519997 112.550338745
-0.069170073 0.024892317 0.997294307 54.950004578 0.006412165 0.999679029 -0.024507107 -4.919551849 -0.997584283 0.004699657 -0.069307499 112.542778015
-0.074824616 0.029295679 0.996766329 55.647979736 0.010500073 0.999536097 -0.028588871 -4.942640781 -0.997141540 0.008326969 -0.075097516 112.485160828
-0.081466943 0.031681783 0.996172309 56.262699127 0.012828849 0.999445140 -0.030736724 -4.972723961 -0.996593535 0.010275719 -0.081828192 112.431915283
-0.088495426 0.032726705 0.995538771 56.964584351 0.011790114 0.999424517 -0.031806387 -5.014104843 -0.996006846 0.008922796 -0.088830352 112.366020203
-0.094852820 0.032296065 0.994967282 57.597759247 0.008443240 0.999463677 -0.031637106 -5.037484646 -0.995455503 0.005399883 -0.095074624 112.313613892
-0.100175038 0.031834763 0.994460464 58.325717926 0.009177706 0.999475121 -0.031070797 -5.061699390 -0.994927526 0.006014350 -0.100414641 112.241409302
-0.104589030 0.032068849 0.993998349 58.955978394 0.006024476 0.999481976 -0.031611882 -5.093246937 -0.994497240 0.002682062 -0.104728051 112.173583984
-0.108790144 0.030586634 0.993594050 59.685016632 0.003732092 0.999532044 -0.030360801 -5.135413170 -0.994057715 0.000405228 -0.108853377 112.102561951
-0.111039132 0.028515296 0.993406832 60.318504333 0.004443009 0.999592483 -0.028196231 -5.146766186 -0.993806183 0.001282827 -0.111120589 112.028900146
-0.112685993 0.025442619 0.993304908 61.071426392 0.006297225 0.999670327 -0.024891270 -5.179164886 -0.993610680 0.003450168 -0.112809062 111.939231873
-0.114249483 0.022380631 0.993199944 61.713619232 0.006203765 0.999742806 -0.021814438 -5.209621906 -0.993432641 0.003669294 -0.114358909 111.872138977
-0.116208494 0.021522798 0.992991626 62.493545532 0.004898074 0.999765456 -0.021096403 -5.245194912 -0.993212700 0.002412165 -0.116286658 111.798645020
-0.116042487 0.025237698 0.992923558 63.251243591 0.006933539 0.999673367 -0.024598939 -5.270962715 -0.993220031 0.004029955 -0.116179541 111.702850342
-0.116015449 0.029567279 0.992807209 63.850227356 0.013069523 0.999515712 -0.028239822 -5.295315742 -0.993161380 0.009699263 -0.116345719 111.625389099
-0.116885483 0.034886200 0.992532432 64.639984131 0.020202328 0.999259531 -0.032743521 -5.329017639 -0.992939949 0.016224226 -0.117503732 111.521644592
-0.117028750 0.035674483 0.992487550 65.299667358 0.021454649 0.999212205 -0.033386372 -5.358946323 -0.992896914 0.017386308 -0.117701918 111.444183350
-0.117569223 0.033754487 0.992490768 66.093109131 0.019822223 0.999302804 -0.031638049 -5.393165112 -0.992866814 0.015953718 -0.118156336 111.357185364
-0.117412046 0.028619453 0.992670774 66.767692566 0.019731339 0.999454498 -0.026481230 -5.424090862 -0.992887259 0.016477508 -0.117912725 111.277793884
-0.117615581 0.025937941 0.992720485 67.560058594 0.021427827 0.999492347 -0.023576157 -5.464978695 -0.992828071 0.018498918 -0.118111685 111.183578491
-0.118655466 0.026322544 0.992586493 68.230751038 0.021706497 0.999478400 -0.023910476 -5.487615108 -0.992698252 0.018708469 -0.119164936 111.107398987
-0.120321892 0.026947867 0.992369115 69.016105652 0.019773588 0.999498248 -0.024743972 -5.519820213 -0.992537975 0.016645458 -0.120794378 111.021041870
-0.122323237 0.027762912 0.992101848 69.663116455 0.020238206 0.999470532 -0.025473809 -5.553626060 -0.992284000 0.016962323 -0.122820325 110.941474915
-0.125192165 0.027554313 0.991749823 70.452438354 0.020928748 0.999465108 -0.025126763 -5.588194847 -0.991911829 0.017610408 -0.125701889 110.850013733
-0.126390070 0.028050195 0.991583884 71.094459534 0.021675035 0.999439478 -0.025509657 -5.612454891 -0.991743863 0.018268447 -0.126927227 110.760299683
-0.128681540 0.028078800 0.991288304 71.904678345 0.021524642 0.999442577 -0.025515612 -5.644063473 -0.991452336 0.018053738 -0.129214212 110.664657593
-0.130291611 0.028044788 0.991078973 72.530654907 0.018996874 0.999486983 -0.025785301 -5.676969528 -0.991293669 0.015467798 -0.130757540 110.582542419
-0.131517932 0.029302312 0.990880609 73.321914673 0.019582916 0.999444783 -0.026956365 -5.717121124 -0.991120338 0.015859090 -0.132018745 110.484062195
-0.131937817 0.029701928 0.990812898 73.968078613 0.017913498 0.999459147 -0.027575741 -5.736309052 -0.991096079 0.014110642 -0.132398531 110.390197754
-0.133066192 0.030670652 0.990632474 74.772491455 0.017605143 0.999436438 -0.028578432 -5.760529041 -0.990950704 0.013637401 -0.133531183 110.283927917
-0.134246424 0.029112089 0.990520358 75.592552185 0.018145576 0.999472976 -0.026915928 -5.790731430 -0.990781784 0.014360192 -0.134703979 110.175994873
-0.135322854 0.026389096 0.990450203 76.144584656 0.016190844 0.999570668 -0.024419986 -5.820911407 -0.990669250 0.012731642 -0.135692060 110.115272522
-0.137684748 0.024395239 0.990175664 76.979484558 0.013162951 0.999653399 -0.022798425 -5.853329659 -0.990388632 0.009894638 -0.137958184 110.021835327
-0.139439657 0.024285961 0.989932775 77.791679382 0.016325705 0.999619722 -0.022224009 -5.878598213 -0.990095973 0.013062442 -0.139783144 109.904479980
-0.141098127 0.024228619 0.989699066 78.368888855 0.016190697 0.999623358 -0.022163315 -5.910942554 -0.989863217 0.012896718 -0.141437262 109.814834595
-0.143255532 0.025471380 0.989357948 79.188552856 0.015657924 0.999601960 -0.023467910 -5.946232796 -0.989561856 0.012129385 -0.143597379 109.697761536
-0.145493075 0.028617421 0.988945246 80.031295776 0.016194327 0.999516547 -0.026540831 -5.983961105 -0.989226758 0.012153797 -0.145886183 109.587089539
-0.145737216 0.032466002 0.988790512 80.856971741 0.018243168 0.999379575 -0.030124839 -6.014355659 -0.989155114 0.013648362 -0.146239087 109.462646484
-0.146239519 0.036578551 0.988572657 81.397964478 0.019768136 0.999224663 -0.034048390 -6.040884495 -0.989051700 0.014563020 -0.146849245 109.373939514
-0.145766899 0.037526019 0.988606930 82.260810852 0.021497510 0.999164522 -0.034757033 -6.079184532 -0.989085376 0.016186165 -0.146451831 109.238113403
-0.145035163 0.037001826 0.988734365 82.959106445 0.025567722 0.999106944 -0.033639524 -6.114919662 -0.989096105 0.020400770 -0.145851731 109.134651184
-0.145070955 0.034995891 0.988802135 83.823669434 0.025727136 0.999169767 -0.031588294 -6.152288437 -0.989086688 0.020856502 -0.145850897 109.005798340
-0.144046828 0.033044249 0.989019036 84.704368591 0.024831418 0.999248266 -0.029769424 -6.197111607 -0.989259243 0.020270552 -0.144759104 108.876693726
-0.142325610 0.030851742 0.989338934 85.353507996 0.024220547 0.999323368 -0.027678745 -6.224923134 -0.989523530 0.020022934 -0.142976552 108.797035217
-0.140986890 0.027768342 0.989621878 86.238121033 0.023974242 0.999409258 -0.024627466 -6.258853436 -0.989721119 0.020253286 -0.141569301 108.670249939
-0.139056519 0.024042232 0.989992499 86.962265015 0.024890367 0.999474227 -0.020776343 -6.293054104 -0.989971638 0.021752194 -0.139581874 108.575225830
-0.137427688 0.024400413 0.990211129 87.855079651 0.024026722 0.999484420 -0.021294344 -6.324558258 -0.990220428 0.020865096 -0.137943134 108.460494995
-0.136089474 0.028133525 0.990296960 88.573440552 0.024683863 0.999382555 -0.024999512 -6.363542557 -0.990389049 0.021042185 -0.136699915 108.366798401
-0.134554118 0.034628887 0.990300953 89.464401245 0.025262373 0.999184132 -0.031507071 -6.398825645 -0.990584195 0.020777948 -0.135319158 108.252723694
-0.132548556 0.037656173 0.990460932 90.200332642 0.023283802 0.999120653 -0.034869455 -6.435816765 -0.990902960 0.018439803 -0.133308753 108.151802063
-0.131388322 0.035363626 0.990699947 91.090133667 0.021734906 0.999226153 -0.032785449 -6.475179195 -0.991092622 0.017225146 -0.132055268 108.050666809
-0.130002692 0.032751542 0.990972579 91.843627930 0.022410017 0.999296010 -0.030086728 -6.511086941 -0.991260350 0.018296355 -0.130645141 107.942687988
-0.129381746 0.031149179 0.991105497 92.735122681 0.022936437 0.999333024 -0.028413571 -6.551002502 -0.991329551 0.019056231 -0.130009875 107.830093384
-0.129116118 0.030893896 0.991148174 93.672981262 0.022307307 0.999352098 -0.028243648 -6.592585564 -0.991378427 0.018463135 -0.129721642 107.729301453
-0.128509358 0.030326519 0.991244435 94.337776184 0.021894215 0.999375343 -0.027736824 -6.632257462 -0.991466582 0.018138077 -0.129093051 107.637184143
-0.127327919 0.028814986 0.991441905 95.255683899 0.024400011 0.999366343 -0.025911679 -6.665291309 -0.991560578 0.020891916 -0.127950311 107.505378723
-0.126346216 0.028076930 0.991588652 96.028327942 0.026878988 0.999329269 -0.024871232 -6.701420307 -0.991621971 0.023510518 -0.127016172 107.412368774
-0.126195416 0.029276613 0.991573155 96.933158875 0.028728496 0.999253035 -0.025847143 -6.748871803 -0.991589427 0.025224615 -0.126942217 107.310089111
