0.999999642 0.000786383 -0.000055436 0.026180532 -0.000786516 0.999996662 -0.002443587 0.001169295 0.000053514 0.002443630 0.999997020 1.205657244
0.999999106 0.001098725 0.000764582 0.032776274 -0.001097364 0.999997854 -0.001777260 -0.025232470 -0.000766533 0.001776419 0.999998152 2.417052269
0.999999404 0.000150261 0.001097492 0.039817683 -0.000148547 0.999998748 -0.001561027 -0.043402605 -0.001097725 0.001560863 0.999998152 3.636403084
0.999999523 -0.000452113 0.000898062 0.055856355 0.000453752 0.999998212 -0.001825442 -0.062617928 -0.000897236 0.001825848 0.999997854 4.853899002
0.999997139 -0.000276730 0.002391292 0.047378466 0.000280710 0.999998510 -0.001663970 -0.085339502 -0.002390828 0.001664636 0.999995768 6.064924717
0.999993443 0.000184221 0.003618143 0.045986272 -0.000174437 0.999996424 -0.002704444 -0.106599875 -0.003618628 0.002703795 0.999989808 7.265398026
0.999990344 0.000015935 0.004389472 0.042244729 -0.000003428 0.999995947 -0.002849116 -0.132194340 -0.004389500 0.002849073 0.999986231 8.449233055
0.999989212 -0.000823326 0.004577345 0.042529110 0.000830821 0.999998331 -0.001635810 -0.151589036 -0.004575990 0.001639595 0.999988198 9.643453598
0.999993920 -0.001331883 0.003193301 0.044173498 0.001334864 0.999998689 -0.000931683 -0.170284152 -0.003192056 0.000935940 0.999994397 10.838782310
0.999996960 -0.002388302 0.000650476 0.043476220 0.002389234 0.999996126 -0.001436169 -0.191711381 -0.000647041 0.001437719 0.999998748 12.027238846
0.999997437 -0.002067066 -0.000947907 0.029417716 0.002065087 0.999995708 -0.002084742 -0.212709874 0.000952212 0.002082779 0.999997377 13.189509392
0.999994993 -0.001718702 -0.002661834 0.029701203 0.001712988 0.999996245 -0.002147533 -0.233090073 0.002665515 0.002142962 0.999994159 14.402415276
0.999993324 -0.000231176 -0.003635620 0.024179339 0.000222113 0.999996901 -0.002493146 -0.251273870 0.003636185 0.002492321 0.999990284 15.592056274
0.999991536 -0.000419463 -0.004094332 0.014032960 0.000408854 0.999996543 -0.002591701 -0.270041466 0.004095405 0.002590005 0.999988258 16.780765533
0.999989927 -0.001087227 -0.004372497 0.002842411 0.001078682 0.999997497 -0.001956029 -0.295319378 0.004374612 0.001951293 0.999988616 17.950403214
0.999984622 -0.001460679 -0.005349877 -0.003774643 0.001450578 0.999997139 -0.001891338 -0.316037446 0.005352624 0.001883549 0.999983907 19.156652451
0.999981880 -0.000740337 -0.005976572 -0.016781852 0.000723303 0.999995708 -0.002851743 -0.339445800 0.005978658 0.002847369 0.999978065 20.346609116
0.999976099 -0.001445242 -0.006758765 -0.025588535 0.001420369 0.999992192 -0.003683524 -0.360875010 0.006764036 0.003673836 0.999970376 21.521106720
0.999973655 -0.000574163 -0.007238358 -0.046140492 0.000551780 0.999995053 -0.003093903 -0.389480054 0.007240099 0.003089828 0.999969006 22.707313538
0.999972403 -0.000359511 -0.007421627 -0.067645356 0.000335640 0.999994814 -0.003217464 -0.412793458 0.007422745 0.003214885 0.999967277 23.887228012
0.999957860 -0.001204072 -0.009098938 -0.069250241 0.001165749 0.999990344 -0.004216019 -0.437238634 0.009103927 0.004205234 0.999949634 25.114204407
0.999957740 -0.000064762 -0.009197374 -0.099743038 0.000034330 0.999994457 -0.003308840 -0.466341406 0.009197537 0.003308384 0.999952197 26.284172058
0.999936223 -0.002272376 -0.011065397 -0.096865103 0.002252422 0.999995768 -0.001815365 -0.485633224 0.011069478 0.001790325 0.999937117 27.483989716
0.999928713 -0.002026455 -0.011771490 -0.115349412 0.002001007 0.999995530 -0.002173224 -0.506427288 0.011775841 0.002149514 0.999928415 28.668172836
0.999916494 -0.002799082 -0.012614008 -0.138072759 0.002766040 0.999992669 -0.002636166 -0.530704498 0.012621295 0.002601055 0.999916971 29.875461578
0.999910474 -0.002426971 -0.013154624 -0.162596107 0.002386201 0.999992311 -0.003114017 -0.565006793 0.013162080 0.003082348 0.999908626 31.085636139
0.999888778 -0.002638532 -0.014679769 -0.178084314 0.002588408 0.999990642 -0.003432365 -0.582173705 0.014688691 0.003393987 0.999886394 32.270584106
0.999874115 -0.003242178 -0.015530523 -0.187961906 0.003194052 0.999989986 -0.003122589 -0.601772249 0.015540489 0.003072592 0.999874473 33.463817596
0.999859154 -0.003634263 -0.016385160 -0.209267259 0.003604028 0.999991775 -0.001874456 -0.640755057 0.016391840 0.001815140 0.999863982 34.658771515
0.999839664 -0.004275504 -0.017389694 -0.219635636 0.004224633 0.999986768 -0.002960977 -0.647799432 0.017402120 0.002887036 0.999844551 35.868282318
0.999838591 -0.004714989 -0.017337045 -0.263139278 0.004669407 0.999985516 -0.002668679 -0.689273477 0.017349377 0.002587294 0.999846220 37.059772491
0.999830484 -0.004694189 -0.017803533 -0.281653166 0.004644739 0.999985158 -0.002817785 -0.684073150 0.017816497 0.002734615 0.999837577 38.238433838
0.999837339 -0.004207727 -0.017538102 -0.311672926 0.004193551 0.999990821 -0.000844976 -0.716216207 0.017541494 0.000771292 0.999845922 39.420330048
0.999837399 -0.003511155 -0.017690163 -0.337620735 0.003493607 0.999993384 -0.001022739 -0.722352862 0.017693635 0.000960771 0.999843001 40.631126404
0.999840200 -0.002937534 -0.017642325 -0.368041754 0.002905816 0.999994099 -0.001823243 -0.733809292 0.017647572 0.001771686 0.999842763 41.809513092
0.999835849 -0.002056274 -0.018001409 -0.381915689 0.002028828 0.999996781 -0.001542712 -0.765313566 0.018004514 0.001505937 0.999836802 43.026180267
0.999851227 0.000979256 -0.017218605 -0.410715699 -0.000980756 0.999999464 -0.000078692 -0.774614751 0.017218513 0.000095568 0.999851763 44.231353760
0.999872863 0.000484444 -0.015938634 -0.436677068 -0.000432873 0.999994636 0.003238782 -0.804908693 0.015940117 -0.003231471 0.999867737 45.429382324
0.999906123 0.000763702 -0.013687178 -0.467871904 -0.000687164 0.999984086 0.005595813 -0.815514028 0.013691232 -0.005585882 0.999890625 46.631210327
0.999920428 0.001965679 -0.012460954 -0.481955886 -0.001850588 0.999955595 0.009241038 -0.830943346 0.012478567 -0.009217243 0.999879599 47.843524933
0.999935389 0.001186481 -0.011308597 -0.497186571 -0.001069163 0.999945641 0.010374691 -0.839602411 0.011320292 -0.010361930 0.999882221 49.042846680
0.999948919 -0.000867330 -0.010071482 -0.508104801 0.000954202 0.999962330 0.008623972 -0.849379778 0.010063620 -0.008633141 0.999912024 50.241615295
0.999963105 0.000719652 -0.008560700 -0.529462934 -0.000660488 0.999975860 0.006912056 -0.853775144 0.008565469 -0.006906148 0.999939442 51.448509216
0.999964595 0.000777337 -0.008372379 -0.536904573 -0.000719929 0.999976158 0.006857606 -0.869494855 0.008377510 -0.006851336 0.999941409 52.642395020
0.999964535 0.000704130 -0.008385658 -0.547691047 -0.000658531 0.999984980 0.005439202 -0.868941844 0.008389359 -0.005433487 0.999950051 53.848075867
0.999962211 0.000125355 -0.008697677 -0.568226635 -0.000092088 0.999992609 0.003825282 -0.879169643 0.008698091 -0.003824336 0.999954820 55.045211792
0.999942601 0.000324532 -0.010707060 -0.582721174 -0.000271926 0.999987841 0.004914352 -0.899158537 0.010708526 -0.004911158 0.999930561 56.258781433
0.999922633 -0.001148034 -0.012385514 -0.599404454 0.001213222 0.999985516 0.005256962 -0.906756163 0.012379301 -0.005271582 0.999909461 57.475009918
0.999911904 0.000377604 -0.013267901 -0.620488405 -0.000292049 0.999979138 0.006449589 -0.929295540 0.013270064 -0.006445147 0.999891162 58.674198151
0.999892592 0.001249218 -0.014600061 -0.632228732 -0.001160182 0.999980628 0.006105198 -0.941673994 0.014607404 -0.006087604 0.999874711 59.879074097
0.999883711 0.001701171 -0.015151391 -0.660123229 -0.001607464 0.999979496 0.006194658 -0.960534573 0.015161619 -0.006169583 0.999866009 61.091541290
0.999879241 0.001214935 -0.015495286 -0.685179293 -0.001125516 0.999982655 0.005778165 -0.974750042 0.015502039 -0.005760027 0.999863267 62.280937195
0.999874175 -0.000083468 -0.015862668 -0.700008214 0.000158818 0.999988735 0.004748958 -0.995294333 0.015862092 -0.004750880 0.999862909 63.496059418
0.999870360 -0.000552795 -0.016094610 -0.725520432 0.000645361 0.999983430 0.005746840 -1.001490235 0.016091168 -0.005756481 0.999853969 64.698524475
0.999859691 -0.000743918 -0.016735585 -0.748295844 0.000867073 0.999972641 0.007352730 -1.019440889 0.016729657 -0.007366208 0.999832928 65.899696350
0.999861956 0.000142027 -0.016612668 -0.785796046 -0.000046327 0.999983430 0.005760859 -1.035028815 0.016613208 -0.005759294 0.999845445 67.086250305
0.999857545 0.002185833 -0.016736729 -0.810417831 -0.002114595 0.999988556 0.004272936 -1.046223998 0.016745877 -0.004236936 0.999850929 68.285118103
0.999849260 0.003855667 -0.016925881 -0.842184722 -0.003771203 0.999980271 0.005019288 -1.062112093 0.016944902 -0.004954701 0.999844134 69.480194092
0.999831855 0.006343167 -0.017207928 -0.860839903 -0.006264891 0.999969959 0.004598845 -1.073673487 0.017236577 -0.004490267 0.999841332 70.696434021
0.999857128 0.009116828 -0.014233297 -1.244172692 -0.009036965 0.999943078 0.005665297 -1.356050849 0.014284136 -0.005535860 0.999882758 71.783172607
0.999859869 0.009586713 -0.013728392 -1.262474775 -0.009487460 0.999928474 0.007276699 -1.376010180 0.013797168 -0.007145431 0.999879241 72.962310791
0.999858558 0.012186232 -0.011585659 -1.284731627 -0.012105785 0.999902248 0.006988612 -1.375650287 0.011669693 -0.006847371 0.999908388 74.157012939
0.999898076 0.010799546 -0.009341959 -1.293658018 -0.010758670 0.999932408 0.004414808 -1.386236310 0.009389004 -0.004313852 0.999946535 75.349555969
0.999949694 0.007382090 -0.006788619 -1.307515740 -0.007381404 0.999972641 0.000126199 -1.413722634 0.006789364 -0.000076083 0.999976933 76.529327393
0.999955714 0.008540700 -0.003955649 -1.323666573 -0.008543609 0.999963343 -0.000719069 -1.430223823 0.003949364 0.000752832 0.999991894 77.702087402
0.999972463 0.007301867 -0.001273461 -1.327190638 -0.007297743 0.999968171 0.003213317 -1.452939510 0.001296883 -0.003203935 0.999994040 78.882522583
0.999962926 0.008252345 0.002469394 -1.336697698 -0.008263133 0.999956250 0.004390742 -1.469554067 -0.002433052 -0.004410985 0.999987245 80.050788879
0.999946356 0.008265968 0.006244752 -1.333227873 -0.008281353 0.999962747 0.002441654 -1.485071898 -0.006224337 -0.002493238 0.999977529 81.232269287
0.999920070 0.007740414 0.009998271 -1.339679718 -0.007730894 0.999969602 -0.000990550 -1.500982761 -0.010005634 0.000913176 0.999949455 82.395912170
0.999895275 0.006176249 0.013088285 -1.307726502 -0.006122167 0.999972582 -0.004168127 -1.527039528 -0.013113669 0.004087561 0.999905646 83.569808960
0.999856234 0.004800579 0.016262198 -1.300204396 -0.004729009 0.999978960 -0.004436581 -1.561441541 -0.016283153 0.004359039 0.999857903 84.743125916
0.999781787 0.005491572 0.020153677 -1.273391128 -0.005424590 0.999979556 -0.003376740 -1.577635050 -0.020171810 0.003266677 0.999791145 85.887252808
0.999673784 0.007101992 0.024533492 -1.259042025 -0.007032759 0.999970973 -0.002907121 -1.606811047 -0.024553427 0.002733636 0.999694705 87.034912109
0.999600887 0.005942267 0.027616896 -1.226075888 -0.005799920 0.999969482 -0.005231594 -1.623044968 -0.027647140 0.005069332 0.999604821 88.218490601
0.999493718 0.005764902 0.031291842 -1.201454878 -0.005533034 0.999956667 -0.007491378 -1.652729034 -0.031333677 0.007314446 0.999482155 89.363517761
0.999407828 0.005411453 0.033982120 -1.155467749 -0.005146225 0.999955595 -0.007887551 -1.679411888 -0.034023296 0.007708002 0.999391258 90.528121948
0.999318421 0.005071347 0.036565829 -1.101086378 -0.004825404 0.999965072 -0.006811140 -1.706183910 -0.036599085 0.006630052 0.999308109 91.682487488
0.999206901 0.003853528 0.039632965 -1.064730883 -0.003644038 0.999979019 -0.005356651 -1.727000713 -0.039652761 0.005207979 0.999199986 92.846557617
0.999111891 0.002823008 0.042042106 -1.014062405 -0.002667871 0.999989331 -0.003745712 -1.748939157 -0.042052228 0.003630222 0.999108851 93.991241455
0.998994887 0.001778936 0.044789959 -0.973497868 -0.001664091 0.999995232 -0.002601236 -1.777261257 -0.044794369 0.002524088 0.998992980 95.167480469
0.998858988 0.000504138 0.047755394 -0.935732841 -0.000276953 0.999988675 -0.004763752 -1.803534269 -0.047757253 0.004745090 0.998847663 96.321929932
0.998760462 -0.000596108 0.049770735 -0.867884636 0.001029355 0.999961793 -0.008679688 -1.818245530 -0.049763661 0.008720161 0.998722970 97.472831726
0.998682141 -0.000260131 0.051322337 -0.815065861 0.000828293 0.999938607 -0.011049509 -1.878631592 -0.051316306 0.011077456 0.998620987 98.617401123
0.998609960 -0.000874885 0.052702475 -0.750382900 0.001465010 0.999936640 -0.011159701 -1.930517316 -0.052689370 0.011221398 0.998547912 99.768333435
0.998580039 -0.000209559 0.053271517 -0.682518005 0.000828547 0.999932408 -0.011597705 -1.938689947 -0.053265482 0.011625375 0.998512745 100.993911743
0.998623967 -0.000348870 0.052440383 -0.635942459 0.000834440 0.999956906 -0.009237903 -1.975784898 -0.052434899 0.009268949 0.998581469 102.144470215
0.998686671 -0.000934320 0.051225655 -0.582433701 0.001334856 0.999968708 -0.007785416 -2.009568453 -0.051216777 0.007843570 0.998656809 103.323059082
0.998780549 -0.000305315 0.049368832 -0.532294750 0.000648259 0.999975741 -0.006930695 -2.028510571 -0.049365520 0.006954247 0.998756588 104.486183167
0.998863578 0.000031752 0.047662079 -0.505671024 0.000264454 0.999980748 -0.006208388 -2.055461168 -0.047661357 0.006213937 0.998844206 105.664703369
0.999025881 0.000332361 0.044127822 -0.439710617 -0.000058733 0.999980807 -0.006201926 -2.086745501 -0.044129033 0.006193292 0.999006629 106.846191406
0.999204397 0.001981068 0.039833084 -0.396149158 -0.001701294 0.999973595 -0.007056360 -2.114776373 -0.039846014 0.006982978 0.999181449 108.105178833
0.999343693 0.001102008 0.036207583 -0.373025656 -0.000882064 0.999981046 -0.006089939 -2.150611877 -0.036213607 0.006054005 0.999325752 109.283317566
0.999475300 0.002437214 0.032297250 -0.341053247 -0.002265635 0.999983132 -0.005348028 -2.173460484 -0.032309733 0.005272049 0.999463975 110.510025024
0.999611676 0.002902590 0.027714323 -0.305998325 -0.002786791 0.999987245 -0.004216013 -2.206448317 -0.027726207 0.004137142 0.999607027 111.725372314
0.999698043 0.003372946 0.024339478 -0.314606428 -0.003273763 0.999986172 -0.004113677 -2.223859549 -0.024353012 0.004032753 0.999695361 112.908210754
0.999822795 0.003289964 0.018535810 -0.260584116 -0.003220079 0.999987602 -0.003798804 -2.252591610 -0.018548083 0.003738444 0.999820948 114.139617920
0.999903917 0.003941564 0.013284791 -0.242906332 -0.003893806 0.999985874 -0.003618822 -2.282786846 -0.013298869 0.003566746 0.999905169 115.340095520
0.999954402 0.004255421 0.008544407 -0.238212049 -0.004219991 0.999982476 -0.004160220 -2.300369263 -0.008561962 0.004123974 0.999954820 116.556739807
0.999978364 0.005429183 0.003720227 -0.238771051 -0.005410681 0.999973059 -0.004965224 -2.316167116 -0.003747086 0.004944987 0.999980748 117.759468079
0.999972105 0.007459563 0.000385733 -0.242262453 -0.007457337 0.999957144 -0.005482358 -2.325599670 -0.000426614 0.005479330 0.999984801 118.952468872
0.999955118 0.009215390 -0.002178164 -0.254146308 -0.009226050 0.999945223 -0.004936158 -2.369349003 0.002132556 0.004956032 0.999985456 120.235382080
0.999941587 0.010319706 -0.003191374 -0.255952477 -0.010335486 0.999934137 -0.004968779 -2.403652668 0.003139887 0.005001473 0.999982595 121.445236206
0.999912500 0.012469466 -0.004398069 -0.275616884 -0.012489642 0.999911427 -0.004590668 -2.429280281 0.004340435 0.004645196 0.999979794 122.682281494
0.999884605 0.014192044 -0.005415546 -0.280763865 -0.014212200 0.999892116 -0.003701981 -2.458120823 0.005362423 0.003778521 0.999978483 123.900001526
0.999888480 0.013622001 -0.006122892 -0.299885809 -0.013644376 0.999900281 -0.003627378 -2.473967075 0.006072869 0.003710516 0.999974668 125.147834778
0.999817193 0.017898882 -0.006724536 -0.324131727 -0.017910376 0.999838233 -0.001652918 -2.498952627 0.006693861 0.001773055 0.999976039 126.369522095
0.999802053 0.018244073 -0.007940904 -0.330171287 -0.018233201 0.999832749 0.001439441 -2.509662628 0.007965837 -0.001294368 0.999967456 127.630073547
0.999820352 0.016875872 -0.008631554 -0.341395795 -0.016864311 0.999856889 0.001410261 -2.538261652 0.008654117 -0.001264443 0.999961793 128.858123779
0.999822497 0.016780784 -0.008568181 -0.373353302 -0.016787093 0.999858856 -0.000665546 -2.545193672 0.008555803 0.000809262 0.999963105 130.149169922
0.999857783 0.014265927 -0.008997667 -0.390881360 -0.014261193 0.999898076 0.000589965 -2.569205046 0.009005166 -0.000461564 0.999959409 131.399810791
0.999878705 0.011684299 -0.010299853 -0.404781282 -0.011659382 0.999928892 0.002476062 -2.588665009 0.010328053 -0.002355671 0.999943852 132.643051147
0.999911904 0.008472309 -0.010220833 -0.421629488 -0.008430814 0.999956071 0.004096160 -2.600863934 0.010255088 -0.004009629 0.999939322 133.893493652
0.999920607 0.006293745 -0.010917777 -0.432997942 -0.006233775 0.999965310 0.005518320 -2.624372721 0.010952129 -0.005449823 0.999925196 135.176773071
0.999944568 0.002289064 -0.010272436 -0.454100430 -0.002257202 0.999992609 0.003112231 -2.632084846 0.010279483 -0.003088873 0.999942422 136.433456421
0.999939144 -0.000975905 -0.010989561 -0.452347875 0.001011226 0.999994338 0.003208905 -2.693686485 0.010986366 -0.003219823 0.999934494 137.714355469
0.999936640 -0.002313888 -0.011017624 -0.466208696 0.002343689 0.999993622 0.002692770 -2.705968380 0.011011323 -0.002718421 0.999935687 139.004501343
0.999943852 -0.002402985 -0.010321906 -0.494265616 0.002433492 0.999992669 0.002944100 -2.724859476 0.010314755 -0.002969053 0.999942362 140.279052734
0.999953330 -0.001475353 -0.009548038 -0.510474563 0.001524005 0.999985874 0.005090328 -2.737444878 0.009540393 -0.005104642 0.999941468 141.579650879
0.999956012 0.000379779 -0.009364280 -0.524081111 -0.000310219 0.999972343 0.007428584 -2.768733501 0.009366842 -0.007425352 0.999928594 142.838851929
0.999964654 0.000371359 -0.008393666 -0.543357611 -0.000327762 0.999986470 0.005194713 -2.776606083 0.008395480 -0.005191779 0.999951303 144.154083252
0.999967217 0.001700401 -0.007920798 -0.562978983 -0.001672116 0.999992192 0.003576178 -2.794917345 0.007926816 -0.003562816 0.999962270 145.475357056
0.999971092 0.000624718 -0.007570928 -0.569897532 -0.000618913 0.999999464 0.000769131 -2.810052872 0.007571404 -0.000764422 0.999970973 146.715805054
0.999973476 -0.000908341 -0.007223770 -0.583814383 0.000883976 0.999993801 -0.003375317 -2.830463409 0.007226792 0.003368843 0.999968231 147.988555908
0.999975741 -0.000561003 -0.006937975 -0.592641711 0.000513132 0.999976099 -0.006899667 -2.858759403 0.006941679 0.006895939 0.999952078 149.255477905
0.999978006 -0.000311601 -0.006625052 -0.602092862 0.000260415 0.999970078 -0.007725359 -2.892161369 0.006627261 0.007723463 0.999948263 150.523147583
0.999976337 -0.000997703 -0.006806881 -0.617507875 0.000946656 0.999971390 -0.007498348 -2.919096947 0.006814167 0.007491727 0.999948740 151.793289185
0.999977112 -0.000229295 -0.006768975 -0.623288751 0.000181106 0.999974608 -0.007118879 -2.946238518 0.006770436 0.007117489 0.999951780 153.054489136
0.999974728 0.000130851 -0.007105709 -0.645812750 -0.000171815 0.999983370 -0.005764692 -2.982237339 0.007104837 0.005765769 0.999958158 154.316116333
0.999971807 0.000962697 -0.007439873 -0.655284882 -0.001003968 0.999984145 -0.005545688 -2.999106884 0.007434416 0.005553002 0.999956965 155.591354370
0.999966562 0.000921855 -0.008145563 -0.667613804 -0.000969105 0.999982715 -0.005798516 -3.038119793 0.008140078 0.005806217 0.999949992 156.828598022
0.999962211 0.001395898 -0.008588235 -0.686158538 -0.001443913 0.999983370 -0.005587031 -3.060466051 0.008580294 0.005599220 0.999947429 158.105026245
0.999954760 0.001414937 -0.009408814 -0.707901776 -0.001456880 0.999989152 -0.004452499 -3.092754841 0.009402410 0.004466004 0.999945819 159.372375488
0.999948323 0.002892971 -0.009756442 -0.734410763 -0.002932737 0.999987483 -0.004064008 -3.116302729 0.009744562 0.004092410 0.999944210 160.634689331
0.999939084 0.002235609 -0.010805644 -0.741235733 -0.002290134 0.999984622 -0.005036194 -3.147018433 0.010794220 0.005060634 0.999928892 161.885757446
0.999934793 0.002693585 -0.011094723 -0.766213894 -0.002760238 0.999978185 -0.005996620 -3.180730104 0.011078329 0.006026852 0.999920487 163.163314819
0.999920666 0.003449529 -0.012116696 -0.786931396 -0.003519671 0.999977112 -0.005772290 -3.216547728 0.012096508 0.005814482 0.999909937 164.406219482
0.999915540 0.003413111 -0.012539189 -0.811609268 -0.003498180 0.999970913 -0.006768547 -3.242116451 0.012515722 0.006811840 0.999898493 165.697891235
0.999904275 0.004655438 -0.013034171 -0.834516883 -0.004758345 0.999957621 -0.007875374 -3.274249077 0.012996956 0.007936640 0.999884009 166.952682495
0.999889314 0.004012476 -0.014322367 -0.848297477 -0.004120122 0.999963343 -0.007494366 -3.308497190 0.014291774 0.007552550 0.999869347 168.190826416
0.999882758 0.003059066 -0.015003392 -0.870383978 -0.003146823 0.999978006 -0.005829060 -3.346634865 0.014985233 0.005875589 0.999870479 169.475830078
0.999867737 0.003974098 -0.015769398 -0.896532416 -0.004063251 0.999975920 -0.005625584 -3.372325659 0.015746661 0.005688917 0.999859869 170.718154907
0.999855340 0.004949593 -0.016265292 -0.929999232 -0.005034157 0.999974012 -0.005162257 -3.405954838 0.016239315 0.005243393 0.999854445 171.993789673
0.999846876 0.005445143 -0.016627356 -0.969206095 -0.005535697 0.999970078 -0.005404961 -3.421165943 0.016597424 0.005496178 0.999847174 173.288604736
0.999829054 0.005002440 -0.017800802 -0.987056017 -0.005103784 0.999971092 -0.005652389 -3.461818695 0.017772010 0.005742275 0.999825597 174.484542847
0.999819815 0.006322598 -0.017897706 -1.025745392 -0.006444247 0.999956429 -0.006747398 -3.484610081 0.017854266 0.006861519 0.999817014 175.791900635
0.999806166 0.006470621 -0.018595070 -1.052754402 -0.006582435 0.999960721 -0.005958235 -3.510043144 0.018555781 0.006079480 0.999809384 176.997985840
0.999799669 0.006101226 -0.019061245 -1.087183714 -0.006230574 0.999957979 -0.006733935 -3.556866884 0.019019356 0.006851348 0.999795675 178.259628296
0.999806046 0.004362923 -0.019205488 -1.103441954 -0.004534087 0.999950290 -0.008877731 -3.572348595 0.019165801 0.008963089 0.999776185 179.526153564
0.999807179 0.001200525 -0.019598696 -1.131779909 -0.001371525 0.999961138 -0.008714010 -3.607027054 0.019587474 0.008739210 0.999770045 180.801406860
0.999824882 0.002232204 -0.018574558 -1.198906898 -0.002334271 0.999982238 -0.005475180 -3.615608215 0.018562004 0.005517580 0.999812484 182.056198120
0.999830902 0.001636378 -0.018315963 -1.239189863 -0.001656804 0.999998033 -0.001100100 -3.648824453 0.018314131 0.001130259 0.999831676 183.335952759
0.999828398 0.001864941 -0.018432857 -1.264826298 -0.001893892 0.999997020 -0.001553337 -3.674093246 0.018429905 0.001587980 0.999828935 184.564346313
0.999836087 0.003932851 -0.017675113 -1.304636359 -0.004022376 0.999979258 -0.005032232 -3.694189787 0.017654957 0.005102503 0.999831200 185.826156616
0.999815345 0.003950996 -0.018811675 -1.324109316 -0.004078946 0.999968708 -0.006768097 -3.718857527 0.018784348 0.006843578 0.999800146 187.074798584
0.999821961 0.004289314 -0.018375659 -1.368954182 -0.004414457 0.999967337 -0.006775226 -3.741875648 0.018345999 0.006855138 0.999808252 188.353836060
0.999827385 0.003635426 -0.018222025 -1.398567677 -0.003730186 0.999979675 -0.005168992 -3.785805941 0.018202864 0.005236071 0.999820650 189.612716675
0.999817371 0.003891305 -0.018707331 -1.406647205 -0.003948723 0.999987602 -0.003033406 -3.813732624 0.018695295 0.003106722 0.999820411 190.791320801
0.999840915 0.003164283 -0.017548826 -1.457186222 -0.003205536 0.999992192 -0.002323216 -3.844820499 0.017541334 0.002379100 0.999843359 192.132873535
0.999856234 0.003254383 -0.016641613 -1.456441760 -0.003304930 0.999990106 -0.003010804 -3.865692377 0.016631646 0.003065371 0.999857008 193.252105713
0.999878287 0.001886283 -0.015483149 -1.475217581 -0.001961246 0.999986351 -0.004827847 -3.886544943 0.015473832 0.004857626 0.999868512 194.487365723
0.999903858 0.002141015 -0.013701458 -1.513871551 -0.002227470 0.999977708 -0.006297665 -3.921813965 0.013687668 0.006327579 0.999886334 195.755844116
0.999921799 0.001465232 -0.012420888 -1.540685892 -0.001544272 0.999978602 -0.006356276 -3.957258940 0.012411308 0.006374959 0.999902666 196.949172974
0.999938309 0.002032568 -0.010915805 -1.561150074 -0.002090132 0.999984026 -0.005264574 -3.998558998 0.010904929 0.005287064 0.999926567 198.167999268
0.999953210 0.001434545 -0.009566403 -1.584212899 -0.001467753 0.999992907 -0.003465316 -4.026178360 0.009561364 0.003479195 0.999948263 199.379135132
0.999966085 0.002286046 -0.007911651 -1.618327260 -0.002309092 0.999993086 -0.002905060 -4.063585758 0.007904956 0.002923230 0.999964476 200.616989136
0.999970675 0.002101038 -0.007360598 -1.615280271 -0.002125008 0.999992430 -0.003250233 -4.074106216 0.007353712 0.003265779 0.999967575 201.768035889
0.999976873 0.002600574 -0.006283570 -1.631063461 -0.002620758 0.999991357 -0.003205931 -4.099531174 0.006275179 0.003222325 0.999975085 202.965515137
0.999982834 0.002502374 -0.005301208 -1.645032763 -0.002519382 0.999991655 -0.003203931 -4.121352673 0.005293146 0.003217232 0.999980867 204.178955078
0.999986947 0.002445075 -0.004475152 -1.647955537 -0.002459026 0.999992013 -0.003114241 -4.156255722 0.004467503 0.003125205 0.999985099 205.356277466
0.999991298 0.001600499 -0.003852721 -1.662092924 -0.001609796 0.999995768 -0.002411108 -4.201605320 0.003848847 0.002417289 0.999989629 206.529602051
0.999988675 0.001513838 -0.004515266 -1.640785813 -0.001527183 0.999994457 -0.002953589 -4.210354328 0.004510768 0.002960451 0.999985456 207.712921143
0.999990463 0.001565236 -0.004083680 -1.655853748 -0.001573775 0.999996662 -0.002088985 -4.238527775 0.004080397 0.002095392 0.999989569 208.869049072
0.999989331 0.001025742 -0.004513867 -1.659107804 -0.001030557 0.999998927 -0.001064333 -4.265389442 0.004512771 0.001068973 0.999989271 209.970153809
0.999986172 0.001235378 -0.005111787 -1.666496754 -0.001241276 0.999998510 -0.001150765 -4.293956757 0.005110358 0.001157094 0.999986351 211.093185425
0.999983728 0.001866475 -0.005377888 -1.682486653 -0.001877703 0.999996066 -0.002083825 -4.317914963 0.005373977 0.002093889 0.999983370 212.164749146
0.999981105 0.002449503 -0.005633131 -1.698852420 -0.002465590 0.999992907 -0.002850662 -4.343319893 0.005626108 0.002864497 0.999980032 213.256698608
0.999976933 0.001909828 -0.006508519 -1.704492092 -0.001929062 0.999993801 -0.002950234 -4.368258476 0.006502845 0.002962722 0.999974489 214.305282593
0.999968827 0.001620733 -0.007715560 -1.712319136 -0.001641161 0.999995112 -0.002642024 -4.399659157 0.007711241 0.002654604 0.999966741 215.344650269
0.999954641 0.001104359 -0.009477186 -1.731847882 -0.001120381 0.999997973 -0.001685365 -4.433213711 0.009475307 0.001695906 0.999953687 216.401947021
0.999939561 0.000078665 -0.010996453 -1.753931999 -0.000077733 1.000000119 0.000085232 -4.459516525 0.010996459 -0.000084372 0.999939501 217.447296143
0.999908805 0.000243713 -0.013498235 -1.766607285 -0.000227015 0.999999225 0.001238489 -4.468078613 0.013498524 -0.001235313 0.999908149 218.453979492
0.999880493 0.000453375 -0.015451562 -1.792485237 -0.000428959 0.999998629 0.001583448 -4.492746353 0.015452258 -0.001576631 0.999879360 219.463043213
0.999832451 0.000319932 -0.018304138 -1.818130732 -0.000299129 0.999999344 0.001139271 -4.516593456 0.018304490 -0.001133605 0.999831855 220.448074341
0.999768674 0.000663989 -0.021498237 -1.833549261 -0.000635147 0.999998808 0.001348399 -4.539132595 0.021499107 -0.001334432 0.999768019 221.407852173
0.999693751 0.000907959 -0.024731211 -1.864110470 -0.000868449 0.999998212 0.001608303 -4.555329323 0.024732625 -0.001586332 0.999692917 222.338287354
0.999616861 0.001500402 -0.027640007 -1.885315418 -0.001460358 0.999997854 0.001468913 -4.577181339 0.027642155 -0.001427986 0.999616861 223.266754150
0.999531209 0.001788987 -0.030564820 -1.919476032 -0.001766034 0.999998093 0.000777937 -4.590295315 0.030566152 -0.000723593 0.999532461 224.185256958
0.999416590 0.001211118 -0.034134764 -1.948215961 -0.001213845 0.999999225 -0.000059160 -4.610733986 0.034134664 0.000100561 0.999417186 225.052307129
0.999284089 0.002470439 -0.037748419 -1.964020729 -0.002483583 0.999996841 -0.000301318 -4.628440380 0.037747558 0.000394854 0.999287188 225.907989502
0.999155045 0.002750541 -0.041005637 -1.996702671 -0.002786124 0.999995768 -0.000810646 -4.651204109 0.041003238 0.000924208 0.999158561 226.747146606
0.999053836 0.004253697 -0.043281857 -2.040284634 -0.004307019 0.999990106 -0.001138773 -4.666277409 0.043276586 0.001324111 0.999062181 227.546234131
0.998995960 0.004490471 -0.044574939 -2.072293282 -0.004516380 0.999989688 -0.000480566 -4.686910152 0.044572327 0.000681400 0.999005914 228.348541260
0.999011457 0.005139645 -0.044155084 -2.113697052 -0.005115904 0.999986708 0.000650660 -4.705814838 0.044157840 -0.000424123 0.999024570 229.117172241
0.999026179 0.005125371 -0.043822411 -2.148087502 -0.005088674 0.999986649 0.000948898 -4.720623016 0.043826696 -0.000724976 0.999038815 229.884323120
0.999046743 0.005014726 -0.043364070 -2.181281090 -0.004976238 0.999987125 0.000995484 -4.740560055 0.043368503 -0.000778746 0.999058783 230.615966797
0.999052107 0.005289009 -0.043208990 -2.214227676 -0.005324582 0.999985576 -0.000708227 -4.758817196 0.043204628 0.000937625 0.999065757 231.357894897
0.999103010 0.005649746 -0.041965298 -2.252915382 -0.005783788 0.999978542 -0.003073405 -4.773850441 0.041947037 0.003313366 0.999114454 232.068527222
0.999133646 0.005247801 -0.041285727 -2.282477856 -0.005424184 0.999976635 -0.004161397 -4.797099113 0.041262925 0.004381733 0.999138772 232.797119141
0.999199748 0.006282319 -0.039502192 -2.314548016 -0.006492540 0.999965370 -0.005195724 -4.804519653 0.039468188 0.005448035 0.999205887 233.517776489
0.999271631 0.006175651 -0.037657388 -2.351367950 -0.006376838 0.999965966 -0.005224804 -4.822828770 0.037623845 0.005461133 0.999276996 234.235183716
0.999345124 0.005492272 -0.035763167 -2.377002716 -0.005684696 0.999969840 -0.005281022 -4.839807510 0.035733085 0.005480866 0.999346316 234.940948486
0.999408782 0.005724177 -0.033899479 -2.401746273 -0.005904523 0.999968886 -0.005222287 -4.863673687 0.033868521 0.005419360 0.999411643 235.661621094
0.999478161 0.005096293 -0.031895619 -2.425165176 -0.005280314 0.999969900 -0.005687943 -4.876773834 0.031865671 0.005853394 0.999475062 236.364944458
0.999575615 0.004899384 -0.028711852 -2.453385830 -0.005041465 0.999975383 -0.004878216 -4.898842812 0.028687242 0.005020896 0.999575853 237.061889648
0.999655068 0.003830660 -0.025983321 -2.466880083 -0.003940973 0.999983430 -0.004195653 -4.916501045 0.025966816 0.004296605 0.999653578 237.764907837
0.999728024 0.003134836 -0.023111062 -2.483332872 -0.003225215 0.999987364 -0.003874373 -4.932923794 0.023098618 0.003947857 0.999725401 238.464813232
0.999796391 0.003071282 -0.019944355 -2.500843048 -0.003153272 0.999986649 -0.004080731 -4.948058128 0.019931553 0.004142790 0.999792695 239.157241821
0.999845028 0.002820875 -0.017377436 -2.507086754 -0.002907298 0.999983490 -0.004949956 -4.956381321 0.017363185 0.004999709 0.999836743 239.848815918
0.999902904 0.002218261 -0.013756315 -2.529477358 -0.002281454 0.999986887 -0.004579809 -4.980618954 0.013745978 0.004610748 0.999894857 240.537399292
0.999934614 0.002788028 -0.011084279 -2.538892031 -0.002847593 0.999981642 -0.005361678 -4.998293877 0.011069126 0.005392890 0.999924242 241.218063354
0.999971688 0.002619984 -0.007060597 -2.541043758 -0.002664923 0.999976218 -0.006363019 -5.009825230 0.007043758 0.006381655 0.999954820 241.937408447
0.999987423 0.003090640 -0.003963301 -2.551352739 -0.003113049 0.999979138 -0.005660425 -5.024119377 0.003945723 0.005672692 0.999976158 242.632507324
0.999993980 0.003064322 -0.001642469 -2.550984859 -0.003072759 0.999981999 -0.005158698 -5.038817406 0.001626633 0.005163714 0.999985278 243.345016479
0.999996126 0.002660547 0.000829563 -2.556284428 -0.002656469 0.999984622 -0.004879198 -5.056642532 -0.000842531 0.004876975 0.999987662 244.045715332
0.999992907 0.002817001 0.002544618 -2.549412727 -0.002800177 0.999974370 -0.006591691 -5.074462414 -0.002563122 0.006584518 0.999975026 244.763961792
0.999986172 0.003189627 0.004198975 -2.549639225 -0.003151856 0.999954820 -0.008971798 -5.089351654 -0.004227402 0.008958439 0.999950886 245.477920532
0.999984562 0.001674547 0.005283089 -2.549672604 -0.001616831 0.999939144 -0.010910248 -5.106386185 -0.005301036 0.010901540 0.999926507 246.190475464
0.999984860 0.001741627 0.005204563 -2.551217794 -0.001684914 0.999939322 -0.010881422 -5.125823021 -0.005223198 0.010872491 0.999927223 246.913085938
0.999976873 -0.000109680 0.006798656 -2.561589003 0.000184603 0.999939263 -0.011020366 -5.144249916 -0.006797034 0.011021367 0.999916077 247.618682861
0.999977231 0.002032518 0.006438212 -2.555982113 -0.001958638 0.999932408 -0.011460586 -5.162761211 -0.006461071 0.011447714 0.999913573 248.375747681
0.999975622 0.001760020 0.006758220 -2.550457001 -0.001681099 0.999930501 -0.011665834 -5.182548523 -0.006778282 0.011654188 0.999909103 249.113739014
0.999973714 0.001214444 0.007150179 -2.553877354 -0.001117031 0.999906719 -0.013612160 -5.204923630 -0.007166044 0.013603817 0.999881804 249.862701416
0.999975562 -0.002341738 0.006588342 -2.533768654 0.002449350 0.999862969 -0.016373251 -5.226005077 -0.006549097 0.016388988 0.999844253 250.661163330
0.999958634 -0.006002839 0.006840408 -2.521945953 0.006120616 0.999831140 -0.017328953 -5.246732235 -0.006735230 0.017370105 0.999826491 251.436752319
0.999957144 -0.003953203 0.008369378 -2.531927586 0.004062375 0.999906361 -0.013067678 -5.248468399 -0.008316935 0.013101120 0.999879539 252.188064575
0.999963641 -0.000834898 0.008485757 -2.530452490 0.000881930 0.999984264 -0.005540185 -5.282896519 -0.008480997 0.005547468 0.999948621 252.972152710
0.999956429 -0.001262288 0.009253754 -2.529885054 0.001291090 0.999994338 -0.003107142 -5.291804790 -0.009249779 0.003118953 0.999952435 253.787338257
0.999937832 -0.001627586 0.011028949 -2.517961502 0.001691721 0.999981642 -0.005808514 -5.287570000 -0.011019294 0.005826811 0.999922216 254.582626343
0.999889016 -0.000494915 0.014889377 -2.512476921 0.000674930 0.999926686 -0.012087589 -5.299169064 -0.014882305 0.012096297 0.999816000 255.383880615
0.999820232 0.000679647 0.018943403 -2.503524303 -0.000386500 0.999880135 -0.015474206 -5.322678566 -0.018951647 0.015464104 0.999700725 256.187072754
0.999731719 0.003182977 0.022941664 -2.505272865 -0.002819867 0.999870539 -0.015842579 -5.334805489 -0.022989120 0.015773637 0.999611199 257.004425049
0.999640942 0.001947106 0.026723055 -2.476886749 -0.001592190 0.999910295 -0.013296105 -5.368577957 -0.026746552 0.013248784 0.999554396 257.832641602
0.999571681 -0.001184045 0.029240031 -2.449859142 0.001474939 0.999949515 -0.009928936 -5.395656586 -0.029226804 0.009967808 0.999523103 258.660186768
0.999472082 -0.004010712 0.032239638 -2.419948578 0.004280557 0.999956310 -0.008305348 -5.415677547 -0.032204922 0.008438968 0.999445617 259.510833740
0.999366224 -0.003876605 0.035384316 -2.397479057 0.004141795 0.999963880 -0.007424373 -5.440616131 -0.035354257 0.007566223 0.999346197 260.354248047
0.999317467 -0.002116813 0.036883712 -2.389881134 0.002484367 0.999947727 -0.009922228 -5.443943977 -0.036860783 0.010007086 0.999270320 261.186767578
0.999265134 0.000727015 0.038325727 -2.339464188 -0.000226751 0.999914765 -0.013055721 -5.446905136 -0.038331959 0.013037436 0.999180019 262.046752930
0.999131262 0.000624082 0.041669931 -2.328624725 -0.000072445 0.999912441 -0.013238437 -5.465994358 -0.041674539 0.013223918 0.999043703 262.881713867
0.999021173 0.000569446 0.044230618 -2.297142982 -0.000120212 0.999948382 -0.010158638 -5.506909370 -0.044234123 0.010143377 0.998969674 263.715515137
0.998834789 0.001885710 0.048222028 -2.291243553 -0.001499345 0.999966502 -0.008047117 -5.530957222 -0.048235595 0.007965439 0.998804212 264.536926270
0.998706698 0.002685605 0.050771400 -2.233991623 -0.002235449 0.999957860 -0.008921005 -5.545331955 -0.050793212 0.008795970 0.998670578 265.404357910
0.998541117 0.002652223 0.053932443 -2.209876060 -0.002145599 0.999953032 -0.009449393 -5.568549633 -0.053954974 0.009319888 0.998499870 266.240844727
0.998449862 0.001308158 0.055642813 -2.140800476 -0.000771692 0.999953032 -0.009661658 -5.589255333 -0.055652853 0.009603743 0.998403966 267.104003906
0.998332381 -0.001934924 0.057693921 -2.102261543 0.002453748 0.999957204 -0.008923187 -5.607690811 -0.057674184 0.009049875 0.998294473 267.944519043
0.998294353 -0.002991021 0.058305249 -2.040318489 0.003512346 0.999954760 -0.008840852 -5.635761261 -0.058276165 0.009030561 0.998259664 268.819488525
0.998272181 -0.003796250 0.058637708 -1.993757248 0.004345525 0.999947846 -0.009242580 -5.650431633 -0.058599558 0.009481423 0.998236537 269.664367676
0.998217821 -0.003833611 0.059551716 -1.952602386 0.004372003 0.999950707 -0.008913059 -5.677315712 -0.059514619 0.009157537 0.998185456 270.531066895
0.998256028 -0.002810739 0.058964737 -1.900733948 0.003320722 0.999957860 -0.008552737 -5.694069386 -0.058938216 0.008733629 0.998223424 271.394317627
0.998279452 -0.003011056 0.058557998 -1.854331970 0.003494203 0.999960661 -0.008150082 -5.716734409 -0.058531161 0.008340674 0.998250723 272.259246826
0.998386383 -0.002824049 0.056715798 -1.811103821 0.003347723 0.999952555 -0.009140393 -5.737636566 -0.056687295 0.009315509 0.998348475 273.102386475
0.998442650 -0.002692734 0.055724639 -1.767957687 0.003253156 0.999944925 -0.009968773 -5.759957314 -0.055694740 0.010134527 0.998396397 273.966644287
0.998556912 -0.001422072 0.053683493 -1.728144646 0.002013334 0.999937832 -0.010961358 -5.775139809 -0.053664584 0.011053621 0.998497784 274.818237305
0.998608887 -0.000270894 0.052727249 -1.686963081 0.000861693 0.999937117 -0.011182380 -5.802533150 -0.052720897 0.011212259 0.998546362 275.680358887
0.998694241 0.000559462 0.051085755 -1.651684761 0.000027843 0.999933958 -0.011495023 -5.827633858 -0.051088810 0.011481434 0.998628139 276.528869629
0.998794854 0.001294678 0.049062576 -1.620471954 -0.000775867 0.999943614 -0.010592054 -5.856053829 -0.049073521 0.010541223 0.998739541 277.369812012
0.998937011 0.001237619 0.046078958 -1.579641342 -0.000803790 0.999955237 -0.009432251 -5.876186371 -0.046088561 0.009385187 0.998893261 278.223144531
0.999118984 0.000118635 0.041967835 -1.551670074 0.000181428 0.999974430 -0.007145925 -5.895425797 -0.041967608 0.007147241 0.999093413 279.079650879
0.999318004 -0.000780906 0.036918078 -1.521961212 0.000983212 0.999984443 -0.005462044 -5.918326378 -0.036913238 0.005494615 0.999303401 279.907867432
0.999475539 -0.001948037 0.032327209 -1.499732971 0.002074811 0.999990284 -0.003888490 -5.942092896 -0.032319315 0.003953523 0.999469817 280.752319336
0.999611199 -0.002054697 0.027806168 -1.488146782 0.002139063 0.999993205 -0.003004636 -5.965200424 -0.027799798 0.003062947 0.999608874 281.578735352
0.999732256 -0.003035439 0.022934193 -1.471669674 0.003096164 0.999991775 -0.002612733 -5.980197906 -0.022926074 0.002683042 0.999733567 282.384338379
0.999830127 -0.003425456 0.018110301 -1.463571548 0.003481307 0.999989212 -0.003053286 -5.989932537 -0.018099651 0.003115814 0.999831378 283.200317383
0.999886990 -0.004012545 0.014489582 -1.463100433 0.004054930 0.999987602 -0.002897210 -6.016188145 -0.014477775 0.002955638 0.999890804 283.962005615
0.999936163 -0.003835472 0.010626504 -1.460457087 0.003865159 0.999988675 -0.002774624 -6.040904045 -0.010615742 0.002815520 0.999939680 284.730590820
0.999972582 -0.003145759 0.006704668 -1.462347865 0.003167641 0.999989688 -0.003255790 -6.052962303 -0.006694358 0.003276938 0.999972224 285.476531982
