0.999114215 0.002066474 -0.042029906 -0.021158773 -0.002207512 0.999992073 -0.003309532 -0.002235432 0.042022739 0.003399382 0.999110818 0.196737528
0.998476148 0.001920026 -0.055151723 -0.031606831 -0.002155232 0.999988854 -0.004205546 -0.002135067 0.055143040 0.004318003 0.998469114 0.244996354
0.997412026 0.001671398 -0.071877956 -0.026857015 -0.002000042 0.999987900 -0.004500513 -0.000984912 0.071869552 0.004632625 0.997403204 0.213192537
0.995915174 0.000444677 -0.090292111 -0.049616646 -0.000823761 0.999990940 -0.004161199 -0.003377566 0.090289444 0.004218580 0.995906591 0.359549761
0.993892252 -0.000649458 -0.110353097 -0.064993829 0.000177085 0.999990761 -0.004290302 -0.004339588 0.110354871 0.004244556 0.993883193 0.420704901
0.991016507 -0.001438688 -0.133732051 -0.063429058 0.000742884 0.999985874 -0.005252728 -0.003360861 0.133737758 0.005106192 0.991003633 0.416709602
0.987684369 0.002414509 -0.156441510 -0.093844511 -0.003422080 0.999975085 -0.006171539 -0.007143036 0.156422719 0.006630888 0.987667918 0.515439749
0.983303905 0.007013037 -0.181835413 -0.127215177 -0.008505302 0.999936223 -0.007428189 -0.011133092 0.181771725 0.008850732 0.983300865 0.619668782
0.977854252 0.009774631 -0.209058776 -0.150250360 -0.011801757 0.999894559 -0.008451201 -0.012725256 0.208954141 0.010731301 0.977866530 0.679635108
0.971187413 0.010167844 -0.238100097 -0.188292772 -0.012644394 0.999880672 -0.008876288 -0.012186853 0.237981424 0.011631173 0.971200049 0.762399554
0.963018239 0.012137135 -0.269162625 -0.216611609 -0.015095974 0.999846220 -0.008925565 -0.011489986 0.269012898 0.012658754 0.963053405 0.829001665
0.953658998 0.014016774 -0.300562739 -0.252322733 -0.016890060 0.999833047 -0.006963354 -0.017401561 0.300415009 0.011717189 0.953736544 0.909204781
0.942181647 0.016058309 -0.334717512 -0.286321014 -0.019023739 0.999803424 -0.005582814 -0.019562032 0.334562004 0.011627607 0.942301869 0.977920353
0.929794252 0.018728003 -0.367602885 -0.334226370 -0.022226103 0.999738991 -0.005284464 -0.019154264 0.367407978 0.013083844 0.929967821 1.048908472
0.915734470 0.021659544 -0.401199639 -0.380194664 -0.025496110 0.999665976 -0.004225722 -0.020783603 0.400974065 0.014098670 0.915980875 1.121776819
0.899853885 0.022390453 -0.435616255 -0.432196766 -0.026642255 0.999638319 -0.003654102 -0.020328147 0.435376972 0.014893962 0.900124967 1.196111083
0.881374896 0.017493611 -0.472093344 -0.481919914 -0.022406995 0.999737501 -0.004787077 -0.018118942 0.471885711 0.014797404 0.881535470 1.267702937
0.860234141 0.012856664 -0.509737134 -0.540554047 -0.017956380 0.999825776 -0.005085495 -0.019770820 0.509582996 0.013527746 0.860315144 1.343219638
0.835275292 0.014356324 -0.549644589 -0.603781879 -0.018496057 0.999826908 -0.001993028 -0.020919066 0.549520850 0.011830980 0.835396290 1.413869619
0.806275785 0.020347727 -0.591189563 -0.680426121 -0.023492312 0.999721229 0.002369411 -0.024764808 0.591073096 0.011978013 0.806529164 1.483749986
0.773896098 0.023567174 -0.632873833 -0.761908412 -0.026905360 0.999628603 0.004323884 -0.025635840 0.632740855 0.013681461 0.774242759 1.553879261
0.737748682 0.022569105 -0.674698055 -0.845306039 -0.025965372 0.999650121 0.005047129 -0.026857454 0.674575925 0.013795275 0.738076568 1.620663881
0.697716057 0.017922701 -0.716150105 -0.933861613 -0.019659128 0.999789536 0.005868101 -0.026223289 0.716104627 0.009984617 0.697921574 1.690283060
0.655495882 0.014798032 -0.755053699 -1.031387329 -0.014795672 0.999867737 0.006751270 -0.026330790 0.755053699 0.006746097 0.655628204 1.753364801
0.610298991 0.013830679 -0.792050421 -1.137646198 -0.011552936 0.999896586 0.008558173 -0.025602134 0.792086840 0.003927464 0.610395730 1.817561388
0.563044310 0.014796600 -0.826294065 -1.251270294 -0.009340906 0.999889731 0.011540229 -0.025637409 0.826373816 0.001220675 0.563120484 1.869800806
0.511409342 0.014714017 -0.859211206 -1.375252843 -0.006671698 0.999891281 0.013152117 -0.023429478 0.859311342 -0.000993718 0.511451900 1.928466320
0.455749869 0.014963161 -0.889982104 -1.535637379 -0.016686689 0.999826610 0.008264896 -0.035283029 0.889951468 0.011084130 0.455920517 2.327765465
0.400410563 0.017017933 -0.916177750 -1.679997206 -0.014686950 0.999818265 0.012152698 -0.036728419 0.916218162 0.008589790 0.400587797 2.375826359
0.345676124 0.019075166 -0.938160002 -1.821634293 -0.015621115 0.999771774 0.014572110 -0.033916064 0.938223839 0.009617876 0.345895231 2.403629780
0.290307254 0.021691080 -0.956687689 -1.978171110 -0.013616798 0.999735534 0.018535085 -0.031583615 0.956836641 0.007646153 0.290525824 2.434647322
0.231993109 0.025796928 -0.972375274 -2.103986263 -0.006052090 0.999667227 0.025077041 -0.064376660 0.972698569 0.000067204 0.232072040 2.583191156
0.181204766 0.026825454 -0.983079493 -2.285626650 -0.004120591 0.999639928 0.026517818 -0.063466221 0.983436763 -0.000754288 0.181250036 2.597931147
0.133600116 0.027088866 -0.990665019 -2.478882790 -0.006328193 0.999629319 0.026480572 -0.057530172 0.991015136 0.002731312 0.133721992 2.602031946
0.090805009 0.026446411 -0.995517492 -2.673298597 -0.007998277 0.999634445 0.025826225 -0.049051560 0.995836556 0.005617274 0.090983361 2.605149508
0.052864961 0.025850108 -0.998267055 -2.871349812 -0.008638601 0.999639332 0.025428168 -0.048455261 0.998564243 0.007279372 0.053069200 2.601609230
0.017672420 0.022156801 -0.999598324 -3.080217361 -0.008201150 0.999724030 0.022014596 -0.041075855 0.999810159 0.007808805 0.017849248 2.598468781
-0.012951815 0.020346047 -0.999709070 -3.349164009 -0.006786137 0.999768078 0.020435167 -0.041345105 0.999893069 0.007048835 -0.012810740 2.575911283
-0.039396390 0.018317554 -0.999055743 -3.570923805 -0.007295547 0.999799907 0.018618893 -0.038352340 0.999197066 0.008022175 -0.039254874 2.559883833
-0.060567163 0.015861636 -0.998038113 -3.832823277 -0.008171999 0.999832273 0.016386084 -0.032157369 0.998130679 0.009148424 -0.060427397 2.535379171
-0.076972812 0.015249529 -0.996916592 -3.988149643 -0.007382656 0.999846876 0.015864374 -0.028821506 0.997005880 0.008581017 -0.076848447 2.522660017
-0.089990579 0.015936641 -0.995815098 -4.238855362 -0.006879072 0.999838114 0.016622677 -0.026676700 0.995918870 0.008346168 -0.089866400 2.496364594
-0.099396154 0.016701905 -0.994907737 -4.569961548 -0.007661960 0.999816597 0.017549781 -0.023491234 0.995018423 0.009367323 -0.099249959 2.455618620
-0.106389478 0.017479818 -0.994170845 -4.833839417 -0.009442782 0.999782622 0.018588988 -0.020410635 0.994279623 0.011365411 -0.106201291 2.424972534
-0.110641584 0.019332349 -0.993672252 -5.073561668 -0.008903307 0.999751389 0.020441972 -0.022113182 0.993820488 0.011108701 -0.110441931 2.392919779
-0.111991726 0.019503403 -0.993517637 -5.358798027 -0.006818151 0.999768734 0.020394677 -0.013156071 0.993685722 0.009057988 -0.111832850 2.360743761
-0.111003779 0.021896416 -0.993578672 -5.591109276 -0.004943432 0.999732733 0.022584325 -0.012499519 0.993807673 0.007418634 -0.110865876 2.336341858
-0.109354131 0.024410201 -0.993703067 -5.887072563 -0.005379373 0.999669313 0.025148740 -0.009605467 0.993988216 0.008095620 -0.109186642 2.304149151
-0.107491590 0.024407540 -0.993906319 -6.252799511 -0.007846697 0.999646604 0.025397135 -0.006336570 0.994175017 0.010528860 -0.107262090 2.257299185
-0.105965689 0.021416388 -0.994139135 -6.561897278 -0.009785465 0.999697208 0.022579158 -0.000873297 0.994321585 0.012120730 -0.105724014 2.223860741
-0.104842618 0.021706378 -0.994251847 -6.823511600 -0.010156323 0.999686360 0.022895992 0.004690781 0.994436979 0.012498422 -0.104589276 2.192288637
-0.103073776 0.024547765 -0.994370759 -7.150924683 -0.009888115 0.999620676 0.025702348 0.010835901 0.994624615 0.012481692 -0.102791950 2.158688545
-0.101276487 0.027669134 -0.994473457 -7.551428795 -0.010519815 0.999527633 0.028881073 0.017075211 0.994802713 0.013386652 -0.100937560 2.119619846
-0.099719189 0.030187694 -0.994557500 -7.895029545 -0.011032999 0.999444664 0.031442251 0.018746495 0.994954467 0.014108346 -0.099330753 2.084591389
-0.097632572 0.029282304 -0.994791627 -8.225280762 -0.013173609 0.999441445 0.030712085 0.024905577 0.995135307 0.016103495 -0.097192273 2.048830986
-0.095953338 0.025869656 -0.995049596 -8.581442833 -0.015214807 0.999507308 0.027452724 0.035229534 0.995269477 0.017773667 -0.095512457 2.012417555
-0.094444469 0.025529824 -0.995202720 -8.924191475 -0.016265126 0.999498129 0.027183570 0.039505884 0.995397389 0.018754432 -0.093981795 1.978029490
-0.093762383 0.027634604 -0.995211005 -9.289740562 -0.013931233 0.999480367 0.029065667 0.046673849 0.995497167 0.016589779 -0.093328677 1.948786497
-0.091936998 0.030047657 -0.995311379 -9.638765335 -0.011153141 0.999450982 0.031202832 0.052087277 0.995702386 0.013969547 -0.091551371 1.913342714
-0.090828724 0.032004524 -0.995352149 -10.011434555 -0.010326561 0.999399424 0.033076990 0.058258176 0.995813072 0.013282905 -0.090443678 1.879864931
-0.089933239 0.027329568 -0.995572746 -10.368725777 -0.010083588 0.999547124 0.028349554 0.062655896 0.995896757 0.012588512 -0.089616954 1.844476342
-0.089386657 0.020375330 -0.995788634 -10.744129181 -0.008823071 0.999735236 0.021248087 0.066507906 0.995957911 0.010685208 -0.089183241 1.805947065
-0.089845680 0.015668944 -0.995832324 -11.090032578 -0.004994320 0.999856532 0.016182858 0.075624846 0.995943189 0.006427465 -0.089754529 1.778050423
-0.090763882 0.016237292 -0.995740056 -11.473607063 -0.004251802 0.999851644 0.016691903 0.081363089 0.995863318 0.005748711 -0.090681382 1.746891260
-0.090290956 0.023930803 -0.995627820 -11.868243217 -0.003942666 0.999694824 0.024386106 0.083185911 0.995907724 0.006127272 -0.090169042 1.703347206
-0.090638034 0.031194376 -0.995395362 -12.244200706 -0.006000384 0.999473989 0.031868584 0.086389154 0.995865762 0.008861260 -0.090403184 1.665245891
-0.091163471 0.036619425 -0.995162427 -12.633223534 -0.008026439 0.999264121 0.037505634 0.090559065 0.995803535 0.011406754 -0.090802476 1.625808716
-0.090975672 0.036746241 -0.995174944 -13.017953873 -0.010077111 0.999233782 0.037817325 0.097765326 0.995802104 0.013468944 -0.090535678 1.583262324
-0.090713389 0.033026129 -0.995329261 -13.406915665 -0.010654779 0.999360561 0.034130953 0.104194432 0.995819986 0.013701149 -0.090303518 1.540187478
-0.090734228 0.030174866 -0.995417953 -13.792218208 -0.011011367 0.999449313 0.031300776 0.111780614 0.995814204 0.013800964 -0.090351991 1.498586059
-0.091585115 0.031795796 -0.995289505 -14.176549911 -0.011069064 0.999395788 0.032945540 0.118971080 0.995735824 0.014034242 -0.091177821 1.465831399
-0.091430515 0.034440428 -0.995215654 -14.561110497 -0.013602100 0.999265313 0.035830192 0.121811509 0.995718539 0.016812997 -0.090894893 1.427625179
-0.091031335 0.032596927 -0.995314419 -14.951362610 -0.012888566 0.999341905 0.033907611 0.129184961 0.995764554 0.015914831 -0.090551294 1.384296060
-0.091048293 0.027178744 -0.995475531 -15.316295624 -0.014440680 0.999486387 0.028609022 0.138501644 0.995741785 0.016980147 -0.090609036 1.356233954
-0.090973467 0.023024708 -0.995587170 -15.703562737 -0.016126739 0.999567568 0.024590367 0.142922729 0.995722771 0.018292647 -0.090562813 1.316458225
-0.090326220 0.023817701 -0.995627403 -16.084135056 -0.016732730 0.999536633 0.025429256 0.144693464 0.995771646 0.018956494 -0.089885823 1.277406335
-0.089978814 0.026432088 -0.995592833 -16.436059952 -0.014273451 0.999510825 0.027826102 0.149481058 0.995841324 0.016714305 -0.089557543 1.252284408
-0.089475669 0.030608974 -0.995518565 -16.817525864 -0.013479870 0.999398887 0.031939831 0.160004526 0.995897710 0.016277300 -0.089009285 1.214740992
-0.088889621 0.036738612 -0.995363653 -17.194852829 -0.013271211 0.999187171 0.038064901 0.161934197 0.995953023 0.016593257 -0.088329799 1.180248976
-0.088958785 0.039923318 -0.995234847 -17.583292007 -0.013531055 0.999055743 0.041286059 0.169722140 0.995943367 0.017139336 -0.088334575 1.143346906
-0.089426376 0.040024880 -0.995188892 -17.952770233 -0.012590313 0.999066949 0.041312199 0.178095698 0.995913863 0.016224142 -0.088838995 1.118993163
-0.088897020 0.035163198 -0.995419979 -18.341823578 -0.012619905 0.999256611 0.036425769 0.188274860 0.995960891 0.015800247 -0.088387184 1.073939562
-0.088226728 0.031497993 -0.995602250 -18.720754623 -0.013928097 0.999363184 0.032851234 0.189953476 0.996002972 0.016765200 -0.087731853 1.037551522
-0.087567292 0.028592780 -0.995748103 -19.104915619 -0.018052725 0.999378264 0.030284598 0.196686566 0.995995045 0.020627907 -0.086996667 0.992295980
-0.088121928 0.026608003 -0.995754302 -19.486557007 -0.021006469 0.999371171 0.028563680 0.203441679 0.995888233 0.023434365 -0.087507576 0.954506755
-0.089281313 0.024783442 -0.995698035 -19.829046249 -0.018785359 0.999470651 0.026561772 0.206913918 0.995829225 0.021076012 -0.088768482 0.925522089
-0.090347409 0.021268446 -0.995683193 -20.207714081 -0.015198629 0.999626040 0.022731781 0.208712578 0.995794296 0.017186778 -0.089990370 0.889105320
-0.090799578 0.019923272 -0.995669782 -20.593494415 -0.011337563 0.999714375 0.021038122 0.212250292 0.995804608 0.013198722 -0.090547763 0.849519849
-0.093077078 0.023486998 -0.995381832 -20.965732574 -0.010893313 0.999637902 0.024606045 0.213641196 0.995599329 0.013133265 -0.092787541 0.820154071
-0.095136389 0.029698677 -0.995021164 -21.349275589 -0.008525533 0.999494016 0.030647326 0.217879087 0.995427728 0.011398762 -0.094835058 0.784848213
-0.097283848 0.033711150 -0.994685590 -21.718090057 -0.006395923 0.999384403 0.034495946 0.221775115 0.995236158 0.009717830 -0.097008362 0.751549721
-0.098265141 0.032733586 -0.994621754 -22.095497131 -0.006984447 0.999411583 0.033581257 0.224639118 0.995135725 0.010246751 -0.097978696 0.710585356
-0.098858766 0.028673327 -0.994688272 -22.465465546 -0.010471530 0.999499381 0.029852748 0.229419172 0.995046496 0.013367112 -0.098509021 0.667265415
-0.100214034 0.024930185 -0.994653463 -22.831504822 -0.014931582 0.999535799 0.026556954 0.233354211 0.994853854 0.017513130 -0.099795274 0.627514362
-0.101745859 0.023438476 -0.994534254 -23.203506470 -0.019379430 0.999485970 0.025537793 0.238491565 0.994621575 0.021871870 -0.101239331 0.580922365
-0.102673873 0.024334889 -0.994417310 -23.568775177 -0.020569896 0.999435008 0.026581528 0.242391080 0.994502366 0.023184288 -0.102115288 0.535642147
-0.103366196 0.026018579 -0.994302928 -23.935579300 -0.020437799 0.999391198 0.028276406 0.244638443 0.994433284 0.023244189 -0.102771483 0.491805315
-0.104870453 0.024880482 -0.994174540 -24.322196960 -0.022265792 0.999377668 0.027359400 0.258469164 0.994236588 0.025005281 -0.104251198 0.461499453
-0.105572358 0.024868648 -0.994100571 -24.682615280 -0.022686865 0.999366820 0.027409710 0.260915250 0.994152725 0.025446733 -0.104941301 0.422315836
-0.105827183 0.026751399 -0.994024634 -25.047363281 -0.021380566 0.999345779 0.029170848 0.263873160 0.994154572 0.024339875 -0.105186000 0.381461143
-0.107204728 0.028864980 -0.993817866 -25.476528168 -0.020071626 0.999311924 0.031189710 0.274660826 0.994034350 0.023291225 -0.106551610 0.364377022
-0.107472003 0.033150867 -0.993655264 -25.828807831 -0.020800376 0.999150217 0.035583925 0.280004442 0.993990481 0.024492677 -0.106691130 0.323704481
-0.107459269 0.035322707 -0.993581831 -26.186117172 -0.020917952 0.999067128 0.037780069 0.285750151 0.993989348 0.024843514 -0.106620155 0.273819685
-0.108020984 0.035246853 -0.993523598 -26.503913879 -0.020590656 0.999077559 0.037682608 0.287169337 0.993935287 0.024527818 -0.107195579 0.231059551
-0.107716307 0.033003055 -0.993633747 -26.857566833 -0.019682588 0.999182224 0.035321064 0.293846965 0.993986785 0.023361938 -0.106978625 0.186798573
-0.108459905 0.029949561 -0.993649602 -27.185997009 -0.019628948 0.999286652 0.032262031 0.294261813 0.993906975 0.023003431 -0.107794657 0.153128386
-0.109139495 0.026709676 -0.993667543 -27.516139984 -0.019727819 0.999383926 0.029030137 0.303383350 0.993830621 0.022771226 -0.108545333 0.122484922
-0.108109109 0.024428420 -0.993838847 -27.839576721 -0.020592978 0.999428570 0.026805902 0.305028677 0.993925691 0.023364067 -0.107544281 0.089536667
-0.105803356 0.024236955 -0.994091749 -28.166501999 -0.022581538 0.999386549 0.026769454 0.300336093 0.994130552 0.025280418 -0.105191149 0.062415361
-0.101508804 0.025716810 -0.994502127 -28.486997604 -0.022932036 0.999339640 0.028182574 0.298261523 0.994570196 0.025666736 -0.100852020 0.025477409
-0.095733471 0.026526706 -0.995053470 -28.788255692 -0.021763386 0.999350131 0.028735090 0.305950224 0.995168984 0.024406645 -0.095093943 -0.003414392
-0.088961318 0.028015228 -0.995640993 -29.078681946 -0.021517275 0.999317050 0.030041249 0.306767285 0.995802641 0.024095992 -0.088297769 -0.022324085
-0.080659881 0.029123068 -0.996316075 -29.367624283 -0.022297833 0.999270260 0.031014603 0.310579300 0.996492207 0.024717327 -0.079951629 -0.042816401
-0.068055257 0.031443540 -0.997185946 -29.658020020 -0.024622507 0.999145925 0.033185761 0.308837354 0.997377634 0.026811684 -0.067222908 -0.069096446
-0.052904688 0.032703578 -0.998063922 -29.939386368 -0.027735416 0.999029934 0.034205411 0.313100278 0.998214245 0.029491344 -0.051946338 -0.084860086
-0.034985505 0.033911757 -0.998812258 -30.194467545 -0.029242313 0.998961568 0.034941088 0.317835808 0.998959899 0.030430021 -0.033957507 -0.087743342
-0.013129268 0.034191940 -0.999329031 -30.455400467 -0.030094672 0.998948872 0.034574319 0.324489892 0.999460757 0.030528417 -0.012086468 -0.082100540
0.012199372 0.035269402 -0.999303341 -30.702014923 -0.029715495 0.998949111 0.034894139 0.322092652 0.999483943 0.029269109 0.013234604 -0.070700437
0.042093627 0.034374405 -0.998522162 -30.940839767 -0.028268993 0.999048889 0.033200826 0.328315079 0.998713672 0.026829677 0.043025326 -0.054750800
0.076083183 0.034026835 -0.996520817 -31.170614243 -0.026915401 0.999123394 0.032060746 0.333057940 0.996738195 0.024382468 0.076932326 -0.025203228
0.113647319 0.034748551 -0.992913246 -31.370840073 -0.026739508 0.999133110 0.031905659 0.333339989 0.993161201 0.022924019 0.114477962 0.003863811
0.150544941 0.026715593 -0.988242149 -31.499727249 -0.025196299 0.999413788 0.023179298 0.398249686 0.988281965 0.021410519 0.151129842 0.045846939
0.195994467 0.028325479 -0.980195880 -31.697328568 -0.024416694 0.999413788 0.023998611 0.395544112 0.980300903 0.019229550 0.196571201 0.095120430
0.244073212 0.026892224 -0.969383836 -31.895469666 -0.020081533 0.999541283 0.022672670 0.394347787 0.969548881 0.013932922 0.244501323 0.163356781
0.294683158 0.022257226 -0.955335855 -32.080593109 -0.011842437 0.999737024 0.019638749 0.389780045 0.955521643 0.005526297 0.294869184 0.235247612
0.346870154 0.016176952 -0.937773705 -32.273754120 -0.006321339 0.999868810 0.014909936 0.394421339 0.937891901 0.000756173 0.346926987 0.320476532
0.397999942 0.011548722 -0.917312741 -32.463066101 -0.000187664 0.999921858 0.012507323 0.391837955 0.917385459 -0.004805767 0.397970915 0.419698715
0.448834330 0.011311849 -0.893543422 -32.632110596 0.000175071 0.999918699 0.012746450 0.391089678 0.893615007 -0.005877478 0.448795885 0.528160095
0.498333454 0.010627487 -0.866920352 -32.807044983 0.002066894 0.999907434 0.013445878 0.389028251 0.866982996 -0.008492363 0.498265445 0.638346672
0.985377550 0.080435559 -0.150203988 -51.537597656 -0.066133156 0.992995679 0.097907208 0.226292491 0.157027096 -0.086542092 0.983795166 4.970343590
0.992898226 0.069599010 -0.096484907 -51.538955688 -0.060404733 0.993629158 0.095143214 0.238365173 0.102492109 -0.088639371 0.990776718 5.173240185
0.996839941 0.066424660 -0.043566212 -51.527835846 -0.062412966 0.994185865 0.087744914 0.250494599 0.049141400 -0.084748536 0.995189846 5.376639843
0.997749329 0.066450112 0.008983245 -51.513725281 -0.066940300 0.994888008 0.075610034 0.253316104 -0.003913027 -0.076041199 0.997097015 5.378071785
0.995454192 0.069548838 0.065069444 -51.488002777 -0.073394962 0.995573282 0.058712073 0.268079281 -0.060698010 -0.063220941 0.996152103 5.583168983
0.748913467 0.136960745 0.648359716 -66.810005188 -0.389635324 0.882421732 0.263659179 -0.647992134 -0.536015809 -0.450081766 0.714222312 7.934917450
0.708705425 0.140638053 0.691344678 -66.645111084 -0.406181991 0.882564962 0.236844376 -0.599985123 -0.576847494 -0.448664635 0.682603300 8.080747604
0.525434136 0.088488869 0.846220195 -77.109466553 -0.537062466 0.805892706 0.249200374 -0.491301537 -0.659911275 -0.585411489 0.470967561 10.511627197
0.475294411 0.092689395 0.874930799 -76.890899658 -0.552895665 0.805016160 0.215070456 -0.443755150 -0.684398711 -0.585967183 0.433867276 10.605070114
0.335509241 0.059967682 0.940126300 -85.635437012 -0.629482865 0.756731093 0.176378354 0.767803192 -0.700845778 -0.650969982 0.291638911 13.129310608
0.288585454 0.061060242 0.955505133 -85.381515503 -0.642124951 0.752599001 0.145843342 0.799487114 -0.710206926 -0.655641973 0.256397426 13.192340851
0.244777605 0.064499177 0.967431545 -84.537117004 -0.651955783 0.749487400 0.114987865 0.893177032 -0.717661202 -0.658868968 0.225508392 13.374223709
0.206284538 0.064076044 0.976391792 -83.981590271 -0.659464657 0.746286035 0.090351358 0.942972660 -0.722878158 -0.662534058 0.196203172 13.484619141
0.175426051 0.062138103 0.982529700 -83.410751343 -0.662035227 0.746100366 0.071017660 0.970963478 -0.728652954 -0.662927508 0.172023073 13.572605133
0.150341466 0.060101822 0.986805499 -82.828811646 -0.663414538 0.746181607 0.055625759 0.984665394 -0.732993066 -0.663023949 0.152054429 13.663102150
0.128213227 0.057793960 0.990061224 -82.529121399 -0.664145052 0.746398330 0.042436644 0.996191978 -0.736527503 -0.662985265 0.134081706 13.705936432
0.110034019 0.055596899 0.992371678 -81.577827454 -0.666320801 0.744971991 0.032145035 1.017953634 -0.737501919 -0.664774954 0.119017631 13.819703102
0.093772747 0.054365482 0.994108200 -81.261528015 -0.670340300 0.741707385 0.022669943 1.025025725 -0.736105025 -0.668516636 0.105995327 13.860957146
0.080482230 0.053086091 0.995341361 -80.277458191 -0.673039198 0.739454925 0.014982707 1.031573653 -0.735214710 -0.671109617 0.095241994 13.966951370
0.066853024 0.052990880 0.996354640 -79.944595337 -0.672059298 0.740475178 0.005711578 1.033439875 -0.737473369 -0.669991255 0.085116036 14.000026703
0.052975293 0.053571086 0.997157812 -78.918281555 -0.671858430 0.740668118 -0.004098125 1.028455853 -0.738782525 -0.669731855 0.075229324 14.082242012
0.038200490 0.052922271 0.997867644 -78.566108704 -0.672710121 0.739783347 -0.013481906 1.021145225 -0.738919377 -0.670760691 0.063861422 14.108014107
0.023887655 0.052221525 0.998349786 -77.501625061 -0.673028708 0.739271998 -0.022566095 0.990676999 -0.739230514 -0.671379030 0.052806038 14.170118332
0.010994010 0.054642316 0.998445392 -76.783668518 -0.673200786 0.738722324 -0.033015627 0.954585075 -0.739378095 -0.671791196 0.044906788 14.211821556
0.000623420 0.059042044 0.998255253 -76.498611450 -0.673712611 0.737728953 -0.043212410 0.932175159 -0.738993168 -0.672510266 0.040237278 14.222991943
-0.010169809 0.065734245 0.997785330 -75.286849976 -0.672673702 0.737857401 -0.055466294 0.878974915 -0.739869356 -0.671748042 0.036713835 14.281840324
-0.017806375 0.065865025 0.997669637 -74.982368469 -0.671899855 0.738148451 -0.060723774 0.859738827 -0.740427852 -0.671415389 0.031110957 14.290932655
-0.024779089 0.059597526 0.997914910 -73.756454468 -0.672589481 0.737518251 -0.060747061 0.774256706 -0.739600837 -0.672692299 0.021809658 14.326199532
-0.030372225 0.051443547 0.998213947 -73.478393555 -0.674798489 0.735684156 -0.058445714 0.757417679 -0.737376809 -0.675368309 0.012369666 14.338663101
-0.034385573 0.047179472 0.998294413 -72.169982910 -0.675212622 0.735338569 -0.058009401 0.664581299 -0.736821234 -0.676055670 0.006571138 14.382291794
-0.037917476 0.048097920 0.998122633 -71.895637512 -0.674454629 0.735785604 -0.061078031 0.646418571 -0.737342000 -0.675504386 0.004540740 14.390747070
-0.040760763 0.049226012 0.997955561 -70.644454956 -0.673641324 0.736296535 -0.063833624 0.554121971 -0.737933457 -0.674866080 0.003148622 14.410719872
-0.042951752 0.046535920 0.997992694 -70.368865967 -0.672656178 0.737240434 -0.063327037 0.531542301 -0.738707542 -0.674026012 -0.000363101 14.415549278
-0.045868371 0.044716720 0.997946143 -69.090805054 -0.670838237 0.738842130 -0.063940182 0.433137417 -0.740183830 -0.672393262 -0.003891799 14.429876328
-0.047830112 0.042228993 0.997962415 -68.796905518 -0.668817520 0.740718424 -0.063398644 0.404431820 -0.741886377 -0.670487106 -0.007185218 14.429765701
-0.051361404 0.046742864 0.997585654 -67.551742554 -0.668332279 0.740645289 -0.069113247 0.309929848 -0.742087543 -0.670268476 -0.006800794 14.442107201
-0.053316135 0.054394614 0.997095108 -67.213630676 -0.670691550 0.737820864 -0.076113261 0.288531780 -0.739817560 -0.672801375 -0.002855702 14.446602821
-0.055013429 0.061215315 0.996607304 -66.032752991 -0.671402454 0.736508846 -0.082300998 0.185633659 -0.739048243 -0.673652291 0.000582254 14.461611748
-0.055747248 0.065857127 0.996270597 -65.635444641 -0.672213554 0.735319555 -0.086221613 0.151645184 -0.738255560 -0.674513280 0.003278047 14.463718414
-0.058880147 0.063360691 0.996252239 -64.510643005 -0.672944605 0.734618604 -0.086493157 0.048546791 -0.737345695 -0.675515354 -0.000616193 14.485994339
-0.060744662 0.059724774 0.996364832 -64.006881714 -0.674950719 0.732940793 -0.085083671 0.004955769 -0.735358179 -0.677665591 -0.004210927 14.493752480
-0.062715419 0.054104291 0.996563852 -63.056842804 -0.676126719 0.732174516 -0.082300134 -0.100783825 -0.734111369 -0.678964794 -0.009337277 14.481177330
-0.064998209 0.052758969 0.996489704 -62.367866516 -0.674662828 0.733462870 -0.082839400 -0.158920288 -0.735258698 -0.677678943 -0.012079271 14.487613678
-0.066661969 0.052420996 0.996397555 -61.534950256 -0.672495365 0.735355437 -0.083679378 -0.244995117 -0.737093031 -0.675650954 -0.013767372 14.490479469
-0.067765906 0.053076766 0.996288478 -60.724361420 -0.670817077 0.736749768 -0.084877864 -0.318681240 -0.738520324 -0.674079061 -0.014321720 14.491876602
-0.068475172 0.054061145 0.996187031 -60.186492920 -0.670346797 0.737038791 -0.086075485 -0.391736984 -0.738881826 -0.673684776 -0.014229138 14.490276337
-0.069084644 0.055177338 0.996083736 -59.372856140 -0.668857396 0.738248825 -0.087284215 -0.471796513 -0.740173697 -0.672267914 -0.014095888 14.488551140
-0.069724128 0.055470794 0.996022880 -58.594711304 -0.668421924 0.738567233 -0.087923728 -0.544069290 -0.740507007 -0.671893954 -0.014418061 14.485044479
-0.070915580 0.054371707 0.995999396 -57.773719788 -0.670504510 0.736673295 -0.087955281 -0.613587379 -0.738508344 -0.674059451 -0.015785135 14.490351677
-0.070919082 0.055067703 0.995960772 -57.101497650 -0.670466602 0.736646116 -0.088471621 -0.687052250 -0.738542497 -0.674032688 -0.015321205 14.484559059
-0.069191664 0.055044815 0.996083558 -56.288944244 -0.670322359 0.736918628 -0.087286115 -0.768650532 -0.738837242 -0.673736572 -0.014090861 14.482684135
-0.066705525 0.054829892 0.996265054 -55.334770203 -0.668837905 0.738483846 -0.085425228 -0.865383625 -0.740409493 -0.672038198 -0.012588626 14.482993126
-0.063344963 0.055206221 0.996463537 -54.510665894 -0.669989884 0.737663925 -0.083459266 -0.943364143 -0.739662766 -0.672907293 -0.009739669 14.480586052
-0.060146581 0.055202957 0.996661901 -53.686763763 -0.672798872 0.735341311 -0.081331052 -1.020842075 -0.737376392 -0.675444841 -0.007087781 14.485267639
-0.058644347 0.059789922 0.996486843 -52.909179688 -0.673422575 0.734503925 -0.083702408 -1.077590942 -0.736927986 -0.675965488 -0.002810610 14.511637688
-0.056660160 0.063723266 0.996357858 -52.067684174 -0.674721658 0.733131409 -0.085257888 -1.133171082 -0.735894203 -0.677095056 0.001456135 14.523793221
-0.054081775 0.065048613 0.996415496 -51.280437469 -0.674047172 0.733840287 -0.084491819 -1.218348980 -0.736705899 -0.676200509 0.004158446 14.530351639
-0.052157801 0.063878559 0.996593714 -50.438919067 -0.674497187 0.733672798 -0.082326673 -1.288079262 -0.736432672 -0.676493704 0.004819150 14.547685623
-0.049658071 0.063265651 0.996760488 -49.586780548 -0.673135519 0.735157847 -0.080196634 -1.369227886 -0.737849951 -0.674937367 0.006079841 14.559139252
-0.047975976 0.061283730 0.996966720 -48.792213440 -0.673240364 0.735340536 -0.077599160 -1.432122469 -0.737865686 -0.674921036 0.005979992 14.576252937
-0.046037339 0.057819031 0.997264981 -47.935363770 -0.672719121 0.736214340 -0.073739067 -1.513019085 -0.738464355 -0.674274027 0.005002614 14.575921059
-0.046135549 0.053499002 0.997501671 -47.003143311 -0.672921240 0.736335874 -0.070615254 -1.545181036 -0.738274038 -0.674497843 0.002029353 14.607228279
-0.046996206 0.051549848 0.997563958 -46.125431061 -0.672431946 0.736864448 -0.069756925 -1.614072561 -0.738665402 -0.674072206 0.000033929 14.617188454
-0.049182061 0.050829753 0.997495532 -45.258434296 -0.674537063 0.734847367 -0.070704304 -1.684252262 -0.736600816 -0.676325083 -0.001854765 14.636631012
-0.052501325 0.053795133 0.997170866 -44.505874634 -0.676534951 0.732566953 -0.075140111 -1.662444592 -0.734536648 -0.678565800 -0.002066446 14.638729095
-0.054164536 0.056285813 0.996944368 -43.625339508 -0.675175607 0.733511388 -0.078095496 -1.730773926 -0.735665679 -0.677342594 -0.001727492 14.641587257
-0.055519767 0.057920713 0.996776223 -42.736419678 -0.672027409 0.736169577 -0.080208860 -1.821567774 -0.738442183 -0.674314022 -0.001947662 14.655568123
-0.092723750 0.003656725 0.995685160 -50.097824097 -0.609980643 0.790163636 -0.059706736 -2.164687395 -0.786972642 -0.612885058 -0.071036406 21.806640625
-0.093614206 0.001963630 0.995606601 -49.193157196 -0.607983887 0.791774273 -0.058728699 -2.217036486 -0.788411021 -0.610810697 -0.072927453 21.748802185
-0.094054706 -0.000958119 0.995566607 -48.334812164 -0.605696321 0.793690264 -0.056458462 -2.296740294 -0.790117502 -0.608321249 -0.075230651 21.696859360
-0.074233264 0.037103385 0.996550560 -44.327587128 -0.649203718 0.756754220 -0.076534659 -2.007981777 -0.756983459 -0.652645707 -0.032088678 19.337095261
-0.076005809 0.039440546 0.996327043 -43.451332092 -0.650597632 0.755246937 -0.079528645 -2.089313984 -0.755609572 -0.654252708 -0.031743225 19.345729828
-0.077092476 0.045823656 0.995970428 -42.562667847 -0.652961195 0.752587557 -0.085167915 -2.157122612 -0.753457665 -0.656895936 -0.028097771 19.323299408
-0.098452419 0.012756091 0.995060027 -44.180397034 -0.609514475 0.789640307 -0.070428833 -2.569429874 -0.786637962 -0.613437295 -0.069966987 21.485731125
-0.099260658 0.018322395 0.994892895 -43.309223175 -0.613409162 0.786131084 -0.075677715 -2.632435799 -0.783502638 -0.617788196 -0.066792779 21.436872482
-0.100065067 0.018664706 0.994805813 -42.450229645 -0.613037944 0.786349058 -0.076417588 -2.712048531 -0.783690989 -0.617500305 -0.067243904 21.394906998
-0.079545319 0.050910622 0.995530248 -38.959293365 -0.655111253 0.750068188 -0.090702869 -2.528370857 -0.751333356 -0.659398079 -0.026312293 19.285049438
-0.077891670 0.042111430 0.996071935 -38.072166443 -0.653953373 0.751975894 -0.082930028 -2.626282930 -0.752514362 -0.657844186 -0.031033751 19.259639740
-0.069629610 0.045227375 0.996547163 -36.390827179 -0.661801875 0.745390654 -0.080069534 -2.632204533 -0.746438205 -0.665092051 -0.021969693 18.634235382
-0.066273168 0.047691245 0.996661127 -35.543312073 -0.660468519 0.746617913 -0.079644389 -2.722380638 -0.747923255 -0.663541555 -0.017982157 18.621112823
-0.064750403 0.051311515 0.996581495 -34.688068390 -0.657068789 0.749436140 -0.081278034 -2.800498247 -0.751044631 -0.660085380 -0.014811085 18.620552063
-0.061708812 0.053013828 0.996685266 -33.846099854 -0.655825078 0.750605404 -0.080529571 -2.878093243 -0.752386510 -0.658620596 -0.011551171 18.619838715
-0.052657671 0.062516227 0.996653855 -32.107967377 -0.662014604 0.745023668 -0.081709631 -2.976207972 -0.747638881 -0.664102018 0.002155442 18.206285477
-0.049187705 0.066350698 0.996583283 -31.279891968 -0.664302647 0.742924690 -0.082250118 -3.047790289 -0.745843649 -0.666078568 0.007534181 18.218063354
-0.039456975 0.072288662 0.996602952 -30.102426529 -0.664982855 0.742541313 -0.080187939 -3.217967510 -0.745815635 -0.665887773 0.018772289 17.948062897
-0.035998795 0.076602347 0.996411622 -29.274906158 -0.666381538 0.741191983 -0.081056848 -3.288631678 -0.744741380 -0.666908085 0.024364365 17.974550247
-0.033503313 0.076374054 0.996516228 -28.443330765 -0.670961559 0.737265050 -0.079062797 -3.355756044 -0.740734875 -0.671272814 0.026543221 18.017595291
-0.030776018 0.074657835 0.996734202 -27.639331818 -0.674172938 0.734668970 -0.075844847 -3.394090891 -0.737932146 -0.674305379 0.027722092 18.062084198
-0.026928971 0.068510517 0.997286856 -26.822093964 -0.676451147 0.733281970 -0.068639889 -3.460180759 -0.735994995 -0.676464319 0.026597492 18.104835510
-0.023041550 0.063358173 0.997724831 -25.978340149 -0.677152991 0.733208776 -0.062198941 -3.523119926 -0.735481381 -0.677045524 0.026008906 18.136875153
-0.017560251 0.059915151 0.998049021 -25.165618896 -0.677477360 0.733412683 -0.055948365 -3.578399897 -0.735333979 -0.677138090 0.027712246 18.172996521
-0.008385652 0.062590107 0.998004079 -24.183944702 -0.680591583 0.730847001 -0.051553894 -3.652958393 -0.732615054 -0.679665446 0.036469672 18.001296997
-0.002457934 0.058424558 0.998288751 -23.378015518 -0.677869022 0.733827829 -0.044616070 -3.699347973 -0.735178649 -0.676818550 0.037800495 18.056756973
0.000952985 0.056906443 0.998379052 -22.660037994 -0.678006351 0.733901381 -0.041184343 -3.702995062 -0.735055447 -0.676868081 0.039282326 18.284473419
0.006597285 0.057832632 0.998304486 -21.862022400 -0.681539059 0.730803192 -0.037832100 -3.734627485 -0.731751978 -0.680133998 0.044236511 18.342294693
0.012199827 0.061661825 0.998022497 -21.084403992 -0.683266461 0.729246020 -0.036703482 -3.760762930 -0.730067074 -0.681467593 0.051028132 18.403511047
0.018673740 0.064733602 0.997727871 -20.288311005 -0.682651997 0.729924977 -0.034581579 -3.798811436 -0.730505049 -0.680455089 0.057820946 18.457515717
0.022653522 0.067130871 0.997486949 -19.442832947 -0.686692655 0.726185918 -0.033277098 -3.797383547 -0.726594925 -0.684213102 0.062548935 18.515336990
0.027102813 0.062243983 0.997692883 -18.662750244 -0.687425137 0.725767851 -0.026604895 -3.818574905 -0.725749433 -0.685118139 0.062458422 18.581092834
0.040549226 0.059096999 0.997428358 -18.135019302 -0.689366341 0.724259853 -0.014886584 -4.086973667 -0.723276973 -0.686989963 0.070107669 18.321321487
0.047095601 0.056928217 0.997266889 -17.358386993 -0.688652098 0.725037575 -0.008866843 -4.109680653 -0.723560691 -0.686352372 0.073349819 18.396812439
0.052430268 0.057327028 0.996977746 -16.734041214 -0.686352909 0.727246165 -0.005722488 -4.173151970 -0.725376308 -0.683978558 0.077476285 18.599189758
0.060640082 0.064629078 0.996065199 -15.979480743 -0.685658395 0.727902770 -0.005486900 -4.175214767 -0.725393355 -0.682627738 0.088453561 18.678770065
0.069843031 0.067018628 0.995304108 -15.211714745 -0.685339451 0.728223205 -0.000942746 -4.165911674 -0.724866688 -0.682055354 0.096791834 18.748094559
0.080797702 0.064284846 0.994655192 -14.460569382 -0.684562266 0.728904963 0.008498937 -4.165749073 -0.724462867 -0.681590080 0.102900818 18.838497162
0.086686149 0.052365568 0.994858444 -13.885594368 -0.682149827 0.730911791 0.020966122 -4.164271355 -0.726055861 -0.680460036 0.099081099 19.256582260
0.098535955 0.045159217 0.994108260 -13.141074181 -0.682019234 0.730523944 0.034416292 -4.141385078 -0.724665701 -0.681392312 0.102782331 19.353689194
-0.445327938 -0.475786358 0.758492112 -83.467254639 -0.859694302 0.463949949 -0.213719755 -0.408391953 -0.250217527 -0.747246683 -0.615640700 81.010589600
0.120337851 0.046548080 0.991641104 -11.701712608 -0.684425354 0.727440536 0.048910152 -4.072482586 -0.719083250 -0.684590101 0.119397312 19.598360062
0.136465266 0.058102757 0.988939524 -10.015390396 -0.687747777 0.724058747 0.052363034 -4.182078838 -0.713007867 -0.687286735 0.138768911 19.661069870
0.146123797 0.061441783 0.987356424 -10.033645630 -0.684050560 0.727283418 0.055978261 -4.019084930 -0.714648485 -0.683581531 0.148302704 19.827598572
0.159022525 0.058895446 0.985516727 -9.072449684 -0.685099006 0.725343704 0.067199983 -3.963933945 -0.710880578 -0.685862720 0.155695185 19.910737991
0.171278298 0.050709136 0.983916879 -8.355581284 -0.681384146 0.727416396 0.081124417 -3.913158655 -0.711603403 -0.684320211 0.159143031 20.084621429
0.182885930 0.044661850 0.982119143 -7.765809536 -0.678239703 0.728912652 0.093151525 -3.835863829 -0.711718798 -0.683148324 0.163599312 20.230110168
0.195940405 0.045937296 0.979539275 -6.978402138 -0.674518108 0.731368244 0.100627169 -3.763030767 -0.711781383 -0.680433869 0.174290121 20.392795563
0.207276821 0.051189858 0.976942182 -6.242298126 -0.673935533 0.731338084 0.104667522 -3.673428059 -0.709117174 -0.680091202 0.186088115 20.546249390
0.216301113 0.057637025 0.974623919 -5.490588188 -0.672431648 0.732542038 0.105913848 -3.596252203 -0.707848489 -0.678277314 0.197206631 20.714996338
0.224677354 0.062883124 0.972402036 -4.722493172 -0.670079887 0.734488845 0.107326835 -3.518412113 -0.707469404 -0.675701082 0.207159728 20.882181168
0.231336027 0.063126914 0.970823824 -4.017675877 -0.668532670 0.735277653 0.111492872 -3.452519894 -0.706786871 -0.674819767 0.212298661 21.122795105
0.239388779 0.064305171 0.968791902 -3.254121304 -0.671157002 0.731983006 0.117256522 -3.368117332 -0.701599061 -0.678281546 0.218387410 21.311206818
0.247311354 0.062313110 0.966930211 -2.495683193 -0.669961095 0.731935680 0.124186605 -3.267320395 -0.699992299 -0.678518414 0.222763345 21.503242493
0.255596489 0.055634506 0.965181470 -1.743225336 -0.667590737 0.732264102 0.134580627 -3.168295622 -0.699280381 -0.678744555 0.224305242 21.688302994
0.263124287 0.047442339 0.963594735 -0.982896328 -0.665548623 0.731995106 0.145698652 -3.066729546 -0.698434353 -0.679656088 0.224180877 21.874710083
0.268537343 0.043219950 0.962299168 -0.239096642 -0.670517266 0.725623250 0.154523224 -2.938228130 -0.691588104 -0.686733544 0.223836660 22.087972641
0.274877250 0.047956467 0.960282624 0.489109993 -0.674961150 0.720912397 0.157202780 -2.840230942 -0.684740722 -0.691364944 0.230531216 22.275024414
0.277496725 0.049664948 0.959441960 -0.580579281 -0.675634384 0.720076919 0.158137441 -3.172546864 -0.683018148 -0.692114651 0.233374342 22.509611130
0.282905996 0.055497468 0.957540810 0.149382591 -0.670929372 0.724880099 0.156213626 -3.060105801 -0.685432732 -0.686636031 0.242307812 22.701969147
0.286893696 0.056818891 0.956275821 1.051136017 -0.671167791 0.724200070 0.158328384 -2.911145926 -0.683539093 -0.687245131 0.245903462 22.931190491
0.290894926 0.052610353 0.955307364 1.811736107 -0.673680782 0.720259070 0.165472597 -2.780816317 -0.679363310 -0.691707253 0.244962305 23.161859512
0.296883583 0.048993990 0.953656018 2.576806545 -0.673451543 0.718768895 0.172726139 -2.652014256 -0.676995754 -0.693520606 0.246385768 23.378219604
0.303084195 0.050750140 0.951611459 3.532692432 -0.669727445 0.721737504 0.174814537 -2.500956059 -0.677941799 -0.690303862 0.252735972 23.619211197
0.307729900 0.057233684 0.949750781 4.285447121 -0.669765770 0.722018838 0.173501462 -2.361739635 -0.675807714 -0.689502180 0.260519892 23.843791962
0.313575953 0.063732669 0.947421908 5.139148712 -0.668492079 0.723415554 0.172592387 -2.225448608 -0.674380004 -0.687464833 0.269450545 24.071401596
0.318544656 0.065820232 0.945619941 5.888074398 -0.668836296 0.722514749 0.175015435 -2.086730003 -0.671704769 -0.688215077 0.274176180 24.296920776
0.322735637 0.062168796 0.944445193 6.661658287 -0.668751478 0.721102834 0.181058496 -1.944175005 -0.669785917 -0.690033138 0.274301052 24.539138794
0.327160239 0.060419254 0.943035364 7.533020020 -0.668723881 0.719902754 0.185872108 -1.784287930 -0.667663455 -0.691440225 0.275927365 24.814958572
