0.999761224 -0.009976947 0.019439975 0.029292170 0.010042568 0.999944210 -0.003280866 0.003315327 -0.019406157 0.003475310 0.999805629 1.220695257
0.999839365 -0.012525618 0.012813669 0.029498667 0.012587215 0.999909520 -0.004737660 0.000910948 -0.012753167 0.004898187 0.999906659 1.538238764
0.999909163 -0.013363573 -0.001731618 0.008802318 0.013353961 0.999895990 -0.005448026 -0.003478354 0.001804243 0.005424407 0.999983609 0.372725725
0.999783754 -0.013514381 -0.015800798 0.004168931 0.013401719 0.999884188 -0.007214265 -0.006399713 0.015896466 0.007000948 0.999849141 2.189365864
0.999343932 -0.009016039 -0.035074770 -0.028347872 0.008773392 0.999936461 -0.007065769 -0.014073597 0.035136253 0.006753410 0.999359727 2.533478022
0.998462677 -0.005459219 -0.055158295 -0.061304465 0.005012352 0.999953628 -0.008236628 -0.021412324 0.055200696 0.007947494 0.998443663 2.880767107
0.997162282 -0.005140855 -0.075105667 -0.106546223 0.004498871 0.999951839 -0.008714432 -0.027065258 0.075146839 0.008351812 0.997137427 3.245318413
0.995244563 -0.006764737 -0.097172506 -0.111484110 0.005958725 0.999945402 -0.008582459 -0.027237840 0.097225249 0.007962621 0.995230496 3.301037073
0.993207216 -0.008118167 -0.116075039 -0.205226511 0.007322119 0.999946594 -0.007282822 -0.037550874 0.116127975 0.006383436 0.993213773 4.003726006
0.990973234 -0.007213185 -0.133865684 -0.272690624 0.006375501 0.999957323 -0.006685256 -0.043234363 0.133908197 0.005771449 0.990976930 4.394785404
0.988620043 -0.006299995 -0.150302112 -0.289698154 0.005370526 0.999963880 -0.006589119 -0.043206207 0.150338173 0.005706933 0.988618195 4.505951405
0.986589491 -0.005404705 -0.163131610 -0.428628564 0.004454280 0.999970913 -0.006191330 -0.059916668 0.163160354 0.005381667 0.986584842 5.222024441
0.984460771 -0.006997617 -0.175465032 -0.457746714 0.005837295 0.999957561 -0.007128092 -0.061675332 0.175507456 0.005993085 0.984459877 5.373101234
0.982684016 -0.011054321 -0.184959248 -0.600556076 0.009491152 0.999911308 -0.009334702 -0.074854180 0.185046032 0.007417587 0.982701957 6.095097542
0.981133163 -0.009872548 -0.193080947 -0.691516101 0.007783848 0.999902725 -0.011573364 -0.080330394 0.193176433 0.009852099 0.981114507 6.559093952
0.979505360 -0.010091485 -0.201164991 -0.748085141 0.007589194 0.999883950 -0.013206366 -0.085003898 0.201274931 0.011409027 0.979468286 6.812161922
0.977922678 -0.010385985 -0.208708748 -0.903100491 0.007246519 0.999848902 -0.015801352 -0.100651890 0.208841324 0.013940088 0.977850199 7.506283283
0.975910068 -0.013891647 -0.217730522 -0.969986320 0.010278095 0.999790132 -0.017720236 -0.105170786 0.217931002 0.015055500 0.975848079 7.822055817
0.974196196 -0.020840976 -0.224738628 -1.119651794 0.017046511 0.999677718 -0.018811248 -0.126654029 0.225058272 0.014494838 0.974237442 8.513696671
0.971900821 -0.022861041 -0.234277874 -1.208095193 0.018299779 0.999598622 -0.021625154 -0.128592163 0.234678239 0.016730269 0.971929133 8.886394501
0.970132351 -0.017393161 -0.241951883 -1.400300026 0.011554393 0.999607265 -0.025530027 -0.157001540 0.242300972 0.021971902 0.969952285 9.569923401
0.967755795 -0.014106764 -0.251494974 -1.525614738 0.006906885 0.999541283 -0.029488124 -0.166181117 0.251795560 0.026800260 0.967409253 9.998807907
0.965608954 -0.017219165 -0.259427994 -1.701616883 0.009701713 0.999495864 -0.030229690 -0.197666049 0.259817749 0.026673153 0.965289235 10.676945686
0.962874889 -0.020463385 -0.269171476 -1.829872608 0.011979469 0.999379396 -0.033123709 -0.209831327 0.269682288 0.028669452 0.962522447 11.160796165
0.961032152 -0.019529784 -0.275745779 -2.033074856 0.010221843 0.999329686 -0.035152562 -0.241540194 0.276247501 0.030964114 0.960587561 11.810742378
0.958572745 -0.018091138 -0.284272492 -2.213746071 0.007005145 0.999176502 -0.039966218 -0.258499265 0.284761429 0.036319155 0.957910180 12.354711533
0.956363261 -0.019572213 -0.291524053 -2.402676105 0.007073422 0.999012351 -0.043866452 -0.300219893 0.292094588 0.039890192 0.955557168 13.004461288
0.954460680 -0.021915026 -0.297530562 -2.578933716 0.006728826 0.998625994 -0.051969495 -0.325641751 0.298260629 0.047600813 0.953296781 13.553983688
0.952598929 -0.023086103 -0.303351462 -2.766787052 0.004947658 0.998160362 -0.060426578 -0.350892067 0.304188490 0.056061421 0.950960755 14.163291931
0.952056468 -0.021126470 -0.305191785 -2.998617649 0.000256090 0.997667313 -0.068263210 -0.416959703 0.305922061 0.064912282 0.949841082 14.848542213
0.950444460 -0.020580344 -0.310212493 -3.204796791 -0.003821008 0.996957958 -0.077847943 -0.466180801 0.310870886 0.075175457 0.947474599 15.446993828
0.949257612 -0.020982403 -0.313798904 -3.430010319 -0.005711813 0.996457160 -0.083907418 -0.523703575 0.314447701 0.081442118 0.945774734 16.149934769
0.947413981 -0.018008605 -0.319503665 -3.660631657 -0.011893792 0.995743930 -0.091392711 -0.578101337 0.319789678 0.090386838 0.943167448 16.788837433
0.945982277 -0.017709099 -0.323734313 -3.901474953 -0.014411902 0.995223403 -0.096554227 -0.654352188 0.323897868 0.096004196 0.941208482 17.479949951
0.944128275 -0.016188364 -0.329180568 -4.142465115 -0.018547930 0.994600236 -0.102109857 -0.723439693 0.329056084 0.102510400 0.938729942 18.138263702
0.941957295 -0.014525747 -0.335418284 -4.375831604 -0.022073792 0.994222283 -0.105046101 -0.793886542 0.335006267 0.106352903 0.936194360 18.803546906
0.940854013 -0.012750062 -0.338572323 -4.673416138 -0.024683945 0.994056702 -0.106028378 -0.889134169 0.337911934 0.108114518 0.934947491 19.558437347
0.938244283 -0.015631001 -0.345620364 -4.878041267 -0.022419142 0.994132340 -0.105821066 -0.922646403 0.345246524 0.107034504 0.932388604 20.191593170
0.935584188 -0.016478753 -0.352719098 -5.163212776 -0.021723827 0.994332016 -0.104076669 -1.015945792 0.352434844 0.105034888 0.929923356 20.906843185
0.933800161 -0.011719977 -0.357602984 -5.493058681 -0.026430652 0.994473100 -0.101610325 -1.149641514 0.356817365 0.104335420 0.928329408 21.705114365
0.930322528 -0.011368156 -0.366565913 -5.763357162 -0.027004160 0.994682789 -0.099382646 -1.215521097 0.365746647 0.102356739 0.925068915 22.397470474
0.927234590 -0.009089301 -0.374370635 -6.090958595 -0.027848631 0.995263517 -0.093138881 -1.312530160 0.373444051 0.096787296 0.922589660 23.174263000
0.923338950 -0.005697093 -0.383943468 -6.382470608 -0.030382553 0.995671093 -0.087840624 -1.393258810 0.382781833 0.092771858 0.919168890 23.886388779
0.920040667 -0.002403715 -0.391815573 -6.747874260 -0.032962061 0.995961785 -0.083509810 -1.477989197 0.390434027 0.089747459 0.916245937 24.691389084
0.916087449 -0.001466668 -0.400976002 -7.070287704 -0.034353238 0.996029556 -0.082128122 -1.540579557 0.399504423 0.089011364 0.912399709 25.413183212
0.912074804 -0.001467975 -0.410021156 -7.416210651 -0.034877881 0.996091425 -0.081150629 -1.627260923 0.408537686 0.088316113 0.908458710 26.176076889
0.908265114 -0.002664448 -0.418386638 -7.748179436 -0.033799000 0.996244371 -0.079717845 -1.695693374 0.417027771 0.086546004 0.904763877 26.875019073
0.904326141 -0.000621999 -0.426841944 -8.138610840 -0.036397327 0.996244371 -0.078564703 -1.762538552 0.425287783 0.086584017 0.900907099 27.698062897
0.900194347 -0.003025350 -0.435477972 -8.487286568 -0.033512499 0.996529400 -0.076198146 -1.827620149 0.434197068 0.083187096 0.896968722 28.433612823
0.896176577 -0.002000356 -0.443693161 -8.859891891 -0.033541366 0.996823072 -0.072241344 -1.892792821 0.442428082 0.079623073 0.893262327 29.183118820
0.892465591 -0.001616551 -0.451112479 -9.311590195 -0.031404797 0.997344851 -0.065704145 -1.981771469 0.450020939 0.072805807 0.890045226 30.085731506
0.888747633 0.000250899 -0.458396733 -9.705492020 -0.032240849 0.997557521 -0.061963152 -2.039593458 0.457261562 0.069848694 0.886585116 30.830833435
0.884798467 -0.000608043 -0.465973556 -10.117456436 -0.031199995 0.997677803 -0.060544930 -2.103724241 0.464928359 0.068108447 0.882724762 31.607715607
0.881561339 -0.002364403 -0.472063601 -10.627231598 -0.028866578 0.997846067 -0.058905132 -2.176290989 0.471186131 0.065555342 0.879594326 32.549793243
0.878303409 -0.002197688 -0.478098691 -11.044175148 -0.028211137 0.998008788 -0.056413554 -2.236209393 0.477270722 0.063035935 0.876492500 33.312683105
0.875241041 -0.004405336 -0.483666897 -11.481506348 -0.025407352 0.998159230 -0.055068452 -2.309766293 0.483019203 0.060486857 0.873518050 34.142330170
0.872229576 -0.005289331 -0.489068121 -11.877874374 -0.024675803 0.998192191 -0.054803677 -2.370427132 0.488473922 0.059869532 0.870522201 34.904434204
0.869309664 -0.009753402 -0.494171470 -12.322576523 -0.020371525 0.998248756 -0.055538390 -2.413542509 0.493847698 0.058347087 0.867588699 35.757625580
0.869140446 -0.006784051 -0.494518846 -12.949022293 -0.024110595 0.998135865 -0.056068432 -2.487969398 0.493977308 0.060654491 0.867356598 36.709896088
0.868612230 -0.004886573 -0.495468467 -13.418393135 -0.025867928 0.998140514 -0.055193577 -2.534957647 0.494816899 0.060758557 0.866870642 37.514305115
0.868484199 -0.005598428 -0.495685220 -13.935705185 -0.024373954 0.998244464 -0.053979784 -2.602783918 0.495117307 0.058962397 0.866823137 38.385524750
0.868208647 -0.007094938 -0.496148556 -14.484031677 -0.022029817 0.998360634 -0.052826490 -2.680319071 0.495709985 0.056794472 0.866629064 39.343017578
0.867505848 -0.008943175 -0.497346520 -14.958953857 -0.020274812 0.998371720 -0.053317219 -2.738679171 0.497013599 0.056336597 0.865912020 40.165065765
0.866200089 -0.011596183 -0.499562621 -15.538791656 -0.017919697 0.998366714 -0.054246027 -2.800351620 0.499375731 0.055939931 0.864577711 41.172637939
0.864589691 -0.011567372 -0.502345264 -16.062629700 -0.017427148 0.998443127 -0.052984867 -2.858549595 0.502176106 0.054564625 0.863042235 42.053867340
0.862267852 -0.011525624 -0.506321192 -16.579051971 -0.015189867 0.998702705 -0.048602361 -2.918756008 0.506224573 0.049599212 0.860974252 42.928409576
0.859222710 -0.012115063 -0.511458278 -17.148265839 -0.012258228 0.998944998 -0.044255488 -2.993553638 0.511454880 0.044294890 0.858167768 43.947364807
0.854845583 -0.013738281 -0.518700600 -17.676719666 -0.009332570 0.999080598 -0.041842174 -3.052916527 0.518798530 0.040609404 0.853931427 44.830638885
0.850027502 -0.014906363 -0.526527345 -18.255905151 -0.010273033 0.998940229 -0.044865515 -3.115365505 0.526638150 0.043545961 0.848973513 45.748741150
0.843910396 -0.018364437 -0.536169767 -18.837900162 -0.009066085 0.998783052 -0.048479144 -3.187496901 0.536407590 0.045773014 0.842716932 46.660404205
0.837678134 -0.019328609 -0.545822084 -19.413600922 -0.007861433 0.998843312 -0.047435977 -3.238009930 0.546107650 0.044027027 0.836557269 47.529193878
0.832119703 -0.014848656 -0.554397225 -20.037775040 -0.010291570 0.999055982 -0.042205215 -3.301429749 0.554500580 0.040825404 0.831181347 48.411109924
0.826711237 -0.010366013 -0.562531114 -20.629884720 -0.013309337 0.999190152 -0.037972294 -3.355445385 0.562469244 0.038879033 0.825903654 49.319355011
0.822435200 -0.011351251 -0.568745434 -21.231271744 -0.013640252 0.999119818 -0.039665356 -3.410462856 0.568695128 0.040380012 0.821556628 50.195106506
0.818721712 -0.013189005 -0.574039042 -21.847274780 -0.014834255 0.998916566 -0.044108223 -3.467399597 0.573998988 0.044627797 0.817639053 51.056690216
0.816586316 -0.018231815 -0.576935351 -22.328666687 -0.013226460 0.998647571 -0.050278943 -3.603930950 0.577071786 0.048687913 0.815240860 52.023891449
0.813224792 -0.019955520 -0.581607401 -22.941158295 -0.012339780 0.998595893 -0.051516723 -3.671128750 0.581818879 0.049071591 0.811836660 52.874671936
0.809274495 -0.014449567 -0.587252915 -23.735574722 -0.017379927 0.998670816 -0.048523378 -3.656911850 0.587173522 0.049475145 0.807947695 53.678939819
0.806057453 -0.012261236 -0.591710269 -24.379089355 -0.016753245 0.998911977 -0.043521255 -3.716215611 0.591600180 0.044993702 0.804975092 54.551067352
0.803401709 -0.009484883 -0.595361888 -25.043960571 -0.018224791 0.999012947 -0.040508725 -3.781111002 0.595158458 0.043395124 0.802435935 55.411643982
0.800687969 -0.013430995 -0.598931074 -25.494222641 -0.013310137 0.999103069 -0.040198639 -3.907936811 0.598933756 0.040158428 0.799791038 56.285461426
0.797400713 -0.013906507 -0.603290021 -26.151878357 -0.014922963 0.998974204 -0.042751957 -3.945686340 0.603265584 0.043093313 0.796375275 57.127365112
0.792584240 -0.019558432 -0.609448731 -26.798711777 -0.008996570 0.999001563 -0.043759957 -4.017560482 0.609696090 0.040166397 0.791616917 57.968009949
0.788518190 -0.020613993 -0.614665866 -27.459552765 -0.008037232 0.999007344 -0.043814100 -4.086366653 0.614958942 0.039488427 0.787569761 58.794776917
0.783826470 -0.020374238 -0.620645642 -28.150592804 -0.008629390 0.999007702 -0.043693163 -4.127967834 0.620920002 0.039603651 0.782872856 59.667873383
0.778966010 -0.020219781 -0.626740098 -28.825092316 -0.008631686 0.999039471 -0.042959038 -4.189928532 0.627006769 0.038873449 0.778043270 60.487644196
0.773468196 -0.022026615 -0.633452237 -29.539745331 -0.007991988 0.998977542 -0.044495296 -4.252118111 0.633784771 0.039478239 0.772501409 61.349899292
0.768211365 -0.022970647 -0.639783978 -30.210847855 -0.007507971 0.998964071 -0.044881649 -4.311985970 0.640152276 0.039282069 0.767243028 62.153324127
0.761898577 -0.024975413 -0.647214651 -30.901378632 -0.006130038 0.998933434 -0.045764178 -4.369463921 0.647667348 0.038835108 0.760932803 62.990131378
0.756396592 -0.027590238 -0.653531134 -31.656661987 -0.003870733 0.998903751 -0.046650879 -4.443368435 0.654101849 0.037816208 0.755460620 63.823837280
0.750321209 -0.027517591 -0.660500348 -32.395576477 -0.006019468 0.998807549 -0.048450101 -4.504874229 0.661045969 0.040329006 0.749260843 64.654243469
0.743907571 -0.029985746 -0.667609334 -33.128128052 -0.003006546 0.998832583 -0.048212826 -4.568740845 0.668275595 0.037873089 0.742949009 65.486968994
0.737891018 -0.031498741 -0.674184382 -33.995147705 -0.000488836 0.998885095 -0.047204196 -4.620421410 0.674919546 0.035161115 0.737053037 66.331237793
0.731571496 -0.031255871 -0.681047857 -34.668411255 -0.000389377 0.998929203 -0.046262916 -4.689373493 0.681764603 0.034109816 0.730776012 67.133117676
0.725432217 -0.031424701 -0.687575877 -35.411643982 -0.001118571 0.998902082 -0.046833605 -4.770941257 0.688292623 0.034743708 0.724600673 67.909973145
0.717750847 -0.034582611 -0.695440650 -36.221145630 0.001003448 0.998816133 -0.048633125 -4.829441547 0.696299314 0.034208618 0.716935813 68.749954224
0.712166011 -0.033549171 -0.701208949 -37.021507263 -0.001018097 0.998806953 -0.048821684 -4.889789581 0.702010334 0.035483040 0.711282253 69.531723022
0.706442416 -0.033814915 -0.706962347 -37.842956543 -0.000545696 0.998831689 -0.048320703 -4.950565338 0.707770407 0.034521583 0.705598652 70.343658447
0.701919734 -0.028865676 -0.711670935 -38.647407532 -0.010009441 0.998679996 -0.050379172 -5.048910618 0.712185740 0.042485569 0.700704277 71.134857178
0.697390497 -0.029175777 -0.716097176 -39.537113190 -0.011672303 0.998576105 -0.052052137 -5.120425701 0.716596246 0.044659171 0.696057022 71.985198975
0.692454994 -0.030854417 -0.720801055 -40.320877075 -0.012191012 0.998441994 -0.054450635 -5.188284397 0.721357942 0.046491906 0.690999985 72.728683472
0.687396765 -0.033555660 -0.725506425 -41.179874420 -0.011339117 0.998314500 -0.056916885 -5.270962238 0.726193607 0.047351088 0.685857654 73.513778687
0.682078779 -0.033522848 -0.730509937 -42.042648315 -0.012772681 0.998250246 -0.057735238 -5.344774246 0.731167138 0.048710547 0.680457115 74.334182739
0.677392125 -0.033430740 -0.734862149 -42.915550232 -0.012438322 0.998303473 -0.056880936 -5.411994457 0.735516906 0.047671143 0.675827146 75.115051270
0.671666384 -0.034522638 -0.740048826 -43.790554047 -0.009816024 0.998411298 -0.055484027 -5.486763954 0.740788698 0.044531088 0.670260549 75.912498474
0.666232765 -0.036151409 -0.744867027 -44.693706512 -0.008928465 0.998366058 -0.056440651 -5.555654049 0.745690346 0.044253133 0.664821446 76.716003418
0.661725461 -0.035938788 -0.748884380 -45.576980591 -0.009474280 0.998369873 -0.056283165 -5.649376392 0.749686360 0.044339146 0.660306275 77.507507324
0.658009231 -0.037075024 -0.752096534 -46.499786377 -0.008449522 0.998360753 -0.056607246 -5.713788986 0.752962410 0.043602951 0.656617403 78.282714844
0.653201044 -0.038396589 -0.756210327 -47.420318604 -0.005890433 0.998425543 -0.055783119 -5.800986767 0.757161558 0.040892001 0.651946485 79.069137573
0.649007261 -0.041590892 -0.759644568 -48.281944275 -0.002718663 0.998371363 -0.056984007 -5.889745712 0.760777414 0.039048251 0.647837222 79.812667847
0.645311296 -0.043132462 -0.762701035 -49.270401001 -0.005416377 0.998121321 -0.061028734 -5.990641594 0.763900518 0.043513611 0.643865347 80.601600647
0.640793085 -0.048032358 -0.766209543 -50.181793213 -0.000020573 0.998039901 -0.062582605 -6.070653915 0.767713606 0.040118262 0.639535964 81.347877502
0.633898139 -0.048698235 -0.771881878 -51.063156128 -0.000683771 0.997980058 -0.063524373 -6.170602798 0.773416281 0.040795777 0.632584393 82.101776123
0.625619173 -0.052311361 -0.778372705 -52.005447388 0.003841710 0.997943759 -0.063980080 -6.260405540 0.780119181 0.037036877 0.624533713 82.854980469
0.616415918 -0.053279851 -0.785616040 -52.952999115 0.007325671 0.998053133 -0.061939240 -6.362675667 0.787386656 0.032425180 0.615606070 83.588775635
0.608224332 -0.047213528 -0.792359710 -53.887451172 -0.001500599 0.998159289 -0.060628165 -6.492503643 0.793763757 0.038064543 0.607033849 84.279884338
0.599107921 -0.047719531 -0.799244940 -54.882347107 -0.001415365 0.998157680 -0.060656715 -6.562320709 0.800666928 0.037471142 0.597936630 85.009635925
0.589618921 -0.049075134 -0.806189239 -55.878158569 -0.003555770 0.997984946 -0.063350871 -6.628035545 0.807673752 0.040219497 0.588256359 85.729125977
0.579563916 -0.050866842 -0.813337684 -56.834465027 -0.002914723 0.997914255 -0.064487383 -6.733432770 0.814921558 0.039745223 0.578206837 86.418357849
0.569916546 -0.052530732 -0.820021689 -57.843627930 -0.003292799 0.997800410 -0.066207774 -6.820661545 0.821695924 0.040433072 0.568490028 87.101531982
0.560743928 -0.050314959 -0.826458991 -58.825134277 -0.005799816 0.997888863 -0.064686738 -6.926381111 0.827968776 0.041066024 0.559268236 87.743270874
0.550668538 -0.050865538 -0.833172679 -59.873435974 -0.005302100 0.997908294 -0.064427041 -7.006105900 0.834707022 0.039895508 0.549247086 88.422103882
0.540202141 -0.051048718 -0.839985490 -60.891685486 -0.004668030 0.997961283 -0.063651480 -7.108425140 0.841522336 0.038305745 0.538862526 89.076278687
0.529625356 -0.052633092 -0.846597195 -61.951019287 -0.005364292 0.997845292 -0.065392070 -7.187453270 0.848214746 0.039174695 0.528201878 89.734100342
0.519475818 -0.052837066 -0.852850020 -62.992305756 -0.006920479 0.997793496 -0.066032127 -7.264928341 0.854457140 0.040204227 0.517963946 90.369171143
0.509686828 -0.053473320 -0.858696699 -64.040130615 -0.008361606 0.997711658 -0.067093253 -7.357883453 0.860319436 0.041376632 0.508073390 90.987174988
0.500146389 -0.051499188 -0.864408076 -65.135398865 -0.013324571 0.997654080 -0.067147233 -7.480010986 0.865838349 0.045101311 0.498286843 91.601394653
0.491469443 -0.049455006 -0.869489491 -66.218818665 -0.014074984 0.997804821 -0.064709075 -7.572772503 0.870781183 0.044040583 0.489694506 92.204238892
0.484657764 -0.042956680 -0.873648345 -67.133865356 -0.022306029 0.997861505 -0.061438452 -7.712800026 0.874419391 0.049264248 0.482663155 92.660751343
0.477320462 -0.043373469 -0.877658129 -68.214866638 -0.021548934 0.997902870 -0.061035447 -7.802651405 0.878465056 0.048046060 0.475384861 93.234054565
0.469469994 -0.046452481 -0.881725550 -69.330551147 -0.019917596 0.997803807 -0.063172922 -7.896478653 0.882723749 0.047219642 0.467513770 93.827941895
0.462136358 -0.049838990 -0.885407209 -70.424209595 -0.016169265 0.997779965 -0.064603887 -7.999033928 0.886661589 0.044172186 0.460304499 94.405014038
0.454367101 -0.057560056 -0.888952971 -71.707763672 -0.008119056 0.997601151 -0.068744928 -8.042249680 0.890777528 0.038452893 0.452809870 95.108840942
0.448761523 -0.061063565 -0.891562819 -72.822631836 -0.006060376 0.997431874 -0.071365021 -8.149788857 0.893630981 0.037429083 0.447238922 95.669174194
0.444265991 -0.061901212 -0.893753827 -73.931076050 -0.002946134 0.997503817 -0.070551381 -8.259378433 0.895890057 0.033976700 0.442974567 96.215415955
0.441033602 -0.054316290 -0.895845413 -74.913650513 -0.010209598 0.997798741 -0.065524146 -8.395580292 0.897432506 0.038044576 0.439508259 96.665618896
0.436844587 -0.052297153 -0.898015499 -76.014839172 -0.006094316 0.998113632 -0.061091106 -8.500443459 0.899516404 0.032160111 0.435701758 97.200462341
0.434155762 -0.052232288 -0.899322271 -77.135711670 -0.005678943 0.998138964 -0.060713097 -8.579002380 0.900819898 0.031466134 0.433051199 97.733802795
0.431249261 -0.052821405 -0.900685191 -78.254043579 -0.004028312 0.998162031 -0.060466766 -8.661407471 0.902223766 0.029704487 0.430243850 98.263626099
0.428525865 -0.050828382 -0.902098715 -79.352500916 -0.002091029 0.998357892 -0.057245381 -8.770654678 0.903527081 0.026417434 0.427715927 98.791984558
0.426932842 -0.050211847 -0.902888179 -80.436958313 -0.001324077 0.998421371 -0.056150783 -8.849172592 0.904282391 0.025168100 0.426192403 99.286163330
0.423845559 -0.051020667 -0.904296339 -81.560287476 0.001291844 0.998445153 -0.055727091 -8.938550949 0.905733585 0.022451462 0.423252404 99.826339722
0.420625091 -0.051475238 -0.905773103 -82.614562988 0.003060324 0.998463869 -0.055321716 -9.019075394 0.907229424 0.020497741 0.420136482 100.342330933
0.417280525 -0.053323742 -0.907211959 -83.871376038 0.011477473 0.998506784 -0.053410653 -9.098978043 0.908705294 0.011874724 0.417269349 100.950256348
0.414710581 -0.052960820 -0.908410847 -84.914268494 0.014476558 0.998562455 -0.051607825 -9.177801132 0.909838259 0.008251645 0.414881170 101.446838379
0.413720578 -0.054671422 -0.908760846 -86.010154724 0.016663546 0.998482764 -0.052482925 -9.252449989 0.910251379 0.006570086 0.414003909 101.908233643
0.412880778 -0.055273823 -0.909106314 -87.051345825 0.017228723 0.998452127 -0.052881453 -9.334127426 0.910622120 0.006170992 0.413193971 102.367980957
0.411649197 -0.056922704 -0.909562945 -88.084854126 0.017706294 0.998358607 -0.054466259 -9.412131310 0.911170363 0.006316003 0.411981434 102.846038818
0.411986917 -0.056893047 -0.909411848 -89.111007690 0.016508840 0.998351038 -0.054978188 -9.497734070 0.911040127 0.007636960 0.412246853 103.303588867
0.414040953 -0.058084019 -0.908403158 -90.070343018 0.016055454 0.998272717 -0.056512434 -9.562934875 0.910116613 0.008813637 0.414258450 103.745193481
0.418934584 -0.058894046 -0.906104386 -91.066452026 0.013644832 0.998189986 -0.058570676 -9.631002426 0.907913864 0.012173643 0.418979913 104.187248230
0.423381686 -0.059017338 -0.904026985 -92.048484802 0.013019310 0.998169184 -0.059065863 -9.724246025 0.905857861 0.013237596 0.423374891 104.645515442
0.429125369 -0.059492454 -0.901283562 -93.022041321 0.013545499 0.998140216 -0.059436444 -9.803838730 0.903143406 0.013297350 0.429133147 105.112365723
0.435973227 -0.057516541 -0.898119807 -93.970962524 0.011249068 0.998225987 -0.058466829 -9.885807991 0.899889290 0.015386960 0.435846835 105.558792114
0.443962485 -0.056626584 -0.894254267 -94.921150208 0.011178051 0.998273492 -0.057663888 -9.965188980 0.895975709 0.015604583 0.443828911 106.021240234
0.453673720 -0.055285953 -0.889451265 -95.844703674 0.010781963 0.998341262 -0.056554809 -10.070081711 0.891102612 0.016067408 0.453517348 106.467056274
0.462593138 -0.055132929 -0.884854674 -96.786758423 0.010221343 0.998329878 -0.056859650 -10.145446777 0.886511803 0.017258484 0.462384135 106.978302002
0.472301543 -0.055052660 -0.879716098 -97.691993713 0.008294447 0.998281121 -0.058019325 -10.217182159 0.881397963 0.020105861 0.471946359 107.456954956
0.482081920 -0.057454467 -0.874240279 -98.590934753 0.007676817 0.998086214 -0.061360307 -10.293353081 0.876092494 0.022869313 0.481600374 107.961875916
0.493998945 -0.054696687 -0.867740333 -99.466835022 0.002452471 0.998102963 -0.061517727 -10.397942543 0.869459033 0.028261581 0.493196011 108.443374634
0.506288409 -0.054164592 -0.860661507 -100.378952026 0.001209101 0.998069108 -0.062100902 -10.463154793 0.862363398 0.030400343 0.505376339 108.969871521
0.519570470 -0.051414210 -0.852879286 -101.234771729 -0.000468343 0.998170555 -0.060458139 -10.538423538 0.854427457 0.031811703 0.518595874 109.465240479
0.531388223 -0.048738506 -0.845725179 -102.093650818 -0.001645368 0.998282194 -0.058564082 -10.619908333 0.847126842 0.032511793 0.530395210 110.016921997
0.544319689 -0.048991956 -0.837446034 -102.891769409 -0.000110994 0.998288929 -0.058473662 -10.682749748 0.838877857 0.031921323 0.543382883 110.463394165
0.555916131 -0.048111368 -0.829844892 -103.734230042 -0.001830589 0.998250306 -0.059101213 -10.759327888 0.831236422 0.034374427 0.554855347 111.018981934
0.591158092 -0.054057945 -0.804742098 -109.206954956 -0.002885696 0.997603238 -0.069133066 -10.050548553 0.806550562 0.043190807 0.589585245 113.895095825
0.601213515 -0.056203134 -0.797109485 -109.993278503 0.000477349 0.997548580 -0.069975793 -10.139736176 0.799088359 0.041689888 0.599766493 114.487342834
0.612581372 -0.056511227 -0.788384736 -110.723800659 0.000526151 0.997469783 -0.071089573 -10.186139107 0.790407240 0.043133345 0.611061215 115.060714722
0.623454094 -0.052514788 -0.780094385 -111.491165161 -0.001126656 0.997680366 -0.068062805 -10.282267570 0.781859100 0.043312926 0.621948898 115.648132324
0.626114845 -0.033976369 -0.778990209 -112.164802551 -0.005043191 0.998852849 -0.047619350 -10.415878296 0.779714346 0.033743780 0.625225306 116.519943237
0.635976255 -0.033123843 -0.770997345 -112.897521973 -0.005856343 0.998842537 -0.047743339 -10.472477913 0.771686316 0.034878861 0.635046184 117.116317749
0.645796955 -0.031710982 -0.762850404 -113.567367554 -0.008485714 0.998777330 -0.048701890 -10.530371666 0.763462067 0.037924863 0.644738257 117.676948547
0.655728817 -0.031771179 -0.754327774 -114.281250000 -0.009583654 0.998683393 -0.050394051 -10.589788437 0.754935682 0.040274046 0.654561043 118.267944336
0.663023949 -0.027964728 -0.748075664 -114.767707825 -0.011160993 0.998821676 -0.047230225 -10.701299667 0.748515010 0.039664038 0.661930561 118.704963684
0.672952592 -0.026031384 -0.739227414 -115.463272095 -0.011568515 0.998887956 -0.045706503 -10.759061813 0.739595115 0.039310075 0.671903074 119.315605164
0.681470156 -0.024119088 -0.731448412 -116.131629944 -0.011683380 0.998970866 -0.043825563 -10.812798500 0.731752634 0.038411599 0.680487037 119.918235779
0.687110841 -0.022250935 -0.726211786 -116.602142334 -0.011094599 0.999092996 -0.041109186 -10.903216362 0.726467907 0.036303595 0.686240792 120.410255432
0.695216358 -0.020849587 -0.718498111 -117.239204407 -0.012955473 0.999053299 -0.041526496 -10.953706741 0.718683779 0.038178381 0.694288135 121.003334045
0.702645779 -0.019742981 -0.711265922 -117.886344910 -0.014013043 0.999037206 -0.041574012 -11.002246857 0.711401761 0.039178807 0.701692641 121.631881714
0.710064530 -0.017093500 -0.703929126 -118.505065918 -0.015151905 0.999102890 -0.039545164 -11.045449257 0.703973591 0.038745482 0.709168494 122.237655640
0.716791451 -0.015228081 -0.697121263 -119.053718567 -0.014572437 0.999215961 -0.036810718 -11.097021103 0.697135210 0.036544368 0.716007590 122.805686951
0.725530148 -0.015533951 -0.688014984 -119.719429016 -0.014854809 0.999158800 -0.038223717 -11.113073349 0.688030005 0.037952792 0.724689007 123.483428955
0.733233094 -0.014796560 -0.679816425 -120.298278809 -0.015412473 0.999144852 -0.038370419 -11.158603668 0.679802656 0.038612112 0.732377887 124.101028442
0.738170147 -0.008248043 -0.674564183 -120.686523438 -0.019508889 0.999246061 -0.033566419 -11.250156403 0.674332440 0.037937734 0.737452686 124.531959534
0.747208953 -0.005715896 -0.664564669 -121.233245850 -0.019860327 0.999324381 -0.030925281 -11.289012909 0.664292395 0.036306120 0.746590555 125.137649536
0.754493296 0.000707894 -0.656307340 -121.679481506 -0.023005368 0.999413371 -0.025369078 -11.361901283 0.655904412 0.034239396 0.754067004 125.656036377
0.764552295 0.002610635 -0.644556403 -122.188583374 -0.024462888 0.999388874 -0.024969291 -11.393464088 0.644097388 0.034858041 0.764148951 126.252716064
0.771353722 0.006765543 -0.636370659 -122.598724365 -0.027763700 0.999349177 -0.023028232 -11.467311859 0.635800779 0.035430916 0.771039605 126.787292480
0.781204998 0.005180192 -0.624253035 -123.069923401 -0.027302667 0.999292374 -0.025874851 -11.493190765 0.623677373 0.037257336 0.780793548 127.379341125
0.791690290 0.006137794 -0.610891819 -123.599983215 -0.027996017 0.999263525 -0.026241794 -11.525914192 0.610280812 0.037877910 0.791279078 128.037719727
0.801938534 0.007535417 -0.597359002 -124.069633484 -0.028240589 0.999280691 -0.025306758 -11.552094460 0.596738577 0.037164234 0.801574588 128.654861450
0.811991453 0.009909339 -0.583585203 -124.543365479 -0.028570594 0.999332011 -0.022783920 -11.591798782 0.582969606 0.035173710 0.811732233 129.302566528
0.821502090 0.011092298 -0.570097685 -124.953590393 -0.028310737 0.999371171 -0.021350726 -11.612722397 0.569502294 0.033679552 0.821299374 129.889984131
0.830112100 0.013184528 -0.557440639 -125.425720215 -0.028032349 0.999442995 -0.018105617 -11.651081085 0.556891501 0.030656062 0.830019355 130.580261230
0.838465750 0.013477956 -0.544787645 -125.842323303 -0.027105642 0.999488056 -0.016990270 -11.674531937 0.544279873 0.029012581 0.838401973 131.200088501
0.845394135 0.013435894 -0.533974051 -126.272346497 -0.025660759 0.999550879 -0.015475637 -11.706088066 0.533526301 0.026785186 0.845359266 131.903778076
0.851875246 0.014063504 -0.523555756 -126.639358521 -0.026203571 0.999531984 -0.015786773 -11.723844528 0.523088634 0.027167395 0.851845205 132.508270264
0.858682990 0.014778608 -0.512293994 -127.099685669 -0.026802773 0.999511242 -0.016091732 -11.753154755 0.511805773 0.027548593 0.858659387 133.246597290
0.865516663 0.016351152 -0.500613272 -127.469070435 -0.027944669 0.999486744 -0.015668418 -11.769527435 0.500100136 0.027550742 0.865529239 133.857940674
0.871210694 0.018591834 -0.490557045 -127.905525208 -0.029792497 0.999443054 -0.015032023 -11.805699348 0.490004331 0.027710970 0.871279418 134.639907837
0.877156913 0.018105960 -0.479862332 -128.254943848 -0.029077392 0.999457836 -0.015440451 -11.827530861 0.479322582 0.027496843 0.877207994 135.264297485
0.882048666 0.016763791 -0.470859915 -128.672012329 -0.028056748 0.999462187 -0.016974557 -11.854326248 0.470322162 0.028183183 0.882044673 136.055358887
0.886289537 0.015962213 -0.462856352 -129.009033203 -0.027280267 0.999469817 -0.017768929 -11.871834755 0.462327421 0.028375262 0.886255205 136.701721191
0.889389157 0.017772743 -0.456805289 -129.472900391 -0.028376482 0.999463499 -0.016362619 -11.900556564 0.456269324 0.027515266 0.889416218 137.551025391
0.892677605 0.020084333 -0.450248122 -129.807388306 -0.029384941 0.999474585 -0.013675774 -11.914762497 0.449736863 0.025438575 0.892798722 138.205902100
0.896118641 0.022932371 -0.443221718 -130.191192627 -0.030698162 0.999475062 -0.010353431 -11.937655449 0.442751706 0.022883995 0.896352232 138.999633789
0.899396479 0.025299910 -0.436401010 -130.515808105 -0.031914018 0.999459982 -0.007830219 -11.951769829 0.435967207 0.020969786 0.899718285 139.666564941
0.902074635 0.029634522 -0.430561453 -131.055694580 -0.034962110 0.999378681 -0.004464685 -11.979864120 0.430161685 0.019080816 0.902550220 140.669250488
0.905283451 0.031313710 -0.423652619 -131.382965088 -0.035832245 0.999354124 -0.002702321 -11.987842560 0.423294336 0.017626785 0.905820727 141.364135742
0.908473730 0.032517999 -0.416675001 -131.806823730 -0.035830110 0.999357820 -0.000128624 -11.997823715 0.416403294 0.015046360 0.909055471 142.275680542
0.911919057 0.032479089 -0.409082651 -132.131195068 -0.034893505 0.999389827 0.001562530 -12.008930206 0.408883750 0.012849428 0.912496090 143.001190186
0.915543556 0.032124836 -0.400934130 -132.463531494 -0.034268223 0.999410927 0.001825402 -12.009195328 0.400756657 0.012068064 0.916105151 143.738082886
0.919209063 0.031404089 -0.392515540 -132.921295166 -0.033426907 0.999439716 0.001681932 -12.020067215 0.392348439 0.011574531 0.919743836 144.783752441
0.923038483 0.029390102 -0.383583248 -133.242126465 -0.031384956 0.999506831 0.001058668 -12.034599304 0.383425176 0.011061550 0.923505783 145.555145264
0.927022278 0.028281244 -0.373938173 -133.529983521 -0.030586896 0.999532044 -0.000231914 -12.046238899 0.373756647 0.011652598 0.927453578 146.298980713
0.931478083 0.026438577 -0.362835288 -133.983825684 -0.029686436 0.999553561 -0.003377551 -12.048406601 0.362583965 0.013917402 0.931847155 147.407104492
0.936463773 0.028109696 -0.349636197 -134.285766602 -0.031741027 0.999485314 -0.004659408 -12.058093071 0.349325210 0.015461180 0.936873913 148.206283569
0.942370832 0.032365069 -0.333001047 -134.655944824 -0.035783261 0.999351025 -0.004135240 -12.074449539 0.332651109 0.015812794 0.942917407 149.225097656
0.948766768 0.035690419 -0.313954979 -134.944885254 -0.038254552 0.999266028 -0.002008003 -12.092903137 0.313652873 0.013915334 0.949435711 150.037429810
0.954990506 0.038295176 -0.294153988 -135.215209961 -0.040568002 0.999175489 -0.001626565 -12.087854385 0.293849170 0.013486594 0.955756724 150.854537964
0.961119831 0.040564604 -0.273135483 -135.550613403 -0.042513344 0.999095082 -0.001217427 -12.105215073 0.272838950 0.012782001 0.961974740 152.052566528
0.966935813 0.042113286 -0.251518250 -135.778854370 -0.043573596 0.999050140 -0.000236945 -12.124973297 0.251269400 0.011188668 0.967852473 152.916336060
0.972343326 0.042141385 -0.229722589 -135.991333008 -0.042961098 0.999075711 0.001434306 -12.128227234 0.229570672 0.008474501 0.973255038 153.775619507
0.977205932 0.044984661 -0.207472518 -136.266601562 -0.045099650 0.998973668 0.004178145 -12.138667107 0.207447574 0.005274034 0.978231907 154.971817017
0.981622040 0.046789844 -0.185010180 -136.436294556 -0.046234898 0.998903692 0.007315045 -12.143622398 0.185149595 0.001373316 0.982709408 155.879318237
0.985581040 0.049516160 -0.161796212 -136.643402100 -0.048560802 0.998771608 0.009856365 -12.141156197 0.162085488 -0.001857293 0.986774921 156.884780884
0.988883674 0.051200394 -0.139597997 -136.829879761 -0.050459642 0.998686969 0.008842893 -12.140339851 0.139867455 -0.001700526 0.990168750 158.065841675
0.991798460 0.050451659 -0.117432222 -136.952835083 -0.050113760 0.998726428 0.005830230 -12.136943817 0.117576815 0.000102558 0.993063807 158.999816895
0.994074225 0.050821602 -0.096092515 -137.080596924 -0.050653148 0.998707473 0.004193218 -12.145748138 0.096181437 0.000699019 0.995363474 160.059524536
0.995901644 0.049233645 -0.075867943 -137.212387085 -0.048974961 0.998786211 0.005267398 -12.141225815 0.076035194 -0.001530181 0.997103930 161.307464600
0.997207284 0.049618889 -0.055819094 -137.282974243 -0.049350288 0.998762429 0.006180921 -12.146442413 0.056056701 -0.003408971 0.998421848 162.333969116
0.998124421 0.050080232 -0.035206284 -137.347427368 -0.049887910 0.998734772 0.006320696 -12.146719933 0.035478279 -0.004552474 0.999360144 163.354660034
0.998584867 0.051603448 -0.012857578 -137.578811646 -0.051536605 0.998656094 0.005477843 -12.145750999 0.013122974 -0.004807455 0.999902308 165.023956299
0.998642802 0.051528454 0.007579209 -137.590881348 -0.051570136 0.998654723 0.005410443 -12.151378632 -0.007290220 -0.005793960 0.999956548 166.048034668
0.998100281 0.054510940 0.028713379 -137.593948364 -0.054644860 0.998498261 0.003899582 -12.147067070 -0.028457690 -0.005461212 0.999580085 167.141586304
0.997371495 0.054196581 0.048091065 -137.559463501 -0.054343589 0.998520732 0.001753770 -12.175151825 -0.047924880 -0.004362601 0.998841405 168.497360229
0.996189296 0.054806158 0.067847148 -137.515289307 -0.054810166 0.998495221 -0.001803784 -12.170546532 -0.067843914 -0.001921804 0.997694135 169.619720459
0.994628370 0.056497991 0.086731181 -137.435546875 -0.056277525 0.998402715 -0.004986894 -12.172615051 -0.086874388 0.000079092 0.996219218 170.769577026
0.992815554 0.056946926 0.105234645 -137.269256592 -0.056554455 0.998376966 -0.006712188 -12.223347664 -0.105446085 0.000712477 0.994424760 171.984634399
0.990703821 0.056299537 0.123840414 -137.141265869 -0.055422641 0.998407543 -0.010517327 -12.237588882 -0.124235332 0.003555993 0.992246330 173.186447144
0.988049924 0.058506716 0.142598540 -136.977966309 -0.056741651 0.998253942 -0.016416552 -12.277318001 -0.143310040 0.008129096 0.989644408 174.421997070
0.985228539 0.060048882 0.160371080 -136.812667847 -0.057039879 0.998099923 -0.023305086 -12.310078621 -0.161465779 0.013813289 0.986781597 175.569122314
0.982171059 0.062337909 0.177352846 -136.597366333 -0.058149155 0.997894704 -0.028723752 -12.360671043 -0.178770021 0.017898718 0.983728051 176.721435547
0.979605317 0.057933379 0.192398116 -136.498565674 -0.052141294 0.998024881 -0.035037071 -12.530671120 -0.194047928 0.024290614 0.980691254 178.127487183
0.975779891 0.060587410 0.210196763 -136.261489868 -0.053710438 0.997822583 -0.038278069 -12.586412430 -0.212058216 0.026061203 0.976909459 179.349151611
0.971946836 0.059691001 0.227500349 -135.978073120 -0.052222148 0.997884750 -0.038714629 -12.646303177 -0.229330048 0.025748005 0.973008037 180.552825928
0.968184829 0.057378475 0.243568912 -135.660003662 -0.049184389 0.998004556 -0.039596181 -12.762447357 -0.245354906 0.026356632 0.969074965 181.899002075
0.963847578 0.057740670 0.260122776 -135.335159302 -0.047681496 0.997856498 -0.044821888 -12.844766617 -0.262153238 0.030798422 0.964534700 183.133865356
0.959401250 0.058736965 0.275860727 -134.993347168 -0.046690676 0.997655213 -0.050040286 -12.903999329 -0.278153092 0.035128582 0.959894240 184.352462769
0.954945624 0.057269078 0.291202933 -134.702606201 -0.044225540 0.997709632 -0.051183946 -13.031269073 -0.293467253 0.035999276 0.955291092 185.724624634
0.949377954 0.059634969 0.308423758 -134.300308228 -0.045764346 0.997596979 -0.052019350 -13.127365112 -0.310784817 0.035271216 0.949825704 186.965835571
0.943212867 0.063503593 0.326062918 -133.881164551 -0.048014477 0.997312427 -0.055342216 -13.202688217 -0.328700960 0.036543749 0.943726838 188.199188232
0.937222242 0.062457826 0.343093932 -133.587661743 -0.044447105 0.997201204 -0.060118258 -13.269458771 -0.345888555 0.041094638 0.937375247 189.491226196
0.930686533 0.064264789 0.360128462 -133.129470825 -0.044588335 0.997036517 -0.062690333 -13.351769447 -0.363090008 0.042287521 0.930794001 190.710296631
0.923949003 0.064253211 0.377080590 -132.609970093 -0.041589640 0.996821582 -0.067949079 -13.468235970 -0.380247980 0.047098830 0.923684537 191.950759888
0.915816486 0.067613311 0.395864367 -132.053863525 -0.041519526 0.996384084 -0.074127801 -13.596505165 -0.399445027 0.051451355 0.915312231 193.345733643
0.906273842 0.071417764 0.416614056 -131.500000000 -0.042753175 0.996056020 -0.077745862 -13.698641777 -0.420523375 0.052647457 0.905752897 194.555709839
0.894865155 0.073446833 0.440252125 -130.924499512 -0.042924561 0.995957553 -0.078905322 -13.842039108 -0.444267780 0.051711999 0.894400477 195.832931519
0.881425798 0.079697959 0.465550035 -130.129241943 -0.046810158 0.995548546 -0.081803292 -13.996784210 -0.469997227 0.050311044 0.881232858 197.276397705
0.867468476 0.083588950 0.490419686 -129.477462769 -0.047535978 0.995199919 -0.085542575 -14.125876427 -0.495216012 0.050892901 0.867277920 198.486419678
0.853092730 0.087391675 0.514388442 -128.766967773 -0.048251428 0.994862318 -0.088998422 -14.251752853 -0.519523382 0.051103931 0.852926612 199.730545044
0.838194728 0.088084199 0.538210690 -128.150039673 -0.045608055 0.994735181 -0.091770791 -14.388642311 -0.543460667 0.052375045 0.837799132 200.958007812
