0.999991596 0.002232047 0.003451364 -0.055351716 -0.002193819 0.999936581 -0.011040850 0.158670351 -0.003475789 0.011033185 0.999933064 1.287376285
0.999994159 0.003337241 -0.000683652 -0.034750782 -0.003345668 0.999913454 -0.012720074 0.141740069 0.000641145 0.012722287 0.999918818 2.457108498
0.999985218 0.003803724 -0.003895540 -0.033648081 -0.003861195 0.999882221 -0.014853130 0.138739079 0.003838583 0.014867952 0.999882102 3.632074833
0.999953866 0.005505115 -0.007872294 -0.049119342 -0.005631820 0.999853373 -0.016164551 0.133966923 0.007782154 0.016208142 0.999838233 4.791145802
0.999920726 0.005351539 -0.011399036 -0.059947018 -0.005543344 0.999842525 -0.016861888 0.121958427 0.011307008 0.016923741 0.999792814 5.951199532
0.999852598 0.007156858 -0.015608437 -0.071885988 -0.007438378 0.999809325 -0.018053589 0.093565658 0.015476258 0.018167032 0.999715090 7.112391472
0.999732077 0.010265660 -0.020742603 -0.077573389 -0.010665736 0.999757409 -0.019269984 0.081255898 0.020539751 0.019486060 0.999599040 8.300271988
0.999626517 0.011269380 -0.024896262 -0.095438406 -0.011731709 0.999759853 -0.018502839 0.074901149 0.024681769 0.018788001 0.999518752 9.495119095
0.999520063 0.010627034 -0.029097224 -0.111262366 -0.011100622 0.999807835 -0.016163222 0.057985246 0.028919868 0.016478466 0.999445856 10.703562737
0.999370694 0.010431595 -0.033901617 -0.125583738 -0.010892968 0.999850214 -0.013453131 0.043759689 0.033756196 0.013813957 0.999334514 11.267582893
0.999302626 0.012149847 -0.035306323 -0.137068927 -0.012684993 0.999807358 -0.014972952 0.012885883 0.035117600 0.015410370 0.999264359 13.082571983
0.999168456 0.011759182 -0.039038852 -0.155254722 -0.012362508 0.999807298 -0.015249252 0.000529781 0.038852002 0.015719190 0.999121308 13.756520271
0.999163747 0.010229147 -0.039587960 -0.146605730 -0.010883018 0.999807239 -0.016336827 -0.031801373 0.039413203 0.016754001 0.999082506 15.474471092
0.999007583 0.009787119 -0.043453068 -0.164798200 -0.010505921 0.999811113 -0.016344626 -0.037084222 0.043284886 0.016784918 0.998921752 16.241456985
0.999049723 0.008628027 -0.042724673 -0.166080356 -0.009315772 0.999829829 -0.015924282 -0.084435120 0.042580005 0.016307162 0.998959899 17.860980988
0.998864353 0.011567728 -0.046219278 -0.208432734 -0.012447042 0.999746144 -0.018782530 -0.102243572 0.045990266 0.019336496 0.998754621 18.712837219
0.998856306 0.013051192 -0.045996405 -0.194964647 -0.014098652 0.999646842 -0.022522291 -0.118001699 0.045686215 0.023145018 0.998687685 20.276042938
0.998645425 0.017211949 -0.049103945 -0.248828411 -0.018451875 0.999519348 -0.024910480 -0.135975420 0.048651587 0.025782794 0.998483002 21.180435181
0.998600543 0.019174298 -0.049286373 -0.185170472 -0.020351781 0.999516606 -0.023500882 -0.216613382 0.048811946 0.024471059 0.998508096 22.639343262
0.998435080 0.018009184 -0.052942701 -0.218113065 -0.019194162 0.999574542 -0.021959674 -0.242169291 0.052524704 0.022941502 0.998355925 23.589931488
0.998441517 0.019566724 -0.052265160 -0.191733003 -0.020730406 0.999547064 -0.021816444 -0.275267541 0.051814593 0.022865918 0.998395026 24.999685287
0.998305500 0.018748390 -0.055087466 -0.233165622 -0.019930337 0.999581158 -0.020985337 -0.314858109 0.054670930 0.022047687 0.998260975 25.956872940
0.998266041 0.019091612 -0.055679806 -0.193162322 -0.020343626 0.999550760 -0.022006534 -0.376267761 0.055234659 0.023101104 0.998206198 27.312278748
0.998135686 0.018098934 -0.058288451 -0.238308907 -0.019491769 0.999535739 -0.023416337 -0.398869693 0.057837576 0.024508826 0.998025060 28.276405334
0.998057663 0.017434308 -0.059806667 -0.135776162 -0.018653922 0.999628007 -0.019895265 -0.482192785 0.059437554 0.020972252 0.998011649 29.586339951
0.997946918 0.018980574 -0.061169341 -0.196847439 -0.020069074 0.999650121 -0.017229838 -0.502333522 0.060820911 0.018422076 0.997978568 30.570173264
0.998014510 0.020918455 -0.059409730 -0.146963835 -0.021733265 0.999677956 -0.013102215 -0.553397715 0.059116535 0.014367368 0.998147666 31.716169357
0.998032868 0.019660201 -0.059531767 -0.182158232 -0.020327644 0.999736965 -0.010626780 -0.565114915 0.059307184 0.011816017 0.998169780 32.691062927
0.998198152 0.021212604 -0.056128252 -0.175568700 -0.021805707 0.999712467 -0.009975625 -0.607542038 0.055900499 0.011181567 0.998373687 33.804103851
0.998166025 0.021312188 -0.056659393 -0.222354412 -0.022079863 0.999672234 -0.012957529 -0.628871083 0.056364659 0.014184797 0.998309433 34.781490326
0.998194814 0.023974711 -0.055065900 -0.173986435 -0.025037788 0.999511540 -0.018697351 -0.648944557 0.054590728 0.020042326 0.998307645 35.886756897
0.998186409 0.023465684 -0.055437949 -0.219700933 -0.024706205 0.999456942 -0.021798301 -0.667471707 0.054896340 0.023128428 0.998224139 36.850952148
0.998305559 0.020880016 -0.054313820 -0.169465899 -0.022001790 0.999555051 -0.020138165 -0.731953919 0.053869151 0.021299053 0.998320818 37.981842041
0.998234451 0.019880662 -0.055970833 -0.217285514 -0.020831220 0.999647617 -0.016451057 -0.738700807 0.055624053 0.017587960 0.998296857 38.972793579
0.998191774 0.017484967 -0.057511110 -0.137851954 -0.018199768 0.999763072 -0.011928802 -0.815115094 0.057288907 0.012953918 0.998273671 40.038612366
0.998111725 0.010948290 -0.060441785 -0.174014568 -0.011754319 0.999846339 -0.012996326 -0.831111729 0.060290210 0.013682241 0.998087049 41.025875092
0.998127699 0.010715094 -0.060218509 -0.138550758 -0.011776649 0.999780893 -0.017301194 -0.871464491 0.060019948 0.017977972 0.998035192 41.933425903
0.997904658 0.011613823 -0.063651092 -0.184125423 -0.013016111 0.999680519 -0.021660635 -0.896931946 0.063379198 0.022443736 0.997737110 42.919116974
0.997743011 0.014262429 -0.065615311 -0.120855093 -0.015774181 0.999620497 -0.022579487 -0.932301879 0.065268390 0.023563555 0.997589469 43.870552063
0.997602582 0.014721385 -0.067618221 -0.182797670 -0.016260644 0.999619663 -0.022270180 -0.950915813 0.067264676 0.023316301 0.997462630 44.860206604
0.997432470 0.016818151 -0.069608465 -0.247795343 -0.018164942 0.999658823 -0.018760523 -0.983163774 0.069269210 0.019976791 0.997397959 45.833805084
0.997276664 0.022799734 -0.070139065 -0.149656296 -0.023859333 0.999612987 -0.014306533 -1.155337095 0.069785714 0.015941042 0.997434616 46.824020386
0.997139513 0.024526680 -0.071492791 -0.219702482 -0.025539836 0.999585450 -0.013291799 -1.156240702 0.071137138 0.015079693 0.997352540 47.794994354
0.997030377 0.025319047 -0.072728291 -0.156157732 -0.025958763 0.999632061 -0.007864068 -1.246468067 0.072502412 0.009728654 0.997320771 48.831588745
0.996775746 0.031665508 -0.073725708 -0.247137308 -0.032228466 0.999459565 -0.006458474 -1.250296712 0.073481359 0.008813721 0.997257650 49.815814972
0.996669710 0.030857150 -0.075482428 -0.304177284 -0.031483114 0.999478877 -0.007116674 -1.267288446 0.075223483 0.009469392 0.997121692 50.803543091
0.996686518 0.032668337 -0.074489877 -0.290893078 -0.033381946 0.999407709 -0.008354899 -1.320123792 0.074172817 0.010813833 0.997186720 51.939426422
0.996532500 0.035878289 -0.075070895 -0.367170334 -0.036816537 0.999259770 -0.011151460 -1.331248999 0.074615240 0.013876643 0.997115791 52.897525787
0.996417046 0.035701089 -0.076671325 -0.375525951 -0.036612678 0.999274135 -0.010516576 -1.383718252 0.076240234 0.013286041 0.997000873 53.971881866
0.996299505 0.032864254 -0.079416841 -0.436586142 -0.033707496 0.999388456 -0.009300562 -1.393972635 0.079062603 0.011943090 0.996798038 54.948158264
0.996226788 0.034993447 -0.079419971 -0.476779699 -0.035719462 0.999331832 -0.007738784 -1.450439453 0.079096094 0.010546426 0.996811211 56.038002014
0.996034205 0.037272550 -0.080787137 -0.556786060 -0.038299903 0.999203444 -0.011204130 -1.476530313 0.080305167 0.014253834 0.996668398 56.994953156
0.995932221 0.037368443 -0.081991263 -0.646666050 -0.038762774 0.999128520 -0.015479899 -1.490559816 0.081341349 0.018595133 0.996512830 57.950340271
0.995752096 0.038993560 -0.083408058 -0.622327805 -0.040544305 0.999033332 -0.016979331 -1.523870587 0.082665354 0.020288939 0.996370792 58.992156982
0.995748699 0.037446689 -0.084156118 -0.696002007 -0.038710468 0.999160171 -0.013435240 -1.551374435 0.083582334 0.016635852 0.996361971 59.930416107
0.995768011 0.037123151 -0.084071003 -0.745148182 -0.038153939 0.999214709 -0.010687122 -1.578888893 0.083608247 0.013849534 0.996402442 60.927955627
0.995770454 0.034501586 -0.085151777 -0.824991226 -0.035440080 0.999326289 -0.009534108 -1.604356527 0.084765479 0.012511568 0.996322334 61.878868103
0.995889902 0.032226566 -0.084644683 -0.880430698 -0.033285350 0.999383926 -0.011126872 -1.637597203 0.084233955 0.013898564 0.996349037 62.810249329
0.995909333 0.030204009 -0.085160747 -0.968701839 -0.031473354 0.999412000 -0.013601900 -1.645961285 0.084699839 0.016226551 0.996274352 63.745574951
0.995886862 0.028138505 -0.086124480 -1.021245003 -0.029170087 0.999516726 -0.010742654 -1.698230982 0.085780568 0.013210726 0.996226549 64.683502197
0.995864272 0.025125679 -0.087309428 -1.101183891 -0.025818668 0.999643445 -0.006816854 -1.716149569 0.087107010 0.009042875 0.996157944 65.614234924
0.992411733 0.069980308 -0.101103209 1.949360847 -0.070360005 0.997521520 -0.000189973 -2.816930532 0.100839347 0.007302153 0.994875848 66.483825684
0.992171884 0.071731538 -0.102223463 1.856870174 -0.071946763 0.997407138 0.001584750 -2.827638626 0.102072090 0.005782303 0.994760096 67.408340454
0.991956472 0.072973236 -0.103427753 1.745605946 -0.073552862 0.997289717 -0.001796176 -2.849985123 0.103016362 0.009389130 0.994635284 68.395256042
0.991622210 0.073813766 -0.106004745 1.651701450 -0.075233288 0.997121096 -0.009449751 -2.864357948 0.105002038 0.017345667 0.994320691 69.300384521
0.991406679 0.075678587 -0.106703170 1.542387962 -0.077605702 0.996885538 -0.014019590 -2.889652491 0.105309874 0.022179889 0.994192064 70.246406555
0.990878880 0.080627382 -0.107974097 1.442535400 -0.082562663 0.996493578 -0.013567469 -2.903174877 0.106501579 0.022358345 0.994061112 71.131423950
0.990613997 0.083393775 -0.108303525 1.331666470 -0.085060127 0.996316671 -0.010850349 -2.935754061 0.106999785 0.019960811 0.994058609 72.057662964
0.990260184 0.086046316 -0.109456807 1.227847576 -0.087549448 0.996119440 -0.008992895 -2.961977482 0.108258262 0.018488189 0.993950844 72.922340393
0.990187764 0.108414412 -0.088175133 1.388996124 -0.110327266 0.993748128 -0.017103078 -3.079672813 0.085769653 0.026663380 0.995958209 73.809150696
0.989883602 0.109692253 -0.089989237 1.310333252 -0.111558609 0.993629634 -0.015964009 -3.104022980 0.087664843 0.025841590 0.995814741 74.638397217
0.989592195 0.111543849 -0.090913892 1.225911140 -0.113381155 0.993433833 -0.015285149 -3.139456511 0.088611983 0.025433980 0.995741308 75.514213562
0.989476860 0.111367799 -0.092373513 1.145144463 -0.113212705 0.993458092 -0.014962025 -3.160867214 0.090102926 0.025262428 0.995611906 76.327919006
0.989377975 0.111307397 -0.093497843 1.073879719 -0.113032140 0.993501842 -0.013341869 -3.192874670 0.091405235 0.023768419 0.995529950 77.154464722
0.988964856 0.114129871 -0.094461888 0.990411282 -0.115622438 0.993238211 -0.010463251 -3.216438770 0.092628971 0.021269701 0.995473385 77.947479248
0.988628507 0.115378313 -0.096444413 0.930596352 -0.116479777 0.993175745 -0.005850793 -3.241949558 0.095111221 0.017018085 0.995321095 78.725952148
0.987691224 0.097791411 -0.122078486 0.566119194 -0.098003536 0.995176852 0.004280367 -3.149797440 0.121908255 0.007736438 0.992511213 79.485786438
0.987250030 0.100222491 -0.123664230 0.456845284 -0.100957707 0.994890690 0.000322724 -3.162619114 0.123064704 0.012166247 0.992324054 80.216415405
0.987334788 0.121630281 -0.101862855 0.723140717 -0.123807073 0.992188275 -0.015303571 -3.303677559 0.099205762 0.027721090 0.994680703 81.009803772
0.987225771 0.120843507 -0.103836641 0.645360947 -0.123665914 0.992098153 -0.021163490 -3.318645954 0.100458652 0.033734191 0.994369268 81.703887939
0.987142801 0.121181674 -0.104230858 0.559199333 -0.124169827 0.992002487 -0.022650018 -3.327130795 0.100652501 0.035301127 0.994295180 82.383827209
0.986680269 0.124633156 -0.104539439 0.497601509 -0.127245054 0.991695583 -0.018672977 -3.363516331 0.101344027 0.031726383 0.994345427 83.041282654
0.986527085 0.125259578 -0.105234988 0.410499573 -0.127686054 0.991675436 -0.016618909 -3.386348724 0.102277271 0.029832039 0.994308472 83.685356140
0.986810207 0.121919341 -0.106495574 0.345463753 -0.124657132 0.992009997 -0.019416301 -3.417689562 0.103277445 0.032435630 0.994123578 84.299346924
0.987673581 0.113512345 -0.107776895 0.315452576 -0.116774969 0.992857575 -0.024438865 -3.439754486 0.104232997 0.036723267 0.993874669 84.857315063
0.988212466 0.109460831 -0.107025258 0.253900528 -0.113223791 0.993124843 -0.029720999 -3.455005407 0.103036165 0.041488476 0.993811905 85.447029114
0.988304853 0.111693315 -0.103817858 0.185588837 -0.115416251 0.992847025 -0.030553864 -3.470209122 0.099662594 0.042178798 0.994126976 86.017738342
0.988124728 0.116738580 -0.099907607 0.136878967 -0.119972311 0.992410660 -0.026974920 -3.509963274 0.096000366 0.038640723 0.994630992 86.515708923
0.988770485 0.115165755 -0.095234469 0.092762947 -0.118026800 0.992696762 -0.024956984 -3.523384333 0.091664769 0.035916951 0.995141983 87.061355591
0.989755392 0.111827336 -0.088762097 0.048860073 -0.114156090 0.993228137 -0.021592170 -3.542170763 0.085746408 0.031503700 0.995818853 87.600944519
0.991003692 0.107106373 -0.080249451 0.017816544 -0.108911730 0.993879974 -0.018455174 -3.574708462 0.077781670 0.027029252 0.996603847 88.064277649
0.991379976 0.110672235 -0.070125289 -0.008444309 -0.112280682 0.993486822 -0.019413618 -3.599128246 0.067520007 0.027119985 0.997349262 88.574447632
0.991737068 0.115880407 -0.055041090 -0.039780140 -0.117235847 0.992859006 -0.022059761 -3.610400200 0.052091755 0.028330266 0.998240292 89.076934814
0.992002428 0.120925240 -0.036170758 -0.069769382 -0.121802770 0.992284894 -0.023121770 -3.636029720 0.033095691 0.027342550 0.999078035 89.556892395
0.992721081 0.119527400 -0.014772142 -0.050466418 -0.119870558 0.992473006 -0.025067952 -3.649479628 0.011664645 0.026656236 0.999576569 89.940338135
0.993182898 0.116000369 0.011486335 -0.020021319 -0.115657553 0.992921948 -0.027007887 -3.671196938 -0.014537956 0.025495287 0.999569118 90.413085938
0.992509663 0.115172662 0.040743597 0.022494078 -0.114058971 0.993059754 -0.028684791 -3.693201542 -0.043764528 0.023822760 0.998757720 90.856414795
0.990649402 0.114507094 0.074175268 0.058537483 -0.112519257 0.993182421 -0.030459471 -3.719898701 -0.077157408 0.021828508 0.996779919 91.228607178
0.987063587 0.114944123 0.111774012 0.128587723 -0.111826777 0.993152916 -0.033791188 -3.745153904 -0.114892781 0.020854721 0.993158937 91.667289734
0.981666207 0.114218637 0.152596176 0.218719482 -0.109602958 0.993235111 -0.038352624 -3.771432877 -0.155944467 0.020924481 0.987544119 92.071334839
0.973556399 0.114238434 0.197831973 0.309892654 -0.108010016 0.993260860 -0.042029291 -3.803829670 -0.201300129 0.019550053 0.979334652 92.416412354
0.962324977 0.116255023 0.245795220 0.437509537 -0.107565075 0.993012428 -0.048536859 -3.840070963 -0.249720335 0.020269254 0.968105912 92.797569275
0.947154522 0.117462792 0.298497379 0.588794708 -0.105063811 0.992812634 -0.057309996 -3.866256714 -0.303083777 0.022920152 0.952688217 93.186462402
0.927835524 0.117506027 0.353996456 0.735567093 -0.101092130 0.992778838 -0.064578690 -3.899106264 -0.359028608 0.024132146 0.933014512 93.491714478
0.904242218 0.117810644 0.410446942 0.931159973 -0.096975103 0.992729485 -0.071300656 -3.938803673 -0.415862858 0.024669923 0.909092724 93.829437256
0.875705421 0.117914893 0.468226433 1.138252258 -0.091771126 0.992692351 -0.078356840 -3.978438377 -0.474044293 0.025647843 0.880127370 94.150375366
0.842934847 0.116838969 0.525175571 1.371395111 -0.084127419 0.992751122 -0.085834339 -4.016414642 -0.531397521 0.028171090 0.846653998 94.455505371
0.806844234 0.117249973 0.579011917 1.636936188 -0.077788897 0.992658556 -0.092615835 -4.053846359 -0.585620284 0.029685862 0.810041606 94.750244141
0.783102214 0.092876233 0.614918649 1.132209778 -0.061229020 0.995495677 -0.072382435 -3.788568974 -0.618871450 0.019031977 0.785261571 94.567001343
0.742227018 0.092184685 0.663777828 1.409755707 -0.058835302 0.995632708 -0.072483480 -3.836876631 -0.667560756 0.014745629 0.744409144 94.807167053
0.676553190 0.051303487 0.734604478 -1.086738586 -0.020338487 0.998491406 -0.051001631 -2.614561796 -0.736112833 0.019564571 0.676576078 94.238189697
0.629784882 0.049536917 0.775188446 -0.763111115 -0.014065083 0.998528004 -0.052382134 -2.644534588 -0.776642203 0.022086382 0.629554629 94.449111938
0.583233178 0.047230393 0.810930550 -0.425632477 -0.005722854 0.998522401 -0.054040186 -2.669102430 -0.812284648 0.026877193 0.582641661 94.631011963
0.535634100 0.049447734 0.843001246 -0.200759888 -0.005358071 0.998462975 -0.055162158 -2.689387083 -0.844433069 0.025029877 0.535075843 94.744537354
0.488332838 0.051996417 0.871107042 0.144123077 -0.005910682 0.998397470 -0.056280922 -2.717170954 -0.872637391 0.022334989 0.487857640 94.901748657
0.442518771 0.054605372 0.895095170 0.404220581 -0.004565307 0.998268485 -0.058642477 -2.735032558 -0.896747589 0.021864012 0.442001969 95.004760742
0.399972677 0.051324669 0.915088832 0.760803223 0.005350411 0.998282969 -0.058329381 -2.764632463 -0.916511357 0.028226260 0.399011314 95.120574951
0.361557215 0.044126518 0.931305170 1.056352615 0.022474244 0.998176694 -0.056020066 -2.778982162 -0.932079017 0.041184839 0.359906226 95.181739807
0.326335907 0.040995795 0.944364488 1.436275482 0.028274007 0.998188674 -0.053102765 -2.795127869 -0.944830954 0.044030316 0.324585706 95.271797180
0.293327957 0.044591554 0.954971373 1.737375259 0.028098254 0.998077869 -0.055235002 -2.818657398 -0.955598772 0.043034997 0.291511238 95.350158691
0.261443108 0.052296270 0.963801205 2.117219925 0.018982777 0.998059332 -0.059304453 -2.849838495 -0.965032160 0.033800367 0.259943008 95.452651978
0.233078867 0.056416076 0.970819950 2.448345184 0.016033700 0.997957110 -0.061842497 -2.880710125 -0.972325623 0.029980013 0.231698141 95.523040771
0.207156509 0.057891078 0.976593494 2.845998764 0.018503454 0.997837186 -0.063075364 -2.915693998 -0.978132725 0.031136826 0.205637306 95.587593079
0.184760049 0.059474375 0.980982304 3.206480026 0.028076062 0.997440398 -0.065760069 -2.933728218 -0.982382536 0.039691959 0.182617307 95.625671387
0.164783984 0.065573744 0.984147489 3.622703552 0.035429500 0.996750176 -0.072345719 -2.954452038 -0.985693157 0.046789281 0.161925212 95.667304993
0.144911245 0.072367087 0.986794710 4.018535614 0.038710352 0.996143460 -0.078737319 -2.974097729 -0.988687098 0.049609091 0.141551033 95.715560913
0.127420157 0.073259652 0.989139557 4.454269409 0.037379254 0.996205449 -0.078598104 -3.004973173 -0.991144180 0.046988282 0.124198236 95.765907288
0.111826099 0.068906605 0.991335869 4.902265549 0.036476858 0.996636033 -0.073389731 -3.046612740 -0.993058085 0.044367712 0.108936414 95.810165405
0.097751886 0.065194376 0.993073225 5.386071205 0.037358906 0.996908247 -0.069123536 -3.091743946 -0.994509339 0.043857090 0.095014080 95.845367432
0.084276028 0.062894262 0.994455636 5.841072083 0.040277638 0.996975362 -0.066466995 -3.127560854 -0.995628059 0.045655899 0.081487879 95.875862122
0.073176436 0.062129345 0.995382011 6.351593494 0.044841439 0.996843278 -0.065517128 -3.163479567 -0.996310353 0.049428672 0.070159465 95.892814636
0.063116349 0.062691592 0.996035218 6.850037098 0.048613932 0.996647179 -0.065810643 -3.199187040 -0.996821463 0.052574903 0.059857041 95.916946411
0.056283023 0.063633971 0.996384978 7.394010067 0.050799686 0.996491611 -0.066510320 -3.232018471 -0.997121692 0.054359440 0.052852962 95.926437378
0.049959484 0.063541681 0.996727884 7.928377151 0.053266726 0.996384144 -0.066189691 -3.273048162 -0.997329772 0.056399241 0.046394177 95.956695557
0.044459466 0.064528048 0.996925056 8.513851166 0.055590447 0.996205628 -0.066960625 -3.310599327 -0.997463286 0.058396552 0.040703632 95.974655151
0.038420506 0.065122791 0.997137308 9.084020615 0.055755999 0.996179760 -0.067208581 -3.356319904 -0.997704923 0.058178578 0.034642745 95.994758606
0.034629405 0.064962074 0.997286618 9.704328537 0.058373421 0.996050000 -0.066908456 -3.398589611 -0.997693956 0.060532045 0.030700561 96.003456116
0.031184426 0.065536276 0.997362733 10.336808205 0.059597809 0.995950758 -0.067306921 -3.439624786 -0.997735143 0.061539568 0.027152326 96.029464722
0.028268605 0.065059870 0.997480810 10.994865417 0.060678195 0.995927870 -0.066678189 -3.489665508 -0.997756898 0.062410239 0.024205772 96.047576904
0.025600452 0.064172424 0.997610331 11.661003113 0.063529387 0.995815814 -0.065687269 -3.539111137 -0.997651577 0.065059192 0.021416504 96.061531067
0.025398670 0.063882962 0.997634113 12.362694740 0.068602026 0.995492101 -0.065492332 -3.585823059 -0.997320831 0.070103131 0.020901676 96.063713074
0.026288940 0.063605659 0.997628748 13.095355988 0.071258567 0.995315611 -0.065335952 -3.638790846 -0.997111261 0.072807208 0.021633347 96.081115723
0.029225094 0.062858887 0.997594416 13.831899643 0.073720716 0.995167077 -0.064865641 -3.703547716 -0.996850550 0.075439066 0.024449848 96.087768555
0.032825008 0.063527279 0.997440159 14.568603516 0.074898958 0.995015264 -0.065837704 -3.742651939 -0.996650636 0.076868348 0.027903253 96.121620178
0.037302796 0.062722228 0.997333646 15.368489265 0.075901635 0.994967401 -0.065412313 -3.803400993 -0.996417284 0.078139335 0.032354355 96.136207581
0.041327927 0.061280355 0.997264624 16.135622025 0.076764546 0.994972289 -0.064320728 -3.854465008 -0.996192396 0.079212800 0.036415994 96.170143127
0.045459371 0.059427135 0.997197032 16.938087463 0.076746598 0.995070934 -0.062799081 -3.918604374 -0.996013761 0.079386279 0.040674463 96.202644348
0.049264692 0.057527680 0.997127652 17.819292068 0.073843330 0.995397747 -0.061076216 -3.970642567 -0.996052265 0.076640114 0.044789929 96.251190186
0.053318467 0.056546491 0.996975243 18.638866425 0.072867751 0.995513260 -0.060360547 -4.025168419 -0.995915353 0.075865656 0.048958827 96.300895691
0.057452504 0.057680912 0.996680498 19.464506149 0.069812857 0.995653510 -0.061645750 -4.081014633 -0.995904326 0.073122814 0.053175922 96.343894958
0.059947789 0.061339319 0.996315062 20.381093979 0.067703255 0.995561779 -0.065366611 -4.156913757 -0.995902836 0.071372367 0.055528868 96.415115356
0.061090101 0.066520914 0.995913088 21.201629639 0.061310273 0.995642364 -0.070263676 -4.224346161 -0.996247411 0.065352112 0.056745496 96.469268799
0.060910225 0.070184462 0.995672643 22.051435471 0.058905303 0.995533407 -0.073778182 -4.277437687 -0.996403515 0.063144259 0.056503937 96.528190613
0.060725093 0.069924265 0.995702267 22.999858856 0.057204813 0.995659709 -0.073410049 -4.345013618 -0.996513963 0.061416790 0.056461532 96.603805542
0.060872182 0.067715637 0.995845914 23.828409195 0.054517929 0.995981097 -0.071057290 -4.419536591 -0.996655524 0.058616869 0.056935843 96.651756287
0.060437612 0.066764042 0.995936692 24.746662140 0.055342618 0.996001661 -0.070126846 -4.493667603 -0.996636510 0.059356045 0.056501064 96.714889526
0.060723647 0.065976061 0.995971799 25.586622238 0.052704167 0.996209264 -0.069205143 -4.570236206 -0.996762097 0.056694258 0.057016257 96.766456604
0.060599104 0.066327885 0.995955884 26.488441467 0.051260680 0.996266246 -0.069467515 -4.642642498 -0.996845007 0.055263042 0.056972835 96.835067749
0.060523570 0.066821508 0.995927513 27.317588806 0.048336044 0.996389866 -0.069789961 -4.714430809 -0.996995687 0.052363139 0.057075191 96.883888245
0.058824241 0.068247586 0.995932639 28.215045929 0.045407418 0.996444762 -0.070964649 -4.786426544 -0.997235119 0.049397178 0.055516161 96.952705383
0.055491619 0.067866042 0.996149957 29.051651001 0.041929342 0.996648788 -0.070235729 -4.857172966 -0.997578323 0.045665409 0.052460071 97.013137817
0.052235980 0.066733979 0.996402383 29.876398087 0.040216126 0.996814787 -0.068869889 -4.922360420 -0.997824728 0.043668929 0.049385805 97.045158386
0.046916284 0.064428605 0.996818781 30.825342178 0.038990740 0.997039020 -0.066277958 -4.999504089 -0.998137534 0.041976225 0.044265240 97.101722717
0.040774565 0.061780177 0.997256458 31.641439438 0.036634844 0.997322917 -0.063282169 -5.069361687 -0.998496473 0.039114643 0.038402095 97.135635376
0.032911625 0.062452406 0.997505069 32.563636780 0.036960836 0.997287095 -0.063658223 -5.139958858 -0.998774588 0.038963720 0.030514056 97.175857544
0.024362499 0.063461438 0.997686863 33.388225555 0.037185576 0.997234941 -0.064340711 -5.203887939 -0.999011397 0.038667060 0.021935292 97.192695618
0.014244096 0.063973159 0.997850001 34.284572601 0.038357180 0.997181714 -0.064477891 -5.269744873 -0.999162495 0.039193131 0.011750120 97.207809448
0.004062481 0.062861197 0.998014092 35.107429504 0.040274091 0.997202218 -0.062974013 -5.334097862 -0.999180317 0.040449936 0.001519436 97.205642700
-0.006375851 0.062069509 0.998051465 35.916400909 0.040154699 0.997282624 -0.061765179 -5.399003983 -0.999172986 0.039682645 -0.008850912 97.194892883
-0.018071812 0.061428212 0.997947812 36.847366333 0.042867359 0.997240603 -0.060608391 -5.464817047 -0.998917222 0.041684091 -0.020655215 97.196594238
-0.028942641 0.062156841 0.997646630 37.653095245 0.043610808 0.997192740 -0.060863387 -5.512536049 -0.998629212 0.041746624 -0.031572111 97.169662476
-0.040032607 0.062754571 0.997225761 38.546005249 0.044660736 0.997140646 -0.060956363 -5.585228920 -0.998199761 0.042096585 -0.042720810 97.138969421
-0.050617702 0.063705750 0.996684194 39.335922241 0.044976063 0.997096360 -0.061447933 -5.644982338 -0.997704804 0.041716572 -0.053335965 97.099098206
-0.060794160 0.064682193 0.996052325 40.096767426 0.045914497 0.997022986 -0.061942823 -5.699474335 -0.997093678 0.041967478 -0.063583024 97.050537109
-0.070967570 0.065933764 0.995297253 41.063514709 0.047791690 0.996891737 -0.062631741 -5.768541336 -0.996333063 0.043122109 -0.073898092 97.002235413
-0.080568731 0.066262603 0.994544208 41.824306488 0.048786912 0.996854007 -0.062464274 -5.830403805 -0.995554388 0.043488067 -0.083548017 96.935272217
-0.089777768 0.066828251 0.993717313 42.588489532 0.049307566 0.996821046 -0.062582292 -5.882289886 -0.994740486 0.043379281 -0.092787504 96.858215332
-0.098171234 0.066781126 0.992926359 43.501243591 0.051786754 0.996736825 -0.061917223 -5.946781635 -0.993821084 0.045341946 -0.101309255 96.765434265
-0.105593197 0.065414131 0.992255628 44.212284088 0.052983917 0.996786773 -0.060074430 -6.006597996 -0.992996752 0.046230152 -0.108719796 96.678031921
-0.110727653 0.064022429 0.991786540 44.975669861 0.056916464 0.996693611 -0.057984788 -6.058812141 -0.992219567 0.050028466 -0.114005469 96.592834473
-0.114264242 0.062511928 0.991481841 45.835674286 0.060546249 0.996601164 -0.055857014 -6.124440670 -0.991603673 0.053648036 -0.117660746 96.488891602
-0.116498426 0.061746478 0.991269588 46.553405762 0.062834635 0.996524334 -0.054689191 -6.173205376 -0.991201282 0.055914864 -0.119973324 96.401962280
-0.118741602 0.060225356 0.991097093 47.250209808 0.062573463 0.996628523 -0.053064689 -6.233374119 -0.990951598 0.055715382 -0.122109786 96.324264526
-0.119381562 0.061416343 0.990947068 47.936107635 0.063628279 0.996506393 -0.054095473 -6.271431923 -0.990807533 0.056594253 -0.122872300 96.242698669
-0.118737020 0.062590413 0.990951240 48.752937317 0.064167075 0.996408761 -0.055246565 -6.318704605 -0.990850151 0.057026625 -0.122326851 96.143852234
-0.115684904 0.064675234 0.991178215 49.401309967 0.065452866 0.996205449 -0.057363980 -6.357205391 -0.991127193 0.058239296 -0.119479097 96.066276550
-0.110687308 0.064792134 0.991741180 49.995582581 0.063911304 0.996271312 -0.057955034 -6.408295631 -0.991798282 0.056968573 -0.114415526 95.999824524
-0.102983534 0.065333024 0.992535233 50.696338654 0.064680830 0.996168673 -0.058861025 -6.463749886 -0.992577732 0.058136299 -0.106814750 95.937004089
-0.091310024 0.065704212 0.993652761 51.269584656 0.064140208 0.996137083 -0.059974447 -6.503759861 -0.993754745 0.058256816 -0.095171586 95.879180908
-0.078144923 0.065774374 0.994769931 51.817317963 0.062489677 0.996182203 -0.060958836 -6.550845146 -0.994981527 0.057399228 -0.081956819 95.849411011
-0.061290823 0.067039639 0.995866060 52.344329834 0.059974007 0.996186435 -0.063370094 -6.597962379 -0.996316373 0.055842075 -0.065077730 95.827751160
-0.040172052 0.069601268 0.996765733 53.013900757 0.057932284 0.996055007 -0.067216843 -6.651316643 -0.997511864 0.055044670 -0.044045739 95.820205688
-0.015706601 0.072877154 0.997217357 53.523277283 0.056106843 0.995833039 -0.071892299 -6.692447186 -0.998301208 0.054821525 -0.019730067 95.825965881
0.012615485 0.074386597 0.997149706 54.119911194 0.051619988 0.995850801 -0.074942775 -6.747709751 -0.998587072 0.052418288 0.008723305 95.852409363
0.046088476 0.074012250 0.996191800 54.626544952 0.048333015 0.995918214 -0.076228045 -6.793245316 -0.997767270 0.051662177 0.042323120 95.880187988
0.083691537 0.071658790 0.993911922 55.201843262 0.045726489 0.996084154 -0.075665794 -6.841360092 -0.995441973 0.051780686 0.080087118 95.962081909
0.125703633 0.067666270 0.989757597 55.698184967 0.041511860 0.996438563 -0.073395230 -6.895369053 -0.991199017 0.050312717 0.122447006 96.046974182
0.170882195 0.063662618 0.983232617 56.244865417 0.037345570 0.996774793 -0.071029969 -6.938514233 -0.984583378 0.048857138 0.167953551 96.163223267
0.219743818 0.060585268 0.973674536 56.736251831 0.030725315 0.997144759 -0.068979912 -6.979839802 -0.975073516 0.045074366 0.217254907 96.291458130
0.269984782 0.058824651 0.961065948 57.248443604 0.023640906 0.997426152 -0.067691438 -7.033523560 -0.962574244 0.040996127 0.267899275 96.485275269
0.325167090 0.058496911 0.943845630 57.694644928 0.019529983 0.997456610 -0.068547919 -7.073671341 -0.945454836 0.040722810 0.323197663 96.667198181
0.379261971 0.058674686 0.923427165 58.179840088 0.019864954 0.997241020 -0.071523599 -7.122361183 -0.925076067 0.045470014 0.377050072 96.950256348
0.439362019 0.063464999 0.896065414 58.589935303 0.016440250 0.996765971 -0.078658313 -7.154065132 -0.898159623 0.049291015 0.436897814 97.180969238
0.490666121 0.065844968 0.868856251 58.943664551 0.015977338 0.996293068 -0.084525421 -7.207074165 -0.871201158 0.055355765 0.487795293 97.568977356
0.549716055 0.071627229 0.832275093 59.319614410 0.008313767 0.995798528 -0.091191627 -7.222991943 -0.835310221 0.057048835 0.546810985 97.849357605
0.604673207 0.074741624 0.792959213 59.661445618 0.000517486 0.995550096 -0.094231799 -7.259824753 -0.796473503 0.057389781 0.601943672 98.203704834
0.658248961 0.074224092 0.749132276 59.994277954 -0.005167821 0.995549560 -0.094098292 -7.327255726 -0.752782643 0.058068715 0.655703008 98.547233582
0.707706809 0.073303103 0.702693164 60.319702148 -0.009241359 0.995478272 -0.094538391 -7.353354931 -0.706445813 0.060411628 0.705184102 98.942039490
0.754184008 0.069646396 0.652959228 60.603729248 -0.015670702 0.995985329 -0.088134415 -7.403280258 -0.656476140 0.056237239 0.752247632 99.328498840
0.795564055 0.065477811 0.602321029 60.852218628 -0.020165425 0.996453822 -0.081688575 -7.436904907 -0.605533838 0.052842420 0.794063091 99.770408630
0.833257020 0.062337071 0.549360216 61.093772888 -0.026008388 0.996942997 -0.073676325 -7.483489037 -0.552273691 0.047103338 0.832331002 100.213775635
0.865522504 0.057510756 0.497557193 61.299839020 -0.028755855 0.997453153 -0.065269798 -7.522693634 -0.500043750 0.042184800 0.864971995 100.654388428
0.892075241 0.058834422 0.448040366 61.467010498 -0.036240660 0.997609019 -0.058843713 -7.556304932 -0.450431168 0.036255747 0.892074585 101.107788086
0.913076341 0.060160428 0.403326720 61.623428345 -0.042011410 0.997672558 -0.053705346 -7.597076893 -0.405618876 0.032092746 0.913478673 101.574623108
0.929178536 0.066492669 0.363601446 61.781166077 -0.051477410 0.997379005 -0.050843287 -7.617003441 -0.366029143 0.028525230 0.930166066 102.074577332
0.941463411 0.070614859 0.329636365 61.886932373 -0.057095300 0.997089386 -0.050528914 -7.645359993 -0.332244933 0.028750446 0.942754865 102.534179688
0.951370478 0.073387131 0.299180150 62.022521973 -0.061197713 0.996876359 -0.049923748 -7.666143417 -0.301909357 0.029186836 0.952889800 103.024108887
0.958319783 0.067715809 0.277557313 62.164478302 -0.056269228 0.997211933 -0.049010076 -7.695064068 -0.280102223 0.031349383 0.959458172 103.537765503
0.963087082 0.063951299 0.261483520 62.310775757 -0.053269848 0.997438252 -0.047742769 -7.728466034 -0.263866901 0.032051258 0.964026451 104.055038452
0.966035128 0.067459330 0.249450192 62.422782898 -0.057312645 0.997214794 -0.047726586 -7.755892754 -0.251975030 0.031808902 0.967210889 104.613067627
0.967948556 0.073228970 0.240235448 62.502220154 -0.063894697 0.996876061 -0.046427105 -7.784813404 -0.242884800 0.029589280 0.969603717 105.103103638
0.968774974 0.080581583 0.234481841 62.615562439 -0.071260005 0.996303380 -0.047972955 -7.807196617 -0.237480789 0.029765816 0.970936060 105.662300110
0.968957663 0.087164141 0.231351778 62.741333008 -0.077397212 0.995696008 -0.050980233 -7.848449707 -0.234799683 0.031491701 0.971533477 106.215744019
0.968903124 0.088137530 0.231211066 62.862499237 -0.077593893 0.995503843 -0.054323956 -7.875433922 -0.234959513 0.034694087 0.971385717 106.816001892
0.968688130 0.086332403 0.232787311 62.992954254 -0.074890852 0.995528758 -0.057565391 -7.913729191 -0.236716241 0.038329266 0.970822453 107.354568481
0.967522621 0.085703850 0.237812713 63.118469238 -0.072432518 0.995317221 -0.064010009 -7.954175949 -0.242184952 0.044705741 0.969199598 107.965751648
0.966520786 0.086016566 0.241741285 63.275344849 -0.071238294 0.995053232 -0.069238372 -7.987977982 -0.246501118 0.049699079 0.967867315 108.571548462
0.965340734 0.090274237 0.244883433 63.427230835 -0.075543322 0.994758129 -0.068914458 -8.030591011 -0.249821052 0.048026629 0.967100203 109.143585205
0.963474452 0.093330652 0.251010746 63.577548981 -0.079247124 0.994689882 -0.065664455 -8.068025589 -0.255806357 0.043374144 0.965754449 109.780174255
0.962323368 0.090116993 0.256540298 63.744338989 -0.076678000 0.995130360 -0.061936181 -8.108158112 -0.260872513 0.039931621 0.964547098 110.434860229
0.961792767 0.086146086 0.259871751 63.929130554 -0.074250676 0.995706856 -0.055267625 -8.166478157 -0.263517141 0.033860363 0.964060187 111.070594788
0.960947633 0.083575830 0.263808131 64.110900879 -0.072710186 0.996063292 -0.050704084 -8.213092804 -0.267007262 0.029542431 0.963241518 111.728172302
0.960511446 0.078564994 0.266918004 64.295204163 -0.067449026 0.996439874 -0.050576430 -8.250654221 -0.269941270 0.030575883 0.962391138 112.403320312
0.960411131 0.076012351 0.268015832 64.468856812 -0.063954718 0.996520400 -0.053448457 -8.296258926 -0.271145999 0.034191616 0.961930692 113.076667786
0.961001039 0.075126342 0.266144574 64.678649902 -0.061114371 0.996292114 -0.060556557 -8.344056129 -0.269707114 0.041929662 0.962029040 113.761009216
0.960991323 0.077734843 0.265429407 64.860504150 -0.061971869 0.995808601 -0.067266755 -8.390476227 -0.269545794 0.048193615 0.961780846 114.459503174
0.961642802 0.080534413 0.262216061 65.048812866 -0.064108759 0.995441198 -0.070619382 -8.440388680 -0.266707867 0.051100295 0.962421715 115.166915894
0.962177992 0.079183497 0.260659248 65.236602783 -0.064008579 0.995750308 -0.066214174 -8.488331795 -0.264794528 0.047025412 0.963157475 115.894691467
0.962886393 0.074591644 0.259395003 65.439163208 -0.061297417 0.996375382 -0.058978900 -8.539319992 -0.262854129 0.040889740 0.963968694 116.638771057
0.963545740 0.074859858 0.256856918 65.643478394 -0.063436195 0.996604443 -0.052488361 -8.600402832 -0.259914070 0.034280911 0.965022981 117.391006470
0.963680029 0.078466319 0.255272120 65.840393066 -0.066966422 0.996322572 -0.053447176 -8.648756981 -0.258527189 0.034411326 0.965390861 118.165107727
0.963884592 0.083673231 0.252834648 66.019798279 -0.071260452 0.995777130 -0.057875954 -8.699254990 -0.256609648 0.037768632 0.965776861 118.931228638
0.964898050 0.084700257 0.248591244 66.217376709 -0.071010277 0.995449305 -0.063546553 -8.743908882 -0.252842396 0.043663412 0.966521740 119.707923889
0.965963960 0.083574228 0.244804755 66.411827087 -0.069428124 0.995409727 -0.065871149 -8.804052353 -0.249186218 0.046632819 0.967332244 120.508483887
0.966996670 0.081843406 0.241286799 66.607040405 -0.068286136 0.995608389 -0.064037964 -8.864599228 -0.245468229 0.045447957 0.968338788 121.322486877
0.968149602 0.077619433 0.238037184 66.807220459 -0.064638175 0.995988607 -0.061875414 -8.922272682 -0.241885036 0.044518352 0.969283104 122.144279480
0.968648314 0.076120339 0.236487329 67.000350952 -0.063779876 0.996193826 -0.059412699 -8.978227615 -0.240109712 0.042466871 0.969816446 122.970909119
0.969164848 0.073087640 0.235324591 67.213317871 -0.061329320 0.996493638 -0.056913447 -9.034256935 -0.238659143 0.040726218 0.970248938 123.825592041
0.969438314 0.068837039 0.235479698 67.405334473 -0.057283185 0.996810377 -0.055567183 -9.087364197 -0.238553703 0.040379934 0.970289350 124.653961182
0.969729245 0.068738170 0.234308183 67.626678467 -0.057650480 0.996883214 -0.053854518 -9.153223991 -0.237279743 0.038716324 0.970669508 125.523979187
0.969158053 0.074547604 0.234894261 67.814971924 -0.063173003 0.996453047 -0.055593356 -9.212250710 -0.238205418 0.039039772 0.970429778 126.361793518
0.968743682 0.079705894 0.234909937 68.016769409 -0.067571133 0.995952129 -0.059274405 -9.262041092 -0.238683552 0.041548584 0.970208108 127.241699219
0.967839956 0.088506065 0.235483572 68.215461731 -0.076212265 0.995234728 -0.060823914 -9.318973541 -0.239744708 0.040921085 0.969973087 128.084228516
0.966483474 0.094465941 0.238716990 68.409042358 -0.082319058 0.994775534 -0.060374416 -9.383448601 -0.243173167 0.038699914 0.969210565 128.988052368
0.965334177 0.097090356 0.242287710 68.606880188 -0.085336842 0.994629264 -0.058568172 -9.446265221 -0.246672854 0.035861794 0.968435049 129.854736328
0.964810550 0.097419247 0.244234204 68.833602905 -0.085370727 0.994572937 -0.059467413 -9.511289597 -0.248702034 0.036524326 0.967891097 130.757598877
0.964361727 0.096243918 0.246462390 69.042594910 -0.083306104 0.994567215 -0.062418591 -9.569393158 -0.251130790 0.039662275 0.967140198 131.616180420
0.964737177 0.089828409 0.247412533 69.281799316 -0.077038765 0.995165229 -0.060918301 -9.640795708 -0.251688540 0.039709788 0.966993213 132.517242432
0.965264082 0.083272748 0.247650713 69.513214111 -0.069835693 0.995594084 -0.062571853 -9.705179214 -0.251770139 0.043103501 0.966826677 133.362930298
0.965023160 0.082599685 0.248812258 69.727798462 -0.069091767 0.995647013 -0.062557109 -9.771371841 -0.252896428 0.043178186 0.966529310 134.202545166
0.964435339 0.084591806 0.250417233 69.966995239 -0.071800694 0.995624781 -0.059798561 -9.838650703 -0.254380047 0.039691720 0.966289580 135.148010254
0.963689983 0.087318935 0.252342910 70.173202515 -0.076034084 0.995633781 -0.054150030 -9.899229050 -0.255969465 0.032997184 0.966121495 136.006301880
0.963157356 0.090227410 0.253351778 70.392944336 -0.080088809 0.995529175 -0.050072312 -9.963037491 -0.256736994 0.027936872 0.966077447 136.847396851
0.962982237 0.089549102 0.254255861 70.621116638 -0.077615738 0.995375097 -0.056605801 -10.027614594 -0.258148879 0.034776125 0.965479136 137.784790039
0.963560104 0.085867070 0.253334969 70.839218140 -0.070015594 0.995019257 -0.070953988 -10.091515541 -0.258165777 0.050631039 0.964772999 138.603805542
0.964108706 0.083935350 0.251891464 71.081283569 -0.065779507 0.994648695 -0.079667628 -10.164505005 -0.257230461 0.060238950 0.964470625 139.487335205
0.964432597 0.080800883 0.251676589 71.297340393 -0.064947799 0.995382011 -0.070685863 -10.227674484 -0.256225824 0.051825918 0.965226591 140.318695068
