0.999114931 0.002112785 -0.042010192 -0.052580453 -0.002255565 0.999991953 -0.003351580 -0.004573257 0.042002767 0.003443371 0.999111533 0.485061139
0.998472631 0.001919839 -0.055217579 -0.078622192 -0.002151949 0.999989212 -0.004144406 -0.005795279 0.055209026 0.004256902 0.998465657 0.604999840
0.997456431 0.001703493 -0.071257815 -0.100150570 -0.002058491 0.999985814 -0.004908752 0.000304575 0.071248449 0.005042950 0.997445881 0.752667904
0.995888889 0.000440787 -0.090581976 -0.125238538 -0.000811856 0.999991417 -0.004059691 -0.007899973 0.090579405 0.004116541 0.995880723 0.884561896
0.993875325 -0.000784574 -0.110504270 -0.156684354 0.000301663 0.999990344 -0.004386717 -0.009419202 0.110506624 0.004326515 0.993865967 1.041216373
0.991180956 -0.001333823 -0.132508695 -0.199877918 0.000661257 0.999986649 -0.005119519 -0.011140106 0.132513732 0.004986746 0.991168618 1.232002497
0.987682581 0.002339055 -0.156453371 -0.256099403 -0.003359906 0.999974668 -0.006260810 -0.017717088 0.156434759 0.006709361 0.987665653 1.399217486
0.983315229 0.006504361 -0.181793526 -0.317351699 -0.008037918 0.999938071 -0.007700215 -0.025346246 0.181732193 0.009032980 0.983306527 1.580540419
0.977978468 0.009404459 -0.208493441 -0.391093552 -0.011361578 0.999901891 -0.008191346 -0.035848118 0.208395913 0.010379775 0.977989435 1.758599639
0.971179307 0.010141823 -0.238133833 -0.459654242 -0.012576010 0.999883056 -0.008704876 -0.030112965 0.238017708 0.011448768 0.971193314 1.866024017
0.962859571 0.012008396 -0.269735098 -0.535681784 -0.014779138 0.999856830 -0.008243492 -0.034074329 0.269597441 0.011923780 0.962899268 2.060492039
0.953609407 0.014116977 -0.300715894 -0.633816183 -0.017028339 0.999830008 -0.007062484 -0.037836149 0.300565094 0.011855539 0.953687608 2.235936880
0.942086697 0.016034491 -0.334985971 -0.723367631 -0.019177547 0.999797642 -0.006076864 -0.038301397 0.334820688 0.012149140 0.942203522 2.420951366
0.929815292 0.018599421 -0.367556125 -0.827628493 -0.022115484 0.999741137 -0.005356217 -0.043865297 0.367361248 0.013108976 0.929985940 2.580586433
0.915863633 0.020960020 -0.400941908 -0.952520907 -0.024799049 0.999682903 -0.004387596 -0.045928303 0.400722742 0.013961419 0.916093051 2.774281025
0.899854362 0.022424323 -0.435613751 -1.086277843 -0.026696026 0.999636769 -0.003687570 -0.048606381 0.435372829 0.014947434 0.900126159 2.971578836
0.881352127 0.017541310 -0.472134292 -1.195739388 -0.022427384 0.999737322 -0.004722630 -0.043074533 0.471927404 0.014751039 0.881513894 3.124637127
0.860096157 0.012070527 -0.509989262 -1.340556860 -0.017282518 0.999835670 -0.005482628 -0.043033395 0.509839237 0.013529487 0.860163212 3.315005302
0.835596800 0.014695420 -0.549146593 -1.485650778 -0.018695820 0.999823809 -0.001692333 -0.054006476 0.549024940 0.011680853 0.835724354 3.457496166
0.806358337 0.020301683 -0.591078818 -1.676112890 -0.023400540 0.999723315 0.002413965 -0.062283263 0.590964079 0.011885040 0.806610346 3.636210918
0.773914397 0.023116229 -0.632868111 -1.862542152 -0.026622709 0.999637842 0.003956836 -0.060240224 0.632730365 0.013786415 0.774249315 3.797500610
0.737998843 0.022891203 -0.674413562 -2.084532738 -0.026249064 0.999641895 0.005206342 -0.065047704 0.674291193 0.013860450 0.738335431 3.974927425
0.698130727 0.018253503 -0.715737581 -2.284418106 -0.020009141 0.999781907 0.005980575 -0.063081361 0.715690672 0.010146072 0.698343694 4.128124714
0.655117869 0.014974391 -0.755378246 -2.537440538 -0.014838496 0.999865711 0.006952035 -0.063769519 0.755380988 0.006654277 0.655252039 4.303415298
0.610717595 0.014278060 -0.791719615 -2.779537678 -0.012119985 0.999888778 0.008683106 -0.061873309 0.791755736 0.004292706 0.610822737 4.439634800
0.562238157 0.014644598 -0.826845706 -3.074052811 -0.008794855 0.999892533 0.011729179 -0.065235339 0.826928616 0.000677399 0.562306523 4.594034195
0.512380600 0.015563952 -0.858617425 -3.328716993 -0.008159737 0.999878824 0.013255237 -0.054588504 0.858719707 0.000214368 0.512445509 4.661698341
0.460437655 0.016505342 -0.887538552 -3.674996853 -0.007168522 0.999863625 0.014875335 -0.046479389 0.887663186 -0.000486824 0.460493177 4.776700974
0.428827316 0.021220190 -0.903137207 -3.780034781 -0.008788649 0.999774754 0.019317772 -0.036769457 0.903343737 -0.000346634 0.428917229 4.957024097
0.374249190 0.023313496 -0.927035034 -4.169114113 -0.008548366 0.999728084 0.021690594 -0.029817715 0.927288830 -0.000193054 0.374346763 5.061398506
0.318966538 0.027239673 -0.947374463 -4.587297440 -0.002993060 0.999610782 0.027733902 -0.057993650 0.947761238 -0.006010639 0.318923950 5.155608177
0.265450150 0.030227385 -0.963650703 -5.038432121 0.001382425 0.999495447 0.031732559 -0.066328302 0.964123547 -0.009755587 0.265274465 5.243133545
0.201116920 0.031268422 -0.979068041 -5.485994816 0.010688947 0.999360859 0.034112200 -0.031327710 0.979508936 -0.017325746 0.200654149 5.318727970
0.154222056 0.033091120 -0.987481892 -5.987937450 0.009827236 0.999338210 0.035023220 -0.032767713 0.987987280 -0.015105572 0.153794751 5.344352722
0.111435302 0.032787312 -0.993230700 -6.324770927 0.007808717 0.999395967 0.033866923 -0.012016624 0.993741035 -0.011529828 0.111111932 5.353227615
0.073670402 0.031424966 -0.996787429 -6.860782623 0.006644448 0.999465823 0.032000478 0.003242314 0.997260511 -0.008980590 0.073422238 5.355134010
0.039057381 0.028434251 -0.998832345 -7.237847328 0.007993551 0.999554157 0.028767375 0.013749003 0.999204993 -0.009107796 0.038812678 5.348481655
0.002413109 0.026378417 -0.999649227 -7.766666889 0.014002373 0.999553144 0.026409689 0.024452776 0.999899030 -0.014061189 0.002042671 5.376667976
-0.023845421 0.024440726 -0.999416888 -8.349067688 0.013574602 0.999616861 0.024121735 0.032945603 0.999623477 -0.012991494 -0.024168057 5.339890480
-0.043035671 0.021826306 -0.998835206 -8.759568214 0.010238683 0.999718487 0.021404469 0.044259995 0.999020994 -0.009305601 -0.043247033 5.291980743
-0.059882432 0.021150937 -0.997981429 -9.394662857 0.010758877 0.999731064 0.020542450 0.056378394 0.998147368 -0.009507027 -0.060093891 5.245108604
-0.072388865 0.021330278 -0.997148335 -9.844183922 0.011593935 0.999721646 0.020543654 0.069177352 0.997309089 -0.010073741 -0.072616033 5.196955204
-0.081517026 0.022715051 -0.996413112 -10.522792816 0.011393767 0.999696076 0.021857765 0.073100954 0.996606886 -0.009571118 -0.081751071 5.124950409
-0.088631950 0.023734614 -0.995781541 -10.994200706 0.008921987 0.999694824 0.023033764 0.077205285 0.996024430 -0.006842824 -0.088816650 5.077667713
-0.092672899 0.024692005 -0.995390415 -11.708059311 0.008950897 0.999672711 0.023964886 0.093322903 0.995656371 -0.006688742 -0.092863582 4.997705460
-0.097344629 0.025776993 -0.994916856 -12.241109848 0.014273841 0.999597907 0.024501693 0.104046121 0.995148361 -0.011816177 -0.097673438 4.958826542
-0.096209414 0.027954413 -0.994968474 -12.992715836 0.016216008 0.999516964 0.026514182 0.116378546 0.995229125 -0.013583502 -0.096616238 4.883873940
-0.091913536 0.029969543 -0.995315909 -13.494431496 0.012347710 0.999504447 0.028955398 0.121298403 0.995690405 -0.009628479 -0.092238046 4.834725380
-0.089631028 0.030096000 -0.995520294 -14.255153656 0.009914209 0.999520779 0.029324321 0.130450219 0.995925665 -0.007241425 -0.089886442 4.756750107
-0.091541402 0.027815571 -0.995412648 -14.852363586 0.012146125 0.999566555 0.026814649 0.146730036 0.995727301 -0.009635753 -0.091839582 4.701740265
-0.090621233 0.027200010 -0.995513916 -15.656510353 0.011533632 0.999588549 0.026261436 0.168440789 0.995818734 -0.009102046 -0.090897657 4.635911942
-0.088734783 0.030057345 -0.995601654 -16.260848999 0.012155755 0.999502838 0.029091721 0.185021549 0.995981097 -0.009520843 -0.089056052 4.574069023
-0.086852223 0.033591263 -0.995654702 -17.086280823 0.011071904 0.999402165 0.032751881 0.198235273 0.996159673 -0.008179219 -0.087172225 4.496221542
-0.085055105 0.035828415 -0.995731890 -17.730419159 0.010252898 0.999331832 0.035082150 0.205478460 0.996323407 -0.007225223 -0.085365616 4.438674927
-0.083785556 0.034840517 -0.995874643 -18.563304901 0.008002487 0.999379873 0.034289878 0.225036889 0.996451616 -0.005096477 -0.084012412 4.372130871
-0.081477001 0.032225445 -0.996154130 -19.245843887 0.005761773 0.999475658 0.031861633 0.239548653 0.996658504 -0.003143622 -0.081619963 4.298148632
-0.079644561 0.031503715 -0.996325433 -20.114280701 0.004974385 0.999500513 0.031206474 0.262447834 0.996810853 -0.002470681 -0.079761498 4.216555119
-0.078334413 0.033832546 -0.996352911 -20.821298599 0.007422335 0.999416053 0.033353008 0.277097434 0.996899426 -0.004782577 -0.078539796 4.164772987
-0.077062942 0.035663106 -0.996388257 -21.689752579 0.009988395 0.999337494 0.034996144 0.299008191 0.996976137 -0.007255414 -0.077368103 4.090683460
-0.075809084 0.037870340 -0.996402919 -22.439529419 0.010525030 0.999253213 0.037177898 0.308189213 0.997066796 -0.007668748 -0.076151058 4.032536983
-0.075412199 0.033436637 -0.996591687 -23.318943024 0.010446085 0.999409318 0.032740716 0.320626289 0.997097731 -0.007941432 -0.075716935 3.967941284
-0.074864239 0.026267381 -0.996847689 -24.057092667 0.011690708 0.999607444 0.025462123 0.335142851 0.997125208 -0.009747653 -0.075141944 3.906535149
-0.075177930 0.021563446 -0.996936917 -24.963645935 0.015220595 0.999674559 0.020474892 0.353530139 0.997053921 -0.013634713 -0.075481676 3.841211319
-0.075534239 0.022144005 -0.996897280 -25.856330872 0.015927212 0.999652684 0.020998411 0.366202354 0.997016013 -0.014291694 -0.075860694 3.763005733
-0.076617815 0.029916475 -0.996611595 -26.505451202 0.017278116 0.999439478 0.028673047 0.352730006 0.996910810 -0.015022704 -0.077091768 3.695718288
-0.077467665 0.036628041 -0.996321797 -27.415309906 0.015939888 0.999242604 0.035496041 0.375964224 0.996867418 -0.013131462 -0.077992849 3.630608082
-0.077724636 0.042317949 -0.996076345 -28.346288681 0.014056017 0.999045968 0.041347306 0.389128268 0.996875823 -0.010787159 -0.078245305 3.546983242
-0.076510020 0.042800281 -0.996149778 -29.129831314 0.010356304 0.999058485 0.042129841 0.411669195 0.997014999 -0.007093076 -0.076881237 3.489227772
-0.077129565 0.039199173 -0.996250153 -30.036178589 0.010760482 0.999201417 0.038482219 0.431043267 0.996962965 -0.007752016 -0.077489771 3.417907238
-0.077513278 0.036279887 -0.996330976 -30.937797546 0.010345278 0.999313116 0.035583630 0.452921450 0.996937633 -0.007549116 -0.077835359 3.347570181
-0.078396544 0.037857953 -0.996203303 -31.601604462 0.010419318 0.999255240 0.037153993 0.449969113 0.996867895 -0.007467012 -0.078732610 3.251745462
-0.078423887 0.040232930 -0.996107996 -32.516296387 0.009096127 0.999172628 0.039640579 0.467705369 0.996878624 -0.005951955 -0.078724973 3.172086477
-0.077494204 0.038470384 -0.996250391 -33.429199219 0.008175754 0.999246240 0.037950117 0.481290162 0.996959329 -0.005204183 -0.077750310 3.073900223
-0.080850318 0.033375427 -0.996167302 -34.150718689 0.010544703 0.999411941 0.032628305 0.502124488 0.996670485 -0.007866280 -0.081154697 3.099105120
-0.080137752 0.029322907 -0.996352434 -35.060287476 0.008846520 0.999548733 0.028705440 0.509030700 0.996744514 -0.006513862 -0.080361001 2.999875069
-0.079832815 0.030153921 -0.996352136 -35.925426483 0.009377936 0.999520838 0.029498415 0.522930980 0.996764183 -0.006988784 -0.080077350 2.933626652
-0.079717256 0.032934166 -0.996273279 -36.648117065 0.010044634 0.999429822 0.032234788 0.528490007 0.996767044 -0.007437530 -0.080002613 2.890622854
-0.078857705 0.037682038 -0.996173441 -37.536670685 0.010760908 0.999259293 0.036946923 0.547818840 0.996827781 -0.007806181 -0.079204798 2.805187941
-0.078858815 0.043245368 -0.995947361 -38.430908203 0.012096946 0.999026537 0.042421244 0.571629167 0.996812403 -0.008702632 -0.079305187 2.744034290
-0.079390615 0.046570554 -0.995755076 -39.115039825 0.011205530 0.998886704 0.045823611 0.584557652 0.996780574 -0.007520001 -0.079824068 2.697642565
-0.079344079 0.046375550 -0.995767832 -39.987541199 0.011537796 0.998893082 0.045601748 0.608667850 0.996780515 -0.007870738 -0.079791322 2.630881548
-0.078814290 0.041881964 -0.996009171 -40.882488251 0.011284497 0.999090552 0.041118596 0.629295349 0.996825397 -0.007998729 -0.079215229 2.539165020
-0.079320826 0.038055416 -0.996122360 -41.582809448 0.011231887 0.999241650 0.037280194 0.639489412 0.996785879 -0.008231237 -0.079688102 2.501949310
-0.079323947 0.035436984 -0.996218801 -42.467201233 0.007477088 0.999360919 0.034953397 0.654636741 0.996820807 -0.004676175 -0.079538234 2.418517113
-0.079467267 0.033788081 -0.996264637 -43.360149384 0.003896433 0.999428213 0.033584576 0.669107378 0.996829867 -0.001213003 -0.079553485 2.328003883
-0.079823337 0.031351835 -0.996315837 -44.244201660 0.006035809 0.999502122 0.030968521 0.686606705 0.996790826 -0.003541562 -0.079972826 2.248689413
-0.081354149 0.027893379 -0.996294856 -44.867847443 0.009624273 0.999583662 0.027199572 0.692906260 0.996638715 -0.007375813 -0.081588738 2.213813782
-0.081441246 0.026172359 -0.996334434 -45.747261047 0.013797768 0.999589026 0.025130009 0.709685743 0.996582568 -0.011700572 -0.081768900 2.123239756
-0.083435029 0.029852282 -0.996065974 -46.624813080 0.014162521 0.999485731 0.028768459 0.718607366 0.996412635 -0.011706507 -0.083814919 2.048521757
-0.085766897 0.036286440 -0.995654225 -47.321102142 0.016835714 0.999246657 0.034967113 0.721942723 0.996172965 -0.013763528 -0.086313196 2.004185200
-0.087563835 0.040448405 -0.995337427 -48.193050385 0.018411119 0.999070406 0.038980406 0.729677916 0.995988667 -0.014912001 -0.088227138 1.923373699
-0.088833086 0.039556880 -0.995260775 -49.056636810 0.018464541 0.999104798 0.038061589 0.741341949 0.995875299 -0.014995906 -0.089483954 1.834859371
-0.090101607 0.035389148 -0.995303631 -49.742893219 0.015283355 0.999299943 0.034147691 0.756313503 0.995815277 -0.012134816 -0.090579376 1.771550179
-0.092069611 0.031554077 -0.995252490 -50.559326172 0.010759353 0.999470949 0.030692497 0.773617268 0.995694399 -0.007882426 -0.092360385 1.688858509
-0.092726208 0.030031634 -0.995238602 -51.374069214 0.005925805 0.999544024 0.029609440 0.785696566 0.995673954 -0.003152018 -0.092861868 1.588890076
-0.093815528 0.030577276 -0.995119929 -52.124938965 0.006548954 0.999525607 0.030095242 0.799211383 0.995567977 -0.003693594 -0.093971275 1.503921509
-0.094677053 0.032358501 -0.994982004 -52.930404663 0.005924814 0.999472260 0.031940758 0.806379437 0.995490313 -0.002871027 -0.094818808 1.418076515
-0.095315292 0.031735264 -0.994941056 -53.734920502 0.003884168 0.999495983 0.031508442 0.816975355 0.995439470 -0.000861284 -0.095390514 1.325617313
-0.095016047 0.030313667 -0.995014012 -54.487983704 0.000956358 0.999538541 0.030360192 0.799186349 0.995475233 0.001933115 -0.095001198 1.293343544
-0.095415324 0.031977031 -0.994923770 -55.266601562 0.002773762 0.999488533 0.031857736 0.809630573 0.995433688 0.000280034 -0.095455229 1.216520309
-0.095811270 0.035040490 -0.994782507 -56.039318085 0.003866920 0.999385774 0.034830194 0.820637226 0.995392025 -0.000509620 -0.095887929 1.140255928
-0.095580675 0.036077015 -0.994767845 -56.828109741 0.000818111 0.999345541 0.036164440 0.853379130 0.995421350 0.002642789 -0.095547631 1.075387478
-0.095615640 0.039218709 -0.994645417 -57.579238892 0.000601243 0.999225676 0.039341506 0.843453169 0.995418131 0.003163639 -0.095565163 0.982711315
-0.096878029 0.038370997 -0.994556308 -58.347671509 0.000757666 0.999259233 0.038478624 0.868013740 0.995295942 0.002974191 -0.096835315 0.925917625
-0.096730292 0.036334060 -0.994647205 -59.105674744 0.000897971 0.999336243 0.036418017 0.876536727 0.995310187 0.002629561 -0.096698709 0.839986324
-0.097568490 0.033022318 -0.994680882 -59.851097107 0.001122560 0.999452472 0.033070613 0.883728981 0.995228112 0.002110061 -0.097552143 0.774923325
-0.097196065 0.028832640 -0.994847655 -60.553668976 0.001520017 0.999583423 0.028821396 0.929730117 0.995264053 0.001289141 -0.097199425 0.708372593
-0.095493406 0.026999788 -0.995063782 -61.292263031 0.001318573 0.999634683 0.026997272 0.932399750 0.995429158 0.001265996 -0.095494129 0.616419315
-0.093394212 0.026403723 -0.995279133 -61.988410950 -0.001376625 0.999643922 0.026648700 0.934010267 0.995628297 0.003858960 -0.093324617 0.551089764
-0.089210436 0.027302904 -0.995638490 -62.666542053 -0.001764768 0.999618292 0.027570166 0.936416328 0.996011257 0.004216618 -0.089128204 0.496563911
-0.083524913 0.028674932 -0.996092975 -63.308063507 -0.001025134 0.999582887 0.028861359 0.941248119 0.996505082 0.003431770 -0.083460681 0.442707539
-0.076320633 0.030262228 -0.996623993 -63.965652466 -0.000472513 0.999538183 0.030386897 0.941843867 0.997083247 0.002790066 -0.076271087 0.392978191
-0.067470029 0.031798605 -0.997214437 -64.581436157 -0.001422884 0.999487877 0.031967375 0.941503644 0.997720301 0.003575760 -0.067390233 0.347295284
-0.055924758 0.033434454 -0.997874975 -65.201812744 -0.003205798 0.999428034 0.033666153 0.948594689 0.998429835 0.005081757 -0.055785589 0.321879625
-0.040804867 0.035221457 -0.998546183 -65.792724609 -0.006569842 0.999347329 0.035518195 0.947975874 0.999145567 0.008009605 -0.040546838 0.288197041
-0.023486879 0.033982571 -0.999146402 -66.410850525 -0.007220482 0.999390244 0.034160592 0.979656100 0.999698043 0.008016646 -0.023227187 0.314151049
-0.001535108 0.034711268 -0.999396145 -66.966560364 -0.008334891 0.999362111 0.034722887 0.991056204 0.999963999 0.008383160 -0.001244815 0.323870659
0.023773855 0.035594333 -0.999083519 -67.498512268 -0.007883183 0.999341667 0.035415936 0.986964703 0.999686241 0.007033986 0.024038803 0.355782151
0.053209033 0.035014335 -0.997969329 -68.014122009 -0.006454359 0.999376178 0.034719560 0.995897532 0.998562455 0.004593859 0.053401832 0.404145479
0.087470785 0.034679234 -0.995563269 -68.505424500 -0.005071073 0.999396384 0.034367207 1.006980062 0.996154130 0.002042447 0.087593846 0.466840744
0.125263169 0.035101116 -0.991502464 -68.965019226 -0.004865170 0.999383688 0.034765474 1.011353970 0.992111623 0.000468994 0.125356749 0.543531418
0.167500257 0.034612406 -0.985264242 -69.385200500 -0.005062331 0.999400496 0.034248393 1.012462378 0.985858977 -0.000748880 0.167575061 0.618904114
0.212458849 0.035688594 -0.976518095 -69.819580078 -0.004169731 0.999356806 0.035616074 1.016110897 0.977161109 -0.003495133 0.212471023 0.745564461
0.261329770 0.034113470 -0.964646518 -70.248443604 -0.000926160 0.999383628 0.035090990 1.023706317 0.965249121 -0.008276904 0.261200309 0.880157471
0.312446356 0.029051337 -0.949491024 -70.651329041 0.006204732 0.999448538 0.032621652 1.022505522 0.949915051 -0.016083850 0.312093735 1.054788589
0.363429427 0.024228435 -0.931306601 -71.038650513 0.011582355 0.999467075 0.030521518 1.015807629 0.931549668 -0.021879140 0.362955093 1.250173569
0.415720671 0.019161019 -0.909290552 -71.427589417 0.015881717 0.999472678 0.028322386 1.032452345 0.909353673 -0.026215296 0.415197134 1.471015930
0.465600640 0.015890667 -0.884852290 -71.783569336 0.017448312 0.999479592 0.027130343 1.043479443 0.884822905 -0.028071079 0.465081066 1.725028992
0.513387740 0.014427153 -0.858035445 -72.148300171 0.018885905 0.999426544 0.028104510 1.053806305 0.857948840 -0.030633289 0.512820840 1.983283997
0.559713662 0.010177486 -0.828623533 -72.474075317 0.025991289 0.999217033 0.029829225 1.058111191 0.828278363 -0.038232818 0.559010923 2.266551971
0.603542149 0.003580444 -0.797322929 -72.799552917 0.036067385 0.998843670 0.031786989 1.064007998 0.796514809 -0.047942143 0.602715313 2.569744110
0.645575464 -0.004433081 -0.763683558 -73.108901978 0.039981902 0.998808026 0.028000528 1.063044786 0.762649059 -0.048609979 0.644983232 2.882640839
0.686891019 -0.009323472 -0.726700544 -73.412406921 0.036974218 0.999071181 0.022130784 1.068031430 0.725819230 -0.042070620 0.686597764 3.204635620
0.727375746 -0.017328467 -0.686020613 -73.700164795 0.034226034 0.999352992 0.011046207 1.071292639 0.685385406 -0.031514503 0.727498233 3.542324066
0.766295016 -0.019533981 -0.642191887 -73.965621948 0.029017782 0.999569952 0.004220857 1.075038671 0.641833305 -0.021869406 0.766532362 3.905540466
0.803879321 -0.021859804 -0.594390452 -74.243988037 0.028458573 0.999593616 0.001726723 1.074875236 0.594111025 -0.018303586 0.804174721 4.306545258
0.837341249 -0.023027977 -0.546195507 -74.499534607 0.028453575 0.999594092 0.001476982 1.070850134 0.545939684 -0.016777955 0.837656498 4.759540558
0.867957234 -0.022861518 -0.496112347 -74.720245361 0.025848569 0.999665439 -0.000843396 1.084533453 0.495965809 -0.012091763 0.868257761 5.219284058
0.893744886 -0.021047106 -0.448081583 -74.944602966 0.024389694 0.999701083 0.001690207 1.074110150 0.447912097 -0.012439188 0.893991053 5.719974518
0.914460599 -0.015882729 -0.404363096 -75.119956970 0.019005930 0.999812484 0.003710585 1.059337139 0.404228419 -0.011078481 0.914591014 6.247396469
0.931900084 -0.011400392 -0.362535954 -75.320747375 0.013247210 0.999908864 0.002608629 1.063095093 0.362473190 -0.007233570 0.931966126 6.780807495
0.945365727 -0.005914036 -0.325958073 -75.495880127 0.008079574 0.999953389 0.005290223 1.052685261 0.325911522 -0.007634797 0.945369422 7.310661316
0.955349565 -0.005051562 -0.295434713 -75.673400879 0.007755419 0.999938130 0.007981079 1.048084140 0.295376033 -0.009915940 0.955329597 7.893400192
0.962524176 -0.005940875 -0.271130830 -75.833015442 0.008970882 0.999910355 0.009937447 1.043464541 0.271047503 -0.011997317 0.962491214 8.513462067
0.968316555 -0.005654630 -0.249662504 -75.999427795 0.008832133 0.999893606 0.011608760 1.058033943 0.249570280 -0.013446003 0.968263328 9.152490616
0.972717404 -0.003488908 -0.231967539 -76.140228271 0.007084346 0.999867260 0.014668519 1.056931019 0.231885582 -0.015911657 0.972612917 9.813388824
0.976348937 0.001246395 -0.216197252 -76.305076599 0.002390111 0.999859989 0.016558029 1.060678244 0.216187641 -0.016683148 0.976209223 10.479138374
0.979112327 0.005506206 -0.203245446 -76.436836243 -0.001847858 0.999832928 0.018185042 1.064914107 0.203311637 -0.017429627 0.978958845 11.168700218
0.981722891 0.004386771 -0.190265104 -76.571250916 -0.000925151 0.999832511 0.018278679 1.067176104 0.190313429 -0.017768573 0.981562555 11.874922752
0.984330654 0.003730787 -0.176293224 -76.721641541 -0.000627737 0.999843955 0.017654141 1.087110281 0.176331550 -0.017266845 0.984179378 12.616492271
0.986849308 0.004602907 -0.161577642 -76.848999023 -0.001670584 0.999831498 0.018279251 1.096272707 0.161634549 -0.017768936 0.986690760 13.368906975
0.989057839 0.006064515 -0.147403702 -76.957771301 -0.003308013 0.999815166 0.018938322 1.103460193 0.147491306 -0.018243490 0.988895059 14.116739273
0.990888357 0.005436335 -0.134576276 -77.065605164 -0.003270827 0.999861717 0.016307175 1.106751204 0.134646326 -0.015718421 0.990768969 14.896184921
0.992287517 0.006585800 -0.123783566 -77.158485413 -0.005223381 0.999922216 0.011327774 1.103370309 0.123848580 -0.010593841 0.992244601 15.672383308
0.993472874 0.005138825 -0.113952532 -77.254867554 -0.004582277 0.999976277 0.005145410 1.107525826 0.113976292 -0.004589663 0.993472874 16.485042572
0.994360805 0.004803457 -0.105940931 -77.340789795 -0.004290110 0.999977946 0.005072977 1.110441208 0.105962962 -0.004589872 0.994359493 17.297176361
0.995096684 0.007028803 -0.098657459 -77.439643860 -0.005943171 0.999918640 0.011293638 1.111229300 0.098728806 -0.010651923 0.995057344 18.138441086
0.995457888 0.011336422 -0.094525628 -77.494262695 -0.009507985 0.999759436 0.019771283 1.096123219 0.094727010 -0.018782739 0.995326102 18.958667755
0.995835602 0.012609236 -0.090291969 -77.575347900 -0.010576543 0.999680519 0.022955639 1.102687597 0.090552583 -0.021905061 0.995650828 19.798778534
0.996184766 0.011186276 -0.086549096 -77.669609070 -0.009272041 0.999704063 0.022487821 1.104603887 0.086775027 -0.021599537 0.995993733 20.619991302
0.996484637 0.010972289 -0.083053544 -77.751869202 -0.009208235 0.999724388 0.021593302 1.108264446 0.083267599 -0.020752620 0.996311069 21.449239731
0.996704817 0.009669788 -0.080535047 -77.813163757 -0.007779353 0.999687552 0.023754213 1.114393473 0.080739580 -0.023049433 0.996468663 22.276525497
0.996872544 0.007867858 -0.078633159 -77.872314453 -0.005848240 0.999648035 0.025881419 1.120266914 0.078809090 -0.025340613 0.996567667 23.114774704
0.997129261 0.005067970 -0.075548157 -77.932723999 -0.002969390 0.999607325 0.027864551 1.124747992 0.075659707 -0.027560228 0.996752739 23.932346344
0.997349024 0.003969405 -0.072657578 -77.998352051 -0.002239934 0.999712586 0.023869056 1.135607600 0.072731435 -0.023643035 0.997071266 24.758083344
0.997539520 0.008295431 -0.069614045 -78.120155334 -0.007131704 0.999830902 0.016948767 1.138054371 0.069742873 -0.016410602 0.997430027 25.436965942
0.997637689 0.009418244 -0.068046741 -78.182823181 -0.008811355 0.999918699 0.009213373 1.137370348 0.068127997 -0.008592023 0.997639596 26.257381439
0.997688890 0.009615061 -0.067263946 -78.229934692 -0.009273211 0.999942422 0.005392634 1.133936405 0.067311920 -0.004756419 0.997720599 27.070075989
0.997857034 0.011480581 -0.064419076 -78.298179626 -0.011038332 0.999913037 0.007216899 1.124238014 0.064496323 -0.006490353 0.997896850 27.889287949
0.997971117 0.014936270 -0.061891422 -78.365219116 -0.014254248 0.999832928 0.011446564 1.115166068 0.062052034 -0.010541124 0.998017251 28.722974777
0.998038709 0.017532306 -0.060093962 -78.388084412 -0.016616145 0.999738514 0.015711440 1.144987464 0.060353700 -0.014682098 0.998069048 29.592887878
0.998187184 0.014644156 -0.058375519 -78.427749634 -0.013668197 0.999760628 0.017083019 1.144168139 0.058611710 -0.016254164 0.998148501 30.398138046
0.998323083 0.012609550 -0.056497496 -78.486785889 -0.011641556 0.999780297 0.017429879 1.140236497 0.056704883 -0.016742932 0.998250604 31.202220917
0.998438895 0.010226986 -0.054909017 -78.534156799 -0.009289843 0.999807239 0.017295370 1.136571646 0.055075321 -0.016758272 0.998341620 32.026462555
0.998447180 0.009992813 -0.054803174 -78.557746887 -0.009140500 0.999833703 0.015780888 1.137016416 0.054951761 -0.015255459 0.998372436 32.763629913
0.998509109 0.007973963 -0.053999919 -78.603706360 -0.007192193 0.999866724 0.014656148 1.138353944 0.054109592 -0.014245921 0.998433352 33.588485718
0.998540521 0.007581951 -0.053474173 -78.639083862 -0.006807892 0.999869645 0.014642697 1.137860060 0.053578224 -0.014257280 0.998461843 34.407432556
0.998753071 0.013493760 -0.048065219 -78.365264893 -0.012051653 0.999472201 0.030167600 -0.389170051 0.048446923 -0.029550718 0.998388529 30.336719513
0.998754740 0.013043827 -0.048154924 -78.410789490 -0.011655549 0.999511540 0.028998507 -0.374507308 0.048509654 -0.028401129 0.998418868 31.189273834
0.998673916 0.013914408 -0.049565326 -78.457923889 -0.012534071 0.999527872 0.028051697 -0.378171802 0.049932245 -0.027393244 0.998376846 31.915155411
0.998603344 0.010877969 -0.051701382 -78.503189087 -0.009425706 0.999556363 0.028250720 -0.360201120 0.051985759 -0.027723944 0.998262882 32.764728546
0.998397350 0.012939951 -0.055093627 -78.558235168 -0.011375956 0.999525964 0.028607532 -0.356655836 0.055437688 -0.027934942 0.998071253 33.586021423
0.998198152 0.017132157 -0.057504963 -78.620651245 -0.015518887 0.999476612 0.028384734 -0.349472761 0.057961151 -0.027441178 0.997941613 34.535663605
0.998062789 0.016815979 -0.059900008 -78.686462402 -0.015428429 0.999603510 0.023552135 -0.338447332 0.060272306 -0.022582345 0.997926533 35.389991760
0.997916937 0.017181827 -0.062180024 -78.766311646 -0.015975596 0.999675393 0.019844437 -0.327006757 0.062500805 -0.018809734 0.997867703 36.260139465
0.997773230 0.017217556 -0.064436488 -78.811614990 -0.016081315 0.999706626 0.018110871 -0.309591234 0.064729415 -0.017034322 0.997757375 37.179092407
0.997639060 0.018583480 -0.066113181 -78.885192871 -0.017310183 0.999654472 0.019780381 -0.303922713 0.066457920 -0.018589247 0.997616053 38.060680389
0.997540653 0.017342091 -0.067910165 -78.959342957 -0.015979014 0.999660850 0.020563778 -0.298666716 0.068243742 -0.019428071 0.997479439 38.946220398
0.997374833 0.016862441 -0.070420392 -79.011154175 -0.015357708 0.999643147 0.021854887 -0.286697984 0.070763789 -0.020716023 0.997277856 39.846580505
0.997287512 0.016007224 -0.071842350 -79.070426941 -0.014232316 0.999582350 0.025149895 -0.272616267 0.072214916 -0.024059193 0.997098863 40.753658295
0.997219861 0.018521907 -0.072175980 -79.178092957 -0.016579015 0.999486268 0.027425583 -0.215289474 0.072646856 -0.026152730 0.997014761 41.905300140
0.997271776 0.018219255 -0.071534030 -79.245117188 -0.016139181 0.999432981 0.029549234 -0.203179598 0.072031833 -0.028314121 0.997000277 42.844974518
0.997247338 0.026670527 -0.069184445 -79.344558716 -0.024903731 0.999344409 0.026275648 -0.118565559 0.069839880 -0.024480367 0.997257769 43.993328094
0.997387469 0.026282895 -0.067286052 -79.411140442 -0.024645360 0.999382257 0.025052559 -0.105326533 0.067902960 -0.023328820 0.997419119 44.927154541
0.997530103 0.024444874 -0.065849818 -79.472564697 -0.023001960 0.999480367 0.022582037 -0.092614174 0.066367619 -0.021011589 0.997574031 45.869342804
0.997613132 0.026537012 -0.063750096 -79.557365417 -0.025480576 0.999525070 0.017327994 -0.023191214 0.064179659 -0.015662242 0.997815371 47.070964813
0.997758687 0.024943456 -0.062092576 -79.614006042 -0.023936994 0.999570608 0.016900603 -0.014284551 0.062487498 -0.015376415 0.997927248 48.013206482
0.997385740 0.032711778 -0.064432792 -79.692474365 -0.032263428 0.999447405 0.007986956 0.069952369 0.064658463 -0.005887254 0.997890115 49.178413391
0.997548640 0.031144472 -0.062662743 -79.767356873 -0.030547578 0.999478519 0.010461231 0.055864155 0.062955879 -0.008521393 0.997979939 50.119228363
0.997564256 0.030165834 -0.062891610 -79.814048767 -0.029573727 0.999509275 0.010324629 0.059687138 0.063172206 -0.008439542 0.997967005 51.081855774
0.997370303 0.034674704 -0.063640863 -79.845611572 -0.034539025 0.999398053 0.003231245 0.121743143 0.063714616 -0.001024650 0.997967660 52.030982971
0.997355878 0.036921743 -0.062592849 -79.928268433 -0.037167162 0.999305189 -0.002760751 0.109161779 0.062447436 0.005079851 0.998035312 52.975303650
0.997335732 0.039081700 -0.061596561 -79.995262146 -0.039647847 0.999181747 -0.007995455 0.083389908 0.061233684 0.010416327 0.998069167 53.888900757
0.997413158 0.039950073 -0.059757106 -80.056762695 -0.040592235 0.999129891 -0.009570685 0.002349734 0.059322760 0.011971601 0.998167038 54.523090363
0.997457027 0.039697804 -0.059192270 -80.118217468 -0.040375475 0.999131560 -0.010296439 -0.018752098 0.058732111 0.012660170 0.998193502 55.456218719
0.997617602 0.036464334 -0.058561999 -80.183410645 -0.036785152 0.999313414 -0.004409232 -0.033374578 0.058361012 0.006552940 0.998273969 56.388439178
0.997217298 0.041317124 -0.062051501 -80.197975159 -0.041543841 0.999133885 -0.002367506 0.040472463 0.061899930 0.004938778 0.998070061 57.354995728
0.997189522 0.041016042 -0.062694579 -80.268959045 -0.040723592 0.999152780 0.005935885 0.008414000 0.062884927 -0.003366054 0.998015046 58.275127411
0.996980190 0.039779507 -0.066694140 -80.304672241 -0.039774515 0.999207675 0.001403193 0.027266026 0.066697121 0.001253772 0.997772455 59.107326508
0.996970534 0.035910122 -0.068993561 -80.361061096 -0.036118791 0.999345839 -0.001778961 0.005674236 0.068884559 0.004265535 0.997615516 60.001647949
0.996825814 0.034057364 -0.071961530 -80.419715881 -0.034377929 0.999403656 -0.003220463 -0.014705613 0.071808957 0.005684128 0.997402132 60.903644562
0.996607780 0.035906468 -0.074053414 -80.494422913 -0.036416814 0.999321282 -0.005552430 -0.025844216 0.073803812 0.008230384 0.997238815 61.604358673
0.996273279 0.037950974 -0.077454217 -80.574241638 -0.038770605 0.999206662 -0.009105449 -0.041943848 0.077047221 0.012074463 0.996954322 62.477321625
0.995924115 0.038530637 -0.081552573 -80.641525269 -0.039643306 0.999141037 -0.012067992 -0.066981018 0.081017539 0.015251816 0.996595979 63.247852325
0.995575070 0.040270608 -0.084903434 -80.723175049 -0.041777011 0.998998225 -0.016040418 -0.089878082 0.084172405 0.019516451 0.996260166 64.121788025
0.995112360 0.045253769 -0.087769724 -80.806289673 -0.046806365 0.998780429 -0.015711697 -0.117014885 0.086951666 0.019743085 0.996016860 64.877494812
0.994638085 0.048352327 -0.091416836 -80.891731262 -0.049807440 0.998664856 -0.013702204 -0.141357243 0.090632245 0.018181974 0.995718420 65.694152832
0.994137526 0.051451191 -0.095096827 -80.986175537 -0.052404068 0.998597443 -0.007548329 -0.169458330 0.094575092 0.012487540 0.995439351 66.576988220
0.993745148 0.051882125 -0.098887503 -81.068740845 -0.052348457 0.998626530 -0.002125192 -0.183769450 0.098641410 0.007288511 0.995096326 67.324974060
0.993309617 0.051310584 -0.103456661 -81.173423767 -0.051376857 0.998677194 0.002025897 -0.204204082 0.103423774 0.003302936 0.994631946 68.194931030
0.992160439 0.055997822 -0.111722492 -81.248962402 -0.056370553 0.998409927 -0.000177684 -0.202170372 0.111534886 0.006474154 0.993739426 68.942993164
0.991630852 0.053247295 -0.117614053 -81.352798462 -0.053102646 0.998579502 0.004365503 -0.225416064 0.117679432 0.001916652 0.993049800 69.802558899
0.990736485 0.055271201 -0.124041498 -81.459617615 -0.055289116 0.998464942 0.003300588 -0.232419878 0.124033511 0.003588139 0.992271543 70.510581970
0.989706039 0.059670869 -0.130082071 -81.584342957 -0.059833121 0.998204827 0.002664064 -0.247204691 0.130007520 0.005146577 0.991499662 71.365051270
0.988881826 0.061612263 -0.135338679 -81.699150085 -0.062233828 0.998061538 -0.000362649 -0.255099982 0.135053933 0.008781258 0.990799308 72.071319580
0.988112986 0.059606995 -0.141703472 -81.818397522 -0.060633343 0.998155773 -0.002932290 -0.270347118 0.141267344 0.011489389 0.989904821 72.913436890
0.987168550 0.060977507 -0.147580653 -81.941810608 -0.062272526 0.998050451 -0.004166152 -0.291344553 0.147038862 0.013302915 0.989041209 73.588836670
0.986389756 0.063248672 -0.151772574 -82.085830688 -0.063846737 0.997959256 0.000934528 -0.304867566 0.151521951 0.008768374 0.988415003 74.421722412
0.985460579 0.061874896 -0.158236861 -82.201988220 -0.061679266 0.998077035 0.006151724 -0.323615074 0.158313215 0.003697651 0.987381995 75.116378784
0.984463573 0.061834484 -0.164340720 -82.346931458 -0.061214216 0.998085380 0.008841004 -0.345124900 0.164572775 0.001356341 0.986364007 75.927474976
0.983308017 0.059405044 -0.171977803 -82.467697144 -0.059414316 0.998220384 0.005098062 -0.351253867 0.171974659 0.005204974 0.985087633 76.642051697
0.981940210 0.056854401 -0.180446759 -82.624038696 -0.058174472 0.998304367 -0.002027523 -0.355327904 0.180025533 0.012488302 0.983582675 77.428794861
0.980266213 0.054842874 -0.189921945 -82.754928589 -0.056572739 0.998391569 -0.003694559 -0.363302886 0.189413831 0.014366050 0.981792271 78.105552673
0.978194833 0.054906450 -0.200299963 -82.923324585 -0.056083620 0.998426020 -0.000203100 -0.382020593 0.199973568 0.011432217 0.979734719 78.890045166
0.975737512 0.055401031 -0.211818382 -83.079231262 -0.055407640 0.998446345 0.005909038 -0.387646794 0.211816654 0.005970682 0.977291167 79.588668823
0.973145783 0.057678211 -0.222846493 -83.271987915 -0.055988077 0.998334706 0.013900155 -0.392068624 0.223277137 -0.001050133 0.974754453 80.353111267
0.970375657 0.058529504 -0.234404296 -83.437789917 -0.055920679 0.998277068 0.017766710 -0.398472071 0.235040337 -0.004132336 0.971976817 81.052055359
0.967436254 0.061933052 -0.245420799 -83.645507812 -0.060441535 0.998078942 0.013612287 -0.405183077 0.245792419 0.001664587 0.969321012 81.785263062
0.964139581 0.060970802 -0.258296758 -83.844841003 -0.061807919 0.998076081 0.004885992 -0.407112181 0.258097738 0.011254007 0.966053188 82.507209778
0.960787535 0.059498388 -0.270826817 -84.042816162 -0.061750200 0.998091578 0.000206848 -0.407151580 0.270322263 0.016524872 0.962628007 83.160736084
0.957515240 0.058144841 -0.282459944 -84.267395020 -0.058958560 0.998244584 0.005625728 -0.412648082 0.282291204 0.011266710 0.959262550 83.892860413
0.953922689 0.059452172 -0.294103563 -84.495193481 -0.058154464 0.998220742 0.013163833 -0.414564133 0.294362873 0.004546152 0.955682993 84.634933472
0.950295329 0.059411172 -0.305629045 -84.732238770 -0.056249220 0.998233020 0.019150086 -0.420338154 0.306226701 -0.001006844 0.951958001 85.322372437
0.946399033 0.057319131 -0.317873508 -84.993171692 -0.054545920 0.998355687 0.017625505 -0.414737701 0.318361104 0.000657937 0.947969258 86.046173096
0.942624331 0.055660002 -0.329182833 -85.262573242 -0.054296631 0.998435676 0.013340945 -0.412656426 0.329410404 0.005298018 0.944171965 86.758201599
0.939534962 0.051839739 -0.338506609 -85.515777588 -0.052481413 0.998595536 0.007263698 -0.422407150 0.338407695 0.010940803 0.940935969 87.456367493
0.936717629 0.047605574 -0.346833915 -85.757255554 -0.049987163 0.998747706 0.002081959 -0.445520371 0.346498698 0.015387038 0.937924266 88.118965149
0.933911383 0.046821289 -0.354425222 -86.029754639 -0.049937326 0.998752356 0.000355030 -0.455786884 0.353999645 0.017367482 0.935084343 88.832092285
0.930634320 0.051146943 -0.362358451 -86.314575195 -0.054496221 0.998513520 0.000979286 -0.468293220 0.361869872 0.018835811 0.932038307 89.521171570
0.927608490 0.051383846 -0.370002836 -86.611213684 -0.053926699 0.998538911 0.003475375 -0.476067722 0.369640827 0.016729247 0.929024100 90.235931396
0.924474955 0.052107397 -0.377665162 -86.903167725 -0.052094948 0.998589516 0.010256248 -0.479023099 0.377666861 0.010192804 0.925885439 90.949417114
0.921635628 0.053750951 -0.384315789 -87.200378418 -0.050347123 0.998552620 0.018920500 -0.483925104 0.384776503 0.001911387 0.923007786 91.664428711
0.918859243 0.064223714 -0.389323741 -87.528732300 -0.058848925 0.997935236 0.025729846 -0.481303453 0.390172392 -0.000730828 0.920741498 92.365608215
0.915789545 0.070600577 -0.395404875 -87.854736328 -0.066755064 0.997492671 0.023494853 -0.484367847 0.396072268 0.004878935 0.918206394 93.076797485
0.913783789 0.068780519 -0.400335401 -88.202484131 -0.068504423 0.997537673 0.015019763 -0.457572460 0.400382757 0.013699928 0.916245520 93.753189087
0.911876380 0.061199762 -0.405876756 -88.511550903 -0.063575782 0.997947812 0.007639999 -0.455480278 0.405511349 0.018837199 0.913895905 94.456207275
0.910246670 0.061902955 -0.409413010 -88.838653564 -0.064629905 0.997883558 0.007187807 -0.460364342 0.408991396 0.019917646 0.912320852 95.166725159
0.908028305 0.068108559 -0.413334787 -89.182670593 -0.069031492 0.997533381 0.012720937 -0.466540337 0.413181663 0.016982149 0.910490274 95.869003296
0.905486465 0.071045846 -0.418385893 -89.521957397 -0.070201568 0.997380555 0.017431693 -0.473150492 0.418528378 0.013587181 0.908102036 96.570007324
0.903246641 0.067142889 -0.423836470 -89.844024658 -0.066875063 0.997640550 0.015524377 -0.474399328 0.423878849 0.014321744 0.905605674 97.279045105
0.901007771 0.065770999 -0.428787887 -90.188667297 -0.068175934 0.997625589 0.009766554 -0.479827285 0.428412080 0.020433273 0.903352439 97.970199585
0.899306655 0.062785529 -0.432788134 -90.562026978 -0.068185776 0.997667968 0.003048091 -0.483014286 0.431970209 0.026768830 0.901490510 98.654273987
0.896819592 0.063491717 -0.437816799 -90.905197144 -0.069720723 0.997564793 0.001850544 -0.486355186 0.436868191 0.028865300 0.899062276 99.343154907
0.894995391 0.066661887 -0.441066206 -91.270996094 -0.071091093 0.997448683 0.006496965 -0.497843862 0.440374076 0.025541132 0.897451043 100.050918579
0.892835677 0.068814211 -0.445094407 -91.625442505 -0.072490267 0.997330427 0.008781526 -0.506775022 0.444510579 0.024424551 0.895440578 100.744667053
0.890705109 0.068917938 -0.449326992 -91.981201172 -0.072337843 0.997334242 0.009575510 -0.505470991 0.448789120 0.023974391 0.893316031 101.432693481
0.888546705 0.066832997 -0.453892142 -92.342834473 -0.070602678 0.997466981 0.008658269 -0.508312106 0.453321010 0.024352731 0.891014576 102.123168945
