0.999998808 0.000741814 0.001373526 -0.001720759 -0.000735572 0.999989390 -0.004539281 -0.001722453 -0.001376879 0.004538267 0.999988675 0.784430921
0.999996901 -0.001382811 0.002076502 -0.001131860 0.001394169 0.999984026 -0.005478396 0.000077958 -0.002068893 0.005481274 0.999982774 1.559431672
0.999993026 -0.002836900 0.002422963 -0.003409703 0.002840298 0.999994934 -0.001399917 -0.000968150 -0.002418979 0.001406789 0.999996066 2.343698740
0.999984622 -0.005308988 0.001605051 -0.000501682 0.005301456 0.999975026 0.004660752 -0.002573426 -0.001629755 -0.004652170 0.999987841 3.115424633
0.999961376 -0.008785297 0.000173320 0.001481109 0.008784387 0.999950290 0.004699070 -0.001326909 -0.000214594 -0.004697366 0.999988973 3.883515120
0.999937594 -0.011166627 -0.000278422 0.057226092 0.011167016 0.999936640 0.001431179 0.036339223 0.000262422 -0.001434199 0.999998927 2.913829803
0.999930382 -0.011714825 -0.001506455 0.089858226 0.011711602 0.999929130 -0.002130372 0.051074851 0.001531305 0.002112580 0.999996603 3.084535122
0.999935508 -0.010837730 -0.003396888 0.172334388 0.010829060 0.999938011 -0.002560706 0.071388721 0.003424430 0.002523755 0.999990940 2.359436512
0.999930918 -0.010612581 -0.005056998 0.213704512 0.010608824 0.999943376 -0.000769099 0.079786859 0.005064874 0.000715397 0.999986947 2.665918589
0.999926329 -0.010523835 -0.006047354 0.213405341 0.010536702 0.999942303 0.002099859 0.079325855 0.006024907 -0.002163423 0.999979436 3.588767767
0.999918997 -0.010679476 -0.006923796 0.205862045 0.010706657 0.999935091 0.003900628 0.077368684 0.006881690 -0.003974443 0.999968350 4.503833294
0.999901593 -0.011816040 -0.007562251 0.202363402 0.011850799 0.999919355 0.004567898 0.083963253 0.007507666 -0.004657067 0.999960959 5.306141853
0.999890745 -0.012017697 -0.008600659 0.193754733 0.012056020 0.999917567 0.004417776 0.085387126 0.008546857 -0.004520983 0.999953210 6.323368073
0.999880493 -0.012323028 -0.009338209 0.186551273 0.012352874 0.999918699 0.003145096 0.089200221 0.009298692 -0.003260074 0.999951422 7.125809669
0.999860287 -0.012776355 -0.010780402 0.175215781 0.012791999 0.999917209 0.001383604 0.087978624 0.010761834 -0.001521314 0.999940872 8.040476799
0.999822199 -0.013938647 -0.012706929 0.174592584 0.013941199 0.999902785 0.000112182 0.089593686 0.012704132 -0.000289312 0.999919236 8.921828270
0.999803305 -0.013755227 -0.014294619 0.153407440 0.013746429 0.999905229 -0.000713620 0.091920123 0.014303084 0.000516979 0.999897540 9.840595245
0.999800086 -0.012362004 -0.015713964 0.135657236 0.012338411 0.999922574 -0.001597446 0.091241300 0.015732493 0.001403242 0.999875247 10.720613480
0.999786139 -0.010891995 -0.017580273 0.119593039 0.010867434 0.999939799 -0.001492030 0.088620156 0.017595468 0.001300658 0.999844253 11.609728813
0.999751329 -0.011534117 -0.019080885 0.094362259 0.011526920 0.999933422 -0.000487293 0.086685665 0.019085234 0.000267228 0.999817789 12.515302658
0.999732435 -0.010977800 -0.020357074 0.066913605 0.010998029 0.999939144 0.000882148 0.084724233 0.020346148 -0.001105800 0.999792397 13.439126015
0.999711931 -0.010434755 -0.021615047 0.041064620 0.010464571 0.999944448 0.001266675 0.088743374 0.021600628 -0.001492503 0.999765575 14.374310493
0.999672711 -0.011628715 -0.022788148 0.016074508 0.011662275 0.999931097 0.001340314 0.085533544 0.022770990 -0.001605637 0.999739408 15.195369720
0.999631822 -0.011507571 -0.024568954 -0.006217837 0.011527757 0.999933302 0.000680081 0.089167155 0.024559489 -0.000963055 0.999697924 16.080051422
0.999608696 -0.011544647 -0.025478527 -0.045245707 0.011575608 0.999932408 0.001067957 0.091921955 0.025464481 -0.001362469 0.999674797 17.026180267
0.999582589 -0.011319850 -0.026584981 -0.070531309 0.011394667 0.999931514 0.002664389 0.105785936 0.026553005 -0.002966203 0.999643028 17.849023819
0.999544680 -0.012286115 -0.027558248 -0.093242049 0.012448152 0.999906123 0.005715933 0.096923746 0.027485440 -0.006056380 0.999603868 18.732400894
0.999537110 -0.012255212 -0.027846228 -0.136915386 0.012444090 0.999900579 0.006619676 0.126118705 0.027762335 -0.006963133 0.999590218 19.674604416
0.999529719 -0.011940716 -0.028245464 -0.170085222 0.012096794 0.999912381 0.005361351 0.129790679 0.028178973 -0.005700509 0.999586642 20.498796463
0.999515355 -0.010609233 -0.029266961 -0.196309596 0.010691165 0.999939322 0.002644370 0.134892017 0.029237134 -0.002955986 0.999568105 21.305242538
0.999503255 -0.010151306 -0.029835621 -0.232419044 0.010174640 0.999947965 0.000630352 0.148412824 0.029827677 -0.000933606 0.999554634 22.104436874
0.999476373 -0.009247888 -0.031007361 -0.258515149 0.009251111 0.999957144 -0.000039480 0.162483394 0.031006401 -0.000247394 0.999519110 22.903371811
0.999448001 -0.008897195 -0.032008715 -0.291024655 0.008892835 0.999960423 -0.000278485 0.148896903 0.032009922 -0.000006317 0.999487698 23.675374985
0.999351859 -0.009695084 -0.034665812 -0.310964584 0.009642298 0.999952078 -0.001689523 0.171128318 0.034680538 0.001354170 0.999397516 24.455202103
0.999295533 -0.009344220 -0.036350500 -0.347412586 0.009292874 0.999955595 -0.001581170 0.161536366 0.036363661 0.001242255 0.999337852 25.236677170
0.999205291 -0.009923924 -0.038604558 -0.381622851 0.009882926 0.999950290 -0.001252722 0.185962066 0.038615074 0.000870200 0.999253809 25.968738556
0.999128640 -0.009924948 -0.040542945 -0.408125997 0.009988631 0.999949157 0.001368456 0.173343524 0.040527310 -0.001772231 0.999176800 26.723842621
0.999058425 -0.008840567 -0.042474598 -0.455349088 0.008958283 0.999956548 0.002581865 0.183164835 0.042449929 -0.002959933 0.999094188 27.460029602
0.998932123 -0.008139268 -0.045478012 -0.452663243 0.008230905 0.999964476 0.001828092 0.211155146 0.045461521 -0.002200465 0.998963654 28.224676132
0.998852670 -0.005524818 -0.047567241 -0.491176128 0.005578693 0.999983966 0.000999901 0.210611105 0.047560949 -0.001264116 0.998867512 28.939752579
0.998778939 -0.004185698 -0.049225256 -0.533373654 0.004211470 0.999991059 0.000419840 0.208800301 0.049223047 -0.000626638 0.998787582 29.648405075
0.998694956 -0.003860990 -0.050926220 -0.573171735 0.003937508 0.999991179 0.001402293 0.211138859 0.050920360 -0.001600985 0.998701572 30.346870422
0.998653471 -0.002325075 -0.051825047 -0.615053117 0.002507767 0.999990880 0.003460410 0.209442750 0.051816519 -0.003585716 0.998650193 31.040657043
0.998643875 0.000344456 -0.052060425 -0.654690623 -0.000127188 0.999991298 0.004176645 0.206127465 0.052061409 -0.004164360 0.998635173 31.711954117
0.998677790 0.003103423 -0.051312901 -0.674888194 -0.003052590 0.999994755 0.001068994 0.230800822 0.051315945 -0.000910942 0.998682022 32.420585632
0.998776674 0.004897822 -0.049205448 -0.720364809 -0.004997815 0.999985635 -0.001909339 0.228526652 0.049195394 0.002152923 0.998786867 33.060661316
0.998859823 0.005149625 -0.047461729 -0.746170104 -0.005351421 0.999977171 -0.004125690 0.235054836 0.047439408 0.004374973 0.998864532 33.705856323
0.999007940 0.006311231 -0.044081699 -0.782726288 -0.006454259 0.999974370 -0.003103022 0.231602132 0.044060979 0.003384458 0.999023139 34.343841553
0.999121428 0.011596024 -0.040272865 -0.839088619 -0.011579440 0.999932706 0.000645017 0.204477027 0.040277638 -0.000178114 0.999188483 34.932655334
0.999215305 0.015935998 -0.036260907 -0.873052537 -0.015798341 0.999866903 0.004079755 0.201823831 0.036321092 -0.003503692 0.999334037 35.554737091
0.999263346 0.020432087 -0.032485999 -0.880447865 -0.020311631 0.999785483 0.004033613 0.226773053 0.032561455 -0.003370798 0.999463975 36.190086365
0.999345720 0.023947524 -0.027102776 -0.902374804 -0.023844130 0.999707162 0.004131601 0.233226746 0.027193777 -0.003482655 0.999624074 36.775157928
0.999383450 0.027902758 -0.021308338 -0.917602181 -0.027779516 0.999595702 0.006057783 0.236164570 0.021468749 -0.005462113 0.999754608 37.346366882
0.999344110 0.033177000 -0.014514361 -0.938576460 -0.033067949 0.999423444 0.007690290 0.230256811 0.014761135 -0.007205287 0.999865055 37.888015747
0.999322295 0.036087748 -0.007247942 -0.951924562 -0.036034722 0.999323726 0.007317801 0.227121890 0.007507125 -0.007051666 0.999946952 38.420017242
0.999211490 0.039704476 -0.000003472 -0.938336551 -0.039703507 0.999187350 0.006937846 0.240597814 0.000278933 -0.006932239 0.999975920 38.977790833
0.999009609 0.043870319 0.007419796 -0.939165831 -0.043917272 0.999015391 0.006288029 0.242927134 -0.007136632 -0.006607658 0.999952674 39.472606659
0.998719215 0.048209190 0.015351928 -0.942633569 -0.048268929 0.998828113 0.003544973 0.245466992 -0.015163043 -0.004281454 0.999875844 39.928977966
0.998465717 0.050279383 0.023198564 -0.938489377 -0.050306115 0.998733699 0.000570142 0.240142822 -0.023140520 -0.001736296 0.999730706 40.353031158
0.998216152 0.050806988 0.031352717 -0.925902724 -0.050839771 0.998706818 0.000248942 0.244389594 -0.031299531 -0.001842464 0.999508321 40.779411316
0.997997344 0.049686983 0.039146803 -0.898839951 -0.049786143 0.998758674 0.001561608 0.243073255 -0.039020631 -0.003507450 0.999232292 41.175193787
0.997539759 0.051621664 0.047429521 -0.889671326 -0.051787116 0.998655558 0.002265511 0.243050992 -0.047248803 -0.004716174 0.998871982 41.556026459
0.996941209 0.054289758 0.056223117 -0.869233608 -0.054497071 0.998511612 0.002159690 0.247241706 -0.056022178 -0.005217080 0.998415947 41.902706146
0.996116638 0.059415884 0.064971507 -0.852448702 -0.059672534 0.998215914 0.002015301 0.236548215 -0.064735837 -0.005884492 0.997885108 42.222877502
0.995294750 0.063226737 0.073421732 -0.815659285 -0.063543089 0.997977138 0.001978626 0.239282489 -0.073148102 -0.006634761 0.997299016 42.529903412
0.994615078 0.062018175 0.083033331 -0.790731668 -0.062437739 0.998045802 0.002463044 0.233419508 -0.082718328 -0.007634194 0.996543705 42.795120239
0.993744075 0.060984772 0.093561098 -0.753085136 -0.061301857 0.998119175 0.000516069 0.232599691 -0.093353644 -0.006248308 0.995613396 43.066104889
0.992599070 0.059728332 0.105733350 -0.728172302 -0.059677202 0.998210967 -0.003649984 0.228740826 -0.105762199 -0.002686901 0.994387805 43.321437836
0.991080403 0.060528480 0.118727215 -0.683628082 -0.060024247 0.998166203 -0.007821571 0.225716740 -0.118982933 0.000625293 0.992896080 43.580848694
0.988992095 0.062272977 0.134226337 -0.640690804 -0.061475061 0.998057604 -0.010085024 0.224856883 -0.134593621 0.001722435 0.990899324 43.832813263
0.986525059 0.064332366 0.150431976 -0.591388226 -0.063349247 0.997927189 -0.011323465 0.221320808 -0.150848612 0.001641131 0.988555491 44.076793671
0.983677626 0.064892277 0.167830884 -0.559526920 -0.063724913 0.997891247 -0.012337800 0.219826579 -0.168277562 0.001441411 0.985738516 44.317916870
0.980463505 0.063501358 0.186168239 -0.505041122 -0.062038299 0.997979999 -0.013679997 0.220159233 -0.186660871 0.001863178 0.982422590 44.563388824
0.976734459 0.062981851 0.204995796 -0.426117897 -0.061466526 0.998014390 -0.013757988 0.211445034 -0.205455244 0.000837522 0.978666067 44.788822174
0.972231746 0.063211747 0.225321144 -0.366381645 -0.061397176 0.997999847 -0.015058615 0.209578931 -0.225822374 0.000806383 0.974168122 45.043430328
0.966990829 0.065464661 0.246258005 -0.292362213 -0.063140996 0.997854173 -0.017329061 0.208406091 -0.246864051 0.001208070 0.969049275 45.274734497
0.960752547 0.066436134 0.269333988 -0.149760246 -0.063617021 0.997789800 -0.019192047 0.183512688 -0.270013809 0.001304578 0.962855518 45.617938995
0.953410685 0.067911617 0.293932289 -0.062046051 -0.064802006 0.997691333 -0.020317238 0.178427279 -0.294633508 0.000323265 0.955610275 45.862262726
0.944620550 0.070586346 0.320483327 0.027709961 -0.067222372 0.997505009 -0.021563053 0.180188954 -0.321205705 -0.001174744 0.947008729 46.150611877
0.934846818 0.072572894 0.347555280 0.132521629 -0.069042794 0.997358799 -0.022548322 0.171076834 -0.348273695 -0.002916959 0.937388361 46.378440857
0.923316181 0.073129162 0.377013683 0.247877121 -0.069361791 0.997312844 -0.023579488 0.149582863 -0.377724946 -0.004379021 0.925907493 46.663105011
0.910753191 0.071279369 0.406752884 0.390205383 -0.066536859 0.997450054 -0.025811650 0.143256426 -0.407555461 -0.003556015 0.913173556 46.892349243
0.895775378 0.068633944 0.439176232 0.527732849 -0.062545270 0.997639716 -0.028338155 0.132989407 -0.440084547 -0.002083774 0.897953868 47.117809296
0.878465891 0.068074189 0.472930729 0.686380386 -0.059792683 0.997680187 -0.032542676 0.124727368 -0.474048913 0.000309833 0.880498409 47.337837219
0.859110653 0.069559500 0.507040918 0.848978043 -0.058688398 0.997574925 -0.037415139 0.112546325 -0.508413911 0.002386326 0.861109495 47.557998657
0.837310433 0.071485989 0.542034268 1.033967972 -0.058091216 0.997435391 -0.041809704 0.104577780 -0.543632984 0.003520268 0.839315712 47.787349701
0.812941790 0.073083751 0.577740669 1.045763016 -0.058545370 0.997324169 -0.043781284 0.054642677 -0.579394579 0.001767595 0.815045357 47.875667572
0.785726607 0.077268377 0.613728881 1.267585754 -0.061799854 0.997009158 -0.046404041 0.037093759 -0.615478933 -0.001467465 0.788151860 48.103652954
0.755690753 0.081178285 0.649878144 1.483161926 -0.064724915 0.996687710 -0.049235959 0.027302384 -0.651722491 -0.004856146 0.758441985 48.334232330
0.722759128 0.082177222 0.686196923 1.739419937 -0.064274520 0.996594667 -0.051650472 0.008971453 -0.688104630 -0.006774116 0.725579917 48.563041687
0.685970485 0.079857036 0.723233938 2.010995865 -0.060725637 0.996774912 -0.052463647 -0.008779049 -0.725090921 -0.007930323 0.688607454 48.786598206
0.647019684 0.078055926 0.758467317 2.328569412 -0.057403564 0.996909797 -0.053625874 -0.030610204 -0.760309279 -0.008841727 0.649501026 49.012260437
0.603922069 0.077987887 0.793218672 2.767265320 -0.055864338 0.996895671 -0.055480391 -0.060400724 -0.795083225 -0.010806815 0.606404006 49.291824341
0.558040857 0.077413559 0.826194704 3.138301849 -0.051871814 0.996946096 -0.058376748 -0.079727173 -0.828190684 -0.010279608 0.560352087 49.505336761
0.510222614 0.076420151 0.856640279 3.710535049 -0.048704479 0.997013390 -0.059933886 -0.117034793 -0.858662069 -0.011142598 0.512420774 49.691848755
0.461076707 0.074636005 0.884215832 4.115896225 -0.046986867 0.997112036 -0.059664056 -0.136953592 -0.886115372 -0.014036829 0.463252008 49.879096985
0.412886620 0.072423175 0.907898366 4.759489059 -0.046663776 0.997206390 -0.058325917 -0.178845286 -0.909586251 -0.018283980 0.415112644 49.985786438
0.363205433 0.072570860 0.928878427 5.222478867 -0.049719360 0.997051001 -0.058456000 -0.192556024 -0.930381536 -0.024951700 0.365742505 50.135204315
0.313854426 0.072708234 0.946683049 5.673827171 -0.047693968 0.997012198 -0.060761657 -0.218523502 -0.948272467 -0.026080767 0.316384345 50.250858307
0.267321199 0.069393717 0.961105525 6.443181992 -0.036296755 0.997420847 -0.061920211 -0.260872841 -0.962923586 -0.018332431 0.269150496 50.341262817
0.222912341 0.063498467 0.972768188 6.729672432 -0.023099868 0.997940183 -0.059848193 -0.276626110 -0.974564791 -0.009129914 0.223920003 50.415763855
0.180771679 0.062608354 0.981530309 7.297326088 -0.014189563 0.998034000 -0.061047737 -0.304162323 -0.983422697 -0.002891786 0.181304663 50.473705292
0.142684102 0.064204477 0.987683654 8.114610672 -0.010723682 0.997935534 -0.063321702 -0.344490886 -0.989710212 -0.001556605 0.143078014 50.530815125
0.109433308 0.064780451 0.991880953 8.314205170 -0.002286840 0.997887850 -0.064920478 -0.359225333 -0.993991494 0.004836189 0.109350309 50.564064026
0.081188060 0.063291453 0.994687378 9.530988693 0.005209396 0.997941315 -0.063923694 -0.434663504 -0.996685147 0.010371562 0.080691211 50.584526062
0.056239340 0.061668672 0.996510923 10.092589378 0.012054601 0.997976065 -0.062439643 -0.464606881 -0.998344481 0.015524107 0.055382118 50.597751617
0.035717275 0.060742430 0.997514188 10.225574493 0.016626384 0.997976840 -0.061365925 -0.457896948 -0.999223709 0.018776873 0.034635078 50.609275818
0.020142864 0.062605388 0.997835040 11.391961098 0.019706314 0.997818828 -0.063002147 -0.527518868 -0.999602914 0.020932695 0.018865205 50.616199493
0.006730373 0.062259167 0.998037338 11.983070374 0.019942015 0.997853100 -0.062382162 -0.564717710 -0.999778509 0.020322731 0.005474349 50.614364624
-0.005058620 0.063038662 0.997998238 12.451573372 0.020795422 0.997801840 -0.062920853 -0.589038193 -0.999770939 0.020435503 -0.006358413 50.600009918
-0.013882063 0.065949775 0.997726321 13.207289696 0.025606010 0.997518718 -0.065579750 -0.631542206 -0.999575734 0.024637409 -0.015536328 50.587734222
-0.020517765 0.067991801 0.997474909 14.111629486 0.029885603 0.997280777 -0.067363836 -0.686652422 -0.999342740 0.028427983 -0.022493944 50.583122253
-0.025111178 0.067313775 0.997415781 14.752330780 0.030276999 0.997323930 -0.066545330 -0.719901383 -0.999226093 0.028527725 -0.027082037 50.561740875
-0.028571904 0.064657308 0.997498333 15.440191269 0.028092414 0.997563481 -0.063856870 -0.753759563 -0.999196947 0.026197625 -0.030318670 50.545055389
-0.031458568 0.057782564 0.997833431 16.081354141 0.025701795 0.998044133 -0.056984477 -0.788140535 -0.999174535 0.023853462 -0.032882154 50.532474518
-0.032422990 0.052349079 0.998102367 16.803520203 0.026870010 0.998312175 -0.051487215 -0.819724917 -0.999112964 0.025149649 -0.033774883 50.508670807
-0.033003520 0.049492255 0.998229086 17.455921173 0.029677628 0.998381257 -0.048518598 -0.856621087 -0.999014497 0.028023783 -0.034418911 50.480304718
-0.032707933 0.051332045 0.998145878 18.191217422 0.032946751 0.998192847 -0.050254837 -0.900617719 -0.998921692 0.031241929 -0.034340046 50.455825806
-0.032033175 0.059132159 0.997736216 18.847358704 0.033941440 0.997736990 -0.058042500 -0.922053039 -0.998910248 0.032005318 -0.033967715 50.430843353
-0.029274633 0.067467995 0.997291863 19.594552994 0.034684703 0.997187257 -0.066442773 -0.950817347 -0.998969436 0.032645676 -0.031532392 50.401371002
-0.027790353 0.068040065 0.997295380 20.316965103 0.035317723 0.997124732 -0.067044258 -0.990167379 -0.998989642 0.033359013 -0.030113466 50.399192810
-0.025276873 0.063418336 0.997666836 21.098846436 0.034913938 0.997432947 -0.062518880 -1.034272075 -0.999070525 0.033252202 -0.027426172 50.374820709
-0.023153089 0.056818526 0.998116016 21.976390839 0.034153406 0.997845769 -0.056010894 -1.098578691 -0.999148369 0.032792233 -0.025043759 50.380172729
-0.020107148 0.055098999 0.998278320 22.765121460 0.032681342 0.997982919 -0.054424427 -1.144383430 -0.999263465 0.031530764 -0.021867301 50.367004395
-0.017351300 0.060758308 0.998001695 23.516551971 0.039923068 0.997398019 -0.060027461 -1.185946941 -0.999052048 0.038801745 -0.019731808 50.364379883
-0.014216398 0.065833502 0.997729361 24.287437439 0.041379079 0.997014105 -0.065196715 -1.234606504 -0.999042392 0.040358260 -0.016898079 50.355480194
-0.011434464 0.066800602 0.997700810 24.974418640 0.035587747 0.997161090 -0.066356629 -1.264353871 -0.999301255 0.034747168 -0.013779285 50.347846985
-0.008048879 0.063467592 0.997951388 25.766382217 0.031127689 0.997516096 -0.063188836 -1.307664394 -0.999482989 0.030555323 -0.010004484 50.355606079
-0.003629439 0.059529692 0.998220086 26.455768585 0.035003565 0.997622371 -0.059366785 -1.353621840 -0.999380589 0.034725789 -0.005704561 50.353813171
-0.000074084 0.060618073 0.998160958 27.185756683 0.039716877 0.997373641 -0.060567312 -1.398920417 -0.999210894 0.039639350 -0.002481451 50.346656799
0.002512625 0.065040939 0.997879326 27.965566635 0.039518718 0.997096658 -0.065089419 -1.444829583 -0.999215603 0.039598458 -0.000065004 50.360675812
0.006071164 0.065999217 0.997801125 28.657100677 0.035645455 0.997171164 -0.066174425 -1.480176687 -0.999346077 0.035968825 0.003701417 50.372329712
0.010272892 0.065460429 0.997802198 29.436115265 0.034843408 0.997225523 -0.065781340 -1.527582407 -0.999339938 0.035442591 0.007963525 50.375274658
0.013487440 0.062197704 0.997972727 30.016536713 0.038888615 0.997275770 -0.062679827 -1.565048814 -0.999152541 0.039655164 0.011031915 50.372062683
0.017320490 0.062718235 0.997880995 30.823778152 0.043496400 0.997038543 -0.063420258 -1.616789103 -0.998903453 0.044502698 0.014541179 50.378299713
0.021154562 0.063559167 0.997753918 31.607995987 0.046183228 0.996849716 -0.064480759 -1.664184093 -0.998709023 0.047443558 0.018152552 50.383457184
0.023380794 0.063493796 0.997708321 32.366142273 0.046762522 0.996819317 -0.064533062 -1.707461834 -0.998632312 0.048164193 0.020337299 50.417930603
0.026820283 0.061839927 0.997725666 33.148841858 0.047950774 0.996856153 -0.063075021 -1.757699251 -0.998489559 0.049533408 0.023770694 50.440383911
0.030871188 0.060924489 0.997664988 33.857105255 0.050329257 0.996779680 -0.062427793 -1.798057318 -0.998255432 0.052138943 0.027705492 50.451099396
0.033773623 0.061409324 0.997541010 34.641708374 0.048728846 0.996822298 -0.063014872 -1.838022470 -0.998240829 0.050737273 0.030673895 50.479370117
0.036374878 0.062854260 0.997359633 35.291664124 0.045606911 0.996875823 -0.064487107 -1.883498430 -0.998296976 0.047832202 0.033394650 50.513412476
0.039231230 0.062934563 0.997246325 36.070899963 0.047234055 0.996782124 -0.064763427 -1.928722858 -0.998113096 0.049644738 0.036132336 50.540462494
0.042053573 0.062785700 0.997140646 36.854679108 0.045111369 0.996886373 -0.064672224 -1.971759796 -0.998096347 0.047702082 0.039090283 50.581413269
0.044492211 0.063099831 0.997014999 37.649360657 0.043479778 0.996935189 -0.065035090 -2.017509937 -0.998063028 0.046243548 0.041612290 50.624073029
0.046984203 0.063120656 0.996899247 38.364208221 0.040654708 0.997053742 -0.065046497 -2.065001965 -0.998067915 0.043584820 0.044279624 50.666751862
0.050162826 0.065206386 0.996610105 39.158840179 0.039198052 0.996968925 -0.067202851 -2.108525753 -0.997971475 0.042436264 0.047454815 50.711914062
0.053697046 0.068552546 0.996201336 39.782875061 0.038112864 0.996773064 -0.070646212 -2.149296284 -0.997829616 0.041761585 0.050911035 50.735187531
0.057091337 0.070699036 0.995862603 40.581851959 0.038118891 0.996607900 -0.072937235 -2.201269627 -0.997640967 0.042125262 0.054202706 50.780189514
0.060293246 0.073068097 0.995502770 41.358631134 0.032528784 0.996643782 -0.075121954 -2.248854637 -0.997650564 0.036911849 0.057714064 50.838905334
0.063174948 0.072194211 0.995387793 42.170585632 0.028474942 0.996843696 -0.074107043 -2.303901196 -0.997596145 0.033025317 0.060919818 50.899230957
0.066259235 0.072690740 0.995151103 42.881278992 0.030812657 0.996718228 -0.074856751 -2.353737354 -0.997326493 0.035623208 0.063802004 50.951610565
0.070206173 0.073802412 0.994798541 43.700717926 0.030132271 0.996647298 -0.076066084 -2.411767483 -0.997077286 0.035315845 0.067746937 51.014373779
0.073651738 0.075107098 0.994451761 44.521541595 0.026416089 0.996663153 -0.077230565 -2.462800980 -0.996934175 0.031957686 0.071421944 51.090892792
0.077916883 0.072854966 0.994294286 45.322124481 0.025063949 0.996867895 -0.075007640 -2.519916773 -0.996644735 0.030765299 0.075846806 51.159709930
0.082431197 0.072864823 0.993929446 46.140453339 0.025389675 0.996846378 -0.075184353 -2.583383083 -0.996273339 0.031433083 0.080321215 51.234947205
0.087629244 0.076416895 0.993217707 46.953929901 0.021705685 0.996670127 -0.078597546 -2.642022848 -0.995916665 0.028445916 0.085678741 51.307632446
0.093771867 0.084829666 0.991973102 47.770130157 0.019865591 0.996005654 -0.087052412 -2.703993797 -0.995395482 0.027869202 0.091712102 51.389213562
0.101419091 0.089967556 0.990767360 48.523498535 0.018247616 0.995566666 -0.092271268 -2.760653019 -0.994676352 0.027437214 0.099327780 51.454383850
0.108532235 0.092967786 0.989736259 49.344837189 0.013775334 0.995381117 -0.095008604 -2.828296185 -0.993997455 0.023945443 0.106750257 51.557834625
0.115605392 0.091066994 0.989111781 50.130706787 0.010341981 0.995623946 -0.092875324 -2.897282600 -0.993241370 0.020966260 0.114157692 51.661537170
0.123125076 0.089571550 0.988340616 50.965251923 0.009514386 0.995766044 -0.091429785 -2.972834587 -0.992345572 0.020660752 0.121751547 51.768375397
0.130525142 0.085920535 0.987714946 51.749664307 0.009443428 0.996084869 -0.087896571 -3.035590887 -0.991399944 0.020800129 0.129202753 51.875419617
0.137841746 0.080270894 0.987196147 52.584758759 0.007108694 0.996604681 -0.082028501 -3.106086016 -0.990428746 0.018324628 0.136803120 51.998672485
0.145017415 0.072982773 0.986733675 53.348281860 0.004535624 0.997216344 -0.074424684 -3.165274382 -0.989418685 0.015268326 0.144282654 52.110843658
0.152244389 0.070262440 0.985842168 54.175415039 0.004136021 0.997415841 -0.071726032 -3.231811285 -0.988334179 0.014997349 0.151560307 52.248287201
0.159561098 0.072595410 0.984515190 54.883598328 0.004111701 0.997234941 -0.074199714 -3.268748045 -0.987179518 0.015887421 0.158821374 52.362323761
0.165047914 0.078956343 0.983120084 55.679576874 0.004453572 0.996720791 -0.080796301 -3.331324577 -0.986275375 0.017713662 0.164155066 52.505973816
0.170191899 0.083385207 0.981876612 56.419525146 0.002526546 0.996373057 -0.085054241 -3.371538639 -0.985407710 0.016956305 0.169363916 52.638137817
0.175020769 0.086271390 0.980777800 57.197708130 0.001830696 0.996123374 -0.087947913 -3.434753895 -0.984563053 0.017188216 0.174184337 52.786537170
0.180419281 0.085714549 0.979847908 57.953048706 -0.001136468 0.996213198 -0.086936884 -3.505589247 -0.983589113 0.014571521 0.179833472 52.930210114
0.185552463 0.082230270 0.979187608 58.724834442 0.002626444 0.996447325 -0.084177427 -3.578265429 -0.982630849 0.018191110 0.184677258 53.079612732
0.190598711 0.077250585 0.978623748 59.425537109 0.002363309 0.996859908 -0.079150394 -3.598330975 -0.981665194 0.017398758 0.189817682 53.178710938
0.193239272 0.070991963 0.978579938 60.180767059 -0.000274062 0.997382760 -0.072301917 -3.662102699 -0.981151581 0.013703379 0.192752972 53.341075897
0.195570707 0.069143839 0.978249073 60.669578552 -0.006229933 0.997578800 -0.069264598 -3.679027557 -0.980669796 0.007451703 0.195527971 53.443004608
0.198936716 0.069038808 0.977577507 61.400882721 -0.008062362 0.997597039 -0.068811931 -3.735625744 -0.979979098 0.005807640 0.199015319 53.594142914
0.200897157 0.071322657 0.977012515 62.029926300 -0.009541593 0.997441173 -0.070851982 -3.777582645 -0.979565859 0.004911706 0.201063633 53.717826843
0.202302590 0.075945206 0.976373851 62.737449646 -0.013912421 0.997110963 -0.074675560 -3.829232931 -0.979224324 0.001523335 0.202774674 53.874694824
0.204017878 0.079679646 0.975719094 63.429573059 -0.014850061 0.996819437 -0.078297675 -3.887301207 -0.978854597 0.001484636 0.204552218 54.033851624
0.205943510 0.085302420 0.974838853 64.135475159 -0.015770432 0.996353269 -0.083853386 -3.938981295 -0.978436768 0.001895432 0.206537753 54.204235077
0.207866281 0.087257080 0.974257588 64.815505981 -0.014898018 0.996180058 -0.086041898 -3.991771221 -0.978043795 0.003370703 0.208372205 54.350513458
0.208976939 0.087201677 0.974024951 65.485618591 -0.017566076 0.996190488 -0.085417293 -4.048412323 -0.977762699 0.000740450 0.209712654 54.506118774
0.209846571 0.084026799 0.974116981 66.175369263 -0.017096722 0.996463299 -0.082271360 -4.108913422 -0.977584839 0.000610153 0.210540980 54.669158936
0.210795790 0.081392936 0.974135697 66.829818726 -0.017455043 0.996682107 -0.079499617 -4.170495987 -0.977374196 -0.000245397 0.211517081 54.807018280
0.210088506 0.080831461 0.974335194 67.413627625 -0.016132697 0.996727347 -0.079210542 -4.198395729 -0.977549255 0.000922569 0.210704967 54.933425903
0.208440065 0.080335476 0.974730194 68.051544189 -0.016054844 0.996767581 -0.078718536 -4.244184494 -0.977903366 0.000758955 0.209056109 55.076065063
0.206643835 0.081206024 0.975040436 68.680145264 -0.017542986 0.996697128 -0.079291753 -4.296807289 -0.978258908 -0.000719972 0.207385913 55.218303680
0.204618752 0.083026856 0.975314140 69.254753113 -0.018176714 0.996546626 -0.081020936 -4.366455078 -0.978672981 -0.001149609 0.205421329 55.337764740
0.203280792 0.086669385 0.975277007 69.853607178 -0.015820963 0.996235371 -0.085234247 -4.416731834 -0.978992581 0.001896661 0.203886688 55.449218750
0.201146469 0.087794408 0.975618899 70.446685791 -0.013706519 0.996130168 -0.086814299 -4.458434105 -0.979465187 0.004090049 0.201571450 55.575839996
0.198884591 0.086787537 0.976172507 71.039505005 -0.014680925 0.996223152 -0.085579090 -4.504911423 -0.979912937 0.002689247 0.199407578 55.699951172
0.195896462 0.083710283 0.977045119 71.580558777 -0.015098050 0.996489167 -0.082349055 -4.560450077 -0.980508447 0.001380413 0.196472540 55.818992615
0.194165245 0.079833150 0.977714956 72.182235718 -0.014686169 0.996807873 -0.078475602 -4.604923248 -0.980858922 0.000878344 0.194717854 55.932823181
0.192669213 0.078999005 0.978078663 72.739074707 -0.011170068 0.996865928 -0.078316092 -4.654526234 -0.981200159 0.004163893 0.192947820 56.032119751
0.190661386 0.080167599 0.978376925 73.289794922 -0.007391937 0.996748745 -0.080232471 -4.699845314 -0.981628001 0.008065135 0.190634117 56.142147064
0.188048050 0.082333967 0.978702784 73.833297729 -0.003686786 0.996532321 -0.083125502 -4.742442131 -0.982152760 0.012023322 0.187699512 56.246650696
0.185699344 0.083150141 0.979082048 74.294677734 -0.003309873 0.996460319 -0.083998248 -4.817144871 -0.982601047 0.012357783 0.185317278 56.357570648
0.184477225 0.085544623 0.979106843 74.828643799 -0.003436310 0.996254861 -0.086395413 -4.860992432 -0.982830763 0.012573469 0.184080333 56.458217621
0.183445543 0.083909266 0.979442120 75.379753113 -0.001783385 0.996377110 -0.085026048 -4.906988621 -0.983028233 0.013850929 0.182930559 56.558177948
0.184152722 0.082022630 0.979469299 75.921264648 0.004523680 0.996430695 -0.084293522 -4.952398300 -0.982887208 0.019953685 0.183124378 56.652313232
0.186187387 0.080181219 0.979237020 76.461654663 0.009567637 0.996469259 -0.083411351 -4.992045403 -0.982467651 0.024899131 0.184762821 56.748836517
0.188675553 0.079194248 0.978840947 77.006729126 0.012010722 0.996482372 -0.082936645 -5.041676521 -0.981966019 0.027404701 0.187060684 56.843223572
0.192371517 0.078522615 0.978175521 77.555557251 0.009840509 0.996589005 -0.081936017 -5.085655212 -0.981272817 0.025387902 0.190942645 56.954925537
0.196529627 0.079664223 0.977256238 78.095382690 0.008288591 0.996523261 -0.082901709 -5.133278847 -0.980462849 0.024392724 0.195186079 57.093658447
0.203492492 0.078451730 0.975928247 78.654449463 0.009666457 0.996574998 -0.082127027 -5.173939228 -0.979028821 0.026146000 0.202037200 57.208103180
0.210965753 0.079244368 0.974276006 79.237129211 0.007815279 0.996540010 -0.082747519 -5.203889847 -0.977462232 0.025071131 0.209616452 57.330699921
0.220079154 0.076928496 0.972443879 79.816589355 0.008236356 0.996703386 -0.080711655 -5.250228882 -0.975447237 0.025772348 0.218720049 57.460266113
0.227812797 0.076628119 0.970685065 80.364212036 0.004615056 0.996802330 -0.079773009 -5.301417351 -0.973694026 0.022653073 0.226730689 57.624801636
0.237617448 0.076413348 0.968348622 80.948410034 0.003284385 0.996832073 -0.079466946 -5.344101906 -0.971353233 0.022063164 0.236613750 57.774703979
0.247299388 0.080256455 0.965609610 81.533851624 -0.002229437 0.996608198 -0.082261935 -5.390094280 -0.968936563 0.018190563 0.246639520 57.938549042
0.256528974 0.082207136 0.963034213 82.117599487 -0.005272780 0.996480525 -0.083657660 -5.433963299 -0.966522157 0.016382739 0.256059617 58.109535217
0.267545223 0.084969282 0.959791541 82.717971802 -0.009149877 0.996283293 -0.085649304 -5.475807190 -0.963501811 0.014133082 0.267328322 58.284660339
0.277677566 0.086804777 0.956744552 83.347572327 -0.010623127 0.996125877 -0.087294653 -5.525672436 -0.960615635 0.014076144 0.277523845 58.473648071
0.287143081 0.087714069 0.953863263 83.962333679 -0.013755347 0.996073484 -0.087454796 -5.576501846 -0.957788944 0.011991316 0.287222236 58.676723480
0.297731429 0.087617472 0.950620413 84.570579529 -0.014271118 0.996076584 -0.087337434 -5.627199173 -0.954542994 0.012436683 0.297813684 58.881782532
0.307996660 0.088828310 0.947231591 85.210639954 -0.018867662 0.996006191 -0.087267339 -5.677021027 -0.951200366 0.009006008 0.308442622 59.103534698
0.318446964 0.084120072 0.944200873 85.846183777 -0.018358657 0.996415317 -0.082580142 -5.719118118 -0.947762907 0.008963139 0.318849683 59.323059082
0.328433335 0.077294752 0.941359222 86.493988037 -0.014658153 0.996943057 -0.076744594 -5.763847828 -0.944413424 0.011406900 0.328562319 59.563125610
0.340333462 0.072495408 0.937506020 87.194252014 -0.012918420 0.997289836 -0.072428733 -5.818904877 -0.940216064 0.012538829 0.340347737 59.804153442
0.350716770 0.069227591 0.933919311 87.858726501 -0.013470486 0.997533679 -0.068884462 -5.861873150 -0.936384678 0.011578591 0.350784332 60.042114258
0.360213250 0.066908583 0.930467367 88.546913147 -0.007481378 0.997599661 -0.068839699 -5.905260563 -0.932840049 0.017835792 0.359849185 60.308284760
0.368848324 0.061431177 0.927457333 89.258483887 -0.000774410 0.997833550 -0.065784648 -5.943544388 -0.929489255 0.023546327 0.368096799 60.583503723
0.375833631 0.051709466 0.925243318 89.999641418 0.008915987 0.998193920 -0.059408166 -5.995532990 -0.926644266 0.030577045 0.374693871 60.877120972
0.382751495 0.047524784 0.922628105 90.712425232 0.013737701 0.998272836 -0.057120334 -6.038313866 -0.923749149 0.034537684 0.381437510 61.168136597
0.390317738 0.047223076 0.919468462 91.434967041 0.016209595 0.998176455 -0.058146499 -6.085129261 -0.920537531 0.037599824 0.388840556 61.470764160
0.397882581 0.053530741 0.915873289 92.147094727 0.018594500 0.997620702 -0.066386692 -6.123238564 -0.917247951 0.043444321 0.395940453 61.782814026
0.404944509 0.057971284 0.912501633 92.846405029 0.022369280 0.997061253 -0.073270261 -6.162009239 -0.914067566 0.050082389 0.402457684 62.089408875
0.410847604 0.060093198 0.909721375 93.568786621 0.020687351 0.996954024 -0.075198300 -6.209088802 -0.911469221 0.049714763 0.408352911 62.407188416
0.414496243 0.061542530 0.907967687 94.202339172 0.013226830 0.997197986 -0.073628791 -6.275136948 -0.909954786 0.042528395 0.412520885 62.721389771
0.418240964 0.065457590 0.905974448 94.899513245 0.006168680 0.997172296 -0.074894473 -6.331608772 -0.908315122 0.036912605 0.416654497 63.063724518
0.422549129 0.068062425 0.903780818 95.574882507 0.005879738 0.996949494 -0.077827826 -6.391629219 -0.906320930 0.038200073 0.420859993 63.379150391
0.426087618 0.072581396 0.901765704 96.243843079 0.002185512 0.996690989 -0.081254408 -6.447988510 -0.904679239 0.036592323 0.424519092 63.712043762
0.430166721 0.075220279 0.899610341 96.914215088 -0.000340454 0.996535957 -0.083161868 -6.503554344 -0.902749419 0.035467189 0.428702205 64.029609680
0.433588952 0.073798455 0.898083746 97.565902710 -0.001683662 0.996705353 -0.081089683 -6.563095093 -0.901109159 0.033647515 0.432284683 64.361984253
0.437937707 0.070719071 0.896219492 98.227371216 -0.000512111 0.996920586 -0.078414984 -6.616368294 -0.899005234 0.033881914 0.436625332 64.683547974
0.441197872 0.067508593 0.894867003 98.865272522 -0.000890914 0.997198939 -0.074789241 -6.685057640 -0.897409320 0.032199603 0.440022260 65.006546021
0.444578737 0.066838346 0.893242598 99.486877441 -0.002329204 0.997295082 -0.073464975 -6.740582466 -0.895736694 0.030580424 0.443531901 65.323745728
0.448372841 0.068727352 0.891200542 100.111808777 -0.004158716 0.997189343 -0.074808672 -6.781267643 -0.893836975 0.029835926 0.447398335 65.636466980
0.450551480 0.069736823 0.890022576 100.712776184 -0.003695859 0.997081518 -0.076254398 -6.827620506 -0.892742813 0.031067133 0.449494302 65.951782227
0.453495592 0.067378893 0.888707936 101.333045959 -0.000836948 0.997170031 -0.075175039 -6.878210068 -0.891258121 0.033347752 0.452268660 66.261161804
0.455474973 0.066318944 0.887774885 101.927436829 0.001436358 0.997165382 -0.075227588 -6.920380592 -0.890247464 0.035539448 0.454088598 66.561729431
0.456899226 0.066292748 0.887044668 102.505279541 -0.000392178 0.997233927 -0.074325643 -6.976527214 -0.889518321 0.033611458 0.455661356 66.868843079
0.459133178 0.065929450 0.885917604 103.088424683 0.000646254 0.997217178 -0.074547224 -7.027562141 -0.888367236 0.034799621 0.457812935 67.172714233
0.461146504 0.067154177 0.884779215 103.630645752 0.000429781 0.997115135 -0.075904384 -7.078696251 -0.887323916 0.035383306 0.459787250 67.464172363
0.464139313 0.066908255 0.883231580 104.184226990 0.003817266 0.996982574 -0.077531330 -7.125129700 -0.885754049 0.039356869 0.462483436 67.751853943
0.467279136 0.066478416 0.881606877 104.728012085 0.005118901 0.996948898 -0.077889048 -7.173058033 -0.884095013 0.040908791 0.465513080 68.035690308
0.470094591 0.064711176 0.880240560 105.261245728 0.007602592 0.996974766 -0.077353112 -7.226995468 -0.882583261 0.043055393 0.468180418 68.331329346
0.473867804 0.063643426 0.878293037 105.786560059 0.009797145 0.996942103 -0.077526927 -7.262535095 -0.880541384 0.045342285 0.471795321 68.598953247
0.477220356 0.063059889 0.876518250 106.300132751 0.011151381 0.996907234 -0.077792481 -7.303535461 -0.878712952 0.046898548 0.475041240 68.882781982
0.480643809 0.060763407 0.874808192 106.809844971 0.011926706 0.997051179 -0.075807147 -7.399312973 -0.876834810 0.046869814 0.478501707 69.157768250
0.483561784 0.060532775 0.873214602 107.312622070 0.013298227 0.996982634 -0.076476775 -7.443305969 -0.875209153 0.048593454 0.481297731 69.449989319
0.488112956 0.063130386 0.870494246 107.815124512 0.012644476 0.996764421 -0.079377942 -7.436489105 -0.872688890 0.049752351 0.485735357 69.720863342
0.491621494 0.063615821 0.868482113 108.308418274 0.014843019 0.996570945 -0.081400432 -7.476346016 -0.870682538 0.052909102 0.488991499 70.022659302
0.497143656 0.063787408 0.865320385 108.796531677 0.013731373 0.996590674 -0.081352986 -7.607492447 -0.867559493 0.052326158 0.494572908 70.289909363
0.502573669 0.069867134 0.861706734 109.279457092 0.010358477 0.996170938 -0.086810872 -7.647513390 -0.864472389 0.052554823 0.499925554 70.580230713
0.508288741 0.076510191 0.857781291 109.754219055 0.005053041 0.995763540 -0.091811806 -7.702147961 -0.861171901 0.051001322 0.505748808 70.878372192
0.514606178 0.082867257 0.853412807 110.231910706 0.000018467 0.995317638 -0.096657500 -7.747205734 -0.857426584 0.049756322 0.512195110 71.175270081
0.520936251 0.083702698 0.849481702 110.616195679 -0.001140674 0.995247960 -0.097366095 -7.867298126 -0.853594840 0.049752552 0.518556356 71.417549133
0.526297271 0.084044725 0.846136868 111.101165771 -0.005188136 0.995402098 -0.095643848 -7.912571430 -0.850284815 0.045947224 0.524313509 71.733901978
0.531714976 0.087061681 0.842436612 111.702880859 -0.014307904 0.995483696 -0.093847729 -7.892610550 -0.846802473 0.037846744 0.530559301 72.136367798
0.537503719 0.084582090 0.839008629 112.199005127 -0.020605052 0.995977223 -0.087205939 -7.941185951 -0.843009531 0.029585704 0.537084341 72.471580505
0.543786585 0.077291675 0.835656703 112.630668640 -0.022781298 0.996742547 -0.077366367 -8.099650383 -0.838914275 0.023033453 0.543775976 72.770057678
0.550082803 0.075307339 0.831707656 113.142875671 -0.025025915 0.996965051 -0.073718749 -8.141255379 -0.834735096 0.019737169 0.550297976 73.124526978
0.555857182 0.081380837 0.827284575 113.684501648 -0.032354634 0.996560335 -0.076293394 -8.145906448 -0.830647945 0.015641749 0.556578398 73.509063721
0.562016785 0.085300133 0.822715640 114.205543518 -0.036236458 0.996252298 -0.078538634 -8.186018944 -0.826331735 0.014327729 0.563001573 73.883583069
0.568713605 0.085962802 0.818031192 114.699951172 -0.036543485 0.996182501 -0.079277970 -8.268153191 -0.821723402 0.015192752 0.569683850 74.228973389
0.575115323 0.088235274 0.813299954 115.227416992 -0.039040834 0.995993912 -0.080448546 -8.313643456 -0.817140222 0.014515285 0.576256096 74.611335754
0.581180990 0.089294158 0.808860421 115.784408569 -0.042062156 0.995929182 -0.079723202 -8.354751587 -0.812686563 0.012311188 0.582571030 75.034927368
