0.999999821 0.000212866 0.000517160 0.004706314 -0.000211837 0.999998033 -0.001988211 -0.000882655 -0.000517583 0.001988101 0.999997854 0.982215226
0.999999464 0.000549821 0.001018148 0.009689586 -0.000548550 0.999999106 -0.001248331 -0.022695282 -0.001018833 0.001247772 0.999998629 2.033372164
0.999999225 -0.000154190 0.001176969 0.014771448 0.000154618 0.999999940 -0.000363916 -0.045360729 -0.001176914 0.000364098 0.999999225 3.085331917
0.999998569 -0.000541819 0.001578441 0.019407095 0.000542693 0.999999702 -0.000553470 -0.061102483 -0.001578140 0.000554326 0.999998629 4.139289856
0.999997675 -0.000569372 0.002079415 0.021599619 0.000570015 0.999999762 -0.000309007 -0.080100805 -0.002079238 0.000310191 0.999997795 5.195395947
0.999995768 -0.000252785 0.002898919 0.026253030 0.000256711 0.999999046 -0.001354080 -0.097962484 -0.002898575 0.001354819 0.999994874 6.249489307
0.999994993 -0.000376965 0.003147102 0.030178245 0.000381644 0.999998808 -0.001486344 -0.116331294 -0.003146538 0.001487538 0.999993920 7.293499947
0.999989808 -0.001452781 0.004252221 0.014809983 0.001453117 0.999998927 -0.000076018 -0.137076512 -0.004252104 0.000082197 0.999990940 8.290891647
0.999993563 -0.002033663 0.002927371 0.011415223 0.002030106 0.999997199 0.001217720 -0.161080912 -0.002929840 -0.001211769 0.999994993 9.300708771
0.999994636 -0.003205173 0.000653966 0.000314661 0.003204582 0.999994457 0.000904002 -0.178392604 -0.000656859 -0.000901901 0.999999285 10.307838440
0.999994218 -0.003111750 -0.001358883 -0.002391446 0.003112448 0.999995053 0.000512038 -0.188933000 0.001357282 -0.000516264 0.999998927 10.851967812
0.999993145 -0.002706967 -0.002527504 -0.010862529 0.002708561 0.999996126 0.000627406 -0.219180480 0.002525796 -0.000634247 0.999996603 12.383547783
0.999993026 -0.001132081 -0.003596658 -0.016033884 0.001133890 0.999999225 0.000500818 -0.235168993 0.003596089 -0.000504892 0.999993324 13.423143387
0.999991953 -0.001448372 -0.003736782 -0.029448891 0.001450474 0.999998808 0.000559705 -0.250606179 0.003735967 -0.000565120 0.999992847 14.452285767
0.999989271 -0.002021912 -0.004160779 -0.038818277 0.002026793 0.999997199 0.001169260 -0.268906921 0.004158403 -0.001177680 0.999990642 15.482048035
0.999984622 -0.002599200 -0.004888670 -0.046890352 0.002606752 0.999995410 0.001539021 -0.287504405 0.004884647 -0.001551742 0.999986827 16.513422012
0.999982238 -0.001906908 -0.005636023 -0.056760568 0.001910310 0.999997973 0.000598368 -0.303473711 0.005634871 -0.000609124 0.999983907 17.550920486
0.999973834 -0.002536015 -0.006760866 -0.059723914 0.002536148 0.999996722 0.000011063 -0.326203406 0.006760816 -0.000028209 0.999977171 18.588699341
0.999972701 -0.001113683 -0.007302076 -0.080250420 0.001118645 0.999999106 0.000675554 -0.347475052 0.007301318 -0.000683704 0.999973059 19.638702393
0.999966562 -0.001858291 -0.007963918 -0.094788499 0.001863447 0.999998033 0.000640084 -0.368268728 0.007962713 -0.000654903 0.999968112 20.713268280
0.999960780 -0.001881791 -0.008657360 -0.112111650 0.001880825 0.999998212 -0.000119637 -0.385161549 0.008657569 0.000103350 0.999962509 21.792186737
0.999947667 -0.002100445 -0.010016350 -0.117053591 0.002111209 0.999997139 0.001064234 -0.403959751 0.010014086 -0.001085325 0.999949217 22.659147263
0.999944270 -0.002758623 -0.010182442 -0.140501603 0.002783520 0.999993145 0.002431670 -0.420289308 0.010175664 -0.002459878 0.999945223 23.955240250
0.999936342 -0.003061842 -0.010858174 -0.158565670 0.003089982 0.999991894 0.002575805 -0.439454406 0.010850201 -0.002609193 0.999937713 25.037820816
0.999926865 -0.003915058 -0.011459213 -0.178775758 0.003934531 0.999990880 0.001677131 -0.454517186 0.011452543 -0.001722094 0.999932945 26.129846573
0.999914110 -0.004029430 -0.012468684 -0.197434425 0.004042114 0.999991357 0.000992128 -0.478079259 0.012464578 -0.001042442 0.999921799 27.230855942
0.999907196 -0.003211269 -0.013234991 -0.219399735 0.003224233 0.999994338 0.000958348 -0.493416697 0.013231839 -0.001000932 0.999911904 28.350770950
0.999896526 -0.003830055 -0.013859572 -0.235817716 0.003850038 0.999991536 0.001415411 -0.510700941 0.013854035 -0.001468625 0.999902964 29.464864731
0.999880731 -0.004262012 -0.014848612 -0.252103448 0.004286754 0.999989510 0.001634819 -0.527886569 0.014841489 -0.001698276 0.999888420 30.588937759
0.999865115 -0.005014515 -0.015638981 -0.268260390 0.005039843 0.999986053 0.001580593 -0.547428131 0.015630834 -0.001659198 0.999876440 31.726165771
0.999859333 -0.005122113 -0.015973970 -0.293831646 0.005143411 0.999985874 0.001292453 -0.559111178 0.015967125 -0.001374431 0.999871612 32.858291626
0.999852657 -0.006343020 -0.015949070 -0.323529005 0.006376997 0.999977529 0.002080376 -0.581427991 0.015935516 -0.002181777 0.999870658 33.989276886
0.999854624 -0.005869503 -0.016011516 -0.343307734 0.005926320 0.999976277 0.003503405 -0.601518333 0.015990572 -0.003597785 0.999865651 35.136772156
0.999867797 -0.005000838 -0.015476445 -0.378038615 0.005059525 0.999980152 0.003755267 -0.609167755 0.015457357 -0.003833074 0.999873102 36.281177521
0.999870002 -0.004470450 -0.015495773 -0.399759799 0.004528906 0.999982774 0.003739349 -0.632012129 0.015478794 -0.003809042 0.999872863 37.426181793
0.999874353 -0.003657595 -0.015421700 -0.422158003 0.003715999 0.999985933 0.003760187 -0.647659600 0.015407731 -0.003817022 0.999873996 38.564117432
0.999893963 -0.000856721 -0.014539870 -0.446531802 0.000931020 0.999986529 0.005103974 -0.653644085 0.014535303 -0.005116969 0.999881268 39.730564117
0.999912262 -0.001151495 -0.013196241 -0.464556187 0.001265262 0.999961972 0.008616072 -0.672975063 0.013185820 -0.008632013 0.999875784 40.880802155
0.999940038 -0.000132007 -0.010944050 -0.491766334 0.000253366 0.999938488 0.011088429 -0.675910950 0.010941913 -0.011090539 0.999878585 42.033954620
0.999952674 0.000389649 -0.009724576 -0.498825669 -0.000248763 0.999895036 0.014484582 -0.683981180 0.009729199 -0.014481477 0.999847710 43.227188110
0.999967277 -0.000168678 -0.008079294 -0.521594405 0.000296027 0.999875724 0.015763799 -0.683403850 0.008075630 -0.015765678 0.999843061 44.359493256
0.999976635 -0.001384043 -0.006693474 -0.525511265 0.001476827 0.999902606 0.013876724 -0.676326454 0.006673617 -0.013886283 0.999881327 45.527786255
0.999984562 -0.000444509 -0.005534833 -0.538849115 0.000512321 0.999924719 0.012256640 -0.682174861 0.005528969 -0.012259288 0.999909580 46.725891113
0.999988735 -0.000236743 -0.004736340 -0.553394079 0.000292638 0.999930322 0.011803926 -0.689142585 0.004733216 -0.011805180 0.999919116 47.848712921
0.999986112 -0.000756827 -0.005207105 -0.553810775 0.000814848 0.999937475 0.011149503 -0.692897558 0.005198341 -0.011153591 0.999924183 49.022430420
0.999983788 -0.001253385 -0.005558791 -0.570849836 0.001307282 0.999952137 0.009702789 -0.698233128 0.005546362 -0.009709897 0.999937475 50.220909119
0.999972820 -0.001264173 -0.007265747 -0.581902564 0.001338558 0.999946654 0.010242064 -0.700131416 0.007252413 -0.010251512 0.999921143 51.348556519
0.999960601 -0.001618063 -0.008721119 -0.593304515 0.001717278 0.999933779 0.011380930 -0.706726134 0.008702125 -0.011395458 0.999897122 52.523662567
0.999937534 -0.002008457 -0.010994345 -0.594031155 0.002141206 0.999924839 0.012075857 -0.718846262 0.010969266 -0.012098642 0.999866664 53.711746216
0.999942422 -0.000607553 -0.010723586 -0.635808408 0.000733411 0.999930859 0.011736538 -0.720514774 0.010715716 -0.011743728 0.999873579 54.868198395
0.999933720 -0.000282379 -0.011512170 -0.651285887 0.000416025 0.999932468 0.011608427 -0.727643907 0.011508114 -0.011612449 0.999866307 56.036777496
0.999933183 -0.001235952 -0.011493252 -0.677045286 0.001360941 0.999939978 0.010873496 -0.731792510 0.011479121 -0.010888411 0.999874771 57.210609436
0.999926448 -0.001716938 -0.012007727 -0.686358809 0.001835910 0.999949276 0.009904047 -0.738542557 0.011990113 -0.009925364 0.999878824 58.399173737
0.999919236 -0.002729973 -0.012414258 -0.712155402 0.002875932 0.999926805 0.011754698 -0.757186711 0.012381257 -0.011789452 0.999853790 59.562049866
0.999911964 -0.002710941 -0.012987862 -0.724591970 0.002880665 0.999910474 0.013067038 -0.761182606 0.012951275 -0.013103300 0.999830246 60.747573853
0.999912083 -0.002010253 -0.013107774 -0.751187503 0.002155278 0.999936461 0.011059268 -0.762271285 0.013084706 -0.011086547 0.999852896 61.935462952
0.999912739 0.000179978 -0.013209707 -0.773143232 -0.000054457 0.999954879 0.009501995 -0.762566924 0.013210825 -0.009500445 0.999867558 63.114032745
0.999907255 0.002142809 -0.013451442 -0.792472601 -0.002009344 0.999948680 0.009927719 -0.772109747 0.013472021 -0.009899770 0.999860227 64.297569275
0.999895990 0.003550996 -0.013979834 -0.793946743 -0.003429669 0.999956310 0.008693140 -0.684098005 0.014010088 -0.008644290 0.999864459 64.112648010
0.999891341 0.005328146 -0.013744503 -0.819100320 -0.005201291 0.999943674 0.009248805 -0.698624492 0.013793007 -0.009176311 0.999862850 65.314529419
0.999900520 0.005532810 -0.012963363 -0.838571548 -0.005400110 0.999933004 0.010249159 -0.709269583 0.013019200 -0.010178139 0.999863446 66.509841919
0.999910295 0.007651045 -0.010988120 -0.862931967 -0.007537051 0.999917626 0.010378501 -0.707575560 0.011066623 -0.010294755 0.999885738 67.702079773
0.999947250 0.006237077 -0.008160410 -0.878104210 -0.006165924 0.999942958 0.008715609 -0.729088664 0.008214304 -0.008664835 0.999928713 68.896125793
0.999977171 0.003221731 -0.005947604 -0.883452773 -0.003198799 0.999987364 0.003861217 -0.743294597 0.005959969 -0.003842103 0.999974787 70.091606140
0.999983311 0.004723229 -0.003323509 -0.893205464 -0.004713597 0.999984622 0.002900348 -0.755792141 0.003337158 -0.002884634 0.999990225 71.282226562
0.999995708 0.002930464 -0.000582315 -0.896062374 -0.002926263 0.999970555 0.007088237 -0.778050780 0.000603069 -0.007086502 0.999974668 72.479927063
0.999987543 0.004121538 0.002803445 -0.900301158 -0.004143829 0.999959409 0.007992564 -0.787638843 -0.002770390 -0.008004082 0.999964058 73.657997131
0.999965131 0.003990114 0.007328082 -0.929862916 -0.004029429 0.999977410 0.005358025 -0.744866014 -0.007306539 -0.005387368 0.999958754 74.404212952
0.999942482 0.003357637 0.010185885 -0.891124845 -0.003390760 0.999988973 0.003236376 -0.816694736 -0.010174907 -0.003270728 0.999942839 76.013717651
0.999906123 0.001807425 0.013579928 -0.878655195 -0.001803133 0.999998331 -0.000328311 -0.834368587 -0.013580496 0.000303794 0.999907732 77.182617188
0.999846697 0.001182813 0.017470067 -0.888994813 -0.001148417 0.999997377 -0.001978743 -0.801974893 -0.017472364 0.001958377 0.999845326 77.908187866
0.999784231 0.001080802 0.020744033 -0.865352750 -0.001073877 0.999999344 -0.000344938 -0.823212683 -0.020744396 0.000322587 0.999784708 79.067733765
0.999686778 0.002162998 0.024932709 -0.844289064 -0.002170677 0.999997616 0.000280965 -0.848781586 -0.024932038 -0.000334997 0.999689043 80.228797913
0.999590158 0.001532321 0.028588319 -0.816078901 -0.001473142 0.999996722 -0.002090956 -0.864579558 -0.028591432 0.002047984 0.999589145 81.379844666
0.999483168 0.001581267 0.032107096 -0.790281296 -0.001451137 0.999990582 -0.004075910 -0.895911217 -0.032113235 0.004027212 0.999476075 82.541915894
0.999387443 0.001146410 0.034979075 -0.749930143 -0.000985939 0.999988914 -0.004604509 -0.922518492 -0.034983970 0.004567201 0.999377370 83.700202942
0.999277532 -0.000065573 0.038003709 -0.706992149 0.000200483 0.999993682 -0.003546103 -0.941215873 -0.038003240 0.003551161 0.999271333 84.856498718
0.999179423 -0.000408751 0.040500578 -0.661674500 0.000489711 0.999997914 -0.001989071 -0.963232577 -0.040499683 0.002007272 0.999177575 86.018417358
0.999051273 -0.000801114 0.043540355 -0.622512102 0.000820325 0.999999583 -0.000423357 -0.982369840 -0.043539997 0.000458672 0.999051571 87.158920288
0.998947740 -0.002932685 0.045768190 -0.578275681 0.002893537 0.999995410 0.000921583 -1.010202885 -0.045770686 -0.000788181 0.998951674 88.305976868
0.998825312 -0.003491631 0.048330367 -0.525271416 0.003576853 0.999992192 -0.001676939 -1.024952531 -0.048324142 0.001847840 0.998829901 89.472213745
0.998711109 -0.005203605 0.050488651 -0.463170052 0.005454559 0.999973416 -0.004833995 -1.058196664 -0.050462157 0.005103158 0.998712957 90.628768921
0.998633385 -0.004234069 0.052090768 -0.391812325 0.004648719 0.999958515 -0.007841581 -1.067141414 -0.052055396 0.008073020 0.998611629 91.800682068
0.998521626 -0.004564503 0.054163236 -0.344034672 0.005048784 0.999948442 -0.008807713 -1.090642214 -0.054120243 0.009068150 0.998493254 92.904449463
0.998519182 -0.004395855 0.054222360 -0.287569046 0.004836128 0.999956429 -0.007991231 -1.121838331 -0.054184865 0.008241624 0.998496890 94.062103271
0.998538077 -0.003950047 0.053906132 -0.243927956 0.004309713 0.999969184 -0.006557490 -1.133303404 -0.053878557 0.006780224 0.998524487 95.242424011
0.998616338 -0.004989491 0.052350290 -0.166078568 0.005245502 0.999974966 -0.004754088 -1.172831297 -0.052325260 0.005022114 0.998617411 96.444755554
0.998717427 -0.004217189 0.050455853 -0.120778084 0.004439017 0.999980986 -0.004285246 -1.186732054 -0.050436821 0.004503724 0.998717129 97.633178711
0.998844683 -0.003902482 0.047896955 -0.057180405 0.004075873 0.999985516 -0.003522964 -1.217331409 -0.047882505 0.003714116 0.998846054 98.842277527
0.998986661 -0.003352084 0.044881795 -0.013690472 0.003521490 0.999986947 -0.003695973 -1.239054322 -0.044868816 0.003850279 0.998985410 100.035774231
0.999163330 -0.002172651 0.040840283 0.035425663 0.002348093 0.999988317 -0.004248330 -1.262401581 -0.040830575 0.004340673 0.999156594 101.249221802
0.999302208 -0.001954916 0.037298162 0.062709570 0.002088975 0.999991477 -0.003555625 -1.291784525 -0.037290890 0.003631059 0.999297798 102.435989380
0.999436557 -0.001390478 0.033537626 0.084434032 0.001476570 0.999995708 -0.002542391 -1.318094611 -0.033533942 0.002590479 0.999434233 103.652175903
0.999581516 -0.000740816 0.028919168 0.132495403 0.000791556 0.999998093 -0.001743112 -1.337612748 -0.028917823 0.001765273 0.999580264 104.855445862
0.999705434 -0.000865999 0.024256397 0.152700424 0.000893189 0.999999046 -0.001110129 -1.357072949 -0.024255408 0.001131468 0.999705136 106.044189453
0.999806345 -0.000232374 0.019672038 0.177085996 0.000251393 0.999999523 -0.000964309 -1.384457827 -0.019671805 0.000969068 0.999805927 107.294517517
0.999892652 0.000524437 0.014637755 0.185552120 -0.000509591 0.999999404 -0.001017972 -1.402818441 -0.014638279 0.001010404 0.999892354 108.493247986
0.999953508 0.000963727 0.009595479 0.201819122 -0.000949019 0.999998331 -0.001537238 -1.421965837 -0.009596945 0.001528059 0.999952793 109.745513916
0.999986231 0.002183849 0.004768047 0.198593318 -0.002175107 0.999995947 -0.001837844 -1.445110559 -0.004772041 0.001827448 0.999986947 110.946907043
0.999990523 0.004173425 0.001163525 0.200305164 -0.004171059 0.999989152 -0.002028482 -1.470370293 -0.001171978 0.002023610 0.999997258 112.201026917
0.999981880 0.005946830 -0.000852460 0.191326559 -0.005948527 0.999980211 -0.002002347 -1.489296556 0.000840536 0.002007381 0.999997616 113.426414490
0.999971271 0.007331068 -0.001907196 0.184957296 -0.007335408 0.999970496 -0.002278581 -1.513038635 0.001890435 0.002292506 0.999995589 114.657958984
0.999952018 0.009277256 -0.003144463 0.171575606 -0.009283198 0.999955297 -0.001880531 -1.537599206 0.003126876 0.001909631 0.999993324 115.911193848
0.999936461 0.010533441 -0.004008826 0.156410903 -0.010538629 0.999943674 -0.001274914 -1.556364894 0.003995170 0.001317080 0.999991179 117.148323059
0.999937415 0.010148190 -0.004699868 0.144159317 -0.010153208 0.999947906 -0.001045520 -1.573178172 0.004689014 0.001093174 0.999988377 118.398040771
0.999887228 0.013911671 -0.005657979 0.128128052 -0.013905551 0.999902666 0.001119629 -1.595936179 0.005673004 -0.001040826 0.999983370 119.647933960
0.999868214 0.014974985 -0.006260241 0.110972822 -0.014949107 0.999879599 0.004159925 -1.609404325 0.006321781 -0.004065792 0.999971688 120.897743225
0.999883294 0.013602667 -0.006954156 0.101369739 -0.013576340 0.999900460 0.003818946 -1.628648996 0.007005413 -0.003724088 0.999968529 122.138877869
0.999883175 0.013564994 -0.007034765 0.077304721 -0.013550202 0.999905825 0.002146191 -1.639549732 0.007063216 -0.002050617 0.999972939 123.400512695
0.999908388 0.010899103 -0.008020714 0.070107520 -0.010873531 0.999935627 0.003225081 -1.658051491 0.008055347 -0.003137572 0.999962628 124.646217346
0.999922454 0.008716069 -0.008893941 0.056053042 -0.008670527 0.999949098 0.005146546 -1.674217939 0.008938348 -0.005069031 0.999947190 125.908531189
0.999946594 0.005377306 -0.008824931 0.040425777 -0.005316179 0.999961793 0.006935559 -1.686300039 0.008861890 -0.006888274 0.999936938 127.174751282
0.999949932 0.003261127 -0.009473830 0.030657530 -0.003184876 0.999962449 0.008052588 -1.700141788 0.009499735 -0.008022011 0.999922693 128.441055298
0.999957681 -0.000700403 -0.009170445 0.017899394 0.000756617 0.999980927 0.006127923 -1.712755442 0.009165974 -0.006134604 0.999939084 129.704666138
0.999951601 -0.003278269 -0.009273161 0.007115722 0.003327958 0.999980092 0.005347935 -1.726235628 0.009255444 -0.005378537 0.999942660 130.974487305
0.999945819 -0.004719355 -0.009279234 -0.005464673 0.004767984 0.999975085 0.005225429 -1.743566751 0.009254344 -0.005269390 0.999943316 132.249481201
0.999950111 -0.004970195 -0.008666781 -0.027579784 0.005017811 0.999972403 0.005481113 -1.757211924 0.008639299 -0.005524328 0.999947429 133.517807007
0.999950588 -0.005026659 -0.008583500 -0.030292034 0.005092251 0.999957919 0.007636989 -1.772678971 0.008544750 -0.007680319 0.999934018 134.782394409
0.999969065 -0.001962525 -0.007619225 -0.055649102 0.002031494 0.999956906 0.009054791 -1.783641338 0.007601127 -0.009069991 0.999929965 136.073638916
0.999976873 -0.001445292 -0.006636724 -0.065230787 0.001486962 0.999979138 0.006278163 -1.742765665 0.006627512 -0.006287887 0.999958277 136.329849243
0.999980152 -0.000646442 -0.006269875 -0.075510204 0.000675799 0.999988794 0.004681222 -1.763263941 0.006266779 -0.004685368 0.999969363 137.613174438
0.999980450 -0.001608928 -0.006031133 -0.098560750 0.001627992 0.999993622 0.003157335 -1.828760147 0.006026014 -0.003167093 0.999976814 139.901306152
0.999979377 -0.003081521 -0.005648002 -0.113235235 0.003076627 0.999994874 -0.000875000 -1.850907564 0.005650668 0.000857605 0.999983668 141.175933838
0.999983072 -0.002609571 -0.005184461 -0.125947654 0.002585896 0.999986172 -0.004568039 -1.869618654 0.005196311 0.004554556 0.999976099 142.430694580
0.999984562 -0.002588190 -0.004915104 -0.134676635 0.002562190 0.999982774 -0.005288731 -1.903355122 0.004928707 0.005276056 0.999973953 143.694976807
0.999982119 -0.003054040 -0.005123883 -0.141585171 0.003026025 0.999980390 -0.005466467 -1.921772242 0.005140477 0.005450865 0.999971926 144.964965820
0.999983549 -0.002456215 -0.005179626 -0.151308417 0.002430155 0.999984324 -0.005031429 -1.949451327 0.005191903 0.005018760 0.999973953 146.218231201
0.999986708 -0.001468114 -0.004965076 -0.159341574 0.001445679 0.999988735 -0.004519163 -1.942262530 0.004971654 0.004511924 0.999977469 146.499511719
0.999986410 -0.000741322 -0.005171786 -0.171827137 0.000719248 0.999990582 -0.004268757 -1.965952039 0.005174901 0.004264978 0.999977589 147.756210327
0.999980509 -0.001074499 -0.006151107 -0.171808064 0.001045546 0.999988377 -0.004708294 -1.997709513 0.006156095 0.004701771 0.999969959 149.037643433
0.999976933 -0.000663328 -0.006749805 -0.191897094 0.000633585 0.999990165 -0.004407689 -2.018790007 0.006752661 0.004403311 0.999967456 150.295318604
0.999970973 -0.001185208 -0.007525859 -0.207215786 0.001160778 0.999994040 -0.003249714 -2.052335024 0.007529665 0.003240884 0.999966443 151.570892334
0.999968171 0.000841456 -0.007940920 -0.230481446 -0.000862159 0.999996245 -0.002603978 -2.079104900 0.007938699 0.002610741 0.999965131 152.807342529
0.999960899 0.000322651 -0.008837648 -0.236277461 -0.000357053 0.999992311 -0.003891405 -2.105190754 0.008836327 0.003894408 0.999953330 154.099258423
0.999951661 0.001481177 -0.009725268 -0.244748950 -0.001530332 0.999986053 -0.005048879 -2.135769844 0.009717654 0.005063518 0.999939978 155.353698730
0.999948382 0.001539690 -0.010043260 -0.277129054 -0.001588799 0.999986768 -0.004883592 -2.164989471 0.010035607 0.004899296 0.999937654 156.629699707
0.999944866 0.001848884 -0.010334984 -0.301995397 -0.001908996 0.999981284 -0.005809565 -2.188002825 0.010324050 0.005828973 0.999929786 157.903747559
0.999928594 0.001662949 -0.011835559 -0.313939929 -0.001743656 0.999975324 -0.006811990 -2.223379612 0.011823937 0.006832141 0.999906659 159.160461426
0.999930263 0.002602873 -0.011523721 -0.347363830 -0.002683394 0.999972105 -0.006977433 -2.245684624 0.011505237 0.007007868 0.999909222 160.438491821
0.999912381 0.001514614 -0.013145944 -0.361940384 -0.001578818 0.999986827 -0.004874942 -2.291265965 0.013138386 0.004895269 0.999901652 161.718490601
0.999901354 0.001949350 -0.013908094 -0.392692089 -0.002011474 0.999988079 -0.004454146 -2.319432020 0.013899243 0.004481681 0.999893308 162.961624146
0.999885857 0.002552918 -0.014895726 -0.402117014 -0.002620173 0.999986470 -0.004497273 -2.341176271 0.014884043 0.004535789 0.999878883 164.275878906
0.999882758 0.003175480 -0.014983742 -0.439625502 -0.003237416 0.999986351 -0.004111111 -2.367240667 0.014970480 0.004159138 0.999879241 165.541839600
0.999863625 0.003119292 -0.016222205 -0.456453323 -0.003193734 0.999984503 -0.004564996 -2.406226158 0.016207714 0.004616183 0.999857903 166.802566528
0.999863386 0.003871429 -0.016068788 -0.492568016 -0.003960199 0.999977112 -0.005496148 -2.426632404 0.016047141 0.005559033 0.999855757 168.092559814
0.999861300 0.003546995 -0.016274359 -0.524855852 -0.003637491 0.999978185 -0.005534397 -2.453094006 0.016254373 0.005592828 0.999852240 169.349655151
0.999856830 0.003454563 -0.016568692 -0.552672625 -0.003559415 0.999973774 -0.006302981 -2.487096071 0.016546484 0.006361052 0.999842823 170.601699829
0.999852359 0.002630317 -0.016982215 -0.574296713 -0.002771128 0.999961972 -0.008273480 -2.511662006 0.016959807 0.008319319 0.999821484 171.867691040
0.999845207 -0.000986948 -0.017565904 -0.589645386 0.000849840 0.999969125 -0.007811109 -2.544308662 0.017573072 0.007794972 0.999815106 173.145202637
0.999840677 -0.000448099 -0.017845934 -0.617869139 0.000379347 0.999992490 -0.003855736 -2.577826738 0.017847527 0.003848352 0.999833226 174.389572144
0.999841273 -0.001520721 -0.017751034 -0.647288322 0.001523220 0.999998927 0.000127274 -2.599092245 0.017750826 -0.000154292 0.999842405 175.678482056
0.999843299 -0.000454569 -0.017697608 -0.683080912 0.000446515 0.999999762 -0.000459076 -2.621109724 0.017697817 0.000451102 0.999843299 176.932540894
0.999847174 0.001197840 -0.017439991 -0.716037750 -0.001266366 0.999991536 -0.003918719 -2.639040470 0.017435148 0.003940206 0.999840200 178.172088623
0.999838412 0.001598786 -0.017908188 -0.736870527 -0.001699702 0.999982774 -0.005621394 -2.669109344 0.017898893 0.005650924 0.999823749 179.467300415
0.999841571 0.001675967 -0.017723288 -0.772918940 -0.001769510 0.999984682 -0.005263613 -2.694701195 0.017714193 0.005294140 0.999828994 180.729293823
0.999852538 0.001796301 -0.017080551 -0.832956791 -0.001879785 0.999986351 -0.004872858 -2.676163435 0.017071567 0.004904247 0.999842167 180.833953857
0.999854028 0.002114420 -0.016953636 -0.866506100 -0.002157382 0.999994516 -0.002516175 -2.711979866 0.016948223 0.002552384 0.999853015 182.083068848
0.999849617 0.000637074 -0.017328445 -0.839800358 -0.000658070 0.999999046 -0.001205999 -2.776407242 0.017327657 0.001217221 0.999849141 184.461547852
0.999876738 0.001133452 -0.015656257 -0.873251438 -0.001161770 0.999997675 -0.001799811 -2.802736282 0.015654178 0.001817779 0.999875844 185.694274902
0.999897599 -0.000280640 -0.014303586 -0.884959936 0.000231243 0.999994040 -0.003455025 -2.828197002 0.014304470 0.003451364 0.999891698 186.905319214
0.999924123 0.000047621 -0.012317840 -0.949351907 -0.000115258 0.999984920 -0.005490330 -2.813843250 0.012317390 0.005491333 0.999909043 187.049118042
0.999943852 -0.001313130 -0.010512755 -0.991317213 0.001251205 0.999981880 -0.005894833 -2.847150564 0.010520304 0.005881349 0.999927342 188.272689819
0.999954998 -0.000375337 -0.009479037 -0.980564952 0.000324088 0.999985278 -0.005407442 -2.870741367 0.009480926 0.005404126 0.999940455 189.507263184
0.999966860 -0.001157274 -0.008061289 -0.999075711 0.001130292 0.999993801 -0.003350930 -2.905560970 0.008065118 0.003341707 0.999961853 190.717422485
0.999973953 0.000315506 -0.007209191 -1.003528953 -0.000338047 0.999994993 -0.003125749 -2.933619022 0.007208169 0.003128105 0.999969065 191.942047119
0.999982715 0.000038834 -0.005862880 -1.016412139 -0.000056293 0.999995589 -0.002977784 -2.960782290 0.005862738 0.002978063 0.999978423 193.150238037
0.999986112 -0.000094343 -0.005258140 -1.020902514 0.000079334 0.999996066 -0.002854683 -2.992088795 0.005258388 0.002854226 0.999982119 194.351806641
0.999991059 -0.000167396 -0.004228381 -1.027673721 0.000156151 0.999996483 -0.002659769 -3.018375397 0.004228811 0.002659085 0.999987483 195.538330078
0.999996483 0.000598885 -0.002578866 -1.056248903 -0.000606096 0.999995947 -0.002795926 -3.046285152 0.002577181 0.002797480 0.999992728 196.730102539
0.999995649 -0.000016135 -0.002933925 -1.034717679 0.000008315 0.999996483 -0.002665545 -3.076316833 0.002933958 0.002665509 0.999992132 197.612289429
0.999996185 -0.000857214 -0.002609507 -1.040480852 0.000849904 0.999995768 -0.002801243 -3.096078396 0.002611897 0.002799014 0.999992669 198.768920898
0.999997616 -0.001179437 -0.001821814 -1.057458162 0.001176756 0.999998212 -0.001471928 -3.134187222 0.001823547 0.001469780 0.999997199 199.922515869
0.999996185 -0.001868641 -0.002009436 -1.071634293 0.001867358 0.999998033 -0.000640524 -3.160926580 0.002010630 0.000636770 0.999997735 201.053283691
0.999994993 -0.001455150 -0.002809226 -1.073656917 0.001453068 0.999998689 -0.000743008 -3.182038784 0.002810304 0.000738923 0.999995768 202.151565552
0.999993980 -0.001225690 -0.003252953 -1.077028394 0.001220316 0.999997914 -0.001653778 -3.211831808 0.003254973 0.001649798 0.999993324 203.252944946
0.999992490 -0.000828006 -0.003773299 -1.088289738 0.000818317 0.999996364 -0.002568704 -3.234501362 0.003775412 0.002565597 0.999989569 204.330322266
0.999989390 -0.000593833 -0.004567163 -1.095444798 0.000581677 0.999996305 -0.002662539 -3.263294458 0.004568727 0.002659854 0.999985993 205.398223877
0.999982715 -0.001365707 -0.005718296 -1.105941772 0.001352348 0.999996305 -0.002339351 -3.291807413 0.005721470 0.002331577 0.999980867 206.438430786
0.999970794 -0.001672724 -0.007453372 -1.116240621 0.001661328 0.999997437 -0.001535050 -3.314788103 0.007455922 0.001522623 0.999971032 207.479934692
0.999949098 -0.003367259 -0.009507134 -1.127559423 0.003370365 0.999994278 0.000310741 -3.342887640 0.009506034 -0.000342768 0.999954760 208.496765137
0.999928117 -0.002717843 -0.011676221 -1.141213655 0.002736285 0.999994993 0.001563844 -3.357849360 0.011671915 -0.001595682 0.999930620 209.541412354
0.999902964 -0.002526640 -0.013693246 -1.164043546 0.002557065 0.999994218 0.002204845 -3.387534142 0.013687599 -0.002239647 0.999903858 210.533126831
0.999847293 -0.002880233 -0.017236343 -1.118324518 0.002895453 0.999995530 0.000858120 -3.380429506 0.017233791 -0.000907895 0.999851108 211.061935425
0.999792159 -0.002579717 -0.020223981 -1.140927315 0.002593683 0.999996424 0.000664378 -3.396047354 0.020222194 -0.000716694 0.999795258 212.039291382
0.999726832 -0.002387155 -0.023250513 -1.164535046 0.002412792 0.999996483 0.001074669 -3.416221142 0.023247866 -0.001130474 0.999729097 212.990814209
0.999660015 -0.002299482 -0.025972521 -1.198636532 0.002329034 0.999996662 0.001107592 -3.441655159 0.025969887 -0.001167706 0.999662042 213.910003662
0.999573052 -0.001839562 -0.029159868 -1.239693642 0.001853713 0.999998152 0.000458233 -3.467206478 0.029158972 -0.000512091 0.999574661 214.871093750
0.999460876 -0.002357958 -0.032747418 -1.268961906 0.002339644 0.999997079 -0.000597532 -3.482640028 0.032748729 0.000520593 0.999463439 215.741958618
0.999368250 -0.001128181 -0.035521898 -1.309031487 0.001112437 0.999999285 -0.000462984 -3.506932259 0.035522398 0.000423175 0.999368727 216.601501465
0.999248087 -0.000884857 -0.038761031 -1.345563889 0.000844971 0.999999106 -0.001045389 -3.529522896 0.038761918 0.001011851 0.999247968 217.433166504
0.999160171 0.000996282 -0.040961493 -1.387375355 -0.001053738 0.999998450 -0.001381112 -3.544737339 0.040960055 0.001423115 0.999159753 218.250366211
0.999123394 0.001585417 -0.041831043 -1.423426151 -0.001631043 0.999998093 -0.001056615 -3.562269688 0.041829295 0.001123917 0.999124050 219.052749634
0.999138355 0.001753359 -0.041466076 -1.462156773 -0.001753596 0.999998391 0.000030665 -3.581780910 0.041466072 0.000042076 0.999139905 219.834976196
0.999158561 0.001739353 -0.040977623 -1.497045994 -0.001714338 0.999998271 0.000645600 -3.598970413 0.040978670 -0.000574807 0.999159992 220.594741821
0.999155402 0.001288017 -0.041070580 -1.528808117 -0.001272485 0.999999166 0.000404316 -3.617916107 0.041071061 -0.000351713 0.999156237 221.334594727
0.999191165 0.001955916 -0.040164258 -1.575199604 -0.002024325 0.999996603 -0.001662623 -3.635757923 0.040160872 0.001742583 0.999191642 222.012130737
0.999209762 0.001739969 -0.039707728 -1.597823143 -0.001879067 0.999992371 -0.003466014 -3.656620979 0.039701387 0.003537889 0.999205291 222.743957520
0.999262154 0.001848466 -0.038363151 -1.634755611 -0.002031910 0.999986708 -0.004743325 -3.675707817 0.038353875 0.004817775 0.999252617 223.466979980
0.999321163 0.002502447 -0.036754694 -1.665289402 -0.002701885 0.999981940 -0.005377513 -3.688475370 0.036740571 0.005473170 0.999309838 224.194030762
0.999380350 0.002491937 -0.035111960 -1.693513393 -0.002681610 0.999982119 -0.005355899 -3.707113504 0.035097986 0.005446738 0.999369025 224.909561157
0.999444366 0.001711707 -0.033287857 -1.718916893 -0.001893521 0.999983490 -0.005431134 -3.727030516 0.033278011 0.005491147 0.999431074 225.619400024
0.999511182 0.001983118 -0.031198734 -1.747212887 -0.002156847 0.999982357 -0.005535820 -3.745813847 0.031187205 0.005600406 0.999497831 226.335754395
0.999575794 0.001279900 -0.029096896 -1.767714977 -0.001437030 0.999984562 -0.005379976 -3.773275852 0.029089555 0.005419507 0.999562144 227.041900635
0.999650836 0.001359459 -0.026385061 -1.788312912 -0.001499847 0.999984801 -0.005301672 -3.782953739 0.026377451 0.005339395 0.999637783 227.747177124
0.999731660 0.000339875 -0.023164507 -1.806223631 -0.000451255 0.999988496 -0.004803146 -3.796741962 0.023162603 0.004812310 0.999720097 228.446807861
0.999799430 -0.000283048 -0.020027546 -1.823925734 0.000196110 0.999990582 -0.004342723 -3.817366838 0.020028584 0.004337924 0.999790013 229.144134521
0.999850988 -0.000528564 -0.017250653 -1.834000349 0.000451932 0.999990046 -0.004445891 -3.830235004 0.017252833 0.004437433 0.999841392 229.839889526
0.999899805 -0.000978446 -0.014120554 -1.847134471 0.000910219 0.999988019 -0.004837381 -3.845441818 0.014125116 0.004824044 0.999888539 230.530456543
0.999938905 -0.001068392 -0.011011537 -1.857515335 0.001011009 0.999985814 -0.005215318 -3.860096931 0.011016953 0.005203865 0.999925673 231.215850830
0.999965668 -0.000277650 -0.008276898 -1.864761710 0.000228302 0.999982238 -0.005962422 -3.875718117 0.008278405 0.005960328 0.999948025 231.898376465
0.999985635 -0.000253911 -0.005349834 -1.870632410 0.000219674 0.999979496 -0.006399053 -3.893721581 0.005351349 0.006397786 0.999965250 232.588317871
0.999996960 0.000154073 -0.002472599 -1.876284122 -0.000168044 0.999983966 -0.005651291 -3.907299519 0.002471689 0.005651688 0.999980986 233.288330078
1.000000000 0.000316052 0.000317137 -1.882706165 -0.000314436 0.999987066 -0.005082261 -3.922965527 -0.000318739 0.005082160 0.999987066 233.986679077
0.999996543 -0.000367466 0.002591838 -1.881765604 0.000380640 0.999986947 -0.005084338 -3.940473795 -0.002589936 0.005085307 0.999983728 234.688980103
0.999988317 -0.000183016 0.004828176 -1.884510279 0.000216755 0.999975562 -0.006988226 -3.954496384 -0.004826779 0.006989191 0.999963880 235.394592285
0.999978304 -0.000196328 0.006585366 -1.878123522 0.000257361 0.999957025 -0.009268472 -3.970993996 -0.006583264 0.009269966 0.999935389 236.105468750
0.999989688 -0.003802634 0.002468221 -1.506759405 0.003827508 0.999941051 -0.010152731 -4.020966530 -0.002429469 0.010162076 0.999945402 236.002410889
0.999990225 -0.003557728 0.002624363 -1.507475019 0.003584939 0.999939024 -0.010437796 -4.039141178 -0.002587068 0.010447104 0.999942124 236.730529785
0.999981999 -0.004855675 0.003529851 -1.534182429 0.004893459 0.999929965 -0.010775657 -4.067552567 -0.003477281 0.010792736 0.999935746 237.408966064
0.999990225 -0.003595696 0.002611382 -1.507774830 0.003624181 0.999932945 -0.010985930 -4.080254555 -0.002571704 0.010995287 0.999936163 238.203201294
0.999988496 -0.003610695 0.003141057 -1.512585044 0.003646125 0.999928832 -0.011347700 -4.100333214 -0.003099861 0.011359023 0.999930680 238.957580566
0.999982297 -0.004406266 0.004008484 -1.534651518 0.004458750 0.999903202 -0.013179998 -4.125243664 -0.003950021 0.013197637 0.999905109 239.677368164
0.999951899 -0.008835037 0.004275455 -1.531691194 0.008898191 0.999848068 -0.014984764 -4.152116776 -0.004142414 0.015022086 0.999878585 240.438339233
0.999929011 -0.011185403 0.004092187 -1.501249552 0.011252331 0.999796927 -0.016714586 -4.149414539 -0.003904396 0.016759450 0.999851942 241.237457275
0.999950767 -0.008417883 0.005251314 -1.510792017 0.008488041 0.999872983 -0.013484007 -4.158474922 -0.005137138 0.013527917 0.999895215 242.004562378
0.999970973 -0.004814625 0.005899945 -1.501879096 0.004857549 0.999961734 -0.007282932 -4.167523384 -0.005864654 0.007311380 0.999956012 242.665512085
0.999964178 -0.005821704 0.006146202 -1.489636898 0.005843638 0.999976695 -0.003556747 -4.191756725 -0.006125350 0.003592536 0.999974787 243.438903809
0.999936342 -0.006441439 0.009266917 -1.490711451 0.006493028 0.999963582 -0.005547866 -4.211546898 -0.009230842 0.005607683 0.999941707 244.238967896
0.999901175 -0.005803600 0.012807164 -1.476857424 0.005950870 0.999916315 -0.011491035 -4.231221676 -0.012739401 0.011566112 0.999851942 245.024139404
0.999845386 -0.003616910 0.017201256 -1.505417347 0.003874781 0.999880195 -0.014981778 -4.263199329 -0.017145008 0.015046113 0.999739826 245.937332153
0.999797642 -0.002198237 0.019990979 -1.489050388 0.002485923 0.999893427 -0.014377387 -4.287208080 -0.019957248 0.014424175 0.999696791 246.755599976
0.999725342 -0.003378030 0.023188248 -1.463369370 0.003670804 0.999913871 -0.012595021 -4.302184582 -0.023143707 0.012676681 0.999651790 247.596389771
0.999642491 -0.006397166 0.025960281 -1.438831806 0.006645017 0.999932945 -0.009472300 -4.321341515 -0.025897956 0.009641420 0.999618053 248.424804688
0.999546766 -0.008933095 0.028748587 -1.415360451 0.009168070 0.999925435 -0.008052046 -4.340039253 -0.028674513 0.008311965 0.999554217 249.253509521
0.999457419 -0.008297589 0.031875424 -1.353238106 0.008537179 0.999936283 -0.007387701 -4.350559711 -0.031812094 0.007655818 0.999464512 250.029373169
0.999380827 -0.005201116 0.034799110 -1.325408936 0.005532467 0.999940276 -0.009432266 -4.367790222 -0.034747969 0.009618950 0.999349773 250.887557983
0.999276817 -0.004681667 0.037735727 -1.310149193 0.005134347 0.999915898 -0.011908128 -4.382855415 -0.037676800 0.012093262 0.999216914 251.723861694
0.999136090 -0.004398683 0.041327409 -1.309960365 0.004902780 0.999914646 -0.012104211 -4.406262875 -0.041270636 0.012296369 0.999072373 252.545135498
0.999060750 -0.003861753 0.043159097 -1.252516747 0.004298501 0.999940395 -0.010031273 -4.424808502 -0.043117780 0.010207370 0.999017835 253.421600342
0.998921216 -0.002477026 0.046374064 -1.224102020 0.002839549 0.999965906 -0.007753120 -4.460027695 -0.046353281 0.007876435 0.998894036 254.263366699
0.998759687 -0.001538774 0.049764730 -1.193442345 0.001987704 0.999957800 -0.008972814 -4.461450577 -0.049748819 0.009060603 0.998720706 255.126556396
0.998613536 -0.001598076 0.052615162 -1.165199280 0.002084214 0.999955654 -0.009185923 -4.484130859 -0.052598156 0.009282849 0.998572648 255.954086304
0.998471916 -0.002592379 0.055199716 -1.107110023 0.003151095 0.999944627 -0.010037076 -4.496598721 -0.055170637 0.010195678 0.998424888 256.863189697
0.998337090 -0.005399805 0.057392202 -1.075500488 0.005941191 0.999939442 -0.009266665 -4.514245987 -0.057338692 0.009592235 0.998308659 257.699981689
0.998302341 -0.006492954 0.057881702 -1.012768745 0.007053678 0.999930024 -0.009488359 -4.539824486 -0.057816032 0.009880529 0.998278379 258.625518799
0.998273075 -0.007065871 0.058316980 -0.957987785 0.007635108 0.999925256 -0.009544053 -4.560750008 -0.058245186 0.009972828 0.998252511 259.456390381
0.998234868 -0.007752653 0.058881510 -0.914829254 0.008296459 0.999925077 -0.008996772 -4.591069221 -0.058807358 0.009469397 0.998224497 260.309783936
0.998252988 -0.006603981 0.058713101 -0.870199203 0.007132496 0.999935925 -0.008796643 -4.605238914 -0.058651228 0.009200049 0.998236120 261.185089111
0.998262703 -0.006270966 0.058585420 -0.837294579 0.006780691 0.999940872 -0.008505799 -4.625457764 -0.058528602 0.008888273 0.998246133 262.071014404
0.998338401 -0.006749985 0.057225939 -0.797310829 0.007287141 0.999931335 -0.009183107 -4.647083282 -0.057160016 0.009584864 0.998319030 262.918609619
0.998436391 -0.006587294 0.055510517 -0.742513657 0.007157725 0.999923527 -0.010083532 -4.672185421 -0.055439841 0.010465093 0.998407304 263.800628662
0.998523831 -0.005256655 0.054059971 -0.705243111 0.005850940 0.999924064 -0.010840716 -4.694045067 -0.053998880 0.011141014 0.998478889 264.665649414
0.998631597 -0.004154867 0.052132100 -0.658573151 0.004747960 0.999925375 -0.011258025 -4.717513561 -0.052081432 0.011490140 0.998576760 265.526794434
0.998696744 -0.002259194 0.050985225 -0.630845070 0.002863778 0.999926388 -0.011788100 -4.739807129 -0.050954834 0.011918750 0.998629808 266.389282227
0.998806596 -0.002030374 0.048796147 -0.595113754 0.002575179 0.999934971 -0.011104646 -4.765219212 -0.048770428 0.011217053 0.998746991 267.237884521
0.998956680 -0.002411956 0.045602813 -0.562399864 0.002869972 0.999945998 -0.009980800 -4.785059929 -0.045576278 0.010101264 0.998909771 268.082824707
0.999117076 -0.003428123 0.041872509 -0.530741692 0.003744132 0.999965072 -0.007470824 -4.810752392 -0.041845430 0.007621004 0.999095023 268.938812256
0.999305964 -0.004442110 0.036984675 -0.502293587 0.004655440 0.999973059 -0.005683933 -4.835747719 -0.036958430 0.005852169 0.999299586 269.791046143
0.999475658 -0.004769505 0.032022901 -0.477169037 0.004918709 0.999977469 -0.004582184 -4.857188225 -0.032000314 0.004737294 0.999476612 270.630126953
0.999612212 -0.005379244 0.027322786 -0.458913803 0.005483876 0.999977887 -0.003755988 -4.875062943 -0.027301982 0.003904366 0.999619603 271.466125488
0.999719262 -0.006066931 0.022906553 -0.457212448 0.006135201 0.999976933 -0.002911230 -4.896708965 -0.022888366 0.003050948 0.999733388 272.262420654
0.999810517 -0.007398458 0.018004697 -0.436332226 0.007456410 0.999967158 -0.003153704 -4.914106369 -0.017980775 0.003287357 0.999832928 273.088714600
0.999872804 -0.007533134 0.014052068 -0.434884548 0.007580598 0.999965727 -0.003327546 -4.935286522 -0.014026518 0.003433647 0.999895692 273.876434326
0.999924421 -0.006976998 0.010122837 -0.432108402 0.007014210 0.999968886 -0.003645253 -4.953305721 -0.010097088 0.003715982 0.999942124 274.642517090
0.999958634 -0.006501004 0.006367999 -0.434742928 0.006526160 0.999970973 -0.003937611 -4.969681263 -0.006342217 0.003979006 0.999971986 275.379821777
