0.999998569 0.000537384 -0.001615503 0.061409261 -0.000536028 0.999999523 0.000839525 -0.063555032 0.001615954 -0.000838658 0.999998331 1.509068012
0.999993086 -0.002479184 -0.002775856 -0.022376195 0.002490147 0.999989092 0.003952759 -0.042698421 0.002766026 -0.003959644 0.999988317 3.103491306
0.999989331 -0.001307499 -0.004414683 -0.035103858 0.001322793 0.999993086 0.003463099 -0.053591691 0.004410123 -0.003468902 0.999984205 4.641629219
0.999985993 -0.000122261 -0.005281799 -0.069513172 0.000140269 0.999994099 0.003409132 -0.076834254 0.005281351 -0.003409825 0.999980211 6.132098198
0.999974906 0.002704863 -0.006547099 -0.021355988 -0.002694258 0.999995053 0.001628192 -0.143464163 0.006551471 -0.001610511 0.999977231 7.568869591
0.999966681 -0.000667906 -0.008131373 -0.101528570 0.000700001 0.999991953 0.003944907 -0.106111668 0.008128671 -0.003950468 0.999959171 9.098319054
0.999949217 0.000307587 -0.010074731 -0.056185957 -0.000292846 0.999998868 0.001464598 -0.187169194 0.010075171 -0.001461572 0.999948204 10.582809448
0.999933600 -0.003788975 -0.010884570 -0.145018801 0.003826753 0.999986708 0.003452102 -0.138596311 0.010871345 -0.003493526 0.999934793 12.096412659
0.999923825 -0.000437869 -0.012335870 -0.111934841 0.000457547 0.999998629 0.001592436 -0.224822655 0.012335156 -0.001597960 0.999922633 13.581653595
0.999911606 0.000621244 -0.013280259 -0.141647473 -0.000596632 0.999998093 0.001857222 -0.248546600 0.013281386 -0.001849134 0.999910057 15.062825203
0.999898553 0.001463102 -0.014167361 -0.164426014 -0.001428985 0.999996006 0.002417953 -0.268180847 0.014170841 -0.002397461 0.999896705 16.551692963
0.999887109 0.001562984 -0.014943397 -0.195648670 -0.001521032 0.999994874 0.002818339 -0.281937629 0.014947727 -0.002795291 0.999884367 18.047727585
0.999895930 0.003279624 -0.014042674 -0.254218847 -0.003231984 0.999988973 0.003413886 -0.303289592 0.014053714 -0.003368145 0.999895632 19.446256638
0.999863327 0.004341623 -0.015951764 -0.249806583 -0.004294594 0.999986351 0.002981291 -0.302921921 0.015964489 -0.002912376 0.999868333 20.992437363
0.999863625 0.005156122 -0.015688814 -0.300812781 -0.005107223 0.999981940 0.003155363 -0.321692646 0.015704803 -0.003074806 0.999871969 22.394184113
0.999855161 0.004063410 -0.016524913 -0.316569328 -0.004003130 0.999985218 0.003679251 -0.324703157 0.016539618 -0.003612567 0.999856710 23.912090302
0.999859273 0.005120895 -0.015974669 -0.344561130 -0.005057508 0.999979138 0.004005906 -0.326324433 0.015994851 -0.003924550 0.999864399 25.390785217
0.999852359 0.004497780 -0.016582483 -0.374475002 -0.004436648 0.999983251 0.003721490 -0.348976612 0.016598945 -0.003647369 0.999855578 26.810831070
0.999848723 0.005066370 -0.016637638 -0.397793919 -0.005047272 0.999986589 0.001189649 -0.357850283 0.016643440 -0.001105495 0.999860883 28.263954163
0.999866307 0.003761824 -0.015908277 -0.441096723 -0.003738569 0.999991894 0.001491251 -0.381123811 0.015913757 -0.001431578 0.999872327 29.679050446
0.999873936 0.002428489 -0.015684756 -0.460326642 -0.002371286 0.999990523 0.003664568 -0.390246540 0.015693504 -0.003626913 0.999870300 31.086315155
0.999880970 0.003044434 -0.015122993 -0.506234169 -0.002965663 0.999981940 0.005228410 -0.413006544 0.015138634 -0.005182939 0.999871969 32.515872955
0.999897718 0.002119679 -0.014141399 -0.546661198 -0.002061619 0.999989390 0.004118978 -0.416047692 0.014149980 -0.004089403 0.999891460 33.898658752
0.999894321 0.000974121 -0.014501254 -0.560180366 -0.000935950 0.999996185 0.002638792 -0.436328024 0.014503767 -0.002624941 0.999891341 35.313392639
0.999905765 0.001649239 -0.013632548 -0.590542734 -0.001628919 0.999997497 0.001501504 -0.451368034 0.013634994 -0.001479156 0.999905944 36.670005798
0.999911726 0.002869681 -0.012974668 -0.614611387 -0.002854500 0.999995172 0.001188401 -0.478900611 0.012978017 -0.001151260 0.999915063 38.041606903
0.999928296 0.002771412 -0.011643096 -0.638944268 -0.002744390 0.999993443 0.002336215 -0.501945734 0.011649495 -0.002304095 0.999929488 39.376693726
0.999946237 0.003745168 -0.009663044 -0.662116289 -0.003704426 0.999984145 0.004230728 -0.523902416 0.009678736 -0.004194705 0.999944329 40.708164215
0.999962330 -0.002169839 -0.008407634 -0.683167636 0.002220883 0.999979138 0.006066652 -0.532196999 0.008394294 -0.006085095 0.999946237 41.991634369
0.999979854 -0.001563846 -0.006162480 -0.683284700 0.001603332 0.999978185 0.006407780 -0.543974459 0.006152325 -0.006417531 0.999960482 43.233695984
0.999995470 -0.001477633 -0.002617354 -0.708358109 0.001494018 0.999979198 0.006269174 -0.567184687 0.002608036 -0.006273055 0.999976873 44.526607513
0.999995708 -0.002850827 0.000730682 -0.705659091 0.002847700 0.999986887 0.004245499 -0.578618526 -0.000742775 -0.004243399 0.999990702 45.767852783
0.999990404 -0.001873134 0.003957101 -0.699957311 0.001862609 0.999994755 0.002662040 -0.590546191 -0.003962067 -0.002654643 0.999988675 46.933055878
0.999952734 -0.004509794 0.008615483 -0.702832580 0.004478655 0.999983370 0.003630154 -0.603001118 -0.008631712 -0.003591396 0.999956310 48.222694397
0.999883413 -0.004499051 0.014595168 -0.704835355 0.004444222 0.999982953 0.003786902 -0.628472686 -0.014611954 -0.003721596 0.999886334 49.389431000
0.999776304 -0.002261519 0.021030776 -0.695840359 0.002213570 0.999994874 0.002302938 -0.627442241 -0.021035876 -0.002255870 0.999776125 50.548706055
0.999593318 -0.003506016 0.028300829 -0.668442011 0.003435483 0.999990880 0.002540489 -0.649961174 -0.028309477 -0.002442229 0.999596238 51.797027588
0.999305844 -0.002233588 0.037186503 -0.649730206 0.002100037 0.999991238 0.003630025 -0.666612148 -0.037194282 -0.003549412 0.999301732 52.919315338
0.998878181 -0.000251790 0.047351573 -0.592605114 0.000042381 0.999990225 0.004423367 -0.683285058 -0.047352221 -0.004416399 0.998868465 54.107269287
0.998172522 0.001783036 0.060402937 -0.550680876 -0.002077720 0.999986231 0.004816176 -0.696877599 -0.060393516 -0.004932874 0.998162448 55.207996368
0.997153521 0.002093696 0.075368039 -0.480847359 -0.002487817 0.999983668 0.005135763 -0.717023015 -0.075356051 -0.005308646 0.997142553 56.413131714
0.995822251 0.004423718 0.091205209 -0.390177250 -0.005102025 0.999960959 0.007205341 -0.741312265 -0.091169782 -0.007640570 0.995806098 57.449459076
0.994004309 0.004855121 0.109232485 -0.269392014 -0.005736790 0.999953508 0.007758664 -0.739154875 -0.109189741 -0.008338791 0.993985951 58.641639709
0.991734266 0.004481758 0.128230020 -0.160040379 -0.005422881 0.999960840 0.006991124 -0.763563156 -0.128193691 -0.007628715 0.991719782 59.762714386
0.988954782 0.003709148 0.148170441 -0.001141548 -0.004696538 0.999968946 0.006314549 -0.774430633 -0.148142427 -0.006940691 0.988941669 60.799339294
0.985567510 0.000551172 0.169282556 0.179910660 -0.001575490 0.999981284 0.005916679 -0.783195496 -0.169276118 -0.006097989 0.985549867 61.908664703
0.981572509 -0.002456648 0.191074103 0.350119591 0.000908095 0.999966025 0.008191609 -0.785732567 -0.191087767 -0.007867147 0.981541455 62.919921875
0.976680279 -0.007499523 0.214567900 0.575987816 0.005548274 0.999937594 0.009694674 -0.793640196 -0.214627191 -0.008278118 0.976661026 63.972652435
0.971122801 -0.012716620 0.238241345 0.829047203 0.010734472 0.999896109 0.009615501 -0.811707795 -0.238338903 -0.006780437 0.971158385 64.953620911
0.964854598 -0.016760658 0.262249261 1.085626602 0.015259001 0.999853432 0.007761645 -0.817280293 -0.262340933 -0.003487197 0.964968979 65.917343140
0.957188129 -0.020049646 0.288771421 1.376512527 0.018232862 0.999793410 0.008980220 -0.829006016 -0.288891822 -0.003330632 0.957355976 66.879425049
0.948585987 -0.023114080 0.315674335 1.684566498 0.020537138 0.999723077 0.011487902 -0.843068540 -0.315852493 -0.004414216 0.948798060 67.819755554
0.938804865 -0.027155321 0.343377262 2.026643753 0.023703946 0.999617577 0.014245423 -0.844977975 -0.343632817 -0.005234277 0.939089537 68.756271362
0.927703679 -0.030095037 0.372102439 2.378604889 0.026612382 0.999540627 0.014492825 -0.856444836 -0.372367769 -0.003542515 0.928078592 69.649108887
0.916182995 -0.023884401 0.400047779 2.766349792 0.022207430 0.999714434 0.008827724 -0.817767918 -0.400144368 0.000796222 0.916451752 70.563392639
0.902956545 -0.025244132 0.428989619 3.168310165 0.026216727 0.999649644 0.003642799 -0.824206054 -0.428931236 0.007957413 0.903302073 71.417640686
0.888537347 -0.027062397 0.458005488 3.582889557 0.029640116 0.999559402 0.001559215 -0.838969707 -0.457845986 0.012189913 0.888947904 72.266632080
0.872976363 -0.028186871 0.486947298 4.065980911 0.029591940 0.999550581 0.004807780 -0.856615424 -0.486863971 0.010212637 0.873418033 73.093429565
0.856273651 -0.018425981 0.516193688 4.562957764 0.015756560 0.999830186 0.009552473 -0.837502182 -0.516282022 -0.000046095 0.856418610 73.857666016
0.836440802 -0.018779406 0.547735393 5.073993683 0.014054777 0.999819100 0.012816444 -0.851436317 -0.547876954 -0.003021899 0.836553454 74.663085938
0.815371215 -0.012351365 0.578806639 5.609380722 0.009825241 0.999923646 0.007496808 -0.849970937 -0.578854978 -0.000425769 0.815430343 75.428451538
0.794055641 -0.001008170 0.607844114 6.154228210 0.001320736 0.999999046 -0.000066739 -0.842801094 -0.607843637 0.000855797 0.794056356 76.150192261
0.771745741 0.001689909 0.635928929 6.742858887 0.000189533 0.999995768 -0.002887386 -0.845007718 -0.635931194 0.002348858 0.771742225 76.858787537
0.748350859 -0.000906435 0.663302302 7.376705170 0.001360923 0.999999046 -0.000168872 -0.858499587 -0.663301587 0.001029080 0.748351514 77.574455261
0.724317551 0.000292317 0.689466536 7.967071533 -0.000476320 0.999999881 0.000076425 -0.884274006 -0.689466357 -0.000383765 0.724317670 78.226364136
0.699237943 0.002063223 0.714885950 8.605995178 0.000581771 0.999993920 -0.003455104 -0.898206949 -0.714888692 0.002831839 0.699232459 78.839630127
0.672538519 0.004756395 0.740046859 9.276332855 0.000206516 0.999978125 -0.006614692 -0.906555235 -0.740062118 0.004601469 0.672522902 79.470260620
0.645792961 0.007282472 0.763477802 9.960102081 -0.001511799 0.999964893 -0.008259447 -0.925131559 -0.763511062 0.004179669 0.645781219 80.045989990
0.618117988 0.008585587 0.786038399 10.691043854 -0.001072109 0.999948680 -0.010078968 -0.944896698 -0.786084592 0.005387274 0.618095398 80.604873657
0.588933527 0.015074831 0.808040798 11.409217834 -0.002260284 0.999852896 -0.017005891 -0.969732583 -0.808178425 0.008188939 0.588880956 81.158081055
0.560014963 0.026128424 0.828070343 12.165084839 -0.006781553 0.999613762 -0.026954900 -0.976902306 -0.828454733 0.009479540 0.559975743 81.659454346
0.529310524 0.034694195 0.847718477 12.937908173 -0.007790143 0.999320269 -0.036034606 -1.007082105 -0.848392427 0.012469645 0.529220819 82.141487122
0.497435480 0.039248630 0.866612673 13.767288208 -0.010342326 0.999173343 -0.039315771 -1.059164643 -0.867439389 0.010594271 0.497430176 82.636322021
0.464620978 0.038565993 0.884669483 14.552227020 -0.011264564 0.999227643 -0.037643958 -1.092125297 -0.885438025 0.007524755 0.464696527 83.057716370
0.430792272 0.038153015 0.901644349 15.415723801 -0.015541418 0.999271393 -0.034858644 -1.120512843 -0.902317286 0.001004005 0.431071371 83.506660461
0.394794375 0.036800671 0.918032229 16.260898590 -0.005584622 0.999275088 -0.037655786 -1.180329561 -0.918752551 0.009739427 0.394713700 83.906631470
0.358765066 0.040134881 0.932564735 17.149766922 -0.013122444 0.999193251 -0.037954081 -1.225683451 -0.933335662 0.001379069 0.359002292 84.281250000
0.323174506 0.041611709 0.945424080 18.025640488 -0.017366670 0.999125361 -0.038038854 -1.272956133 -0.946180046 -0.004125679 0.323614508 84.586158752
0.287282646 0.041018207 0.956967175 18.972335815 -0.019663982 0.999124706 -0.036922038 -1.320379853 -0.957643926 -0.008210722 0.287837744 84.878707886
0.251618981 0.040411152 0.966982305 19.916952133 -0.019331241 0.999138474 -0.036724795 -1.365891933 -0.967633307 -0.009452314 0.252183348 85.118309021
0.214682266 0.040078398 0.975861311 20.792360306 -0.017860176 0.999151707 -0.037105825 -1.404940724 -0.976520658 -0.009463096 0.215215966 85.329437256
0.179819793 0.038989931 0.982926667 21.742910385 -0.014677133 0.999209225 -0.036950745 -1.438680291 -0.983590066 -0.007782070 0.180249900 85.484924316
0.144578442 0.038055766 0.988761246 22.694406509 -0.006304841 0.999275148 -0.037538525 -1.485955715 -0.989473224 -0.000806720 0.144713610 85.647209167
0.110912986 0.040976606 0.992985010 23.671443939 -0.004183029 0.999159992 -0.040764190 -1.545723915 -0.993821323 0.000367594 0.110991225 85.748741150
0.079165660 0.047025267 0.995751679 24.604394913 -0.004973364 0.998892903 -0.046778221 -1.578941941 -0.996849060 -0.001249008 0.079311892 85.837371826
0.050879758 0.050636966 0.997420192 25.595111847 0.002865430 0.998702347 -0.050848216 -1.635357022 -0.998700738 0.005445182 0.050668634 85.874450684
0.024999622 0.048939791 0.998488843 26.559761047 0.004993090 0.998782337 -0.049079183 -1.687447429 -0.999674976 0.006212505 0.024724822 85.897758484
0.003027990 0.046175804 0.998928726 27.568416595 0.006753457 0.998909593 -0.046195384 -1.736540556 -0.999972582 0.006886101 0.002712844 85.901596069
-0.016160561 0.043506466 0.998922348 28.539766312 0.007819594 0.999027848 -0.043384545 -1.790956378 -0.999838769 0.007110050 -0.016485048 85.887107849
-0.033164367 0.046831269 0.998352110 29.552228928 0.009834914 0.998868644 -0.046528783 -1.842912436 -0.999401569 0.008275610 -0.033587418 85.868637085
-0.046467479 0.050906591 0.997621834 30.532293320 0.013015684 0.998646617 -0.050352644 -1.896715283 -0.998835027 0.010644969 -0.047067177 85.791572571
-0.058867581 0.056200225 0.996682584 31.511718750 0.017633149 0.998316705 -0.055250898 -1.952245593 -0.998110116 0.014322165 -0.059759483 85.735733032
-0.067285292 0.059455734 0.995960653 32.522422791 0.024169138 0.998027086 -0.057946272 -2.018732071 -0.997440934 0.020172577 -0.068589538 85.659210205
-0.073100299 0.064687714 0.995224476 33.533424377 0.027306354 0.997650087 -0.062839679 -2.089288235 -0.996950686 0.022582352 -0.074694909 85.576210022
-0.076272674 0.069794424 0.994641244 34.513607025 0.030163076 0.997252047 -0.067664608 -2.149222136 -0.996630669 0.024840480 -0.078168295 85.493141174
-0.079442121 0.073611058 0.994117796 35.533439636 0.031965692 0.996945024 -0.071265936 -2.228285313 -0.996326864 0.026116146 -0.081552446 85.410110474
-0.086470291 0.071572721 0.993680120 36.518669128 0.043364856 0.996741235 -0.068019569 -2.262715816 -0.995310128 0.037209135 -0.089292221 85.294792175
-0.089108787 0.074963033 0.993196845 37.538612366 0.045202833 0.996440709 -0.071152300 -2.337474823 -0.994995594 0.038555022 -0.092180163 85.206794739
-0.090795927 0.078883991 0.992740273 38.512496948 0.045711234 0.996137440 -0.074973166 -2.412983656 -0.994819880 0.038572133 -0.094051115 85.104965210
-0.093112551 0.080535248 0.992393076 39.521938324 0.048669145 0.995900035 -0.076253384 -2.488475561 -0.994465470 0.041198783 -0.096650347 85.010719299
-0.095386140 0.079261027 0.992279887 40.549751282 0.048097182 0.996027648 -0.074936911 -2.574792624 -0.994277716 0.040577918 -0.098819479 84.913024902
-0.097748101 0.078854911 0.992082238 41.558998108 0.047687341 0.996082127 -0.074474275 -2.654807329 -0.994068027 0.040030047 -0.101125509 84.814315796
-0.098147623 0.081318520 0.991843760 42.582065582 0.071717240 0.994642496 -0.074451216 -2.744643688 -0.992584348 0.063825093 -0.103453733 84.682411194
-0.100473963 0.083556890 0.991424739 43.592796326 0.070890278 0.994535863 -0.076634854 -2.825210094 -0.992411077 0.062582567 -0.105848335 84.585533142
-0.103499554 0.085562445 0.990942419 44.620613098 0.069105819 0.994504035 -0.078652166 -2.915144444 -0.992225885 0.060339425 -0.108843587 84.478103638
-0.105426215 0.089679852 0.990375102 45.643356323 0.066346951 0.994340539 -0.082976237 -2.994596958 -0.992211401 0.056960497 -0.110779546 84.349128723
-0.108113796 0.093416557 0.989739716 46.666847229 0.063589849 0.994186282 -0.086890049 -3.092331648 -0.992102623 0.053543389 -0.113425620 84.252990723
-0.110707246 0.095933907 0.989212096 47.695137024 0.061336629 0.994092524 -0.089542747 -3.180136204 -0.991958499 0.050761908 -0.115937509 84.133148193
-0.111536995 0.095214069 0.989188433 48.747356415 0.075744815 0.993318379 -0.087070890 -3.277857780 -0.990869403 0.065214269 -0.118003733 83.993972778
-0.114864446 0.090543203 0.989246249 49.783145905 0.073697776 0.993869960 -0.082409114 -3.380240202 -0.990643620 0.063439384 -0.120833151 83.879661560
-0.117090076 0.089413226 0.989088058 50.846755981 0.073384710 0.993995011 -0.081169404 -3.465067148 -0.990406275 0.063079797 -0.122948512 83.750770569
-0.119306266 0.089648344 0.988801837 51.884746552 0.073250696 0.993995786 -0.081280991 -3.559559584 -0.990151703 0.062733091 -0.125156730 83.628479004
-0.120238937 0.093596980 0.988322854 52.970680237 0.077950343 0.993361950 -0.084590793 -3.653970957 -0.989679933 0.066868998 -0.126736701 83.500091553
-0.120441452 0.096988849 0.987971127 54.041526794 0.078607321 0.993022740 -0.087901920 -3.740341663 -0.989603341 0.067074731 -0.127225131 83.354766846
-0.121311106 0.096494533 0.987913132 55.083419800 0.072998270 0.993436038 -0.088070095 -3.844489574 -0.989926636 0.061432086 -0.127558738 83.232452393
-0.121484838 0.095010854 0.988035619 56.168609619 0.069536038 0.993777394 -0.087013111 -3.950035572 -0.990154564 0.058133319 -0.127335578 83.102348328
-0.121790722 0.094172530 0.988078177 57.222549438 0.066185281 0.994043708 -0.086583063 -4.051084518 -0.990346611 0.054851223 -0.127298132 82.975898743
-0.121803090 0.094671115 0.988029063 58.303268433 0.063306801 0.994154930 -0.087453708 -4.162907600 -0.990533352 0.051896814 -0.127084464 82.852699280
-0.122440279 0.096124224 0.987809956 59.377285004 0.063014761 0.994043469 -0.088920064 -4.262643814 -0.990473390 0.051359214 -0.127768204 82.729263306
-0.123058639 0.095098108 0.987832487 60.455337524 0.059638351 0.994307697 -0.088292055 -4.372461319 -0.990605891 0.048047587 -0.128029644 82.605232239
-0.123071656 0.090253145 0.988285363 61.566410065 0.059953507 0.994713187 -0.083374135 -4.466852188 -0.990585148 0.048990175 -0.127832010 82.462837219
-0.123649471 0.081309721 0.988989174 62.638031006 0.063651614 0.995234907 -0.073865086 -4.561709881 -0.990282357 0.053817373 -0.128235757 82.325340271
-0.122774854 0.075734079 0.989540756 63.758720398 0.069102339 0.995316446 -0.067602426 -4.658576012 -0.990025818 0.060079701 -0.127433255 82.167037964
-0.121992469 0.078532256 0.989419281 64.863945007 0.076954685 0.994612396 -0.069456145 -4.734863758 -0.989543140 0.067667320 -0.127378672 82.018264771
-0.122510962 0.084226951 0.988886654 65.976409912 0.089143217 0.993298829 -0.073558971 -4.812622547 -0.988455653 0.079140760 -0.129198268 81.866477966
-0.121900782 0.090084285 0.988445759 67.073501587 0.092145093 0.992598891 -0.079098940 -4.900263786 -0.988255799 0.081438199 -0.129299417 81.722770691
-0.120302215 0.097266153 0.987960994 68.178451538 0.101270817 0.991199255 -0.085253440 -4.990921974 -0.987558424 0.089795418 -0.129093692 81.551834106
-0.121332958 0.094564281 0.988097131 69.279960632 0.097792476 0.991747618 -0.082905263 -5.087318420 -0.987782836 0.086569309 -0.129579365 81.431716919
-0.118144937 0.084451064 0.989398658 70.400238037 0.111943260 0.991158128 -0.071233988 -4.993126392 -0.986666322 0.102340579 -0.126554057 81.275375366
-0.118107826 0.082401827 0.989575922 71.521713257 0.110019527 0.991501391 -0.069431111 -5.085963726 -0.986887097 0.100672320 -0.126169875 81.138290405
-0.117738351 0.080833055 0.989749312 72.617416382 0.118656456 0.990686178 -0.066794463 -5.174742222 -0.985930204 0.109575875 -0.126233116 81.013710022
-0.117144182 0.086474001 0.989342928 73.745292664 0.119790077 0.990158677 -0.072361417 -5.255490303 -0.985863924 0.110036738 -0.126350045 80.861976624
-0.117130525 0.090630807 0.988972425 74.927452087 0.120635599 0.989751518 -0.076414533 -5.317880630 -0.985762358 0.110354848 -0.126863405 80.728347778
-0.116460852 0.089942068 0.989114344 76.059692383 0.120772906 0.989783287 -0.075782791 -5.392985821 -0.985824943 0.110632487 -0.126133561 80.590225220
-0.115892857 0.083080366 0.989781022 77.253143311 0.122369051 0.990098536 -0.068778917 -5.492133617 -0.985694945 0.113147601 -0.124911822 80.430900574
-0.115987048 0.081808537 0.989875853 78.404029846 0.122187756 0.990207732 -0.067518800 -5.570530415 -0.985706389 0.113119423 -0.124847293 80.278480530
-0.117687032 0.085311301 0.989379466 79.573417664 0.118602611 0.990379333 -0.071289688 -5.658000469 -0.985942721 0.108953126 -0.126672953 80.183670044
-0.114656597 0.081727996 0.990037560 80.746269226 0.128232330 0.989489734 -0.066832140 -5.746046543 -0.985094011 0.119292080 -0.123931691 79.971054077
-0.114311583 0.082143016 0.990043163 81.930168152 0.127044097 0.989601910 -0.067437738 -5.810780048 -0.985288084 0.118070215 -0.123558745 79.823928833
-0.116933994 0.077599727 0.990103364 83.106941223 0.126082376 0.990036190 -0.062703773 -5.908518791 -0.985103905 0.117502399 -0.125552863 79.726875305
-0.115747839 0.076724038 0.990310967 84.295547485 0.126782551 0.989998400 -0.061881445 -5.982843399 -0.985154212 0.118391514 -0.124317437 79.571716309
-0.115244947 0.077848680 0.990281880 85.475028992 0.126871303 0.989912987 -0.063054904 -6.066767216 -0.985201597 0.118371606 -0.123959243 79.423339844
-0.113898851 0.078166358 0.990412593 86.655288696 0.129089698 0.989613235 -0.063257761 -6.144510269 -0.985069990 0.120647088 -0.122806281 79.272865295
-0.114717714 0.077891245 0.990339756 87.855087280 0.127860203 0.989786923 -0.063036859 -6.231096268 -0.985135257 0.119393602 -0.123505287 79.141342163
-0.112382203 0.077786580 0.990615726 89.058258057 0.129611537 0.989561498 -0.062999777 -6.320463657 -0.985175669 0.121315159 -0.121291116 78.971420288
-0.111829713 0.076674782 0.990764916 90.243072510 0.129222453 0.989675105 -0.062004834 -6.394013405 -0.985289574 0.121095099 -0.120583206 78.841125488
-0.110255204 0.074859545 0.991080046 91.461395264 0.127818570 0.989947200 -0.060554463 -6.489150047 -0.985650122 0.120002009 -0.118715264 78.688140869
-0.109317251 0.074783280 0.991189897 92.657875061 0.128962606 0.989804924 -0.060455658 -6.563870907 -0.985605597 0.121217586 -0.117847010 78.551338196
-0.107628636 0.075772420 0.991299450 93.877693176 0.127172157 0.989949644 -0.061861746 -6.646257401 -0.986023962 0.119407594 -0.116183065 78.411361694
-0.106627993 0.078461550 0.991198361 95.080543518 0.126968533 0.989794850 -0.064691834 -6.722753525 -0.986158967 0.118953034 -0.115501985 78.280738831
-0.098435238 0.078464381 0.992045283 96.298065186 0.127077401 0.989716470 -0.065670989 -6.806322098 -0.986996353 0.119602196 -0.107394025 78.186508179
-0.094123848 0.078526601 0.992458701 97.507881165 0.124346405 0.990005195 -0.066539586 -6.871851444 -0.987764478 0.117145717 -0.102947637 78.034049988
-0.094064377 0.079976834 0.992348552 98.738281250 0.120909639 0.990307450 -0.068351351 -6.951172829 -0.988196731 0.113555066 -0.102822632 77.909950256
-0.094756633 0.079085983 0.992354095 99.973403931 0.118875876 0.990605533 -0.067595571 -7.042530537 -0.988377333 0.111561835 -0.103267863 77.792793274
-0.093330897 0.075788006 0.992746472 101.227027893 0.116043068 0.991131067 -0.064755149 -7.147240162 -0.988849521 0.109157689 -0.101297811 77.643203735
-0.094866604 0.074545942 0.992694974 102.484260559 0.113938145 0.991452336 -0.063564174 -7.235748291 -0.988948226 0.107075691 -0.102549359 77.523551941
-0.095844932 0.073698305 0.992664218 103.714477539 0.110961616 0.991830707 -0.062922716 -7.316656590 -0.989192247 0.104116812 -0.103239648 77.390151978
-0.097492896 0.073338352 0.992530286 104.956008911 0.111963324 0.991758585 -0.062283538 -7.406361580 -0.988918245 0.105054781 -0.104900621 77.258590698
-0.099750698 0.081493214 0.991669655 106.210296631 0.115212344 0.990882695 -0.069839492 -7.437025070 -0.988319695 0.107286051 -0.108230278 77.162567139
-0.102875881 0.076713234 0.991731763 107.464584351 0.113316722 0.991434634 -0.064935520 -7.529490471 -0.988218546 0.105699472 -0.110687613 77.029899597
-0.106058702 0.075216837 0.991510868 108.720809937 0.112161495 0.991676092 -0.063231818 -7.614780426 -0.988013864 0.104503065 -0.113612309 76.893173218
-0.112299718 0.082183257 0.990269959 109.987251282 0.106513269 0.991827607 -0.070233598 -7.697109699 -0.987949252 0.097589679 -0.120135583 76.776451111
-0.119342841 0.083418839 0.989342630 111.239089966 0.106798999 0.991760969 -0.070739776 -7.812006950 -0.987092316 0.097218506 -0.127268642 76.608657837
-0.128161296 0.079629600 0.988551378 112.493293762 0.109606758 0.991802514 -0.065681443 -7.897134781 -0.985677958 0.099934094 -0.135838658 76.434692383
-0.138817251 0.077923179 0.987247586 113.706954956 0.112393409 0.991698086 -0.062470779 -8.001084328 -0.983919442 0.102288082 -0.146422863 76.256622314
-0.151542276 0.079105355 0.985280335 114.945785522 0.112442814 0.991701603 -0.062326495 -8.085408211 -0.982034385 0.101342589 -0.159179524 76.061180115
-0.166354880 0.077315733 0.983030140 116.127349854 0.112294689 0.991921127 -0.059011750 -8.185062408 -0.979650915 0.100572176 -0.173693061 75.851898193
-0.182266295 0.074968338 0.980387092 117.366714478 0.113033697 0.992076099 -0.054847788 -8.270298004 -0.976730406 0.100819848 -0.189296022 75.643989563
-0.202726930 0.087615341 0.975307822 118.552871704 0.123513527 0.990322530 -0.063290715 -8.389387131 -0.971414506 0.107632965 -0.211586758 75.313148499
-0.218451798 0.091269895 0.971570134 119.731369019 0.124393851 0.990098834 -0.065041266 -8.479801178 -0.967886746 0.106648982 -0.227642298 75.069755554
-0.233021230 0.094034985 0.967914522 120.899383545 0.123547472 0.990111411 -0.066447951 -8.582996368 -0.964591563 0.104099602 -0.242334798 74.757667542
-0.248172209 0.092146993 0.964323282 122.033981323 0.119933173 0.990729511 -0.063805021 -8.660396576 -0.961263061 0.099819727 -0.256922960 74.430152893
-0.265540659 0.086987376 0.960167289 123.258842468 0.114594080 0.991708815 -0.058153152 -8.747277260 -0.957265019 0.094587468 -0.273307234 74.132598877
-0.281745821 0.082910813 0.955900192 124.425483704 0.110865392 0.992399752 -0.053399745 -8.824333191 -0.953062534 0.090931080 -0.288796425 73.804733276
-0.295953780 0.084138595 0.951489389 125.593002319 0.107560791 0.992713034 -0.054327939 -8.892658234 -0.949127018 0.086264379 -0.302847177 73.426048279
-0.310326666 0.086248703 0.946709275 126.748992920 0.107735083 0.992650509 -0.055119079 -8.968535423 -0.944505394 0.084888875 -0.317337930 73.051162720
-0.324070394 0.088475130 0.941886723 127.854522705 0.108678699 0.992507517 -0.055837579 -9.040817261 -0.939769864 0.084267721 -0.331257641 72.661155701
-0.337354660 0.088966943 0.937164187 128.931579590 0.111779243 0.992266953 -0.053960353 -9.108160019 -0.934717655 0.086551711 -0.344690561 72.247314453
-0.351827353 0.086594746 0.932050943 130.035736084 0.110618949 0.992580950 -0.050462395 -9.185567856 -0.929505706 0.085348435 -0.358796179 71.839599609
-0.366696507 0.084325716 0.926511049 131.217163086 0.108493790 0.992964804 -0.047434058 -9.246535301 -0.923992753 0.083126791 -0.373265564 71.358596802
-0.381414115 0.085318051 0.920458615 132.308486938 0.106041022 0.993196785 -0.048119575 -9.314480782 -0.918302119 0.079252884 -0.387866497 70.904281616
-0.395519227 0.087507606 0.914279461 133.376113892 0.107185610 0.993046701 -0.048677862 -9.378114700 -0.912181854 0.078744583 -0.402148634 70.420799255
-0.411153316 0.089047186 0.907206476 134.506988525 0.107258834 0.993029714 -0.048860651 -9.450458527 -0.905233979 0.077216700 -0.417838514 69.937065125
-0.426539540 0.087844118 0.900192976 135.603332520 0.105094768 0.993344426 -0.047136981 -9.531488419 -0.898342371 0.074499786 -0.432932705 69.423583984
-0.441780835 0.091275983 0.892467499 136.695739746 0.104378819 0.993283987 -0.049918249 -9.594781876 -0.891030133 0.071101792 -0.448341101 68.892990112
-0.456448853 0.093535841 0.884819448 137.788314819 0.104757831 0.993191659 -0.050950993 -9.654901505 -0.883561134 0.069435261 -0.463139743 68.323905945
-0.469964057 0.093656361 0.877702832 138.833160400 0.107249491 0.993046582 -0.048537761 -9.721889496 -0.876145720 0.071322180 -0.476740837 67.787162781
-0.486140579 0.090070657 0.869226515 139.917953491 0.104775026 0.993506551 -0.044350255 -9.771254539 -0.867576838 0.069512747 -0.492421031 67.184356689
-0.502058387 0.090650737 0.860069573 140.955383301 0.104068138 0.993597507 -0.043975584 -9.844442368 -0.858549476 0.067427546 -0.508277774 66.608535767
-0.518177152 0.090203889 0.850503147 142.031784058 0.102192707 0.993828654 -0.043143019 -9.892069817 -0.849146128 0.064559489 -0.524197519 65.953659058
-0.533851922 0.088789828 0.840903461 143.002792358 0.100784518 0.994064033 -0.040978275 -9.948472023 -0.839550197 0.062873714 -0.539631546 65.348869324
-0.549624979 0.088153124 0.830747485 144.037506104 0.098525867 0.994317174 -0.040324967 -10.002428055 -0.829581261 0.059686501 -0.555186927 64.674179077
-0.565165281 0.088168919 0.820252657 145.052047729 0.098122627 0.994398773 -0.039280057 -10.045166969 -0.819121540 0.058285620 -0.570651054 63.992202759
-0.580398917 0.086876400 0.809684992 146.077423096 0.098008379 0.994517744 -0.036453895 -10.079669952 -0.808412790 0.058198102 -0.585731566 63.271480560
-0.595520020 0.081954733 0.799149156 147.080352783 0.096078351 0.994908392 -0.030433461 -10.139633179 -0.797574401 0.058657218 -0.600361943 62.526676178
-0.609607637 0.081708245 0.788480878 148.017364502 0.097017184 0.994886220 -0.028089439 -10.125386238 -0.786744058 0.059372652 -0.614417493 61.765800476
-0.624301732 0.080296017 0.777045548 148.992950439 0.095324665 0.995100379 -0.026241995 -10.166447639 -0.775345325 0.057688698 -0.628897071 60.986133575
-0.639250219 0.081336692 0.764685273 149.926086426 0.093226351 0.995253205 -0.027927360 -10.204845428 -0.763326943 0.053436246 -0.643798530 60.213001251
-0.655629635 0.079689614 0.750865757 150.918472290 0.089417063 0.995612085 -0.027588777 -10.291695595 -0.749769568 0.049052190 -0.659878373 59.414211273
-0.671417415 0.076281875 0.737143040 151.857559204 0.086025439 0.995986462 -0.024712611 -10.329861641 -0.736069560 0.046820577 -0.675284743 58.569885254
-0.683261275 0.115292601 0.721014261 152.893997192 0.098423287 0.992985845 -0.065512031 -11.633308411 -0.723510146 0.026202766 -0.689816236 57.545661926
-0.700203300 0.112921044 0.704956889 153.796371460 0.097206384 0.993296325 -0.062556773 -11.720132828 -0.707295060 0.024723856 -0.706485987 56.656063080
-0.717665851 0.110711090 0.687530875 154.669586182 0.095997438 0.993584335 -0.059788894 -11.803306580 -0.689739227 0.023092765 -0.723689556 55.751636505
-0.734151483 0.127609327 0.666886389 155.597183228 0.108493164 0.991607726 -0.070308797 -12.058050156 -0.670261800 0.020735310 -0.741834998 54.852203369
-0.750732720 0.125600636 0.648555994 156.405120850 0.108477488 0.991870821 -0.066520087 -12.144905090 -0.651638746 0.020414926 -0.758254647 53.906570435
-0.766629040 0.127204835 0.629363894 157.235214233 0.109973244 0.991708577 -0.066482142 -12.242147446 -0.632602453 0.018246058 -0.774261713 52.915546417
-0.781895459 0.126545519 0.610430837 157.976608276 0.112908967 0.991733134 -0.060967349 -12.328397751 -0.613099575 0.021253034 -0.789719701 51.965465546
-0.796223104 0.127780169 0.591355205 158.813690186 0.116336204 0.991537571 -0.057612173 -12.415724754 -0.593712568 0.022923870 -0.804350615 50.881031036
-0.810780346 0.128946483 0.570971131 159.533142090 0.117724597 0.991424501 -0.056731261 -12.501194000 -0.573390067 0.021220755 -0.819007635 49.880760193
-0.823254347 0.131169647 0.552310467 160.241867065 0.118880212 0.991201103 -0.058204353 -12.623109818 -0.555085421 0.017741794 -0.831604123 48.686420441
-0.836185277 0.131818861 0.532370210 160.929077148 0.121064208 0.991105735 -0.055251677 -12.692812920 -0.534918427 0.018250331 -0.844706595 47.643135071
-0.847052693 0.131288558 0.515038788 161.597000122 0.122785829 0.991136611 -0.050712369 -12.750823975 -0.517131686 0.020283412 -0.855665445 46.484516144
-0.857659161 0.133256778 0.496652097 162.243652344 0.125415117 0.990879297 -0.049285915 -12.832131386 -0.498689890 0.020017160 -0.866549313 45.405349731
-0.866840065 0.135787040 0.479739726 162.868255615 0.127298847 0.990584910 -0.050362468 -12.910593987 -0.482061535 0.017414112 -0.875964284 44.239822388
-0.876789153 0.133368433 0.462010622 163.486206055 0.124743670 0.990962148 -0.049326092 -12.984435081 -0.464413583 0.014384327 -0.885501623 43.167427063
-0.884834647 0.131320193 0.447015554 164.077468872 0.123391718 0.991246521 -0.046954673 -13.039366722 -0.449268758 0.013610890 -0.893292904 41.964214325
-0.891974747 0.129470289 0.433149606 164.606552124 0.121798158 0.991509199 -0.045550313 -13.090161324 -0.435369194 0.012127098 -0.900170267 40.810005188
-0.898619413 0.127757609 0.419715792 165.176010132 0.120982789 0.991729438 -0.042846892 -13.171401978 -0.421718538 0.012275336 -0.906643689 39.651256561
-0.904987991 0.125072107 0.406637192 165.693893433 0.119187973 0.992070436 -0.039879955 -13.245069504 -0.408400655 0.012375386 -0.912718892 38.466899872
-0.911273360 0.120605364 0.393745095 166.243255615 0.116432026 0.992596865 -0.034568302 -13.301225662 -0.394999266 0.014343366 -0.918569386 37.283638000
-0.916513979 0.117552802 0.382339627 166.739044189 0.114565372 0.992942452 -0.030659670 -13.328691483 -0.383245319 0.015702866 -0.923513114 36.102539062
-0.920909584 0.118107677 0.371451110 167.249969482 0.117322832 0.992784142 -0.024799177 -13.405292511 -0.371699840 0.020741891 -0.928121209 34.887321472
-0.924118996 0.121513806 0.362268388 167.725112915 0.120426111 0.992390335 -0.025674475 -13.439320564 -0.362631381 0.019900305 -0.931720138 33.701835632
-0.925628543 0.127105564 0.356449068 168.189620972 0.125946388 0.991681278 -0.026563831 -13.479260445 -0.356860280 0.020305229 -0.933937073 32.462406158
-0.927231073 0.130311430 0.351086080 168.643661499 0.128289849 0.991309047 -0.029122630 -13.512878418 -0.351829797 0.018037368 -0.935890257 31.247947693
-0.929466188 0.128230929 0.345903873 169.133117676 0.126980484 0.991554439 -0.026376976 -13.569898605 -0.346364826 0.019406535 -0.937899113 30.040428162
-0.931985259 0.120795779 0.341777444 169.587615967 0.120498352 0.992465556 -0.022186857 -13.610140800 -0.341882378 0.020505795 -0.939518929 28.828510284
-0.934605062 0.114741422 0.336671591 170.058120728 0.114880554 0.993186355 -0.019578874 -13.653418541 -0.336624116 0.020378504 -0.941418588 27.577222824
-0.937036395 0.107750461 0.332193673 170.511352539 0.106930099 0.994048774 -0.020806650 -13.682543755 -0.332458586 0.016024912 -0.942981720 26.362699509
-0.938693345 0.105306812 0.328276277 170.961441040 0.103441782 0.994365096 -0.023191793 -13.721179962 -0.328868717 0.012187500 -0.944297016 25.092277527
-0.939227879 0.105868377 0.326562405 171.390609741 0.103400066 0.994326532 -0.024961658 -13.760095596 -0.327352315 0.010321887 -0.944846034 23.861719131
-0.939562500 0.107807048 0.324961364 171.835815430 0.104603671 0.994137287 -0.027367363 -13.801907539 -0.326006681 0.008278806 -0.945331216 22.598751068
-0.939269781 0.109396622 0.325276315 172.254882812 0.105752841 0.993971825 -0.028919166 -13.848573685 -0.326479226 0.007235993 -0.945176661 21.369224548
-0.938999116 0.110378481 0.325725734 172.690002441 0.106101215 0.993874311 -0.030925987 -13.894088745 -0.327143997 0.005520424 -0.944958389 20.138545990
-0.938707709 0.110937901 0.326374739 173.112503052 0.106237262 0.993817627 -0.032252125 -13.951436043 -0.327934951 0.004397844 -0.944689989 18.952281952
-0.937940359 0.111882582 0.328253299 173.564865112 0.107211411 0.993709743 -0.032355741 -13.998374939 -0.329808444 0.004844740 -0.944035411 17.670860291
-0.936638772 0.112316765 0.331802398 173.983642578 0.107571587 0.993659496 -0.032696914 -14.052347183 -0.333370984 0.005067321 -0.942782104 16.439174652
-0.935994983 0.110376723 0.334261179 174.446594238 0.105310813 0.993881583 -0.033300370 -14.109489441 -0.335891664 0.004032343 -0.941892028 15.193065643
-0.934647560 0.107748844 0.338857085 174.885910034 0.103163332 0.994163215 -0.031572532 -14.163845062 -0.340281188 0.005448436 -0.940307975 13.997413635
-0.932601452 0.105751358 0.345066816 175.324951172 0.101839654 0.994363308 -0.029499944 -14.215179443 -0.346241415 0.007629792 -0.938114405 12.782966614
-0.930131316 0.103590943 0.352313280 175.786865234 0.100412838 0.994570196 -0.027337478 -14.265233994 -0.353232175 0.009949330 -0.935482800 11.571144104
-0.927605391 0.105807193 0.358263671 176.255065918 0.102652214 0.994326651 -0.027873723 -14.313802719 -0.359180421 0.010920747 -0.933204293 10.407211304
-0.924692094 0.105235212 0.365882635 176.707366943 0.101888999 0.994387388 -0.028502673 -14.374354362 -0.366828531 0.010923216 -0.930224359 9.267494202
-0.921262503 0.107520655 0.373784423 177.181274414 0.103329897 0.994154572 -0.031296704 -14.441194534 -0.374964565 0.009790629 -0.926987350 8.146400452
-0.916065454 0.109371729 0.385826558 177.685913086 0.104776226 0.993948519 -0.032988906 -14.467710495 -0.387099802 0.010205451 -0.921981335 6.859188080
-0.910554767 0.112317502 0.397837490 178.100311279 0.108666383 0.993569732 -0.031793293 -14.597708702 -0.398850262 0.014282028 -0.916904867 5.772758484
-0.904792607 0.113889143 0.410340965 178.644378662 0.109295607 0.993402660 -0.034722202 -14.653459549 -0.411588252 0.013432068 -0.911270976 4.592163086
-0.898323536 0.116147771 0.423703283 179.193847656 0.111263126 0.993126214 -0.036344118 -14.705384254 -0.425012171 0.014493774 -0.905071616 3.396530151
-0.892319858 0.115869120 0.436279297 179.759704590 0.111821301 0.993110180 -0.035047356 -14.767600060 -0.437334299 0.017511869 -0.899128497 2.272270203
-0.886040270 0.117019989 0.448596686 180.255065918 0.111519635 0.993005812 -0.038766798 -14.797706604 -0.449995577 0.015678395 -0.892893076 1.203796387
-0.878606200 0.119492173 0.462355763 180.844009399 0.114115536 0.992674172 -0.039697070 -14.857909203 -0.463712126 0.017883886 -0.885805428 0.048866272
-0.871067464 0.120749965 0.476089180 181.462982178 0.116095632 0.992460012 -0.039304402 -14.920944214 -0.477245510 0.021035088 -0.878518224 -1.103713989
-0.862970531 0.122332022 0.490221232 182.083114624 0.119033307 0.992161036 -0.038045786 -14.994067192 -0.491032690 0.025520260 -0.870767295 -2.227653503
-0.854510784 0.124986246 0.504172385 182.735992432 0.122112453 0.991753936 -0.038893826 -15.046397209 -0.504876137 0.028330529 -0.862726748 -3.339057922
-0.845524728 0.127679303 0.518445730 183.391220093 0.125067264 0.991334796 -0.040169049 -15.106021881 -0.519082010 0.030876668 -0.854166508 -4.401588440
-0.842346430 0.065585583 0.534930766 182.738708496 0.069897793 0.997479200 -0.012229828 -17.132606506 -0.534384310 0.027088735 -0.844807386 -4.795646667
-0.832022309 0.067853957 0.550576687 183.418121338 0.073305242 0.997235835 -0.012123339 -17.167516708 -0.549877405 0.030273266 -0.834696472 -5.814529419
-0.819512844 0.070448145 0.568714082 184.180557251 0.076999947 0.996952236 -0.012538823 -17.199802399 -0.567864120 0.033515230 -0.822439671 -6.979446411
-0.810562193 0.065161802 0.582015991 184.927902222 0.060560014 0.997789204 -0.027370529 -17.134315491 -0.582512736 0.013061373 -0.812716544 -7.991653442
-0.799160540 0.063631982 0.597740173 185.688491821 0.051660564 0.997972727 -0.037169799 -17.105073929 -0.598893642 0.001174963 -0.800827622 -9.017509460
-0.785272717 0.065587662 0.615666509 186.482711792 0.055030689 0.997831464 -0.036109414 -17.151584625 -0.616699815 0.005524813 -0.787179053 -10.049995422
-0.770697713 0.067453355 0.633620739 187.275466919 0.057023156 0.997692406 -0.036851842 -17.199213028 -0.634644389 0.007729408 -0.772765636 -11.010078430
-0.756995142 0.063635878 0.650314391 188.130432129 0.039896432 0.997890830 -0.051206380 -17.195745468 -0.652201355 -0.012817740 -0.757937372 -11.985542297
-0.739578843 0.067361407 0.669690609 188.963119507 0.041521464 0.997650385 -0.054494932 -17.264419556 -0.671787918 -0.012496758 -0.740638137 -12.938346863
