0.999977708 -0.002425570 -0.006219013 0.007754472 0.002357239 0.999936998 -0.010971220 0.084260553 0.006245233 0.010956314 0.999920487 0.613987088
0.999943018 -0.001281467 -0.010601454 -0.006694233 0.001153008 0.999926090 -0.012114335 0.067344509 0.010616194 0.012101423 0.999870360 1.260666013
0.999885380 -0.001222939 -0.015090651 -0.019878659 0.001009986 0.999899924 -0.014111113 0.065935805 0.015106396 0.014094253 0.999786496 1.924836874
0.999781370 0.000153734 -0.020905552 -0.034412727 -0.000475791 0.999881208 -0.015401212 0.063078389 0.020900706 0.015407789 0.999662817 2.615384102
0.999657512 -0.000805262 -0.026156444 -0.046283122 0.000367970 0.999860108 -0.016718833 0.069141939 0.026166251 0.016703483 0.999517977 3.308436394
0.999511242 0.000954526 -0.031245982 -0.070626840 -0.001545358 0.999820352 -0.018890360 0.065040119 0.031222330 0.018929416 0.999333203 4.009570122
0.999323606 0.004037441 -0.036552344 -0.106396183 -0.004793999 0.999775589 -0.020634009 0.067170382 0.036460839 0.020795282 0.999118686 4.724972248
0.999124527 0.004763312 -0.041563049 -0.140297174 -0.005596757 0.999785185 -0.019959284 0.064596146 0.041459043 0.020174425 0.998936653 5.464541912
0.998935878 0.004090951 -0.045939252 -0.186150044 -0.004921199 0.999826312 -0.017974211 0.057566978 0.045857742 0.018181158 0.998782575 6.212671280
0.998748302 0.004116395 -0.049848963 -0.232669324 -0.004922127 0.999859095 -0.016051508 0.048529170 0.049775857 0.016276777 0.998627782 6.966521263
0.998531640 0.005408895 -0.053900864 -0.263797313 -0.006333699 0.999835372 -0.017001484 0.034269407 0.053800032 0.017317904 0.998401582 7.643865585
0.998515546 0.005276764 -0.054211020 -0.349883646 -0.006214962 0.999833524 -0.017152390 0.015144080 0.054111496 0.017463850 0.998382151 8.490607262
0.998327851 0.002882149 -0.057733461 -0.377963752 -0.003912931 0.999834776 -0.017749064 -0.002631262 0.057672776 0.017945293 0.998174250 9.264622688
0.998221874 0.003175972 -0.059523940 -0.438160628 -0.004312637 0.999810576 -0.018977210 0.006293222 0.059452385 0.019200167 0.998046458 10.030860901
0.998036921 0.001517850 -0.062611140 -0.480122864 -0.002783777 0.999793351 -0.020136608 -0.004920736 0.062567621 0.020271370 0.997834861 10.888214111
0.997983754 0.004388579 -0.063318282 -0.559993267 -0.005793854 0.999740601 -0.022027330 -0.033003733 0.063205183 0.022349773 0.997750342 11.616592407
0.997766793 0.005192759 -0.066591889 -0.607222855 -0.006929658 0.999641120 -0.025878364 -0.042331487 0.066433594 0.026282029 0.997444689 12.523052216
0.997716665 0.009482027 -0.066869587 -0.694322228 -0.011338006 0.999559402 -0.027430547 -0.073330790 0.066580012 0.028126081 0.997384608 13.222632408
0.997586429 0.010730263 -0.068600476 -0.756360590 -0.012642150 0.999541938 -0.027496779 -0.096278071 0.068273991 0.028297672 0.997265220 14.043190002
0.997415662 0.009968702 -0.071151786 -0.819731712 -0.011864232 0.999584496 -0.026267966 -0.129338324 0.070860349 0.027044240 0.997119546 15.010329247
0.997375488 0.012269366 -0.071354881 -0.920241952 -0.014127605 0.999572515 -0.025596064 -0.148610920 0.071010351 0.026536960 0.997122526 15.710699081
0.997257590 0.011723690 -0.073074065 -0.988325238 -0.013615809 0.999583423 -0.025449013 -0.183871612 0.072745264 0.026374185 0.997001827 16.686801910
0.997167706 0.012946885 -0.074087769 -1.089530706 -0.015036945 0.999502540 -0.027722642 -0.196744531 0.073691994 0.028758178 0.996866226 17.410564423
0.997006714 0.011793428 -0.076410294 -1.148331285 -0.014040723 0.999482453 -0.028940681 -0.227631301 0.076029457 0.029926909 0.996656239 18.388603210
0.997081280 0.012867442 -0.075255796 -1.271136999 -0.014960353 0.999514997 -0.027313357 -0.249951869 0.074867830 0.028359490 0.996790111 19.134805679
0.996983767 0.014030286 -0.076331511 -1.343674541 -0.015907295 0.999584496 -0.024038050 -0.284421861 0.075962529 0.025179775 0.996792734 20.129081726
0.997130215 0.015425372 -0.074117467 -1.471064329 -0.017001925 0.999641538 -0.020687344 -0.313650578 0.073771790 0.021888116 0.997035027 20.927562714
0.997191906 0.014420331 -0.073487885 -1.532725692 -0.015843831 0.999697268 -0.018824555 -0.326218396 0.073194198 0.019936023 0.997118413 21.925695419
0.997235835 0.015806993 -0.072600611 -1.602507114 -0.017188638 0.999682069 -0.018445535 -0.351222873 0.072285965 0.019642454 0.997190475 22.899677277
0.997522771 0.015255194 -0.068670861 -1.754819751 -0.016682690 0.999655545 -0.020262247 -0.395992100 0.068338089 0.021357667 0.997433603 23.688676834
0.997504830 0.015894737 -0.068785995 -1.820309281 -0.017691569 0.999516010 -0.025592219 -0.419726968 0.068345912 0.026745297 0.997303128 24.686660767
0.997649491 0.016001023 -0.066631980 -1.926856160 -0.017953577 0.999423742 -0.028808553 -0.448548853 0.066132635 0.029937115 0.997361660 25.550064087
0.997672319 0.013665701 -0.066808529 -1.986833692 -0.015548568 0.999494135 -0.027744776 -0.486260235 0.066395588 0.028718967 0.997380078 26.533700943
0.997768164 0.013376802 -0.065420799 -2.099932671 -0.014958084 0.999606133 -0.023741111 -0.503336191 0.065077454 0.024666691 0.997575343 27.454311371
0.997734189 0.009423451 -0.066616021 -2.160215378 -0.010779038 0.999741375 -0.020019196 -0.538683832 0.066410169 0.020691892 0.997577786 28.429244995
0.997787774 0.003798347 -0.066371560 -2.274751425 -0.005217613 0.999761164 -0.021223467 -0.574434400 0.066275112 0.021522816 0.997569263 29.410139084
0.997643113 0.001298779 -0.068604052 -2.333364010 -0.003066091 0.999665916 -0.025662074 -0.596705198 0.068547808 0.025811937 0.997313976 30.389596939
0.997566998 0.001487674 -0.069699131 -2.442693472 -0.003536208 0.999565065 -0.029276863 -0.639809608 0.069625266 0.029452100 0.997138381 31.405323029
0.997385383 0.002738385 -0.072215140 -2.518966913 -0.004943683 0.999526322 -0.030376868 -0.669181705 0.072097741 0.030654455 0.996926367 32.386352539
0.997358799 0.003948218 -0.072524473 -2.631059885 -0.006081741 0.999554515 -0.029220760 -0.714273989 0.072376803 0.029584654 0.996938467 33.404365540
0.997242451 0.006878066 -0.073893435 -2.714314938 -0.008843542 0.999614894 -0.026304645 -0.754559278 0.073684044 0.026885582 0.996919215 34.391727448
0.997165859 0.007251717 -0.074885041 -2.819940329 -0.009163419 0.999640048 -0.025216533 -0.791104615 0.074675202 0.025831271 0.996873260 35.403396606
0.997018337 0.007895760 -0.076760836 -2.883958578 -0.009669634 0.999694169 -0.022764923 -0.817323506 0.076557606 0.023439297 0.996789575 36.392330170
0.997120440 0.009802827 -0.075199008 -3.014816999 -0.011350752 0.999731839 -0.020184666 -0.858315110 0.074980959 0.020980110 0.996964276 37.405364990
0.996994913 0.015860343 -0.075826943 -3.104976892 -0.017295416 0.999682844 -0.018306507 -0.879944682 0.075512536 0.019562950 0.996953011 38.392429352
0.996932745 0.015539530 -0.076706819 -3.174011230 -0.017025676 0.999679089 -0.018758580 -0.915209711 0.076390699 0.020007029 0.996877193 39.380924225
0.997093141 0.015613235 -0.074575305 -3.343634129 -0.017178496 0.999644399 -0.020393949 -0.953398347 0.074230365 0.021615759 0.997006834 40.401710510
0.996941447 0.018200992 -0.076002188 -3.393763304 -0.020003410 0.999534845 -0.023021817 -0.979144573 0.075547799 0.024471711 0.996841848 41.388145447
0.996997476 0.018029094 -0.075306289 -3.535662889 -0.019820975 0.999536276 -0.023115292 -1.012817025 0.074854635 0.024538530 0.996892452 42.381782532
0.996858776 0.016844813 -0.077388160 -3.596839905 -0.018624134 0.999577224 -0.022328263 -1.042491317 0.076979324 0.023699410 0.996750951 43.355003357
0.996878505 0.017587785 -0.076967426 -3.719172478 -0.019237028 0.999599814 -0.020739043 -1.091207385 0.076571859 0.022154929 0.996817827 44.338966370
0.996775746 0.019812690 -0.077753536 -3.798202515 -0.021722669 0.999480784 -0.023795979 -1.136930585 0.077241689 0.025408268 0.996688545 45.309886932
0.996696830 0.020567907 -0.078565359 -3.889219761 -0.022872411 0.999330819 -0.028545914 -1.165181875 0.077925645 0.030248595 0.996500194 46.279251099
0.996705472 0.021613168 -0.078173295 -4.019998074 -0.024038758 0.999254048 -0.030221475 -1.198516369 0.077461816 0.032001093 0.996481597 47.260368347
0.996678650 0.020023264 -0.078933857 -4.083550930 -0.022173179 0.999404013 -0.026455114 -1.241024137 0.078357086 0.028117463 0.996528745 48.217304230
0.996795237 0.019423719 -0.077602066 -4.213424206 -0.021300917 0.999498367 -0.023435881 -1.288761854 0.077107929 0.025013765 0.996708930 49.217380524
0.996776104 0.017012797 -0.078408912 -4.287236691 -0.018821210 0.999572277 -0.022382777 -1.327838898 0.077994592 0.023786366 0.996669888 50.181808472
0.996862173 0.014708936 -0.077777922 -4.392136097 -0.016618861 0.999574661 -0.023966162 -1.371159315 0.077392317 0.025183542 0.996682584 51.180759430
0.996854246 0.011677999 -0.078390822 -4.466881275 -0.013715223 0.999580801 -0.025500109 -1.401502609 0.078060158 0.026495043 0.996596575 52.135307312
0.996760011 0.010393681 -0.079757988 -4.542372227 -0.012388345 0.999621689 -0.024554966 -1.439797044 0.079472579 0.025463479 0.996511757 53.102252960
0.997909188 -0.020908581 -0.061155103 -6.234176636 0.020649135 0.999774873 -0.004871353 -3.020279646 0.061243191 0.003598364 0.998116374 53.810241699
0.997864485 -0.021047607 -0.061834391 -6.292077065 0.021066187 0.999778032 -0.000351431 -3.030125380 0.061828066 -0.000951934 0.998086274 54.747882843
0.997837424 -0.019877657 -0.062652908 -6.352680206 0.020065887 0.999795854 0.002376545 -3.054234505 0.062592901 -0.003628592 0.998032510 55.726329803
0.997747421 -0.018894818 -0.064366475 -6.410965919 0.018819284 0.999821424 -0.001779597 -3.068027496 0.064388603 0.000564255 0.997924745 56.657062531
0.997711241 -0.016764205 -0.065507971 -6.480938911 0.016146637 0.999820173 -0.009945437 -3.080440521 0.065662928 0.008864943 0.997802496 57.584030151
0.997702897 -0.015278486 -0.065996908 -6.552015781 0.014370526 0.999795735 -0.014210543 -3.107223511 0.066200547 0.013229487 0.997718632 58.524578094
0.997699916 -0.010257866 -0.067004368 -6.623464584 0.009351659 0.999860704 -0.013824224 -3.123610020 0.067136832 0.013165825 0.997656882 59.425384521
0.997658014 -0.007815093 -0.067950293 -6.691111565 0.007077824 0.999913454 -0.011084026 -3.155317068 0.068031050 0.010577128 0.997627199 60.336963654
0.997597754 -0.004792692 -0.069107302 -6.758257866 0.004138317 0.999945283 -0.009608987 -3.182886124 0.069149569 0.009299915 0.997563004 61.210704803
0.997428119 -0.017172571 -0.069586836 -6.828073978 0.016278235 0.999777734 -0.013398761 -3.279058933 0.069801442 0.012231548 0.997485936 62.081443787
0.997338712 -0.015559790 -0.071228340 -6.891922951 0.014709779 0.999814451 -0.012442608 -3.304821014 0.071408726 0.011361740 0.997382402 62.930809021
0.997266054 -0.014410824 -0.072478540 -6.958741665 0.013565536 0.999834299 -0.012141393 -3.326639652 0.072641507 0.011124987 0.997296095 63.782882690
0.997151792 -0.014491898 -0.074016534 -7.022182465 0.013645317 0.999835730 -0.011930701 -3.346185923 0.074177280 0.010886739 0.997185647 64.604164124
0.997065544 -0.014609402 -0.075147606 -7.087276459 0.013858823 0.999848783 -0.010499933 -3.377501011 0.075289644 0.009427664 0.997117162 65.421852112
0.997017384 -0.011634469 -0.076294787 -7.158873081 0.011049423 0.999906242 -0.008085942 -3.395909309 0.076381706 0.007218811 0.997052610 66.220573425
0.996914804 -0.010146523 -0.077832296 -7.220161438 0.009868219 0.999943495 -0.003959619 -3.414500237 0.077868059 0.003179338 0.996958554 66.998397827
0.996776104 -0.007588170 -0.079874225 -7.282989025 0.007455071 0.999970198 -0.001964530 -3.437368393 0.079886734 0.001362729 0.996803045 67.802040100
0.996759474 -0.005037515 -0.080283061 -7.374731541 0.004559463 0.999970794 -0.006136848 -3.455417633 0.080311634 0.005750914 0.996753156 68.543151855
0.996625364 -0.004584190 -0.081955500 -7.425245285 0.003510215 0.999906182 -0.013243642 -3.479257345 0.082008503 0.012911268 0.996547997 69.276481628
0.996529996 -0.005361966 -0.083060309 -7.490773201 0.003763149 0.999804854 -0.019393492 -3.493206978 0.083148085 0.019013632 0.996355832 69.975906372
0.996489704 -0.005001703 -0.083565049 -7.554055214 0.003289278 0.999782085 -0.020617202 -3.506854296 0.083649956 0.020269966 0.996289015 70.658386230
0.996461272 -0.001875285 -0.084031805 -7.625907898 0.000427192 0.999851167 -0.017247340 -3.530298710 0.084051661 0.017150411 0.996313751 71.373374939
0.996388793 -0.001250696 -0.084898710 -7.699523926 -0.000054355 0.999881983 -0.015367769 -3.551922798 0.084907912 0.015316889 0.996271014 72.018928528
0.996318340 -0.004531360 -0.085610203 -7.753890991 0.002987369 0.999830663 -0.018154658 -3.584324837 0.085677974 0.017832072 0.996163249 72.636901855
0.996395290 -0.008674266 -0.084387347 -7.759939671 0.006447385 0.999624610 -0.026625643 -3.660073280 0.084586643 0.025985582 0.996077299 73.267196655
0.996463060 -0.012579865 -0.083084643 -7.809983253 0.009984846 0.999451399 -0.031575378 -3.679476023 0.083436295 0.030634105 0.996042192 73.856544495
0.996746838 -0.010129480 -0.079956904 -7.855414391 0.007605945 0.999465227 -0.031802904 -3.700870514 0.080236286 0.031091291 0.996290982 74.442024231
0.997097731 -0.005274663 -0.075948603 -7.909934998 0.003124081 0.999591529 -0.028407281 -3.734140396 0.076067418 0.028087560 0.996706903 75.015266418
0.997404277 -0.006902409 -0.071672745 -7.939718246 0.005082042 0.999660671 -0.025549656 -3.750056028 0.071824767 0.025119094 0.997100890 75.566734314
0.997794330 -0.010344092 -0.065569773 -7.973762512 0.008967790 0.999733925 -0.021249680 -3.771716356 0.065772146 0.020614797 0.997621655 76.113624573
0.998201728 -0.015114163 -0.058007624 -7.986602783 0.014120874 0.999747217 -0.017495440 -3.800471306 0.058257386 0.016644863 0.998162806 76.647697449
0.998832047 -0.011336992 -0.046967637 -8.014159203 0.010510300 0.999786258 -0.017811092 -3.813890934 0.047159515 0.017296644 0.998737574 77.158882141
0.999472797 -0.006227431 -0.031864524 -8.031764984 0.005674308 0.999832213 -0.017419636 -3.843291521 0.031967651 0.017229643 0.999340415 77.664993286
0.999905169 -0.001162999 -0.013730475 -8.037780762 0.000932669 0.999858975 -0.016769666 -3.855640888 0.013748044 0.016755262 0.999765038 78.150520325
0.999959886 -0.002443131 0.008620176 -8.020708084 0.002581166 0.999868155 -0.016038267 -3.867514372 -0.008579853 0.016059868 0.999834180 78.633010864
0.999359071 -0.006226202 0.035251550 -7.989482880 0.006750806 0.999867976 -0.014782289 -3.877951145 -0.035154853 0.015010787 0.999269128 79.093765259
0.997917056 -0.007325731 0.064092539 -7.930268288 0.008153537 0.999886513 -0.012663713 -3.896706581 -0.063992493 0.013159915 0.997863591 79.544403076
0.995167911 -0.007620354 0.097891480 -7.881079197 0.008683681 0.999907732 -0.010440791 -3.911839485 -0.097802892 0.011240399 0.995142281 79.986457825
0.990926206 -0.007560269 0.134194404 -7.773472786 0.008949208 0.999912381 -0.009749993 -3.916815996 -0.134108961 0.010862456 0.990907013 80.422767639
0.984368801 -0.008069352 0.175934270 -7.684975624 0.009664034 0.999919593 -0.008209158 -3.940260410 -0.175853908 0.009781072 0.984367669 80.834915161
0.975105464 -0.008122487 0.221592844 -7.578924179 0.010013577 0.999922395 -0.007411947 -3.950663090 -0.221515462 0.009446368 0.975111127 81.237609863
0.962961316 -0.005952499 0.269573599 -7.428537369 0.008449244 0.999931455 -0.008102437 -3.965178490 -0.269506842 0.010080028 0.962945640 81.630798340
0.946557462 -0.005300642 0.322491497 -7.271268845 0.008887780 0.999913931 -0.009651776 -3.981552601 -0.322412431 0.012002193 0.946523190 82.009918213
0.925989747 -0.004782955 0.377518296 -7.079515457 0.009565624 0.999895930 -0.010794757 -3.988632917 -0.377427340 0.013607032 0.925939202 82.371528625
0.900653243 -0.004642312 0.434513688 -6.887161255 0.010264622 0.999891162 -0.010593575 -4.001098633 -0.434417158 0.014001266 0.900602996 82.704284668
0.870450854 -0.004531865 0.492234647 -6.664993286 0.011548635 0.999870360 -0.011216678 -4.008040428 -0.492119968 0.015448205 0.870390415 83.028091431
0.836922050 -0.009649842 0.547236860 -6.455051422 0.015476705 0.999862015 -0.006038119 -3.930471420 -0.547103226 0.013522860 0.836955965 83.377182007
0.799190164 -0.009389985 0.601004839 -6.188106537 0.016581010 0.999841928 -0.006427362 -3.927805424 -0.600849509 0.015101951 0.799219489 83.665710449
0.758128285 -0.011302848 0.652007341 -5.912361145 0.017670956 0.999838769 -0.003214421 -3.942285538 -0.651865959 0.013958533 0.758205652 83.935462952
0.715917528 0.001050841 0.698184013 -5.615848541 0.004710219 0.999968827 -0.006334903 -3.827821732 -0.698168933 0.007823867 0.715890288 84.286636353
0.670656383 0.000321780 0.741768062 -5.304462433 0.006375739 0.999960363 -0.006198290 -3.823807478 -0.741740704 0.008886244 0.670627892 84.501785278
0.622969925 -0.001236109 0.782244742 -4.977565765 0.009346580 0.999939024 -0.005863388 -3.837026596 -0.782189906 0.010964030 0.622943580 84.714607239
0.575653851 -0.003451957 0.817686021 -4.636631012 0.014894053 0.999869406 -0.006264398 -3.841695309 -0.817557752 0.015784787 0.575630188 84.895729065
0.523918331 0.019048240 0.851555526 -3.720859528 0.007699402 0.999603331 -0.027096925 -3.093732834 -0.851733744 0.020753045 0.523563743 85.216934204
0.476933748 0.022013322 0.878663599 -3.374179840 0.005182945 0.999598563 -0.027856402 -3.111028194 -0.878923953 0.017839726 0.476628214 85.359405518
0.429342717 0.022934500 0.902850389 -3.062524796 0.005458510 0.999593318 -0.027987743 -3.138876438 -0.903125048 0.016944550 0.429042995 85.495658875
0.386499435 0.020673523 0.922057927 -2.698587418 0.014055222 0.999500632 -0.028301405 -3.145330667 -0.922182441 0.023898207 0.386015892 85.602203369
0.346693546 0.012636609 0.937893331 -2.344011307 0.029696168 0.999260068 -0.024440659 -3.166142941 -0.937508285 0.036325250 0.346061736 85.680992126
0.311049283 0.009672238 0.950344622 -1.964078903 0.034188412 0.999187171 -0.021359265 -3.171602488 -0.949778676 0.039134555 0.310465813 85.765625000
0.277743548 0.013295078 0.960563302 -1.604623795 0.032607418 0.999197602 -0.023258142 -3.186507702 -0.960101724 0.037781287 0.277087241 85.853378296
0.245676726 0.020665715 0.969131589 -1.225734711 0.022048289 0.999394953 -0.026900336 -3.206494808 -0.969101131 0.027976474 0.245072484 85.953544617
0.217509314 0.024990816 0.975738406 -0.839494705 0.017910335 0.999401629 -0.029589428 -3.230100632 -0.975893915 0.023911774 0.216931626 86.026931763
0.191464216 0.026224436 0.981149316 -0.435077667 0.019856498 0.999334931 -0.030585362 -3.252279282 -0.981298745 0.025338190 0.190816134 86.085937500
0.168568432 0.028219938 0.985285938 -0.025170326 0.028385267 0.999036610 -0.033470090 -3.259049654 -0.985281110 0.033609599 0.167604968 86.124130249
0.148149446 0.034621216 0.988358796 0.397021294 0.034755301 0.998587549 -0.040189140 -3.267695427 -0.988354087 0.040304702 0.146736905 86.161148071
0.128350854 0.041167133 0.990874052 0.834808350 0.037008323 0.998243332 -0.046267107 -3.276708364 -0.991038084 0.042609010 0.126601815 86.202735901
0.111215889 0.041847520 0.992914855 1.289438248 0.034656491 0.998342097 -0.045958113 -3.296294689 -0.993191838 0.039522219 0.109581172 86.238662720
0.095189586 0.037540413 0.994751096 1.754202843 0.033738624 0.998593092 -0.040913902 -3.322590590 -0.994887352 0.037456099 0.093789056 86.289207458
0.080297142 0.034446839 0.996175587 2.244747162 0.034455311 0.998709500 -0.037311744 -3.346482277 -0.996175289 0.037319563 0.079006627 86.326156616
0.067388751 0.031703539 0.997223020 2.702931404 0.037146274 0.998722434 -0.034261424 -3.374682903 -0.997035086 0.039351966 0.066124976 86.339309692
0.055975325 0.031350855 0.997939825 3.224940300 0.040739022 0.998602927 -0.033656776 -3.390723228 -0.997600734 0.042539041 0.054619893 86.352462769
0.045781143 0.031863421 0.998443246 3.769912243 0.044824608 0.998419046 -0.033917967 -3.413575649 -0.997945309 0.046307631 0.044280484 86.370964050
0.037809134 0.032108236 0.998769045 4.238452911 0.046829455 0.998328745 -0.033866841 -3.437281847 -0.998187184 0.048052281 0.036242321 86.385780334
0.031844836 0.032110106 0.998976886 4.812820435 0.047501810 0.998305798 -0.033602774 -3.466696024 -0.998363376 0.048523288 0.030265588 86.405738831
0.026809193 0.033287551 0.999086201 5.341663837 0.050299179 0.998134434 -0.034605552 -3.482326508 -0.998374283 0.051180955 0.025084842 86.406089783
0.020973343 0.033774931 0.999209404 5.955471516 0.050326757 0.998126507 -0.034794684 -3.509031296 -0.998512447 0.051016718 0.019234266 86.416412354
0.016598294 0.034067318 0.999281585 6.494758129 0.054205433 0.997919023 -0.034921218 -3.527573347 -0.998391807 0.054746132 0.014717109 86.412490845
0.013894753 0.033776820 0.999332726 7.140508652 0.055520695 0.997861326 -0.034499045 -3.559100866 -0.998360753 0.055963010 0.011989726 86.414123535
0.011215206 0.033191130 0.999386013 7.720326900 0.057533696 0.997771859 -0.033783164 -3.587121487 -0.998280585 0.057877257 0.009280610 86.404251099
0.008582126 0.032709260 0.999427974 8.388772011 0.059507281 0.997676909 -0.033162937 -3.610115051 -0.998190999 0.059757862 0.006615749 86.415161133
0.008344590 0.032208759 0.999446273 9.018757820 0.064362921 0.997391284 -0.032679923 -3.641385078 -0.997891605 0.064599991 0.006249771 86.397979736
0.009197660 0.031784810 0.999452412 9.710817337 0.068503335 0.997126460 -0.032341268 -3.666697264 -0.997608483 0.068763301 0.006993865 86.409774780
0.012021332 0.031658322 0.999426484 10.457055092 0.069936574 0.997024357 -0.032423455 -3.703537226 -0.997479081 0.070286214 0.009771485 86.410171509
0.015523735 0.031028997 0.999397874 11.075168610 0.072562724 0.996847928 -0.032076947 -3.739035606 -0.997243047 0.073017009 0.013223255 86.417274475
0.019953325 0.030187514 0.999345005 11.830615044 0.073464870 0.996797681 -0.031577401 -3.771752834 -0.997098207 0.074046835 0.017671712 86.429023743
0.023841321 0.028831208 0.999299943 12.607069016 0.074738145 0.996735454 -0.030540323 -3.798000097 -0.996918142 0.075413935 0.021608701 86.453201294
0.027924189 0.027270401 0.999237895 13.287306786 0.074413382 0.996797502 -0.029283313 -3.822498560 -0.996836364 0.075174376 0.025805479 86.462570190
0.031875171 0.024874825 0.999182224 14.086595535 0.071189389 0.997094870 -0.027093887 -3.852903843 -0.996953368 0.071994789 0.030011749 86.493232727
0.036146950 0.023783231 0.999063373 14.907220840 0.070149794 0.997190416 -0.026276721 -3.884874582 -0.996881366 0.071033902 0.034377001 86.525306702
0.040137589 0.024310367 0.998898387 15.609142303 0.067304023 0.997367680 -0.026977517 -3.923403740 -0.996924818 0.068312719 0.038395759 86.556900024
0.043216761 0.028277349 0.998665452 16.435989380 0.065184347 0.997389555 -0.031062048 -3.957145452 -0.996936977 0.066439740 0.041260716 86.598434448
0.044909444 0.033157729 0.998440623 17.250759125 0.059652291 0.997576594 -0.035812169 -3.994179964 -0.997208476 0.061167587 0.042822678 86.633750916
0.044605620 0.036092322 0.998352528 17.982992172 0.056144439 0.997677207 -0.038576394 -4.035701752 -0.997425795 0.057772655 0.042475626 86.670547485
0.044935275 0.036191259 0.998334110 18.830463409 0.053523831 0.997820973 -0.038581770 -4.064441681 -0.997555077 0.055168342 0.042900268 86.703590393
0.045030035 0.033872880 0.998411179 19.591428757 0.051165864 0.998035073 -0.036167782 -4.108714104 -0.997674465 0.052713204 0.043208420 86.746322632
0.044907026 0.032522745 0.998461664 20.429235458 0.052525524 0.998010576 -0.034870453 -4.150979519 -0.997609496 0.054010641 0.043109410 86.785140991
0.045305341 0.031674363 0.998470843 21.203639984 0.049325954 0.998207271 -0.033904146 -4.193230629 -0.997754693 0.050786566 0.043661755 86.823036194
0.045367010 0.032473680 0.998442411 22.036239624 0.048103292 0.998241186 -0.034652844 -4.225874901 -0.997811556 0.049600467 0.043725129 86.872245789
0.045410261 0.032345232 0.998444557 22.821382523 0.045118924 0.998389363 -0.034395490 -4.274152279 -0.997948945 0.046610650 0.043877736 86.907257080
0.043943752 0.033772103 0.998462915 23.645833969 0.042179417 0.998474717 -0.035628870 -4.313138962 -0.998143196 0.043680254 0.042452227 86.956901550
0.041254900 0.033339150 0.998592198 24.424394608 0.039056621 0.998625576 -0.034953807 -4.348464489 -0.998384953 0.040443655 0.039896075 86.985847473
0.037371114 0.032347489 0.998777747 25.239749908 0.037208881 0.998737991 -0.033738434 -4.380091190 -0.998608470 0.038424246 0.036120325 87.021606445
0.032420069 0.029484048 0.999039292 26.062858582 0.035220511 0.998910427 -0.030623190 -4.421511173 -0.998853564 0.036179487 0.031346291 87.053527832
0.026852107 0.027580852 0.999258876 26.831335068 0.033382706 0.999037087 -0.028471788 -4.452530861 -0.999081910 0.034122501 0.025905533 87.066253662
0.019512661 0.027593577 0.999428749 27.627979279 0.032562789 0.999071300 -0.028219458 -4.500879288 -0.999279320 0.033094823 0.018596016 87.077384949
0.011145627 0.028500332 0.999531686 28.437335968 0.032658882 0.999050140 -0.028850775 -4.535241604 -0.999404490 0.032965146 0.010204246 87.074081421
0.000801184 0.028761771 0.999585986 29.208637238 0.034260914 0.998998702 -0.028772337 -4.563152790 -0.999412477 0.034269784 -0.000185024 87.082321167
-0.008955345 0.027806418 0.999573112 30.009927750 0.035518993 0.998991370 -0.027472012 -4.591016293 -0.999328792 0.035257809 -0.009933968 87.063102722
-0.020024575 0.026893578 0.999437690 30.786914825 0.034874577 0.999048769 -0.026184361 -4.633691788 -0.999191105 0.034330640 -0.020943426 87.052955627
-0.030881993 0.026045647 0.999183655 31.570655823 0.036117688 0.999036670 -0.024925517 -4.665689468 -0.998870313 0.035318449 -0.031792950 87.019233704
-0.042102952 0.026460376 0.998762727 32.364120483 0.036926057 0.999007583 -0.024910238 -4.698517323 -0.998430610 0.035831578 -0.043038238 86.990928650
-0.052758187 0.026951756 0.998243451 33.136058807 0.037478376 0.998984933 -0.024991006 -4.729142189 -0.997903705 0.036094062 -0.053714745 86.940780640
-0.063412406 0.027864873 0.997598350 33.926082611 0.036651108 0.999000788 -0.025574319 -4.768968582 -0.997314095 0.034941364 -0.064370334 86.888565063
-0.074384101 0.029215280 0.996801615 34.681171417 0.037565935 0.998943448 -0.026474778 -4.787430286 -0.996521771 0.035476487 -0.075402990 86.841873169
-0.083514087 0.029009113 0.996084154 35.446174622 0.038232602 0.998933554 -0.025886578 -4.845291615 -0.995772839 0.035921007 -0.084534116 86.769973755
-0.093521282 0.029111819 0.995191514 36.196235657 0.038640045 0.998925567 -0.025589917 -4.879056931 -0.994867146 0.036061041 -0.094545677 86.702796936
-0.102319837 0.029859783 0.994303286 36.959724426 0.039764762 0.998873353 -0.025904985 -4.907068729 -0.993956447 0.036887642 -0.103391916 86.614456177
-0.111738823 0.029131928 0.993310511 37.689716339 0.041318215 0.998842001 -0.024646217 -4.937539101 -0.992878258 0.038287874 -0.112813115 86.546730042
-0.118044391 0.028251354 0.992606401 38.430980682 0.042797409 0.998811185 -0.023338327 -4.968675613 -0.992085636 0.039726023 -0.119113140 86.432655334
-0.123605765 0.026530204 0.991976798 39.147003174 0.045926210 0.998724341 -0.020988010 -4.998126507 -0.991268098 0.042963497 -0.124666512 86.351242065
-0.126894772 0.024889266 0.991603851 39.872116089 0.048736233 0.998634160 -0.018828990 -5.025732040 -0.990718126 0.045937736 -0.127934456 86.239692688
-0.129202187 0.024062667 0.991326213 40.577861786 0.050283983 0.998578310 -0.017685054 -5.045144558 -0.990342557 0.047562875 -0.130228475 86.140762329
-0.131729305 0.022858299 0.991022110 41.270851135 0.049634021 0.998632312 -0.016436342 -5.076913834 -0.990042448 0.047023263 -0.132683709 86.061561584
-0.132210016 0.023658399 0.990939260 41.940025330 0.051444713 0.998531580 -0.016975967 -5.096348763 -0.989885807 0.048734188 -0.133232981 85.973037720
-0.131824106 0.024013154 0.990982234 42.605792999 0.050631318 0.998564839 -0.017461728 -5.132864952 -0.989979267 0.047872849 -0.132850751 85.895034790
-0.128074229 0.026216045 0.991418004 43.244781494 0.053193714 0.998393238 -0.019528775 -5.141646862 -0.990337014 0.050236065 -0.129262969 85.796798706
-0.123285174 0.026436731 0.992019057 43.843639374 0.052485865 0.998419642 -0.020084513 -5.169364452 -0.990982354 0.049590856 -0.124477886 85.727165222
-0.115479492 0.026988061 0.992943108 44.448356628 0.052361093 0.998406470 -0.021046946 -5.196846962 -0.991928816 0.049561094 -0.116708592 85.666412354
-0.104661822 0.026693381 0.994149506 45.009605408 0.050974708 0.998469770 -0.021442877 -5.222383976 -0.993200660 0.048432231 -0.105862342 85.618743896
-0.090557516 0.027319059 0.995516360 45.554244995 0.050634250 0.998457193 -0.022793788 -5.238508224 -0.994603157 0.048343085 -0.091801062 85.573112488
-0.073241837 0.028553991 0.996905386 46.129844666 0.049473505 0.998463452 -0.024963833 -5.268051147 -0.996086359 0.047492005 -0.074541986 85.539833069
-0.052250333 0.031093452 0.998149872 46.644790649 0.047627211 0.998455405 -0.028609814 -5.288838387 -0.997497678 0.046044219 -0.053650536 85.529449463
-0.027175169 0.034460954 0.999036491 47.169979095 0.046426725 0.998370707 -0.033175111 -5.310336113 -0.998551965 0.045480460 -0.028730813 85.526161194
0.001008944 0.035813883 0.999357998 47.705280304 0.044019658 0.998388171 -0.035823569 -5.340297699 -0.999030113 0.044027545 -0.000569196 85.544960022
0.034273650 0.035109639 0.998795569 48.202613831 0.041461866 0.998472393 -0.036521032 -5.370318890 -0.998552084 0.042663641 0.032765586 85.575393677
0.072809100 0.032468542 0.996817231 48.715682983 0.040344119 0.998555958 -0.035471987 -5.397966862 -0.996529579 0.042798389 0.071394049 85.627159119
0.114785627 0.027990472 0.992995799 49.205680847 0.036874574 0.998794019 -0.032416437 -5.437250614 -0.992705703 0.040337231 0.113615058 85.708076477
0.161055401 0.023914024 0.986655533 49.684871674 0.034921531 0.998942375 -0.029912192 -5.456115246 -0.986327350 0.039273046 0.160049945 85.792800903
0.209085181 0.020239381 0.977688015 50.200271606 0.028492844 0.999235213 -0.026778828 -5.489365101 -0.977482200 0.033456169 0.208348632 85.946960449
0.261090815 0.018539302 0.965136230 50.659271240 0.024167627 0.999376535 -0.025734909 -5.515524387 -0.965011656 0.030044200 0.260479987 86.099037170
0.316369355 0.018092005 0.948463500 51.130546570 0.022692138 0.999387681 -0.026632570 -5.538850784 -0.948364735 0.029948397 0.315765053 86.282997131
0.373910636 0.017271534 0.927303910 51.576847076 0.023206390 0.999339342 -0.027970592 -5.581631660 -0.927174389 0.031977873 0.373262703 86.499954224
0.435435891 0.020155026 0.899994075 51.986404419 0.023593429 0.999150336 -0.033790588 -5.608969688 -0.899910569 0.035947580 0.434590399 86.713394165
0.493792474 0.022149576 0.869297683 52.378101349 0.022661358 0.999008417 -0.038327049 -5.660330772 -0.869284451 0.038625076 0.492800832 86.999496460
0.552510858 0.028059034 0.833033323 52.750404358 0.018658156 0.998766422 -0.046016466 -5.652937889 -0.833296895 0.040967457 0.551305711 87.289993286
0.609624803 0.029142568 0.792154193 53.104576111 0.012684632 0.998837411 -0.046508048 -5.708573818 -0.792588651 0.038400646 0.608546257 87.608108521
0.663025856 0.029269250 0.748024106 53.426761627 0.010253393 0.998786569 -0.048169561 -5.743944168 -0.748526454 0.039607447 0.661921024 87.947929382
0.712508023 0.028281227 0.701093733 53.720809937 0.008104542 0.998788953 -0.048526358 -5.763449192 -0.701617181 0.040257461 0.711415946 88.302398682
0.759814024 0.025661351 0.649633944 54.018348694 0.004336536 0.998998463 -0.044533718 -5.783410072 -0.650126100 0.036654498 0.758941710 88.684852600
0.800823510 0.019873030 0.598570526 54.238334656 0.002914936 0.999308109 -0.037077717 -5.815940857 -0.598893344 0.031437501 0.800211430 89.086662292
0.838695884 0.017094217 0.544331670 54.485317230 -0.000242192 0.999518752 -0.031015769 -5.838749409 -0.544600010 0.025880970 0.838296533 89.527275085
0.869879067 0.013617858 0.493076891 54.667339325 -0.001614992 0.999692142 -0.024760466 -5.853969574 -0.493262172 0.020742301 0.869633317 89.969917297
0.896495342 0.015385716 0.442785949 54.804000854 -0.007525166 0.999781430 -0.019503959 -5.879532337 -0.442989260 0.014153169 0.896415174 90.342399597
0.917449296 0.017122323 0.397483915 54.959518433 -0.011769377 0.999804318 -0.015902944 -5.901332855 -0.397678405 0.009912008 0.917471290 90.810836792
0.933235228 0.024230681 0.358447731 55.070968628 -0.020745259 0.999692738 -0.013566894 -5.921844959 -0.358666331 0.005225015 0.933451176 91.237297058
0.945750594 0.028098678 0.323676050 55.200004578 -0.024713207 0.999588549 -0.014565734 -5.931583881 -0.323952109 0.005776478 0.946055770 91.725852966
0.955311120 0.030881735 0.293984979 55.316558838 -0.027837396 0.999506772 -0.014535201 -5.942763805 -0.294288874 0.005701860 0.955699563 92.227424622
0.962093174 0.024921654 0.271579862 55.465202332 -0.021689262 0.999653757 -0.014897776 -5.948961735 -0.271857113 0.008442682 0.962300539 92.725234985
0.966556132 0.020924712 0.255600542 55.598865509 -0.018009616 0.999743342 -0.013740343 -5.968458176 -0.255822539 0.008677543 0.966684878 93.231971741
0.969570994 0.026598405 0.243361041 55.654476166 -0.024071235 0.999621093 -0.013352824 -5.992789268 -0.243623987 0.007088510 0.969843864 93.625648499
0.971584618 0.032147333 0.234499246 55.756179810 -0.029885439 0.999466360 -0.013193855 -5.994751453 -0.234798238 0.005810832 0.972026706 94.160514832
0.972816408 0.040476300 0.228012726 55.858909607 -0.038327686 0.999169290 -0.013845142 -6.015466690 -0.228383690 0.004729578 0.973559856 94.646560669
0.973254323 0.046427593 0.224990055 55.976245880 -0.043648608 0.998896897 -0.017312683 -6.028135777 -0.225545660 0.007029140 0.974207282 95.195159912
0.973327577 0.048286710 0.224280611 56.086479187 -0.045059402 0.998794198 -0.019488668 -6.055290222 -0.224951252 0.008862903 0.974329770 95.699348450
0.972899199 0.046338297 0.226539150 56.227272034 -0.041978378 0.998829544 -0.024028258 -6.057501793 -0.227387428 0.013867330 0.973705649 96.275512695
0.971971273 0.045591455 0.230636716 56.348327637 -0.039802633 0.998766303 -0.029692531 -6.085385799 -0.231705949 0.019680338 0.972586811 96.795005798
0.970977604 0.046419855 0.234622344 56.487625122 -0.039436273 0.998630762 -0.034372497 -6.101689339 -0.235896632 0.024122294 0.971478701 97.359519958
0.969637275 0.051148135 0.239138871 56.620021820 -0.044293366 0.998441339 -0.033954822 -6.123573303 -0.240502834 0.022331594 0.970391452 97.938194275
0.968381524 0.053290006 0.243716061 56.786445618 -0.047325257 0.998420775 -0.030268649 -6.141898155 -0.244944200 0.017777670 0.969374180 98.540542603
0.967015147 0.051179234 0.249524236 56.920043945 -0.046309330 0.998605311 -0.025352383 -6.169384480 -0.250473768 0.012960843 0.968036652 99.134330750
0.966212511 0.046871237 0.253448904 57.096519470 -0.043240387 0.998866796 -0.019880615 -6.189195156 -0.254093558 0.008249673 0.967144430 99.780517578
0.965437412 0.044128578 0.256872714 57.262962341 -0.041633166 0.999018192 -0.015147760 -6.210420609 -0.257288963 0.003929788 0.966326535 100.389038086
0.964875400 0.039192498 0.259768218 57.443149567 -0.036638141 0.999221027 -0.014669701 -6.226688862 -0.260140836 0.004637009 0.965559602 101.042556763
0.964853585 0.036160525 0.260287851 57.608890533 -0.032718513 0.999310613 -0.017546037 -6.246723175 -0.260742843 0.008413128 0.965371609 101.660438538
0.964985371 0.035826426 0.259845614 57.789863586 -0.030453429 0.999231637 -0.024675371 -6.265418053 -0.260529935 0.015898176 0.965334892 102.331596375
0.965138435 0.038071532 0.258956432 57.958511353 -0.031044960 0.999031842 -0.031171225 -6.287429810 -0.259892404 0.022045251 0.965385914 102.977478027
0.965769768 0.041055124 0.256131321 58.145614624 -0.033101562 0.998828828 -0.035288773 -6.306014061 -0.257280022 0.025602486 0.965997577 103.682907104
0.966460526 0.038993131 0.253837407 58.310493469 -0.032248709 0.999009073 -0.030678604 -6.329947472 -0.254782081 0.021463726 0.966760218 104.339218140
0.966911674 0.035172410 0.252674937 58.497711182 -0.030284788 0.999271870 -0.023208044 -6.355481148 -0.253307223 0.014787925 0.967272878 105.059829712
0.967561543 0.035388231 0.250144601 58.677459717 -0.032158107 0.999338329 -0.016989648 -6.384329796 -0.250580341 0.008394349 0.968059421 105.764320374
0.967966497 0.039031245 0.248027205 58.859512329 -0.035700075 0.999201953 -0.017915871 -6.405090332 -0.248528525 0.008487367 0.968587458 106.493705750
0.968166471 0.044253211 0.246364370 59.022991180 -0.039961025 0.998950183 -0.022397041 -6.427328587 -0.247096881 0.011839097 0.968918502 107.217468262
0.968978286 0.045191664 0.242979378 59.199607849 -0.039582323 0.998826206 -0.027920891 -6.447462082 -0.243955970 0.017437045 0.969629586 107.987373352
0.970088780 0.044604000 0.238617688 59.386421204 -0.038410205 0.998795092 -0.030546568 -6.473438740 -0.239692628 0.020467525 0.970633090 108.712669373
0.971122205 0.042076275 0.234843150 59.571693420 -0.036292516 0.998923242 -0.028898027 -6.499457359 -0.235806182 0.019540459 0.971603632 109.498168945
0.972069263 0.038406424 0.231530279 59.756282806 -0.033088103 0.999092817 -0.026811397 -6.530433655 -0.232349962 0.018401632 0.972458184 110.263984680
0.972545087 0.037375268 0.229693905 59.944465637 -0.032687441 0.999173164 -0.024181519 -6.556352139 -0.230407760 0.016009510 0.972962499 111.061950684
0.972921789 0.034003399 0.228619322 60.127361298 -0.029833144 0.999320030 -0.021673363 -6.584730148 -0.229200795 0.014266058 0.973274529 111.848800659
0.973128676 0.029261187 0.228394940 60.315673828 -0.025238918 0.999471068 -0.020512659 -6.608609200 -0.228874296 0.014197016 0.973352373 112.651977539
0.973343074 0.029677469 0.227425903 60.513877869 -0.026038747 0.999480605 -0.018983889 -6.634524345 -0.227871150 0.012555956 0.973610282 113.464073181
0.973059416 0.035188913 0.227853298 60.695671082 -0.031285569 0.999295652 -0.020721260 -6.661968231 -0.228421971 0.013034497 0.973474920 114.271614075
0.972759485 0.040856488 0.228187799 60.874881744 -0.036349688 0.999052882 -0.023920171 -6.688122749 -0.228948936 0.014974016 0.973323226 115.089317322
0.972058415 0.050068498 0.229336873 61.051223755 -0.045348361 0.998637915 -0.025809307 -6.707586288 -0.230316654 0.014688101 0.973004818 115.912078857
0.971082985 0.056113981 0.232053772 61.239395142 -0.051551528 0.998340070 -0.025683768 -6.728711128 -0.233109757 0.012978344 0.972363770 116.741668701
0.970195353 0.058358800 0.235191807 61.426902771 -0.054468088 0.998250425 -0.023011044 -6.774411678 -0.236123160 0.009514759 0.971676528 117.590118408
0.969631314 0.058731001 0.237414867 61.633804321 -0.054546796 0.998218954 -0.024160735 -6.800619125 -0.238410994 0.010476784 0.971107841 118.423339844
0.969173253 0.057407495 0.239598602 61.826072693 -0.052535854 0.998262703 -0.026675507 -6.832357883 -0.240713730 0.013265668 0.970505476 119.257240295
0.969203591 0.051307641 0.240856320 62.043754578 -0.046480477 0.998589039 -0.025684182 -6.858714581 -0.241834253 0.013698090 0.970220864 120.093162537
0.969459474 0.045140523 0.241061687 62.257972717 -0.039846633 0.998846710 -0.026792968 -6.898195744 -0.241993070 0.016369201 0.970139861 120.922630310
0.969214201 0.044038765 0.242248878 62.470275879 -0.038591228 0.998885274 -0.027189011 -6.928589821 -0.243176162 0.017003298 0.969833016 121.757980347
0.968588531 0.046515182 0.244280010 62.670173645 -0.041890867 0.998831809 -0.024094559 -6.960149765 -0.245115340 0.013104614 0.969405353 122.594024658
0.968219340 0.048472032 0.245360389 62.870265961 -0.045364887 0.998802781 -0.018303050 -6.991301537 -0.245953843 0.006590618 0.969259202 123.432022095
0.967837930 0.051912442 0.246160150 63.077537537 -0.049879573 0.998650193 -0.014490639 -7.015841484 -0.246580079 0.001746225 0.969120920 124.261268616
0.967658758 0.050985124 0.247056305 63.292144775 -0.047249336 0.998661757 -0.021030223 -7.044265747 -0.247797921 0.008676834 0.968773007 125.096565247
0.967926443 0.047210541 0.246758282 63.494804382 -0.039774060 0.998594224 -0.035037551 -7.082723618 -0.248065561 0.024099182 0.968443453 125.891845703
0.968251109 0.045071024 0.245883048 63.711738586 -0.035275038 0.998403966 -0.044102259 -7.114471436 -0.247478366 0.034028515 0.968295693 126.704490662
0.968501151 0.041696019 0.245493427 63.922561646 -0.034088463 0.998800159 -0.035158873 -7.145656586 -0.246664852 0.025682904 0.968760371 127.540122986
