0.999999762 -0.000687639 -0.000035010 -0.000695778 0.000687694 0.999998450 0.001601144 -0.000535749 0.000033909 -0.001601167 0.999998689 0.051636294
0.999998152 -0.001765617 -0.000730226 -0.000237449 0.001766864 0.999996960 0.001711359 -0.001549874 0.000727202 -0.001712646 0.999998271 0.101138607
0.999994159 -0.003315511 -0.000820507 -0.000381240 0.003316158 0.999994218 0.000788813 -0.002342124 0.000817887 -0.000791530 0.999999344 0.151092082
0.999992073 -0.003932473 -0.000551477 -0.001089260 0.003932949 0.999991894 0.000866274 -0.002993498 0.000548066 -0.000868436 0.999999464 0.203958064
0.999991179 -0.004131415 -0.000721705 -0.000690286 0.004132720 0.999989808 0.001816893 -0.003992463 0.000714191 -0.001819860 0.999998033 0.251398087
0.999984086 -0.005634634 -0.000219147 -0.001562760 0.005635255 0.999979794 0.002939106 -0.004507587 0.000202582 -0.002940295 0.999995649 0.305423409
0.999987006 -0.005086176 -0.000390460 -0.001848277 0.005087449 0.999981463 0.003331821 -0.005215615 0.000373506 -0.003333763 0.999994338 0.356302828
0.999991357 -0.004118707 -0.000565627 -0.001767451 0.004119612 0.999990225 0.001606535 -0.006077085 0.000559005 -0.001608851 0.999998569 0.404454052
0.999998391 -0.001436091 -0.001101247 -0.001906216 0.001435388 0.999998808 -0.000639205 -0.006818642 0.001102164 0.000637623 0.999999225 0.456870407
0.999998152 0.001856006 -0.000536551 -0.002523524 -0.001856726 0.999997318 -0.001345285 -0.007780257 0.000534052 0.001346279 0.999998868 0.506281376
0.999990165 0.004353750 -0.000915603 -0.002607607 -0.004355197 0.999989271 -0.001584454 -0.008469759 0.000908694 0.001588425 0.999998271 0.559157014
0.999984920 0.005478848 0.000187967 -0.006122953 -0.005478701 0.999984682 -0.000777867 -0.009273814 -0.000192226 0.000776826 0.999999642 0.619617462
0.999995112 0.003090602 0.000207737 -0.005876184 -0.003090988 0.999993503 0.001883141 -0.009975527 -0.000201916 -0.001883774 0.999998271 0.672528744
0.999999046 -0.001247174 0.000562127 -0.007359523 0.001245193 0.999993086 0.003509754 -0.010326236 -0.000566501 -0.003509050 0.999993682 0.726479948
0.999993026 -0.003706713 -0.000414287 -0.006722331 0.003707081 0.999992788 0.000891833 -0.010869509 0.000410978 -0.000893362 0.999999464 0.780016422
0.999989033 -0.004505589 0.001218934 -0.010828685 0.004506356 0.999989629 -0.000627565 -0.011655565 -0.001216093 0.000633052 0.999999046 0.834679067
0.999995053 -0.002480852 0.001939795 -0.010803118 0.002484984 0.999994576 -0.002130366 -0.012600874 -0.001934499 0.002135176 0.999995828 0.887268186
0.999997199 0.000439908 0.002321912 -0.009521067 -0.000438972 0.999999762 -0.000403473 -0.012860605 -0.002322090 0.000402452 0.999997199 0.928201020
0.999996960 0.001304331 0.002126650 -0.009095016 -0.001312352 0.999992013 0.003774719 -0.014119566 -0.002121710 -0.003777498 0.999990582 0.982084036
0.999990821 -0.002487374 0.003486247 -0.011373095 0.002468020 0.999981582 0.005544780 -0.014744407 -0.003499975 -0.005536125 0.999978542 1.040253639
0.999974012 -0.006485790 0.003137646 -0.011508191 0.006474585 0.999972641 0.003568139 -0.015061764 -0.003160702 -0.003547731 0.999988735 1.093514800
0.999971807 -0.006755240 0.003278252 -0.012697835 0.006751049 0.999976397 0.001288077 -0.016390996 -0.003286876 -0.001265909 0.999993801 1.146695495
0.999972820 -0.006238865 0.003936640 -0.012908331 0.006245297 0.999979198 -0.001623690 -0.016912105 -0.003926428 0.001648231 0.999990940 1.200246930
0.999978840 -0.004076805 0.005067510 -0.019213201 0.004084274 0.999990582 -0.001464381 -0.020225024 -0.005061492 0.001485047 0.999986112 1.272443891
0.999979556 -0.002907496 0.005702032 -0.019792819 0.002927213 0.999989748 -0.003452451 -0.021642992 -0.005691935 0.003469072 0.999977827 1.325305820
0.999982476 -0.001716533 0.005672134 -0.019609887 0.001736790 0.999992073 -0.003568473 -0.021877419 -0.005665964 0.003578261 0.999977589 1.379388928
0.999985218 -0.001715471 0.005149696 -0.019768871 0.001725578 0.999996543 -0.001958767 -0.023139190 -0.005146318 0.001967624 0.999984801 1.428186178
0.999983966 -0.000412733 0.005652505 -0.021075927 0.000415700 0.999999762 -0.000523669 -0.023934919 -0.005652287 0.000526011 0.999983907 1.481435657
0.999985397 0.001903710 0.005054090 -0.020166319 -0.001904445 0.999998152 0.000140667 -0.025086533 -0.005053813 -0.000150290 0.999987245 1.531519651
0.999979377 0.003938235 0.005082021 -0.019863795 -0.003938367 0.999992192 0.000015917 -0.026083129 -0.005081919 -0.000035932 0.999987125 1.584736109
0.999963522 0.006536744 0.005486930 -0.021040745 -0.006538266 0.999978542 0.000259354 -0.026729943 -0.005485117 -0.000295220 0.999984920 1.639137030
0.999963045 0.006941923 0.005074067 -0.020708326 -0.006945062 0.999975681 0.000601015 -0.027745323 -0.005069771 -0.000636233 0.999986947 1.687540054
0.999970555 0.005737475 0.005092688 -0.021384113 -0.005738900 0.999983490 0.000265230 -0.028507061 -0.005091082 -0.000294449 0.999987006 1.741104722
0.999979496 0.005303214 0.003596498 -0.020335026 -0.005301674 0.999985874 -0.000437838 -0.029226858 -0.003598769 0.000418762 0.999993443 1.792244911
0.999985814 0.004617888 0.002675094 -0.020197105 -0.004617100 0.999989331 -0.000300378 -0.030121667 -0.002676453 0.000288023 0.999996424 1.846689939
0.999990165 0.004025807 0.001846939 -0.019760655 -0.004027892 0.999991238 0.001126000 -0.030294459 -0.001842389 -0.001133428 0.999997675 1.883351326
0.999991238 0.004116829 0.000761939 -0.020704653 -0.004117412 0.999991238 0.000766466 -0.030878950 -0.000758777 -0.000769596 0.999999404 1.936982632
0.999990523 0.004346915 0.000146603 -0.023500193 -0.004347106 0.999989629 0.001324889 -0.032548375 -0.000140842 -0.001325514 0.999999106 1.998838186
0.999991119 0.004124225 -0.000887945 -0.023811108 -0.004122154 0.999988794 0.002320846 -0.033365846 0.000897507 -0.002317165 0.999996901 2.053353310
0.999993920 0.003115405 -0.001626607 -0.020968033 -0.003111072 0.999991596 0.002659260 -0.031138564 0.001634878 -0.002654183 0.999995112 2.074383497
0.999997258 0.001182234 -0.002035664 -0.021526355 -0.001177166 0.999996185 0.002489745 -0.031711020 0.002038600 -0.002487341 0.999994814 2.129722118
0.999997258 -0.000541465 -0.002282853 -0.025986729 0.000547181 0.999996722 0.002504177 -0.035764709 0.002281491 -0.002505419 0.999994278 2.210211277
0.999998689 -0.000756146 -0.001430802 -0.027449358 0.000759185 0.999997437 0.002124495 -0.036296450 0.001429192 -0.002125578 0.999996781 2.264903545
0.999988317 -0.004168987 -0.002451263 -0.021999981 0.004175718 0.999987483 0.002747055 -0.033703208 0.002439780 -0.002757259 0.999993205 2.296878815
0.999984801 -0.005197237 -0.001834782 -0.022221677 0.005203757 0.999980032 0.003566965 -0.034842588 0.001816208 -0.003576459 0.999991953 2.350494862
0.999975443 -0.006711025 -0.002070897 -0.021270609 0.006717616 0.999972284 0.003192093 -0.035355560 0.002049417 -0.003205925 0.999992728 2.403135300
0.999963224 -0.008467344 -0.001312274 -0.021722019 0.008470000 0.999961972 0.002031585 -0.035840560 0.001295022 -0.002042625 0.999997139 2.457058907
0.999963462 -0.008539612 -0.000420941 -0.023289651 0.008540430 0.999961555 0.001982554 -0.036623746 0.000403995 -0.001986077 0.999997973 2.504300356
0.999974489 -0.007127458 0.000487276 -0.023950551 0.007126361 0.999972165 0.002213848 -0.037835877 -0.000503041 -0.002210319 0.999997437 2.558167934
0.999989569 -0.004472593 0.000907911 -0.024136566 0.004469614 0.999984682 0.003256660 -0.038523797 -0.000922462 -0.003252568 0.999994278 2.608715296
0.999997914 -0.001525971 0.001346574 -0.024265394 0.001519652 0.999987841 0.004681437 -0.039132383 -0.001353701 -0.004679381 0.999988079 2.662449121
0.999995828 0.002546732 0.001354617 -0.021574667 -0.002552890 0.999986351 0.004564136 -0.039067481 -0.001342975 -0.004567577 0.999988616 2.725901842
0.999976456 0.006528360 0.002109608 -0.022362027 -0.006536596 0.999971032 0.003920418 -0.039569609 -0.002083953 -0.003934115 0.999990046 2.779469013
0.999938309 0.010828822 0.002453575 -0.021494539 -0.010836458 0.999936342 0.003120667 -0.040038530 -0.002419626 -0.003147063 0.999992132 2.824453354
0.999921262 0.012049668 0.003505693 -0.021995537 -0.012059651 0.999923170 0.002839846 -0.040579706 -0.003471205 -0.002881900 0.999989808 2.876329184
0.999917090 0.012458637 0.003244612 -0.022553924 -0.012470334 0.999915719 0.003610283 -0.042159915 -0.003199359 -0.003650445 0.999988198 2.933573723
0.999919236 0.012156940 0.003688026 -0.023043497 -0.012168025 0.999921560 0.002998767 -0.042861219 -0.003651280 -0.003043401 0.999988735 2.985144138
0.999936223 0.010720247 0.003555719 -0.022221867 -0.010728785 0.999939501 0.002390944 -0.043774720 -0.003529873 -0.002428940 0.999990821 3.030363560
0.999952316 0.009405819 0.002619029 -0.021593008 -0.009412482 0.999952435 0.002543861 -0.044444438 -0.002594978 -0.002568391 0.999993324 3.082648993
0.999955893 0.008933441 0.002908832 -0.023660671 -0.008941384 0.999956310 0.002729860 -0.045524392 -0.002884318 -0.002755748 0.999992073 3.139667749
0.999959588 0.008599089 0.002608930 -0.024296809 -0.008604079 0.999961197 0.001907274 -0.045918692 -0.002592428 -0.001929645 0.999994755 3.192344904
0.999961257 0.008522085 0.002208112 -0.025332250 -0.008526823 0.999961317 0.002145020 -0.046359576 -0.002189747 -0.002163765 0.999995291 3.243603706
0.999973118 0.007276582 0.000880635 -0.024767829 -0.007279292 0.999968648 0.003112126 -0.047121346 -0.000857961 -0.003118453 0.999994755 3.291193247
0.999988317 0.004749734 -0.000913721 -0.024373580 -0.004746176 0.999981344 0.003857321 -0.047703072 0.000932025 -0.003852939 0.999992132 3.343594313
0.999994397 0.002818865 -0.001813578 -0.024867969 -0.002810396 0.999985158 0.004655841 -0.048729017 0.001826676 -0.004650718 0.999987483 3.394229412
0.999995887 -0.000298756 -0.002840040 -0.022202276 0.000315363 0.999982834 0.005849102 -0.052849296 0.002838244 -0.005849973 0.999978840 3.423903704
0.999994457 -0.001570178 -0.002943448 -0.023247413 0.001586026 0.999984205 0.005389613 -0.053532213 0.002934939 -0.005394251 0.999981105 3.474741936
0.999993503 -0.001441467 -0.003301349 -0.025914725 0.001454326 0.999991357 0.003896113 -0.051667269 0.003295704 -0.003900889 0.999986947 3.542846918
0.999994934 -0.000904977 -0.003040058 -0.026854757 0.000915127 0.999993980 0.003339149 -0.052421607 0.003037017 -0.003341914 0.999989808 3.592748880
0.999984622 -0.003551833 -0.004263368 -0.022273630 0.003569127 0.999985397 0.004055619 -0.055550031 0.004248901 -0.004070773 0.999982715 3.625459194
0.999989569 -0.002634805 -0.003723826 -0.022850230 0.002646842 0.999991298 0.003231202 -0.056251377 0.003715280 -0.003241025 0.999987900 3.674451828
0.999993742 -0.001750424 -0.003081300 -0.023814742 0.001762705 0.999990463 0.003987644 -0.057298519 0.003074292 -0.003993050 0.999987304 3.722247124
0.999994814 -0.001084937 -0.003040638 -0.025211511 0.001101047 0.999985337 0.005301530 -0.058053344 0.003034842 -0.005304850 0.999981344 3.769175053
0.999993920 0.000397114 -0.003477737 -0.024300188 -0.000373942 0.999977708 0.006660747 -0.058122676 0.003480304 -0.006659405 0.999971807 3.817383051
0.999996722 0.000382955 -0.002536139 -0.026497023 -0.000369371 0.999985576 0.005354641 -0.059872266 0.002538153 -0.005353686 0.999982536 3.868719816
0.999995530 -0.000398088 -0.002955444 -0.025142351 0.000406417 0.999995947 0.002818101 -0.060066797 0.002954310 -0.002819289 0.999991596 3.918755054
0.999996364 -0.000519409 -0.002640808 -0.025763853 0.000522931 0.999998927 0.001333060 -0.060999554 0.002640113 -0.001334436 0.999995589 3.967270374
0.999989867 -0.003394614 -0.002933619 -0.025379732 0.003403727 0.999989510 0.003107175 -0.061902262 0.002923040 -0.003117130 0.999990880 4.015611172
0.999987721 -0.004641506 -0.001698562 -0.026095189 0.004649108 0.999979198 0.004499616 -0.062414080 0.001677641 -0.004507458 0.999988437 4.063542843
0.999966145 -0.008031500 -0.001781814 -0.027260745 0.008041079 0.999952912 0.005435671 -0.063472219 0.001738074 -0.005449816 0.999983609 4.128422737
0.999961376 -0.008698850 -0.001216713 -0.026750274 0.008703828 0.999953508 0.004147847 -0.064421877 0.001180575 -0.004158276 0.999990642 4.176854134
0.999980509 -0.006246251 0.000049441 -0.026749972 0.006246132 0.999978185 0.002125217 -0.064889319 -0.000062714 -0.002124867 0.999997735 4.213028431
0.999987543 -0.004925379 0.000830986 -0.030986661 0.004925654 0.999987841 -0.000329801 -0.066593796 -0.000829351 0.000333890 0.999999523 4.296463013
0.999997020 -0.001459241 0.001944805 -0.030999286 0.001460203 0.999998808 -0.000493224 -0.067357361 -0.001944083 0.000496062 0.999997973 4.345361710
0.999994814 -0.000768167 0.003132362 -0.031304996 0.000763470 0.999998629 0.001500258 -0.068088830 -0.003133510 -0.001497859 0.999993920 4.395092964
0.999988198 0.000261541 0.004851839 -0.032309495 -0.000279181 0.999993324 0.003635417 -0.068605170 -0.004850856 -0.003636730 0.999981642 4.439455032
0.999983311 -0.000854295 0.005710274 -0.031982169 0.000830195 0.999990642 0.004221633 -0.069016159 -0.005713827 -0.004216821 0.999974787 4.487652302
0.999975920 -0.000293110 0.006930309 -0.032831632 0.000269739 0.999994218 0.003372961 -0.069584474 -0.006931258 -0.003371011 0.999970317 4.537641525
0.999969304 0.002335904 0.007471102 -0.033588916 -0.002354871 0.999993980 0.002530973 -0.068494670 -0.007465145 -0.002548489 0.999968886 4.598254204
0.999952376 0.003534018 0.009098343 -0.033617165 -0.003554406 0.999991179 0.002225684 -0.068894483 -0.009090396 -0.002257917 0.999956131 4.646586418
0.999943733 0.004445380 0.009634374 -0.033108771 -0.004456038 0.999989450 0.001085118 -0.069402903 -0.009629449 -0.001127988 0.999952972 4.696421623
0.999937832 0.006405615 0.009142948 -0.027496621 -0.006414639 0.999978960 0.000957911 -0.074891798 -0.009136621 -0.001016500 0.999957740 4.765519142
0.999937117 0.004673382 0.010196581 -0.027162213 -0.004685113 0.999988317 0.001127021 -0.075334795 -0.010191195 -0.001174722 0.999947429 4.813315392
0.999930501 0.004061570 0.011067339 -0.026952833 -0.004084847 0.999989510 0.002081459 -0.076007769 -0.011058770 -0.002126523 0.999936640 4.863332272
0.999898612 0.003922250 0.013689089 -0.032191895 -0.003948801 0.999990344 0.001913031 -0.072888613 -0.013681456 -0.001966893 0.999904454 4.883362293
0.999889255 0.003733653 0.014406770 -0.031936437 -0.003770690 0.999989629 0.002544528 -0.074099831 -0.014397120 -0.002598570 0.999892950 4.931467533
0.999909639 0.001417957 0.013366038 -0.028650612 -0.001454897 0.999995112 0.002754416 -0.076003440 -0.013362067 -0.002773613 0.999906898 4.986463547
0.999902606 0.000059034 0.013965498 -0.031022251 -0.000100874 0.999995470 0.002995308 -0.075079173 -0.013965258 -0.002996425 0.999898016 5.026521683
0.999907315 -0.001421623 0.013533822 -0.030730523 0.001390974 0.999996483 0.002273824 -0.075550526 -0.013537006 -0.002254789 0.999905765 5.074746609
0.999922693 -0.002684617 0.012136304 -0.030072145 0.002658409 0.999994040 0.002175134 -0.076284900 -0.012142072 -0.002142703 0.999924004 5.122089386
0.999930143 -0.004268710 0.011013844 -0.029884581 0.004230288 0.999984860 0.003509459 -0.077209517 -0.011028659 -0.003462623 0.999933183 5.171133995
0.999938607 -0.005645511 0.009527572 -0.028031670 0.005610349 0.999977350 0.003713389 -0.078569740 -0.009548321 -0.003659708 0.999947727 5.218162060
0.999941111 -0.006925895 0.008352811 -0.028668821 0.006891512 0.999967694 0.004138031 -0.079254568 -0.008381200 -0.004080224 0.999956548 5.267766476
0.999964118 -0.006069650 0.005911906 -0.024112433 0.006048887 0.999975502 0.003523770 -0.082689635 -0.005933150 -0.003487883 0.999976277 5.334063053
0.999967873 -0.006751142 0.004316061 -0.023313502 0.006735940 0.999971151 0.003526952 -0.083879486 -0.004339747 -0.003497766 0.999984503 5.382805824
0.999945641 -0.009279849 0.004749558 -0.026136525 0.009275577 0.999956667 0.000920497 -0.082664542 -0.004757894 -0.000876392 0.999988317 5.415037155
0.999880791 -0.014957596 0.003823263 -0.026175896 0.014956142 0.999888062 0.000408502 -0.083288252 -0.003828945 -0.000351272 0.999992669 5.463229656
0.999751985 -0.022200104 0.001739217 -0.023723152 0.022195002 0.999749482 0.002896758 -0.085952908 -0.001803089 -0.002857437 0.999994278 5.523013115
0.999572873 -0.029220572 0.000422098 -0.023866707 0.029218297 0.999562204 0.004643063 -0.086559713 -0.000557586 -0.004628746 0.999989092 5.570298195
0.999439776 -0.033448126 -0.001163844 -0.023641761 0.033449907 0.999439180 0.001549649 -0.087404408 0.001111359 -0.001587711 0.999998093 5.619033813
0.999530494 -0.030634701 0.000570788 -0.027243186 0.030636052 0.999527514 -0.002538896 -0.086860612 -0.000492740 0.002555191 0.999996603 5.669432163
0.999614239 -0.027744034 0.001294554 -0.027297165 0.027749656 0.999604583 -0.004550477 -0.088101178 -0.001167793 0.004584645 0.999988794 5.718086720
0.999650598 -0.026293198 0.002763688 -0.028496167 0.026307030 0.999641001 -0.005093277 -0.088595539 -0.002628777 0.005164200 0.999983251 5.766723633
0.999535084 -0.030278223 0.003588049 -0.028385384 0.030283656 0.999540269 -0.001467867 -0.089603439 -0.003541955 0.001575844 0.999992490 5.813920021
0.999317050 -0.036874160 0.002384452 -0.023418160 0.036869455 0.999318123 0.001987576 -0.091679260 -0.002456116 -0.001898305 0.999995172 5.854110718
0.999191880 -0.040125627 0.002328182 -0.023299370 0.040117223 0.999188721 0.003547204 -0.092562914 -0.002468627 -0.003450938 0.999990940 5.902393818
0.999097109 -0.042428095 0.002203773 -0.023034204 0.042420618 0.999094367 0.003331658 -0.092957959 -0.002343133 -0.003235165 0.999991953 5.951533794
0.999189138 -0.040122125 0.003366131 -0.023177750 0.040107541 0.999186158 0.004293477 -0.094165608 -0.003535655 -0.004154988 0.999985099 5.996526241
0.999370515 -0.035153862 0.004770332 -0.023431659 0.035140742 0.999378443 0.002806238 -0.094458386 -0.004866017 -0.002636839 0.999984682 6.044789791
0.999472976 -0.032074586 0.004987622 -0.022870231 0.032071173 0.999485373 0.000762354 -0.095321655 -0.005009508 -0.000601994 0.999987245 6.101449013
0.999525666 -0.029411074 0.009130664 -0.035276931 0.029407505 0.999567389 0.000525439 -0.097041816 -0.009142170 -0.000256680 0.999958098 6.138618946
0.999562681 -0.028151192 0.009050254 -0.034685388 0.028134901 0.999602318 0.001922498 -0.097764432 -0.009100778 -0.001667030 0.999957144 6.189077377
0.999606550 -0.026487978 0.009220758 -0.035651322 0.026477806 0.999648690 0.001223442 -0.098228432 -0.009249924 -0.000978815 0.999956727 6.237975597
0.999526024 -0.026810037 0.015131630 -0.060021386 0.026799027 0.999640346 0.000930093 -0.102962032 -0.015151126 -0.000524138 0.999885082 6.267800808
0.999631584 -0.022817947 0.014704601 -0.059660502 0.022847850 0.999737263 -0.001868804 -0.103641525 -0.014658096 0.002204084 0.999890149 6.317462921
0.999751270 -0.016834019 0.014627287 -0.059920192 0.016890412 0.999850333 -0.003740469 -0.103980646 -0.014562132 0.003986600 0.999886036 6.367410660
0.999796927 -0.013416233 0.015034659 -0.059629671 0.013443831 0.999908149 -0.001736193 -0.105519786 -0.015009983 0.001937965 0.999885440 6.411366463
0.999819875 -0.010936159 0.015511625 -0.059727103 0.010933491 0.999940157 0.000256770 -0.106661439 -0.015513505 -0.000087127 0.999879599 6.462260723
0.999831796 -0.008565521 0.016216848 -0.060116604 0.008536087 0.999961793 0.001883344 -0.106805742 -0.016232360 -0.001744598 0.999866664 6.510968685
0.999807119 -0.013319556 0.014431125 -0.057326086 0.013274508 0.999906719 0.003212905 -0.107777640 -0.014472574 -0.003020719 0.999890625 6.556828022
0.999791026 -0.016451275 0.012136047 -0.055898227 0.016413813 0.999860168 0.003180307 -0.108106263 -0.012186673 -0.002980444 0.999921203 6.607986450
0.999795020 -0.016806500 0.011285653 -0.057422459 0.016813731 0.999858499 -0.000546088 -0.109662235 -0.011274878 0.000735729 0.999936104 6.657470703
0.999694884 -0.022154957 0.010920387 -0.061784439 0.022140695 0.999753833 0.001425308 -0.126983225 -0.010949276 -0.001183088 0.999939382 6.690850258
0.999765456 -0.019316833 0.009797010 -0.061260737 0.019308582 0.999813080 0.000936589 -0.127028108 -0.009813270 -0.000747201 0.999951661 6.741673470
0.999844730 -0.014292420 0.010311949 -0.061663978 0.014276967 0.999896884 0.001570542 -0.128198281 -0.010333332 -0.001423076 0.999945641 6.791484356
0.999805808 -0.015687065 0.011928578 -0.064473383 0.015580433 0.999838233 0.008980379 -0.138736412 -0.012067525 -0.008792782 0.999888539 6.821336746
0.999821126 -0.014280759 0.012400296 -0.064103648 0.014145916 0.999840617 0.010894697 -0.138985813 -0.012553903 -0.010717335 0.999863744 6.871629715
0.999793589 -0.015723238 0.012864446 -0.065103449 0.015566968 0.999804795 0.012158718 -0.139058173 -0.013053110 -0.011955948 0.999843359 6.922729492
0.999827981 -0.013968173 0.012200474 -0.061852083 0.013853439 0.999859512 0.009438543 -0.131141379 -0.012330599 -0.009267901 0.999881029 6.968096256
0.999796212 -0.015701273 0.012685612 -0.061437212 0.015580660 0.999832988 0.009551384 -0.131030202 -0.012833464 -0.009351788 0.999873936 7.019727230
0.999753594 -0.018606033 0.012107344 -0.060070693 0.018497296 0.999788165 0.009031879 -0.130933076 -0.012272827 -0.008805701 0.999885857 7.071048737
0.999615192 -0.023060428 0.015417759 -0.066904441 0.022882415 0.999670565 0.011624386 -0.133470744 -0.015680743 -0.011267117 0.999813557 7.111006737
0.999504387 -0.027404552 0.015495718 -0.065782115 0.027201800 0.999543488 0.013147416 -0.133488894 -0.015848944 -0.012719387 0.999793530 7.161783218
0.999414563 -0.030359967 0.015773214 -0.064354822 0.030160489 0.999463916 0.012734137 -0.133128732 -0.016151367 -0.012250954 0.999794543 7.213467598
0.999493361 -0.027086567 0.016715284 -0.064779036 0.026950018 0.999602020 0.008340967 -0.133841276 -0.016934561 -0.007886264 0.999825537 7.264974594
0.999692321 -0.020433141 0.014056439 -0.057263404 0.020390732 0.999787092 0.003153586 -0.133125231 -0.014117883 -0.002865996 0.999896228 7.317717075
0.999819398 -0.010476607 0.015853886 -0.057463869 0.010425713 0.999940217 0.003289333 -0.134115562 -0.015887398 -0.003123453 0.999868870 7.370855808
0.999852657 -0.004048580 0.016676484 -0.057301603 0.003931345 0.999967396 0.007056573 -0.134268463 -0.016704507 -0.006989973 0.999836028 7.422480583
0.999832332 -0.001421290 0.018257281 -0.057159573 0.001279856 0.999969065 0.007755976 -0.130597204 -0.018267740 -0.007731308 0.999803245 7.469729424
0.999827981 -0.002993284 0.018308086 -0.056670815 0.002847248 0.999963939 0.007997436 -0.130666047 -0.018331368 -0.007943933 0.999800384 7.520361900
0.999842703 -0.004907555 0.017046060 -0.055585802 0.004780889 0.999960721 0.007463641 -0.131010056 -0.017082019 -0.007380972 0.999826849 7.573000908
0.999874115 -0.005059650 0.015044685 -0.051942497 0.004979576 0.999973178 0.005355109 -0.125703305 -0.015071380 -0.005279517 0.999872506 7.616511345
0.999888599 -0.005422828 0.013902014 -0.050871454 0.005354783 0.999973476 0.004927178 -0.126282588 -0.013928363 -0.004852186 0.999891281 7.668807507
0.999935031 -0.000839120 0.011366446 -0.039915964 0.000810614 0.999996543 0.002512223 -0.120413169 -0.011368514 -0.002502846 0.999932230 7.710479736
0.999936461 0.000318248 0.011267825 -0.039922453 -0.000354233 0.999994874 0.003191759 -0.121127032 -0.011266751 -0.003195547 0.999931395 7.763226509
0.999935210 0.000038864 0.011379772 -0.039797813 -0.000070293 0.999996185 0.002761429 -0.121975787 -0.011379623 -0.002762050 0.999931395 7.815301418
0.999941945 -0.000992553 0.010728547 -0.039385200 0.000970820 0.999997497 0.002030700 -0.122786716 -0.010730536 -0.002020166 0.999940395 7.867275715
0.999939084 -0.000229614 0.011032842 -0.039571300 0.000218723 0.999999523 0.000988287 -0.123063408 -0.011033064 -0.000985814 0.999938667 7.919470787
0.999939680 -0.000249611 0.010982084 -0.039948963 0.000238086 0.999999464 0.001050672 -0.124033064 -0.010982340 -0.001047994 0.999939203 7.970995903
0.999949992 -0.000591347 0.009976220 -0.038737997 0.000579764 0.999999106 0.001163975 -0.124815077 -0.009976899 -0.001158132 0.999949574 8.024786949
0.999947011 -0.000572345 0.010275275 -0.039108127 0.000565748 0.999999583 0.000645019 -0.125587955 -0.010275641 -0.000639171 0.999947011 8.077431679
0.999961436 0.000444398 0.008762994 -0.037174501 -0.000445214 0.999999940 0.000091148 -0.126355365 -0.008762953 -0.000095046 0.999961615 8.130559921
0.999962091 -0.000586707 0.008690243 -0.037538350 0.000579230 0.999999464 0.000862694 -0.127596304 -0.008690744 -0.000857628 0.999961853 8.183978081
0.999963522 0.000583492 0.008528143 -0.037358478 -0.000584431 0.999999821 0.000107506 -0.127831310 -0.008528079 -0.000112487 0.999963641 8.236589432
0.999964058 -0.000200219 0.008486835 -0.036896251 0.000203093 0.999999940 -0.000337835 -0.128039926 -0.008486766 0.000339547 0.999963939 8.288577080
0.999978006 0.001440508 0.006476555 -0.030399796 -0.001428210 0.999997199 -0.001903000 -0.124637812 -0.006479279 0.001893708 0.999977171 8.354316711
0.999979854 0.000476796 0.006330318 -0.030035678 -0.000464917 0.999998152 -0.001877878 -0.125386596 -0.006331201 0.001874897 0.999978244 8.408290863
0.999974191 -0.001918614 0.006919632 -0.030514885 0.001927255 0.999997377 -0.001242347 -0.125945911 -0.006917231 0.001255651 0.999975264 8.461584091
0.999895215 -0.007851320 0.012159376 -0.046028830 0.007801003 0.999960840 0.004180084 -0.136704639 -0.012191718 -0.004084791 0.999917328 8.509856224
0.999900222 -0.007012518 0.012264336 -0.045691274 0.006973595 0.999970496 0.003213662 -0.136965379 -0.012286510 -0.003127815 0.999919653 8.562750816
0.999916255 -0.006769429 0.011029022 -0.043652058 0.006733283 0.999971807 0.003311258 -0.138017103 -0.011051126 -0.003236720 0.999933779 8.616666794
0.999965549 0.000570938 0.008282408 -0.031602338 -0.000567960 0.999999702 -0.000361966 -0.132158712 -0.008282614 0.000357250 0.999965549 8.670444489
0.999950647 0.000452089 0.009923765 -0.032810196 -0.000460144 0.999999523 0.000809448 -0.132053182 -0.009923394 -0.000813975 0.999950409 8.724966049
0.999952734 0.000520339 0.009709022 -0.031589456 -0.000536201 0.999998450 0.001631221 -0.133307099 -0.009708159 -0.001636350 0.999951482 8.779117584
0.999929011 -0.000239199 0.011912242 -0.032933339 0.000221412 0.999998987 0.001494459 -0.136519045 -0.011912587 -0.001491716 0.999927938 8.803582191
0.999923885 -0.000263074 0.012338005 -0.032546401 0.000265039 1.000000000 -0.000157689 -0.137131333 -0.012337963 0.000160947 0.999923885 8.857226372
0.999925792 0.000308324 0.012176611 -0.031504586 -0.000315289 0.999999821 0.000570108 -0.138079107 -0.012176433 -0.000573905 0.999925673 8.911496162
0.999912679 0.000413260 0.013209491 -0.035263695 -0.000428743 0.999999166 0.001169304 -0.136828259 -0.013208996 -0.001174866 0.999912024 8.962038040
0.999922156 0.000316738 0.012475743 -0.034657255 -0.000342184 0.999997914 0.002037541 -0.138464317 -0.012475071 -0.002041651 0.999920130 9.017581940
0.999936879 0.001675859 0.011110121 -0.033140354 -0.001691886 0.999997556 0.001433252 -0.138711721 -0.011107692 -0.001451958 0.999937236 9.071224213
0.999899030 0.002339127 0.014018336 -0.042922616 -0.002350612 0.999996841 0.000802873 -0.136299640 -0.014016413 -0.000835745 0.999901414 9.143607140
0.999878585 0.003663611 0.015148120 -0.043175519 -0.003679696 0.999992669 0.001034033 -0.137140423 -0.015144221 -0.001089646 0.999884665 9.196019173
0.999868691 0.004672623 0.015518778 -0.043283880 -0.004667749 0.999988973 -0.000350280 -0.136845440 -0.015520246 0.000277796 0.999879479 9.251843452
0.999889493 0.002701902 0.014619862 -0.041965336 -0.002717862 0.999995708 0.001071931 -0.138786241 -0.014616903 -0.001111547 0.999892533 9.305347443
0.999910653 0.000851893 0.013346336 -0.040806375 -0.000873623 0.999998271 0.001622358 -0.139585570 -0.013344931 -0.001633873 0.999909639 9.360348701
0.999892116 -0.002887678 0.014399118 -0.041496634 0.002845921 0.999991655 0.002919598 -0.140302107 -0.014407430 -0.002878304 0.999892056 9.414090157
0.999869585 -0.004330567 0.015564537 -0.042282879 0.004308074 0.999989629 0.001478373 -0.138757333 -0.015570778 -0.001411123 0.999877691 9.446114540
0.999869168 -0.005186204 0.015324987 -0.041381896 0.005192694 0.999986470 -0.000383652 -0.139254674 -0.015322790 0.000463180 0.999882460 9.500626564
0.999838471 -0.005940984 0.016960578 -0.041252628 0.005916776 0.999981463 0.001477216 -0.140451714 -0.016969038 -0.001376624 0.999854982 9.553987503
0.999827325 -0.010058930 0.015624134 -0.039648354 0.010001049 0.999942780 0.003778345 -0.140583560 -0.015661245 -0.003621435 0.999870718 9.609122276
0.999816060 -0.009868658 0.016445572 -0.038902268 0.009832357 0.999948978 0.002286625 -0.141252518 -0.016467299 -0.002124506 0.999862075 9.662435532
0.999808013 -0.009446782 0.017164607 -0.038525581 0.009421551 0.999954462 0.001550400 -0.142279506 -0.017178468 -0.001388385 0.999851465 9.717196465
0.999804974 -0.009767481 0.017170865 -0.038071170 0.009743120 0.999951363 0.001501747 -0.142693847 -0.017184697 -0.001334157 0.999851465 9.772593498
0.999820232 -0.009172165 0.016597873 -0.036144361 0.009134966 0.999955595 0.002315641 -0.143800601 -0.016618371 -0.002163603 0.999859631 9.827724457
0.999808908 -0.008403959 0.017650893 -0.035643429 0.008377790 0.999963641 0.001555981 -0.144512072 -0.017663330 -0.001407808 0.999843061 9.881143570
0.999779403 -0.006681272 0.019909522 -0.035640299 0.006651721 0.999976695 0.001550156 -0.145404190 -0.019919410 -0.001417382 0.999800682 9.932933807
0.999721467 -0.001689026 0.023538690 -0.039277762 0.001686586 0.999998510 0.000123532 -0.144797415 -0.023538867 -0.000083798 0.999722898 9.982154846
0.999731839 -0.002691847 0.023000835 -0.037774891 0.002679743 0.999996245 0.000557074 -0.146072626 -0.023002250 -0.000495288 0.999735296 10.036694527
0.999610364 0.000008585 0.027912475 -0.045522273 0.000048862 0.999997854 -0.002057435 -0.144962236 -0.027912429 0.002057996 0.999608278 10.088678360
0.999598742 -0.001089112 0.028302224 -0.044138223 0.001138013 0.999997914 -0.001711753 -0.145973966 -0.028300297 0.001743275 0.999597967 10.144971848
0.999647737 -0.001814073 0.026479568 -0.034247696 0.001803201 0.999998271 0.000434484 -0.149328172 -0.026480306 -0.000386583 0.999649286 10.200750351
0.999627471 -0.002939810 0.027136942 -0.033399940 0.002929929 0.999995589 0.000403893 -0.149830684 -0.027138006 -0.000324234 0.999631643 10.254891396
0.999560714 -0.001584658 0.029598467 -0.037358493 0.001677088 0.999993742 -0.003098237 -0.147974834 -0.029593371 0.003146515 0.999557018 10.289394379
0.999559820 -0.003190552 0.029494284 -0.036083341 0.003331108 0.999983311 -0.004717627 -0.149539039 -0.029478736 0.004813799 0.999553800 10.343254089
0.999588966 -0.002589036 0.028555473 -0.034471422 0.002737323 0.999982953 -0.005155039 -0.150438339 -0.028541641 0.005231084 0.999578893 10.399478912
0.999616265 -0.003561099 0.027474452 -0.033385992 0.003714551 0.999977827 -0.005536230 -0.151156783 -0.027454127 0.005636161 0.999607146 10.454215050
0.999626338 -0.003268758 0.027138378 -0.032038748 0.003431456 0.999976397 -0.005950719 -0.152735949 -0.027118292 0.006041619 0.999614000 10.510047913
0.999571681 -0.003492044 0.029053437 -0.033014923 0.003671016 0.999974608 -0.006109009 -0.151975483 -0.029031364 0.006213049 0.999559164 10.523224831
0.999590874 -0.002996478 0.028442189 -0.031980991 0.003150500 0.999980628 -0.005372051 -0.153534010 -0.028425541 0.005459460 0.999580979 10.577901840
0.999623001 -0.003171552 0.027269827 -0.029789746 0.003315366 0.999980807 -0.005230130 -0.154472157 -0.027252715 0.005318568 0.999614418 10.634246826
0.999646962 -0.003574614 0.026325231 -0.028598934 0.003667699 0.999987185 -0.003488520 -0.155908272 -0.026312422 0.003583841 0.999647319 10.687470436
0.999663591 -0.002734225 0.025789404 -0.027822226 0.002804412 0.999992490 -0.002685781 -0.156258136 -0.025781868 0.002757201 0.999663770 10.743350983
0.999634624 -0.001322254 0.026998250 -0.026974231 0.001396345 0.999995351 -0.002725623 -0.156920388 -0.026994523 0.002762327 0.999631703 10.796073914
0.999619126 -0.001295845 0.027565686 -0.025650620 0.001374320 0.999995053 -0.002828067 -0.158046946 -0.027561886 0.002864874 0.999615908 10.854315758
0.999589503 -0.003636578 0.028421722 -0.025099486 0.003727814 0.999988079 -0.003157734 -0.158753514 -0.028409900 0.003262388 0.999591053 10.907485962
0.999581814 -0.004028377 0.028634680 -0.023672312 0.004143390 0.999983549 -0.003958369 -0.160244524 -0.028618265 0.004075358 0.999582112 10.965810776
0.999556899 -0.005634103 0.029228359 -0.022334307 0.005831718 0.999960661 -0.006680220 -0.160530537 -0.029189575 0.006847712 0.999550462 11.021242142
0.999563754 -0.006058327 0.028906163 -0.020655125 0.006262362 0.999956071 -0.006973234 -0.162434414 -0.028862644 0.007151212 0.999557734 11.078939438
0.999633133 -0.004958719 0.026628807 -0.019602537 0.005168299 0.999956131 -0.007807325 -0.163875401 -0.026588921 0.007942086 0.999614894 11.134140015
0.999683142 -0.004359228 0.024791704 -0.018766314 0.004529391 0.999966502 -0.006811734 -0.165250167 -0.024761179 0.006921867 0.999669373 11.189222336
0.999710500 -0.005255811 0.023479914 -0.025864899 0.005326291 0.999981523 -0.002940180 -0.174197018 -0.023464028 0.003064390 0.999719977 11.349880219
0.999688208 -0.006865232 0.024008829 -0.024336815 0.006862975 0.999976575 0.000176416 -0.175178677 -0.024009475 -0.000011588 0.999711692 11.405845642
0.999661446 -0.010107863 0.023975423 -0.024418503 0.010050788 0.999946356 0.002499878 -0.179566547 -0.023999406 -0.002258060 0.999709427 11.468037605
0.999659836 -0.010357556 0.023935333 -0.022855788 0.010322106 0.999945402 0.001604164 -0.180514932 -0.023950642 -0.001356555 0.999712229 11.522409439
0.999621332 -0.011814269 0.024850748 -0.022481203 0.011780811 0.999929488 0.001492333 -0.181372300 -0.024866624 -0.001199005 0.999690175 11.574913979
0.999616921 -0.011576378 0.025137769 -0.021360099 0.011546330 0.999932408 0.001340196 -0.181949154 -0.025151584 -0.001049434 0.999683082 11.631400108
0.999607444 -0.011296934 0.025636792 -0.020322323 0.011264908 0.999935627 0.001393322 -0.183384895 -0.025650878 -0.001103979 0.999670446 11.687539101
0.999573767 -0.010318562 0.027307469 -0.019489616 0.010258283 0.999944627 0.002346582 -0.185232490 -0.027330171 -0.002065454 0.999624252 11.714060783
0.999571323 -0.008221939 0.028095486 -0.018524528 0.008185768 0.999965549 0.001402105 -0.186552346 -0.028106045 -0.001171521 0.999604166 11.770533562
0.999531746 -0.010717737 0.028657563 -0.016877443 0.010612543 0.999936342 0.003820287 -0.187157676 -0.028696686 -0.003514369 0.999581933 11.823543549
0.999516904 -0.011459254 0.028885435 -0.015689999 0.011337738 0.999926150 0.004367039 -0.187502161 -0.028933344 -0.004037434 0.999573112 11.880256653
0.999506712 -0.013095906 0.028545057 -0.014121771 0.013006274 0.999909878 0.003323411 -0.188647091 -0.028586004 -0.002950507 0.999586999 11.932120323
0.999524593 -0.011307702 0.028681556 -0.013184518 0.011210776 0.999930859 0.003537991 -0.189549431 -0.028719576 -0.003214767 0.999582350 11.988706589
0.999551892 -0.008947317 0.028563447 -0.012695491 0.008922157 0.999959648 0.001008182 -0.190254599 -0.028571315 -0.000752882 0.999591470 12.043193817
0.999584913 -0.008142375 0.027635854 -0.010224611 0.008185236 0.999965489 -0.001438145 -0.191127717 -0.027623188 0.001663754 0.999616981 12.093198776
0.999610186 -0.006062578 0.027252330 -0.008836657 0.006095021 0.999980867 -0.001107612 -0.192276746 -0.027245091 0.001273283 0.999628007 12.147299767
0.999587059 -0.009457394 0.027133981 -0.016456574 0.009359366 0.999949217 0.003737463 -0.196071267 -0.027167946 -0.003481963 0.999624848 12.241677284
0.999622107 -0.008599938 0.026104964 -0.015192628 0.008416930 0.999939263 0.007112294 -0.197070807 -0.026164539 -0.006889883 0.999633908 12.297405243
0.999670863 -0.007700593 0.024467953 -0.013347000 0.007560552 0.999954641 0.005810758 -0.197822303 -0.024511583 -0.005623855 0.999683738 12.352894783
0.999798000 -0.005674105 0.019280085 -0.017811507 0.005706544 0.999982357 -0.001627941 -0.194008231 -0.019270513 0.001737635 0.999812782 12.499191284
0.999821186 -0.007767481 0.017239930 -0.016759038 0.007761240 0.999969780 0.000428826 -0.195595056 -0.017242741 -0.000294946 0.999851286 12.554688454
0.999830067 -0.008914676 0.016138075 -0.015763640 0.008904379 0.999960184 0.000709889 -0.196764469 -0.016143763 -0.000566068 0.999869466 12.610713959
0.999879062 -0.003319699 0.015194860 -0.011168331 0.003410930 0.999976218 -0.005982138 -0.187103987 -0.015174638 0.006033243 0.999866605 12.621676445
0.999867499 -0.004608690 0.015614493 -0.011531383 0.004716662 0.999965072 -0.006885130 -0.188461900 -0.015582215 0.006957865 0.999854386 12.676179886
0.999871254 -0.004320131 0.015454798 -0.011222214 0.004429458 0.999965370 -0.007046800 -0.189772844 -0.015423821 0.007114349 0.999855757 12.732285500
0.999825239 -0.007213406 0.017248401 -0.014899746 0.007330220 0.999950528 -0.006718861 -0.190493494 -0.017199077 0.006844121 0.999828756 12.769535065
0.999808729 -0.007302233 0.018141942 -0.015661404 0.007424997 0.999949932 -0.006708812 -0.192336157 -0.018092040 0.006842232 0.999812961 12.824136734
0.999812782 -0.006876934 0.018085366 -0.015377551 0.007019853 0.999944627 -0.007850889 -0.193331629 -0.018030375 0.007976376 0.999805629 12.874446869
0.999920428 0.005314842 0.011442429 0.009727553 -0.005132016 0.999859631 -0.015948400 -0.180308059 -0.011525591 0.015888408 0.999807358 12.849397659
0.999889851 0.006794035 0.013199946 0.008214876 -0.006563435 0.999826431 -0.017435163 -0.181321889 -0.013316112 0.017346604 0.999760926 12.902272224
0.999908745 0.003462449 0.013063462 0.008338839 -0.003221605 0.999825180 -0.018412815 -0.183557659 -0.013124933 0.018369045 0.999745131 12.955240250
0.999934435 0.002755684 0.011113522 0.011538967 -0.002578241 0.999869466 -0.015949229 -0.185603485 -0.011156022 0.015919531 0.999811053 12.998888016
0.999938726 0.000516400 0.011052796 0.011879474 -0.000342171 0.999875784 -0.015759384 -0.186827987 -0.011059559 0.015754638 0.999814749 13.051369667
0.999933064 0.000397793 0.011555921 0.011708617 -0.000210049 0.999868035 -0.016243132 -0.188701153 -0.011560855 0.016239619 0.999801338 13.105463982
0.999932766 0.002052306 0.011423367 0.012500808 -0.001860397 0.999857366 -0.016785085 -0.190372929 -0.011456187 0.016762702 0.999793887 13.147050858
0.999915540 0.002765669 0.012702426 0.011804909 -0.002563332 0.999870062 -0.015917795 -0.192368329 -0.012744797 0.015883889 0.999792695 13.210796356
0.999916434 0.004566666 0.012094077 0.013151675 -0.004383340 0.999875724 -0.015141561 -0.193614066 -0.012161721 0.015087283 0.999812245 13.246632576
0.999903977 0.005040695 0.012908407 0.013343811 -0.004842362 0.999870420 -0.015350038 -0.195430711 -0.012984109 0.015286057 0.999798954 13.298296928
0.999914646 0.004864387 0.012127695 0.014048085 -0.004667892 0.999858201 -0.016178221 -0.197168931 -0.012204675 0.016120229 0.999795616 13.348336220
0.999905765 0.004130284 0.013094157 0.013804048 -0.003923999 0.999868393 -0.015740719 -0.198852584 -0.013157449 0.015687855 0.999790311 13.396477699
0.999904811 0.005118108 0.012811995 0.014679894 -0.004911562 0.999858320 -0.016101288 -0.200612932 -0.012892591 0.016036829 0.999788284 13.446945190
0.999901235 0.005702501 0.012847121 0.015011504 -0.005496966 0.999857247 -0.015977511 -0.201999247 -0.012936401 0.015905313 0.999789834 13.497641563
0.999876618 0.007697517 0.013691971 0.015249953 -0.007479848 0.999845982 -0.015878350 -0.203651577 -0.013812087 0.015773978 0.999780118 13.547519684
0.999844193 0.010303237 0.014331251 0.015056312 -0.010057043 0.999802470 -0.017146038 -0.205247000 -0.014505076 0.016999235 0.999750197 13.596895218
0.999815881 0.012378094 0.014664382 0.016009450 -0.012113501 0.999764681 -0.017996714 -0.206978783 -0.014883695 0.017815761 0.999730527 13.648509979
0.999826074 0.011664064 0.014550681 0.016731232 -0.011408998 0.999781907 -0.017491007 -0.208623752 -0.014751523 0.017321954 0.999741197 13.697357178
0.999779940 0.014157625 0.015481299 0.017056048 -0.013899803 0.999764979 -0.016636446 -0.210687578 -0.015713191 0.016417596 0.999741673 13.747920036
0.999754250 0.016181830 0.015154294 0.018260285 -0.015926510 0.999731660 -0.016819943 -0.212046117 -0.015422406 0.016574454 0.999743640 13.795963287
