0.999999642 0.000203565 -0.000833265 0.032430615 -0.000206546 0.999993503 -0.003579511 0.019066155 0.000832531 0.003579682 0.999993265 1.230437636
0.999999821 0.000433939 0.000094452 0.032334343 -0.000433649 0.999995172 -0.003051516 -0.006974000 -0.000095776 0.003051474 0.999995351 2.484992743
0.999999821 -0.000551661 -0.000037104 0.046097934 0.000551566 0.999996722 -0.002507905 -0.032339796 0.000038487 0.002507885 0.999996781 3.734542131
0.999999344 -0.000977347 0.000488634 0.048652615 0.000978792 0.999995053 -0.002965771 -0.051725972 -0.000485732 0.002966247 0.999995470 4.984741211
0.999998927 -0.001239261 0.000761182 0.054706763 0.001241376 0.999995351 -0.002784475 -0.077759825 -0.000757726 0.002785418 0.999995768 6.243485928
0.999999106 -0.000696056 0.001264862 0.062298715 0.000701040 0.999991953 -0.003944254 -0.097818829 -0.001262107 0.003945137 0.999991357 7.499616146
0.999997497 -0.000916159 0.002019397 0.056336462 0.000924716 0.999990582 -0.004240241 -0.123407871 -0.002015493 0.004242098 0.999988914 8.729405403
0.999994934 -0.001669680 0.002695478 0.044086166 0.001677277 0.999994636 -0.002818812 -0.149025485 -0.002690757 0.002823319 0.999992311 9.915530205
0.999995828 -0.002414586 0.001591600 0.033750463 0.002417597 0.999995291 -0.001892533 -0.176136196 -0.001587023 0.001896373 0.999996960 11.099899292
0.999993145 -0.003649124 -0.000656252 0.022699829 0.003647610 0.999990642 -0.002295055 -0.198600143 0.000664623 0.002292646 0.999997139 12.282353401
0.999992192 -0.003241293 -0.002261499 0.009960178 0.003234532 0.999990284 -0.002987156 -0.220149666 0.002271160 0.002979818 0.999992967 13.437147141
0.999987423 -0.002934034 -0.004104415 0.005688269 0.002922028 0.999991477 -0.002928024 -0.243718013 0.004112971 0.002915993 0.999987304 14.655733109
0.999988675 -0.001013110 -0.004664924 0.002809040 0.000994137 0.999991238 -0.004067591 -0.251292408 0.004669005 0.004062907 0.999980807 15.805471420
0.999983490 -0.001976314 -0.005390719 -0.022309721 0.001957373 0.999991894 -0.003516800 -0.282841116 0.005397623 0.003506191 0.999979258 17.028919220
0.999981284 -0.002377972 -0.005643676 -0.031658635 0.002362048 0.999993205 -0.002826627 -0.308872432 0.005650360 0.002813243 0.999980032 18.199628830
0.999976039 -0.002765126 -0.006347231 -0.048154004 0.002748310 0.999992728 -0.002656376 -0.334013343 0.006354529 0.002638868 0.999976337 19.403291702
0.999977827 -0.001960974 -0.006362779 -0.065215275 0.001936401 0.999990642 -0.003865836 -0.356022388 0.006370300 0.003853429 0.999972284 20.568658829
0.999963522 -0.003191642 -0.007920820 -0.073379919 0.003156749 0.999985278 -0.004413760 -0.387122959 0.007934790 0.004388595 0.999958873 21.752784729
0.999963045 -0.001985122 -0.008363743 -0.095900670 0.001952322 0.999990523 -0.003928092 -0.412968397 0.008371460 0.003911618 0.999957323 22.924962997
0.999960244 -0.000647590 -0.008894405 -0.109912097 0.000608724 0.999990284 -0.004371731 -0.425683379 0.008897150 0.004366141 0.999950886 24.126213074
0.999948442 -0.002283407 -0.009890207 -0.131619632 0.002231728 0.999983847 -0.005233149 -0.459843457 0.009901995 0.005210808 0.999937415 25.283508301
0.999948442 -0.000820398 -0.010119910 -0.157422692 0.000770416 0.999987543 -0.004941916 -0.479408801 0.010123837 0.004933865 0.999936521 26.456140518
0.999926448 -0.002926372 -0.011769507 -0.165580690 0.002893670 0.999991894 -0.002794562 -0.510203362 0.011777590 0.002760300 0.999926746 27.632661819
0.999925256 -0.002414260 -0.011985430 -0.194802538 0.002379808 0.999993026 -0.002887895 -0.534856379 0.011992319 0.002859156 0.999923944 28.821363449
0.999904454 -0.003920429 -0.013249983 -0.215452239 0.003874482 0.999986410 -0.003491597 -0.558599949 0.013263491 0.003439927 0.999906123 29.981428146
0.999898314 -0.003912163 -0.013717666 -0.250792205 0.003857098 0.999984443 -0.004038354 -0.598058581 0.013733251 0.003985033 0.999897778 31.199613571
0.999875128 -0.003613297 -0.015383728 -0.255749166 0.003544027 0.999983490 -0.004527726 -0.610692143 0.015399833 0.004472640 0.999871433 32.337207794
0.999860287 -0.003862289 -0.016263535 -0.266052902 0.003789998 0.999982774 -0.004473452 -0.627316594 0.016280534 0.004411188 0.999857724 33.546813965
0.999847353 -0.004647150 -0.016843650 -0.304218650 0.004584271 0.999982417 -0.003769749 -0.660126805 0.016860873 0.003691957 0.999851048 34.685970306
0.999844253 -0.005428263 -0.016795507 -0.339592487 0.005368696 0.999979138 -0.003589662 -0.685945034 0.016814640 0.003498932 0.999852538 35.872161865
0.999829531 -0.005163671 -0.017722685 -0.363846809 0.005091353 0.999978483 -0.004123292 -0.710534275 0.017743593 0.004032359 0.999834418 37.067352295
0.999824405 -0.006364807 -0.017622696 -0.392109513 0.006309766 0.999975026 -0.003177111 -0.749155164 0.017642481 0.003065359 0.999839664 38.259777069
0.999817431 -0.005872332 -0.018183239 -0.406156361 0.005835589 0.999980807 -0.002073155 -0.764489591 0.018195065 0.001966666 0.999832511 39.472652435
0.999820709 -0.005363698 -0.018162327 -0.433199257 0.005354408 0.999985516 -0.000560089 -0.806682408 0.018165069 0.000462740 0.999834895 40.676841736
0.999827087 -0.004605037 -0.018016504 -0.455139041 0.004578423 0.999988258 -0.001518162 -0.818063319 0.018023284 0.001435412 0.999836564 41.876800537
0.999838889 -0.002891356 -0.017716968 -0.502115667 0.002847092 0.999992788 -0.002523127 -0.814133942 0.017724138 0.002472278 0.999839962 43.025691986
0.999852002 0.000386414 -0.017200077 -0.529087842 -0.000407751 0.999999225 -0.001237023 -0.826292574 0.017199589 0.001243853 0.999851286 44.247833252
0.999881625 -0.000211912 -0.015383604 -0.565014660 0.000248639 0.999997139 0.002385581 -0.856940091 0.015383055 -0.002389124 0.999878824 45.418144226
0.999909818 0.000486927 -0.013415446 -0.590922356 -0.000422520 0.999988377 0.004803400 -0.864591956 0.013417629 -0.004797298 0.999898493 46.630775452
0.999936759 0.001271088 -0.011174722 -0.619819641 -0.001182387 0.999967754 0.007940611 -0.881016850 0.011184456 -0.007926895 0.999906003 47.845294952
0.999948084 0.000170610 -0.010182624 -0.647300184 -0.000072059 0.999953151 0.009677963 -0.902423143 0.010183796 -0.009676727 0.999901235 49.017639160
0.999956489 -0.001820693 -0.009149612 -0.652386785 0.001892115 0.999967694 0.007803471 -0.910655558 0.009135109 -0.007820441 0.999927640 50.238018036
0.999968112 -0.000872629 -0.007937510 -0.676380634 0.000923234 0.999979198 0.006374030 -0.926889420 0.007931783 -0.006381155 0.999948144 51.413837433
0.999968410 -0.000802102 -0.007905866 -0.680294871 0.000850174 0.999981165 0.006079003 -0.942080617 0.007900842 -0.006085532 0.999950290 52.616519928
0.999968708 -0.001436148 -0.007780799 -0.700202823 0.001476328 0.999985576 0.005160687 -0.952078223 0.007773273 -0.005172012 0.999956429 53.814739227
0.999960959 -0.002573210 -0.008454707 -0.719805837 0.002605532 0.999989271 0.003814266 -0.968662918 0.008444801 -0.003836147 0.999956965 55.018054962
0.999945998 -0.002418444 -0.010106558 -0.735826015 0.002464212 0.999986708 0.004518489 -0.988109350 0.010095495 -0.004543149 0.999938726 56.226985931
0.999926925 -0.003377885 -0.011607966 -0.749496341 0.003444249 0.999977827 0.005701923 -1.007840514 0.011588445 -0.005741486 0.999916375 57.448608398
0.999914527 -0.002221665 -0.012884915 -0.767877758 0.002303889 0.999977052 0.006370127 -1.025703669 0.012870464 -0.006399266 0.999896824 58.632095337
0.999905229 -0.001210934 -0.013719223 -0.791738510 0.001295079 0.999980390 0.006126127 -1.036722898 0.013711534 -0.006143312 0.999887228 59.843059540
0.999892473 -0.000780329 -0.014644562 -0.808135927 0.000872221 0.999979973 0.006269422 -1.061498642 0.014639379 -0.006281521 0.999873221 61.047355652
0.999884725 -0.001639081 -0.015095551 -0.826373339 0.001731258 0.999979854 0.006095188 -1.080625176 0.015085256 -0.006120619 0.999867499 62.245349884
0.999875188 -0.002715697 -0.015573004 -0.845824599 0.002788603 0.999985278 0.004661737 -1.093991637 0.015560113 -0.004704580 0.999867857 63.452606201
0.999866188 -0.003635314 -0.015951755 -0.877814054 0.003735983 0.999973297 0.006285517 -1.116365314 0.015928483 -0.006344270 0.999853015 64.625823975
0.999866664 -0.002734384 -0.016097706 -0.905559957 0.002851106 0.999969780 0.007232403 -1.118568063 0.016077444 -0.007277335 0.999844253 65.834182739
0.999864042 -0.002379725 -0.016317582 -0.935558319 0.002471083 0.999981344 0.005580848 -1.133906722 0.016303999 -0.005620410 0.999851286 67.030502319
0.999864459 0.000002834 -0.016463934 -0.963683188 0.000055208 0.999993801 0.003524941 -1.132158160 0.016463840 -0.003525372 0.999858260 68.222618103
0.999852896 0.001391459 -0.017096166 -0.976907611 -0.001316191 0.999989450 0.004413088 -1.157358050 0.017102124 -0.004389937 0.999844134 69.420402527
0.999851346 0.004482843 -0.016650071 -1.012079358 -0.004417534 0.999982417 0.003957132 -1.161967278 0.016667519 -0.003882991 0.999853551 70.621994019
0.999845088 0.005540297 -0.016704848 -1.042010784 -0.005459109 0.999973059 0.004901865 -1.192450285 0.016731557 -0.004809913 0.999848425 71.818824768
0.999857903 0.005502329 -0.015933396 -1.067664146 -0.005401387 0.999965131 0.006371378 -1.215973139 0.015967896 -0.006284410 0.999852717 73.004867554
0.999871135 0.010853409 -0.011826684 -1.260528803 -0.010774701 0.999919474 0.006698604 -1.368021607 0.011898435 -0.006570312 0.999907613 74.166648865
0.999908149 0.009504428 -0.009651171 -1.273363352 -0.009463201 0.999945879 0.004308283 -1.384250164 0.009691596 -0.004216556 0.999944150 75.359489441
0.999952078 0.007003267 -0.006826418 -1.295331597 -0.007008490 0.999975145 -0.000741570 -1.401633382 0.006821054 0.000789377 0.999976337 76.518371582
0.999961078 0.007506498 -0.004625924 -1.298057199 -0.007513542 0.999970675 -0.001507470 -1.421205878 0.004614471 0.001542168 0.999988079 77.719978333
0.999979854 0.006227816 -0.001216092 -1.316739082 -0.006224473 0.999976873 0.002734232 -1.446954727 0.001233092 -0.002726607 0.999995530 78.889022827
0.999972403 0.007119256 0.002151226 -1.327179193 -0.007127673 0.999966860 0.003931055 -1.466036677 -0.002123170 -0.003946279 0.999989986 80.051017761
0.999955952 0.006991220 0.006253188 -1.333809137 -0.007007031 0.999972343 0.002510336 -1.484459758 -0.006235464 -0.002554042 0.999977291 81.221839905
0.999936640 0.006381851 0.009273506 -1.334690809 -0.006373967 0.999979317 -0.000879466 -1.514400005 -0.009278927 0.000820302 0.999956608 82.490478516
0.999896586 0.004486548 0.013664873 -1.301614404 -0.004433247 0.999982536 -0.003928386 -1.537417054 -0.013682258 0.003867399 0.999898911 83.482742310
0.999851704 0.006174419 0.016074222 -1.298009276 -0.006098028 0.999969900 -0.004797093 -1.572488189 -0.016103357 0.004698360 0.999859214 84.731231689
0.999784112 0.006122655 0.019853566 -1.266704082 -0.006050442 0.999974847 -0.003695338 -1.580800772 -0.019875690 0.003574417 0.999796033 85.839210510
0.999695182 0.008162460 0.023299418 -1.251556635 -0.008096842 0.999962986 -0.002909237 -1.612584829 -0.023322303 0.002719699 0.999724269 87.051971436
0.999602497 0.007534700 0.027166083 -1.215691566 -0.007387389 0.999957442 -0.005518895 -1.625365853 -0.027206510 0.005316014 0.999615729 88.148696899
0.999517322 0.007797902 0.030070949 -1.182145119 -0.007579344 0.999944091 -0.007375246 -1.661711454 -0.030126778 0.007143769 0.999520540 89.370994568
0.999416649 0.007286576 0.033365585 -1.148027182 -0.007041356 0.999947309 -0.007461116 -1.696531534 -0.033418193 0.007221825 0.999415338 90.508102417
0.999329388 0.006279750 0.036072526 -1.103586674 -0.006041884 0.999959290 -0.006699334 -1.719256878 -0.036113113 0.006476895 0.999326706 91.678993225
0.999230564 0.006052435 0.038750071 -1.058161974 -0.005858944 0.999969721 -0.005104951 -1.742953658 -0.038779795 0.004873989 0.999235928 92.812583923
0.999115407 0.005278054 0.041722156 -1.023119926 -0.005133947 0.999980569 -0.003560390 -1.769574285 -0.041740131 0.003343040 0.999122918 93.976188660
0.999018729 0.003323121 0.044162892 -0.979326725 -0.003206576 0.999991119 -0.002709552 -1.793206692 -0.044171505 0.002565282 0.999020696 95.100791931
0.998904586 0.002289842 0.046734452 -0.925643444 -0.002042311 0.999983609 -0.005343575 -1.812428236 -0.046745922 0.005242276 0.998893082 96.235023499
0.998806477 0.000891456 0.048835009 -0.883197784 -0.000510825 0.999969423 -0.007806187 -1.866831303 -0.048840474 0.007771924 0.998776376 97.437164307
0.998706102 0.001613619 0.050827228 -0.826381683 -0.001072264 0.999942422 -0.010676339 -1.888740301 -0.050841533 0.010608026 0.998650372 98.567039490
0.998610735 0.001617679 0.052667994 -0.777231693 -0.001005500 0.999931633 -0.011647756 -1.917250395 -0.052683238 0.011578617 0.998544157 99.765899658
0.998613596 0.001658544 0.052612040 -0.708693027 -0.001082088 0.999939084 -0.010983326 -1.947004795 -0.052627057 0.010911169 0.998554647 100.920944214
0.998634577 0.002063108 0.052197680 -0.662642479 -0.001565140 0.999952912 -0.009579105 -1.964161634 -0.052214991 0.009484331 0.998590767 102.079307556
0.998712838 0.001070237 0.050712261 -0.597748756 -0.000673547 0.999969006 -0.007838836 -1.998547077 -0.050719094 0.007794589 0.998682499 103.289558411
0.998813987 0.001559045 0.048663069 -0.546213150 -0.001203933 0.999972463 -0.007325795 -2.019437313 -0.048673149 0.007258517 0.998788357 104.469558716
0.998927355 0.002132784 0.046255134 -0.496238232 -0.001841992 0.999978364 -0.006328412 -2.054890156 -0.046267625 0.006236423 0.998909593 105.655960083
0.999058068 0.002624974 0.043316342 -0.456439018 -0.002342363 0.999975622 -0.006573824 -2.080874443 -0.043332543 0.006466168 0.999039769 106.881996155
0.999197602 0.004112014 0.039838612 -0.434679508 -0.003834361 0.999967754 -0.007043328 -2.104153156 -0.039866291 0.006884920 0.999181271 108.051406860
0.999357879 0.003774581 0.035630610 -0.383442402 -0.003538976 0.999971449 -0.006673187 -2.128078938 -0.035654791 0.006542807 0.999342680 109.269660950
0.999476075 0.004824949 0.032007743 -0.360219479 -0.004643979 0.999972880 -0.005725905 -2.157488346 -0.032034498 0.005574262 0.999471128 110.466789246
0.999622405 0.004672231 0.027077414 -0.311262131 -0.004544073 0.999978185 -0.004792640 -2.179670811 -0.027099214 0.004667788 0.999621868 111.693328857
0.999731123 0.004951094 0.022652952 -0.293183088 -0.004850498 0.999978065 -0.004493547 -2.198588848 -0.022674704 0.004382460 0.999733329 112.899803162
0.999824643 0.005362906 0.017941222 -0.272654533 -0.005290137 0.999977589 -0.004100976 -2.230365276 -0.017962815 0.004005346 0.999830544 114.130210876
0.999898732 0.005869842 0.012960810 -0.269739389 -0.005815425 0.999974132 -0.004232234 -2.251288414 -0.012985319 0.004156433 0.999907017 115.347808838
0.999945462 0.006635808 0.008063780 -0.254776180 -0.006599962 0.999968171 -0.004463906 -2.280516148 -0.008093148 0.004410441 0.999957442 116.564956665
0.999963939 0.007885720 0.003151194 -0.261051267 -0.007870414 0.999957263 -0.004840118 -2.306508303 -0.003189228 0.004815144 0.999983251 117.773376465
0.999953687 0.009609718 -0.000373066 -0.261610359 -0.009611479 0.999941051 -0.005049817 -2.328345537 0.000324517 0.005053169 0.999987125 119.012947083
0.999932766 0.011335413 -0.002428784 -0.274733126 -0.011347872 0.999922156 -0.005179138 -2.349052429 0.002369887 0.005206352 0.999983668 120.241317749
0.999911726 0.012816595 -0.003481253 -0.283638120 -0.012835920 0.999902010 -0.005587006 -2.374365568 0.003409305 0.005631197 0.999978423 121.479301453
0.999880791 0.014769023 -0.004487283 -0.299882382 -0.014790716 0.999878883 -0.004840361 -2.408808708 0.004415251 0.004906155 0.999978244 122.723281860
0.999852955 0.016239084 -0.005500696 -0.312206507 -0.016261600 0.999859452 -0.004073745 -2.435901403 0.005433768 0.004162597 0.999976516 123.956665039
0.999859750 0.015449407 -0.006465085 -0.317445248 -0.015474700 0.999872684 -0.003880842 -2.456521988 0.006404306 0.003980343 0.999971509 125.185119629
0.999782562 0.019623332 -0.007041777 -0.346951425 -0.019636938 0.999805510 -0.001869050 -2.478738308 0.007003729 0.002006922 0.999973476 126.455215454
0.999762833 0.020321185 -0.007827125 -0.360260427 -0.020309176 0.999792457 0.001610251 -2.503500700 0.007858222 -0.001450907 0.999968052 127.682174683
0.999779940 0.019406760 -0.007963525 -0.388385534 -0.019401174 0.999811411 0.000778297 -2.519527435 0.007977128 -0.000623624 0.999967992 128.958816528
0.999779999 0.019288069 -0.008241880 -0.411968410 -0.019294551 0.999813557 -0.000707426 -2.537077427 0.008226697 0.000866294 0.999965787 130.226516724
0.999818504 0.016687760 -0.009189514 -0.418839216 -0.016684754 0.999860704 0.000403797 -2.558854342 0.009194971 -0.000250399 0.999957681 131.461898804
0.999846518 0.014323589 -0.010085220 -0.431563795 -0.014301444 0.999895096 0.002264606 -2.576333046 0.010116599 -0.002120025 0.999946535 132.721557617
0.999890983 0.010748900 -0.010114294 -0.452669501 -0.010707836 0.999934137 0.004105483 -2.594773293 0.010157757 -0.003996733 0.999940395 133.999221802
0.999907494 0.009043289 -0.010152416 -0.474108100 -0.008986237 0.999943614 0.005651261 -2.613435268 0.010202950 -0.005559507 0.999932528 135.266555786
0.999933243 0.004695532 -0.010556746 -0.480604589 -0.004663259 0.999984384 0.003079526 -2.622924566 0.010571043 -0.003030091 0.999939561 136.530868530
0.999948382 0.002258343 -0.009900164 -0.503080726 -0.002235997 0.999994993 0.002267540 -2.635284424 0.009905235 -0.002245286 0.999948442 137.779830933
0.999944925 0.001181452 -0.010426397 -0.502316475 -0.001160195 0.999997199 0.002044550 -2.655656338 0.010428785 -0.002032341 0.999943554 139.077484131
0.999948621 0.000680850 -0.010110453 -0.519627392 -0.000658948 0.999997437 0.002169443 -2.670445442 0.010111904 -0.002162669 0.999946535 140.328384399
0.999957621 0.000996584 -0.009149878 -0.544311762 -0.000957469 0.999990344 0.004278463 -2.686062574 0.009154053 -0.004269521 0.999948978 141.611206055
0.999951541 0.003446613 -0.009221339 -0.539103746 -0.003393638 0.999977708 0.005754319 -2.701406717 0.009240965 -0.005722747 0.999940932 142.876602173
0.999961317 0.003289843 -0.008154009 -0.569318771 -0.003256659 0.999986351 0.004079664 -2.717735529 0.008167320 -0.004052952 0.999958396 144.158355713
0.999962986 0.004191467 -0.007502189 -0.585993171 -0.004175482 0.999988973 0.002144990 -2.735022545 0.007511097 -0.002113585 0.999969602 145.432495117
0.999966383 0.003580539 -0.007372120 -0.595284939 -0.003582488 0.999993563 -0.000251495 -2.755876303 0.007371171 0.000277897 0.999972820 146.714004517
0.999970376 0.001764409 -0.007487007 -0.603824556 -0.001797660 0.999988556 -0.004436946 -2.780387640 0.007479093 0.004450275 0.999962151 147.978240967
0.999977469 0.002329804 -0.006293318 -0.630161762 -0.002380061 0.999965250 -0.007990272 -2.804038286 0.006274483 0.008005071 0.999948204 149.251159668
0.999979258 0.002266231 -0.006018731 -0.640171289 -0.002318021 0.999960184 -0.008611929 -2.843830347 0.005998976 0.008625701 0.999944806 150.503143311
0.999977708 0.001775504 -0.006423600 -0.648068428 -0.001830973 0.999961019 -0.008639990 -2.868399620 0.006408011 0.008651560 0.999942064 151.772903442
0.999973774 0.002516505 -0.006781224 -0.649340510 -0.002573098 0.999961853 -0.008349871 -2.894402981 0.006759954 0.008367101 0.999942183 153.020217896
0.999975085 0.002758359 -0.006496573 -0.682012677 -0.002802857 0.999972582 -0.006850493 -2.936427116 0.006477499 0.006868531 0.999955416 154.292388916
0.999970496 0.003753755 -0.006709286 -0.698766053 -0.003796368 0.999972582 -0.006349885 -2.964242935 0.006685266 0.006375168 0.999957263 155.561523438
0.999967933 0.003421802 -0.007238372 -0.711155832 -0.003470793 0.999971032 -0.006766373 -3.001079559 0.007215009 0.006791279 0.999950886 156.812927246
0.999962628 0.004029559 -0.007653847 -0.731482089 -0.004081498 0.999968708 -0.006782690 -3.019866943 0.007626277 0.006813676 0.999947667 158.078872681
0.999956906 0.004004405 -0.008376760 -0.748977721 -0.004049598 0.999977291 -0.005385037 -3.059539318 0.008355006 0.005418726 0.999950409 159.342880249
0.999943137 0.004922817 -0.009466794 -0.758935452 -0.004966808 0.999976933 -0.004628928 -3.094611645 0.009443790 0.004675684 0.999944448 160.579833984
0.999939203 0.005134955 -0.009755574 -0.783309281 -0.005194158 0.999968112 -0.006052881 -3.115314484 0.009724183 0.006103186 0.999934077 161.868301392
0.999927104 0.006410790 -0.010231663 -0.802927554 -0.006486130 0.999951959 -0.007347290 -3.150807381 0.010184072 0.007413118 0.999920666 163.135925293
0.999917865 0.006238661 -0.011194492 -0.824179769 -0.006319158 0.999954343 -0.007169843 -3.177305698 0.011149251 0.007239992 0.999911666 164.391799927
0.999910116 0.006713179 -0.011601953 -0.846481800 -0.006809045 0.999942839 -0.008243205 -3.201287746 0.011545951 0.008321462 0.999898672 165.673812866
0.999894917 0.007399437 -0.012468093 -0.859747767 -0.007514473 0.999929368 -0.009205027 -3.239172220 0.012399100 0.009297751 0.999879897 166.911254883
0.999888241 0.006873833 -0.013274672 -0.883018851 -0.006988707 0.999938369 -0.008626614 -3.275687695 0.013214558 0.008718423 0.999874651 168.183517456
0.999881268 0.005958282 -0.014212338 -0.900048614 -0.006055094 0.999958754 -0.006778484 -3.319593430 0.014171363 0.006863736 0.999876022 169.428375244
0.999869585 0.006357000 -0.014846417 -0.934474230 -0.006458304 0.999956071 -0.006785473 -3.341159105 0.014802631 0.006880471 0.999866724 170.687423706
0.999842405 0.008382710 -0.015648829 -0.952821493 -0.008483795 0.999943495 -0.006404364 -3.369747877 0.015594257 0.006536116 0.999857068 171.957962036
0.999852419 0.007762120 -0.015326600 -1.007955790 -0.007855811 0.999950767 -0.006062174 -3.405100822 0.015278788 0.006181682 0.999864221 173.251754761
0.999829054 0.007763454 -0.016780015 -1.015959978 -0.007877300 0.999946296 -0.006729227 -3.444089174 0.016726874 0.006860259 0.999836504 174.481185913
0.999813318 0.008803986 -0.017199149 -1.050700903 -0.008934073 0.999931931 -0.007501489 -3.475016356 0.017131932 0.007653748 0.999823868 175.759597778
0.999805152 0.009147955 -0.017489815 -1.080456257 -0.009272824 0.999931991 -0.007071854 -3.495860100 0.017423928 0.007232656 0.999822021 177.008132935
0.999794364 0.008967895 -0.018187759 -1.108758450 -0.009124120 0.999921978 -0.008524843 -3.526357651 0.018109890 0.008689035 0.999798298 178.256668091
0.999815106 0.006872083 -0.017957665 -1.135942221 -0.007052632 0.999924958 -0.010010224 -3.559417009 0.017887527 0.010135021 0.999788642 179.533126831
0.999824882 0.003700966 -0.018343154 -1.160593987 -0.003881211 0.999944389 -0.009800404 -3.594514847 0.018305866 0.009869880 0.999783754 180.794509888
0.999812961 0.004031237 -0.018916586 -1.181447268 -0.004144549 0.999973655 -0.005954642 -3.627954483 0.018892085 0.006031930 0.999803483 182.053787231
0.999819279 0.003443660 -0.018699519 -1.220132589 -0.003469265 0.999992967 -0.001336994 -3.663204432 0.018694784 0.001401627 0.999824226 183.323165894
0.999809742 -0.000120620 -0.019510329 -1.252503395 0.000086677 0.999998450 -0.001740596 -3.646190882 0.019510506 0.001738573 0.999808133 184.568939209
0.999824941 0.000950209 -0.018686615 -1.296276331 -0.001049155 0.999985456 -0.005285849 -3.668386221 0.018681316 0.005304528 0.999811411 185.819946289
0.999815822 0.002796286 -0.018986480 -1.318295717 -0.002922664 0.999973834 -0.006631749 -3.718789577 0.018967433 0.006686021 0.999797761 187.074859619
0.999817669 0.003010887 -0.018857844 -1.359030485 -0.003133994 0.999973953 -0.006502023 -3.744068146 0.018837776 0.006559937 0.999801040 188.346130371
0.999825358 0.002035030 -0.018580198 -1.388774633 -0.002132926 0.999984026 -0.005250530 -3.773420572 0.018569212 0.005289242 0.999813616 189.593399048
0.999819875 0.002906805 -0.018756656 -1.406013012 -0.002960338 0.999991596 -0.002826914 -3.814622879 0.018748283 0.002881931 0.999820054 190.797851562
0.999839425 0.001900286 -0.017824316 -1.452415943 -0.001940565 0.999995649 -0.002242771 -3.847979784 0.017819978 0.002277000 0.999838650 192.133056641
0.999855757 0.002142664 -0.016856087 -1.455628395 -0.002191357 0.999993443 -0.002870777 -3.869632721 0.016849833 0.002907300 0.999853790 193.281311035
0.999877512 0.001160613 -0.015605546 -1.479389071 -0.001228051 0.999989927 -0.004312492 -3.898998022 0.015600388 0.004331129 0.999868870 194.523818970
0.999898374 0.001131366 -0.014212425 -1.507426620 -0.001215621 0.999981701 -0.005921063 -3.927706957 0.014205468 0.005937738 0.999881446 195.755889893
0.999918699 0.000361201 -0.012747212 -1.530983210 -0.000441022 0.999980271 -0.006259539 -3.956617355 0.012744701 0.006264654 0.999899149 196.983078003
0.999935865 0.000901152 -0.011297816 -1.547902584 -0.000958521 0.999986649 -0.005073518 -4.002233982 0.011293096 0.005084022 0.999923289 198.177276611
0.999951124 0.000045717 -0.009884167 -1.575728893 -0.000078808 0.999994397 -0.003347511 -4.024475098 0.009883959 0.003348127 0.999945462 199.418472290
0.999961853 0.001159780 -0.008658998 -1.601131558 -0.001185137 0.999995112 -0.002923795 -4.059479713 0.008655564 0.002933945 0.999958217 200.630325317
0.999971926 0.000930283 -0.007428828 -1.613368392 -0.000953680 0.999994576 -0.003146670 -4.073761463 0.007425864 0.003153668 0.999967456 201.816787720
0.999978244 0.001298047 -0.006470901 -1.627317190 -0.001317122 0.999994814 -0.002944198 -4.102764130 0.006467046 0.002952657 0.999974787 203.010787964
0.999984980 0.001066319 -0.005371212 -1.646587610 -0.001082941 0.999994636 -0.003092767 -4.121161938 0.005367885 0.003098538 0.999980807 204.213989258
0.999989033 0.000986361 -0.004578433 -1.646229863 -0.001000075 0.999994993 -0.002994328 -4.154473305 0.004575457 0.002998875 0.999984980 205.391586304
0.999992549 -0.000024095 -0.003859184 -1.662908077 0.000015152 0.999997318 -0.002317545 -4.199079514 0.003859229 0.002317470 0.999989808 206.563034058
0.999994278 -0.000067812 -0.003389883 -1.661620617 0.000058369 0.999996126 -0.002785735 -4.210390568 0.003390059 0.002785522 0.999990344 207.717559814
0.999995470 -0.000337008 -0.002999584 -1.674455404 0.000331881 0.999998450 -0.001709047 -4.242046833 0.003000155 0.001708043 0.999994099 208.870361328
0.999993742 -0.000718374 -0.003459325 -1.676015139 0.000714690 0.999999166 -0.001066081 -4.263765812 0.003460087 0.001063602 0.999993443 209.982406616
0.999992073 -0.000345692 -0.003947555 -1.685048342 0.000341523 0.999999344 -0.001056825 -4.294929981 0.003947917 0.001055468 0.999991715 211.100585938
0.999990582 0.000200300 -0.004332403 -1.699695110 -0.000209100 0.999997914 -0.002031448 -4.316267490 0.004331987 0.002032335 0.999988556 212.181579590
0.999989629 0.000788601 -0.004483263 -1.717050433 -0.000801418 0.999995589 -0.002857918 -4.340523243 0.004480990 0.002861481 0.999985874 213.271057129
0.999985397 0.000516457 -0.005370230 -1.721712351 -0.000531977 0.999995649 -0.002889051 -4.368480682 0.005368715 0.002891866 0.999981403 214.327590942
0.999978065 0.000139537 -0.006618673 -1.723883629 -0.000158003 0.999996066 -0.002789530 -4.399039268 0.006618258 0.002790515 0.999974191 215.369110107
0.999962628 -0.000630176 -0.008613789 -1.738962770 0.000613635 0.999997914 -0.001922480 -4.423226833 0.008614983 0.001917123 0.999961078 216.420013428
0.999940455 -0.001617743 -0.010787770 -1.752816677 0.001616382 0.999998748 -0.000134742 -4.447964668 0.010787977 0.000117296 0.999941766 217.473892212
0.999919534 -0.000875879 -0.012650112 -1.774537563 0.000887583 0.999999166 0.000919571 -4.460784435 0.012649296 -0.000930725 0.999919474 218.474090576
0.999893248 -0.000500538 -0.014596154 -1.802939296 0.000521208 0.999998808 0.001412334 -4.490294933 0.014595430 -0.001419791 0.999892414 219.481918335
0.999852002 -0.000850418 -0.017176617 -1.830837011 0.000864974 0.999999225 0.000839966 -4.509716988 0.017175887 -0.000854699 0.999852061 220.464263916
0.999783397 -0.000776839 -0.020795012 -1.835263014 0.000796208 0.999999285 0.000923140 -4.528633595 0.020794278 -0.000939497 0.999783337 221.431167603
0.999721944 -0.000292694 -0.023574961 -1.876223326 0.000318816 0.999999344 0.001104313 -4.547400475 0.023574624 -0.001111522 0.999721467 222.367309570
0.999637604 -0.000107039 -0.026922861 -1.897191048 0.000135574 0.999999464 0.001058094 -4.571534634 0.026922734 -0.001061360 0.999636889 223.309997559
0.999520123 0.000685398 -0.030969087 -1.907247066 -0.000656158 0.999999344 0.000954319 -4.594080448 0.030969718 -0.000933541 0.999519825 224.204925537
0.999417782 0.000393531 -0.034116521 -1.942722797 -0.000385090 0.999999881 0.000253971 -4.618452549 0.034116618 -0.000240685 0.999417782 225.090744019
0.999288559 0.001229190 -0.037695214 -1.976361752 -0.001233080 0.999999285 -0.000079936 -4.631175041 0.037695087 0.000126360 0.999289274 225.954650879
0.999186337 0.001949869 -0.040285215 -2.018261433 -0.001972297 0.999997914 -0.000516950 -4.652940273 0.040284116 0.000595983 0.999188066 226.746688843
0.999075711 0.003868073 -0.042813752 -2.059591293 -0.003925338 0.999991536 -0.001253549 -4.663007259 0.042808540 0.001420449 0.999082208 227.570846558
0.999057353 0.004858412 -0.043137100 -2.094262600 -0.004870631 0.999988139 -0.000178170 -4.689024925 0.043135721 0.000388107 0.999069154 228.351379395
0.999055147 0.004928940 -0.043180607 -2.134980679 -0.004892868 0.999987543 0.000941048 -4.707568645 0.043184713 -0.000728882 0.999066889 229.131958008
0.999087214 0.004645666 -0.042462103 -2.170264721 -0.004588220 0.999988437 0.001450217 -4.725304604 0.042468347 -0.001254068 0.999097168 229.889495850
0.999102175 0.003662127 -0.042207636 -2.212173939 -0.003632222 0.999993145 0.000785195 -4.743458748 0.042210221 -0.000631183 0.999108613 230.622985840
0.999114871 0.005199469 -0.041742567 -2.237074375 -0.005242921 0.999985814 -0.000931587 -4.755955696 0.041737135 0.001149616 0.999127984 231.362121582
0.999147296 0.004906481 -0.040997110 -2.267701626 -0.005029497 0.999983191 -0.002898028 -4.776665211 0.040982202 0.003101751 0.999155104 232.094879150
0.999198675 0.005291420 -0.039671943 -2.300236702 -0.005458794 0.999976635 -0.004111834 -4.795475006 0.039649263 0.004325101 0.999204278 232.821029663
0.999242067 0.005668206 -0.038510740 -2.328511238 -0.005857324 0.999971271 -0.004799722 -4.808601856 0.038482435 0.005021654 0.999246657 233.545761108
0.999320030 0.005613741 -0.036441851 -2.364421368 -0.005790624 0.999971926 -0.004750132 -4.827853203 0.036414173 0.004957923 0.999324501 234.254684448
0.999375999 0.005253382 -0.034928210 -2.385249138 -0.005439847 0.999971390 -0.005245679 -4.838859558 0.034899663 0.005432411 0.999376118 234.973281860
0.999448359 0.005216734 -0.032798432 -2.416709900 -0.005379408 0.999973655 -0.004873509 -4.864882946 0.032772154 0.005047257 0.999450088 235.679092407
0.999504924 0.004249607 -0.031172840 -2.432173252 -0.004423580 0.999974966 -0.005514072 -4.878504276 0.031148629 0.005649239 0.999498785 236.385604858
0.999596834 0.004637602 -0.028010577 -2.458591461 -0.004765245 0.999978483 -0.004491910 -4.905221939 0.027989140 0.004623576 0.999597549 237.092071533
0.999678969 0.003757749 -0.025056019 -2.477343559 -0.003860905 0.999984205 -0.004069949 -4.917895317 0.025040327 0.004165381 0.999677718 237.790161133
0.999757469 0.002721234 -0.021854222 -2.494556665 -0.002803452 0.999989092 -0.003732288 -4.936695099 0.021843826 0.003792650 0.999754190 238.495117188
0.999818563 0.002442035 -0.018890828 -2.506672382 -0.002513083 0.999989748 -0.003738174 -4.947235584 0.018881507 0.003784970 0.999814510 239.189971924
0.999871612 0.002338198 -0.015850337 -2.519935608 -0.002404393 0.999988437 -0.004158414 -4.966234207 0.015840434 0.004195991 0.999865711 239.873672485
0.999915898 0.001843530 -0.012840665 -2.528651714 -0.001899859 0.999988556 -0.004375855 -4.982128143 0.012832452 0.004399882 0.999907970 240.562728882
0.999946415 0.002991949 -0.009904013 -2.541464090 -0.003044213 0.999981463 -0.005266185 -4.996470451 0.009888070 0.005296053 0.999937117 241.243515015
0.999966383 0.002942814 -0.007654101 -2.540152311 -0.002990411 0.999976277 -0.006214469 -5.005187035 0.007635628 0.006237150 0.999951363 241.939315796
0.999985158 0.003723687 -0.003982839 -2.554962635 -0.003743485 0.999980628 -0.004975055 -5.027572155 0.003964238 0.004989891 0.999979615 242.630462646
0.999989390 0.004426518 -0.001286990 -2.560272217 -0.004432655 0.999978602 -0.004805663 -5.039308548 0.001265690 0.004811316 0.999987543 243.333282471
0.999992490 0.003811802 0.000865302 -2.559640408 -0.003807755 0.999981999 -0.004632900 -5.058444023 -0.000882946 0.004629570 0.999988914 244.037124634
0.999991953 0.002806649 0.002858509 -2.563753128 -0.002790904 0.999980927 -0.005497275 -5.077886581 -0.002873884 0.005489253 0.999980807 244.740478516
0.999981999 0.003524418 0.004837526 -2.558920383 -0.003482950 0.999957263 -0.008553924 -5.091276169 -0.004867467 0.008536923 0.999951720 245.448394775
0.999980688 0.003856448 0.004857254 -2.550226212 -0.003811422 0.999949992 -0.009245117 -5.114021301 -0.004892664 0.009226424 0.999945462 246.156738281
0.999976337 0.004061579 0.005543685 -2.553004742 -0.004007138 0.999944031 -0.009796094 -5.130803108 -0.005583161 0.009773648 0.999936640 246.878128052
0.999949992 0.008125992 0.005830032 -2.549776554 -0.008063283 0.999910235 -0.010700812 -5.147590637 -0.005916463 0.010653269 0.999925733 247.596359253
0.999920487 0.010955942 0.006239928 -2.556697607 -0.010886812 0.999880075 -0.011007104 -5.162419796 -0.006359774 0.010938296 0.999919951 248.309844971
0.999928176 0.010160620 0.006340592 -2.550369740 -0.010087282 0.999883056 -0.011493026 -5.182433605 -0.006456626 0.011428242 0.999913871 249.090301514
0.999938428 0.009078021 0.006376373 -2.548746824 -0.008991518 0.999868870 -0.013466299 -5.201086998 -0.006497785 0.013408137 0.999888957 249.840728760
0.999957263 0.005943085 0.007086500 -2.549702644 -0.005832786 0.999863029 -0.015485061 -5.224884987 -0.007177559 0.015443064 0.999854922 250.597305298
0.999969602 0.002085697 0.007509028 -2.539050579 -0.001961744 0.999862313 -0.016476830 -5.237890244 -0.007542360 0.016461598 0.999836028 251.339248657
0.999959111 0.003995182 0.008102996 -2.537607908 -0.003896365 0.999918342 -0.012174278 -5.260262489 -0.008150972 0.012142208 0.999893010 252.103118896
0.999911129 0.010043262 0.008768365 -2.538606882 -0.009982401 0.999925971 -0.006957310 -5.264720917 -0.008837593 0.006869163 0.999937356 252.901107788
0.999911129 0.008916745 0.009906877 -2.537701845 -0.008885145 0.999955237 -0.003229185 -5.289014816 -0.009935230 0.003140875 0.999945700 253.687927246
0.999892294 0.008181311 0.012177352 -2.526842833 -0.008111146 0.999950230 -0.005800154 -5.301445961 -0.012224198 0.005700759 0.999909043 254.480422974
0.999834597 0.009152323 0.015716612 -2.510943890 -0.008972866 0.999894202 -0.011451126 -5.325672150 -0.015819754 0.011308209 0.999810934 255.276123047
0.999764085 0.009010816 0.019758554 -2.515206337 -0.008716918 0.999850810 -0.014910358 -5.342245579 -0.019889962 0.014734605 0.999693573 256.085815430
0.999656677 0.010769324 0.023887374 -2.526218891 -0.010421617 0.999838650 -0.014633115 -5.363296032 -0.024041113 0.014379145 0.999607503 256.883178711
0.999619186 0.009397720 0.025944848 -2.474516869 -0.009074859 0.999880254 -0.012533932 -5.383913994 -0.026059529 0.012293713 0.999584794 257.747375488
0.999556839 0.006676059 0.029009104 -2.451730728 -0.006388439 0.999929607 -0.009996207 -5.392711163 -0.029073797 0.009806453 0.999529123 258.577941895
0.999477088 0.004370656 0.032037184 -2.431050301 -0.004116959 0.999959648 -0.007980502 -5.419705391 -0.032070767 0.007844432 0.999454796 259.425994873
0.999385297 0.004294131 0.034792904 -2.403975487 -0.004066393 0.999969840 -0.006613637 -5.452381611 -0.034820255 0.006468087 0.999372661 260.264221191
0.999223411 0.009234144 0.038304776 -2.393812180 -0.008837654 0.999905705 -0.010507378 -5.455368996 -0.038398195 0.010160692 0.999210775 261.109344482
0.999143481 0.010269221 0.040086213 -2.364152908 -0.009772805 0.999873340 -0.012560086 -5.483316898 -0.040210120 0.012157572 0.999117255 261.944824219
0.999020338 0.010955744 0.042875435 -2.344375610 -0.010406008 0.999861002 -0.013023969 -5.495947838 -0.043012165 0.012565048 0.998995543 262.779632568
0.998924434 0.011685557 0.044873282 -2.280845642 -0.011197283 0.999875486 -0.011117198 -5.520915031 -0.044997610 0.010602778 0.998930871 263.662292480
0.998716891 0.013482749 0.048813500 -2.274563789 -0.013050482 0.999872804 -0.009163397 -5.544604778 -0.048930839 0.008514598 0.998765886 264.478668213
0.998558223 0.013504408 0.051951945 -2.242360115 -0.013034047 0.999871016 -0.009381992 -5.567115784 -0.052071944 0.008691322 0.998605490 265.317718506
0.998452783 0.014170543 0.053769115 -2.179345131 -0.013670246 0.999859869 -0.009660934 -5.591288567 -0.053898495 0.008910948 0.998506665 266.178131104
0.998365819 0.012531474 0.055753805 -2.116433144 -0.011963213 0.999873161 -0.010514420 -5.607651711 -0.055878498 0.009830242 0.998389184 267.045379639
0.998198748 0.009608537 0.059219122 -2.103902817 -0.009021328 0.999907494 -0.010175241 -5.621955872 -0.059311412 0.009622676 0.998193264 267.870849609
0.998151600 0.009585030 0.060013309 -2.055068970 -0.008971358 0.999904752 -0.010486681 -5.639065742 -0.060108114 0.009928894 0.998142540 268.719573975
0.998108745 0.009290422 0.060766559 -2.010986328 -0.008612282 0.999897718 -0.011412140 -5.647373199 -0.060866371 0.010867217 0.998086751 269.564514160
0.998106897 0.007824251 0.061003093 -1.957197189 -0.007225423 0.999923587 -0.010030776 -5.693554878 -0.061076902 0.009571014 0.998087108 270.445953369
0.998112381 0.008105575 0.060876530 -1.910940170 -0.007521633 0.999923527 -0.009815245 -5.708800316 -0.060951438 0.009338826 0.998097003 271.299072266
0.998206735 0.008288519 0.059286047 -1.842895508 -0.007792864 0.999932766 -0.008586742 -5.744332314 -0.059353255 0.008109332 0.998204112 272.172210693
0.998283446 0.008251727 0.057984371 -1.794843674 -0.007709781 0.999924541 -0.009563901 -5.764402390 -0.058058910 0.009100435 0.998271763 273.030883789
0.998366237 0.008443204 0.056512337 -1.758820534 -0.007876230 0.999916434 -0.010247963 -5.789100170 -0.056594145 0.009786114 0.998349309 273.865631104
0.998473883 0.009032033 0.054481640 -1.705140114 -0.008442149 0.999903262 -0.011047676 -5.812075138 -0.054576173 0.010570874 0.998453617 274.758911133
0.998561084 0.010490586 0.052588839 -1.652944565 -0.009922312 0.999889612 -0.011055451 -5.840025902 -0.052699018 0.010517742 0.998555005 275.625488281
0.998624563 0.012349979 0.050953820 -1.610078812 -0.011731320 0.999853969 -0.012422872 -5.849237442 -0.051099803 0.011808030 0.998623669 276.484863281
0.998702288 0.011861162 0.049527436 -1.604630470 -0.011352675 0.999880016 -0.010535518 -5.894761086 -0.049646471 0.009959579 0.998717129 277.306427002
0.998832762 0.011854077 0.046822987 -1.573446274 -0.011417265 0.999888778 -0.009585476 -5.912219524 -0.046931408 0.009039699 0.998857200 278.164001465
0.999039292 0.011071254 0.042400714 -1.529781342 -0.010772257 0.999915481 -0.007273748 -5.935895920 -0.042477664 0.006810009 0.999074221 279.037231445
0.999229610 0.009947492 0.037962396 -1.512786865 -0.009751664 0.999938190 -0.005340165 -5.955153465 -0.038013179 0.004965856 0.999264896 279.856384277
0.999433994 0.008577913 0.032526303 -1.477138519 -0.008465617 0.999957740 -0.003588621 -5.984064102 -0.032555714 0.003311235 0.999464393 280.697235107
0.999559820 0.009479303 0.028111633 -1.472623348 -0.009389360 0.999950409 -0.003329778 -5.997857571 -0.028141802 0.003064362 0.999599278 281.516265869
0.999680519 0.008258284 0.023888325 -1.463078976 -0.008203629 0.999963462 -0.002384976 -6.018069744 -0.023907153 0.002188243 0.999711812 282.316467285
0.999774575 0.008256317 0.019559335 -1.455418587 -0.008195320 0.999961317 -0.003196595 -6.022457123 -0.019584969 0.003035581 0.999803662 283.126495361
0.999846697 0.007654209 0.015743043 -1.449265480 -0.007607746 0.999966502 -0.003009049 -6.046949387 -0.015765548 0.002888819 0.999871492 283.895996094
0.999910712 0.007229708 0.011236213 -1.442096472 -0.007199843 0.999970436 -0.002696140 -6.068664074 -0.011255372 0.002615001 0.999933243 284.672088623
0.999947786 0.007497082 0.006937913 -1.431255221 -0.007477812 0.999968112 -0.002799364 -6.080995083 -0.006958677 0.002747337 0.999972045 285.407318115
