0.998090923 0.061554391 -0.005058369 0.058397673 -0.051796053 0.789617717 -0.611409068 0.961644173 -0.033640735 0.610503793 0.791298568 2.461189508
0.993850589 0.110662788 -0.003840808 0.047761898 -0.091006361 0.796575546 -0.597649813 0.382922292 -0.063078098 0.594324172 0.801748097 2.991202354
0.988241374 0.152868330 -0.003182783 0.039895803 -0.126740530 0.807335019 -0.576321959 -0.194992185 -0.085531794 0.569948614 0.817216516 3.518320799
0.993625820 0.112669080 -0.003669538 0.034657616 -0.092471048 0.796017885 -0.598167658 -0.517712116 -0.064473987 0.594694078 0.801362574 4.152363300
0.993613958 0.112782121 -0.003390474 0.030870095 -0.092450656 0.796531439 -0.597486913 -0.952804804 -0.064685218 0.593984783 0.801871479 4.711745262
0.993515670 0.113681175 -0.001787318 0.005080553 -0.092393942 0.798115373 -0.595378160 -1.368406892 -0.066256806 0.591682673 0.803443611 5.252079010
0.993563831 0.113270797 -0.000764526 0.019058309 -0.091733530 0.800651610 -0.592065632 -1.773561239 -0.066451639 0.588325083 0.805889368 5.766639709
0.993609667 0.112862796 0.001301322 0.010388000 -0.090397581 0.802630842 -0.589586258 -2.162500620 -0.067586832 0.585700929 0.807704389 6.283360958
0.997944176 0.064077698 0.001186135 0.009498614 -0.050460178 0.797006190 -0.601859450 -2.508249760 -0.039511126 0.600562215 0.798601151 6.787213802
0.997909009 0.064598605 0.002145269 0.009855427 -0.050283421 0.796768427 -0.602189004 -2.871145248 -0.040609855 0.600821912 0.798350692 7.247220039
0.997867286 0.065227263 0.002490118 0.013390148 -0.050462320 0.795063138 -0.604423881 -3.129065514 -0.041404709 0.603009164 0.796659052 7.569385529
0.997847736 0.065439567 0.004194167 0.003842026 -0.049480807 0.793387294 -0.606702745 -3.549834728 -0.043029968 0.605189443 0.794917703 8.101619720
0.997982204 0.063293390 0.005043928 0.015443731 -0.047211844 0.792835951 -0.607603550 -3.810106754 -0.042456303 0.606139421 0.794224381 8.413684845
0.998176754 0.059923723 0.007224007 0.014672756 -0.043096580 0.791391432 -0.609788597 -4.161862373 -0.042257819 0.608365476 0.792531192 8.862598419
0.998287380 0.057862334 0.008610081 0.025935404 -0.040557191 0.790635169 -0.610942662 -4.402217865 -0.042158004 0.609547198 0.791628003 9.169517517
0.997990549 0.062374674 0.011141453 0.017423488 -0.042501952 0.789413989 -0.612387896 -4.702248096 -0.046992719 0.610683858 0.790478826 9.526176453
0.997678638 0.066696949 0.013739758 0.017805964 -0.044281710 0.788699925 -0.613181412 -4.926091194 -0.051733885 0.611149549 0.789822638 9.804883003
0.997614920 0.066787906 0.017431412 0.025112912 -0.042161185 0.789554298 -0.612230659 -5.167629719 -0.054652657 0.610035598 0.790486932 10.090790749
0.997842252 0.062538169 0.019996023 0.047609150 -0.037228975 0.789780080 -0.612259269 -5.360770702 -0.054082040 0.610193789 0.790404201 10.334683418
0.998065829 0.057844091 0.022779802 0.056944221 -0.031810347 0.789995730 -0.612286627 -5.540490627 -0.053413119 0.610377669 0.790307641 10.554855347
0.998205721 0.054297373 0.025247833 0.064684063 -0.027568799 0.791016698 -0.611173213 -5.694336414 -0.053156566 0.609380543 0.791094124 10.743490219
0.998138726 0.054178681 0.027995704 0.078812242 -0.025853220 0.791693091 -0.610371709 -5.866687298 -0.055233140 0.608511865 0.791620255 10.951136589
0.998037100 0.055073857 0.029816208 0.084980339 -0.025395459 0.791090786 -0.611171365 -5.992379665 -0.057246894 0.609214485 0.790936470 11.107494354
0.997931719 0.055848215 0.031831726 0.095868796 -0.024678223 0.790077686 -0.612509727 -6.114482880 -0.059357118 0.610457420 0.789821744 11.254698753
0.997680664 0.058436833 0.034905754 0.087427855 -0.024787912 0.789504707 -0.613243699 -6.217082977 -0.063394278 0.610956311 0.789122045 11.379026413
0.999357820 -0.010742177 0.034183431 0.107984006 0.029771397 0.779802263 -0.625317574 -6.327463150 -0.019939052 0.625933707 0.779621363 11.531658173
0.999315083 -0.009130116 0.035859842 0.107772082 0.029602489 0.778719425 -0.626673579 -6.425231934 -0.022203153 0.627305925 0.778456450 11.648246765
0.999250233 -0.010219171 0.037342262 0.123449475 0.031413149 0.777788699 -0.627740264 -6.523811340 -0.022629403 0.628442645 0.777526677 11.758893967
0.999173164 -0.011527639 0.038988516 0.131133407 0.033505235 0.776671112 -0.629014552 -6.612857819 -0.023030201 0.629800737 0.776415169 11.869756699
0.999106646 -0.012457711 0.040382646 0.134407610 0.035122268 0.776198983 -0.629508913 -6.693346977 -0.023502730 0.630364895 0.775943041 11.957254410
0.999053121 -0.011391485 0.041990969 0.139438659 0.035348244 0.775217652 -0.630704403 -6.775084496 -0.025367487 0.631591499 0.774886191 12.057781219
0.997136593 0.060860977 0.044882935 0.130490661 -0.019891899 0.783720911 -0.620794475 -6.873011112 -0.072957844 0.618124127 0.782687485 12.166419983
0.997116625 0.060682040 0.045564387 0.138898611 -0.019162918 0.782340765 -0.622555792 -6.950836658 -0.073424831 0.619887531 0.781247854 12.257627487
0.997142792 0.059794843 0.046160161 0.144949853 -0.017933760 0.780994058 -0.624280751 -7.023046017 -0.073379584 0.621669352 0.779834926 12.343084335
0.997225523 0.059091829 0.045269713 0.155560732 -0.017811850 0.779897749 -0.625653386 -7.104134560 -0.072276749 0.623111308 0.778786421 12.436336517
0.997288704 0.058874991 0.044148549 0.139325976 -0.018224740 0.778843582 -0.626953304 -7.167791843 -0.071296684 0.624448955 0.777804732 12.526140213
0.997447908 0.058792032 0.040513087 0.155604750 -0.020415040 0.778570771 -0.627224505 -7.262401581 -0.068418115 0.624796748 0.777783990 12.634999275
0.997595012 0.059141155 0.036149051 0.160420179 -0.023316482 0.777462125 -0.628497303 -7.334551334 -0.065274581 0.626142979 0.776971221 12.734457970
0.997777879 0.059252135 0.030475372 0.156281739 -0.026920397 0.776880205 -0.629072607 -7.422062397 -0.060949612 0.626854300 0.776748896 12.830582619
0.993984938 0.106995597 0.023361122 0.149549544 -0.069931380 0.784260154 -0.616478503 -7.419828415 -0.084281668 0.611136615 0.787025273 12.981014252
0.994105995 0.107209258 0.016106606 0.145325705 -0.074552812 0.783900857 -0.616393924 -7.493330956 -0.078709111 0.611560166 0.787273228 13.070640564
0.994210005 0.107175671 0.007726301 0.141545191 -0.079629660 0.783140540 -0.616725266 -7.568825722 -0.072148725 0.612539113 0.787140608 13.173205376
0.996194065 -0.087143458 -0.001913075 0.150278419 0.065078631 0.758198857 -0.648767471 -7.798001289 0.057986338 0.646173716 0.760984302 13.259666443
0.995921552 -0.088957608 -0.015066114 0.144024208 0.057773374 0.757025301 -0.650826275 -7.885802746 0.069301382 0.647301435 0.759077191 13.360482216
0.995465696 -0.089892529 -0.031106805 0.123465747 0.047797669 0.755439520 -0.653472662 -7.979291916 0.082241625 0.649022698 0.756310701 13.475412369
0.998579085 -0.015625549 -0.050947998 0.089575529 -0.021128910 0.761598349 -0.647704840 -8.096090317 0.048922651 0.647860944 0.760186017 13.613477707
0.997236729 -0.015044771 -0.072751164 0.051016212 -0.035686582 0.761884093 -0.646729589 -8.210318565 0.065157846 0.647538602 0.759241819 13.742971420
0.995258331 -0.014348882 -0.096202463 0.009260535 -0.051283956 0.763000965 -0.644359827 -8.333543777 0.082648411 0.646238089 0.758647203 13.877898216
0.988693058 -0.087023340 -0.122118607 -0.034090161 -0.013989997 0.757294476 -0.652923703 -8.514679909 0.149299353 0.647249579 0.747514367 14.059129715
0.984543502 -0.085957751 -0.152595654 -0.089067221 -0.034591403 0.758676529 -0.650548458 -8.659405708 0.171690419 0.645771801 0.743976653 14.217204094
0.978967249 -0.085366249 -0.185298949 -0.179641962 -0.056107875 0.760575235 -0.646820843 -8.816779137 0.196150452 0.643613160 0.739788473 14.394381523
0.971279025 -0.084636822 -0.222381845 -0.261616468 -0.080352627 0.763027549 -0.641351998 -9.003069878 0.223965481 0.640800714 0.734311879 14.594160080
0.961408079 -0.083151400 -0.262260288 -0.360954285 -0.106665470 0.766028523 -0.633894801 -9.164028168 0.253608137 0.637405634 0.727596819 14.779670715
0.949410796 -0.079350911 -0.303846240 -0.475842476 -0.135809094 0.768646598 -0.625090659 -9.334108353 0.283151865 0.634732962 0.718984962 14.955706596
0.923677027 -0.163971722 -0.346314877 -0.596457005 -0.104003944 0.762592077 -0.638464153 -9.544539452 0.368787020 0.625752807 0.687335074 15.209883690
0.906943738 -0.161085367 -0.389235914 -0.763352394 -0.133958891 0.765746593 -0.629036725 -9.753450394 0.399384677 0.622642577 0.672910213 15.408608437
0.887208760 -0.158239424 -0.433383107 -0.887326717 -0.163807005 0.770105481 -0.616526246 -9.920803070 0.431309491 0.617978632 0.657323658 15.569061279
0.868204534 -0.156346545 -0.470931590 -1.040420532 -0.207705855 0.747409880 -0.631060004 -10.281769753 0.450643063 0.645704448 0.616430640 15.829858780
0.844147742 -0.151381671 -0.514293909 -1.244431973 -0.241555944 0.749011815 -0.616953731 -10.482019424 0.478607833 0.645030856 0.595709503 15.999544144
0.816423416 -0.148020625 -0.558160067 -1.451200962 -0.275650352 0.749452353 -0.601945221 -10.674673080 0.507414758 0.645299196 0.571068525 16.171924591
0.786477387 -0.145138204 -0.600323379 -1.764309883 -0.309319884 0.748746872 -0.586258709 -10.927124023 0.534578860 0.646771252 0.543978274 16.376480103
0.753099322 -0.141924337 -0.642416537 -2.023365974 -0.342532635 0.749091327 -0.567039311 -11.133296967 0.561705291 0.647085488 0.515526414 16.538833618
0.716433287 -0.139321774 -0.683602870 -2.342951775 -0.375185102 0.749162138 -0.545886636 -11.344008446 0.588183403 0.647568941 0.484453142 16.732192993
0.714441299 -0.052278247 -0.697739661 -2.598370552 -0.481791049 0.686384559 -0.544750988 -11.898768425 0.507396340 0.725357294 0.465194315 16.819059372
0.674822748 -0.052134551 -0.736136019 -2.936398506 -0.510679066 0.687108457 -0.516806483 -12.114091873 0.532748640 0.724681973 0.437052280 16.980506897
0.640519559 -0.057814304 -0.765762508 -3.340042114 -0.533697188 0.683484972 -0.498011678 -12.378599167 0.552179396 0.727671504 0.406930119 17.158103943
0.597206950 -0.058135435 -0.799977660 -3.754283905 -0.558529317 0.685678065 -0.466787696 -12.598167419 0.575664043 0.725579679 0.377021283 17.327190399
0.579729140 -0.079674885 -0.810904443 -4.115133286 -0.571708560 0.669335067 -0.474489063 -12.832921982 0.580571651 0.738676131 0.342482209 17.475368500
0.529500782 -0.077176929 -0.844791472 -4.655251503 -0.596417308 0.674307466 -0.435426205 -13.019824028 0.603253961 0.734406650 0.311016679 17.602310181
0.478832662 -0.078449465 -0.874394119 -5.139433384 -0.618737161 0.676424026 -0.399518430 -13.226825714 0.622803211 0.732322395 0.275354266 17.728862762
0.399549603 -0.064065531 -0.914470315 -5.820394039 -0.601675272 0.734292746 -0.314326257 -13.454015732 0.691626310 0.675803065 0.254839778 17.850990295
0.346727341 -0.066161655 -0.935629606 -6.379877090 -0.619324446 0.732996047 -0.281343132 -13.588615417 0.704426885 0.677007735 0.213174254 17.964332581
0.288082272 -0.055357292 -0.956004262 -6.961580753 -0.635989964 0.735292315 -0.234226197 -13.732137680 0.715908766 0.675485551 0.176618010 18.043935776
0.230203420 -0.045964599 -0.972056389 -7.576593876 -0.652640641 0.733651340 -0.189250454 -13.878791809 0.721849322 0.677969575 0.138890713 18.120244980
0.181399837 -0.045054320 -0.982376754 -8.195013046 -0.659026265 0.735882044 -0.155441284 -13.971116066 0.729916751 0.675609171 0.103796884 18.169801712
0.136987403 -0.043555792 -0.989614725 -8.837997437 -0.664901793 0.736489475 -0.124454051 -14.049933434 0.734261572 0.675045252 0.071929447 18.190402985
0.096643582 -0.044691011 -0.994315207 -9.546486855 -0.671224296 0.734712362 -0.098263159 -14.111572266 0.734927237 0.676904976 0.041007556 18.193103790
0.042532958 -0.041430559 -0.998235643 -10.255727768 -0.713412762 0.698223948 -0.059376147 -14.275836945 0.699452043 0.714679539 0.000140441 18.245868683
0.014688354 -0.041250538 -0.999040842 -10.995137215 -0.717415810 0.695537806 -0.039266624 -14.281879425 0.696490347 0.717304528 -0.019377470 18.212741852
-0.002689720 -0.039326817 -0.999222755 -11.671312332 -0.706577182 0.707160890 -0.025930028 -14.285389900 0.707630873 0.705958128 -0.029689495 18.205858231
-0.015228926 -0.033264339 -0.999330580 -12.473980904 -0.706098497 0.707997859 -0.012806527 -14.292334557 0.707949877 0.705430746 -0.034269944 18.162158966
-0.009012563 -0.036245532 -0.999302387 -13.197712898 -0.684841752 0.728410602 -0.020243572 -14.249157906 0.728636086 0.684181452 -0.031387299 18.079856873
-0.012901239 -0.039355926 -0.999141932 -14.049209595 -0.684284687 0.728944063 -0.019877201 -14.274143219 0.729100883 0.683441103 -0.036334939 18.052125931
-0.013126677 -0.043344513 -0.998973966 -14.839405060 -0.678806901 0.733958840 -0.022926124 -14.306258202 0.734199345 0.677809596 -0.039056994 18.024560928
-0.008643843 -0.045062069 -0.998946726 -15.724349022 -0.669887424 0.741946697 -0.027672391 -14.326992035 0.742412329 0.668942869 -0.036599781 17.983570099
-0.004056301 -0.045269400 -0.998966575 -16.563213348 -0.669397831 0.742260396 -0.030918356 -14.371842384 0.742892921 0.668580711 -0.033314068 17.972654343
0.002535250 -0.046345465 -0.998922288 -17.492019653 -0.670685172 0.740864396 -0.036074936 -14.394376755 0.741737843 0.670053720 -0.029204939 17.909235001
-0.010740102 -0.046790250 -0.998847008 -18.336088181 -0.689818442 0.723498106 -0.026474467 -14.440952301 0.723902702 0.688738704 -0.040047221 17.914787292
-0.007700616 -0.057853103 -0.998295426 -19.343143463 -0.691580832 0.721377790 -0.036470503 -14.472839355 0.722257972 0.690121174 -0.045565147 17.879362106
-0.011414010 -0.063516408 -0.997915506 -20.206008911 -0.709764779 0.703484297 -0.036657948 -14.480009079 0.704346299 0.707866848 -0.053111292 17.793075562
-0.011664839 -0.066685513 -0.997705877 -21.221485138 -0.714026630 0.699065924 -0.038376607 -14.497935295 0.700021386 0.711940825 -0.055769715 17.729755402
-0.014961583 -0.060075942 -0.998081803 -22.158788681 -0.720514417 0.692751229 -0.030896923 -14.529698372 0.693278372 0.718670070 -0.053650253 17.660774231
-0.018667147 -0.052300826 -0.998456895 -23.230567932 -0.724289536 0.689126909 -0.022556292 -14.539646149 0.689243078 0.722750843 -0.050744977 17.584487915
-0.041126303 -0.037243679 -0.998459697 -24.229619980 -0.746740937 0.665088415 0.005949530 -14.669137955 0.663842320 0.745835304 -0.055164013 17.565948486
-0.041495565 -0.027245009 -0.998767197 -25.328166962 -0.747731447 0.663874865 0.012956238 -14.647880554 0.662703454 0.747347116 -0.047919810 17.482648849
-0.052689556 -0.016003316 -0.998482645 -26.330760956 -0.754051030 0.656163216 0.029274227 -14.745330811 0.654699028 0.754449248 -0.046640262 17.458921432
-0.053252775 -0.015487712 -0.998460948 -27.457481384 -0.753675282 0.656561255 0.030012857 -14.703524590 0.655085921 0.754113674 -0.046636418 17.386480331
-0.047259446 -0.021359812 -0.998654246 -28.435045242 -0.746604145 0.664933562 0.021109646 -14.631584167 0.663587809 0.746597052 -0.047371715 17.318099976
-0.049022462 -0.026511304 -0.998445749 -29.555458069 -0.746747017 0.664836526 0.019011237 -14.600316048 0.663299263 0.746518254 -0.052389164 17.236974716
-0.082175322 -0.017219102 -0.996469140 -30.624160767 -0.757021487 0.651382983 0.051172931 -14.868207932 0.648201883 0.758553684 -0.066562839 17.217329025
-0.087190256 -0.022424942 -0.995939255 -31.723102570 -0.757302999 0.651018798 0.051640082 -14.803679466 0.647217095 0.758730352 -0.073744975 17.125532150
-0.094921440 -0.024011509 -0.995195091 -32.759300232 -0.757150471 0.650791228 0.056514855 -14.762570381 0.646307290 0.758876920 -0.079954363 17.044874191
-0.100546807 -0.021823417 -0.994692981 -33.884319305 -0.757232070 0.650169969 0.062278837 -14.682523727 0.645360351 0.759475291 -0.081897907 16.933843613
-0.101259716 -0.019633546 -0.994666278 -34.920261383 -0.754225850 0.653500080 0.063882902 -14.589267731 0.648760259 0.756671786 -0.080981366 16.827926636
-0.106124230 -0.016808124 -0.994210899 -36.070640564 -0.756233633 0.650576293 0.069723375 -14.501485825 0.645637989 0.759254873 -0.081752777 16.704645157
-0.109627493 -0.014961621 -0.993860126 -37.208892822 -0.758389354 0.647598445 0.073904961 -14.405509949 0.642516494 0.761834979 -0.082341328 16.579284668
-0.130984724 -0.004020942 -0.991376162 -38.272697449 -0.759668648 0.642919838 0.097762927 -14.474095345 0.636982381 0.765922904 -0.087267265 16.527326584
-0.131736696 -0.003203749 -0.991279542 -39.400318146 -0.762277782 0.639597237 0.099236250 -14.354726791 0.633701801 0.768703401 -0.086700588 16.414821625
-0.133539081 -0.003645976 -0.991036832 -40.454761505 -0.762961447 0.638590813 0.100457296 -14.252863884 0.632500708 0.769537866 -0.088058569 16.297544479
-0.134038940 -0.004352045 -0.990966499 -41.560382843 -0.763277531 0.638215899 0.100438684 -14.132212639 0.632013440 0.769845128 -0.088867605 16.161315918
-0.125106916 -0.012135983 -0.992069066 -42.609405518 -0.768060386 0.634148717 0.089100279 -13.974375725 0.628037810 0.773115873 -0.088657551 16.048778534
-0.124845669 -0.013016811 -0.992090821 -43.737556458 -0.769835651 0.632064819 0.088583812 -13.866869926 0.625912547 0.774806082 -0.088931367 15.921020508
-0.137012467 -0.009048944 -0.990527987 -44.839935303 -0.768176377 0.632304430 0.100479797 -13.810277939 0.625406027 0.774667144 -0.093584783 15.823279381
-0.136130676 -0.013859077 -0.990593910 -45.953353882 -0.771738470 0.628458321 0.097262271 -13.698607445 0.621199131 0.777719676 -0.096248046 15.679712296
-0.134340286 -0.015222073 -0.990818322 -47.083782196 -0.773086190 0.627118528 0.095184520 -13.568468094 0.619911730 0.778774917 -0.096015267 15.562257767
-0.122978754 -0.017406924 -0.992256641 -48.183238983 -0.777442873 0.623125494 0.085423730 -13.483079910 0.616813421 0.781928182 -0.090164080 15.430408478
-0.120289609 -0.014174933 -0.992637694 -49.356258392 -0.777679086 0.622841299 0.085346334 -13.392594337 0.617045879 0.782219827 -0.085944884 15.307597160
-0.117909633 -0.014552521 -0.992917717 -50.470581055 -0.777320623 0.623583019 0.083167903 -13.280634880 0.617956281 0.781621695 -0.084838420 15.182045937
-0.143891111 0.006289755 -0.989573538 -51.550132751 -0.747875333 0.654167473 0.112904362 -13.178395271 0.648056984 0.756323576 -0.089424923 15.103023529
-0.137989968 0.006087015 -0.990414858 -52.689102173 -0.751079381 0.651211023 0.108646713 -13.033899307 0.645630419 0.758872330 -0.085288748 14.976696014
-0.133504108 0.007164597 -0.991022229 -53.797248840 -0.754356086 0.647800982 0.106305219 -12.924060822 0.642746866 0.761775970 -0.081079423 14.865137100
-0.125689045 0.005525339 -0.992054284 -54.955165863 -0.758170366 0.644397616 0.099646002 -12.768403053 0.639827967 0.764670730 -0.076804578 14.747057915
-0.118953153 0.005218269 -0.992886126 -56.113178253 -0.759483039 0.643645287 0.094372980 -12.650087357 0.639558971 0.765306115 -0.072600454 14.623939514
-0.115576245 0.004289037 -0.993289351 -57.232940674 -0.758996248 0.644690454 0.091098361 -12.572071075 0.640754879 0.764431715 -0.071255542 14.558258057
-0.108790450 0.003977001 -0.994056821 -58.388397217 -0.759320617 0.645051181 0.085681416 -12.446552277 0.641558170 0.764129043 -0.067155585 14.453330040
-0.105505720 0.008730321 -0.994380355 -59.507057190 -0.746187329 0.660291374 0.084969096 -12.341778755 0.657322526 0.750958800 -0.063150063 14.368848801
-0.098457538 0.010139241 -0.995089471 -60.666221619 -0.746135950 0.660901964 0.080559328 -12.234512329 0.658473492 0.750403762 -0.057505522 14.273139954
-0.094637968 0.016520076 -0.995374680 -61.828750610 -0.731962621 0.676534235 0.080821671 -12.159316063 0.674740255 0.736225843 -0.051933747 14.199714661
-0.088565513 0.015134797 -0.995955467 -63.010242462 -0.732556999 0.676514387 0.075423248 -12.065708160 0.674919605 0.736273825 -0.048828747 14.127862930
-0.084268466 0.011000229 -0.996382356 -64.157035828 -0.732339561 0.677392244 0.069415726 -11.991498947 0.675705254 0.735539794 -0.049026903 14.049108505
-0.078766473 0.006110513 -0.996874452 -65.324523926 -0.732388675 0.678055763 0.062024835 -11.914183617 0.676315427 0.734985054 -0.048932794 13.960239410
-0.076245837 0.005567354 -0.997073650 -66.503013611 -0.732235789 0.678422391 0.059781913 -11.862707138 0.676769793 0.734651029 -0.047650270 13.902953148
-0.071799800 0.007412229 -0.997391522 -67.711746216 -0.732445598 0.678370297 0.057768371 -11.782688141 0.677029014 0.734682798 -0.043277793 13.827017784
-0.067877993 0.014354212 -0.997590363 -68.853134155 -0.713100135 0.698611140 0.058572948 -11.721916199 0.697768569 0.715357542 -0.037184324 13.763811111
-0.065800063 0.012757057 -0.997751236 -70.034103394 -0.715157211 0.696711004 0.056071453 -11.627918243 0.695859611 0.717238426 -0.036720321 13.707437515
-0.065616295 0.014886606 -0.997733891 -71.214378357 -0.715108454 0.696650743 0.057423670 -11.587520599 0.695926964 0.717256010 -0.035066102 13.637374878
-0.063468941 0.013737108 -0.997889340 -72.408882141 -0.716348350 0.695560813 0.055137258 -11.506083488 0.694850028 0.718335927 -0.034305964 13.567761421
-0.060326602 0.024107998 -0.997887492 -73.595565796 -0.672715068 0.737586319 0.058487900 -11.469858170 0.737438202 0.674822390 -0.028278261 13.540522575
-0.058075462 0.022154193 -0.998066306 -74.794586182 -0.671609104 0.738825560 0.055479374 -11.380641937 0.738626003 0.673532426 -0.028028678 13.481668472
-0.057997502 0.027325910 -0.997942626 -75.994743347 -0.649259806 0.758313715 0.058497407 -11.338489532 0.758352160 0.651316702 -0.026238685 13.446336746
-0.057156608 0.027945472 -0.997973979 -77.214927673 -0.647489548 0.759836376 0.058360528 -11.273986816 0.759927928 0.649513423 -0.025335273 13.400211334
-0.054944068 0.038206320 -0.997758210 -78.412658691 -0.622313857 0.780135393 0.064142354 -11.211555481 0.780837119 0.624442995 -0.019087482 13.351544380
-0.054761656 0.041544482 -0.997634768 -79.632179260 -0.624259770 0.778366029 0.066680022 -11.137566566 0.779295087 0.626434803 -0.016690062 13.312098503
-0.053268753 0.042809717 -0.997662127 -80.827476501 -0.614099681 0.786418915 0.066534244 -11.054973602 0.787428737 0.616208196 -0.015602121 13.279067039
-0.052458674 0.040936165 -0.997783661 -82.021743774 -0.614509046 0.786263168 0.064566024 -10.981760025 0.787163734 0.616534173 -0.016090682 13.241218567
-0.052408330 0.038115229 -0.997898102 -83.216674805 -0.614876926 0.786156833 0.062320214 -10.914189339 0.786879718 0.616850615 -0.017764989 13.199296951
-0.052289318 0.039487436 -0.997850895 -84.421142578 -0.614905357 0.786054134 0.063328318 -10.845561981 0.786865413 0.616895199 -0.016821194 13.162085533
-0.052058220 0.040770762 -0.997811437 -85.624298096 -0.614030004 0.786669075 0.064178862 -10.779968262 0.787564099 0.616027117 -0.015918121 13.128064156
-0.052064709 0.045094460 -0.997625053 -86.799896240 -0.613688886 0.786649883 0.067585602 -10.696981430 0.787829459 0.615750194 -0.013282738 13.099738121
-0.052005708 0.048769452 -0.997455239 -87.984855652 -0.614684224 0.785619915 0.070460647 -10.645006180 0.787057042 0.616784334 -0.010878906 13.063331604
-0.051113337 0.048621021 -0.997508585 -89.167709351 -0.615896642 0.784728110 0.069808729 -10.564029694 0.786167264 0.617930293 -0.010164550 13.023119926
-0.051326014 0.046738610 -0.997587621 -90.353195190 -0.615464985 0.785186112 0.068452984 -10.499609947 0.786491275 0.617493749 -0.011534491 12.992966652
-0.050956156 0.045483921 -0.997664630 -91.536544800 -0.614311099 0.786195695 0.067219168 -10.430969238 0.787416875 0.616301715 -0.012120229 12.959075928
-0.050122071 0.046636403 -0.997653663 -92.733558655 -0.613280833 0.786966980 0.067598820 -10.358665466 0.788273096 0.615230024 -0.010843200 12.928742409
-0.050567377 0.050519988 -0.997442067 -93.911315918 -0.611233175 0.788267314 0.070913106 -10.295380592 0.789833486 0.613255560 -0.008981127 12.913060188
-0.050892644 0.052734163 -0.997310936 -95.081314087 -0.610812247 0.788416207 0.072858237 -10.227262497 0.790138125 0.612877727 -0.007913908 12.899135590
-0.050766647 0.054644682 -0.997214437 -96.254776001 -0.610406280 0.788597167 0.074287862 -10.161211014 0.790459931 0.612477362 -0.006678972 12.872534752
-0.050247226 0.055942919 -0.997168779 -97.454589844 -0.612442970 0.786947966 0.075010099 -10.078973770 0.788916111 0.614478111 -0.005280103 12.856039047
-0.049615793 0.056157727 -0.997188389 -98.600204468 -0.613583684 0.786079168 0.074798174 -10.015666008 0.788069367 0.615569651 -0.004544474 12.807564735
-0.049960352 0.051472060 -0.997424006 -99.768493652 -0.615218699 0.785122752 0.071332186 -9.936000824 0.786771774 0.617197752 -0.007558430 12.787255287
-0.047160689 0.050824575 -0.997593462 -100.934013367 -0.617247403 0.783728004 0.069108762 -9.876839638 0.785354376 0.619021177 -0.005589810 12.754629135
-0.046941120 0.048838127 -0.997703075 -102.110717773 -0.617366433 0.783781886 0.067413151 -9.799340248 0.785273969 0.619112730 -0.006640580 12.723216057
-0.048065234 0.049231265 -0.997630179 -103.292045593 -0.616513312 0.784366846 0.068410352 -9.726288795 0.785875976 0.618340492 -0.007349044 12.712203979
-0.048009623 0.051424813 -0.997522175 -104.464782715 -0.616470337 0.784251451 0.070100188 -9.656646729 0.785913169 0.618308365 -0.005949745 12.684608459
-0.046858642 0.053553663 -0.997464895 -105.615364075 -0.614916980 0.785384178 0.071054503 -9.602400780 0.787198424 0.616687655 -0.003870984 12.665543556
-0.047945548 0.052217633 -0.997484088 -106.779586792 -0.617663145 0.783259153 0.070691995 -9.531431198 0.784979939 0.619498432 -0.005300884 12.648519516
-0.047901716 0.053375859 -0.997425020 -107.947082520 -0.620026290 0.781308174 0.071587667 -9.453353882 0.783117414 0.621858954 -0.004331573 12.609612465
-0.048160426 0.051970687 -0.997486591 -109.130470276 -0.622427881 0.779480696 0.070664138 -9.374605179 0.781194031 0.624266684 -0.005192115 12.590023041
-0.048130061 0.049362674 -0.997620583 -110.305892944 -0.623572528 0.778748214 0.068616964 -9.326969147 0.780282497 0.625391304 -0.006699993 12.556197166
-0.049131192 0.045704160 -0.997746110 -111.472053528 -0.623642921 0.778885305 0.066388242 -9.255999565 0.780163825 0.625498891 -0.009764492 12.536127090
-0.050667405 0.044780634 -0.997711122 -112.613990784 -0.620294511 0.781538248 0.066578887 -9.194389343 0.782730758 0.622248173 -0.011821333 12.531126976
-0.050302215 0.044592578 -0.997738063 -113.873184204 -0.617771864 0.783568621 0.066166319 -9.117264748 0.784746885 0.619702935 -0.011867200 12.483934402
-0.051221594 0.046508808 -0.997603774 -115.072372437 -0.616833746 0.784130812 0.068227693 -9.046133041 0.785425127 0.618850410 -0.011476226 12.457792282
-0.051475819 0.049782980 -0.997432590 -116.314285278 -0.615939558 0.784592211 0.070947468 -8.968643188 0.786109865 0.618010283 -0.009724221 12.425518036
-0.052121401 0.049921915 -0.997392118 -117.555030823 -0.614797950 0.785442352 0.071441211 -8.894258499 0.786960542 0.616918147 -0.010246465 12.406587601
-0.052535627 0.045211464 -0.997595072 -118.764633179 -0.614418507 0.786046028 0.067980655 -8.819673538 0.787229121 0.616512299 -0.013516654 12.372452736
-0.053966034 0.041685499 -0.997672200 -119.988906860 -0.614622593 0.786047816 0.066089377 -8.752643585 0.786973119 0.616758645 -0.016799027 12.343235016
-0.053897712 0.039836649 -0.997751534 -121.234291077 -0.613308370 0.787200570 0.064560518 -8.674734116 0.788002431 0.615409017 -0.017996166 12.293442726
-0.054534029 0.041354720 -0.997655153 -122.478317261 -0.614696741 0.785982132 0.066181146 -8.601789474 0.786876023 0.616864502 -0.017442157 12.249217987
-0.054790109 0.045487266 -0.997461259 -123.749931335 -0.618338943 0.782817900 0.069663957 -8.519412041 0.783999383 0.620586038 -0.014764134 12.208918571
-0.054694112 0.048160546 -0.997341037 -125.016357422 -0.621740878 0.779928923 0.071758166 -8.433550835 0.781310976 0.624012411 -0.012714139 12.159488678
-0.055198375 0.047859017 -0.997327805 -126.272087097 -0.627281010 0.775464118 0.071930058 -8.346384048 0.776834428 0.629575193 -0.012783308 12.115019798
-0.054415554 0.045706250 -0.997471750 -127.542602539 -0.629427791 0.773917615 0.069800027 -8.265570641 0.775151193 0.631634712 -0.013344373 12.077459335
-0.055541638 0.043994512 -0.997486651 -128.807815552 -0.631492198 0.772285938 0.069224447 -8.187519073 0.773390412 0.633749902 -0.015111839 12.054831505
-0.055703036 0.044152472 -0.997470677 -130.065200806 -0.631159842 0.772538066 0.069442630 -8.118273735 0.773650229 0.633431554 -0.015165444 11.991933823
-0.055952258 0.042765521 -0.997517169 -131.336883545 -0.629462838 0.774006188 0.068490699 -8.035277367 0.775013447 0.631732166 -0.016388087 11.955602646
-0.056703806 0.042877749 -0.997469902 -132.601348877 -0.628875852 0.774434388 0.069040336 -7.951008797 0.775435269 0.631199479 -0.016948592 11.926148415
-0.056895725 0.047858309 -0.997232318 -133.845214844 -0.628759861 0.774162829 0.073025979 -7.880139351 0.775515258 0.631174505 -0.013955180 11.881047249
-0.057962999 0.052477948 -0.996938527 -135.110778809 -0.627637506 0.774661660 0.077268966 -7.811800957 0.776344955 0.630194664 -0.011964597 11.844897270
-0.057788271 0.051212080 -0.997014463 -136.362960815 -0.628255844 0.774267614 0.076185137 -7.715116501 0.775857508 0.630782783 -0.012569298 11.794837952
-0.056487046 0.049745601 -0.997163296 -137.654556274 -0.627659678 0.774942100 0.074215144 -7.649588585 0.776435792 0.630071461 -0.012550879 11.764045715
-0.055003162 0.049687233 -0.997249126 -138.928451538 -0.627214432 0.775396585 0.073227525 -7.569153786 0.776902020 0.629516721 -0.011484723 11.722011566
-0.054423317 0.048723195 -0.997328520 -140.160797119 -0.627211154 0.775503695 0.072112575 -7.494304657 0.776945472 0.629460156 -0.011645757 11.690166473
-0.053282857 0.051226947 -0.997264683 -141.439468384 -0.627592027 0.775079787 0.073345505 -7.413486481 0.776716888 0.629783332 -0.009148843 11.650347710
-0.052658223 0.054442573 -0.997127414 -142.681854248 -0.627758265 0.774742842 0.075452372 -7.329449654 0.776625156 0.629928172 -0.006619807 11.619161606
-0.051529992 0.055029463 -0.997154117 -143.931610107 -0.629198849 0.773597181 0.075207271 -7.242197990 0.775534272 0.631283760 -0.005238987 11.592865944
-0.050414179 0.052531578 -0.997345865 -145.195449829 -0.630939782 0.772429585 0.072577886 -7.163553238 0.774191976 0.632924259 -0.005797138 11.566922188
-0.052686229 0.049228322 -0.997397006 -146.443847656 -0.629535913 0.773679912 0.071440808 -7.079054832 0.775182843 0.631661236 -0.009771281 11.533264160
-0.052769337 0.048127558 -0.997446299 -147.687789917 -0.627300858 0.775569439 0.070608824 -7.017952919 0.776987195 0.629424870 -0.010735830 11.498150826
-0.052827399 0.048757005 -0.997412682 -148.910949707 -0.626651645 0.776046932 0.071126118 -6.935845375 0.777506888 0.628787696 -0.010442879 11.463199615
-0.053381838 0.049279556 -0.997357488 -150.154510498 -0.624644697 0.777596354 0.071854159 -6.867596626 0.779082417 0.626829743 -0.010727310 11.434200287
-0.053351779 0.047403153 -0.997449994 -151.370407104 -0.623288095 0.778821230 0.070351511 -6.783183098 0.780170202 0.625452042 -0.012005678 11.416094780
-0.053565543 0.047194194 -0.997448444 -152.610122681 -0.622365415 0.779562771 0.070307560 -6.700150490 0.780891895 0.624543428 -0.012385676 11.392092705
-0.053051181 0.050157573 -0.997331262 -153.852890015 -0.620956898 0.780504704 0.072283611 -6.616778374 0.782047391 0.623134494 -0.010261005 11.344287872
-0.053301238 0.050828766 -0.997283995 -155.087310791 -0.619368315 0.781704605 0.072944291 -6.527925491 0.783289135 0.621574223 -0.010184097 11.326382637
-0.053205952 0.050829001 -0.997289121 -156.302993774 -0.617494583 0.783193290 0.072860844 -6.461935043 0.784773529 0.619697273 -0.010283915 11.300731659
-0.053770110 0.051159170 -0.997242033 -157.539154053 -0.618027508 0.782715261 0.073477127 -6.384316444 0.784315467 0.620273769 -0.010468910 11.271685600
-0.053273886 0.057269488 -0.996936381 -158.776184082 -0.618776917 0.781687737 0.077970393 -6.307322502 0.783758223 0.621035039 -0.006206507 11.238731384
-0.052936561 0.063856512 -0.996554077 -160.021133423 -0.622676611 0.778071940 0.082933098 -6.220855713 0.780686617 0.624921203 -0.001426499 11.204524040
-0.051422056 0.063649356 -0.996646643 -161.246627808 -0.626206279 0.775351644 0.081825830 -6.127525330 0.777959645 0.628314078 -0.000012547 11.175060272
-0.050094716 0.059877764 -0.996947944 -162.472412109 -0.629836857 0.772794783 0.078062974 -6.032305717 0.775110364 0.631824970 -0.000999713 11.150656700
-0.048274595 0.053907190 -0.997378290 -163.685409546 -0.630951524 0.772447109 0.072288886 -5.951044083 0.774318874 0.632787108 -0.003276749 11.127555847
-0.047301650 0.052322440 -0.997509301 -164.909072876 -0.633303881 0.770689368 0.070456140 -5.864716530 0.772456348 0.635059178 -0.003318870 11.098487854
-0.046545070 0.050593667 -0.997634113 -166.102706909 -0.628759742 0.774566293 0.068616159 -5.813621521 0.776205540 0.630465925 -0.004240977 11.091800690
-0.046578072 0.046233054 -0.997844100 -167.317962646 -0.626498103 0.776688635 0.065230384 -5.740653992 0.778029919 0.628185809 -0.007211735 11.076043129
-0.046544597 0.042984694 -0.997990966 -168.508575439 -0.621410787 0.780978501 0.062619239 -5.674847603 0.782101154 0.623076916 -0.009639180 11.049846649
-0.048153806 0.045540936 -0.997801304 -169.744094849 -0.619491458 0.782257617 0.065599859 -5.609043121 0.783525050 0.621288121 -0.009456452 11.051982880
-0.046816319 0.052168004 -0.997540355 -170.977584839 -0.620133340 0.781370103 0.069966964 -5.532177925 0.783098221 0.621883571 -0.004229750 11.001976013
-0.045710720 0.056868404 -0.997334659 -172.157501221 -0.621319652 0.780152977 0.072961472 -5.473044395 0.782222748 0.622998655 -0.000327893 10.982533455
-0.043790448 0.053377669 -0.997613907 -173.364868164 -0.622219861 0.779792607 0.069035552 -5.396834373 0.781616807 0.623758197 -0.000934827 10.958580971
-0.042610087 0.053750020 -0.997644842 -174.586730957 -0.624054968 0.778364241 0.068589658 -5.317747116 0.780217767 0.625507832 0.000376792 10.928107262
-0.041776527 0.054839991 -0.997620821 -175.788970947 -0.622718692 0.779404521 0.068921529 -5.243588448 0.781329691 0.624116302 0.001589082 10.913751602
-0.041153513 0.052694727 -0.997762322 -176.980926514 -0.622821212 0.779502332 0.066856548 -5.170370102 0.781281054 0.624178946 0.000740132 10.894766808
-0.039741330 0.051218845 -0.997896433 -178.170410156 -0.622689009 0.779779732 0.064822257 -5.107414246 0.781459570 0.623955309 0.000903923 10.880616188
-0.037381858 0.052658726 -0.997912645 -179.302261353 -0.624112666 0.778670192 0.064468831 -5.034726143 0.780439496 0.625220001 0.003756839 10.854041100
-0.035743672 0.054540575 -0.997871518 -180.419998169 -0.624112368 0.778633356 0.064913340 -4.975046158 0.780516446 0.625104368 0.006208233 10.829603195
-0.033851258 0.056485690 -0.997829378 -181.498306274 -0.624701440 0.778133452 0.065241963 -4.918649673 0.780129731 0.625553906 0.008945895 10.820398331
-0.034031961 0.057343069 -0.997774303 -182.553192139 -0.624628961 0.778125584 0.066024408 -4.873613358 0.780179799 0.625485659 0.009336999 10.818772316
-0.033559810 0.058501553 -0.997723043 -183.607299805 -0.624497175 0.778179348 0.066634431 -4.804327011 0.780305684 0.625311494 0.010418513 10.793915749
-0.032915793 0.057515122 -0.997801900 -184.606170654 -0.624690413 0.778124034 0.065459967 -4.751167297 0.780178428 0.625471890 0.010316571 10.780798912
-0.030563129 0.058384296 -0.997826159 -185.581970215 -0.625079036 0.777878702 0.064660817 -4.704934120 0.779962718 0.625696480 0.012720392 10.765636444
-0.029419867 0.059057768 -0.997820914 -186.522430420 -0.625775576 0.777335227 0.064458370 -4.664081573 0.779448092 0.626308382 0.014087811 10.773060799
-0.029852558 0.057657260 -0.997889996 -187.466156006 -0.624344945 0.778550148 0.063661702 -4.614334106 0.780578077 0.624927998 0.012756307 10.754131317
-0.032767329 0.055303045 -0.997931778 -188.365737915 -0.622424483 0.780085802 0.063667998 -4.577279091 0.781993747 0.623223424 0.008860637 10.735765457
-0.037869275 0.051182039 -0.997971117 -189.303192139 -0.622215629 0.780255914 0.063627034 -4.521398544 0.781929433 0.623362720 0.002298532 10.732953072
-0.043223187 0.048246484 -0.997899771 -190.211715698 -0.623103440 0.779460847 0.064674601 -4.481587410 0.780944228 0.624590218 -0.003628236 10.716760635
-0.046695553 0.047086630 -0.997798860 -191.150466919 -0.624609947 0.778146982 0.065952010 -4.417308807 0.779539526 0.626314700 -0.006925226 10.700947762
-0.049050100 0.047968753 -0.997643709 -192.062515259 -0.626132429 0.776734412 0.068131372 -4.357233047 0.778172314 0.627998948 -0.008064108 10.664537430
-0.051823620 0.049554408 -0.997426033 -192.986099243 -0.625225127 0.777199209 0.071098089 -4.308080673 0.778721929 0.627300322 -0.009294624 10.649941444
-0.052519493 0.050637811 -0.997335255 -193.900405884 -0.623109877 0.778780460 0.072353967 -4.240018845 0.780369043 0.625249386 -0.009348237 10.626805305
-0.055389032 0.054255072 -0.996989608 -194.809509277 -0.618788779 0.781782210 0.076921321 -4.203847885 0.783602297 0.621186554 -0.009729737 10.608018875
-0.056091320 0.052994508 -0.997018158 -195.708511353 -0.619474053 0.781292617 0.076379083 -4.140158653 0.783010602 0.621911108 -0.010995025 10.581442833
-0.055485539 0.053284217 -0.997036695 -196.609054565 -0.619580269 0.781222880 0.076230489 -4.080671310 0.782969773 0.621973932 -0.010332724 10.560375214
-0.055210941 0.052050985 -0.997117102 -197.510971069 -0.622614980 0.778912961 0.075134948 -4.010947227 0.780578196 0.624968290 -0.010596793 10.535387039
-0.054252017 0.051158115 -0.997215867 -198.408905029 -0.624385595 0.777616262 0.073861197 -3.957553864 0.779229999 0.626654267 -0.010244872 10.496368408
-0.053428501 0.047602758 -0.997436345 -199.312850952 -0.624508798 0.777822554 0.070573993 -3.891681671 0.779188156 0.626678407 -0.011829556 10.483326912
-0.051720101 0.046399191 -0.997583091 -200.228073120 -0.623760939 0.778603077 0.068553209 -3.839265823 0.779902101 0.625799000 -0.011327418 10.460925102
-0.050495762 0.046312463 -0.997649908 -201.157119751 -0.623826087 0.778623819 0.067719713 -3.780405998 0.779930174 0.625779629 -0.010426284 10.427973747
-0.047610458 0.050887182 -0.997568846 -202.088165283 -0.620302320 0.781281292 0.069458939 -3.735880852 0.782916546 0.622101247 -0.005631729 10.425737381
-0.047868114 0.052209012 -0.997488201 -203.030166626 -0.619802415 0.781571150 0.070651285 -3.682794571 0.783296764 0.621627390 -0.005053070 10.410591125
-0.046036951 0.048910603 -0.997741640 -203.964462280 -0.615992248 0.784906328 0.066899747 -3.623640060 0.786405861 0.617680967 -0.006006142 10.388564110
-0.046467744 0.045720402 -0.997872889 -204.909652710 -0.614809513 0.786021948 0.064643554 -3.570692062 0.787305534 0.616505682 -0.008415335 10.378208160
-0.045464583 0.045741420 -0.997918129 -205.861190796 -0.618447423 0.783209443 0.064075954 -3.504117012 0.784509778 0.620073140 -0.007319630 10.353219986
-0.040429808 0.050461188 -0.997907281 -206.845367432 -0.618455112 0.783155560 0.064658269 -3.446470261 0.784779429 0.619774997 -0.000454844 10.350830078
-0.038581099 0.050140604 -0.997996688 -207.816650391 -0.616568565 0.784755409 0.063262746 -3.393892288 0.786355317 0.617774129 0.000638395 10.341420174
-0.032715376 0.054089010 -0.997999966 -208.803558350 -0.613667846 0.787064970 0.062773474 -3.338050842 0.788886249 0.614494205 0.007443558 10.333714485
-0.031182496 0.058441199 -0.997803628 -209.770324707 -0.614920974 0.785884857 0.065246128 -3.275253296 0.787971914 0.615605056 0.011430872 10.328039169
-0.033231799 0.062783994 -0.997473717 -210.806854248 -0.612117410 0.787665069 0.069971286 -3.212962151 0.790068328 0.612896323 0.012255649 10.297596931
-0.031895239 0.062554471 -0.997531831 -211.803771973 -0.611633301 0.788128436 0.068979405 -3.146999359 0.790498257 0.612323761 0.013122856 10.304540634
-0.029736998 0.062501587 -0.997601688 -212.808059692 -0.614296257 0.786177397 0.067566708 -3.074559212 0.788514912 0.614832222 0.015015933 10.310195923
-0.032362908 0.055533946 -0.997932196 -213.829727173 -0.626496792 0.776829183 0.063547052 -3.026513100 0.778751850 0.627257824 0.009651389 10.255229950
-0.029459881 0.051295925 -0.998248816 -214.844879150 -0.629360080 0.774916828 0.058393206 -2.957982063 0.776555181 0.629978299 0.009454652 10.265578270
