0.999755740 -0.009693392 0.019860601 0.014629737 0.009763460 0.999946415 -0.003433969 0.008533297 -0.019826252 0.003627039 0.999796808 1.205958366
0.999837875 -0.012281278 0.013169971 0.017781653 0.012347964 0.999911308 -0.004994077 0.006672065 -0.013107469 0.005155889 0.999900818 1.523576975
0.999906540 -0.013001451 0.004227527 -0.007781859 0.013023465 0.999901474 -0.005222266 -0.005945477 -0.004159214 0.005276836 0.999977410 0.583531618
0.999795556 -0.013298462 -0.015227664 -0.009731043 0.013186714 0.999885559 -0.007415638 -0.000605935 0.015324540 0.007213319 0.999856472 2.175096750
0.999359667 -0.008630838 -0.034724079 -0.037768546 0.008383571 0.999938488 -0.007260230 -0.007214274 0.034784608 0.006964470 0.999370575 2.514663458
0.998501658 -0.005049678 -0.054488167 -0.076454259 0.004585078 0.999952078 -0.008648263 -0.012874524 0.054529224 0.008385472 0.998476923 2.861252546
0.997198939 -0.004863813 -0.074635811 -0.117039070 0.004214930 0.999951959 -0.008849033 -0.020096812 0.074675262 0.008509662 0.997171581 3.221215963
0.995408833 -0.006427077 -0.095497906 -0.144611567 0.005618294 0.999946177 -0.008735583 -0.020764329 0.095548876 0.008158943 0.995391309 3.438755035
0.993287086 -0.007755412 -0.115414843 -0.221205741 0.006920690 0.999946892 -0.007631334 -0.028481312 0.115467906 0.006781356 0.993287981 3.981071234
0.991041720 -0.006754243 -0.133381769 -0.285138637 0.005838781 0.999956667 -0.007253433 -0.032174807 0.133424982 0.006409667 0.991038203 4.371586800
0.988804817 -0.005572395 -0.149110734 -0.357957810 0.004692148 0.999969363 -0.006254453 -0.042811468 0.149141058 0.005484783 0.988800645 4.776463509
0.986730039 -0.004844655 -0.162297100 -0.400211096 0.003870742 0.999972522 -0.006316474 -0.047589414 0.162323236 0.005604445 0.986721635 4.974205017
0.984626114 -0.006441985 -0.174556062 -0.527498305 0.005214525 0.999958336 -0.007489624 -0.054459445 0.174597025 0.006464252 0.984618723 5.622831345
0.982984245 -0.010590699 -0.183384314 -0.580854058 0.008877872 0.999908984 -0.010158595 -0.059122659 0.183475181 0.008357676 0.982988775 5.877497673
0.981282651 -0.009443867 -0.192341149 -0.703258097 0.007327385 0.999904513 -0.011712158 -0.072247669 0.192433402 0.010083579 0.981258214 6.528046131
0.979868710 -0.009464246 -0.199418277 -0.776662767 0.006872919 0.999882817 -0.013682696 -0.075105600 0.199524388 0.012036660 0.979818940 6.840449810
0.978069127 -0.010383210 -0.208020985 -0.911939442 0.007222218 0.999846697 -0.015949305 -0.091755919 0.208154693 0.014097153 0.977994263 7.483189583
0.976166785 -0.014272621 -0.216551855 -0.988439739 0.010691637 0.999786198 -0.017698988 -0.097501546 0.216758147 0.014961870 0.976110697 7.854441643
0.974392056 -0.020472253 -0.223921970 -1.129933715 0.016665472 0.999682844 -0.018877391 -0.118956260 0.224237427 0.014662213 0.974424243 8.491336823
0.972191930 -0.020480987 -0.233288288 -1.219914913 0.015962889 0.999646902 -0.021238826 -0.132694200 0.233640909 0.016924256 0.972175717 8.911522865
0.970357001 -0.016705329 -0.241097674 -1.408492923 0.010768351 0.999605954 -0.025921447 -0.144986928 0.241435692 0.022556834 0.970154643 9.548626900
0.968126118 -0.013641963 -0.250091344 -1.551135540 0.006593377 0.999557614 -0.029000247 -0.159525886 0.250376344 0.026426947 0.967787862 10.025105476
0.965852141 -0.017089406 -0.258529812 -1.708429337 0.009556822 0.999493122 -0.030365054 -0.186001211 0.258917660 0.026857426 0.965525925 10.655199051
0.963467956 -0.019507365 -0.267112464 -1.854865909 0.011082696 0.999393463 -0.033011243 -0.205287099 0.267594486 0.028844941 0.963099718 11.177842140
0.961254537 -0.019114112 -0.274998784 -2.035050392 0.009809945 0.999333203 -0.035169292 -0.231587842 0.275487632 0.031108918 0.960801125 11.786542892
0.958862364 -0.018366290 -0.283276647 -2.217312813 0.007574338 0.999204874 -0.039145254 -0.253714144 0.283770323 0.035389278 0.958239079 12.364103317
0.956551492 -0.019738775 -0.290894568 -2.401674271 0.007224018 0.999003947 -0.044033013 -0.287091494 0.291474015 0.040018424 0.955741227 12.984090805
0.954876602 -0.021596629 -0.296216697 -2.591855526 0.006668495 0.998660326 -0.051314138 -0.324125648 0.296928108 0.047023349 0.953741312 13.566021919
0.953477263 -0.022206100 -0.300645709 -2.789346218 0.004490523 0.998218834 -0.059488419 -0.360098690 0.301431209 0.055370793 0.951878786 14.199185371
0.952130079 -0.021775253 -0.304916561 -2.984766960 0.000922552 0.997659862 -0.068365939 -0.402001381 0.305691689 0.064811967 0.949922025 14.806138992
0.950838268 -0.021306179 -0.308953822 -3.207515717 -0.002664269 0.997030854 -0.076957144 -0.454300463 0.309676170 0.073996939 0.947958410 15.469441414
0.949555278 -0.020680591 -0.312916815 -3.431752682 -0.006146353 0.996404171 -0.084503368 -0.501629233 0.313539296 0.082163930 0.946013808 16.096832275
0.947973788 -0.018895518 -0.317787051 -3.658279896 -0.010706020 0.995780110 -0.091145307 -0.557052255 0.318168253 0.089805603 0.943771124 16.726436615
0.946259677 -0.017909395 -0.322911501 -3.902754784 -0.014073739 0.995239258 -0.096439876 -0.642752409 0.323101342 0.095801733 0.941502929 17.463409424
0.944801867 -0.015968755 -0.327253044 -4.147822380 -0.018423859 0.994641900 -0.101725824 -0.709396958 0.327124059 0.102140009 0.939445198 18.075061798
0.942810714 -0.014017943 -0.333033800 -4.390183449 -0.022268122 0.994234622 -0.104889467 -0.775689840 0.332584083 0.106306963 0.937062740 18.757373810
0.941323638 -0.012221390 -0.337283850 -4.686453342 -0.025209105 0.994006515 -0.106373504 -0.868530393 0.336562395 0.108634509 0.935373783 19.550331116
0.939140260 -0.011431488 -0.343343794 -4.916433334 -0.026328359 0.994111657 -0.105113879 -0.951193929 0.342523605 0.107756346 0.933309138 20.168781281
0.936603963 -0.012495600 -0.350166857 -5.217778683 -0.025551336 0.994267523 -0.103823237 -1.032351971 0.349456877 0.106188484 0.930915534 20.978233337
0.934213400 -0.011607490 -0.356525600 -5.506835461 -0.026539456 0.994438648 -0.101918243 -1.124079943 0.355725795 0.104675382 0.928709984 21.690900803
0.931020081 -0.011436563 -0.364788532 -5.776819706 -0.026497630 0.994753063 -0.098814473 -1.207679987 0.364004612 0.101664290 0.925832152 22.373401642
0.927658439 -0.008733514 -0.373327434 -6.072132111 -0.028255211 0.995219052 -0.093491524 -1.274752617 0.372359067 0.097276650 0.922976673 23.082279205
0.924215674 -0.005434687 -0.381831944 -6.415292740 -0.030498300 0.995654225 -0.087991811 -1.367856503 0.380650729 0.092968643 0.920033574 23.896360397
0.920727730 -0.000721280 -0.390204847 -6.733302116 -0.035041846 0.995805025 -0.084525503 -1.439973116 0.388628870 0.091498487 0.916839957 24.597978592
0.916775763 -0.000283512 -0.399402082 -7.050938606 -0.035659671 0.995947957 -0.082559131 -1.513004303 0.397807091 0.089930758 0.913050950 25.318908691
0.912851274 -0.000524069 -0.408291906 -7.421222687 -0.035890419 0.996025145 -0.081521563 -1.602016330 0.406711787 0.089070827 0.909204006 26.139677048
0.908826888 -0.000902496 -0.417172402 -7.753216743 -0.035778303 0.996144593 -0.080099478 -1.671260834 0.415636361 0.087722287 0.905290604 26.868551254
0.904997408 0.000046425 -0.425417036 -8.135330200 -0.037354093 0.996146202 -0.079355344 -1.728855014 0.423773855 0.087707445 0.901511610 27.625511169
0.901135266 -0.000322836 -0.433537960 -8.502096176 -0.036208842 0.996449828 -0.076004326 -1.826845169 0.432023346 0.084188074 0.897924364 28.441747665
0.897210658 -0.003381034 -0.441590041 -8.869386673 -0.031205103 0.996985555 -0.071035095 -1.906294584 0.440499008 0.077513300 0.894400418 29.178924561
0.893358588 0.001396904 -0.449342281 -9.293231010 -0.034722332 0.997219682 -0.065932959 -1.963783264 0.448000938 0.074503981 0.890923262 30.033313751
0.889444232 0.002207945 -0.457038432 -9.703183174 -0.034268085 0.997495592 -0.061870374 -2.034508705 0.455757260 0.070692077 0.887292445 30.826948166
0.885776460 0.002158348 -0.464107096 -10.133745193 -0.034074374 0.997592926 -0.060393661 -2.088621616 0.462859601 0.069309443 0.883717835 31.621753693
0.882494569 0.000643522 -0.470322132 -10.585386276 -0.032366525 0.997711420 -0.059366208 -2.151897907 0.469207555 0.067613035 0.880495727 32.475379944
0.879034042 0.000402210 -0.476758927 -11.024095535 -0.031432699 0.997872889 -0.057112847 -2.212078571 0.475721806 0.065189935 0.877176821 33.293861389
0.876290798 -0.000720355 -0.481782079 -11.484692574 -0.030004034 0.997976124 -0.056065094 -2.272490740 0.480847389 0.063584723 0.874495685 34.120704651
0.873574018 -0.000993637 -0.486690402 -11.953741074 -0.029888446 0.998000920 -0.055685140 -2.347643852 0.485772759 0.063191503 0.871797919 34.962707520
0.871244073 -0.004027497 -0.490833491 -12.435894966 -0.027089296 0.998047769 -0.056273710 -2.400906801 0.490101993 0.062324475 0.869434118 35.840579987
0.870007634 -0.004376620 -0.493018717 -12.924220085 -0.027055571 0.998030126 -0.056603421 -2.459366798 0.492295235 0.062584326 0.868175328 36.663047791
0.868906021 -0.004861185 -0.494953305 -13.425922394 -0.026197949 0.998098552 -0.055794138 -2.523499012 0.494283438 0.061446626 0.867126346 37.588981628
0.869330347 -0.002602724 -0.494224578 -13.936535835 -0.027862182 0.998137772 -0.054265458 -2.582009792 0.493445456 0.060944788 0.867638946 38.441356659
0.869125485 -0.003152947 -0.494581580 -14.460792542 -0.026822343 0.998207688 -0.053498313 -2.653482437 0.493863821 0.059762582 0.867483199 39.312194824
0.868608952 -0.004819075 -0.495474905 -14.975894928 -0.025329715 0.998213470 -0.054113902 -2.722440958 0.494850516 0.059554048 0.866935015 40.180706024
0.867059171 -0.007264885 -0.498152077 -15.510471344 -0.023188639 0.998221517 -0.054918744 -2.778800726 0.497665137 0.059169274 0.865348697 41.209774017
0.866084456 -0.008744958 -0.499821275 -16.113466263 -0.020817835 0.998348713 -0.053540181 -2.834343195 0.499464124 0.056775510 0.864472091 42.146057129
0.863347590 -0.008062698 -0.504545271 -16.594358444 -0.019346647 0.998608351 -0.049062699 -2.901333809 0.504238725 0.052119430 0.861990094 43.018939972
0.860399067 -0.006020252 -0.509585202 -17.101131439 -0.019427475 0.998816013 -0.044601969 -2.986701250 0.509250283 0.048275456 0.859263420 43.923694611
0.855837226 -0.008814718 -0.517170012 -17.685199738 -0.015563997 0.998963058 -0.042782485 -3.049838305 0.517010987 0.044664077 0.854812741 44.947853088
0.851357400 -0.008969068 -0.524509370 -18.218582153 -0.017238511 0.998835504 -0.045060694 -3.113165140 0.524302781 0.047404524 0.850211263 45.740154266
0.845500469 -0.012837580 -0.533820271 -18.800598145 -0.015416521 0.998707235 -0.048435137 -3.172776461 0.533752024 0.049181588 0.844209611 46.620880127
0.839038432 -0.013154981 -0.543913126 -19.378276825 -0.015227281 0.998748243 -0.047645088 -3.232263088 0.543859065 0.048258368 0.837787867 47.544067383
0.833445013 -0.008869128 -0.552531123 -20.014709473 -0.017601347 0.998937786 -0.042584855 -3.298988342 0.552322030 0.045217428 0.832403660 48.459072113
0.827987432 -0.004509685 -0.560728490 -20.590145111 -0.020174872 0.999080658 -0.037825927 -3.361313581 0.560383558 0.042632025 0.827135265 49.324398041
0.823666692 -0.005763447 -0.567044854 -21.205257416 -0.020032281 0.999028504 -0.039252225 -3.420519352 0.566720188 0.043689962 0.822751224 50.224048615
0.817906916 -0.023353823 -0.574876368 -21.709283829 -0.001772319 0.999068856 -0.043107830 -3.562181950 0.575347781 0.036277048 0.817103982 51.143623352
0.815205216 -0.025089106 -0.578628540 -22.334762573 -0.005042884 0.998715997 -0.050408639 -3.621974468 0.579150319 0.044011340 0.814031959 52.003559113
0.810764790 -0.032541867 -0.584466815 -22.956184387 0.002956498 0.998668492 -0.051502507 -3.678855419 0.585364580 0.040028453 0.809781432 52.873008728
0.807428956 -0.030866230 -0.589156806 -23.597526550 0.003409237 0.998857915 -0.047658384 -3.741507769 0.589954972 0.036472186 0.806611955 53.738502502
0.804235220 -0.028332746 -0.593635499 -24.243026733 0.003808009 0.999088168 -0.042525046 -3.805533886 0.594299197 0.031939559 0.803609550 54.611499786
0.801343441 -0.025404723 -0.597664833 -24.894641876 0.002323637 0.999222577 -0.039358072 -3.867323875 0.598200142 0.030150574 0.800779402 55.464214325
0.798274934 -0.025638929 -0.601747274 -25.538637161 0.001740735 0.999187589 -0.040263616 -3.908334970 0.602290750 0.031093959 0.797671020 56.312564850
0.794843733 -0.027572619 -0.606187463 -26.194845200 0.002191567 0.999091029 -0.042570334 -3.951622963 0.606810212 0.032508262 0.794181585 57.154998779
0.790623784 -0.027948242 -0.611664057 -26.828748703 0.000335531 0.998977304 -0.045211729 -4.018682957 0.612302125 0.035540227 0.789824665 57.975402832
0.786246240 -0.028876482 -0.617238164 -27.496536255 0.001315438 0.998983383 -0.045060199 -4.093442917 0.617911756 0.034616474 0.785485029 58.812263489
0.782372236 -0.019112559 -0.622517765 -28.164011002 -0.011876483 0.998889446 -0.045594148 -4.154124260 0.622697830 0.043064911 0.781276405 59.662189484
0.777617812 -0.018421059 -0.628467321 -28.846746445 -0.012757594 0.998902678 -0.045064196 -4.213543415 0.628607869 0.043060455 0.776529551 60.478466034
0.772081733 -0.020273512 -0.635199666 -29.547676086 -0.011556343 0.998877883 -0.045927618 -4.281280041 0.635417998 0.042800460 0.770981193 61.327575684
0.766660690 -0.022288697 -0.641665459 -30.241638184 -0.010434805 0.998832703 -0.047162637 -4.336373329 0.641967595 0.042853396 0.765533209 62.158912659
0.759860992 -0.029616568 -0.649410427 -30.961891174 -0.001923851 0.998854876 -0.047804162 -4.388587952 0.650082529 0.037573900 0.758934021 63.017398834
0.754516006 -0.031849463 -0.655508220 -31.685569763 -0.000301804 0.998804748 -0.048876751 -4.461721420 0.656281531 0.037076131 0.753604650 63.827537537
0.748244882 -0.034045368 -0.662548482 -32.430084229 0.000826881 0.998729408 -0.050386369 -4.512459278 0.663422108 0.037153494 0.747322321 64.649566650
0.742217481 -0.034698315 -0.669260263 -33.159965515 0.001472231 0.998740792 -0.050147768 -4.588521004 0.670157552 0.036235243 0.741333902 65.458610535
0.735793412 -0.034550935 -0.676324248 -33.926593781 0.002779830 0.998843253 -0.048003010 -4.659229279 0.677200317 0.033440232 0.735038340 66.287818909
0.729445398 -0.034730550 -0.683156788 -34.666973114 0.003684277 0.998895168 -0.046848249 -4.735625267 0.684029102 0.031656306 0.728767514 67.070960999
0.723083317 -0.031176992 -0.690056860 -35.451889038 -0.003464068 0.998804808 -0.048756182 -4.797773838 0.690752149 0.037645191 0.722111046 67.896202087
0.716453969 -0.032423541 -0.696880579 -36.200340271 -0.004436173 0.998687506 -0.051026385 -4.859064102 0.697620392 0.039649539 0.715369642 68.668960571
0.710296869 -0.032511201 -0.703150928 -37.009071350 -0.004495690 0.998702884 -0.050717846 -4.925437927 0.703887880 0.039185882 0.709229469 69.465202332
0.704737663 -0.031316761 -0.708776414 -37.840843201 -0.005646039 0.998746037 -0.049742736 -4.995817184 0.709445477 0.039057363 0.703677237 70.301986694
0.699745059 -0.031026555 -0.713718534 -38.664398193 -0.005771089 0.998778343 -0.049076691 -5.072476387 0.714369357 0.038460109 0.698711276 71.089790344
0.696749449 -0.018635770 -0.717072487 -39.509918213 -0.027548105 0.998229802 -0.052710023 -5.134181976 0.716785431 0.056479666 0.695002675 71.863037109
0.691933513 -0.020453719 -0.721671402 -40.331180573 -0.028721627 0.998027444 -0.055824339 -5.199578762 0.721389651 0.059354305 0.689981163 72.630493164
0.686797738 -0.022322703 -0.726505697 -41.181175232 -0.029085588 0.997883677 -0.058156971 -5.275600910 0.726266384 0.061072916 0.684695005 73.419509888
0.681973338 -0.022552541 -0.731029153 -42.041397095 -0.030119356 0.997810602 -0.058881033 -5.342808723 0.730756462 0.062173434 0.679800868 74.204818726
0.676730871 -0.022585092 -0.735883951 -42.888885498 -0.028653003 0.997964144 -0.056978390 -5.432150364 0.735672712 0.059644308 0.674706042 74.979042053
0.671334624 -0.023129368 -0.740793347 -43.717193604 -0.027084086 0.998079717 -0.055707082 -5.512105942 0.740659297 0.057461806 0.669419050 75.744186401
0.667114794 -0.023175078 -0.744594276 -44.658401489 -0.028958036 0.997953951 -0.057005517 -5.577729225 0.744391859 0.059591223 0.665078580 76.541229248
0.662703693 -0.023748817 -0.748504996 -45.561347961 -0.028141571 0.998001397 -0.056580603 -5.668036938 0.748352826 0.058560278 0.660710812 77.297431946
0.657019377 -0.028203156 -0.753345907 -46.424057007 -0.021200173 0.998213530 -0.055859726 -5.745473862 0.753575504 0.052671984 0.655247688 78.091262817
0.653382063 -0.028019642 -0.756509542 -47.401916504 -0.022238564 0.998173118 -0.056177389 -5.812364101 0.756701589 0.053528994 0.651565373 78.901023865
0.649160504 -0.032476157 -0.759957850 -48.241935730 -0.017102176 0.998212397 -0.057266545 -5.891227245 0.760459185 0.050172117 0.647444665 79.644058228
0.644364476 -0.036206160 -0.763860941 -49.120849609 -0.014458342 0.998123229 -0.059506446 -5.985648632 0.764581859 0.049388010 0.642631650 80.392562866
0.641185760 -0.037148118 -0.766485989 -50.065895081 -0.016459892 0.997932076 -0.062134396 -6.056938648 0.767209113 0.052455969 0.639248371 81.142250061
0.634173274 -0.040373717 -0.772136092 -50.979263306 -0.011977590 0.998003006 -0.062021393 -6.140077591 0.773098230 0.048580643 0.632423222 81.916458130
0.626277387 -0.044319782 -0.778339446 -51.903297424 -0.006208796 0.998067617 -0.061827216 -6.242918491 0.779575527 0.043553539 0.624791980 82.624061584
0.617467284 -0.043313961 -0.785403073 -52.902320862 -0.007414503 0.998117864 -0.060874023 -6.329555511 0.786561608 0.043411095 0.615983963 83.414031982
0.608358800 -0.041214511 -0.792591274 -53.849533081 -0.007466256 0.998309314 -0.057642557 -6.419003010 0.793626904 0.040985052 0.607022583 84.142265320
0.599128008 -0.041481592 -0.799577951 -54.844871521 -0.007602658 0.998317122 -0.057488754 -6.501300335 0.800617278 0.040522031 0.597804368 84.887947083
0.589224935 -0.043354690 -0.806804955 -55.827945709 -0.007691380 0.998213112 -0.059257399 -6.575293541 0.807932496 0.041121371 0.587838531 85.610084534
0.579723895 -0.045514759 -0.813540816 -56.827873230 -0.007859915 0.998079777 -0.061439998 -6.656953812 0.814775169 0.042012591 0.578252912 86.305664062
0.570175886 -0.047871657 -0.820126653 -57.870117188 -0.006570919 0.998003006 -0.062822767 -6.748060226 0.821496367 0.041209009 0.568722725 86.982421875
0.559785604 -0.049144398 -0.827178776 -58.889755249 -0.003208495 0.998103678 -0.061470728 -6.833050728 0.828631282 0.037064426 0.558566511 87.673973083
0.550123513 -0.048723079 -0.833660603 -59.932842255 -0.002037104 0.998215199 -0.059684694 -6.931325912 0.835080802 0.034532212 0.549042344 88.349822998
0.539952040 -0.049324844 -0.840249240 -60.988300323 -0.001227523 0.998234153 -0.059387792 -7.026084423 0.841694891 0.033097990 0.538937986 89.006988525
0.529258668 -0.049957074 -0.846988440 -62.052303314 -0.003112019 0.998144090 -0.060817145 -7.105878830 0.848454714 0.034823850 0.528120995 89.675758362
0.518872678 -0.050633065 -0.853350580 -63.114036560 -0.003733373 0.998100579 -0.061491765 -7.189807415 0.854843378 0.035092272 0.517698169 90.327102661
0.509151757 -0.051821306 -0.859115243 -64.204673767 -0.004987619 0.997991323 -0.063154109 -7.279949188 0.860662401 0.036439970 0.507870495 90.956695557
0.499614388 -0.050515682 -0.864773691 -65.312347412 -0.007543238 0.998006642 -0.062656507 -7.375556469 0.866215110 0.037827291 0.498237401 91.577026367
0.491384357 -0.048412845 -0.869596243 -66.380210876 -0.008079700 0.998157501 -0.060135819 -7.467531204 0.870905340 0.036575887 0.490087926 92.155471802
0.482845515 -0.047146838 -0.874435425 -67.520576477 -0.008216671 0.998261690 -0.058360245 -7.539532661 0.875666976 0.035363935 0.481618822 92.801498413
0.475167572 -0.045593563 -0.878713250 -68.618499756 -0.009524456 0.998331547 -0.056950554 -7.653578758 0.879843771 0.035430323 0.473940492 93.370132446
0.467205346 -0.048862617 -0.882797480 -69.722640991 -0.008025712 0.998196125 -0.059497386 -7.734951019 0.884112358 0.034882579 0.465970457 93.957015991
0.460106760 -0.052472908 -0.886311591 -70.858566284 -0.004696564 0.998094201 -0.061528947 -7.824454308 0.887851179 0.032472506 0.458983421 94.555030823
0.453915179 -0.055432539 -0.889318943 -71.995155334 -0.003620864 0.997940004 -0.064051159 -7.912750244 0.891037464 0.032293897 0.452779412 95.135406494
0.448783040 -0.058680315 -0.891712189 -73.129081726 -0.002196644 0.997766316 -0.066764906 -8.018052101 0.893638015 0.031921733 0.447651774 95.690261841
0.443727076 -0.060072303 -0.894146323 -74.248863220 0.000582253 0.997769892 -0.066745207 -8.108330727 0.896161795 0.029096035 0.442772508 96.249900818
0.436834604 -0.062411819 -0.897374094 -75.402030945 0.016532084 0.997978687 -0.061361108 -8.219939232 0.899389923 0.011969195 0.436983436 96.817565918
0.432254046 -0.060025271 -0.899751842 -76.522308350 0.019838447 0.998173654 -0.057060607 -8.317306519 0.901533604 0.006815000 0.432655334 97.371559143
0.433029264 -0.054245818 -0.899746239 -77.684875488 0.005195230 0.998321056 -0.057688560 -8.394732475 0.901364863 0.020306446 0.432584196 97.903549194
0.429727584 -0.054818865 -0.901293159 -78.812408447 0.007734963 0.998342276 -0.057033688 -8.480726242 0.902925491 0.017537475 0.429439306 98.439773560
0.422964811 -0.065224670 -0.903795600 -79.962921143 0.037877485 0.997806847 -0.054283056 -8.562904358 0.905354083 -0.011273687 0.424507707 98.978286743
0.421523809 -0.063559011 -0.904587150 -81.066406250 0.037534345 0.997908711 -0.052625623 -8.656768799 0.906040251 -0.011770140 0.423027903 99.483680725
0.418372601 -0.064161353 -0.906006455 -82.221633911 0.039863143 0.997837722 -0.052256778 -8.747783661 0.907400310 -0.014253464 0.420025647 100.025772095
0.416159779 -0.064044386 -0.907033265 -83.322563171 0.041278921 0.997818768 -0.051515285 -8.838050842 0.908354104 -0.016002767 0.417895705 100.532730103
0.413412452 -0.066459499 -0.908115208 -84.460021973 0.054758329 0.997342408 -0.048061177 -8.902799606 0.908895850 -0.029857775 0.415952981 101.026382446
0.411099672 -0.066351838 -0.909172475 -85.535202026 0.057388149 0.997252941 -0.046830848 -8.970741272 0.909782171 -0.032923575 0.413778216 101.530838013
0.409825295 -0.067471229 -0.909665227 -86.666336060 0.059187513 0.997126102 -0.047292963 -9.047048569 0.910241783 -0.034458976 0.412640899 102.012817383
0.407417715 -0.069158241 -0.910619497 -87.689453125 0.061282966 0.996951282 -0.048296373 -9.119513512 0.911183417 -0.036128670 0.410413861 102.503540039
0.407753646 -0.070164368 -0.910392165 -88.786270142 0.060735311 0.996919274 -0.049630437 -9.195946693 0.911069810 -0.035055954 0.410759002 102.966018677
0.407746434 -0.070805535 -0.910345793 -89.785942078 0.060122721 0.996907175 -0.050609041 -9.272195816 0.911113679 -0.034096811 0.410742372 103.429450989
0.409919560 -0.071690664 -0.909299970 -90.843093872 0.059116591 0.996898592 -0.051946852 -9.334421158 0.910203874 -0.032460686 0.412886292 103.897872925
0.414296597 -0.072577618 -0.907243609 -91.845977783 0.057654515 0.996906281 -0.053422268 -9.406171799 0.908313930 -0.030174021 0.417199314 104.357177734
0.419303417 -0.072961532 -0.904909551 -92.908470154 0.056688961 0.996924341 -0.054112881 -9.490345001 0.906074524 -0.028608670 0.422149897 104.838531494
0.425251156 -0.073363423 -0.902097166 -93.901153564 0.056712575 0.996910632 -0.054339703 -9.561560631 0.903296769 -0.028052224 0.428098112 105.302963257
0.427600801 -0.088508286 -0.899624288 -94.932777405 0.099207900 0.993778527 -0.050616968 -9.654607773 0.898507297 -0.067605980 0.433721155 105.804611206
0.435831279 -0.087283209 -0.895786166 -95.903221130 0.098048367 0.993967414 -0.049145803 -9.724187851 0.894671738 -0.066411078 0.441759974 106.272636414
0.444015205 -0.089810729 -0.891506910 -96.900772095 0.105816349 0.993257284 -0.047359247 -9.801449776 0.889749050 -0.073307775 0.450524777 106.775863647
0.453238189 -0.089805514 -0.886854053 -97.848991394 0.105324298 0.993337870 -0.046761062 -9.870519638 0.885145128 -0.072213382 0.459677398 107.287826538
0.463532537 -0.089211367 -0.881577432 -98.866073608 0.102762267 0.993617773 -0.046516985 -9.935420990 0.880100846 -0.069030777 0.469741672 107.808959961
0.473939836 -0.091093309 -0.875832736 -99.785041809 0.101455256 0.993659794 -0.048447672 -10.003753662 0.874693036 -0.065896563 0.480176836 108.309356689
0.486701846 -0.093123503 -0.868590415 -100.797729492 0.103471637 0.993447661 -0.048530936 -10.081193924 0.867418468 -0.066254377 0.493148446 108.843078613
0.499515593 -0.092611112 -0.861340404 -101.743049622 0.101345614 0.993689418 -0.048068061 -10.124562263 0.860356390 -0.063282333 0.505748987 109.380027771
0.512316883 -0.088839568 -0.854189038 -102.664833069 0.099424869 0.994082451 -0.043757096 -10.210504532 0.853021741 -0.062510133 0.518118143 109.930549622
0.524522483 -0.086171471 -0.847024560 -103.552406311 0.098220296 0.994346917 -0.040335994 -10.274309158 0.845712066 -0.062037874 0.530021131 110.490531921
0.537663996 -0.086336575 -0.838727236 -104.517059326 0.098427795 0.994369328 -0.039261125 -10.342550278 0.837394416 -0.061444782 0.543134570 111.077270508
0.549293935 -0.085625790 -0.831230640 -105.390243530 0.097055443 0.994541228 -0.038312379 -10.400949478 0.829973817 -0.059630711 0.554605901 111.657127380
0.560284257 -0.071323894 -0.825223863 -106.312934875 0.060977027 0.997134089 -0.044781804 -10.503332138 0.826052845 -0.025229154 0.563027680 112.255905151
0.570924580 -0.073002793 -0.817750454 -107.143173218 0.063748315 0.996973515 -0.044495702 -10.571737289 0.818523824 -0.026726522 0.573850453 112.833946228
0.582871974 -0.071566679 -0.809406221 -108.027389526 0.059381440 0.997201920 -0.045409415 -10.624671936 0.810391366 -0.021595828 0.585490763 113.453865051
0.594390392 -0.066474751 -0.801424563 -108.864410400 0.051705185 0.997674704 -0.044404823 -10.675801277 0.802512646 -0.015044000 0.596445262 114.052001953
0.604379892 -0.063658185 -0.794148862 -109.665008545 0.051246010 0.997844756 -0.040985897 -10.728559494 0.795046270 -0.015925901 0.606339574 114.654785156
0.616190493 -0.044915579 -0.786315382 -110.490196228 0.021136042 0.998956025 -0.040498838 -10.741504669 0.787313461 0.008335420 0.616496563 115.262001038
0.626846671 -0.044685863 -0.777860224 -111.272186279 0.020021409 0.998948157 -0.041252278 -10.806904793 0.778885305 0.010284996 0.627082109 115.861984253
0.635864735 -0.045819260 -0.770439208 -112.057929993 0.019928498 0.998878062 -0.042957358 -10.867439270 0.771543145 0.011961376 0.636064529 116.522377014
0.645740747 -0.046030778 -0.762167931 -112.811637878 0.020358842 0.998864293 -0.043077067 -10.917182922 0.763285220 0.012299769 0.645944476 117.138847351
0.655264437 -0.040462673 -0.754315078 -113.575019836 0.014304691 0.999049962 -0.041164316 -10.937822342 0.755264103 0.016183268 0.655220747 117.793907166
0.663915753 -0.039471455 -0.746764958 -114.306907654 0.014908852 0.999106228 -0.039554540 -10.987307549 0.747658670 0.015127477 0.663910747 118.443511963
0.672692597 -0.036896989 -0.739001513 -115.033729553 0.013495323 0.999201596 -0.037603881 -11.053129196 0.739798963 0.015322790 0.672653496 119.087959290
0.680801094 -0.036963318 -0.731535077 -115.735473633 0.012950217 0.999177158 -0.038434759 -11.098115921 0.732353926 0.016692884 0.680719554 119.737548828
0.688144445 -0.034875967 -0.724735141 -116.428482056 0.011235501 0.999236584 -0.037417386 -11.151252747 0.725486755 0.017605804 0.688010991 120.373405457
0.695866227 -0.033024844 -0.717411757 -117.116279602 0.011062288 0.999316573 -0.035271782 -11.196273804 0.718086243 0.016608225 0.695755899 121.024078369
0.702791452 -0.030096157 -0.710759044 -117.775611877 0.010092407 0.999425888 -0.032340124 -11.249967575 0.711324334 0.015555104 0.702691793 121.678764343
0.710621357 -0.028325625 -0.703004181 -118.428680420 0.009189438 0.999477684 -0.030982208 -11.301454544 0.703514457 0.015556410 0.710510552 122.313713074
0.718128264 -0.027965633 -0.695348561 -119.069549561 0.008980577 0.999481440 -0.030922519 -11.347982407 0.695852757 0.015961712 0.718007088 122.974281311
0.725870609 -0.024861000 -0.687381744 -119.680007935 0.005681374 0.999529123 -0.030151149 -11.380867004 0.687807798 0.017980555 0.725670218 123.609207153
0.735391736 -0.021856513 -0.677289784 -120.293518066 0.005054059 0.999628723 -0.026770953 -11.429325104 0.677623391 0.016264081 0.735229194 124.248596191
0.745082557 -0.018277975 -0.666721702 -120.880996704 0.003155245 0.999709785 -0.023880653 -11.464050293 0.666964710 0.015689388 0.744924128 124.888595581
0.755070984 -0.015322148 -0.655463994 -121.444366455 0.000509137 0.999740303 -0.022783432 -11.507785797 0.655642867 0.016869387 0.754882693 125.536033630
0.765541792 -0.013177401 -0.643251240 -122.044914246 -0.002018437 0.999736190 -0.022882385 -11.576065063 0.643383026 0.018815786 0.765313148 126.183639526
0.775639474 -0.015356710 -0.630989254 -122.551292419 -0.001239383 0.999664962 -0.025852866 -11.562345505 0.631174982 0.020834545 0.775360703 126.821731567
0.785883069 -0.013970195 -0.618217289 -123.079666138 -0.001804200 0.999688804 -0.024884030 -11.610546112 0.618372500 0.020671329 0.785613239 127.472381592
0.795992613 -0.013004581 -0.605166674 -123.587158203 -0.001649907 0.999718785 -0.023653384 -11.644280434 0.605304122 0.019826384 0.795747340 128.134414673
0.806297362 -0.010192353 -0.591422617 -124.085250854 -0.002358526 0.999788225 -0.020445393 -11.685110092 0.591505766 0.017879954 0.806102455 128.806808472
0.815863669 -0.009570739 -0.578165114 -124.572570801 -0.001698605 0.999818981 -0.018947611 -11.698100090 0.578241825 0.016440734 0.815699756 129.491561890
0.825444281 -0.007410659 -0.564434886 -125.059722900 -0.001874242 0.999872267 -0.015868604 -11.726356506 0.564480424 0.014156530 0.825325012 130.168518066
0.833376169 -0.008193119 -0.552645445 -125.514556885 0.000188005 0.999894261 -0.014540190 -11.750185966 0.552706182 0.012013547 0.833289564 130.864318848
0.841120839 -0.008271529 -0.540784001 -125.979316711 0.001307843 0.999911249 -0.013259898 -11.773817062 0.540845573 0.010445917 0.841057003 131.551010132
0.847312689 -0.008105306 -0.531032264 -126.421493530 0.001642170 0.999918759 -0.012641824 -11.804790497 0.531091511 0.009839539 0.847257257 132.285064697
0.854245961 -0.006813894 -0.519824445 -126.861495972 0.000277483 0.999919951 -0.012651029 -11.837612152 0.519869030 0.010662855 0.854179323 132.992645264
0.860993683 -0.006177336 -0.508578360 -127.298110962 -0.000011619 0.999925971 -0.012165053 -11.848180771 0.508615911 0.010479932 0.860929906 133.723144531
0.867212057 -0.005439699 -0.497909248 -127.721099854 -0.000447920 0.999931455 -0.011704473 -11.865259171 0.497938722 0.010373281 0.867150247 134.454330444
0.873530447 -0.008128714 -0.486701906 -128.151931763 0.002427174 0.999920785 -0.012344029 -11.896954536 0.486763775 0.009601573 0.873480916 135.214187622
0.878760457 -0.008648503 -0.477184951 -128.559387207 0.002751279 0.999911070 -0.013055771 -11.926265717 0.477255315 0.010160027 0.878705919 135.959503174
0.883100033 -0.009566270 -0.469087064 -128.979446411 0.003484705 0.999898255 -0.013831029 -11.942911148 0.469171554 0.010579555 0.883043647 136.736511230
0.886718035 -0.009288428 -0.462217063 -129.379730225 0.003459562 0.999903500 -0.013456609 -11.957540512 0.462297380 0.010333152 0.886664689 137.494033813
0.889657855 -0.005922060 -0.456589341 -129.784240723 0.001593660 0.999950051 -0.009864343 -11.975250244 0.456625015 0.008048244 0.889622867 138.274261475
0.892854095 -0.001222968 -0.450344414 -130.180282593 -0.001432572 0.999983490 -0.005555806 -11.992031097 0.450343817 0.005605671 0.892837703 139.054733276
0.896317661 0.000053314 -0.443412453 -130.591690063 -0.001488973 0.999994636 -0.002889589 -12.015571594 0.443409950 0.003250215 0.896313012 139.876144409
0.899504602 0.002858381 -0.436901927 -130.984252930 -0.003533613 0.999993443 -0.000732744 -12.026766777 0.436896950 0.002202947 0.899508834 140.674728394
0.902857304 0.004144363 -0.429920316 -131.399932861 -0.004005005 0.999991238 0.001229012 -12.029834747 0.429921687 0.000612212 0.902866006 141.527786255
0.906215250 0.005427749 -0.422781825 -131.789108276 -0.004144493 0.999983609 0.003954424 -12.029491425 0.422796339 -0.001831342 0.906222939 142.361846924
0.909615040 0.004886308 -0.415423423 -132.191253662 -0.002894664 0.999981105 0.005423829 -12.028370857 0.415442079 -0.003731089 0.909611940 143.228836060
0.913426101 0.005167253 -0.406971782 -132.600646973 -0.002689956 0.999974191 0.006659044 -12.039776802 0.406995624 -0.004987810 0.913416445 144.104843140
0.916933239 0.004507970 -0.399015129 -132.986984253 -0.001982785 0.999975324 0.006741045 -12.041996002 0.399035692 -0.005389927 0.916919529 145.000671387
0.920736194 0.002067787 -0.390180111 -133.345199585 0.000268194 0.999982417 0.005932357 -12.041175842 0.390185535 -0.005566780 0.920719385 145.885192871
0.924851775 0.000687359 -0.380327016 -133.736740112 0.001165814 0.999988556 0.004642208 -12.047238350 0.380325884 -0.004736746 0.924840331 146.809585571
0.929291964 -0.001039429 -0.369344264 -134.118515015 0.001982239 0.999995649 0.002173190 -12.046998024 0.369340450 -0.002751657 0.929289997 147.757369995
0.934494913 0.000413800 -0.355976045 -134.476348877 -0.000032800 0.999999344 0.001076332 -12.049039841 0.355976254 -0.000994150 0.934494436 148.687622070
0.940660775 0.005121416 -0.339309901 -134.836273193 -0.004429673 0.999986231 0.002813145 -12.070165634 0.339319617 -0.001143182 0.940670431 149.672210693
0.947008610 0.008885137 -0.321084976 -135.179412842 -0.007403398 0.999955595 0.005835397 -12.078719139 0.321122527 -0.003149054 0.947032392 150.626831055
0.953483880 0.012209267 -0.301196665 -135.489639282 -0.010475241 0.999917924 0.007371571 -12.071637154 0.301261991 -0.003873565 0.953533530 151.590621948
0.959892094 0.013330127 -0.280052781 -135.803497314 -0.011587777 0.999901831 0.007876385 -12.070370674 0.280130357 -0.004315290 0.959952235 152.617233276
0.966253638 0.012154943 -0.257305503 -136.095733643 -0.010235753 0.999908864 0.008796951 -12.102455139 0.257388979 -0.005866370 0.966290057 153.629318237
0.971743882 0.012869864 -0.235686764 -136.347763062 -0.010543523 0.999882519 0.011128112 -12.094689369 0.235802263 -0.008328704 0.971765399 154.646286011
0.976854563 0.015841167 -0.213316619 -136.577438354 -0.013040519 0.999809384 0.014529835 -12.096197128 0.213506132 -0.011411780 0.976875126 155.649932861
0.981508195 0.017499309 -0.190618619 -136.851470947 -0.014213103 0.999726117 0.018593352 -12.083380699 0.190891787 -0.015540248 0.981487989 156.860015869
0.985736728 0.019812712 -0.167124718 -137.085876465 -0.016403383 0.999628782 0.021755863 -12.064589500 0.167493716 -0.018704144 0.985695720 157.959503174
0.989143431 0.021769684 -0.145331919 -137.266540527 -0.018820081 0.999588728 0.021639917 -12.052071571 0.145743251 -0.018669823 0.989146233 159.015304565
0.992106915 0.020705618 -0.123673372 -137.387908936 -0.018433595 0.999640107 0.019487405 -12.053050041 0.124032371 -0.017053839 0.992131591 160.238067627
0.994473994 0.021458162 -0.102766491 -137.501770020 -0.019648843 0.999634147 0.018586319 -12.057702065 0.103127733 -0.016464366 0.994531751 161.352096558
0.996401727 0.020388754 -0.082268029 -137.625900269 -0.018760305 0.999613464 0.020519210 -12.044822693 0.082654603 -0.018902002 0.996398866 162.569549561
0.997859895 0.019723751 -0.062342308 -137.704254150 -0.018415617 0.999599457 0.021488559 -12.004585266 0.062741175 -0.020294501 0.997823477 163.756530762
0.998896360 0.020407477 -0.042305402 -137.720886230 -0.019457078 0.999551654 0.022756647 -12.015957832 0.042750847 -0.021908393 0.998845518 164.814743042
0.999513030 0.022794988 -0.021305699 -137.807617188 -0.022298383 0.999480665 0.023262586 -11.998579979 0.021824896 -0.022776181 0.999502301 166.106353760
0.999817848 0.019082133 0.000442797 -137.843505859 -0.019087270 0.999553382 0.022992961 -11.991097450 -0.000003845 -0.022997221 0.999735534 167.358093262
0.999555826 0.021295352 0.020852834 -137.804489136 -0.021760250 0.999513805 0.022326941 -11.974309921 -0.020367233 -0.022770783 0.999533176 168.544021606
0.998901248 0.022249317 0.041248310 -137.792984009 -0.023129579 0.999512196 0.020987539 -11.952814102 -0.040761229 -0.021918537 0.998928428 169.808166504
0.997886896 0.026017385 0.059538912 -137.715286255 -0.027176678 0.999454856 0.018744871 -11.935758591 -0.059018768 -0.020323332 0.998049915 171.098220825
0.996523559 0.028141713 0.078414947 -137.624374390 -0.029493064 0.999434829 0.016128641 -11.922176361 -0.077916749 -0.018385267 0.996790290 172.305282593
0.994859338 0.028920067 0.097049467 -137.480773926 -0.030481678 0.999427974 0.014646725 -11.922704697 -0.096570373 -0.017529661 0.995171785 173.521118164
0.992754161 0.025304656 0.117467768 -137.384918213 -0.026822159 0.999575734 0.011355366 -11.941596985 -0.117130578 -0.014423826 0.993011773 174.858749390
0.990331411 0.026951574 0.136078268 -137.214859009 -0.028036127 0.999588549 0.006059547 -11.950490952 -0.135858968 -0.009816065 0.990679562 176.089538574
0.987690628 0.028620275 0.153779283 -137.012893677 -0.028845686 0.999583542 -0.000765644 -11.954730988 -0.153737172 -0.003679648 0.988104939 177.360778809
0.984692812 0.029402340 0.171800852 -136.807846069 -0.028882504 0.999567509 -0.005525184 -11.996442795 -0.171889022 0.000478571 0.985116124 178.735198975
0.981491745 0.031627823 0.188875079 -136.550567627 -0.030354692 0.999492764 -0.009630177 -12.013973236 -0.189083874 0.003718693 0.981953859 180.073226929
0.977622509 0.034623634 0.207498103 -136.329101562 -0.032809056 0.999387443 -0.012181077 -12.062986374 -0.207792714 0.005100678 0.978159606 181.485351562
0.974042773 0.033346035 0.223894298 -136.019271851 -0.031375591 0.999431312 -0.012353607 -12.091928482 -0.224178895 0.005008125 0.974535108 182.804107666
0.969962656 0.032718394 0.241043106 -135.689453125 -0.030529540 0.999451756 -0.012810742 -12.131210327 -0.241330072 0.005067007 0.970429778 184.069442749
0.965647936 0.033195406 0.257724702 -135.342346191 -0.029450988 0.999397278 -0.018376632 -12.150078773 -0.258179396 0.010155111 0.966043532 185.505798340
0.961196840 0.033614367 0.273807645 -134.983886719 -0.028457446 0.999335229 -0.022785401 -12.189027786 -0.274391532 0.014109388 0.961514533 186.824417114
0.956117630 0.036139470 0.290745616 -134.580596924 -0.030908287 0.999267459 -0.022566266 -12.246665001 -0.291348249 0.012589551 0.956534207 188.185653687
0.950632632 0.037650712 0.308026016 -134.141708374 -0.032004751 0.999214649 -0.023362922 -12.295072556 -0.308663756 0.012351260 0.951091051 189.489089966
0.944702804 0.042045988 0.325221062 -133.678237915 -0.035417803 0.999027073 -0.026276842 -12.353832245 -0.326009423 0.013305192 0.945272863 190.857513428
0.938340187 0.042686012 0.343068242 -133.216903687 -0.034297839 0.998946607 -0.030483767 -12.402942657 -0.344008088 0.016837645 0.938815653 192.271667480
0.931353152 0.043637611 0.361492783 -132.889602661 -0.034012586 0.998878121 -0.032949261 -12.428557396 -0.362524986 0.018392093 0.931792557 193.589584351
0.925160706 0.043855801 0.377033621 -132.255889893 -0.031791233 0.998765588 -0.038165476 -12.527896881 -0.378241986 0.023322836 0.925412893 194.919570923
0.917317510 0.047504261 0.395312548 -131.612533569 -0.032796737 0.998498142 -0.043883998 -12.625057220 -0.396803528 0.027290594 0.917497754 196.277374268
0.907160461 0.051059913 0.417675585 -131.154464722 -0.034423053 0.998288572 -0.047274258 -12.691992760 -0.419374645 0.028507661 0.907365561 197.623596191
0.896180689 0.054385394 0.440343499 -130.473144531 -0.036642604 0.998140931 -0.048702650 -12.777485847 -0.442173630 0.027511043 0.896507382 198.944519043
0.883194208 0.059068490 0.465272963 -129.792388916 -0.039596453 0.997886360 -0.051523071 -12.874217987 -0.467333049 0.027081711 0.883666396 200.288711548
0.869218707 0.063503310 0.490332723 -129.138610840 -0.041839745 0.997607589 -0.055030994 -12.949848175 -0.492654413 0.027318578 0.869796157 201.596588135
0.854702771 0.067454979 0.514716148 -128.382614136 -0.043730490 0.997353196 -0.058089953 -13.071341515 -0.517272294 0.027140860 0.855390489 202.906204224
0.839904904 0.068742886 0.538362384 -127.605178833 -0.043183371 0.997265816 -0.059968866 -13.186217308 -0.541012824 0.027119840 0.840577066 204.148590088
