0.999999285 0.000212380 -0.001132158 0.034649502 -0.000215881 0.999995172 -0.003093810 0.010451994 0.001131496 0.003094053 0.999994516 1.229398131
0.999999821 0.000497082 -0.000559445 0.038186334 -0.000498398 0.999997079 -0.002353583 -0.016073721 0.000558274 0.002353862 0.999997020 2.498177767
0.999998093 -0.000142994 0.001935829 0.033961076 0.000147861 0.999996781 -0.002513865 0.006868241 -0.001935463 0.002514147 0.999994934 1.433262467
0.999996126 -0.001285046 -0.002479979 0.095972940 0.001278966 0.999996185 -0.002451549 -0.056592334 0.002483121 0.002448368 0.999993861 5.167580605
0.999992430 -0.001480021 -0.003586064 0.121219598 0.001471110 0.999995768 -0.002486227 -0.076206841 0.003589730 0.002480932 0.999990463 6.505018234
0.999995649 -0.001204017 -0.002683058 0.125143126 0.001193468 0.999991596 -0.003929799 -0.096945278 0.002687767 0.003926581 0.999988675 7.813911438
0.999999106 -0.001141631 -0.000679867 0.096478812 0.001138801 0.999990761 -0.004149611 -0.122687183 0.000684598 0.004148832 0.999991119 9.038271904
0.999998629 -0.001582740 0.000544604 0.067733914 0.001584306 0.999994576 -0.002888162 -0.146039531 -0.000540030 0.002889021 0.999995708 10.213458061
0.999997795 -0.002095420 -0.000144044 0.044800617 0.002095128 0.999995708 -0.001997970 -0.171832502 0.000148228 0.001997664 0.999997973 11.382764816
0.999991775 -0.003420839 -0.002167437 0.030065829 0.003415843 0.999991477 -0.002304290 -0.198857918 0.002175301 0.002296868 0.999994993 12.543848991
0.999987662 -0.003063820 -0.003915563 0.017714374 0.003052582 0.999991238 -0.002872870 -0.224047840 0.003924331 0.002860882 0.999988198 13.709231377
0.999982893 -0.002981722 -0.005028085 -0.002283759 0.002965736 0.999990523 -0.003183879 -0.239039749 0.005037532 0.003168913 0.999982297 14.884557724
0.999981403 -0.001402496 -0.005937307 -0.015589662 0.001382924 0.999993622 -0.003299195 -0.261379510 0.005941897 0.003290923 0.999976873 16.057489395
0.999979079 -0.001740721 -0.006248965 -0.033499300 0.001718609 0.999992251 -0.003542119 -0.280766875 0.006255084 0.003531305 0.999974191 17.230169296
0.999976337 -0.002029258 -0.006568238 -0.048529036 0.002008796 0.999993086 -0.003120336 -0.301577210 0.006574525 0.003107068 0.999973536 18.407306671
0.999973655 -0.002647652 -0.006759439 -0.072019830 0.002627257 0.999991953 -0.003024339 -0.328039765 0.006767393 0.003006500 0.999972582 19.580392838
0.999971211 -0.001741458 -0.007391778 -0.084920242 0.001710371 0.999989629 -0.004209951 -0.347475052 0.007399034 0.004197186 0.999963820 20.747438431
0.999965250 -0.002644025 -0.007918442 -0.110469766 0.002610686 0.999987662 -0.004217597 -0.383661002 0.007929496 0.004196777 0.999959767 21.903612137
0.999962866 -0.000683394 -0.008589304 -0.120039813 0.000645634 0.999990046 -0.004398229 -0.403586388 0.008592226 0.004392520 0.999953389 23.081943512
0.999959946 -0.001271023 -0.008857014 -0.145487219 0.001226260 0.999986470 -0.005057581 -0.422519088 0.008863322 0.005046517 0.999947965 24.262630463
0.999950767 -0.001404407 -0.009825457 -0.163537234 0.001346736 0.999981821 -0.005873639 -0.448368847 0.009833528 0.005860117 0.999934494 25.406085968
0.999944448 -0.000009887 -0.010544703 -0.176796556 -0.000047657 0.999985099 -0.005456910 -0.468576461 0.010544601 0.005457110 0.999929488 26.614318848
0.999917507 -0.003338601 -0.012400913 -0.191116154 0.003302460 0.999990165 -0.002933677 -0.509067535 0.012410587 0.002892481 0.999918818 27.715660095
0.999915004 -0.002740235 -0.012748754 -0.224070266 0.002701045 0.999991536 -0.003090248 -0.533497512 0.012757114 0.003055551 0.999913990 28.898099899
0.999896169 -0.003866632 -0.013880807 -0.236122921 0.003815238 0.999985754 -0.003727141 -0.555583835 0.013895022 0.003673796 0.999896705 30.038492203
0.999887168 -0.004103547 -0.014451614 -0.258258492 0.004044051 0.999983191 -0.004143738 -0.592955291 0.014468377 0.004084828 0.999886930 31.250881195
0.999864042 -0.003767067 -0.016051108 -0.280885637 0.003695009 0.999982953 -0.004516594 -0.609278977 0.016067848 0.004456671 0.999860942 32.370841980
0.999854982 -0.003876531 -0.016579084 -0.297470033 0.003809921 0.999984503 -0.004047391 -0.636171997 0.016594514 0.003983638 0.999854326 33.540874481
0.999843061 -0.004747374 -0.017066916 -0.346774459 0.004678973 0.999980867 -0.004045478 -0.653251052 0.017085794 0.003964987 0.999846160 34.720642090
0.999837697 -0.005637933 -0.017110556 -0.382025540 0.005569854 0.999976277 -0.004023821 -0.676019609 0.017132837 0.003927863 0.999845505 35.896930695
0.999815583 -0.005785673 -0.018308204 -0.398559600 0.005710392 0.999975026 -0.004161484 -0.712981224 0.018331822 0.004056169 0.999823689 37.094348907
0.999808073 -0.007133555 -0.018239940 -0.439959198 0.007069233 0.999968588 -0.003588425 -0.740639687 0.018264962 0.003458795 0.999827147 38.256294250
0.999812663 -0.006296400 -0.018302605 -0.455269396 0.006257858 0.999978065 -0.002162290 -0.765170634 0.018315816 0.002047350 0.999830127 39.465320587
0.999818385 -0.005559403 -0.018231284 -0.480572104 0.005539083 0.999983966 -0.001164955 -0.794760585 0.018237466 0.001063759 0.999833107 40.662372589
0.999828279 -0.005149965 -0.017800089 -0.512852848 0.005121424 0.999985516 -0.001648602 -0.818921387 0.017808322 0.001557157 0.999840200 41.859512329
0.999830782 -0.003703468 -0.018025266 -0.545769453 0.003665006 0.999990940 -0.002166338 -0.825937033 0.018033126 0.002099908 0.999835193 43.010749817
0.999848187 -0.000576668 -0.017413156 -0.574075103 0.000563269 0.999999523 -0.000774420 -0.835862100 0.017413596 0.000764494 0.999848127 44.228939056
0.999872386 -0.001251211 -0.015926601 -0.604437411 0.001292632 0.999995768 0.002590748 -0.865050495 0.015923295 -0.002611005 0.999869764 45.397563934
0.999899983 -0.000336073 -0.014133271 -0.628623307 0.000406970 0.999987364 0.005013767 -0.873118937 0.014131407 -0.005019018 0.999887586 46.606132507
0.999930739 0.000498601 -0.011757223 -0.660398364 -0.000401624 0.999965906 0.008249335 -0.888243079 0.011760933 -0.008244044 0.999896884 47.818199158
0.999941468 -0.000864590 -0.010783165 -0.687631011 0.000969573 0.999952137 0.009734406 -0.908050835 0.010774232 -0.009744292 0.999894440 48.987998962
0.999950647 -0.002677160 -0.009570229 -0.699262679 0.002753866 0.999964118 0.008010949 -0.918870986 0.009548438 -0.008036910 0.999922037 50.193172455
0.999964416 -0.001169916 -0.008359026 -0.715143263 0.001224667 0.999977827 0.006547854 -0.929164410 0.008351180 -0.006557857 0.999943614 51.385429382
0.999968052 -0.000975789 -0.007944417 -0.728026748 0.001026329 0.999979198 0.006360170 -0.948314548 0.007938046 -0.006368119 0.999948204 52.586845398
0.999962568 -0.001483561 -0.008534221 -0.728403926 0.001533185 0.999981940 0.005811173 -0.956721425 0.008525446 -0.005824039 0.999946654 53.785236359
0.999961495 -0.002697775 -0.008341616 -0.763817668 0.002739534 0.999983668 0.004998649 -0.987025619 0.008327995 -0.005021309 0.999952674 54.991497040
0.999945581 -0.002668499 -0.010078489 -0.782459617 0.002719435 0.999983549 0.005043458 -0.994437456 0.010064866 -0.005070590 0.999936461 56.189895630
0.999940515 -0.002934349 -0.010503171 -0.811531544 0.002995003 0.999978900 0.005763764 -1.007872581 0.010486037 -0.005794879 0.999928117 57.416553497
0.999917567 -0.002806495 -0.012526010 -0.820973277 0.002893083 0.999972105 0.006899917 -1.028433561 0.012506295 -0.006935588 0.999897718 58.613594055
0.999899447 -0.001716025 -0.014076738 -0.831556439 0.001805368 0.999978304 0.006336659 -1.036665440 0.014065556 -0.006361437 0.999880850 59.840507507
0.999893665 -0.001190466 -0.014533511 -0.855039716 0.001284696 0.999978244 0.006476099 -1.056312323 0.014525485 -0.006494082 0.999873400 61.046237946
0.999886870 -0.001721551 -0.014943758 -0.873755932 0.001808902 0.999981344 0.005833700 -1.067002296 0.014933437 -0.005860072 0.999871314 62.237606049
0.999873281 -0.002119983 -0.015777478 -0.892393410 0.002189178 0.999988079 0.004369549 -1.073391676 0.015768029 -0.004403537 0.999865949 63.433773041
0.999870062 -0.003365744 -0.015764359 -0.918231130 0.003462278 0.999975383 0.006100225 -1.097307205 0.015743438 -0.006154014 0.999857128 64.654685974
0.999866903 -0.003220359 -0.015992898 -0.950525224 0.003343194 0.999965072 0.007659724 -1.111445785 0.015967675 -0.007712172 0.999842703 65.840202332
0.999867499 -0.002813904 -0.016036950 -0.985648632 0.002904652 0.999979854 0.005638132 -1.118579865 0.016020764 -0.005683967 0.999855518 67.031684875
0.999868333 -0.000898452 -0.016200554 -1.012588263 0.000969535 0.999989867 0.004380309 -1.136475205 0.016196454 -0.004395440 0.999859154 68.227600098
0.999859691 0.000606508 -0.016739307 -1.031878233 -0.000523006 0.999987423 0.004992341 -1.157347918 0.016742125 -0.004982885 0.999847472 69.425682068
0.999860644 0.003261696 -0.016375786 -1.066312551 -0.003179022 0.999982059 0.005072031 -1.169433117 0.016392035 -0.005019265 0.999853134 70.634643555
0.999858320 0.007510903 -0.015059479 -1.233154297 -0.007442974 0.999961913 0.004561640 -1.334214926 0.015093167 -0.004448906 0.999876201 71.797317505
0.999863803 0.007896839 -0.014493595 -1.256964087 -0.007810218 0.999951482 0.006023378 -1.355293393 0.014540455 -0.005909359 0.999876857 72.994232178
0.999878049 0.009795411 -0.012161076 -1.276050329 -0.009721493 0.999934018 0.006122448 -1.360404849 0.012220244 -0.006003478 0.999907315 74.179260254
0.999911427 0.008976600 -0.009826552 -1.289866805 -0.008943006 0.999954104 0.003457246 -1.373437285 0.009857135 -0.003369062 0.999945700 75.374870300
0.999958634 0.005689156 -0.007098569 -1.307644844 -0.005697526 0.999983132 -0.001159422 -1.396482944 0.007091851 0.001199818 0.999974132 76.537109375
0.999968410 0.006550593 -0.004504052 -1.322274208 -0.006557290 0.999977350 -0.001473830 -1.419578314 0.004494295 0.001503318 0.999988735 77.724723816
0.999981701 0.005768059 -0.001835661 -1.319871664 -0.005763969 0.999980927 0.002225982 -1.441946626 0.001848466 -0.002215361 0.999995768 78.916290283
0.999978781 0.006376171 0.001361497 -1.330301523 -0.006380917 0.999973416 0.003510188 -1.465384483 -0.001339081 -0.003518800 0.999992967 80.090248108
0.999967456 0.005795560 0.005606738 -1.340631247 -0.005807281 0.999980986 0.002076488 -1.483755827 -0.005594597 -0.002108980 0.999982178 81.244575500
0.999948323 0.005443597 0.008582783 -1.315064430 -0.005432318 0.999984324 -0.001336753 -1.498278618 -0.008589925 0.001290060 0.999962270 82.429878235
0.999919116 0.003991955 0.012072244 -1.310790062 -0.003930536 0.999979198 -0.005107071 -1.521938324 -0.012092380 0.005059208 0.999914050 83.580505371
0.999868572 0.003610091 0.015806369 -1.297796249 -0.003523246 0.999978542 -0.005518764 -1.550130844 -0.015825955 0.005462349 0.999859869 84.735130310
0.999804854 0.003674200 0.019408520 -1.275908232 -0.003595917 0.999985337 -0.004066827 -1.575238228 -0.019423177 0.003996242 0.999803424 85.881240845
0.999723077 0.004252544 0.023144644 -1.255464792 -0.004171083 0.999984860 -0.003566843 -1.594969273 -0.023159467 0.003469317 0.999725699 87.040878296
0.999630630 0.003519919 0.026951032 -1.236137629 -0.003373102 0.999979198 -0.005491085 -1.625428915 -0.026969800 0.005398147 0.999621689 88.194778442
0.999521375 0.004401786 0.030622190 -1.215111256 -0.004134659 0.999952912 -0.008781186 -1.633420825 -0.030659400 0.008650370 0.999492407 89.333534241
0.999441028 0.004022237 0.033189703 -1.164223909 -0.003744689 0.999957502 -0.008420440 -1.679070354 -0.033222165 0.008291448 0.999413550 90.493011475
0.999345779 0.002571238 0.036076389 -1.131576538 -0.002317392 0.999972343 -0.007076369 -1.711691737 -0.036093589 0.006988137 0.999323964 91.629112244
0.999231279 0.002280512 0.039136268 -1.068667412 -0.002067843 0.999982893 -0.005473635 -1.725842237 -0.039148077 0.005388499 0.999218881 92.816497803
0.999133527 0.001248255 0.041602287 -1.020965099 -0.001085984 0.999991775 -0.003922904 -1.745723486 -0.041606832 0.003874325 0.999126554 93.955207825
0.999015749 0.000417928 0.044354759 -0.993739128 -0.000291606 0.999995947 -0.002854414 -1.773633361 -0.044355765 0.002838671 0.999011695 95.098884583
0.998935282 -0.001386421 0.046110824 -0.928548336 0.001623154 0.999985695 -0.005096916 -1.814309239 -0.046103094 0.005166335 0.998923242 96.275733948
0.998869419 -0.002374546 0.047477935 -0.845327854 0.002810860 0.999954402 -0.009125166 -1.825389862 -0.047454093 0.009248303 0.998830557 97.441390991
0.998708665 -0.001914291 0.050766680 -0.813189030 0.002473087 0.999936998 -0.010946631 -1.864010215 -0.050742529 0.011058045 0.998650551 98.592971802
0.998623729 -0.001438017 0.052425064 -0.766069412 0.002074660 0.999924660 -0.012091475 -1.883193016 -0.052403729 0.012183597 0.998551667 99.739593506
0.998603404 -0.002042892 0.052791934 -0.702901840 0.002655748 0.999929786 -0.011541336 -1.920156717 -0.052764658 0.011665419 0.998538792 100.898368835
0.998636186 -0.001698876 0.052179873 -0.644987106 0.002200357 0.999951959 -0.009554680 -1.954601526 -0.052161135 0.009656464 0.998591959 102.127983093
0.998705864 -0.002799589 0.050780363 -0.600408077 0.003199509 0.999964535 -0.007795915 -1.995810628 -0.050756730 0.007948296 0.998679399 103.301795959
0.998819888 -0.002020151 0.048524253 -0.536148071 0.002388967 0.999968708 -0.007543840 -2.007358789 -0.048507493 0.007650860 0.998793483 104.487754822
0.998918355 -0.001519928 0.046473321 -0.490465641 0.001848394 0.999973595 -0.007025690 -2.027485847 -0.046461418 0.007103991 0.998894751 105.705993652
0.999067426 -0.000722087 0.043169681 -0.449478626 0.001032561 0.999973774 -0.007170099 -2.050926924 -0.043163363 0.007207987 0.999041975 106.903541565
0.999218166 0.000283119 0.039531752 -0.408804893 0.000017032 0.999971151 -0.007592124 -2.078514099 -0.039532751 0.007586862 0.999189436 108.099578857
0.999359727 0.000444212 0.035780422 -0.372845173 -0.000194632 0.999975622 -0.006978536 -2.111234426 -0.035782650 0.006967102 0.999335349 109.291290283
0.999498248 0.001315144 0.031647813 -0.342922926 -0.001124561 0.999981046 -0.006039002 -2.140736580 -0.031655148 0.006000382 0.999480844 110.506797791
0.999629200 0.001513370 0.027187046 -0.302041531 -0.001379466 0.999986827 -0.004943356 -2.170275927 -0.027194172 0.004904019 0.999618173 111.703598022
0.999740779 0.001756202 0.022699086 -0.282534599 -0.001656619 0.999988914 -0.004405197 -2.190457344 -0.022706568 0.004366451 0.999732673 112.910896301
0.999837339 0.002291635 0.017888140 -0.263593197 -0.002211129 0.999987423 -0.004518977 -2.215071678 -0.017898273 0.004478688 0.999829769 114.122581482
0.999915242 0.002706924 0.012738450 -0.246708512 -0.002655167 0.999988198 -0.004078312 -2.250380754 -0.012749339 0.004044144 0.999910474 115.336280823
0.999969959 0.002855179 0.007205203 -0.221806049 -0.002821432 0.999985099 -0.004689620 -2.260831833 -0.007218483 0.004669150 0.999963045 116.532981873
0.999987960 0.003930206 0.002937805 -0.238711387 -0.003914318 0.999977708 -0.005394813 -2.294154644 -0.002958943 0.005383249 0.999981165 117.782905579
0.999981642 0.006040271 -0.000504472 -0.250949532 -0.006043049 0.999965489 -0.005698400 -2.316843987 0.000470035 0.005701343 0.999983668 119.004661560
0.999966502 0.007635758 -0.002949171 -0.248388723 -0.007650374 0.999958336 -0.004976963 -2.354613781 0.002911045 0.004999359 0.999983251 120.224273682
0.999950647 0.009239161 -0.003648048 -0.272997618 -0.009257750 0.999944031 -0.005111617 -2.386796474 0.003600616 0.005145138 0.999980271 121.441864014
0.999923050 0.011334393 -0.005037704 -0.275856197 -0.011358832 0.999923706 -0.004849399 -2.413708210 0.004982354 0.004906248 0.999975562 122.696022034
0.999900162 0.012795083 -0.006002232 -0.297161162 -0.012819308 0.999909699 -0.004014883 -2.440343857 0.005950321 0.004091426 0.999973893 123.926483154
0.999901950 0.012292214 -0.006702857 -0.304290771 -0.012318452 0.999916553 -0.003887292 -2.458256245 0.006654516 0.003969479 0.999969959 125.178771973
0.999849021 0.016009651 -0.006742225 -0.348252773 -0.016022479 0.999869943 -0.001853184 -2.481762171 0.006711678 0.001960931 0.999975562 126.422630310
0.999819279 0.017224662 -0.008049685 -0.345335960 -0.017215112 0.999850988 0.001254168 -2.496942282 0.008070088 -0.001115365 0.999966800 127.670791626
0.999833167 0.015941074 -0.008921882 -0.355230033 -0.015932443 0.999872506 0.001037262 -2.517959118 0.008937280 -0.000894941 0.999959648 128.904251099
0.999837637 0.015661610 -0.008914999 -0.387709677 -0.015671138 0.999876678 -0.001000070 -2.533264875 0.008898237 0.001139616 0.999959767 130.162429810
0.999867797 0.013075346 -0.009662472 -0.392055452 -0.013074987 0.999914467 0.000100366 -2.551130056 0.009662958 0.000025984 0.999953330 131.423019409
0.999886453 0.010977737 -0.010322367 -0.414718390 -0.010957752 0.999937952 0.001990647 -2.572586060 0.010343579 -0.001877311 0.999944806 132.678665161
0.999911129 0.007491272 -0.011029881 -0.414116263 -0.007446878 0.999964118 0.004060525 -2.594228029 0.011059903 -0.003978026 0.999930859 133.945220947
0.999921679 0.005685530 -0.011153320 -0.428971410 -0.005627695 0.999970555 0.005209943 -2.607374191 0.011182614 -0.005146767 0.999924183 135.205291748
0.999933898 0.001383425 -0.011411955 -0.439488769 -0.001350320 0.999994755 0.002908190 -2.620760441 0.011415920 -0.002892588 0.999930620 136.480911255
0.999932051 -0.001159092 -0.011598221 -0.453399301 0.001183025 0.999997139 0.002056865 -2.635331392 0.011595804 -0.002070446 0.999930561 137.725677490
0.999934852 -0.002139787 -0.011207331 -0.470658898 0.002164801 0.999995172 0.002220164 -2.662566900 0.011202527 -0.002244281 0.999934673 139.008087158
0.999943316 -0.001599137 -0.010516149 -0.497583747 0.001626408 0.999995232 0.002584978 -2.677594900 0.010511966 -0.002601935 0.999941289 140.261093140
0.999947906 -0.002360777 -0.009930432 -0.516027212 0.002402079 0.999988437 0.004149651 -2.685204029 0.009920523 -0.004173289 0.999942064 141.558670044
0.999954879 0.000493903 -0.009484919 -0.522709608 -0.000439868 0.999983609 0.005698237 -2.702604532 0.009487580 -0.005693808 0.999938786 142.811904907
0.999967277 -0.000602002 -0.008067802 -0.572560847 0.000641244 0.999987960 0.004862126 -2.744419098 0.008064779 -0.004867141 0.999955654 144.153244019
0.999973595 -0.000261614 -0.007272579 -0.590005636 0.000282917 0.999995768 0.002928174 -2.753999710 0.007271782 -0.002930155 0.999969244 145.426696777
0.999974012 -0.000168689 -0.007207374 -0.599860072 0.000172727 0.999999821 0.000559822 -2.781664371 0.007207280 -0.000561052 0.999973893 146.698165894
0.999974728 -0.001919043 -0.006835579 -0.616014421 0.001893532 0.999991179 -0.003736389 -2.804203033 0.006842689 0.003723352 0.999969661 147.970458984
0.999977887 -0.001392730 -0.006507633 -0.624966502 0.001348080 0.999975502 -0.006860503 -2.834251404 0.006517028 0.006851577 0.999955297 149.229721069
0.999980688 -0.001294962 -0.006088914 -0.637763321 0.001248886 0.999970555 -0.007565050 -2.871047735 0.006098531 0.007557298 0.999952912 150.496719360
0.999975443 -0.001205161 -0.006905538 -0.635970235 0.001147242 0.999964118 -0.008385057 -2.878237009 0.006915395 0.008376925 0.999940991 151.698593140
0.999973059 -0.000680994 -0.007312576 -0.635570526 0.000624079 0.999969482 -0.007782531 -2.910874128 0.007317653 0.007777755 0.999943018 152.949279785
0.999976873 -0.000858431 -0.006746042 -0.676067233 0.000817158 0.999980986 -0.006118617 -2.951123714 0.006751166 0.006112963 0.999958456 154.285064697
0.999974728 -0.000121000 -0.007110827 -0.683753014 0.000080366 0.999983609 -0.005714387 -2.969909668 0.007111402 0.005713671 0.999958336 155.554260254
0.999970317 -0.000091445 -0.007718195 -0.700204313 0.000044593 0.999981582 -0.006070293 -3.010400772 0.007718607 0.006069767 0.999951720 156.803680420
0.999963760 0.000183962 -0.008510364 -0.716440976 -0.000233162 0.999983251 -0.005780634 -3.033842564 0.008509157 0.005782411 0.999947071 158.071578979
0.999960899 0.000024830 -0.008842158 -0.743140697 -0.000066079 0.999989212 -0.004664796 -3.068680048 0.008841945 0.004665199 0.999949992 159.347839355
0.999952912 0.001147570 -0.009630036 -0.762869716 -0.001188284 0.999990344 -0.004223092 -3.098802567 0.009625097 0.004234336 0.999944687 160.628173828
0.999947369 0.001139773 -0.010190431 -0.779435396 -0.001195009 0.999984622 -0.005416077 -3.120512962 0.010184103 0.005427969 0.999933422 161.869277954
0.999941528 0.001957671 -0.010634057 -0.800959229 -0.002028508 0.999975741 -0.006654731 -3.153425455 0.010620772 0.006675912 0.999921381 163.138931274
0.999931276 0.002594850 -0.011425839 -0.823129773 -0.002668068 0.999975920 -0.006397411 -3.183712482 0.011408963 0.006427457 0.999914229 164.382003784
0.999928892 0.002472226 -0.011661191 -0.847863674 -0.002559469 0.999968767 -0.007472524 -3.206398964 0.011642354 0.007501839 0.999903977 165.667709351
0.999909818 0.002626437 -0.013172522 -0.861339331 -0.002736432 0.999961495 -0.008339193 -3.243772030 0.013150114 0.008374487 0.999878407 166.884262085
0.999910355 0.003590721 -0.012900315 -0.895179749 -0.003697237 0.999959230 -0.008242488 -3.270414352 0.012870193 0.008289444 0.999882877 168.160614014
0.999893188 0.002477546 -0.014405287 -0.914121628 -0.002574830 0.999974012 -0.006738721 -3.309996605 0.014388219 0.006775094 0.999873459 169.426467896
0.999887347 0.003023457 -0.014701142 -0.950380921 -0.003104714 0.999980032 -0.005507587 -3.355413914 0.014684196 0.005552609 0.999876738 170.676361084
0.999867380 0.004053000 -0.015770139 -0.965139389 -0.004149155 0.999972999 -0.006069346 -3.368406296 0.015745111 0.006133974 0.999857187 171.956420898
0.999865711 0.004434695 -0.015777072 -1.008126855 -0.004522889 0.999974310 -0.005558698 -3.398500919 0.015752016 0.005629308 0.999859989 173.220809937
0.999840200 0.004630076 -0.017270926 -1.014833808 -0.004738918 0.999969184 -0.006266344 -3.432458401 0.017241377 0.006347188 0.999831259 174.480545044
0.999837220 0.005242144 -0.017264161 -1.060077429 -0.005358327 0.999963284 -0.006690252 -3.463035583 0.017228456 0.006781669 0.999828577 175.735153198
0.999825180 0.005465250 -0.017878965 -1.083962917 -0.005582795 0.999962986 -0.006531146 -3.486853600 0.017842613 0.006629819 0.999818802 177.023361206
0.999832809 0.005084455 -0.017562153 -1.138084650 -0.005221243 0.999956310 -0.007751738 -3.528753757 0.017521972 0.007842137 0.999815702 178.257354736
0.999831975 0.003461535 -0.018000843 -1.140366077 -0.003632072 0.999948680 -0.009449854 -3.551176310 0.017967205 0.009513648 0.999793291 179.559600830
0.999825180 0.000862126 -0.018683316 -1.163778305 -0.001028779 0.999959707 -0.008912022 -3.585342407 0.018674880 0.008929685 0.999785781 180.824157715
0.999828637 0.000638690 -0.018503247 -1.193853140 -0.000738723 0.999985099 -0.005399931 -3.621224642 0.018499523 0.005412674 0.999814153 182.093231201
0.999824107 -0.000722410 -0.018741252 -1.244896650 0.000719367 0.999999762 -0.000169092 -3.676385641 0.018741369 0.000155581 0.999824286 183.387680054
0.999818146 -0.000193266 -0.019069135 -1.278084517 0.000184977 0.999999881 -0.000436475 -3.708414555 0.019069215 0.000432868 0.999817967 184.636474609
0.999819636 0.001994497 -0.018886685 -1.295492649 -0.002069332 0.999990106 -0.003943709 -3.722784519 0.018878626 0.003982080 0.999813855 185.878707886
0.999817669 0.002581793 -0.018920695 -1.326663017 -0.002694880 0.999978662 -0.005953902 -3.753175259 0.018904915 0.006003805 0.999803245 187.131515503
0.999799907 0.001745861 -0.019930379 -1.332313538 -0.001845770 0.999985874 -0.004995595 -3.805580378 0.019921375 0.005031381 0.999788940 188.306259155
0.999819458 0.002045929 -0.018890932 -1.390550852 -0.002130025 0.999987960 -0.004432629 -3.815819502 0.018881632 0.004472068 0.999811709 189.599014282
0.999817371 0.001846788 -0.019021314 -1.413333654 -0.001889035 0.999995708 -0.002203269 -3.844864130 0.019017162 0.002238798 0.999816656 190.846649170
0.999837935 0.001004265 -0.017973857 -1.469170213 -0.001022824 0.999998868 -0.001023344 -3.862414837 0.017972806 0.001041562 0.999837995 192.050308228
0.999864280 0.001248465 -0.016428983 -1.499605417 -0.001279725 0.999997377 -0.001892235 -3.887620449 0.016426578 0.001913003 0.999863267 193.266540527
0.999873459 0.000207242 -0.015906151 -1.469102859 -0.000263250 0.999993682 -0.003518979 -3.925885439 0.015905323 0.003522721 0.999867260 194.522354126
0.999897897 0.000439982 -0.014275371 -1.516611099 -0.000512628 0.999986947 -0.005085662 -3.949581861 0.014272949 0.005092462 0.999885142 195.740203857
0.999917150 -0.000661106 -0.012854808 -1.538480520 0.000596746 0.999987304 -0.005010017 -3.999468803 0.012857955 0.005001931 0.999904752 196.967025757
0.999937296 0.000010097 -0.011200103 -1.563126564 -0.000061339 0.999989569 -0.004574843 -4.025904655 0.011199939 0.004575243 0.999926805 198.115661621
0.999946117 -0.001239821 -0.010306550 -1.569540262 0.001213090 0.999995887 -0.002599330 -4.052604675 0.010309728 0.002586686 0.999943495 199.434829712
0.999967694 0.000404914 -0.008035686 -1.617074490 -0.000424606 0.999996960 -0.002448758 -4.093264103 0.008034668 0.002452090 0.999964654 200.637878418
0.999968171 -0.000351145 -0.007973978 -1.592471123 0.000330375 0.999996483 -0.002605661 -4.097216606 0.007974865 0.002602944 0.999964833 201.879806519
0.999973297 -0.000178921 -0.007309736 -1.601782560 0.000161120 0.999997020 -0.002435742 -4.124446392 0.007310150 0.002434500 0.999970317 203.077865601
0.999977708 -0.000765160 -0.006647158 -1.610353827 0.000747522 0.999996245 -0.002655572 -4.149131775 0.006649164 0.002650543 0.999974430 204.285308838
0.999986768 -0.000256895 -0.005155749 -1.639918804 0.000245389 0.999997556 -0.002232346 -4.185459614 0.005156309 0.002231051 0.999984205 205.488113403
0.999990225 -0.000386728 -0.004432347 -1.644443154 0.000374801 0.999996305 -0.002691274 -4.198018551 0.004433372 0.002689586 0.999986589 206.676055908
0.999983966 -0.000639151 -0.005626461 -1.604052305 0.000620835 0.999994457 -0.003256332 -4.218572617 0.005628512 0.003252787 0.999978840 207.795455933
0.999986410 -0.000309690 -0.005205773 -1.640826225 0.000300100 0.999998212 -0.001842892 -4.260890007 0.005206335 0.001841305 0.999984682 208.924224854
0.999984384 -0.001234811 -0.005448977 -1.637539864 0.001227800 0.999998450 -0.001289800 -4.274930477 0.005450561 0.001283090 0.999984324 210.025650024
0.999981701 -0.001247506 -0.005906720 -1.649329185 0.001240565 0.999998510 -0.001178564 -4.303424835 0.005908181 0.001171215 0.999981940 211.108856201
0.999977946 0.000165829 -0.006642247 -1.660605192 -0.000177961 0.999998391 -0.001825930 -4.341953754 0.006641934 0.001827072 0.999976277 212.208175659
0.999977469 0.000165580 -0.006699145 -1.677861452 -0.000183723 0.999996305 -0.002707441 -4.360727310 0.006698673 0.002708611 0.999973893 213.297653198
0.999973953 -0.000155951 -0.007216296 -1.690055966 0.000135025 0.999995768 -0.002900045 -4.389495373 0.007216718 0.002898995 0.999969780 214.357574463
0.999964356 -0.000474967 -0.008432118 -1.709808707 0.000450160 0.999995530 -0.002943506 -4.410497665 0.008433481 0.002939605 0.999960065 215.404495239
0.999939024 -0.000578975 -0.011033460 -1.709582806 0.000556508 0.999997795 -0.002039323 -4.432462215 0.011034618 0.002033059 0.999937057 216.420379639
0.999923408 -0.002219257 -0.012169583 -1.744051933 0.002213197 0.999997377 -0.000511654 -4.456571102 0.012170688 0.000484680 0.999925792 217.457397461
0.999900222 -0.002097072 -0.013966956 -1.768768549 0.002110052 0.999997318 0.000914729 -4.475520134 0.013965002 -0.000944108 0.999901950 218.489151001
0.999869704 -0.001344263 -0.016083358 -1.790893197 0.001371755 0.999997497 0.001698533 -4.506063461 0.016081035 -0.001720374 0.999869168 219.486999512
0.999815702 -0.000992118 -0.019172676 -1.812242985 0.001013369 0.999998868 0.001098707 -4.524684906 0.019171564 -0.001117934 0.999815583 220.455200195
0.999748588 -0.001076672 -0.022395207 -1.833382130 0.001099964 0.999998927 0.001027821 -4.539188862 0.022394069 -0.001052197 0.999748707 221.431716919
0.999684691 -0.000632729 -0.025105497 -1.866015911 0.000662234 0.999999225 0.001166883 -4.556240082 0.025104744 -0.001183140 0.999684095 222.364013672
0.999607682 -0.000281648 -0.028008072 -1.899286270 0.000314240 0.999999344 0.001159248 -4.582386017 0.028007727 -0.001167594 0.999606967 223.279663086
0.999526501 -0.000351525 -0.030764734 -1.940478802 0.000373159 0.999999702 0.000697497 -4.599421501 0.030764479 -0.000708646 0.999526441 224.183700562
0.999449015 0.000185959 -0.033189703 -1.987939358 -0.000211578 0.999999702 -0.000768394 -4.581603527 0.033189550 0.000774995 0.999448776 225.063507080
0.999335945 0.000952305 -0.036423631 -2.034210682 -0.000971727 0.999999404 -0.000515578 -4.608948708 0.036423121 0.000550628 0.999336302 225.909194946
0.999234736 0.001627791 -0.039079733 -2.068162441 -0.001683445 0.999997497 -0.001391225 -4.627683163 0.039077390 0.001455949 0.999235034 226.743423462
0.999143183 0.003620711 -0.041230232 -2.113299847 -0.003710332 0.999990880 -0.002097366 -4.639667988 0.041222274 0.002248546 0.999147415 227.559814453
0.999090493 0.004501775 -0.042400919 -2.145648003 -0.004553451 0.999988973 -0.001122272 -4.664981365 0.042395409 0.001314322 0.999099970 228.372833252
0.999106288 0.004393711 -0.042040441 -2.183481693 -0.004388037 0.999990344 0.000227200 -4.684541702 0.042041041 -0.000042522 0.999115884 229.136230469
0.999122679 0.003708971 -0.041714888 -2.218337536 -0.003665609 0.999992609 0.001115952 -4.707855225 0.041718729 -0.000962063 0.999128938 229.901336670
0.999133885 0.004118820 -0.041407738 -2.249135494 -0.004104307 0.999991477 0.000435497 -4.717288971 0.041409180 -0.000265170 0.999142289 230.638778687
0.999166727 0.004367520 -0.040582769 -2.291344166 -0.004442320 0.999988675 -0.001753178 -4.735599518 0.040574655 0.001931999 0.999174774 231.376495361
0.999180555 0.004653703 -0.040207047 -2.311899185 -0.004801360 0.999981999 -0.003576581 -4.752198696 0.040189676 0.003766699 0.999184966 232.097335815
0.999232292 0.004831592 -0.038877808 -2.351423264 -0.005022174 0.999975860 -0.004805892 -4.768165588 0.038853649 0.004997454 0.999232411 232.820434570
0.999276221 0.005457761 -0.037646394 -2.369319916 -0.005684050 0.999966383 -0.005906501 -4.777712822 0.037612885 0.006116210 0.999273658 233.558624268
0.999348819 0.005058464 -0.035723709 -2.404845238 -0.005253396 0.999971867 -0.005364950 -4.806892872 0.035695560 0.005549128 0.999347329 234.275543213
0.999403298 0.004612554 -0.034227658 -2.427171230 -0.004816567 0.999971092 -0.005880478 -4.817856312 0.034199536 0.006041830 0.999396741 234.981857300
0.999465406 0.004869862 -0.032327749 -2.452435493 -0.005069428 0.999968529 -0.006094164 -4.835546494 0.032297060 0.006254790 0.999458730 235.702362061
0.999531031 0.004218273 -0.030328913 -2.474855423 -0.004407832 0.999971151 -0.006185962 -4.856708527 0.030301942 0.006316746 0.999520898 236.403396606
0.999613643 0.004189255 -0.027476609 -2.491694927 -0.004346503 0.999974489 -0.005665788 -4.878400803 0.027452173 0.005783026 0.999606371 237.101486206
0.999700308 0.003005922 -0.024294261 -2.511225224 -0.003134178 0.999981344 -0.005242944 -4.891732216 0.024278052 0.005317515 0.999691129 237.803436279
0.999769628 0.002448330 -0.021323198 -2.527845144 -0.002556304 0.999984026 -0.005037853 -4.909020424 0.021310525 0.005091200 0.999759912 238.501144409
0.999828815 0.002480439 -0.018334528 -2.542324066 -0.002565889 0.999985993 -0.004638535 -4.928220272 0.018322768 0.004684785 0.999821126 239.199401855
0.999880970 0.001937022 -0.015307847 -2.552240849 -0.002019515 0.999983668 -0.005375224 -4.941484451 0.015297185 0.005405499 0.999868333 239.880691528
0.999923110 0.001560190 -0.012293832 -2.563225985 -0.001629613 0.999982893 -0.005639114 -4.957472324 0.012284823 0.005658716 0.999908507 240.566146851
0.999952316 0.002528560 -0.009435687 -2.571328402 -0.002589733 0.999975622 -0.006476480 -4.973641396 0.009419084 0.006500607 0.999934435 241.249603271
0.999975979 0.002544360 -0.006439331 -2.581219673 -0.002588799 0.999972761 -0.006902409 -4.991875172 0.006421593 0.006918913 0.999955416 241.940002441
0.999987423 0.003331416 -0.003723257 -2.586188793 -0.003356203 0.999972045 -0.006670468 -5.002934933 0.003700931 0.006682882 0.999970794 242.639099121
0.999995232 0.002922438 -0.000930554 -2.587748528 -0.002927436 0.999980986 -0.005415356 -5.023999214 0.000914711 0.005418055 0.999984920 243.344100952
0.999995768 0.002776192 0.000857362 -2.588571310 -0.002771482 0.999981344 -0.005447473 -5.042470932 -0.000872470 0.005445074 0.999984860 244.046966553
0.999989808 0.002854291 0.003485194 -2.590173721 -0.002828903 0.999969602 -0.007267357 -5.055736065 -0.003505832 0.007257423 0.999967515 244.745666504
0.999979496 0.002774407 0.005775311 -2.594279766 -0.002721046 0.999953687 -0.009227038 -5.074187279 -0.005800643 0.009211134 0.999940753 245.454498291
0.999980748 0.001416947 0.006027265 -2.585517645 -0.001349720 0.999936998 -0.011143076 -5.089609146 -0.006042674 0.011134727 0.999919713 246.165573120
0.999986410 0.001184930 0.005058420 -2.544633865 -0.001129492 0.999939382 -0.010948435 -5.117901802 -0.005071088 0.010942575 0.999927282 246.910476685
0.999987364 0.000695368 0.004966432 -2.544620991 -0.000638339 0.999933898 -0.011475120 -5.136204243 -0.004974083 0.011471804 0.999921858 247.647659302
0.999976814 0.002693274 0.006262251 -2.582285643 -0.002613821 0.999916375 -0.012661241 -5.145947456 -0.006295828 0.012644580 0.999900222 248.365768433
0.999968469 0.001789870 0.007746560 -2.600812674 -0.001692693 0.999920011 -0.012533065 -5.173468113 -0.007768373 0.012519557 0.999891460 249.077438354
0.999983490 0.002234997 0.005288861 -2.528730392 -0.002164184 0.999908566 -0.013357451 -5.214636326 -0.005318230 0.013345784 0.999896824 249.838226318
0.999980986 -0.001294062 0.006039004 -2.530527115 0.001388830 0.999875605 -0.015714988 -5.236734867 -0.006017917 0.015723074 0.999858260 250.591644287
0.999964476 -0.005507472 0.006401508 -2.524109840 0.005617806 0.999833763 -0.017347172 -5.235013962 -0.006304906 0.017382517 0.999829054 251.383163452
0.999970019 -0.003484021 0.006922764 -2.525472164 0.003576623 0.999903738 -0.013409361 -5.256409168 -0.006875380 0.013433719 0.999886155 252.164031982
0.999973059 0.000866985 0.007279761 -2.519380569 -0.000809593 0.999968588 -0.007883005 -5.266586304 -0.007286367 0.007876896 0.999942482 252.949676514
0.999966562 0.000263368 0.008169600 -2.519023418 -0.000243903 0.999997139 -0.002383396 -5.318441391 -0.008170203 0.002381325 0.999963820 253.708801270
0.999941170 -0.000682945 0.010823745 -2.511548281 0.000728701 0.999990821 -0.004223961 -5.336332321 -0.010820761 0.004231601 0.999932587 254.510452271
0.999893785 0.000323385 0.014570489 -2.501588583 -0.000174283 0.999947608 -0.010233250 -5.352185726 -0.014573037 0.010229625 0.999841511 255.311569214
0.999837995 0.001460842 0.017942784 -2.494644642 -0.001210420 0.999901831 -0.013959632 -5.374795437 -0.017961415 0.013935654 0.999741614 256.120147705
0.999759376 0.004059448 0.021558829 -2.487011433 -0.003759195 0.999895632 -0.013949522 -5.385967255 -0.021613209 0.013865118 0.999670208 256.915618896
0.999683559 0.002845340 0.024995469 -2.477010727 -0.002549595 0.999926448 -0.011855871 -5.399337769 -0.025027368 0.011788389 0.999617279 257.753540039
0.999603570 -0.000787927 0.028146027 -2.444813251 0.001056419 0.999954045 -0.009525655 -5.414484978 -0.028137235 0.009551613 0.999558449 258.613586426
0.999520898 -0.003399043 0.030762637 -2.417163372 0.003643429 0.999962389 -0.007891698 -5.435591221 -0.030734641 0.008000000 0.999495625 259.461364746
0.999412596 -0.002709351 0.034163252 -2.405741692 0.002979413 0.999964774 -0.007856612 -5.450286865 -0.034140758 0.007953782 0.999385417 260.312866211
0.999307096 -0.000024363 0.037220374 -2.394391060 0.000351652 0.999961317 -0.008786738 -5.481462479 -0.037218712 0.008793740 0.999268472 261.099151611
0.999234676 0.002303017 0.039047752 -2.358745575 -0.001858931 0.999933124 -0.011405414 -5.487750530 -0.039071411 0.011324097 0.999172270 261.947967529
0.999034822 0.002128639 0.043874513 -2.386692047 -0.001656306 0.999940217 -0.010799088 -5.521702290 -0.043894880 0.010715993 0.998978674 262.772766113
0.999003649 0.004577311 0.044392422 -2.300971031 -0.004164788 0.999947250 -0.009380665 -5.531637669 -0.044433024 0.009186433 0.998970032 263.630706787
0.998822212 0.005745592 0.048177969 -2.296398163 -0.005376713 0.999955297 -0.007782694 -5.549942493 -0.048220519 0.007514490 0.998808444 264.459259033
0.998669386 0.005288259 0.051297687 -2.234307289 -0.004862807 0.999952734 -0.008415042 -5.569440842 -0.051339760 0.008154395 0.998647928 265.348541260
0.998511314 0.005667753 0.054247569 -2.200831413 -0.005182257 0.999945223 -0.009086084 -5.585472107 -0.054296106 0.008791435 0.998486161 266.208526611
0.998434305 0.005227040 0.055690948 -2.138189316 -0.004718069 0.999945939 -0.009266755 -5.609590530 -0.055736374 0.008989493 0.998405039 267.035430908
0.998312056 0.002045851 0.058041293 -2.105427742 -0.001562432 0.999963760 -0.008373055 -5.629370213 -0.058056325 0.008268239 0.998278975 267.890319824
0.998297989 0.000844998 0.058312971 -2.036603928 -0.000348280 0.999963582 -0.008527755 -5.653263092 -0.058318045 0.008492931 0.998262048 268.749511719
0.998295069 0.000274518 0.058368497 -1.980419159 0.000238549 0.999961317 -0.008782960 -5.670454025 -0.058368653 0.008781912 0.998256505 269.610565186
0.998237669 0.000003695 0.059342992 -1.942605972 0.000489183 0.999965489 -0.008291110 -5.699286461 -0.059340961 0.008305529 0.998203218 270.474639893
0.998278618 0.000884580 0.058644488 -1.882569313 -0.000408685 0.999966800 -0.008126443 -5.712371349 -0.058649737 0.008088487 0.998245835 271.350158691
0.998294711 0.000861934 0.058368262 -1.843266487 -0.000423544 0.999971628 -0.007522749 -5.737371445 -0.058373090 0.007485200 0.998266757 272.199371338
0.998344779 0.000556032 0.057509642 -1.803156853 -0.000094881 0.999967754 -0.008021115 -5.764789104 -0.057512246 0.008002383 0.998312712 273.068145752
0.998463511 0.000613573 0.055409271 -1.753805161 -0.000110428 0.999958754 -0.009083163 -5.784743786 -0.055412561 0.009063089 0.998422384 273.916442871
0.998524487 0.002222378 0.054257769 -1.723403931 -0.001665907 0.999945581 -0.010299126 -5.798310280 -0.054277703 0.010193541 0.998473823 274.775909424
0.998605847 0.003258326 0.052684806 -1.680318832 -0.002704935 0.999940395 -0.010571701 -5.821619034 -0.052716125 0.010414455 0.998555183 275.625183105
0.998723090 0.004442887 0.050323244 -1.631562233 -0.003903368 0.999933779 -0.010814313 -5.844904900 -0.050367970 0.010604074 0.998674393 276.482055664
0.998791635 0.005257502 0.048862062 -1.611951828 -0.004768225 0.999937236 -0.010124641 -5.872068882 -0.048912235 0.009879423 0.998754203 277.311096191
0.998961568 0.004944510 0.045289315 -1.564004898 -0.004547875 0.999950409 -0.008856675 -5.893321991 -0.045330860 0.008641507 0.998934686 278.171203613
0.999118805 0.003758079 0.041801076 -1.544107437 -0.003487083 0.999972403 -0.006554019 -5.914549828 -0.041824549 0.006402482 0.999104440 279.016845703
0.999316931 0.002335978 0.036880475 -1.515630722 -0.002161987 0.999986291 -0.004756887 -5.939778805 -0.036891080 0.004673904 0.999308288 279.862091064
0.999477088 0.001926172 0.032276630 -1.494566917 -0.001818934 0.999992728 -0.003351563 -5.957330704 -0.032282852 0.003291102 0.999473393 280.682678223
0.999623597 0.001340900 0.027401753 -1.480359077 -0.001277756 0.999996603 -0.002321843 -5.980220795 -0.027404767 0.002285956 0.999621868 281.505981445
0.999732852 0.000948249 0.023094328 -1.468658924 -0.000899009 0.999997199 -0.002142493 -5.993100643 -0.023096297 0.002121157 0.999731004 282.309051514
0.999839187 0.000488670 0.017925508 -1.455552578 -0.000447803 0.999997199 -0.002283868 -6.006777287 -0.017926574 0.002275474 0.999836683 283.121948242
0.999892056 -0.000370495 0.014684646 -1.458344936 0.000403550 0.999997377 -0.002248298 -6.027438164 -0.014683772 0.002253981 0.999889612 283.877624512
0.999943972 -0.000102146 0.010588720 -1.453416824 0.000125235 0.999997616 -0.002179900 -6.050933838 -0.010588473 0.002181104 0.999941587 284.645446777
0.999975085 0.000426658 0.007039729 -1.460326195 -0.000406802 0.999995947 -0.002821683 -6.059053898 -0.007040905 0.002818750 0.999971271 285.387207031
