0.999816597 -0.004146757 -0.018700302 2.099317074 0.004206570 0.999986053 0.003160346 -0.405182302 0.018686939 -0.003238431 0.999820173 -4.387584686
0.999786198 -0.005963749 -0.019803680 2.070952654 0.005990869 0.999981225 0.001310446 -0.409581155 0.019795494 -0.001428806 0.999803007 -3.837214470
0.999710083 -0.008711008 -0.022451667 2.097977400 0.008701746 0.999961972 -0.000510106 -0.406036586 0.022455260 0.000314589 0.999747872 -4.324925423
0.999716878 -0.009583605 -0.021773346 2.025870085 0.009557227 0.999953389 -0.001315362 -0.427903354 0.021784933 0.001106896 0.999762058 -2.714806557
0.999683022 -0.009520120 -0.023304708 2.009103775 0.009502305 0.999954402 -0.000875080 -0.435633749 0.023311971 0.000653356 0.999727964 -2.136200666
0.999610603 -0.010404044 -0.025891596 2.020495415 0.010381401 0.999945521 -0.001008727 -0.448271334 0.025900677 0.000739544 0.999664128 -1.541314602
0.999577463 -0.009792999 -0.027368946 2.009514570 0.009692928 0.999945879 -0.003786606 -0.459798843 0.027404543 0.003519721 0.999618113 -0.954454064
0.999558032 -0.008360548 -0.028523983 1.982495189 0.008151204 0.999939024 -0.007447649 -0.473683208 0.028584510 0.007211850 0.999565363 -0.353752941
0.999524355 -0.007294944 -0.029964792 1.963360906 0.006968081 0.999915361 -0.010998215 -0.485636711 0.030042479 0.010784187 0.999490440 0.261080295
0.999486446 -0.005508547 -0.031569485 1.944699407 0.005159999 0.999924958 -0.011111508 -0.491968483 0.031628318 0.010942901 0.999439836 0.891377389
0.999470294 -0.002909412 -0.032412805 1.912341714 0.002771277 0.999986827 -0.004305857 -0.498851806 0.032424908 0.004213750 0.999465287 1.530472875
0.999439418 -0.001801648 -0.033434212 1.891016126 0.002003628 0.999979913 0.006008601 -0.504321158 0.033422716 -0.006072219 0.999422967 2.191896677
0.999404192 -0.000706058 -0.034505155 1.867752075 0.001144579 0.999918818 0.012690794 -0.513267934 0.034493383 -0.012722727 0.999323964 2.871039391
0.999353647 0.001234651 -0.035925429 1.857926965 -0.000801788 0.999926984 0.012060880 -0.517439902 0.035937682 -0.012024280 0.999281704 3.110560417
0.999337792 0.003497881 -0.036216389 1.800952435 -0.003331248 0.999983609 0.004660353 -0.525677323 0.036232088 -0.004536621 0.999333084 4.243212223
0.999281228 0.003209964 -0.037771061 1.792132258 -0.003261988 0.999993861 -0.001315801 -0.524349272 0.037766594 0.001438064 0.999285519 4.510291100
0.999253631 0.000686268 -0.038624011 1.742701054 -0.000675325 0.999999702 0.000296398 -0.520805001 0.038624201 -0.000270095 0.999253809 5.687564373
0.999244511 -0.000020565 -0.038865056 1.727424622 0.000375034 0.999958396 0.009113253 -0.519764423 0.038863257 -0.009120946 0.999202907 6.005873203
0.999216795 -0.000181844 -0.039568298 1.677403688 0.000851774 0.999856591 0.016914792 -0.524394691 0.039559536 -0.016935244 0.999073803 7.232154846
0.999207437 -0.000920787 -0.039795473 1.661169529 0.001687913 0.999813378 0.019247398 -0.522764802 0.039770316 -0.019299310 0.999022484 7.586226463
0.999191642 -0.003060833 -0.040083855 1.608355165 0.003793415 0.999827027 0.018212959 -0.515560865 0.040021177 -0.018350290 0.999030232 8.827386856
0.999212623 -0.004012297 -0.039472271 1.590601206 0.004633989 0.999866545 0.015671259 -0.510504127 0.039404128 -0.015841831 0.999097705 9.223738670
0.999238908 -0.001097864 -0.038992126 1.533863664 0.001583041 0.999921679 0.012414254 -0.505078495 0.038975440 -0.012466534 0.999162376 10.489683151
0.999285102 -0.004013391 -0.037592735 1.511755466 0.004267219 0.999968588 0.006674269 -0.504638314 0.037564773 -0.006829916 0.999270797 10.923166275
0.999280512 -0.007295188 -0.037219401 1.469164491 0.007322323 0.999972939 0.000592814 -0.509646595 0.037214067 -0.000864920 0.999306858 12.221865654
0.999337554 -0.006437824 -0.035820112 1.447897315 0.006247188 0.999965668 -0.005431409 -0.506790161 0.035853848 0.005204035 0.999343395 12.698180199
0.999348283 -0.004492789 -0.035817601 1.392301798 0.004296483 0.999975324 -0.005555817 -0.527475059 0.035841674 0.005398307 0.999342859 14.025741577
0.999328375 -0.003999766 -0.036426537 1.374271035 0.003809796 0.999978781 -0.005283078 -0.534857273 0.036446888 0.005140752 0.999322295 14.552603722
0.999329627 -0.003152257 -0.036472928 1.328809261 0.002922585 0.999975622 -0.006348610 -0.557318747 0.036492035 0.006237759 0.999314427 15.895499229
0.999327004 -0.000121613 -0.036681451 1.306312561 -0.000195190 0.999962747 -0.008632861 -0.567094207 0.036681123 0.008634210 0.999289691 16.454980850
0.999319911 0.003464874 -0.036709506 1.250594378 -0.003802009 0.999951243 -0.009118006 -0.592905521 0.036676127 0.009251371 0.999284267 17.812154770
0.999296665 0.005082304 -0.037151966 1.229626298 -0.005425511 0.999943495 -0.009142898 -0.604406297 0.037103407 0.009338034 0.999267638 18.399581909
0.999294460 0.006053018 -0.037066463 1.171211004 -0.006394911 0.999938011 -0.009112153 -0.638941407 0.037009005 0.009342761 0.999271274 19.782176971
0.999304891 0.006018216 -0.036791410 1.142508745 -0.006352648 0.999939442 -0.008979769 -0.652274251 0.036735144 0.009207248 0.999282598 20.405487061
0.999250174 0.007145060 -0.038052332 1.099010348 -0.007446062 0.999942064 -0.007774347 -0.683536828 0.037994582 0.008051858 0.999245465 21.782449722
0.999254704 0.007512186 -0.037862036 1.065915465 -0.007750016 0.999951184 -0.006138636 -0.692505240 0.037814073 0.006427494 0.999264121 22.445007324
0.999221087 0.008397421 -0.038556915 1.013055444 -0.008590293 0.999951363 -0.004839313 -0.722143531 0.038514391 0.005166760 0.999244809 23.826524734
0.999216020 0.008523665 -0.038660169 0.980597258 -0.008746573 0.999946117 -0.005600352 -0.736232281 0.038610332 0.005934104 0.999236763 24.499906540
0.999183297 0.009877980 -0.039183110 0.930090427 -0.010159891 0.999924004 -0.007002183 -0.758324683 0.039110944 0.007394561 0.999207497 25.894962311
0.999153137 0.009425135 -0.040054895 0.906117320 -0.009669363 0.999935925 -0.005907932 -0.774093151 0.039996631 0.006290232 0.999179959 26.600131989
0.999150038 0.008914557 -0.040246371 0.843819380 -0.009061608 0.999952793 -0.003472837 -0.798937619 0.040213522 0.003834583 0.999183655 28.004739761
0.999132514 0.008869873 -0.040687662 0.812177062 -0.008867777 0.999960542 0.000231998 -0.808403134 0.040688116 0.000129013 0.999171853 28.735176086
0.999097705 0.009464062 -0.041404009 0.749931335 -0.009365783 0.999952853 0.002566969 -0.833826005 0.041426346 -0.002176871 0.999139071 30.146425247
0.999078155 0.008957768 -0.041985828 0.717283487 -0.008838991 0.999956369 0.003013821 -0.843779981 0.042010985 -0.002639929 0.999113560 30.900474548
0.999061286 0.008676881 -0.042438950 0.649365187 -0.008616745 0.999961615 0.001599725 -0.862554491 0.042451195 -0.001232538 0.999097764 32.321800232
0.998988330 0.009504183 -0.043953937 0.623611569 -0.009465733 0.999954581 0.001082851 -0.873992920 0.043962233 -0.000665699 0.999032915 33.096729279
0.998993993 0.009354921 -0.043858659 0.542360783 -0.009260681 0.999954402 0.002351383 -0.889217794 0.043878656 -0.001942855 0.999035001 34.507278442
0.998920679 0.009504275 -0.045466222 0.510283947 -0.009331053 0.999948442 0.004020609 -0.896384239 0.045502089 -0.003592021 0.998957872 35.289066315
0.998917043 0.009689485 -0.045508120 0.441581488 -0.009398259 0.999933898 0.006609099 -0.915293336 0.045569148 -0.006174244 0.998942077 36.700038910
0.998896897 0.010930930 -0.045669239 0.393285394 -0.010655955 0.999923587 0.006260186 -0.922683954 0.045734175 -0.005766631 0.998937011 37.555313110
0.998858511 0.011975490 -0.046241421 0.327632427 -0.011849390 0.999925256 0.003000173 -0.950820148 0.046273880 -0.002448814 0.998925865 38.875076294
0.998813748 0.013376718 -0.046821758 0.283290744 -0.013449944 0.999908686 -0.001249173 -0.960322082 0.046800766 0.001877443 0.998902380 39.764335632
0.998835504 0.013533967 -0.046307124 0.216719627 -0.013603359 0.999906719 -0.001183697 -0.985247493 0.046286773 0.001812253 0.998926520 41.061222076
0.998831153 0.013991404 -0.046264734 0.173599601 -0.013938508 0.999901772 0.001465812 -0.999933720 0.046280704 -0.000819236 0.998928130 41.909397125
0.998811603 0.015141893 -0.046324644 0.110169411 -0.015004094 0.999881923 0.003320920 -1.017798185 0.046369459 -0.002621916 0.998920858 43.267185211
0.998833179 0.013521275 -0.046360575 0.064896345 -0.013325449 0.999900997 0.004530462 -1.029951096 0.046417240 -0.003907402 0.998914480 44.160335541
0.998868704 0.013319745 -0.045647815 -0.001112461 -0.013151803 0.999905527 0.003977408 -1.054595947 0.045696475 -0.003372557 0.998949647 45.457145691
0.998892069 0.012221081 -0.045446083 -0.042509556 -0.012139167 0.999924123 0.002077998 -1.063252926 0.045468025 -0.001524018 0.998964608 46.386440277
0.998902738 0.012589547 -0.045107767 -0.107355356 -0.012611096 0.999920487 -0.000193140 -1.082606792 0.045101739 0.000761786 0.998982072 47.669139862
0.998938859 0.011634431 -0.044560768 -0.152637959 -0.011749891 0.999928296 -0.002330020 -1.105355859 0.044530459 0.002851133 0.999003887 48.613128662
0.998929203 0.009931378 -0.045186099 -0.202032804 -0.010197401 0.999931931 -0.005660602 -1.135888577 0.045126811 0.006115322 0.998962522 49.883834839
0.998951852 0.008234206 -0.045025192 -0.244374514 -0.008571991 0.999936461 -0.007314232 -1.154681206 0.044962112 0.007692521 0.998959064 50.874160767
0.998982847 0.006495582 -0.044622999 -0.309394121 -0.006731748 0.999964118 -0.005144233 -1.183045626 0.044587981 0.005439390 0.998990715 52.109855652
0.998990715 0.005171780 -0.044620834 -0.353772879 -0.005146833 0.999986529 0.000673980 -1.197761536 0.044623718 -0.000443642 0.999003768 53.126796722
0.999009132 0.004018167 -0.044323236 -0.402285337 -0.003733477 0.999971926 0.006503966 -1.216067672 0.044348132 -0.006332043 0.998996019 54.337779999
0.999015987 0.002785957 -0.044264071 -0.446865082 -0.002474622 0.999971926 0.007086815 -1.229687452 0.044282570 -0.006970305 0.998994648 55.377037048
0.999035537 -0.000696349 -0.043902881 -0.506437540 0.000887353 0.999990165 0.004331281 -1.247716784 0.043899428 -0.004366061 0.999026358 56.581127167
0.999024808 -0.002002841 -0.044105921 -0.548478484 0.002072067 0.999996662 0.001523881 -1.265900850 0.044102710 -0.001613786 0.999025643 57.628429413
0.999013424 -0.000099084 -0.044408660 -0.602454662 -0.000017556 0.999996483 -0.002626103 -1.286644340 0.044408765 0.002624291 0.999009907 58.805522919
0.999012113 -0.000555730 -0.044436045 -0.653388023 0.000249548 0.999976158 -0.006895629 -1.306197643 0.044438813 0.006877726 0.998988390 59.865314484
0.999039650 0.002467882 -0.043746412 -0.706906915 -0.002800792 0.999967575 -0.007550319 -1.329508901 0.043726347 0.007665592 0.999014080 61.048854828
0.999065936 0.006298237 -0.042751387 -0.769872308 -0.006477437 0.999970794 -0.004054451 -1.348652959 0.042724591 0.004327583 0.999077439 62.122966766
0.999043882 0.007873792 -0.043003116 -0.819183111 -0.007955798 0.999966860 -0.001736146 -1.378678918 0.042988025 0.002076611 0.999073386 63.311424255
0.999046922 0.007620818 -0.042977720 -0.866163015 -0.007674374 0.999969959 -0.001081279 -1.397825122 0.042968191 0.001410076 0.999075413 64.373344421
0.999047935 0.005513196 -0.043277100 -0.916210294 -0.005521548 0.999984682 -0.000073459 -1.420347095 0.043276034 0.000312346 0.999062955 65.591033936
0.999022543 0.004644902 -0.043961082 -0.951773405 -0.004558349 0.999987483 0.002068917 -1.451007247 0.043970138 -0.001866504 0.999030948 66.622497559
0.999029636 0.003151349 -0.043929260 -1.022525191 -0.003004123 0.999989688 0.003417058 -1.458732009 0.043939572 -0.003281774 0.999028683 67.878898621
0.998965800 0.002700235 -0.045386113 -1.054563046 -0.002478924 0.999984801 0.004931769 -1.472986460 0.045398731 -0.004814161 0.998957217 68.954269409
0.998958051 0.000628225 -0.045634378 -1.106683731 -0.000433476 0.999990761 0.004277377 -1.499032378 0.045636639 -0.004253139 0.998948991 70.010673523
0.998953104 0.001667305 -0.045715399 -1.182306051 -0.001654618 0.999998510 0.000315364 -1.521143436 0.045715865 -0.000239394 0.998954415 71.256156921
0.998917878 0.002440360 -0.046444140 -1.232875824 -0.002515403 0.999995649 -0.001557376 -1.542907715 0.046440128 0.001672516 0.998919606 72.329902649
0.998890340 0.004176513 -0.046910912 -1.305826426 -0.004178225 0.999991238 0.000061554 -1.561045647 0.046910752 0.000134518 0.998899043 73.512557983
0.998848438 0.005655502 -0.047641467 -1.354925156 -0.005455798 0.999975741 0.004320798 -1.576174855 0.047664743 -0.004055900 0.998855114 74.574913025
0.998822510 0.006715664 -0.048044957 -1.425836563 -0.006328229 0.999946237 0.008211573 -1.595758438 0.048097525 -0.007897865 0.998811364 75.822494507
0.998801827 0.008105941 -0.048260897 -1.485827446 -0.007700867 0.999933541 0.008573447 -1.601735592 0.048327200 -0.008191525 0.998797894 76.887367249
0.998766601 0.007732396 -0.049047466 -1.547250032 -0.007414719 0.999950349 0.006655609 -1.620609283 0.049096491 -0.006283727 0.998774230 78.116706848
0.998757839 0.007821599 -0.049209412 -1.612001896 -0.007537792 0.999953926 0.005950269 -1.635137558 0.049253672 -0.005571948 0.998770654 79.163002014
0.998719871 0.007575456 -0.050012171 -1.668334007 -0.007298434 0.999957025 0.005719417 -1.649178028 0.050053343 -0.005347085 0.998732209 80.413917542
0.998685181 0.006074729 -0.050902199 -1.723096848 -0.005763569 0.999963820 0.006257479 -1.666582584 0.050938375 -0.005955874 0.998684049 81.436225891
0.998654306 0.005210950 -0.051600777 -1.788337469 -0.004830843 0.999960244 0.007488297 -1.681499362 0.051637754 -0.007228944 0.998639703 82.680168152
0.998595774 0.005305150 -0.052709118 -1.834178448 -0.004766398 0.999935150 0.010341682 -1.700708151 0.052760568 -0.010075928 0.998556316 83.665161133
0.998610616 0.004925218 -0.052466255 -1.926559210 -0.004342748 0.999927700 0.011210005 -1.716794848 0.052517679 -0.010966581 0.998559713 84.841072083
0.998478055 0.003391141 -0.055047672 -1.975215197 -0.002776328 0.999932885 0.011241379 -1.722384334 0.055082113 -0.011071437 0.998420417 85.800155640
0.998300016 0.003389509 -0.058185782 -2.047462225 -0.002790190 0.999942183 0.010378280 -1.739902973 0.058217604 -0.010198285 0.998251796 86.987495422
0.998070538 0.001359625 -0.062075507 -2.105151892 -0.000744806 0.999950409 0.009926456 -1.753742695 0.062085930 -0.009861067 0.998022079 87.880523682
0.997887552 0.003144460 -0.064889230 -2.184323788 -0.002518240 0.999949455 0.009730121 -1.764423728 0.064916551 -0.009546158 0.997844934 89.045181274
0.997689724 0.003946527 -0.067821272 -2.254864693 -0.003171200 0.999928415 0.011535786 -1.790739536 0.067861937 -0.011294057 0.997630715 89.891082764
0.997481406 0.004961435 -0.070755333 -2.344900608 -0.004125885 0.999920070 0.011950281 -1.792546511 0.070808962 -0.011628256 0.997422099 91.009475708
0.997265399 0.005892564 -0.073668547 -2.411819458 -0.004898522 0.999894619 0.013666856 -1.804152727 0.073741294 -0.013268616 0.997189105 91.801872253
0.997019470 0.007719928 -0.076763108 -2.492014885 -0.006665698 0.999880016 0.013980309 -1.808189869 0.076861821 -0.013426960 0.996951282 92.884300232
0.996764302 0.009226700 -0.079848133 -2.544620514 -0.008087063 0.999860883 0.014584181 -1.818701863 0.079971597 -0.013891255 0.996700227 93.616516113
0.996579587 0.011608583 -0.081819519 -2.633635521 -0.010549989 0.999855042 0.013358638 -1.828973174 0.081962734 -0.012449750 0.996557593 94.343849182
0.996336401 0.012839563 -0.084551677 -2.735369205 -0.012086822 0.999882638 0.009408665 -1.837157965 0.084662557 -0.008352233 0.996374667 95.424774170
0.996094406 0.015548564 -0.086914524 -2.804455757 -0.015090463 0.999868512 0.005925352 -1.852295876 0.086995214 -0.004590631 0.996198177 96.062866211
0.995894372 0.016942404 -0.088922590 -2.877405167 -0.016723281 0.999854922 0.003208762 -1.861713886 0.088964052 -0.001708509 0.996033370 96.704643250
0.995743454 0.018990146 -0.090189114 -2.959953308 -0.018870715 0.999819577 0.002176845 -1.877012491 0.090214178 -0.000465647 0.995922267 97.650169373
0.995802820 0.021104816 -0.089056984 -3.026913643 -0.020969156 0.999777079 0.002458756 -1.888243914 0.089089029 -0.000580988 0.996023476 98.221786499
0.995979548 0.025448166 -0.085888714 -3.085463524 -0.025173752 0.999673903 0.004276739 -1.903073430 0.085969530 -0.002097405 0.996295512 98.778762817
0.996341288 0.027963560 -0.080758244 -3.122225761 -0.027615363 0.999603868 0.005425521 -1.910245538 0.080877960 -0.003175504 0.996718943 99.302757263
0.996887982 0.028837427 -0.073366791 -3.203230858 -0.028345620 0.999568224 0.007736055 -1.931819558 0.073558196 -0.005632352 0.997275054 100.225563049
0.997557342 0.028895551 -0.063594595 -3.228484154 -0.028306872 0.999547839 0.010138597 -1.942253947 0.063858792 -0.008313668 0.997924328 100.720771790
0.998262823 0.028316531 -0.051666223 -3.252435684 -0.027768860 0.999550641 0.011287577 -1.947559237 0.051962622 -0.009833257 0.998600662 101.188758850
0.998864949 0.027592627 -0.038824245 -3.258983612 -0.027174028 0.999567211 0.011268672 -1.955719352 0.039118383 -0.010200871 0.999182463 101.902351379
0.999353945 0.027166063 -0.023529749 -3.261497974 -0.026926210 0.999582827 0.010451200 -1.964767814 0.023803862 -0.009810882 0.999668479 102.324195862
0.999642372 0.026181605 -0.005448252 -3.247833967 -0.026141254 0.999631226 0.007349652 -1.971369624 0.005638678 -0.007204599 0.999958158 102.747741699
0.999536812 0.025862645 0.016035281 -3.228433371 -0.025908114 0.999660850 0.002634392 -1.979331732 -0.015961710 -0.003048615 0.999867976 103.154464722
0.998947918 0.023567112 0.039340753 -3.180563927 -0.023491658 0.999721229 -0.002379176 -1.984697938 -0.039385851 0.001452493 0.999222994 103.552383423
0.997572243 0.021227473 0.066324838 -3.105617046 -0.020942574 0.999768376 -0.004987857 -2.004406214 -0.066415347 0.003586737 0.997785568 104.337188721
0.995158911 0.018682120 0.096487381 -3.049802780 -0.018104585 0.999812603 -0.006857691 -2.005234718 -0.096597418 0.005077627 0.995310485 104.706977844
0.991538405 0.016166337 0.128803521 -2.965153694 -0.015248954 0.999850929 -0.008105396 -2.026347637 -0.128915310 0.006072692 0.991636872 105.090179443
0.986221552 0.013740568 0.164858744 -2.881103516 -0.012232404 0.999873579 -0.010160053 -2.031754017 -0.164977491 0.008003444 0.986264765 105.450485229
0.979051232 0.009949557 0.203371465 -2.783128738 -0.007958601 0.999912024 -0.010605263 -2.043744326 -0.203459054 0.008764543 0.979044139 105.789947510
0.969784021 0.008769969 0.243807420 -2.585086823 -0.006135344 0.999914289 -0.011563474 -2.066664457 -0.243887931 0.009718226 0.969754696 106.486915588
0.958056867 0.009600622 0.286417276 -2.473571777 -0.006246160 0.999900758 -0.012623169 -2.080137730 -0.286510020 0.010304704 0.958021760 106.811828613
0.943446577 0.011454991 0.331326723 -2.333614349 -0.007456000 0.999883175 -0.013338252 -2.091884613 -0.331440866 0.010113551 0.943421781 107.146415710
0.926661849 0.012309735 0.375694454 -2.084197998 -0.008200598 0.999887824 -0.012534576 -2.106920242 -0.375806540 0.008534397 0.926658809 107.652458191
0.907006621 0.011277204 0.420965403 -1.917652130 -0.007039754 0.999907672 -0.011618680 -2.116224766 -0.421057522 0.007574725 0.907002270 107.950057983
0.884508789 0.010504387 0.466405511 -1.729976654 -0.005306915 0.999908268 -0.012455711 -2.126332283 -0.466493607 0.008542009 0.884483397 108.239166260
0.860455394 0.010881918 0.509409547 -1.412452698 -0.003946452 0.999884248 -0.014693310 -2.148792744 -0.509510517 0.010632577 0.860398710 108.685577393
0.833396971 0.013154643 0.552518368 -1.200675964 -0.003710651 0.999827385 -0.018207405 -2.164889336 -0.552662551 0.013123790 0.833301842 108.951309204
0.802942514 0.017335292 0.595804393 -0.973449707 -0.004794081 0.999732375 -0.022627033 -2.180636168 -0.596037269 0.015311869 0.802810729 109.227302551
0.769821584 0.023906423 0.637811482 -0.603649139 -0.008504645 0.999593735 -0.027201843 -2.196004629 -0.638202667 0.015516205 0.769712031 109.627273560
0.733318985 0.028775005 0.679275632 -0.339282990 -0.010785581 0.999470532 -0.030695193 -2.202206612 -0.679799139 0.015182985 0.733241141 109.872131348
0.694649875 0.029052544 0.718761206 0.049537659 -0.009267423 0.999462605 -0.031442042 -2.227338314 -0.719288230 0.015180144 0.694545686 110.183807373
0.654562771 0.026428644 0.755545616 0.361011505 -0.005456428 0.999527931 -0.030235887 -2.242004871 -0.755988002 0.015668703 0.654397845 110.392662048
0.610516131 0.024662714 0.791619718 0.787422180 -0.003867202 0.999595940 -0.028159682 -2.253503799 -0.791994572 0.014130584 0.610364735 110.671180725
0.565492809 0.023294482 0.824424148 1.126354218 -0.002952269 0.999651849 -0.026220582 -2.260990143 -0.824747980 0.012393633 0.565364599 110.851005554
0.517003179 0.021167880 0.855721653 1.598651886 -0.002244043 0.999724209 -0.023374265 -2.278079748 -0.855980515 0.010164292 0.516908050 111.096908569
0.466542542 0.016851051 0.884338260 1.957973480 0.000906239 0.999808788 -0.019529440 -2.297574520 -0.884498298 0.009912735 0.466438025 111.250343323
0.415035546 0.017548492 0.909635961 2.469600677 -0.002667634 0.999833167 -0.018071404 -2.318943739 -0.909801304 0.005073704 0.415013075 111.441612244
0.364851058 0.022417663 0.930795968 2.866313934 -0.005872190 0.999745667 -0.021776505 -2.332139015 -0.931047320 0.002479370 0.364889950 111.557533264
0.313896477 0.027612701 0.949055612 3.388015747 -0.006245782 0.999615431 -0.027017968 -2.349330425 -0.949436545 0.002553249 0.313948154 111.701370239
0.267546356 0.029323854 0.963098764 3.816076279 -0.004786478 0.999564886 -0.029104488 -2.368759871 -0.963533044 0.003176946 0.267570257 111.785949707
0.226612136 0.029235832 0.973546147 4.373918533 0.002625141 0.999527454 -0.030627107 -2.386904240 -0.973981500 0.009496168 0.226428300 111.867446899
0.191621378 0.029326316 0.981030643 4.846342087 0.010649767 0.999432504 -0.031956591 -2.396909952 -0.981411099 0.016571311 0.191200301 111.920310974
0.161373034 0.030422110 0.986424506 5.431629181 0.014556307 0.999342620 -0.033201840 -2.418485165 -0.986786127 0.019716572 0.160824165 111.981452942
0.132774919 0.028972551 0.990722656 5.931433678 0.012666687 0.999441445 -0.030925089 -2.439250946 -0.991065264 0.016655250 0.132333785 112.041320801
0.107820444 0.025542198 0.993842185 6.589104652 0.006393278 0.999631286 -0.026384579 -2.461063862 -0.994149685 0.009198706 0.107617401 112.105125427
0.083831429 0.021605961 0.996245682 7.198862076 0.001243629 0.999761879 -0.021786865 -2.483700275 -0.996479154 0.003065384 0.083784595 112.152091980
0.060683228 0.018841196 0.997979105 7.762145042 0.005688547 0.999799073 -0.019221451 -2.504547119 -0.998140693 0.006843471 0.060563851 112.178901672
0.041080069 0.019635331 0.998962879 8.482393265 0.013498889 0.999704719 -0.020205023 -2.534108162 -0.999064565 0.014314914 0.040802881 112.179077148
0.022067023 0.021987161 0.999514639 9.078947067 0.017146286 0.999602735 -0.022367653 -2.561038971 -0.999609470 0.017631553 0.021681255 112.196617126
0.009260908 0.027464384 0.999579847 9.840456009 0.018410834 0.999448597 -0.027631354 -2.574480057 -0.999787569 0.018658990 0.008750162 112.175804138
-0.001603388 0.032189973 0.999480426 10.564708710 0.016516315 0.999346256 -0.032159161 -2.587022781 -0.999862254 0.016456166 -0.002133998 112.178535461
-0.007640461 0.031868614 0.999462724 11.218890190 0.018275393 0.999329567 -0.031724654 -2.610929728 -0.999803722 0.018023178 -0.008217748 112.157432556
-0.010501202 0.028652081 0.999534428 12.057754517 0.024456032 0.999297678 -0.028388370 -2.641924381 -0.999645710 0.024146538 -0.011194547 112.146324158
-0.009866588 0.026692696 0.999594986 12.850099564 0.025776206 0.999318242 -0.026430877 -2.675714493 -0.999619007 0.025504975 -0.010547899 112.134193420
-0.008117204 0.026183033 0.999624252 13.576004028 0.025034545 0.999349117 -0.025972543 -2.699569941 -0.999653637 0.024814311 -0.008767400 112.135040283
-0.006477544 0.026910204 0.999616861 14.470763206 0.021439003 0.999411762 -0.026765758 -2.730973482 -0.999749184 0.021257415 -0.007050665 112.139579773
-0.005454422 0.028275685 0.999585330 15.315666199 0.020323597 0.999396741 -0.028159454 -2.755777359 -0.999778569 0.020161577 -0.006025797 112.145767212
-0.004452809 0.029096317 0.999566734 16.087722778 0.019999260 0.999379218 -0.029001767 -2.784957170 -0.999790132 0.019861456 -0.005031953 112.139244080
-0.003702955 0.028880086 0.999576092 17.058767319 0.019387541 0.999397099 -0.028803090 -2.815761089 -0.999805212 0.019272666 -0.004260631 112.149780273
-0.003064133 0.027598666 0.999614537 17.876983643 0.018153507 0.999455929 -0.027538644 -2.845740557 -0.999830544 0.018062128 -0.003563475 112.147460938
-0.002883920 0.026307454 0.999649704 18.870279312 0.018945133 0.999475896 -0.026248228 -2.884839535 -0.999816298 0.018862803 -0.003380811 112.157630920
-0.003179308 0.023567062 0.999717236 19.719665527 0.019741554 0.999528825 -0.023499846 -2.929219961 -0.999800026 0.019661253 -0.003643066 112.155876160
-0.004441522 0.021991689 0.999748230 20.733465195 0.017393360 0.999608517 -0.021911347 -2.962344170 -0.999838889 0.017291661 -0.004822291 112.159034729
-0.005365736 0.021121105 0.999762475 21.606988907 0.016149979 0.999648392 -0.021032019 -2.985397577 -0.999855220 0.016033290 -0.005704952 112.153030396
-0.007076250 0.018757222 0.999799013 22.636241913 0.018413510 0.999656916 -0.018624239 -3.016130447 -0.999805391 0.018278020 -0.007419204 112.158851624
-0.007856992 0.017653365 0.999813259 23.524816513 0.019961897 0.999647677 -0.017493570 -3.036223888 -0.999769807 0.019820724 -0.008206615 112.150047302
-0.009861052 0.016158424 0.999820948 24.569711685 0.017339973 0.999721885 -0.015985806 -3.086910248 -0.999800980 0.017179228 -0.010138501 112.144874573
-0.011203473 0.021318877 0.999709964 25.471868515 0.014202692 0.999675274 -0.021158971 -3.107797146 -0.999836266 0.013961517 -0.011502626 112.150596619
-0.011731092 0.025764722 0.999599278 26.529073715 0.015875719 0.999546766 -0.025577059 -3.144852877 -0.999805152 0.015569309 -0.012134813 112.145683289
-0.013304703 0.027585616 0.999531031 27.433912277 0.015730254 0.999501407 -0.027375422 -3.174566746 -0.999787688 0.015358651 -0.013732001 112.144859314
-0.014419768 0.025459699 0.999571741 28.526906967 0.012662771 0.999600351 -0.025277747 -3.213459730 -0.999815822 0.012292854 -0.014736391 112.134513855
-0.015955454 0.021217369 0.999647498 29.431329727 0.009556921 0.999732435 -0.021066628 -3.248233318 -0.999826968 0.009217424 -0.016153950 112.137969971
-0.016151665 0.015919777 0.999742806 30.532358170 0.008188264 0.999841750 -0.015789062 -3.290060997 -0.999836087 0.007931137 -0.016279468 112.128425598
-0.016776145 0.010991691 0.999798894 31.437599182 0.004211411 0.999931455 -0.010922482 -3.309730291 -0.999850333 0.004027326 -0.016821288 112.126152039
-0.016571021 0.009066749 0.999821603 32.521350861 0.002286636 0.999956548 -0.009030077 -3.352151394 -0.999859989 0.002136589 -0.016591035 112.122146606
-0.016067779 0.015996270 0.999742985 33.418087006 0.004820361 0.999861598 -0.015920697 -3.384311438 -0.999859273 0.004563310 -0.016142663 112.111602783
-0.014821196 0.027498774 0.999512017 34.498226166 0.007373728 0.999597490 -0.027391793 -3.415963173 -0.999863088 0.006964150 -0.015017986 112.102005005
-0.014773462 0.033207472 0.999339402 35.384189606 0.009093247 0.999411404 -0.033075444 -3.437794209 -0.999849558 0.008598600 -0.015066728 112.098762512
-0.013194508 0.027002290 0.999548197 36.476722717 0.010995511 0.999578774 -0.026857965 -3.493046761 -0.999852419 0.010636167 -0.013485852 112.085784912
-0.012204488 0.019374162 0.999737680 37.377658844 0.014075492 0.999716520 -0.019201919 -3.534116507 -0.999826431 0.013837451 -0.012473723 112.075859070
-0.012012808 0.017034795 0.999782681 38.438617706 0.015222246 0.999742210 -0.016851202 -3.559338570 -0.999811947 0.015016509 -0.012269021 112.070022583
-0.011911516 0.018145882 0.999764323 39.318305969 0.014849873 0.999728322 -0.017968301 -3.589683056 -0.999818802 0.014632340 -0.012177746 112.061531067
-0.013179677 0.018701047 0.999738157 40.354644775 0.011269007 0.999764323 -0.018552972 -3.628266811 -0.999849617 0.011021534 -0.013387320 112.064399719
-0.015746042 0.018827174 0.999698699 41.226371765 0.009081257 0.999784172 -0.018685747 -3.658570528 -0.999834776 0.008784294 -0.015913626 112.067047119
-0.016991733 0.018755587 0.999679625 42.248275757 0.009055241 0.999785900 -0.018603664 -3.700859785 -0.999814510 0.008736231 -0.017157940 112.043106079
-0.019278849 0.018915551 0.999635100 43.100723267 0.007454668 0.999795973 -0.018774819 -3.739348173 -0.999786258 0.007089992 -0.019415926 112.034477234
-0.021740938 0.019413561 0.999575078 44.120681763 0.006246889 0.999794543 -0.019281952 -3.773167610 -0.999744117 0.005825029 -0.021857740 112.031715393
-0.024443956 0.019521087 0.999510527 44.981445312 0.004832491 0.999799967 -0.019408558 -3.790643930 -0.999689519 0.004355705 -0.024533406 112.031539917
-0.025772331 0.017695177 0.999511182 45.956996918 0.004870070 0.999833643 -0.017575311 -3.836829662 -0.999655962 0.004414732 -0.025854221 111.994354248
-0.028819455 0.017146815 0.999437511 46.818134308 0.004423782 0.999845266 -0.017026247 -3.879555225 -0.999574780 0.003930605 -0.028890850 111.993041992
-0.029788595 0.019058675 0.999374509 47.770702362 0.005042045 0.999808371 -0.018916657 -3.899108410 -0.999543428 0.004475391 -0.029878980 111.957923889
-0.030710809 0.019092131 0.999345958 48.599937439 0.005108844 0.999807537 -0.018943947 -3.931542873 -0.999515176 0.004523719 -0.030802432 111.936370850
-0.032117601 0.018027274 0.999321461 49.569713593 0.007324526 0.999814689 -0.017800765 -3.963375092 -0.999457240 0.006747839 -0.032243688 111.912765503
-0.033769555 0.017711774 0.999272645 50.394031525 0.007725529 0.999817669 -0.017460356 -3.989753246 -0.999399781 0.007130282 -0.033900231 111.888252258
-0.035045553 0.016742174 0.999245405 51.335258484 0.006374013 0.999843061 -0.016528634 -4.033559799 -0.999365270 0.005789949 -0.035146769 111.862564087
-0.035623040 0.016351746 0.999231517 52.112640381 0.005411130 0.999854624 -0.016169032 -4.055147648 -0.999350548 0.004830981 -0.035706345 111.833793640
-0.037222248 0.015090710 0.999193013 53.043407440 0.003994146 0.999880254 -0.014952300 -4.088416100 -0.999299049 0.003434366 -0.037278052 111.817413330
-0.037899368 0.014479311 0.999176681 53.799968719 0.004043374 0.999889076 -0.014336268 -4.121213913 -0.999273419 0.003496711 -0.037953705 111.794532776
-0.038174227 0.017144466 0.999124050 54.676441193 0.003804095 0.999848008 -0.017011547 -4.153225899 -0.999263823 0.003151360 -0.038233645 111.767166138
-0.038261753 0.019866966 0.999070227 55.417724609 0.004347004 0.999796152 -0.019714922 -4.178650856 -0.999258280 0.003588634 -0.038340315 111.743576050
-0.038465161 0.021999216 0.999017715 56.290313721 0.002323704 0.999756813 -0.021926029 -4.210028648 -0.999257207 0.001478034 -0.038506929 111.719589233
-0.038581926 0.022156386 0.999009669 57.009235382 0.002561428 0.999752998 -0.022073949 -4.243556976 -0.999252081 0.001707237 -0.038629141 111.698707581
-0.038772319 0.022434188 0.998996198 57.887443542 0.003859199 0.999743819 -0.022301193 -4.274200916 -0.999240577 0.002990658 -0.038848963 111.668907166
-0.039300032 0.022225969 0.998980224 58.617660522 0.004689234 0.999745667 -0.022058522 -4.302525043 -0.999216497 0.003817551 -0.039394248 111.646591187
-0.039220046 0.022085613 0.998986661 59.470600128 0.000356174 0.999755979 -0.022088641 -4.335914612 -0.999230504 -0.000510507 -0.039218344 111.617660522
-0.039138634 0.022653816 0.998977065 60.171043396 -0.001756762 0.999739885 -0.022739945 -4.364553452 -0.999232292 -0.002644977 -0.039088652 111.601669312
-0.039398618 0.021077741 0.999001265 61.040336609 0.000040541 0.999777496 -0.021092517 -4.400557518 -0.999223530 -0.000790518 -0.039390702 111.579673767
-0.040934034 0.020380929 0.998953998 61.755279541 -0.000011298 0.999791920 -0.020398488 -4.425536156 -0.999161780 -0.000846281 -0.040925287 111.556983948
-0.043704238 0.020323504 0.998837829 62.576675415 -0.002486787 0.999787748 -0.020451639 -4.454203606 -0.999041438 -0.003377722 -0.043644428 111.519256592
-0.049048014 0.019726994 0.998601615 63.283519745 -0.006395083 0.999778271 -0.020064343 -4.489405632 -0.998775959 -0.007370258 -0.048910983 111.490829468
-0.054660328 0.023628520 0.998225570 64.101287842 -0.002475700 0.999713778 -0.023799311 -4.519481659 -0.998501956 -0.003772187 -0.054586187 111.444732666
-0.061146531 0.027120356 0.997760296 64.796333313 0.000764799 0.999631703 -0.027124355 -4.534172058 -0.998128533 -0.000895475 -0.061144765 111.403068542
-0.068382509 0.028053062 0.997264683 65.625991821 -0.000734054 0.999602854 -0.028169174 -4.579387188 -0.997658908 -0.002658325 -0.068334773 111.344017029
-0.075043358 0.027515061 0.996800542 66.331756592 -0.004412935 0.999600232 -0.027924567 -4.604909897 -0.997170508 -0.006494369 -0.074891940 111.302078247
-0.080261886 0.026343916 0.996425629 67.186676025 -0.004442336 0.999631286 -0.026786502 -4.640887260 -0.996763825 -0.006576394 -0.080115274 111.236145020
-0.084837645 0.027519740 0.996014714 67.896484375 -0.006634351 0.999580801 -0.028183371 -4.659316540 -0.996372700 -0.008998922 -0.084619492 111.181747437
-0.088898249 0.026341071 0.995692372 68.758094788 -0.009005866 0.999588072 -0.027248204 -4.700760841 -0.995999873 -0.011389390 -0.088624418 111.110588074
-0.091559149 0.023398293 0.995524704 69.496696472 -0.008518735 0.999668896 -0.024279170 -4.724817753 -0.995763123 -0.010703589 -0.091329500 111.047180176
-0.093239054 0.020295262 0.995436966 70.373275757 -0.005949982 0.999763012 -0.020940781 -4.761795044 -0.995625973 -0.007875326 -0.093096182 110.965614319
-0.095170029 0.016819643 0.995319068 71.135154724 -0.006773396 0.999823093 -0.017543418 -4.794605255 -0.995437980 -0.008411296 -0.095039278 110.900749207
-0.096345700 0.017388780 0.995196104 72.026687622 -0.006988897 0.999810874 -0.018146019 -4.816511631 -0.995323300 -0.008703615 -0.096205950 110.821777344
-0.096757181 0.020813454 0.995090425 72.769912720 -0.005372937 0.999755800 -0.021433476 -4.845548153 -0.995293438 -0.007420402 -0.096621707 110.750335693
-0.096881777 0.025204847 0.994976759 73.695236206 0.001130316 0.999681413 -0.025213968 -4.875690937 -0.995295227 -0.001318135 -0.096879408 110.657730103
-0.097195253 0.030313818 0.994803667 74.460510254 0.008455137 0.999525070 -0.029631602 -4.905249596 -0.995229363 0.005531150 -0.097405404 110.572006226
-0.098174080 0.031105092 0.994683027 75.387443542 0.009134736 0.999497414 -0.030354058 -4.943014145 -0.995127320 0.006106184 -0.098408878 110.482994080
-0.098877139 0.028742462 0.994684458 76.166938782 0.006569392 0.999579787 -0.028230891 -4.978602409 -0.995077968 0.003743080 -0.099024408 110.417007446
-0.098466672 0.024025558 0.994850278 77.095733643 0.007623794 0.999697387 -0.023388036 -5.015027046 -0.995111167 0.005281592 -0.098620027 110.323982239
-0.098744757 0.021446049 0.994881690 77.871238708 0.009261993 0.999744236 -0.020631585 -5.050866604 -0.995069683 0.007177325 -0.098918147 110.249000549
-0.099330299 0.021751042 0.994816720 78.791725159 0.010193333 0.999730825 -0.020840699 -5.087319851 -0.995002329 0.008070384 -0.099525288 110.153335571
-0.100877896 0.022539280 0.994643450 79.559082031 0.008490714 0.999726415 -0.021793323 -5.115489960 -0.994862616 0.006246767 -0.101041667 110.083488464
-0.103211559 0.023397051 0.994384170 80.477905273 0.008433977 0.999708056 -0.022646917 -5.156786442 -0.994623661 0.006049192 -0.103378743 109.993896484
-0.105519697 0.023104711 0.994148731 81.246215820 0.009259217 0.999709606 -0.022251168 -5.189159393 -0.994374096 0.006857105 -0.105702974 109.916587830
-0.107153490 0.023729585 0.993959188 82.157173157 0.010240413 0.999688447 -0.022762397 -5.222923279 -0.994189739 0.007739483 -0.107363097 109.813018799
-0.109861314 0.023908790 0.993659258 82.959594727 0.010139647 0.999685585 -0.022932725 -5.243345737 -0.993895173 0.007555936 -0.110069200 109.747032166
-0.110706598 0.023409115 0.993577421 83.841415405 0.008133621 0.999710381 -0.022647345 -5.304379463 -0.993819833 0.005574172 -0.110864945 109.629249573
-0.112035006 0.025258960 0.993383110 84.619354248 0.008923232 0.999662161 -0.024412245 -5.334998131 -0.993664145 0.006129163 -0.112222560 109.551780701
-0.112762406 0.025690224 0.993289828 85.515480042 0.006603343 0.999662936 -0.025105421 -5.356285095 -0.993600070 0.003728085 -0.112894073 109.455078125
-0.113751180 0.026236169 0.993162870 86.304771423 0.007065640 0.999647319 -0.025598213 -5.387979507 -0.993484199 0.004105504 -0.113896444 109.368759155
-0.114940949 0.024729608 0.993064463 87.092353821 0.007264871 0.999684215 -0.024053594 -5.414132595 -0.993345797 0.004449743 -0.115084313 109.286643982
-0.116178766 0.022304539 0.992977858 88.075340271 0.005377677 0.999747276 -0.021827403 -5.449406624 -0.993213773 0.002804033 -0.116269350 109.184104919
-0.118275225 0.020518517 0.992768764 88.894874573 0.002618021 0.999789476 -0.020351715 -5.477353573 -0.992977440 0.000191986 -0.118304066 109.104873657
-0.119964667 0.019865556 0.992579341 89.672897339 0.005062032 0.999799013 -0.019398246 -5.507721901 -0.992765367 0.002697364 -0.120041117 109.007667542
-0.122028813 0.020276479 0.992319524 90.685379028 0.005462743 0.999789894 -0.019757356 -5.545291424 -0.992511511 0.003009821 -0.122113951 108.884170532
-0.124341369 0.021546450 0.992005467 91.488937378 0.004389889 0.999766350 -0.021164773 -5.575669289 -0.992229819 0.001723138 -0.124406889 108.786384583
-0.126147091 0.024674727 0.991704524 92.320304871 0.005565216 0.999692500 -0.024165563 -5.611847401 -0.991995931 0.002470636 -0.126245618 108.691673279
-0.126361802 0.029043036 0.991558909 93.336532593 0.008156946 0.999568105 -0.028238116 -5.643647194 -0.991950631 0.004519875 -0.126544058 108.560943604
-0.128233373 0.033377700 0.991182268 94.173530579 0.009395371 0.999429584 -0.032439906 -5.678008080 -0.991699457 0.005152646 -0.128473788 108.462966919
-0.127549872 0.034287110 0.991239309 95.012420654 0.011892376 0.999383271 -0.033038530 -5.716693878 -0.991760731 0.007574131 -0.127878994 108.352310181
-0.126325816 0.033282816 0.991430342 96.042869568 0.015235906 0.999384284 -0.031608500 -5.764616489 -0.991871715 0.011112369 -0.126755103 108.206115723
-0.126264930 0.031199986 0.991505802 96.895599365 0.015244230 0.999448180 -0.029508609 -5.800213814 -0.991879404 0.011388839 -0.126670867 108.098663330
-0.125345901 0.029918002 0.991661906 97.894851685 0.015284782 0.999484837 -0.028222024 -5.843544006 -0.991995394 0.011619821 -0.125738591 107.977554321
-0.123512283 0.026842646 0.991979957 98.762268066 0.014196084 0.999579668 -0.025280725 -5.887142181 -0.992241561 0.010959750 -0.123841390 107.875045776
-0.121898390 0.024190499 0.992247701 99.771125793 0.014787797 0.999636292 -0.022553936 -5.922269344 -0.992432415 0.011923868 -0.122211769 107.754211426
-0.119417109 0.020430749 0.992633879 100.642990112 0.015043174 0.999710739 -0.018766664 -5.955922127 -0.992730200 0.012691303 -0.119689912 107.647727966
-0.118520185 0.020659441 0.992736757 101.654098511 0.013942730 0.999719560 -0.019140178 -5.992675781 -0.992853761 0.011572961 -0.118774995 107.541656494
-0.116708547 0.024515623 0.992863595 102.526130676 0.014488991 0.999630868 -0.022979580 -6.033032417 -0.993060529 0.011703679 -0.117020667 107.435768127
-0.115139134 0.031160135 0.992860556 103.532295227 0.015710654 0.999439955 -0.029544707 -6.068184853 -0.993225038 0.012196736 -0.115564182 107.329391479
-0.113773435 0.034907222 0.992893338 104.406944275 0.013346793 0.999346077 -0.033604704 -6.101644993 -0.993416965 0.009428618 -0.114164948 107.239875793
-0.112291709 0.032336991 0.993148923 105.412734985 0.012185067 0.999439895 -0.031164108 -6.139603615 -0.993600547 0.008602114 -0.112622827 107.133674622
-0.111009717 0.029814823 0.993371964 106.284492493 0.012585102 0.999511957 -0.028592713 -6.180982590 -0.993739545 0.009327618 -0.111330770 107.030647278
-0.110573694 0.028368888 0.993462920 107.306777954 0.013989124 0.999537945 -0.026985355 -6.224315643 -0.993769407 0.010913807 -0.110919446 106.929931641
-0.109808750 0.028171701 0.993553340 108.191268921 0.013556545 0.999547780 -0.026843378 -6.260968208 -0.993860245 0.010521513 -0.110140987 106.830657959
