0.490073591 0.242406368 -0.837297380 16.647840500 -0.340191752 0.937570870 0.072320968 0.634302080 0.802556753 0.249399081 0.541943371 7.066165447
0.498048544 0.245295703 -0.831731737 16.590843201 -0.342064559 0.936952591 0.071496196 0.636306763 0.796830833 0.248897389 0.550554872 7.105671883
0.505538762 0.247815594 -0.826449037 16.532365799 -0.343192965 0.936584473 0.070909306 0.638317347 0.791611910 0.247784078 0.558528244 7.147852898
0.512863159 0.249844268 -0.821309388 16.475284576 -0.344358683 0.936241686 0.069773652 0.641134560 0.786376715 0.247040674 0.566200078 7.190729141
0.518598199 0.368384153 -0.771588624 17.510051727 -0.469745666 0.876785994 0.102884904 0.700689256 0.714419246 0.309094489 0.627746522 7.304181576
0.530566752 0.365076751 -0.764995396 17.239356995 -0.470911741 0.877359807 0.092096724 0.774208426 0.704798520 0.311381906 0.637416899 7.513441563
0.532234669 0.372326076 -0.760328650 17.437810898 -0.471626371 0.876230121 0.098940730 0.706555426 0.703060925 0.305931300 0.641959012 7.368268013
0.539823532 0.375607193 -0.753332436 17.400741577 -0.472555220 0.875828743 0.098059170 0.709558189 0.696621954 0.303056538 0.650288105 7.401519775
0.548129201 0.378568292 -0.745815277 17.364089966 -0.473381490 0.875553966 0.096515521 0.712574124 0.689539254 0.300152153 0.659123898 7.435060501
0.557414114 0.380301028 -0.738011241 17.326969147 -0.474412292 0.875400007 0.092778251 0.715680361 0.681338727 0.298405707 0.668379784 7.468923092
0.569359362 0.340381145 -0.748311818 16.667621613 -0.431520611 0.898515105 0.080377348 0.686819017 0.699728429 0.277148396 0.658459485 7.514696121
0.584270656 0.263398916 -0.767625451 15.976884842 -0.349106878 0.935451746 0.055266626 0.663345695 0.732633710 0.235692665 0.638511419 7.584067822
0.597468197 0.262092084 -0.757851958 15.793753624 -0.349348456 0.935752332 0.048200283 0.671681583 0.721794546 0.235956267 0.650643766 7.738573074
0.173380941 -0.320967793 -0.931084692 18.767585754 0.355164915 0.902164340 -0.244861558 0.412652016 0.918584168 -0.288234323 0.270414561 8.154222488
0.198417321 -0.321827471 -0.925774157 18.557674408 0.358808786 0.902834654 -0.236951008 0.358092070 0.912078202 -0.285160750 0.294612497 8.221996307
0.135704607 -0.252687424 -0.957984090 21.631496429 0.262936354 0.941440880 -0.211077228 1.234706402 0.955221832 -0.223244667 0.194198653 9.074752808
0.167921156 -0.252930522 -0.952800453 21.433889389 0.268998712 0.941601574 -0.202549487 1.189870358 0.948389232 -0.222289741 0.226152807 9.122432709
0.173418164 -0.258921564 -0.950203001 23.366136551 0.327435464 0.925094068 -0.192320451 1.463994026 0.928822994 -0.277778327 0.245208248 8.262787819
0.205731258 -0.260185808 -0.943386495 23.192667007 0.334081829 0.924767137 -0.182194889 1.428395510 0.919817448 -0.277685076 0.277176887 8.315441132
0.231693447 -0.245338827 -0.941343188 25.146762848 0.364411712 0.919102430 -0.149849370 1.218501568 0.901954710 -0.308317333 0.302354395 7.230020046
0.262193114 -0.248057827 -0.932588875 24.994470596 0.368877500 0.918771029 -0.140674204 1.192315340 0.891731083 -0.307127208 0.332398385 7.286627293
0.296328455 -0.242500991 -0.923787117 26.345958710 0.394696802 0.911865652 -0.112762384 0.900375128 0.869714797 -0.331201106 0.365926176 6.246546745
0.323610097 -0.249399066 -0.912730217 26.215192795 0.404643238 0.908453882 -0.104763612 0.883691072 0.855301321 -0.335427523 0.394902527 6.305926323
0.251409739 -0.229302943 -0.940326154 32.466445923 0.465283155 0.880541444 -0.090324044 1.035665989 0.848707736 -0.414809525 0.328067422 5.770591736
0.276176959 -0.235014364 -0.931930482 32.353630066 0.474460155 0.876592815 -0.080453396 1.025357485 0.835831344 -0.419944495 0.353599578 5.818604469
0.350991607 -0.183773652 -0.918167830 38.448150635 0.427856386 0.903680861 -0.017315689 0.693155885 0.832912862 -0.386766285 0.395813167 2.430189133
0.374374449 -0.194574341 -0.906633675 38.352283478 0.433816403 0.900889337 -0.014206596 0.691160321 0.819540858 -0.387993991 0.421679378 2.477180481
0.400912315 -0.203962758 -0.893122852 39.772659302 0.442115992 0.896935105 -0.006372744 0.638011694 0.802373111 -0.392308950 0.449767619 1.646323204
0.424200654 -0.221218601 -0.878132164 39.698539734 0.441982716 0.896937072 -0.012446666 0.638524890 0.790382862 -0.382839322 0.478256196 1.687030792
0.484142959 -0.193087697 -0.853418231 32.193267822 0.400427103 0.916112661 0.019889262 1.079913139 0.777986944 -0.351361036 0.520847082 5.933506966
0.506311119 -0.202779919 -0.838170230 32.135124207 0.403226882 0.914829433 0.022249900 1.080392241 0.762270927 -0.349238187 0.544954658 5.972096443
0.532962382 -0.191872939 -0.824096978 45.026565552 0.379022062 0.924908400 0.029777547 0.288767457 0.756500721 -0.328221202 0.565665483 -1.294717789
0.554709911 -0.190097451 -0.810037076 44.969013214 0.378215343 0.924765348 0.041978683 0.288005948 0.741114140 -0.329654396 0.584874272 -1.252405167
0.572148085 -0.187181324 -0.798504770 44.912639618 0.380724818 0.922964156 0.056442171 0.289529800 0.726426363 -0.336303830 0.599336743 -1.206853867
0.584579468 -0.188863322 -0.789048374 45.023345947 0.387413621 0.919472456 0.066940688 0.288941145 0.712865591 -0.344820321 0.610673010 -1.292167664
0.600454450 -0.187341526 -0.777404308 44.930480957 0.384637117 0.919984281 0.075386532 0.282058001 0.701076746 -0.344284743 0.624467194 -1.234617233
0.606170237 -0.194170192 -0.771268785 45.066390991 0.390564024 0.917433858 0.075991631 0.285114288 0.692832887 -0.347293675 0.631957054 -1.311723709
0.615465462 -0.195568755 -0.763514996 45.020374298 0.388738215 0.918022275 0.078215182 0.289150715 0.685627341 -0.344946176 0.641036093 -1.289724350
0.626387596 -0.195055097 -0.754713297 44.994201660 0.387079805 0.918216348 0.083951406 0.285853624 0.676614940 -0.344720423 0.650661290 -1.270780563
0.635079682 -0.192863807 -0.747982085 45.065322876 0.381916016 0.920090377 0.087027468 0.285185575 0.671426654 -0.340935737 0.657988489 -1.310794830
0.643710434 -0.194167957 -0.740226746 45.030975342 0.382428765 0.919454873 0.091383822 0.287449360 0.662861288 -0.341908783 0.666118026 -1.282760620
0.648635805 -0.197515562 -0.735023260 45.064628601 0.384036392 0.918720901 0.092021696 0.285258770 0.657105505 -0.341964245 0.671768427 -1.310159683
0.651750326 -0.200164482 -0.731543303 45.064262390 0.384282917 0.918720782 0.090987429 0.285304308 0.653871655 -0.340420634 0.675696313 -1.309822083
0.652752101 -0.202060238 -0.730127692 45.049201965 0.383938730 0.919068873 0.088901550 0.286580563 0.653074205 -0.338354915 0.677502811 -1.296693802
0.648419619 -0.202395916 -0.733885348 45.063522339 0.386024058 0.918299556 0.087814100 0.285383463 0.656153500 -0.340237856 0.673573256 -1.309150696
0.645361841 -0.200861618 -0.736995697 45.049682617 0.384877294 0.918897212 0.086586542 0.286160707 0.659831464 -0.339532554 0.670328319 -1.297645569
0.637776077 -0.199684933 -0.743886828 45.062751770 0.384693593 0.919300795 0.083047375 0.285458803 0.667272449 -0.339134216 0.663125575 -1.308446884
0.631599605 -0.199069545 -0.749301851 45.062347412 0.384239078 0.919803083 0.079514690 0.285491943 0.673381209 -0.338132471 0.657437503 -1.308097839
0.628029108 -0.195018485 -0.753357291 45.063308716 0.379650056 0.921848357 0.077856623 0.285451412 0.679297626 -0.334908336 0.652986288 -1.308479309
0.623390615 -0.194465950 -0.757342160 45.061500549 0.379081696 0.922301710 0.075209923 0.285565138 0.683872223 -0.333979696 0.648672760 -1.307378769
0.623994410 -0.190909341 -0.757749796 45.056217194 0.374532104 0.924127221 0.075594097 0.285955429 0.685825527 -0.330971926 0.648151934 -1.303140640
0.625530958 -0.186153799 -0.757666051 45.062191010 0.370006800 0.925746441 0.078028455 0.285536289 0.686881363 -0.329150796 0.647961199 -1.307538986
0.627084732 -0.185184166 -0.756618500 45.057678223 0.370048940 0.925546944 0.080166474 0.285835981 0.685440361 -0.330257028 0.648923516 -1.303754807
0.626967251 -0.184620589 -0.756853521 45.061412811 0.369746536 0.925638795 0.080500431 0.285602093 0.685710847 -0.330315053 0.648608088 -1.306879044
0.625738025 -0.183757976 -0.758079767 45.207767487 0.369405359 0.925774217 0.080509514 0.284735918 0.687016428 -0.330416620 0.647173345 -1.397539139
0.625956416 -0.182879135 -0.758111954 45.202152252 0.370469987 0.925154209 0.082714252 0.285175323 0.686243832 -0.332633257 0.646857500 -1.392707825
0.625177860 -0.183100849 -0.758700669 45.202033997 0.370805860 0.925056517 0.082299933 0.285249710 0.686771870 -0.332782775 0.646219790 -1.392494202
0.625953197 -0.181105018 -0.758540392 45.195999146 0.369294465 0.925529063 0.083770238 0.285718918 0.686880112 -0.332561076 0.646218956 -1.387495041
0.615077138 -0.127942488 -0.778017223 45.502967834 0.363019377 0.921892941 0.135389835 0.250201702 0.699926496 -0.365710467 0.613480866 -1.588882446
0.615427315 -0.126710996 -0.777941942 45.491268158 0.362024814 0.922165453 0.136194587 0.251679897 0.700133741 -0.365452141 0.613398254 -1.579692841
0.604486704 -0.126624838 -0.786487103 45.481052399 0.364738166 0.921714962 0.131937772 0.255563736 0.708210349 -0.366616517 0.603349328 -1.566125870
0.603292525 -0.124374792 -0.787762046 45.471794128 0.365097880 0.921252728 0.134152412 0.256729126 0.709042847 -0.368543416 0.601193786 -1.559085846
0.599988699 -0.124947198 -0.790190935 45.452774048 0.363145530 0.922640622 0.129844397 0.260213375 0.712838590 -0.364859462 0.598948002 -1.545665741
0.597702503 -0.124673709 -0.791964769 45.441543579 0.363851845 0.922425985 0.129390702 0.261837006 0.714397371 -0.365494907 0.596699178 -1.537008286
0.594107807 -0.124943443 -0.794622481 45.428573608 0.360814065 0.924299538 0.124433048 0.264133930 0.718922198 -0.360637635 0.594215035 -1.526737213
0.593469024 -0.125180736 -0.795062423 45.422149658 0.360669613 0.924458921 0.123665512 0.264933586 0.719522059 -0.360146523 0.593786657 -1.521965027
0.594047725 -0.127558112 -0.794251978 45.403015137 0.357600570 0.926300704 0.118696243 0.268008709 0.720575511 -0.354536235 0.595881701 -1.507587433
0.596309006 -0.129064277 -0.792311728 45.400360107 0.356567502 0.926866829 0.117376834 0.268352509 0.719218433 -0.352505505 0.598719239 -1.505516052
0.594328523 -0.130425677 -0.793575943 45.377178192 0.353811204 0.928542137 0.112370320 0.272406101 0.722212732 -0.347560912 0.598005116 -1.485851288
0.598763168 -0.129979640 -0.790308774 45.372859955 0.354987860 0.927597225 0.116391107 0.273023129 0.717959821 -0.350240737 0.601552308 -1.482482910
0.229868263 -0.645352781 -0.728478134 46.882999420 0.727426291 0.611194968 -0.311916232 0.251549721 0.646538138 -0.458214521 0.609940886 -2.521425247
0.236791000 -0.643083274 -0.728267848 46.878391266 0.727829993 0.613953233 -0.305491298 0.249317169 0.643578708 -0.457717568 0.613433897 -2.517353058
0.452699810 -0.640602469 -0.620234907 46.497425079 0.785691679 0.615480423 -0.062227692 -0.875117064 0.421605736 -0.459143013 0.781943977 -3.451986313
0.456976056 -0.641432703 -0.616228104 46.496475220 0.785543382 0.616018116 -0.058679070 -0.875224710 0.417246372 -0.457258970 0.785378754 -3.450723648
0.531358361 -0.186770126 -0.826302171 46.484340668 0.391923040 0.918929756 0.044321518 0.247335076 0.751035690 -0.347397447 0.561480522 -2.196491241
0.537434220 -0.186027512 -0.822531581 46.434616089 0.393012583 0.918220103 0.049121808 0.243003964 0.746127009 -0.349664986 0.566594064 -2.165555954
0.540331423 -0.186813191 -0.820452869 46.431865692 0.396331728 0.916616201 0.052305847 0.243055582 0.742268980 -0.353433996 0.569316447 -2.163637161
0.545587957 -0.178026408 -0.818926394 46.429359436 0.396718800 0.915617645 0.065257251 0.242797613 0.738205910 -0.360487014 0.570176363 -2.162223816
0.546414256 -0.169375494 -0.820209324 46.266902924 0.393353045 0.916501701 0.072787315 0.250631094 0.739394784 -0.362403929 0.567413986 -2.043472290
0.555590928 -0.172086492 -0.813452601 46.399810791 0.399439692 0.913296342 0.079610132 0.243737459 0.729223371 -0.369155854 0.576157212 -2.142671585
0.555151999 -0.175922468 -0.812931478 46.248523712 0.396191150 0.915302575 0.072483361 0.251929760 0.731326759 -0.362315595 0.577830911 -2.031290054
0.550168991 -0.179892927 -0.815446258 46.240455627 0.395037264 0.916407883 0.064359821 0.253374338 0.735703468 -0.357540429 0.575243592 -2.023586273
0.538176417 -0.184467822 -0.822397590 46.070964813 0.408853143 0.910399020 0.063346244 0.268222570 0.737024605 -0.370331347 0.565375507 -1.887243271
0.554765582 -0.185694262 -0.811019659 46.012264252 0.421833217 0.902975917 0.081799634 0.256648540 0.717141509 -0.387494624 0.579271972 -1.851366043
0.554765582 -0.185694262 -0.811019659 46.012264252 0.421833217 0.902975917 0.081799634 0.256648540 0.717141509 -0.387494624 0.579271972 -1.851366043
0.554765582 -0.185694262 -0.811019659 46.012264252 0.421833217 0.902975917 0.081799634 0.256648540 0.717141509 -0.387494624 0.579271972 -1.851366043
0.554765582 -0.185694262 -0.811019659 46.012264252 0.421833217 0.902975917 0.081799634 0.256648540 0.717141509 -0.387494624 0.579271972 -1.851366043
0.554765582 -0.185694262 -0.811019659 46.012264252 0.421833217 0.902975917 0.081799634 0.256648540 0.717141509 -0.387494624 0.579271972 -1.851366043
0.554765582 -0.185694262 -0.811019659 46.012264252 0.421833217 0.902975917 0.081799634 0.256648540 0.717141509 -0.387494624 0.579271972 -1.851366043
0.554765582 -0.185694262 -0.811019659 46.012264252 0.421833217 0.902975917 0.081799634 0.256648540 0.717141509 -0.387494624 0.579271972 -1.851366043
0.554765582 -0.185694262 -0.811019659 46.012264252 0.421833217 0.902975917 0.081799634 0.256648540 0.717141509 -0.387494624 0.579271972 -1.851366043
0.554765582 -0.185694262 -0.811019659 46.012264252 0.421833217 0.902975917 0.081799634 0.256648540 0.717141509 -0.387494624 0.579271972 -1.851366043
0.554765582 -0.185694262 -0.811019659 46.012264252 0.421833217 0.902975917 0.081799634 0.256648540 0.717141509 -0.387494624 0.579271972 -1.851366043
0.554765582 -0.185694262 -0.811019659 46.012264252 0.421833217 0.902975917 0.081799634 0.256648540 0.717141509 -0.387494624 0.579271972 -1.851366043
0.554765582 -0.185694262 -0.811019659 46.012264252 0.421833217 0.902975917 0.081799634 0.256648540 0.717141509 -0.387494624 0.579271972 -1.851366043
0.554765582 -0.185694262 -0.811019659 46.012264252 0.421833217 0.902975917 0.081799634 0.256648540 0.717141509 -0.387494624 0.579271972 -1.851366043
0.554765582 -0.185694262 -0.811019659 46.012264252 0.421833217 0.902975917 0.081799634 0.256648540 0.717141509 -0.387494624 0.579271972 -1.851366043
0.554765582 -0.185694262 -0.811019659 46.012264252 0.421833217 0.902975917 0.081799634 0.256648540 0.717141509 -0.387494624 0.579271972 -1.851366043
0.554765582 -0.185694262 -0.811019659 46.012264252 0.421833217 0.902975917 0.081799634 0.256648540 0.717141509 -0.387494624 0.579271972 -1.851366043
0.554765582 -0.185694262 -0.811019659 46.012264252 0.421833217 0.902975917 0.081799634 0.256648540 0.717141509 -0.387494624 0.579271972 -1.851366043
0.554765582 -0.185694262 -0.811019659 46.012264252 0.421833217 0.902975917 0.081799634 0.256648540 0.717141509 -0.387494624 0.579271972 -1.851366043
0.554765582 -0.185694262 -0.811019659 46.012264252 0.421833217 0.902975917 0.081799634 0.256648540 0.717141509 -0.387494624 0.579271972 -1.851366043
0.554765582 -0.185694262 -0.811019659 46.012264252 0.421833217 0.902975917 0.081799634 0.256648540 0.717141509 -0.387494624 0.579271972 -1.851366043
0.554765582 -0.185694262 -0.811019659 46.012264252 0.421833217 0.902975917 0.081799634 0.256648540 0.717141509 -0.387494624 0.579271972 -1.851366043
0.554765582 -0.185694262 -0.811019659 46.012264252 0.421833217 0.902975917 0.081799634 0.256648540 0.717141509 -0.387494624 0.579271972 -1.851366043
0.554765582 -0.185694262 -0.811019659 46.012264252 0.421833217 0.902975917 0.081799634 0.256648540 0.717141509 -0.387494624 0.579271972 -1.851366043
0.554765582 -0.185694262 -0.811019659 46.012264252 0.421833217 0.902975917 0.081799634 0.256648540 0.717141509 -0.387494624 0.579271972 -1.851366043
0.554765582 -0.185694262 -0.811019659 46.012264252 0.421833217 0.902975917 0.081799634 0.256648540 0.717141509 -0.387494624 0.579271972 -1.851366043
0.554765582 -0.185694262 -0.811019659 46.012264252 0.421833217 0.902975917 0.081799634 0.256648540 0.717141509 -0.387494624 0.579271972 -1.851366043
0.554765582 -0.185694262 -0.811019659 46.012264252 0.421833217 0.902975917 0.081799634 0.256648540 0.717141509 -0.387494624 0.579271972 -1.851366043
0.554765582 -0.185694262 -0.811019659 46.012264252 0.421833217 0.902975917 0.081799634 0.256648540 0.717141509 -0.387494624 0.579271972 -1.851366043
0.554765582 -0.185694262 -0.811019659 46.012264252 0.421833217 0.902975917 0.081799634 0.256648540 0.717141509 -0.387494624 0.579271972 -1.851366043
0.554765582 -0.185694262 -0.811019659 46.012264252 0.421833217 0.902975917 0.081799634 0.256648540 0.717141509 -0.387494624 0.579271972 -1.851366043
0.554765582 -0.185694262 -0.811019659 46.012264252 0.421833217 0.902975917 0.081799634 0.256648540 0.717141509 -0.387494624 0.579271972 -1.851366043
0.554765582 -0.185694262 -0.811019659 46.012264252 0.421833217 0.902975917 0.081799634 0.256648540 0.717141509 -0.387494624 0.579271972 -1.851366043
0.554765582 -0.185694262 -0.811019659 46.012264252 0.421833217 0.902975917 0.081799634 0.256648540 0.717141509 -0.387494624 0.579271972 -1.851366043
0.554765582 -0.185694262 -0.811019659 46.012264252 0.421833217 0.902975917 0.081799634 0.256648540 0.717141509 -0.387494624 0.579271972 -1.851366043
0.554765582 -0.185694262 -0.811019659 46.012264252 0.421833217 0.902975917 0.081799634 0.256648540 0.717141509 -0.387494624 0.579271972 -1.851366043
0.554765582 -0.185694262 -0.811019659 46.012264252 0.421833217 0.902975917 0.081799634 0.256648540 0.717141509 -0.387494624 0.579271972 -1.851366043
0.554765582 -0.185694262 -0.811019659 46.012264252 0.421833217 0.902975917 0.081799634 0.256648540 0.717141509 -0.387494624 0.579271972 -1.851366043
0.554765582 -0.185694262 -0.811019659 46.012264252 0.421833217 0.902975917 0.081799634 0.256648540 0.717141509 -0.387494624 0.579271972 -1.851366043
0.554765582 -0.185694262 -0.811019659 46.012264252 0.421833217 0.902975917 0.081799634 0.256648540 0.717141509 -0.387494624 0.579271972 -1.851366043
0.554765582 -0.185694262 -0.811019659 46.012264252 0.421833217 0.902975917 0.081799634 0.256648540 0.717141509 -0.387494624 0.579271972 -1.851366043
0.554765582 -0.185694262 -0.811019659 46.012264252 0.421833217 0.902975917 0.081799634 0.256648540 0.717141509 -0.387494624 0.579271972 -1.851366043
0.554765582 -0.185694262 -0.811019659 46.012264252 0.421833217 0.902975917 0.081799634 0.256648540 0.717141509 -0.387494624 0.579271972 -1.851366043
0.554765582 -0.185694262 -0.811019659 46.012264252 0.421833217 0.902975917 0.081799634 0.256648540 0.717141509 -0.387494624 0.579271972 -1.851366043
0.554765582 -0.185694262 -0.811019659 46.012264252 0.421833217 0.902975917 0.081799634 0.256648540 0.717141509 -0.387494624 0.579271972 -1.851366043
0.554765582 -0.185694262 -0.811019659 46.012264252 0.421833217 0.902975917 0.081799634 0.256648540 0.717141509 -0.387494624 0.579271972 -1.851366043
0.554765582 -0.185694262 -0.811019659 46.012264252 0.421833217 0.902975917 0.081799634 0.256648540 0.717141509 -0.387494624 0.579271972 -1.851366043
0.554765582 -0.185694262 -0.811019659 46.012264252 0.421833217 0.902975917 0.081799634 0.256648540 0.717141509 -0.387494624 0.579271972 -1.851366043
0.554765582 -0.185694262 -0.811019659 46.012264252 0.421833217 0.902975917 0.081799634 0.256648540 0.717141509 -0.387494624 0.579271972 -1.851366043
0.554765582 -0.185694262 -0.811019659 46.012264252 0.421833217 0.902975917 0.081799634 0.256648540 0.717141509 -0.387494624 0.579271972 -1.851366043
0.554765582 -0.185694262 -0.811019659 46.012264252 0.421833217 0.902975917 0.081799634 0.256648540 0.717141509 -0.387494624 0.579271972 -1.851366043
0.554765582 -0.185694262 -0.811019659 46.012264252 0.421833217 0.902975917 0.081799634 0.256648540 0.717141509 -0.387494624 0.579271972 -1.851366043
0.554765582 -0.185694262 -0.811019659 46.012264252 0.421833217 0.902975917 0.081799634 0.256648540 0.717141509 -0.387494624 0.579271972 -1.851366043
0.554765582 -0.185694262 -0.811019659 46.012264252 0.421833217 0.902975917 0.081799634 0.256648540 0.717141509 -0.387494624 0.579271972 -1.851366043
0.554765582 -0.185694262 -0.811019659 46.012264252 0.421833217 0.902975917 0.081799634 0.256648540 0.717141509 -0.387494624 0.579271972 -1.851366043
0.554765582 -0.185694262 -0.811019659 46.012264252 0.421833217 0.902975917 0.081799634 0.256648540 0.717141509 -0.387494624 0.579271972 -1.851366043
0.554765582 -0.185694262 -0.811019659 46.012264252 0.421833217 0.902975917 0.081799634 0.256648540 0.717141509 -0.387494624 0.579271972 -1.851366043
0.554765582 -0.185694262 -0.811019659 46.012264252 0.421833217 0.902975917 0.081799634 0.256648540 0.717141509 -0.387494624 0.579271972 -1.851366043
0.554765582 -0.185694262 -0.811019659 46.012264252 0.421833217 0.902975917 0.081799634 0.256648540 0.717141509 -0.387494624 0.579271972 -1.851366043
0.554765582 -0.185694262 -0.811019659 46.012264252 0.421833217 0.902975917 0.081799634 0.256648540 0.717141509 -0.387494624 0.579271972 -1.851366043
0.554765582 -0.185694262 -0.811019659 46.012264252 0.421833217 0.902975917 0.081799634 0.256648540 0.717141509 -0.387494624 0.579271972 -1.851366043
0.554765582 -0.185694262 -0.811019659 46.012264252 0.421833217 0.902975917 0.081799634 0.256648540 0.717141509 -0.387494624 0.579271972 -1.851366043
0.554765582 -0.185694262 -0.811019659 46.012264252 0.421833217 0.902975917 0.081799634 0.256648540 0.717141509 -0.387494624 0.579271972 -1.851366043
0.554765582 -0.185694262 -0.811019659 46.012264252 0.421833217 0.902975917 0.081799634 0.256648540 0.717141509 -0.387494624 0.579271972 -1.851366043
0.554765582 -0.185694262 -0.811019659 46.012264252 0.421833217 0.902975917 0.081799634 0.256648540 0.717141509 -0.387494624 0.579271972 -1.851366043
0.554765582 -0.185694262 -0.811019659 46.012264252 0.421833217 0.902975917 0.081799634 0.256648540 0.717141509 -0.387494624 0.579271972 -1.851366043
0.554765582 -0.185694262 -0.811019659 46.012264252 0.421833217 0.902975917 0.081799634 0.256648540 0.717141509 -0.387494624 0.579271972 -1.851366043
0.554765582 -0.185694262 -0.811019659 46.012264252 0.421833217 0.902975917 0.081799634 0.256648540 0.717141509 -0.387494624 0.579271972 -1.851366043
0.554765582 -0.185694262 -0.811019659 46.012264252 0.421833217 0.902975917 0.081799634 0.256648540 0.717141509 -0.387494624 0.579271972 -1.851366043
0.554765582 -0.185694262 -0.811019659 46.012264252 0.421833217 0.902975917 0.081799634 0.256648540 0.717141509 -0.387494624 0.579271972 -1.851366043
0.554765582 -0.185694262 -0.811019659 46.012264252 0.421833217 0.902975917 0.081799634 0.256648540 0.717141509 -0.387494624 0.579271972 -1.851366043
0.554765582 -0.185694262 -0.811019659 46.012264252 0.421833217 0.902975917 0.081799634 0.256648540 0.717141509 -0.387494624 0.579271972 -1.851366043
0.554765582 -0.185694262 -0.811019659 46.012264252 0.421833217 0.902975917 0.081799634 0.256648540 0.717141509 -0.387494624 0.579271972 -1.851366043
0.554765582 -0.185694262 -0.811019659 46.012264252 0.421833217 0.902975917 0.081799634 0.256648540 0.717141509 -0.387494624 0.579271972 -1.851366043
0.554765582 -0.185694262 -0.811019659 46.012264252 0.421833217 0.902975917 0.081799634 0.256648540 0.717141509 -0.387494624 0.579271972 -1.851366043
0.554765582 -0.185694262 -0.811019659 46.012264252 0.421833217 0.902975917 0.081799634 0.256648540 0.717141509 -0.387494624 0.579271972 -1.851366043
0.554765582 -0.185694262 -0.811019659 46.012264252 0.421833217 0.902975917 0.081799634 0.256648540 0.717141509 -0.387494624 0.579271972 -1.851366043
0.554765582 -0.185694262 -0.811019659 46.012264252 0.421833217 0.902975917 0.081799634 0.256648540 0.717141509 -0.387494624 0.579271972 -1.851366043
0.554765582 -0.185694262 -0.811019659 46.012264252 0.421833217 0.902975917 0.081799634 0.256648540 0.717141509 -0.387494624 0.579271972 -1.851366043
0.554765582 -0.185694262 -0.811019659 46.012264252 0.421833217 0.902975917 0.081799634 0.256648540 0.717141509 -0.387494624 0.579271972 -1.851366043
0.554765582 -0.185694262 -0.811019659 46.012264252 0.421833217 0.902975917 0.081799634 0.256648540 0.717141509 -0.387494624 0.579271972 -1.851366043
0.554765582 -0.185694262 -0.811019659 46.012264252 0.421833217 0.902975917 0.081799634 0.256648540 0.717141509 -0.387494624 0.579271972 -1.851366043
0.554765582 -0.185694262 -0.811019659 46.012264252 0.421833217 0.902975917 0.081799634 0.256648540 0.717141509 -0.387494624 0.579271972 -1.851366043
0.554765582 -0.185694262 -0.811019659 46.012264252 0.421833217 0.902975917 0.081799634 0.256648540 0.717141509 -0.387494624 0.579271972 -1.851366043
0.554765582 -0.185694262 -0.811019659 46.012264252 0.421833217 0.902975917 0.081799634 0.256648540 0.717141509 -0.387494624 0.579271972 -1.851366043
0.554765582 -0.185694262 -0.811019659 46.012264252 0.421833217 0.902975917 0.081799634 0.256648540 0.717141509 -0.387494624 0.579271972 -1.851366043
0.554765582 -0.185694262 -0.811019659 46.012264252 0.421833217 0.902975917 0.081799634 0.256648540 0.717141509 -0.387494624 0.579271972 -1.851366043
0.554765582 -0.185694262 -0.811019659 46.012264252 0.421833217 0.902975917 0.081799634 0.256648540 0.717141509 -0.387494624 0.579271972 -1.851366043
0.554765582 -0.185694262 -0.811019659 46.012264252 0.421833217 0.902975917 0.081799634 0.256648540 0.717141509 -0.387494624 0.579271972 -1.851366043
0.554765582 -0.185694262 -0.811019659 46.012264252 0.421833217 0.902975917 0.081799634 0.256648540 0.717141509 -0.387494624 0.579271972 -1.851366043
0.554765582 -0.185694262 -0.811019659 46.012264252 0.421833217 0.902975917 0.081799634 0.256648540 0.717141509 -0.387494624 0.579271972 -1.851366043
0.554765582 -0.185694262 -0.811019659 46.012264252 0.421833217 0.902975917 0.081799634 0.256648540 0.717141509 -0.387494624 0.579271972 -1.851366043
0.554765582 -0.185694262 -0.811019659 46.012264252 0.421833217 0.902975917 0.081799634 0.256648540 0.717141509 -0.387494624 0.579271972 -1.851366043
0.554765582 -0.185694262 -0.811019659 46.012264252 0.421833217 0.902975917 0.081799634 0.256648540 0.717141509 -0.387494624 0.579271972 -1.851366043
0.554765582 -0.185694262 -0.811019659 46.012264252 0.421833217 0.902975917 0.081799634 0.256648540 0.717141509 -0.387494624 0.579271972 -1.851366043
0.554765582 -0.185694262 -0.811019659 46.012264252 0.421833217 0.902975917 0.081799634 0.256648540 0.717141509 -0.387494624 0.579271972 -1.851366043
0.554765582 -0.185694262 -0.811019659 46.012264252 0.421833217 0.902975917 0.081799634 0.256648540 0.717141509 -0.387494624 0.579271972 -1.851366043
0.554765582 -0.185694262 -0.811019659 46.012264252 0.421833217 0.902975917 0.081799634 0.256648540 0.717141509 -0.387494624 0.579271972 -1.851366043
0.554765582 -0.185694262 -0.811019659 46.012264252 0.421833217 0.902975917 0.081799634 0.256648540 0.717141509 -0.387494624 0.579271972 -1.851366043
0.554765582 -0.185694262 -0.811019659 46.012264252 0.421833217 0.902975917 0.081799634 0.256648540 0.717141509 -0.387494624 0.579271972 -1.851366043
0.554765582 -0.185694262 -0.811019659 46.012264252 0.421833217 0.902975917 0.081799634 0.256648540 0.717141509 -0.387494624 0.579271972 -1.851366043
0.554765582 -0.185694262 -0.811019659 46.012264252 0.421833217 0.902975917 0.081799634 0.256648540 0.717141509 -0.387494624 0.579271972 -1.851366043
0.554765582 -0.185694262 -0.811019659 46.012264252 0.421833217 0.902975917 0.081799634 0.256648540 0.717141509 -0.387494624 0.579271972 -1.851366043
0.554765582 -0.185694262 -0.811019659 46.012264252 0.421833217 0.902975917 0.081799634 0.256648540 0.717141509 -0.387494624 0.579271972 -1.851366043
0.554765582 -0.185694262 -0.811019659 46.012264252 0.421833217 0.902975917 0.081799634 0.256648540 0.717141509 -0.387494624 0.579271972 -1.851366043
0.554765582 -0.185694262 -0.811019659 46.012264252 0.421833217 0.902975917 0.081799634 0.256648540 0.717141509 -0.387494624 0.579271972 -1.851366043
0.554765582 -0.185694262 -0.811019659 46.012264252 0.421833217 0.902975917 0.081799634 0.256648540 0.717141509 -0.387494624 0.579271972 -1.851366043
0.554765582 -0.185694262 -0.811019659 46.012264252 0.421833217 0.902975917 0.081799634 0.256648540 0.717141509 -0.387494624 0.579271972 -1.851366043
0.554765582 -0.185694262 -0.811019659 46.012264252 0.421833217 0.902975917 0.081799634 0.256648540 0.717141509 -0.387494624 0.579271972 -1.851366043
0.554765582 -0.185694262 -0.811019659 46.012264252 0.421833217 0.902975917 0.081799634 0.256648540 0.717141509 -0.387494624 0.579271972 -1.851366043
0.554765582 -0.185694262 -0.811019659 46.012264252 0.421833217 0.902975917 0.081799634 0.256648540 0.717141509 -0.387494624 0.579271972 -1.851366043
0.554765582 -0.185694262 -0.811019659 46.012264252 0.421833217 0.902975917 0.081799634 0.256648540 0.717141509 -0.387494624 0.579271972 -1.851366043
0.554765582 -0.185694262 -0.811019659 46.012264252 0.421833217 0.902975917 0.081799634 0.256648540 0.717141509 -0.387494624 0.579271972 -1.851366043
0.554765582 -0.185694262 -0.811019659 46.012264252 0.421833217 0.902975917 0.081799634 0.256648540 0.717141509 -0.387494624 0.579271972 -1.851366043
0.554765582 -0.185694262 -0.811019659 46.012264252 0.421833217 0.902975917 0.081799634 0.256648540 0.717141509 -0.387494624 0.579271972 -1.851366043
0.554765582 -0.185694262 -0.811019659 46.012264252 0.421833217 0.902975917 0.081799634 0.256648540 0.717141509 -0.387494624 0.579271972 -1.851366043
0.554765582 -0.185694262 -0.811019659 46.012264252 0.421833217 0.902975917 0.081799634 0.256648540 0.717141509 -0.387494624 0.579271972 -1.851366043
0.554765582 -0.185694262 -0.811019659 46.012264252 0.421833217 0.902975917 0.081799634 0.256648540 0.717141509 -0.387494624 0.579271972 -1.851366043
0.554765582 -0.185694262 -0.811019659 46.012264252 0.421833217 0.902975917 0.081799634 0.256648540 0.717141509 -0.387494624 0.579271972 -1.851366043
0.554765582 -0.185694262 -0.811019659 46.012264252 0.421833217 0.902975917 0.081799634 0.256648540 0.717141509 -0.387494624 0.579271972 -1.851366043
0.554765582 -0.185694262 -0.811019659 46.012264252 0.421833217 0.902975917 0.081799634 0.256648540 0.717141509 -0.387494624 0.579271972 -1.851366043
0.554765582 -0.185694262 -0.811019659 46.012264252 0.421833217 0.902975917 0.081799634 0.256648540 0.717141509 -0.387494624 0.579271972 -1.851366043
0.554765582 -0.185694262 -0.811019659 46.012264252 0.421833217 0.902975917 0.081799634 0.256648540 0.717141509 -0.387494624 0.579271972 -1.851366043
0.554765582 -0.185694262 -0.811019659 46.012264252 0.421833217 0.902975917 0.081799634 0.256648540 0.717141509 -0.387494624 0.579271972 -1.851366043
0.554765582 -0.185694262 -0.811019659 46.012264252 0.421833217 0.902975917 0.081799634 0.256648540 0.717141509 -0.387494624 0.579271972 -1.851366043
0.554765582 -0.185694262 -0.811019659 46.012264252 0.421833217 0.902975917 0.081799634 0.256648540 0.717141509 -0.387494624 0.579271972 -1.851366043
0.554765582 -0.185694262 -0.811019659 46.012264252 0.421833217 0.902975917 0.081799634 0.256648540 0.717141509 -0.387494624 0.579271972 -1.851366043
0.554765582 -0.185694262 -0.811019659 46.012264252 0.421833217 0.902975917 0.081799634 0.256648540 0.717141509 -0.387494624 0.579271972 -1.851366043
0.554765582 -0.185694262 -0.811019659 46.012264252 0.421833217 0.902975917 0.081799634 0.256648540 0.717141509 -0.387494624 0.579271972 -1.851366043
0.554765582 -0.185694262 -0.811019659 46.012264252 0.421833217 0.902975917 0.081799634 0.256648540 0.717141509 -0.387494624 0.579271972 -1.851366043
0.554765582 -0.185694262 -0.811019659 46.012264252 0.421833217 0.902975917 0.081799634 0.256648540 0.717141509 -0.387494624 0.579271972 -1.851366043
0.554765582 -0.185694262 -0.811019659 46.012264252 0.421833217 0.902975917 0.081799634 0.256648540 0.717141509 -0.387494624 0.579271972 -1.851366043
0.554765582 -0.185694262 -0.811019659 46.012264252 0.421833217 0.902975917 0.081799634 0.256648540 0.717141509 -0.387494624 0.579271972 -1.851366043
0.554765582 -0.185694262 -0.811019659 46.012264252 0.421833217 0.902975917 0.081799634 0.256648540 0.717141509 -0.387494624 0.579271972 -1.851366043
0.554765582 -0.185694262 -0.811019659 46.012264252 0.421833217 0.902975917 0.081799634 0.256648540 0.717141509 -0.387494624 0.579271972 -1.851366043
0.554765582 -0.185694262 -0.811019659 46.012264252 0.421833217 0.902975917 0.081799634 0.256648540 0.717141509 -0.387494624 0.579271972 -1.851366043
0.554765582 -0.185694262 -0.811019659 46.012264252 0.421833217 0.902975917 0.081799634 0.256648540 0.717141509 -0.387494624 0.579271972 -1.851366043
0.554765582 -0.185694262 -0.811019659 46.012264252 0.421833217 0.902975917 0.081799634 0.256648540 0.717141509 -0.387494624 0.579271972 -1.851366043
0.554765582 -0.185694262 -0.811019659 46.012264252 0.421833217 0.902975917 0.081799634 0.256648540 0.717141509 -0.387494624 0.579271972 -1.851366043
0.554765582 -0.185694262 -0.811019659 46.012264252 0.421833217 0.902975917 0.081799634 0.256648540 0.717141509 -0.387494624 0.579271972 -1.851366043
0.554765582 -0.185694262 -0.811019659 46.012264252 0.421833217 0.902975917 0.081799634 0.256648540 0.717141509 -0.387494624 0.579271972 -1.851366043
0.554765582 -0.185694262 -0.811019659 46.012264252 0.421833217 0.902975917 0.081799634 0.256648540 0.717141509 -0.387494624 0.579271972 -1.851366043
0.554765582 -0.185694262 -0.811019659 46.012264252 0.421833217 0.902975917 0.081799634 0.256648540 0.717141509 -0.387494624 0.579271972 -1.851366043
0.554765582 -0.185694262 -0.811019659 46.012264252 0.421833217 0.902975917 0.081799634 0.256648540 0.717141509 -0.387494624 0.579271972 -1.851366043
0.554765582 -0.185694262 -0.811019659 46.012264252 0.421833217 0.902975917 0.081799634 0.256648540 0.717141509 -0.387494624 0.579271972 -1.851366043
0.554765582 -0.185694262 -0.811019659 46.012264252 0.421833217 0.902975917 0.081799634 0.256648540 0.717141509 -0.387494624 0.579271972 -1.851366043
0.554765582 -0.185694262 -0.811019659 46.012264252 0.421833217 0.902975917 0.081799634 0.256648540 0.717141509 -0.387494624 0.579271972 -1.851366043
0.554765582 -0.185694262 -0.811019659 46.012264252 0.421833217 0.902975917 0.081799634 0.256648540 0.717141509 -0.387494624 0.579271972 -1.851366043
0.554765582 -0.185694262 -0.811019659 46.012264252 0.421833217 0.902975917 0.081799634 0.256648540 0.717141509 -0.387494624 0.579271972 -1.851366043
0.554765582 -0.185694262 -0.811019659 46.012264252 0.421833217 0.902975917 0.081799634 0.256648540 0.717141509 -0.387494624 0.579271972 -1.851366043
0.554765582 -0.185694262 -0.811019659 46.012264252 0.421833217 0.902975917 0.081799634 0.256648540 0.717141509 -0.387494624 0.579271972 -1.851366043
0.554765582 -0.185694262 -0.811019659 46.012264252 0.421833217 0.902975917 0.081799634 0.256648540 0.717141509 -0.387494624 0.579271972 -1.851366043
0.554765582 -0.185694262 -0.811019659 46.012264252 0.421833217 0.902975917 0.081799634 0.256648540 0.717141509 -0.387494624 0.579271972 -1.851366043
0.554765582 -0.185694262 -0.811019659 46.012264252 0.421833217 0.902975917 0.081799634 0.256648540 0.717141509 -0.387494624 0.579271972 -1.851366043
0.554765582 -0.185694262 -0.811019659 46.012264252 0.421833217 0.902975917 0.081799634 0.256648540 0.717141509 -0.387494624 0.579271972 -1.851366043
0.554765582 -0.185694262 -0.811019659 46.012264252 0.421833217 0.902975917 0.081799634 0.256648540 0.717141509 -0.387494624 0.579271972 -1.851366043
0.554765582 -0.185694262 -0.811019659 46.012264252 0.421833217 0.902975917 0.081799634 0.256648540 0.717141509 -0.387494624 0.579271972 -1.851366043
0.554765582 -0.185694262 -0.811019659 46.012264252 0.421833217 0.902975917 0.081799634 0.256648540 0.717141509 -0.387494624 0.579271972 -1.851366043
0.554765582 -0.185694262 -0.811019659 46.012264252 0.421833217 0.902975917 0.081799634 0.256648540 0.717141509 -0.387494624 0.579271972 -1.851366043
0.554765582 -0.185694262 -0.811019659 46.012264252 0.421833217 0.902975917 0.081799634 0.256648540 0.717141509 -0.387494624 0.579271972 -1.851366043
0.554765582 -0.185694262 -0.811019659 46.012264252 0.421833217 0.902975917 0.081799634 0.256648540 0.717141509 -0.387494624 0.579271972 -1.851366043
0.554765582 -0.185694262 -0.811019659 46.012264252 0.421833217 0.902975917 0.081799634 0.256648540 0.717141509 -0.387494624 0.579271972 -1.851366043
0.554765582 -0.185694262 -0.811019659 46.012264252 0.421833217 0.902975917 0.081799634 0.256648540 0.717141509 -0.387494624 0.579271972 -1.851366043
0.554765582 -0.185694262 -0.811019659 46.012264252 0.421833217 0.902975917 0.081799634 0.256648540 0.717141509 -0.387494624 0.579271972 -1.851366043
0.554765582 -0.185694262 -0.811019659 46.012264252 0.421833217 0.902975917 0.081799634 0.256648540 0.717141509 -0.387494624 0.579271972 -1.851366043
0.554765582 -0.185694262 -0.811019659 46.012264252 0.421833217 0.902975917 0.081799634 0.256648540 0.717141509 -0.387494624 0.579271972 -1.851366043
0.554765582 -0.185694262 -0.811019659 46.012264252 0.421833217 0.902975917 0.081799634 0.256648540 0.717141509 -0.387494624 0.579271972 -1.851366043
0.554765582 -0.185694262 -0.811019659 46.012264252 0.421833217 0.902975917 0.081799634 0.256648540 0.717141509 -0.387494624 0.579271972 -1.851366043
0.554765582 -0.185694262 -0.811019659 46.012264252 0.421833217 0.902975917 0.081799634 0.256648540 0.717141509 -0.387494624 0.579271972 -1.851366043
0.554765582 -0.185694262 -0.811019659 46.012264252 0.421833217 0.902975917 0.081799634 0.256648540 0.717141509 -0.387494624 0.579271972 -1.851366043
0.554765582 -0.185694262 -0.811019659 46.012264252 0.421833217 0.902975917 0.081799634 0.256648540 0.717141509 -0.387494624 0.579271972 -1.851366043
0.554765582 -0.185694262 -0.811019659 46.012264252 0.421833217 0.902975917 0.081799634 0.256648540 0.717141509 -0.387494624 0.579271972 -1.851366043
0.554765582 -0.185694262 -0.811019659 46.012264252 0.421833217 0.902975917 0.081799634 0.256648540 0.717141509 -0.387494624 0.579271972 -1.851366043
0.554765582 -0.185694262 -0.811019659 46.012264252 0.421833217 0.902975917 0.081799634 0.256648540 0.717141509 -0.387494624 0.579271972 -1.851366043
0.554765582 -0.185694262 -0.811019659 46.012264252 0.421833217 0.902975917 0.081799634 0.256648540 0.717141509 -0.387494624 0.579271972 -1.851366043
0.554765582 -0.185694262 -0.811019659 46.012264252 0.421833217 0.902975917 0.081799634 0.256648540 0.717141509 -0.387494624 0.579271972 -1.851366043
0.554765582 -0.185694262 -0.811019659 46.012264252 0.421833217 0.902975917 0.081799634 0.256648540 0.717141509 -0.387494624 0.579271972 -1.851366043
0.554765582 -0.185694262 -0.811019659 46.012264252 0.421833217 0.902975917 0.081799634 0.256648540 0.717141509 -0.387494624 0.579271972 -1.851366043
0.554765582 -0.185694262 -0.811019659 46.012264252 0.421833217 0.902975917 0.081799634 0.256648540 0.717141509 -0.387494624 0.579271972 -1.851366043
0.554765582 -0.185694262 -0.811019659 46.012264252 0.421833217 0.902975917 0.081799634 0.256648540 0.717141509 -0.387494624 0.579271972 -1.851366043
0.554765582 -0.185694262 -0.811019659 46.012264252 0.421833217 0.902975917 0.081799634 0.256648540 0.717141509 -0.387494624 0.579271972 -1.851366043
0.554765582 -0.185694262 -0.811019659 46.012264252 0.421833217 0.902975917 0.081799634 0.256648540 0.717141509 -0.387494624 0.579271972 -1.851366043
0.554765582 -0.185694262 -0.811019659 46.012264252 0.421833217 0.902975917 0.081799634 0.256648540 0.717141509 -0.387494624 0.579271972 -1.851366043
0.554765582 -0.185694262 -0.811019659 46.012264252 0.421833217 0.902975917 0.081799634 0.256648540 0.717141509 -0.387494624 0.579271972 -1.851366043
0.554765582 -0.185694262 -0.811019659 46.012264252 0.421833217 0.902975917 0.081799634 0.256648540 0.717141509 -0.387494624 0.579271972 -1.851366043
0.554765582 -0.185694262 -0.811019659 46.012264252 0.421833217 0.902975917 0.081799634 0.256648540 0.717141509 -0.387494624 0.579271972 -1.851366043
