0.999972224 -0.001496155 -0.007304612 -0.000526974 0.001471265 0.999993086 -0.003411681 -0.000532074 0.007309666 0.003400839 0.999967515 0.060932815
0.999936223 -0.001540892 -0.011186033 -0.001143305 0.001487373 0.999987364 -0.004791250 -0.000737169 0.011193275 0.004774307 0.999925911 0.092366286
0.999868989 -0.000152715 -0.016187519 -0.001800890 0.000060674 0.999983847 -0.005686348 -0.000741620 0.016188126 0.005684621 0.999852836 0.124771744
0.999794006 -0.001073784 -0.020269776 -0.002948829 0.000957923 0.999983311 -0.005724865 -0.001220384 0.020275582 0.005704268 0.999778211 0.157739252
0.999692619 0.000561692 -0.024786316 -0.003996143 -0.000723921 0.999978364 -0.006536648 -0.002005720 0.024782106 0.006552582 0.999671459 0.191197693
0.999554157 0.003389120 -0.029669221 -0.005474814 -0.003613228 0.999965370 -0.007503193 -0.002093493 0.029642763 0.007607051 0.999531627 0.225365624
0.999425352 0.003896540 -0.033673070 -0.007053056 -0.004097311 0.999974251 -0.005895368 -0.002333161 0.033649232 0.006029949 0.999415517 0.260948122
0.999269724 0.002880833 -0.038103536 -0.008436817 -0.002995004 0.999991179 -0.002939627 -0.002856887 0.038094733 0.003051599 0.999269485 0.296723753
0.999148369 0.002565775 -0.041182101 -0.010365601 -0.002569494 0.999996603 -0.000037366 -0.003352092 0.041181870 0.000143151 0.999151707 0.332910150
0.999061108 0.004129084 -0.043125108 -0.012677340 -0.004184415 0.999990463 -0.001192823 -0.003470423 0.043119773 0.001372156 0.999069035 0.368134379
0.998950958 0.003346438 -0.045669518 -0.014455402 -0.003389803 0.999994040 -0.000872127 -0.004096348 0.045666326 0.001026022 0.998956263 0.405882359
0.998847127 0.000764207 -0.047998287 -0.015701324 -0.000817443 0.999999106 -0.001089515 -0.004522401 0.047997408 0.001127495 0.998846889 0.442361593
0.998750150 0.000086721 -0.049981844 -0.017818252 -0.000104637 0.999999940 -0.000355860 -0.004788330 0.049981821 0.000360645 0.998750031 0.480840892
0.998695016 -0.001739771 -0.051042676 -0.020022679 0.001712506 0.999998391 -0.000577901 -0.005132240 0.051043600 0.000489736 0.998696268 0.517736375
0.998602092 0.000900378 -0.052851021 -0.022536259 -0.001042312 0.999995947 -0.002658074 -0.005778151 0.052848414 0.002709444 0.998598874 0.556838930
0.998524427 0.001196467 -0.054294731 -0.024694908 -0.001469652 0.999986529 -0.004991896 -0.006223675 0.054288018 0.005064324 0.998512506 0.594490767
0.998433411 0.004892003 -0.055737894 -0.027549207 -0.005269944 0.999964118 -0.006635765 -0.006825661 0.055703424 0.006919105 0.998423398 0.634538174
0.998315096 0.005197519 -0.057791732 -0.029324435 -0.005567396 0.999965072 -0.006241050 -0.007172513 0.057757266 0.006552283 0.998309135 0.673815191
0.998284578 0.004759790 -0.058354467 -0.032392740 -0.005038924 0.999976575 -0.004637193 -0.007957811 0.058331035 0.004923283 0.998285174 0.714086294
0.998203218 0.005244743 -0.059689824 -0.034994457 -0.005401322 0.999982476 -0.002462168 -0.008646660 0.059675861 0.002780150 0.998213947 0.753330886
0.998162150 0.004941594 -0.060398065 -0.037760019 -0.005135139 0.999982178 -0.003049705 -0.008938679 0.060381919 0.003354254 0.998169780 0.794287026
0.998045743 0.004563549 -0.062320802 -0.040035866 -0.004813798 0.999980927 -0.003865971 -0.009374086 0.062301971 0.004158416 0.998048723 0.833814919
0.998001158 0.003168816 -0.063118167 -0.042830314 -0.003464718 0.999983490 -0.004579185 -0.010039911 0.063102633 0.004788718 0.997995555 0.875290275
0.997951448 0.002951005 -0.063907519 -0.045292605 -0.003107885 0.999992371 -0.002355550 -0.010621785 0.063900083 0.002549342 0.997953117 0.915048182
0.997929752 0.004348485 -0.064166285 -0.047933560 -0.004342656 0.999990523 0.000230338 -0.010835607 0.064166665 0.000048791 0.997939408 0.957766771
0.997955382 0.004767612 -0.063735805 -0.050558779 -0.004528394 0.999982238 0.003897230 -0.011184793 0.063753262 -0.003600641 0.997959316 0.998053491
0.998092234 0.003865750 -0.061619900 -0.053445376 -0.003453177 0.999970973 0.006800557 -0.011473646 0.061644405 -0.006574799 0.998076558 1.040323853
0.998207569 0.004588273 -0.059670959 -0.056354009 -0.004126399 0.999960661 0.007861263 -0.011877728 0.059704669 -0.007600946 0.998187184 1.081174850
0.998255610 0.004184773 -0.058891445 -0.058277782 -0.003886427 0.999979079 0.005179652 -0.012074452 0.058911894 -0.004941739 0.998251021 1.123816490
0.998284817 0.004843651 -0.058343891 -0.060628802 -0.004834712 0.999988317 0.000294378 -0.012366918 0.058344644 -0.000011797 0.998296559 1.164542913
0.998364866 0.005207707 -0.056926224 -0.063394770 -0.005389237 0.999980867 -0.003035814 -0.012416789 0.056909338 0.003337639 0.998373747 1.207936525
0.998433828 0.002239240 -0.055901147 -0.065804824 -0.002336856 0.999995828 -0.001680905 -0.012897680 0.055897161 0.001808905 0.998434901 1.249031544
0.998408258 0.001053676 -0.056389827 -0.068129987 -0.000869781 0.999994278 0.003285563 -0.013526399 0.056392949 -0.003231286 0.998403549 1.293552876
0.998365939 -0.003000113 -0.057063978 -0.070340119 0.003393074 0.999971211 0.006790646 -0.013898035 0.057041947 -0.006973172 0.998347461 1.334707141
0.998260021 -0.009828159 -0.058139440 -0.072563551 0.010175169 0.999932170 0.005675573 -0.014077197 0.058079720 -0.006257277 0.998292327 1.379230261
0.998168588 -0.011842804 -0.059321646 -0.075050227 0.011983768 0.999926209 0.002021060 -0.014578557 0.059293337 -0.002728256 0.998236895 1.420434952
0.998076260 -0.011687925 -0.060886290 -0.077891476 0.011580844 0.999930680 -0.002111315 -0.014639737 0.060906760 0.001402139 0.998142540 1.465293407
0.997939765 -0.010978194 -0.063212015 -0.080585554 0.010828139 0.999937713 -0.002715939 -0.015064899 0.063237906 0.002025875 0.997996509 1.507886648
0.997892261 -0.010727395 -0.064000227 -0.083442941 0.010654551 0.999942124 -0.001479393 -0.015390407 0.064012393 0.000794381 0.997948766 1.552072287
0.997846365 -0.007595065 -0.065153226 -0.086538456 0.007696076 0.999969542 0.001299501 -0.016045794 0.065141380 -0.001798127 0.997874379 1.595021009
0.997763753 -0.007699492 -0.066394791 -0.089632258 0.007885285 0.999965608 0.002536678 -0.016262431 0.066372991 -0.003054546 0.997790396 1.639805913
0.997699559 -0.006953213 -0.067433611 -0.092517465 0.007294852 0.999961734 0.004821370 -0.016195633 0.067397520 -0.005302196 0.997712255 1.682291985
0.997727752 -0.006748489 -0.067035049 -0.095972270 0.007310709 0.999940097 0.008145180 -0.016893523 0.066976070 -0.008616745 0.997717381 1.727355003
0.997717917 -0.000935309 -0.067514628 -0.099217273 0.001630300 0.999946237 0.010239572 -0.016830804 0.067501403 -0.010326273 0.997665703 1.769801855
0.997696817 -0.000622000 -0.067828782 -0.102303021 0.001301518 0.999949455 0.009974413 -0.017340546 0.067819126 -0.010039721 0.997647166 1.814474106
0.997676909 -0.001221295 -0.068112381 -0.104916357 0.001844360 0.999957144 0.009085466 -0.017742857 0.068098344 -0.009189985 0.997636378 1.856644988
0.997708559 0.001454003 -0.067642003 -0.108630545 -0.001056350 0.999981940 0.005914205 -0.017492734 0.067649379 -0.005829199 0.997692168 1.901346803
0.997603178 0.000518635 -0.069191888 -0.111179724 -0.000068414 0.999978781 0.006509064 -0.018032454 0.069193795 -0.006488730 0.997582197 1.943423629
0.997558534 -0.001211381 -0.069826521 -0.114744961 0.001709253 0.999973595 0.007070818 -0.017920721 0.069816127 -0.007172903 0.997534156 1.988035917
0.997470975 -0.000310701 -0.071074866 -0.117559806 0.000889672 0.999966741 0.008114419 -0.018235223 0.071069993 -0.008157129 0.997438073 2.029657125
0.997451305 0.001073726 -0.071341909 -0.120839417 -0.000697230 0.999985754 0.005302038 -0.019052656 0.071346596 -0.005238783 0.997437894 2.073251963
0.997406900 0.001775314 -0.071945377 -0.123977289 -0.001721232 0.999998212 0.000813695 -0.019169284 0.071946681 -0.000687750 0.997408330 2.114216328
0.997339606 0.002767809 -0.072843425 -0.127263054 -0.002822199 0.999995828 -0.000643758 -0.019282576 0.072841316 0.000847624 0.997343361 2.158156157
0.997344017 0.001307690 -0.072824620 -0.130364046 -0.001080704 0.999994397 0.003156196 -0.020050723 0.072828315 -0.003069111 0.997339845 2.199168921
0.997325897 -0.000139001 -0.073082544 -0.133556753 0.000591928 0.999980748 0.006175854 -0.020389188 0.073080264 -0.006202597 0.997306824 2.242663145
0.997277558 -0.002613468 -0.073691882 -0.136401802 0.003157264 0.999968588 0.007263793 -0.020935597 0.073670588 -0.007476683 0.997254670 2.282890320
0.997249722 -0.005809270 -0.073886454 -0.139212787 0.006266981 0.999962628 0.005964475 -0.021377433 0.073849045 -0.006411116 0.997248828 2.326380730
0.997234285 -0.008681417 -0.073813304 -0.142590582 0.009057333 0.999947786 0.004759585 -0.021536496 0.073768109 -0.005414973 0.997260749 2.366435528
0.997112870 -0.010043953 -0.075266697 -0.145219520 0.010500738 0.999928832 0.005675612 -0.021963600 0.075204320 -0.006449582 0.997147262 2.406367302
0.996977746 -0.013754389 -0.076460749 -0.148265973 0.014526200 0.999848843 0.009547219 -0.021770520 0.076317862 -0.010629048 0.997026920 2.451463461
0.997007370 -0.012925301 -0.076218553 -0.151683837 0.014064027 0.999797106 0.014422450 -0.022088930 0.076016650 -0.015451227 0.996986866 2.489995956
0.996974647 -0.011555918 -0.076864190 -0.154874712 0.012848387 0.999783814 0.016341712 -0.021966133 0.076658718 -0.017279852 0.996907651 2.530101299
0.996788740 -0.011779108 -0.079204716 -0.158039883 0.012857854 0.999831200 0.013123532 -0.022324260 0.079036765 -0.014099792 0.996771932 2.575383663
0.996763349 -0.010686228 -0.079679720 -0.162135065 0.011166995 0.999921978 0.005590559 -0.022430394 0.079613782 -0.006462248 0.996804893 2.613837242
0.996696591 -0.008535332 -0.080764681 -0.166050583 0.008593866 0.999963045 0.000377179 -0.022250580 0.080758460 -0.001070014 0.996733189 2.653537273
0.996657193 -0.003085857 -0.081638999 -0.169437766 0.003165823 0.999994755 0.000850095 -0.022522997 0.081635937 -0.001105708 0.996661663 2.691016912
0.996553481 -0.001219701 -0.082944117 -0.172886491 0.001516919 0.999992788 0.003520432 -0.023117572 0.082939193 -0.003634119 0.996547997 2.732250690
0.996446669 0.001449327 -0.084214009 -0.176060706 -0.001035205 0.999987185 0.004960952 -0.023717126 0.084220104 -0.004856145 0.996435344 2.768751144
0.996368945 0.002563820 -0.085102834 -0.179373622 -0.002169997 0.999986529 0.004719778 -0.024189752 0.085113779 -0.004517967 0.996360958 2.804656506
0.996265531 0.004246207 -0.086238742 -0.183827996 -0.003763880 0.999976516 0.005754768 -0.024683276 0.086261138 -0.005408685 0.996257842 2.844926119
0.996167958 0.004685285 -0.087334767 -0.186744124 -0.004163190 0.999972403 0.006159280 -0.024724916 0.087361202 -0.005772088 0.996159971 2.878204107
0.996009827 0.005071904 -0.089099124 -0.189677894 -0.004511222 0.999968827 0.006493039 -0.025123745 0.089129269 -0.006065185 0.996001601 2.912895918
0.995909989 0.004467720 -0.090240456 -0.193739697 -0.003770856 0.999961793 0.007891297 -0.025777454 0.090272285 -0.007518739 0.995888770 2.952123404
0.995775282 0.007540523 -0.091513202 -0.196988061 -0.006600107 0.999922335 0.010574569 -0.026006609 0.091585845 -0.009925898 0.995747685 2.984913111
0.995632827 0.009091008 -0.092912138 -0.199954137 -0.007752099 0.999861062 0.014761278 -0.026302531 0.093033433 -0.013976548 0.995564938 3.017776489
0.995453596 0.012102332 -0.094475873 -0.204148263 -0.010593018 0.999808371 0.016460851 -0.026382010 0.094656974 -0.015385227 0.995391071 3.054868937
0.995356321 0.015007416 -0.095081933 -0.208176717 -0.013889658 0.999826550 0.012406705 -0.026728284 0.095251635 -0.011028439 0.995392144 3.085970402
0.995258152 0.014925067 -0.096117675 -0.211432785 -0.014593950 0.999884844 0.004147051 -0.026095845 0.096168518 -0.002724648 0.995361447 3.114972115
0.995055854 0.014306977 -0.098280720 -0.214274898 -0.014448917 0.999895275 -0.000732614 -0.027264252 0.098259948 0.002149042 0.995158494 3.148874283
0.995010436 0.014999916 -0.098636672 -0.217309505 -0.015256793 0.999881864 -0.001850481 -0.027571034 0.098597258 0.003346127 0.995121837 3.177697420
0.994910717 0.017617106 -0.099208675 -0.220490873 -0.017486842 0.999844730 0.002182517 -0.028269643 0.099231727 -0.000436563 0.995064378 3.205512047
0.994761109 0.018003734 -0.100629620 -0.223928630 -0.017706309 0.999835908 0.003848096 -0.028542858 0.100682378 -0.002046156 0.994916558 3.236579418
0.994760036 0.014605888 -0.101188295 -0.227057710 -0.014622330 0.999893069 0.000579259 -0.028974937 0.101185910 0.000903385 0.994867146 3.262810946
0.994811893 0.006342054 -0.101534344 -0.228774607 -0.006886450 0.999963760 -0.005012061 -0.029079441 0.101498872 0.005685270 0.994819403 3.288675785
0.994974315 0.002605506 -0.100096948 -0.231448546 -0.003561547 0.999949813 -0.009373639 -0.029873323 0.100067496 0.009683029 0.994933546 3.313613415
0.995205402 0.004791575 -0.097690031 -0.233715087 -0.005790262 0.999933958 -0.009942099 -0.030158011 0.097635917 0.010460081 0.995167196 3.341464520
0.995574474 0.009652466 -0.093479529 -0.236266196 -0.010335694 0.999923348 -0.006827464 -0.030747890 0.093406454 0.007763423 0.995597780 3.365213633
0.995967984 0.008274953 -0.089326747 -0.238132805 -0.008649818 0.999955356 -0.003810253 -0.031148966 0.089291230 0.004567550 0.995995104 3.390161991
0.996494055 0.004699510 -0.083531514 -0.239570186 -0.004637244 0.999988794 0.000939434 -0.031949203 0.083534993 -0.000548785 0.996504724 3.412969112
0.997165442 0.000143984 -0.075240806 -0.241244197 0.000142298 0.999992788 0.003799492 -0.032094911 0.075240798 -0.003799428 0.997158170 3.436549902
0.997900486 0.003854130 -0.064652696 -0.242432296 -0.003610578 0.999985933 0.003883480 -0.032510776 0.064666763 -0.003641892 0.997900248 3.457958221
0.998731136 0.009031305 -0.049544517 -0.243676171 -0.008890692 0.999955833 0.003057862 -0.032691158 0.049569950 -0.002613496 0.998767138 3.480621815
0.999419272 0.014190837 -0.030980630 -0.244498044 -0.014083532 0.999894142 0.003679262 -0.032823630 0.031029567 -0.003240808 0.999513149 3.501237154
0.999875724 0.012594556 -0.009482906 -0.243697837 -0.012554796 0.999912202 0.004240992 -0.033160701 0.009535488 -0.004121409 0.999946058 3.522581100
0.999812841 0.009170800 0.017038871 -0.242539525 -0.009258608 0.999944210 0.005081463 -0.033324085 -0.016991321 -0.005238267 0.999841928 3.542495728
0.998897851 0.008127891 0.046228927 -0.240541905 -0.008458889 0.999939919 0.006968872 -0.033835150 -0.046169508 -0.007352236 0.998906791 3.562173128
0.996790111 0.007891595 0.079669110 -0.238336235 -0.008593255 0.999927282 0.008468150 -0.034070931 -0.079596490 -0.009125587 0.996785522 3.581223726
0.993135929 0.007587911 0.116719574 -0.234788746 -0.008747209 0.999917388 0.009423311 -0.034503177 -0.116638437 -0.010379598 0.993120253 3.600248098
0.987358391 0.007693428 0.158316925 -0.230885506 -0.009135814 0.999923170 0.008384994 -0.034128308 -0.158240259 -0.009725345 0.987352788 3.618396044
0.979042113 0.007313225 0.203526244 -0.226079941 -0.009417601 0.999911845 0.009373012 -0.034866314 -0.203439698 -0.011093301 0.979024768 3.636246443
0.967421472 0.009846803 0.252979875 -0.220799148 -0.012121184 0.999898911 0.007433361 -0.035087191 -0.252881080 -0.010257608 0.967443049 3.653036356
0.952138782 0.010904944 0.305471599 -0.213746548 -0.012813822 0.999908924 0.004244538 -0.035309438 -0.305397481 -0.007955648 0.952191770 3.669807673
0.932530522 0.010957487 0.360925198 -0.206249356 -0.012588474 0.999918461 0.002168154 -0.035536617 -0.360872030 -0.006565366 0.932592332 3.684898376
0.908403754 0.011239233 0.417942971 -0.197521687 -0.012671869 0.999919415 0.000652826 -0.035932343 -0.417901993 -0.005889148 0.908473015 3.700321913
0.879310846 0.011587015 0.476107150 -0.188469291 -0.012524426 0.999920726 -0.001203997 -0.036145564 -0.476083398 -0.004904280 0.879386485 3.714034796
0.845373750 0.010553158 0.534071207 -0.178769827 -0.010413970 0.999940455 -0.003274530 -0.036453664 -0.534073830 -0.002793599 0.845433176 3.727062941
0.810112953 0.009167722 0.586202204 -0.165811658 -0.009091583 0.999953866 -0.003074184 -0.037363015 -0.586203337 -0.002839070 0.810159028 3.741248131
0.770152688 0.007602834 0.637814283 -0.154508710 -0.008906395 0.999959588 -0.001165299 -0.038074784 -0.637797356 -0.004783169 0.770189345 3.752578497
0.727223396 0.007668106 0.686358035 -0.142349720 -0.010766722 0.999941945 0.000236246 -0.038119622 -0.686316431 -0.007561630 0.727263808 3.763344049
0.683362782 0.006299419 0.730051816 -0.127907753 -0.009696031 0.999952853 0.000447620 -0.038344096 -0.730014563 -0.007384490 0.683391750 3.773341656
0.636856139 0.005152891 0.770965457 -0.114437580 -0.006798437 0.999976337 -0.001067673 -0.038510133 -0.770952642 -0.004561406 0.636876166 3.782133341
0.589906752 0.002419023 0.807467759 -0.099669814 -0.001442005 0.999997079 -0.001942329 -0.038863607 -0.807470143 -0.000018580 0.589908540 3.790433884
0.542953372 0.004529918 0.839750588 -0.085532784 -0.004277008 0.999987423 -0.002628930 -0.039376084 -0.839752018 -0.002164235 0.542965949 3.797914028
0.495872676 0.007545792 0.868362486 -0.070358872 -0.007780530 0.999960721 -0.004246319 -0.039538905 -0.868360400 -0.004650687 0.495911807 3.805008173
0.450112909 0.009602332 0.892920017 -0.056005955 -0.009002208 0.999940157 -0.006215280 -0.039953135 -0.892926276 -0.005240674 0.450172424 3.811001539
0.406949013 0.006627272 0.913426816 -0.041177034 -0.001495317 0.999977171 -0.006589036 -0.040266234 -0.913449585 0.001315539 0.406949580 3.816068649
0.368243039 -0.000688528 0.929729342 -0.023508906 0.013131364 0.999903798 -0.004460515 -0.040404465 -0.929636836 0.013851167 0.368216574 3.820228100
0.332581758 -0.003995844 0.943066061 -0.008039594 0.016969159 0.999854505 -0.001747883 -0.040363491 -0.942921698 0.016584350 0.332601160 3.824193478
0.299706519 -0.000313060 0.954031348 0.008975983 0.014407140 0.999887407 -0.004197855 -0.040853932 -0.953922749 0.015002987 0.299677223 3.828634262
0.268381208 0.007468423 0.963283777 0.024900258 0.003261647 0.999957144 -0.008661483 -0.041372690 -0.963307321 0.005466470 0.268345386 3.833162308
0.240033463 0.011816402 0.970692694 0.042837739 -0.001880617 0.999929726 -0.011707269 -0.042103507 -0.970762789 0.000984633 0.240038782 3.837256670
0.214587867 0.013229172 0.976615071 0.059748232 -0.000637588 0.999909997 -0.013404625 -0.042788945 -0.976704538 0.002253791 0.214576930 3.839994907
0.191084385 0.015031620 0.981458545 0.078852713 0.006753450 0.999839067 -0.016627984 -0.042945836 -0.981550395 0.009805578 0.190952078 3.842663527
0.171084851 0.020896232 0.985034704 0.096696138 0.013671257 0.999628484 -0.023580302 -0.042959131 -0.985161424 0.017500892 0.170735598 3.844582081
0.151211366 0.028132999 0.988101006 0.116535544 0.015315801 0.999408185 -0.030798750 -0.042903315 -0.988382816 0.019790681 0.150691047 3.846863747
0.133553579 0.028644389 0.990627468 0.136158705 0.012807803 0.999448836 -0.030626174 -0.043516606 -0.990958869 0.016778000 0.133113086 3.849338055
0.118111551 0.024441138 0.992699504 0.157254398 0.010931151 0.999604404 -0.025911734 -0.044396643 -0.992940128 0.013911827 0.117797695 3.851692915
0.103283294 0.021415172 0.994421422 0.178083926 0.011790868 0.999671578 -0.022752866 -0.045077227 -0.994582057 0.014075083 0.102996871 3.853741169
0.090311401 0.018815856 0.995735765 0.199805081 0.012927832 0.999715209 -0.020063583 -0.045911953 -0.995829582 0.014684676 0.090042442 3.855040312
0.078968674 0.018027086 0.996714115 0.221845150 0.016135849 0.999682486 -0.019359199 -0.046484236 -0.996746480 0.017611599 0.078652702 3.856136560
0.068555512 0.018395143 0.997477710 0.245066255 0.020125670 0.999601066 -0.019817512 -0.047115542 -0.997444272 0.021433512 0.068157949 3.857505560
0.060419455 0.019231524 0.997987747 0.268361747 0.021955278 0.999546885 -0.020590771 -0.047638491 -0.997931600 0.023155184 0.059969846 3.858668804
0.055128749 0.019515255 0.998288453 0.292963207 0.023758549 0.999500215 -0.020850969 -0.048265997 -0.998196602 0.024867371 0.054637544 3.859766006
0.049540170 0.020415913 0.998563468 0.318015993 0.024454353 0.999466479 -0.021647595 -0.048919875 -0.998472631 0.025491646 0.049014490 3.860811710
0.043553200 0.020960445 0.998831213 0.343307137 0.025267182 0.999437034 -0.022074912 -0.049747385 -0.998731554 0.026199082 0.042999074 3.861724854
0.038782168 0.021242529 0.999021828 0.370457798 0.027328450 0.999377549 -0.022310989 -0.050178714 -0.998873889 0.028166985 0.038177505 3.862871408
0.035997603 0.021530617 0.999119878 0.397820324 0.029293096 0.999315619 -0.022590246 -0.050822068 -0.998922408 0.030080514 0.035342269 3.863628387
0.033120796 0.020659503 0.999237776 0.426574349 0.029552981 0.999328911 -0.021640956 -0.051814467 -0.999014318 0.030247223 0.032488018 3.864193439
0.030315643 0.020094484 0.999338329 0.454785407 0.031520102 0.999281466 -0.021049526 -0.052372329 -0.999043226 0.032137383 0.029660478 3.865283728
0.029873446 0.019788420 0.999357760 0.485884279 0.035650212 0.999146819 -0.020849919 -0.053275935 -0.998917758 0.036250181 0.029142495 3.865588427
0.030735711 0.019048084 0.999345958 0.514755905 0.039824899 0.999001086 -0.020266356 -0.054108221 -0.998733938 0.040421765 0.029946415 3.866701603
0.033060126 0.018981708 0.999273121 0.546311378 0.041024730 0.998951197 -0.020332865 -0.055192478 -0.998610914 0.041667119 0.032246739 3.868095160
0.037156858 0.019039543 0.999128044 0.580324292 0.043208394 0.998852849 -0.020641193 -0.055907700 -0.998374939 0.043937683 0.036291566 3.868575335
0.041976247 0.018588372 0.998945653 0.613092065 0.043905295 0.998826802 -0.020431083 -0.056704573 -0.998153508 0.044716634 0.041110869 3.869587898
0.045624487 0.016988108 0.998814225 0.645654857 0.045345377 0.998789549 -0.019059006 -0.057410542 -0.997929037 0.046161171 0.044798933 3.871408701
0.049348272 0.015549845 0.998660624 0.680786490 0.044885483 0.998834014 -0.017770540 -0.058159593 -0.997772574 0.045702312 0.048592765 3.873331547
0.053151455 0.012954340 0.998502493 0.714787424 0.041995034 0.999002218 -0.015196272 -0.059182480 -0.997703075 0.042739842 0.052554403 3.875738382
0.057488628 0.012083862 0.998273075 0.748764396 0.041045040 0.999052823 -0.014457004 -0.060135804 -0.997502208 0.041805275 0.056938194 3.877733946
0.061304070 0.013275384 0.998030901 0.786080480 0.038093179 0.999151945 -0.015630169 -0.060808580 -0.997391999 0.038976364 0.060746379 3.880492210
0.064474314 0.017487323 0.997766197 0.821110010 0.036099609 0.999151170 -0.019844305 -0.061658874 -0.997266233 0.037298415 0.063788295 3.883162498
0.066021785 0.022492517 0.997564673 0.855364025 0.030792756 0.999223769 -0.024567880 -0.062850244 -0.997343004 0.032339778 0.065277934 3.885542870
0.065650046 0.025345169 0.997520804 0.893621862 0.027017852 0.999265730 -0.027167637 -0.064501315 -0.997476876 0.028734425 0.064917080 3.888427019
0.065966368 0.025406811 0.997498453 0.929401159 0.024606522 0.999330401 -0.027080750 -0.065297313 -0.997518361 0.026331380 0.065297037 3.890774965
0.066041909 0.023293836 0.997544944 0.966251373 0.021847937 0.999454081 -0.024784850 -0.066889867 -0.997577727 0.023431132 0.065496929 3.893639803
0.065801173 0.022061251 0.997588873 1.001754999 0.022690058 0.999463975 -0.023599364 -0.068152055 -0.997574866 0.024188209 0.065265343 3.896145582
0.066068001 0.021367336 0.997586370 1.039019346 0.019950924 0.999542534 -0.022730548 -0.069616295 -0.997615695 0.021404531 0.065611459 3.899073601
0.066026330 0.021954784 0.997576416 1.074473500 0.018812904 0.999552786 -0.023243451 -0.070632644 -0.997640550 0.020301988 0.065583751 3.902070522
0.066429779 0.022135640 0.997545600 1.109629750 0.015528525 0.999609828 -0.023215545 -0.072269715 -0.997670293 0.017032614 0.066060111 3.904053211
0.064664923 0.023698146 0.997625649 1.147167087 0.012287416 0.999623358 -0.024542056 -0.073649392 -0.997831404 0.013845250 0.064349383 3.907406569
0.061612625 0.023599103 0.997821152 1.182309389 0.008861324 0.999668121 -0.024189949 -0.074716844 -0.998060822 0.010332420 0.061383054 3.910172224
0.058209803 0.022314189 0.998054981 1.219000340 0.007261151 0.999714255 -0.022774788 -0.076052189 -0.998277962 0.008572744 0.058031149 3.912237167
0.053457476 0.019868983 0.998372436 1.254008532 0.005631584 0.999780178 -0.020198543 -0.077303886 -0.998554289 0.006702182 0.053333826 3.914163113
0.046981111 0.017894546 0.998735547 1.290598869 0.002864823 0.999832988 -0.018048976 -0.078499794 -0.998891652 0.003709162 0.046921983 3.916241169
0.040302552 0.018113291 0.999023318 1.324554920 0.002750503 0.999829888 -0.018238876 -0.079718091 -0.999183714 0.003482890 0.040245868 3.916923046
0.030968178 0.018889062 0.999341846 1.360750079 0.002643067 0.999816239 -0.018979933 -0.080949396 -0.999517024 0.003229102 0.030912561 3.918786764
0.020884454 0.019251725 0.999596596 1.395086765 0.002881148 0.999809206 -0.019316018 -0.082005508 -0.999777794 0.003283390 0.020824999 3.919332743
0.010591302 0.018521285 0.999772370 1.430640936 0.004221608 0.999818683 -0.018566862 -0.082923383 -0.999935031 0.004417296 0.010511192 3.920004129
0.000091600 0.017589437 0.999845266 1.465095401 0.004105463 0.999836802 -0.017589662 -0.084059969 -0.999991655 0.004106440 0.000019370 3.919857025
-0.011410631 0.016776791 0.999794185 1.500030756 0.004687538 0.999849141 -0.016724218 -0.085167632 -0.999923885 0.004495740 -0.011487551 3.919583559
-0.022634525 0.017181681 0.999596179 1.534555793 0.004540348 0.999843836 -0.017083129 -0.086225465 -0.999733508 0.004151847 -0.022708999 3.919011831
-0.033952981 0.017997952 0.999261320 1.567855120 0.004919374 0.999828815 -0.017841021 -0.087139830 -0.999411345 0.004309984 -0.034035705 3.918119907
-0.044302642 0.018863235 0.998839974 1.602742791 0.004635988 0.999814868 -0.018676016 -0.088349782 -0.999007404 0.003803214 -0.044381883 3.916332722
-0.054634128 0.019806854 0.998309970 1.635786057 0.005147204 0.999795496 -0.019554641 -0.089539379 -0.998493254 0.004070154 -0.054724909 3.914457798
-0.064263910 0.021000721 0.997711957 1.669652343 0.006096774 0.999768198 -0.020651301 -0.090097845 -0.997914374 0.004755690 -0.064377047 3.912429333
-0.074217491 0.020735050 0.997026503 1.701725602 0.005377707 0.999777615 -0.020391954 -0.091949187 -0.997227669 0.003848276 -0.074312493 3.910200357
-0.083438590 0.021722557 0.996276140 1.735507727 0.007072760 0.999750257 -0.021205958 -0.092403382 -0.996487856 0.005277027 -0.083571389 3.907303572
-0.092442997 0.021464264 0.995486617 1.766953230 0.008464999 0.999748528 -0.020770075 -0.093253709 -0.995682001 0.006506747 -0.092601456 3.904709578
-0.099617191 0.020118045 0.994822502 1.799415708 0.009868571 0.999766529 -0.019229827 -0.094591022 -0.994976938 0.007901855 -0.099792466 3.901049614
-0.105011545 0.018279810 0.994303107 1.830435038 0.012905745 0.999772012 -0.017017337 -0.095955566 -0.994387269 0.011045203 -0.105223536 3.897920370
-0.108226910 0.016815327 0.993983865 1.861665010 0.015626952 0.999762237 -0.015211586 -0.096665107 -0.994003475 0.013886635 -0.108463943 3.893720150
-0.111182690 0.015712881 0.993675709 1.892630339 0.016991487 0.999758959 -0.013907892 -0.097594634 -0.993654907 0.015337710 -0.111422889 3.890430689
-0.112876616 0.014877088 0.993497550 1.921625733 0.016891306 0.999772191 -0.013051932 -0.098471113 -0.993465483 0.015308213 -0.113102183 3.887106419
-0.113412611 0.015714435 0.993423641 1.950925589 0.018008994 0.999743164 -0.013758432 -0.099172056 -0.993384838 0.016330181 -0.113666482 3.883862972
-0.112611338 0.016346715 0.993504643 1.979120970 0.018174497 0.999731362 -0.014389133 -0.100312918 -0.993472934 0.016436068 -0.112878181 3.880535841
-0.109470524 0.018223599 0.993823051 2.005979538 0.019503273 0.999678850 -0.016182674 -0.100945085 -0.993798733 0.017611276 -0.109790780 3.877164602
-0.104514956 0.018407058 0.994352996 2.033077478 0.019104235 0.999681354 -0.016497679 -0.102080390 -0.994339824 0.017272092 -0.104833297 3.874935389
-0.097030319 0.019012531 0.995099843 2.057792664 0.018538881 0.999678671 -0.017292321 -0.103033237 -0.995108783 0.016770156 -0.097351611 3.873095036
-0.085498452 0.019065473 0.996155798 2.083636284 0.017547898 0.999690711 -0.017627018 -0.103852779 -0.996183813 0.015973356 -0.085806549 3.870907307
-0.071934029 0.019424111 0.997220218 2.107471704 0.017117422 0.999687314 -0.018237406 -0.104726374 -0.997262537 0.015757952 -0.072244018 3.869660139
-0.054778297 0.020915346 0.998279452 2.130157232 0.016300075 0.999666035 -0.020049972 -0.105620034 -0.998365521 0.015173725 -0.055100925 3.869126320
-0.033402786 0.023141792 0.999173939 2.153118849 0.014266539 0.999641001 -0.022675676 -0.106556728 -0.999340177 0.013497325 -0.033720948 3.869068146
-0.008609537 0.026452813 0.999612927 2.174919605 0.012911672 0.999569654 -0.026340460 -0.107453458 -0.999879599 0.012679895 -0.008947387 3.869356632
0.019768991 0.027937032 0.999414146 2.197146654 0.010961884 0.999543309 -0.028157480 -0.108385012 -0.999744475 0.011512109 0.019453730 3.870505571
0.052778412 0.027293431 0.998233140 2.218905449 0.008545236 0.999577403 -0.027781991 -0.109416381 -0.998569667 0.009996426 0.052522890 3.872713327
0.091246903 0.025716048 0.995496154 2.240705013 0.009148642 0.999602616 -0.026660694 -0.109672934 -0.995786369 0.011540144 0.090975381 3.874991894
0.133707449 0.021422515 0.990789294 2.261439085 0.006220398 0.999728501 -0.022455238 -0.110998735 -0.991001368 0.009165536 0.133537859 3.878875732
0.179198712 0.017228324 0.983662128 2.282553434 0.003921710 0.999826193 -0.018225869 -0.111539721 -0.983805180 0.007123690 0.179099977 3.883353710
0.228056595 0.013843412 0.973549366 2.302677155 -0.000251595 0.999899685 -0.014159158 -0.112493694 -0.973647892 0.002984148 0.228037208 3.889165878
0.279364049 0.012058466 0.960109591 2.322973728 -0.004391113 0.999926746 -0.011280862 -0.113331094 -0.960175216 -0.001064484 0.279396445 3.896505594
0.334171027 0.011034014 0.942447901 2.341985464 -0.006173575 0.999935627 -0.009518058 -0.114237294 -0.942492247 -0.002637614 0.334217608 3.904504538
0.391306341 0.012253378 0.920178890 2.360773563 -0.002567957 0.999921918 -0.012223236 -0.114353016 -0.920256913 0.002420049 0.391307324 3.914195538
0.450643152 0.014944561 0.892579079 2.377683640 -0.000581000 0.999864459 -0.016447522 -0.115021631 -0.892704070 0.006893375 0.450590789 3.924551964
0.510224819 0.018760426 0.859836519 2.394645691 0.000237953 0.999758899 -0.021954544 -0.115518540 -0.860041082 0.011406349 0.510097325 3.936182737
0.568814278 0.022838742 0.822149038 2.410655975 -0.002916365 0.999664068 -0.025752276 -0.115983337 -0.822460890 0.012250572 0.568689764 3.948747396
0.624006450 0.026256483 0.780978084 2.424545288 -0.006904283 0.999581635 -0.028089378 -0.116259702 -0.781388581 0.012135859 0.623926520 3.962712288
0.677008033 0.028106239 0.735438824 2.438434839 -0.008526031 0.999503076 -0.030349338 -0.116525427 -0.735926151 0.014276371 0.676911116 3.977272511
0.725118101 0.024392130 0.688192129 2.450571060 -0.007510763 0.999593198 -0.027515586 -0.117727205 -0.688583493 0.014783198 0.725006521 3.993177414
0.770628273 0.020163827 0.636965692 2.462855577 -0.008523337 0.999736011 -0.021335805 -0.118560381 -0.637227952 0.011012899 0.770596802 4.010262966
0.811588228 0.015595037 0.584021807 2.472638845 -0.008809454 0.999856770 -0.014456911 -0.118851483 -0.584163487 0.006588142 0.811609268 4.027517319
0.847677469 0.012814936 0.530357122 2.481978416 -0.010139539 0.999916911 -0.007954663 -0.119289942 -0.530414999 0.001365409 0.847737014 4.046484470
0.878632605 0.007389914 0.477441370 2.490262032 -0.008455501 0.999964237 0.000083006 -0.119901501 -0.477423668 -0.004109937 0.878663659 4.065735340
0.904702604 0.009602974 0.425935447 2.496913433 -0.013034322 0.999901712 0.005141980 -0.120070785 -0.425844282 -0.010203741 0.904738903 4.083087921
0.924820185 0.011363516 0.380235076 2.503257990 -0.015872862 0.999835849 0.008725891 -0.120359190 -0.380073518 -0.014105298 0.924848735 4.103215218
0.940167665 0.017516233 0.340261579 2.508393288 -0.022665031 0.999680936 0.011162849 -0.120379768 -0.339957446 -0.018206991 0.940264583 4.122550011
0.951996386 0.021243405 0.305371404 2.513499260 -0.025601659 0.999619484 0.010273932 -0.120317698 -0.305036962 -0.017598761 0.952177942 4.143491745
0.961213827 0.024046022 0.274754018 2.518460512 -0.027882246 0.999560535 0.010064803 -0.120088533 -0.274391264 -0.017335188 0.961461961 4.164687634
0.967444599 0.017607022 0.252469778 2.524246216 -0.020855844 0.999730527 0.010197634 -0.119933158 -0.252222180 -0.015131114 0.967551172 4.186246395
0.971572697 0.014269065 0.236310884 2.529743195 -0.017205255 0.999798238 0.010367551 -0.119928241 -0.236115277 -0.014138617 0.971622229 4.207580566
0.974376202 0.019009558 0.224119857 2.532464504 -0.022064790 0.999694586 0.011135335 -0.120406121 -0.223839775 -0.015795164 0.974497974 4.227493763
0.976475060 0.023958592 0.214295194 2.536959171 -0.027172174 0.999558032 0.012062578 -0.120204411 -0.213911489 -0.017601674 0.976694524 4.250534058
0.977559865 0.030862615 0.208384812 2.541345596 -0.033754166 0.999376833 0.010333479 -0.119847886 -0.207936049 -0.017135451 0.977992415 4.274000168
0.977859199 0.038602889 0.205672517 2.545026779 -0.040899288 0.999139309 0.006924023 -0.120184109 -0.205228209 -0.015182578 0.978596449 4.296093941
0.977676332 0.039718486 0.206328660 2.548962593 -0.041348550 0.999138236 0.003592453 -0.119867347 -0.206008226 -0.012043646 0.978476226 4.322118759
0.977306187 0.039029896 0.208204970 2.555090904 -0.040062372 0.999196887 0.000742742 -0.120700017 -0.208008796 -0.009067070 0.978085041 4.346404552
0.976682246 0.037079319 0.211463898 2.560371399 -0.036650993 0.999310553 -0.005946047 -0.120435886 -0.211538523 -0.001942962 0.977367699 4.368986607
0.975641847 0.037281290 0.216178387 2.565720081 -0.035810560 0.999301136 -0.010717784 -0.120488614 -0.216426864 0.002715249 0.976295054 4.395363808
0.974628866 0.042159170 0.219820812 2.571654081 -0.040925216 0.999110639 -0.010166290 -0.120820895 -0.220053881 0.000912142 0.975487351 4.419806480
0.973243177 0.045045730 0.225319043 2.577754974 -0.044733096 0.998977900 -0.006495269 -0.120884225 -0.225381315 -0.003757742 0.974263430 4.446901798
0.971979976 0.041754540 0.231325641 2.583723545 -0.042406451 0.999098182 -0.002155672 -0.121146910 -0.231207028 -0.007714430 0.972874045 4.474812984
0.971468747 0.037851915 0.234127536 2.590804577 -0.039926168 0.999194324 0.004124272 -0.121828213 -0.233782753 -0.013354417 0.972197115 4.501293182
0.970561028 0.035633281 0.238204926 2.597608328 -0.038843583 0.999206722 0.008795146 -0.122046359 -0.237702534 -0.017788956 0.971175134 4.529610634
0.970148981 0.030543528 0.240578502 2.605103493 -0.033767331 0.999386489 0.009288241 -0.122060612 -0.240147248 -0.017134668 0.970585287 4.557516575
0.970071137 0.026978368 0.241317585 2.612152815 -0.029278934 0.999553561 0.005952005 -0.122086301 -0.241049260 -0.012839388 0.970427990 4.586183548
0.970267415 0.026728388 0.240554929 2.619540691 -0.027297618 0.999626935 -0.000966180 -0.122228935 -0.240491003 -0.005629126 0.970635116 4.614971638
0.970385432 0.028913531 0.239824802 2.626525402 -0.027946178 0.999581814 -0.007434065 -0.122518681 -0.239939421 0.000511724 0.970787764 4.644229889
0.970946193 0.032165814 0.237126097 2.633628368 -0.030357530 0.999475658 -0.011274244 -0.122521944 -0.237364352 0.003748120 0.971413493 4.674475670
0.971581340 0.030773498 0.234697059 2.641094685 -0.029945496 0.999526381 -0.007091814 -0.122679055 -0.234804153 -0.000137847 0.972042680 4.705485344
0.972008944 0.026515244 0.233442694 2.648448944 -0.027432242 0.999623418 0.000681658 -0.123177297 -0.233336717 -0.007066433 0.972370386 4.736743927
0.972633541 0.026648495 0.230810955 2.656088829 -0.028926577 0.999560416 0.006490948 -0.123502493 -0.230536535 -0.012989886 0.972977102 4.768877506
0.972907603 0.030304149 0.229199558 2.663195133 -0.032525379 0.999453485 0.005918876 -0.123821616 -0.228894904 -0.013213322 0.973361552 4.801133633
0.973198354 0.035574146 0.227199331 2.670092821 -0.036773212 0.999323130 0.001045589 -0.123915054 -0.227008328 -0.009372412 0.973847806 4.833539486
0.974068999 0.036864135 0.223227531 2.677441597 -0.036861990 0.999311626 -0.004177986 -0.123967186 -0.223227844 -0.004158963 0.974757373 4.866755486
0.974966645 0.035788931 0.219451949 2.684611320 -0.035090044 0.999359071 -0.007082962 -0.124156371 -0.219564766 -0.000794927 0.975597620 4.899590015
0.975929081 0.033386149 0.215517476 2.692287922 -0.032979764 0.999441028 -0.005482535 -0.124669433 -0.215580046 -0.001757149 0.976484597 4.934513569
0.976769745 0.029694021 0.212224066 2.699558973 -0.029626740 0.999554992 -0.003497764 -0.125037625 -0.212233514 -0.002870996 0.977214754 4.968057156
0.977194130 0.028233740 0.210462540 2.707229137 -0.028750563 0.999586463 -0.000604330 -0.125364125 -0.210392609 -0.005460369 0.977601767 5.004263878
0.977547109 0.025100987 0.209216729 2.714671850 -0.025956415 0.999662161 0.001343611 -0.125342220 -0.209112346 -0.006743958 0.977868378 5.038640022
0.977616251 0.020341031 0.209410235 2.721386433 -0.021418827 0.999766409 0.002880047 -0.125670657 -0.209302738 -0.007300902 0.977823675 5.072876453
0.977843642 0.020729374 0.208307996 2.729990005 -0.022098210 0.999746799 0.004245945 -0.125811517 -0.208167240 -0.008755105 0.978054106 5.111018658
0.977631986 0.026204016 0.208684474 2.736946583 -0.027306965 0.999624193 0.002405484 -0.126152426 -0.208543018 -0.008050216 0.977980196 5.145581245
0.977435291 0.031636290 0.208852276 2.744683027 -0.032127682 0.999483168 -0.001040022 -0.126244307 -0.208777279 -0.005693386 0.977946579 5.182748795
0.976897955 0.040673979 0.209799185 2.751612186 -0.041002221 0.999155104 -0.002786577 -0.126454547 -0.209735289 -0.005880032 0.977740526 5.217645645
0.976045966 0.046242192 0.212592825 2.758913994 -0.046766710 0.998902559 -0.002563464 -0.126601785 -0.212478071 -0.007440209 0.977137446 5.252823830
0.975174725 0.049335811 0.215870440 2.766782999 -0.050575536 0.998720109 0.000219151 -0.127678961 -0.215583295 -0.011131470 0.976421952 5.293024540
0.974568665 0.049656134 0.218517885 2.774281502 -0.050730497 0.998712122 -0.000694792 -0.127946630 -0.218270928 -0.010408397 0.975832701 5.328723907
0.974299490 0.047874067 0.220110282 2.782550335 -0.048309021 0.998826563 -0.003409385 -0.128473699 -0.220015183 -0.007311545 0.975469053 5.363518715
0.974270821 0.041652370 0.221498072 2.791494131 -0.042224005 0.999105871 -0.002155844 -0.128982931 -0.221389830 -0.007252158 0.975158453 5.403590202
0.974457264 0.035164054 0.221802786 2.799935818 -0.035217203 0.999372721 -0.003716520 -0.129516006 -0.221794307 -0.004189684 0.975084543 5.438683510
0.974241734 0.034354616 0.222874016 2.808924675 -0.034433130 0.999400795 -0.003534943 -0.130293563 -0.222861901 -0.004230360 0.974840879 5.477333069
0.973799288 0.036634434 0.224439159 2.817077637 -0.037441816 0.999298573 -0.000659138 -0.130704865 -0.224305853 -0.007761540 0.974487901 5.512602806
0.973307252 0.039130185 0.226145327 2.824643612 -0.041375626 0.999130309 0.005196008 -0.131107926 -0.225745291 -0.014414216 0.974079728 5.548316002
0.973014057 0.042127345 0.226867884 2.833357334 -0.045354687 0.998930275 0.009029360 -0.131471694 -0.226244792 -0.019075217 0.973883688 5.587895393
0.972763240 0.041299950 0.228092268 2.841200590 -0.042994607 0.999072373 0.002463643 -0.131856069 -0.227778897 -0.012203280 0.973636389 5.622384071
0.973065495 0.036807146 0.227571696 2.849598169 -0.035036892 0.999316216 -0.011815167 -0.132369906 -0.227850974 0.003523527 0.973689675 5.656103134
0.973392248 0.034339372 0.226557672 2.859084129 -0.030448092 0.999323010 -0.020648990 -0.133109227 -0.227113381 0.013201317 0.973778844 5.695512772
0.973626614 0.031863458 0.225911364 2.867040157 -0.030036852 0.999482393 -0.011519035 -0.133761048 -0.226161495 0.004429569 0.974079669 5.730034351
0.974153280 0.024570711 0.224547923 2.874293089 -0.027297610 0.999586463 0.009047100 -0.134003073 -0.224232778 -0.014942883 0.974421024 5.760379314
0.974319220 0.021341518 0.224157408 2.884408951 -0.027444651 0.999331653 0.024146410 -0.134821311 -0.223492295 -0.029678233 0.974253774 5.805390835
0.974376619 0.026106076 0.223402560 2.891763210 -0.030927980 0.999357522 0.018111683 -0.134738445 -0.222786203 -0.024556991 0.974558055 5.839197159
