0.999996424 -0.002406906 -0.001220104 -0.000292468 0.002410707 0.999992251 0.003123512 -0.000837237 0.001212576 -0.003126441 0.999994397 0.057434056
0.999994159 -0.002455161 -0.002439070 -0.000932614 0.002465205 0.999988496 0.004123735 -0.001628976 0.002428918 -0.004129722 0.999988496 0.114403158
0.999991477 -0.001247855 -0.003922418 -0.001514742 0.001262113 0.999992549 0.003634674 -0.001999612 0.003917854 -0.003639594 0.999985754 0.171115950
0.999985695 -0.000534227 -0.005320154 -0.002165962 0.000553218 0.999993443 0.003568811 -0.002735695 0.005318212 -0.003571704 0.999979496 0.227902293
0.999978781 -0.000250088 -0.006496373 -0.002942535 0.000273354 0.999993622 0.003580730 -0.003132587 0.006495435 -0.003582431 0.999972522 0.284344137
0.999966502 -0.000839024 -0.008137306 -0.003738456 0.000874120 0.999990344 0.004310283 -0.003956383 0.008133609 -0.004317251 0.999957621 0.340378821
0.999947250 -0.002402728 -0.009980572 -0.004216943 0.002436377 0.999991417 0.003360690 -0.004529228 0.009972410 -0.003384829 0.999944508 0.397034049
0.999930978 -0.003773946 -0.011124255 -0.005153664 0.003817044 0.999985278 0.003855707 -0.005173864 0.011109542 -0.003897901 0.999930680 0.452987731
0.999916315 -0.003408008 -0.012477771 -0.006062405 0.003455364 0.999986827 0.003775697 -0.005816232 0.012464741 -0.003818496 0.999915063 0.509318173
0.999905348 -0.002653969 -0.013497178 -0.007212824 0.002708741 0.999988198 0.004041376 -0.006683485 0.013486291 -0.004077553 0.999900758 0.564997315
0.999899149 -0.001410510 -0.014130105 -0.008119648 0.001476610 0.999987960 0.004668656 -0.007412311 0.014123350 -0.004689049 0.999889255 0.620785296
0.999889851 -0.000940524 -0.014816172 -0.009277609 0.001026544 0.999982595 0.005799280 -0.008258909 0.014810462 -0.005813850 0.999873400 0.678692937
0.999881089 0.001016503 -0.015384790 -0.010095770 -0.000925307 0.999981940 0.005933621 -0.007752626 0.015390545 -0.005918680 0.999864042 0.730532765
0.999879062 0.001757455 -0.015447712 -0.011333877 -0.001671738 0.999983132 0.005559967 -0.007877522 0.015457222 -0.005533470 0.999865234 0.787165940
0.999860764 0.001664789 -0.016601954 -0.011833590 -0.001570549 0.999982536 0.005687871 -0.008288767 0.016611131 -0.005661004 0.999845982 0.840099633
0.999853194 0.001631584 -0.017052300 -0.012079364 -0.001528834 0.999980628 0.006036870 -0.008837811 0.017061818 -0.006009914 0.999836326 0.897610128
0.999861717 0.003335535 -0.016288325 -0.014048785 -0.003217804 0.999968529 0.007248798 -0.009109199 0.016311990 -0.007195385 0.999841034 0.948259950
0.999856472 0.004820229 -0.016237311 -0.015396713 -0.004716807 0.999968350 0.006401692 -0.009948323 0.016267655 -0.006324185 0.999847651 1.003668666
0.999854386 0.004620276 -0.016427103 -0.016004320 -0.004552653 0.999981046 0.004151592 -0.010228630 0.016445976 -0.004076199 0.999856353 1.054838300
0.999865651 0.002190344 -0.016247306 -0.017220635 -0.002131735 0.999991238 0.003623719 -0.010502825 0.016255099 -0.003588597 0.999861360 1.108485103
0.999869943 0.002013804 -0.016002730 -0.018127969 -0.001910150 0.999977112 0.006489919 -0.011046715 0.016015433 -0.006458508 0.999850869 1.160004258
0.999878347 0.000408780 -0.015591271 -0.019670313 -0.000289254 0.999970555 0.007667738 -0.011503508 0.015593944 -0.007662296 0.999849021 1.211598396
0.999877036 -0.000541523 -0.015675358 -0.020165289 0.000657366 0.999972582 0.007385977 -0.012187333 0.015670927 -0.007395373 0.999849916 1.264580369
0.999881387 -0.000741409 -0.015384556 -0.021243535 0.000824157 0.999985278 0.005373008 -0.012445252 0.015380342 -0.005385048 0.999867320 1.316650152
0.999891877 0.000303027 -0.014700538 -0.022250753 -0.000233836 0.999989033 0.004708233 -0.013150003 0.014701800 -0.004704287 0.999880850 1.366976380
0.999904096 0.001527851 -0.013764409 -0.023089252 -0.001477141 0.999992132 0.003693565 -0.013620869 0.013769944 -0.003672879 0.999898434 1.417175174
0.999921501 0.001707178 -0.012414645 -0.024650354 -0.001650525 0.999988198 0.004572224 -0.013947797 0.012422305 -0.004551375 0.999912500 1.466161966
0.999939799 0.001807981 -0.010819981 -0.025503865 -0.001733384 0.999974668 0.006899856 -0.015019374 0.010832184 -0.006880685 0.999917686 1.515732050
0.999954820 0.001108858 -0.009440639 -0.025923500 -0.001033433 0.999967515 0.007990511 -0.015382380 0.009449192 -0.007980393 0.999923527 1.565002322
0.999973774 0.001464355 -0.007090609 -0.026315393 -0.001400145 0.999958038 0.009052225 -0.015965264 0.007103566 -0.009042061 0.999933958 1.611106515
0.999993026 0.001252242 -0.003511245 -0.027238192 -0.001223235 0.999965191 0.008251415 -0.016639166 0.003521456 -0.008247062 0.999959767 1.659197450
1.000000000 0.000313198 0.000096502 -0.027498689 -0.000313798 0.999980271 0.006276563 -0.016899418 -0.000094534 -0.006276592 0.999980330 1.704806089
0.999994099 0.000724147 0.003352897 -0.027442710 -0.000739433 0.999989450 0.004560160 -0.017400987 -0.003349558 -0.004562613 0.999983907 1.751401424
0.999974370 0.000981790 0.007084313 -0.027164470 -0.001019193 0.999985635 0.005278034 -0.018109139 -0.007079029 -0.005285120 0.999960959 1.795736790
0.999917567 0.001062903 0.012786876 -0.026758416 -0.001129990 0.999985635 0.005240480 -0.018623300 -0.012781123 -0.005254498 0.999904513 1.840388179
0.999808729 0.002953744 0.019335084 -0.026502665 -0.003034394 0.999986768 0.004143085 -0.018903483 -0.019322593 -0.004200963 0.999804497 1.886073351
0.999631345 0.004245927 0.026819848 -0.025554541 -0.004362972 0.999981165 0.004307082 -0.019550353 -0.026801053 -0.004422509 0.999630988 1.929661274
0.999368131 0.005505036 0.035113633 -0.024387889 -0.005684024 0.999971271 0.004999647 -0.019862365 -0.035085112 -0.005196076 0.999370873 1.975291729
0.998931468 0.007621712 0.045583401 -0.022797272 -0.007889548 0.999952555 0.005698739 -0.020348964 -0.045537814 -0.006052282 0.998944342 2.017235994
0.998229086 0.010085856 0.058624804 -0.020728022 -0.010440114 0.999929070 0.005739662 -0.020819806 -0.058562752 -0.006341548 0.998263717 2.061629057
0.997247636 0.011833358 0.073191941 -0.017783314 -0.012336200 0.999903321 0.006421912 -0.021541784 -0.073108867 -0.007307148 0.997297168 2.102843285
0.995857000 0.014599008 0.089753173 -0.014855877 -0.015330301 0.999854565 0.007463821 -0.021696288 -0.089631170 -0.008808842 0.995936036 2.145967722
0.994087100 0.014692595 0.107585914 -0.011204526 -0.015667669 0.999843419 0.008223522 -0.021929633 -0.107448243 -0.009860517 0.994161785 2.185837746
0.991793275 0.014579632 0.127017930 -0.006125838 -0.015600565 0.999853492 0.007046553 -0.022184759 -0.126896635 -0.008970276 0.991875350 2.229351759
0.989025295 0.013779080 0.147102237 -0.000402987 -0.014851502 0.999870479 0.006194433 -0.022725474 -0.146997839 -0.008311139 0.989101887 2.268325329
0.985724747 0.010881406 0.168012947 0.006520391 -0.012018660 0.999911249 0.005753425 -0.022836830 -0.167935416 -0.007690585 0.985767961 2.309811592
0.981751263 0.005655180 0.190085500 0.013616830 -0.007263739 0.999943495 0.007766629 -0.023211349 -0.190030858 -0.009005629 0.981736898 2.348394871
0.976995647 0.000291288 0.213259295 0.022110820 -0.002336408 0.999953747 0.009337859 -0.023637302 -0.213246703 -0.009621308 0.976951063 2.387150764
0.971468389 -0.004844871 0.237119585 0.031284928 0.002900387 0.999959230 0.008548598 -0.023913650 -0.237151340 -0.007616954 0.971442878 2.425562143
0.964875996 -0.010212268 0.262507021 0.040931702 0.008797060 0.999939799 0.006565842 -0.024109632 -0.262558252 -0.004025934 0.964907765 2.462310076
0.957236111 -0.014657428 0.288936168 0.051988840 0.013021276 0.999886453 0.007584127 -0.024836516 -0.289014518 -0.003497485 0.957318306 2.498584032
0.948621154 -0.016969008 0.315958828 0.063977242 0.014570582 0.999844193 0.009951943 -0.025076916 -0.316078514 -0.004836919 0.948720753 2.534978867
0.938879013 -0.021099161 0.343599886 0.076885402 0.017729862 0.999758959 0.012944936 -0.025425702 -0.343790233 -0.006061750 0.939026952 2.569666862
0.927812994 -0.023975203 0.372274518 0.090540409 0.020838978 0.999705315 0.012446365 -0.025578897 -0.372463286 -0.003790077 0.928039253 2.604475975
0.915628672 -0.023417117 0.401342481 0.104935050 0.022021970 0.999724686 0.008089650 -0.025420450 -0.401421517 0.001431240 0.915892363 2.638044596
0.902212083 -0.025012050 0.430566937 0.119800091 0.025902336 0.999657273 0.003795170 -0.026562620 -0.430514306 0.007728643 0.902550697 2.670698643
0.887781084 -0.027076313 0.459468842 0.135965765 0.029713204 0.999557316 0.001491942 -0.027257623 -0.459305823 0.012327773 0.888192713 2.703021765
0.871900976 -0.027266292 0.488922626 0.153954864 0.028724078 0.999577105 0.004520572 -0.027457319 -0.488839209 0.010102363 0.872315466 2.735104561
0.854719222 -0.025926471 0.518442690 0.173255801 0.024587007 0.999652982 0.009456174 -0.026923573 -0.518507957 0.004664579 0.855060101 2.764203548
0.834757209 -0.026407193 0.549984455 0.192304254 0.022790311 0.999650419 0.013406895 -0.027504150 -0.550146282 0.001342815 0.835067272 2.794355392
0.813488424 -0.019973332 0.581238031 0.212815166 0.018646149 0.999791980 0.008259531 -0.027387293 -0.581282139 0.004118818 0.813691735 2.823802471
0.791355312 -0.013833022 0.611200035 0.233091474 0.016457034 0.999863744 0.001321624 -0.027907005 -0.611135006 0.009012664 0.791475117 2.850584030
0.769151151 -0.010977418 0.638972521 0.255575180 0.015089201 0.999885678 -0.000985511 -0.028089659 -0.638888657 0.010399591 0.769228756 2.876757860
0.745997250 -0.012869845 0.665824652 0.278688192 0.015500523 0.999877989 0.001959862 -0.028145421 -0.665768504 0.008858578 0.746105731 2.901880741
0.720481873 -0.013656923 0.693339288 0.302071452 0.016262047 0.999863863 0.002795966 -0.029095842 -0.693283141 0.009260673 0.720605731 2.928897858
0.695250511 -0.011755266 0.718671501 0.326446176 0.017259872 0.999850929 -0.000342878 -0.029196745 -0.718560338 0.012642562 0.695349693 2.952041626
0.668067694 -0.009271419 0.744042814 0.351263881 0.016522408 0.999860704 -0.002376153 -0.029978214 -0.743917048 0.013880810 0.668127716 2.975880861
0.641066551 -0.007031523 0.767453134 0.378199697 0.014929008 0.999882996 -0.003309369 -0.030528268 -0.767340183 0.013578838 0.641096473 2.998383760
0.613209188 -0.005068893 0.789904177 0.405518174 0.014858113 0.999876499 -0.005118169 -0.030752506 -0.789780796 0.014874996 0.613208711 3.019472599
0.583644748 0.001655555 0.812007487 0.433787227 0.014150437 0.999825299 -0.012209363 -0.030743422 -0.811885893 0.018616190 0.583519340 3.041486263
0.553424418 0.011222450 0.832823753 0.461829066 0.012205340 0.999692559 -0.021581678 -0.031724751 -0.832809925 0.022108726 0.553117394 3.059977055
0.523190558 0.019290809 0.851997435 0.491456151 0.011282313 0.999499321 -0.029558722 -0.032966256 -0.852141082 0.025077336 0.522710919 3.077509880
0.491216868 0.024423324 0.870694876 0.522263646 0.008811898 0.999416292 -0.033005394 -0.033818800 -0.870992661 0.023885284 0.490714937 3.095387220
0.458596349 0.023565462 0.888332129 0.553717136 0.006765974 0.999526680 -0.030008100 -0.035628524 -0.888618946 0.019772036 0.458219945 3.111899376
0.425402671 0.022493308 0.904724538 0.586769938 0.002293597 0.999661088 -0.025932070 -0.036774971 -0.905001342 0.013106646 0.425206900 3.127567768
0.390701413 0.023538955 0.920216441 0.619052052 -0.001698299 0.999689698 -0.024850814 -0.038202010 -0.920515895 0.008146444 0.390620232 3.142298222
0.355468869 0.026625972 0.934308708 0.653207123 -0.009010542 0.999645352 -0.025059769 -0.039264757 -0.934644639 0.000489341 0.355582684 3.155696392
0.319289654 0.028369350 0.947232425 0.686700284 -0.013726778 0.999585330 -0.025310332 -0.040584095 -0.947557747 -0.004921122 0.319546670 3.168064833
0.283656836 0.027648672 0.958527148 0.722754717 -0.016221046 0.999579549 -0.024032533 -0.041862275 -0.958788574 -0.008731321 0.283986062 3.178758383
0.246501192 0.027541842 0.968751073 0.757244349 -0.017112138 0.999563873 -0.024063637 -0.042845882 -0.968991399 -0.010645688 0.246865034 3.188427925
0.210831776 0.026502224 0.977163076 0.794665337 -0.016081048 0.999591112 -0.023640875 -0.044341400 -0.977390170 -0.010729558 0.211171716 3.196367025
0.175361782 0.025657725 0.984169781 0.829968929 -0.013939539 0.999624908 -0.023576865 -0.045077417 -0.984405279 -0.009584391 0.175653696 3.202700377
0.141059250 0.024674309 0.989693642 0.867966294 -0.005766331 0.999692976 -0.024101734 -0.046368025 -0.989984334 -0.002307130 0.141158223 3.207795620
0.106701449 0.027898369 0.993899643 0.903742552 -0.003607957 0.999610543 -0.027671335 -0.047961619 -0.994284570 -0.000633378 0.106760554 3.211928129
0.074280873 0.032763008 0.996699095 0.941969156 -0.002304108 0.999463201 -0.032682147 -0.049326286 -0.997234643 0.000131159 0.074316502 3.215046167
0.045054700 0.036829524 0.998305321 0.979353666 0.004311717 0.999303699 -0.037060943 -0.050617520 -0.998975158 0.005974179 0.044864520 3.216329336
0.020191234 0.034955598 0.999184966 1.018257618 0.006441900 0.999363363 -0.035092015 -0.052237891 -0.999775410 0.007145200 0.019953201 3.216394663
-0.002416932 0.031879574 0.999488771 1.055747032 0.007920987 0.999460936 -0.031859532 -0.053787313 -0.999965668 0.007839934 -0.002668146 3.216547728
-0.021890739 0.029618682 0.999321520 1.093869090 0.008060757 0.999533713 -0.029448397 -0.055148348 -0.999727905 0.007410638 -0.022119284 3.216206789
-0.038402028 0.032864913 0.998721778 1.132251024 0.010347155 0.999418497 -0.032489985 -0.056763489 -0.999208927 0.009086245 -0.038719758 3.214854479
-0.052775320 0.037181497 0.997914016 1.170758247 0.012505676 0.999252856 -0.036570013 -0.058127910 -0.998528123 0.010549598 -0.053200871 3.212420702
-0.064755030 0.042375468 0.997001112 1.208870173 0.016918264 0.999000907 -0.041361641 -0.059865441 -0.997757733 0.014189153 -0.065407261 3.209928751
-0.073392265 0.045848887 0.996248841 1.247909665 0.021988839 0.998774230 -0.044345237 -0.061711952 -0.997060657 0.018651754 -0.074310482 3.206626177
-0.079210602 0.051136740 0.995545506 1.286432266 0.026027201 0.998448968 -0.049215030 -0.063837178 -0.996518075 0.022012906 -0.080418706 3.203300714
-0.082756281 0.055964846 0.994997203 1.324919581 0.028020333 0.998157859 -0.053812109 -0.066054806 -0.996175826 0.023426861 -0.084171973 3.200066328
-0.085576683 0.060120475 0.994516134 1.364406347 0.030054551 0.997879267 -0.057737637 -0.068318985 -0.995878160 0.024948733 -0.087202094 3.196489811
-0.088284895 0.063068740 0.994096637 1.402976632 0.030456521 0.997697949 -0.060592387 -0.070970245 -0.995629549 0.024927337 -0.090002500 3.193254948
-0.090550952 0.066437215 0.993673265 1.442572951 0.031577300 0.997462153 -0.063812986 -0.073678739 -0.995391130 0.025599197 -0.092419051 3.189544678
-0.092995636 0.070289068 0.993182361 1.480378151 0.032351416 0.997191608 -0.067543626 -0.076320976 -0.995140791 0.025849590 -0.095008433 3.186177492
-0.095594212 0.071821511 0.992826045 1.519733787 0.035142671 0.997015476 -0.068740852 -0.079101935 -0.994799912 0.028319325 -0.097832911 3.182674408
-0.097424202 0.070500359 0.992742777 1.559321404 0.035139475 0.997109652 -0.067362010 -0.082047634 -0.994622409 0.028321773 -0.099619947 3.178795815
-0.099448577 0.069946714 0.992581189 1.599262357 0.034533661 0.997167945 -0.066809945 -0.085293010 -0.994443297 0.027633309 -0.101582453 3.174549580
-0.101644956 0.071424991 0.992253363 1.638092399 0.034317534 0.997077405 -0.068256781 -0.087970518 -0.994228661 0.027113730 -0.103799015 3.170462608
-0.104429297 0.073713131 0.991796792 1.677096963 0.033191305 0.996952236 -0.070601463 -0.090833642 -0.993978322 0.025546165 -0.106557667 3.166787386
-0.107491024 0.075846456 0.991308749 1.717011809 0.031204486 0.996851921 -0.072886959 -0.093849376 -0.993716300 0.023098581 -0.109519400 3.162865162
-0.109130979 0.079309188 0.990858614 1.756613493 0.029662391 0.996627867 -0.076504029 -0.097231887 -0.993584692 0.021042269 -0.111115485 3.157956600
-0.111344516 0.083342321 0.990280986 1.796624899 0.026376747 0.996374190 -0.080889367 -0.100515090 -0.993431807 0.017113805 -0.113139093 3.153501749
-0.113844268 0.086291835 0.989744008 1.836893797 0.023335313 0.996178329 -0.084168673 -0.103664070 -0.993224621 0.013513866 -0.115422837 3.148776054
-0.116831511 0.084307499 0.989566922 1.877175093 0.022317616 0.996361613 -0.082251489 -0.107429087 -0.992900908 0.012475207 -0.118287973 3.144364595
-0.120087236 0.079573907 0.989569068 1.917707920 0.019915894 0.996775031 -0.077736512 -0.111192949 -0.992563546 0.010372992 -0.121284738 3.139901400
-0.122460529 0.078164741 0.989390612 1.958377481 0.020110182 0.996884584 -0.076267682 -0.114473544 -0.992269635 0.010557045 -0.123650901 3.134896040
-0.124489866 0.078635015 0.989099920 1.998700976 0.019304339 0.996857941 -0.076822095 -0.117829047 -0.992033064 0.009530351 -0.125616699 3.129969358
-0.125642911 0.081745304 0.988701880 2.038982868 0.020308498 0.996602595 -0.079817750 -0.120915100 -0.991867661 0.010050518 -0.126876161 3.124521017
-0.126567751 0.084306315 0.988368928 2.080426931 0.020941423 0.996386886 -0.082308523 -0.124673761 -0.991736829 0.010280246 -0.127875924 3.119791985
-0.127134025 0.085395537 0.988202751 2.120923519 0.018824698 0.996315300 -0.083674751 -0.128044426 -0.991706848 0.007964709 -0.128273129 3.114755630
-0.126890659 0.083503336 0.988395691 2.164079666 0.016220000 0.996491611 -0.082104996 -0.132127076 -0.991784036 0.005613419 -0.127799928 3.109402895
-0.127374917 0.083049521 0.988371670 2.204895496 0.013263499 0.996541858 -0.082026720 -0.135382995 -0.991765976 0.002661120 -0.128035963 3.104785681
-0.126719534 0.083992578 0.988376081 2.248464346 0.009336806 0.996465445 -0.083482936 -0.139549300 -0.991894603 -0.001350641 -0.127055883 3.098991156
-0.127382040 0.084157430 0.988276958 2.289304256 0.004959903 0.996435404 -0.084212869 -0.143279165 -0.991841316 -0.005825450 -0.127345428 3.094276190
-0.127392948 0.083514899 0.988330066 2.333039761 0.000973177 0.996458828 -0.084076345 -0.147191927 -0.991851866 -0.009748914 -0.127023101 3.088883638
-0.127596155 0.079031013 0.988672554 2.375607252 0.001122778 0.996831298 -0.079538271 -0.150421008 -0.991825581 -0.009038718 -0.127280548 3.083470821
-0.127851009 0.070139706 0.989310086 2.418052197 0.004414251 0.997526586 -0.070151739 -0.153828800 -0.991783500 -0.004601913 -0.127844378 3.077959061
-0.127813190 0.064698882 0.989685774 2.461350441 0.010021023 0.997903228 -0.063941918 -0.157443374 -0.991747618 0.001745038 -0.128193513 3.072302818
-0.127073511 0.066891685 0.989635289 2.503475189 0.018123828 0.997713327 -0.065110542 -0.160596043 -0.991727710 0.009662155 -0.127995282 3.066360474
-0.125533789 0.072874188 0.989409268 2.547393084 0.023975255 0.997230113 -0.070408292 -0.163489476 -0.991799533 0.014882718 -0.126933232 3.060417652
-0.125216112 0.078474104 0.989021122 2.589808941 0.027860232 0.996751964 -0.075560227 -0.166901141 -0.991738200 0.018093001 -0.126995727 3.054992437
-0.124848582 0.083282396 0.988674343 2.632080078 0.027766336 0.996373951 -0.080424681 -0.169997498 -0.991787195 0.017410954 -0.126708269 3.050125837
-0.124790810 0.079840638 0.988965511 2.675110579 0.024667943 0.996698678 -0.077352263 -0.173816562 -0.991876364 0.014742891 -0.126348317 3.044760942
-0.123402707 0.076145783 0.989431024 2.720024109 0.024249651 0.996985495 -0.073702730 -0.176875740 -0.992060363 0.014898235 -0.124877177 3.038602829
-0.123375662 0.073835745 0.989609301 2.762952089 0.022911519 0.997174203 -0.071543790 -0.180413499 -0.992095470 0.013846694 -0.124718703 3.033179998
-0.122783825 0.074185587 0.989656746 2.806075811 0.022092169 0.997159421 -0.072007097 -0.184221059 -0.992187500 0.013022364 -0.124073945 3.027558804
-0.123734854 0.079821549 0.989099681 2.849605083 0.021307226 0.996743381 -0.077772908 -0.187033162 -0.992086530 0.011451749 -0.125032663 3.023239613
-0.122479975 0.082151547 0.989065111 2.892652750 0.021187184 0.996557653 -0.080150180 -0.190906212 -0.992244840 0.011138715 -0.123798907 3.017221212
-0.122595705 0.081220798 0.989127636 2.937213898 0.020817667 0.996636927 -0.079257205 -0.194393381 -0.992238343 0.010874744 -0.123874240 3.012269974
-0.121576808 0.074841589 0.989756405 2.980062485 0.022873888 0.997099698 -0.072587155 -0.197905645 -0.992318392 0.013814663 -0.122936122 3.006607056
-0.122547641 0.073382393 0.989745975 3.025672436 0.021630650 0.997223258 -0.071258537 -0.201219499 -0.992227018 0.012676282 -0.123794660 3.001315832
-0.122252338 0.076019488 0.989583433 3.069791555 0.019929606 0.997049332 -0.074130930 -0.204766750 -0.992298961 0.010659329 -0.123406649 2.996156693
-0.122228786 0.079086013 0.989345968 3.114647865 0.018500246 0.996828675 -0.077398524 -0.208511397 -0.992329478 0.008842818 -0.123304248 2.991000652
-0.122327596 0.078739703 0.989361465 3.159406900 0.017599894 0.996863306 -0.077160634 -0.211742252 -0.992333710 0.007973782 -0.123329706 2.985527754
-0.121961333 0.075792238 0.989636838 3.205978870 0.016127145 0.997099757 -0.074376315 -0.215370983 -0.992403746 0.006888983 -0.122829944 2.980035305
-0.121254511 0.075005963 0.989783585 3.250692844 0.016558751 0.997155011 -0.073536061 -0.218411773 -0.992483318 0.007473003 -0.122151569 2.974852800
-0.120798670 0.074579753 0.989871502 3.295227289 0.019301215 0.997161627 -0.072773606 -0.222561806 -0.992489338 0.010314769 -0.121895283 2.970041275
-0.119392574 0.075391494 0.989980578 3.340843201 0.020219799 0.997090638 -0.073494442 -0.225887477 -0.992641211 0.011242522 -0.120569617 2.964010715
-0.119146526 0.074213743 0.990099192 3.386471987 0.020494903 0.997173905 -0.072277725 -0.229832783 -0.992665112 0.011680352 -0.120330825 2.959534883
-0.116884753 0.075227603 0.990292251 3.432599068 0.020832270 0.997093379 -0.073285408 -0.233221024 -0.992926896 0.012064090 -0.118112177 2.953025103
-0.115502357 0.073788285 0.990562737 3.478436708 0.021039641 0.997195005 -0.071829043 -0.236468434 -0.993084252 0.012544656 -0.116730861 2.947664022
-0.114556007 0.072680414 0.990754485 3.525091648 0.019642638 0.997290790 -0.070888728 -0.240146130 -0.993222594 0.011340301 -0.115673281 2.942371845
-0.113627419 0.071597189 0.990940213 3.571341276 0.021368038 0.997345507 -0.069609791 -0.243921965 -0.993293643 0.013264873 -0.114855647 2.937346458
-0.112165503 0.072775893 0.991020977 3.617950439 0.019109966 0.997287989 -0.071073234 -0.247391388 -0.993505716 0.010966417 -0.113252044 2.932576895
-0.111008339 0.075822309 0.990922928 3.664493084 0.018804386 0.997067094 -0.074185885 -0.250753224 -0.993641615 0.010398448 -0.112108551 2.927406073
-0.109865747 0.074677765 0.991137028 3.711503029 0.016075162 0.997176647 -0.073350899 -0.254257113 -0.993816555 0.007873935 -0.110756002 2.922917366
-0.107937016 0.073885031 0.991408288 3.758928061 0.013540418 0.997251272 -0.072846279 -0.257768542 -0.994065583 0.005561271 -0.108640768 2.916301489
-0.109495230 0.074062951 0.991224170 3.804725409 0.009884943 0.997251987 -0.073421389 -0.261931777 -0.993938148 0.001758903 -0.109926440 2.913308859
-0.109206229 0.073546909 0.991294503 3.851208448 0.007297652 0.997291446 -0.073187873 -0.265720546 -0.993992329 -0.000758450 -0.109447166 2.907590389
-0.110341899 0.070921168 0.991360068 3.899744749 0.006433902 0.997480989 -0.070642911 -0.269201308 -0.993873000 -0.001416560 -0.110520229 2.903063536
-0.111476116 0.069290057 0.991348565 3.947837114 0.003593937 0.997587740 -0.069322020 -0.272966892 -0.993760586 -0.004164906 -0.111456260 2.897864103
-0.112919137 0.067616604 0.991300821 3.994765997 0.001197722 0.997690320 -0.067915998 -0.276865125 -0.993603528 -0.006481714 -0.112739310 2.892138481
-0.115674563 0.069341950 0.990863800 4.043368340 0.002049523 0.997574806 -0.069572344 -0.279440522 -0.993285060 -0.006016952 -0.115536146 2.888310432
-0.118484281 0.068014167 0.990623832 4.090922356 -0.000163297 0.997650087 -0.068516105 -0.282702655 -0.992955983 -0.008279848 -0.118194729 2.883287907
-0.121326715 0.063223340 0.990597129 4.135614872 -0.000838244 0.997962594 -0.063796088 -0.286145777 -0.992612243 -0.008570534 -0.121026531 2.877669334
-0.125115022 0.062318750 0.990183115 4.181222439 -0.002603645 0.998001337 -0.063139804 -0.289732963 -0.992138982 -0.010477822 -0.124702707 2.871693134
-0.130593061 0.069085449 0.989026070 4.227478981 -0.006535921 0.997487545 -0.070539504 -0.292883426 -0.991414547 -0.015676172 -0.129813418 2.866312265
-0.137884915 0.071996137 0.987828076 4.271603584 -0.006192267 0.997272372 -0.073548794 -0.296609014 -0.990429044 -0.016258169 -0.137062997 2.860045910
-0.146530509 0.068472259 0.986833453 4.317280769 -0.003377826 0.997560978 -0.069718152 -0.299589843 -0.989200413 -0.013549193 -0.145941854 2.853244781
-0.157275230 0.066713415 0.985298872 4.362111092 -0.000169864 0.997713745 -0.067581117 -0.302965194 -0.987554789 -0.010796203 -0.156904384 2.846086502
-0.171374992 0.067136891 0.982915640 4.406843662 -0.001107636 0.997661650 -0.068337232 -0.306682676 -0.985205233 -0.012800002 -0.170899868 2.839747667
-0.185300410 0.067194857 0.980381966 4.450487614 0.002293249 0.997686207 -0.067947447 -0.310124189 -0.982679188 -0.010342429 -0.185025796 2.831257820
-0.199867532 0.065438651 0.977635264 4.496212959 0.001784516 0.997789919 -0.066422880 -0.313373268 -0.979821324 -0.011531172 -0.199542597 2.822842836
-0.215107426 0.068478234 0.974186599 4.540817738 0.006041743 0.997612834 -0.068790846 -0.316577852 -0.976571679 -0.008911641 -0.215007633 2.813360453
-0.230116889 0.071625523 0.970523596 4.581551552 0.006291069 0.997376442 -0.072115637 -0.319616914 -0.973142743 -0.010489394 -0.229963750 2.803000927
-0.245444193 0.075917006 0.966433644 4.626886845 0.006237361 0.997031868 -0.076736540 -0.323503494 -0.969390571 -0.012806537 -0.245189250 2.792828560
-0.260743618 0.073030226 0.962641835 4.669626236 0.002581648 0.997183800 -0.074951455 -0.327737510 -0.965404570 -0.017057907 -0.260197878 2.781146288
-0.277267694 0.067102522 0.958446741 4.712912083 -0.003208263 0.997487903 -0.070763990 -0.331504971 -0.960787356 -0.022695523 -0.276355982 2.769788742
-0.293234169 0.063602649 0.953922629 4.755796909 -0.006689093 0.997623682 -0.068572626 -0.334588915 -0.956017196 -0.026488716 -0.292111933 2.757528782
-0.308501571 0.064840734 0.949011266 4.797158241 -0.008746335 0.997438490 -0.070992701 -0.338044465 -0.951183617 -0.030201735 -0.307144195 2.744769812
-0.323100597 0.066946521 0.943993747 4.838072300 -0.008741329 0.997241139 -0.073714621 -0.341304839 -0.946324229 -0.032068994 -0.321624011 2.731403351
-0.336512506 0.068953216 0.939151108 4.879437923 -0.006935266 0.997106969 -0.075693406 -0.345171362 -0.941653490 -0.031985033 -0.335060716 2.716547251
-0.350805849 0.068842426 0.933914363 4.920481205 -0.004801034 0.997148752 -0.075307101 -0.348804295 -0.936435878 -0.030901918 -0.349475116 2.701616287
-0.364879400 0.066931166 0.928645909 4.960302830 -0.005297203 0.997247338 -0.073956899 -0.352204144 -0.931039691 -0.031904582 -0.363520473 2.686734676
-0.379482418 0.065678611 0.922864795 5.002236843 -0.004790820 0.997324288 -0.072947741 -0.355954051 -0.925186574 -0.032103658 -0.378152311 2.669652462
-0.394438237 0.066591181 0.916506588 5.041032791 -0.006883136 0.997128725 -0.075411312 -0.359485894 -0.918896675 -0.036053546 -0.392847389 2.653409481
-0.409877509 0.069015913 0.909525812 5.081728458 -0.005210964 0.996939898 -0.077997304 -0.363050759 -0.912125707 -0.036708854 -0.408263683 2.636517525
-0.424625874 0.071058504 0.902576089 5.121147156 -0.003557558 0.996776581 -0.080148481 -0.366693377 -0.905361891 -0.037244078 -0.423004389 2.618577003
-0.438887954 0.073541194 0.895527303 5.159111023 -0.000175815 0.996637940 -0.081930630 -0.370636016 -0.898541749 -0.036115814 -0.437399477 2.600277662
-0.454124302 0.076852888 0.887617528 5.200110435 -0.001667627 0.996197462 -0.087107316 -0.374146044 -0.890936792 -0.041037764 -0.452269346 2.580234766
-0.469053507 0.079051025 0.879624784 5.238747597 -0.000248064 0.995974183 -0.089639507 -0.378157526 -0.883169770 -0.042263925 -0.467145562 2.560008049
-0.483964682 0.076910608 0.871701241 5.276413918 -0.001535172 0.996054053 -0.088734627 -0.381852657 -0.875086188 -0.044282641 -0.481936991 2.539314270
-0.500820994 0.072214834 0.862533092 5.315566063 -0.004118705 0.996303320 -0.085806116 -0.385993063 -0.865541101 -0.046526022 -0.498672277 2.518093109
-0.515990734 0.072096251 0.853554666 5.353339195 -0.004820865 0.996191502 -0.087058514 -0.390024066 -0.856580615 -0.049036272 -0.513678133 2.495249748
-0.532657206 0.071690410 0.843289256 5.390667915 -0.005339881 0.996101439 -0.088054284 -0.393621266 -0.846314251 -0.051405821 -0.530197680 2.473239422
-0.548550665 0.070416465 0.833146989 5.427120209 -0.006138801 0.996081293 -0.088229306 -0.397547126 -0.836094737 -0.053512763 -0.545968652 2.449707985
-0.563728213 0.070262216 0.822966397 5.461903572 -0.006377761 0.995975316 -0.089401901 -0.401543379 -0.825935721 -0.055647060 -0.561011136 2.425780773
-0.579197943 0.069152266 0.812248588 5.498970032 -0.007357350 0.995911419 -0.090035133 -0.405734539 -0.815153718 -0.058124173 -0.576321065 2.400321484
-0.594192684 0.068051852 0.801438749 5.533910751 -0.006468729 0.995977819 -0.089366555 -0.408956766 -0.804296672 -0.058285255 -0.591362536 2.374890804
-0.609248519 0.063184634 0.790458083 5.570302010 -0.007197257 0.996338785 -0.085188858 -0.413730711 -0.792946696 -0.057590310 -0.606563210 2.347790003
-0.623857677 0.061873589 0.779084921 5.604820251 -0.004981454 0.996526122 -0.083131343 -0.417885423 -0.781522036 -0.055743098 -0.621382296 2.320191145
-0.638763666 0.060029045 0.767057657 5.639006615 -0.006784164 0.996473610 -0.083632350 -0.421688378 -0.769373119 -0.058625150 -0.636103868 2.292943001
-0.653119504 0.061210379 0.754776955 5.672598839 -0.007591914 0.996148348 -0.087354377 -0.425579667 -0.757216811 -0.062783048 -0.650139272 2.264329195
-0.668879569 0.060141720 0.740933836 5.706904888 -0.009995080 0.995904148 -0.089860775 -0.429587275 -0.743303597 -0.067511745 -0.665538967 2.235178709
-0.684729576 0.056994032 0.726565301 5.739987373 -0.011340954 0.995983422 -0.088815980 -0.433687478 -0.728708923 -0.069054872 -0.681333005 2.205397129
-0.700813651 0.049633816 0.711615622 5.772911072 -0.015000605 0.996330440 -0.084265023 -0.437605023 -0.713186681 -0.069728747 -0.697497427 2.174327374
-0.717841446 0.046854693 0.694628298 5.803823471 -0.016500982 0.996307433 -0.084256239 -0.441159010 -0.696011066 -0.071944676 -0.714417636 2.144178867
-0.734639525 0.044608679 0.676989615 5.835668564 -0.017291700 0.996280849 -0.084411830 -0.445289671 -0.678237379 -0.073718570 -0.731135905 2.110120535
-0.752274752 0.039616842 0.657657444 5.865233421 -0.021983059 0.996125400 -0.085151687 -0.449225783 -0.658482790 -0.078514785 -0.748489022 2.078822851
-0.768303931 0.038248248 0.638941467 5.895895958 -0.020341052 0.996249974 -0.084096789 -0.453599244 -0.639761984 -0.077608630 -0.764644742 2.042336941
-0.784188509 0.040094893 0.619226038 5.924170017 -0.018207319 0.995993853 -0.087548390 -0.457783848 -0.620255649 -0.079928875 -0.780316949 2.007799149
-0.798911095 0.040112548 0.600110054 5.951808929 -0.014085157 0.996252060 -0.085342668 -0.461767554 -0.601284146 -0.076633833 -0.795351803 1.971557021
-0.813124597 0.040577628 0.580673695 5.977812767 -0.010604117 0.996369183 -0.084475592 -0.466322780 -0.581993222 -0.074846700 -0.809741855 1.935712099
-0.827022791 0.042472567 0.560561657 6.003386974 -0.008007482 0.996150792 -0.087290086 -0.470497608 -0.562111080 -0.076679572 -0.823499322 1.897749782
-0.840604544 0.043949597 0.539863467 6.027997494 -0.006837580 0.995762289 -0.091710329 -0.474631906 -0.541606069 -0.080783479 -0.836741805 1.860478044
-0.853169501 0.043921571 0.519781351 6.052000046 -0.004636276 0.995771050 -0.091752708 -0.478803098 -0.521613181 -0.080690473 -0.849357784 1.821927071
-0.864310682 0.043085434 0.501109660 6.074467182 -0.002236926 0.995984972 -0.089493066 -0.483269989 -0.502953470 -0.078470752 -0.860743880 1.782920599
-0.874434829 0.044414856 0.483105600 6.096029282 0.000419316 0.995869339 -0.090797380 -0.487954110 -0.485142738 -0.079193823 -0.870841503 1.743514776
-0.884297311 0.047476638 0.464504123 6.118892670 0.003657369 0.995490968 -0.094785735 -0.491665334 -0.466909707 -0.082119934 -0.880483747 1.704736352
-0.892911494 0.046492849 0.447825074 6.139147758 0.002591570 0.995168269 -0.098150298 -0.493747413 -0.450224549 -0.086478971 -0.888717711 1.664486408
-0.901055276 0.042464267 0.431620330 6.159696102 0.001314638 0.995458126 -0.095192075 -0.501174808 -0.433702171 -0.085205905 -0.897018611 1.624261618
-0.907820284 0.041019019 0.417348653 6.177919865 0.000990843 0.995411932 -0.095678531 -0.505356312 -0.419358462 -0.086445391 -0.903695643 1.583410501
-0.914426863 0.038601529 0.402906239 6.197304726 0.000212211 0.995487332 -0.094893739 -0.510310650 -0.404751152 -0.086687893 -0.910308599 1.541936040
-0.920409501 0.035550080 0.389336139 6.215103149 -0.001105424 0.995616496 -0.093522549 -0.515414834 -0.390954196 -0.086509414 -0.916335642 1.500649452
-0.926049590 0.031256586 0.376105249 6.233281136 -0.002956487 0.995932996 -0.090047494 -0.519765913 -0.377390265 -0.084500387 -0.922190964 1.458431482
-0.930880487 0.028387481 0.364219427 6.250211239 -0.003665476 0.996200383 -0.087012790 -0.523935080 -0.365305632 -0.082333528 -0.927239478 1.416438222
-0.935400546 0.028313451 0.352454394 6.267346382 -0.001256893 0.996516347 -0.083388127 -0.528371215 -0.353587568 -0.078444302 -0.932106376 1.374183059
-0.938495874 0.031858243 0.343817800 6.283066750 0.002614276 0.996361554 -0.085187078 -0.532278419 -0.345280796 -0.079048894 -0.935164392 1.332317591
-0.940530062 0.037467074 0.337638021 6.298593998 0.008598736 0.996206582 -0.086594425 -0.536726892 -0.339601636 -0.078541405 -0.937284291 1.288709641
-0.942368329 0.040065557 0.332169890 6.313880920 0.010922921 0.995959103 -0.089141816 -0.540914595 -0.334399164 -0.080376163 -0.938997746 1.245699525
-0.943981230 0.038515005 0.327743948 6.329038143 0.010101124 0.996072710 -0.087960355 -0.545179844 -0.329844534 -0.079722352 -0.940663040 1.202961445
-0.945689976 0.031565368 0.323533982 6.343743324 0.004431995 0.996433854 -0.084261626 -0.549268603 -0.325039953 -0.078251481 -0.942457318 1.160444140
-0.947879195 0.024366988 0.317696840 6.359755039 -0.001983690 0.996600926 -0.082356662 -0.553609252 -0.318623751 -0.078694396 -0.944608986 1.117349863
-0.949385762 0.018126111 0.313589275 6.374545097 -0.008641758 0.996448517 -0.083759554 -0.557660878 -0.313993841 -0.082230099 -0.945857346 1.073684573
-0.950821161 0.015380186 0.309358120 6.389513969 -0.012122614 0.996153355 -0.086784400 -0.561558068 -0.309502959 -0.086266659 -0.946977317 1.031649351
-0.951406300 0.015712094 0.307537049 6.403413773 -0.012265592 0.995971441 -0.088829495 -0.565731406 -0.307693750 -0.088285074 -0.947380841 0.989243507
-0.951837003 0.016401522 0.306165665 6.418011189 -0.012144734 0.995767593 -0.091100700 -0.570229173 -0.306364059 -0.090431310 -0.947609186 0.945865393
-0.951767027 0.018759189 0.306247979 6.431847572 -0.010155875 0.995656013 -0.092551574 -0.574682832 -0.306653798 -0.091197729 -0.947442055 0.903456092
-0.951339781 0.019924045 0.307498842 6.445947170 -0.009579298 0.995512843 -0.094139591 -0.579391837 -0.307994664 -0.092504382 -0.946880281 0.860351086
-0.950668395 0.020990238 0.309497893 6.459420681 -0.009197064 0.995362341 -0.095755890 -0.584126055 -0.310072511 -0.093878582 -0.946066558 0.816764116
-0.950322151 0.022031154 0.310487449 6.474658966 -0.008188912 0.995377183 -0.095692821 -0.588418424 -0.311160326 -0.093481548 -0.945748746 0.774653196
-0.949485183 0.021791438 0.313054204 6.488744259 -0.008782024 0.995350182 -0.095921129 -0.593045592 -0.313688815 -0.093824938 -0.944878936 0.732740760
-0.948437035 0.020178467 0.316322446 6.504015446 -0.010943878 0.995291710 -0.096303806 -0.597572088 -0.316776305 -0.094799891 -0.943750858 0.689185023
-0.946899116 0.018549167 0.320995301 6.518152237 -0.012225281 0.995535493 -0.093591616 -0.602338016 -0.321298242 -0.092546076 -0.942444980 0.647961259
-0.944904089 0.016936133 0.326908976 6.533381939 -0.013537996 0.995784521 -0.090718970 -0.606845200 -0.327067345 -0.090146422 -0.940691471 0.605003595
-0.942590177 0.014898862 0.333619177 6.548547745 -0.015396345 0.996003270 -0.087979808 -0.611061394 -0.333596617 -0.088065431 -0.938593447 0.563237906
-0.940149844 0.015618161 0.340403229 6.563807964 -0.015200426 0.996032596 -0.087680936 -0.615697384 -0.340422213 -0.087607473 -0.936182499 0.522084951
-0.936900795 0.016487895 0.349206507 6.579292297 -0.015287850 0.995999396 -0.088042840 -0.619730115 -0.349261045 -0.087826021 -0.932900488 0.480064273
-0.933567047 0.019046312 0.357896507 6.595784187 -0.014158215 0.995847642 -0.089927904 -0.624372184 -0.358123153 -0.089020893 -0.929420829 0.439240932
-0.929656684 0.019095739 0.367931873 6.612075329 -0.014513096 0.995982647 -0.088362083 -0.629118204 -0.368141115 -0.087486237 -0.925644815 0.398725748
-0.924498498 0.022100657 0.380544424 6.629022598 -0.013233141 0.995855153 -0.089984424 -0.633256853 -0.380955905 -0.088226266 -0.920374215 0.355750084
-0.919072628 0.024387414 0.393332958 6.647084236 -0.012652583 0.995742738 -0.091302387 -0.637404382 -0.393885076 -0.088890187 -0.914851427 0.314737797
-0.913249671 0.026102852 0.406563163 6.665664196 -0.012076262 0.995772243 -0.091058783 -0.642089128 -0.407221228 -0.088069156 -0.909073532 0.273497820
-0.907412767 0.025630452 0.419458181 6.684575558 -0.012488610 0.996052802 -0.087879099 -0.646614611 -0.420054972 -0.084981062 -0.903510988 0.233735085
-0.900839090 0.028020700 0.433247685 6.703874111 -0.011767440 0.995972574 -0.088883169 -0.650822699 -0.433993310 -0.085167646 -0.896881402 0.192537069
-0.894005537 0.030030536 0.447048664 6.724075317 -0.010504990 0.996072173 -0.087919064 -0.655053914 -0.447933018 -0.083296344 -0.890178502 0.152029514
-0.887181103 0.031178266 0.460366875 6.744197845 -0.009609758 0.996249676 -0.085989974 -0.659251809 -0.461321414 -0.080712676 -0.883554220 0.113479137
-0.879320085 0.033807538 0.475029886 6.765289307 -0.006689384 0.996501863 -0.083302930 -0.663243771 -0.476184428 -0.076427594 -0.876017869 0.073507547
-0.871750116 0.036082722 0.488620222 6.786980152 -0.004826696 0.996603608 -0.082206652 -0.666869044 -0.489927024 -0.074022092 -0.868615150 0.035987854
-0.863473237 0.039290145 0.502861977 6.808991432 -0.001083773 0.996814728 -0.079745114 -0.671542287 -0.504393458 -0.069402762 -0.860680282 -0.001086712
-0.852578402 0.042525548 0.520866334 6.831076145 0.001033227 0.996818900 -0.079692937 -0.674701989 -0.522598386 -0.067406297 -0.849910200 -0.038787365
-0.842686594 0.044894323 0.536529362 6.854380608 0.002642907 0.996850371 -0.079260848 -0.678361297 -0.538398027 -0.065374054 -0.840151012 -0.074578524
-0.830838442 0.047203142 0.554508209 6.877745152 0.004966453 0.996985614 -0.077428147 -0.682581186 -0.556491494 -0.061576344 -0.828568399 -0.111165285
-0.819792688 0.049823601 0.570488811 6.902649879 0.006483389 0.996951640 -0.077752061 -0.686009765 -0.572623670 -0.060041860 -0.817616701 -0.146029472
-0.807189226 0.051934484 0.588003755 6.927715778 0.007981312 0.996991217 -0.077101238 -0.689944208 -0.590238869 -0.057542235 -0.805175066 -0.180961847
-0.794251323 0.053196631 0.605256081 6.953719616 0.009390887 0.997115672 -0.075314358 -0.693460584 -0.607516766 -0.054134618 -0.792459965 -0.214503288
-0.779386640 0.055123229 0.624113679 6.980468273 0.011319808 0.997198522 -0.073938936 -0.697126031 -0.626441061 -0.050562181 -0.777827203 -0.248046637
-0.762969911 0.057575837 0.643864870 7.007502556 0.012071571 0.997120917 -0.074860163 -0.700684011 -0.646321297 -0.049343575 -0.761468351 -0.280839920
-0.746037781 0.060547777 0.663145185 7.035797119 0.011678545 0.996894181 -0.077882022 -0.704015493 -0.665801227 -0.050358351 -0.744427860 -0.313146353
-0.728333175 0.061113473 0.682492435 7.063623428 0.011722109 0.996980309 -0.076764710 -0.708160043 -0.685123026 -0.047910031 -0.726850212 -0.343094587
-0.709663689 0.061391246 0.701860785 7.092658043 0.010446211 0.997003734 -0.076644838 -0.711585462 -0.704463065 -0.047060281 -0.708178759 -0.372480869
-0.690542281 0.060728975 0.720737994 7.122522831 0.007934059 0.997045100 -0.076408774 -0.715061247 -0.723248482 -0.047045123 -0.688983619 -0.400645494
