0.999998689 0.000706508 0.001436592 -0.000244366 -0.000700077 0.999989748 -0.004472450 -0.000245279 -0.001439738 0.004471439 0.999988973 0.081581742
0.999996662 -0.001367671 0.002181316 -0.000218556 0.001379512 0.999984205 -0.005436245 -0.000017546 -0.002173847 0.005439237 0.999982774 0.162808314
0.999992669 -0.002875288 0.002514029 -0.000451734 0.002878500 0.999995053 -0.001274840 -0.000233769 -0.002510351 0.001282067 0.999996006 0.244191006
0.999984205 -0.005323686 0.001815146 -0.000330963 0.005314944 0.999974370 0.004787477 -0.000317650 -0.001840587 -0.004777754 0.999986887 0.325483561
0.999961078 -0.008814790 0.000422006 -0.000225166 0.008812604 0.999949157 0.004930182 -0.000254696 -0.000465443 -0.004926270 0.999987781 0.405589253
0.999935687 -0.011334005 -0.000436298 -0.000171394 0.011334810 0.999933958 0.001892301 0.000169145 0.000414822 -0.001897125 0.999998093 0.485007524
0.999928653 -0.011878031 -0.001236057 -0.000366033 0.011875880 0.999928117 -0.001731941 0.000899171 0.001256540 0.001717138 0.999997675 0.568112373
0.999931812 -0.011493744 -0.002062504 -0.000708424 0.011489046 0.999931395 -0.002275481 0.000852465 0.002088516 0.002251630 0.999995232 0.647202909
0.999933422 -0.011184084 -0.002811057 -0.001909605 0.011183161 0.999937415 -0.000343678 0.000605952 0.002814726 0.000312219 0.999995947 0.724697411
0.999932170 -0.011017491 -0.003778260 -0.001990945 0.011026876 0.999936163 0.002472116 0.000710744 0.003750782 -0.002513611 0.999989808 0.803339243
0.999931455 -0.011032365 -0.003914982 -0.003543752 0.011047559 0.999931455 0.003880520 0.001124284 0.003871902 -0.003923505 0.999984860 0.882330596
0.999905109 -0.012375676 -0.006055027 -0.001620494 0.012403710 0.999912441 0.004614344 0.001530284 0.005997393 -0.004689012 0.999971032 0.971042216
0.999906242 -0.012216675 -0.006196104 -0.003474330 0.012245819 0.999913990 0.004687440 0.001361527 0.006138308 -0.004762877 0.999969840 1.049248457
0.999889970 -0.013075630 -0.007003564 -0.004258601 0.013095019 0.999910474 0.002729687 0.002661712 0.006967246 -0.002821099 0.999971747 1.125696063
0.999869227 -0.013612556 -0.008727984 -0.004712479 0.013618981 0.999907017 0.000677101 0.002879317 0.008717954 -0.000795878 0.999961674 1.202642441
0.999848366 -0.014281467 -0.009955927 -0.006114312 0.014276967 0.999897957 -0.000522916 0.002799266 0.009962380 0.000380697 0.999950290 1.279795527
0.999818981 -0.014266501 -0.012583549 -0.005720601 0.014262864 0.999898195 -0.000378798 0.001695794 0.012587671 0.000199252 0.999920726 1.356548667
0.999825418 -0.012999422 -0.013422587 -0.008259366 0.012977725 0.999914348 -0.001702428 0.002306256 0.013443568 0.001527936 0.999908447 1.430909276
0.999805212 -0.011501993 -0.016042257 -0.008744217 0.011467298 0.999931753 -0.002253024 0.003071428 0.016067076 0.002068624 0.999868751 1.507409573
0.999788702 -0.012109527 -0.016616458 -0.011165602 0.012091121 0.999926150 -0.001207894 0.002786228 0.016629858 0.001006727 0.999861121 1.579595566
0.999758363 -0.011803490 -0.018548625 -0.012534887 0.011815051 0.999930084 0.000513776 0.002286004 0.018541262 -0.000732804 0.999827802 1.655703068
0.999753892 -0.011630110 -0.018892806 -0.015757551 0.011644433 0.999931931 0.000648282 0.003034951 0.018883979 -0.000868119 0.999821305 1.730536103
0.999693811 -0.012332029 -0.021452164 -0.013340663 0.012353729 0.999923289 0.000879432 0.002006612 0.021439677 -0.001144178 0.999769509 1.807523847
0.999654770 -0.012203851 -0.023268249 -0.015352326 0.012206600 0.999925435 -0.000023896 0.002260295 0.023266805 -0.000260138 0.999729335 1.882363319
0.999654591 -0.012014726 -0.023374774 -0.021257907 0.012033711 0.999927282 0.000671665 0.002056561 0.023365006 -0.000952718 0.999726534 1.945332170
0.999621511 -0.011763535 -0.024868069 -0.023104109 0.011826213 0.999927282 0.002374898 0.002278343 0.024838323 -0.002668094 0.999687970 2.018486977
0.999594867 -0.012656078 -0.025493134 -0.024089579 0.012794483 0.999904215 0.005273413 0.002716298 0.025423951 -0.005597448 0.999661088 2.081585646
0.999552608 -0.012823212 -0.027021587 -0.025337260 0.012999522 0.999895215 0.006359270 0.003170179 0.026937209 -0.006707693 0.999614596 2.153432608
0.999615133 -0.012060769 -0.024982758 -0.037568990 0.012189214 0.999913216 0.004995463 0.006558667 0.024920339 -0.005298060 0.999675333 2.223323107
0.999598205 -0.010883478 -0.026173476 -0.039624251 0.010954453 0.999936700 0.002569869 0.006852332 0.026143851 -0.002855553 0.999654055 2.292223454
0.999593675 -0.010538879 -0.026483309 -0.042099699 0.010558102 0.999944091 0.000586123 0.006987314 0.026475653 -0.000865498 0.999649048 2.358634710
0.999588668 -0.009062928 -0.027210088 -0.044859346 0.009071209 0.999958813 0.000180830 0.007074942 0.027207326 -0.000427584 0.999629796 2.426517725
0.999545872 -0.009172983 -0.028700676 -0.047045842 0.009168616 0.999958038 -0.000283737 0.006946852 0.028702069 0.000020463 0.999588013 2.492364168
0.999491692 -0.008992080 -0.030583227 -0.049802564 0.008959183 0.999959171 -0.001212508 0.006878898 0.030592885 0.000937891 0.999531507 2.558848143
0.999412477 -0.009284681 -0.032993119 -0.050536614 0.009257530 0.999956667 -0.000975596 0.006104484 0.033000745 0.000669588 0.999455214 2.623736382
0.999367595 -0.009275187 -0.034329098 -0.054075554 0.009297802 0.999956608 0.000499185 0.005918022 0.034322977 -0.000818055 0.999410450 2.687075377
0.999191642 -0.012174772 -0.038311701 -0.052790374 0.012142535 0.999925673 -0.001074007 0.016377136 0.038321938 0.000607937 0.999265254 2.743484497
0.999137402 -0.011338653 -0.039947059 -0.056385498 0.011365393 0.999935210 0.000442328 0.015962936 0.039939463 -0.000895961 0.999201655 2.805779457
0.999000609 -0.011227156 -0.043264151 -0.055737153 0.011173286 0.999936461 -0.001486755 0.021846779 0.043278094 0.001001868 0.999062538 2.860811234
0.998912156 -0.008916325 -0.045772005 -0.058791853 0.008832281 0.999958873 -0.002038098 0.021443222 0.045788292 0.001631610 0.998949766 2.920183897
0.998874545 -0.007508257 -0.046832133 -0.062698275 0.007377465 0.999968410 -0.002965006 0.021354476 0.046852916 0.002616166 0.998898387 2.981222630
0.998772323 -0.007262305 -0.049000360 -0.065122254 0.007185190 0.999972641 -0.001749737 0.021191278 0.049011726 0.001395512 0.998797297 3.041681051
0.998744369 -0.006626276 -0.049655877 -0.070885710 0.006548784 0.999977052 -0.001723108 0.025608599 0.049666144 0.001395759 0.998764873 3.094165325
0.998759866 -0.003717406 -0.049647391 -0.074678607 0.003683384 0.999992847 -0.000776751 0.024590161 0.049649924 0.000592917 0.998766482 3.152585268
0.998812854 0.000602484 -0.048707929 -0.075796239 -0.000665409 0.999998987 -0.001275685 0.020146051 0.048707105 0.001306581 0.998812199 3.214295149
0.998884559 0.002424875 -0.047157697 -0.078449383 -0.002634607 0.999986947 -0.004385825 0.019962478 0.047146443 0.004505175 0.998877764 3.268543720
0.999001205 0.000497097 -0.044679709 -0.085563369 -0.000925203 0.999953806 -0.009561483 0.027609013 0.044672903 0.009593271 0.998955607 3.317053795
0.999139726 0.001172796 -0.041452292 -0.088376224 -0.001558722 0.999955773 -0.009279017 0.027922045 0.041439570 0.009335648 0.999097466 3.370358706
0.999244332 0.006304124 -0.038355596 -0.091177799 -0.006539213 0.999960601 -0.006006837 0.026495105 0.038316205 0.006253113 0.999246120 3.424314022
0.999338090 0.011600415 -0.034478229 -0.091448985 -0.011640836 0.999931753 -0.000971992 0.022949547 0.034464590 0.001372705 0.999404907 3.479240417
0.999398589 0.016601933 -0.030445337 -0.093227886 -0.016610408 0.999862075 -0.000025552 0.022527646 0.030440710 0.000531245 0.999536395 3.529795170
0.999488652 0.019970991 -0.024972674 -0.094981618 -0.019974766 0.999800503 0.000098256 0.023071935 0.024969650 0.000400617 0.999688089 3.580025911
0.999531090 0.024172667 -0.018792791 -0.097170800 -0.024134530 0.999706209 0.002253276 0.022833630 0.018841736 -0.001798663 0.999820828 3.627748251
0.999503791 0.028983617 -0.012331907 -0.098208562 -0.028943371 0.999575138 0.003429425 0.023042936 0.012426062 -0.003070798 0.999918044 3.674172163
0.999497712 0.031255241 -0.005238930 -0.100586459 -0.031244151 0.999509275 0.002185086 0.024386730 0.005304655 -0.002020304 0.999983907 3.718324900
0.999395967 0.034699939 0.001920144 -0.100744180 -0.034703922 0.999395490 0.002082014 0.024418436 -0.001846737 -0.002147393 0.999996006 3.761475563
0.999189615 0.039121419 0.009460027 -0.100801088 -0.039139070 0.999232352 0.001688306 0.024213798 -0.009386714 -0.002057194 0.999953806 3.803517103
0.998902321 0.043532502 0.017294936 -0.100995392 -0.043522403 0.999051988 -0.000960015 0.024242302 -0.017320331 0.000206243 0.999849916 3.842620373
0.998639643 0.045601577 0.025283411 -0.100216679 -0.045520645 0.998956323 -0.003767616 0.023486055 -0.025428830 0.002611574 0.999673247 3.880346537
0.998373330 0.046009224 0.033672828 -0.099585742 -0.045905188 0.998938382 -0.003856694 0.023370206 -0.033814520 0.002304663 0.999425530 3.915830612
0.998127699 0.045330931 0.041063260 -0.097204104 -0.045263521 0.998971879 -0.002570381 0.023163397 -0.041137565 0.000706901 0.999153256 3.949753046
0.997684121 0.047007676 0.049160045 -0.095449284 -0.046958618 0.998894453 -0.002153107 0.023506984 -0.049206913 -0.000160365 0.998788536 3.982003689
0.997065067 0.050068613 0.057917293 -0.094085157 -0.050058529 0.998745084 -0.001625735 0.022773739 -0.057926003 -0.001278291 0.998320043 4.012075901
0.996247947 0.054834019 0.066958733 -0.092937320 -0.054818388 0.998494148 -0.002072245 0.022568662 -0.066971548 -0.001606100 0.997753561 4.039503574
0.995397389 0.058758404 0.075706936 -0.090823531 -0.058766078 0.998269498 -0.002128301 0.022432938 -0.075700961 -0.002330495 0.997127891 4.064588547
0.994691074 0.058040380 0.084975988 -0.088618517 -0.058131009 0.998307943 -0.001409374 0.021899197 -0.084913999 -0.003537849 0.996381998 4.087679863
0.993776381 0.056818176 0.095812373 -0.085591972 -0.056803700 0.998381197 -0.002880749 0.021157112 -0.095820948 -0.002579677 0.995395243 4.111126900
0.992601275 0.055704605 0.107887007 -0.082742631 -0.055248909 0.998446524 -0.007210650 0.020968648 -0.108121075 0.001196663 0.994136989 4.132699966
0.991060019 0.056343302 0.120936066 -0.078925341 -0.055389773 0.998401582 -0.011234542 0.020724233 -0.121375754 0.004435483 0.992596686 4.155569077
0.988939285 0.058202047 0.136424288 -0.075630128 -0.056902248 0.998289645 -0.013411388 0.020478606 -0.136971489 0.005500202 0.990559697 4.178022861
0.986428022 0.059953783 0.152857333 -0.071723938 -0.058406163 0.998186111 -0.014598977 0.019918039 -0.153455362 0.005473028 0.988140404 4.199164391
0.983604312 0.060750876 0.169799417 -0.067443490 -0.058926385 0.998137712 -0.015768554 0.019834094 -0.170441166 0.005504350 0.985352457 4.221801281
0.980406761 0.059530657 0.187773213 -0.062363327 -0.057341632 0.998208582 -0.017073175 0.019848116 -0.188453212 0.005971431 0.982063949 4.242450714
0.976551890 0.058337409 0.207227379 -0.056461394 -0.055998795 0.998283684 -0.017138479 0.019469939 -0.207871526 0.005132131 0.978142619 4.262505531
0.972070634 0.058769278 0.227211207 -0.050397277 -0.056133416 0.998260021 -0.018050954 0.018560112 -0.227876738 0.004792660 0.973678112 4.282053947
0.966744125 0.061215922 0.248310998 -0.044320822 -0.057973485 0.998110533 -0.020356415 0.018537283 -0.249087960 0.005283987 0.968466580 4.302777767
0.960483789 0.062751301 0.271170288 -0.037598848 -0.058977678 0.998015583 -0.022051409 0.017725006 -0.272015959 0.005187022 0.962278724 4.321916103
0.953198612 0.063960887 0.295502037 -0.029392958 -0.059811361 0.997943044 -0.023069933 0.017315015 -0.296369791 0.004315848 0.955063581 4.342832565
0.945316792 0.066523090 0.319297671 -0.008078456 -0.061243847 0.997769475 -0.026557935 0.021564715 -0.320352286 0.005550645 0.947282255 4.374060631
0.935512006 0.068652608 0.346560240 0.000884414 -0.063067757 0.997633457 -0.027381977 0.020580001 -0.347619981 0.003759391 0.937627971 4.394606113
0.924411774 0.069517389 0.375006944 0.011004448 -0.063418522 0.997577131 -0.028597169 0.019944079 -0.376086444 0.002653170 0.926580787 4.414857864
0.911864161 0.067845583 0.404846519 0.022540092 -0.060558900 0.997689426 -0.030795209 0.019538909 -0.406000465 0.003563987 0.913865924 4.434104919
0.897024214 0.064936616 0.437184989 0.035168290 -0.056156486 0.997876585 -0.032995153 0.018416822 -0.438399285 0.005046674 0.898766100 4.454026222
0.877649844 0.063335113 0.475099444 0.034048438 -0.052408963 0.997968495 -0.036223426 0.015636265 -0.476428449 0.006892015 0.879186213 4.478533745
0.858136237 0.065271437 0.509256244 0.048474550 -0.051676258 0.997829556 -0.040813450 0.014604881 -0.510814846 0.008707047 0.859646678 4.497651100
0.836110532 0.067225911 0.544426262 0.063623667 -0.050940309 0.997688949 -0.044962607 0.013851047 -0.546190798 0.009860476 0.837602735 4.517131329
0.810293376 0.068677373 0.581986248 0.075257778 -0.051762439 0.997615278 -0.045655433 0.006401137 -0.583733916 0.006869260 0.811915994 4.544131279
0.782702565 0.072921835 0.618109405 0.093467236 -0.054730106 0.997329593 -0.048356682 0.005649343 -0.619985104 0.004019696 0.784603357 4.564129353
0.752632082 0.077051431 0.653917432 0.112992048 -0.057980560 0.997027099 -0.050746970 0.004328594 -0.655883551 0.000279285 0.754862010 4.583806992
0.720130682 0.076909252 0.689562738 0.129083395 -0.057604831 0.997033715 -0.051044092 -0.001178116 -0.691443026 -0.002963731 0.722424924 4.597672462
0.683348119 0.074150138 0.726317406 0.153029919 -0.053745765 0.997239053 -0.051242515 -0.002934739 -0.728111744 -0.004020007 0.685446680 4.616795540
0.644282103 0.073131271 0.761283398 0.174558640 -0.050946634 0.997310579 -0.052688111 -0.003340274 -0.763089120 -0.004838816 0.646275163 4.632916451
0.601514816 0.073040083 0.795515656 0.203442574 -0.049524970 0.997305512 -0.054119971 -0.004935712 -0.797325015 -0.006843925 0.603511393 4.652090073
0.555262208 0.072591946 0.828501284 0.234078169 -0.045661256 0.997341871 -0.056783285 -0.006242648 -0.830421031 -0.006300803 0.557100773 4.669869423
0.506601870 0.070518710 0.859291375 0.292601824 -0.042767748 0.997477949 -0.056645092 -0.013072103 -0.861118734 -0.008053445 0.508340120 4.695488930
0.457945108 0.068075128 0.886370182 0.329045892 -0.040900689 0.997621238 -0.055488028 -0.015585661 -0.888039052 -0.010842674 0.459640115 4.711086750
0.408228815 0.065170303 0.910550416 0.366558909 -0.040095918 0.997765899 -0.053436253 -0.018012114 -0.911998630 -0.014695128 0.409929901 4.725618362
0.357343614 0.066237167 0.931621253 0.403307438 -0.044455361 0.997557700 -0.053873349 -0.017869383 -0.932914376 -0.022164255 0.359415472 4.741268635
0.307215929 0.066820242 0.949290991 0.444510221 -0.042824578 0.997491956 -0.056353915 -0.019336157 -0.950675726 -0.023340169 0.309306979 4.753556728
0.260295600 0.062892228 0.963478506 0.488564610 -0.032456797 0.997882307 -0.056369375 -0.023215622 -0.964983284 -0.016598724 0.261785686 4.761795521
0.216898799 0.057412650 0.974504352 0.529304087 -0.018514032 0.998331428 -0.054695684 -0.023983076 -0.976018488 -0.006178571 0.217599824 4.765367031
0.174186856 0.056442842 0.983093679 0.576929271 -0.009915927 0.998405874 -0.055565041 -0.026237130 -0.984662712 -0.000069584 0.174468845 4.771241665
0.136762574 0.060567498 0.988750517 0.630397916 -0.004013971 0.998154759 -0.060588375 -0.017149441 -0.990595698 0.004317405 0.136753306 4.772185326
0.103935480 0.060793426 0.992724299 0.680261970 0.004577613 0.998090327 -0.061601307 -0.020884044 -0.994573474 0.010946868 0.103458688 4.775711060
0.074789472 0.059846979 0.995401978 0.729052365 0.011827226 0.998074055 -0.060896277 -0.022558566 -0.997129202 0.016327243 0.073937632 4.777073383
0.049993530 0.058199834 0.997052431 0.780449271 0.018885612 0.998067200 -0.059206013 -0.025361359 -0.998570979 0.021789862 0.048797779 4.778128624
0.029434562 0.056099452 0.997991145 0.829448402 0.021518840 0.998156846 -0.056743439 -0.032178435 -0.999335051 0.023145830 0.028173121 4.779221058
0.012898160 0.057724141 0.998249233 0.883730114 0.024169913 0.998022616 -0.058023330 -0.034900196 -0.999624670 0.024875989 0.011477476 4.780789375
0.000397053 0.058989074 0.998258650 0.940115213 0.026016345 0.997920275 -0.058979418 -0.032450687 -0.999661446 0.025994455 -0.001138453 4.777436733
-0.011228552 0.060080297 0.998130381 0.996305883 0.027434736 0.997836113 -0.059753951 -0.034737915 -0.999560595 0.026712490 -0.012852540 4.776690483
-0.020030776 0.062584400 0.997838557 1.058134198 0.032011740 0.997567296 -0.061924774 -0.038540546 -0.999286711 0.030702151 -0.021985481 4.772781372
-0.026775211 0.064656623 0.997548223 1.116814137 0.035991773 0.997321367 -0.063675858 -0.041165330 -0.998993337 0.034198601 -0.029030597 4.770721912
-0.031304471 0.063750088 0.997474790 1.170294642 0.036501624 0.997371137 -0.062597901 -0.044818029 -0.998843074 0.034449857 -0.033549163 4.768787861
-0.034677256 0.061157756 0.997525573 1.231483698 0.033998381 0.997620344 -0.059981659 -0.047340147 -0.998820066 0.031834256 -0.036674008 4.766491413
-0.037346374 0.054446384 0.997818053 1.296849012 0.031937648 0.998069584 -0.053264745 -0.049876038 -0.998791873 0.029878719 -0.039013170 4.764241695
-0.038389545 0.049434133 0.998039365 1.360362887 0.033451658 0.998279274 -0.048159312 -0.051845945 -0.998702765 0.031537257 -0.039977144 4.762161255
-0.038917344 0.046232942 0.998172283 1.422135711 0.036092769 0.998342276 -0.044833608 -0.055347275 -0.998590410 0.034281988 -0.040521502 4.758436680
-0.038656015 0.048451886 0.998077154 1.487698674 0.039374668 0.998121917 -0.046929047 -0.058438405 -0.998476505 0.037484866 -0.040491190 4.756077290
-0.038156666 0.055748168 0.997715473 1.547776341 0.040296186 0.997716308 -0.054207124 -0.061250128 -0.998458982 0.038135767 -0.040315960 4.753900051
-0.035807639 0.063796148 0.997320235 1.614182591 0.041147843 0.997208118 -0.062311608 -0.064340554 -0.998511195 0.038806353 -0.038332745 4.751813412
-0.033713989 0.065089911 0.997309685 1.681924224 0.041851632 0.997093737 -0.063661002 -0.066031344 -0.998554885 0.039592784 -0.036340129 4.749712944
-0.031391166 0.060288072 0.997687399 1.745365143 0.040988006 0.997417212 -0.058982108 -0.070268899 -0.998666406 0.039041698 -0.033781182 4.746860027
-0.028803535 0.053839885 0.998134017 1.814763069 0.040549442 0.997789383 -0.052651133 -0.074128024 -0.998762310 0.038957238 -0.030923041 4.745244026
-0.026139552 0.052145518 0.998297274 1.881945491 0.038986433 0.997932017 -0.051105611 -0.077673882 -0.998897791 0.037584174 -0.028118460 4.743784904
-0.022968940 0.058160096 0.998043060 1.950652003 0.046288416 0.997297645 -0.057051379 -0.080652997 -0.998663962 0.044887424 -0.025599010 4.741989136
-0.018949006 0.063284323 0.997815549 2.019179583 0.048092458 0.996897399 -0.062312778 -0.084630750 -0.998663127 0.046806637 -0.021933708 4.739547253
-0.016747851 0.063704513 0.997828245 2.094727278 0.042195454 0.997124195 -0.062951341 -0.089180589 -0.998968959 0.041049529 -0.019387735 4.738605022
-0.013566763 0.060335174 0.998085916 2.163662434 0.037752435 0.997496963 -0.059786409 -0.092630260 -0.999195039 0.036869068 -0.015810609 4.739039898
-0.008784821 0.056728695 0.998350978 2.225924492 0.041933209 0.997532189 -0.056313187 -0.095901810 -0.999081790 0.041369349 -0.011141958 4.738247871
-0.005360282 0.057360679 0.998339236 2.306413889 0.046291489 0.997297406 -0.057052277 -0.101724863 -0.998913527 0.045908790 -0.008001107 4.736666679
-0.002383045 0.061855335 0.998082221 2.374286890 0.045721769 0.997048020 -0.061682068 -0.105290666 -0.998951316 0.045487091 -0.005204146 4.735944271
0.000998821 0.062456138 0.998047352 2.435331821 0.042339135 0.997150123 -0.062442373 -0.108854651 -0.999102771 0.042318832 -0.001648364 4.737485409
0.005205292 0.061982859 0.998063624 2.504172325 0.041644458 0.997197866 -0.062146280 -0.112499744 -0.999118865 0.041887313 0.002609464 4.736995697
0.008541939 0.058830954 0.998231411 2.578333855 0.045703124 0.997201681 -0.059161350 -0.117258087 -0.998918533 0.046127647 0.005829277 4.737865448
0.012123658 0.059655063 0.998145342 2.645785332 0.050201036 0.996923685 -0.060191792 -0.120250180 -0.998665512 0.050837681 0.009091617 4.737928867
0.015777631 0.060060594 0.998070002 2.716001272 0.053760532 0.996699452 -0.060827963 -0.124940023 -0.998429179 0.054616500 0.012496666 4.738608837
0.018139670 0.060306136 0.998015106 2.783904552 0.053047035 0.996715367 -0.061191771 -0.128896713 -0.998427391 0.054051723 0.014881030 4.740514755
0.021830428 0.058754519 0.998033702 2.853164673 0.054650772 0.996708870 -0.059871923 -0.132984564 -0.998266935 0.055850342 0.018547604 4.741487026
0.025469810 0.057948660 0.997994602 2.922929525 0.056924801 0.996614575 -0.059321307 -0.136792585 -0.998053610 0.058321543 0.022084868 4.743432045
0.028303208 0.057740860 0.997930348 2.989777803 0.055220760 0.996715426 -0.059236735 -0.140931576 -0.998072922 0.056783054 0.025021750 4.744944572
0.030410983 0.059787035 0.997747779 3.060724020 0.052186716 0.996753037 -0.061318059 -0.144370764 -0.998174131 0.053933926 0.027192151 4.749784470
0.034059435 0.059764724 0.997631252 3.129666805 0.053908013 0.996647418 -0.061546218 -0.148207217 -0.997964919 0.055876553 0.030723449 4.750424862
0.036785409 0.059741616 0.997535825 3.197818995 0.051849350 0.996752858 -0.061606728 -0.151662931 -0.997977197 0.053987812 0.033568397 4.753393173
0.039112780 0.059649020 0.997452736 3.268071175 0.050324176 0.996832371 -0.061585255 -0.155948520 -0.997966707 0.052604768 0.035987094 4.757070065
0.042372327 0.059594989 0.997322917 3.338408470 0.047578115 0.996966541 -0.061595108 -0.160428450 -0.997968376 0.050060663 0.039408382 4.760042191
0.045182064 0.061879978 0.997060359 3.406663656 0.045905873 0.996896684 -0.063950062 -0.163770601 -0.997923434 0.048660334 0.042201199 4.763661385
0.048345447 0.065250292 0.996697128 3.477676630 0.044656742 0.996724904 -0.067418225 -0.167972386 -0.997831881 0.047768619 0.045273244 4.767502308
0.051389828 0.067267977 0.996410608 3.548447609 0.045019258 0.996558726 -0.069599830 -0.172561973 -0.997663498 0.048434395 0.048184630 4.772174835
0.054875929 0.069603957 0.996064126 3.618496656 0.039150603 0.996650279 -0.071801811 -0.176835701 -0.997725368 0.042936709 0.051967077 4.776189804
0.057501841 0.068585880 0.995986640 3.690928459 0.035499435 0.996865988 -0.070695922 -0.181221798 -0.997714043 0.039422110 0.054886878 4.782136917
0.060663924 0.068948783 0.995773971 3.763732910 0.037816253 0.996736467 -0.071319230 -0.186525851 -0.997441709 0.041982941 0.057858564 4.787450790
0.064841926 0.070331499 0.995413959 3.834758759 0.036921907 0.996661067 -0.072824746 -0.191440701 -0.997212231 0.041474681 0.062028639 4.791219711
0.067835927 0.071920298 0.995100796 3.907740593 0.032755934 0.996700108 -0.074268848 -0.195342809 -0.997158647 0.037633557 0.065256253 4.798325062
0.072557509 0.069653496 0.994929075 3.981520414 0.031943470 0.996884286 -0.072119944 -0.199943796 -0.996852577 0.037014335 0.070106469 4.803271294
0.077119648 0.069388755 0.994604349 4.052591801 0.031972270 0.996890008 -0.072027296 -0.205741525 -0.996509075 0.037354473 0.074661292 4.808830261
0.082456537 0.073295347 0.993895769 4.126658440 0.028782114 0.996700764 -0.075890057 -0.210500270 -0.996178925 0.034864046 0.080074891 4.815552235
0.088558987 0.081684038 0.992715955 4.200651169 0.026624283 0.996081591 -0.084336095 -0.215906918 -0.995715022 0.033899076 0.086037174 4.822673321
0.095929056 0.086309642 0.991639137 4.280381203 0.025132058 0.995706022 -0.089094818 -0.222819984 -0.995070875 0.033468723 0.093347974 4.829344749
0.102998681 0.089129679 0.990680158 4.355233669 0.020792974 0.995566726 -0.091731116 -0.229196817 -0.994464219 0.030047370 0.100688785 4.838630676
0.110354692 0.087149821 0.990064025 4.432637215 0.017465731 0.995824397 -0.089603640 -0.235598341 -0.993738770 0.027180379 0.108371750 4.848002911
0.117977291 0.085349001 0.989341676 4.495931625 0.017342044 0.995970428 -0.087988876 -0.241477817 -0.992864847 0.027537894 0.116021805 4.854297638
0.125611216 0.081703827 0.988709390 4.574115753 0.017949205 0.996252656 -0.084607527 -0.247400060 -0.991917253 0.028374208 0.123674005 4.864657879
0.132601500 0.076114230 0.988242567 4.649019241 0.014530598 0.996790648 -0.078722298 -0.253857225 -0.991062880 0.024798453 0.131069958 4.875535488
0.139731660 0.069026545 0.987780511 4.722828865 0.012210208 0.997371197 -0.071424000 -0.258902431 -0.990114093 0.022041200 0.138521507 4.887016296
0.147467762 0.065949380 0.986865699 4.798274517 0.012961433 0.997560024 -0.068600871 -0.264625669 -0.988981843 0.022907613 0.146253154 4.898189068
0.154394165 0.067863576 0.985675931 4.872391224 0.012604089 0.997421741 -0.070646554 -0.269676596 -0.987928927 0.023330962 0.153140739 4.910398006
0.160373583 0.074515395 0.984239697 4.946033001 0.013755445 0.996880889 -0.077713773 -0.274159133 -0.986960351 0.026001893 0.158848375 4.922261715
0.165796176 0.078090049 0.983063340 5.029835224 0.012210017 0.996620893 -0.081226252 -0.282021493 -0.986084461 0.025470221 0.164282456 4.936127663
0.171151713 0.080817565 0.981924474 5.102870941 0.011529981 0.996397495 -0.084018476 -0.287879646 -0.985177219 0.025701476 0.169603318 4.949305058
0.175960109 0.080636717 0.981089056 5.171961784 0.008229286 0.996483982 -0.083377987 -0.293691814 -0.984362841 0.022744862 0.174677879 4.963006973
0.181390360 0.077346496 0.980364740 5.243618011 0.012027189 0.996653318 -0.080856889 -0.300218999 -0.983337641 0.026457695 0.179853007 4.976150036
0.185585201 0.070934802 0.980064392 5.313063622 0.013468411 0.997113585 -0.074719161 -0.304492652 -0.982535839 0.027066683 0.184094131 4.990385056
0.188761607 0.064894602 0.979876339 5.382739067 0.010849345 0.997615397 -0.068159409 -0.309825957 -0.981963098 0.023496894 0.187607422 5.004542351
0.189672261 0.063958853 0.979762077 5.414527893 0.003799954 0.997820735 -0.065873362 -0.306156456 -0.981840074 0.016217401 0.189015910 5.014188766
0.192736998 0.063988201 0.979161918 5.482292652 0.001994639 0.997843862 -0.065601699 -0.310832918 -0.981248438 0.014596946 0.192193761 5.028301239
0.195154220 0.065927647 0.978554189 5.557476521 0.000636902 0.997729421 -0.067346536 -0.316510439 -0.980772376 0.013766200 0.194669098 5.044596672
0.196893185 0.070773214 0.977867126 5.622748375 -0.003334545 0.997433722 -0.071517929 -0.320478320 -0.980419278 0.010820649 0.196623892 5.058250904
0.196524918 0.079251461 0.977290750 5.671231747 -0.011392600 0.996845365 -0.078546233 -0.315221876 -0.980432630 0.004302415 0.196807846 5.071049213
0.198366359 0.084663831 0.976464391 5.734838009 -0.011818034 0.996396422 -0.083991215 -0.320068687 -0.980056703 0.005121142 0.198652059 5.085000038
0.200217888 0.086383902 0.975935757 5.797940731 -0.011418306 0.996243536 -0.085838899 -0.325395375 -0.979684711 0.006042952 0.200452179 5.097953320
0.201256603 0.086866803 0.975679219 5.852353096 -0.014609178 0.996215582 -0.085681692 -0.329963684 -0.979429603 0.002990137 0.201763988 5.109265804
0.202096388 0.083832704 0.975771070 5.914506435 -0.014186720 0.996475756 -0.082673259 -0.335102767 -0.979262829 0.002864975 0.202573448 5.122572422
0.203251824 0.080054685 0.975848317 5.963720322 -0.012366050 0.996782303 -0.079196401 -0.340862930 -0.979048431 0.004029420 0.203587756 5.131379128
0.203044191 0.078856274 0.975989103 6.023088932 -0.011244303 0.996873975 -0.078204431 -0.345180213 -0.979105055 0.004904637 0.203296155 5.143625736
0.201093391 0.077804498 0.976477325 6.082638741 -0.012264234 0.996962428 -0.076911069 -0.350774318 -0.979495347 0.003490561 0.201436803 5.157207489
0.199363366 0.079929002 0.976660430 6.141338825 -0.015340337 0.996800363 -0.078445844 -0.354533851 -0.979805529 0.000656930 0.199951574 5.169563770
0.196795225 0.082756847 0.976945758 6.198634624 -0.015983228 0.996569693 -0.081199534 -0.359103501 -0.980314314 0.000364939 0.197442845 5.182460308
0.195395380 0.085550003 0.976986110 6.249948502 -0.011812357 0.996321082 -0.084880628 -0.364393771 -0.980653405 0.005044770 0.195687056 5.191156387
0.194253489 0.085948832 0.977178752 6.305753708 -0.009617782 0.996273100 -0.085716382 -0.369022399 -0.980904162 0.007252416 0.194356173 5.201503754
0.191301674 0.086179748 0.977740645 6.364475250 -0.012531250 0.996271253 -0.085361242 -0.372684836 -0.981451213 0.004077437 0.191668302 5.214180470
0.190114111 0.083053105 0.978242695 6.453473568 -0.011546833 0.996535599 -0.082362138 -0.379579812 -0.981694102 0.004362598 0.190414503 5.234113693
0.188343793 0.079107247 0.978911936 6.508015633 -0.011180502 0.996858776 -0.078406401 -0.384337813 -0.982039571 0.003822631 0.188636586 5.244288445
0.186784029 0.078182645 0.979285061 6.558682442 -0.007837757 0.996915102 -0.078095242 -0.388892949 -0.982369781 0.006911546 0.186820626 5.253145695
0.183122069 0.079451099 0.979874313 6.572933674 -0.003974729 0.996780574 -0.080079086 -0.390043616 -0.983082116 0.010769510 0.182848319 5.254779816
0.179979771 0.081303023 0.980304539 6.623547554 -0.000702469 0.996588707 -0.082524613 -0.394574016 -0.983670056 0.014164125 0.179422930 5.264717579
0.178501397 0.083440483 0.980395317 6.672571659 -0.000607994 0.996406972 -0.084692508 -0.397719830 -0.983939588 0.014521657 0.177910745 5.273420334
0.178199649 0.085840471 0.980242968 6.747515678 -0.000528850 0.996195912 -0.087141320 -0.404401183 -0.983994186 0.015010153 0.177567169 5.290455341
0.177584574 0.084404342 0.980479181 6.798608780 0.001010536 0.996299028 -0.085949197 -0.408236116 -0.984104991 0.016254064 0.176842034 5.298777580
0.178736642 0.082721867 0.980413318 6.847542286 0.007353443 0.996319115 -0.085404523 -0.412358373 -0.983869314 0.022474330 0.177470446 5.306102753
0.179987684 0.080862485 0.980339587 6.896353245 0.012121322 0.996357441 -0.084409155 -0.416102171 -0.983594120 0.027075620 0.178351924 5.315956116
0.182553083 0.079900198 0.979944050 6.946772575 0.015124587 0.996346354 -0.084055118 -0.420387626 -0.983079672 0.030165769 0.180677637 5.324498177
0.186006859 0.080497861 0.979245365 6.997585297 0.011430314 0.996393561 -0.084078699 -0.423729092 -0.982481956 0.026832296 0.184415922 5.334647179
0.191312164 0.081162736 0.978167832 7.050999641 0.010608002 0.996346116 -0.084745802 -0.427743793 -0.981471896 0.026589310 0.189752191 5.344279289
0.197748348 0.079885907 0.976992190 7.102565765 0.011697225 0.996410489 -0.083841257 -0.432303578 -0.980183065 0.028007563 0.196104079 5.355385303
0.205111459 0.080938980 0.975386202 7.155111790 0.009364937 0.996366799 -0.084649310 -0.435137004 -0.978693783 0.026496978 0.203608245 5.367033958
0.213140771 0.077849030 0.973914981 7.202835083 0.010442900 0.996581972 -0.081946306 -0.439606369 -0.976965666 0.027636599 0.211599275 5.380258083
0.222040385 0.077748202 0.971932709 7.256443977 0.006996447 0.996663034 -0.081324831 -0.444043785 -0.975012302 0.024857471 0.220755503 5.393616199
0.231776729 0.077138394 0.969705760 7.309993744 0.005683498 0.996726513 -0.080646336 -0.448484510 -0.972752392 0.024203258 0.230579615 5.406859875
0.241724730 0.080730483 0.966980755 7.364217758 0.000592849 0.996520579 -0.083344877 -0.452749938 -0.970344603 0.020719789 0.240835801 5.420842648
0.251483679 0.083194427 0.964279294 7.416874886 -0.002788617 0.996356964 -0.085234694 -0.455938399 -0.967857540 0.018746132 0.250799537 5.434349060
0.262597024 0.085860118 0.961077988 7.472674370 -0.006990441 0.996176243 -0.087085694 -0.460355222 -0.964880288 0.016150085 0.262193084 5.450425148
0.272983611 0.087340415 0.958045721 7.529360294 -0.008075312 0.996043205 -0.088503495 -0.465263128 -0.961984694 0.016423484 0.272608727 5.467391014
0.282414824 0.088842578 0.955169559 7.595283508 -0.011732498 0.995947599 -0.089166500 -0.469779074 -0.959220648 0.013975417 0.282312721 5.490524292
0.292961121 0.089412726 0.951934516 7.652629852 -0.012885110 0.995896578 -0.089576535 -0.474480540 -0.956037581 0.013976661 0.292911053 5.508139610
0.302795351 0.090620443 0.948737502 7.715130806 -0.017156051 0.995826185 -0.089642748 -0.478931010 -0.952901125 0.010866812 0.303086281 5.531760216
0.313203454 0.086124629 0.945772767 7.774690628 -0.016866105 0.996226788 -0.085133709 -0.483485490 -0.949536264 0.010712669 0.313474387 5.551886082
0.324200451 0.078396298 0.942734301 7.816528797 -0.012730272 0.996831477 -0.078517057 -0.486592323 -0.945902765 0.013454003 0.324171185 5.563465118
0.335091680 0.073607579 0.939305842 7.876955986 -0.010838700 0.997178793 -0.074276082 -0.491396308 -0.942123175 0.014708442 0.334944129 5.585753441
0.345239222 0.070745260 0.935844481 7.954099655 -0.011891867 0.997404516 -0.071011908 -0.497128844 -0.938439369 0.013387161 0.345184445 5.617767334
0.354952306 0.067668311 0.932432175 8.016474724 -0.004896449 0.997497916 -0.070526302 -0.501059532 -0.934871674 0.020467866 0.354395509 5.641055584
0.364344209 0.061999641 0.929198205 8.093498230 0.001796532 0.997732639 -0.067276970 -0.508058906 -0.931262612 0.026181301 0.363406777 5.668375969
0.371378511 0.053033575 0.926965654 8.159291267 0.011042303 0.998044491 -0.061524116 -0.511555314 -0.928415895 0.033084568 0.370066673 5.693387985
0.377649724 0.049063925 0.924647748 8.208982468 0.015867544 0.998105526 -0.059442472 -0.512219727 -0.925812542 0.037120312 0.376155794 5.716193199
0.384657800 0.048606928 0.921778619 8.273678780 0.018271217 0.998015940 -0.060251623 -0.517158985 -0.922878385 0.040018272 0.383006513 5.743651867
0.393304825 0.054640289 0.917783082 8.350516319 0.020851221 0.997445583 -0.068318538 -0.523462534 -0.919171691 0.046006911 0.391160876 5.773308754
0.400703847 0.059059922 0.914302170 8.416089058 0.025077397 0.996839404 -0.075381927 -0.526834011 -0.915864468 0.053134143 0.397956282 5.801917076
0.405680805 0.061194345 0.911963999 8.477256775 0.022699939 0.996773958 -0.076983131 -0.531837523 -0.913732886 0.051932123 0.402983010 5.829336166
0.409500331 0.063306436 0.910110891 8.541547775 0.015183109 0.996978402 -0.076180436 -0.536892116 -0.912183523 0.045014229 0.407301873 5.861495972
0.413875163 0.066417217 0.907907546 8.602260590 0.008670913 0.997002006 -0.076887548 -0.542204380 -0.910292327 0.039694227 0.412058473 5.889122486
0.418131173 0.069330476 0.905737042 8.665389061 0.008007290 0.996763051 -0.079994701 -0.547619104 -0.908351362 0.040700775 0.416222543 5.918792248
0.421861678 0.073998190 0.903635383 8.728271484 0.004464955 0.996482134 -0.083685800 -0.552875459 -0.906649232 0.039338514 0.420047194 5.949164391
0.425444365 0.076380752 0.901755571 8.783269882 0.002105180 0.996345699 -0.085385971 -0.557647467 -0.904982150 0.038225338 0.423728853 5.975919724
0.429194868 0.074541308 0.900130749 8.842483521 0.000760399 0.996558428 -0.082889222 -0.563603759 -0.903211653 0.036260087 0.427661061 6.004819870
0.433098972 0.072118908 0.898456514 8.901991844 0.001505006 0.996734679 -0.080733150 -0.568144262 -0.901345074 0.036317632 0.431576192 6.034607887
0.437164217 0.069027685 0.896728873 8.958221436 0.001439809 0.996995389 -0.077447839 -0.573292017 -0.899380565 0.035148535 0.435751319 6.060807228
0.440507323 0.068241946 0.895151615 9.015229225 0.000634782 0.997082829 -0.076325066 -0.578012586 -0.897748709 0.034189977 0.439179063 6.089840889
0.443995535 0.069599591 0.893321872 9.072331429 -0.001196019 0.997023880 -0.077084661 -0.582919478 -0.896028221 0.033156820 0.442757428 6.118436813
0.447962224 0.066926338 0.891543984 9.126297951 0.002568925 0.997093737 -0.076140523 -0.594830751 -0.894048810 0.036398385 0.446488440 6.141754627
0.450421959 0.065056778 0.890442371 9.181713104 0.004831163 0.997149467 -0.075296730 -0.599157810 -0.892802715 0.038217172 0.448823750 6.169032097
0.452239990 0.064244084 0.889579415 9.236927986 0.006673352 0.997130692 -0.075403839 -0.603210688 -0.891871274 0.040037107 0.450513691 6.196641922
0.453576416 0.063856393 0.888926804 9.286647797 0.005463266 0.997211754 -0.074422717 -0.607872009 -0.891200662 0.038612839 0.451962829 6.224289417
0.455568820 0.063507676 0.887932360 9.339415550 0.006196396 0.997201622 -0.074502103 -0.612635851 -0.890178919 0.039442826 0.453900456 6.251532078
0.458088070 0.065451406 0.886493921 9.392027855 0.005434072 0.997060657 -0.076422736 -0.616881728 -0.888890207 0.039825626 0.456385970 6.279093742
0.460956603 0.065055065 0.885034919 9.438735008 0.009229816 0.996903896 -0.078085266 -0.620751321 -0.887374640 0.044162642 0.458929092 6.303124428
0.464162886 0.064874426 0.883370936 9.489123344 0.010446275 0.996843815 -0.078696772 -0.625139952 -0.885688305 0.045756061 0.462020218 6.329259396
0.467338443 0.062909015 0.881837368 9.539190292 0.013786399 0.996825218 -0.078418300 -0.629293084 -0.883970976 0.048805255 0.464987427 6.356126308
0.470526904 0.062060483 0.880200505 9.587264061 0.015751781 0.996773839 -0.078700140 -0.632707596 -0.882245064 0.050895266 0.468031406 6.382023811
0.475031853 0.054812130 0.878259897 9.634272575 0.021088287 0.997062445 -0.073632792 -0.650781274 -0.879715919 0.053498916 0.472480446 6.402989388
0.478904009 0.053960264 0.876207411 9.680848122 0.022241438 0.997042894 -0.073558182 -0.653905511 -0.877585471 0.054715414 0.476287693 6.427229881
0.482982695 0.053424459 0.873998582 9.726363182 0.024177376 0.996942759 -0.074300326 -0.657351375 -0.875296056 0.057016753 0.480214447 6.450337887
0.484586120 0.061023548 0.872612417 9.765672684 0.018015495 0.996655881 -0.079702668 -0.649608433 -0.874558032 0.054343350 0.481866300 6.479836941
0.488703191 0.061334316 0.870291531 9.811149597 0.020236783 0.996460557 -0.081589900 -0.653186798 -0.872215450 0.057485148 0.485732228 6.505554199
0.493469059 0.064751945 0.867349684 9.856024742 0.017869590 0.996259689 -0.084542409 -0.657647967 -0.869579792 0.057218254 0.490466177 6.532268524
0.499271810 0.070609502 0.863563478 9.898007393 0.014393508 0.995860398 -0.089748465 -0.661748171 -0.866325855 0.057238579 0.496188700 6.556144714
0.505338728 0.077621810 0.859422863 9.941828728 0.009208927 0.995404303 -0.095318273 -0.666294456 -0.862871885 0.056082375 0.502301455 6.582997322
0.512101054 0.077529572 0.855418980 9.987795830 0.009576315 0.995340586 -0.095944054 -0.681670487 -0.858871818 0.057324819 0.508972585 6.608845234
0.518888175 0.082153246 0.850885332 10.032587051 0.006034978 0.994994521 -0.099747278 -0.686016083 -0.854820848 0.056892760 0.515795112 6.636556149
0.525453806 0.076595187 0.847367346 10.079881668 0.006862290 0.995525599 -0.094242796 -0.700484157 -0.850794435 0.055335131 0.522577107 6.663328648
0.531026065 0.076035418 0.843937159 10.125001907 0.000510884 0.995937049 -0.090051450 -0.704525173 -0.847355306 0.048250832 0.528829694 6.692457199
0.537092984 0.073147178 0.840345502 10.170976639 -0.005823874 0.996530831 -0.083019972 -0.709703922 -0.843502939 0.039695375 0.535655737 6.723541260
0.542941332 0.073813610 0.836520314 10.210493088 -0.013438719 0.996765792 -0.079231106 -0.708247662 -0.839663088 0.031776085 0.542177260 6.750778675
0.548722386 0.071995869 0.832898796 10.257876396 -0.016295176 0.997016728 -0.075446807 -0.712544441 -0.835845888 0.027827112 0.548258483 6.784426212
0.555072188 0.075635120 0.828356385 10.305395126 -0.021327745 0.996824086 -0.076726012 -0.715972543 -0.831528783 0.024921486 0.554922402 6.817679882
0.561370373 0.079436444 0.823743522 10.348643303 -0.025364632 0.996566415 -0.078816712 -0.720453620 -0.827175915 0.023351403 0.561457753 6.847886562
0.567902565 0.083028845 0.818897307 10.397290230 -0.027350400 0.996253490 -0.082043737 -0.723376989 -0.822641194 0.024195682 0.568045795 6.881676674
0.574452281 0.085048877 0.814107716 10.445802689 -0.030067660 0.996108651 -0.082845919 -0.728344738 -0.817985713 0.023112711 0.574774086 6.916842461
0.581076562 0.086355969 0.809254348 10.495898247 -0.032778010 0.996031106 -0.082751110 -0.731349230 -0.813188553 0.021558985 0.581600785 6.952807903
0.586488783 0.088276751 0.805132389 10.541523933 -0.039738931 0.995981872 -0.080254637 -0.736751080 -0.808981895 0.015073350 0.587640226 6.990812302
0.593727648 0.086995773 0.799949586 10.592443466 -0.040136006 0.996102810 -0.078538559 -0.739873290 -0.803664505 0.014523742 0.594905436 7.029758453
0.601022124 0.084705874 0.794731021 10.646018982 -0.039286900 0.996296823 -0.076478586 -0.744137526 -0.798266292 0.014742795 0.602124214 7.071813583
