0.999999762 -0.000684879 -0.000204820 -0.000712397 0.000685245 0.999998093 0.001790355 -0.001139967 0.000203593 -0.001790495 0.999998391 0.053478003
0.999998212 -0.001710884 -0.000697130 -0.000281581 0.001712110 0.999996960 0.001762051 -0.001559198 0.000694114 -0.001763242 0.999998212 0.100658014
0.999994278 -0.003287311 -0.000785847 -0.000424683 0.003287882 0.999994338 0.000727076 -0.002307441 0.000783453 -0.000729656 0.999999404 0.150701299
0.999992788 -0.003733132 -0.000618324 -0.000731512 0.003733757 0.999992430 0.001012572 -0.003190748 0.000614539 -0.001014873 0.999999285 0.200638890
0.999991059 -0.004163612 -0.000777000 -0.001222909 0.004165090 0.999989510 0.001911037 -0.004317735 0.000769035 -0.001914256 0.999997854 0.254016250
0.999984443 -0.005553751 -0.000441557 -0.001543990 0.005555113 0.999979556 0.003148612 -0.004976567 0.000424062 -0.003151017 0.999994934 0.304708540
0.999986827 -0.005120148 -0.000425854 -0.003323197 0.005121670 0.999980211 0.003651521 -0.006120131 0.000407149 -0.003653654 0.999993205 0.362855256
0.999990404 -0.004318343 -0.000751656 -0.003484638 0.004319734 0.999989033 0.001860839 -0.006850229 0.000743612 -0.001864068 0.999997973 0.413669437
0.999998093 -0.001614837 -0.001100184 -0.002342681 0.001614439 0.999998629 -0.000362657 -0.007123731 0.001100768 0.000360881 0.999999344 0.456545889
0.999998152 0.001781071 -0.000674922 -0.004344798 -0.001781891 0.999997616 -0.001216965 -0.008427341 0.000672753 0.001218165 0.999999046 0.513948262
0.999990761 0.004242036 -0.000676630 -0.004754733 -0.004242897 0.999990165 -0.001274783 -0.009278578 0.000671216 0.001277642 0.999998927 0.565165460
0.999985337 0.005319986 -0.000964014 -0.004628836 -0.005320275 0.999985754 -0.000297133 -0.010089232 0.000962419 0.000302257 0.999999523 0.617215931
0.999994516 0.003118334 0.001031748 -0.007526168 -0.003120466 0.999992967 0.002070898 -0.009650297 -0.001025283 -0.002074107 0.999997318 0.661855996
0.999998927 -0.000803978 0.001144444 -0.007570231 0.000800010 0.999993682 0.003464650 -0.010125123 -0.001147222 -0.003463732 0.999993384 0.714218140
0.999992609 -0.003752440 0.000850869 -0.007517367 0.003751317 0.999992013 0.001317905 -0.010779776 -0.000855807 -0.001314704 0.999998748 0.764003277
0.999988675 -0.004708803 0.000718664 -0.007337781 0.004709331 0.999988556 -0.000734089 -0.011540420 -0.000715199 0.000737466 0.999999464 0.816489935
0.999996781 -0.002242128 0.001164846 -0.011923396 0.002244894 0.999994636 -0.002379069 -0.013895319 -0.001159506 0.002381676 0.999996483 0.898083031
0.999998927 0.000259562 0.001397518 -0.012191513 -0.000258707 0.999999821 -0.000612258 -0.014584835 -0.001397676 0.000611895 0.999998868 0.950710893
0.999997556 0.000397029 0.002134747 -0.013062979 -0.000405031 0.999992907 0.003749297 -0.016357508 -0.002133243 -0.003750153 0.999990702 1.011982679
0.999994516 -0.001633429 0.002871698 -0.013473017 0.001619684 0.999987245 0.004782084 -0.016412426 -0.002879473 -0.004777407 0.999984443 1.065053940
0.999978125 -0.006238609 0.002197381 -0.012412362 0.006230673 0.999974132 0.003599889 -0.016739143 -0.002219783 -0.003586119 0.999991119 1.104955077
0.999977469 -0.006393263 0.002061221 -0.012477997 0.006390213 0.999978483 0.001482765 -0.017343311 -0.002070656 -0.001469560 0.999996781 1.158249140
0.999972880 -0.006747880 0.002920140 -0.013438378 0.006751842 0.999976218 -0.001349255 -0.018358624 -0.002910966 0.001368935 0.999994814 1.211512089
0.999989629 -0.003169044 0.003268964 -0.013232108 0.003175081 0.999993205 -0.001843280 -0.019352831 -0.003263100 0.001853640 0.999992967 1.265304565
0.999984622 -0.002950999 0.004697359 -0.013724815 0.002970402 0.999987066 -0.004128831 -0.019349847 -0.004685114 0.004142719 0.999980450 1.298719764
0.999987066 -0.001705853 0.004787272 -0.013576746 0.001723140 0.999992013 -0.003609184 -0.020496752 -0.004781078 0.003617386 0.999981999 1.352121472
0.999988794 -0.001931321 0.004328887 -0.011962130 0.001941498 0.999995351 -0.002347931 -0.020818748 -0.004324332 0.002356309 0.999987900 1.391879678
0.999990404 -0.000387593 0.004372504 -0.012416344 0.000392912 0.999999166 -0.001215780 -0.021476086 -0.004372029 0.001217486 0.999989748 1.445952773
0.999989629 0.001719783 0.004219605 -0.012343118 -0.001718328 0.999998450 -0.000348380 -0.022580063 -0.004220197 0.000341126 0.999991059 1.496175289
0.999985814 0.003601366 0.003939903 -0.012390167 -0.003599195 0.999993384 -0.000558015 -0.023551947 -0.003941887 0.000543827 0.999992132 1.550637722
0.999969959 0.006348565 0.004440685 -0.014225517 -0.006348368 0.999979794 -0.000057952 -0.024957351 -0.004440964 0.000029759 0.999990106 1.610437870
0.999969363 0.007027563 0.003433025 -0.014029276 -0.007026738 0.999975324 -0.000252424 -0.025709843 -0.003434715 0.000228293 0.999994040 1.665091276
0.999973834 0.006074665 0.003924562 -0.013458179 -0.006073049 0.999981403 -0.000424055 -0.025434358 -0.003927066 0.000400210 0.999992132 1.701605082
0.999981344 0.005593999 0.002460442 -0.012791872 -0.005589962 0.999982953 -0.001644813 -0.025842175 -0.002469601 0.001631029 0.999995589 1.756064296
0.999987900 0.004461863 0.002061920 -0.013341544 -0.004460529 0.999989867 -0.000650887 -0.027227137 -0.002064803 0.000641682 0.999997675 1.806573749
0.999988019 0.004759718 0.001133450 -0.013529096 -0.004760327 0.999988616 0.000535146 -0.028248498 -0.001130890 -0.000540536 0.999999225 1.860618591
0.999989688 0.004519039 0.000458085 -0.014080633 -0.004519142 0.999989748 0.000227499 -0.028749578 -0.000457052 -0.000229567 0.999999881 1.904869914
0.999986827 0.005123178 -0.000262121 -0.014883768 -0.005123023 0.999986708 0.000592885 -0.029481065 0.000265154 -0.000591534 0.999999762 1.958262086
0.999987066 0.004932482 -0.001169627 -0.015232593 -0.004931093 0.999987125 0.001187240 -0.030144561 0.001175468 -0.001181457 0.999998629 2.011343718
0.999992490 0.003213754 -0.002153229 -0.015290843 -0.003208127 0.999991417 0.002611689 -0.031402387 0.002161604 -0.002604762 0.999994338 2.065814495
0.999994159 0.001465117 -0.003134486 -0.016797366 -0.001457647 0.999996006 0.002384425 -0.031794470 0.003137968 -0.002379842 0.999992192 2.130186558
0.999993622 -0.000792569 -0.003483404 -0.016948979 0.000798146 0.999998331 0.001599828 -0.032502919 0.003482131 -0.001602598 0.999992609 2.184612513
0.999989569 -0.002994542 -0.003448893 -0.021337967 0.003001900 0.999993205 0.002130318 -0.033277031 0.003442489 -0.002140648 0.999991775 2.256909132
0.999992430 -0.002997093 -0.002483292 -0.022264805 0.003003615 0.999992013 0.002626542 -0.034195170 0.002475401 -0.002633980 0.999993443 2.309560299
0.999982297 -0.005303152 -0.002707099 -0.026773017 0.005310745 0.999981880 0.002805033 -0.035309814 0.002692174 -0.002819360 0.999992430 2.403381586
0.999979079 -0.006081000 -0.002245367 -0.027078912 0.006086036 0.999978960 0.002242582 -0.036312550 0.002231683 -0.002256201 0.999994993 2.457322598
0.999949276 -0.009877850 -0.001979294 -0.023775615 0.009881634 0.999949455 0.001911305 -0.036290988 0.001960315 -0.001930766 0.999996185 2.480908394
0.999951839 -0.009553791 -0.002243698 -0.023303283 0.009557328 0.999953151 0.001570922 -0.037154712 0.002228584 -0.001592290 0.999996185 2.535413504
0.999964654 -0.008338698 -0.000996683 -0.027811812 0.008339835 0.999964595 0.001143937 -0.038565177 0.000987108 -0.001152209 0.999998868 2.609578609
0.999990344 -0.004342420 0.000611960 -0.028958762 0.004341259 0.999988854 0.001882622 -0.039432954 -0.000620129 -0.001879948 0.999998033 2.661913872
0.999997199 -0.002246393 0.000629013 -0.028125474 0.002243810 0.999989092 0.004078366 -0.040723115 -0.000638167 -0.004076943 0.999991477 2.706276894
0.999995053 0.002778137 0.001467523 -0.028561857 -0.002784723 0.999985993 0.004504853 -0.041944146 -0.001454987 -0.004508918 0.999988794 2.759178400
0.999977648 0.006376337 0.002003644 -0.027317554 -0.006385298 0.999969482 0.004498583 -0.042630076 -0.001974898 -0.004511276 0.999987900 2.790136337
0.999946177 0.009996020 0.002769199 -0.027962320 -0.010005242 0.999944389 0.003336913 -0.042786691 -0.002735690 -0.003364440 0.999990582 2.843178988
0.999930561 0.011277305 0.003424653 -0.029521530 -0.011289087 0.999930382 0.003440627 -0.043776564 -0.003385613 -0.003479050 0.999988198 2.900916338
0.999939322 0.010399075 0.003639543 -0.029766172 -0.010414542 0.999936819 0.004256750 -0.044828713 -0.003595046 -0.004294395 0.999984384 2.953794718
0.999938309 0.010349114 0.004028438 -0.028505482 -0.010364233 0.999939203 0.003750118 -0.045933727 -0.003989383 -0.003791639 0.999984860 2.993724108
0.999944985 0.009509563 0.004415320 -0.029221557 -0.009522034 0.999950707 0.002812456 -0.046565153 -0.004388358 -0.002854344 0.999986291 3.045239449
0.999958873 0.008416945 0.003375992 -0.028361203 -0.008426261 0.999960661 0.002754590 -0.047085077 -0.003352675 -0.002782925 0.999990463 3.094227076
0.999955952 0.008802036 0.003270719 -0.028706681 -0.008809976 0.999958217 0.002421535 -0.047814194 -0.003249268 -0.002450243 0.999991715 3.146500587
0.999982059 0.005649997 0.002002737 -0.030581351 -0.005655978 0.999979556 0.002992213 -0.050612591 -0.001985790 -0.003003487 0.999993503 3.219468117
0.999979496 0.006283882 0.001202718 -0.030541675 -0.006288175 0.999973834 0.003598910 -0.051510602 -0.001180071 -0.003606399 0.999992788 3.269730091
0.999975920 0.006902735 0.000680843 -0.031219020 -0.006905328 0.999968648 0.003882451 -0.050739348 -0.000654022 -0.003887059 0.999992251 3.307100058
0.999982774 0.005802425 -0.000756829 -0.031304855 -0.005799051 0.999973536 0.004386220 -0.051376835 0.000782259 -0.004381756 0.999990106 3.359089613
0.999994814 0.002571737 -0.001951486 -0.031398159 -0.002561413 0.999982834 0.005274218 -0.052201830 0.001965016 -0.005269192 0.999984205 3.407324076
0.999996483 0.000545490 -0.002602964 -0.031192727 -0.000531862 0.999986231 0.005233369 -0.053084575 0.002605782 -0.005231965 0.999982953 3.457293749
0.999994874 -0.001019938 -0.003035611 -0.032066837 0.001034489 0.999987960 0.004795924 -0.053613365 0.003030682 -0.004799039 0.999983907 3.505134344
0.999991715 -0.002323240 -0.003345033 -0.032348260 0.002338463 0.999986887 0.004554289 -0.054277740 0.003334408 -0.004562074 0.999984086 3.554957151
0.999992311 -0.001503624 -0.003624373 -0.032309338 0.001515871 0.999993205 0.003378481 -0.054642722 0.003619268 -0.003383949 0.999987721 3.606453896
0.999990702 -0.002797596 -0.003282892 -0.033536039 0.002808434 0.999990523 0.003301312 -0.055534575 0.003273624 -0.003310501 0.999989152 3.651802063
0.999991596 -0.002398014 -0.003359522 -0.033427481 0.002406806 0.999993622 0.002615603 -0.056327347 0.003353229 -0.002623667 0.999990940 3.702200413
0.999995470 -0.001651842 -0.002507173 -0.035081167 0.001659930 0.999993384 0.003227157 -0.057178117 0.002501826 -0.003231304 0.999991655 3.750459671
0.999994218 -0.002124782 -0.002622392 -0.034789555 0.002137640 0.999985576 0.004910007 -0.058062099 0.002611921 -0.004915584 0.999984443 3.795852184
0.999996126 -0.000461542 -0.002738149 -0.034395445 0.000482843 0.999969482 0.007783768 -0.060633153 0.002734473 -0.007785060 0.999965906 3.844151974
0.999996364 -0.001155555 -0.002411038 -0.035750352 0.001166860 0.999988317 0.004692395 -0.059692804 0.002405588 -0.004695192 0.999986112 3.892101526
0.999997258 -0.000132368 -0.002346268 -0.035953075 0.000138179 0.999996960 0.002477194 -0.060624871 0.002345932 -0.002477513 0.999994218 3.942259550
0.999991417 -0.002769815 -0.003082178 -0.035939790 0.002774201 0.999995112 0.001419444 -0.062839210 0.003078231 -0.001427982 0.999994218 4.007913113
0.999982536 -0.005287055 -0.002666719 -0.036284268 0.005295034 0.999981582 0.002993397 -0.063747376 0.002650843 -0.003007465 0.999991953 4.057392120
0.999974847 -0.006902500 -0.001639889 -0.037385833 0.006910322 0.999964476 0.004813054 -0.063903779 0.001606608 -0.004824264 0.999987066 4.091393471
0.999964893 -0.008362162 -0.000463819 -0.037629642 0.008364470 0.999951422 0.005222262 -0.064646505 0.000420127 -0.005225958 0.999986231 4.140463352
0.999957204 -0.009250692 -0.000117770 -0.037419334 0.009251085 0.999949396 0.003954421 -0.065495387 0.000081183 -0.003955341 0.999992132 4.191614628
0.999973118 -0.007338682 0.000423411 -0.037819922 0.007337907 0.999971449 0.001803863 -0.066454142 -0.000436637 -0.001800708 0.999998271 4.244676113
0.999982059 -0.005766670 0.001631384 -0.038017116 0.005767371 0.999983311 -0.000425604 -0.066753745 -0.001628902 0.000435004 0.999998569 4.294447899
0.999993682 -0.002284409 0.002705248 -0.038021524 0.002285033 0.999997318 -0.000227672 -0.067910813 -0.002704721 0.000233852 0.999996305 4.339841366
0.999992192 -0.001999022 0.003383606 -0.037704736 0.001993361 0.999996603 0.001675329 -0.068502307 -0.003386943 -0.001668571 0.999992847 4.390089035
0.999985635 -0.000842475 0.005319348 -0.038556755 0.000822140 0.999992371 0.003824027 -0.069299132 -0.005322529 -0.003819599 0.999978542 4.433817387
0.999982834 -0.002410498 0.005347034 -0.038165856 0.002387049 0.999987543 0.004387418 -0.069744378 -0.005357543 -0.004374580 0.999976039 4.485637188
0.999974072 -0.000874725 0.007136905 -0.038599260 0.000850850 0.999994040 0.003347683 -0.070194140 -0.007139791 -0.003341524 0.999968886 4.528385639
0.999967039 0.000907070 0.008059463 -0.038457688 -0.000931025 0.999995112 0.002969009 -0.070936672 -0.008056731 -0.002976415 0.999963164 4.578028679
0.999950767 0.002632753 0.009556461 -0.039038781 -0.002662113 0.999991834 0.003060827 -0.071933426 -0.009548324 -0.003086117 0.999949574 4.627406597
0.999951601 0.002550827 0.009513633 -0.035814151 -0.002574224 0.999993622 0.002447871 -0.074492007 -0.009507330 -0.002472242 0.999951720 4.675564289
0.999915779 0.005462014 0.011766297 -0.037207175 -0.005476266 0.999984264 0.001179271 -0.075288400 -0.011759671 -0.001243607 0.999930084 4.723826885
0.999925315 0.003120133 0.011811413 -0.035999972 -0.003131082 0.999994636 0.000908643 -0.075506233 -0.011808516 -0.000945558 0.999929786 4.774841785
0.999914825 0.002718279 0.012764959 -0.035477098 -0.002750536 0.999993086 0.002510153 -0.076486424 -0.012758043 -0.002545050 0.999915361 4.816893578
0.999899924 0.001604074 0.014055632 -0.035127327 -0.001652421 0.999992788 0.003428712 -0.077337295 -0.014050028 -0.003451594 0.999895334 4.864848137
0.999902427 0.001462390 0.013894015 -0.034377389 -0.001517541 0.999991000 0.003959697 -0.078558885 -0.013888097 -0.003980395 0.999895632 4.915617466
0.999912798 -0.000698513 0.013185840 -0.029162988 0.000658846 0.999995232 0.003012401 -0.075290121 -0.013187882 -0.003003451 0.999908447 4.950908661
0.999911726 -0.002309037 0.013079309 -0.029155716 0.002265187 0.999991715 0.003366481 -0.075638957 -0.013086974 -0.003336557 0.999908745 5.000058174
0.999911904 -0.002946869 0.012941924 -0.029325061 0.002910708 0.999991775 0.002812023 -0.076295577 -0.012950106 -0.002774105 0.999912202 5.048686981
0.999923885 -0.004462096 0.011498205 -0.028282937 0.004428781 0.999985874 0.002921240 -0.077064656 -0.011511078 -0.002870094 0.999929547 5.092736244
0.999923050 -0.006630282 0.010484994 -0.028341070 0.006586538 0.999969482 0.004201083 -0.077870920 -0.010512528 -0.004131700 0.999936163 5.140882969
0.999935091 -0.007113375 0.008902120 -0.027560432 0.007081381 0.999968410 0.003620367 -0.077938497 -0.008927592 -0.003557093 0.999953806 5.192175388
0.999939322 -0.007564246 0.008010730 -0.027222194 0.007530523 0.999962687 0.004231457 -0.079374358 -0.008042440 -0.004170875 0.999958932 5.234677792
0.999940157 -0.008240329 0.007195201 -0.027626634 0.008213085 0.999958992 0.003807752 -0.080223478 -0.007226284 -0.003748429 0.999966860 5.283027649
0.999934733 -0.008524872 0.007605345 -0.034557898 0.008502480 0.999959409 0.002971881 -0.079105429 -0.007630371 -0.002907023 0.999966681 5.337215424
0.999914408 -0.011440900 0.006344049 -0.034384653 0.011437705 0.999934494 0.000539651 -0.079771303 -0.006349807 -0.000467044 0.999979794 5.385704994
0.999838352 -0.016952462 0.005986094 -0.035102874 0.016952310 0.999856293 0.000076571 -0.080044046 -0.005986531 0.000024919 0.999982119 5.433916092
0.999715507 -0.023438253 0.004422072 -0.033624560 0.023427801 0.999722660 0.002399847 -0.081387058 -0.004477093 -0.002295565 0.999987364 5.479011059
0.999521613 -0.030807875 0.002724557 -0.033060305 0.030798532 0.999519765 0.003406900 -0.081589192 -0.002828208 -0.003321358 0.999990463 5.527719975
0.999403358 -0.034515157 0.001310593 -0.032584012 0.034515031 0.999404311 0.000114806 -0.082543537 -0.001313774 -0.000069502 0.999999225 5.576816082
0.999363303 -0.035470814 0.003833517 -0.041512545 0.035478521 0.999368429 -0.001961303 -0.086965702 -0.003761527 0.002096062 0.999990702 5.643859863
0.999479830 -0.031894561 0.004780336 -0.041555874 0.031914365 0.999482036 -0.004124025 -0.088042468 -0.004646326 0.004274441 0.999980032 5.692938805
0.999469340 -0.032083657 0.005639932 -0.042192258 0.032107949 0.999475300 -0.004269990 -0.088766471 -0.005499976 0.004448812 0.999974906 5.741179943
0.999292970 -0.036889646 0.007261851 -0.047104966 0.036887176 0.999319315 0.000473529 -0.091975249 -0.007274376 -0.000205325 0.999973536 5.792900562
0.999108016 -0.041370455 0.008463203 -0.047706205 0.041349318 0.999141157 0.002656987 -0.092155434 -0.008565855 -0.002304670 0.999960661 5.840066910
0.998958409 -0.044973534 0.007701946 -0.045816083 0.044942345 0.998980820 0.004174741 -0.092815891 -0.007881849 -0.003824250 0.999961615 5.890868187
0.999051034 -0.043261591 0.005032124 -0.031474881 0.043247577 0.999060273 0.002860572 -0.089156061 -0.005151149 -0.002640231 0.999983191 5.907187462
0.999131143 -0.041232653 0.006067085 -0.031340290 0.041213159 0.999144912 0.003303926 -0.090142146 -0.006198127 -0.003051012 0.999976099 5.956212521
0.999279678 -0.037208647 0.007454906 -0.031608559 0.037191976 0.999305248 0.002361914 -0.090516508 -0.007537612 -0.002082950 0.999969363 6.004514217
0.999276996 -0.036501829 0.010634103 -0.044882439 0.036487687 0.999332964 0.001520929 -0.095409848 -0.010682525 -0.001131816 0.999942243 6.075408936
0.999355853 -0.033886641 0.011815296 -0.045174271 0.033878274 0.999425590 0.000907494 -0.096113048 -0.011839261 -0.000506628 0.999929786 6.124762058
0.999417484 -0.031808317 0.012368457 -0.045537047 0.031785164 0.999492586 0.002064207 -0.096988119 -0.012427840 -0.001669871 0.999921381 6.173746109
0.999356568 -0.032899816 0.014283772 -0.048065849 0.032871287 0.999457121 0.002227647 -0.094291285 -0.014349308 -0.001756688 0.999895513 6.177675724
0.999483705 -0.028830688 0.014174577 -0.047282889 0.028843630 0.999583662 -0.000709435 -0.094873458 -0.014148222 0.001117915 0.999899268 6.226956367
0.999565840 -0.026247852 0.013381691 -0.047192417 0.026291937 0.999649346 -0.003128788 -0.095778756 -0.013294873 0.003479260 0.999905586 6.274912357
0.999568105 -0.025146337 0.015201925 -0.053704724 0.025172256 0.999681890 -0.001515922 -0.102848567 -0.015158971 0.001897935 0.999883235 6.307885647
0.999685884 -0.019796997 0.015367191 -0.053148195 0.019809663 0.999803424 -0.000672240 -0.103436090 -0.015350863 0.000976448 0.999881685 6.356894016
0.999713540 -0.018186744 0.015553689 -0.052764326 0.018166121 0.999833822 0.001466336 -0.104264706 -0.015577773 -0.001183366 0.999877930 6.407725334
0.999759853 -0.015691774 0.015295443 -0.048500888 0.015660249 0.999875009 0.002178773 -0.100643106 -0.015327720 -0.001938720 0.999880672 6.437951565
0.999732912 -0.018055933 0.014419928 -0.047206447 0.018015329 0.999833524 0.002940706 -0.101288274 -0.014470623 -0.002680141 0.999891758 6.487256527
0.999714315 -0.020455459 0.012358585 -0.046620972 0.020417515 0.999786496 0.003188758 -0.102258831 -0.012421172 -0.002935516 0.999918580 6.537381649
0.999714434 -0.021317922 0.010802188 -0.047206417 0.021330491 0.999771953 -0.001049462 -0.102395453 -0.010777352 0.001279578 0.999941111 6.584919930
0.999707580 -0.022376614 0.009170415 -0.048832092 0.022411015 0.999742150 -0.003665904 -0.107744277 -0.009086019 0.003870350 0.999951243 6.647977829
0.999830067 -0.016469670 0.008291933 -0.048926804 0.016508266 0.999853134 -0.004607695 -0.109306276 -0.008214828 0.004743797 0.999954998 6.698650360
0.999890387 -0.012519546 0.007906058 -0.047516473 0.012549341 0.999914348 -0.003730416 -0.110549070 -0.007858677 0.003829223 0.999961853 6.748115540
0.999802709 -0.011711674 0.016041655 -0.066601880 0.011726393 0.999930918 -0.000823807 -0.107028536 -0.016030898 0.001011755 0.999870956 6.769158840
0.999806106 -0.010856278 0.016422546 -0.065943494 0.010834222 0.999940276 0.001431418 -0.107879110 -0.016437104 -0.001253215 0.999864101 6.818055153
0.999795914 -0.011093043 0.016886374 -0.065858364 0.011057359 0.999936461 0.002205073 -0.108593047 -0.016909763 -0.002017905 0.999854922 6.869295597
0.999753356 -0.016258592 0.015128028 -0.061056964 0.016176714 0.999853909 0.005519099 -0.119365208 -0.015215551 -0.005273016 0.999870360 6.928914070
0.999700546 -0.019178521 0.015198402 -0.059977949 0.019082349 0.999797106 0.006447672 -0.120060138 -0.015318976 -0.006155720 0.999863744 6.979581356
0.999656856 -0.021153202 0.015450909 -0.059221610 0.021068372 0.999762177 0.005632659 -0.119794086 -0.015566383 -0.005305201 0.999864817 7.030175209
0.999596953 -0.022800094 0.016909823 -0.062633261 0.022732524 0.999732792 0.004177470 -0.111177117 -0.017000552 -0.003791383 0.999848247 7.071307659
0.999485850 -0.026809318 0.017585644 -0.061768815 0.026718726 0.999628603 0.005366478 -0.111608729 -0.017722985 -0.004893853 0.999830961 7.120472908
0.999426842 -0.028589083 0.018126059 -0.060562342 0.028498476 0.999580085 0.005237472 -0.112071991 -0.018268185 -0.004717906 0.999822021 7.170203686
0.999475718 -0.026837248 0.018113805 -0.060245842 0.026823027 0.999639690 0.001027883 -0.112759098 -0.018134864 -0.000541477 0.999835432 7.222904682
0.999631047 -0.020123132 0.018244499 -0.060177281 0.020209257 0.999785423 -0.004548447 -0.112832204 -0.018149056 0.004915476 0.999823213 7.275609970
0.999762177 -0.009799817 0.019481685 -0.058791026 0.009884819 0.999942124 -0.004271762 -0.114473313 -0.019438691 0.004463319 0.999801159 7.324732780
0.999778569 -0.002908469 0.020842439 -0.058859095 0.002914926 0.999995708 -0.000279450 -0.115605928 -0.020841537 0.000340142 0.999782741 7.376670837
0.999752641 -0.001551495 0.022186890 -0.058845535 0.001517441 0.999997675 0.001551582 -0.116273351 -0.022189245 -0.001517531 0.999752581 7.428380013
0.999761999 -0.002787025 0.021633614 -0.057774037 0.002740657 0.999993861 0.002172612 -0.116913415 -0.021639535 -0.002112805 0.999763548 7.479546547
0.999772370 -0.006606059 0.020282933 -0.056856692 0.006561553 0.999975801 0.002259992 -0.117640346 -0.020297371 -0.002126390 0.999791741 7.531437874
0.999781549 -0.007625328 0.019459637 -0.055733517 0.007599818 0.999970198 0.001384535 -0.118184201 -0.019469611 -0.001236343 0.999809682 7.583115101
0.999835014 -0.009329851 0.015583477 -0.046893492 0.009274784 0.999950469 0.003602213 -0.125629976 -0.015616314 -0.003457085 0.999872088 7.663873672
0.999847949 -0.007653873 0.015662748 -0.046882994 0.007597703 0.999964535 0.003642565 -0.126139984 -0.015690072 -0.003523011 0.999870718 7.715077400
0.999854803 -0.007367770 0.015366100 -0.046139739 0.007297195 0.999962568 0.004643950 -0.126672640 -0.015399740 -0.004531146 0.999871194 7.767153263
0.999859571 -0.007557078 0.014955581 -0.045242980 0.007500060 0.999964356 0.003865066 -0.127338052 -0.014984258 -0.003752355 0.999880672 7.816714287
0.999857664 -0.007839403 0.014940600 -0.045225672 0.007789558 0.999963939 0.003391589 -0.128483757 -0.014966650 -0.003274726 0.999882579 7.869218349
0.999865830 -0.007974702 0.014303836 -0.043555722 0.007935627 0.999964654 0.002786492 -0.128971741 -0.014325550 -0.002672609 0.999893785 7.920598030
0.999864519 -0.008495329 0.014098770 -0.043712795 0.008461657 0.999961197 0.002446241 -0.129507661 -0.014119005 -0.002326610 0.999897599 7.971243382
0.999865890 -0.008473307 0.014012415 -0.043515638 0.008444386 0.999962032 0.002121888 -0.129902244 -0.014029863 -0.002003278 0.999899566 8.024155617
0.999874234 -0.007282651 0.014085946 -0.043086544 0.007259145 0.999972165 0.001719238 -0.130618006 -0.014098075 -0.001616770 0.999899268 8.075378418
0.999889731 -0.007159942 0.013010476 -0.042222448 0.007137117 0.999972939 0.001799901 -0.131754830 -0.013023010 -0.001706845 0.999913752 8.126455307
0.999888778 -0.008119526 0.012513299 -0.041439965 0.008095862 0.999965370 0.001940591 -0.132372156 -0.012528623 -0.001839069 0.999919832 8.178422928
0.999902189 -0.006238035 0.012516899 -0.040994175 0.006222280 0.999979854 0.001297306 -0.133067548 -0.012524738 -0.001219295 0.999920845 8.231399536
0.999867320 -0.010695166 0.012284131 -0.043076962 0.010659252 0.999938667 0.002985392 -0.137900680 -0.012315309 -0.002854056 0.999920011 8.297493935
0.999860227 -0.011393374 0.012230640 -0.042625733 0.011357596 0.999930978 0.002990705 -0.139038786 -0.012263871 -0.002851377 0.999920726 8.349884987
0.999830484 -0.013160788 0.012870600 -0.043038845 0.013118429 0.999908209 0.003370102 -0.139984503 -0.012913773 -0.003200690 0.999911427 8.400949478
0.999808848 -0.014858442 0.012705738 -0.042129092 0.014804163 0.999880910 0.004355429 -0.140493229 -0.012768940 -0.004166499 0.999909818 8.453685760
0.999825358 -0.013848294 0.012546437 -0.041409373 0.013794886 0.999895394 0.004333255 -0.141030550 -0.012605133 -0.004159421 0.999911964 8.506640434
0.999842644 -0.013326525 0.011706408 -0.039610967 0.013272303 0.999900877 0.004697251 -0.142251402 -0.011767846 -0.004541140 0.999920487 8.557380676
0.999809623 -0.014652762 0.012885419 -0.039627068 0.014604390 0.999885976 0.003840099 -0.141883016 -0.012940218 -0.003651184 0.999909580 8.598400116
0.999823034 -0.013219357 0.013379503 -0.039040051 0.013173319 0.999907017 0.003523086 -0.141541660 -0.013424831 -0.003346211 0.999904275 8.652269363
0.999821961 -0.012666721 0.013978026 -0.039311871 0.012581498 0.999901831 0.006167994 -0.142590225 -0.014054781 -0.005991032 0.999883235 8.707056046
0.999803066 -0.013697323 0.014361922 -0.038183525 0.013600009 0.999884069 0.006851826 -0.143220589 -0.014454108 -0.006655154 0.999873400 8.756413460
0.999791861 -0.012841620 0.015854241 -0.038512155 0.012752673 0.999902427 0.005698754 -0.144289285 -0.015925875 -0.005495383 0.999858081 8.809045792
0.999796808 -0.012312463 0.015962012 -0.037529558 0.012250484 0.999917150 0.003974905 -0.144923672 -0.016009631 -0.003778555 0.999864697 8.862738609
0.999781847 -0.013150840 0.016225727 -0.036689326 0.013074167 0.999902904 0.004822428 -0.144672766 -0.016287571 -0.004609238 0.999856710 8.900527954
0.999792337 -0.013538430 0.015227682 -0.035718828 0.013459056 0.999895334 0.005302932 -0.144490868 -0.015297880 -0.005096880 0.999870002 8.954409599
0.999777496 -0.013465588 0.016237097 -0.036276475 0.013378295 0.999895453 0.005472838 -0.145232067 -0.016309094 -0.005254396 0.999853134 9.008175850
0.999778509 -0.013071900 0.016491817 -0.036400765 0.012967463 0.999895275 0.006423910 -0.146628603 -0.016574061 -0.006208630 0.999843359 9.056400299
0.999794424 -0.012483833 0.015975127 -0.035656527 0.012383560 0.999903142 0.006360455 -0.146823063 -0.016052978 -0.006161319 0.999852180 9.110576630
0.999804497 -0.010796819 0.016565088 -0.035070285 0.010699236 0.999925077 0.005968190 -0.147190005 -0.016628282 -0.005789790 0.999844968 9.162990570
0.999809802 -0.010227470 0.016603345 -0.034368113 0.010127726 0.999930322 0.006080414 -0.147757351 -0.016664369 -0.005911104 0.999843657 9.217571259
0.999818921 -0.011150052 0.015419492 -0.032955483 0.011062958 0.999922395 0.005722165 -0.147970617 -0.015482098 -0.005550545 0.999864697 9.274776459
0.999740064 -0.014838072 0.017310083 -0.035898566 0.014700797 0.999859631 0.008030803 -0.150085315 -0.017426809 -0.007774244 0.999817848 9.328670502
0.999728143 -0.016828757 0.016136697 -0.034363449 0.016695645 0.999825776 0.008348436 -0.150312707 -0.016274374 -0.008076755 0.999834895 9.385630608
0.999665916 -0.018536758 0.018011788 -0.038014352 0.018391564 0.999797225 0.008193587 -0.151960433 -0.018160019 -0.007859584 0.999804199 9.450028419
0.999624491 -0.021159515 0.017412709 -0.036857203 0.021029433 0.999749780 0.007620111 -0.152351424 -0.017569592 -0.007251071 0.999819279 9.504235268
0.999609649 -0.021310084 0.018066041 -0.036414832 0.021153547 0.999737382 0.008811937 -0.152715057 -0.018249080 -0.008426336 0.999797940 9.557783127
0.999530673 -0.023586079 0.019550741 -0.036583304 0.023382949 0.999670923 0.010554084 -0.152691633 -0.019793231 -0.010091975 0.999753118 9.612172127
0.999462664 -0.025855491 0.020147176 -0.039745748 0.025649484 0.999616683 0.010417221 -0.154320225 -0.020408794 -0.009894859 0.999742687 9.673871040
0.999483705 -0.024923321 0.020279327 -0.038596064 0.024744473 0.999653041 0.009022908 -0.154513747 -0.020497175 -0.008516448 0.999753594 9.727995872
0.999471247 -0.024278797 0.021628236 -0.037875444 0.024091268 0.999670208 0.008889392 -0.154755592 -0.021836925 -0.008363640 0.999726534 9.781795502
0.999525905 -0.022258135 0.021273289 -0.035087854 0.022067057 0.999714375 0.009175049 -0.155105978 -0.021471431 -0.008701260 0.999731600 9.828471184
0.999529064 -0.021037214 0.022337668 -0.034453541 0.020846412 0.999744415 0.008740664 -0.155379325 -0.022515837 -0.008270888 0.999712288 9.882785797
0.999526262 -0.021186991 0.022323718 -0.033650756 0.021010438 0.999746323 0.008113891 -0.155550063 -0.022489965 -0.007641016 0.999717832 9.942087173
0.999570608 -0.016896412 0.023945551 -0.031167269 0.016711581 0.999829113 0.007898120 -0.156447053 -0.024074914 -0.007494559 0.999682069 9.987586975
0.999558389 -0.016765060 0.024536112 -0.029329345 0.016589306 0.999835372 0.007349288 -0.156970948 -0.024655282 -0.006939005 0.999671876 10.039331436
0.999528944 -0.016684407 0.025764655 -0.028673738 0.016522778 0.999842525 0.006473426 -0.157362238 -0.025868610 -0.006044672 0.999647021 10.094189644
0.999497592 -0.016716208 0.026929893 -0.028062403 0.016560081 0.999844790 0.006010045 -0.157190830 -0.027026180 -0.005561065 0.999619186 10.149047852
0.999470353 -0.017476784 0.027451988 -0.026508510 0.017258521 0.999817729 0.008167640 -0.158651248 -0.027589727 -0.007689534 0.999589741 10.200598717
0.999445379 -0.017373728 0.028410548 -0.025639802 0.017160902 0.999822915 0.007717893 -0.158774793 -0.028539605 -0.007226062 0.999566555 10.253833771
0.999372482 -0.020651171 0.028776983 -0.027446330 0.020466002 0.999768019 0.006714414 -0.160111845 -0.028908975 -0.006121251 0.999563277 10.310054779
0.999350309 -0.021290904 0.029082460 -0.026572108 0.021158649 0.999764442 0.004847818 -0.161251754 -0.029178828 -0.004229323 0.999565244 10.362671852
0.999475420 -0.018472776 0.026601583 -0.020357102 0.018378938 0.999824047 0.003767530 -0.161481515 -0.026666496 -0.003276645 0.999639034 10.413320541
0.999355495 -0.023155436 0.027429583 -0.019663364 0.023033591 0.999723434 0.004749756 -0.160599425 -0.027531978 -0.004114893 0.999612451 10.437312126
0.999388754 -0.022677382 0.026601452 -0.018678010 0.022581857 0.999737501 0.003885735 -0.161577567 -0.026682582 -0.003282650 0.999638557 10.491664886
0.999408543 -0.022128033 0.026323654 -0.017870337 0.022035889 0.999750018 0.003785557 -0.161960214 -0.026400842 -0.003203253 0.999646246 10.545268059
0.999422491 -0.022150850 0.025768287 -0.017258137 0.022045705 0.999747455 0.004357349 -0.163018644 -0.025858292 -0.003786752 0.999658406 10.598482132
0.999474883 -0.021498714 0.024243284 -0.013934046 0.021396982 0.999761164 0.004447840 -0.163359642 -0.024333119 -0.003926772 0.999696136 10.652070999
0.999477208 -0.022185128 0.023518020 -0.013105631 0.022042686 0.999737203 0.006298854 -0.163928449 -0.023651583 -0.005777161 0.999703586 10.705351830
0.999532878 -0.020296069 0.022850361 -0.012459248 0.020140959 0.999772668 0.006998015 -0.164128751 -0.022987202 -0.006534519 0.999714375 10.759636879
0.999544144 -0.018642893 0.023749959 -0.011423379 0.018470371 0.999801576 0.007462888 -0.164947450 -0.023884377 -0.007020817 0.999689996 10.811251640
0.999513149 -0.019276094 0.024533430 -0.010419130 0.019107614 0.999792337 0.007083400 -0.165030509 -0.024664877 -0.006611176 0.999673843 10.867446899
0.999468207 -0.020553062 0.025315085 -0.009765595 0.020384636 0.999768436 0.006893457 -0.165127873 -0.025450906 -0.006373752 0.999655724 10.919802666
0.999415159 -0.021928048 0.026238650 -0.007807553 0.021770371 0.999743283 0.006280019 -0.164886370 -0.026369626 -0.005705122 0.999635994 10.944172859
0.999357641 -0.023751752 0.026835868 -0.007060349 0.023645889 0.999711394 0.004255359 -0.165353239 -0.026929198 -0.003618067 0.999630809 10.997744560
0.999360621 -0.023972748 0.026525736 -0.004982799 0.023895865 0.999709308 0.003211625 -0.165862605 -0.026595017 -0.002575716 0.999642968 11.056116104
0.999427438 -0.023286836 0.024548413 -0.004262447 0.023243656 0.999727666 0.002043037 -0.166494742 -0.024589304 -0.001471272 0.999696553 11.110492706
0.999486685 -0.022559974 0.022747027 -0.006953925 0.022492902 0.999741852 0.003200146 -0.169100702 -0.022813352 -0.002686857 0.999736130 11.198155403
0.999530196 -0.021426860 0.021912400 -0.005093202 0.021294033 0.999753535 0.006277056 -0.169580236 -0.022041496 -0.005807504 0.999740183 11.253149986
0.999449253 -0.023855066 0.023065427 -0.009041667 0.023635067 0.999672949 0.009763988 -0.171570867 -0.023290804 -0.009213458 0.999686301 11.335681915
0.999424219 -0.024808990 0.023146367 -0.008056968 0.024574224 0.999644220 0.010372572 -0.171888649 -0.023395466 -0.009797796 0.999678314 11.391096115
0.999399602 -0.025565559 0.023385605 -0.006679982 0.025357753 0.999636650 0.009139885 -0.172026873 -0.023610774 -0.008541389 0.999684870 11.446673393
0.999367177 -0.026576839 0.023642411 -0.005327970 0.026360564 0.999608159 0.009412876 -0.172662869 -0.023883309 -0.008783691 0.999676228 11.501968384
0.999363780 -0.026617927 0.023739060 -0.004125148 0.026399298 0.999606550 0.009475930 -0.172891557 -0.023981951 -0.008843209 0.999673307 11.558266640
0.999349833 -0.026825445 0.024091559 -0.002768129 0.026597328 0.999598742 0.009739839 -0.173608318 -0.024343172 -0.009092735 0.999662340 11.614104271
0.999379456 -0.024909409 0.024904093 -0.001948178 0.024707405 0.999659479 0.008386457 -0.173878253 -0.025104515 -0.007765939 0.999654591 11.669671059
0.999386609 -0.023519235 0.025948031 -0.001474559 0.023331692 0.999699473 0.007506951 -0.174216479 -0.026116798 -0.006896935 0.999634981 11.725460052
0.999264419 -0.026482044 0.027736982 -0.006457686 0.026163854 0.999588370 0.011772558 -0.178746372 -0.028037330 -0.011038192 0.999545932 11.804134369
0.999189913 -0.029238937 0.027651599 -0.005331904 0.028859811 0.999485254 0.014012053 -0.180133373 -0.028047064 -0.013202681 0.999519408 11.858180046
0.999290705 -0.026381548 0.026871575 0.002364933 0.026140755 0.999615371 0.009273028 -0.176102668 -0.027105873 -0.008564008 0.999595881 11.890770912
0.999317229 -0.025545891 0.026692662 0.003881276 0.025289511 0.999631166 0.009898866 -0.176655889 -0.026935693 -0.009217061 0.999594629 11.946035385
0.999380767 -0.022943066 0.026678354 0.004721314 0.022753388 0.999713778 0.007391891 -0.177242041 -0.026840311 -0.006780291 0.999616742 12.001257896
0.999286294 -0.025697520 0.027687309 -0.004652023 0.025503365 0.999647796 0.007343069 -0.182681382 -0.027866254 -0.006631709 0.999589622 12.092496872
0.999341846 -0.024082709 0.027131224 -0.002844751 0.023885358 0.999686122 0.007574703 -0.182747841 -0.027305124 -0.006921678 0.999603212 12.146245956
0.999374032 -0.023046611 0.026844475 -0.002719760 0.022775507 0.999687016 0.010361480 -0.182514042 -0.027074872 -0.009743597 0.999585927 12.199040413
0.999436438 -0.022899210 0.024548763 -0.000946552 0.022558581 0.999646604 0.014063968 -0.183959946 -0.024862144 -0.013502256 0.999599695 12.253389359
0.999472976 -0.022481715 0.023420084 0.000011832 0.022182148 0.999669790 0.012973210 -0.184183985 -0.023704011 -0.012446865 0.999641418 12.308909416
0.999502957 -0.021931298 0.022646153 0.006739974 0.021700734 0.999710560 0.010377298 -0.180152312 -0.022867184 -0.009880701 0.999689698 12.294562340
0.999490380 -0.024285138 0.020714656 0.007915333 0.024042951 0.999640584 0.011861756 -0.180715069 -0.020995272 -0.011357670 0.999715149 12.350191116
0.999377429 -0.028851492 0.020306518 0.010672137 0.028583523 0.999502063 0.013365333 -0.181143463 -0.020682022 -0.012776579 0.999704421 12.388984680
0.999378085 -0.029180661 0.019798337 0.011407375 0.028935984 0.999502659 0.012534551 -0.181318820 -0.020154255 -0.011953870 0.999725461 12.444474220
0.999341726 -0.030077167 0.020283271 0.011847600 0.029846299 0.999487281 0.011590460 -0.181756541 -0.020621480 -0.010977450 0.999727130 12.499075890
0.999456406 -0.026313405 0.019863149 0.011109114 0.026113953 0.999606550 0.010234960 -0.181517780 -0.020124648 -0.009710690 0.999750316 12.566397667
0.999433219 -0.027144387 0.019911172 0.012024924 0.026950456 0.999587297 0.009944292 -0.181443512 -0.020172885 -0.009402039 0.999752283 12.621417999
0.999257743 -0.033160251 0.019605568 0.017478824 0.032935768 0.999389410 0.011664107 -0.183073297 -0.019980382 -0.011009724 0.999739766 12.660377502
0.999267697 -0.032925412 0.019493518 0.018307433 0.032715369 0.999404252 0.010997335 -0.183390349 -0.019843996 -0.010351545 0.999749482 12.715904236
0.999798298 -0.016919361 0.010821362 0.060043067 0.016945265 0.999853671 -0.002306498 -0.157397553 -0.010780751 0.002489402 0.999938786 12.651492119
0.999803483 -0.016281780 0.011315566 0.060323127 0.016321177 0.999860942 -0.003397986 -0.158404678 -0.011258669 0.003582001 0.999930203 12.706603050
0.999780893 -0.017980026 0.010717321 0.061253488 0.018028969 0.999827504 -0.004487867 -0.159982979 -0.010634776 0.004680108 0.999932468 12.774727821
0.999765038 -0.018647911 0.011054534 0.061799161 0.018677142 0.999822319 -0.002546338 -0.161179096 -0.011005088 0.002752208 0.999935567 12.828228951
0.999712825 -0.021610901 0.010350041 0.062739775 0.021628162 0.999764860 -0.001558552 -0.162531734 -0.010313925 0.001781958 0.999945223 12.897957802
0.999709368 -0.021740293 0.010411774 0.063022293 0.021765128 0.999760509 -0.002277866 -0.163744330 -0.010359757 0.002503817 0.999943197 12.951990128
0.999724567 -0.020908391 0.010657869 0.063608058 0.020942703 0.999775946 -0.003118262 -0.164904863 -0.010590279 0.003340608 0.999938309 13.021726608
0.999731779 -0.019864772 0.011909307 0.063050345 0.019891517 0.999799848 -0.002131789 -0.166024148 -0.011864576 0.002368112 0.999926805 13.075177193
0.999763429 -0.018530743 0.011386206 0.064200126 0.018544063 0.999827504 -0.001065740 -0.167333215 -0.011364494 0.001276633 0.999934614 13.145899773
0.999760568 -0.018728724 0.011312868 0.064860612 0.018750014 0.999822617 -0.001779121 -0.168239906 -0.011277539 0.001990809 0.999934375 13.199481964
0.999747336 -0.018886087 0.012188836 0.064763725 0.018912371 0.999818921 -0.002044854 -0.169592559 -0.012148009 0.002274855 0.999923587 13.270869255
0.999745548 -0.018761566 0.012525818 0.064689361 0.018797804 0.999819398 -0.002781550 -0.170253426 -0.012471370 0.003016300 0.999917626 13.325996399
0.999751568 -0.018655671 0.012199217 0.065979779 0.018680863 0.999823689 -0.001954551 -0.172186673 -0.012160602 0.002181958 0.999923706 13.397185326
0.999768734 -0.016655654 0.013599835 0.065475196 0.016689340 0.999857903 -0.002367151 -0.172887862 -0.013558481 0.002593575 0.999904752 13.453853607
0.999787271 -0.016405180 0.012502121 0.066888161 0.016427575 0.999863625 -0.001690716 -0.174017191 -0.012472680 0.001895738 0.999920428 13.523532867
0.999820888 -0.013131049 0.013632346 0.066855937 0.013178808 0.999907374 -0.003419229 -0.175149024 -0.013586183 0.003598275 0.999901235 13.580801964
0.999815941 -0.013667922 0.013464430 0.068080097 0.013710991 0.999901116 -0.003111761 -0.176792413 -0.013420568 0.003295797 0.999904513 13.649407387
0.999799907 -0.014995496 0.013238437 0.068949439 0.015038951 0.999881804 -0.003188961 -0.177432984 -0.013189052 0.003387415 0.999907315 13.709287643
0.999827743 -0.012473695 0.013742576 0.069694743 0.012499255 0.999920428 -0.001775619 -0.179175138 -0.013719332 0.001947087 0.999903977 13.773457527
0.999843478 -0.010652802 0.014124721 0.070627652 0.010679689 0.999941349 -0.001829403 -0.180125445 -0.014104404 0.001979964 0.999898553 13.831497192
