0.999979198 -0.003699707 -0.005300793 0.000289947 0.003678541 0.999985278 -0.003995233 -0.001274186 0.005315495 0.003975652 0.999977946 0.074089378
0.999956965 -0.005639503 -0.007370092 0.000169445 0.005596967 0.999967575 -0.005778741 -0.001737231 0.007402443 0.005737245 0.999956131 0.098882385
0.999925137 -0.008185927 -0.009105404 -0.000099786 0.008116034 0.999937475 -0.007685557 -0.002147229 0.009167748 0.007611083 0.999928951 0.117412381
0.999900937 -0.009371857 -0.010503204 -0.000252205 0.009281790 0.999919951 -0.008591550 -0.002705778 0.010582881 0.008493214 0.999907911 0.148673847
0.999886572 -0.009006185 -0.012076057 -0.000638395 0.008906644 0.999926031 -0.008271547 -0.003122735 0.012149660 0.008163054 0.999892890 0.170981422
0.999868751 -0.009799622 -0.012903431 -0.001280222 0.009691269 0.999917448 -0.008432347 -0.003882493 0.012984998 0.008306187 0.999881148 0.199814439
0.999859571 -0.009139353 -0.014043507 -0.001828182 0.008985080 0.999898970 -0.011009533 -0.004700380 0.014142711 0.010881807 0.999840796 0.225822330
0.999849856 -0.007569715 -0.015589892 -0.002319471 0.007337666 0.999862254 -0.014888247 -0.005358615 0.015700445 0.014771621 0.999767601 0.252177835
0.999837041 -0.006623680 -0.016795523 -0.003031766 0.006317677 0.999814272 -0.018207513 -0.006176746 0.016913004 0.018098447 0.999693155 0.279052407
0.999825954 -0.004714176 -0.018051559 -0.003832854 0.004382156 0.999821305 -0.018388517 -0.006596978 0.018135017 0.018306214 0.999667943 0.306809753
0.999815226 -0.002164138 -0.019099932 -0.004632833 0.001939807 0.999929011 -0.011755876 -0.006994577 0.019124014 0.011716657 0.999748468 0.330983073
0.999800146 -0.001479171 -0.019937158 -0.005290542 0.001454597 0.999998093 -0.001246996 -0.007577214 0.019938961 0.001217745 0.999800622 0.363696128
0.999792337 -0.000464468 -0.020374853 -0.006182526 0.000559799 0.999988854 0.004673447 -0.007697780 0.020372454 -0.004683883 0.999781549 0.389546603
0.999753952 0.001472507 -0.022134800 -0.007074000 -0.001371052 0.999988496 0.004598081 -0.008841883 0.022141315 -0.004566603 0.999744475 0.423645526
0.999735296 0.003529498 -0.022737477 -0.008247776 -0.003591315 0.999989927 -0.002678458 -0.009103134 0.022727795 0.002759416 0.999737859 0.453961283
0.999711514 0.003188648 -0.023808597 -0.009320749 -0.003394234 0.999957204 -0.008599348 -0.009219091 0.023780160 0.008677684 0.999679565 0.485110730
0.999687076 0.000733704 -0.025007596 -0.009887421 -0.000903834 0.999976516 -0.006792328 -0.009463117 0.025002027 0.006812810 0.999664247 0.512808025
0.999672592 -0.000128680 -0.025583815 -0.010958578 0.000177184 0.999998152 0.001893547 -0.009524430 0.025583522 -0.001897454 0.999670863 0.550848901
0.999664724 -0.000708830 -0.025890643 -0.011994662 0.000955033 0.999954402 0.009498309 -0.009858036 0.025882732 -0.009519842 0.999619663 0.584714472
0.999655187 -0.001621892 -0.026213922 -0.012868767 0.001943428 0.999923110 0.012245149 -0.010036932 0.026192045 -0.012291863 0.999581337 0.614086688
0.999639928 -0.003530966 -0.026598535 -0.013724713 0.003820770 0.999933779 0.010852538 -0.010014422 0.026558459 -0.010950256 0.999587357 0.654469490
0.999650776 -0.003973773 -0.026123252 -0.014633151 0.004191784 0.999956787 0.008296025 -0.010024453 0.026089162 -0.008402632 0.999624372 0.685228050
0.999680877 -0.001630675 -0.025206927 -0.016043382 0.001753430 0.999986708 0.004848545 -0.009887157 0.025198691 -0.004891194 0.999670565 0.717170060
0.999688923 -0.004539527 -0.024523919 -0.016967507 0.004522156 0.999989510 -0.000763658 -0.010334959 0.024527125 0.000652522 0.999698937 0.765305996
0.999676466 -0.007756900 -0.024224214 -0.016932435 0.007590077 0.999946833 -0.006970886 -0.010642937 0.024277002 0.006784769 0.999682248 0.797294080
0.999736011 -0.006557519 -0.022017825 -0.018894125 0.006284047 0.999902546 -0.012466637 -0.011329646 0.022097427 0.012324988 0.999679804 0.831439972
0.999748826 -0.004812884 -0.021888612 -0.020668413 0.004528061 0.999904633 -0.013043169 -0.012422467 0.021949304 0.012940791 0.999675333 0.883507550
0.999728978 -0.004605904 -0.022822540 -0.021010032 0.004318800 0.999911070 -0.012613021 -0.013136365 0.022878611 0.012511046 0.999660015 0.918365240
0.999727607 -0.003395971 -0.023090586 -0.021626974 0.003061686 0.999890149 -0.014496937 -0.013667815 0.023137284 0.014422303 0.999628246 0.953575611
0.999730587 -0.001063343 -0.023188921 -0.022748962 0.000682554 0.999864876 -0.016422767 -0.015038295 0.023203254 0.016402515 0.999596238 1.007058263
0.999736547 0.002288309 -0.022840297 -0.024035072 -0.002680490 0.999849260 -0.017154597 -0.016001459 0.022797598 0.017211301 0.999591947 1.043407679
0.999712884 0.004615779 -0.023513844 -0.024739282 -0.005019708 0.999840379 -0.017148247 -0.017039252 0.023430936 0.017261358 0.999576449 1.079505086
0.999710798 0.004996632 -0.023526086 -0.026590372 -0.005397591 0.999840736 -0.017010512 -0.019049127 0.023437345 0.017132582 0.999578476 1.135450602
0.999712110 0.004613178 -0.023548832 -0.027598392 -0.005019269 0.999839246 -0.017214647 -0.020012347 0.023465633 0.017327892 0.999574423 1.172611952
0.999687493 0.006329020 -0.024184128 -0.028673992 -0.006714725 0.999850988 -0.015900791 -0.021112228 0.024079891 0.016058216 0.999580979 1.210672975
0.999674797 0.006350183 -0.024700917 -0.029919622 -0.006694700 0.999881089 -0.013889736 -0.022842851 0.024609782 0.014050593 0.999598384 1.267725587
0.999670863 0.007150173 -0.024640787 -0.031512477 -0.007472684 0.999887228 -0.013021262 -0.023724135 0.024544908 0.013201115 0.999611497 1.305994391
0.999657035 0.006786340 -0.025298633 -0.032336827 -0.007134280 0.999880791 -0.013688320 -0.025079638 0.025202729 0.013864119 0.999586165 1.344849348
0.999666214 0.009225492 -0.024137167 -0.034737654 -0.009594392 0.999838173 -0.015212361 -0.025550313 0.023992918 0.015438869 0.999592900 1.382367969
0.999630928 0.007996092 -0.025963107 -0.035192505 -0.008370344 0.999862194 -0.014338136 -0.027231175 0.025844878 0.014550164 0.999560118 1.448775053
0.999625802 0.007234070 -0.026380928 -0.036719698 -0.007556112 0.999897897 -0.012128089 -0.028197616 0.026290497 0.012322886 0.999578476 1.488424182
0.999619365 0.006932363 -0.026704215 -0.038322248 -0.007148404 0.999942422 -0.008003125 -0.029207639 0.026647193 0.008190973 0.999611378 1.527845979
0.999592125 0.006844443 -0.027725840 -0.039227314 -0.007000188 0.999960303 -0.005524122 -0.030832544 0.027686933 0.005715958 0.999600351 1.588171005
0.999578238 0.006372517 -0.028334100 -0.040341817 -0.006518944 0.999965906 -0.005078447 -0.031685542 0.028300771 0.005261018 0.999585629 1.628428459
0.999564469 0.006157551 -0.028862134 -0.041794203 -0.006358402 0.999956250 -0.006872341 -0.032269966 0.028818555 0.007052869 0.999559820 1.669664025
0.999544322 0.005914258 -0.029602032 -0.043362416 -0.006134015 0.999954283 -0.007338356 -0.032898869 0.029557280 0.007516596 0.999534845 1.709828973
0.999511063 0.005557411 -0.030766075 -0.045327272 -0.005740107 0.999966323 -0.005853071 -0.034682129 0.030732516 0.006026816 0.999509454 1.776314735
0.999443114 0.006397909 -0.032748856 -0.046179950 -0.006541417 0.999969482 -0.004276783 -0.035419427 0.032720499 0.004488631 0.999454498 1.818855166
0.999446630 0.005730958 -0.032764584 -0.047822446 -0.005758817 0.999983013 -0.000756003 -0.036934618 0.032759704 0.000944274 0.999462783 1.858716965
0.999441147 0.006535409 -0.032782085 -0.050154038 -0.006592312 0.999976933 -0.001628082 -0.037538208 0.032770682 0.001843285 0.999461174 1.917630672
0.999417186 0.007733053 -0.033249170 -0.051637366 -0.007909330 0.999955356 -0.005173491 -0.038601317 0.033207674 0.005433457 0.999433696 1.957856774
0.999418557 0.009179040 -0.032837786 -0.053424835 -0.009487689 0.999912143 -0.009255842 -0.039352868 0.032749925 0.009562017 0.999417841 1.998609543
0.999404430 0.008691886 -0.033395696 -0.055240605 -0.009015692 0.999913573 -0.009557754 -0.040793788 0.033309735 0.009853158 0.999396503 2.057942390
0.999384522 0.009265641 -0.033832528 -0.056532800 -0.009497308 0.999932408 -0.006693231 -0.041800190 0.033768222 0.007010440 0.999405086 2.099269152
0.999412298 0.009253412 -0.033005390 -0.058802027 -0.009419507 0.999943733 -0.004880537 -0.042857967 0.032958370 0.005188565 0.999443233 2.152343273
0.999425769 0.007604078 -0.033020135 -0.060259651 -0.007717841 0.999964714 -0.003319211 -0.043881014 0.032993734 0.003572152 0.999449134 2.193543196
0.999450564 0.007975752 -0.032169577 -0.062016144 -0.008127568 0.999956429 -0.004591330 -0.044729412 0.032131553 0.004850271 0.999471903 2.234112740
0.999443829 0.005760822 -0.032846913 -0.063436806 -0.005979600 0.999960601 -0.006566217 -0.045460362 0.032807782 0.006758976 0.999438941 2.293733835
0.999474764 0.005191933 -0.031988643 -0.064857326 -0.005479428 0.999945343 -0.008906282 -0.046106607 0.031940643 0.009076885 0.999448538 2.333804846
0.999456644 0.004164213 -0.032696884 -0.066762216 -0.004535262 0.999926031 -0.011282157 -0.047717907 0.032647483 0.011424322 0.999401629 2.388058662
0.999461114 0.002720532 -0.032713510 -0.068014391 -0.003193167 0.999891043 -0.014404090 -0.049107343 0.032670759 0.014500791 0.999360919 2.428477764
0.999486923 0.000655957 -0.032024115 -0.069708571 -0.001180394 0.999865353 -0.016360093 -0.050347418 0.032009073 0.016389504 0.999353170 2.469212055
0.999482632 -0.000745125 -0.032156903 -0.071368285 0.000294412 0.999901593 -0.014018584 -0.052080542 0.032164186 0.014001864 0.999384522 2.528655052
0.999486029 -0.002533379 -0.031959709 -0.072822124 0.002273194 0.999963939 -0.008174770 -0.053106420 0.031979270 0.008097919 0.999455690 2.570481062
0.999475002 -0.004016840 -0.032148533 -0.074091524 0.003939464 0.999989152 -0.002469592 -0.054024704 0.032158099 0.002341650 0.999480069 2.622581959
0.999471784 -0.005901350 -0.031958219 -0.075432427 0.005840242 0.999980927 -0.002004900 -0.054813839 0.031969439 0.001817200 0.999487221 2.664396048
0.999462783 -0.008795039 -0.031573083 -0.077407695 0.008645536 0.999950826 -0.004868451 -0.055973150 0.031614348 0.004592873 0.999489486 2.716075420
0.999446929 -0.010235143 -0.031638965 -0.078849137 0.009987574 0.999918342 -0.007972885 -0.056793809 0.031717986 0.007652483 0.999467432 2.757262468
0.999463022 -0.007344992 -0.031934027 -0.080184974 0.006958724 0.999901533 -0.012190090 -0.057949804 0.032020409 0.011961328 0.999415636 2.797632456
0.999454618 -0.008495701 -0.031910539 -0.081949949 0.007980310 0.999836147 -0.016243964 -0.059608079 0.032043312 0.015980454 0.999358773 2.856134415
0.999508023 -0.005898299 -0.030803220 -0.083843611 0.005372055 0.999838650 -0.017138984 -0.060576651 0.030899340 0.016965082 0.999378562 2.897123098
0.999526918 -0.002071784 -0.030691894 -0.085386418 0.001657396 0.999907196 -0.013521054 -0.062233698 0.030717067 0.013463791 0.999437451 2.950060129
0.999546051 -0.000346754 -0.030127596 -0.087196104 0.000006869 0.999936283 -0.011281079 -0.063496634 0.030129595 0.011275756 0.999482393 2.990658760
0.999524534 -0.001041269 -0.030815655 -0.088328876 0.000719113 0.999945045 -0.010463577 -0.064948559 0.030824853 0.010436445 0.999470353 3.043880224
0.999505401 -0.003120495 -0.031291876 -0.089198723 0.002824137 0.999950945 -0.009510503 -0.066051394 0.031320013 0.009417431 0.999465048 3.084162712
0.999497712 -0.003690919 -0.031476125 -0.091154873 0.003429659 0.999959230 -0.008350119 -0.067439720 0.031505659 0.008237980 0.999469697 3.137583256
0.999500453 -0.005207362 -0.031169655 -0.092857808 0.005007211 0.999966323 -0.006495852 -0.068245634 0.031202426 0.006336541 0.999493122 3.178543329
0.999447167 -0.006273169 -0.032652441 -0.094305672 0.006123033 0.999970138 -0.004695859 -0.069884248 0.032680921 0.004493337 0.999455869 3.231766224
0.999443948 -0.007062137 -0.032588631 -0.096181482 0.006873325 0.999958932 -0.005902089 -0.070891283 0.032628968 0.005674820 0.999451458 3.272308826
0.999410093 -0.007190129 -0.033582274 -0.097779937 0.006866350 0.999928951 -0.009746605 -0.072404541 0.033649962 0.009510268 0.999388576 3.324818611
0.999381483 -0.006564896 -0.034548450 -0.099179059 0.006167454 0.999913752 -0.011597742 -0.073520407 0.034621608 0.011377494 0.999335766 3.364626646
0.999369383 -0.004886095 -0.035171658 -0.101259187 0.004536123 0.999939442 -0.010023355 -0.074932329 0.035218500 0.009857498 0.999331057 3.417264223
0.999343872 -0.003743694 -0.036025107 -0.102377936 0.003537442 0.999976993 -0.005787230 -0.075983919 0.036045935 0.005656004 0.999334157 3.457458019
0.999326110 -0.002644980 -0.036614228 -0.104826286 0.002580909 0.999994993 -0.001796816 -0.077339806 0.036618806 0.001701105 0.999327838 3.508938789
0.999320984 -0.001332085 -0.036822990 -0.106800601 0.001287875 0.999998391 -0.001224066 -0.078084223 0.036824558 0.001175810 0.999320984 3.548525810
0.999295712 -0.001996064 -0.037472717 -0.108981825 0.001874003 0.999992788 -0.003292005 -0.079297736 0.037479024 0.003219470 0.999292195 3.600496054
0.999261022 -0.002465547 -0.038358033 -0.110303998 0.002317918 0.999989748 -0.003892562 -0.080195799 0.038367245 0.003800783 0.999256492 3.639882565
0.999254346 -0.002467127 -0.038528994 -0.112608716 0.002293146 0.999986947 -0.004559133 -0.081139453 0.038539734 0.004467379 0.999247074 3.690521240
0.999214470 -0.004273541 -0.039394636 -0.114205480 0.004122522 0.999983788 -0.003913899 -0.082267895 0.039410725 0.003748419 0.999216020 3.728191137
0.999184549 -0.005074493 -0.040054657 -0.116305664 0.004968842 0.999983907 -0.002736825 -0.083369061 0.040067900 0.002535578 0.999193728 3.778238773
0.999154150 -0.005154315 -0.040798478 -0.117855459 0.005156299 0.999986708 -0.000056685 -0.084307730 0.040798232 -0.000153722 0.999167383 3.814697742
0.999127150 -0.005738293 -0.041377380 -0.120522231 0.005778731 0.999982893 0.000857785 -0.085434414 0.041371752 -0.001096144 0.999143243 3.862936735
0.999025702 -0.006539481 -0.043645434 -0.121984139 0.006585361 0.999977887 0.000907554 -0.086188987 0.043638539 -0.001194090 0.999046683 3.897720337
0.998882711 -0.007660433 -0.046634357 -0.124563977 0.007668312 0.999970555 -0.000009890 -0.087255567 0.046633061 -0.000347726 0.998911977 3.944089651
0.998709202 -0.008734604 -0.050037384 -0.126493201 0.008709709 0.999961793 -0.000715500 -0.088051185 0.050041720 0.000278767 0.998746991 3.976898432
0.998539865 -0.007907865 -0.053437825 -0.128909454 0.007889082 0.999968708 -0.000562344 -0.089085169 0.053440597 0.000139948 0.998571038 4.021811485
0.998378754 -0.007357442 -0.056444224 -0.131099492 0.007418135 0.999972105 0.000865859 -0.090166472 0.056436285 -0.001283165 0.998405397 4.052803516
0.998218834 -0.005937735 -0.059361346 -0.133953154 0.006038151 0.999980628 0.001512337 -0.090793908 0.059351213 -0.001868077 0.998235345 4.094732285
0.998031020 -0.005009204 -0.062521100 -0.136098295 0.005205847 0.999981999 0.002982685 -0.091494441 0.062505044 -0.003302287 0.998039126 4.124291420
0.997881234 -0.003376971 -0.064975046 -0.138859034 0.003614820 0.999987125 0.003543489 -0.092128545 0.064962253 -0.003770850 0.997880578 4.163655758
0.997702658 -0.001693479 -0.067725532 -0.140847057 0.001984734 0.999989092 0.004233550 -0.092944488 0.067717634 -0.004358237 0.997695029 4.191282749
0.997559249 0.000988968 -0.069819897 -0.143644735 -0.000826766 0.999996901 0.002352088 -0.093260542 0.069822013 -0.002288619 0.997556746 4.218575001
0.997327864 0.001630742 -0.073038220 -0.146317169 -0.001726957 0.999997675 -0.001254201 -0.094141096 0.073036000 0.001376986 0.997328401 4.256891251
0.997160256 0.004194538 -0.075192779 -0.148734018 -0.004533601 0.999980271 -0.004339129 -0.095211804 0.075173087 0.004667704 0.997159600 4.280848503
0.996975064 0.005482821 -0.077529490 -0.151302621 -0.006081567 0.999953449 -0.007488841 -0.095702201 0.077484831 0.007937685 0.996962011 4.312464237
0.996868908 0.007502654 -0.078717507 -0.153074458 -0.008202349 0.999929667 -0.008569135 -0.096196763 0.078647681 0.009187970 0.996860147 4.334947586
0.996965885 0.009743730 -0.077228330 -0.155440375 -0.010406494 0.999912322 -0.008184148 -0.096924946 0.077141821 0.008962990 0.996979833 4.356184483
0.997102022 0.014087962 -0.074760459 -0.158070415 -0.014608882 0.999872625 -0.006425496 -0.098029800 0.074660443 0.007499047 0.997180820 4.387670040
0.997427285 0.016740493 -0.069703452 -0.159223765 -0.017141854 0.999839664 -0.005163819 -0.098497339 0.069605842 0.006345385 0.997554421 4.407308102
0.997928321 0.017487563 -0.061912887 -0.160763830 -0.017713325 0.999838293 -0.003099385 -0.099093899 0.061848700 0.004189652 0.998076737 4.426041603
0.998497605 0.017126909 -0.052050948 -0.162340775 -0.017160848 0.999852717 -0.000205114 -0.100072227 0.052039765 0.001098048 0.998644352 4.454416752
0.999028802 0.016667742 -0.040791452 -0.162350342 -0.016630964 0.999860942 0.001240937 -0.100598678 0.040806469 -0.000561327 0.999166846 4.472079277
0.999490201 0.015951758 -0.027661521 -0.162167817 -0.015915057 0.999872148 0.001546720 -0.101118252 0.027682656 -0.001105694 0.999616146 4.488626480
0.999805689 0.015738539 -0.011870412 -0.162647828 -0.015732950 0.999875903 0.000564225 -0.101656467 0.011877822 -0.000377353 0.999929428 4.512765884
0.999877095 0.014329699 0.006365964 -0.162174657 -0.014315792 0.999894917 -0.002224746 -0.102110520 -0.006397179 0.002133344 0.999977350 4.528378010
0.999521613 0.014102579 0.027525922 -0.160977840 -0.013921640 0.999880135 -0.006754156 -0.102504902 -0.027617879 0.006367725 0.999598384 4.543524265
0.998580754 0.011792206 0.051936656 -0.159209892 -0.011220122 0.999873281 -0.011292811 -0.103195161 -0.052063230 0.010694058 0.998586535 4.565759659
0.996821284 0.009609970 0.079089671 -0.157161653 -0.008536940 0.999867022 -0.013894201 -0.103677139 -0.079212666 0.013174860 0.996770680 4.580353260
0.993983269 0.006825244 0.109320469 -0.154889822 -0.005206297 0.999872565 -0.015087747 -0.104017720 -0.109409533 0.014427820 0.993892074 4.594682217
0.989904761 0.004324856 0.141668454 -0.150533199 -0.002069587 0.999868810 -0.016062792 -0.104888111 -0.141719341 0.015607445 0.989783883 4.615631104
0.984201968 0.001934173 0.177039176 -0.146830499 0.001113631 0.999852955 -0.017114419 -0.105395183 -0.177046254 0.017041208 0.984054983 4.629075527
0.976462662 -0.001002220 0.215684474 -0.142837346 0.004785059 0.999843776 -0.017017286 -0.105982259 -0.215633720 0.017648816 0.976314902 4.642161369
0.966606021 -0.004277808 0.256231159 -0.136718273 0.008967760 0.999812961 -0.017137991 -0.107074082 -0.256109893 0.018863508 0.966463625 4.661284924
0.954520345 -0.003218521 0.298128456 -0.131972075 0.008838082 0.999807775 -0.017503293 -0.107636668 -0.298014849 0.019342130 0.954365313 4.673613548
0.939504325 -0.001481615 0.342533708 -0.126873255 0.007840626 0.999821723 -0.017180666 -0.108242393 -0.342447102 0.018826988 0.939348519 4.685254097
0.922104895 -0.001705788 0.386936277 -0.120944977 0.008090014 0.999856770 -0.014871448 -0.108913459 -0.386855423 0.016843354 0.921986639 4.696510315
0.901875675 -0.002250719 0.431989878 -0.110180974 0.009164285 0.999861002 -0.013923108 -0.109258279 -0.431898475 0.016515793 0.901770949 4.716540813
0.878866076 -0.003388779 0.477056593 -0.103114724 0.011149981 0.999847412 -0.013438828 -0.109876305 -0.476938307 0.017130107 0.878769755 4.727120876
0.853692472 -0.002547457 0.520771325 -0.095324755 0.012136074 0.999813735 -0.015003693 -0.110388264 -0.520636141 0.019128663 0.853564262 4.737784386
0.826982915 -0.001048367 0.562226117 -0.083315372 0.013375706 0.999751806 -0.017810240 -0.111140504 -0.562067926 0.022248941 0.826791763 4.751927376
0.796136856 0.003204464 0.605108082 -0.074761868 0.012223829 0.999696732 -0.021376915 -0.111686684 -0.604993045 0.024415694 0.795856357 4.761949539
0.762237430 0.009809393 0.647223234 -0.065402508 0.008025094 0.999665082 -0.024602246 -0.112091959 -0.647247672 0.023946788 0.761903524 4.771775246
0.726189375 0.014444277 0.687342882 -0.050860167 0.006386782 0.999594390 -0.027753882 -0.112175673 -0.687464952 0.024544489 0.725802600 4.784427643
0.687547743 0.015078282 0.725982606 -0.039815187 0.007240592 0.999592304 -0.027618278 -0.112869196 -0.726103127 0.024245432 0.687158227 4.792669296
0.647053421 0.011870136 0.762352169 -0.027733088 0.011842125 0.999601722 -0.025615321 -0.113205269 -0.762352705 0.025602354 0.646655202 4.800596714
0.602917492 0.010080317 0.797739744 -0.010827541 0.012815305 0.999668777 -0.022317495 -0.113683894 -0.797700644 0.023678895 0.602588773 4.811516762
0.557760298 0.008282774 0.829960763 0.002154350 0.013947162 0.999715447 -0.019349825 -0.113906011 -0.829884887 0.022368168 0.557486117 4.818078041
0.508949995 0.006170154 0.860773981 0.019142151 0.014420177 0.999772787 -0.015692744 -0.114387140 -0.860675097 0.020399345 0.508745492 4.826641083
0.458892912 0.001912124 0.888489544 0.033279419 0.017761376 0.999778092 -0.011325144 -0.114715353 -0.888313890 0.020977836 0.458757102 4.832117081
0.406727999 0.002482300 0.913545966 0.051535130 0.013244304 0.999875188 -0.008613491 -0.115486503 -0.913453341 0.015602638 0.406644374 4.839083672
0.356309056 0.007244158 0.934340179 0.066443324 0.008923066 0.999898016 -0.011155238 -0.116028361 -0.934325635 0.012311898 0.356208056 4.843182564
0.305260032 0.012528088 0.952186644 0.085951090 0.008146055 0.999842405 -0.015766643 -0.116300151 -0.952234149 0.012569494 0.305109978 4.848552704
0.257986426 0.014239020 0.966043651 0.101838231 0.009184356 0.999809980 -0.017189451 -0.116689973 -0.966104925 0.013307136 0.257806689 4.851929665
0.217629686 0.014187993 0.975928187 0.123320460 0.016101439 0.999705970 -0.018124254 -0.117138557 -0.975898623 0.019658228 0.217337266 4.854538918
0.181859851 0.014228659 0.983221412 0.140871823 0.024150833 0.999528885 -0.018931674 -0.117276601 -0.983027875 0.027188536 0.181430578 4.856658936
0.152028322 0.015526340 0.988254130 0.163412333 0.027003035 0.999438107 -0.019856073 -0.117776990 -0.988007247 0.029704548 0.151523650 4.858495235
0.123334765 0.013580427 0.992272198 0.182459056 0.024884257 0.999549568 -0.016773026 -0.118485652 -0.992053151 0.026760655 0.122941263 4.860626698
0.098513290 0.010433945 0.995081127 0.207174063 0.018209182 0.999758601 -0.012285715 -0.118844658 -0.994969189 0.019329922 0.098299526 4.862824917
0.073980093 0.006753474 0.997236967 0.227912903 0.012178397 0.999896228 -0.007674947 -0.119303413 -0.997185409 0.012712545 0.073890179 4.864373207
0.052053098 0.004038324 0.998636127 0.254416019 0.016709683 0.999848306 -0.004914205 -0.119845778 -0.998504460 0.016942699 0.051977720 4.864918709
0.032109506 0.004446284 0.999474525 0.276725769 0.024978256 0.999674141 -0.005249637 -0.120499335 -0.999172211 0.025133694 0.031987991 4.864634037
0.014038212 0.006895397 0.999877691 0.304600596 0.028464139 0.999568343 -0.007292897 -0.121123970 -0.999496222 0.028563038 0.013835881 4.864600658
-0.000780830 0.012665208 0.999919534 0.328295290 0.026608232 0.999566078 -0.012639951 -0.121613391 -0.999645650 0.026596218 -0.001117487 4.864753723
-0.010845141 0.016889613 0.999798536 0.358266473 0.026259646 0.999517262 -0.016600017 -0.121761553 -0.999596357 0.026074335 -0.011283422 4.863914967
-0.017382976 0.016744541 0.999708712 0.384070754 0.028372038 0.999465287 -0.016247133 -0.122017525 -0.999446273 0.028081365 -0.017848762 4.863634586
-0.019952996 0.013569879 0.999708831 0.415744692 0.034405876 0.999324858 -0.012877969 -0.122734830 -0.999208689 0.034138910 -0.020406418 4.862215042
-0.019231239 0.011808729 0.999745250 0.442190081 0.036106922 0.999286115 -0.011108745 -0.123321868 -0.999162853 0.035884097 -0.019643892 4.861402035
-0.017393356 0.011569504 0.999781847 0.476656497 0.034852318 0.999332368 -0.010957974 -0.123979189 -0.999241114 0.034654122 -0.017784974 4.861310482
-0.015880877 0.011707416 0.999805391 0.504284263 0.031937882 0.999427140 -0.011195689 -0.124664642 -0.999363720 0.031753872 -0.016245689 4.861209869
-0.014449386 0.013041606 0.999810457 0.540129781 0.030623052 0.999451816 -0.012594357 -0.125226066 -0.999426544 0.030435290 -0.014840840 4.860502720
-0.013818578 0.013697529 0.999810696 0.568368316 0.030057522 0.999460042 -0.013277292 -0.125963405 -0.999452651 0.029868374 -0.014222831 4.860494137
-0.012729689 0.013146712 0.999832511 0.597685099 0.029431859 0.999485314 -0.012767423 -0.126712620 -0.999485731 0.029264422 -0.013110070 4.859756470
-0.012395286 0.012447724 0.999845684 0.642180443 0.028111355 0.999531567 -0.012095314 -0.127149612 -0.999527931 0.027957099 -0.012739402 4.860104561
-0.012000321 0.011238651 0.999864876 0.673273325 0.028788064 0.999526203 -0.010889336 -0.127968431 -0.999513566 0.028653499 -0.012318176 4.859957218
-0.012353430 0.008834690 0.999884665 0.712855935 0.029384186 0.999532282 -0.008468536 -0.128798038 -0.999491811 0.029276183 -0.012607251 4.859295845
-0.013383476 0.007033883 0.999885738 0.744405508 0.026652476 0.999622524 -0.006675286 -0.129474163 -0.999555051 0.026560100 -0.013565892 4.858957767
-0.014371347 0.006145730 0.999877870 0.784612775 0.026516138 0.999631763 -0.005763096 -0.130145788 -0.999545038 0.026430076 -0.014529016 4.858424187
-0.015674697 0.004064023 0.999868929 0.816952884 0.028362703 0.999591112 -0.003618255 -0.130396351 -0.999474704 0.028302271 -0.015783554 4.857866764
-0.016890107 0.002277698 0.999854743 0.858786702 0.030289900 0.999539614 -0.001765311 -0.131193087 -0.999398410 0.030255686 -0.016951323 4.857410431
-0.018703502 0.001265895 0.999824286 0.891430497 0.027007073 0.999635041 -0.000760444 -0.131926149 -0.999460220 0.026988104 -0.018730860 4.856960773
-0.019527817 0.005970359 0.999791503 0.933577895 0.024486560 0.999684989 -0.005491462 -0.132743061 -0.999509454 0.024374224 -0.019667860 4.856646538
-0.020008732 0.010809412 0.999741435 0.966689825 0.026061935 0.999607325 -0.010286367 -0.133224338 -0.999460161 0.025849380 -0.020282593 4.856016159
-0.021797512 0.012357377 0.999686122 1.009934545 0.025757330 0.999598622 -0.011794676 -0.134130135 -0.999430537 0.025492145 -0.022107057 4.855627537
-0.023393489 0.010600804 0.999670148 1.043491364 0.022299606 0.999700606 -0.010079287 -0.134682983 -0.999477625 0.022056462 -0.023622876 4.855248928
-0.024439307 0.006451151 0.999680459 1.076840281 0.019376418 0.999794304 -0.005978188 -0.135362476 -0.999513507 0.019224126 -0.024559280 4.854718685
-0.024545752 0.000594504 0.999698579 1.125253439 0.017298650 0.999850333 -0.000169856 -0.136801347 -0.999549091 0.017289273 -0.024552355 4.853945255
-0.024445737 -0.004919413 0.999689043 1.158926010 0.013739321 0.999891758 0.005256385 -0.137263000 -0.999606788 0.013863553 -0.024375498 4.853334427
-0.024709744 -0.006138152 0.999675930 1.192637920 0.011447246 0.999913871 0.006422564 -0.137748659 -0.999629200 0.011602243 -0.024637349 4.853125572
-0.023929389 0.000886920 0.999713242 1.240195274 0.013611481 0.999907136 -0.000561289 -0.138640419 -0.999620974 0.013594150 -0.023939239 4.852130413
-0.022349330 0.011933580 0.999678969 1.272234797 0.016155228 0.999802530 -0.011573882 -0.139119714 -0.999619722 0.015891379 -0.022537706 4.851255894
-0.021734923 0.017818797 0.999605000 1.305564642 0.018425435 0.999678493 -0.017419480 -0.139448285 -0.999593973 0.018039547 -0.022056259 4.850469589
-0.021463782 0.011753444 0.999700546 1.353237510 0.019245643 0.999750435 -0.011340824 -0.140954211 -0.999584377 0.018996460 -0.021684626 4.850238323
-0.020790670 0.004122303 0.999775350 1.386230707 0.022270076 0.999745309 -0.003659067 -0.141819030 -0.999535799 0.022188997 -0.020877179 4.849632263
-0.019722434 0.001503319 0.999804378 1.419242024 0.023901740 0.999713838 -0.001031692 -0.142423391 -0.999519825 0.023876715 -0.019752719 4.849024773
-0.020562086 0.001577247 0.999787390 1.465228796 0.022103146 0.999755025 -0.001122612 -0.143491909 -0.999544203 0.022075363 -0.020591911 4.848614216
-0.021445865 0.002984850 0.999765575 1.497130871 0.018704599 0.999821603 -0.002583787 -0.144017786 -0.999594986 0.018644800 -0.021497872 4.848244667
-0.024063090 0.002921357 0.999706268 1.529679060 0.016428350 0.999861777 -0.002526378 -0.144738510 -0.999575436 0.016362732 -0.024107758 4.848464012
-0.026004680 0.002912696 0.999657631 1.573633075 0.015211292 0.999881148 -0.002517644 -0.145544887 -0.999546111 0.015140623 -0.026045892 4.847259521
-0.028276248 0.003489428 0.999594152 1.605497837 0.014130207 0.999895394 -0.003090767 -0.146176681 -0.999500275 0.014037085 -0.028322591 4.846651077
-0.030788884 0.004340339 0.999516547 1.636151910 0.012722226 0.999911308 -0.003950162 -0.146515742 -0.999444962 0.012594462 -0.030841369 4.846302509
-0.032334242 0.003196263 0.999472022 1.679316521 0.010840281 0.999937177 -0.002847054 -0.147565857 -0.999418318 0.010742507 -0.032366849 4.845007896
-0.033932768 0.001928195 0.999422371 1.710444212 0.011022710 0.999938071 -0.001554942 -0.148191124 -0.999363303 0.010963585 -0.033951927 4.843575478
-0.036848914 0.001670463 0.999319494 1.748834848 0.010179229 0.999947250 -0.001296165 -0.149390057 -0.999269009 0.010124548 -0.036863979 4.843129635
-0.038589500 0.003183189 0.999250174 1.779200315 0.011281909 0.999932468 -0.002749674 -0.149865344 -0.999191463 0.011167348 -0.038622804 4.842255116
-0.039520711 0.002725654 0.999215066 1.816689849 0.010305811 0.999944210 -0.002320034 -0.150828034 -0.999165595 0.010206033 -0.039546598 4.840623856
-0.040717009 0.001567277 0.999169469 1.847155809 0.012242972 0.999924421 -0.001069554 -0.151302665 -0.999095738 0.012189254 -0.040733114 4.839364052
-0.041565724 0.000730284 0.999135435 1.876628637 0.012300720 0.999924302 -0.000219134 -0.152059466 -0.999059975 0.012280979 -0.041571558 4.837813854
-0.043395899 0.000410756 0.999057889 1.917569399 0.011601422 0.999932587 0.000092815 -0.152928337 -0.998990536 0.011594521 -0.043397740 4.836814880
-0.044430092 -0.000219594 0.999012530 1.946509719 0.009736767 0.999952376 0.000652834 -0.153331220 -0.998965085 0.009756159 -0.044425834 4.835797787
-0.044987015 -0.001181444 0.998986900 1.975435734 0.009426399 0.999954283 0.001607084 -0.153702497 -0.998943090 0.009489150 -0.044973824 4.834468365
-0.046703443 -0.002126587 0.998906612 2.013578176 0.008620828 0.999959588 0.002531889 -0.154858723 -0.998871565 0.008729655 -0.046683222 4.833397388
-0.046485975 0.000344015 0.998918891 2.040646076 0.008677468 0.999962330 0.000059441 -0.155505225 -0.998881221 0.008670856 -0.046487205 4.831975937
-0.046858847 0.003509175 0.998895347 2.074868202 0.009330790 0.999951661 -0.003075174 -0.155992448 -0.998857975 0.009176396 -0.046889320 4.830824375
-0.046993420 0.005076169 0.998882353 2.102080345 0.006969866 0.999964356 -0.004753765 -0.156607643 -0.998870969 0.006738691 -0.047027130 4.829820156
-0.047194090 0.005929771 0.998868227 2.135376215 0.007403822 0.999956846 -0.005586419 -0.157306612 -0.998858452 0.007131796 -0.047235955 4.828504562
-0.047407027 0.005964850 0.998857915 2.161801815 0.008647695 0.999947011 -0.005560923 -0.157847553 -0.998838246 0.008374192 -0.047456097 4.827405453
-0.047554366 0.004838020 0.998856962 2.195192814 0.008844737 0.999951005 -0.004422236 -0.158961192 -0.998829484 0.008624329 -0.047594842 4.825788021
-0.047838058 0.004918718 0.998843014 2.224877119 0.004678085 0.999978006 -0.004700259 -0.159694329 -0.998844206 0.004447825 -0.047860019 4.824736118
-0.048013050 0.004766364 0.998835385 2.251151085 0.002110192 0.999986887 -0.004670425 -0.160518155 -0.998844504 0.001883497 -0.048022475 4.823997974
-0.048004024 0.003661521 0.998840511 2.284359217 0.003766716 0.999986887 -0.003484697 -0.161256924 -0.998840034 0.003595069 -0.048017178 4.822609901
-0.048692010 0.003127544 0.998809040 2.310045958 0.003679514 0.999988973 -0.002951862 -0.161754847 -0.998807013 0.003531400 -0.048702974 4.821247101
-0.051820904 0.003129312 0.998651505 2.342395306 0.001101442 0.999994636 -0.003076365 -0.162064567 -0.998655736 0.000940535 -0.051824071 4.819674015
-0.057256535 0.002209154 0.998356998 2.367724895 -0.003100272 0.999992251 -0.002390576 -0.162931219 -0.998354673 -0.003232056 -0.057249252 4.818479061
-0.063098840 0.006265904 0.997987688 2.400351524 0.000745639 0.999980271 -0.006231266 -0.163576186 -0.998007119 0.000350952 -0.063102260 4.816457748
-0.069600113 0.008816353 0.997536063 2.425298929 0.003141688 0.999957979 -0.008618552 -0.164215386 -0.997570038 0.002534094 -0.069624878 4.814580917
-0.076731339 0.010560907 0.996995926 2.457941055 0.001896858 0.999943614 -0.010446144 -0.164870471 -0.997050047 0.001089617 -0.076747052 4.811944485
-0.083896704 0.009343921 0.996430695 2.483872414 -0.002215199 0.999951899 -0.009563453 -0.165563077 -0.996472120 -0.003009629 -0.083871953 4.810515881
-0.088129818 0.008265837 0.996074736 2.516596556 -0.002002381 0.999962091 -0.008475268 -0.166485474 -0.996106982 -0.002741440 -0.088109918 4.807141304
-0.092846662 0.010143932 0.995628834 2.543016911 -0.003680881 0.999937773 -0.010531097 -0.166407824 -0.995673597 -0.004642564 -0.092803530 4.804984570
-0.096876465 0.008341664 0.995261431 2.576361895 -0.006774985 0.999936163 -0.009040305 -0.167625770 -0.995273292 -0.007618668 -0.096813761 4.802024364
-0.099354163 0.005968026 0.995034218 2.603387833 -0.006088896 0.999959707 -0.006605543 -0.167714015 -0.995033443 -0.006714942 -0.099313825 4.799401760
-0.100882411 0.002212940 0.994895816 2.637348413 -0.003895264 0.999988854 -0.002619249 -0.168755755 -0.994890690 -0.004139620 -0.100872688 4.795725822
-0.102868900 -0.000826823 0.994694531 2.665035725 -0.004716172 0.999988735 0.000343488 -0.169344991 -0.994683683 -0.004655819 -0.102871664 4.793306828
-0.103947364 -0.000624955 0.994582534 2.700121641 -0.004994660 0.999987423 0.000106343 -0.169709012 -0.994570196 -0.004956550 -0.103949212 4.789818764
-0.104921773 0.003021915 0.994475901 2.727770805 -0.003288792 0.999988794 -0.003385648 -0.170215860 -0.994475007 -0.003625854 -0.104910687 4.787205219
-0.104429506 0.006870335 0.994508564 2.755028009 0.002574543 0.999974549 -0.006637751 -0.170736179 -0.994529009 0.001867228 -0.104444548 4.783852100
-0.105112202 0.011795401 0.994390428 2.795262814 0.009793349 0.999893427 -0.010825470 -0.171615064 -0.994412124 0.008600529 -0.105216488 4.779164314
-0.106273457 0.013102992 0.994250655 2.823754072 0.010325304 0.999873757 -0.012073446 -0.172098875 -0.994283259 0.008982860 -0.106395341 4.776337147
-0.106193185 0.010961740 0.994285107 2.860228539 0.008706950 0.999911189 -0.010093833 -0.172931731 -0.994307339 0.007585295 -0.106279194 4.772545338
-0.106393322 0.006566533 0.994302392 2.888817787 0.009790939 0.999936640 -0.005556087 -0.173489302 -0.994275868 0.009144025 -0.106450871 4.769775867
-0.106576458 0.004165670 0.994295835 2.925008297 0.010923557 0.999935806 -0.003018427 -0.174360931 -0.994244456 0.010539558 -0.106615119 4.765907764
-0.106759511 0.004048767 0.994276702 2.953095675 0.011640914 0.999928296 -0.002821850 -0.174949512 -0.994216621 0.011273033 -0.106798984 4.762795448
-0.109265760 0.004592920 0.994001985 2.989474773 0.009816690 0.999945462 -0.003541282 -0.175938189 -0.993964016 0.009370871 -0.109304897 4.759514332
-0.111224435 0.005373696 0.993780792 3.017929792 0.008643432 0.999952793 -0.004439694 -0.176294297 -0.993757725 0.008095875 -0.111265637 4.756565571
-0.113773808 0.005591221 0.993490994 3.053336143 0.009952313 0.999940336 -0.004487792 -0.177176565 -0.993456781 0.009376946 -0.113822676 4.752641201
-0.115239128 0.005785146 0.993320942 3.081089973 0.010463626 0.999934614 -0.004609741 -0.177644745 -0.993282676 0.009862521 -0.115292132 4.749246597
-0.117372505 0.005266758 0.993074059 3.108586073 0.010698840 0.999934554 -0.004038638 -0.178520754 -0.993030310 0.010150721 -0.117421180 4.746212959
-0.119327746 0.005729267 0.992838442 3.149015427 0.007932770 0.999956965 -0.004816918 -0.179176047 -0.992823243 0.007301170 -0.119368061 4.741832256
-0.120008558 0.007712008 0.992742956 3.177758217 0.008086863 0.999944270 -0.006790363 -0.179522038 -0.992740035 0.007213277 -0.120064251 4.738436699
-0.120868422 0.008013876 0.992636323 3.205679178 0.006248793 0.999953806 -0.007312070 -0.179635286 -0.992648840 0.005318984 -0.120912902 4.735387802
-0.122549273 0.008067060 0.992429554 3.244769573 0.006289638 0.999953151 -0.007351543 -0.180851132 -0.992442489 0.005341105 -0.122594275 4.730637550
-0.123947918 0.006700729 0.992266059 3.274374962 0.006707844 0.999959946 -0.005914780 -0.181249201 -0.992265999 0.005922849 -0.123987950 4.727583885
-0.125231549 0.004647022 0.992116570 3.304500580 0.004014673 0.999983132 -0.004177107 -0.181451321 -0.992119491 0.003459926 -0.125248089 4.724649906
-0.126473218 0.001832149 0.991968334 3.343015432 0.001130179 0.999997914 -0.001702881 -0.182779849 -0.991969526 0.000905737 -0.126475006 4.719249725
-0.127868071 0.001308331 0.991790414 3.371791363 0.002744077 0.999995768 -0.000965368 -0.183220476 -0.991787493 0.002598115 -0.127871111 4.715052128
-0.129795253 0.002448477 0.991537869 3.401167631 0.005042142 0.999985635 -0.001809304 -0.183386832 -0.991528034 0.004764641 -0.129805744 4.711637497
-0.132306516 0.003331894 0.991203249 3.443339348 0.003212962 0.999990523 -0.002932560 -0.184458241 -0.991203606 0.002796702 -0.132315964 4.706025600
-0.134171292 0.007131856 0.990932524 3.473372459 0.004522526 0.999968112 -0.006584538 -0.184823692 -0.990947843 0.003598061 -0.134199232 4.702351570
-0.134030387 0.010275939 0.990923882 3.503291368 0.006768052 0.999932408 -0.009453922 -0.185906336 -0.990954041 0.005439513 -0.134090871 4.697903633
-0.135765880 0.014385790 0.990636528 3.534293413 0.008064521 0.999877572 -0.013414747 -0.186667353 -0.990708172 0.006167744 -0.135865241 4.694161415
-0.134969071 0.015543178 0.990727901 3.580239296 0.009514101 0.999851108 -0.014390182 -0.187710881 -0.990804136 0.007483653 -0.135096863 4.687346935
-0.134513751 0.014969772 0.990798652 3.611227036 0.013208715 0.999823987 -0.013312882 -0.188612312 -0.990823627 0.011296410 -0.134687826 4.683234692
-0.133660913 0.012985054 0.990942061 3.642283916 0.014308649 0.999835014 -0.011171605 -0.189583585 -0.990923822 0.012685833 -0.133824676 4.678639412
-0.133207187 0.011562927 0.991020679 3.684907436 0.012647521 0.999870360 -0.009966180 -0.190307319 -0.991007507 0.011206388 -0.133336186 4.672853470
-0.132311031 0.008793928 0.991169274 3.717429161 0.011768146 0.999904156 -0.007300502 -0.191381618 -0.991138399 0.010698288 -0.132401854 4.669496059
-0.129834473 0.005763887 0.991518974 3.756486654 0.012126427 0.999917567 -0.004224810 -0.192080826 -0.991461515 0.011475060 -0.129893661 4.663725376
-0.127659217 0.002194940 0.991815686 3.788174152 0.012210216 0.999925256 -0.000641274 -0.192654952 -0.991742909 0.012028421 -0.127676487 4.659702778
-0.126762256 0.002408952 0.991930246 3.820406437 0.011134555 0.999937534 -0.001005471 -0.193133801 -0.991870642 0.010917249 -0.126781166 4.656383038
-0.125178784 0.006195072 0.992114902 3.864062309 0.011983179 0.999917030 -0.004731827 -0.194430709 -0.992061853 0.011296365 -0.125242636 4.650743008
-0.123853952 0.012646456 0.992219925 3.895679712 0.012483428 0.999859512 -0.011185582 -0.194957629 -0.992222011 0.011000927 -0.123994440 4.647052288
-0.121560834 0.016290562 0.992450416 3.935837746 0.011229228 0.999823868 -0.015036181 -0.195700333 -0.992520452 0.009316641 -0.121722341 4.642023087
-0.119999468 0.013673754 0.992679894 3.967732430 0.009470061 0.999875426 -0.012628093 -0.196613401 -0.992728710 0.007885377 -0.120114006 4.638712883
-0.118767872 0.011518603 0.992855251 3.999623299 0.011103915 0.999885499 -0.010271891 -0.197579980 -0.992859960 0.009804612 -0.118882202 4.634826183
-0.118919753 0.009620059 0.992857277 4.042768955 0.009793157 0.999915779 -0.008515474 -0.198322892 -0.992855549 0.008710560 -0.119003944 4.630258560
-0.118269235 0.009710519 0.992934108 4.078090668 0.009715135 0.999915659 -0.008621619 -0.198694929 -0.992933989 0.008626827 -0.118353598 4.626083374
-0.118151076 0.009262100 0.992952406 4.107027531 0.007811293 0.999934256 -0.008397763 -0.199741662 -0.992964923 0.006764047 -0.118215665 4.623753548
-0.117007606 0.007198868 0.993104875 4.149859428 0.010818530 0.999923646 -0.005973660 -0.201112568 -0.993072093 0.010044977 -0.117076539 4.617967129
-0.115429573 0.006189852 0.993296385 4.181962967 0.014138492 0.999889493 -0.004587926 -0.202110678 -0.993215024 0.013514135 -0.115504324 4.613894463
