0.999998748 0.000682972 0.001412530 -0.000160062 -0.000681695 0.999999344 -0.000904135 -0.001112940 -0.001413147 0.000903171 0.999998629 0.060457114
0.999996841 0.000913943 0.002340594 0.000043463 -0.000912889 0.999999464 -0.000451732 -0.002199705 -0.002341005 0.000449594 0.999997139 0.121142410
0.999994576 0.000247988 0.003284411 -0.000076503 -0.000247635 0.999999940 -0.000107716 -0.003156474 -0.003284438 0.000106902 0.999994636 0.183312133
0.999994576 -0.000326479 0.003258175 0.000762582 0.000327697 0.999999881 -0.000373185 -0.004044510 -0.003258053 0.000374251 0.999994576 0.245881543
0.999992192 -0.000422485 0.003922989 0.001099665 0.000424424 0.999999762 -0.000493386 -0.004964328 -0.003922779 0.000495047 0.999992192 0.308861852
0.999991536 -0.000121040 0.004107444 0.001917685 0.000126954 0.999999046 -0.001439638 -0.005997344 -0.004107265 0.001440147 0.999990523 0.371827364
0.999986231 -0.000057704 0.005252390 0.001613371 0.000067280 0.999998271 -0.001823119 -0.007053701 -0.005252274 0.001823447 0.999984503 0.432762563
0.999982834 -0.001101105 0.005742659 0.001401995 0.001103205 0.999999225 -0.000362534 -0.008219941 -0.005742256 0.000368863 0.999983430 0.491348356
0.999987602 -0.001912360 0.004602780 0.001232683 0.001909691 0.999998033 0.000584174 -0.009417903 -0.004603889 -0.000575377 0.999989212 0.550022244
0.999993980 -0.002658719 0.002234712 0.001155722 0.002658316 0.999996424 0.000183207 -0.010416523 -0.002235190 -0.000177265 0.999997497 0.608793736
0.999997437 -0.002194043 0.000496609 0.000674124 0.002194208 0.999997497 -0.000331725 -0.011330103 -0.000495880 0.000332813 0.999999821 0.667532623
0.999997616 -0.002135137 -0.000584605 0.000163958 0.002134786 0.999997497 -0.000600152 -0.012347224 0.000585885 0.000598902 0.999999642 0.726058483
0.999998093 -0.000528430 -0.001942595 0.000222411 0.000527025 0.999999583 -0.000724283 -0.013378652 0.001942978 0.000723257 0.999997795 0.780030370
0.999997854 -0.001107989 -0.001728729 -0.000634964 0.001106555 0.999999166 -0.000830662 -0.014184842 0.001729647 0.000828747 0.999998093 0.843646526
0.999996781 -0.001309937 -0.002171342 -0.001234121 0.001309319 0.999999106 -0.000286114 -0.015223969 0.002171715 0.000283271 0.999997616 0.902390540
0.999994993 -0.001865678 -0.002575230 -0.002062886 0.001865665 0.999998212 -0.000007718 -0.016401982 0.002575240 0.000002913 0.999996722 0.956503034
0.999993742 -0.001218651 -0.003317642 -0.001971266 0.001215357 0.999998748 -0.000994600 -0.017454054 0.003318851 0.000990562 0.999993920 1.018365860
0.999990761 -0.001826357 -0.003898943 -0.002466011 0.001819994 0.999997020 -0.001634879 -0.018639699 0.003901917 0.001627768 0.999991059 1.075802565
0.999989867 -0.001207907 -0.004361986 -0.003497248 0.001201692 0.999998271 -0.001427222 -0.019387012 0.004363702 0.001421965 0.999989450 1.128687263
0.999985814 -0.000844753 -0.005252523 -0.003721645 0.000836757 0.999998450 -0.001524243 -0.020602664 0.005253803 0.001519826 0.999985099 1.189252853
0.999986410 -0.000570916 -0.005181778 -0.005377785 0.000561148 0.999998033 -0.001886479 -0.021741331 0.005182846 0.001883546 0.999984860 1.242789388
0.999972701 -0.000901474 -0.007346405 -0.004737560 0.000892961 0.999998927 -0.001161887 -0.022955377 0.007347445 0.001155295 0.999972284 1.301872373
0.999965906 -0.002303119 -0.007928313 -0.006085545 0.002306890 0.999997258 0.000466576 -0.024232361 0.007927216 -0.000484850 0.999968410 1.355298758
0.999955833 -0.002429140 -0.009079210 -0.005999030 0.002432547 0.999996960 0.000364209 -0.024890590 0.009078298 -0.000386279 0.999958694 1.415754318
0.999949694 -0.004141127 -0.009128220 -0.007239791 0.004141396 0.999991417 0.000010718 -0.026343843 0.009128097 -0.000048521 0.999958336 1.470266938
0.999931991 -0.003524417 -0.011126837 -0.007372970 0.003513193 0.999993265 -0.001028120 -0.027506595 0.011130387 0.000988959 0.999937534 1.528537154
0.999927461 -0.004056181 -0.011345414 -0.009246395 0.004036611 0.999990344 -0.001747229 -0.027215857 0.011352392 0.001701305 0.999934137 1.581719041
0.999916196 -0.003120630 -0.012576881 -0.008838067 0.003114224 0.999994934 -0.000528844 -0.029338751 0.012578468 0.000489633 0.999920726 1.640481710
0.999904513 -0.003725212 -0.013313519 -0.009816300 0.003731888 0.999992907 0.000476629 -0.030795688 0.013311650 -0.000526268 0.999911249 1.694252968
0.999888361 -0.004571871 -0.014223978 -0.010077535 0.004568722 0.999989510 -0.000253877 -0.031687185 0.014224987 0.000188864 0.999898732 1.753535271
0.999883533 -0.004592340 -0.014558145 -0.011078290 0.004579511 0.999989033 -0.000914380 -0.032093477 0.014562186 0.000847604 0.999893546 1.807114959
0.999883413 -0.005043136 -0.014406499 -0.012468654 0.005047118 0.999987185 0.000240076 -0.033374455 0.014405102 -0.000312760 0.999896169 1.863182664
0.999890566 -0.005195928 -0.013846419 -0.013950214 0.005209847 0.999985874 0.000969387 -0.033712767 0.013841186 -0.001041419 0.999903679 1.917061448
0.999891877 -0.004097064 -0.014131414 -0.014716851 0.004128437 0.999989033 0.002191621 -0.035005420 0.014122281 -0.002249725 0.999897718 1.972851634
0.999901891 -0.003384569 -0.013591472 -0.016064411 0.003401183 0.999993503 0.001199481 -0.035402369 0.013587324 -0.001245590 0.999906957 2.026804209
0.999912500 -0.002448114 -0.012996643 -0.018017834 0.002463222 0.999996364 0.001146632 -0.036342222 0.012993788 -0.001178545 0.999914885 2.080532312
0.999905825 -0.000038606 -0.013722128 -0.017352792 0.000086835 0.999993861 0.003514110 -0.037600096 0.013721906 -0.003514971 0.999899685 2.135574102
0.999928415 -0.000296238 -0.011965213 -0.018345553 0.000378392 0.999976456 0.006864404 -0.038622916 0.011962898 -0.006868441 0.999904811 2.188807964
0.999949694 0.000644362 -0.010013767 -0.019335717 -0.000550125 0.999955595 0.009410652 -0.038766690 0.010019385 -0.009404668 0.999905586 2.243950844
0.999962807 0.001404852 -0.008521864 -0.019891186 -0.001299148 0.999922276 0.012396717 -0.038863793 0.008538618 -0.012385185 0.999886811 2.297777414
0.999973953 0.000503592 -0.007192452 -0.020514857 -0.000403045 0.999902308 0.013974044 -0.039306439 0.007198787 -0.013970784 0.999876499 2.351813793
0.999981463 -0.001533818 -0.005876572 -0.020714097 0.001605850 0.999923408 0.012272347 -0.039534044 0.005857298 -0.012281559 0.999907434 2.406289339
0.999989986 0.000053929 -0.004474435 -0.021734966 -0.000008112 0.999947608 0.010239230 -0.039381389 0.004474752 -0.010239093 0.999937594 2.458141088
0.999991000 0.000642620 -0.004188384 -0.021704018 -0.000601808 0.999952435 0.009738074 -0.039672688 0.004194442 -0.009735465 0.999943852 2.512333632
0.999989450 -0.000176555 -0.004594007 -0.021890178 0.000218202 0.999958873 0.009066508 -0.039923273 0.004592218 -0.009067414 0.999948323 2.564024925
0.999984384 -0.001225741 -0.005460971 -0.022344243 0.001269897 0.999966383 0.008089550 -0.040652066 0.005450872 -0.008096358 0.999952435 2.618057251
0.999976635 -0.000872195 -0.006769292 -0.022836722 0.000929642 0.999963522 0.008487841 -0.040793531 0.006761641 -0.008493938 0.999941111 2.669068575
0.999966562 -0.001298989 -0.008070758 -0.023525778 0.001376080 0.999953389 0.009553682 -0.041187204 0.008057972 -0.009564470 0.999921799 2.722002745
0.999942720 -0.002079566 -0.010500244 -0.023429289 0.002181758 0.999950290 0.009730387 -0.041528035 0.010479487 -0.009752740 0.999897540 2.775686741
0.999947011 -0.000878795 -0.010250665 -0.028753255 0.000982812 0.999948025 0.010146697 -0.043759018 0.010241217 -0.010156235 0.999895990 2.869662762
0.999940753 -0.000786742 -0.010859800 -0.029533561 0.000894539 0.999950349 0.009924906 -0.044049941 0.010851452 -0.009934032 0.999891758 2.919181585
0.999938130 -0.001699619 -0.011002437 -0.030646164 0.001802983 0.999954283 0.009391596 -0.044408500 0.010985973 -0.009410851 0.999895394 2.973361492
0.999933600 -0.002346462 -0.011281563 -0.030958924 0.002441076 0.999961913 0.008380143 -0.044949740 0.011261472 -0.008407125 0.999901175 3.019114733
0.999928951 -0.003118428 -0.011503624 -0.032046765 0.003236304 0.999942243 0.010242493 -0.045797821 0.011471019 -0.010278995 0.999881327 3.068261147
0.999921322 -0.003302558 -0.012103349 -0.032784674 0.003445702 0.999924064 0.011825114 -0.046387248 0.012063376 -0.011865886 0.999856830 3.117714167
0.999921501 -0.002444721 -0.012289992 -0.033738889 0.002565218 0.999948740 0.009798273 -0.046495344 0.012265407 -0.009829030 0.999876440 3.167795658
0.999925017 -0.000412225 -0.012239261 -0.034724653 0.000516255 0.999963760 0.008497762 -0.046709541 0.012235317 -0.008503445 0.999888957 3.217351675
0.999920785 0.001520114 -0.012490962 -0.035572797 -0.001407131 0.999958098 0.009048918 -0.047249682 0.012504194 -0.009030625 0.999881029 3.266870975
0.999915361 0.003423686 -0.012553503 -0.036499925 -0.003310329 0.999953568 0.009039625 -0.047616370 0.012583870 -0.008997304 0.999880373 3.316349506
0.999912202 0.005262883 -0.012156929 -0.037887171 -0.005152557 0.999945402 0.009088714 -0.048034184 0.012204100 -0.009025280 0.999884844 3.370109320
0.999925137 0.005614186 -0.010868359 -0.040833261 -0.005503871 0.999933243 0.010153576 -0.048077103 0.010924640 -0.010092998 0.999889314 3.413542986
0.999934137 0.007514823 -0.008657478 -0.042070866 -0.007422148 0.999915242 0.010687551 -0.048373446 0.008737062 -0.010622591 0.999905288 3.467478514
0.999959409 0.006510396 -0.006220069 -0.042191368 -0.006456515 0.999941766 0.008643448 -0.048979200 0.006275978 -0.008602937 0.999943256 3.511676073
0.999990225 0.002820038 -0.003392786 -0.044859868 -0.002808293 0.999990046 0.003461544 -0.050276265 0.003402514 -0.003451983 0.999988258 3.601834774
0.999993086 0.003572506 -0.000898778 -0.045358710 -0.003569981 0.999989688 0.002794576 -0.050915200 0.000908752 -0.002791350 0.999995768 3.655882597
0.999995053 0.002612094 0.001755858 -0.045141883 -0.002623888 0.999973774 0.006749193 -0.051609367 -0.001738182 -0.006753766 0.999975681 3.697962999
0.999984503 0.002826426 0.004800548 -0.044841081 -0.002865300 0.999962986 0.008110380 -0.052235387 -0.004777447 -0.008124009 0.999955535 3.751509666
0.999955654 0.003097023 0.008895721 -0.044780858 -0.003150482 0.999976993 0.006001861 -0.052482717 -0.008876927 -0.006029619 0.999942422 3.794008255
0.999916077 0.003402773 0.012494639 -0.044545002 -0.003433561 0.999991119 0.002443524 -0.052949779 -0.012486212 -0.002486220 0.999918938 3.846754551
0.999873996 0.000927257 0.015849559 -0.043854766 -0.000923509 0.999999523 -0.000243800 -0.054101210 -0.015849778 0.000229132 0.999874353 3.888365030
0.999818504 -0.001127537 0.019017994 -0.043049209 0.001136470 0.999999285 -0.000458935 -0.055358075 -0.019017464 0.000480465 0.999818981 3.941270351
0.999739408 0.000052208 0.022834951 -0.042028084 -0.000069641 0.999999702 0.000762625 -0.056080669 -0.022834910 -0.000764017 0.999738991 3.981790066
0.999635220 0.001829703 0.026946221 -0.041081794 -0.001862397 0.999997497 0.001188272 -0.057133578 -0.026943976 -0.001238022 0.999636233 4.034383774
0.999550343 0.000659837 0.029977923 -0.039650843 -0.000617733 0.999998808 -0.001413722 -0.057305165 -0.029978819 0.001394568 0.999549508 4.075177193
0.999440312 -0.000190608 0.033451289 -0.038391858 0.000282145 0.999996245 -0.002731736 -0.058819629 -0.033450641 0.002739645 0.999436617 4.127247334
0.999332309 0.000279677 0.036537137 -0.036826044 -0.000137262 0.999992311 -0.003900256 -0.059257142 -0.036537945 0.003892637 0.999324679 4.167087078
0.999219954 -0.000203550 0.039492376 -0.034716547 0.000309779 0.999996305 -0.002683771 -0.060084455 -0.039491691 0.002693911 0.999216318 4.219405651
0.999120951 -0.001581308 0.041889075 -0.032616675 0.001646672 0.999997377 -0.001525975 -0.060658332 -0.041886561 0.001593611 0.999121070 4.259613514
0.999023974 -0.002446804 0.044102762 -0.030071855 0.002446361 0.999996901 0.000063996 -0.061565094 -0.044102784 0.000043957 0.999027014 4.311276913
0.998892307 -0.003665907 0.046911925 -0.028392494 0.003608495 0.999992609 0.001308478 -0.062397365 -0.046916377 -0.001137747 0.998898208 4.352560997
0.998765111 -0.004525614 0.049474850 -0.026641026 0.004569031 0.999989331 -0.000764492 -0.063416317 -0.049470861 0.000989600 0.998775125 4.403602600
0.998644233 -0.005973864 0.051710740 -0.023694277 0.006232015 0.999969006 -0.004832434 -0.063727662 -0.051680267 0.005148144 0.998650491 4.454879284
0.998553514 -0.005375306 0.053497747 -0.021581784 0.005754806 0.999959350 -0.006942234 -0.065349415 -0.053458255 0.007240061 0.998543859 4.489084721
0.998465419 -0.005761270 0.055077843 -0.018991843 0.006213112 0.999948382 -0.008035995 -0.066322960 -0.055028711 0.008365870 0.998449743 4.541117668
0.998425007 -0.004972083 0.055880282 -0.017329842 0.005402314 0.999956906 -0.007550755 -0.067108788 -0.055840325 0.007840746 0.998408914 4.581721783
0.998478711 -0.004934472 0.054915041 -0.015087068 0.005235745 0.999971986 -0.005343658 -0.068344817 -0.054887131 0.005623051 0.998476684 4.632763863
0.998582125 -0.005870811 0.052907508 -0.011456758 0.006063946 0.999975562 -0.003490676 -0.070057787 -0.052885719 0.003806555 0.998593330 4.685964108
0.998647571 -0.005481874 0.051700830 -0.010153368 0.005651602 0.999979138 -0.003137296 -0.070281327 -0.051682554 0.003425245 0.998657703 4.722458363
0.998778105 -0.005633507 0.049097091 -0.008244321 0.005761748 0.999980330 -0.002470847 -0.071368232 -0.049082212 0.002750714 0.998790860 4.775043488
0.998928905 -0.004502974 0.046050824 -0.006035537 0.004635801 0.999985278 -0.002777978 -0.072043464 -0.046037633 0.002988485 0.998935282 4.816914082
0.999115527 -0.003703460 0.041887086 -0.004051059 0.003834379 0.999987900 -0.003045602 -0.073188648 -0.041875303 0.003203518 0.999117732 4.869805336
0.999259651 -0.003049442 0.038350396 -0.002967551 0.003164317 0.999990702 -0.002935077 -0.073546432 -0.038341086 0.003054257 0.999260008 4.911960125
0.999415934 -0.002579508 0.034074891 -0.000887528 0.002655079 0.999994099 -0.002172731 -0.074281193 -0.034069084 0.002261934 0.999416888 4.966703892
0.999547660 -0.002217909 0.029992877 -0.000318214 0.002252517 0.999996781 -0.001120147 -0.075239390 -0.029990297 0.001187199 0.999549448 5.007615089
0.999679029 -0.001744573 0.025274973 0.001041949 0.001769041 0.999997914 -0.000945776 -0.075750552 -0.025273275 0.000990185 0.999679983 5.061050892
0.999779344 -0.001438506 0.020958187 0.001545891 0.001446622 0.999998868 -0.000372163 -0.077139840 -0.020957630 0.000402399 0.999780416 5.103253365
0.999876797 -0.000828459 0.015674926 0.002355285 0.000834565 0.999999583 -0.000382990 -0.077947117 -0.015674606 0.000396024 0.999877095 5.156679630
0.999940336 -0.000403231 0.010917147 0.002529342 0.000412150 0.999999583 -0.000814778 -0.078692570 -0.010916811 0.000819229 0.999940097 5.199296951
0.999981105 0.000677973 0.006103604 0.002215225 -0.000670675 0.999999106 -0.001197615 -0.079544947 -0.006104409 0.001193499 0.999980628 5.252726078
0.999992549 0.002869389 0.002568588 0.002522429 -0.002865930 0.999994874 -0.001349553 -0.080368116 -0.002572448 0.001342182 0.999995768 5.296299934
0.999988914 0.004652202 0.000717123 0.002346125 -0.004651374 0.999988437 -0.001151753 -0.081445612 -0.000722473 0.001148403 0.999999046 5.350768566
0.999983907 0.005644852 -0.000467712 0.001815961 -0.005645567 0.999982774 -0.001540832 -0.082168221 0.000459006 0.001543446 0.999998689 5.394545078
0.999970138 0.007545310 -0.001617124 0.001676082 -0.007546800 0.999971032 -0.000917440 -0.083364293 0.001610155 0.000929616 0.999998271 5.448290825
0.999950767 0.009427007 -0.003073316 0.001872592 -0.009427899 0.999955416 -0.000275458 -0.084036514 0.003070583 0.000304419 0.999995232 5.493051052
0.999950409 0.009276167 -0.003587151 0.001229556 -0.009275168 0.999956906 0.000294741 -0.085119739 0.003589731 -0.000261456 0.999993503 5.548460007
0.999902785 0.013253951 -0.004308238 0.000438701 -0.013245002 0.999909997 0.002099028 -0.085351564 0.004335671 -0.002041762 0.999988496 5.591572285
0.999888599 0.013952747 -0.005284537 0.000200925 -0.013925231 0.999889433 0.005208518 -0.086016059 0.005356626 -0.005134349 0.999972463 5.645474911
0.999902129 0.012881855 -0.005448447 -0.000684075 -0.012855770 0.999905765 0.004796215 -0.086629540 0.005509718 -0.004725704 0.999973595 5.690172195
0.999905407 0.012494595 -0.005746461 -0.001622699 -0.012476779 0.999917269 0.003125957 -0.087013505 0.005785043 -0.003053963 0.999978542 5.744770050
0.999930799 0.009669957 -0.006698519 -0.001700640 -0.009645318 0.999946594 0.003701078 -0.087597311 0.006733951 -0.003636213 0.999970675 5.798678875
0.999943435 0.007441046 -0.007597074 -0.002123993 -0.007394403 0.999953747 0.006149386 -0.088533491 0.007642483 -0.006092862 0.999952257 5.838463306
0.999960721 0.004417982 -0.007681343 -0.002334192 -0.004355286 0.999957204 0.008160012 -0.089188471 0.007717067 -0.008126238 0.999937177 5.893091679
0.999964178 0.002021461 -0.008207498 -0.003139541 -0.001945734 0.999955535 0.009224012 -0.089564025 0.008225779 -0.009207710 0.999923706 5.938285828
0.999966443 -0.002553446 -0.007775797 -0.003504932 0.002604859 0.999974787 0.006608855 -0.089398384 0.007758725 -0.006628889 0.999947846 5.993169308
0.999957919 -0.004314890 -0.008094261 -0.004070349 0.004365208 0.999971092 0.006209218 -0.090398066 0.008067238 -0.006244292 0.999947965 6.038030148
0.999954879 -0.005566269 -0.007696360 -0.004669480 0.005613761 0.999965191 0.006162841 -0.091067851 0.007661790 -0.006205769 0.999951422 6.093282223
0.999954462 -0.005915038 -0.007488153 -0.005272228 0.005963052 0.999961674 0.006406083 -0.091550745 0.007449974 -0.006450443 0.999951482 6.138185024
0.999964476 -0.005481984 -0.006398695 -0.006148316 0.005535030 0.999950230 0.008301921 -0.092003807 0.006352868 -0.008337043 0.999945045 6.193537235
0.999974966 -0.003139704 -0.006341787 -0.006281897 0.003205308 0.999941170 0.010361196 -0.092752174 0.006308885 -0.010381262 0.999926150 6.237991333
0.999980927 -0.003077132 -0.005370982 -0.007093497 0.003121915 0.999960184 0.008349457 -0.093068659 0.005345078 -0.008366065 0.999950707 6.292084217
0.999983430 -0.002486517 -0.005192584 -0.007612316 0.002521161 0.999974489 0.006675910 -0.093578488 0.005175851 -0.006688892 0.999964237 6.338047504
0.999987423 -0.002718292 -0.004217233 -0.008156575 0.002734703 0.999988675 0.003890698 -0.094187468 0.004206609 -0.003902181 0.999983549 6.393382549
0.999981403 -0.004179177 -0.004443001 -0.008441985 0.004180498 0.999991357 0.000288243 -0.095178328 0.004441758 -0.000306810 0.999990106 6.437472343
0.999986291 -0.003842016 -0.003552366 -0.009412564 0.003830042 0.999987006 -0.003371509 -0.096039459 0.003565273 0.003357857 0.999987960 6.492718220
0.999983668 -0.004298932 -0.003755504 -0.009216518 0.004283432 0.999982417 -0.004125381 -0.097076811 0.003773172 0.004109228 0.999984443 6.536507607
0.999981761 -0.004814778 -0.003641150 -0.009695575 0.004801248 0.999981582 -0.003715595 -0.098544523 0.003658973 0.003698045 0.999986470 6.590560436
0.999983728 -0.004040732 -0.004016527 -0.010028116 0.004027588 0.999986410 -0.003274927 -0.099342965 0.004029705 0.003258697 0.999986529 6.635169506
0.999984443 -0.003498978 -0.004328326 -0.010777215 0.003489968 0.999991655 -0.002087282 -0.100621693 0.004335593 0.002072144 0.999988437 6.689973831
0.999986887 -0.003031617 -0.004114469 -0.011361856 0.003024389 0.999993861 -0.001761841 -0.101112828 0.004119785 0.001749375 0.999989986 6.733629704
0.999986291 -0.002699544 -0.004480808 -0.012179436 0.002691045 0.999994636 -0.001901640 -0.102583498 0.004485917 0.001889556 0.999988198 6.786680698
0.999980271 -0.002537097 -0.005751241 -0.011711165 0.002526759 0.999995112 -0.001803943 -0.103132367 0.005755790 0.001789375 0.999981761 6.832219124
0.999974549 -0.002536126 -0.006677411 -0.011823609 0.002531033 0.999996424 -0.000771050 -0.103967734 0.006679344 0.000754130 0.999977350 6.885838032
0.999972999 -0.002129381 -0.007047972 -0.012895584 0.002127849 0.999997735 -0.000224853 -0.104995966 0.007048436 0.000209850 0.999975085 6.930358887
0.999963820 -0.002053315 -0.008260556 -0.013414621 0.002042083 0.999997020 -0.001367982 -0.105912849 0.008263341 0.001351063 0.999964893 6.984037399
0.999936521 -0.002575948 -0.010970620 -0.008773692 0.002548157 0.999993503 -0.002546362 -0.107802965 0.010977109 0.002518245 0.999936581 7.046334267
0.999936700 -0.001399829 -0.011170729 -0.010046311 0.001374986 0.999996543 -0.002231346 -0.109169036 0.011173815 0.002215846 0.999935150 7.100257397
0.999919593 -0.002493291 -0.012438636 -0.010270797 0.002453008 0.999991715 -0.003252818 -0.109978795 0.012446646 0.003222045 0.999917328 7.142387867
0.999912798 -0.002075864 -0.013042968 -0.011408187 0.002013754 0.999986649 -0.004773376 -0.110804752 0.013052700 0.004746695 0.999903500 7.196089745
0.999905467 -0.001796759 -0.013637456 -0.012263529 0.001741767 0.999990165 -0.004043243 -0.112018846 0.013644589 0.004019107 0.999898851 7.238505840
0.999893010 -0.002536284 -0.014402520 -0.013797753 0.002494688 0.999992549 -0.002905305 -0.113160625 0.014409783 0.002869064 0.999892056 7.292140007
0.999882221 -0.001861545 -0.015230374 -0.013790339 0.001820675 0.999994695 -0.002696863 -0.113678500 0.015235314 0.002668816 0.999880314 7.334104061
0.999855518 -0.001696040 -0.016914161 -0.014388189 0.001655555 0.999995768 -0.002407234 -0.115008593 0.016918171 0.002378884 0.999854028 7.388445377
0.999860823 -0.000796332 -0.016664078 -0.015995286 0.000766542 0.999998093 -0.001793985 -0.115518458 0.016665470 0.001780962 0.999859571 7.429270267
0.999843538 -0.001214373 -0.017645571 -0.016976565 0.001174165 0.999996722 -0.002288819 -0.117462270 0.017648289 0.002267742 0.999841750 7.483159065
0.999843240 -0.000338105 -0.017699659 -0.018625222 0.000285527 0.999995589 -0.002973006 -0.118313022 0.017700583 0.002967488 0.999838948 7.537183285
0.999832094 0.000890775 -0.018301472 -0.019217141 -0.000934450 0.999996722 -0.002377972 -0.118772030 0.018299291 0.002394675 0.999829710 7.572814941
0.999836624 0.000585643 -0.018064426 -0.021884993 -0.000652898 0.999992847 -0.003717399 -0.120043576 0.018062118 0.003728586 0.999829948 7.625050545
0.999826849 -0.000704274 -0.018595068 -0.021425933 0.000603302 0.999985039 -0.005435043 -0.120560199 0.018598620 0.005422884 0.999812245 7.668588638
0.999810278 -0.004277773 -0.018997701 -0.022635877 0.004190158 0.999980450 -0.004649268 -0.121992245 0.019017216 0.004568783 0.999808729 7.722517014
0.999804080 -0.004140723 -0.019355386 -0.023920119 0.004126451 0.999991119 -0.000777273 -0.123397566 0.019358436 0.000697251 0.999812365 7.776443005
0.999803007 -0.004862975 -0.019242723 -0.024716705 0.004921826 0.999983311 0.003012179 -0.123615935 0.019227752 -0.003106294 0.999810278 7.812095642
0.999805272 -0.004274696 -0.019263554 -0.025939569 0.004328156 0.999986887 0.002734365 -0.124872915 0.019251615 -0.002817207 0.999810636 7.859483242
0.999808848 -0.002941396 -0.019329712 -0.027221814 0.002922964 0.999995232 -0.000981697 -0.125167772 0.019332508 0.000925010 0.999812603 7.912342548
0.999809146 -0.001930304 -0.019440319 -0.028264001 0.001879283 0.999994755 -0.002642442 -0.126240283 0.019445319 0.002605403 0.999807477 7.955594063
0.999814153 -0.001833652 -0.019189704 -0.030073456 0.001788659 0.999995530 -0.002361558 -0.127275869 0.019193953 0.002326795 0.999812961 8.009698868
0.999815166 -0.002206319 -0.019098079 -0.031786971 0.002181969 0.999996722 -0.001295739 -0.128210843 0.019100878 0.001253828 0.999816716 8.062960625
0.999806166 -0.002585707 -0.019518586 -0.031567305 0.002607515 0.999996006 0.001091925 -0.129070610 0.019515684 -0.001142608 0.999808908 8.097114563
0.999814153 -0.003872773 -0.018885396 -0.032621354 0.003917634 0.999989569 0.002338960 -0.130373478 0.018876141 -0.002412512 0.999818981 8.149888992
0.999840498 -0.003123689 -0.017582299 -0.033560134 0.003147748 0.999994159 0.001340899 -0.130993158 0.017578006 -0.001396029 0.999844551 8.191808701
0.999855876 -0.004905588 -0.016249647 -0.034891061 0.004904120 0.999987960 -0.000130168 -0.131872565 0.016250089 0.000050459 0.999867916 8.244025230
0.999874175 -0.004837697 -0.015106868 -0.035668515 0.004814595 0.999987125 -0.001565218 -0.132867783 0.015114246 0.001492287 0.999884665 8.296804428
0.999897242 -0.005170365 -0.013367531 -0.036679722 0.005140537 0.999984145 -0.002264771 -0.133229241 0.013379033 0.002195823 0.999907970 8.332028389
0.999920070 -0.004276343 -0.011891812 -0.037606061 0.004264038 0.999990344 -0.001059908 -0.135113195 0.011896232 0.001009117 0.999928653 8.383838654
0.999929488 -0.005285941 -0.010635529 -0.038252328 0.005293333 0.999985754 0.000667060 -0.135449648 0.010631852 -0.000723311 0.999943256 8.424971581
0.999949515 -0.004330993 -0.009065177 -0.039732888 0.004339731 0.999990106 0.000944499 -0.136615545 0.009060998 -0.000983792 0.999958515 8.476815224
0.999956727 -0.004401666 -0.008189390 -0.039451830 0.004408927 0.999989867 0.000868957 -0.136987299 0.008185482 -0.000905026 0.999966085 8.516644478
0.999963403 -0.004092524 -0.007514322 -0.039842509 0.004098221 0.999991298 0.000743068 -0.137717709 0.007511214 -0.000773835 0.999971509 8.567924500
0.999981880 -0.002094273 -0.005642652 -0.042340685 0.002094323 0.999997854 0.000002974 -0.138457149 0.005642633 -0.000014790 0.999984086 8.634649277
0.999989033 -0.001866808 -0.004290100 -0.043020315 0.001866554 0.999998271 -0.000063035 -0.139732108 0.004290210 0.000055028 0.999990761 8.685659409
0.999989450 -0.001960936 -0.004155438 -0.043111503 0.001960009 0.999998093 -0.000227050 -0.140072703 0.004155877 0.000218901 0.999991357 8.721507072
0.999987543 -0.003221919 -0.003805921 -0.043265045 0.003221187 0.999994814 -0.000198786 -0.141123787 0.003806543 0.000186525 0.999992728 8.771243095
0.999989808 -0.003129899 -0.003242333 -0.043853421 0.003132382 0.999994814 0.000760933 -0.141969457 0.003239934 -0.000771082 0.999994457 8.806655884
0.999988139 -0.003643828 -0.003204358 -0.044783860 0.003650094 0.999991477 0.001951299 -0.143117115 0.003197219 -0.001962973 0.999993026 8.854210854
0.999984324 -0.003709940 -0.004180015 -0.044957548 0.003717888 0.999991179 0.001895015 -0.144227788 0.004172947 -0.001910528 0.999989510 8.898597717
0.999983966 -0.003085647 -0.004730803 -0.045438446 0.003090273 0.999994636 0.000970715 -0.145395294 0.004727784 -0.000985320 0.999988437 8.944384575
0.999982834 -0.002835033 -0.005123747 -0.045168113 0.002835080 0.999996006 0.000001707 -0.145452991 0.005123723 -0.000016233 0.999986827 8.970833778
0.999976158 -0.003116196 -0.006174424 -0.045151155 0.003115539 0.999995172 -0.000115919 -0.146589920 0.006174755 0.000096680 0.999980927 9.015194893
0.999969482 -0.003542146 -0.006956742 -0.046134450 0.003542308 0.999993682 0.000011074 -0.147286475 0.006956663 -0.000035718 0.999975801 9.049241066
0.999954462 -0.003631697 -0.008823229 -0.046213783 0.003642223 0.999992669 0.001177424 -0.148296490 0.008818890 -0.001209508 0.999960423 9.091941833
0.999930322 -0.005076227 -0.010658977 -0.047176056 0.005104619 0.999983490 0.002638162 -0.148812622 0.010645408 -0.002692388 0.999939680 9.126150131
0.999910414 -0.004923878 -0.012447746 -0.048348367 0.004972668 0.999980032 0.003891709 -0.149207950 0.012428334 -0.003953259 0.999914944 9.168414116
0.999876976 -0.004559740 -0.015004448 -0.048758872 0.004628908 0.999978721 0.004578463 -0.150516123 0.014983254 -0.004647356 0.999876916 9.210096359
0.999842167 -0.002858375 -0.017535180 -0.050231837 0.002889300 0.999994278 0.001738500 -0.146697730 0.017530112 -0.001788888 0.999844730 9.246788025
0.999797761 -0.002148967 -0.019999363 -0.051668033 0.002181023 0.999996364 0.001581245 -0.147083521 0.019995894 -0.001624543 0.999798715 9.286951065
0.999707937 -0.003683939 -0.023885198 -0.051240563 0.003779143 0.999985099 0.003941918 -0.151918843 0.023870315 -0.004031031 0.999706864 9.309110641
0.999627233 -0.003214072 -0.027112827 -0.052359819 0.003315922 0.999987543 0.003712384 -0.152810171 0.027100556 -0.003800903 0.999625444 9.347085953
0.999571383 -0.001604469 -0.029230218 -0.054388419 0.001637997 0.999997973 0.001123114 -0.149231851 0.029228354 -0.001170512 0.999572039 9.384536743
0.999463677 -0.001829374 -0.032694444 -0.055678964 0.001831038 0.999998331 0.000020954 -0.149879828 0.032694355 -0.000080807 0.999465346 9.420213699
0.999362588 -0.000756017 -0.035691041 -0.056936026 0.000765308 0.999999583 0.000246680 -0.150690362 0.035690848 -0.000273838 0.999362767 9.448229790
0.999259770 -0.000772051 -0.038463298 -0.058764040 0.000761403 0.999999583 -0.000291499 -0.151583865 0.038463507 0.000261996 0.999259949 9.482130051
0.999137700 0.001119136 -0.041504607 -0.059560746 -0.001142402 0.999999344 -0.000536853 -0.152094796 0.041503966 0.000583805 0.999138176 9.508628845
0.999089360 0.001397244 -0.042643338 -0.060873657 -0.001405497 0.999999046 -0.000163562 -0.152763695 0.042643074 0.000223348 0.999090314 9.541590691
0.999120653 0.002047268 -0.041876990 -0.062334180 -0.002028877 0.999997795 0.000481650 -0.152612776 0.041877892 -0.000396263 0.999122679 9.569553375
0.999126673 0.001957662 -0.041736454 -0.063681692 -0.001916449 0.999997675 0.001027440 -0.153328508 0.041738365 -0.000946557 0.999128103 9.600969315
0.999141455 0.002090066 -0.041374926 -0.064709276 -0.002063656 0.999997616 0.000681010 -0.153850973 0.041376259 -0.000595040 0.999143481 9.624870300
0.999162912 0.002531970 -0.040828530 -0.066247880 -0.002585616 0.999995828 -0.001261182 -0.154532880 0.040825173 0.001365694 0.999165416 9.655729294
0.999210954 0.003139660 -0.039593030 -0.067897797 -0.003273492 0.999989152 -0.003315842 -0.155151188 0.039582193 0.003442835 0.999210358 9.685212135
0.999246180 0.002903090 -0.038712084 -0.068352729 -0.003094780 0.999983251 -0.004892666 -0.155672848 0.038697232 0.005008784 0.999238431 9.705078125
0.999284267 0.003043913 -0.037706912 -0.069421113 -0.003228797 0.999983072 -0.004843242 -0.156632707 0.037691534 0.004961524 0.999277055 9.735017776
0.999344349 0.002247940 -0.036133740 -0.070496976 -0.002436410 0.999983609 -0.005172685 -0.157411218 0.036121521 0.005257329 0.999333560 9.764322281
0.999427557 0.002639901 -0.033728790 -0.071571022 -0.002824360 0.999981284 -0.005422409 -0.157745019 0.033713847 0.005514566 0.999416292 9.783687592
0.999489129 0.003122924 -0.031809919 -0.072728336 -0.003293222 0.999980509 -0.005302592 -0.158619255 0.031792745 0.005404640 0.999479830 9.813392639
0.999553621 0.002244345 -0.029792072 -0.073409110 -0.002416800 0.999980569 -0.005753841 -0.159243092 0.029778577 0.005823274 0.999539495 9.843177795
0.999639750 0.002344819 -0.026733618 -0.074210569 -0.002487393 0.999982834 -0.005301164 -0.159750342 0.026720736 0.005365751 0.999628544 9.861633301
0.999719083 0.001582306 -0.023646494 -0.074886486 -0.001694270 0.999987423 -0.004715632 -0.160398632 0.023638735 0.004754372 0.999709249 9.890811920
0.999796867 0.000796138 -0.020147201 -0.075672701 -0.000891096 0.999988556 -0.004704662 -0.160876170 0.020143220 0.004721659 0.999785900 9.913156509
0.999846101 0.000597901 -0.017539134 -0.076117396 -0.000678409 0.999989331 -0.004584651 -0.161499083 0.017536204 0.004595844 0.999835670 9.941714287
0.999901175 0.000203391 -0.014051423 -0.076677136 -0.000273075 0.999987721 -0.004957513 -0.162052512 0.014050242 0.004960862 0.999888957 9.964004517
0.999940991 -0.000253745 -0.010861071 -0.077271879 0.000198138 0.999986887 -0.005120649 -0.162778050 0.010862228 0.005118195 0.999927878 9.991611481
0.999967635 0.000986622 -0.007978659 -0.077451929 -0.001034452 0.999981523 -0.005992786 -0.163259983 0.007972595 0.006000848 0.999950230 10.014500618
0.999984145 0.000769322 -0.005579411 -0.077556729 -0.000804485 0.999979913 -0.006302695 -0.163928807 0.005574449 0.006307085 0.999964595 10.041999817
0.999997020 0.001409730 -0.001999698 -0.077887751 -0.001421312 0.999982178 -0.005802848 -0.164407417 0.001991482 0.005805673 0.999981165 10.065753937
0.999997079 0.002134095 0.001113954 -0.078217439 -0.002127601 0.999980927 -0.005799099 -0.164800212 -0.001126309 0.005796710 0.999982595 10.092990875
0.999995649 0.001256795 0.002660308 -0.077891737 -0.001242107 0.999984026 -0.005515677 -0.165605426 -0.002667197 0.005512349 0.999981225 10.117998123
0.999988377 0.000897315 0.004732986 -0.078049935 -0.000865894 0.999977648 -0.006636409 -0.166278630 -0.004738835 0.006632234 0.999966741 10.145297050
0.999979079 0.001353379 0.006324059 -0.077708252 -0.001295319 0.999957025 -0.009176041 -0.166901946 -0.006336207 0.009167658 0.999937832 10.170343399
0.999972463 0.000212709 0.007423048 -0.077727839 -0.000130795 0.999939084 -0.011033714 -0.167416915 -0.007424945 0.011032442 0.999911547 10.196755409
0.999973059 0.000261527 0.007345119 -0.077601373 -0.000177086 0.999933898 -0.011494626 -0.168173194 -0.007347639 0.011493017 0.999906898 10.224840164
0.999970615 0.000634306 0.007645389 -0.073477671 -0.000540644 0.999924839 -0.012246629 -0.167593896 -0.007652583 0.012242137 0.999895751 10.256226540
0.999964774 0.002447024 0.008016549 -0.073489636 -0.002348621 0.999921978 -0.012261488 -0.168888524 -0.008045928 0.012242229 0.999892592 10.284238815
0.999961972 0.002197671 0.008444359 -0.073304497 -0.002090419 0.999917269 -0.012688927 -0.169186220 -0.008471548 0.012670793 0.999883831 10.315168381
0.999964476 0.001391308 0.008314553 -0.073178589 -0.001269596 0.999892294 -0.014625971 -0.170339391 -0.008334007 0.014614899 0.999858439 10.339529991
0.999956667 -0.003128972 0.008768928 -0.072946131 0.003272230 0.999860704 -0.016370723 -0.171309739 -0.008716483 0.016398709 0.999827504 10.369296074
0.999944806 -0.005600220 0.008888291 -0.072282404 0.005759476 0.999821544 -0.017993970 -0.171534643 -0.008785932 0.018044170 0.999798477 10.395491600
0.999950528 -0.002604203 0.009595688 -0.072085395 0.002746919 0.999885380 -0.014889777 -0.171951324 -0.009555809 0.014915400 0.999843001 10.424688339
0.999944687 0.000354425 0.010513995 -0.072495952 -0.000277716 0.999973416 -0.007296434 -0.173524916 -0.010516300 0.007293108 0.999918044 10.455201149
0.999939978 -0.000134250 0.010957891 -0.072236866 0.000181022 0.999990761 -0.004267505 -0.173490465 -0.010957219 0.004269233 0.999930799 10.480926514
0.999913037 -0.000922911 0.013156872 -0.071798831 0.001011987 0.999976516 -0.006765315 -0.173713028 -0.013150320 0.006778043 0.999890566 10.511696815
0.999850631 0.000302811 0.017282814 -0.071382180 -0.000085835 0.999921203 -0.012553881 -0.174743161 -0.017285254 0.012550524 0.999771893 10.542638779
0.999780655 0.001624773 0.020879254 -0.071021765 -0.001285918 0.999867320 -0.016232427 -0.175541610 -0.020902859 0.016202018 0.999650180 10.573312759
0.999698997 0.003178719 0.024327070 -0.070821881 -0.002811952 0.999882042 -0.015095868 -0.176897898 -0.024372187 0.015022916 0.999590099 10.605054855
0.999615848 0.002556342 0.027593443 -0.069762796 -0.002175309 0.999901891 -0.013830017 -0.177004829 -0.027626101 0.013764680 0.999523461 10.630570412
0.999535620 0.000037491 0.030468533 -0.068615019 0.000291190 0.999941766 -0.010783030 -0.177426904 -0.030467164 0.010786895 0.999477565 10.662905693
0.999428391 -0.003748035 0.033595543 -0.068129003 0.004055840 0.999950290 -0.009098582 -0.178676516 -0.033559777 0.009229643 0.999394059 10.695079803
0.999354422 -0.000203998 0.035925690 -0.064238012 0.000366884 0.999989629 -0.004527404 -0.187211603 -0.035924397 0.004537658 0.999344230 10.718809128
0.999247372 0.001895285 0.038742166 -0.063113302 -0.001649696 0.999978244 -0.006370065 -0.188146502 -0.038753398 0.006301356 0.999228895 10.752006531
0.999163151 0.001752153 0.040865503 -0.062514573 -0.001415251 0.999964654 -0.008271643 -0.188937455 -0.040878568 0.008206887 0.999130487 10.783058167
0.999013960 0.002537500 0.044325367 -0.061795503 -0.002144401 0.999957860 -0.008913778 -0.189307466 -0.044346128 0.008809939 0.998977363 10.816281319
0.998892009 0.003820281 0.046906430 -0.060855806 -0.003477848 0.999966741 -0.007379803 -0.189645946 -0.046933066 0.007208493 0.998872042 10.841248512
0.998814404 0.005634393 0.048353955 -0.057532609 -0.005388066 0.999971867 -0.005223091 -0.190956444 -0.048382025 0.004956364 0.998816669 10.876225471
0.998529553 0.006654134 0.053801488 -0.058823705 -0.006311167 0.999958694 -0.006542048 -0.190438449 -0.053842798 0.006192877 0.998530269 10.907398224
0.998347104 0.008386801 0.056857612 -0.059495211 -0.008295879 0.999963939 -0.001834986 -0.200078875 -0.056870956 0.001360269 0.998380721 10.939028740
0.998250544 0.008935420 0.058448780 -0.056041002 -0.008706601 0.999953508 -0.004168374 -0.199333668 -0.058483310 0.003652191 0.998281717 10.973999977
0.998097062 0.004095363 0.061526880 -0.055591464 -0.003942211 0.999988854 -0.002610378 -0.200588882 -0.061536878 0.002362859 0.998101950 11.006182671
0.998097301 0.002328471 0.061613511 -0.053363621 -0.002226766 0.999996006 -0.001719290 -0.201788217 -0.061617278 0.001578821 0.998098493 11.032460213
0.998037994 0.002265508 0.062569827 -0.051988721 -0.002152806 0.999995947 -0.001868562 -0.202302828 -0.062573805 0.001730197 0.998038769 11.065494537
0.998023033 0.000925288 0.062841818 -0.049758911 -0.000867865 0.999999106 -0.000941068 -0.203382358 -0.062842645 0.000884669 0.998023033 11.100202560
0.998035729 0.001698481 0.062624842 -0.048244655 -0.001671609 0.999998510 -0.000481514 -0.203691557 -0.062625550 0.000375884 0.998037040 11.125531197
0.998066127 0.002801004 0.062098086 -0.046464145 -0.002797928 0.999996066 -0.000136496 -0.204184294 -0.062098216 -0.000037514 0.998070061 11.159092903
0.998009384 0.002677734 0.063008249 -0.050603986 -0.002705670 0.999996185 0.000358052 -0.207679227 -0.063007072 -0.000527818 0.998012900 11.200918198
0.998058736 0.003514544 0.062179595 -0.049349844 -0.003479469 0.999993682 -0.000672342 -0.208219633 -0.062181558 0.000454685 0.998064756 11.234080315
0.998181581 0.004976170 0.060073145 -0.047195017 -0.004877480 0.999986529 -0.001789352 -0.208267301 -0.060081247 0.001493092 0.998192370 11.262810707
0.998261452 0.006952813 0.058529679 -0.045428574 -0.006832504 0.999974191 -0.002255389 -0.208673641 -0.058543846 0.001851563 0.998283148 11.296367645
0.998346150 0.007264944 0.057027474 -0.044344187 -0.007138561 0.999971569 -0.002419588 -0.209480464 -0.057043452 0.002008492 0.998369634 11.323848724
0.998483956 0.008010743 0.054456417 -0.042470276 -0.007922139 0.999966919 -0.001842722 -0.210102960 -0.054469384 0.001408516 0.998514354 11.357077599
0.998624623 0.007741272 0.051856987 -0.041295588 -0.007725961 0.999970019 -0.000495735 -0.210568577 -0.051859271 0.000094408 0.998654366 11.384975433
0.998824775 0.006581555 0.048017051 -0.040177107 -0.006680710 0.999975920 0.001904804 -0.211181089 -0.048003353 -0.002223353 0.998844624 11.417423248
0.999079347 0.004366787 0.042676751 -0.038664579 -0.004563255 0.999979436 0.004507307 -0.212101296 -0.042656198 -0.004697903 0.999078751 11.449578285
0.999266207 0.004111534 0.038081024 -0.037962526 -0.004321112 0.999975860 0.005422774 -0.212347925 -0.038057819 -0.005583346 0.999259949 11.474944115
0.999433935 0.004162447 0.033384070 -0.037213564 -0.004371820 0.999971211 0.006201133 -0.212872222 -0.033357300 -0.006343571 0.999423385 11.506416321
0.999578834 0.003014472 0.028863624 -0.036619544 -0.003210113 0.999972165 0.006734208 -0.213153005 -0.028842522 -0.006824028 0.999560654 11.533203125
0.999698997 0.002619422 0.024395391 -0.036291629 -0.002773166 0.999976456 0.006270479 -0.213266909 -0.024378391 -0.006336243 0.999682724 11.564002037
0.999787927 0.002407458 0.020448228 -0.035907730 -0.002537035 0.999976814 0.006313279 -0.213736504 -0.020432550 -0.006363819 0.999770999 11.590144157
0.999864340 0.002188293 0.016324744 -0.035553083 -0.002293872 0.999976456 0.006451445 -0.214378059 -0.016310245 -0.006488016 0.999845862 11.619745255
0.999917805 0.002827142 0.012496128 -0.035400331 -0.002903358 0.999977171 0.006085196 -0.214627266 -0.012478640 -0.006120977 0.999903381 11.644633293
0.999959171 0.001742417 0.008853235 -0.035446733 -0.001801518 0.999976039 0.006672107 -0.215259910 -0.008841398 -0.006687785 0.999938548 11.671049118
0.999987841 0.001251955 0.004770415 -0.035614446 -0.001276737 0.999985695 0.005195436 -0.215216905 -0.004763841 -0.005201464 0.999975145 11.695734024
0.999995649 0.002873836 0.000700138 -0.036585614 -0.002876232 0.999989986 0.003446102 -0.215450078 -0.000690226 -0.003448102 0.999993801 11.721488953
