0.999116600 0.001931621 -0.041979942 -0.004922005 -0.002075999 0.999992013 -0.003395875 -0.000373107 0.041973051 0.003480025 0.999112666 0.047998153
0.998466551 0.001712944 -0.055331971 -0.007198552 -0.001947674 0.999989271 -0.004188559 -0.000481609 0.055324197 0.004289905 0.998459160 0.059789371
0.997426212 0.001612748 -0.071684591 -0.008178642 -0.001961762 0.999986589 -0.004798603 -0.000005138 0.071675882 0.004926879 0.997415841 0.063907526
0.995892823 0.000280234 -0.090539388 -0.011896953 -0.000664818 0.999990880 -0.004217565 -0.000687591 0.090537377 0.004260435 0.995883942 0.087539740
0.993884087 -0.000814963 -0.110425793 -0.014442911 0.000313792 0.999989569 -0.004555831 -0.000759724 0.110428341 0.004493317 0.993873954 0.096623145
0.991216958 -0.001386865 -0.132238448 -0.016898982 0.000760366 0.999988258 -0.004788026 -0.001185299 0.132243589 0.004645422 0.991206348 0.101848513
0.987596989 0.002215909 -0.156994373 -0.021659968 -0.003190232 0.999977052 -0.005954388 -0.001714565 0.156977594 0.006381384 0.987581551 0.122473612
0.983252585 0.006727223 -0.182124034 -0.030855389 -0.008252241 0.999936879 -0.007616996 -0.002479535 0.182061285 0.008992362 0.983246088 0.151493594
0.977866113 0.009155248 -0.209031612 -0.032751698 -0.011140854 0.999903262 -0.008323626 -0.002838979 0.208935142 0.010468185 0.977873385 0.151750475
0.971204638 0.010036302 -0.238035530 -0.045487374 -0.012501643 0.999882698 -0.008849643 -0.003036520 0.237918779 0.011570648 0.971216023 0.186724529
0.962913573 0.012044697 -0.269541204 -0.051844962 -0.014896830 0.999852538 -0.008538356 -0.003220727 0.269398659 0.012237008 0.962951005 0.202682883
0.953493714 0.013859068 -0.301094145 -0.062636569 -0.016742205 0.999835372 -0.006997133 -0.004168978 0.300947696 0.011712702 0.953568697 0.224516287
0.942101538 0.016123256 -0.334939748 -0.070627168 -0.019114543 0.999801457 -0.005636181 -0.004539586 0.334782362 0.011712074 0.942222714 0.240065455
0.929409623 0.017800478 -0.368620396 -0.079706565 -0.021473052 0.999752164 -0.005862919 -0.004094137 0.368424803 0.013364453 0.929561496 0.256289303
0.915629327 0.021009343 -0.401474357 -0.090624861 -0.024989301 0.999676764 -0.004678707 -0.004605867 0.401246339 0.014316525 0.915858328 0.272067010
0.899677634 0.022066742 -0.435996890 -0.101459347 -0.026546482 0.999638796 -0.004184652 -0.004532079 0.435747117 0.015339023 0.899938345 0.287678629
0.881400049 0.017217478 -0.472056717 -0.116750434 -0.022143351 0.999742866 -0.004880978 -0.004459584 0.471851289 0.014755011 0.881554723 0.309393823
0.860097647 0.011844815 -0.509991884 -0.128496826 -0.016908813 0.999843001 -0.005294740 -0.004615575 0.509849131 0.013177349 0.860162973 0.325018287
0.835387349 0.014332564 -0.549474716 -0.149107903 -0.018359136 0.999829769 -0.001832411 -0.005545888 0.549355030 0.011618653 0.835508227 0.348654002
0.806312561 0.019969245 -0.591152251 -0.167620808 -0.023246082 0.999727666 0.002064098 -0.005982589 0.591032505 0.012077668 0.806557178 0.366033256
0.773441195 0.022925543 -0.633453250 -0.184754282 -0.026473815 0.999642074 0.003854106 -0.006022725 0.633314908 0.013789000 0.773771346 0.381396651
0.737928748 0.022647792 -0.674498439 -0.208561033 -0.026067602 0.999647439 0.005046376 -0.006895063 0.674374938 0.013858691 0.738258898 0.399635196
0.697806358 0.017999440 -0.716060340 -0.227632850 -0.019831626 0.999786496 0.005805322 -0.006560917 0.716011882 0.010149652 0.698014200 0.414892882
0.655642033 0.014544502 -0.754931808 -0.254719973 -0.014703463 0.999870777 0.006493852 -0.006393928 0.754928708 0.006842470 0.655771136 0.432697415
0.610678196 0.013764299 -0.791759312 -0.277226180 -0.012099238 0.999894440 0.008050561 -0.005889684 0.791786432 0.004663382 0.610780180 0.445694625
0.562530518 0.014634384 -0.826647043 -0.320353389 -0.009256167 0.999892175 0.011402605 -0.006978218 0.826724708 0.001237270 0.562605321 0.478929281
0.510681987 0.014380061 -0.859649479 -0.346377730 -0.006767838 0.999896407 0.012705595 -0.006453776 0.859743118 -0.000670549 0.510726392 0.491209686
0.459051579 0.016571390 -0.888255060 -0.384064138 -0.006493747 0.999861836 0.015297565 -0.006031655 0.888385892 -0.001254268 0.459095776 0.503105819
0.403703570 0.018522590 -0.914702356 -0.414218128 -0.004479438 0.999823034 0.018269276 -0.006072401 0.914878905 -0.003278020 0.403715134 0.513282716
0.349569112 0.020543393 -0.936685383 -0.452593327 -0.005277568 0.999786913 0.019957758 -0.004916495 0.936895728 -0.002033195 0.349603087 0.519905686
0.294797301 0.023877790 -0.955261469 -0.487460971 -0.002629065 0.999704301 0.024177348 -0.004877275 0.955556154 -0.004615971 0.294772834 0.526445866
0.240491420 0.025760289 -0.970309436 -0.528927743 0.001547967 0.999636352 0.026922544 -0.004526773 0.970650077 -0.007976647 0.240364090 0.533363760
0.190401450 0.026680134 -0.981343806 -0.568314612 0.003520936 0.999605656 0.027859766 -0.004213944 0.981700063 -0.008759786 0.190232441 0.536321223
0.141999662 0.027109386 -0.989495456 -0.611325026 0.001894091 0.999615669 0.027658468 -0.003490977 0.989864945 -0.005801687 0.141893744 0.539278209
0.100039572 0.027337000 -0.994607925 -0.653238893 0.000285069 0.999621689 0.027503479 -0.002342995 0.994983435 -0.003034968 0.099993937 0.539656281
0.061450221 0.025905246 -0.997773945 -0.699775457 -0.000599908 0.999663889 0.025917370 -0.001497241 0.998109937 -0.000994056 0.061445110 0.539444804
0.026675522 0.023122555 -0.999376714 -0.744596541 -0.000418723 0.999732614 0.023119617 -0.000692183 0.999644041 -0.000198265 0.026678067 0.538526952
-0.004425524 0.020485774 -0.999780476 -0.794591188 0.000713946 0.999790072 0.020482810 -0.000119191 0.999989867 -0.000623142 -0.004439221 0.535232663
-0.031492013 0.018307433 -0.999336302 -0.842670679 0.000858834 0.999832332 0.018289454 0.000662827 0.999503553 -0.000282292 -0.031502455 0.532452941
-0.051633622 0.016039265 -0.998537242 -0.895312488 -0.000638867 0.999870300 0.016093712 0.001663455 0.998665929 0.001468910 -0.051616684 0.526621938
-0.068114161 0.015045077 -0.997564018 -0.947426260 -0.000621674 0.999885440 0.015122537 0.002680288 0.997677386 0.001650218 -0.068097010 0.522281289
-0.080677308 0.015600721 -0.996618211 -1.001353025 0.000575295 0.999878049 0.015605181 0.003419174 0.996740043 0.000685634 -0.080676459 0.515879512
-0.090778083 0.016778070 -0.995729804 -1.057433486 0.000352824 0.999858558 0.016815474 0.003857687 0.995871067 0.001175159 -0.090771154 0.510439515
-0.097194985 0.017922871 -0.995104015 -1.111404181 -0.001631845 0.999833584 0.018167444 0.003866021 0.995264053 0.003389640 -0.097149566 0.503997266
-0.101467803 0.018850503 -0.994660258 -1.170450211 -0.001923833 0.999814868 0.019144448 0.004706604 0.994836986 0.003856105 -0.101412758 0.497226804
-0.102671608 0.019654034 -0.994521141 -1.228866339 0.000100413 0.999804854 0.019748094 0.005299641 0.994715214 0.001927705 -0.102653585 0.490449816
-0.101469606 0.021886481 -0.994597852 -1.290365458 0.002399793 0.999760389 0.021755258 0.006044528 0.994835734 -0.000179332 -0.101497814 0.484183758
-0.100294113 0.024022307 -0.994667828 -1.352131963 0.001650420 0.999711156 0.023977695 0.006972089 0.994956493 0.000763202 -0.100304782 0.477909923
-0.098372824 0.023994870 -0.994860351 -1.416178346 -0.000749188 0.999707222 0.024185855 0.007480031 0.995149374 0.003124568 -0.098326035 0.471217930
-0.096676767 0.021501098 -0.995083690 -1.479240298 -0.002337941 0.999759018 0.021829264 0.008272089 0.995313048 0.004436830 -0.096603200 0.463957816
-0.095695950 0.021266671 -0.995183468 -1.546986818 -0.002844136 0.999761879 0.021637999 0.009460540 0.995406568 0.004901107 -0.095612682 0.458146691
-0.093701944 0.023850361 -0.995314479 -1.613343596 -0.002057934 0.999706209 0.024149332 0.011129187 0.995598197 0.004311132 -0.093625322 0.450829208
-0.091867119 0.027372262 -0.995395005 -1.682008147 -0.003292040 0.999608338 0.027791947 0.012052089 0.995765805 0.005830047 -0.091741025 0.444295138
-0.089804426 0.029632859 -0.995518506 -1.753785849 -0.003918680 0.999539077 0.030106032 0.012597695 0.995951653 0.006604774 -0.089646913 0.437424600
-0.088100456 0.028859284 -0.995693386 -1.823436022 -0.005763858 0.999548852 0.029481018 0.013928410 0.996094942 0.008336328 -0.087894373 0.430220604
-0.086136408 0.025832562 -0.995948315 -1.898147345 -0.008356994 0.999609888 0.026650304 0.015418455 0.996248305 0.010618697 -0.085886925 0.423381686
-0.084898673 0.025067763 -0.996074259 -1.968595028 -0.008789712 0.999625742 0.025906319 0.016810238 0.996350825 0.010954616 -0.084646545 0.417013973
-0.084180981 0.027162740 -0.996080279 -2.045376301 -0.005993170 0.999596536 0.027765123 0.018212713 0.996432424 0.008306975 -0.083984226 0.411994636
-0.082351871 0.029422019 -0.996168852 -2.116023064 -0.003618286 0.999548733 0.029820962 0.019324970 0.996596754 0.006060236 -0.082208224 0.404502153
-0.081277579 0.031323537 -0.996199131 -2.193934917 -0.002703137 0.999495447 0.031647723 0.020635039 0.996687829 0.005265113 -0.081151880 0.398407102
-0.080205724 0.026546737 -0.996424794 -2.265939236 -0.002836182 0.999635279 0.026860563 0.021280658 0.996774316 0.004980413 -0.080101192 0.391543806
-0.079865091 0.019614952 -0.996612668 -2.344186068 -0.001717491 0.999802172 0.019815363 0.022034355 0.996804237 0.003294229 -0.079815611 0.384580493
-0.079979494 0.014971096 -0.996684074 -2.417393208 0.001766461 0.999887764 0.014877468 0.023044905 0.996794999 -0.000570712 -0.079996958 0.379189253
-0.080904707 0.015811061 -0.996596456 -2.496796370 0.002820106 0.999873757 0.015634118 0.023772694 0.996717870 -0.001545635 -0.080939092 0.373480260
-0.080248617 0.023275595 -0.996503115 -2.573520660 0.002003649 0.999729216 0.023189589 0.024215184 0.996772885 -0.000135710 -0.080273516 0.365215957
-0.080886811 0.030190606 -0.996265948 -2.654564142 0.001029441 0.999543250 0.030206334 0.025589187 0.996722817 0.001417697 -0.080880940 0.358171880
-0.081246078 0.035500400 -0.996061623 -2.734886169 -0.000994775 0.999362051 0.035699166 0.026662417 0.996693552 0.003891275 -0.081158936 0.350282848
-0.081394225 0.036104493 -0.996027827 -2.806978703 -0.002872617 0.999330938 0.036458969 0.027044147 0.996677816 0.005828756 -0.081236064 0.344220728
-0.081288718 0.032340840 -0.996165693 -2.887090921 -0.003463165 0.999458194 0.032730322 0.028086632 0.996684611 0.006110492 -0.081132680 0.336557418
-0.082075343 0.029854065 -0.996178925 -2.961493731 -0.003452115 0.999536753 0.030239118 0.029398117 0.996620297 0.005920811 -0.081934266 0.330414236
-0.082645208 0.031180244 -0.996091187 -3.040946245 -0.003857435 0.999492943 0.031606782 0.030827619 0.996571660 0.006454505 -0.082483031 0.323594451
-0.082275771 0.033781398 -0.996036887 -3.123133421 -0.006287719 0.999387860 0.034414429 0.030832402 0.996589661 0.009094272 -0.082013004 0.316655487
-0.081767760 0.032068536 -0.996135354 -3.191648960 -0.006564131 0.999443233 0.032713838 0.032497123 0.996629834 0.009213700 -0.081511721 0.309516460
-0.081164420 0.026962593 -0.996336043 -3.271064997 -0.007284401 0.999591291 0.027644100 0.033612523 0.996674120 0.009501428 -0.080934837 0.301720619
-0.081541963 0.022431239 -0.996417522 -3.348987103 -0.008040505 0.999699414 0.023163119 0.035343543 0.996637583 0.009900465 -0.081337079 0.295804888
-0.080424972 0.023344576 -0.996487260 -3.419881344 -0.008656879 0.999671578 0.024117863 0.035591938 0.996723115 0.010566147 -0.080196470 0.288752794
-0.079940103 0.025761794 -0.996466637 -3.498820543 -0.007732383 0.999619842 0.026463632 0.035997629 0.996769726 0.009820568 -0.079710521 0.282092690
-0.079472482 0.030796502 -0.996361256 -3.579240799 -0.007084320 0.999479949 0.031457961 0.036914147 0.996812046 0.009558583 -0.079212971 0.275385916
-0.078701414 0.036388267 -0.996233821 -3.648912907 -0.006522355 0.999293387 0.037015274 0.038187861 0.996876895 0.009410947 -0.078408465 0.269324809
-0.078768812 0.039421421 -0.996113062 -3.728768349 -0.006542349 0.999175847 0.040059958 0.039788477 0.996871471 0.009672396 -0.078445986 0.261614352
-0.078608826 0.039304562 -0.996130347 -3.806381226 -0.006440777 0.999181569 0.039933212 0.041482389 0.996884763 0.009554956 -0.078291334 0.255070269
-0.078421183 0.034898072 -0.996309280 -3.876335859 -0.006386638 0.999348998 0.035507247 0.042738810 0.996899843 0.009147586 -0.078147240 0.249737173
-0.077475078 0.030451851 -0.996529102 -3.954499483 -0.007876005 0.999483526 0.031154444 0.044267863 0.996963203 0.010262360 -0.077195212 0.241923839
-0.077516474 0.028067334 -0.996595860 -4.030444145 -0.011785964 0.999507964 0.029066073 0.044751257 0.996921420 0.013998943 -0.077147529 0.235451937
-0.077956356 0.026367743 -0.996608019 -4.101552010 -0.015293152 0.999500930 0.027640538 0.045622274 0.996839464 0.017396033 -0.077514201 0.228944838
-0.078899086 0.023945715 -0.996594965 -4.177986622 -0.012622257 0.999607325 0.025017381 0.046918657 0.996802688 0.014553125 -0.078565851 0.223234624
-0.080218188 0.020738976 -0.996561587 -4.256000996 -0.009335598 0.999724030 0.021556258 0.046912320 0.996733606 0.011032703 -0.080002449 0.216696501
-0.080862321 0.019085934 -0.996542573 -4.324610233 -0.004646335 0.999798596 0.019525312 0.047604147 0.996714473 0.006209132 -0.080757327 0.211080313
-0.082293205 0.022954170 -0.996343791 -4.402258873 -0.004663731 0.999714971 0.023417033 0.047506727 0.996597290 0.006573742 -0.082162678 0.203822851
-0.083827384 0.028303670 -0.996078253 -4.481919289 -0.002049919 0.999589562 0.028575961 0.049355023 0.996478140 0.004437329 -0.083734952 0.196595013
-0.085994139 0.032629915 -0.995761156 -4.546650410 -0.000675963 0.999461412 0.032809537 0.049022779 0.996295452 0.003494526 -0.085925765 0.191241890
-0.087407447 0.031833075 -0.995663941 -4.623431683 -0.000548292 0.999487638 0.032003451 0.049670547 0.996172547 0.003343254 -0.087345220 0.184132248
-0.088169336 0.027809881 -0.995717347 -4.700076103 -0.004418335 0.999589503 0.028309267 0.050396837 0.996095777 0.006895422 -0.088010274 0.175775498
-0.089645296 0.024097254 -0.995682180 -4.763415337 -0.008788039 0.999649227 0.024984485 0.051038310 0.995934963 0.010989836 -0.089402087 0.169047594
-0.090885349 0.022678850 -0.995603144 -4.839496613 -0.013045066 0.999627709 0.023961369 0.051677734 0.995775878 0.015165446 -0.090555683 0.160522640
-0.091600046 0.023774194 -0.995512068 -4.915093422 -0.014412715 0.999578655 0.025197469 0.051848143 0.995691538 0.016656123 -0.091218784 0.152035177
-0.092345297 0.025463328 -0.995401561 -4.978479385 -0.014781659 0.999527693 0.026940214 0.052307196 0.995617330 0.017201483 -0.091925308 0.145304590
-0.092758909 0.025004672 -0.995374620 -5.053595543 -0.017021678 0.999498665 0.026694525 0.052944511 0.995543122 0.019419100 -0.092286795 0.136912972
-0.093334742 0.024544096 -0.995332241 -5.128509045 -0.017782424 0.999495447 0.026314264 0.054317810 0.995476007 0.020155454 -0.092851207 0.128664672
-0.094258890 0.026673850 -0.995190382 -5.188458443 -0.015610200 0.999478638 0.028267292 0.054300264 0.995425284 0.018199567 -0.093793340 0.123399913
-0.095524602 0.029070973 -0.995002449 -5.260568142 -0.014580199 0.999425411 0.030599961 0.056200087 0.995320261 0.017430384 -0.095045850 0.118454486
-0.094775654 0.033493653 -0.994935036 -5.327775002 -0.014926855 0.999273598 0.035061613 0.056852043 0.995386779 0.018174239 -0.094206847 0.109348297
-0.095197164 0.035793625 -0.994814694 -5.398416996 -0.014622594 0.999195099 0.037350528 0.057251886 0.995351017 0.018102435 -0.094597161 0.102070987
-0.095904931 0.035720281 -0.994749308 -5.470633507 -0.014708918 0.999195814 0.037298057 0.058493167 0.995281756 0.018208757 -0.095302410 0.094789803
-0.096029371 0.033241216 -0.994823277 -5.539768696 -0.013798071 0.999301612 0.034722771 0.060258240 0.995282888 0.017061047 -0.095503651 0.087681293
-0.095855638 0.029809017 -0.994948983 -5.596942425 -0.013067786 0.999427676 0.031202190 0.061037503 0.995309412 0.015992684 -0.095411241 0.080695629
-0.095526837 0.026644712 -0.995070279 -5.665298462 -0.013428701 0.999516189 0.028052926 0.062357493 0.995336294 0.016042307 -0.095122814 0.073832750
-0.094386436 0.024623938 -0.995231092 -5.731418610 -0.014687862 0.999550760 0.026123796 0.062427022 0.995427251 0.017083548 -0.093982361 0.067013204
-0.091941543 0.023497839 -0.995487094 -5.797000408 -0.016354563 0.999550998 0.025104243 0.063448280 0.995630085 0.018588880 -0.091515958 0.059321880
-0.087289684 0.024819737 -0.995873690 -5.862395287 -0.017133653 0.999504268 0.026412006 0.062941931 0.996035695 0.019368447 -0.086821131 0.052796662
-0.081689335 0.026018577 -0.996318221 -5.906662464 -0.016482307 0.999487221 0.027452737 0.063807115 0.996521533 0.018664217 -0.081218623 0.049710333
-0.074402295 0.027701378 -0.996843576 -5.968044758 -0.015679987 0.999457955 0.028944356 0.063979700 0.997105002 0.017784016 -0.073927626 0.045404345
-0.065496355 0.028972648 -0.997432232 -6.027720451 -0.016702419 0.999406576 0.030126767 0.064186014 0.997712970 0.018632721 -0.064973593 0.040691882
-0.053849712 0.030818645 -0.998073399 -6.086277008 -0.018547079 0.999320388 0.031857833 0.064160943 0.998376787 0.020226879 -0.053241521 0.037359506
-0.039436232 0.032300279 -0.998699963 -6.141962051 -0.021578703 0.999216795 0.033169087 0.064613700 0.998989046 0.022858711 -0.038708359 0.036257714
-0.018558269 0.033124547 -0.999278843 -6.181986809 -0.023428302 0.999162078 0.033555791 0.066562057 0.999553204 0.024034146 -0.017766673 0.031790420
0.003539780 0.034115028 -0.999411583 -6.233987331 -0.024212573 0.999127805 0.034019571 0.067086503 0.999700546 0.024077909 0.004362708 0.032512613
0.028449820 0.034103204 -0.999013186 -6.283534050 -0.023408899 0.999166489 0.033441801 0.067876145 0.999321043 0.022434391 0.029224429 0.036386743
0.057491787 0.033676330 -0.997777820 -6.331405640 -0.022218125 0.999226391 0.032445025 0.068501234 0.998098731 0.020303432 0.058195550 0.041532159
0.091936208 0.033184011 -0.995211720 -6.378473759 -0.021138849 0.999284267 0.031367026 0.069685221 0.995540500 0.018153867 0.092571892 0.046925604
0.130382642 0.033924755 -0.990883231 -6.411150932 -0.020705048 0.999289572 0.031488154 0.069199577 0.991247654 0.016410774 0.130992413 0.052158058
0.171770230 0.033783250 -0.984557629 -6.453308582 -0.020488448 0.999318123 0.030715227 0.069338977 0.984924078 0.014896095 0.172345251 0.060609698
0.216872573 0.034861263 -0.975577354 -6.493797302 -0.019288274 0.999320030 0.031421874 0.069298565 0.976009250 0.012002660 0.217397511 0.071929455
0.265344143 0.033227284 -0.963581085 -6.534904480 -0.016194873 0.999418557 0.030003447 0.069878541 0.964017689 0.007643837 0.265727937 0.086116672
0.315163791 0.028602179 -0.948606193 -6.571467876 -0.008722050 0.999590814 0.027241655 0.069812045 0.948997200 -0.000311790 0.315284252 0.102575421
0.366556704 0.023713443 -0.930093467 -6.599244595 -0.003733809 0.999704540 0.024016712 0.069204576 0.930388272 -0.005330693 0.366536915 0.116989136
0.419090569 0.018760614 -0.907750607 -6.635843277 0.001140048 0.999774873 0.021188829 0.070167333 0.907943845 -0.009914918 0.418974817 0.137158871
0.470143944 0.018900175 -0.882387400 -6.670173168 0.000878297 0.999760151 0.021882193 0.069999792 0.882589340 -0.011062779 0.470014572 0.158901453
0.517910421 0.017181301 -0.855262339 -6.699748993 0.002564939 0.999762535 0.021637376 0.070914418 0.855431020 -0.013399919 0.517743409 0.179968119
0.562767923 0.012963151 -0.826513350 -6.732465744 0.010845190 0.999675095 0.023063470 0.071022913 0.826543868 -0.021943076 0.562444568 0.207017899
0.606903553 0.006552621 -0.794748545 -6.762151718 0.020740476 0.999494970 0.024079042 0.071084723 0.794504881 -0.031097120 0.606461227 0.234757423
0.648206711 0.001611748 -0.761462808 -6.785999298 0.022605794 0.999516308 0.021359144 0.070670843 0.761128664 -0.031058611 0.647856653 0.260831118
0.689144552 -0.002577271 -0.724619329 -6.813968182 0.019454733 0.999699116 0.014946646 0.070397198 0.724362612 -0.024397673 0.688987315 0.291519165
0.729183853 -0.009494576 -0.684251964 -6.836536407 0.016123129 0.999864519 0.003307899 0.071002632 0.684127808 -0.013444350 0.729238212 0.319550514
0.768050194 -0.012037772 -0.640276551 -6.860908031 0.011562651 0.999920905 -0.004929316 0.071425170 0.640285254 -0.003617333 0.768128753 0.353155136
0.804757595 -0.012485223 -0.593472064 -6.883111477 0.010045356 0.999921978 -0.007414287 0.070635408 0.593518317 0.000005067 0.804820478 0.387591362
0.838281691 -0.013892693 -0.545060277 -6.907453537 0.010727238 0.999901950 -0.008987790 0.070116758 0.545131743 0.001687310 0.838348687 0.430000067
0.868922710 -0.012180416 -0.494797915 -6.926855087 0.007469567 0.999905944 -0.011497214 0.069895178 0.494891405 0.006294265 0.868932068 0.468229532
0.894666433 -0.010224796 -0.446617723 -6.947895050 0.006406627 0.999928832 -0.010058437 0.068605207 0.446688771 0.006137633 0.894668460 0.515091419
0.915502787 -0.004052844 -0.402291119 -6.964519978 0.000538606 0.999960721 -0.008848296 0.067584246 0.402311087 0.007883964 0.915469050 0.557943821
0.932811141 0.000465176 -0.360365152 -6.982883453 -0.004590873 0.999933362 -0.010592791 0.067046158 0.360336214 0.011535465 0.932751119 0.607263327
0.946148515 0.005660634 -0.323683560 -6.999483109 -0.009015558 0.999920070 -0.008866296 0.065819971 0.323607475 0.011307020 0.946123898 0.656799555
0.955865979 0.006338575 -0.293734878 -7.014864445 -0.008701483 0.999939442 -0.006738246 0.064290449 0.293674350 0.008996788 0.955863178 0.711971641
0.963160276 0.005529373 -0.268871307 -7.029559612 -0.007205344 0.999960244 -0.005246921 0.063385539 0.268831700 0.006990938 0.963161826 0.765812993
0.968764126 0.005410828 -0.247925118 -7.043391705 -0.006501424 0.999972403 -0.003580383 0.063507669 0.247898936 0.005080413 0.968772590 0.824247003
0.973214984 0.008230088 -0.229749784 -7.057661533 -0.008698434 0.999961674 -0.001025783 0.062540531 0.229732573 0.002996771 0.973249137 0.886917710
0.976717055 0.012986029 -0.214138165 -7.070953846 -0.013171115 0.999913096 0.000562478 0.062081158 0.214126885 0.002271057 0.976803184 0.944883466
0.979421735 0.016450815 -0.201152667 -7.084205151 -0.016425969 0.999863446 0.001792749 0.061238140 0.201154694 0.001548270 0.979558229 1.009881973
0.982076943 0.014956840 -0.187885985 -7.095458984 -0.014888323 0.999887526 0.001775972 0.060405411 0.187891409 0.001053166 0.982189238 1.071249247
0.984576285 0.014968286 -0.174314618 -7.106656075 -0.014949258 0.999887228 0.001422234 0.059873629 0.174316227 0.001205576 0.984688997 1.136764526
0.986979425 0.015087670 -0.160138294 -7.116491318 -0.014989122 0.999885917 0.001823418 0.059658591 0.160147533 0.000600656 0.987092972 1.206305265
0.989235044 0.017027946 -0.145341143 -7.127919674 -0.016878407 0.999854922 0.002262004 0.059021957 0.145358607 0.000215474 0.989378989 1.273266435
0.990988433 0.017470134 -0.132803589 -7.137712002 -0.017648097 0.999844253 -0.000162967 0.057760108 0.132780030 0.002505228 0.991142333 1.346125245
0.992394507 0.018388769 -0.121716864 -7.145786762 -0.019194694 0.999800920 -0.005451993 0.056054458 0.121592365 0.007746846 0.992549896 1.414456367
0.993591607 0.016868461 -0.111764729 -7.155155659 -0.018313624 0.999761283 -0.011916329 0.055366181 0.111537047 0.013886780 0.993663311 1.490007877
0.994438827 0.016518472 -0.104012087 -7.161850452 -0.017845035 0.999770641 -0.011836210 0.053917259 0.103792720 0.013626485 0.994505584 1.561939597
0.995117068 0.018563759 -0.096940540 -7.170648098 -0.019212488 0.999798775 -0.005762797 0.052840985 0.096814059 0.007597125 0.995273530 1.640031934
0.995512426 0.022911178 -0.091815226 -7.178239822 -0.022796534 0.999737501 0.002297365 0.051153932 0.091843739 -0.000193988 0.995773375 1.713779330
0.995876968 0.023798527 -0.087536760 -7.185786247 -0.023357574 0.999708772 0.006058376 0.049665958 0.087655425 -0.003988751 0.996142864 1.792184830
0.996196032 0.022657247 -0.084143937 -7.192034245 -0.022313489 0.999738395 0.005023711 0.048822369 0.084235750 -0.003127058 0.996440947 1.864245892
0.996485412 0.022743205 -0.080620214 -7.199834347 -0.022486174 0.999738753 0.004094779 0.047585297 0.080692291 -0.002267548 0.996736407 1.942083836
0.996704936 0.021584649 -0.078188196 -7.204524040 -0.021135759 0.999755025 0.006564290 0.046466708 0.078310736 -0.004890095 0.996917069 2.015101194
0.996926904 0.019279184 -0.075928286 -7.210177898 -0.018671159 0.999787688 0.008709692 0.045927577 0.076080084 -0.007265258 0.997075319 2.092662573
0.997186005 0.016957646 -0.073023275 -7.215483189 -0.016219361 0.999811232 0.010691514 0.044716563 0.073190771 -0.009477040 0.997272909 2.166218042
0.997396290 0.015911227 -0.070337661 -7.221465111 -0.015474658 0.999857485 0.006747370 0.044361129 0.070435002 -0.005641351 0.997500420 2.243408918
0.997443378 0.019051405 -0.068873942 -7.226674080 -0.019113276 0.999817252 -0.000239389 0.042880885 0.068856791 0.001555184 0.997625291 2.315276861
0.997552693 0.019452872 -0.067157529 -7.232493401 -0.020027136 0.999768257 -0.007888258 0.041482992 0.066988513 0.009213925 0.997711182 2.391516924
0.997630000 0.020271558 -0.065752387 -7.238182068 -0.021107478 0.999704599 -0.012043405 0.040173162 0.065488845 0.013402729 0.997763276 2.464816332
0.997753501 0.022035811 -0.063264057 -7.244347095 -0.022732506 0.999688387 -0.010313760 0.038273811 0.063017085 0.011728741 0.997943521 2.542328358
0.997824967 0.024857774 -0.061052606 -7.249113560 -0.025288660 0.999660313 -0.006295016 0.036046684 0.060875375 0.007825262 0.998114705 2.614653587
0.997861803 0.028606383 -0.058767013 -7.254209042 -0.028720407 0.999586821 -0.001096441 0.034402847 0.058711357 0.002781908 0.998271227 2.690531969
0.998075008 0.026343247 -0.056146078 -7.259022713 -0.026338952 0.999652743 0.000816789 0.032883633 0.056148101 0.000663612 0.998422205 2.764700651
0.998225987 0.023185510 -0.054839619 -7.263466358 -0.023179445 0.999731064 0.000746871 0.031246770 0.054842185 0.000525605 0.998494923 2.839719534
0.998350799 0.021894034 -0.053070530 -7.268932819 -0.021876918 0.999760330 0.000903605 0.029332185 0.053077597 0.000258905 0.998590291 2.919328451
0.998381674 0.020959442 -0.052864753 -7.271462440 -0.021047313 0.999778032 -0.001105967 0.028623736 0.052829843 0.002216839 0.998601079 2.986215353
0.998462498 0.019006355 -0.052070871 -7.275570869 -0.019154262 0.999813914 -0.002342941 0.027638614 0.052016642 0.003336718 0.998640716 3.063026905
0.998518288 0.017846357 -0.051408019 -7.279644966 -0.017988427 0.999835551 -0.002302193 0.026008870 0.051358480 0.003223532 0.998674989 3.136723995
0.998486936 0.020586049 -0.050990887 -7.283877850 -0.020688076 0.999784887 -0.001473942 0.025063597 0.050949577 0.002526616 0.998697937 3.215423584
0.998512387 0.020570695 -0.050495766 -7.288980961 -0.020712247 0.999782920 -0.002281469 0.023850955 0.050437871 0.003323956 0.998721600 3.292213917
0.998430729 0.020697076 -0.052036691 -7.293520927 -0.020835599 0.999780595 -0.002120976 0.022239994 0.051981371 0.003201863 0.998643041 3.365460396
0.998342752 0.018088680 -0.054631423 -7.296717167 -0.018217608 0.999832213 -0.001862879 0.021350723 0.054588564 0.002855045 0.998504877 3.445652962
0.998176098 0.019894376 -0.056998856 -7.303830147 -0.020023044 0.999798059 -0.001687071 0.019285064 0.056953780 0.002825284 0.998372793 3.522331715
0.997941434 0.023553545 -0.059649561 -7.309944630 -0.023694368 0.999717891 -0.001654616 0.017420448 0.059593774 0.003064569 0.998218000 3.599674702
0.997741461 0.024565831 -0.062518865 -7.315082073 -0.025032502 0.999664187 -0.006692129 0.016780285 0.062333491 0.008242018 0.998021364 3.680121422
0.997594595 0.024615098 -0.064800493 -7.321761608 -0.025315687 0.999629498 -0.010012700 0.014944263 0.064530000 0.011629087 0.997847974 3.758943558
0.997481644 0.024287507 -0.066637754 -7.327815056 -0.025140777 0.999611974 -0.011995950 0.013984777 0.066320553 0.013641065 0.997705102 3.840780735
0.997354090 0.024645386 -0.068392798 -7.335371017 -0.025414841 0.999622822 -0.010403121 0.011611614 0.068110630 0.012113787 0.997604191 3.923029423
0.997228205 0.022755912 -0.070838153 -7.340582371 -0.023483314 0.999679565 -0.009452629 0.009345882 0.070600361 0.011089943 0.997443080 4.004715919
0.997110188 0.023258779 -0.072320469 -7.347401142 -0.023877775 0.999685228 -0.007706283 0.008037254 0.072118461 0.009410867 0.997351706 4.089285851
0.997039557 0.021779215 -0.073743239 -7.353777409 -0.022149721 0.999745786 -0.004210068 0.006561741 0.073632799 0.005830996 0.997268379 4.172228336
0.997015238 0.021565286 -0.074132860 -7.361453056 -0.021573350 0.999767065 0.000692057 0.005163901 0.074130520 0.000909302 0.997248173 4.258459568
0.997057974 0.021122668 -0.073683649 -7.367851257 -0.020977236 0.999776185 0.002747138 0.003840912 0.073725179 -0.001193377 0.997277856 4.346035480
0.997127116 0.024430407 -0.071697377 -7.374826431 -0.024277279 0.999700785 0.003006614 0.002857846 0.071749359 -0.001257361 0.997421920 4.427541256
0.997271895 0.023833739 -0.069860294 -7.381300926 -0.023779577 0.999715924 0.001607037 0.001842734 0.069878727 0.000058595 0.997555554 4.515986919
0.997453451 0.021846296 -0.067890376 -7.388267040 -0.021960808 0.999758482 -0.000940751 0.001030729 0.067853406 0.002429283 0.997692406 4.603010654
0.997631490 0.018245582 -0.066321589 -7.394210339 -0.018434502 0.999827564 -0.002237593 -0.000772347 0.066269346 0.003454898 0.997795820 4.684872627
0.997790992 0.016650273 -0.064311631 -7.400262356 -0.016847908 0.999854863 -0.002531917 -0.001665964 0.064260148 0.003609840 0.997926652 4.772827625
0.997884750 0.014422057 -0.063387893 -7.406694412 -0.014480145 0.999895036 -0.000457037 -0.002306105 0.063374646 0.001373935 0.997988820 4.861724854
0.997979105 0.012334978 -0.062334239 -7.412196159 -0.012164857 0.999921203 0.003107947 -0.006124247 0.062367663 -0.002343378 0.998050511 4.945375443
0.998036861 0.010705949 -0.061708257 -7.417861938 -0.010560734 0.999940693 0.002678927 -0.005737402 0.061733279 -0.002021983 0.998090684 5.033807755
0.998099864 0.012953325 -0.060240801 -7.424858570 -0.012969764 0.999915838 0.000118159 -0.009143091 0.060237247 0.000663375 0.998183906 5.122820377
0.998122096 0.015326508 -0.059307169 -7.430712700 -0.015694123 0.999860346 -0.005737591 -0.010705598 0.059210960 0.006657589 0.998223245 5.204367638
0.998145103 0.016983602 -0.058462750 -7.436169624 -0.017672645 0.999780059 -0.011289135 -0.012641013 0.058258161 0.012301384 0.998225689 5.289582729
0.998086929 0.021606954 -0.057928629 -7.441709518 -0.022641929 0.999594450 -0.017269801 -0.014898166 0.057531994 0.018548377 0.998171389 5.376233101
0.998136759 0.021892101 -0.056952972 -7.447713375 -0.022921775 0.999584258 -0.017489279 -0.018091924 0.056546435 0.018762155 0.998223603 5.459149361
0.998228610 0.018591192 -0.056514319 -7.452625751 -0.019279679 0.999746084 -0.011661816 -0.019647799 0.056283168 0.012730736 0.998333693 5.545171261
0.998212934 0.017762048 -0.057056766 -7.458276272 -0.017952107 0.999834895 -0.002820160 -0.022053082 0.056997254 0.003839409 0.998366952 5.629655361
0.998192906 0.016539752 -0.057769589 -7.464137554 -0.016269306 0.999854445 0.005148719 -0.024695951 0.057846330 -0.004199542 0.998316646 5.715204239
0.998065650 0.014982734 -0.060338929 -7.469366550 -0.014821699 0.999885321 0.003115574 -0.025964433 0.060378697 -0.002215222 0.998173118 5.796225071
0.997994363 0.010309025 -0.062458575 -7.474427700 -0.010349611 0.999946415 -0.000326301 -0.027309012 0.062451862 0.000972068 0.998047531 5.880822659
0.997829676 0.009091235 -0.065217644 -7.479235649 -0.009224232 0.999956012 -0.001738427 -0.029626578 0.065198958 0.002336237 0.997869670 5.963603497
0.997656763 0.010589452 -0.067593418 -7.486566067 -0.010888570 0.999932587 -0.004058334 -0.030914675 0.067545883 0.004784821 0.997704625 6.041326046
0.997391462 0.012962348 -0.071008682 -7.493106842 -0.013528805 0.999880314 -0.007502156 -0.032712385 0.070902936 0.008443249 0.997447431 6.123825550
0.997115314 0.013252023 -0.074737810 -7.500214100 -0.014114257 0.999839664 -0.011020416 -0.034472108 0.074579805 0.012043493 0.997142375 6.202857494
0.996844411 0.015127572 -0.077925973 -7.507497311 -0.016341431 0.999754488 -0.014962966 -0.036798514 0.077680491 0.016189169 0.996846974 6.286379814
0.996515691 0.020076877 -0.080953367 -7.515240669 -0.021332128 0.999664783 -0.014670858 -0.039564893 0.080631681 0.016346648 0.996609926 6.362462997
0.996155083 0.023227530 -0.084472343 -7.523497105 -0.024384625 0.999621987 -0.012691890 -0.042015359 0.084145620 0.014702916 0.996344984 6.445792198
0.995731175 0.026402390 -0.088444673 -7.531454563 -0.027124397 0.999607801 -0.006971275 -0.043954261 0.088225923 0.009340523 0.996056676 6.522377968
0.995351076 0.026678750 -0.092545591 -7.539378166 -0.026974091 0.999634326 -0.001941695 -0.045346409 0.092459939 0.004429001 0.995706558 6.605008125
0.994920731 0.025714094 -0.097322188 -7.547904015 -0.025593493 0.999669313 0.002487555 -0.047758840 0.097353958 0.000015894 0.995249987 6.681138515
0.994270504 0.025341840 -0.103846386 -7.556860447 -0.025116080 0.999678493 0.003481214 -0.048858397 0.103901222 -0.000853054 0.994587302 6.761754513
0.993741870 0.022906015 -0.109327488 -7.566269875 -0.022245886 0.999726236 0.007254171 -0.050278626 0.109463692 -0.004776686 0.993979335 6.837183952
0.992941201 0.024995744 -0.115943864 -7.575489998 -0.024433333 0.999681890 0.006269656 -0.050670955 0.116063669 -0.003392505 0.993236065 6.915633202
0.992135108 0.029266618 -0.121701501 -7.586869240 -0.028750340 0.999568641 0.005996340 -0.052119751 0.121824495 -0.002450221 0.992548645 6.989615440
0.991372406 0.031685077 -0.127187774 -7.598229885 -0.031644631 0.999496400 0.002339178 -0.052925952 0.127197862 0.001705814 0.991875887 7.066359520
0.990587592 0.029895449 -0.133575842 -7.608677864 -0.030241532 0.999542475 -0.000562382 -0.054033224 0.133497894 0.004596627 0.991038442 7.139050007
0.989833772 0.030416252 -0.138938665 -7.620001793 -0.030916819 0.999520957 -0.001445485 -0.055549011 0.138828129 0.005726333 0.990299940 7.215300083
0.989114940 0.033055864 -0.143384114 -7.632361889 -0.032899126 0.999452710 0.003464497 -0.056431398 0.143420175 0.001290424 0.989661217 7.290002823
0.988128126 0.034205224 -0.149776161 -7.644283295 -0.033488370 0.999412358 0.007306432 -0.057351008 0.149938077 -0.002203933 0.988692999 7.366414070
0.987307429 0.032802783 -0.155396372 -7.657206059 -0.031602036 0.999448538 0.010191820 -0.058869302 0.155644953 -0.005151618 0.987799644 7.438698292
0.986183405 0.030703017 -0.162787214 -7.669463634 -0.030107526 0.999527931 0.006124429 -0.059143625 0.162898377 -0.001138689 0.986642182 7.514152050
0.984846056 0.028366938 -0.171095237 -7.682766914 -0.028962055 0.999580026 -0.000982690 -0.060033850 0.170995504 0.005923067 0.985253990 7.583712578
0.983215451 0.025797676 -0.180615291 -7.696206570 -0.026637053 0.999642670 -0.002222953 -0.061853118 0.180493400 0.006996701 0.983551264 7.657571316
0.981284082 0.025233079 -0.190905318 -7.711336136 -0.025670318 0.999670386 0.000182723 -0.062645495 0.190847024 0.004721299 0.981608391 7.728059769
0.979112029 0.025019363 -0.201776549 -7.728265285 -0.024246698 0.999686062 0.006300418 -0.063113824 0.201870888 -0.001276399 0.979411364 7.802559853
0.976542473 0.026840331 -0.213645831 -7.743957520 -0.024366805 0.999602199 0.014203126 -0.063900247 0.213942051 -0.008664090 0.976807892 7.871959209
0.974048197 0.027493006 -0.224665046 -7.762665749 -0.024193576 0.999555409 0.017426273 -0.064512417 0.225044250 -0.011538578 0.974280238 7.946243763
0.971266210 0.030525282 -0.236029834 -7.780227661 -0.028197072 0.999514818 0.013233965 -0.065424621 0.236319259 -0.006198355 0.971655726 8.012790680
0.968221545 0.030714188 -0.248200819 -7.800050735 -0.030577384 0.999522686 0.004407132 -0.066279270 0.248217687 0.003322251 0.968698621 8.084082603
0.965093434 0.028341865 -0.260367930 -7.820299149 -0.029407082 0.999567568 -0.000195766 -0.066584408 0.260249764 0.007845591 0.965509534 8.154883385
0.961775362 0.026439097 -0.272560477 -7.839882851 -0.026299920 0.999645472 0.004164639 -0.066518508 0.272574008 0.003162872 0.962129653 8.222383499
0.958278537 0.027513023 -0.284509033 -7.861310959 -0.025292404 0.999614298 0.011476762 -0.067105249 0.284715086 -0.003802015 0.958604693 8.296858788
0.954819739 0.027222052 -0.295936376 -7.884350777 -0.023217143 0.999585271 0.017039435 -0.068238065 0.296277463 -0.009398797 0.955055594 8.364856720
0.950815797 0.025135089 -0.308735937 -7.908372879 -0.021486264 0.999653518 0.015213344 -0.068687946 0.309011310 -0.007831505 0.951026082 8.437196732
0.946960032 0.022555966 -0.320559055 -7.932566643 -0.020174140 0.999738812 0.010749898 -0.068565898 0.320717812 -0.003712722 0.947167516 8.508291245
0.944009960 0.019385641 -0.329346985 -7.956951141 -0.019117665 0.999809146 0.004052500 -0.069839388 0.329362720 0.002470742 0.944200277 8.579418182
0.941415250 0.015240351 -0.336905152 -7.981396675 -0.016815364 0.999857008 -0.001757365 -0.070470177 0.336830229 0.007319590 0.941536963 8.641735077
0.938695848 0.015031213 -0.344418436 -8.007518768 -0.017361753 0.999842465 -0.003683205 -0.071761534 0.344308823 0.009437118 0.938809037 8.712973595
0.935802758 0.020387402 -0.351934046 -8.034547806 -0.023142640 0.999725640 -0.003623236 -0.072941139 0.351763576 0.011535318 0.936017811 8.778985023
0.932668030 0.020123405 -0.360174149 -8.061910629 -0.022228591 0.999751508 -0.001703312 -0.073884919 0.360050321 0.009594785 0.932883620 8.850392342
0.929637492 0.020770509 -0.367889464 -8.091325760 -0.020361051 0.999780297 0.004994826 -0.074516922 0.367912352 0.002847240 0.929856062 8.922302246
0.926874578 0.022777423 -0.374679595 -8.120804787 -0.019054227 0.999725521 0.013639085 -0.075802654 0.374887347 -0.005502489 0.927054048 8.993900299
0.924480617 0.032556515 -0.379836172 -8.148678780 -0.026836658 0.999432802 0.020345796 -0.076211721 0.380283117 -0.008615762 0.924829900 9.054265976
0.921673238 0.038299501 -0.386071950 -8.179464340 -0.034260195 0.999262512 0.017340159 -0.076769605 0.386451334 -0.002755064 0.922305584 9.124810219
0.919564247 0.035551656 -0.391328126 -8.208900452 -0.034537118 0.999356925 0.009633079 -0.076105155 0.391418964 0.004657112 0.920200825 9.190266609
0.917475641 0.027686078 -0.396827579 -8.238168716 -0.029233841 0.999570251 0.002149153 -0.076613039 0.396716535 0.009629003 0.917890668 9.260412216
0.915906489 0.028300362 -0.400392801 -8.270605087 -0.030343436 0.999538779 0.001237659 -0.076617509 0.400243133 0.011015713 0.916342735 9.330279350
0.913800418 0.034468502 -0.404698223 -8.300588608 -0.034642987 0.999375939 0.006894535 -0.078206562 0.404683352 0.007719728 0.914424300 9.394737244
0.911223710 0.036580864 -0.410284102 -8.332372665 -0.035161588 0.999320984 0.011006868 -0.078527153 0.410408169 0.004396521 0.911891341 9.464631081
0.908891022 0.033205412 -0.415709436 -8.364438057 -0.032328073 0.999435425 0.009150531 -0.079686597 0.415778607 0.005122249 0.909451485 9.534386635
0.906932712 0.031603787 -0.420088261 -8.395744324 -0.033414602 0.999437034 0.003049799 -0.080569766 0.419948131 0.011271121 0.907478154 9.598728180
0.904758990 0.028865946 -0.424944460 -8.429321289 -0.033678569 0.999425352 -0.003816122 -0.080710225 0.424590141 0.017764192 0.905211449 9.667636871
0.902656317 0.029643331 -0.429339975 -8.462122917 -0.035192426 0.999368131 -0.004989204 -0.082326710 0.428920835 0.019613056 0.903129160 9.733264923
0.900689244 0.032407366 -0.433253706 -8.496656418 -0.036360782 0.999338388 -0.000839774 -0.083451092 0.432939798 0.016509818 0.901271582 9.802511215
0.898563921 0.034525815 -0.437482446 -8.531232834 -0.037582077 0.999292195 0.001672020 -0.085117467 0.437230498 0.014939084 0.899225414 9.872017860
0.896446407 0.035326004 -0.441742092 -8.563822746 -0.038297284 0.999263942 0.002192566 -0.086191438 0.441494524 0.014952003 0.897139370 9.935209274
0.894161820 0.033553313 -0.446484983 -8.597596169 -0.036734805 0.999323845 0.001531444 -0.087410197 0.446234465 0.015032181 0.894789815 10.003613472
0.892318606 0.031390775 -0.450313300 -8.631991386 -0.034710448 0.999397159 0.000886184 -0.088628411 0.450069606 0.014839820 0.892870188 10.068333626
0.890129924 0.030949809 -0.454654604 -8.667051315 -0.033730157 0.999428988 0.001996925 -0.090354912 0.454456896 0.013558052 0.890665531 10.136005402
