0.999986768 0.005122978 0.000225266 -0.000366034 -0.005123424 0.999984801 0.002029015 -0.001175046 -0.000214867 -0.002030142 0.999997914 0.053129904
0.999979913 0.006291884 0.000758713 -0.000676171 -0.006293297 0.999978423 0.001874231 -0.001763186 -0.000746905 -0.001878969 0.999997914 0.078578554
0.999964714 0.008368042 0.000735596 -0.000810092 -0.008369128 0.999963880 0.001486327 -0.002225211 -0.000723132 -0.001492431 0.999998569 0.104053795
0.999964476 0.008341787 0.001227581 -0.000916168 -0.008343332 0.999964416 0.001256982 -0.002660090 -0.001217052 -0.001267179 0.999998450 0.128669009
0.999963522 0.008426594 0.001354193 -0.000843046 -0.008429684 0.999961793 0.002294089 -0.003261077 -0.001334810 -0.002305420 0.999996424 0.152867675
0.999952734 0.009376178 0.002620520 -0.001525386 -0.009389263 0.999943316 0.005026052 -0.003555153 -0.002573246 -0.005050418 0.999983907 0.176021278
0.999953508 0.009010533 0.003464739 -0.001003244 -0.009041374 0.999918640 0.008991407 -0.003875276 -0.003383440 -0.009022311 0.999953568 0.199120879
0.999950051 0.008513564 0.005230545 -0.001224066 -0.008578870 0.999883890 0.012592724 -0.004182925 -0.005122729 -0.012636967 0.999907017 0.220508933
0.999952555 0.007518281 0.006198643 -0.001087654 -0.007609521 0.999861062 0.014829496 -0.004480945 -0.006086289 -0.014875961 0.999870837 0.241645783
0.999941289 0.008168908 0.007113543 -0.000852276 -0.008271764 0.999859869 0.014552300 -0.004736398 -0.006993671 -0.014610288 0.999868810 0.261605054
0.999920428 0.009177538 0.008651192 -0.001269927 -0.009281211 0.999884605 0.012020756 -0.005001536 -0.008539874 -0.012100091 0.999890268 0.281321406
0.999908626 0.009281217 0.009824730 -0.001209147 -0.009367424 0.999917686 0.008765381 -0.004932737 -0.009742569 -0.008856615 0.999913275 0.299801528
0.999905407 0.007616449 0.011448695 -0.001020054 -0.007706288 0.999939680 0.007823497 -0.005503598 -0.011388416 -0.007910983 0.999903858 0.316394895
0.999904752 0.003721717 0.013286440 -0.000681593 -0.003796578 0.999976993 0.005613647 -0.005767735 -0.013265244 -0.005663556 0.999895990 0.333014846
0.999882817 0.001794133 0.015211144 -0.000393857 -0.001856067 0.999990046 0.004058453 -0.005916724 -0.015203713 -0.004086209 0.999876082 0.347849578
0.999835372 0.006099947 0.017083459 -0.000214058 -0.006141041 0.999978364 0.002354101 -0.006455025 -0.017068729 -0.002458624 0.999851286 0.362047493
0.999738038 0.010530842 0.020320516 -0.000331181 -0.010565322 0.999942899 0.001590075 -0.006679198 -0.020302614 -0.001804351 0.999792278 0.374774337
0.999676406 0.010233456 0.023287121 0.000239801 -0.010290619 0.999944270 0.002336159 -0.006825685 -0.023261920 -0.002575042 0.999726117 0.387289047
0.999624968 0.006474119 0.026606666 0.000647809 -0.006556225 0.999973953 0.002999774 -0.007089878 -0.026586553 -0.003173088 0.999641478 0.398148686
0.999583483 0.001956550 0.028792819 0.001410148 -0.002034459 0.999994278 0.002676716 -0.007121984 -0.028787421 -0.002734179 0.999581754 0.408191711
0.999505699 -0.001428455 0.031404417 0.001890636 0.001305355 0.999991477 0.003940013 -0.007294594 -0.031409770 -0.003897072 0.999499023 0.416836143
0.999405265 -0.001784408 0.034436014 0.002091940 0.001607578 0.999985397 0.005162050 -0.007579400 -0.034444716 -0.005103622 0.999393582 0.424995661
0.999345124 -0.001243507 0.036166556 0.002507599 0.001086574 0.999989927 0.004358508 -0.007814150 -0.036171608 -0.004316356 0.999336243 0.431843966
0.999269485 -0.000288354 0.038214192 0.002736061 0.000174438 0.999995530 0.002984294 -0.007940705 -0.038214885 -0.002975449 0.999265015 0.438141853
0.999168158 0.001582555 0.040748671 0.002828890 -0.001671441 0.999996305 0.002147353 -0.008104435 -0.040745120 -0.002213676 0.999167144 0.444042146
0.999086261 0.004591644 0.042491838 0.003159618 -0.004661186 0.999987960 0.001537646 -0.008298276 -0.042484257 -0.001734303 0.999095619 0.449932009
0.999008060 0.005970732 0.044127040 0.003217651 -0.005981375 0.999982178 0.000109159 -0.008464016 -0.044125602 -0.000372991 0.999025941 0.455231249
0.998937309 0.004828735 0.045834985 0.003690142 -0.004768443 0.999987602 -0.001424665 -0.008763351 -0.045841288 0.001204590 0.998948038 0.460540742
0.998879671 0.003657367 0.047183815 0.004098898 -0.003523238 0.999989450 -0.002925562 -0.008855413 -0.047194034 0.002756044 0.998881876 0.465533406
0.998825073 0.002952432 0.048370969 0.004308166 -0.002768968 0.999988616 -0.003859416 -0.009005019 -0.048381817 0.003720944 0.998821914 0.469989568
0.998761535 0.003605482 0.049622316 0.004657108 -0.003337907 0.999979377 -0.005474031 -0.009046629 -0.049641035 0.005301617 0.998753071 0.474625438
0.998648584 0.004866476 0.051743623 0.004402984 -0.004483189 0.999961555 -0.007520924 -0.009091883 -0.051778246 0.007278784 0.998632014 0.478834689
0.998603046 0.004883928 0.052613866 0.004776653 -0.004377347 0.999942899 -0.009739223 -0.009179601 -0.052658435 0.009495309 0.998567402 0.483148813
0.998563826 0.004055448 0.053423341 0.005053554 -0.003422832 0.999922931 -0.011927739 -0.009416238 -0.053467598 0.011727748 0.998500645 0.487427831
0.998602629 0.003150064 0.052753080 0.005356086 -0.002417875 0.999899924 -0.013937635 -0.009436078 -0.052791703 0.013790609 0.998510301 0.491822422
0.998739421 0.002101544 0.050151795 0.005926663 -0.001356124 0.999888241 -0.014892679 -0.009596121 -0.050177485 0.014805895 0.998630583 0.496237427
0.998850763 0.002814972 0.047845054 0.005477915 -0.002048037 0.999868870 -0.016071022 -0.009647781 -0.047884017 0.015954567 0.998725414 0.500334859
0.999046743 0.003280772 0.043530080 0.005591275 -0.002528881 0.999846816 -0.017316746 -0.009736436 -0.043580227 0.017190155 0.998901904 0.504783213
0.999273837 0.003306891 0.037960075 0.005519776 -0.002626732 0.999835193 -0.017953681 -0.010040554 -0.038013190 0.017840935 0.999117970 0.508912504
0.999499381 0.003444281 0.031451222 0.005451838 -0.002844084 0.999813259 -0.019108286 -0.009948387 -0.031511169 0.019009272 0.999322593 0.513158798
0.999702632 0.003585930 0.024120077 0.005332738 -0.003105730 0.999796808 -0.019916834 -0.010023287 -0.024186585 0.019836001 0.999510646 0.517753839
0.999878943 0.002944949 0.015276411 0.005815791 -0.002630130 0.999784589 -0.020587487 -0.010292649 -0.015333750 0.020544818 0.999671340 0.521809399
0.999981880 0.002108876 0.005631427 0.005106647 -0.001985660 0.999760509 -0.021796897 -0.010362318 -0.005676042 0.021785321 0.999746561 0.526356637
0.999971330 0.000211228 -0.007570033 0.004860657 -0.000389286 0.999723136 -0.023527745 -0.010464218 0.007562967 0.023530016 0.999694586 0.531335771
0.999718964 -0.000459020 -0.023700956 0.004045656 -0.000148551 0.999671578 -0.025626747 -0.010485206 0.023704931 0.025623066 0.999390602 0.536860287
0.999092817 0.000141243 -0.042586662 0.002895486 -0.001273180 0.999646544 -0.026553662 -0.010612418 0.042567864 0.026583791 0.998739839 0.542780757
0.997889221 0.000980582 -0.064931184 0.001926847 -0.002693722 0.999650478 -0.026301654 -0.010813459 0.064882696 0.026421048 0.997543097 0.549043119
0.996090591 0.001299006 -0.088328220 0.000673149 -0.003470939 0.999695241 -0.024440194 -0.011125908 0.088269554 0.024651233 0.995791554 0.555675328
0.993317723 0.002548675 -0.115383945 -0.000998586 -0.005250866 0.999718845 -0.023121245 -0.011181122 0.115292579 0.023572609 0.993051827 0.563062489
0.989405870 0.003198157 -0.145140037 -0.003589094 -0.006361748 0.999752104 -0.021337926 -0.011221232 0.145035818 0.022035215 0.989181042 0.571223617
0.983922839 0.003055727 -0.178568080 -0.005487174 -0.006321422 0.999822974 -0.017722117 -0.011645607 0.178482324 0.018566003 0.983767927 0.578936398
0.976556420 0.003921092 -0.215226293 -0.008793764 -0.007000463 0.999883711 -0.013547186 -0.011934977 0.215148151 0.014736275 0.976470292 0.587897062
0.967021346 0.005231156 -0.254641682 -0.012838677 -0.007733797 0.999931157 -0.008827898 -0.011700086 0.254577935 0.010506112 0.966995239 0.597252131
0.954681516 0.009160606 -0.297488242 -0.014908001 -0.010683333 0.999936759 -0.003493086 -0.012072507 0.297437519 0.006512951 0.954719067 0.606098175
0.940408051 0.012074959 -0.339833856 -0.019262224 -0.012741725 0.999918699 0.000269430 -0.011894276 0.339809597 0.004076696 0.940485358 0.615415514
0.923265338 0.014636172 -0.383884043 -0.024138108 -0.013303147 0.999892712 0.006127543 -0.011997918 0.383932471 -0.000550481 0.923361003 0.626213312
0.904210508 0.018238122 -0.426697463 -0.030256078 -0.013858306 0.999814510 0.013367580 -0.012049626 0.426862121 -0.006173803 0.904295683 0.635672092
0.881882071 0.022520572 -0.470931828 -0.035898775 -0.014779118 0.999688268 0.020130528 -0.012230262 0.471238315 -0.010792797 0.881939888 0.645632505
0.857210755 0.027637847 -0.514223516 -0.043450117 -0.017189492 0.999538004 0.025067031 -0.012358372 0.514678836 -0.012648490 0.857289791 0.655148983
0.829037845 0.030615747 -0.558353662 -0.050958037 -0.017963255 0.999442875 0.028129973 -0.012251388 0.558903754 -0.013290968 0.829126000 0.664343894
0.797971129 0.033928756 -0.601739883 -0.059820771 -0.020069087 0.999356270 0.029734384 -0.012184467 0.602361321 -0.011650814 0.798138440 0.673784375
0.764203072 0.036596447 -0.643936753 -0.069201738 -0.020372124 0.999260306 0.032613363 -0.011876415 0.644653916 -0.011804876 0.764383376 0.683035195
0.727169871 0.039249543 -0.685334623 -0.080173016 -0.020692652 0.999163568 0.035266932 -0.011001118 0.686145663 -0.011463661 0.727373898 0.692782104
0.692683637 0.040862095 -0.720083058 -0.054701775 -0.019321300 0.999086797 0.038108423 -0.011775507 0.720982671 -0.012484142 0.692840636 0.681354582
0.651960969 0.040877499 -0.757149816 -0.066911280 -0.016752442 0.999078512 0.039513845 -0.011485603 0.758067369 -0.013077376 0.652045071 0.690309763
0.609906673 0.039135866 -0.791506350 -0.080598950 -0.010976231 0.999101222 0.040942457 -0.010810925 0.792397201 -0.016283322 0.609788060 0.699477434
0.564526379 0.040776741 -0.824407160 -0.085156053 -0.006793075 0.998974621 0.044759508 -0.011758165 0.825387061 -0.019667659 0.564224482 0.710926890
0.518007159 0.041407745 -0.854373455 -0.100461632 -0.004271700 0.998940289 0.045824334 -0.010931481 0.855365574 -0.020087708 0.517635167 0.718823791
0.468883485 0.041144222 -0.882301211 -0.117088795 -0.003674847 0.998996675 0.044633128 -0.010145077 0.883252501 -0.017685413 0.468564153 0.726068318
0.415937871 0.041660909 -0.908438265 -0.140626997 0.003538539 0.998868406 0.047428168 -0.011736393 0.909386158 -0.022941718 0.415319771 0.735342920
0.362842739 0.039891832 -0.930996120 -0.158983842 0.009239272 0.998880148 0.046401437 -0.010788180 0.931804657 -0.025438152 0.362067819 0.741207540
0.308608830 0.039612684 -0.950363815 -0.179605037 0.011503861 0.998903811 0.045371525 -0.009967780 0.951119483 -0.024934910 0.307814866 0.746939540
0.256259531 0.045517657 -0.965535641 -0.200182483 0.012971688 0.998638630 0.050520983 -0.009022508 0.966521025 -0.025471114 0.255320281 0.750762045
0.204774112 0.049868561 -0.977538049 -0.227183580 0.014050602 0.998448610 0.053878613 -0.006930768 0.978708386 -0.024767943 0.203755781 0.753869653
0.156524301 0.050791446 -0.986367285 -0.252222836 0.018698905 0.998345375 0.054375533 -0.005593751 0.987497211 -0.026955077 0.155315533 0.755888045
0.111986570 0.052428175 -0.992325723 -0.283898294 0.021679072 0.998240650 0.055187222 -0.005118696 0.993473232 -0.027692931 0.110652938 0.756758630
0.071822353 0.050605509 -0.996132791 -0.307469189 0.021289239 0.998406827 0.052256007 -0.004033336 0.997190177 -0.024960060 0.070630558 0.757383347
0.035530917 0.046423580 -0.998289764 -0.334165514 0.019446407 0.998699248 0.047134750 -0.002756367 0.999179363 -0.021087889 0.034581929 0.757980108
0.006791533 0.046217401 -0.998908460 -0.352839977 0.017024092 0.998781264 0.046327271 -0.001154583 0.999832034 -0.017320136 0.005996448 0.758490145
-0.013481157 0.050493527 -0.998633385 -0.379014760 0.015661340 0.998612344 0.050281037 -0.000098268 0.999786556 -0.014962092 -0.014253247 0.757150292
-0.027430201 0.056509182 -0.998025298 -0.409472555 0.017756296 0.998270869 0.056035079 0.001255490 0.999466002 -0.016184177 -0.028386176 0.756742060
-0.034807082 0.058718212 -0.997667551 -0.437382817 0.017665625 0.998152673 0.058130436 0.002564620 0.999237895 -0.015601068 -0.035780080 0.755485415
-0.039355662 0.056361575 -0.997634470 -0.476798415 0.018729465 0.998274088 0.055658851 0.003695501 0.999049723 -0.016494667 -0.040343363 0.753273904
-0.037577908 0.052602358 -0.997908294 -0.506151319 0.025544710 0.998337805 0.051663075 0.004992586 0.998967111 -0.023549886 -0.038859159 0.751653433
-0.034667324 0.051018983 -0.998095810 -0.530632615 0.039266143 0.997994542 0.049649950 0.006675420 0.998627186 -0.037470147 -0.036601122 0.753613770
-0.027961640 0.051132590 -0.998300433 -0.562016726 0.039404191 0.997970998 0.050012033 0.007961109 0.998832107 -0.037938803 -0.029919740 0.752047896
-0.023551336 0.049528338 -0.998494983 -0.599067211 0.036221121 0.998158574 0.048657306 0.009579051 0.999066234 -0.035020672 -0.025301939 0.750982165
-0.019890055 0.043066684 -0.998874187 -0.631823480 0.039847501 0.998312116 0.042248994 0.010931302 0.999007821 -0.038962308 -0.021572582 0.750022113
-0.017719503 0.032522712 -0.999313831 -0.678566635 0.037804060 0.998777866 0.031834930 0.011901662 0.999128044 -0.037214022 -0.018927338 0.746601939
-0.016441427 0.024259781 -0.999570370 -0.713705361 0.029996090 0.999267578 0.023759037 0.012795340 0.999414742 -0.029592579 -0.017157082 0.744974852
-0.017690085 0.021377075 -0.999614954 -0.754330397 0.024675682 0.999476254 0.020937422 0.013544983 0.999538958 -0.024295796 -0.018208314 0.742026150
-0.021005807 0.027347175 -0.999405205 -0.792422771 0.015115756 0.999520361 0.027032614 0.014351653 0.999665022 -0.014538922 -0.021409104 0.740479887
-0.026226962 0.035776030 -0.999015570 -0.826754630 0.010550885 0.999313653 0.035509702 0.015281494 0.999600351 -0.009609190 -0.026586428 0.740468502
-0.030200129 0.045316804 -0.998516083 -0.869574845 0.008928403 0.998944044 0.045066196 0.016434098 0.999503970 -0.007554148 -0.030572852 0.736981630
-0.031058868 0.055285718 -0.997987390 -0.909739137 0.007226583 0.998455405 0.055086747 0.018005893 0.999491394 -0.005501106 -0.031410422 0.734812677
-0.032787252 0.063048489 -0.997471690 -0.949025750 0.009716425 0.997981250 0.062761322 0.019579235 0.999415040 -0.007634087 -0.033333670 0.733514667
-0.034001380 0.063740954 -0.997387052 -0.989447117 0.010435919 0.997932374 0.063420042 0.021728221 0.999367297 -0.008252283 -0.034596276 0.731874287
-0.036454804 0.061106645 -0.997465253 -1.030769587 0.009441485 0.998105288 0.060800791 0.023673829 0.999290645 -0.007201072 -0.036962677 0.731131673
-0.038907588 0.056204047 -0.997660935 -1.071759105 0.009282340 0.998394132 0.055883355 0.025423326 0.999199688 -0.007086341 -0.039366815 0.729071140
-0.043248314 0.051194243 -0.997751832 -1.115811586 0.009384292 0.998663008 0.050834231 0.027040413 0.999020278 -0.007164700 -0.043670911 0.725328147
-0.048714723 0.046461750 -0.997731507 -1.156566978 0.009206628 0.998895943 0.046066459 0.028561037 0.998770297 -0.006941630 -0.049088694 0.722757697
-0.055616044 0.044466268 -0.997461617 -1.197927594 0.008506058 0.998992622 0.044060249 0.030211113 0.998415947 -0.006034010 -0.055938255 0.720375299
-0.062327981 0.046967350 -0.996949911 -1.244798183 0.008482049 0.998880982 0.046528030 0.031701624 0.998019695 -0.005556181 -0.062656619 0.716866314
-0.068421021 0.052123107 -0.996294022 -1.287653208 0.007558380 0.998632610 0.051726386 0.033117168 0.997627914 -0.003991197 -0.068721443 0.713582754
-0.075069942 0.054800007 -0.995671332 -1.325694323 0.004829227 0.998497069 0.054591428 0.035066586 0.997166514 -0.000710148 -0.075221777 0.711419463
-0.079674661 0.056740496 -0.995204747 -1.368915200 0.001440202 0.998384118 0.056806464 0.037275434 0.996819854 0.003092741 -0.079627663 0.707449555
-0.082457259 0.058265716 -0.994889915 -1.414379358 -0.003017733 0.998270214 0.058713805 0.038896475 0.996590018 0.007843693 -0.082138807 0.703210950
-0.084131867 0.059203211 -0.994694352 -1.457123637 -0.007224395 0.998170912 0.060021184 0.041247811 0.996428430 0.012235759 -0.083550274 0.699279189
-0.085226350 0.059192963 -0.994601786 -1.499930620 -0.008274641 0.998157144 0.060113616 0.042600416 0.996327281 0.013353236 -0.084579498 0.694858432
-0.086729825 0.058557969 -0.994509339 -1.542575717 -0.008612268 0.998189569 0.059525732 0.044356514 0.996194661 0.013727636 -0.086068481 0.690657079
-0.088174596 0.057604659 -0.994437993 -1.586045742 -0.009544873 0.998231769 0.058670741 0.046419162 0.996059358 0.014665054 -0.087468848 0.686688423
-0.088947013 0.056828987 -0.994413853 -1.626793623 -0.012282826 0.998232543 0.058145873 0.048635975 0.995960593 0.017386114 -0.088091783 0.683240354
-0.089485824 0.054463748 -0.994497836 -1.670609474 -0.016942155 0.998275995 0.056195129 0.050463669 0.995844007 0.021877602 -0.088408835 0.678823948
-0.090095125 0.049035784 -0.994725227 -1.714374542 -0.021939876 0.998447061 0.051206406 0.052677952 0.995691478 0.026437601 -0.088879354 0.674598217
-0.089055941 0.047906768 -0.994873822 -1.758663297 -0.024238529 0.998442531 0.050248321 0.055068210 0.995731592 0.028589189 -0.087756053 0.670324922
-0.087404706 0.052408349 -0.994793355 -1.802874327 -0.024717556 0.998193502 0.054759223 0.056324694 0.995866179 0.029375069 -0.085951410 0.666466236
-0.086272046 0.056259438 -0.994681835 -1.850809813 -0.023775719 0.998003662 0.058509476 0.057489857 0.995988011 0.028697003 -0.084762201 0.662253022
-0.084640943 0.055580646 -0.994860113 -1.896224380 -0.022440996 0.998083413 0.057669971 0.059902556 0.996158838 0.027206894 -0.083231419 0.658340573
-0.082372144 0.054071475 -0.995133698 -1.941820502 -0.022785081 0.998163760 0.056122169 0.062648490 0.996341228 0.027297102 -0.080988877 0.655115724
-0.076921709 0.055271007 -0.995503962 -2.002625704 -0.025781458 0.998018146 0.057402708 0.064015880 0.996703744 0.030081067 -0.075344294 0.645075917
-0.070863187 0.056075208 -0.995908618 -2.048393726 -0.030414997 0.997832894 0.058347713 0.066096872 0.997022212 0.034425266 -0.069004089 0.641487479
-0.064575106 0.055957209 -0.996342838 -2.092802286 -0.034498952 0.997704566 0.058269653 0.067821458 0.997316301 0.038135555 -0.062496435 0.637636900
-0.060008168 0.055234477 -0.996668398 -2.117769003 -0.035927076 0.997701466 0.057454836 0.069488600 0.997551143 0.039255146 -0.057885826 0.638608217
-0.054684088 0.053665482 -0.997060478 -2.164165497 -0.035688858 0.997811556 0.055663269 0.072235078 0.997865796 0.038627852 -0.052649155 0.636541545
-0.048695497 0.053908620 -0.997357845 -2.209274054 -0.034482323 0.997856438 0.055619158 0.073938563 0.998218298 0.037099615 -0.046732221 0.633630455
-0.043043081 0.054737885 -0.997572601 -2.254115105 -0.033093039 0.997871935 0.056182202 0.075357631 0.998524964 0.035430964 -0.041140050 0.631023407
-0.036536615 0.054519575 -0.997843981 -2.300625086 -0.033563118 0.997880459 0.055750493 0.078902222 0.998768568 0.035527699 -0.034629334 0.628555179
-0.032581739 0.058219928 -0.997772098 -2.351840973 -0.032088127 0.997726381 0.059265103 0.078480117 0.998953819 0.033947594 -0.030639498 0.626732588
-0.027348012 0.056945670 -0.998002768 -2.398304224 -0.032204863 0.997807622 0.057817053 0.080764577 0.999106944 0.033721719 -0.025454132 0.625412524
-0.022551211 0.052588578 -0.998361588 -2.444028378 -0.031828005 0.998071551 0.053292241 0.082640581 0.999238908 0.032977652 -0.020833928 0.624119043
-0.018028749 0.047488369 -0.998709083 -2.490436316 -0.031721730 0.998341382 0.048043519 0.084195219 0.999334037 0.032546945 -0.016492436 0.622926831
-0.012110983 0.057118028 -0.998293936 -2.547221899 -0.031224499 0.997858644 0.057471931 0.073921025 0.999438941 0.031867269 -0.010301566 0.616511583
-0.007818518 0.059690949 -0.998186290 -2.594522715 -0.030438527 0.997739971 0.059902690 0.075850353 0.999506056 0.030851675 -0.005983942 0.615223229
-0.006821541 0.059281807 -0.998218000 -2.638853073 -0.030525265 0.997763574 0.059463423 0.077913217 0.999510705 0.030876491 -0.004996692 0.615479946
-0.005661674 0.058025025 -0.998299122 -2.685718536 -0.032852262 0.997765303 0.058180314 0.080930583 0.999444187 0.033125777 -0.003742770 0.614754796
-0.005203385 0.059913736 -0.998189986 -2.730812550 -0.033088770 0.997646570 0.060053602 0.082199678 0.999438882 0.033341363 -0.003208667 0.614442229
-0.003636990 0.059053797 -0.998248160 -2.777856350 -0.034606338 0.997649312 0.059144460 0.084550343 0.999394476 0.034760825 -0.001584806 0.613450646
-0.008772931 0.043819614 -0.999000967 -2.820349693 -0.029031796 0.998607039 0.044057291 0.103210159 0.999539971 0.029389294 -0.007488549 0.619544685
-0.007325839 0.042452961 -0.999071598 -2.867293119 -0.027313517 0.998717189 0.042638183 0.104729928 0.999599993 0.027600521 -0.006156900 0.618324518
-0.007714177 0.042662989 -0.999059737 -2.916089773 -0.023790494 0.998798966 0.042835537 0.105831273 0.999687195 0.024098568 -0.006689939 0.618723392
-0.007900790 0.042822171 -0.999051452 -2.959257841 -0.021690464 0.998840272 0.042984653 0.107380532 0.999733448 0.022009496 -0.006962796 0.618420482
-0.008633075 0.045495339 -0.998927236 -3.008061886 -0.020364895 0.998749316 0.045663238 0.109039441 0.999755383 0.020737261 -0.007695771 0.618427217
-0.007385140 0.055570584 -0.998427451 -3.048073292 -0.029968748 0.997993886 0.055768117 0.102042004 0.999523580 0.030333472 -0.005704944 0.615319610
-0.006895415 0.054151848 -0.998508871 -3.095033884 -0.031704005 0.998018861 0.054344211 0.105103955 0.999473512 0.032031454 -0.005164923 0.614707232
-0.012625062 0.048143975 -0.998760641 -3.127503157 -0.029456334 0.998388827 0.048498392 0.111620456 0.999486327 0.030032123 -0.011186576 0.622512102
-0.012907734 0.045315463 -0.998889387 -3.174333811 -0.028526237 0.998549342 0.045668650 0.113582954 0.999509692 0.029084040 -0.011596329 0.622153342
-0.013627261 0.044086426 -0.998934746 -3.220515728 -0.026703749 0.998655081 0.044438370 0.115883842 0.999550521 0.027280878 -0.012431662 0.622677326
-0.014457912 0.045856118 -0.998843372 -3.266745806 -0.024833348 0.998623192 0.046205468 0.116982020 0.999587059 0.025472658 -0.013299247 0.622687578
-0.012110652 0.045861516 -0.998874366 -3.317189217 -0.021097548 0.998713672 0.046109937 0.121420383 0.999704003 0.021632226 -0.011127507 0.619974911
-0.011730997 0.048449386 -0.998756647 -3.362980127 -0.020814139 0.998597205 0.048686124 0.122624196 0.999714494 0.021359401 -0.010706109 0.619226575
-0.010789180 0.048801254 -0.998750210 -3.406769037 -0.023072138 0.998530209 0.049039755 0.123766735 0.999675572 0.023572404 -0.009647374 0.618152857
-0.010894029 0.046350706 -0.998865783 -3.452309132 -0.022162344 0.998668611 0.046583254 0.125392139 0.999695003 0.022644687 -0.009852285 0.617628396
-0.010588294 0.045048248 -0.998928726 -3.496394157 -0.021033989 0.998753548 0.045263302 0.126615942 0.999722719 0.021490719 -0.009627552 0.617097139
-0.010305451 0.046520889 -0.998864174 -3.541264296 -0.019673841 0.998714387 0.046716891 0.127756193 0.999753356 0.020132933 -0.009376958 0.616255105
-0.009929627 0.049741145 -0.998712778 -3.585821867 -0.017923612 0.998592734 0.049913377 0.128644228 0.999790072 0.018396158 -0.009024112 0.615213692
-0.009979409 0.052171759 -0.998588264 -3.630622149 -0.016543109 0.998492837 0.052332092 0.130151197 0.999813378 0.017042000 -0.009101284 0.614831507
-0.008610104 0.053435508 -0.998534143 -3.681695223 -0.017566910 0.998409033 0.053580280 0.132718548 0.999808550 0.018002493 -0.007657709 0.612335145
-0.008258723 0.055747885 -0.998410702 -3.727210999 -0.019701134 0.998241901 0.055901434 0.133940116 0.999771833 0.020131497 -0.007145906 0.612010479
-0.006188496 0.054822966 -0.998476923 -3.777916431 -0.021792009 0.998251498 0.054945663 0.136241198 0.999743342 0.022098849 -0.004982973 0.607401907
-0.005860965 0.050507765 -0.998706400 -3.822695017 -0.024526253 0.998415887 0.050637007 0.137821525 0.999681950 0.024791315 -0.004612914 0.606720865
-0.005796265 0.049073245 -0.998778343 -3.865551233 -0.025540827 0.998462021 0.049205922 0.139148504 0.999656975 0.025794839 -0.004533979 0.606257617
-0.005337903 0.047453847 -0.998859107 -3.910409451 -0.025416400 0.998544157 0.047574718 0.140562400 0.999662697 0.025641350 -0.004124026 0.605305791
-0.004552909 0.047687896 -0.998851836 -3.956364155 -0.024467694 0.998557925 0.047785383 0.142819509 0.999690235 0.024657167 -0.003379530 0.601915538
-0.007918330 0.050674614 -0.998683751 -3.991262436 -0.023974566 0.998418450 0.050851241 0.142553061 0.999681175 0.024345670 -0.006690904 0.608417690
-0.004552376 0.052114248 -0.998630762 -4.043914318 -0.023158580 0.998367786 0.052206103 0.145543277 0.999721467 0.023364536 -0.003338053 0.601326406
-0.005606799 0.050406795 -0.998712957 -4.088013172 -0.026976073 0.998357654 0.050540302 0.147430643 0.999620378 0.027224723 -0.004237812 0.600962043
-0.005771121 0.052305631 -0.998614371 -4.131622791 -0.030607078 0.998154104 0.052458379 0.148523510 0.999514818 0.030867418 -0.004159546 0.600295067
-0.008916390 0.052323930 -0.998590350 -4.169872284 -0.033241328 0.998062611 0.052593090 0.148581505 0.999407709 0.033663414 -0.007159797 0.605489492
-0.009440140 0.048602983 -0.998773575 -4.214684486 -0.034311805 0.998214126 0.048900064 0.150204852 0.999366581 0.034731355 -0.007755625 0.605034530
-0.009862619 0.044198472 -0.998974085 -4.259696484 -0.033744343 0.998438954 0.044507943 0.151991650 0.999381840 0.034148689 -0.008355774 0.604050636
-0.010693028 0.044451918 -0.998954296 -4.304617405 -0.031559698 0.998498678 0.044769466 0.152848214 0.999444664 0.032005418 -0.009274084 0.603400588
-0.012217039 0.043193936 -0.998992026 -4.337310791 -0.026882684 0.998691261 0.043509685 0.153491080 0.999563932 0.027387146 -0.011039879 0.605248392
-0.012210893 0.045500413 -0.998889804 -4.383248806 -0.026309676 0.998603761 0.045809012 0.154549941 0.999579191 0.026839836 -0.010996743 0.603746474
-0.011342975 0.048563126 -0.998755634 -4.446128368 -0.025019648 0.998493493 0.048834518 0.157592416 0.999622583 0.025542444 -0.010110855 0.600176156
-0.012147591 0.048865471 -0.998731494 -4.493792534 -0.023772025 0.998508751 0.049143720 0.159254745 0.999643564 0.024338849 -0.010967845 0.599833071
-0.013455368 0.045022156 -0.998895347 -4.539311409 -0.023209048 0.998702526 0.045326103 0.159735054 0.999640107 0.023793286 -0.012392989 0.600978315
-0.015542776 0.040804405 -0.999046326 -4.585688114 -0.023049053 0.998886764 0.041156482 0.161439672 0.999613523 0.023666756 -0.014584973 0.600902975
-0.015755268 0.040286433 -0.999063909 -4.622118473 -0.022636551 0.998917520 0.040637501 0.161868185 0.999619603 0.023255613 -0.014826267 0.599619150
-0.016065460 0.040866420 -0.999035358 -4.670090675 -0.024637666 0.998844802 0.041254818 0.163844645 0.999567330 0.025276676 -0.015040050 0.598163962
-0.016876204 0.047208346 -0.998742521 -4.734064102 -0.029143903 0.998437047 0.047686372 0.162976742 0.999432743 0.029912017 -0.015473992 0.596543431
-0.016918037 0.050514266 -0.998580039 -4.782775879 -0.034514923 0.998098254 0.051074639 0.164429039 0.999260902 0.035329990 -0.015142364 0.594828010
-0.017367329 0.050370626 -0.998579681 -4.829918385 -0.042000245 0.997811854 0.051062379 0.166424900 0.998966634 0.042827401 -0.015213751 0.593666553
-0.016919194 0.048347369 -0.998687267 -4.878365040 -0.045066345 0.997778177 0.049066853 0.168066353 0.998840809 0.045837354 -0.014702765 0.592171848
-0.015652908 0.046337511 -0.998803198 -4.925049305 -0.048074182 0.997735441 0.047041383 0.170754075 0.998721123 0.048752982 -0.013389822 0.587510169
-0.016132427 0.045968428 -0.998812616 -4.973145008 -0.048109662 0.997749925 0.046696577 0.172079057 0.998711765 0.048805874 -0.013884603 0.586261272
-0.018037470 0.045083839 -0.998820364 -5.022354126 -0.045469202 0.997912347 0.045863971 0.173340321 0.998802900 0.046242837 -0.015949888 0.588189542
-0.018602580 0.046155788 -0.998761058 -5.070398331 -0.045559283 0.997857213 0.046962582 0.174500212 0.998788476 0.046376467 -0.016459890 0.587188303
-0.018683890 0.056823008 -0.998209417 -5.109368801 -0.041774575 0.997467518 0.057562687 0.165835679 0.998952329 0.042775277 -0.016262816 0.584255457
-0.019059831 0.061465554 -0.997927189 -5.157684326 -0.040711179 0.997233033 0.062200364 0.167253986 0.998989046 0.041812319 -0.016504761 0.582894802
-0.019107716 0.059687164 -0.998034239 -5.205774307 -0.041255996 0.997319221 0.060434271 0.169797823 0.998965859 0.042329654 -0.016594036 0.581946433
-0.017350851 0.057687011 -0.998184025 -5.252363682 -0.040835176 0.997460365 0.058355007 0.172887027 0.999015212 0.041773528 -0.014951129 0.578620136
-0.016563708 0.057480235 -0.998209178 -5.300130844 -0.039909456 0.997512519 0.058102354 0.174610585 0.999065995 0.040800378 -0.014228504 0.577830732
-0.015725873 0.056759313 -0.998264015 -5.347356796 -0.040174685 0.997545540 0.057351325 0.176537573 0.999068916 0.041006841 -0.013406986 0.576889277
-0.014342073 0.058762252 -0.998168945 -5.395659447 -0.040361580 0.997424066 0.059298322 0.178553581 0.999082208 0.041138142 -0.011933393 0.575557590
-0.013544059 0.062240459 -0.997969270 -5.443345070 -0.041332308 0.997172892 0.062751748 0.180850476 0.999053657 0.042098291 -0.010933231 0.574789584
-0.012088510 0.063414797 -0.997913957 -5.490712643 -0.042798065 0.997039557 0.063877672 0.182965025 0.999010623 0.043480977 -0.009338694 0.573822856
-0.009679615 0.064439520 -0.997874677 -5.539317131 -0.042808279 0.996979833 0.064796969 0.178591609 0.999036431 0.043344509 -0.006891835 0.570527613
-0.009982163 0.061356429 -0.998066068 -5.586950779 -0.041560732 0.997227788 0.061720569 0.180951208 0.999086082 0.042096466 -0.007404475 0.570422232
-0.009473680 0.059560042 -0.998179734 -5.633978844 -0.038793366 0.997451186 0.059884749 0.182977229 0.999202371 0.039290093 -0.007139000 0.569586933
-0.009154619 0.059097782 -0.998210251 -5.681940079 -0.037045293 0.997546673 0.059398241 0.184884906 0.999271750 0.037522759 -0.006942865 0.569004536
-0.008157698 0.060608290 -0.998128295 -5.725345612 -0.034682114 0.997543812 0.060856257 0.185606852 0.999365091 0.035113644 -0.006035639 0.565226972
-0.008705610 0.058366768 -0.998257220 -5.772450924 -0.032852624 0.997739434 0.058622997 0.188515902 0.999422252 0.033305712 -0.006768428 0.565329969
-0.009873140 0.064000994 -0.997900963 -5.809134960 -0.031630050 0.997430265 0.064283744 0.181570023 0.999450803 0.032198347 -0.007823413 0.567286313
-0.010008824 0.066790164 -0.997716725 -5.856077194 -0.029501127 0.997312784 0.067059070 0.183921903 0.999514580 0.030104956 -0.008011540 0.566612601
-0.011205968 0.066319562 -0.997735620 -5.908221245 -0.027741924 0.997393429 0.066608414 0.189213201 0.999552310 0.028425515 -0.009336928 0.568377018
-0.011019967 0.065065674 -0.997820079 -5.954939842 -0.025936134 0.997526407 0.065332964 0.191529334 0.999602914 0.026599567 -0.009305155 0.567529380
-0.012540172 0.062421102 -0.997971237 -6.005069256 -0.027646828 0.997646391 0.062748201 0.198863715 0.999539077 0.028377611 -0.010784913 0.567999005
-0.012235995 0.067292713 -0.997658312 -6.052627563 -0.028057432 0.997316957 0.067613818 0.201155826 0.999531448 0.028819054 -0.010315106 0.567528248
-0.011755315 0.073566750 -0.997220993 -6.099058151 -0.033498224 0.996701181 0.073923282 0.203784198 0.999369621 0.034274131 -0.009252182 0.565996647
-0.010090141 0.073231444 -0.997263968 -6.145585537 -0.038285330 0.996555209 0.073566765 0.206835002 0.999215901 0.038922872 -0.007251692 0.564843357
-0.012530816 0.066154495 -0.997730732 -6.192882538 -0.047839437 0.996626735 0.066682115 0.214564845 0.998776436 0.048566461 -0.009323752 0.570605636
-0.010650301 0.060958426 -0.998083532 -6.239362240 -0.049260911 0.996896207 0.061411560 0.216388032 0.998729169 0.049820550 -0.007614376 0.569811761
-0.008656749 0.059807807 -0.998172522 -6.289061069 -0.049344964 0.996968091 0.060163610 0.218090028 0.998744309 0.049775593 -0.005679288 0.566364646
-0.007614495 0.057126638 -0.998337924 -6.335431099 -0.044570949 0.997355282 0.057410367 0.219755381 0.998977244 0.044934016 -0.005048166 0.566266239
-0.008634765 0.051398799 -0.998640895 -6.376802921 -0.043490250 0.997713804 0.051727120 0.222402453 0.999016523 0.043877788 -0.006379678 0.567862213
-0.008709233 0.048141353 -0.998802602 -6.421040058 -0.037583195 0.998118937 0.048436116 0.223965004 0.999255478 0.037960030 -0.006883545 0.566883445
-0.009778830 0.051253151 -0.998637795 -6.469018936 -0.034855962 0.998061121 0.051564861 0.225580305 0.999344528 0.035312723 -0.007973393 0.567134976
-0.008634893 0.057987846 -0.998279989 -6.515825272 -0.035623640 0.997665644 0.058260296 0.227204204 0.999327958 0.036065437 -0.006548999 0.566091597
-0.004428091 0.055364374 -0.998456419 -6.558236599 -0.039125357 0.997691989 0.055495508 0.238215148 0.999224484 0.039310701 -0.002251721 0.559815466
-0.002254881 0.052058436 -0.998641551 -6.604314804 -0.040797777 0.997807682 0.052107096 0.240070537 0.999164879 0.040859852 -0.000126069 0.559162617
-0.002128932 0.053542379 -0.998563290 -6.650660992 -0.042183980 0.997671902 0.053584509 0.239588842 0.999107718 0.042237442 0.000134656 0.559837341
-0.000984210 0.054732453 -0.998500466 -6.696862221 -0.040279157 0.997688591 0.054727644 0.241207570 0.999187946 0.040272627 0.001222642 0.559482276
-0.000365606 0.051377837 -0.998679161 -6.742017269 -0.040595409 0.997855306 0.051350307 0.244932517 0.999175608 0.040560566 0.001720882 0.558632135
0.001398921 0.049296495 -0.998783171 -6.786941051 -0.041966259 0.997907221 0.049194477 0.246991411 0.999118090 0.041846380 0.003464783 0.558373690
0.003509545 0.051700559 -0.998656392 -6.830473900 -0.042505652 0.997767746 0.051505201 0.247777998 0.999090075 0.042267784 0.005699278 0.557824016
0.004779601 0.053589225 -0.998551607 -6.872891426 -0.042706829 0.997662961 0.053337112 0.249010742 0.999076247 0.042390041 0.007057055 0.557757914
0.005262061 0.053245150 -0.998567700 -6.902205467 -0.044055197 0.997624218 0.052962717 0.252372235 0.999015331 0.043713395 0.007595287 0.557570696
0.005282120 0.054472841 -0.998501241 -6.942392349 -0.043978851 0.997561753 0.054188948 0.253258377 0.999018490 0.043626700 0.007664894 0.557819605
0.005225827 0.056140576 -0.998409212 -6.986566544 -0.042169794 0.997547030 0.055871356 0.253753334 0.999096811 0.041810744 0.007580445 0.558406055
0.005479978 0.055016220 -0.998470426 -7.024817944 -0.042119741 0.997611940 0.054737743 0.255124748 0.999097586 0.041755360 0.007784162 0.558326304
0.007276751 0.055482589 -0.998433053 -7.062440395 -0.043529209 0.997530699 0.055115189 0.255814552 0.999025643 0.043059953 0.009673895 0.558150291
0.008158128 0.056364287 -0.998376966 -7.098588943 -0.044186175 0.997455299 0.055951197 0.256979078 0.998989999 0.043657999 0.010627890 0.559099019
0.008193148 0.054505713 -0.998479784 -7.134015083 -0.043303151 0.997596025 0.054102141 0.258322537 0.999028385 0.042794060 0.010533720 0.558317482
-0.005152745 0.042995326 -0.999062002 -7.149568558 -0.043461442 0.998121560 0.043179013 0.267998666 0.999041796 0.043643165 -0.003274427 0.571205437
-0.010385171 0.039605759 -0.999161482 -7.183487415 -0.043424170 0.998254836 0.040021174 0.268566370 0.999002755 0.043803383 -0.008647200 0.570759654
-0.014844882 0.037235685 -0.999196231 -7.217537880 -0.043994017 0.998314261 0.037856434 0.268563271 0.998921454 0.044520631 -0.013181711 0.569477797
-0.009208496 0.043929823 -0.998992145 -7.277523041 -0.044150077 0.998042464 0.044295028 0.262355089 0.998982489 0.044513471 -0.007250965 0.557747841
-0.011837880 0.044595625 -0.998934984 -7.311846733 -0.046111874 0.997917831 0.045096669 0.263361096 0.998866200 0.046596624 -0.009756843 0.556964874
-0.024235083 0.037855722 -0.998989284 -7.330055714 -0.047655951 0.998103023 0.038978241 0.271873891 0.998569787 0.048552431 -0.022385061 0.567174017
-0.025187241 0.039071258 -0.998918891 -7.365188599 -0.045110215 0.998173654 0.040179532 0.272870511 0.998664439 0.046073459 -0.023378728 0.565888166
-0.026752898 0.040414769 -0.998824775 -7.399670124 -0.042925321 0.998214304 0.041539796 0.273027867 0.998719990 0.043986179 -0.024970310 0.565044463
-0.016455380 0.066467106 -0.997652888 -7.441510677 -0.021817377 0.997526586 0.066818543 0.250285774 0.999626517 0.022865701 -0.014964537 0.551319301
-0.017326090 0.065519154 -0.997700870 -7.475239277 -0.023899926 0.997538388 0.065923527 0.251893818 0.999564171 0.024987180 -0.015717538 0.550581217
-0.021708969 0.056497328 -0.998166680 -7.511569023 -0.032559823 0.997832358 0.057186548 0.260350347 0.999233961 0.033741586 -0.019822370 0.553551078
-0.020372776 0.054722436 -0.998293698 -7.546037197 -0.035203561 0.997842550 0.055416115 0.261688411 0.999172509 0.036272474 -0.018402394 0.552169502
-0.004551386 0.064647160 -0.997897804 -7.582643032 -0.032503072 0.997371316 0.064761296 0.253719926 0.999461293 0.032729506 -0.002438193 0.538618922
-0.003142150 0.063042291 -0.998005986 -7.617280006 -0.031731356 0.997502089 0.063110359 0.254946887 0.999491453 0.031866390 -0.001133883 0.537917733
0.020990329 0.053387247 -0.998353243 -7.639267445 -0.041409053 0.997762740 0.052485056 0.264480621 0.998921752 0.040239189 0.023154086 0.518655002
0.021472842 0.056388650 -0.998177946 -7.675033569 -0.038773663 0.997703910 0.055527784 0.265644312 0.999017179 0.037510674 0.023609936 0.519442916
0.021716157 0.057781480 -0.998093009 -7.712800980 -0.038190775 0.997647762 0.056924760 0.267074049 0.999034464 0.036881760 0.023871794 0.520042896
0.022391701 0.054157924 -0.998281240 -7.749074936 -0.033368990 0.998015761 0.053395048 0.268350899 0.999192119 0.032116033 0.024154466 0.521020114
0.022319946 0.050565399 -0.998471320 -7.786528587 -0.031561993 0.998257935 0.049849059 0.270073086 0.999252558 0.030401124 0.023877008 0.521937370
0.022534600 0.050821297 -0.998453617 -7.823513031 -0.036286399 0.998090625 0.049983867 0.271842003 0.999087334 0.035103925 0.024335695 0.522653103
0.025022209 0.055272736 -0.998157740 -7.862194538 -0.037335992 0.997825384 0.054318372 0.273105443 0.998989463 0.035908040 0.027031453 0.522616386
0.026807260 0.055049602 -0.998123765 -7.899521828 -0.035314493 0.997911334 0.054089431 0.274337500 0.999016643 0.033798233 0.028695317 0.523422599
0.028222956 0.059801482 -0.997811258 -7.946449757 -0.037533659 0.997568309 0.058725297 0.274228692 0.998896718 0.035794105 0.030398898 0.525514126
0.029936451 0.065127432 -0.997427821 -7.984622002 -0.039303541 0.997179985 0.063931614 0.275830686 0.998778760 0.037288561 0.032411769 0.526378632
0.014089434 0.079076916 -0.996768892 -8.049813271 -0.043397110 0.995976925 0.078400657 0.271794707 0.998958528 0.042152271 0.017464461 0.541194499
0.015278578 0.079175353 -0.996743619 -8.088540077 -0.042564157 0.996007919 0.078464448 0.274563819 0.998976827 0.041226733 0.018587615 0.541884542
0.018122097 0.080472626 -0.996592045 -8.123994827 -0.046015989 0.995766699 0.079569213 0.276776195 0.998776317 0.044417206 0.021748409 0.541934550
0.020028077 0.075676516 -0.996931195 -8.152438164 -0.049093053 0.996002913 0.074619770 0.284765750 0.998593330 0.047447905 0.023663208 0.542288601
0.025634231 0.075530991 -0.996813893 -8.192591667 -0.050606932 0.995961070 0.074164964 0.287442595 0.998389602 0.048544530 0.029353099 0.541981578
0.027004046 0.071471229 -0.997076988 -8.225130081 -0.050239455 0.996277273 0.070053257 0.290790170 0.998372018 0.048200887 0.030494196 0.543091655
0.027939543 0.067746617 -0.997311294 -8.264718056 -0.049185786 0.996585310 0.066319384 0.293152332 0.998398721 0.047200598 0.031176317 0.545054793
0.031579137 0.067840800 -0.997196198 -8.302078247 -0.049774256 0.996562660 0.066221446 0.294947654 0.998261154 0.047543488 0.034847315 0.545057416
0.032853570 0.069020011 -0.997074187 -8.342206955 -0.049874529 0.996483028 0.067335732 0.297492743 0.998215020 0.047516372 0.036180377 0.546501219
0.034524083 0.072889030 -0.996742308 -8.379921913 -0.051776879 0.996127963 0.071050711 0.299480438 0.998061717 0.049155246 0.038164370 0.547428370
0.035130266 0.073943056 -0.996643484 -8.421339989 -0.052783631 0.996004462 0.072035082 0.301364481 0.997987866 0.050075848 0.038892880 0.549031675
0.036880057 0.071851104 -0.996733308 -8.462045670 -0.051526941 0.996221781 0.069907680 0.303495318 0.997990370 0.048780415 0.040442981 0.550217867
