0.999758959 -0.007364139 0.020680025 0.001386016 0.007370019 0.999972820 -0.000208092 -0.000557290 -0.020677933 0.000360454 0.999786079 0.045314014
0.999789178 -0.008850394 0.018524271 0.001769511 0.008882219 0.999959230 -0.001636495 -0.000731630 -0.018509030 0.001800686 0.999827087 0.060443100
0.999862492 -0.011585484 0.011852738 0.001920653 0.011625007 0.999927223 -0.003271190 -0.000722495 -0.011813977 0.003408530 0.999924362 0.077223361
0.999916017 -0.012922738 -0.000938772 0.001795096 0.012918183 0.999905407 -0.004706676 -0.001261020 0.000999506 0.004694153 0.999988496 0.095172904
0.999778986 -0.012624888 -0.016810272 0.002657086 0.012539558 0.999908030 -0.005171922 -0.001341915 0.016874017 0.004959985 0.999845266 0.104968481
0.999311745 -0.008126378 -0.036193870 0.001019600 0.007954896 0.999956429 -0.004879354 -0.001787886 0.036231939 0.004588077 0.999332845 0.122569993
0.998421907 -0.004566078 -0.055972904 -0.000980305 0.004228922 0.999972165 -0.006140540 -0.002088466 0.055999398 0.005894145 0.998413444 0.140264422
0.997075319 -0.004250773 -0.076306842 -0.003635369 0.003762491 0.999971509 -0.006541542 -0.002323897 0.076332465 0.006235306 0.997062862 0.161588058
0.995221853 -0.005856152 -0.097463459 -0.005917369 0.005302718 0.999968290 -0.005936416 -0.002553736 0.097495154 0.005391230 0.995221376 0.180474222
0.993110836 -0.007246942 -0.116953962 -0.009064401 0.006673964 0.999963880 -0.005290058 -0.002689529 0.116988033 0.004473067 0.993123233 0.200181574
0.990897536 -0.006320180 -0.134469360 -0.010207562 0.005815417 0.999974608 -0.004146183 -0.002967464 0.134492114 0.003326448 0.990909100 0.215978220
0.988620698 -0.005145818 -0.150341764 -0.013771005 0.004659369 0.999982715 -0.003587705 -0.003220362 0.150357649 0.002846382 0.988627613 0.237032324
0.986578465 -0.004187949 -0.163233966 -0.018506845 0.003638473 0.999986649 -0.003665008 -0.003609539 0.163247153 0.003021896 0.986580551 0.257872105
0.984501958 -0.005860745 -0.175275385 -0.022933559 0.005227505 0.999978065 -0.004074312 -0.004127419 0.175295398 0.003094916 0.984511018 0.280130178
0.982695222 -0.009527507 -0.184984803 -0.032407355 0.008469531 0.999942958 -0.006508624 -0.006111119 0.185036272 0.004829259 0.982719779 0.314662874
0.981244743 -0.008472377 -0.192579657 -0.037427872 0.006959860 0.999939442 -0.008529134 -0.006384966 0.192640245 0.007028840 0.981244326 0.338087499
0.979641259 -0.007995928 -0.200596407 -0.037529614 0.005958356 0.999924362 -0.010759268 -0.004801708 0.200667247 0.009344999 0.979614913 0.350235939
0.977973580 -0.008751954 -0.208544955 -0.043158490 0.005991506 0.999885857 -0.013864733 -0.005129126 0.208642527 0.012309846 0.977914512 0.374950558
0.976189852 -0.013030471 -0.216526076 -0.053461947 0.010114849 0.999842823 -0.014568257 -0.007677183 0.216681853 0.012031257 0.976168096 0.412022203
0.974267185 -0.019522995 -0.224548906 -0.058550298 0.016367678 0.999739468 -0.015904870 -0.008376552 0.224800885 0.011820246 0.974333167 0.437582314
0.972113132 -0.020127404 -0.233647123 -0.064729974 0.016279807 0.999698400 -0.018384643 -0.008930263 0.233946696 0.014068223 0.972147644 0.464188635
0.970277607 -0.015875349 -0.241473883 -0.075588398 0.010756606 0.999688923 -0.022501482 -0.010839965 0.241755992 0.019235244 0.970146537 0.498288363
0.968169630 -0.012798110 -0.249967769 -0.083593801 0.006727012 0.999661624 -0.025126819 -0.011965903 0.250204742 0.022645485 0.967928112 0.525970817
0.965789378 -0.015770065 -0.258847803 -0.090884246 0.009063560 0.999592125 -0.027082101 -0.012734355 0.259169310 0.023809526 0.965538383 0.554051697
0.963494241 -0.018361880 -0.267098963 -0.098804757 0.011000232 0.999517918 -0.029031828 -0.013787835 0.267503262 0.025033850 0.963231623 0.582312167
0.961254001 -0.017931480 -0.275080472 -0.105478115 0.009579618 0.999452412 -0.031675141 -0.015110144 0.275497735 0.027812695 0.960899293 0.608648717
0.958983660 -0.016632155 -0.282973260 -0.115171567 0.007018975 0.999364316 -0.034952063 -0.016663017 0.283374727 0.031532276 0.958490729 0.638839304
0.956590712 -0.018378241 -0.290854663 -0.124222465 0.006939795 0.999163270 -0.040309872 -0.017891534 0.291352093 0.036541574 0.955917716 0.668963075
0.954953551 -0.019909769 -0.296086848 -0.134399772 0.005954003 0.998831451 -0.047961287 -0.019595504 0.296695769 0.044037897 0.953956127 0.699334085
0.953598320 -0.019598197 -0.300443560 -0.135964438 0.002907209 0.998432219 -0.055901222 -0.020365516 0.301068097 0.052433860 0.952159941 0.717432737
0.952324331 -0.018934499 -0.304499358 -0.146333128 -0.000949255 0.997883558 -0.065019585 -0.022314822 0.305085957 0.062208783 0.950290680 0.749379635
0.951104760 -0.018588347 -0.308308601 -0.157716066 -0.004341691 0.997284174 -0.073521346 -0.024898861 0.308838010 0.071265087 0.948441029 0.781776488
0.949842989 -0.017993148 -0.312209249 -0.169753432 -0.007572604 0.996727288 -0.080481425 -0.027533185 0.312635630 0.078808956 0.946598172 0.814886689
0.948160768 -0.016293455 -0.317373127 -0.181077451 -0.011955500 0.996148944 -0.086858116 -0.030688103 0.317566186 0.086149827 0.944314539 0.848341167
0.946680665 -0.015212185 -0.321814239 -0.193275541 -0.015479122 0.995583475 -0.092596211 -0.033936150 0.321801543 0.092640422 0.942264080 0.881845474
0.944810510 -0.014074074 -0.327314705 -0.213632822 -0.019095326 0.995012641 -0.097903773 -0.038545229 0.327060223 0.098750681 0.939829648 0.928824902
0.943222761 -0.012191114 -0.331936806 -0.226976618 -0.022567617 0.994665027 -0.100658804 -0.042211276 0.331393093 0.102434695 0.937915564 0.962603569
0.941529989 -0.009534917 -0.336794108 -0.233125031 -0.026655415 0.994358480 -0.102668077 -0.045165427 0.335872978 0.105642460 0.935964167 0.988305807
0.939514518 -0.009623361 -0.342373908 -0.247374713 -0.026860263 0.994456470 -0.101659685 -0.049021427 0.341454208 0.104706995 0.934047937 1.023337722
0.936926305 -0.009996410 -0.349383950 -0.262892485 -0.026550243 0.994667530 -0.099657476 -0.053701460 0.348517120 0.102647953 0.931664765 1.064259291
0.934488356 -0.009451916 -0.355868101 -0.277751446 -0.027281851 0.994806170 -0.098062746 -0.058080167 0.354946673 0.101347223 0.929377019 1.100850940
0.931184828 -0.007935560 -0.364460945 -0.286723614 -0.028773390 0.995044112 -0.095180504 -0.061336175 0.363410026 0.099117421 0.926341653 1.133038998
0.928144574 -0.005071851 -0.372185081 -0.303155124 -0.030677337 0.995463014 -0.090067677 -0.065019846 0.370953381 0.095013469 0.923778176 1.169891238
0.924501121 -0.003061688 -0.381167024 -0.321952045 -0.031493925 0.995935261 -0.084386677 -0.069151148 0.379876077 0.090020008 0.920646846 1.209758759
0.921016693 0.000408056 -0.389522642 -0.338906884 -0.034513995 0.996151686 -0.080563955 -0.072834767 0.387990713 0.087644748 0.917486608 1.247654557
0.917004108 0.001599695 -0.398874521 -0.352830142 -0.035850134 0.996275306 -0.078423142 -0.076581843 0.397263348 0.086214028 0.913645983 1.284504533
0.913220644 0.001840776 -0.407461077 -0.370832235 -0.036795624 0.996276736 -0.077967212 -0.080022924 0.405800432 0.086194053 0.909888148 1.321437120
0.909227967 0.001839910 -0.416294485 -0.389320195 -0.037103076 0.996368766 -0.076633073 -0.083458424 0.414641827 0.085122742 0.905994654 1.361818433
0.905326486 0.002283735 -0.424710363 -0.408098042 -0.037760440 0.996458292 -0.075133294 -0.086508833 0.423034549 0.084057406 0.902206302 1.401289582
0.901562095 0.001333886 -0.432647645 -0.422372639 -0.036276307 0.996707082 -0.072520547 -0.089728288 0.431126267 0.081076637 0.898641646 1.433338642
0.897851229 0.001456548 -0.440296620 -0.442676008 -0.035112854 0.997046530 -0.068303674 -0.093279779 0.438896686 0.076786593 0.895250618 1.472502708
0.894016623 0.004036492 -0.448015541 -0.463194579 -0.035901554 0.997389257 -0.062655464 -0.096443698 0.446593046 0.072099485 0.891827524 1.513264298
0.889860272 0.003535516 -0.456219256 -0.483037710 -0.033709183 0.997746229 -0.058017958 -0.099949315 0.454985946 0.067006670 0.887973964 1.553882718
0.886544466 0.003996585 -0.462626159 -0.505981088 -0.034133580 0.997802436 -0.056791279 -0.102876216 0.461382538 0.066139080 0.884732604 1.595440865
0.883250415 0.002330606 -0.468895733 -0.528162599 -0.032252207 0.997921288 -0.055792816 -0.105499268 0.467790991 0.064401947 0.881489635 1.637176275
0.880085826 0.004198791 -0.474796176 -0.550558805 -0.033617668 0.998002470 -0.053488284 -0.108496435 0.473623157 0.063035823 0.878468931 1.678236246
0.876295269 0.001564418 -0.481771886 -0.579981923 -0.030805018 0.998130381 -0.052790131 -0.111261651 0.480788529 0.061100725 0.874705136 1.734539390
0.873614132 0.000091354 -0.486619294 -0.604068875 -0.029306360 0.998194754 -0.052425493 -0.114671364 0.485736072 0.060060691 0.872039557 1.777824044
0.871456563 -0.002157880 -0.490467966 -0.625641108 -0.027351545 0.998220384 -0.052989636 -0.116714172 0.489709526 0.059593230 0.869846702 1.816877842
0.870079041 -0.001137326 -0.492910922 -0.650465608 -0.028849635 0.998165488 -0.053228080 -0.119746983 0.492067248 0.060532942 0.868450165 1.859708786
0.869805813 0.000009794 -0.493394166 -0.668009520 -0.029914575 0.998161376 -0.052716650 -0.121269405 0.492486477 0.060612936 0.868206859 1.895648956
0.869857967 0.000260782 -0.493302226 -0.693910718 -0.029234294 0.998269558 -0.051022179 -0.124343544 0.492435277 0.058803394 0.868360341 1.939176202
0.869661748 -0.001564034 -0.493645519 -0.719298184 -0.027106453 0.998334944 -0.050916843 -0.126959980 0.492903262 0.057661414 0.868171334 1.983032227
0.868670642 -0.002478151 -0.495383888 -0.746744573 -0.026290365 0.998347640 -0.051095165 -0.130468935 0.494691998 0.057408687 0.867170155 2.032309532
0.867631078 -0.004549194 -0.497187704 -0.773094475 -0.024162183 0.998390913 -0.051300015 -0.133710980 0.496621132 0.056522623 0.866125107 2.077782393
0.866271317 -0.005249077 -0.499546230 -0.801476419 -0.022805652 0.998486817 -0.050039440 -0.135892659 0.499053001 0.054740213 0.864840746 2.124489069
0.864161015 -0.004640518 -0.503193915 -0.828305364 -0.021239815 0.998729944 -0.045686655 -0.139422774 0.502766788 0.050168373 0.862965047 2.169210434
0.861874461 -0.002751124 -0.507114112 -0.855060101 -0.021826258 0.998857439 -0.042514052 -0.141707703 0.506651580 0.047710169 0.860829711 2.212777615
0.857657969 -0.004177734 -0.514203548 -0.882043719 -0.019374747 0.998994350 -0.040432323 -0.144648820 0.513855338 0.044639658 0.856714666 2.258355618
0.852767289 -0.006045497 -0.522256017 -0.911474407 -0.019034110 0.998909056 -0.042643007 -0.147910312 0.521944106 0.046305247 0.851721764 2.305362225
0.846852124 -0.009392638 -0.531745493 -0.940441847 -0.017817259 0.998781681 -0.046017844 -0.150869131 0.531529903 0.048444554 0.845653057 2.349991322
0.840850353 -0.009017514 -0.541192591 -0.964383364 -0.018591531 0.998790085 -0.045527786 -0.152854323 0.540948272 0.048343655 0.839665294 2.390712500
0.835569620 -0.003873336 -0.549371123 -0.995798230 -0.021869162 0.998948038 -0.040305112 -0.155946419 0.548949361 0.045692012 0.834605694 2.435659885
0.829942107 -0.000898714 -0.557848692 -1.026408672 -0.022885200 0.999101937 -0.035657167 -0.158802688 0.557379723 0.042359862 0.829176366 2.482320547
0.825841248 -0.001866791 -0.563899577 -1.056914687 -0.023316532 0.999026179 -0.037454773 -0.161268950 0.563420355 0.044079881 0.824993610 2.526592255
0.823775887 0.004485219 -0.566897869 -1.098259091 -0.038237546 0.998131156 -0.047667015 -0.156822115 0.565624654 0.060943723 0.822407842 2.577195644
0.821182847 0.003412149 -0.570654988 -1.129557610 -0.042002339 0.997631252 -0.054476935 -0.160006106 0.569117367 0.068704374 0.819380999 2.620245457
0.818820655 0.014419069 -0.573868155 -1.174615502 -0.066854350 0.995277107 -0.070383355 -0.145009294 0.570142984 0.095996931 0.815917611 2.680452585
0.815611303 0.015438968 -0.578394115 -1.206107497 -0.065635540 0.995660067 -0.065977730 -0.149133816 0.574865222 0.091775395 0.813085020 2.723982573
0.812496006 0.012816668 -0.582825840 -1.242861509 -0.053635284 0.997161388 -0.052842829 -0.166937083 0.580494165 0.074194618 0.810877085 2.770226002
0.809350848 0.015189194 -0.587128997 -1.274618506 -0.054745305 0.997264266 -0.049666297 -0.170407623 0.584768414 0.072340012 0.807968318 2.813160181
0.806343913 0.015293982 -0.591249168 -1.307578325 -0.055835590 0.997169375 -0.050354403 -0.173229620 0.588805437 0.073615707 0.804915428 2.857966423
0.802900195 0.014240401 -0.595943332 -1.340356469 -0.056310259 0.997056127 -0.052040253 -0.176344067 0.593447804 0.075340852 0.801338494 2.900702000
0.797809660 0.008271719 -0.602852643 -1.364376068 -0.049132369 0.997472167 -0.051335037 -0.182780117 0.600904167 0.070575170 0.796199262 2.941115856
0.793661952 0.006690116 -0.608322263 -1.397443891 -0.047671534 0.997548640 -0.051225081 -0.186681107 0.606488407 0.069655053 0.792035222 2.982950926
0.789143264 0.006337934 -0.614176333 -1.431341052 -0.047066655 0.997630537 -0.050180078 -0.189710364 0.612403154 0.068506494 0.787571847 3.026915312
0.784467340 0.007265919 -0.620127439 -1.465777636 -0.048122693 0.997629583 -0.049186654 -0.193157658 0.618300021 0.068427533 0.782957673 3.068970442
0.778922081 0.005129868 -0.627099752 -1.500345945 -0.047152393 0.997615039 -0.050407305 -0.195969403 0.625345528 0.068832614 0.777306259 3.112228870
0.773660541 0.003448188 -0.633590877 -1.535772204 -0.046277300 0.997621894 -0.051078588 -0.199069649 0.631908119 0.068838365 0.771980226 3.155283689
0.767776132 0.001845662 -0.640715599 -1.569932938 -0.044882897 0.997694135 -0.050909657 -0.203214511 0.639144242 0.067844383 0.766088605 3.196571827
0.762690365 0.000413599 -0.646763742 -1.607337952 -0.044978555 0.997612536 -0.052402589 -0.206640795 0.645197928 0.069057450 0.760888100 3.238688707
0.756180882 -0.001849773 -0.654360175 -1.643008471 -0.043027006 0.997691333 -0.052542474 -0.210447118 0.652946532 0.067886770 0.754355371 3.280768871
0.749859512 -0.001832771 -0.661594629 -1.679263830 -0.043496590 0.997696102 -0.052063420 -0.214209750 0.660165787 0.067817360 0.748052061 3.321969986
0.743595362 -0.002907728 -0.668623626 -1.716702342 -0.041128371 0.997897983 -0.050079718 -0.217606008 0.667363822 0.064738438 0.741912723 3.363741398
0.736977458 -0.002839529 -0.675911427 -1.752339005 -0.040545788 0.998004735 -0.048401605 -0.221781105 0.674700141 0.063076250 0.735391796 3.403547525
0.726680160 -0.014661382 -0.686819434 -1.776547909 -0.013667510 0.999265790 -0.035791829 -0.245304227 0.686839938 0.035396326 0.725946248 3.449934483
0.719445825 -0.016067125 -0.694362760 -1.814578056 -0.013312768 0.999229670 -0.036915235 -0.248074442 0.694420993 0.035802402 0.718677700 3.490458965
0.713816762 -0.015484747 -0.700161397 -1.854083538 -0.014707014 0.999203563 -0.037092209 -0.250391483 0.700178146 0.036774319 0.713020504 3.528805256
0.708169341 -0.014933844 -0.705884635 -1.897160172 -0.015416755 0.999210775 -0.036606178 -0.253216952 0.705874264 0.036805820 0.707380235 3.573025703
0.703309178 -0.014778956 -0.710730374 -1.937888741 -0.015595400 0.999222457 -0.036210433 -0.256092489 0.710712910 0.036551256 0.702531993 3.612001896
0.701710641 -0.014666812 -0.712310970 -1.986910939 -0.027456038 0.998488724 -0.047606796 -0.237673908 0.711932838 0.052963432 0.700247586 3.644274235
0.696745038 -0.016767196 -0.717122972 -2.028116465 -0.028631685 0.998279989 -0.051159069 -0.240467191 0.716747284 0.056177258 0.695066571 3.683514833
0.691945195 -0.019317014 -0.721691608 -2.070790291 -0.027223805 0.998232841 -0.052820712 -0.244886562 0.721436679 0.056196228 0.690196514 3.722908497
0.686717033 -0.020214405 -0.726643682 -2.113497734 -0.026890179 0.998222709 -0.053182084 -0.247708097 0.726427317 0.056060631 0.684952974 3.763710022
0.681657493 -0.019051323 -0.731423438 -2.156851768 -0.027694859 0.998272657 -0.051812422 -0.251386553 0.731147230 0.055574983 0.679952383 3.803556442
0.677768171 -0.019503934 -0.735016942 -2.201003551 -0.029079085 0.998154998 -0.053300586 -0.249598697 0.734700441 0.057499070 0.675950527 3.839770317
0.673191965 -0.020965049 -0.739170611 -2.246228695 -0.028317882 0.998133898 -0.054100227 -0.253259718 0.738925397 0.057351582 0.671341956 3.879326820
0.666399121 -0.021068878 -0.745297432 -2.288931370 -0.026651099 0.998288751 -0.052050486 -0.260702461 0.745118618 0.054549392 0.664697289 3.923867226
0.661765873 -0.022429354 -0.749374926 -2.332585812 -0.024967462 0.998338640 -0.051929541 -0.264097750 0.749294639 0.053075198 0.660106361 3.962784767
0.658656299 -0.022827484 -0.752097607 -2.381598473 -0.023818476 0.998406231 -0.051162638 -0.269055456 0.752066851 0.051612407 0.657062829 4.002851963
0.654210508 -0.026527688 -0.755847156 -2.426347017 -0.020014765 0.998427391 -0.052364871 -0.272882730 0.756047606 0.049385745 0.652650714 4.042498589
0.652040660 -0.029994460 -0.757590473 -2.472208977 -0.021210870 0.998104393 -0.057772581 -0.272158772 0.757887244 0.053739212 0.650168478 4.075740337
0.647847474 -0.034634575 -0.760982275 -2.517565966 -0.017163871 0.998048544 -0.060036309 -0.275371671 0.761576593 0.051955774 0.645988882 4.112661362
0.640994549 -0.037949424 -0.766606748 -2.564515114 -0.012956337 0.998099625 -0.060242426 -0.279664993 0.767436028 0.048547488 0.639284730 4.152685642
0.634542882 -0.042197227 -0.771734893 -2.612211466 -0.009117836 0.998030245 -0.062067654 -0.278992772 0.772833884 0.046421148 0.632908285 4.184762955
0.625207245 -0.043173298 -0.779263675 -2.659936905 -0.006074494 0.998169363 -0.060174856 -0.283447891 0.780435085 0.042355403 0.623800457 4.223648548
0.616976559 -0.041661821 -0.785877943 -2.707805634 -0.005834977 0.998328149 -0.057505380 -0.287640452 0.786959767 0.040065050 0.615702033 4.259415150
0.608005583 -0.041838076 -0.792829573 -2.756108999 -0.006308582 0.998324394 -0.057520088 -0.291227341 0.793907702 0.039974172 0.606722951 4.295526981
0.598753333 -0.042118311 -0.799825311 -2.806116581 -0.008062741 0.998248875 -0.058602989 -0.296237111 0.800892889 0.041537523 0.597365201 4.332551956
0.591662467 -0.046669900 -0.804833829 -2.857841969 -0.007770586 0.997946441 -0.063580364 -0.293566018 0.806148350 0.043872144 0.590084791 4.360312462
0.581802666 -0.048724201 -0.811869323 -2.908549786 -0.007834160 0.997821927 -0.065498248 -0.297475308 0.813292384 0.044467360 0.580153584 4.396419048
0.571991742 -0.049272485 -0.818778157 -2.957542896 -0.004317303 0.997999668 -0.063073710 -0.302412778 0.820248008 0.039612539 0.570634723 4.430144310
0.561931968 -0.049532056 -0.825699091 -3.009802818 -0.003412421 0.998058259 -0.062193874 -0.306811273 0.827176392 0.037766356 0.560671806 4.465016365
0.551770926 -0.049679358 -0.832514703 -3.060461044 -0.003122436 0.998094201 -0.061629608 -0.311631501 0.833989739 0.036604907 0.550564289 4.498276711
0.541624367 -0.050628047 -0.839094579 -3.113080978 -0.003862408 0.998024285 -0.062710434 -0.316130102 0.840611756 0.037206430 0.540358722 4.531413555
0.531615555 -0.055668399 -0.845154345 -3.171877384 -0.002079637 0.997748911 -0.067027584 -0.312904865 0.846983135 0.037390523 0.530303180 4.566627026
0.521600008 -0.056610432 -0.851309896 -3.224050522 -0.003488338 0.997646451 -0.068478838 -0.317373782 0.853183091 0.038688228 0.520174921 4.598774910
0.513676345 -0.058090217 -0.856015265 -3.278948784 -0.004637703 0.997502744 -0.070474721 -0.318025589 0.857971489 0.040171135 0.512124181 4.627426624
0.504917145 -0.056363788 -0.861325562 -3.332355261 -0.005098284 0.997653663 -0.068273537 -0.322611988 0.863152742 0.038863759 0.503445089 4.658392429
0.495672941 -0.051082827 -0.867005706 -3.388369799 -0.006533048 0.998021245 -0.062537082 -0.335320473 0.868484676 0.036662128 0.494358420 4.694185734
0.488189101 -0.051697653 -0.871205449 -3.441069603 -0.005452253 0.998043835 -0.062279526 -0.340048015 0.872720838 0.035154216 0.486952245 4.723098755
0.482039571 -0.057682075 -0.874248624 -3.497388363 -0.003877941 0.997680247 -0.067964174 -0.337526321 0.876141012 0.036151700 0.480697602 4.749990463
0.474858999 -0.061372895 -0.877919257 -3.553164959 -0.000535785 0.997545063 -0.070025399 -0.342787951 0.880061805 0.033722565 0.473660380 4.780314922
0.468617469 -0.063667163 -0.881103933 -3.607654572 -0.000610862 0.997375906 -0.072393693 -0.347810745 0.883400917 0.034463178 0.467348903 4.809615135
0.463112384 -0.067346826 -0.883737147 -3.663094997 0.000438261 0.997126102 -0.075758196 -0.352957547 0.886299372 0.034697253 0.461810976 4.838593483
0.457485169 -0.065195657 -0.886824012 -3.719389439 0.003441553 0.997430980 -0.071551636 -0.365015090 0.889210582 0.029681763 0.456534237 4.870306015
0.452919602 -0.062359445 -0.889367819 -3.775442839 0.004560845 0.997699916 -0.067632668 -0.370363057 0.891539633 0.026575888 0.452162266 4.899121284
0.448607683 -0.060713906 -0.891664147 -3.830121517 0.008161345 0.997926593 -0.063843295 -0.375108719 0.893691540 0.021363417 0.448173076 4.927732468
0.445977777 -0.059660673 -0.893053412 -3.884933233 0.008613479 0.998015881 -0.062371261 -0.380016893 0.895002604 0.020123903 0.445606798 4.953783035
0.443176240 -0.059941661 -0.894428194 -3.942820549 0.010950137 0.998049438 -0.061460391 -0.384965718 0.896367610 0.017443670 0.442968220 4.982246399
0.439915419 -0.059251960 -0.896082342 -3.998840570 0.013771882 0.998148620 -0.059239876 -0.390069813 0.897933543 0.013719791 0.439916998 5.010152340
0.443716109 -0.057439920 -0.894324720 -4.062344551 0.004727138 0.998080075 -0.061758470 -0.387747973 0.896154940 0.023175629 0.443135679 5.030232430
0.441704214 -0.058725849 -0.895236731 -4.118753433 0.007572550 0.998063922 -0.061734878 -0.392304778 0.897128761 0.020489329 0.441293806 5.057814121
0.440309048 -0.056548428 -0.896063745 -4.169931412 0.009441017 0.998251021 -0.058358088 -0.401704967 0.897796631 0.017235840 0.440072864 5.080559731
0.438197494 -0.054545060 -0.897222340 -4.222634315 0.011800973 0.998420238 -0.054933701 -0.406891704 0.898801267 0.013483712 0.438148946 5.106483459
0.436190277 -0.054751933 -0.898187220 -4.276565552 0.014153936 0.998441160 -0.053989608 -0.410369515 0.899743140 0.010836857 0.436285228 5.131850719
0.434714526 -0.056714915 -0.898780704 -4.329388618 0.016745208 0.998351514 -0.054898858 -0.413745463 0.900412560 0.008815065 0.434947610 5.156915665
0.433405876 -0.058648437 -0.899288476 -4.383606911 0.019584337 0.998257458 -0.055664301 -0.417857468 0.900985956 0.006513266 0.433799207 5.182588577
0.433866918 -0.058434252 -0.899080098 -4.435722351 0.017715419 0.998254895 -0.056331079 -0.422752917 0.900802791 0.008512612 0.434144914 5.205856323
0.433798194 -0.059687085 -0.899031043 -4.485152721 0.017937787 0.998177767 -0.057614200 -0.426963806 0.900831521 0.008866305 0.434078366 5.230265617
0.436684400 -0.060613915 -0.897570491 -4.536942959 0.016741645 0.998102307 -0.059257824 -0.430096865 0.899459004 0.010850160 0.436870456 5.253973007
0.439698935 -0.059418645 -0.896177530 -4.584135532 0.013973083 0.998140991 -0.059323322 -0.435254484 0.898036540 0.013562036 0.439711779 5.278313160
0.444991767 -0.059770755 -0.893537760 -4.633686066 0.012988249 0.998095989 -0.060296599 -0.439690292 0.895440519 0.015225996 0.444920808 5.302336216
0.440977395 -0.065376028 -0.895134032 -4.703850746 0.025706356 0.997854412 -0.060214266 -0.449908733 0.897149920 0.003542496 0.441711843 5.356749535
0.448518544 -0.062483329 -0.891586781 -4.753324509 0.022909258 0.998029292 -0.058418289 -0.454824567 0.893479884 0.005776093 0.449066043 5.381222725
0.455297381 -0.062716626 -0.888127744 -4.795563698 0.023136593 0.998012483 -0.058615383 -0.457634449 0.890038788 0.006139180 0.455843478 5.403306007
0.464070976 -0.061933074 -0.883630157 -4.844757080 0.022474928 0.998054802 -0.058149483 -0.461851597 0.885512829 0.007125963 0.464560241 5.428380966
0.469390571 -0.057315331 -0.881128430 -4.891906738 0.028405512 0.998354912 -0.049808569 -0.477448225 0.882533610 -0.001649237 0.470246404 5.460995197
0.478594869 -0.057189103 -0.876171350 -4.937882423 0.026630882 0.998363018 -0.050618041 -0.481236964 0.877631783 0.000892319 0.479334444 5.486645699
0.489520878 -0.059268035 -0.869975030 -4.978800297 0.025212560 0.998232484 -0.053818993 -0.483890355 0.871626973 0.004411226 0.490149945 5.508565903
0.500763476 -0.058930278 -0.863575816 -5.025589466 0.023123043 0.998234510 -0.054710954 -0.488530993 0.865275145 0.007428742 0.501242042 5.535683632
0.513958931 -0.061733332 -0.855590463 -5.070553780 0.022247415 0.998030841 -0.058646649 -0.486676276 0.857526243 0.011107300 0.514320433 5.560801983
0.526632249 -0.059151869 -0.848032713 -5.114562511 0.021379311 0.998182297 -0.056348428 -0.490524590 0.849824369 0.011544541 0.526939690 5.587991714
0.540324867 -0.060366478 -0.839288354 -5.144386292 0.020919621 0.998078763 -0.058319781 -0.488564163 0.841196418 0.013954030 0.540549636 5.603617191
0.553031206 -0.059409782 -0.831039727 -5.188010216 0.020511573 0.998123050 -0.057704508 -0.492217928 0.832907975 0.014866464 0.553211808 5.631269455
0.567336619 -0.065819234 -0.820851505 -5.220289230 0.022759205 0.997673094 -0.064267382 -0.487616926 0.823171377 0.017779309 0.567514598 5.637988567
0.578274906 -0.066512689 -0.813126206 -5.256730556 0.023050379 0.997605324 -0.065209992 -0.491108447 0.815516293 0.018966438 0.578423262 5.662744522
0.589313149 -0.067815557 -0.805053473 -5.296384811 0.024970589 0.997523606 -0.065749831 -0.494960099 0.807518721 0.018644573 0.589547098 5.691179752
0.600908339 -0.068056755 -0.796415389 -5.330795288 0.026225150 0.997510910 -0.065453827 -0.498429120 0.798887610 0.018445646 0.601197422 5.709938049
0.611766040 -0.064876601 -0.788373828 -5.369288921 0.025046062 0.997720182 -0.062668674 -0.502866626 0.790642142 0.018592903 0.611996174 5.736862183
0.621220708 -0.060771398 -0.781275630 -5.421370983 0.024384078 0.998004735 -0.058240965 -0.508673072 0.783256054 0.017129809 0.621463120 5.780331612
0.631249964 -0.059207428 -0.773316205 -5.453582764 0.023582444 0.998086095 -0.057166405 -0.511776686 0.775220811 0.017849606 0.631438076 5.805871964
0.640877247 -0.058532078 -0.765408516 -5.483850002 0.021628350 0.998069763 -0.058214623 -0.515064120 0.767338634 0.020753907 0.640906274 5.831204891
0.650762439 -0.058792971 -0.757001758 -5.517734528 0.020292968 0.997988164 -0.060064297 -0.517953277 0.759010196 0.023725774 0.650646269 5.859447956
0.660060763 -0.057313342 -0.749022663 -5.546325207 0.019959088 0.998071313 -0.058781389 -0.521129727 0.750946939 0.023849482 0.659931660 5.884171963
0.668663859 -0.055205252 -0.741512656 -5.582643032 0.019486215 0.998198628 -0.056743573 -0.524384856 0.743309438 0.023493100 0.668535054 5.916068554
0.677238703 -0.053955898 -0.733782411 -5.614150047 0.020085139 0.998291612 -0.054868158 -0.527445495 0.735489309 0.022420712 0.677165389 5.945145607
0.684914470 -0.053331714 -0.726669073 -5.639920712 0.020608267 0.998336554 -0.053845830 -0.530025959 0.728331983 0.021904392 0.684874237 5.969524860
0.692921579 -0.052329004 -0.719111562 -5.667770863 0.019451164 0.998356462 -0.053906631 -0.532750666 0.720750570 0.023365509 0.692800581 5.995728493
0.700282753 -0.051381104 -0.712013960 -5.688447475 0.019039104 0.998395860 -0.053321872 -0.535385966 0.713611662 0.023784276 0.700137734 6.017761230
0.707486987 -0.048752159 -0.705042839 -5.722529411 0.018480714 0.998552918 -0.050502952 -0.538045466 0.706484735 0.022700485 0.707364142 6.049489498
0.714768350 -0.045748856 -0.697863400 -5.750954628 0.017323436 0.998710215 -0.047727969 -0.540801466 0.699146748 0.022025054 0.714638889 6.078557014
0.721892416 -0.043971252 -0.690606833 -5.768247128 0.015949920 0.998771310 -0.046919744 -0.542852640 0.691821456 0.022855883 0.721706688 6.099029064
0.729859829 -0.042952545 -0.682246089 -5.796246052 0.015419910 0.998804569 -0.046386234 -0.545600533 0.683422923 0.023335276 0.729649603 6.128141403
0.737380803 -0.040289849 -0.674274504 -5.827993393 0.013535880 0.998900473 -0.044884458 -0.548705697 0.675341606 0.023970041 0.737115562 6.158568382
0.746314526 -0.037697162 -0.664525092 -5.853404999 0.013215651 0.999037266 -0.041831136 -0.550814271 0.665462196 0.022437057 0.746094227 6.187217712
0.755635798 -0.033560373 -0.654131830 -5.875183582 0.011039906 0.999197185 -0.038511027 -0.553063393 0.654899001 0.021878751 0.755399525 6.211911201
0.765868783 -0.031110693 -0.642243862 -5.899584293 0.009199328 0.999256730 -0.037434522 -0.555208623 0.642931104 0.022761721 0.765585661 6.240371704
0.775551975 -0.029406279 -0.630598426 -5.929388046 0.007482683 0.999272645 -0.037395705 -0.560212016 0.631239355 0.024283748 0.775207818 6.270289898
0.785238862 -0.030717993 -0.618430436 -5.952080727 0.007968453 0.999187291 -0.039512750 -0.562142968 0.619141579 0.026099015 0.784845471 6.299108505
0.795218647 -0.029861232 -0.605587006 -5.971548080 0.007915600 0.999212801 -0.038876478 -0.563826859 0.606271088 0.026121723 0.794828951 6.324135303
0.805343986 -0.028238762 -0.592134833 -5.994290829 0.007605511 0.999274790 -0.037311148 -0.565841913 0.592759073 0.025544820 0.804974735 6.354225636
0.815296769 -0.026146093 -0.578452647 -6.011807919 0.007735172 0.999382675 -0.034269858 -0.567546964 0.578991532 0.023465671 0.814995766 6.379014492
0.824571908 -0.024716247 -0.565216899 -6.032139301 0.007976647 0.999453783 -0.032068096 -0.569293499 0.565700769 0.021933919 0.824318826 6.409222126
0.833703697 -0.023678917 -0.551704049 -6.049760818 0.009151391 0.999535441 -0.029070605 -0.570693135 0.552136064 0.019187408 0.833533168 6.434746265
0.841799855 -0.023099983 -0.539295256 -6.069574833 0.010101288 0.999583125 -0.027048420 -0.572136045 0.539695203 0.017321778 0.841682196 6.465342522
0.848702133 -0.023393350 -0.528353453 -6.086024284 0.011758970 0.999608994 -0.025370020 -0.573595107 0.528740227 0.015318698 0.848645389 6.492199898
0.855284035 -0.022462914 -0.517672300 -6.104059219 0.011128210 0.999625802 -0.024990190 -0.575022757 0.518039823 0.015612943 0.855214000 6.522389412
0.861896634 -0.022310134 -0.506592929 -6.121281624 0.011054340 0.999620855 -0.025215471 -0.576219201 0.506963491 0.016133077 0.861816525 6.550399780
0.868572772 -0.021421283 -0.495098323 -6.139520645 0.010694633 0.999642849 -0.024489202 -0.577286124 0.495446146 0.015975760 0.868491709 6.581390858
0.874384105 -0.019396808 -0.484846592 -6.153717995 0.008769250 0.999669194 -0.024178175 -0.577301264 0.485155195 0.016889265 0.874264956 6.609664440
0.880181253 -0.019532416 -0.474235564 -6.171092987 0.009225196 0.999668181 -0.024051528 -0.578895390 0.474547982 0.016794788 0.880069375 6.641137123
0.884984076 -0.021393619 -0.465129465 -6.185378075 0.011039122 0.999627173 -0.024974102 -0.580690265 0.465490311 0.016967069 0.884890318 6.671529293
0.889201581 -0.021999018 -0.456986278 -6.202027321 0.011789776 0.999613345 -0.025180237 -0.582017243 0.457363516 0.017002545 0.889117181 6.704179764
0.892787576 -0.022002356 -0.449940264 -6.219667435 0.012212249 0.999621570 -0.024650127 -0.583089411 0.450312346 0.016512543 0.892718434 6.737390518
0.895921528 -0.018996837 -0.443805993 -6.234188080 0.010571616 0.999714017 -0.021450955 -0.584256589 0.444086581 0.014526630 0.895866096 6.766687870
0.898854315 -0.014708751 -0.438000709 -6.250179768 0.008045560 0.999821961 -0.017064689 -0.585344195 0.438173741 0.011814707 0.898812711 6.800031662
0.902242601 -0.012537766 -0.431046724 -6.267386436 0.007136388 0.999874413 -0.014145656 -0.586571574 0.431170017 0.009686694 0.902218699 6.834884644
0.905688524 -0.009917190 -0.423827708 -6.289064884 0.005501213 0.999917030 -0.011641476 -0.588132203 0.423908085 0.008211987 0.905668020 6.863909721
0.908932626 -0.008456131 -0.416857153 -6.305857658 0.004792499 0.999940157 -0.009834461 -0.588648856 0.416915357 0.006941077 0.908918858 6.899917603
0.911896348 -0.006827662 -0.410363764 -6.317749977 0.004355364 0.999966323 -0.006959170 -0.589085102 0.410397440 0.004558757 0.911895335 6.935011387
0.915228963 -0.007300044 -0.402867794 -6.334228516 0.005713024 0.999970496 -0.005140899 -0.589600921 0.402893424 0.002403506 0.915243685 6.972447395
0.918446422 -0.007617406 -0.395472109 -6.344499588 0.006349627 0.999969661 -0.004514561 -0.589718342 0.395494521 0.001635281 0.918466866 7.005673885
0.921998918 -0.008613323 -0.387096792 -6.360802650 0.007458486 0.999962151 -0.004485396 -0.590145946 0.387120903 0.001248374 0.922028124 7.044196129
0.925660133 -0.010706984 -0.378204674 -6.376153946 0.009622922 0.999942362 -0.004756186 -0.591086209 0.378233820 0.000763177 0.925709724 7.082627296
0.929761708 -0.012034517 -0.367965162 -6.394172668 0.010574212 0.999926209 -0.005984619 -0.591916025 0.368010044 0.001673328 0.929820299 7.117930412
0.934103847 -0.013104456 -0.356760770 -6.410698414 0.011009300 0.999908209 -0.007902836 -0.592686653 0.356831580 0.003454383 0.934162319 7.159008980
0.938996673 -0.011408996 -0.343736917 -6.424503326 0.009001766 0.999922454 -0.008598098 -0.593020916 0.343808353 0.004979346 0.939026594 7.199423313
0.945054114 -0.007131850 -0.326836109 -6.438053131 0.004987330 0.999960124 -0.007399028 -0.593993008 0.326875865 0.005362441 0.945052087 7.235145092
0.951116681 -0.003991973 -0.308805883 -6.450796127 0.002852892 0.999987364 -0.004140108 -0.595608175 0.308818519 0.003056737 0.951116145 7.275313377
0.957475901 -0.001003016 -0.288511395 -6.463668823 0.000261281 0.999996603 -0.002609402 -0.596638739 0.288513064 0.002423055 0.957472920 7.316833019
0.963744164 0.000883665 -0.266826481 -6.478515148 -0.001317379 0.999998212 -0.001446459 -0.596545279 0.266824692 0.001745529 0.963743508 7.355951309
0.969468236 0.001856701 -0.245209903 -6.490025520 -0.001894557 0.999998152 0.000081505 -0.596916258 0.245209619 0.000385548 0.969470084 7.400729656
0.974624097 0.002521154 -0.223833740 -6.499677658 -0.001911548 0.999993920 0.002940119 -0.597604692 0.223839760 -0.002437642 0.974622905 7.446659088
0.979480147 0.005858344 -0.201455534 -6.509805679 -0.004577791 0.999966264 0.006821807 -0.597744346 0.201488689 -0.005759602 0.979473889 7.486449718
0.983829916 0.008456126 -0.178905636 -6.518326759 -0.006607827 0.999918461 0.010924520 -0.598016858 0.178983450 -0.009565691 0.983805656 7.532543182
0.987670004 0.010084069 -0.156225324 -6.527297974 -0.007967344 0.999867857 0.014169471 -0.597323477 0.156347543 -0.012750060 0.987619758 7.581648350
0.990939379 0.012227782 -0.133752152 -6.533596992 -0.010416131 0.999844313 0.014236228 -0.597464859 0.133905455 -0.012714058 0.990912557 7.623075485
0.993682742 0.011535604 -0.111631215 -6.538902760 -0.010232220 0.999872684 0.012241697 -0.597124279 0.111758225 -0.011022127 0.993674278 7.669341087
0.995773494 0.011787456 -0.091083407 -6.541630268 -0.010774896 0.999874592 0.011600599 -0.597793519 0.091208741 -0.010570155 0.995775700 7.717794895
0.997502327 0.009861293 -0.069941193 -6.552769661 -0.008985456 0.999877334 0.012826061 -0.594878674 0.070059106 -0.012165573 0.997468650 7.762952805
0.998702765 0.010718594 -0.049779523 -6.555524349 -0.009992277 0.999840319 0.014816668 -0.594842732 0.049930401 -0.014300037 0.998650312 7.812339783
0.999519289 0.011647096 -0.028730314 -6.558542728 -0.011190681 0.999809384 0.015996126 -0.594800115 0.028911144 -0.015666928 0.999459207 7.863061428
0.999876976 0.013243594 -0.008397305 -6.559150219 -0.013104369 0.999779224 0.016423428 -0.594398320 0.008612957 -0.016311368 0.999829829 7.913209438
0.999830902 0.013731414 0.012227919 -6.559237480 -0.013941882 0.999753237 0.017296616 -0.594475985 -0.011987396 -0.017464170 0.999775648 7.962381363
0.999322951 0.016113864 0.033072550 -6.558986187 -0.016658589 0.999728978 0.016261587 -0.593103409 -0.032801554 -0.016801517 0.999320626 8.015455246
0.998412848 0.017212626 0.053623602 -6.560899734 -0.018050995 0.999721825 0.015189426 -0.592081487 -0.053347219 -0.016133280 0.998445690 8.069555283
0.997154474 0.017784743 0.073257349 -6.557662010 -0.018770440 0.999742091 0.012788784 -0.591827571 -0.073011003 -0.014127467 0.997231126 8.121278763
0.995589733 0.019561853 0.091752440 -6.552750111 -0.020558136 0.999739408 0.009925740 -0.591303647 -0.091534361 -0.011768226 0.995732367 8.172791481
0.993665934 0.019238511 0.110715508 -6.548223972 -0.020221591 0.999765337 0.007763165 -0.588631570 -0.110540196 -0.009952833 0.993821800 8.224419594
0.991380632 0.018722560 0.129668444 -6.542197227 -0.019488372 0.999799252 0.004639453 -0.588348389 -0.129555568 -0.007126490 0.991546512 8.282853127
0.988722980 0.020612778 0.148330763 -6.534574509 -0.020811083 0.999783397 -0.000215198 -0.589624107 -0.148303077 -0.002874151 0.988937795 8.332228661
0.985788584 0.023151288 0.166387871 -6.526434898 -0.022328470 0.999727488 -0.006814363 -0.590628684 -0.166500315 0.003002334 0.986036837 8.387084961
0.982602894 0.025298303 0.183987752 -6.517712116 -0.023427773 0.999649405 -0.012333621 -0.590729296 -0.184235260 0.007808629 0.982851148 8.441704750
0.979091048 0.027641727 0.201535717 -6.507681847 -0.025011720 0.999565721 -0.015585151 -0.593957722 -0.201878995 0.010218526 0.979357123 8.494949341
0.975246429 0.028624237 0.219259858 -6.495965481 -0.024915796 0.999496222 -0.019660566 -0.593597770 -0.219712168 0.013710864 0.975468338 8.563273430
0.971178234 0.027499834 0.236762553 -6.483134270 -0.023596413 0.999535084 -0.019305117 -0.595205903 -0.237183392 0.013161963 0.971375704 8.617827415
0.966824472 0.027221791 0.253986865 -6.468833923 -0.022948954 0.999541104 -0.019771444 -0.597353697 -0.254408538 0.013286782 0.967005551 8.673494339
0.962364793 0.027574768 0.270358413 -6.453254223 -0.021693127 0.999458969 -0.024719596 -0.599277139 -0.270893812 0.017924346 0.962442458 8.730869293
0.957582057 0.029113973 0.286686242 -6.436395645 -0.021714851 0.999344826 -0.028955501 -0.601405323 -0.287341416 0.021501919 0.957586884 8.785836220
0.952229202 0.031788874 0.303725213 -6.420496941 -0.024237322 0.999297023 -0.028601639 -0.604307473 -0.304420918 0.019873831 0.952330291 8.844974518
0.945419788 0.031804878 0.324299097 -6.414164066 -0.022423431 0.999216020 -0.032625418 -0.597938895 -0.325082541 0.023572814 0.945391834 8.910721779
0.939175963 0.035541825 0.341592312 -6.393902779 -0.024772070 0.999050498 -0.035840221 -0.600071311 -0.342541844 0.025198324 0.939164639 8.968270302
0.932504058 0.036790527 0.359280735 -6.373685837 -0.024137996 0.998922348 -0.039640605 -0.602790833 -0.360352010 0.028292712 0.932387292 9.025768280
0.925736487 0.038042389 0.376250982 -6.351247787 -0.024110807 0.998840511 -0.041669071 -0.606124043 -0.377399862 0.029502865 0.925580323 9.083168983
0.918448806 0.037989743 0.393711269 -6.327877998 -0.021192828 0.998673558 -0.046924811 -0.609698176 -0.394971728 0.034754172 0.918035686 9.140720367
0.910414577 0.041927684 0.411567181 -6.300224304 -0.022297958 0.998378098 -0.052383423 -0.614215612 -0.413095981 0.038513515 0.909872711 9.194811821
0.900330126 0.045588698 0.432813346 -6.275952816 -0.023722669 0.998160660 -0.055789903 -0.617469668 -0.434560567 0.039961845 0.899755597 9.253818512
0.888467550 0.048391476 0.456381053 -6.248369217 -0.025147576 0.998064756 -0.056871377 -0.621233940 -0.458249956 0.039051503 0.887965024 9.308441162
0.874958158 0.053458553 0.481238633 -6.219408512 -0.028287955 0.997832596 -0.059413176 -0.626479030 -0.483371675 0.038370784 0.874573946 9.366477966
0.859773099 0.057524566 0.507425964 -6.192589760 -0.030766748 0.997665286 -0.060970161 -0.635173440 -0.509748578 0.036808662 0.859535635 9.425615311
0.844662368 0.061159149 0.531794190 -6.160093307 -0.031946082 0.997440279 -0.063970141 -0.639604092 -0.534345388 0.037044436 0.844454169 9.482574463
0.829853058 0.062749624 0.554442465 -6.124385357 -0.031567805 0.997344732 -0.065626964 -0.645078003 -0.557088375 0.036958203 0.829630554 9.533860207
0.813947141 0.063999116 0.577403009 -6.087960243 -0.030303607 0.997237682 -0.067815334 -0.650018096 -0.580148101 0.037700716 0.813638031 9.590298653
0.797490478 0.066505298 0.599654973 -6.050246239 -0.028751416 0.996966124 -0.072332501 -0.655316949 -0.602646112 0.040443562 0.796983063 9.642599106
0.780735910 0.068763554 0.621066093 -6.010828018 -0.026470961 0.996673882 -0.077073947 -0.661286592 -0.624300301 0.043734182 0.779959261 9.695831299
0.764615417 0.071214899 0.640540123 -5.970321655 -0.025250236 0.996423304 -0.080640502 -0.666407049 -0.643991947 0.045485176 0.763678908 9.744874001
0.748085499 0.072039291 0.659680426 -5.930403709 -0.022817785 0.996294737 -0.082923025 -0.674329519 -0.663209915 0.046981074 0.746957362 9.793052673
