0.999925733 0.000716144 0.012166290 0.000315657 -0.000739884 0.999997795 0.001946861 0.000115706 -0.012164868 -0.001955718 0.999924004 0.049566653
0.999748707 0.001349290 0.022376947 0.001785821 -0.001441977 0.999990582 0.004126478 -0.000339561 -0.022371164 -0.004157709 0.999741197 0.083868034
0.999465108 0.001732278 0.032656707 0.003491512 -0.001937456 0.999978542 0.006252289 -0.000676778 -0.032645185 -0.006312216 0.999447048 0.127700001
0.999040067 0.002162655 0.043752857 0.005331160 -0.002513637 0.999965072 0.007968492 -0.000196732 -0.043734089 -0.008070823 0.999010623 0.180230334
0.998479724 0.001266055 0.055105716 0.007733065 -0.001777642 0.999955773 0.009235715 0.000000401 -0.055091586 -0.009319631 0.998437822 0.234955445
0.997861564 0.000807414 0.065356538 0.010664343 -0.001511928 0.999941230 0.010730811 -0.000344374 -0.065344021 -0.010806678 0.997804224 0.277032584
0.997083187 0.001143221 0.076315448 0.014693927 -0.002183550 0.999905825 0.013549905 -0.000073065 -0.076292761 -0.013677020 0.996991634 0.329141229
0.996143579 0.002054327 0.087713778 0.018471144 -0.003615830 0.999837697 0.017647073 -0.000230231 -0.087663293 -0.017896175 0.995989382 0.371390700
0.994955540 0.001387851 0.100306414 0.023806373 -0.003517464 0.999772012 0.021057341 0.000442010 -0.100254320 -0.021303946 0.994733751 0.424874544
0.993520200 0.001326409 0.113648131 0.029085962 -0.004027179 0.999714792 0.023538033 0.000388367 -0.113584496 -0.023843190 0.993242204 0.473193407
0.991905987 0.000510978 0.126973793 0.036165524 -0.003610249 0.999701083 0.024179816 0.000309962 -0.126923487 -0.024442509 0.991611242 0.521678686
0.989827871 0.001834253 0.142258257 0.041499965 -0.005146855 0.999723971 0.022921368 0.000550890 -0.142176941 -0.023420392 0.989564061 0.563546956
0.987341881 0.000685584 0.158605129 0.050504051 -0.004123361 0.999763608 0.021347011 0.001331858 -0.158553004 -0.021730786 0.987111270 0.618457854
0.983801067 0.002472458 0.179246858 0.059525039 -0.006249280 0.999770105 0.020508913 0.000883549 -0.179154947 -0.021296851 0.983590364 0.667440891
0.978863478 0.005541453 0.204439551 0.069559835 -0.009554260 0.999780476 0.018646494 0.001419748 -0.204291329 -0.020205643 0.978701532 0.716040015
0.972139895 0.007896511 0.234268412 0.080508314 -0.012594375 0.999748409 0.018564058 0.001144951 -0.234062895 -0.020997325 0.971994638 0.763272703
0.963590086 0.008293037 0.267255187 0.085194588 -0.013468851 0.999755442 0.017539196 0.002508587 -0.267044365 -0.020500220 0.963466167 0.803578258
0.953731239 0.008613748 0.300536901 0.100955278 -0.014310059 0.999757171 0.016757660 0.002096223 -0.300319552 -0.020283006 0.953622937 0.852352738
0.943182647 0.007869011 0.332181573 0.118163973 -0.013625134 0.999794602 0.015002619 0.001728840 -0.331995308 -0.018676231 0.943096161 0.898376584
0.931585133 0.008910787 0.363413841 0.137360737 -0.014376663 0.999820650 0.012338279 0.001724442 -0.363238692 -0.016718835 0.931546092 0.949920177
0.919055700 0.010867544 0.393977791 0.157507792 -0.015585993 0.999839962 0.008778647 0.001327317 -0.393819362 -0.014208602 0.919077992 0.997188747
0.905929506 0.008589520 0.423341364 0.180043876 -0.011645982 0.999921441 0.004633598 0.000416047 -0.423268318 -0.009127939 0.905958414 1.044155240
0.892194152 0.005770156 0.451615065 0.204308957 -0.005754093 0.999982476 -0.001408914 0.000092045 -0.451615274 -0.001341611 0.892211735 1.090617418
0.878124416 0.000350247 0.478432178 0.229620308 0.002995895 0.999976099 -0.006230785 -0.001176580 -0.478422910 0.006904737 0.878102422 1.133764386
0.863507688 -0.003151369 0.504325807 0.255881786 0.009715905 0.999898911 -0.010387553 -0.002570729 -0.504242063 0.013869712 0.863451004 1.177434802
0.848990381 -0.009244774 0.528327346 0.284663707 0.019500053 0.999714017 -0.013842234 -0.004111049 -0.528048217 0.022054333 0.848927915 1.220884681
0.834315896 -0.009442135 0.551205873 0.313534766 0.026147470 0.999405861 -0.022457531 -0.005911643 -0.550666392 0.033149309 0.834066868 1.263430834
0.819427609 -0.004528519 0.573164642 0.343921632 0.031059265 0.998850346 -0.036512204 -0.008534722 -0.572340548 0.047721189 0.818626404 1.305117726
0.804283679 0.004314120 0.594229877 0.374028593 0.033904064 0.998011649 -0.053134374 -0.011772104 -0.593277574 0.062881924 0.802538276 1.345299602
0.787922561 0.015297904 0.615584254 0.405792296 0.034045231 0.997079968 -0.068354964 -0.015233092 -0.614832342 0.074816138 0.785101175 1.385843039
0.771370888 0.019042179 0.636100888 0.438703984 0.038929444 0.996268272 -0.077032052 -0.019970261 -0.635194063 0.084183335 0.767751038 1.424563885
0.754956961 0.020641435 0.655449331 0.472806841 0.042643286 0.995843709 -0.080478363 -0.023766942 -0.654386401 0.088708229 0.750939012 1.463046193
0.738645315 0.018167119 0.673849404 0.506614566 0.046304420 0.995908082 -0.077606864 -0.028790027 -0.672502041 0.088526145 0.734781623 1.497519374
0.723200679 0.012201019 0.690530241 0.542532444 0.050514434 0.996231437 -0.070506856 -0.033404931 -0.688788116 0.085872337 0.719858944 1.533709049
0.709206879 0.003766675 0.704990387 0.582381666 0.059063669 0.996152699 -0.064739250 -0.038277842 -0.702521980 0.087552845 0.706255913 1.573011398
0.697936893 0.002650621 0.716154337 0.617680728 0.061137363 0.996122062 -0.063268982 -0.042439055 -0.713544905 0.087941557 0.695068359 1.607528925
0.688833237 0.002176347 0.724916458 0.654220879 0.065499768 0.995718300 -0.065228820 -0.046682645 -0.721954584 0.092413656 0.685741305 1.639434099
0.680425882 0.004186946 0.732805014 0.689778030 0.066377670 0.995520771 -0.067321151 -0.050544821 -0.729804575 0.094448939 0.677100182 1.671876431
0.671914220 0.010623106 0.740552723 0.728723407 0.060829617 0.995727479 -0.069475122 -0.055474285 -0.738126814 0.091728874 0.668397069 1.707115889
0.662162304 0.010510773 0.749286771 0.766581178 0.060764920 0.995855689 -0.067668952 -0.059262071 -0.746892691 0.090338178 0.658779383 1.741533279
0.654468000 0.008365441 0.756043375 0.803642988 0.064451315 0.995681942 -0.066809192 -0.064415485 -0.753337562 0.092452489 0.651102901 1.773029566
0.647920191 0.009428123 0.761649907 0.841240525 0.066434629 0.995413423 -0.068836398 -0.067640811 -0.758805394 0.095200434 0.644322217 1.804628849
0.644651890 0.011295791 0.764392793 0.880887866 0.067549273 0.995138109 -0.071673423 -0.071261093 -0.761486053 0.097838581 0.640754700 1.837718964
0.644978404 0.013788411 0.764076412 0.920718670 0.067115791 0.994951725 -0.074609101 -0.075269036 -0.761247873 0.099402860 0.640796959 1.871227145
0.647730410 0.011086597 0.761788845 0.958595037 0.069255888 0.994897544 -0.073365703 -0.079996169 -0.758715272 0.100279585 0.643657565 1.903631210
0.653006554 0.012097511 0.757255554 0.999753416 0.067062944 0.995021045 -0.073726535 -0.084621929 -0.754377127 0.098927692 0.648944020 1.939160824
0.659218431 0.012917470 0.751840532 1.040876389 0.064621247 0.995180249 -0.073758610 -0.088590071 -0.749169648 0.097207926 0.655206442 1.976208210
0.665826082 0.013840489 0.745978594 1.082927227 0.062694065 0.995254040 -0.074423239 -0.093448251 -0.743468285 0.096321367 0.661798418 2.013092756
0.671246767 0.015337798 0.741075218 1.124679565 0.059630428 0.995428085 -0.074613735 -0.098433912 -0.738831520 0.094274886 0.667263269 2.051893711
0.675404251 0.016788935 0.737256587 1.166915417 0.056002274 0.995686233 -0.073977880 -0.104641527 -0.735318184 0.091253027 0.671550453 2.090662479
0.676590085 0.019989543 0.736088574 1.210663080 0.050810173 0.995981574 -0.073750466 -0.109325290 -0.734604836 0.087299615 0.672855556 2.131231785
0.675656199 0.020731291 0.736925364 1.251142383 0.048282322 0.996214032 -0.072293699 -0.114369527 -0.735634029 0.084426157 0.672097266 2.171557903
0.675703049 0.018605938 0.736939013 1.297419667 0.049526628 0.996276915 -0.070564821 -0.120349050 -0.735508204 0.084178954 0.672265947 2.211684227
0.674859822 0.019047974 0.737700045 1.342413187 0.048561148 0.996353686 -0.070151128 -0.125128046 -0.736346364 0.083165735 0.671474040 2.253633261
0.674886227 0.018128198 0.737699151 1.389436722 0.049055111 0.996384621 -0.069363341 -0.130507141 -0.736289382 0.083000280 0.671557009 2.297060966
0.674785316 0.017368754 0.737809658 1.433640480 0.049137242 0.996447384 -0.068397239 -0.134974316 -0.736376464 0.082407393 0.671534598 2.336873531
0.674420118 0.017567784 0.738138795 1.479268432 0.048690196 0.996482611 -0.068203494 -0.140441805 -0.736740589 0.081937924 0.671192586 2.379500866
0.673311293 0.018654084 0.739123821 1.515533090 0.046380851 0.996647120 -0.067404516 -0.144354209 -0.737902999 0.079665400 0.670188487 2.415292501
0.673382998 0.019195547 0.739044607 1.563107729 0.045105968 0.996733785 -0.066987082 -0.149433017 -0.737916589 0.078443266 0.670317709 2.458336830
0.674016237 0.021242823 0.738410950 1.611525774 0.043873824 0.996670902 -0.068720236 -0.150141627 -0.737412393 0.078715473 0.670840323 2.501583576
0.674702942 0.019164359 0.737840533 1.655093074 0.044398863 0.996798873 -0.066490062 -0.156009465 -0.736752808 0.077620320 0.671692193 2.543278933
0.676776052 0.017526692 0.735980272 1.704091907 0.044190891 0.996946692 -0.064377442 -0.161377117 -0.734861374 0.076092727 0.673935175 2.587373734
0.678644061 0.016545478 0.734280884 1.750901341 0.043967251 0.997038126 -0.063101985 -0.166117013 -0.733150184 0.075108096 0.675906539 2.631500006
0.683050394 0.014856650 0.730220079 1.805166602 0.045424409 0.996993482 -0.062774412 -0.171186864 -0.728957355 0.076047905 0.680321872 2.671962738
0.684635460 0.015286255 0.728725255 1.850940108 0.045103107 0.996975660 -0.063287489 -0.176160842 -0.727488875 0.076196633 0.681875348 2.715411425
0.685121596 0.015920943 0.728254616 1.892470717 0.045839749 0.996837199 -0.064917393 -0.177837625 -0.726984918 0.077859312 0.682224870 2.756922007
0.683880031 0.019376855 0.729337096 1.937396765 0.043539468 0.996781766 -0.067308083 -0.183539838 -0.728294134 0.077785596 0.680835605 2.800408363
0.681173801 0.020313960 0.731839776 1.988291740 0.042692699 0.996811807 -0.067405932 -0.194645852 -0.730875909 0.077159360 0.678134799 2.849109173
0.677155614 0.021932185 0.735512912 2.033145428 0.041906063 0.996784031 -0.068304136 -0.199997187 -0.734645724 0.077074960 0.674058795 2.891632795
0.673403025 0.021184323 0.738971949 2.075874090 0.043959189 0.996673107 -0.068630613 -0.199481726 -0.737967432 0.078700669 0.670231521 2.927474976
0.668931961 0.018217484 0.743100286 2.122738838 0.045002297 0.996873200 -0.064949505 -0.205256268 -0.741960108 0.076888025 0.666020632 2.969759941
0.664705932 0.017814219 0.746892691 2.172222853 0.043076444 0.997138679 -0.062119264 -0.213237658 -0.745862186 0.073464513 0.662036657 3.011834145
0.660229981 0.018711433 0.750830293 2.218216419 0.044847272 0.996923745 -0.064280018 -0.218879163 -0.749723256 0.076112308 0.657359779 3.052273750
0.654076278 0.024398042 0.756034970 2.269757986 0.037348218 0.997219145 -0.064492762 -0.228546798 -0.755505919 0.070419744 0.651346147 3.100965977
0.649716437 0.026727973 0.759706616 2.315029621 0.036528934 0.997129440 -0.066321269 -0.233522743 -0.759298444 0.070841298 0.646875083 3.140315294
0.646441877 0.027634518 0.762462556 2.360835075 0.036219575 0.997105598 -0.066847071 -0.238467187 -0.762103021 0.070828818 0.643569946 3.179022789
0.643409252 0.026445488 0.765065491 2.406651258 0.036739837 0.997184753 -0.065366670 -0.243714258 -0.764640450 0.070165902 0.640626192 3.217535019
0.641792357 0.019626807 0.766627192 2.452655792 0.037511133 0.997672439 -0.056944858 -0.247905046 -0.765960515 0.065303847 0.639562190 3.255085945
0.639506221 0.016954942 0.768598914 2.492925167 0.036485381 0.997960925 -0.052371915 -0.241745874 -0.767919660 0.061534792 0.637583613 3.287606001
0.637411833 0.015880477 0.770359635 2.538805962 0.036753155 0.998022974 -0.050983947 -0.245340377 -0.769646227 0.060810916 0.635568023 3.326334476
0.636044860 0.019443296 0.771407008 2.582855940 0.037304316 0.997738898 -0.055906344 -0.249981686 -0.770749867 0.064335763 0.633881330 3.364049196
0.635213614 0.022334330 0.772013485 2.627226114 0.039986748 0.997290134 -0.061752714 -0.254811138 -0.771300673 0.070096478 0.632599235 3.400081396
0.634899259 0.019106807 0.772358596 2.672322750 0.045680027 0.997016907 -0.062214646 -0.259576678 -0.771243334 0.074781388 0.632132471 3.436304808
0.635448337 0.017453291 0.771945953 2.719473839 0.048553549 0.996862829 -0.062506720 -0.263631523 -0.770615280 0.077200532 0.632607460 3.473379850
0.629859030 0.010802642 0.776634395 2.728318214 0.047259498 0.997517586 -0.052203011 -0.275799572 -0.775270402 0.069583885 0.627784908 3.492424726
0.629916966 0.007749924 0.776623845 2.773109436 0.046503525 0.997779667 -0.047675692 -0.279540002 -0.775269091 0.066147476 0.628157973 3.530004978
0.629257143 0.004473466 0.777184248 2.809231758 0.042544384 0.998285770 -0.040192731 -0.284588069 -0.776031852 0.058356401 0.627988100 3.562015533
0.630143344 0.009416014 0.776421666 2.855194569 0.033540383 0.998663068 -0.039332591 -0.287952960 -0.775754094 0.050826654 0.628985107 3.599742889
0.632909477 0.011414997 0.774141490 2.908611059 0.028117150 0.998892844 -0.037716582 -0.291609347 -0.773714900 0.045637839 0.631887794 3.641442776
0.634348035 0.008488563 0.773000896 2.953482628 0.031428967 0.998829722 -0.036760025 -0.294712186 -0.772408426 0.047613267 0.633338928 3.679068565
0.637600124 0.006167799 0.770342767 3.000581026 0.035770152 0.998652339 -0.037602160 -0.298667878 -0.769536614 0.051530417 0.636520267 3.716672659
0.643174648 0.005602233 0.765699029 3.045863867 0.038416579 0.998477817 -0.039574660 -0.302253097 -0.764755249 0.054868951 0.641980410 3.753623486
0.653391361 -0.005491328 0.757000327 3.091410398 0.050701931 0.998045802 -0.036522575 -0.308010638 -0.755320489 0.062244929 0.652392864 3.780496359
0.660115957 -0.010949783 0.751084030 3.135211706 0.058070488 0.997645319 -0.036492929 -0.311170876 -0.748915672 0.067705378 0.659197330 3.818692684
0.670155764 -0.007260825 0.742184877 3.183670282 0.054204710 0.997760713 -0.039183006 -0.311828613 -0.740238547 0.066488631 0.669048667 3.858729124
0.678905070 -0.007791205 0.734184742 3.224256992 0.052691154 0.997882485 -0.038134262 -0.315016538 -0.732332885 0.064574592 0.677878082 3.898179054
0.688976586 -0.007524956 0.724744558 3.276797771 0.049299356 0.998116791 -0.036502961 -0.316764951 -0.723105013 0.060879134 0.688050032 3.948482037
0.698055148 -0.007238162 0.716007411 3.317784309 0.047712103 0.998196721 -0.036424994 -0.319886327 -0.714452684 0.059588872 0.697141707 3.988884926
0.707316279 -0.008539303 0.706845641 3.359956264 0.048148267 0.998186827 -0.036121376 -0.322867155 -0.705255568 0.059582625 0.706444979 4.031939030
0.716366410 -0.009155743 0.697664201 3.399423122 0.049211513 0.998086691 -0.037432410 -0.326093018 -0.695986688 0.061148439 0.715446353 4.073125839
0.726935506 0.008141829 0.686657429 3.460340500 0.036508024 0.998057365 -0.050483689 -0.320852637 -0.685734570 0.061766896 0.725226045 4.136667728
0.735450208 0.012041299 0.677471936 3.497822523 0.038577005 0.997476220 -0.059607465 -0.324689209 -0.676479816 0.069973156 0.733129442 4.177872181
0.745134294 0.015964145 0.666723311 3.536197901 0.037460577 0.997133255 -0.065741725 -0.328316152 -0.665861487 0.073962256 0.742400169 4.220020771
0.753171086 0.013487223 0.657686532 3.572706223 0.036746517 0.997366071 -0.062534511 -0.333085835 -0.656797588 0.071266875 0.750691533 4.263062477
0.761552572 0.014408971 0.647942901 3.608026743 0.031908926 0.997706711 -0.059690822 -0.337257564 -0.647317171 0.066132858 0.759346306 4.304813385
0.768391430 0.018142989 0.639723003 3.644071102 0.027834320 0.997704804 -0.061728269 -0.341807395 -0.639374673 0.065237723 0.766122699 4.348855019
0.773176134 0.026561286 0.633634686 3.677562952 0.022339812 0.997361720 -0.069067895 -0.346247971 -0.633797705 0.067556925 0.770543098 4.391539097
0.776360869 0.036833353 0.629211366 3.713523865 0.015074810 0.996920168 -0.076958872 -0.350896806 -0.630108178 0.069233119 0.773414731 4.437165737
0.778617501 0.040122725 0.626214683 3.748083591 0.013165017 0.996689439 -0.080228738 -0.356025636 -0.627360642 0.070711620 0.775511742 4.481534004
0.780051231 0.043015070 0.624235392 3.766807556 0.008693020 0.996792972 -0.079550311 -0.361539334 -0.625655293 0.067479812 0.777175605 4.506718636
0.782961369 0.044180922 0.620499492 3.800469398 0.006897360 0.996796906 -0.079677358 -0.366996527 -0.622032225 0.066664100 0.780148566 4.551228046
0.786985755 0.043366499 0.615445197 3.834410429 0.004775085 0.997068644 -0.076363079 -0.371743917 -0.616952658 0.063035473 0.784471750 4.594032288
0.790219665 0.043002374 0.611312926 3.869146585 0.001206213 0.997423887 -0.071722277 -0.379483581 -0.612822473 0.057413727 0.788132250 4.638955593
0.793741703 0.045416489 0.606557012 3.903347969 -0.003599019 0.997541666 -0.069982126 -0.384261668 -0.608244359 0.053364724 0.791953921 4.684696198
0.797240913 0.049796935 0.601603866 3.935012341 -0.009460076 0.997499943 -0.070030302 -0.389525801 -0.603587151 0.050139800 0.795718908 4.728199959
0.800185561 0.058764204 0.596866548 3.966101170 -0.018247731 0.997113049 -0.073706552 -0.393754095 -0.599474847 0.048087455 0.798947811 4.773640156
0.805450976 0.056899142 0.589924812 3.999885559 -0.014804938 0.997001827 -0.075948499 -0.399471104 -0.592477441 0.052438993 0.803878605 4.817854881
0.809647381 0.057253484 0.584117413 4.033146858 -0.013682461 0.996801436 -0.078738257 -0.404633641 -0.586757064 0.055758052 0.807841063 4.864156246
0.813555181 0.057396468 0.578648090 4.064135551 -0.015452334 0.996899128 -0.077157706 -0.409769952 -0.581282377 0.053830590 0.811919332 4.908746243
0.817819595 0.053811736 0.572953105 4.097037315 -0.014853088 0.997260630 -0.072461717 -0.414333820 -0.575282931 0.050750498 0.816378534 4.956742764
0.822227776 0.053013813 0.566684246 4.127572060 -0.016843900 0.997483015 -0.068875849 -0.420078635 -0.568909347 0.047086459 0.821051180 5.000926971
0.826138437 0.053382348 0.560932815 4.158329487 -0.015549329 0.997282982 -0.072007574 -0.425956249 -0.563252628 0.050766096 0.824723780 5.047251225
0.830294073 0.053950243 0.554708123 4.189033985 -0.015127020 0.997118592 -0.074336231 -0.431190819 -0.557120264 0.053329848 0.828717709 5.093383312
0.833560765 0.056240581 0.549557507 4.218714714 -0.017562544 0.996999264 -0.075392239 -0.435886443 -0.552148521 0.053192385 0.832047224 5.139726162
0.837498903 0.054027319 0.543761730 4.249100685 -0.015907371 0.997088909 -0.074568793 -0.440986723 -0.546207488 0.053801455 0.835920393 5.188546181
0.842760146 0.048067614 0.536138713 4.279651642 -0.011069898 0.997341990 -0.072016031 -0.448210925 -0.538175285 0.054757241 0.841052294 5.233873844
0.847427547 0.045985218 0.528915644 4.309731483 -0.008812599 0.997322857 -0.072590150 -0.452973843 -0.530837834 0.056853771 0.845564246 5.279078484
0.850663543 0.047750272 0.523537457 4.337474823 -0.010709777 0.997233808 -0.073553033 -0.456378430 -0.525601447 0.056961909 0.848821819 5.326238632
0.853828192 0.052365255 0.517914355 4.362913132 -0.016895421 0.997191072 -0.072970308 -0.461780965 -0.520280778 0.053553715 0.852314532 5.370409489
0.857543886 0.055056911 0.511456013 4.395153999 -0.020574819 0.997131348 -0.072841369 -0.466436207 -0.513999283 0.051941562 0.856216609 5.421216488
0.859944940 0.051720884 0.507759333 4.421435356 -0.017053863 0.997208536 -0.072694108 -0.470684439 -0.510101736 0.053853687 0.858426511 5.467594624
0.861708105 0.045864716 0.505327165 4.446093559 -0.011054945 0.997366965 -0.071672015 -0.475881100 -0.507283866 0.056173995 0.859946251 5.515909195
0.864028692 0.047073785 0.501236856 4.473900318 -0.011974850 0.997258902 -0.073015653 -0.480356961 -0.503300011 0.057085391 0.862224042 5.564656258
0.867537856 0.039018292 0.495838284 4.501511574 -0.004783464 0.997526526 -0.070127577 -0.485618740 -0.497348189 0.058466502 0.865578651 5.610932827
0.870696068 0.031536490 0.490809292 4.529921055 0.001404573 0.997778535 -0.066603035 -0.491541177 -0.491819412 0.058680378 0.868717611 5.658935070
0.873113096 0.029435990 0.486628264 4.555747986 0.002702463 0.997867882 -0.065209493 -0.496005863 -0.487510234 0.058250356 0.871171951 5.705675125
0.874722540 0.031223094 0.483617216 4.581129074 0.002013425 0.997679591 -0.068053477 -0.499658644 -0.484619915 0.060501635 0.872630000 5.753845692
0.876473069 0.033303928 0.480297774 4.606393814 0.000677193 0.997518241 -0.070403859 -0.503852606 -0.481450617 0.062032338 0.874275386 5.800402164
0.877505183 0.035364442 0.478261620 4.631527424 -0.002011862 0.997539937 -0.070070498 -0.508669198 -0.479563117 0.060525019 0.875417590 5.847065449
0.876614392 0.037021436 0.479767174 4.650203705 -0.003739970 0.997530043 -0.070141286 -0.510119200 -0.481178880 0.059692543 0.874587715 5.889787197
0.877080858 0.035052113 0.479062140 4.677022934 -0.004097824 0.997843623 -0.065508001 -0.514328003 -0.480325341 0.055492699 0.875333190 5.937842369
0.877164960 0.036187366 0.478823721 4.703453064 -0.006820032 0.997994542 -0.062930271 -0.516173661 -0.480140775 0.051934633 0.875652671 5.988644123
0.877753317 0.033206765 0.477960825 4.729213715 -0.004886406 0.998163760 -0.060374685 -0.521116376 -0.479088098 0.050658558 0.876303852 6.036006927
0.878972769 0.034410641 0.475628793 4.755516052 -0.003559761 0.997838795 -0.065612808 -0.524812460 -0.476858646 0.055978753 0.877195656 6.080014706
0.878958762 0.036452122 0.475502670 4.781713963 -0.003711487 0.997567117 -0.069613054 -0.529339910 -0.476883411 0.059422180 0.876955688 6.127647400
0.878279090 0.039935105 0.476477683 4.803026199 -0.007852514 0.997576356 -0.069135688 -0.533590734 -0.478083879 0.056978881 0.876464069 6.173476219
0.878654540 0.040371478 0.475748301 4.829200745 -0.009122691 0.997656405 -0.067811437 -0.539070010 -0.477370977 0.055242721 0.876963675 6.221970081
0.879426241 0.034366965 0.474792868 4.854727268 -0.002226111 0.997676730 -0.068091623 -0.543387473 -0.476029813 0.058824632 0.877459526 6.266489029
0.880057871 0.036767915 0.473440856 4.879617691 -0.003953146 0.997530699 -0.070120960 -0.548323870 -0.474849939 0.059838917 0.878030062 6.312700748
0.879405200 0.046202537 0.473826826 4.903612137 -0.012777110 0.997211635 -0.073523588 -0.552399874 -0.475902587 0.058602888 0.877543390 6.359677792
0.879023135 0.053280357 0.473792970 4.926739216 -0.019673264 0.996943176 -0.075611614 -0.557387888 -0.476373315 0.057143297 0.877384245 6.406608582
0.879464388 0.052192673 0.473094434 4.951177120 -0.016641051 0.996733606 -0.079026476 -0.562086523 -0.475673735 0.061628185 0.877460182 6.452056885
0.879520476 0.052715819 0.472932160 4.975288868 -0.017209807 0.996718526 -0.079094753 -0.568093956 -0.475549787 0.061426397 0.877541542 6.495429516
0.880759895 0.051906839 0.470709801 4.998238564 -0.016395079 0.996721089 -0.079234630 -0.573955774 -0.473279238 0.062069356 0.878723025 6.537958145
0.881999969 0.043567918 0.469231158 5.021419525 -0.009208408 0.997120440 -0.075273432 -0.580776930 -0.471159488 0.062070299 0.879861295 6.578451157
0.883994222 0.047874063 0.465039939 5.052009106 -0.014117334 0.997022808 -0.075804010 -0.579396188 -0.467284411 0.060445189 0.882038355 6.629245758
0.884804726 0.030830516 0.464940906 5.069816589 -0.000565702 0.997878969 -0.065093420 -0.590300739 -0.465961635 0.057331942 0.882945538 6.668854237
0.886890352 0.039465651 0.460291088 5.099049568 -0.008346398 0.997550607 -0.069448754 -0.588794589 -0.461904466 0.057751667 0.885047436 6.718552589
0.890381157 0.048145123 0.452662587 5.132488728 -0.013678952 0.996771932 -0.079110213 -0.587714493 -0.455010206 0.064246275 0.888165593 6.771935463
0.893650532 0.047529586 0.446239352 5.154453278 -0.012134769 0.996571124 -0.081844814 -0.592612028 -0.448599339 0.067725651 0.891163230 6.816077232
0.896956384 0.048815001 0.439415962 5.174932957 -0.013794966 0.996492088 -0.082542017 -0.596932292 -0.441903830 0.067974858 0.894483328 6.859384537
0.900979340 0.047923334 0.431207120 5.196018696 -0.015377199 0.996783674 -0.078650497 -0.600890517 -0.433589399 0.064231716 0.898818433 6.904569149
0.906998694 0.038758252 0.419346124 5.217909813 -0.006892464 0.996988714 -0.077239498 -0.603692114 -0.421077013 0.067165799 0.904534638 6.948760986
0.914311528 0.032392107 0.403714210 5.242209435 -0.000528232 0.996891141 -0.078789458 -0.608073473 -0.405011356 0.071824878 0.911486089 6.988354683
0.920220971 0.033606477 0.389953643 5.261233330 -0.002477915 0.996787250 -0.080056377 -0.612578392 -0.391391248 0.072703280 0.917347848 7.033905029
0.926198125 0.027862130 0.376006126 5.279746056 0.002239515 0.996841729 -0.079382643 -0.616870165 -0.377030373 0.074366137 0.923210502 7.070389271
0.931309521 0.027689401 0.363174617 5.298575401 0.002053956 0.996691048 -0.081257448 -0.621780872 -0.364222884 0.076421782 0.928170919 7.117976189
0.936580896 0.029506400 0.349206984 5.312630177 0.001046981 0.996209204 -0.086983182 -0.626652837 -0.350449771 0.081832401 0.932999671 7.153184891
0.940713704 0.039515223 0.336892158 5.327365398 -0.007020757 0.995246768 -0.097131610 -0.630894184 -0.339129061 0.089007795 0.936519682 7.197519302
0.944082737 0.044895615 0.326637685 5.338714123 -0.011946604 0.994693279 -0.102188982 -0.641861558 -0.329492211 0.092572659 0.939609051 7.252270222
0.948401153 0.044718992 0.313903689 5.352977753 -0.012920992 0.994632781 -0.102657907 -0.646786094 -0.316809654 0.093304925 0.943888664 7.295861244
0.952128530 0.045383163 0.302310646 5.366971970 -0.016108457 0.994993150 -0.098635703 -0.652432323 -0.305273414 0.089044109 0.948092461 7.340625286
0.954701304 0.048216861 0.293633342 5.377609253 -0.020944836 0.995225847 -0.095324971 -0.659125090 -0.296827823 0.084856786 0.951153278 7.385555267
0.957082391 0.055099208 0.284529895 5.389904022 -0.026837757 0.994392574 -0.102289073 -0.664085150 -0.288570493 0.090262920 0.953194499 7.428160667
0.959024072 0.059745897 0.276953548 5.402855396 -0.030085649 0.993461132 -0.110135294 -0.668126762 -0.281722724 0.097290084 0.954550683 7.470475674
0.959711909 0.063444607 0.273729652 5.415410042 -0.033518158 0.993068576 -0.112655252 -0.673631430 -0.278979689 0.098941676 0.955186367 7.516116619
0.958699763 0.059817452 0.278058648 5.420571804 -0.031672079 0.994006157 -0.104635827 -0.684742093 -0.282651126 0.091507629 0.954847991 7.559815884
0.958113134 0.060114019 0.280009866 5.433285236 -0.033115830 0.994418681 -0.100174256 -0.690532327 -0.284468949 0.086705528 0.954756260 7.603784084
0.958016455 0.059062213 0.280563980 5.451530457 -0.032282412 0.994550288 -0.099133462 -0.694044113 -0.284889996 0.085914187 0.954702258 7.651759624
0.957322717 0.058133636 0.283114344 5.465213776 -0.030851446 0.994520068 -0.099889956 -0.698968053 -0.287369907 0.086892448 0.953870177 7.695656776
0.955375552 0.055645883 0.290105313 5.466687202 -0.028224381 0.994799256 -0.097866520 -0.703829288 -0.294042438 0.085311241 0.951977372 7.716031551
0.954061687 0.055854842 0.294357717 5.480081558 -0.028465694 0.994923413 -0.096526273 -0.709066391 -0.298254818 0.083712935 0.950808167 7.759393692
0.952314079 0.057676747 0.299618512 5.494021893 -0.029615384 0.994807541 -0.097370811 -0.713811278 -0.303678811 0.083854288 0.949077249 7.804337502
0.950214982 0.058576494 0.306039572 5.507075787 -0.030699093 0.994991720 -0.095126234 -0.719142020 -0.310079038 0.080995232 0.947254300 7.847544670
0.948648036 0.058967300 0.310788900 5.526967049 -0.030764148 0.995012879 -0.094883949 -0.722458601 -0.314833999 0.080450319 0.945731103 7.901198864
0.946331561 0.061500337 0.317291975 5.539780617 -0.032868180 0.994951725 -0.094820112 -0.727381587 -0.321521670 0.079302467 0.943575561 7.943704128
0.944682181 0.063149363 0.321850508 5.551684856 -0.033457458 0.994724870 -0.096969202 -0.731493473 -0.326276243 0.080836765 0.941811681 7.978706360
0.943237603 0.064868249 0.325722128 5.564768791 -0.034137130 0.994481981 -0.099197701 -0.736497700 -0.330359638 0.082447782 0.940247238 8.018867493
0.942565143 0.065383866 0.327560365 5.578268051 -0.033601340 0.994240344 -0.101769984 -0.741017461 -0.332327813 0.084918395 0.939333320 8.056417465
0.942193031 0.062802523 0.329132199 5.592564583 -0.030240100 0.994207084 -0.103139982 -0.745955288 -0.333703071 0.087224789 0.938634217 8.096906662
0.942652166 0.059289679 0.328468502 5.605867386 -0.027228670 0.994476676 -0.101364434 -0.750624180 -0.332664102 0.086607657 0.939060032 8.133805275
0.944222331 0.055784840 0.324549317 5.620144844 -0.025298238 0.994922698 -0.097410306 -0.755667865 -0.328335464 0.083766460 0.940839529 8.174003601
0.946542621 0.054239333 0.317986190 5.631977081 -0.024400983 0.994977355 -0.097080775 -0.760357141 -0.321654618 0.084131904 0.943112075 8.210624695
0.950134456 0.050717954 0.307688862 5.644164085 -0.021748014 0.995060027 -0.096863709 -0.765455246 -0.311081588 0.085341915 0.946543753 8.249267578
0.954726875 0.047025185 0.293743461 5.655315399 -0.019073483 0.995071590 -0.097307585 -0.769337595 -0.296871662 0.087299444 0.950918496 8.285547256
0.959118068 0.046658132 0.279133260 5.665836334 -0.020772567 0.995261788 -0.094985835 -0.773542404 -0.282242596 0.085304327 0.955542922 8.323603630
0.963346541 0.049728643 0.263610482 5.675817490 -0.026922651 0.995628834 -0.089432850 -0.778093934 -0.266905576 0.079057738 0.960474551 8.363280296
0.967462957 0.048101239 0.248398304 5.682650566 -0.028541721 0.996243775 -0.081753790 -0.782580554 -0.251397699 0.072004050 0.965201855 8.394951820
0.971677482 0.045692675 0.231851146 5.691705704 -0.029311866 0.996855974 -0.073613316 -0.786677837 -0.234485805 0.064732410 0.969961941 8.435269356
0.975555420 0.043728534 0.215358719 5.698831081 -0.030181868 0.997376680 -0.065795958 -0.789798200 -0.217670888 0.057687681 0.974315882 8.471056938
0.979073167 0.044513673 0.198580772 5.706268311 -0.033294607 0.997673929 -0.059483461 -0.793159783 -0.200766712 0.051626991 0.978277743 8.510411263
0.982443631 0.044866223 0.181084037 5.712794781 -0.035110779 0.997772396 -0.056724541 -0.796324968 -0.183225662 0.049370673 0.981830299 8.547564507
0.985780656 0.040567789 0.163066283 5.717988014 -0.031943880 0.997966051 -0.055165399 -0.798128963 -0.164972574 0.049172010 0.985071659 8.582897186
0.988435388 0.040407240 0.146159798 5.722448349 -0.032835551 0.998008907 -0.053851742 -0.800377727 -0.148044810 0.048429735 0.987794161 8.620908737
0.990681350 0.045123447 0.128508016 5.730346203 -0.038746677 0.997910857 -0.051697638 -0.803611696 -0.130572319 0.046236627 0.990360081 8.666083336
0.992384374 0.047453538 0.113672100 5.733951569 -0.042318244 0.997989953 -0.047172435 -0.806321442 -0.115682118 0.042002779 0.992397845 8.702514648
0.993753076 0.043732919 0.102675192 5.736777782 -0.039453894 0.998280883 -0.043343488 -0.808526158 -0.104394227 0.039021790 0.993770182 8.736231804
0.994977772 0.041618511 0.091033131 5.740523338 -0.037878729 0.998381078 -0.042431083 -0.810586929 -0.092651680 0.038769770 0.994943500 8.771762848
0.995621562 0.045940287 0.081407502 5.741883755 -0.042370912 0.998085976 -0.045044601 -0.813006103 -0.083321065 0.041398067 0.995662510 8.806637764
0.996220231 0.049799263 0.071171150 5.743896484 -0.046229128 0.997630179 -0.050959662 -0.815297544 -0.073540241 0.047476862 0.996161580 8.841081619
0.996761262 0.051570065 0.061706107 5.745705605 -0.047849361 0.997031093 -0.060327474 -0.817732334 -0.064634010 0.057179481 0.996269584 8.876916885
0.997922957 0.038416784 0.051710375 5.752142429 -0.035006750 0.997250795 -0.065308683 -0.820756137 -0.054077167 0.063362822 0.996524394 8.898471832
0.998278260 0.037250835 0.045310907 5.753431797 -0.034314513 0.997363508 -0.063940451 -0.822771430 -0.047573287 0.062275529 0.996924579 8.934062004
0.998460889 0.039245076 0.039189249 5.754539013 -0.037056990 0.997794032 -0.055080183 -0.825374424 -0.041264426 0.053543162 0.997712672 8.970086098
0.998399436 0.043704104 0.035895608 5.754341602 -0.042153057 0.998190343 -0.042885963 -0.827801764 -0.037704941 0.041304216 0.998434901 9.005310059
0.998490930 0.043530237 0.033481207 5.755677700 -0.042382769 0.998514175 -0.034250572 -0.830071092 -0.034922391 0.032779854 0.998852253 9.040813446
0.998704791 0.038891446 0.032806251 5.756258488 -0.037771437 0.998704553 -0.034095660 -0.833363831 -0.034089781 0.032812357 0.998879969 9.080983162
0.998866260 0.035268243 0.031975552 5.756817818 -0.034075245 0.998729765 -0.037116878 -0.835346341 -0.033243995 0.035985220 0.998799145 9.115765572
0.999045491 0.031306889 0.030460170 5.756039619 -0.030170189 0.998856485 -0.037087712 -0.837960184 -0.031586442 0.036133327 0.998847663 9.161516190
0.998969615 0.034595389 0.029374067 5.756027222 -0.033569265 0.998832643 -0.034735423 -0.838919163 -0.030541461 0.033713568 0.998964727 9.197403908
0.999099791 0.033452429 0.026088214 5.757425785 -0.032658543 0.999007583 -0.030285390 -0.841144323 -0.027075440 0.029406119 0.999200881 9.231018066
0.999179542 0.033009581 0.023464711 5.757699013 -0.032421678 0.999161363 -0.025008505 -0.842766523 -0.024270553 0.024227224 0.999411762 9.268013000
0.999350548 0.030962145 0.018441426 5.758556366 -0.030548556 0.999284565 -0.022301892 -0.844273865 -0.019118749 0.021724049 0.999581099 9.301723480
0.999474943 0.029966746 0.012322299 5.758778095 -0.029707585 0.999344230 -0.020703152 -0.845198512 -0.012934625 0.020326216 0.999709666 9.337759972
0.999589264 0.028333720 0.004285549 5.758487225 -0.028253864 0.999444604 -0.017669728 -0.846391737 -0.004783818 0.017541392 0.999834716 9.372740746
0.999645710 0.025888968 -0.006175039 5.758227348 -0.025986388 0.999530196 -0.016255686 -0.847653449 0.005751294 0.016410394 0.999848783 9.409481049
0.999468923 0.027377535 -0.017670132 5.756863594 -0.027685910 0.999464333 -0.017449364 -0.849176884 0.017182944 0.017929308 0.999691606 9.443982124
0.999140978 0.028831081 -0.029766610 5.755084038 -0.029449005 0.999355316 -0.020533191 -0.850592017 0.029155429 0.021392148 0.999345958 9.480824471
0.998992324 0.027403040 -0.035543345 5.737890244 -0.028120980 0.999407232 -0.019858832 -0.856664181 0.034978084 0.020838337 0.999170721 9.510190010
0.998515487 0.025890974 -0.047923423 5.735722542 -0.026876643 0.999437928 -0.020038640 -0.857807159 0.047377672 0.021296915 0.998649895 9.547122002
0.997876406 0.025470983 -0.059948482 5.733064175 -0.026511313 0.999510229 -0.016622743 -0.859127879 0.059495732 0.018176755 0.998062968 9.585536003
0.997040927 0.027344977 -0.071844198 5.729896545 -0.028475439 0.999485493 -0.014757871 -0.860087752 0.071403667 0.016759994 0.997306705 9.619847298
0.996057510 0.029082295 -0.083806895 5.726452827 -0.030265799 0.999458790 -0.012885926 -0.861225426 0.083386764 0.015371604 0.996398747 9.657577515
0.995366275 0.035061061 -0.089535855 5.707379818 -0.036049556 0.999305367 -0.009446569 -0.864723325 0.089142457 0.012630524 0.995938778 9.734832764
0.994498730 0.039441660 -0.097039528 5.702816486 -0.040506274 0.999138534 -0.009024739 -0.865494728 0.096599966 0.012905801 0.995239615 9.773260117
0.994003594 0.037926804 -0.102558844 5.703223705 -0.038681522 0.999237061 -0.005379312 -0.865406930 0.102276579 0.009314188 0.994712353 9.788296700
0.993868470 0.035440054 -0.104735821 5.698842049 -0.035958048 0.999348521 -0.003061037 -0.865938127 0.104559116 0.006808364 0.994495332 9.827854156
0.994021595 0.032898914 -0.104110636 5.691203117 -0.033652205 0.999418497 -0.005486737 -0.867604852 0.103869595 0.008957486 0.994550586 9.880960464
0.994234085 0.031593118 -0.102472089 5.686380863 -0.032392405 0.999456346 -0.006145000 -0.868657231 0.102222234 0.009428889 0.994716883 9.921191216
0.994345605 0.027314413 -0.102619663 5.683990479 -0.028456775 0.999548078 -0.009684338 -0.868428111 0.102308773 0.012549799 0.994673550 9.953403473
0.994509101 0.024203761 -0.101813130 5.679475307 -0.025282150 0.999636948 -0.009314659 -0.868920207 0.101550713 0.011837568 0.994759917 9.993372917
0.994685352 0.021281848 -0.100739285 5.675512314 -0.021846706 0.999751151 -0.004507060 -0.869782746 0.100618318 0.006683927 0.994902670 10.033597946
0.994775593 0.020972427 -0.099908806 5.671810150 -0.021185026 0.999774992 -0.001067338 -0.870728970 0.099863954 0.003178334 0.994996011 10.073857307
0.994982183 0.020488283 -0.097931810 5.667859077 -0.020486744 0.999789596 0.001021342 -0.871414244 0.097932145 0.000990087 0.995192587 10.111014366
0.995220959 0.025965577 -0.094132528 5.662214279 -0.026003959 0.999661446 0.000819027 -0.871699810 0.094121933 0.001632706 0.995559394 10.144720078
0.994791687 0.018068818 -0.100314520 5.669857979 -0.017879225 0.999836266 0.002788814 -0.873048186 0.100348510 -0.000980744 0.994951785 10.192785263
0.995031953 0.019365009 -0.097654372 5.665270805 -0.019315733 0.999812424 0.001450057 -0.873929739 0.097664133 0.000443413 0.995219290 10.233112335
0.995130837 0.016024005 -0.097252399 5.661659241 -0.016270006 0.999866068 -0.001736932 -0.874896049 0.097211562 0.003310770 0.995258152 10.274931908
0.995209873 0.017299296 -0.096218556 5.657860756 -0.018177185 0.999800801 -0.008254824 -0.875654340 0.096056558 0.009964268 0.995325983 10.307578087
0.995229781 0.019740134 -0.095540032 5.654434204 -0.020891348 0.999720514 -0.011064211 -0.876243711 0.095294923 0.013007395 0.995364010 10.349138260
0.995397329 0.020588558 -0.093596205 5.650446892 -0.021346293 0.999746859 -0.007101759 -0.877303243 0.093426317 0.009067004 0.995584905 10.383878708
0.995560646 0.023956848 -0.091022134 5.645577431 -0.024398752 0.999695241 -0.003745106 -0.878070235 0.090904683 0.005949307 0.995841801 10.424909592
0.995633066 0.027511533 -0.089206845 5.642446518 -0.027814928 0.999610782 -0.002159488 -0.879413307 0.089112706 0.004631340 0.996010780 10.461037636
0.996039212 0.029763436 -0.083785236 5.639015198 -0.029932957 0.999551594 -0.000767529 -0.880411267 0.083724812 0.003272428 0.996483564 10.500473022
0.996579409 0.030780753 -0.076694384 5.636312962 -0.030824795 0.999524653 0.000609798 -0.881543875 0.076676697 0.001756376 0.997054517 10.541919708
0.997276664 0.027468087 -0.068444572 5.637698650 -0.027741594 0.999610424 -0.003048587 -0.876450479 0.068334162 0.004939046 0.997650266 10.541615486
0.998110414 0.022229802 -0.057283081 5.635373592 -0.022704989 0.999712825 -0.007657896 -0.876155853 0.057096396 0.008944037 0.998328626 10.582429886
0.998644471 0.023834322 -0.046274163 5.633718491 -0.024300398 0.999659240 -0.009535644 -0.878258467 0.046031125 0.010647198 0.998883247 10.622861862
0.999016583 0.028151616 -0.034254599 5.632150650 -0.028447606 0.999561727 -0.008184101 -0.879488826 0.034009200 0.009150514 0.999379575 10.659293175
0.999467611 0.022265222 -0.023843473 5.632671356 -0.022317315 0.999749064 -0.001920736 -0.880586803 0.023794718 0.002451837 0.999713838 10.700630188
0.999740481 0.018300474 -0.013562826 5.631442547 -0.018228656 0.999819279 0.005400011 -0.881369352 0.013659197 -0.005151375 0.999893367 10.738105774
0.999828577 0.017695703 -0.005441796 5.630826473 -0.017637208 0.999788165 0.010615919 -0.881632745 0.005628499 -0.010518122 0.999928772 10.779172897
0.999723494 0.023468902 -0.001418286 5.631242275 -0.023448803 0.999642670 0.012827576 -0.881740212 0.001718826 -0.012790772 0.999916732 10.816496849
0.999756575 0.022058859 0.000455457 5.631785870 -0.022063164 0.999649286 0.014648872 -0.882347882 -0.000132160 -0.014655352 0.999892652 10.855551720
0.999749660 0.022244684 0.002443700 5.632250309 -0.022279644 0.999633789 0.015357193 -0.882375240 -0.002101189 -0.015407791 0.999879062 10.893957138
0.999737024 0.022758173 0.002835243 5.632616520 -0.022795599 0.999642730 0.013952225 -0.882835031 -0.002516703 -0.014013187 0.999898612 10.932817459
0.999637365 0.026642043 0.003898785 5.631933689 -0.026687004 0.999572098 0.011973809 -0.882625937 -0.003578111 -0.012073514 0.999920845 10.975213051
0.999591649 0.028374072 0.003353603 5.631805420 -0.028413894 0.999518156 0.012491461 -0.882389724 -0.002997553 -0.012581649 0.999916434 11.014356613
0.999585569 0.028732406 0.001728850 5.631538391 -0.028754720 0.999478638 0.014683703 -0.883125603 -0.001306050 -0.014727332 0.999890625 11.054411888
0.999677241 0.025404647 -0.000070138 5.631688118 -0.025399802 0.999533415 0.016964473 -0.883758187 0.000501082 -0.016957216 0.999856055 11.093878746
