0.994508088 0.104504876 -0.005711426 0.083437078 -0.084531307 0.769859374 -0.632590771 1.235240936 -0.061711829 0.629599333 0.774465203 2.559708595
0.994384825 0.105690874 -0.005312286 0.070997141 -0.085182093 0.769623756 -0.632790029 0.739927292 -0.062791675 0.629689276 0.774305224 3.136037111
0.994173646 0.107654117 -0.005421331 0.059425727 -0.086739533 0.769144595 -0.633160949 0.252223015 -0.063992597 0.629942179 0.774001181 3.714211464
0.994172275 0.107685976 -0.005017770 0.051678851 -0.086497612 0.769048214 -0.633311093 -0.220350266 -0.064339824 0.630054295 0.773881018 4.268938065
0.994164944 0.107762463 -0.004834594 0.050651409 -0.086491585 0.769544423 -0.632708907 -0.687347054 -0.064461835 0.629435122 0.774374604 4.816558838
0.994068265 0.108702876 -0.003448383 0.029279554 -0.086515829 0.771163046 -0.630731761 -1.131832123 -0.065903082 0.627288759 0.775993288 5.347100258
0.994116247 0.108294941 -0.002255121 0.035796918 -0.085723549 0.773849487 -0.627541423 -1.556897998 -0.066214435 0.624042392 0.778579950 5.839990139
0.998369336 0.057084084 -0.000159214 0.011336154 -0.044380832 0.774436176 -0.631093383 -1.979865074 -0.035902090 0.630071282 0.775706828 6.393355370
0.998422503 0.056139145 0.000919374 0.014291417 -0.043040320 0.775772512 -0.629543006 -2.380499363 -0.036055237 0.628510356 0.776964962 6.867565155
0.998383880 0.056792021 0.001982718 0.013418170 -0.042869911 0.775623739 -0.629738152 -2.758165836 -0.037301935 0.628635585 0.776804924 7.306151390
0.998322427 0.057815976 0.003142306 0.009976210 -0.042837344 0.774016380 -0.631714821 -3.124567509 -0.038955409 0.630520403 0.775194466 7.734869480
0.998323917 0.057724331 0.004152646 0.009265941 -0.042005796 0.772094727 -0.634117544 -3.472209692 -0.039810255 0.632880330 0.773225367 8.145463943
0.998423100 0.055925712 0.004865300 0.024612788 -0.040108923 0.771310449 -0.635194004 -3.775945902 -0.039276339 0.633997321 0.772337258 8.493190765
0.998609126 0.052228812 0.007209532 0.022432916 -0.035666730 0.769897342 -0.637170315 -4.110404968 -0.038829248 0.636026919 0.770689309 8.890922546
0.998701811 0.050188296 0.008702388 0.033185169 -0.033090353 0.769134164 -0.638230145 -4.390053749 -0.038724985 0.637113690 0.769796431 9.217142105
0.998435557 0.054799162 0.011111000 0.026922882 -0.035030980 0.767938316 -0.639565051 -4.677067280 -0.043580193 0.638175189 0.768656671 9.535442352
0.998156905 0.059071731 0.013904212 0.025602996 -0.036475945 0.767103910 -0.640484989 -4.919851303 -0.048500534 0.638797283 0.767844796 9.825112343
0.998086989 0.059309535 0.017457193 0.032385215 -0.034451891 0.768006623 -0.639514625 -5.161632061 -0.051336553 0.637689769 0.768580735 10.089521408
0.998277009 0.055209525 0.019872908 0.057364061 -0.029753488 0.768191814 -0.639528096 -5.368368626 -0.050574243 0.637834847 0.768510938 10.332365036
0.998458385 0.050537955 0.022955410 0.064353794 -0.024184190 0.768320799 -0.639607906 -5.568646908 -0.049961600 0.638066649 0.768358529 10.565608978
0.998553336 0.047343992 0.025490895 0.070200250 -0.020169904 0.769257605 -0.638620317 -5.728044510 -0.049843896 0.637182295 0.769099712 10.750833511
0.998522997 0.046504028 0.028091762 0.087271124 -0.017928638 0.770133734 -0.637630343 -5.896297455 -0.051286802 0.636184931 0.769829988 10.930268288
0.998435974 0.047107831 0.030106563 0.090461344 -0.017071009 0.769685030 -0.638195574 -6.031167507 -0.053236578 0.636683524 0.769285381 11.079521179
0.998313308 0.048312381 0.032192495 0.097693145 -0.016566802 0.768525839 -0.639604211 -6.147341728 -0.055641562 0.637992084 0.768030047 11.216759682
0.998111665 0.050487880 0.034987558 0.096774548 -0.016400356 0.767947197 -0.640303016 -6.260770321 -0.059196148 0.638520122 0.767325103 11.344572067
0.997916579 0.053181522 0.036527552 0.101432830 -0.017462296 0.767668724 -0.640608847 -6.385511398 -0.062109619 0.638636351 0.766997993 11.480562210
0.997779965 0.054709002 0.037975762 0.101552993 -0.017611697 0.766686857 -0.641779661 -6.487838745 -0.064226642 0.639685988 0.765948296 11.592984200
0.997774959 0.053623617 0.039619010 0.117673814 -0.015608420 0.765595198 -0.643133223 -6.596079350 -0.064819247 0.641083837 0.764728725 11.713766098
0.997757494 0.052459527 0.041570988 0.118686020 -0.013351937 0.764584243 -0.644385517 -6.684561729 -0.065588675 0.642385364 0.763570070 11.818142891
0.997777581 0.051363267 0.042444699 0.130737484 -0.011897496 0.764106750 -0.644980133 -6.780619144 -0.065560579 0.643041670 0.763019741 11.923585892
0.997653246 0.052483156 0.043969959 0.133725107 -0.011662481 0.763076067 -0.646203637 -6.864038467 -0.067467242 0.644174278 0.761897504 12.020480156
0.997553945 0.053232070 0.045301311 0.135601878 -0.011239856 0.761823297 -0.647687256 -6.938103676 -0.068989344 0.645593882 0.760558307 12.103128433
0.997531950 0.053044509 0.046000209 0.145551592 -0.010498472 0.760481000 -0.649275243 -7.019463062 -0.069422789 0.647190034 0.759161115 12.190966606
0.997579217 0.051836282 0.046351060 0.153630495 -0.009206311 0.759150982 -0.650849402 -7.098161697 -0.068925083 0.648847282 0.757790565 12.273087502
0.997630358 0.051286928 0.045860250 0.155703425 -0.008947905 0.757626355 -0.652627170 -7.172553539 -0.068216197 0.650670469 0.756289959 12.368463516
0.997767508 0.050539017 0.043657869 0.163525581 -0.009774369 0.757178128 -0.653135419 -7.257469654 -0.066065632 0.651250601 0.755981565 12.451797485
0.997896314 0.050641652 0.040476490 0.166473299 -0.011885698 0.756677091 -0.653680801 -7.341657162 -0.063731134 0.651824594 0.755687118 12.545692444
0.998011112 0.051538929 0.036298953 0.175297856 -0.015197833 0.755550802 -0.654913902 -7.459629536 -0.061179254 0.653059483 0.754831314 12.690792084
0.998205483 0.051412784 0.030703709 0.169423729 -0.018717146 0.754906356 -0.655565679 -7.541982651 -0.056882873 0.653814316 0.754513860 12.779937744
0.994525969 0.102094270 0.022243101 0.164928347 -0.063107654 0.756553531 -0.650879502 -7.618136883 -0.083279163 0.645912826 0.758855164 12.908371925
0.994588614 0.102802970 0.015006032 0.161569878 -0.068310916 0.755925894 -0.651083529 -7.696999550 -0.078276776 0.646535099 0.758857846 13.004788399
0.994746923 0.102149449 0.006637005 0.158957243 -0.073220350 0.755343318 -0.651225924 -7.782738686 -0.071535580 0.647318959 0.758854985 13.102297783
0.998720586 0.050546963 -0.001482329 0.146382466 -0.039056011 0.752395868 -0.657552302 -7.885436058 -0.032121975 0.656768858 0.753407419 13.177273750
0.998696506 0.048794445 -0.014979992 0.141303807 -0.046580840 0.751278222 -0.658339739 -7.971699715 -0.020869173 0.658179402 0.752571881 13.283361435
0.998363435 0.048198622 -0.030776201 0.117725670 -0.056523338 0.749983609 -0.659036994 -8.076115608 -0.008683044 0.659698069 0.751480579 13.410635948
0.998331904 -0.029200653 -0.049806938 0.105366766 -0.011207729 0.748245239 -0.663327575 -8.180676460 0.056637421 0.662779331 0.746669829 13.554799080
0.997020960 -0.028623266 -0.071623772 0.069417953 -0.026105762 0.748562694 -0.662549853 -8.299922943 0.072579250 0.662445903 0.745585442 13.683300018
0.995071709 -0.027727006 -0.095202141 0.025416017 -0.042316370 0.749545038 -0.660599411 -8.443136215 0.089674719 0.661372423 0.744677782 13.837838173
0.992161274 -0.026603367 -0.122099258 -0.027070642 -0.060898576 0.750267386 -0.658323824 -8.580534935 0.109120712 0.660599113 0.742766201 13.991314888
0.988019824 -0.025628395 -0.152184024 -0.090341806 -0.081291579 0.751791060 -0.654371321 -8.744417191 0.131181046 0.658903182 0.740701139 14.164895058
0.982387424 -0.026016258 -0.185035199 -0.173624992 -0.102299213 0.753784955 -0.649109483 -8.904108047 0.156364113 0.656606078 0.737847507 14.348191261
0.969776869 -0.099854514 -0.222624749 -0.236440659 -0.072464854 0.753380120 -0.653580308 -9.076485634 0.232984021 0.649959505 0.723374724 14.569137573
0.959816992 -0.098312557 -0.262841970 -0.333962440 -0.099492393 0.756569505 -0.646300077 -9.246046066 0.262397647 0.646480560 0.716386914 14.747071266
0.947886109 -0.094362885 -0.304315060 -0.466231823 -0.129229516 0.759171844 -0.637932539 -9.442935944 0.291224539 0.644014001 0.707413852 14.953323364
0.933719635 -0.090673007 -0.346332431 -0.607687473 -0.159311116 0.761098027 -0.628768504 -9.630323410 0.320605129 0.642268240 0.696206868 15.154308319
0.907274127 -0.159188479 -0.389246225 -0.759399891 -0.140183359 0.758168697 -0.636811614 -9.863774300 0.396487355 0.632328451 0.665551186 15.418912888
0.888077378 -0.155037880 -0.432760775 -0.929533005 -0.171077728 0.762322664 -0.624176681 -10.064720154 0.426674426 0.628352880 0.650477946 15.603341103
0.870891988 -0.144577846 -0.469727993 -1.054913998 -0.220897928 0.738626540 -0.636894643 -10.345842361 0.439034432 0.658428490 0.611327112 15.786500931
0.847090721 -0.139982790 -0.512681246 -1.272436619 -0.254649609 0.739819765 -0.622752190 -10.547988892 0.466466278 0.658081770 0.591047943 15.966492653
0.826322377 -0.106497563 -0.553036571 -1.490177155 -0.312772572 0.729836881 -0.607874453 -10.840066910 0.468363702 0.675275028 0.569770992 16.118274689
0.796322882 -0.102787480 -0.596074224 -1.745532036 -0.347253025 0.729193687 -0.589654028 -11.054252625 0.495262593 0.676543593 0.544980407 16.291704178
0.779616416 -0.030560946 -0.625511229 -1.963706017 -0.441996545 0.680741370 -0.584149182 -11.432507515 0.443663478 0.731886089 0.517209291 16.354551315
0.743663430 -0.027302269 -0.667996466 -2.282819748 -0.475493550 0.680776656 -0.557179451 -11.654792786 0.469968587 0.731981993 0.493286639 16.555755615
0.724713266 -0.031915162 -0.688311100 -2.536253929 -0.498689055 0.665045440 -0.555899203 -11.986293793 0.475499719 0.746120632 0.466051489 16.706806183
0.686073899 -0.032163318 -0.726820648 -2.891347885 -0.527918637 0.665404201 -0.527768195 -12.208683968 0.500604153 0.745790124 0.439536810 16.880228043
0.664458632 -0.067881584 -0.744235814 -3.271510124 -0.530070007 0.659194350 -0.533374846 -12.429606438 0.526802421 0.748902500 0.402025342 17.090467453
0.621670663 -0.068154484 -0.780308068 -3.671881676 -0.557293355 0.661547124 -0.501776457 -12.672630310 0.550408959 0.746800125 0.373282373 17.260971069
0.580862045 -0.073812053 -0.810648441 -4.191007614 -0.565965354 0.679149091 -0.467375368 -12.857654572 0.585049152 0.730279624 0.352716863 17.409538269
0.533798397 -0.073667772 -0.842396855 -4.661614418 -0.593351603 0.677149594 -0.435203791 -13.073221207 0.602489173 0.732148647 0.317750514 17.562385559
0.482878298 -0.084342793 -0.871616364 -5.201617718 -0.560798585 0.734678149 -0.381776184 -13.189723015 0.672557473 0.673152506 0.307460815 17.671056747
0.431263536 -0.085626900 -0.898153543 -5.725265503 -0.579953611 0.736264169 -0.348667413 -13.371428490 0.691133559 0.671254814 0.267864287 17.797529221
0.379082054 -0.086400829 -0.921320617 -6.250308514 -0.598874271 0.736102283 -0.315440983 -13.532489777 0.705440581 0.671333253 0.227299914 17.903356552
0.328369111 -0.080790676 -0.941087961 -6.866533756 -0.616673231 0.736352324 -0.278387189 -13.676521301 0.715463400 0.671757579 0.191973865 17.993085861
0.258656472 -0.071747690 -0.963301122 -7.500722408 -0.608614624 0.762300313 -0.220196381 -13.729062080 0.750123262 0.643234432 0.153507203 18.112564087
0.210291967 -0.070773147 -0.975073516 -8.121360779 -0.616435826 0.764524996 -0.188436389 -13.844135284 0.758804321 0.640697002 0.117146336 18.168033600
0.188464895 -0.084144749 -0.978468478 -8.745652199 -0.639987886 0.745194077 -0.187353373 -13.975473404 0.744913757 0.661517501 0.086591318 18.194225311
0.109716699 -0.062704667 -0.991983175 -9.498287201 -0.631602228 0.766215444 -0.118290924 -14.052388191 0.767489970 0.639517069 0.044462230 18.239244461
0.071614183 -0.066008560 -0.995245814 -10.205671310 -0.644393504 0.758558035 -0.096678659 -14.114213943 0.761333346 0.648253500 0.011788025 18.245666504
0.046331882 -0.066848643 -0.996686816 -10.906352043 -0.644161999 0.760592580 -0.080958061 -14.147832870 0.763484538 0.645778716 -0.007821684 18.218503952
0.022638263 -0.061595716 -0.997844398 -11.651641846 -0.652620435 0.755191207 -0.061423138 -14.193335533 0.757346690 0.652604222 -0.023102410 18.190200806
0.029196952 -0.064686872 -0.997478366 -12.376214981 -0.648960948 0.757764518 -0.068136908 -14.258864403 0.760261297 0.649313927 -0.019854840 18.147190094
0.021148797 -0.061866987 -0.997860253 -13.168910980 -0.650092006 0.757424057 -0.060738169 -14.316864967 0.759561121 0.649985552 -0.024200626 18.119365692
0.017104276 -0.064982660 -0.997739732 -14.032278061 -0.649324834 0.758100510 -0.060506366 -14.379421234 0.760318875 0.648892164 -0.029228095 18.095449448
0.016896455 -0.069198251 -0.997459829 -14.825965881 -0.643820047 0.762512088 -0.063804857 -14.437043190 0.764990330 0.643262744 -0.031667475 18.069198608
0.020556422 -0.071471065 -0.997230887 -15.734924316 -0.634375513 0.770005226 -0.068262614 -14.503863335 0.772751629 0.634022057 -0.029510939 18.041416168
0.025241019 -0.071495391 -0.997121513 -16.562782288 -0.633486688 0.770463407 -0.071279608 -14.577089310 0.773341775 0.633462369 -0.025844095 18.036640167
0.031439684 -0.072521001 -0.996871233 -17.506694794 -0.634645939 0.769060493 -0.075963773 -14.646913528 0.772163153 0.635048628 -0.021846140 17.986675262
0.013823159 -0.069827057 -0.997463346 -18.363588333 -0.634899437 0.770045757 -0.062705427 -14.590949059 0.772471011 0.634155691 -0.033688702 17.938316345
0.017046627 -0.080675192 -0.996594727 -19.366579056 -0.636582792 0.767741919 -0.073038049 -14.649578094 0.771019816 0.635660172 -0.038269039 17.899265289
0.021095948 -0.089243613 -0.995786369 -20.252220154 -0.636847734 0.766595602 -0.082195006 -14.732372284 0.770700812 0.635898292 -0.040662527 17.856298447
0.020710409 -0.091927320 -0.995550334 -21.276487350 -0.641141593 0.762836099 -0.083776571 -14.807228088 0.767143130 0.640023768 -0.043139782 17.801507950
0.010431544 -0.084055841 -0.996406555 -22.196376801 -0.663605452 0.744821191 -0.069779746 -14.864934921 0.748010039 0.661948681 -0.048010282 17.745674133
0.006508496 -0.076116875 -0.997077703 -23.274024963 -0.667873204 0.741772294 -0.060986459 -14.919193268 0.744246721 0.666318357 -0.046008598 17.674528122
0.001972135 -0.066296309 -0.997798026 -24.257200241 -0.669015646 0.741524518 -0.050591137 -14.976869583 0.743245721 0.667642295 -0.042890880 17.617185593
0.001280244 -0.056543794 -0.998399317 -25.368148804 -0.670260847 0.740889251 -0.042819329 -15.023693085 0.742124498 0.669242859 -0.036950573 17.552364349
-0.007711479 -0.045080546 -0.998953581 -26.337665558 -0.686639786 0.726478100 -0.027483778 -15.103237152 0.726956904 0.685709357 -0.036556311 17.488313675
-0.008581819 -0.044339705 -0.998979688 -27.462726593 -0.686232805 0.726903856 -0.026368482 -15.132636070 0.727331281 0.685306430 -0.036665518 17.430356979
-0.007426711 -0.049067978 -0.998767853 -28.473415375 -0.679084063 0.733406305 -0.030981582 -15.169515610 0.734022856 0.678017199 -0.038768083 17.390880585
-0.009312329 -0.053974740 -0.998498857 -29.596975327 -0.679487824 0.732931495 -0.033282131 -15.203433990 0.733627677 0.678157866 -0.043500476 17.319322586
-0.023852838 -0.053129230 -0.998302698 -30.590137482 -0.691960514 0.721604049 -0.021870157 -15.258242607 0.721541226 0.690264463 -0.053975619 17.254989624
-0.029224005 -0.057958953 -0.997891128 -31.690689087 -0.692520857 0.721074522 -0.021600049 -15.281906128 0.720805764 0.690429032 -0.061210457 17.177093506
-0.036209553 -0.059783023 -0.997554421 -32.749504089 -0.693073630 0.720641255 -0.018030323 -15.305183411 0.719956815 0.690725803 -0.067528136 17.097990036
-0.042297799 -0.057829253 -0.997430027 -33.884616852 -0.693656564 0.720200121 -0.012340203 -15.312797546 0.719062924 0.691351891 -0.070576534 17.006772995
-0.048726555 -0.052514605 -0.997430682 -34.947528839 -0.694712579 0.719276667 -0.003931684 -15.331304550 0.717635095 0.692736089 -0.071530432 16.908689499
-0.054025222 -0.049361080 -0.997318864 -36.118041992 -0.696998000 0.717069447 0.002266221 -15.330149651 0.715035021 0.695251584 -0.073144421 16.796525955
-0.057916030 -0.047343995 -0.997198284 -37.282314301 -0.699678063 0.714426696 0.006717586 -15.319045067 0.712106943 0.698106766 -0.074502312 16.681928635
-0.070656434 -0.038441807 -0.996759713 -38.264961243 -0.700727940 0.713083923 0.022170559 -15.257916451 0.709921002 0.700023949 -0.077321224 16.602558136
-0.071529195 -0.037325114 -0.996739924 -39.433925629 -0.703641593 0.710152864 0.023902314 -15.225206375 0.706945539 0.703057408 -0.077060178 16.499197006
-0.073274530 -0.037577763 -0.996603549 -40.501575470 -0.704417825 0.709343493 0.025045402 -15.212270737 0.705993176 0.703860581 -0.078447253 16.389209747
-0.074027620 -0.038087726 -0.996528506 -41.656127930 -0.704756558 0.708999395 0.025254948 -15.184075356 0.705576241 0.704179764 -0.079328120 16.260410309
-0.089387752 -0.025593776 -0.995667934 -42.644977570 -0.698642492 0.714093983 0.044365928 -14.880465508 0.709864974 0.699581861 -0.081712149 16.142499924
-0.089805156 -0.026663369 -0.995602310 -43.839664459 -0.700502276 0.712285519 0.044110775 -14.832002640 0.707976997 0.701383233 -0.082644664 16.032384872
-0.076432042 -0.042486075 -0.996169209 -45.012992859 -0.710575938 0.703192830 0.024528822 -15.107113838 0.699456930 0.709728658 -0.083936051 15.946386337
-0.076063633 -0.046938606 -0.995997608 -46.173828125 -0.714092970 0.699718893 0.021558955 -15.088273048 0.695906401 0.712874711 -0.086741686 15.815306664
-0.074867524 -0.048309952 -0.996022582 -47.397609711 -0.715571642 0.698255360 0.019919619 -15.053547859 0.694515765 0.714216888 -0.086845867 15.714403152
-0.073529251 -0.043607552 -0.996339202 -48.461616516 -0.715767145 0.697983682 0.022274006 -15.042548180 0.694457233 0.714784682 -0.082535066 15.598566055
-0.071884014 -0.040353887 -0.996596277 -49.655399323 -0.715903521 0.697807550 0.023382356 -15.039373398 0.694488823 0.715147734 -0.079050690 15.497023582
-0.106263280 -0.006544417 -0.994316518 -50.302448273 -0.672175467 0.737355709 0.066982694 -13.517776489 0.732726574 0.675472975 -0.082752839 15.270639420
-0.102808490 -0.007282555 -0.994674563 -51.439826965 -0.672150195 0.737637281 0.064072095 -13.432003975 0.733242333 0.675157964 -0.080730349 15.134610176
-0.099468090 -0.007238798 -0.995014429 -52.611454010 -0.675410688 0.734816253 0.062172603 -13.379324913 0.730702698 0.678227603 -0.077979922 15.056776047
-0.092965119 -0.006600864 -0.995647490 -53.834175110 -0.679338634 0.731482804 0.058581360 -13.299055099 0.727912426 0.681827903 -0.072486602 14.946849823
-0.087326713 -0.006831422 -0.996156275 -54.930744171 -0.682184577 0.729123354 0.054802634 -13.249398232 0.725946486 0.684348166 -0.068332233 14.845763206
-0.080690391 -0.008110722 -0.996706247 -56.118629456 -0.683906436 0.727892280 0.049443807 -13.168955803 0.725093901 0.685643435 -0.064280890 14.742178917
-0.094367974 0.006150713 -0.995518327 -57.102359772 -0.672590137 0.736855626 0.068309285 -12.537969589 0.733973563 0.676021993 -0.065398656 14.576731682
-0.088226467 0.005974170 -0.996082485 -58.293071747 -0.672012985 0.737773061 0.063947439 -12.456077576 0.735264897 0.675022304 -0.061076391 14.477293968
-0.083526455 0.006155249 -0.996486545 -59.449462891 -0.671016693 0.738944352 0.060809683 -12.394345284 0.736722410 0.673738360 -0.057591125 14.409253120
-0.077241160 0.007038369 -0.996987581 -60.650630951 -0.670778692 0.739449501 0.057188511 -12.318069458 0.737624347 0.673175335 -0.052394744 14.333189011
-0.071873069 0.008367271 -0.997378647 -61.802337646 -0.671456397 0.739030898 0.054586392 -12.255884171 0.737550378 0.673619628 -0.047498148 14.259241104
-0.066015318 0.006741293 -0.997795820 -63.012916565 -0.671737254 0.739138067 0.049436674 -12.188959122 0.737842083 0.673520267 -0.044266056 14.196101189
-0.071159557 0.010885390 -0.997405529 -64.202323914 -0.659253657 0.749890387 0.055218309 -12.057703018 0.748545885 0.661472559 -0.046185628 14.116098404
-0.066103548 0.006090357 -0.997794151 -65.400024414 -0.659536958 0.750120461 0.048272725 -12.006072044 0.748759806 0.661273122 -0.045568801 14.033488274
-0.069034845 0.011056007 -0.997552991 -66.534858704 -0.649989605 0.758065701 0.053383756 -11.893231392 0.756800950 0.652084351 -0.045146648 13.964996338
-0.064735577 0.013822085 -0.997806728 -67.765129089 -0.649367809 0.758650482 0.052638795 -11.831774712 0.757714212 0.651351094 -0.040136058 13.881150246
-0.063547745 0.013398864 -0.997888863 -68.923736572 -0.649619222 0.758509755 0.051553834 -11.787815094 0.757599175 0.651523948 -0.039497416 13.830176353
-0.062234167 0.012050669 -0.997988880 -70.140014648 -0.651491761 0.757021487 0.049767751 -11.711122513 0.756098688 0.653278768 -0.039261691 13.776371956
-0.061385106 0.013609687 -0.998021364 -71.314552307 -0.652037144 0.756508708 0.050420959 -11.669974327 0.755697966 0.653841972 -0.037564348 13.701905251
-0.059352703 0.012519100 -0.998158634 -72.548454285 -0.653307617 0.755548835 0.048323344 -11.597581863 0.754762471 0.654972732 -0.036665041 13.625856400
-0.068021402 0.013825056 -0.997588098 -73.653930664 -0.644557655 0.762609422 0.054518338 -11.446933746 0.761523664 0.646711528 -0.042962715 13.552105904
-0.069858752 0.012616282 -0.997477114 -74.840881348 -0.642285645 0.764514208 0.054652497 -11.378696442 0.763275027 0.644483149 -0.045304760 13.490222931
-0.068508580 0.012465103 -0.997572601 -76.068511963 -0.640265226 0.766285360 0.053545460 -11.310746193 0.765092731 0.642379284 -0.044516154 13.409227371
-0.069968976 0.012080969 -0.997475982 -77.231636047 -0.636926949 0.769031167 0.053992040 -11.251429558 0.767742395 0.639097095 -0.046113625 13.363235474
-0.070048817 0.015322885 -0.997425914 -78.491539001 -0.636613667 0.769108593 0.056524504 -11.204198837 0.767994821 0.638934433 -0.044120390 13.286644936
-0.062170736 0.031781193 -0.997559428 -79.619400024 -0.650126219 0.757071793 0.064637236 -11.083681107 0.757278442 0.652558029 -0.026405931 13.420440674
-0.060958173 0.033013582 -0.997594237 -80.820625305 -0.652392387 0.755101562 0.064853266 -11.020732880 0.755425870 0.654776096 -0.024491800 13.383993149
-0.060472514 0.031342737 -0.997677624 -82.040733337 -0.652972281 0.754732847 0.063289247 -10.955725670 0.754963756 0.655283153 -0.025174651 13.330610275
-0.060550041 0.028549401 -0.997756779 -83.190635681 -0.652740479 0.755104065 0.061218556 -10.889816284 0.755157948 0.654983044 -0.027086232 13.290759087
-0.058927298 0.032020196 -0.997748613 -84.397918701 -0.654889941 0.753106534 0.062847003 -10.844633102 0.753423333 0.657118917 -0.023408823 13.227024078
-0.059174679 0.033097401 -0.997698784 -85.588401794 -0.653721452 0.754042089 0.063787378 -10.777746201 0.754418075 0.655991733 -0.022983721 13.193643570
-0.058513556 0.036091562 -0.997633934 -86.777870178 -0.653621316 0.753972232 0.065612979 -10.712336540 0.754556417 0.655914068 -0.020527380 13.140926361
-0.052758392 0.042422868 -0.997705817 -87.953475952 -0.657874286 0.750169635 0.066685729 -10.631568909 0.751277685 0.659883201 -0.011668820 13.020453453
-0.052409146 0.042572439 -0.997717857 -89.152046204 -0.658918440 0.749261737 0.066583209 -10.559369087 0.750386238 0.660904348 -0.011216399 12.982767105
-0.052552525 0.040576287 -0.997793436 -90.320831299 -0.658692777 0.749583840 0.065175109 -10.499130249 0.750574470 0.660664439 -0.012665211 12.954216003
-0.052290812 0.039200582 -0.997862339 -91.504325867 -0.657530427 0.750709236 0.063947760 -10.433263779 0.751611054 0.659468710 -0.013479617 12.920513153
-0.051564440 0.040606569 -0.997843742 -92.690055847 -0.656564415 0.751506150 0.064510569 -10.360958099 0.752505243 0.658475220 -0.012090169 12.879642487
-0.052075621 0.043217141 -0.997707605 -93.847755432 -0.655206084 0.752491593 0.066793911 -10.310866356 0.753653169 0.657182395 -0.010870327 12.899169922
-0.052680641 0.045804836 -0.997560322 -95.020797729 -0.654738724 0.752686679 0.069137409 -10.254213333 0.754017174 0.656783581 -0.009661816 12.878037453
-0.052953478 0.045528315 -0.997558594 -96.169929504 -0.652836323 0.754342377 0.069082543 -10.172020912 0.755645752 0.654900551 -0.010222508 12.885848999
-0.052061271 0.047014277 -0.997536600 -97.363960266 -0.654874384 0.752521932 0.069644429 -10.089172363 0.753942609 0.656886876 -0.008388808 12.854795456
-0.052205954 0.046903193 -0.997534275 -98.514648438 -0.655629158 0.751862586 0.069664277 -10.039489746 0.753276229 0.657649398 -0.008500608 12.814914703
-0.051793307 0.042213507 -0.997765183 -99.710678101 -0.657756805 0.750342965 0.065889262 -9.956216812 0.751447558 0.659699500 -0.011096519 12.777803421
-0.051485877 0.040999271 -0.997831821 -100.894004822 -0.658997715 0.749348998 0.064792328 -9.889653206 0.750380754 0.660904706 -0.011562461 12.738993645
-0.049626838 0.042026587 -0.997883260 -101.999351501 -0.662079990 0.746663332 0.064372912 -9.827512741 0.747788250 0.663873136 -0.009229570 12.755936623
-0.049912296 0.042654552 -0.997842312 -103.171546936 -0.661337733 0.747264683 0.065023407 -9.764596939 0.748425841 0.663156271 -0.009088630 12.732339859
-0.049917262 0.044915617 -0.997742891 -104.329711914 -0.660425663 0.747922182 0.066710606 -9.708789825 0.749230385 0.662265062 -0.007670802 12.703516006
-0.049741976 0.047083385 -0.997651696 -105.508575439 -0.659566939 0.748544276 0.068212345 -9.639785767 0.749998152 0.661411107 -0.006179433 12.676543236
-0.050675806 0.045562752 -0.997675359 -106.680503845 -0.662705719 0.745811522 0.067721806 -9.565635681 0.747163355 0.664597094 -0.007599904 12.652384758
-0.051130552 0.046786319 -0.997595489 -107.856552124 -0.664840579 0.743795335 0.068958923 -9.499696732 0.745233297 0.666767955 -0.006925220 12.622445107
-0.051077001 0.046287529 -0.997621477 -109.037933350 -0.667877197 0.741105080 0.068580218 -9.426531792 0.742516756 0.669791520 -0.006939037 12.587287903
-0.051198013 0.042453181 -0.997785807 -110.242599487 -0.668542206 0.740755618 0.065821208 -9.354791641 0.741909683 0.670431793 -0.009543475 12.558111191
-0.049820956 0.041604321 -0.997891247 -111.419914246 -0.670035779 0.739539862 0.064285442 -9.274506569 0.740654945 0.671825767 -0.008968196 12.528762817
-0.050547302 0.041374829 -0.997864306 -112.637031555 -0.668241620 0.741136014 0.064580113 -9.210003853 0.742225051 0.670078814 -0.009814039 12.499391556
-0.050159846 0.040728752 -0.997910380 -113.822837830 -0.665091455 0.744031787 0.063797690 -9.134680748 0.745075285 0.666901708 -0.010232172 12.482197762
-0.050702520 0.042645089 -0.997802854 -115.035697937 -0.664608955 0.744307697 0.065582506 -9.062253952 0.745469093 0.666474044 -0.009395961 12.452346802
-0.051051889 0.046922199 -0.997593045 -116.297340393 -0.664062619 0.744486213 0.069000661 -8.981044769 0.745931923 0.665986955 -0.006848148 12.414824486
-0.052324589 0.046858873 -0.997530162 -117.486183167 -0.662630141 0.745688379 0.069786333 -8.921935081 0.747116745 0.664645076 -0.007967735 12.404925346
-0.052179612 0.042120039 -0.997749031 -118.762741089 -0.662055373 0.746530831 0.066138573 -8.832365036 0.747636259 0.664016247 -0.011067895 12.360693932
-0.053679489 0.039427042 -0.997779489 -119.961769104 -0.662554383 0.746176898 0.065129727 -8.776264191 0.747087777 0.664579213 -0.013931825 12.333696365
-0.054534975 0.037472729 -0.997808516 -121.221443176 -0.661697388 0.747015655 0.064219110 -8.694290161 0.747785032 0.663749456 -0.015942870 12.302179337
-0.056493174 0.038052194 -0.997677565 -122.438873291 -0.662236810 0.746385157 0.065966658 -8.646765709 0.747161925 0.664425492 -0.016966103 12.247874260
-0.056828827 0.042326137 -0.997486353 -123.730979919 -0.665829718 0.742863774 0.069455475 -8.556294441 0.743936419 0.668103099 -0.014034082 12.205353737
-0.056465171 0.045842111 -0.997351527 -124.989280701 -0.669728637 0.739118040 0.071889468 -8.466778755 0.740456104 0.672014177 -0.011032646 12.153547287
-0.056791238 0.045442555 -0.997351348 -126.291458130 -0.675007224 0.734300137 0.071893387 -8.378373146 0.735622108 0.677302301 -0.011027759 12.117379189
-0.056336265 0.043221708 -0.997475863 -127.531211853 -0.677620649 0.732073247 0.069992743 -8.287807465 0.733250618 0.679853380 -0.011954354 12.074733734
-0.056858659 0.041836474 -0.997505188 -128.809906006 -0.679361284 0.730518341 0.069362924 -8.201558113 0.731597781 0.681610346 -0.013114213 12.033790588
-0.057878289 0.041398145 -0.997464955 -130.067932129 -0.678947866 0.730867684 0.069729678 -8.143128395 0.731901586 0.681262493 -0.014194191 11.995553970
-0.057868779 0.040421270 -0.997505546 -131.372848511 -0.677708149 0.732088208 0.068982147 -8.049717903 0.733050466 0.680009544 -0.014971230 11.949073792
-0.060384102 0.041763172 -0.997301161 -132.613388062 -0.677540720 0.731984377 0.071676105 -8.026679039 0.733002245 0.680040240 -0.015903970 11.936253548
-0.060975060 0.046850793 -0.997039139 -133.905166626 -0.677334726 0.731758714 0.075808451 -7.937729836 0.733143687 0.679951668 -0.012885364 11.893719673
-0.062220465 0.050067231 -0.996805787 -135.151580811 -0.676459730 0.732230008 0.079002708 -7.841955185 0.733846605 0.679214597 -0.011691231 11.878630638
-0.061470743 0.048852261 -0.996912658 -136.445297241 -0.677199066 0.731695175 0.077612512 -7.737447739 0.733227670 0.679879189 -0.011895139 11.834363937
-0.060925886 0.046924204 -0.997038722 -137.683151245 -0.676234305 0.732775629 0.075809583 -7.666267395 0.734162927 0.678850532 -0.012913249 11.801514626
-0.059995607 0.046680018 -0.997106612 -138.947586060 -0.675475061 0.733560383 0.074985109 -7.590100288 0.734938025 0.678019464 -0.012479209 11.768895149
-0.059145100 0.045573238 -0.997208536 -140.187667847 -0.675578117 0.733606100 0.073595382 -7.504563332 0.734912276 0.678045094 -0.012600923 11.734368324
-0.057617750 0.048046440 -0.997181952 -141.468292236 -0.675888538 0.733240664 0.074382402 -7.416663170 0.734748125 0.678269625 -0.009773638 11.683465958
-0.057278715 0.051595993 -0.997024000 -142.707534790 -0.676336825 0.732581377 0.076766409 -7.343941689 0.734362066 0.678721130 -0.007065057 11.665281296
-0.055694699 0.052110050 -0.997087061 -143.966110229 -0.677690923 0.731400788 0.076078720 -7.248600006 0.733234704 0.679953992 -0.005420640 11.636683464
-0.054932468 0.049562845 -0.997259200 -145.237030029 -0.679389954 0.730066180 0.073706739 -7.176432610 0.731718361 0.681576788 -0.006431838 11.611720085
-0.053225387 0.044310477 -0.997598946 -146.465148926 -0.678575039 0.731312513 0.068687156 -7.084145546 0.732600152 0.680601656 -0.008856415 11.577353477
-0.053319547 0.043030042 -0.997649908 -147.688598633 -0.676802278 0.733036995 0.067788705 -7.016762733 0.734231234 0.678826332 -0.009962369 11.539466858
-0.053432882 0.042751424 -0.997655869 -148.934753418 -0.676074862 0.733720720 0.067650825 -6.943970680 0.734892905 0.678104877 -0.010301647 11.509072304
-0.054201037 0.043349016 -0.997588634 -150.172698975 -0.674023449 0.735519409 0.068582200 -6.880970001 0.736718893 0.676115334 -0.010647660 11.482806206
-0.053625491 0.041960381 -0.997679055 -151.393447876 -0.672121525 0.737390637 0.067139849 -6.768787384 0.738496423 0.674161971 -0.011340459 11.436379433
-0.053844742 0.042120237 -0.997660577 -152.633331299 -0.671376705 0.738045573 0.067394421 -6.695632935 0.739157617 0.673434913 -0.011461331 11.407773018
-0.053471439 0.044603024 -0.997572839 -153.850830078 -0.669789612 0.739341974 0.068958893 -6.606847763 0.740623176 0.671851218 -0.009659030 11.367042542
-0.053763516 0.045403332 -0.997520864 -155.078536987 -0.668583989 0.740360022 0.069733098 -6.516486168 0.741690695 0.670675516 -0.009448418 11.347572327
-0.053469867 0.043523036 -0.997620523 -156.276718140 -0.666579366 0.742315710 0.068111822 -6.418962479 0.743513882 0.668635130 -0.010679965 11.325334549
-0.054283936 0.043843288 -0.997562528 -157.503067017 -0.667472064 0.741439641 0.068908118 -6.348398209 0.742653608 0.669585824 -0.010984088 11.298519135
-0.053617142 0.048665877 -0.997374952 -158.731948853 -0.667629659 0.740999281 0.072046891 -6.268421173 0.742560327 0.669740021 -0.007239481 11.260756493
-0.053591836 0.054817166 -0.997057140 -159.960586548 -0.671365738 0.737155616 0.076613963 -6.188422203 0.739186049 0.673495829 -0.002703158 11.228726387
-0.053611513 0.055643268 -0.997010350 -161.181396484 -0.674503922 0.734218955 0.077246442 -6.120995522 0.736322105 0.676628649 -0.001830985 11.201969147
-0.052643944 0.051869068 -0.997265339 -162.391601562 -0.677827120 0.731505096 0.073827878 -6.038465500 0.733334064 0.679860175 -0.003351054 11.178500175
-0.050810199 0.046572205 -0.997621834 -163.617187500 -0.678924322 0.730986595 0.068703339 -5.962633133 0.732447982 0.680800736 -0.005522572 11.143030167
-0.049968489 0.044425566 -0.997762263 -164.839706421 -0.680797160 0.729440391 0.066573180 -5.882286072 0.730765641 0.682600260 -0.006204240 11.121004105
-0.048996616 0.041680131 -0.997928858 -166.045989990 -0.677216887 0.733006477 0.063865416 -5.823067665 0.734150231 0.678943574 -0.007688350 11.100394249
-0.048748508 0.038972657 -0.998050392 -167.282028198 -0.674238682 0.735934138 0.061669670 -5.758292198 0.736902833 0.675930560 -0.009598820 11.055315018
-0.049438491 0.036608536 -0.998106122 -168.474822998 -0.669475913 0.740380883 0.060316384 -5.687349319 0.741186738 0.671189845 -0.012094785 11.027940750
-0.050695132 0.039595496 -0.997928858 -169.690383911 -0.667781115 0.741657078 0.063350730 -5.624983788 0.742629409 0.669609725 -0.011157281 11.006324768
-0.049287800 0.048420809 -0.997610211 -170.934341431 -0.667949319 0.741004169 0.068966590 -5.559836388 0.742572844 0.669752359 -0.004179808 11.002773285
-0.047865402 0.051328082 -0.997534096 -172.156204224 -0.669110060 0.739842713 0.070174970 -5.483990669 0.741620302 0.670819044 -0.001068732 10.985895157
-0.045783088 0.047703337 -0.997811735 -173.354003906 -0.670002043 0.739411354 0.066091776 -5.403613091 0.740946174 0.671561778 -0.001891203 10.964564323
-0.044991892 0.048070218 -0.997830093 -174.562866211 -0.671562672 0.738017142 0.065834373 -5.333811760 0.739580512 0.673067451 -0.000922623 10.934885979
-0.042490441 0.049344815 -0.997877538 -175.737731934 -0.670611560 0.738946974 0.065095939 -5.236143112 0.740590751 0.671954215 0.001693020 10.919614792
-0.041945439 0.047151577 -0.998006642 -176.932312012 -0.670733809 0.739008665 0.063105449 -5.167745590 0.740511119 0.672043800 0.000628114 10.905575752
-0.039990760 0.045376297 -0.998169184 -178.104644775 -0.671281517 0.738731205 0.060476661 -5.094006538 0.740122855 0.672471106 0.000917858 10.887538910
-0.038265575 0.047287907 -0.998148024 -179.259109497 -0.671848834 0.738194525 0.060728818 -5.037410736 0.739699185 0.672928452 0.003522881 10.866957664
-0.036335122 0.049372867 -0.998119295 -180.367904663 -0.671986639 0.738049150 0.060970984 -4.982963562 0.739671350 0.672938228 0.006360798 10.839097977
-0.035130236 0.049569577 -0.998152673 -181.477081299 -0.673220575 0.736979544 0.060293540 -4.903811455 0.738606751 0.674094856 0.007480989 10.840352058
-0.035048500 0.050943747 -0.998086393 -182.517425537 -0.673469603 0.736672997 0.061250199 -4.861153603 0.738383532 0.674327612 0.008489779 10.824204445
-0.034461770 0.051766638 -0.998064399 -183.574890137 -0.673251510 0.736854434 0.061464887 -4.788867950 0.738610029 0.674066544 0.009458651 10.797743797
-0.033695266 0.050780602 -0.998141170 -184.577133179 -0.673670828 0.736574411 0.060215119 -4.733866692 0.738263011 0.674447596 0.009390333 10.780879974
-0.032298122 0.050964896 -0.998178005 -185.554702759 -0.674119771 0.736229479 0.059402902 -4.694496155 0.737915576 0.674810171 0.010577612 10.764566422
-0.030812159 0.051543549 -0.998195350 -186.486846924 -0.674624741 0.735813677 0.058819246 -4.650136948 0.737517536 0.675219655 0.012100546 10.757682800
-0.031080123 0.050327692 -0.998248994 -187.449615479 -0.673402309 0.736987829 0.058122095 -4.618194580 0.738622487 0.674029708 0.010985114 10.744968414
-0.033945970 0.047569882 -0.998290896 -188.351593018 -0.671517789 0.738712192 0.058034968 -4.576480865 0.740210414 0.672340035 0.006867723 10.729124069
-0.039681118 0.045990970 -0.998153329 -189.299606323 -0.670577705 0.739349782 0.060724817 -4.556710243 0.740777254 0.671749055 0.001502299 10.711203575
-0.044596117 0.042897157 -0.998083651 -190.212432861 -0.671497464 0.738430321 0.061741050 -4.510019302 0.739663601 0.672964156 -0.004125783 10.688470840
-0.047797803 0.039761927 -0.998065293 -191.143539429 -0.673999727 0.736158311 0.061605968 -4.431112289 0.737183630 0.675640404 -0.008387223 10.677690506
-0.049927101 0.040858112 -0.997916698 -192.057037354 -0.675543666 0.734548092 0.063873246 -4.371853828 0.735627592 0.677325428 -0.009072415 10.633868217
-0.052997991 0.042297512 -0.997698426 -192.979888916 -0.674229205 0.735477090 0.066995829 -4.331471443 0.736618102 0.676228046 -0.010460584 10.627134323
-0.053293817 0.043578710 -0.997627556 -193.894348145 -0.672463536 0.736989081 0.068116777 -4.262808800 0.738209069 0.674498320 -0.009971865 10.595256805
-0.056251761 0.047223274 -0.997299194 -194.809570312 -0.669390500 0.739338636 0.072764911 -4.226732254 0.740778029 0.671675742 -0.009978285 10.571417809
-0.056917373 0.046610471 -0.997290254 -195.709793091 -0.669580638 0.739166737 0.072760858 -4.155447006 0.740555346 0.671907723 -0.010861971 10.548952103
-0.057387218 0.045301270 -0.997323632 -196.594955444 -0.670866013 0.738062501 0.072127350 -4.094042778 0.739354730 0.673209727 -0.011964277 10.523666382
-0.056879789 0.044607867 -0.997383952 -197.509399414 -0.673270881 0.735949099 0.071311168 -4.025774956 0.737204850 0.675565779 -0.011827454 10.495882988
-0.055543549 0.042954553 -0.997531891 -198.413467407 -0.675508678 0.734095573 0.069223747 -3.962270737 0.735257149 0.677686393 -0.011758095 10.458187103
-0.054940704 0.039895035 -0.997692287 -199.332977295 -0.675145984 0.734675527 0.066556498 -3.904428482 0.735635400 0.677244604 -0.013428618 10.439320564
-0.054309320 0.037764117 -0.997809768 -200.237045288 -0.675012827 0.734976232 0.064556628 -3.849135399 0.735804379 0.677040458 -0.014424799 10.410688400
-0.051153403 0.041135442 -0.997843266 -201.155471802 -0.673808277 0.736051857 0.064885341 -3.802170753 0.737133443 0.675674140 -0.009934154 10.389935493
-0.050537445 0.044078253 -0.997749031 -202.091522217 -0.671833813 0.737699926 0.066619247 -3.751323700 0.738975823 0.673688352 -0.007668212 10.367338181
-0.050589487 0.045761440 -0.997670591 -203.028381348 -0.671264827 0.738101602 0.067893684 -3.699829102 0.739489198 0.673135877 -0.006622151 10.343471527
-0.049804159 0.042656992 -0.997847676 -203.972610474 -0.667730808 0.741557062 0.065028332 -3.653795242 0.742734849 0.669532299 -0.008449237 10.324419022
-0.049438972 0.039484579 -0.997996449 -204.916213989 -0.666646838 0.742756367 0.062410805 -3.595876694 0.743732274 0.668396592 -0.010398844 10.304604530
-0.048756201 0.039862860 -0.998014867 -205.879776001 -0.670014560 0.739730835 0.062278785 -3.533196449 0.740745127 0.671720922 -0.009357768 10.280016899
-0.047892947 0.042440824 -0.997950375 -206.841552734 -0.671335161 0.738418162 0.063621685 -3.473404884 0.739604831 0.673006237 -0.006873001 10.284255028
-0.045994990 0.042389058 -0.998041928 -207.816802979 -0.669659972 0.740050733 0.062293023 -3.420483589 0.741242111 0.671213806 -0.005652366 10.265600204
-0.043411810 0.043297116 -0.998118579 -208.792129517 -0.668354452 0.741318941 0.061226629 -3.361224174 0.742575049 0.669754863 -0.003244170 10.253866196
-0.042022713 0.048113145 -0.997957528 -209.781143188 -0.669363320 0.740184486 0.063871518 -3.305537224 0.741745830 0.670680225 0.001100610 10.241147995
-0.035438672 0.060300186 -0.997551024 -210.793945312 -0.675296664 0.734369338 0.068381689 -3.190763474 0.736694276 0.676066220 0.014695442 10.238354683
-0.033729501 0.060530256 -0.997596383 -211.795516968 -0.674803615 0.734912395 0.067407243 -3.123604774 0.737226009 0.675455272 0.016057812 10.245525360
-0.031803858 0.063935302 -0.997447133 -212.794845581 -0.679428816 0.730537891 0.068490461 -3.066231728 0.733051836 0.679872572 0.020205561 10.249515533
-0.028065100 0.065394416 -0.997464776 -213.814529419 -0.681606412 0.728649914 0.066948712 -2.989582062 0.731180668 0.681757212 0.024123611 10.245956421
-0.020511463 0.070588782 -0.997294545 -214.820327759 -0.684408545 0.726152897 0.065473594 -2.940210342 0.728810012 0.683899999 0.033417113 10.232146263
